stage,trial,time,position.x,position.y,position.z,rotation.x,rotation.y,rotation.z,rotation.w,event
1,1,0.001,0.2657622,0.04697839,-1.017261,0.5085196,-0.5036765,0.4951805,0.4924573,TrialStart
1,1,0.003,0.2657622,0.04697839,-1.017261,0.5085196,-0.5036765,0.4951805,0.4924573,
1,1,0.005,0.2657622,0.04697839,-1.017261,0.5085196,-0.5036765,0.4951805,0.4924573,
1,1,0.007,0.2657622,0.04697839,-1.017261,0.5085196,-0.5036765,0.4951805,0.4924573,
1,1,0.009,0.2657622,0.04697839,-1.017261,0.5085196,-0.5036765,0.4951805,0.4924573,
1,1,0.011,0.2657622,0.04697839,-1.017261,0.5085196,-0.5036765,0.4951805,0.4924573,
1,1,0.013,0.2657622,0.04697839,-1.017261,0.5085196,-0.5036765,0.4951805,0.4924573,
1,1,0.015,0.2657622,0.04697839,-1.017261,0.5085196,-0.5036765,0.4951805,0.4924573,
1,1,0.017,0.2657622,0.04697839,-1.017261,0.5085196,-0.5036765,0.4951805,0.4924573,
1,1,0.019,0.2657622,0.04697839,-1.017261,0.5085196,-0.5036765,0.4951805,0.4924573,
1,1,0.021,0.2657773,0.04688207,-1.017246,0.50843,-0.5037003,0.4951831,0.4925228,
1,1,0.023,0.2657773,0.04688207,-1.017246,0.50843,-0.5037003,0.4951831,0.4925228,
1,1,0.025,0.2657773,0.04688207,-1.017246,0.50843,-0.5037003,0.4951831,0.4925228,
1,1,0.027,0.2657773,0.04688207,-1.017246,0.50843,-0.5037003,0.4951831,0.4925228,
1,1,0.029,0.2657829,0.04691673,-1.017268,0.5084819,-0.5036889,0.4951711,0.4924928,
1,1,0.031,0.2657829,0.04691673,-1.017268,0.5084819,-0.5036889,0.4951711,0.4924928,
1,1,0.033,0.2657829,0.04691673,-1.017268,0.5084819,-0.5036889,0.4951711,0.4924928,
1,1,0.035,0.2657829,0.04691673,-1.017268,0.5084819,-0.5036889,0.4951711,0.4924928,
1,1,0.037,0.2657782,0.04693096,-1.017265,0.5084566,-0.5036403,0.4952203,0.4925193,
1,1,0.039,0.2657782,0.04693096,-1.017265,0.5084566,-0.5036403,0.4952203,0.4925193,
1,1,0.041,0.2657782,0.04693096,-1.017265,0.5084566,-0.5036403,0.4952203,0.4925193,
1,1,0.043,0.2657782,0.04693096,-1.017265,0.5084566,-0.5036403,0.4952203,0.4925193,
1,1,0.045,0.2657849,0.04692316,-1.017246,0.5084504,-0.5036557,0.4952146,0.4925157,
1,1,0.047,0.2657849,0.04692316,-1.017246,0.5084504,-0.5036557,0.4952146,0.4925157,
1,1,0.049,0.2657849,0.04692316,-1.017246,0.5084504,-0.5036557,0.4952146,0.4925157,
1,1,0.051,0.2657849,0.04692316,-1.017246,0.5084504,-0.5036557,0.4952146,0.4925157,
1,1,0.053,0.2657849,0.04692316,-1.017246,0.5084504,-0.5036557,0.4952146,0.4925157,
1,1,0.055,0.2657933,0.0469621,-1.017264,0.5084568,-0.5036076,0.4952483,0.4925242,
1,1,0.057,0.2657933,0.0469621,-1.017264,0.5084568,-0.5036076,0.4952483,0.4925242,
1,1,0.059,0.2657933,0.0469621,-1.017264,0.5084568,-0.5036076,0.4952483,0.4925242,
1,1,0.061,0.2657933,0.0469621,-1.017264,0.5084568,-0.5036076,0.4952483,0.4925242,
1,1,0.063,0.2657798,0.04695114,-1.017277,0.5084568,-0.5036046,0.4952428,0.4925329,
1,1,0.065,0.2657798,0.04695114,-1.017277,0.5084568,-0.5036046,0.4952428,0.4925329,
1,1,0.067,0.2657798,0.04695114,-1.017277,0.5084568,-0.5036046,0.4952428,0.4925329,
1,1,0.069,0.2657798,0.04695114,-1.017277,0.5084568,-0.5036046,0.4952428,0.4925329,
1,1,0.071,0.26579,0.04694881,-1.017272,0.5084593,-0.5036248,0.4952342,0.4925184,
1,1,0.073,0.26579,0.04694881,-1.017272,0.5084593,-0.5036248,0.4952342,0.4925184,
1,1,0.075,0.26579,0.04694881,-1.017272,0.5084593,-0.5036248,0.4952342,0.4925184,
1,1,0.077,0.26579,0.04694881,-1.017272,0.5084593,-0.5036248,0.4952342,0.4925184,
1,1,0.079,0.2657942,0.04697629,-1.017265,0.5084777,-0.5036207,0.4952358,0.492502,
1,1,0.081,0.2657942,0.04697629,-1.017265,0.5084777,-0.5036207,0.4952358,0.492502,
1,1,0.083,0.2657942,0.04697629,-1.017265,0.5084777,-0.5036207,0.4952358,0.492502,
1,1,0.085,0.2657942,0.04697629,-1.017265,0.5084777,-0.5036207,0.4952358,0.492502,
1,1,0.087,0.2657859,0.04696018,-1.017268,0.508471,-0.5036262,0.4952302,0.4925089,
1,1,0.089,0.2657859,0.04696018,-1.017268,0.508471,-0.5036262,0.4952302,0.4925089,
1,1,0.091,0.2657859,0.04696018,-1.017268,0.508471,-0.5036262,0.4952302,0.4925089,
1,1,0.093,0.2657859,0.04696018,-1.017268,0.508471,-0.5036262,0.4952302,0.4925089,
1,1,0.095,0.2657834,0.04694449,-1.01727,0.5084674,-0.5036337,0.4952154,0.4925198,
1,1,0.097,0.2657834,0.04694449,-1.01727,0.5084674,-0.5036337,0.4952154,0.4925198,
1,1,0.099,0.2657834,0.04694449,-1.01727,0.5084674,-0.5036337,0.4952154,0.4925198,
1,1,0.101,0.2657834,0.04694449,-1.01727,0.5084674,-0.5036337,0.4952154,0.4925198,
1,1,0.103,0.2657834,0.04694449,-1.01727,0.5084674,-0.5036337,0.4952154,0.4925198,
1,1,0.105,0.265783,0.04693378,-1.017275,0.5084586,-0.5036334,0.4952174,0.4925274,
1,1,0.107,0.265783,0.04693378,-1.017275,0.5084586,-0.5036334,0.4952174,0.4925274,
1,1,0.109,0.265783,0.04693378,-1.017275,0.5084586,-0.5036334,0.4952174,0.4925274,
1,1,0.111,0.265783,0.04693378,-1.017275,0.5084586,-0.5036334,0.4952174,0.4925274,
1,1,0.113,0.2657776,0.04693479,-1.017271,0.5084669,-0.5036506,0.4952026,0.492516,
1,1,0.115,0.2657776,0.04693479,-1.017271,0.5084669,-0.5036506,0.4952026,0.492516,
1,1,0.117,0.2657776,0.04693479,-1.017271,0.5084669,-0.5036506,0.4952026,0.492516,
1,1,0.119,0.2657776,0.04693479,-1.017271,0.5084669,-0.5036506,0.4952026,0.492516,
1,1,0.121,0.265781,0.04693155,-1.017243,0.5084595,-0.5036619,0.495204,0.4925107,
1,1,0.123,0.265781,0.04693155,-1.017243,0.5084595,-0.5036619,0.495204,0.4925107,
1,1,0.125,0.265781,0.04693155,-1.017243,0.5084595,-0.5036619,0.495204,0.4925107,
1,1,0.127,0.265781,0.04693155,-1.017243,0.5084595,-0.5036619,0.495204,0.4925107,
1,1,0.129,0.2657869,0.04696823,-1.01727,0.5084925,-0.5036398,0.4952101,0.492493,
1,1,0.131,0.2657869,0.04696823,-1.01727,0.5084925,-0.5036398,0.4952101,0.492493,
1,1,0.133,0.2657869,0.04696823,-1.01727,0.5084925,-0.5036398,0.4952101,0.492493,
1,1,0.135,0.2657869,0.04696823,-1.01727,0.5084925,-0.5036398,0.4952101,0.492493,
1,1,0.137,0.2657885,0.0469491,-1.01728,0.5084808,-0.5036379,0.495207,0.4925102,
1,1,0.139,0.2657885,0.0469491,-1.01728,0.5084808,-0.5036379,0.495207,0.4925102,
1,1,0.141,0.2657885,0.0469491,-1.01728,0.5084808,-0.5036379,0.495207,0.4925102,
1,1,0.143,0.2657885,0.0469491,-1.01728,0.5084808,-0.5036379,0.495207,0.4925102,
1,1,0.145,0.2657841,0.04694507,-1.017264,0.508455,-0.5036361,0.4952251,0.4925204,
1,1,0.147,0.2657841,0.04694507,-1.017264,0.508455,-0.5036361,0.4952251,0.4925204,
1,1,0.149,0.2657841,0.04694507,-1.017264,0.508455,-0.5036361,0.4952251,0.4925204,
1,1,0.151,0.2657841,0.04694507,-1.017264,0.508455,-0.5036361,0.4952251,0.4925204,
1,1,0.153,0.2657841,0.04694507,-1.017264,0.508455,-0.5036361,0.4952251,0.4925204,
1,1,0.155,0.2657827,0.04693771,-1.017261,0.5084684,-0.5036557,0.4952125,0.4924994,
1,1,0.157,0.2657827,0.04693771,-1.017261,0.5084684,-0.5036557,0.4952125,0.4924994,
1,1,0.159,0.2657827,0.04693771,-1.017261,0.5084684,-0.5036557,0.4952125,0.4924994,
1,1,0.161,0.2657827,0.04693771,-1.017261,0.5084684,-0.5036557,0.4952125,0.4924994,
1,1,0.163,0.2657807,0.0469203,-1.017252,0.5084636,-0.50367,0.4952047,0.4924973,
1,1,0.165,0.2657807,0.0469203,-1.017252,0.5084636,-0.50367,0.4952047,0.4924973,
1,1,0.167,0.2657807,0.0469203,-1.017252,0.5084636,-0.50367,0.4952047,0.4924973,
1,1,0.169,0.2657807,0.0469203,-1.017252,0.5084636,-0.50367,0.4952047,0.4924973,
1,1,0.171,0.2657784,0.0468984,-1.017256,0.5084543,-0.5036821,0.4951875,0.4925119,
1,1,0.173,0.2657784,0.0468984,-1.017256,0.5084543,-0.5036821,0.4951875,0.4925119,
1,1,0.175,0.2657784,0.0468984,-1.017256,0.5084543,-0.5036821,0.4951875,0.4925119,
1,1,0.177,0.2657784,0.0468984,-1.017256,0.5084543,-0.5036821,0.4951875,0.4925119,
1,1,0.179,0.2657829,0.04686514,-1.017254,0.5084489,-0.5037008,0.4951667,0.4925193,
1,1,0.181,0.2657829,0.04686514,-1.017254,0.5084489,-0.5037008,0.4951667,0.4925193,
1,1,0.183,0.2657829,0.04686514,-1.017254,0.5084489,-0.5037008,0.4951667,0.4925193,
1,1,0.185,0.2657829,0.04686514,-1.017254,0.5084489,-0.5037008,0.4951667,0.4925193,
1,1,0.187,0.2657776,0.0468704,-1.017249,0.5084395,-0.5036945,0.4951743,0.4925278,
1,1,0.189,0.2657776,0.0468704,-1.017249,0.5084395,-0.5036945,0.4951743,0.4925278,
1,1,0.191,0.2657776,0.0468704,-1.017249,0.5084395,-0.5036945,0.4951743,0.4925278,
1,1,0.193,0.2657776,0.0468704,-1.017249,0.5084395,-0.5036945,0.4951743,0.4925278,
1,1,0.195,0.2657847,0.04687792,-1.017271,0.5084431,-0.5036756,0.4951807,0.492537,
1,1,0.197,0.2657847,0.04687792,-1.017271,0.5084431,-0.5036756,0.4951807,0.492537,
1,1,0.199,0.2657847,0.04687792,-1.017271,0.5084431,-0.5036756,0.4951807,0.492537,
1,1,0.201,0.2657847,0.04687792,-1.017271,0.5084431,-0.5036756,0.4951807,0.492537,
1,1,0.203,0.2657847,0.04687792,-1.017271,0.5084431,-0.5036756,0.4951807,0.492537,
1,1,0.205,0.2657821,0.04692829,-1.017285,0.5084652,-0.5036423,0.4952089,0.4925201,
1,1,0.207,0.2657821,0.04692829,-1.017285,0.5084652,-0.5036423,0.4952089,0.4925201,
1,1,0.209,0.2657821,0.04692829,-1.017285,0.5084652,-0.5036423,0.4952089,0.4925201,
1,1,0.211,0.2657821,0.04692829,-1.017285,0.5084652,-0.5036423,0.4952089,0.4925201,
1,1,0.213,0.2657798,0.04692529,-1.01728,0.5084716,-0.5036498,0.4952041,0.4925104,
1,1,0.215,0.2657798,0.04692529,-1.01728,0.5084716,-0.5036498,0.4952041,0.4925104,
1,1,0.217,0.2657798,0.04692529,-1.01728,0.5084716,-0.5036498,0.4952041,0.4925104,
1,1,0.219,0.2657798,0.04692529,-1.01728,0.5084716,-0.5036498,0.4952041,0.4925104,
1,1,0.221,0.2657836,0.04693103,-1.017283,0.5084708,-0.503651,0.4952013,0.4925129,
1,1,0.223,0.2657836,0.04693103,-1.017283,0.5084708,-0.503651,0.4952013,0.4925129,
1,1,0.225,0.2657836,0.04693103,-1.017283,0.5084708,-0.503651,0.4952013,0.4925129,
1,1,0.227,0.2657836,0.04693103,-1.017283,0.5084708,-0.503651,0.4952013,0.4925129,
1,1,0.229,0.2657837,0.04694591,-1.017265,0.5084629,-0.5036415,0.4952195,0.4925124,
1,1,0.231,0.2657837,0.04694591,-1.017265,0.5084629,-0.5036415,0.4952195,0.4925124,
1,1,0.233,0.2657837,0.04694591,-1.017265,0.5084629,-0.5036415,0.4952195,0.4925124,
1,1,0.235,0.2657837,0.04694591,-1.017265,0.5084629,-0.5036415,0.4952195,0.4925124,
1,1,0.237,0.2657796,0.04695408,-1.017275,0.5084701,-0.5036335,0.4952179,0.4925148,
1,1,0.239,0.2657796,0.04695408,-1.017275,0.5084701,-0.5036335,0.4952179,0.4925148,
1,1,0.241,0.2657796,0.04695408,-1.017275,0.5084701,-0.5036335,0.4952179,0.4925148,
1,1,0.243,0.2657796,0.04695408,-1.017275,0.5084701,-0.5036335,0.4952179,0.4925148,
1,1,0.245,0.26578,0.04692154,-1.017285,0.5084731,-0.5036466,0.4951938,0.4925225,
1,1,0.247,0.26578,0.04692154,-1.017285,0.5084731,-0.5036466,0.4951938,0.4925225,
1,1,0.249,0.26578,0.04692154,-1.017285,0.5084731,-0.5036466,0.4951938,0.4925225,
1,1,0.251,0.26578,0.04692154,-1.017285,0.5084731,-0.5036466,0.4951938,0.4925225,
1,1,0.253,0.2657726,0.04691179,-1.017273,0.50846,-0.5036569,0.495198,0.4925211,
1,1,0.255,0.2657726,0.04691179,-1.017273,0.50846,-0.5036569,0.495198,0.4925211,
1,1,0.257,0.2657726,0.04691179,-1.017273,0.50846,-0.5036569,0.495198,0.4925211,
1,1,0.259,0.2657726,0.04691179,-1.017273,0.50846,-0.5036569,0.495198,0.4925211,
1,1,0.261,0.2657762,0.04691054,-1.017282,0.5084708,-0.5036548,0.495191,0.4925192,
1,1,0.263,0.2657762,0.04691054,-1.017282,0.5084708,-0.5036548,0.495191,0.4925192,
1,1,0.265,0.2657762,0.04691054,-1.017282,0.5084708,-0.5036548,0.495191,0.4925192,
1,1,0.267,0.2657762,0.04691054,-1.017282,0.5084708,-0.5036548,0.495191,0.4925192,
1,1,0.269,0.2657827,0.04690653,-1.01728,0.5084809,-0.5036669,0.4951755,0.492512,
1,1,0.271,0.2657827,0.04690653,-1.01728,0.5084809,-0.5036669,0.4951755,0.492512,
1,1,0.273,0.2657827,0.04690653,-1.01728,0.5084809,-0.5036669,0.4951755,0.492512,
1,1,0.275,0.2657827,0.04690653,-1.01728,0.5084809,-0.5036669,0.4951755,0.492512,
1,1,0.277,0.265779,0.04692715,-1.017271,0.5084841,-0.5036684,0.4951845,0.4924981,
1,1,0.279,0.265779,0.04692715,-1.017271,0.5084841,-0.5036684,0.4951845,0.4924981,
1,1,0.281,0.265779,0.04692715,-1.017271,0.5084841,-0.5036684,0.4951845,0.4924981,
1,1,0.283,0.265779,0.04692715,-1.017271,0.5084841,-0.5036684,0.4951845,0.4924981,
1,1,0.285,0.2657777,0.04694042,-1.017262,0.5084781,-0.5036649,0.4951987,0.4924935,
1,1,0.287,0.2657777,0.04694042,-1.017262,0.5084781,-0.5036649,0.4951987,0.4924935,
1,1,0.289,0.2657777,0.04694042,-1.017262,0.5084781,-0.5036649,0.4951987,0.4924935,
1,1,0.291,0.2657777,0.04694042,-1.017262,0.5084781,-0.5036649,0.4951987,0.4924935,
1,1,0.293,0.265781,0.0469353,-1.017257,0.5084645,-0.5036545,0.4952094,0.4925076,
1,1,0.295,0.265781,0.0469353,-1.017257,0.5084645,-0.5036545,0.4952094,0.4925076,
1,1,0.297,0.265781,0.0469353,-1.017257,0.5084645,-0.5036545,0.4952094,0.4925076,
1,1,0.299,0.265781,0.0469353,-1.017257,0.5084645,-0.5036545,0.4952094,0.4925076,
1,1,0.301,0.2657808,0.04693441,-1.017274,0.508468,-0.5036402,0.4952109,0.4925171,
1,1,0.303,0.2657808,0.04693441,-1.017274,0.508468,-0.5036402,0.4952109,0.4925171,
1,1,0.305,0.2657808,0.04693441,-1.017274,0.508468,-0.5036402,0.4952109,0.4925171,
1,1,0.307,0.2657808,0.04693441,-1.017274,0.508468,-0.5036402,0.4952109,0.4925171,
1,1,0.309,0.2657808,0.04693441,-1.017274,0.508468,-0.5036402,0.4952109,0.4925171,
1,1,0.311,0.2657888,0.04694126,-1.01729,0.5084795,-0.5036331,0.4952077,0.4925157,
1,1,0.313,0.2657888,0.04694126,-1.01729,0.5084795,-0.5036331,0.4952077,0.4925157,
1,1,0.315,0.2657888,0.04694126,-1.01729,0.5084795,-0.5036331,0.4952077,0.4925157,
1,1,0.317,0.2657888,0.04694126,-1.01729,0.5084795,-0.5036331,0.4952077,0.4925157,
1,1,0.319,0.2657853,0.04697,-1.017259,0.5084707,-0.5036226,0.4952404,0.4925026,
1,1,0.321,0.2657853,0.04697,-1.017259,0.5084707,-0.5036226,0.4952404,0.4925026,
1,1,0.323,0.2657853,0.04697,-1.017259,0.5084707,-0.5036226,0.4952404,0.4925026,
1,1,0.325,0.2657853,0.04697,-1.017259,0.5084707,-0.5036226,0.4952404,0.4925026,
1,1,0.327,0.2657942,0.04696637,-1.017252,0.508478,-0.5036268,0.4952386,0.4924926,
1,1,0.329,0.2657942,0.04696637,-1.017252,0.508478,-0.5036268,0.4952386,0.4924926,
1,1,0.331,0.2657942,0.04696637,-1.017252,0.508478,-0.5036268,0.4952386,0.4924926,
1,1,0.333,0.2657942,0.04696637,-1.017252,0.508478,-0.5036268,0.4952386,0.4924926,
1,1,0.335,0.2657835,0.04694261,-1.017264,0.5084804,-0.5036437,0.4952123,0.4924994,
1,1,0.337,0.2657835,0.04694261,-1.017264,0.5084804,-0.5036437,0.4952123,0.4924994,
1,1,0.339,0.2657835,0.04694261,-1.017264,0.5084804,-0.5036437,0.4952123,0.4924994,
1,1,0.341,0.2657835,0.04694261,-1.017264,0.5084804,-0.5036437,0.4952123,0.4924994,
1,1,0.343,0.2657847,0.0469326,-1.017277,0.5084816,-0.503656,0.4951916,0.4925063,
1,1,0.345,0.2657847,0.0469326,-1.017277,0.5084816,-0.503656,0.4951916,0.4925063,
1,1,0.347,0.2657847,0.0469326,-1.017277,0.5084816,-0.503656,0.4951916,0.4925063,
1,1,0.349,0.2657847,0.0469326,-1.017277,0.5084816,-0.503656,0.4951916,0.4925063,
1,1,0.351,0.2657785,0.04689984,-1.017276,0.5084882,-0.5036887,0.4951557,0.4925022,
1,1,0.353,0.2657785,0.04689984,-1.017276,0.5084882,-0.5036887,0.4951557,0.4925022,
1,1,0.355,0.2657785,0.04689984,-1.017276,0.5084882,-0.5036887,0.4951557,0.4925022,
1,1,0.357,0.2657785,0.04689984,-1.017276,0.5084882,-0.5036887,0.4951557,0.4925022,
1,1,0.359,0.2657771,0.04688679,-1.017255,0.5084627,-0.5036896,0.4951724,0.4925107,
1,1,0.361,0.2657771,0.04688679,-1.017255,0.5084627,-0.5036896,0.4951724,0.4925107,
1,1,0.363,0.2657771,0.04688679,-1.017255,0.5084627,-0.5036896,0.4951724,0.4925107,
1,1,0.365,0.2657771,0.04688679,-1.017255,0.5084627,-0.5036896,0.4951724,0.4925107,
1,1,0.367,0.2657765,0.04689937,-1.017274,0.5084688,-0.5036809,0.495171,0.4925148,
1,1,0.369,0.2657765,0.04689937,-1.017274,0.5084688,-0.5036809,0.495171,0.4925148,
1,1,0.371,0.2657765,0.04689937,-1.017274,0.5084688,-0.5036809,0.495171,0.4925148,
1,1,0.373,0.2657765,0.04689937,-1.017274,0.5084688,-0.5036809,0.495171,0.4925148,
1,1,0.375,0.2657828,0.04692826,-1.017283,0.5084773,-0.5036518,0.4951904,0.4925163,
1,1,0.377,0.2657828,0.04692826,-1.017283,0.5084773,-0.5036518,0.4951904,0.4925163,
1,1,0.379,0.2657828,0.04692826,-1.017283,0.5084773,-0.5036518,0.4951904,0.4925163,
1,1,0.381,0.2657828,0.04692826,-1.017283,0.5084773,-0.5036518,0.4951904,0.4925163,
1,1,0.383,0.265781,0.04693563,-1.017274,0.5084755,-0.5036418,0.495205,0.4925136,
1,1,0.385,0.265781,0.04693563,-1.017274,0.5084755,-0.5036418,0.495205,0.4925136,
1,1,0.387,0.265781,0.04693563,-1.017274,0.5084755,-0.5036418,0.495205,0.4925136,
1,1,0.389,0.265781,0.04693563,-1.017274,0.5084755,-0.5036418,0.495205,0.4925136,
1,1,0.391,0.2657803,0.04694534,-1.01728,0.5084828,-0.5036276,0.495215,0.4925105,
1,1,0.393,0.2657803,0.04694534,-1.01728,0.5084828,-0.5036276,0.495215,0.4925105,
1,1,0.395,0.2657803,0.04694534,-1.01728,0.5084828,-0.5036276,0.495215,0.4925105,
1,1,0.397,0.2657803,0.04694534,-1.01728,0.5084828,-0.5036276,0.495215,0.4925105,
1,1,0.399,0.2657807,0.046961,-1.017266,0.5084867,-0.5036383,0.4952177,0.4924929,
1,1,0.401,0.2657807,0.046961,-1.017266,0.5084867,-0.5036383,0.4952177,0.4924929,
1,1,0.403,0.2657807,0.046961,-1.017266,0.5084867,-0.5036383,0.4952177,0.4924929,
1,1,0.405,0.2657807,0.046961,-1.017266,0.5084867,-0.5036383,0.4952177,0.4924929,
1,1,0.407,0.2657912,0.04696396,-1.017283,0.5085005,-0.5036342,0.4952048,0.4924959,
1,1,0.409,0.2657912,0.04696396,-1.017283,0.5085005,-0.5036342,0.4952048,0.4924959,
1,1,0.411,0.2657912,0.04696396,-1.017283,0.5085005,-0.5036342,0.4952048,0.4924959,
1,1,0.413,0.2657912,0.04696396,-1.017283,0.5085005,-0.5036342,0.4952048,0.4924959,
1,1,0.415,0.2657883,0.04693868,-1.017265,0.5084786,-0.503647,0.4952045,0.4925057,
1,1,0.417,0.2657883,0.04693868,-1.017265,0.5084786,-0.503647,0.4952045,0.4925057,
1,1,0.419,0.2657883,0.04693868,-1.017265,0.5084786,-0.503647,0.4952045,0.4925057,
1,1,0.421,0.2657883,0.04693868,-1.017265,0.5084786,-0.503647,0.4952045,0.4925057,
1,1,0.423,0.2657883,0.04693868,-1.017265,0.5084786,-0.503647,0.4952045,0.4925057,
1,1,0.425,0.2657852,0.04695133,-1.017279,0.508486,-0.503636,0.4952083,0.4925053,
1,1,0.427,0.2657852,0.04695133,-1.017279,0.508486,-0.503636,0.4952083,0.4925053,
1,1,0.429,0.2657852,0.04695133,-1.017279,0.508486,-0.503636,0.4952083,0.4925053,
1,1,0.431,0.2657852,0.04695133,-1.017279,0.508486,-0.503636,0.4952083,0.4925053,
1,1,0.433,0.2657775,0.04694238,-1.017272,0.5084898,-0.5036644,0.4951889,0.4924919,
1,1,0.435,0.2657775,0.04694238,-1.017272,0.5084898,-0.5036644,0.4951889,0.4924919,
1,1,0.437,0.2657775,0.04694238,-1.017272,0.5084898,-0.5036644,0.4951889,0.4924919,
1,1,0.439,0.2657775,0.04694238,-1.017272,0.5084898,-0.5036644,0.4951889,0.4924919,
1,1,0.441,0.2657776,0.04693415,-1.017262,0.508485,-0.5036702,0.4951899,0.4924899,
1,1,0.443,0.2657776,0.04693415,-1.017262,0.508485,-0.5036702,0.4951899,0.4924899,
1,1,0.445,0.2657776,0.04693415,-1.017262,0.508485,-0.5036702,0.4951899,0.4924899,
1,1,0.447,0.2657776,0.04693415,-1.017262,0.508485,-0.5036702,0.4951899,0.4924899,
1,1,0.449,0.2657855,0.04696399,-1.017274,0.5084888,-0.5036411,0.4952119,0.4924938,
1,1,0.451,0.2657855,0.04696399,-1.017274,0.5084888,-0.5036411,0.4952119,0.4924938,
1,1,0.453,0.2657855,0.04696399,-1.017274,0.5084888,-0.5036411,0.4952119,0.4924938,
1,1,0.455,0.2657855,0.04696399,-1.017274,0.5084888,-0.5036411,0.4952119,0.4924938,
1,1,0.457,0.265791,0.04697049,-1.01727,0.5084741,-0.5036264,0.4952311,0.4925046,
1,1,0.459,0.265791,0.04697049,-1.01727,0.5084741,-0.5036264,0.4952311,0.4925046,
1,1,0.461,0.265791,0.04697049,-1.01727,0.5084741,-0.5036264,0.4952311,0.4925046,
1,1,0.463,0.265791,0.04697049,-1.01727,0.5084741,-0.5036264,0.4952311,0.4925046,
1,1,0.465,0.2657808,0.04695195,-1.017271,0.5084741,-0.5036349,0.4952207,0.4925064,
1,1,0.467,0.2657808,0.04695195,-1.017271,0.5084741,-0.5036349,0.4952207,0.4925064,
1,1,0.469,0.2657808,0.04695195,-1.017271,0.5084741,-0.5036349,0.4952207,0.4925064,
1,1,0.471,0.2657808,0.04695195,-1.017271,0.5084741,-0.5036349,0.4952207,0.4925064,
1,1,0.473,0.2657837,0.04696712,-1.017289,0.5084865,-0.5036179,0.4952247,0.4925069,
1,1,0.475,0.2657837,0.04696712,-1.017289,0.5084865,-0.5036179,0.4952247,0.4925069,
1,1,0.477,0.2657837,0.04696712,-1.017289,0.5084865,-0.5036179,0.4952247,0.4925069,
1,1,0.479,0.2657837,0.04696712,-1.017289,0.5084865,-0.5036179,0.4952247,0.4925069,
1,1,0.481,0.2657874,0.04695372,-1.017296,0.5084831,-0.5036295,0.4952069,0.4925164,
1,1,0.483,0.2657874,0.04695372,-1.017296,0.5084831,-0.5036295,0.4952069,0.4925164,
1,1,0.485,0.2657874,0.04695372,-1.017296,0.5084831,-0.5036295,0.4952069,0.4925164,
1,1,0.487,0.2657874,0.04695372,-1.017296,0.5084831,-0.5036295,0.4952069,0.4925164,
1,1,0.489,0.2657873,0.04693287,-1.017282,0.5084653,-0.5036432,0.495203,0.4925247,
1,1,0.491,0.2657873,0.04693287,-1.017282,0.5084653,-0.5036432,0.495203,0.4925247,
1,1,0.493,0.2657873,0.04693287,-1.017282,0.5084653,-0.5036432,0.495203,0.4925247,
1,1,0.495,0.2657873,0.04693287,-1.017282,0.5084653,-0.5036432,0.495203,0.4925247,
1,1,0.497,0.2657871,0.04691288,-1.017294,0.5084632,-0.5036524,0.4951836,0.492537,
1,1,0.499,0.2657871,0.04691288,-1.017294,0.5084632,-0.5036524,0.4951836,0.492537,
1,1,0.501,0.2657871,0.04691288,-1.017294,0.5084632,-0.5036524,0.4951836,0.492537,
1,1,0.503,0.2657871,0.04691288,-1.017294,0.5084632,-0.5036524,0.4951836,0.492537,
1,1,0.505,0.2657825,0.04690463,-1.017297,0.5084597,-0.5036566,0.4951791,0.4925408,
1,1,0.507,0.2657825,0.04690463,-1.017297,0.5084597,-0.5036566,0.4951791,0.4925408,
1,1,0.509,0.2657825,0.04690463,-1.017297,0.5084597,-0.5036566,0.4951791,0.4925408,
1,1,0.511,0.2657825,0.04690463,-1.017297,0.5084597,-0.5036566,0.4951791,0.4925408,
1,1,0.513,0.2657776,0.04691001,-1.017291,0.5084553,-0.5036493,0.4951927,0.4925392,
1,1,0.515,0.2657776,0.04691001,-1.017291,0.5084553,-0.5036493,0.4951927,0.4925392,
1,1,0.517,0.2657776,0.04691001,-1.017291,0.5084553,-0.5036493,0.4951927,0.4925392,
1,1,0.519,0.2657776,0.04691001,-1.017291,0.5084553,-0.5036493,0.4951927,0.4925392,
1,1,0.521,0.2657777,0.0469118,-1.01728,0.5084621,-0.5036567,0.4951894,0.4925279,
1,1,0.523,0.2657777,0.0469118,-1.01728,0.5084621,-0.5036567,0.4951894,0.4925279,
1,1,0.525,0.2657777,0.0469118,-1.01728,0.5084621,-0.5036567,0.4951894,0.4925279,
1,1,0.527,0.2657777,0.0469118,-1.01728,0.5084621,-0.5036567,0.4951894,0.4925279,
1,1,0.529,0.2657777,0.046932,-1.017281,0.5084817,-0.5036498,0.4951906,0.4925135,
1,1,0.531,0.2657777,0.046932,-1.017281,0.5084817,-0.5036498,0.4951906,0.4925135,
1,1,0.533,0.2657777,0.046932,-1.017281,0.5084817,-0.5036498,0.4951906,0.4925135,
1,1,0.535,0.2657777,0.046932,-1.017281,0.5084817,-0.5036498,0.4951906,0.4925135,
1,1,0.537,0.265783,0.04693209,-1.017265,0.5084754,-0.5036536,0.4951946,0.4925121,
1,1,0.539,0.265783,0.04693209,-1.017265,0.5084754,-0.5036536,0.4951946,0.4925121,
1,1,0.541,0.265783,0.04693209,-1.017265,0.5084754,-0.5036536,0.4951946,0.4925121,
1,1,0.543,0.265783,0.04693209,-1.017265,0.5084754,-0.5036536,0.4951946,0.4925121,
1,1,0.545,0.2657892,0.04692191,-1.017265,0.5084587,-0.5036616,0.4951955,0.4925204,
1,1,0.547,0.2657892,0.04692191,-1.017265,0.5084587,-0.5036616,0.4951955,0.4925204,
1,1,0.549,0.2657892,0.04692191,-1.017265,0.5084587,-0.5036616,0.4951955,0.4925204,
1,1,0.551,0.2657892,0.04692191,-1.017265,0.5084587,-0.5036616,0.4951955,0.4925204,
1,1,0.553,0.2657789,0.04692328,-1.01727,0.5084586,-0.5036628,0.4951963,0.4925185,
1,1,0.555,0.2657789,0.04692328,-1.01727,0.5084586,-0.5036628,0.4951963,0.4925185,
1,1,0.557,0.2657789,0.04692328,-1.01727,0.5084586,-0.5036628,0.4951963,0.4925185,
1,1,0.559,0.2657789,0.04692328,-1.01727,0.5084586,-0.5036628,0.4951963,0.4925185,
1,1,0.561,0.2657789,0.04692328,-1.01727,0.5084586,-0.5036628,0.4951963,0.4925185,
1,1,0.563,0.2657806,0.04692397,-1.017261,0.5084586,-0.503658,0.4952016,0.4925179,
1,1,0.565,0.2657806,0.04692397,-1.017261,0.5084586,-0.503658,0.4952016,0.4925179,
1,1,0.567,0.2657806,0.04692397,-1.017261,0.5084586,-0.503658,0.4952016,0.4925179,
1,1,0.569,0.2657806,0.04692397,-1.017261,0.5084586,-0.503658,0.4952016,0.4925179,
1,1,0.571,0.2657818,0.04695602,-1.017256,0.5084608,-0.5036296,0.4952341,0.4925119,
1,1,0.573,0.2657818,0.04695602,-1.017256,0.5084608,-0.5036296,0.4952341,0.4925119,
1,1,0.575,0.2657818,0.04695602,-1.017256,0.5084608,-0.5036296,0.4952341,0.4925119,
1,1,0.577,0.2657818,0.04695602,-1.017256,0.5084608,-0.5036296,0.4952341,0.4925119,
1,1,0.579,0.2657791,0.04698614,-1.017249,0.5084707,-0.5036287,0.4952428,0.492494,
1,1,0.581,0.2657791,0.04698614,-1.017249,0.5084707,-0.5036287,0.4952428,0.492494,
1,1,0.583,0.2657791,0.04698614,-1.017249,0.5084707,-0.5036287,0.4952428,0.492494,
1,1,0.585,0.2657791,0.04698614,-1.017249,0.5084707,-0.5036287,0.4952428,0.492494,
1,1,0.587,0.2657694,0.04691444,-1.017265,0.5084758,-0.5036667,0.4951992,0.4924937,
1,1,0.589,0.2657694,0.04691444,-1.017265,0.5084758,-0.5036667,0.4951992,0.4924937,
1,1,0.591,0.2657694,0.04691444,-1.017265,0.5084758,-0.5036667,0.4951992,0.4924937,
1,1,0.593,0.2657694,0.04691444,-1.017265,0.5084758,-0.5036667,0.4951992,0.4924937,
1,1,0.595,0.2657928,0.04693994,-1.017279,0.5084945,-0.5036551,0.4951917,0.4924938,
1,1,0.597,0.2657928,0.04693994,-1.017279,0.5084945,-0.5036551,0.4951917,0.4924938,
1,1,0.599,0.2657928,0.04693994,-1.017279,0.5084945,-0.5036551,0.4951917,0.4924938,
1,1,0.601,0.2657928,0.04693994,-1.017279,0.5084945,-0.5036551,0.4951917,0.4924938,
1,1,0.603,0.2657809,0.04695819,-1.017265,0.5084692,-0.5036316,0.4952228,0.4925128,
1,1,0.605,0.2657809,0.04695819,-1.017265,0.5084692,-0.5036316,0.4952228,0.4925128,
1,1,0.607,0.2657809,0.04695819,-1.017265,0.5084692,-0.5036316,0.4952228,0.4925128,
1,1,0.609,0.2657809,0.04695819,-1.017265,0.5084692,-0.5036316,0.4952228,0.4925128,
1,1,0.611,0.2657809,0.04695819,-1.017265,0.5084692,-0.5036316,0.4952228,0.4925128,
1,1,0.613,0.2657809,0.04694317,-1.017261,0.5084465,-0.5036164,0.4952427,0.4925316,
1,1,0.615,0.2657809,0.04694317,-1.017261,0.5084465,-0.5036164,0.4952427,0.4925316,
1,1,0.617,0.2657809,0.04694317,-1.017261,0.5084465,-0.5036164,0.4952427,0.4925316,
1,1,0.619,0.2657809,0.04694317,-1.017261,0.5084465,-0.5036164,0.4952427,0.4925316,
1,1,0.621,0.265791,0.04694003,-1.017283,0.5084769,-0.5036296,0.4952119,0.4925177,
1,1,0.623,0.265791,0.04694003,-1.017283,0.5084769,-0.5036296,0.4952119,0.4925177,
1,1,0.625,0.265791,0.04694003,-1.017283,0.5084769,-0.5036296,0.4952119,0.4925177,
1,1,0.627,0.265791,0.04694003,-1.017283,0.5084769,-0.5036296,0.4952119,0.4925177,
1,1,0.629,0.2657857,0.04695955,-1.017293,0.5084735,-0.5035983,0.4952311,0.4925338,
1,1,0.631,0.2657857,0.04695955,-1.017293,0.5084735,-0.5035983,0.4952311,0.4925338,
1,1,0.633,0.2657857,0.04695955,-1.017293,0.5084735,-0.5035983,0.4952311,0.4925338,
1,1,0.635,0.2657857,0.04695955,-1.017293,0.5084735,-0.5035983,0.4952311,0.4925338,
1,1,0.637,0.2657771,0.04694832,-1.017277,0.5084563,-0.5036144,0.4952362,0.4925301,
1,1,0.639,0.2657771,0.04694832,-1.017277,0.5084563,-0.5036144,0.4952362,0.4925301,
1,1,0.641,0.2657771,0.04694832,-1.017277,0.5084563,-0.5036144,0.4952362,0.4925301,
1,1,0.643,0.2657771,0.04694832,-1.017277,0.5084563,-0.5036144,0.4952362,0.4925301,
1,1,0.645,0.2657787,0.0469235,-1.017282,0.508459,-0.5036282,0.4952171,0.4925324,
1,1,0.647,0.2657787,0.0469235,-1.017282,0.508459,-0.5036282,0.4952171,0.4925324,
1,1,0.649,0.2657787,0.0469235,-1.017282,0.508459,-0.5036282,0.4952171,0.4925324,
1,1,0.651,0.2657787,0.0469235,-1.017282,0.508459,-0.5036282,0.4952171,0.4925324,
1,1,0.653,0.2657692,0.04692253,-1.017276,0.5084559,-0.5036408,0.4952077,0.4925322,
1,1,0.655,0.2657692,0.04692253,-1.017276,0.5084559,-0.5036408,0.4952077,0.4925322,
1,1,0.657,0.2657692,0.04692253,-1.017276,0.5084559,-0.5036408,0.4952077,0.4925322,
1,1,0.659,0.2657692,0.04692253,-1.017276,0.5084559,-0.5036408,0.4952077,0.4925322,
1,1,0.661,0.2657692,0.04692253,-1.017276,0.5084559,-0.5036408,0.4952077,0.4925322,
1,1,0.663,0.2657864,0.04694111,-1.017282,0.5084915,-0.5036415,0.495203,0.4924994,
1,1,0.665,0.2657864,0.04694111,-1.017282,0.5084915,-0.5036415,0.495203,0.4924994,
1,1,0.667,0.2657864,0.04694111,-1.017282,0.5084915,-0.5036415,0.495203,0.4924994,
1,1,0.669,0.2657864,0.04694111,-1.017282,0.5084915,-0.5036415,0.495203,0.4924994,
1,1,0.671,0.2657851,0.04694195,-1.017277,0.5084821,-0.5036368,0.4952118,0.4925051,
1,1,0.673,0.2657851,0.04694195,-1.017277,0.5084821,-0.5036368,0.4952118,0.4925051,
1,1,0.675,0.2657851,0.04694195,-1.017277,0.5084821,-0.5036368,0.4952118,0.4925051,
1,1,0.677,0.2657851,0.04694195,-1.017277,0.5084821,-0.5036368,0.4952118,0.4925051,
1,1,0.679,0.2657844,0.04694982,-1.017267,0.508472,-0.5036309,0.4952277,0.4925056,
1,1,0.681,0.2657844,0.04694982,-1.017267,0.508472,-0.5036309,0.4952277,0.4925056,
1,1,0.683,0.2657844,0.04694982,-1.017267,0.508472,-0.5036309,0.4952277,0.4925056,
1,1,0.685,0.2657844,0.04694982,-1.017267,0.508472,-0.5036309,0.4952277,0.4925056,
1,1,0.687,0.2657875,0.04694605,-1.017287,0.5084807,-0.5036339,0.495206,0.4925155,
1,1,0.689,0.2657875,0.04694605,-1.017287,0.5084807,-0.5036339,0.495206,0.4925155,
1,1,0.691,0.2657875,0.04694605,-1.017287,0.5084807,-0.5036339,0.495206,0.4925155,
1,1,0.693,0.2657875,0.04694605,-1.017287,0.5084807,-0.5036339,0.495206,0.4925155,
1,1,0.695,0.2657864,0.0469409,-1.017286,0.5084586,-0.5036215,0.4952223,0.4925345,
1,1,0.697,0.2657864,0.0469409,-1.017286,0.5084586,-0.5036215,0.4952223,0.4925345,
1,1,0.699,0.2657864,0.0469409,-1.017286,0.5084586,-0.5036215,0.4952223,0.4925345,
1,1,0.701,0.2657864,0.0469409,-1.017286,0.5084586,-0.5036215,0.4952223,0.4925345,
1,1,0.703,0.2657879,0.04691759,-1.017267,0.5084379,-0.5036281,0.4952294,0.492542,
1,1,0.705,0.2657879,0.04691759,-1.017267,0.5084379,-0.5036281,0.4952294,0.492542,
1,1,0.707,0.2657879,0.04691759,-1.017267,0.5084379,-0.5036281,0.4952294,0.492542,
1,1,0.709,0.2657879,0.04691759,-1.017267,0.5084379,-0.5036281,0.4952294,0.492542,
1,1,0.711,0.2657911,0.04692582,-1.017253,0.5084561,-0.5036508,0.4952235,0.4925061,
1,1,0.713,0.2657911,0.04692582,-1.017253,0.5084561,-0.5036508,0.4952235,0.4925061,
1,1,0.715,0.2657911,0.04692582,-1.017253,0.5084561,-0.5036508,0.4952235,0.4925061,
1,1,0.717,0.2657911,0.04692582,-1.017253,0.5084561,-0.5036508,0.4952235,0.4925061,
1,1,0.719,0.2657911,0.04692582,-1.017253,0.5084561,-0.5036508,0.4952235,0.4925061,
1,1,0.721,0.2657957,0.04693894,-1.017248,0.5084713,-0.5036597,0.4952214,0.4924833,
1,1,0.723,0.2657957,0.04693894,-1.017248,0.5084713,-0.5036597,0.4952214,0.4924833,
1,1,0.725,0.2657957,0.04693894,-1.017248,0.5084713,-0.5036597,0.4952214,0.4924833,
1,1,0.727,0.2657957,0.04693894,-1.017248,0.5084713,-0.5036597,0.4952214,0.4924833,
1,1,0.729,0.265795,0.04691533,-1.017247,0.5084617,-0.5036768,0.4952013,0.4924957,
1,1,0.731,0.265795,0.04691533,-1.017247,0.5084617,-0.5036768,0.4952013,0.4924957,
1,1,0.733,0.265795,0.04691533,-1.017247,0.5084617,-0.5036768,0.4952013,0.4924957,
1,1,0.735,0.265795,0.04691533,-1.017247,0.5084617,-0.5036768,0.4952013,0.4924957,
1,1,0.737,0.2657847,0.04691729,-1.017265,0.5084623,-0.5036723,0.4951959,0.4925052,
1,1,0.739,0.2657847,0.04691729,-1.017265,0.5084623,-0.5036723,0.4951959,0.4925052,
1,1,0.741,0.2657847,0.04691729,-1.017265,0.5084623,-0.5036723,0.4951959,0.4925052,
1,1,0.743,0.2657847,0.04691729,-1.017265,0.5084623,-0.5036723,0.4951959,0.4925052,
1,1,0.745,0.2657927,0.04692483,-1.017276,0.5084463,-0.5036349,0.495224,0.4925317,
1,1,0.747,0.2657927,0.04692483,-1.017276,0.5084463,-0.5036349,0.495224,0.4925317,
1,1,0.749,0.2657927,0.04692483,-1.017276,0.5084463,-0.5036349,0.495224,0.4925317,
1,1,0.751,0.2657927,0.04692483,-1.017276,0.5084463,-0.5036349,0.495224,0.4925317,
1,1,0.753,0.2657818,0.04693936,-1.017258,0.5084506,-0.5036212,0.4952415,0.4925237,
1,1,0.755,0.2657818,0.04693936,-1.017258,0.5084506,-0.5036212,0.4952415,0.4925237,
1,1,0.757,0.2657818,0.04693936,-1.017258,0.5084506,-0.5036212,0.4952415,0.4925237,
1,1,0.759,0.2657818,0.04693936,-1.017258,0.5084506,-0.5036212,0.4952415,0.4925237,
1,1,0.761,0.265789,0.04694234,-1.017253,0.5084464,-0.5036222,0.4952406,0.4925279,
1,1,0.763,0.265789,0.04694234,-1.017253,0.5084464,-0.5036222,0.4952406,0.4925279,
1,1,0.765,0.265789,0.04694234,-1.017253,0.5084464,-0.5036222,0.4952406,0.4925279,
1,1,0.767,0.265789,0.04694234,-1.017253,0.5084464,-0.5036222,0.4952406,0.4925279,
1,1,0.769,0.265789,0.04694234,-1.017253,0.5084464,-0.5036222,0.4952406,0.4925279,
1,1,0.771,0.2657864,0.04694511,-1.017267,0.5084472,-0.5036139,0.4952407,0.4925353,
1,1,0.773,0.2657864,0.04694511,-1.017267,0.5084472,-0.5036139,0.4952407,0.4925353,
1,1,0.775,0.2657864,0.04694511,-1.017267,0.5084472,-0.5036139,0.4952407,0.4925353,
1,1,0.777,0.2657864,0.04694511,-1.017267,0.5084472,-0.5036139,0.4952407,0.4925353,
1,1,0.779,0.2657978,0.04689695,-1.017266,0.5084354,-0.5036515,0.4952111,0.4925389,
1,1,0.781,0.2657978,0.04689695,-1.017266,0.5084354,-0.5036515,0.4952111,0.4925389,
1,1,0.783,0.2657978,0.04689695,-1.017266,0.5084354,-0.5036515,0.4952111,0.4925389,
1,1,0.785,0.2657978,0.04689695,-1.017266,0.5084354,-0.5036515,0.4952111,0.4925389,
1,1,0.787,0.2658033,0.046898,-1.017256,0.508435,-0.5036579,0.4952162,0.4925278,
1,1,0.789,0.2658033,0.046898,-1.017256,0.508435,-0.5036579,0.4952162,0.4925278,
1,1,0.791,0.2658033,0.046898,-1.017256,0.508435,-0.5036579,0.4952162,0.4925278,
1,1,0.793,0.2658033,0.046898,-1.017256,0.508435,-0.5036579,0.4952162,0.4925278,
1,1,0.795,0.2657883,0.04690916,-1.017259,0.5084586,-0.5036693,0.4952038,0.4925043,
1,1,0.797,0.2657883,0.04690916,-1.017259,0.5084586,-0.5036693,0.4952038,0.4925043,
1,1,0.799,0.2657883,0.04690916,-1.017259,0.5084586,-0.5036693,0.4952038,0.4925043,
1,1,0.801,0.2657883,0.04690916,-1.017259,0.5084586,-0.5036693,0.4952038,0.4925043,
1,1,0.803,0.2657842,0.04692433,-1.017265,0.5084754,-0.5036594,0.4952036,0.4924972,
1,1,0.805,0.2657842,0.04692433,-1.017265,0.5084754,-0.5036594,0.4952036,0.4924972,
1,1,0.807,0.2657842,0.04692433,-1.017265,0.5084754,-0.5036594,0.4952036,0.4924972,
1,1,0.809,0.2657842,0.04692433,-1.017265,0.5084754,-0.5036594,0.4952036,0.4924972,
1,1,0.811,0.2657957,0.04692604,-1.017267,0.5084631,-0.503646,0.4952138,0.4925134,
1,1,0.813,0.2657957,0.04692604,-1.017267,0.5084631,-0.503646,0.4952138,0.4925134,
1,1,0.815,0.2657957,0.04692604,-1.017267,0.5084631,-0.503646,0.4952138,0.4925134,
1,1,0.817,0.2657957,0.04692604,-1.017267,0.5084631,-0.503646,0.4952138,0.4925134,
1,1,0.819,0.2657929,0.04693553,-1.017258,0.5084576,-0.5036409,0.4952255,0.4925123,
1,1,0.821,0.2657929,0.04693553,-1.017258,0.5084576,-0.5036409,0.4952255,0.4925123,
1,1,0.823,0.2657929,0.04693553,-1.017258,0.5084576,-0.5036409,0.4952255,0.4925123,
1,1,0.825,0.2657929,0.04693553,-1.017258,0.5084576,-0.5036409,0.4952255,0.4925123,
1,1,0.827,0.2657929,0.04693553,-1.017258,0.5084576,-0.5036409,0.4952255,0.4925123,
1,1,0.829,0.2657922,0.04693744,-1.017269,0.5084705,-0.5036458,0.4952109,0.4925087,
1,1,0.831,0.2657922,0.04693744,-1.017269,0.5084705,-0.5036458,0.4952109,0.4925087,
1,1,0.833,0.2657922,0.04693744,-1.017269,0.5084705,-0.5036458,0.4952109,0.4925087,
1,1,0.835,0.2657922,0.04693744,-1.017269,0.5084705,-0.5036458,0.4952109,0.4925087,
1,1,0.837,0.2657936,0.04696594,-1.01726,0.5084811,-0.5036375,0.4952323,0.4924848,
1,1,0.839,0.2657936,0.04696594,-1.01726,0.5084811,-0.5036375,0.4952323,0.4924848,
1,1,0.841,0.2657936,0.04696594,-1.01726,0.5084811,-0.5036375,0.4952323,0.4924848,
1,1,0.843,0.2657936,0.04696594,-1.01726,0.5084811,-0.5036375,0.4952323,0.4924848,
1,1,0.845,0.2657968,0.0469592,-1.017255,0.5084903,-0.503652,0.4952194,0.4924734,
1,1,0.847,0.2657968,0.0469592,-1.017255,0.5084903,-0.503652,0.4952194,0.4924734,
1,1,0.849,0.2657968,0.0469592,-1.017255,0.5084903,-0.503652,0.4952194,0.4924734,
1,1,0.851,0.2657968,0.0469592,-1.017255,0.5084903,-0.503652,0.4952194,0.4924734,
1,1,0.853,0.2657975,0.04695073,-1.01726,0.5085034,-0.5036656,0.4951972,0.4924683,
1,1,0.855,0.2657975,0.04695073,-1.01726,0.5085034,-0.5036656,0.4951972,0.4924683,
1,1,0.857,0.2657975,0.04695073,-1.01726,0.5085034,-0.5036656,0.4951972,0.4924683,
1,1,0.859,0.2657975,0.04695073,-1.01726,0.5085034,-0.5036656,0.4951972,0.4924683,
1,1,0.861,0.2657886,0.04692194,-1.017257,0.5084774,-0.5036684,0.4951957,0.4924939,
1,1,0.863,0.2657886,0.04692194,-1.017257,0.5084774,-0.5036684,0.4951957,0.4924939,
1,1,0.865,0.2657886,0.04692194,-1.017257,0.5084774,-0.5036684,0.4951957,0.4924939,
1,1,0.867,0.2657886,0.04692194,-1.017257,0.5084774,-0.5036684,0.4951957,0.4924939,
1,1,0.869,0.2657925,0.04692458,-1.017255,0.5084682,-0.5036676,0.4952015,0.4924985,
1,1,0.871,0.2657925,0.04692458,-1.017255,0.5084682,-0.5036676,0.4952015,0.4924985,
1,1,0.873,0.2657925,0.04692458,-1.017255,0.5084682,-0.5036676,0.4952015,0.4924985,
1,1,0.875,0.2657925,0.04692458,-1.017255,0.5084682,-0.5036676,0.4952015,0.4924985,
1,1,0.877,0.2657925,0.04692458,-1.017255,0.5084682,-0.5036676,0.4952015,0.4924985,
1,1,0.879,0.2658001,0.04692942,-1.017242,0.5084603,-0.5036684,0.4952138,0.4924933,
1,1,0.881,0.2658001,0.04692942,-1.017242,0.5084603,-0.5036684,0.4952138,0.4924933,
1,1,0.883,0.2658001,0.04692942,-1.017242,0.5084603,-0.5036684,0.4952138,0.4924933,
1,1,0.885,0.2658001,0.04692942,-1.017242,0.5084603,-0.5036684,0.4952138,0.4924933,
1,1,0.887,0.265801,0.04692728,-1.017266,0.5084732,-0.5036655,0.4951941,0.4925027,
1,1,0.889,0.265801,0.04692728,-1.017266,0.5084732,-0.5036655,0.4951941,0.4925027,
1,1,0.891,0.265801,0.04692728,-1.017266,0.5084732,-0.5036655,0.4951941,0.4925027,
1,1,0.893,0.265801,0.04692728,-1.017266,0.5084732,-0.5036655,0.4951941,0.4925027,
1,1,0.895,0.2657939,0.04691397,-1.017261,0.5084585,-0.5036663,0.4951941,0.4925171,
1,1,0.897,0.2657939,0.04691397,-1.017261,0.5084585,-0.5036663,0.4951941,0.4925171,
1,1,0.899,0.2657939,0.04691397,-1.017261,0.5084585,-0.5036663,0.4951941,0.4925171,
1,1,0.901,0.2657939,0.04691397,-1.017261,0.5084585,-0.5036663,0.4951941,0.4925171,
1,1,0.903,0.2657894,0.04690057,-1.017249,0.5084468,-0.5036721,0.4951982,0.4925193,
1,1,0.905,0.2657894,0.04690057,-1.017249,0.5084468,-0.5036721,0.4951982,0.4925193,
1,1,0.907,0.2657894,0.04690057,-1.017249,0.5084468,-0.5036721,0.4951982,0.4925193,
1,1,0.909,0.2657894,0.04690057,-1.017249,0.5084468,-0.5036721,0.4951982,0.4925193,
1,1,0.911,0.2657968,0.04690045,-1.017242,0.5084442,-0.5036647,0.4952123,0.4925151,
1,1,0.913,0.2657968,0.04690045,-1.017242,0.5084442,-0.5036647,0.4952123,0.4925151,
1,1,0.915,0.2657968,0.04690045,-1.017242,0.5084442,-0.5036647,0.4952123,0.4925151,
1,1,0.917,0.2657968,0.04690045,-1.017242,0.5084442,-0.5036647,0.4952123,0.4925151,
1,1,0.919,0.2657896,0.04693693,-1.017229,0.5084552,-0.5036511,0.4952349,0.4924949,
1,1,0.921,0.2657896,0.04693693,-1.017229,0.5084552,-0.5036511,0.4952349,0.4924949,
1,1,0.923,0.2657896,0.04693693,-1.017229,0.5084552,-0.5036511,0.4952349,0.4924949,
1,1,0.925,0.2657896,0.04693693,-1.017229,0.5084552,-0.5036511,0.4952349,0.4924949,
1,1,0.927,0.2657896,0.04693693,-1.017229,0.5084552,-0.5036511,0.4952349,0.4924949,
1,1,0.929,0.2657902,0.04692958,-1.01725,0.5084727,-0.5036597,0.4952087,0.4924945,
1,1,0.931,0.2657902,0.04692958,-1.01725,0.5084727,-0.5036597,0.4952087,0.4924945,
1,1,0.933,0.2657902,0.04692958,-1.01725,0.5084727,-0.5036597,0.4952087,0.4924945,
1,1,0.935,0.2657902,0.04692958,-1.01725,0.5084727,-0.5036597,0.4952087,0.4924945,
1,1,0.937,0.2657888,0.04693423,-1.017238,0.5084607,-0.503657,0.4952203,0.4924978,
1,1,0.939,0.2657888,0.04693423,-1.017238,0.5084607,-0.503657,0.4952203,0.4924978,
1,1,0.941,0.2657888,0.04693423,-1.017238,0.5084607,-0.503657,0.4952203,0.4924978,
1,1,0.943,0.2657888,0.04693423,-1.017238,0.5084607,-0.503657,0.4952203,0.4924978,
1,1,0.945,0.2657914,0.04694083,-1.017235,0.5084551,-0.5036518,0.4952295,0.4924998,
1,1,0.947,0.2657914,0.04694083,-1.017235,0.5084551,-0.5036518,0.4952295,0.4924998,
1,1,0.949,0.2657914,0.04694083,-1.017235,0.5084551,-0.5036518,0.4952295,0.4924998,
1,1,0.951,0.2657914,0.04694083,-1.017235,0.5084551,-0.5036518,0.4952295,0.4924998,
1,1,0.953,0.2657928,0.04693241,-1.017234,0.5084414,-0.5036505,0.4952369,0.4925078,
1,1,0.955,0.2657928,0.04693241,-1.017234,0.5084414,-0.5036505,0.4952369,0.4925078,
1,1,0.957,0.2657928,0.04693241,-1.017234,0.5084414,-0.5036505,0.4952369,0.4925078,
1,1,0.959,0.2657928,0.04693241,-1.017234,0.5084414,-0.5036505,0.4952369,0.4925078,
1,1,0.961,0.2657872,0.04693843,-1.017241,0.5084562,-0.5036587,0.4952286,0.4924926,
1,1,0.963,0.2657872,0.04693843,-1.017241,0.5084562,-0.5036587,0.4952286,0.4924926,
1,1,0.965,0.2657872,0.04693843,-1.017241,0.5084562,-0.5036587,0.4952286,0.4924926,
1,1,0.967,0.2657872,0.04693843,-1.017241,0.5084562,-0.5036587,0.4952286,0.4924926,
1,1,0.969,0.2657874,0.04692904,-1.017263,0.5084807,-0.5036599,0.4951997,0.4924949,
1,1,0.971,0.2657874,0.04692904,-1.017263,0.5084807,-0.5036599,0.4951997,0.4924949,
1,1,0.973,0.2657874,0.04692904,-1.017263,0.5084807,-0.5036599,0.4951997,0.4924949,
1,1,0.975,0.2657874,0.04692904,-1.017263,0.5084807,-0.5036599,0.4951997,0.4924949,
1,1,0.977,0.2657874,0.04692904,-1.017263,0.5084807,-0.5036599,0.4951997,0.4924949,
1,1,0.979,0.2657833,0.04692154,-1.017268,0.5084827,-0.5036604,0.4951923,0.4925001,
1,1,0.981,0.2657833,0.04692154,-1.017268,0.5084827,-0.5036604,0.4951923,0.4925001,
1,1,0.983,0.2657833,0.04692154,-1.017268,0.5084827,-0.5036604,0.4951923,0.4925001,
1,1,0.985,0.2657833,0.04692154,-1.017268,0.5084827,-0.5036604,0.4951923,0.4925001,
1,1,0.987,0.2657894,0.04692196,-1.017269,0.5084825,-0.5036566,0.4951924,0.4925038,
1,1,0.989,0.2657894,0.04692196,-1.017269,0.5084825,-0.5036566,0.4951924,0.4925038,
1,1,0.991,0.2657894,0.04692196,-1.017269,0.5084825,-0.5036566,0.4951924,0.4925038,
1,1,0.993,0.2657894,0.04692196,-1.017269,0.5084825,-0.5036566,0.4951924,0.4925038,
1,1,0.995,0.2657951,0.04693978,-1.017263,0.5084868,-0.5036517,0.4952056,0.4924912,
1,1,0.997,0.2657951,0.04693978,-1.017263,0.5084868,-0.5036517,0.4952056,0.4924912,
1,1,0.999,0.2657951,0.04693978,-1.017263,0.5084868,-0.5036517,0.4952056,0.4924912,
1,1,1.001,0.2657951,0.04693978,-1.017263,0.5084868,-0.5036517,0.4952056,0.4924912,
1,1,1.003,0.2657984,0.04692526,-1.017256,0.5084689,-0.5036603,0.4952065,0.4925,
1,1,1.005,0.2657984,0.04692526,-1.017256,0.5084689,-0.5036603,0.4952065,0.4925,
1,1,1.007,0.2657984,0.04692526,-1.017256,0.5084689,-0.5036603,0.4952065,0.4925,
1,1,1.009,0.2657984,0.04692526,-1.017256,0.5084689,-0.5036603,0.4952065,0.4925,
1,1,1.011,0.2657881,0.0469269,-1.01725,0.5084741,-0.5036715,0.4952003,0.4924896,
1,1,1.013,0.2657881,0.0469269,-1.01725,0.5084741,-0.5036715,0.4952003,0.4924896,
1,1,1.015,0.2657881,0.0469269,-1.01725,0.5084741,-0.5036715,0.4952003,0.4924896,
1,1,1.017,0.2657881,0.0469269,-1.01725,0.5084741,-0.5036715,0.4952003,0.4924896,
1,1,1.019,0.2657936,0.04693082,-1.017229,0.5084745,-0.5036825,0.4952036,0.4924746,
1,1,1.021,0.2657936,0.04693082,-1.017229,0.5084745,-0.5036825,0.4952036,0.4924746,
1,1,1.023,0.2657936,0.04693082,-1.017229,0.5084745,-0.5036825,0.4952036,0.4924746,
1,1,1.025,0.2657936,0.04693082,-1.017229,0.5084745,-0.5036825,0.4952036,0.4924746,
1,1,1.027,0.2657936,0.04693082,-1.017229,0.5084745,-0.5036825,0.4952036,0.4924746,
1,1,1.029,0.2657812,0.0469237,-1.017233,0.508458,-0.5036789,0.4952099,0.4924889,
1,1,1.031,0.2657812,0.0469237,-1.017233,0.508458,-0.5036789,0.4952099,0.4924889,
1,1,1.033,0.2657812,0.0469237,-1.017233,0.508458,-0.5036789,0.4952099,0.4924889,
1,1,1.035,0.2657812,0.0469237,-1.017233,0.508458,-0.5036789,0.4952099,0.4924889,
1,1,1.037,0.2657829,0.04694124,-1.017233,0.5084501,-0.5036644,0.4952286,0.4924931,
1,1,1.039,0.2657829,0.04694124,-1.017233,0.5084501,-0.5036644,0.4952286,0.4924931,
1,1,1.041,0.2657829,0.04694124,-1.017233,0.5084501,-0.5036644,0.4952286,0.4924931,
1,1,1.043,0.2657829,0.04694124,-1.017233,0.5084501,-0.5036644,0.4952286,0.4924931,
1,1,1.045,0.2657862,0.04693762,-1.017247,0.508456,-0.5036547,0.4952231,0.4925024,
1,1,1.047,0.2657862,0.04693762,-1.017247,0.508456,-0.5036547,0.4952231,0.4925024,
1,1,1.049,0.2657862,0.04693762,-1.017247,0.508456,-0.5036547,0.4952231,0.4925024,
1,1,1.051,0.2657862,0.04693762,-1.017247,0.508456,-0.5036547,0.4952231,0.4925024,
1,1,1.053,0.2657846,0.04691577,-1.01727,0.5084581,-0.503666,0.4951986,0.4925132,
1,1,1.055,0.2657846,0.04691577,-1.01727,0.5084581,-0.503666,0.4951986,0.4925132,
1,1,1.057,0.2657846,0.04691577,-1.01727,0.5084581,-0.503666,0.4951986,0.4925132,
1,1,1.059,0.2657846,0.04691577,-1.01727,0.5084581,-0.503666,0.4951986,0.4925132,
1,1,1.061,0.2657824,0.04691803,-1.017244,0.5084288,-0.5036657,0.495227,0.4925153,
1,1,1.063,0.2657824,0.04691803,-1.017244,0.5084288,-0.5036657,0.495227,0.4925153,
1,1,1.065,0.2657824,0.04691803,-1.017244,0.5084288,-0.5036657,0.495227,0.4925153,
1,1,1.067,0.2657824,0.04691803,-1.017244,0.5084288,-0.5036657,0.495227,0.4925153,
1,1,1.069,0.2657896,0.04690405,-1.017235,0.5084194,-0.5036639,0.4952305,0.4925235,
1,1,1.071,0.2657896,0.04690405,-1.017235,0.5084194,-0.5036639,0.4952305,0.4925235,
1,1,1.073,0.2657896,0.04690405,-1.017235,0.5084194,-0.5036639,0.4952305,0.4925235,
1,1,1.075,0.2657896,0.04690405,-1.017235,0.5084194,-0.5036639,0.4952305,0.4925235,
1,1,1.077,0.2657896,0.04690405,-1.017235,0.5084194,-0.5036639,0.4952305,0.4925235,
1,1,1.079,0.2658032,0.04694536,-1.017281,0.5084723,-0.5036323,0.4952153,0.4925164,
1,1,1.081,0.2658032,0.04694536,-1.017281,0.5084723,-0.5036323,0.4952153,0.4925164,
1,1,1.083,0.2658032,0.04694536,-1.017281,0.5084723,-0.5036323,0.4952153,0.4925164,
1,1,1.085,0.2658032,0.04694536,-1.017281,0.5084723,-0.5036323,0.4952153,0.4925164,
1,1,1.087,0.265797,0.04691815,-1.017251,0.508451,-0.5036574,0.4952071,0.4925209,
1,1,1.089,0.265797,0.04691815,-1.017251,0.508451,-0.5036574,0.4952071,0.4925209,
1,1,1.091,0.265797,0.04691815,-1.017251,0.508451,-0.5036574,0.4952071,0.4925209,
1,1,1.093,0.265797,0.04691815,-1.017251,0.508451,-0.5036574,0.4952071,0.4925209,
1,1,1.095,0.2657998,0.04690908,-1.017252,0.5084543,-0.5036731,0.4951972,0.4925113,
1,1,1.097,0.2657998,0.04690908,-1.017252,0.5084543,-0.5036731,0.4951972,0.4925113,
1,1,1.099,0.2657998,0.04690908,-1.017252,0.5084543,-0.5036731,0.4951972,0.4925113,
1,1,1.101,0.2657998,0.04690908,-1.017252,0.5084543,-0.5036731,0.4951972,0.4925113,
1,1,1.103,0.2658032,0.04691531,-1.017253,0.5084503,-0.5036708,0.4952,0.4925149,
1,1,1.105,0.2658032,0.04691531,-1.017253,0.5084503,-0.5036708,0.4952,0.4925149,
1,1,1.107,0.2658032,0.04691531,-1.017253,0.5084503,-0.5036708,0.4952,0.4925149,
1,1,1.109,0.2658032,0.04691531,-1.017253,0.5084503,-0.5036708,0.4952,0.4925149,
1,1,1.111,0.2657968,0.04690422,-1.017249,0.50845,-0.5036773,0.4951932,0.4925155,
1,1,1.113,0.2657968,0.04690422,-1.017249,0.50845,-0.5036773,0.4951932,0.4925155,
1,1,1.115,0.2657968,0.04690422,-1.017249,0.50845,-0.5036773,0.4951932,0.4925155,
1,1,1.117,0.2657968,0.04690422,-1.017249,0.50845,-0.5036773,0.4951932,0.4925155,
1,1,1.119,0.2657898,0.0469152,-1.017263,0.508445,-0.5036498,0.4952138,0.4925281,
1,1,1.121,0.2657898,0.0469152,-1.017263,0.508445,-0.5036498,0.4952138,0.4925281,
1,1,1.123,0.2657898,0.0469152,-1.017263,0.508445,-0.5036498,0.4952138,0.4925281,
1,1,1.125,0.2657898,0.0469152,-1.017263,0.508445,-0.5036498,0.4952138,0.4925281,
1,1,1.127,0.2657898,0.0469152,-1.017263,0.508445,-0.5036498,0.4952138,0.4925281,
1,1,1.129,0.2657918,0.04693559,-1.017271,0.5084642,-0.5036454,0.4952153,0.4925113,
1,1,1.131,0.2657918,0.04693559,-1.017271,0.5084642,-0.5036454,0.4952153,0.4925113,
1,1,1.133,0.2657918,0.04693559,-1.017271,0.5084642,-0.5036454,0.4952153,0.4925113,
1,1,1.135,0.2657918,0.04693559,-1.017271,0.5084642,-0.5036454,0.4952153,0.4925113,
1,1,1.137,0.2657915,0.04693376,-1.017254,0.5084646,-0.5036574,0.4952123,0.4925016,
1,1,1.139,0.2657915,0.04693376,-1.017254,0.5084646,-0.5036574,0.4952123,0.4925016,
1,1,1.141,0.2657915,0.04693376,-1.017254,0.5084646,-0.5036574,0.4952123,0.4925016,
1,1,1.143,0.2657915,0.04693376,-1.017254,0.5084646,-0.5036574,0.4952123,0.4925016,
1,1,1.145,0.2657862,0.04694198,-1.01724,0.5084614,-0.5036626,0.4952219,0.49249,
1,1,1.147,0.2657862,0.04694198,-1.01724,0.5084614,-0.5036626,0.4952219,0.49249,
1,1,1.149,0.2657862,0.04694198,-1.01724,0.5084614,-0.5036626,0.4952219,0.49249,
1,1,1.151,0.2657862,0.04694198,-1.01724,0.5084614,-0.5036626,0.4952219,0.49249,
1,1,1.153,0.2657922,0.04694978,-1.017251,0.5084582,-0.50364,0.4952338,0.4925044,
1,1,1.155,0.2657922,0.04694978,-1.017251,0.5084582,-0.50364,0.4952338,0.4925044,
1,1,1.157,0.2657922,0.04694978,-1.017251,0.5084582,-0.50364,0.4952338,0.4925044,
1,1,1.159,0.2657922,0.04694978,-1.017251,0.5084582,-0.50364,0.4952338,0.4925044,
1,1,1.161,0.2657949,0.04695071,-1.017261,0.5084708,-0.5036431,0.4952244,0.4924977,
1,1,1.163,0.2657949,0.04695071,-1.017261,0.5084708,-0.5036431,0.4952244,0.4924977,
1,1,1.165,0.2657949,0.04695071,-1.017261,0.5084708,-0.5036431,0.4952244,0.4924977,
1,1,1.167,0.2657949,0.04695071,-1.017261,0.5084708,-0.5036431,0.4952244,0.4924977,
1,1,1.169,0.2657944,0.0469461,-1.017259,0.5084729,-0.5036551,0.4952195,0.4924881,
1,1,1.171,0.2657944,0.0469461,-1.017259,0.5084729,-0.5036551,0.4952195,0.4924881,
1,1,1.173,0.2657944,0.0469461,-1.017259,0.5084729,-0.5036551,0.4952195,0.4924881,
1,1,1.175,0.2657944,0.0469461,-1.017259,0.5084729,-0.5036551,0.4952195,0.4924881,
1,1,1.177,0.2657944,0.0469461,-1.017259,0.5084729,-0.5036551,0.4952195,0.4924881,
1,1,1.179,0.2658017,0.04690838,-1.017256,0.5084716,-0.5036854,0.4951871,0.4924912,
1,1,1.181,0.2658017,0.04690838,-1.017256,0.5084716,-0.5036854,0.4951871,0.4924912,CourtEnter
1,1,1.183,0.2658017,0.04690838,-1.017256,0.5084716,-0.5036854,0.4951871,0.4924912,
1,1,1.185,0.2658017,0.04690838,-1.017256,0.5084716,-0.5036854,0.4951871,0.4924912,
1,1,1.187,0.2657911,0.0469059,-1.017252,0.508466,-0.5036758,0.4951917,0.4925021,
1,1,1.189,0.2657911,0.0469059,-1.017252,0.508466,-0.5036758,0.4951917,0.4925021,CourtExit
1,1,1.191,0.2657911,0.0469059,-1.017252,0.508466,-0.5036758,0.4951917,0.4925021,
1,1,1.193,0.2657911,0.0469059,-1.017252,0.508466,-0.5036758,0.4951917,0.4925021,
1,1,1.195,0.2657956,0.04692373,-1.01727,0.5084612,-0.5036494,0.4952115,0.492514,
1,1,1.197,0.2657956,0.04692373,-1.01727,0.5084612,-0.5036494,0.4952115,0.492514,
1,1,1.199,0.2657956,0.04692373,-1.01727,0.5084612,-0.5036494,0.4952115,0.492514,
1,1,1.201,0.2657956,0.04692373,-1.01727,0.5084612,-0.5036494,0.4952115,0.492514,
1,1,1.203,0.2657889,0.04693557,-1.017261,0.5084639,-0.5036553,0.4952144,0.4925024,
1,1,1.205,0.2657889,0.04693557,-1.017261,0.5084639,-0.5036553,0.4952144,0.4925024,
1,1,1.207,0.2657889,0.04693557,-1.017261,0.5084639,-0.5036553,0.4952144,0.4925024,
1,1,1.209,0.2657889,0.04693557,-1.017261,0.5084639,-0.5036553,0.4952144,0.4925024,
1,1,1.211,0.265791,0.04695081,-1.017253,0.5084554,-0.5036401,0.4952342,0.4925067,
1,1,1.213,0.265791,0.04695081,-1.017253,0.5084554,-0.5036401,0.4952342,0.4925067,
1,1,1.215,0.265791,0.04695081,-1.017253,0.5084554,-0.5036401,0.4952342,0.4925067,
1,1,1.217,0.265791,0.04695081,-1.017253,0.5084554,-0.5036401,0.4952342,0.4925067,
1,1,1.219,0.2657878,0.04695119,-1.017253,0.5084502,-0.5036389,0.4952326,0.492515,
1,1,1.221,0.2657878,0.04695119,-1.017253,0.5084502,-0.5036389,0.4952326,0.492515,
1,1,1.223,0.2657878,0.04695119,-1.017253,0.5084502,-0.5036389,0.4952326,0.492515,
1,1,1.225,0.2657878,0.04695119,-1.017253,0.5084502,-0.5036389,0.4952326,0.492515,
1,1,1.227,0.2657878,0.04695119,-1.017253,0.5084502,-0.5036389,0.4952326,0.492515,
1,1,1.229,0.2657932,0.04697005,-1.017241,0.5084469,-0.5036208,0.4952646,0.4925047,
1,1,1.231,0.2657932,0.04697005,-1.017241,0.5084469,-0.5036208,0.4952646,0.4925047,
1,1,1.233,0.2657932,0.04697005,-1.017241,0.5084469,-0.5036208,0.4952646,0.4925047,
1,1,1.235,0.2657932,0.04697005,-1.017241,0.5084469,-0.5036208,0.4952646,0.4925047,
1,1,1.237,0.2657941,0.04696386,-1.017249,0.5084618,-0.503632,0.4952472,0.4924954,
1,1,1.239,0.2657941,0.04696386,-1.017249,0.5084618,-0.503632,0.4952472,0.4924954,
1,1,1.241,0.2657941,0.04696386,-1.017249,0.5084618,-0.503632,0.4952472,0.4924954,
1,1,1.243,0.2657941,0.04696386,-1.017249,0.5084618,-0.503632,0.4952472,0.4924954,
1,1,1.245,0.2657969,0.04696713,-1.017267,0.5084653,-0.5036159,0.4952475,0.492508,
1,1,1.247,0.2657969,0.04696713,-1.017267,0.5084653,-0.5036159,0.4952475,0.492508,
1,1,1.249,0.2657969,0.04696713,-1.017267,0.5084653,-0.5036159,0.4952475,0.492508,
1,1,1.251,0.2657969,0.04696713,-1.017267,0.5084653,-0.5036159,0.4952475,0.492508,
1,1,1.253,0.2657895,0.04693651,-1.017282,0.5084769,-0.5036519,0.4951938,0.4925132,
1,1,1.255,0.2657895,0.04693651,-1.017282,0.5084769,-0.5036519,0.4951938,0.4925132,
1,1,1.257,0.2657895,0.04693651,-1.017282,0.5084769,-0.5036519,0.4951938,0.4925132,
1,1,1.259,0.2657895,0.04693651,-1.017282,0.5084769,-0.5036519,0.4951938,0.4925132,
1,1,1.261,0.2657954,0.04691769,-1.017265,0.5084569,-0.503663,0.4951985,0.4925177,
1,1,1.263,0.2657954,0.04691769,-1.017265,0.5084569,-0.503663,0.4951985,0.4925177,
1,1,1.265,0.2657954,0.04691769,-1.017265,0.5084569,-0.503663,0.4951985,0.4925177,
1,1,1.267,0.2657954,0.04691769,-1.017265,0.5084569,-0.503663,0.4951985,0.4925177,
1,1,1.269,0.2657888,0.04691507,-1.017266,0.5084828,-0.5036782,0.4951774,0.4924966,
1,1,1.271,0.2657888,0.04691507,-1.017266,0.5084828,-0.5036782,0.4951774,0.4924966,
1,1,1.273,0.2657888,0.04691507,-1.017266,0.5084828,-0.5036782,0.4951774,0.4924966,
1,1,1.275,0.2657888,0.04691507,-1.017266,0.5084828,-0.5036782,0.4951774,0.4924966,
1,1,1.277,0.2657888,0.04691507,-1.017266,0.5084828,-0.5036782,0.4951774,0.4924966,
1,1,1.279,0.2657884,0.04696706,-1.017249,0.5084575,-0.5036384,0.4952419,0.4924987,
1,1,1.281,0.2657884,0.04696706,-1.017249,0.5084575,-0.5036384,0.4952419,0.4924987,
1,1,1.283,0.2657884,0.04696706,-1.017249,0.5084575,-0.5036384,0.4952419,0.4924987,
1,1,1.285,0.2657884,0.04696706,-1.017249,0.5084575,-0.5036384,0.4952419,0.4924987,
1,1,1.287,0.265787,0.04697401,-1.017259,0.5084719,-0.5036427,0.4952379,0.4924834,
1,1,1.289,0.265787,0.04697401,-1.017259,0.5084719,-0.5036427,0.4952379,0.4924834,
1,1,1.291,0.265787,0.04697401,-1.017259,0.5084719,-0.5036427,0.4952379,0.4924834,
1,1,1.293,0.265787,0.04697401,-1.017259,0.5084719,-0.5036427,0.4952379,0.4924834,
1,1,1.295,0.2657895,0.04695646,-1.017256,0.5084828,-0.5036569,0.4952193,0.4924763,
1,1,1.297,0.2657895,0.04695646,-1.017256,0.5084828,-0.5036569,0.4952193,0.4924763,
1,1,1.299,0.2657895,0.04695646,-1.017256,0.5084828,-0.5036569,0.4952193,0.4924763,
1,1,1.301,0.2657895,0.04695646,-1.017256,0.5084828,-0.5036569,0.4952193,0.4924763,
1,1,1.303,0.2657895,0.04694229,-1.017248,0.5084692,-0.5036499,0.4952238,0.492493,
1,1,1.305,0.2657895,0.04694229,-1.017248,0.5084692,-0.5036499,0.4952238,0.492493,
1,1,1.307,0.2657895,0.04694229,-1.017248,0.5084692,-0.5036499,0.4952238,0.492493,
1,1,1.309,0.2657895,0.04694229,-1.017248,0.5084692,-0.5036499,0.4952238,0.492493,
1,1,1.311,0.2657829,0.04695923,-1.017247,0.5084718,-0.5036513,0.4952274,0.4924852,
1,1,1.313,0.2657829,0.04695923,-1.017247,0.5084718,-0.5036513,0.4952274,0.4924852,
1,1,1.315,0.2657829,0.04695923,-1.017247,0.5084718,-0.5036513,0.4952274,0.4924852,
1,1,1.317,0.2657829,0.04695923,-1.017247,0.5084718,-0.5036513,0.4952274,0.4924852,
1,1,1.319,0.2657892,0.04695519,-1.017242,0.508462,-0.5036584,0.4952239,0.4924915,
1,1,1.321,0.2657892,0.04695519,-1.017242,0.508462,-0.5036584,0.4952239,0.4924915,
1,1,1.323,0.2657892,0.04695519,-1.017242,0.508462,-0.5036584,0.4952239,0.4924915,
1,1,1.325,0.2657892,0.04695519,-1.017242,0.508462,-0.5036584,0.4952239,0.4924915,
1,1,1.327,0.2657892,0.04695519,-1.017242,0.508462,-0.5036584,0.4952239,0.4924915,
1,1,1.329,0.2657925,0.04695719,-1.017249,0.5084667,-0.503643,0.4952318,0.4924945,
1,1,1.331,0.2657925,0.04695719,-1.017249,0.5084667,-0.503643,0.4952318,0.4924945,
1,1,1.333,0.2657925,0.04695719,-1.017249,0.5084667,-0.503643,0.4952318,0.4924945,
1,1,1.335,0.2657925,0.04695719,-1.017249,0.5084667,-0.503643,0.4952318,0.4924945,
1,1,1.337,0.2657888,0.04696056,-1.017245,0.5084764,-0.5036512,0.4952234,0.4924845,
1,1,1.339,0.2657888,0.04696056,-1.017245,0.5084764,-0.5036512,0.4952234,0.4924845,
1,1,1.341,0.2657888,0.04696056,-1.017245,0.5084764,-0.5036512,0.4952234,0.4924845,
1,1,1.343,0.2657888,0.04696056,-1.017245,0.5084764,-0.5036512,0.4952234,0.4924845,
1,1,1.345,0.2657911,0.04698538,-1.017246,0.5084845,-0.5036424,0.495234,0.4924746,
1,1,1.347,0.2657911,0.04698538,-1.017246,0.5084845,-0.5036424,0.495234,0.4924746,
1,1,1.349,0.2657911,0.04698538,-1.017246,0.5084845,-0.5036424,0.495234,0.4924746,
1,1,1.351,0.2657911,0.04698538,-1.017246,0.5084845,-0.5036424,0.495234,0.4924746,
1,1,1.353,0.2657886,0.04696353,-1.017247,0.5084743,-0.5036418,0.4952308,0.492489,
1,1,1.355,0.2657886,0.04696353,-1.017247,0.5084743,-0.5036418,0.4952308,0.492489,
1,1,1.357,0.2657886,0.04696353,-1.017247,0.5084743,-0.5036418,0.4952308,0.492489,
1,1,1.359,0.2657886,0.04696353,-1.017247,0.5084743,-0.5036418,0.4952308,0.492489,
1,1,1.361,0.2657822,0.0469225,-1.017256,0.5084751,-0.5036601,0.4952017,0.4924985,
1,1,1.363,0.2657822,0.0469225,-1.017256,0.5084751,-0.5036601,0.4952017,0.4924985,
1,1,1.365,0.2657822,0.0469225,-1.017256,0.5084751,-0.5036601,0.4952017,0.4924985,
1,1,1.367,0.2657822,0.0469225,-1.017256,0.5084751,-0.5036601,0.4952017,0.4924985,
1,1,1.369,0.2657819,0.04692881,-1.017259,0.5084872,-0.5036656,0.495194,0.4924882,
1,1,1.371,0.2657819,0.04692881,-1.017259,0.5084872,-0.5036656,0.495194,0.4924882,
1,1,1.373,0.2657819,0.04692881,-1.017259,0.5084872,-0.5036656,0.495194,0.4924882,
1,1,1.375,0.2657819,0.04692881,-1.017259,0.5084872,-0.5036656,0.495194,0.4924882,
1,1,1.377,0.2657819,0.04692881,-1.017259,0.5084872,-0.5036656,0.495194,0.4924882,
1,1,1.379,0.2657898,0.04694974,-1.01725,0.5084869,-0.5036566,0.4952076,0.4924842,
1,1,1.381,0.2657898,0.04694974,-1.01725,0.5084869,-0.5036566,0.4952076,0.4924842,
1,1,1.383,0.2657898,0.04694974,-1.01725,0.5084869,-0.5036566,0.4952076,0.4924842,
1,1,1.385,0.2657898,0.04694974,-1.01725,0.5084869,-0.5036566,0.4952076,0.4924842,
1,1,1.387,0.2657965,0.04695714,-1.017265,0.5084892,-0.5036383,0.4952129,0.4924949,
1,1,1.389,0.2657965,0.04695714,-1.017265,0.5084892,-0.5036383,0.4952129,0.4924949,
1,1,1.391,0.2657965,0.04695714,-1.017265,0.5084892,-0.5036383,0.4952129,0.4924949,
1,1,1.393,0.2657965,0.04695714,-1.017265,0.5084892,-0.5036383,0.4952129,0.4924949,
1,1,1.395,0.2657948,0.0469715,-1.017273,0.5084965,-0.5036331,0.4952129,0.4924929,
1,1,1.397,0.2657948,0.0469715,-1.017273,0.5084965,-0.5036331,0.4952129,0.4924929,
1,1,1.399,0.2657948,0.0469715,-1.017273,0.5084965,-0.5036331,0.4952129,0.4924929,
1,1,1.401,0.2657948,0.0469715,-1.017273,0.5084965,-0.5036331,0.4952129,0.4924929,
1,1,1.403,0.2657895,0.0469715,-1.017247,0.5084732,-0.5036421,0.4952358,0.4924846,
1,1,1.405,0.2657895,0.0469715,-1.017247,0.5084732,-0.5036421,0.4952358,0.4924846,
1,1,1.407,0.2657895,0.0469715,-1.017247,0.5084732,-0.5036421,0.4952358,0.4924846,
1,1,1.409,0.2657895,0.0469715,-1.017247,0.5084732,-0.5036421,0.4952358,0.4924846,
1,1,1.411,0.2657908,0.04695293,-1.017248,0.5084593,-0.5036443,0.4952326,0.4925,
1,1,1.413,0.2657908,0.04695293,-1.017248,0.5084593,-0.5036443,0.4952326,0.4925,
1,1,1.415,0.2657908,0.04695293,-1.017248,0.5084593,-0.5036443,0.4952326,0.4925,
1,1,1.417,0.2657908,0.04695293,-1.017248,0.5084593,-0.5036443,0.4952326,0.4925,
1,1,1.419,0.2657876,0.04694794,-1.01728,0.5084893,-0.5036309,0.4952164,0.4924993,
1,1,1.421,0.2657876,0.04694794,-1.01728,0.5084893,-0.5036309,0.4952164,0.4924993,
1,1,1.423,0.2657876,0.04694794,-1.01728,0.5084893,-0.5036309,0.4952164,0.4924993,
1,1,1.425,0.2657876,0.04694794,-1.01728,0.5084893,-0.5036309,0.4952164,0.4924993,
1,1,1.427,0.2657876,0.04694794,-1.01728,0.5084893,-0.5036309,0.4952164,0.4924993,
1,1,1.429,0.2657929,0.0469462,-1.017283,0.5085002,-0.5036349,0.4952065,0.4924936,
1,1,1.431,0.2657929,0.0469462,-1.017283,0.5085002,-0.5036349,0.4952065,0.4924936,
1,1,1.433,0.2657929,0.0469462,-1.017283,0.5085002,-0.5036349,0.4952065,0.4924936,
1,1,1.435,0.2657929,0.0469462,-1.017283,0.5085002,-0.5036349,0.4952065,0.4924936,
1,1,1.437,0.2657925,0.04694055,-1.017275,0.5085013,-0.503649,0.4951993,0.4924853,
1,1,1.439,0.2657925,0.04694055,-1.017275,0.5085013,-0.503649,0.4951993,0.4924853,
1,1,1.441,0.2657925,0.04694055,-1.017275,0.5085013,-0.503649,0.4951993,0.4924853,
1,1,1.443,0.2657925,0.04694055,-1.017275,0.5085013,-0.503649,0.4951993,0.4924853,
1,1,1.445,0.2657951,0.04696029,-1.017267,0.5084878,-0.5036185,0.4952319,0.4924978,
1,1,1.447,0.2657951,0.04696029,-1.017267,0.5084878,-0.5036185,0.4952319,0.4924978,
1,1,1.449,0.2657951,0.04696029,-1.017267,0.5084878,-0.5036185,0.4952319,0.4924978,
1,1,1.451,0.2657951,0.04696029,-1.017267,0.5084878,-0.5036185,0.4952319,0.4924978,
1,1,1.453,0.2657948,0.04698301,-1.017263,0.5084741,-0.5036038,0.4952504,0.4925081,
1,1,1.455,0.2657948,0.04698301,-1.017263,0.5084741,-0.5036038,0.4952504,0.4925081,
1,1,1.457,0.2657948,0.04698301,-1.017263,0.5084741,-0.5036038,0.4952504,0.4925081,
1,1,1.459,0.2657948,0.04698301,-1.017263,0.5084741,-0.5036038,0.4952504,0.4925081,
1,1,1.461,0.2657941,0.04699092,-1.017262,0.5084692,-0.5035967,0.4952639,0.4925072,
1,1,1.463,0.2657941,0.04699092,-1.017262,0.5084692,-0.5035967,0.4952639,0.4925072,
1,1,1.465,0.2657941,0.04699092,-1.017262,0.5084692,-0.5035967,0.4952639,0.4925072,
1,1,1.467,0.2657941,0.04699092,-1.017262,0.5084692,-0.5035967,0.4952639,0.4925072,
1,1,1.469,0.2657979,0.04700296,-1.017256,0.5084768,-0.5035881,0.495277,0.4924948,
1,1,1.471,0.2657979,0.04700296,-1.017256,0.5084768,-0.5035881,0.495277,0.4924948,
1,1,1.473,0.2657979,0.04700296,-1.017256,0.5084768,-0.5035881,0.495277,0.4924948,
1,1,1.475,0.2657979,0.04700296,-1.017256,0.5084768,-0.5035881,0.495277,0.4924948,
1,1,1.477,0.2657979,0.04700296,-1.017256,0.5084768,-0.5035881,0.495277,0.4924948,
1,1,1.479,0.2658091,0.04699884,-1.017264,0.50849,-0.5035874,0.4952663,0.4924925,
1,1,1.481,0.2658091,0.04699884,-1.017264,0.50849,-0.5035874,0.4952663,0.4924925,
1,1,1.483,0.2658091,0.04699884,-1.017264,0.50849,-0.5035874,0.4952663,0.4924925,
1,1,1.485,0.2658091,0.04699884,-1.017264,0.50849,-0.5035874,0.4952663,0.4924925,
1,1,1.487,0.2657915,0.04696103,-1.017283,0.508496,-0.5036134,0.4952286,0.4924979,
1,1,1.489,0.2657915,0.04696103,-1.017283,0.508496,-0.5036134,0.4952286,0.4924979,
1,1,1.491,0.2657915,0.04696103,-1.017283,0.508496,-0.5036134,0.4952286,0.4924979,
1,1,1.493,0.2657915,0.04696103,-1.017283,0.508496,-0.5036134,0.4952286,0.4924979,
1,1,1.495,0.26579,0.0469456,-1.017283,0.5084972,-0.5036249,0.4952152,0.4924983,
1,1,1.497,0.26579,0.0469456,-1.017283,0.5084972,-0.5036249,0.4952152,0.4924983,
1,1,1.499,0.26579,0.0469456,-1.017283,0.5084972,-0.5036249,0.4952152,0.4924983,
1,1,1.501,0.26579,0.0469456,-1.017283,0.5084972,-0.5036249,0.4952152,0.4924983,
1,1,1.503,0.2657921,0.04691693,-1.017276,0.508482,-0.5036551,0.4951926,0.4925058,
1,1,1.505,0.2657921,0.04691693,-1.017276,0.508482,-0.5036551,0.4951926,0.4925058,
1,1,1.507,0.2657921,0.04691693,-1.017276,0.508482,-0.5036551,0.4951926,0.4925058,
1,1,1.509,0.2657921,0.04691693,-1.017276,0.508482,-0.5036551,0.4951926,0.4925058,
1,1,1.511,0.2657878,0.0469184,-1.017263,0.5084712,-0.5036584,0.4952026,0.4925036,
1,1,1.513,0.2657878,0.0469184,-1.017263,0.5084712,-0.5036584,0.4952026,0.4925036,
1,1,1.515,0.2657878,0.0469184,-1.017263,0.5084712,-0.5036584,0.4952026,0.4925036,
1,1,1.517,0.2657878,0.0469184,-1.017263,0.5084712,-0.5036584,0.4952026,0.4925036,
1,1,1.519,0.2657869,0.0469406,-1.017274,0.5084828,-0.5036457,0.4952038,0.4925036,
1,1,1.521,0.2657869,0.0469406,-1.017274,0.5084828,-0.5036457,0.4952038,0.4925036,
1,1,1.523,0.2657869,0.0469406,-1.017274,0.5084828,-0.5036457,0.4952038,0.4925036,
1,1,1.525,0.2657869,0.0469406,-1.017274,0.5084828,-0.5036457,0.4952038,0.4925036,
1,1,1.527,0.2657869,0.0469406,-1.017274,0.5084828,-0.5036457,0.4952038,0.4925036,
1,1,1.529,0.265788,0.04693484,-1.017277,0.5084741,-0.5036466,0.4952052,0.4925101,
1,1,1.531,0.265788,0.04693484,-1.017277,0.5084741,-0.5036466,0.4952052,0.4925101,
1,1,1.533,0.265788,0.04693484,-1.017277,0.5084741,-0.5036466,0.4952052,0.4925101,
1,1,1.535,0.265788,0.04693484,-1.017277,0.5084741,-0.5036466,0.4952052,0.4925101,
1,1,1.537,0.2657792,0.04693245,-1.01728,0.508468,-0.5036331,0.4952148,0.4925205,
1,1,1.539,0.2657792,0.04693245,-1.01728,0.508468,-0.5036331,0.4952148,0.4925205,
1,1,1.541,0.2657792,0.04693245,-1.01728,0.508468,-0.5036331,0.4952148,0.4925205,
1,1,1.543,0.2657792,0.04693245,-1.01728,0.508468,-0.5036331,0.4952148,0.4925205,
1,1,1.545,0.2657738,0.04693354,-1.017275,0.5084639,-0.5036377,0.4952204,0.4925144,
1,1,1.547,0.2657738,0.04693354,-1.017275,0.5084639,-0.5036377,0.4952204,0.4925144,
1,1,1.549,0.2657738,0.04693354,-1.017275,0.5084639,-0.5036377,0.4952204,0.4925144,
1,1,1.551,0.2657738,0.04693354,-1.017275,0.5084639,-0.5036377,0.4952204,0.4925144,
1,1,1.553,0.2657821,0.04693133,-1.017256,0.5084458,-0.5036359,0.4952379,0.4925174,
1,1,1.555,0.2657821,0.04693133,-1.017256,0.5084458,-0.5036359,0.4952379,0.4925174,
1,1,1.557,0.2657821,0.04693133,-1.017256,0.5084458,-0.5036359,0.4952379,0.4925174,
1,1,1.559,0.2657821,0.04693133,-1.017256,0.5084458,-0.5036359,0.4952379,0.4925174,
1,1,1.561,0.265784,0.04694191,-1.017259,0.5084562,-0.5036315,0.4952345,0.4925144,
1,1,1.563,0.265784,0.04694191,-1.017259,0.5084562,-0.5036315,0.4952345,0.4925144,
1,1,1.565,0.265784,0.04694191,-1.017259,0.5084562,-0.5036315,0.4952345,0.4925144,
1,1,1.567,0.265784,0.04694191,-1.017259,0.5084562,-0.5036315,0.4952345,0.4925144,
1,1,1.569,0.265788,0.04694801,-1.017275,0.508465,-0.5036263,0.4952275,0.4925177,
1,1,1.571,0.265788,0.04694801,-1.017275,0.508465,-0.5036263,0.4952275,0.4925177,
1,1,1.573,0.265788,0.04694801,-1.017275,0.508465,-0.5036263,0.4952275,0.4925177,
1,1,1.575,0.265788,0.04694801,-1.017275,0.508465,-0.5036263,0.4952275,0.4925177,
1,1,1.577,0.265788,0.04694801,-1.017275,0.508465,-0.5036263,0.4952275,0.4925177,
1,1,1.579,0.2657844,0.04695942,-1.017268,0.5084632,-0.5036139,0.4952454,0.4925142,
1,1,1.581,0.2657844,0.04695942,-1.017268,0.5084632,-0.5036139,0.4952454,0.4925142,
1,1,1.583,0.2657844,0.04695942,-1.017268,0.5084632,-0.5036139,0.4952454,0.4925142,
1,1,1.585,0.2657844,0.04695942,-1.017268,0.5084632,-0.5036139,0.4952454,0.4925142,
1,1,1.587,0.2657836,0.04695096,-1.017276,0.5084684,-0.5036155,0.4952373,0.4925154,
1,1,1.589,0.2657836,0.04695096,-1.017276,0.5084684,-0.5036155,0.4952373,0.4925154,
1,1,1.591,0.2657836,0.04695096,-1.017276,0.5084684,-0.5036155,0.4952373,0.4925154,
1,1,1.593,0.2657836,0.04695096,-1.017276,0.5084684,-0.5036155,0.4952373,0.4925154,
1,1,1.595,0.265783,0.04692898,-1.017268,0.5084612,-0.5036351,0.4952261,0.492514,
1,1,1.597,0.265783,0.04692898,-1.017268,0.5084612,-0.5036351,0.4952261,0.492514,
1,1,1.599,0.265783,0.04692898,-1.017268,0.5084612,-0.5036351,0.4952261,0.492514,
1,1,1.601,0.265783,0.04692898,-1.017268,0.5084612,-0.5036351,0.4952261,0.492514,
1,1,1.603,0.2657919,0.04691666,-1.017286,0.508469,-0.5036529,0.4951981,0.4925158,
1,1,1.605,0.2657919,0.04691666,-1.017286,0.508469,-0.5036529,0.4951981,0.4925158,
1,1,1.607,0.2657919,0.04691666,-1.017286,0.508469,-0.5036529,0.4951981,0.4925158,
1,1,1.609,0.2657919,0.04691666,-1.017286,0.508469,-0.5036529,0.4951981,0.4925158,
1,1,1.611,0.2657887,0.04692247,-1.01726,0.5084774,-0.5036611,0.4951995,0.4924975,
1,1,1.613,0.2657887,0.04692247,-1.01726,0.5084774,-0.5036611,0.4951995,0.4924975,
1,1,1.615,0.2657887,0.04692247,-1.01726,0.5084774,-0.5036611,0.4951995,0.4924975,
1,1,1.617,0.2657887,0.04692247,-1.01726,0.5084774,-0.5036611,0.4951995,0.4924975,
1,1,1.619,0.2657828,0.04693469,-1.017244,0.5084821,-0.50367,0.4952055,0.4924775,
1,1,1.621,0.2657828,0.04693469,-1.017244,0.5084821,-0.50367,0.4952055,0.4924775,
1,1,1.623,0.2657828,0.04693469,-1.017244,0.5084821,-0.50367,0.4952055,0.4924775,
1,1,1.625,0.2657828,0.04693469,-1.017244,0.5084821,-0.50367,0.4952055,0.4924775,
1,1,1.627,0.2657828,0.04693469,-1.017244,0.5084821,-0.50367,0.4952055,0.4924775,
1,1,1.629,0.2657854,0.04692203,-1.01724,0.5084627,-0.5036807,0.4952043,0.4924876,
1,1,1.631,0.2657854,0.04692203,-1.01724,0.5084627,-0.5036807,0.4952043,0.4924876,
1,1,1.633,0.2657854,0.04692203,-1.01724,0.5084627,-0.5036807,0.4952043,0.4924876,
1,1,1.635,0.2657854,0.04692203,-1.01724,0.5084627,-0.5036807,0.4952043,0.4924876,
1,1,1.637,0.2657958,0.04691582,-1.017248,0.5084441,-0.5036536,0.4952219,0.4925172,
1,1,1.639,0.2657958,0.04691582,-1.017248,0.5084441,-0.5036536,0.4952219,0.4925172,
1,1,1.641,0.2657958,0.04691582,-1.017248,0.5084441,-0.5036536,0.4952219,0.4925172,
1,1,1.643,0.2657958,0.04691582,-1.017248,0.5084441,-0.5036536,0.4952219,0.4925172,
1,1,1.645,0.265792,0.04691958,-1.01724,0.5084358,-0.503652,0.4952297,0.4925194,
1,1,1.647,0.265792,0.04691958,-1.01724,0.5084358,-0.503652,0.4952297,0.4925194,
1,1,1.649,0.265792,0.04691958,-1.01724,0.5084358,-0.503652,0.4952297,0.4925194,
1,1,1.651,0.265792,0.04691958,-1.01724,0.5084358,-0.503652,0.4952297,0.4925194,
1,1,1.653,0.2657783,0.04692631,-1.017242,0.5084296,-0.5036415,0.4952376,0.4925285,
1,1,1.655,0.2657783,0.04692631,-1.017242,0.5084296,-0.5036415,0.4952376,0.4925285,
1,1,1.657,0.2657783,0.04692631,-1.017242,0.5084296,-0.5036415,0.4952376,0.4925285,
1,1,1.659,0.2657783,0.04692631,-1.017242,0.5084296,-0.5036415,0.4952376,0.4925285,
1,1,1.661,0.2657827,0.04692123,-1.017268,0.5084367,-0.5036299,0.4952331,0.4925375,
1,1,1.663,0.2657827,0.04692123,-1.017268,0.5084367,-0.5036299,0.4952331,0.4925375,
1,1,1.665,0.2657827,0.04692123,-1.017268,0.5084367,-0.5036299,0.4952331,0.4925375,
1,1,1.667,0.2657827,0.04692123,-1.017268,0.5084367,-0.5036299,0.4952331,0.4925375,
1,1,1.669,0.2657869,0.04694179,-1.017247,0.5084345,-0.5036206,0.4952572,0.4925251,
1,1,1.671,0.2657869,0.04694179,-1.017247,0.5084345,-0.5036206,0.4952572,0.4925251,
1,1,1.673,0.2657869,0.04694179,-1.017247,0.5084345,-0.5036206,0.4952572,0.4925251,
1,1,1.675,0.2657869,0.04694179,-1.017247,0.5084345,-0.5036206,0.4952572,0.4925251,
1,1,1.677,0.2657959,0.04695006,-1.017237,0.508446,-0.5036389,0.4952497,0.4925021,
1,1,1.679,0.2657959,0.04695006,-1.017237,0.508446,-0.5036389,0.4952497,0.4925021,
1,1,1.681,0.2657959,0.04695006,-1.017237,0.508446,-0.5036389,0.4952497,0.4925021,
1,1,1.683,0.2657959,0.04695006,-1.017237,0.508446,-0.5036389,0.4952497,0.4925021,
1,1,1.685,0.2657959,0.04695006,-1.017237,0.508446,-0.5036389,0.4952497,0.4925021,
1,1,1.687,0.2657893,0.04694726,-1.017247,0.5084704,-0.5036472,0.4952293,0.4924889,
1,1,1.689,0.2657893,0.04694726,-1.017247,0.5084704,-0.5036472,0.4952293,0.4924889,
1,1,1.691,0.2657893,0.04694726,-1.017247,0.5084704,-0.5036472,0.4952293,0.4924889,
1,1,1.693,0.2657893,0.04694726,-1.017247,0.5084704,-0.5036472,0.4952293,0.4924889,
1,1,1.695,0.2657847,0.0469377,-1.017259,0.5084606,-0.5036367,0.4952255,0.4925137,
1,1,1.697,0.2657847,0.0469377,-1.017259,0.5084606,-0.5036367,0.4952255,0.4925137,
1,1,1.699,0.2657847,0.0469377,-1.017259,0.5084606,-0.5036367,0.4952255,0.4925137,
1,1,1.701,0.2657847,0.0469377,-1.017259,0.5084606,-0.5036367,0.4952255,0.4925137,
1,1,1.703,0.2657792,0.04693166,-1.017256,0.5084451,-0.5036386,0.4952286,0.4925245,
1,1,1.705,0.2657792,0.04693166,-1.017256,0.5084451,-0.5036386,0.4952286,0.4925245,
1,1,1.707,0.2657792,0.04693166,-1.017256,0.5084451,-0.5036386,0.4952286,0.4925245,
1,1,1.709,0.2657792,0.04693166,-1.017256,0.5084451,-0.5036386,0.4952286,0.4925245,
1,1,1.711,0.265782,0.04694342,-1.017255,0.5084435,-0.5036321,0.4952427,0.4925188,
1,1,1.713,0.265782,0.04694342,-1.017255,0.5084435,-0.5036321,0.4952427,0.4925188,
1,1,1.715,0.265782,0.04694342,-1.017255,0.5084435,-0.5036321,0.4952427,0.4925188,
1,1,1.717,0.265782,0.04694342,-1.017255,0.5084435,-0.5036321,0.4952427,0.4925188,
1,1,1.719,0.2657915,0.04696046,-1.017234,0.5084582,-0.5036492,0.4952374,0.4924914,
1,1,1.721,0.2657915,0.04696046,-1.017234,0.5084582,-0.5036492,0.4952374,0.4924914,
1,1,1.723,0.2657915,0.04696046,-1.017234,0.5084582,-0.5036492,0.4952374,0.4924914,
1,1,1.725,0.2657915,0.04696046,-1.017234,0.5084582,-0.5036492,0.4952374,0.4924914,
1,1,1.727,0.2657767,0.04694744,-1.017244,0.5084662,-0.5036364,0.4952313,0.4925023,
1,1,1.729,0.2657767,0.04694744,-1.017244,0.5084662,-0.5036364,0.4952313,0.4925023,
1,1,1.731,0.2657767,0.04694744,-1.017244,0.5084662,-0.5036364,0.4952313,0.4925023,
1,1,1.733,0.2657767,0.04694744,-1.017244,0.5084662,-0.5036364,0.4952313,0.4925023,
1,1,1.735,0.2657767,0.04694744,-1.017244,0.5084662,-0.5036364,0.4952313,0.4925023,
1,1,1.737,0.2657825,0.04695525,-1.01724,0.5084621,-0.5036312,0.4952449,0.4924983,
1,1,1.739,0.2657825,0.04695525,-1.01724,0.5084621,-0.5036312,0.4952449,0.4924983,
1,1,1.741,0.2657825,0.04695525,-1.01724,0.5084621,-0.5036312,0.4952449,0.4924983,
1,1,1.743,0.2657825,0.04695525,-1.01724,0.5084621,-0.5036312,0.4952449,0.4924983,
1,1,1.745,0.2657824,0.04696587,-1.01723,0.5084522,-0.5036281,0.4952634,0.4924929,
1,1,1.747,0.2657824,0.04696587,-1.01723,0.5084522,-0.5036281,0.4952634,0.4924929,
1,1,1.749,0.2657824,0.04696587,-1.01723,0.5084522,-0.5036281,0.4952634,0.4924929,
1,1,1.751,0.2657824,0.04696587,-1.01723,0.5084522,-0.5036281,0.4952634,0.4924929,
1,1,1.753,0.2657925,0.04696658,-1.017248,0.5084631,-0.5036289,0.4952465,0.492498,
1,1,1.755,0.2657925,0.04696658,-1.017248,0.5084631,-0.5036289,0.4952465,0.492498,
1,1,1.757,0.2657925,0.04696658,-1.017248,0.5084631,-0.5036289,0.4952465,0.492498,
1,1,1.759,0.2657925,0.04696658,-1.017248,0.5084631,-0.5036289,0.4952465,0.492498,
1,1,1.761,0.2657876,0.046972,-1.017264,0.5084863,-0.5036364,0.4952202,0.4924927,
1,1,1.763,0.2657876,0.046972,-1.017264,0.5084863,-0.5036364,0.4952202,0.4924927,
1,1,1.765,0.2657876,0.046972,-1.017264,0.5084863,-0.5036364,0.4952202,0.4924927,
1,1,1.767,0.2657876,0.046972,-1.017264,0.5084863,-0.5036364,0.4952202,0.4924927,
1,1,1.769,0.2657903,0.04693076,-1.017257,0.5084674,-0.5036591,0.4952044,0.492505,
1,1,1.771,0.2657903,0.04693076,-1.017257,0.5084674,-0.5036591,0.4952044,0.492505,
1,1,1.773,0.2657903,0.04693076,-1.017257,0.5084674,-0.5036591,0.4952044,0.492505,
1,1,1.775,0.2657903,0.04693076,-1.017257,0.5084674,-0.5036591,0.4952044,0.492505,
1,1,1.777,0.2657875,0.04693142,-1.017256,0.5084592,-0.503646,0.4952172,0.4925139,
1,1,1.779,0.2657875,0.04693142,-1.017256,0.5084592,-0.503646,0.4952172,0.4925139,
1,1,1.781,0.2657875,0.04693142,-1.017256,0.5084592,-0.503646,0.4952172,0.4925139,
1,1,1.783,0.2657875,0.04693142,-1.017256,0.5084592,-0.503646,0.4952172,0.4925139,
1,1,1.785,0.2657875,0.04693142,-1.017256,0.5084592,-0.503646,0.4952172,0.4925139,
1,1,1.787,0.2657877,0.04691473,-1.017256,0.5084566,-0.5036529,0.4952128,0.4925139,
1,1,1.789,0.2657877,0.04691473,-1.017256,0.5084566,-0.5036529,0.4952128,0.4925139,
1,1,1.791,0.2657877,0.04691473,-1.017256,0.5084566,-0.5036529,0.4952128,0.4925139,
1,1,1.793,0.2657877,0.04691473,-1.017256,0.5084566,-0.5036529,0.4952128,0.4925139,
1,1,1.795,0.265781,0.04693596,-1.017258,0.5084586,-0.5036433,0.4952193,0.4925151,
1,1,1.797,0.265781,0.04693596,-1.017258,0.5084586,-0.5036433,0.4952193,0.4925151,
1,1,1.799,0.265781,0.04693596,-1.017258,0.5084586,-0.5036433,0.4952193,0.4925151,
1,1,1.801,0.265781,0.04693596,-1.017258,0.5084586,-0.5036433,0.4952193,0.4925151,
1,1,1.803,0.2657825,0.04693894,-1.017247,0.5084558,-0.5036453,0.495225,0.4925103,
1,1,1.805,0.2657825,0.04693894,-1.017247,0.5084558,-0.5036453,0.495225,0.4925103,
1,1,1.807,0.2657825,0.04693894,-1.017247,0.5084558,-0.5036453,0.495225,0.4925103,
1,1,1.809,0.2657825,0.04693894,-1.017247,0.5084558,-0.5036453,0.495225,0.4925103,
1,1,1.811,0.2657857,0.04693878,-1.017252,0.5084487,-0.5036393,0.4952303,0.4925185,
1,1,1.813,0.2657857,0.04693878,-1.017252,0.5084487,-0.5036393,0.4952303,0.4925185,
1,1,1.815,0.2657857,0.04693878,-1.017252,0.5084487,-0.5036393,0.4952303,0.4925185,
1,1,1.817,0.2657857,0.04693878,-1.017252,0.5084487,-0.5036393,0.4952303,0.4925185,
1,1,1.819,0.2657855,0.04689683,-1.017257,0.5084394,-0.5036543,0.4952137,0.4925293,
1,1,1.821,0.2657855,0.04689683,-1.017257,0.5084394,-0.5036543,0.4952137,0.4925293,
1,1,1.823,0.2657855,0.04689683,-1.017257,0.5084394,-0.5036543,0.4952137,0.4925293,
1,1,1.825,0.2657855,0.04689683,-1.017257,0.5084394,-0.5036543,0.4952137,0.4925293,
1,1,1.827,0.2657828,0.04691654,-1.017257,0.5084442,-0.5036404,0.4952231,0.4925292,
1,1,1.829,0.2657828,0.04691654,-1.017257,0.5084442,-0.5036404,0.4952231,0.4925292,
1,1,1.831,0.2657828,0.04691654,-1.017257,0.5084442,-0.5036404,0.4952231,0.4925292,
1,1,1.833,0.2657828,0.04691654,-1.017257,0.5084442,-0.5036404,0.4952231,0.4925292,
1,1,1.835,0.2657828,0.04691654,-1.017257,0.5084442,-0.5036404,0.4952231,0.4925292,
1,1,1.837,0.2657782,0.04692829,-1.017251,0.5084499,-0.5036505,0.495225,0.492511,
1,1,1.839,0.2657782,0.04692829,-1.017251,0.5084499,-0.5036505,0.495225,0.492511,
1,1,1.841,0.2657782,0.04692829,-1.017251,0.5084499,-0.5036505,0.495225,0.492511,
1,1,1.843,0.2657782,0.04692829,-1.017251,0.5084499,-0.5036505,0.495225,0.492511,
1,1,1.845,0.265786,0.04690425,-1.017254,0.508472,-0.5036787,0.4951909,0.4924936,
1,1,1.847,0.265786,0.04690425,-1.017254,0.508472,-0.5036787,0.4951909,0.4924936,
1,1,1.849,0.265786,0.04690425,-1.017254,0.508472,-0.5036787,0.4951909,0.4924936,
1,1,1.851,0.265786,0.04690425,-1.017254,0.508472,-0.5036787,0.4951909,0.4924936,
1,1,1.853,0.2657809,0.04692288,-1.017241,0.508453,-0.5036698,0.4952124,0.4925008,
1,1,1.855,0.2657809,0.04692288,-1.017241,0.508453,-0.5036698,0.4952124,0.4925008,
1,1,1.857,0.2657809,0.04692288,-1.017241,0.508453,-0.5036698,0.4952124,0.4925008,
1,1,1.859,0.2657809,0.04692288,-1.017241,0.508453,-0.5036698,0.4952124,0.4925008,
1,1,1.861,0.2657818,0.04692183,-1.017233,0.5084447,-0.5036684,0.4952138,0.4925095,
1,1,1.863,0.2657818,0.04692183,-1.017233,0.5084447,-0.5036684,0.4952138,0.4925095,
1,1,1.865,0.2657818,0.04692183,-1.017233,0.5084447,-0.5036684,0.4952138,0.4925095,
1,1,1.867,0.2657818,0.04692183,-1.017233,0.5084447,-0.5036684,0.4952138,0.4925095,
1,1,1.869,0.2657844,0.04693767,-1.017234,0.5084531,-0.5036533,0.4952249,0.492505,
1,1,1.871,0.2657844,0.04693767,-1.017234,0.5084531,-0.5036533,0.4952249,0.492505,
1,1,1.873,0.2657844,0.04693767,-1.017234,0.5084531,-0.5036533,0.4952249,0.492505,
1,1,1.875,0.2657844,0.04693767,-1.017234,0.5084531,-0.5036533,0.4952249,0.492505,
1,1,1.877,0.2657869,0.04690308,-1.017227,0.5084547,-0.5036849,0.4952023,0.4924937,
1,1,1.879,0.2657869,0.04690308,-1.017227,0.5084547,-0.5036849,0.4952023,0.4924937,
1,1,1.881,0.2657869,0.04690308,-1.017227,0.5084547,-0.5036849,0.4952023,0.4924937,
1,1,1.883,0.2657869,0.04690308,-1.017227,0.5084547,-0.5036849,0.4952023,0.4924937,
1,1,1.885,0.2657869,0.04690308,-1.017227,0.5084547,-0.5036849,0.4952023,0.4924937,
1,1,1.887,0.2657844,0.04691387,-1.01722,0.5084486,-0.5036752,0.4952155,0.4924967,
1,1,1.889,0.2657844,0.04691387,-1.01722,0.5084486,-0.5036752,0.4952155,0.4924967,
1,1,1.891,0.2657844,0.04691387,-1.01722,0.5084486,-0.5036752,0.4952155,0.4924967,
1,1,1.893,0.2657844,0.04691387,-1.01722,0.5084486,-0.5036752,0.4952155,0.4924967,
1,1,1.895,0.2657913,0.04693502,-1.017249,0.5084645,-0.5036581,0.4952099,0.4925033,
1,1,1.897,0.2657913,0.04693502,-1.017249,0.5084645,-0.5036581,0.4952099,0.4925033,
1,1,1.899,0.2657913,0.04693502,-1.017249,0.5084645,-0.5036581,0.4952099,0.4925033,
1,1,1.901,0.2657913,0.04693502,-1.017249,0.5084645,-0.5036581,0.4952099,0.4925033,
1,1,1.903,0.2657855,0.04692929,-1.017261,0.5084691,-0.5036565,0.495206,0.4925041,
1,1,1.905,0.2657855,0.04692929,-1.017261,0.5084691,-0.5036565,0.495206,0.4925041,
1,1,1.907,0.2657855,0.04692929,-1.017261,0.5084691,-0.5036565,0.495206,0.4925041,
1,1,1.909,0.2657855,0.04692929,-1.017261,0.5084691,-0.5036565,0.495206,0.4925041,
1,1,1.911,0.2657801,0.04693247,-1.017252,0.508476,-0.5036729,0.4952013,0.4924851,
1,1,1.913,0.2657801,0.04693247,-1.017252,0.508476,-0.5036729,0.4952013,0.4924851,
1,1,1.915,0.2657801,0.04693247,-1.017252,0.508476,-0.5036729,0.4952013,0.4924851,
1,1,1.917,0.2657801,0.04693247,-1.017252,0.508476,-0.5036729,0.4952013,0.4924851,
1,1,1.919,0.2657866,0.0469235,-1.017261,0.508491,-0.503677,0.4951835,0.4924833,
1,1,1.921,0.2657866,0.0469235,-1.017261,0.508491,-0.503677,0.4951835,0.4924833,
1,1,1.923,0.2657866,0.0469235,-1.017261,0.508491,-0.503677,0.4951835,0.4924833,
1,1,1.925,0.2657866,0.0469235,-1.017261,0.508491,-0.503677,0.4951835,0.4924833,
1,1,1.927,0.2657814,0.04691308,-1.017254,0.5084835,-0.5036846,0.495176,0.4924909,
1,1,1.929,0.2657814,0.04691308,-1.017254,0.5084835,-0.5036846,0.495176,0.4924909,
1,1,1.931,0.2657814,0.04691308,-1.017254,0.5084835,-0.5036846,0.495176,0.4924909,
1,1,1.933,0.2657814,0.04691308,-1.017254,0.5084835,-0.5036846,0.495176,0.4924909,
1,1,1.935,0.2657762,0.04693605,-1.017246,0.5084613,-0.5036651,0.4952062,0.4925031,
1,1,1.937,0.2657762,0.04693605,-1.017246,0.5084613,-0.5036651,0.4952062,0.4925031,
1,1,1.939,0.2657762,0.04693605,-1.017246,0.5084613,-0.5036651,0.4952062,0.4925031,
1,1,1.941,0.2657762,0.04693605,-1.017246,0.5084613,-0.5036651,0.4952062,0.4925031,
1,1,1.943,0.2657762,0.04693605,-1.017246,0.5084613,-0.5036651,0.4952062,0.4925031,
1,1,1.945,0.265783,0.0469324,-1.017245,0.5084568,-0.5036596,0.4952164,0.4925033,
1,1,1.947,0.265783,0.0469324,-1.017245,0.5084568,-0.5036596,0.4952164,0.4925033,
1,1,1.949,0.265783,0.0469324,-1.017245,0.5084568,-0.5036596,0.4952164,0.4925033,
1,1,1.951,0.265783,0.0469324,-1.017245,0.5084568,-0.5036596,0.4952164,0.4925033,
1,1,1.953,0.2657869,0.04694311,-1.017249,0.5084623,-0.5036455,0.4952215,0.4925069,
1,1,1.955,0.2657869,0.04694311,-1.017249,0.5084623,-0.5036455,0.4952215,0.4925069,
1,1,1.957,0.2657869,0.04694311,-1.017249,0.5084623,-0.5036455,0.4952215,0.4925069,
1,1,1.959,0.2657869,0.04694311,-1.017249,0.5084623,-0.5036455,0.4952215,0.4925069,
1,1,1.961,0.2657822,0.04691253,-1.017247,0.5084542,-0.5036674,0.4952012,0.4925133,
1,1,1.963,0.2657822,0.04691253,-1.017247,0.5084542,-0.5036674,0.4952012,0.4925133,
1,1,1.965,0.2657822,0.04691253,-1.017247,0.5084542,-0.5036674,0.4952012,0.4925133,
1,1,1.967,0.2657822,0.04691253,-1.017247,0.5084542,-0.5036674,0.4952012,0.4925133,
1,1,1.969,0.265784,0.04692809,-1.017258,0.5084603,-0.5036601,0.4952025,0.4925131,
1,1,1.971,0.265784,0.04692809,-1.017258,0.5084603,-0.5036601,0.4952025,0.4925131,
1,1,1.973,0.265784,0.04692809,-1.017258,0.5084603,-0.5036601,0.4952025,0.4925131,
1,1,1.975,0.265784,0.04692809,-1.017258,0.5084603,-0.5036601,0.4952025,0.4925131,
1,1,1.977,0.2657833,0.04694208,-1.017241,0.5084663,-0.5036594,0.4952148,0.4924953,
1,1,1.979,0.2657833,0.04694208,-1.017241,0.5084663,-0.5036594,0.4952148,0.4924953,
1,1,1.981,0.2657833,0.04694208,-1.017241,0.5084663,-0.5036594,0.4952148,0.4924953,
1,1,1.983,0.2657833,0.04694208,-1.017241,0.5084663,-0.5036594,0.4952148,0.4924953,
1,1,1.985,0.2657861,0.04696583,-1.017249,0.5084814,-0.5036438,0.4952202,0.4924903,
1,1,1.987,0.2657861,0.04696583,-1.017249,0.5084814,-0.5036438,0.4952202,0.4924903,
1,1,1.989,0.2657861,0.04696583,-1.017249,0.5084814,-0.5036438,0.4952202,0.4924903,
1,1,1.991,0.2657861,0.04696583,-1.017249,0.5084814,-0.5036438,0.4952202,0.4924903,
1,1,1.993,0.2657861,0.04696583,-1.017249,0.5084814,-0.5036438,0.4952202,0.4924903,
1,1,1.995,0.2657804,0.04695068,-1.017249,0.5084816,-0.5036472,0.495214,0.4924928,
1,1,1.997,0.2657804,0.04695068,-1.017249,0.5084816,-0.5036472,0.495214,0.4924928,
1,1,1.999,0.2657804,0.04695068,-1.017249,0.5084816,-0.5036472,0.495214,0.4924928,
1,1,2.001,0.2657804,0.04695068,-1.017249,0.5084816,-0.5036472,0.495214,0.4924928,
1,1,2.003,0.2657803,0.0469444,-1.017252,0.5084772,-0.5036489,0.4952141,0.4924955,
1,1,2.005,0.2657803,0.0469444,-1.017252,0.5084772,-0.5036489,0.4952141,0.4924955,
1,1,2.007,0.2657803,0.0469444,-1.017252,0.5084772,-0.5036489,0.4952141,0.4924955,
1,1,2.009,0.2657803,0.0469444,-1.017252,0.5084772,-0.5036489,0.4952141,0.4924955,
1,1,2.011,0.2657831,0.04693761,-1.017246,0.5084625,-0.503652,0.4952196,0.4925019,
1,1,2.013,0.2657831,0.04693761,-1.017246,0.5084625,-0.503652,0.4952196,0.4925019,
1,1,2.015,0.2657831,0.04693761,-1.017246,0.5084625,-0.503652,0.4952196,0.4925019,
1,1,2.017,0.2657831,0.04693761,-1.017246,0.5084625,-0.503652,0.4952196,0.4925019,
1,1,2.019,0.2657793,0.04694533,-1.017249,0.5084722,-0.503655,0.4952193,0.4924891,
1,1,2.021,0.2657793,0.04694533,-1.017249,0.5084722,-0.503655,0.4952193,0.4924891,
1,1,2.023,0.2657793,0.04694533,-1.017249,0.5084722,-0.503655,0.4952193,0.4924891,
1,1,2.025,0.2657793,0.04694533,-1.017249,0.5084722,-0.503655,0.4952193,0.4924891,
1,1,2.027,0.2657823,0.04694222,-1.017237,0.5084623,-0.503662,0.4952226,0.4924889,
1,1,2.029,0.2657823,0.04694222,-1.017237,0.5084623,-0.503662,0.4952226,0.4924889,
1,1,2.031,0.2657823,0.04694222,-1.017237,0.5084623,-0.503662,0.4952226,0.4924889,
1,1,2.033,0.2657823,0.04694222,-1.017237,0.5084623,-0.503662,0.4952226,0.4924889,
1,1,2.035,0.2657846,0.0469262,-1.017244,0.5084725,-0.5036684,0.495205,0.4924895,
1,1,2.037,0.2657846,0.0469262,-1.017244,0.5084725,-0.5036684,0.495205,0.4924895,
1,1,2.039,0.2657846,0.0469262,-1.017244,0.5084725,-0.5036684,0.495205,0.4924895,
1,1,2.041,0.2657846,0.0469262,-1.017244,0.5084725,-0.5036684,0.495205,0.4924895,
1,1,2.043,0.2657846,0.0469262,-1.017244,0.5084725,-0.5036684,0.495205,0.4924895,
1,1,2.045,0.2657803,0.04694972,-1.017255,0.5084959,-0.5036561,0.495203,0.49248,
1,1,2.047,0.2657803,0.04694972,-1.017255,0.5084959,-0.5036561,0.495203,0.49248,
1,1,2.049,0.2657803,0.04694972,-1.017255,0.5084959,-0.5036561,0.495203,0.49248,
1,1,2.051,0.2657803,0.04694972,-1.017255,0.5084959,-0.5036561,0.495203,0.49248,
1,1,2.053,0.2657852,0.04697522,-1.017235,0.5084872,-0.5036565,0.4952191,0.4924724,
1,1,2.055,0.2657852,0.04697522,-1.017235,0.5084872,-0.5036565,0.4952191,0.4924724,
1,1,2.057,0.2657852,0.04697522,-1.017235,0.5084872,-0.5036565,0.4952191,0.4924724,
1,1,2.059,0.2657852,0.04697522,-1.017235,0.5084872,-0.5036565,0.4952191,0.4924724,
1,1,2.061,0.2657793,0.04698683,-1.017234,0.5084902,-0.5036571,0.4952261,0.4924615,
1,1,2.063,0.2657793,0.04698683,-1.017234,0.5084902,-0.5036571,0.4952261,0.4924615,
1,1,2.065,0.2657793,0.04698683,-1.017234,0.5084902,-0.5036571,0.4952261,0.4924615,
1,1,2.067,0.2657793,0.04698683,-1.017234,0.5084902,-0.5036571,0.4952261,0.4924615,
1,1,2.069,0.2657848,0.04698307,-1.017235,0.508482,-0.503657,0.4952263,0.4924698,
1,1,2.071,0.2657848,0.04698307,-1.017235,0.508482,-0.503657,0.4952263,0.4924698,
1,1,2.073,0.2657848,0.04698307,-1.017235,0.508482,-0.503657,0.4952263,0.4924698,
1,1,2.075,0.2657848,0.04698307,-1.017235,0.508482,-0.503657,0.4952263,0.4924698,
1,1,2.077,0.2657698,0.04692674,-1.017224,0.5084474,-0.5036688,0.4952187,0.4925011,
1,1,2.079,0.2657698,0.04692674,-1.017224,0.5084474,-0.5036688,0.4952187,0.4925011,
1,1,2.081,0.2657698,0.04692674,-1.017224,0.5084474,-0.5036688,0.4952187,0.4925011,CourtEnter
1,1,2.083,0.2657698,0.04692674,-1.017224,0.5084474,-0.5036688,0.4952187,0.4925011,
1,1,2.085,0.2657821,0.04692485,-1.017232,0.5084544,-0.5036654,0.4952134,0.4925029,
1,1,2.087,0.2657821,0.04692485,-1.017232,0.5084544,-0.5036654,0.4952134,0.4925029,
1,1,2.089,0.2657821,0.04692485,-1.017232,0.5084544,-0.5036654,0.4952134,0.4925029,
1,1,2.091,0.2657821,0.04692485,-1.017232,0.5084544,-0.5036654,0.4952134,0.4925029,CourtExit
1,1,2.093,0.2657821,0.04692485,-1.017232,0.5084544,-0.5036654,0.4952134,0.4925029,
1,1,2.095,0.2657782,0.04694461,-1.017227,0.5084682,-0.5036561,0.4952238,0.4924876,
1,1,2.097,0.2657782,0.04694461,-1.017227,0.5084682,-0.5036561,0.4952238,0.4924876,
1,1,2.099,0.2657782,0.04694461,-1.017227,0.5084682,-0.5036561,0.4952238,0.4924876,
1,1,2.101,0.2657782,0.04694461,-1.017227,0.5084682,-0.5036561,0.4952238,0.4924876,
1,1,2.103,0.2657758,0.04695013,-1.017234,0.5084847,-0.5036622,0.4952141,0.4924742,
1,1,2.105,0.2657758,0.04695013,-1.017234,0.5084847,-0.5036622,0.4952141,0.4924742,
1,1,2.107,0.2657758,0.04695013,-1.017234,0.5084847,-0.5036622,0.4952141,0.4924742,
1,1,2.109,0.2657758,0.04695013,-1.017234,0.5084847,-0.5036622,0.4952141,0.4924742,
1,1,2.111,0.2657819,0.04694768,-1.017224,0.5084598,-0.5036604,0.4952323,0.4924836,
1,1,2.113,0.2657819,0.04694768,-1.017224,0.5084598,-0.5036604,0.4952323,0.4924836,
1,1,2.115,0.2657819,0.04694768,-1.017224,0.5084598,-0.5036604,0.4952323,0.4924836,
1,1,2.117,0.2657819,0.04694768,-1.017224,0.5084598,-0.5036604,0.4952323,0.4924836,
1,1,2.119,0.2657751,0.04694255,-1.017245,0.5084727,-0.5036631,0.4952008,0.4924988,
1,1,2.121,0.2657751,0.04694255,-1.017245,0.5084727,-0.5036631,0.4952008,0.4924988,
1,1,2.123,0.2657751,0.04694255,-1.017245,0.5084727,-0.5036631,0.4952008,0.4924988,
1,1,2.125,0.2657751,0.04694255,-1.017245,0.5084727,-0.5036631,0.4952008,0.4924988,
1,1,2.127,0.2657741,0.0469465,-1.017253,0.5084813,-0.5036593,0.4951995,0.4924952,
1,1,2.129,0.2657741,0.0469465,-1.017253,0.5084813,-0.5036593,0.4951995,0.4924952,
1,1,2.131,0.2657741,0.0469465,-1.017253,0.5084813,-0.5036593,0.4951995,0.4924952,
1,1,2.133,0.2657741,0.0469465,-1.017253,0.5084813,-0.5036593,0.4951995,0.4924952,
1,1,2.135,0.2657813,0.046945,-1.017265,0.508491,-0.5036592,0.4951911,0.4924938,
1,1,2.137,0.2657813,0.046945,-1.017265,0.508491,-0.5036592,0.4951911,0.4924938,
1,1,2.139,0.2657813,0.046945,-1.017265,0.508491,-0.5036592,0.4951911,0.4924938,
1,1,2.141,0.2657813,0.046945,-1.017265,0.508491,-0.5036592,0.4951911,0.4924938,
1,1,2.143,0.2657813,0.046945,-1.017265,0.508491,-0.5036592,0.4951911,0.4924938,
1,1,2.145,0.2657798,0.0469693,-1.017253,0.5084974,-0.5036602,0.4952028,0.4924744,
1,1,2.147,0.2657798,0.0469693,-1.017253,0.5084974,-0.5036602,0.4952028,0.4924744,
1,1,2.149,0.2657798,0.0469693,-1.017253,0.5084974,-0.5036602,0.4952028,0.4924744,
1,1,2.151,0.2657798,0.0469693,-1.017253,0.5084974,-0.5036602,0.4952028,0.4924744,
1,1,2.153,0.2657813,0.04696797,-1.01724,0.5084913,-0.5036674,0.4952075,0.4924686,
1,1,2.155,0.2657813,0.04696797,-1.01724,0.5084913,-0.5036674,0.4952075,0.4924686,
1,1,2.157,0.2657813,0.04696797,-1.01724,0.5084913,-0.5036674,0.4952075,0.4924686,
1,1,2.159,0.2657813,0.04696797,-1.01724,0.5084913,-0.5036674,0.4952075,0.4924686,
1,1,2.161,0.265782,0.04695121,-1.017238,0.5084962,-0.5036806,0.4951943,0.4924632,
1,1,2.163,0.265782,0.04695121,-1.017238,0.5084962,-0.5036806,0.4951943,0.4924632,
1,1,2.165,0.265782,0.04695121,-1.017238,0.5084962,-0.5036806,0.4951943,0.4924632,
1,1,2.167,0.265782,0.04695121,-1.017238,0.5084962,-0.5036806,0.4951943,0.4924632,
1,1,2.169,0.2657794,0.04691048,-1.017236,0.5084594,-0.5037022,0.495176,0.4924976,
1,1,2.171,0.2657794,0.04691048,-1.017236,0.5084594,-0.5037022,0.495176,0.4924976,
1,1,2.173,0.2657794,0.04691048,-1.017236,0.5084594,-0.5037022,0.495176,0.4924976,
1,1,2.175,0.2657794,0.04691048,-1.017236,0.5084594,-0.5037022,0.495176,0.4924976,
1,1,2.177,0.2657856,0.04692329,-1.017238,0.5084668,-0.5036882,0.4951954,0.4924849,
1,1,2.179,0.2657856,0.04692329,-1.017238,0.5084668,-0.5036882,0.4951954,0.4924849,
1,1,2.181,0.2657856,0.04692329,-1.017238,0.5084668,-0.5036882,0.4951954,0.4924849,
1,1,2.183,0.2657856,0.04692329,-1.017238,0.5084668,-0.5036882,0.4951954,0.4924849,
1,1,2.185,0.2657881,0.04699492,-1.01722,0.508498,-0.5036722,0.4952183,0.4924459,
1,1,2.187,0.2657881,0.04699492,-1.01722,0.508498,-0.5036722,0.4952183,0.4924459,
1,1,2.189,0.2657881,0.04699492,-1.01722,0.508498,-0.5036722,0.4952183,0.4924459,
1,1,2.191,0.2657881,0.04699492,-1.01722,0.508498,-0.5036722,0.4952183,0.4924459,
1,1,2.193,0.2657881,0.04699492,-1.01722,0.508498,-0.5036722,0.4952183,0.4924459,
1,1,2.195,0.2657943,0.04696092,-1.017229,0.508481,-0.5036752,0.4952099,0.492469,
1,1,2.197,0.2657943,0.04696092,-1.017229,0.508481,-0.5036752,0.4952099,0.492469,
1,1,2.199,0.2657943,0.04696092,-1.017229,0.508481,-0.5036752,0.4952099,0.492469,
1,1,2.201,0.2657943,0.04696092,-1.017229,0.508481,-0.5036752,0.4952099,0.492469,
1,1,2.203,0.2657914,0.04693358,-1.017227,0.5084795,-0.503702,0.4951814,0.4924717,
1,1,2.205,0.2657914,0.04693358,-1.017227,0.5084795,-0.503702,0.4951814,0.4924717,
1,1,2.207,0.2657914,0.04693358,-1.017227,0.5084795,-0.503702,0.4951814,0.4924717,
1,1,2.209,0.2657914,0.04693358,-1.017227,0.5084795,-0.503702,0.4951814,0.4924717,
1,1,2.211,0.2657975,0.04694,-1.017244,0.5084906,-0.5036888,0.4951849,0.4924701,
1,1,2.213,0.2657975,0.04694,-1.017244,0.5084906,-0.5036888,0.4951849,0.4924701,
1,1,2.215,0.2657975,0.04694,-1.017244,0.5084906,-0.5036888,0.4951849,0.4924701,
1,1,2.217,0.2657975,0.04694,-1.017244,0.5084906,-0.5036888,0.4951849,0.4924701,
1,1,2.219,0.2657892,0.04697523,-1.017213,0.5084921,-0.5036728,0.4952238,0.4924458,
1,1,2.221,0.2657892,0.04697523,-1.017213,0.5084921,-0.5036728,0.4952238,0.4924458,
1,1,2.223,0.2657892,0.04697523,-1.017213,0.5084921,-0.5036728,0.4952238,0.4924458,
1,1,2.225,0.2657892,0.04697523,-1.017213,0.5084921,-0.5036728,0.4952238,0.4924458,
1,1,2.227,0.2657894,0.04697373,-1.017218,0.5084944,-0.5036675,0.4952239,0.4924488,
1,1,2.229,0.2657894,0.04697373,-1.017218,0.5084944,-0.5036675,0.4952239,0.4924488,
1,1,2.231,0.2657894,0.04697373,-1.017218,0.5084944,-0.5036675,0.4952239,0.4924488,
1,1,2.233,0.2657894,0.04697373,-1.017218,0.5084944,-0.5036675,0.4952239,0.4924488,
1,1,2.235,0.26579,0.04698198,-1.017215,0.5084841,-0.5036608,0.4952316,0.4924586,
1,1,2.237,0.26579,0.04698198,-1.017215,0.5084841,-0.5036608,0.4952316,0.4924586,
1,1,2.239,0.26579,0.04698198,-1.017215,0.5084841,-0.5036608,0.4952316,0.4924586,
1,1,2.241,0.26579,0.04698198,-1.017215,0.5084841,-0.5036608,0.4952316,0.4924586,
1,1,2.243,0.26579,0.04698198,-1.017215,0.5084841,-0.5036608,0.4952316,0.4924586,
1,1,2.245,0.2657949,0.04698119,-1.017217,0.508471,-0.5036585,0.4952392,0.4924669,
1,1,2.247,0.2657949,0.04698119,-1.017217,0.508471,-0.5036585,0.4952392,0.4924669,
1,1,2.249,0.2657949,0.04698119,-1.017217,0.508471,-0.5036585,0.4952392,0.4924669,
1,1,2.251,0.2657949,0.04698119,-1.017217,0.508471,-0.5036585,0.4952392,0.4924669,
1,1,2.253,0.2657932,0.04695809,-1.017221,0.5084673,-0.5036694,0.4952257,0.4924731,
1,1,2.255,0.2657932,0.04695809,-1.017221,0.5084673,-0.5036694,0.4952257,0.4924731,
1,1,2.257,0.2657932,0.04695809,-1.017221,0.5084673,-0.5036694,0.4952257,0.4924731,
1,1,2.259,0.2657932,0.04695809,-1.017221,0.5084673,-0.5036694,0.4952257,0.4924731,
1,1,2.261,0.2657844,0.04695528,-1.017227,0.508468,-0.5036648,0.495222,0.4924809,
1,1,2.263,0.2657844,0.04695528,-1.017227,0.508468,-0.5036648,0.495222,0.4924809,
1,1,2.265,0.2657844,0.04695528,-1.017227,0.508468,-0.5036648,0.495222,0.4924809,
1,1,2.267,0.2657844,0.04695528,-1.017227,0.508468,-0.5036648,0.495222,0.4924809,
1,1,2.269,0.2657834,0.04695423,-1.017236,0.5084702,-0.5036639,0.4952193,0.4924822,
1,1,2.271,0.2657834,0.04695423,-1.017236,0.5084702,-0.5036639,0.4952193,0.4924822,
1,1,2.273,0.2657834,0.04695423,-1.017236,0.5084702,-0.5036639,0.4952193,0.4924822,
1,1,2.275,0.2657834,0.04695423,-1.017236,0.5084702,-0.5036639,0.4952193,0.4924822,
1,1,2.277,0.265785,0.0469613,-1.017239,0.5084757,-0.5036552,0.4952284,0.4924763,
1,1,2.279,0.265785,0.0469613,-1.017239,0.5084757,-0.5036552,0.4952284,0.4924763,
1,1,2.281,0.265785,0.0469613,-1.017239,0.5084757,-0.5036552,0.4952284,0.4924763,
1,1,2.283,0.265785,0.0469613,-1.017239,0.5084757,-0.5036552,0.4952284,0.4924763,
1,1,2.285,0.2657682,0.04697387,-1.017242,0.5084688,-0.5036258,0.4952442,0.4924976,
1,1,2.287,0.2657682,0.04697387,-1.017242,0.5084688,-0.5036258,0.4952442,0.4924976,
1,1,2.289,0.2657682,0.04697387,-1.017242,0.5084688,-0.5036258,0.4952442,0.4924976,
1,1,2.291,0.2657682,0.04697387,-1.017242,0.5084688,-0.5036258,0.4952442,0.4924976,
1,1,2.293,0.2657682,0.04697387,-1.017242,0.5084688,-0.5036258,0.4952442,0.4924976,
1,1,2.295,0.2657779,0.04698917,-1.017267,0.5084878,-0.503611,0.4952444,0.4924926,
1,1,2.297,0.2657779,0.04698917,-1.017267,0.5084878,-0.503611,0.4952444,0.4924926,
1,1,2.299,0.2657779,0.04698917,-1.017267,0.5084878,-0.503611,0.4952444,0.4924926,
1,1,2.301,0.2657779,0.04698917,-1.017267,0.5084878,-0.503611,0.4952444,0.4924926,
1,1,2.303,0.2657806,0.04698564,-1.017276,0.5084785,-0.5036004,0.4952482,0.4925094,
1,1,2.305,0.2657806,0.04698564,-1.017276,0.5084785,-0.5036004,0.4952482,0.4925094,
1,1,2.307,0.2657806,0.04698564,-1.017276,0.5084785,-0.5036004,0.4952482,0.4925094,
1,1,2.309,0.2657806,0.04698564,-1.017276,0.5084785,-0.5036004,0.4952482,0.4925094,
1,1,2.311,0.2657803,0.04694056,-1.017271,0.5084627,-0.5036286,0.495224,0.4925213,
1,1,2.313,0.2657803,0.04694056,-1.017271,0.5084627,-0.5036286,0.495224,0.4925213,
1,1,2.315,0.2657803,0.04694056,-1.017271,0.5084627,-0.5036286,0.495224,0.4925213,
1,1,2.317,0.2657803,0.04694056,-1.017271,0.5084627,-0.5036286,0.495224,0.4925213,
1,1,2.319,0.2657814,0.04692486,-1.017253,0.5084426,-0.5036461,0.4952206,0.4925276,
1,1,2.321,0.2657814,0.04692486,-1.017253,0.5084426,-0.5036461,0.4952206,0.4925276,
1,1,2.323,0.2657814,0.04692486,-1.017253,0.5084426,-0.5036461,0.4952206,0.4925276,
1,1,2.325,0.2657814,0.04692486,-1.017253,0.5084426,-0.5036461,0.4952206,0.4925276,
1,1,2.327,0.2657809,0.04691967,-1.017245,0.5084491,-0.5036483,0.4952235,0.4925157,
1,1,2.329,0.2657809,0.04691967,-1.017245,0.5084491,-0.5036483,0.4952235,0.4925157,
1,1,2.331,0.2657809,0.04691967,-1.017245,0.5084491,-0.5036483,0.4952235,0.4925157,
1,1,2.333,0.2657809,0.04691967,-1.017245,0.5084491,-0.5036483,0.4952235,0.4925157,
1,1,2.335,0.2657805,0.04691217,-1.017235,0.5084518,-0.5036588,0.4952202,0.4925056,
1,1,2.337,0.2657805,0.04691217,-1.017235,0.5084518,-0.5036588,0.4952202,0.4925056,
1,1,2.339,0.2657805,0.04691217,-1.017235,0.5084518,-0.5036588,0.4952202,0.4925056,
1,1,2.341,0.2657805,0.04691217,-1.017235,0.5084518,-0.5036588,0.4952202,0.4925056,
1,1,2.343,0.2657805,0.04691217,-1.017235,0.5084518,-0.5036588,0.4952202,0.4925056,
1,1,2.345,0.2657782,0.04693161,-1.017241,0.5084587,-0.5036511,0.4952291,0.4924973,
1,1,2.347,0.2657782,0.04693161,-1.017241,0.5084587,-0.5036511,0.4952291,0.4924973,
1,1,2.349,0.2657782,0.04693161,-1.017241,0.5084587,-0.5036511,0.4952291,0.4924973,
1,1,2.351,0.2657782,0.04693161,-1.017241,0.5084587,-0.5036511,0.4952291,0.4924973,
1,1,2.353,0.2657803,0.04697824,-1.017251,0.5084864,-0.5036389,0.4952325,0.4924778,
1,1,2.355,0.2657803,0.04697824,-1.017251,0.5084864,-0.5036389,0.4952325,0.4924778,
1,1,2.357,0.2657803,0.04697824,-1.017251,0.5084864,-0.5036389,0.4952325,0.4924778,
1,1,2.359,0.2657803,0.04697824,-1.017251,0.5084864,-0.5036389,0.4952325,0.4924778,
1,1,2.361,0.2657823,0.04697855,-1.017267,0.5084736,-0.5036234,0.4952385,0.4925007,
1,1,2.363,0.2657823,0.04697855,-1.017267,0.5084736,-0.5036234,0.4952385,0.4925007,
1,1,2.365,0.2657823,0.04697855,-1.017267,0.5084736,-0.5036234,0.4952385,0.4925007,
1,1,2.367,0.2657823,0.04697855,-1.017267,0.5084736,-0.5036234,0.4952385,0.4925007,
1,1,2.369,0.2657856,0.04697608,-1.017262,0.5084612,-0.5036225,0.4952467,0.4925062,
1,1,2.371,0.2657856,0.04697608,-1.017262,0.5084612,-0.5036225,0.4952467,0.4925062,
1,1,2.373,0.2657856,0.04697608,-1.017262,0.5084612,-0.5036225,0.4952467,0.4925062,
1,1,2.375,0.2657856,0.04697608,-1.017262,0.5084612,-0.5036225,0.4952467,0.4925062,
1,1,2.377,0.265786,0.04694883,-1.017236,0.5084493,-0.5036607,0.4952347,0.4924916,
1,1,2.379,0.265786,0.04694883,-1.017236,0.5084493,-0.5036607,0.4952347,0.4924916,
1,1,2.381,0.265786,0.04694883,-1.017236,0.5084493,-0.5036607,0.4952347,0.4924916,
1,1,2.383,0.265786,0.04694883,-1.017236,0.5084493,-0.5036607,0.4952347,0.4924916,
1,1,2.385,0.2657818,0.04695276,-1.017242,0.5084591,-0.5036554,0.4952276,0.492494,
1,1,2.387,0.2657818,0.04695276,-1.017242,0.5084591,-0.5036554,0.4952276,0.492494,
1,1,2.389,0.2657818,0.04695276,-1.017242,0.5084591,-0.5036554,0.4952276,0.492494,
1,1,2.391,0.2657818,0.04695276,-1.017242,0.5084591,-0.5036554,0.4952276,0.492494,
1,1,2.393,0.2657818,0.04695276,-1.017242,0.5084591,-0.5036554,0.4952276,0.492494,
1,1,2.395,0.265779,0.04696347,-1.017234,0.5084665,-0.5036561,0.4952321,0.4924809,
1,1,2.397,0.265779,0.04696347,-1.017234,0.5084665,-0.5036561,0.4952321,0.4924809,
1,1,2.399,0.265779,0.04696347,-1.017234,0.5084665,-0.5036561,0.4952321,0.4924809,
1,1,2.401,0.265779,0.04696347,-1.017234,0.5084665,-0.5036561,0.4952321,0.4924809,
1,1,2.403,0.2657872,0.04691997,-1.017251,0.5084639,-0.5036677,0.4952044,0.4924997,
1,1,2.405,0.2657872,0.04691997,-1.017251,0.5084639,-0.5036677,0.4952044,0.4924997,
1,1,2.407,0.2657872,0.04691997,-1.017251,0.5084639,-0.5036677,0.4952044,0.4924997,
1,1,2.409,0.2657872,0.04691997,-1.017251,0.5084639,-0.5036677,0.4952044,0.4924997,
1,1,2.411,0.265785,0.04694982,-1.017254,0.5084722,-0.5036461,0.4952239,0.4924937,
1,1,2.413,0.265785,0.04694982,-1.017254,0.5084722,-0.5036461,0.4952239,0.4924937,
1,1,2.415,0.265785,0.04694982,-1.017254,0.5084722,-0.5036461,0.4952239,0.4924937,
1,1,2.417,0.265785,0.04694982,-1.017254,0.5084722,-0.5036461,0.4952239,0.4924937,
1,1,2.419,0.2657779,0.04695033,-1.017246,0.5084658,-0.5036448,0.495229,0.4924965,
1,1,2.421,0.2657779,0.04695033,-1.017246,0.5084658,-0.5036448,0.495229,0.4924965,
1,1,2.423,0.2657779,0.04695033,-1.017246,0.5084658,-0.5036448,0.495229,0.4924965,
1,1,2.425,0.2657779,0.04695033,-1.017246,0.5084658,-0.5036448,0.495229,0.4924965,
1,1,2.427,0.2657756,0.04690323,-1.017254,0.508452,-0.5036715,0.4951991,0.4925135,
1,1,2.429,0.2657756,0.04690323,-1.017254,0.508452,-0.5036715,0.4951991,0.4925135,
1,1,2.431,0.2657756,0.04690323,-1.017254,0.508452,-0.5036715,0.4951991,0.4925135,
1,1,2.433,0.2657756,0.04690323,-1.017254,0.508452,-0.5036715,0.4951991,0.4925135,
1,1,2.435,0.2657838,0.04692192,-1.017257,0.5084669,-0.5036709,0.4951989,0.4924989,
1,1,2.437,0.2657838,0.04692192,-1.017257,0.5084669,-0.5036709,0.4951989,0.4924989,
1,1,2.439,0.2657838,0.04692192,-1.017257,0.5084669,-0.5036709,0.4951989,0.4924989,
1,1,2.441,0.2657838,0.04692192,-1.017257,0.5084669,-0.5036709,0.4951989,0.4924989,
1,1,2.443,0.2657838,0.04692192,-1.017257,0.5084669,-0.5036709,0.4951989,0.4924989,
1,1,2.445,0.2657805,0.04695261,-1.017252,0.5084898,-0.5036653,0.4952048,0.492475,
1,1,2.447,0.2657805,0.04695261,-1.017252,0.5084898,-0.5036653,0.4952048,0.492475,
1,1,2.449,0.2657805,0.04695261,-1.017252,0.5084898,-0.5036653,0.4952048,0.492475,
1,1,2.451,0.2657805,0.04695261,-1.017252,0.5084898,-0.5036653,0.4952048,0.492475,
1,1,2.453,0.265779,0.04697694,-1.017248,0.5084974,-0.5036575,0.4952135,0.4924664,
1,1,2.455,0.265779,0.04697694,-1.017248,0.5084974,-0.5036575,0.4952135,0.4924664,
1,1,2.457,0.265779,0.04697694,-1.017248,0.5084974,-0.5036575,0.4952135,0.4924664,
1,1,2.459,0.265779,0.04697694,-1.017248,0.5084974,-0.5036575,0.4952135,0.4924664,
1,1,2.461,0.2657748,0.04696668,-1.017254,0.5084853,-0.5036433,0.4952232,0.4924837,
1,1,2.463,0.2657748,0.04696668,-1.017254,0.5084853,-0.5036433,0.4952232,0.4924837,
1,1,2.465,0.2657748,0.04696668,-1.017254,0.5084853,-0.5036433,0.4952232,0.4924837,
1,1,2.467,0.2657748,0.04696668,-1.017254,0.5084853,-0.5036433,0.4952232,0.4924837,
1,1,2.469,0.2657723,0.04697213,-1.017258,0.5084866,-0.5036317,0.4952275,0.49249,
1,1,2.471,0.2657723,0.04697213,-1.017258,0.5084866,-0.5036317,0.4952275,0.49249,
1,1,2.473,0.2657723,0.04697213,-1.017258,0.5084866,-0.5036317,0.4952275,0.49249,
1,1,2.475,0.2657723,0.04697213,-1.017258,0.5084866,-0.5036317,0.4952275,0.49249,
1,1,2.477,0.2657817,0.04694031,-1.017261,0.5084743,-0.503648,0.4952146,0.4924991,
1,1,2.479,0.2657817,0.04694031,-1.017261,0.5084743,-0.503648,0.4952146,0.4924991,
1,1,2.481,0.2657817,0.04694031,-1.017261,0.5084743,-0.503648,0.4952146,0.4924991,
1,1,2.483,0.2657817,0.04694031,-1.017261,0.5084743,-0.503648,0.4952146,0.4924991,
1,1,2.485,0.2657819,0.0469227,-1.017275,0.5084725,-0.5036628,0.4951941,0.4925062,
1,1,2.487,0.2657819,0.0469227,-1.017275,0.5084725,-0.5036628,0.4951941,0.4925062,
1,1,2.489,0.2657819,0.0469227,-1.017275,0.5084725,-0.5036628,0.4951941,0.4925062,
1,1,2.491,0.2657819,0.0469227,-1.017275,0.5084725,-0.5036628,0.4951941,0.4925062,
1,1,2.493,0.2657819,0.0469227,-1.017275,0.5084725,-0.5036628,0.4951941,0.4925062,
1,1,2.495,0.2657808,0.04693029,-1.017269,0.5084752,-0.5036586,0.4951977,0.4925042,
1,1,2.497,0.2657808,0.04693029,-1.017269,0.5084752,-0.5036586,0.4951977,0.4925042,
1,1,2.499,0.2657808,0.04693029,-1.017269,0.5084752,-0.5036586,0.4951977,0.4925042,
1,1,2.501,0.2657808,0.04693029,-1.017269,0.5084752,-0.5036586,0.4951977,0.4925042,
1,1,2.503,0.2657766,0.04694509,-1.017254,0.5084751,-0.5036505,0.4952133,0.4924968,
1,1,2.505,0.2657766,0.04694509,-1.017254,0.5084751,-0.5036505,0.4952133,0.4924968,
1,1,2.507,0.2657766,0.04694509,-1.017254,0.5084751,-0.5036505,0.4952133,0.4924968,
1,1,2.509,0.2657766,0.04694509,-1.017254,0.5084751,-0.5036505,0.4952133,0.4924968,
1,1,2.511,0.2657768,0.04695422,-1.017255,0.5084637,-0.5036364,0.4952266,0.4925096,
1,1,2.513,0.2657768,0.04695422,-1.017255,0.5084637,-0.5036364,0.4952266,0.4925096,
1,1,2.515,0.2657768,0.04695422,-1.017255,0.5084637,-0.5036364,0.4952266,0.4925096,
1,1,2.517,0.2657768,0.04695422,-1.017255,0.5084637,-0.5036364,0.4952266,0.4925096,
1,1,2.519,0.2657924,0.0469671,-1.017257,0.5084919,-0.5036461,0.4952149,0.4924822,
1,1,2.521,0.2657924,0.0469671,-1.017257,0.5084919,-0.5036461,0.4952149,0.4924822,
1,1,2.523,0.2657924,0.0469671,-1.017257,0.5084919,-0.5036461,0.4952149,0.4924822,
1,1,2.525,0.2657924,0.0469671,-1.017257,0.5084919,-0.5036461,0.4952149,0.4924822,
1,1,2.527,0.2657926,0.04695548,-1.017246,0.5084854,-0.5036542,0.4952152,0.4924804,
1,1,2.529,0.2657926,0.04695548,-1.017246,0.5084854,-0.5036542,0.4952152,0.4924804,
1,1,2.531,0.2657926,0.04695548,-1.017246,0.5084854,-0.5036542,0.4952152,0.4924804,
1,1,2.533,0.2657926,0.04695548,-1.017246,0.5084854,-0.5036542,0.4952152,0.4924804,
1,1,2.535,0.2657847,0.04694335,-1.017246,0.5084742,-0.5036631,0.495212,0.4924861,
1,1,2.537,0.2657847,0.04694335,-1.017246,0.5084742,-0.5036631,0.495212,0.4924861,
1,1,2.539,0.2657847,0.04694335,-1.017246,0.5084742,-0.5036631,0.495212,0.4924861,
1,1,2.541,0.2657847,0.04694335,-1.017246,0.5084742,-0.5036631,0.495212,0.4924861,
1,1,2.543,0.2657847,0.04694335,-1.017246,0.5084742,-0.5036631,0.495212,0.4924861,
1,1,2.545,0.2657816,0.04694195,-1.017256,0.5084806,-0.5036642,0.4952067,0.4924838,
1,1,2.547,0.2657816,0.04694195,-1.017256,0.5084806,-0.5036642,0.4952067,0.4924838,
1,1,2.549,0.2657816,0.04694195,-1.017256,0.5084806,-0.5036642,0.4952067,0.4924838,
1,1,2.551,0.2657816,0.04694195,-1.017256,0.5084806,-0.5036642,0.4952067,0.4924838,
1,1,2.553,0.2657746,0.04694729,-1.017253,0.5084816,-0.5036623,0.4952095,0.4924819,
1,1,2.555,0.2657746,0.04694729,-1.017253,0.5084816,-0.5036623,0.4952095,0.4924819,
1,1,2.557,0.2657746,0.04694729,-1.017253,0.5084816,-0.5036623,0.4952095,0.4924819,
1,1,2.559,0.2657746,0.04694729,-1.017253,0.5084816,-0.5036623,0.4952095,0.4924819,
1,1,2.561,0.2657793,0.04693555,-1.017261,0.5084758,-0.5036563,0.4952075,0.4924959,
1,1,2.563,0.2657793,0.04693555,-1.017261,0.5084758,-0.5036563,0.4952075,0.4924959,
1,1,2.565,0.2657793,0.04693555,-1.017261,0.5084758,-0.5036563,0.4952075,0.4924959,
1,1,2.567,0.2657793,0.04693555,-1.017261,0.5084758,-0.5036563,0.4952075,0.4924959,
1,1,2.569,0.2657934,0.04694603,-1.017259,0.5084597,-0.503633,0.4952323,0.4925116,
1,1,2.571,0.2657934,0.04694603,-1.017259,0.5084597,-0.503633,0.4952323,0.4925116,
1,1,2.573,0.2657934,0.04694603,-1.017259,0.5084597,-0.503633,0.4952323,0.4925116,
1,1,2.575,0.2657934,0.04694603,-1.017259,0.5084597,-0.503633,0.4952323,0.4925116,
1,1,2.577,0.2657873,0.04695278,-1.017263,0.5084779,-0.5036432,0.4952178,0.4924968,
1,1,2.579,0.2657873,0.04695278,-1.017263,0.5084779,-0.5036432,0.4952178,0.4924968,
1,1,2.581,0.2657873,0.04695278,-1.017263,0.5084779,-0.5036432,0.4952178,0.4924968,
1,1,2.583,0.2657873,0.04695278,-1.017263,0.5084779,-0.5036432,0.4952178,0.4924968,
1,1,2.585,0.2657869,0.04694839,-1.017261,0.5084726,-0.5036442,0.495222,0.492497,
1,1,2.587,0.2657869,0.04694839,-1.017261,0.5084726,-0.5036442,0.495222,0.492497,
1,1,2.589,0.2657869,0.04694839,-1.017261,0.5084726,-0.5036442,0.495222,0.492497,
1,1,2.591,0.2657869,0.04694839,-1.017261,0.5084726,-0.5036442,0.495222,0.492497,
1,1,2.593,0.2657869,0.04694839,-1.017261,0.5084726,-0.5036442,0.495222,0.492497,
1,1,2.595,0.2657923,0.04693528,-1.01725,0.508471,-0.5036692,0.4952043,0.492491,
1,1,2.597,0.2657923,0.04693528,-1.01725,0.508471,-0.5036692,0.4952043,0.492491,
1,1,2.599,0.2657923,0.04693528,-1.01725,0.508471,-0.5036692,0.4952043,0.492491,
1,1,2.601,0.2657923,0.04693528,-1.01725,0.508471,-0.5036692,0.4952043,0.492491,
1,1,2.603,0.2657918,0.04693083,-1.017246,0.508475,-0.5036802,0.4951937,0.4924862,
1,1,2.605,0.2657918,0.04693083,-1.017246,0.508475,-0.5036802,0.4951937,0.4924862,
1,1,2.607,0.2657918,0.04693083,-1.017246,0.508475,-0.5036802,0.4951937,0.4924862,
1,1,2.609,0.2657918,0.04693083,-1.017246,0.508475,-0.5036802,0.4951937,0.4924862,
1,1,2.611,0.2657816,0.04694205,-1.017233,0.5084782,-0.5036861,0.4951958,0.4924748,
1,1,2.613,0.2657816,0.04694205,-1.017233,0.5084782,-0.5036861,0.4951958,0.4924748,
1,1,2.615,0.2657816,0.04694205,-1.017233,0.5084782,-0.5036861,0.4951958,0.4924748,
1,1,2.617,0.2657816,0.04694205,-1.017233,0.5084782,-0.5036861,0.4951958,0.4924748,
1,1,2.619,0.2657821,0.04693292,-1.017252,0.5084741,-0.503671,0.4952002,0.4924901,
1,1,2.621,0.2657821,0.04693292,-1.017252,0.5084741,-0.503671,0.4952002,0.4924901,
1,1,2.623,0.2657821,0.04693292,-1.017252,0.5084741,-0.503671,0.4952002,0.4924901,
1,1,2.625,0.2657821,0.04693292,-1.017252,0.5084741,-0.503671,0.4952002,0.4924901,
1,1,2.627,0.2657797,0.04692688,-1.017259,0.5084659,-0.5036626,0.4952052,0.4925021,
1,1,2.629,0.2657797,0.04692688,-1.017259,0.5084659,-0.5036626,0.4952052,0.4925021,
1,1,2.631,0.2657797,0.04692688,-1.017259,0.5084659,-0.5036626,0.4952052,0.4925021,
1,1,2.633,0.2657797,0.04692688,-1.017259,0.5084659,-0.5036626,0.4952052,0.4925021,
1,1,2.635,0.2657813,0.04693068,-1.017263,0.5084702,-0.5036576,0.4952038,0.4925041,
1,1,2.637,0.2657813,0.04693068,-1.017263,0.5084702,-0.5036576,0.4952038,0.4925041,
1,1,2.639,0.2657813,0.04693068,-1.017263,0.5084702,-0.5036576,0.4952038,0.4925041,
1,1,2.641,0.2657813,0.04693068,-1.017263,0.5084702,-0.5036576,0.4952038,0.4925041,
1,1,2.643,0.2657813,0.04693068,-1.017263,0.5084702,-0.5036576,0.4952038,0.4925041,
1,1,2.645,0.2657934,0.04692824,-1.017259,0.5084599,-0.5036482,0.4952166,0.4925115,
1,1,2.647,0.2657934,0.04692824,-1.017259,0.5084599,-0.5036482,0.4952166,0.4925115,
1,1,2.649,0.2657934,0.04692824,-1.017259,0.5084599,-0.5036482,0.4952166,0.4925115,
1,1,2.651,0.2657934,0.04692824,-1.017259,0.5084599,-0.5036482,0.4952166,0.4925115,
1,1,2.653,0.2657946,0.04693028,-1.017256,0.5084544,-0.5036494,0.4952188,0.4925137,
1,1,2.655,0.2657946,0.04693028,-1.017256,0.5084544,-0.5036494,0.4952188,0.4925137,
1,1,2.657,0.2657946,0.04693028,-1.017256,0.5084544,-0.5036494,0.4952188,0.4925137,
1,1,2.659,0.2657946,0.04693028,-1.017256,0.5084544,-0.5036494,0.4952188,0.4925137,
1,1,2.661,0.2657815,0.0469454,-1.017234,0.5084606,-0.5036464,0.4952305,0.4924986,
1,1,2.663,0.2657815,0.0469454,-1.017234,0.5084606,-0.5036464,0.4952305,0.4924986,
1,1,2.665,0.2657815,0.0469454,-1.017234,0.5084606,-0.5036464,0.4952305,0.4924986,
1,1,2.667,0.2657815,0.0469454,-1.017234,0.5084606,-0.5036464,0.4952305,0.4924986,
1,1,2.669,0.2657936,0.04696427,-1.017254,0.5084758,-0.5036406,0.4952258,0.4924937,
1,1,2.671,0.2657936,0.04696427,-1.017254,0.5084758,-0.5036406,0.4952258,0.4924937,
1,1,2.673,0.2657936,0.04696427,-1.017254,0.5084758,-0.5036406,0.4952258,0.4924937,
1,1,2.675,0.2657936,0.04696427,-1.017254,0.5084758,-0.5036406,0.4952258,0.4924937,
1,1,2.677,0.2657861,0.04696108,-1.017248,0.5084643,-0.503639,0.4952344,0.4924985,
1,1,2.679,0.2657861,0.04696108,-1.017248,0.5084643,-0.503639,0.4952344,0.4924985,
1,1,2.681,0.2657861,0.04696108,-1.017248,0.5084643,-0.503639,0.4952344,0.4924985,
1,1,2.683,0.2657861,0.04696108,-1.017248,0.5084643,-0.503639,0.4952344,0.4924985,
1,1,2.685,0.2657856,0.04697218,-1.017253,0.5084851,-0.5036384,0.4952287,0.4924834,
1,1,2.687,0.2657856,0.04697218,-1.017253,0.5084851,-0.5036384,0.4952287,0.4924834,
1,1,2.689,0.2657856,0.04697218,-1.017253,0.5084851,-0.5036384,0.4952287,0.4924834,
1,1,2.691,0.2657856,0.04697218,-1.017253,0.5084851,-0.5036384,0.4952287,0.4924834,
1,1,2.693,0.2657856,0.04697218,-1.017253,0.5084851,-0.5036384,0.4952287,0.4924834,
1,1,2.695,0.2657856,0.04697248,-1.017265,0.5085029,-0.503634,0.4952199,0.4924784,
1,1,2.697,0.2657856,0.04697248,-1.017265,0.5085029,-0.503634,0.4952199,0.4924784,
1,1,2.699,0.2657856,0.04697248,-1.017265,0.5085029,-0.503634,0.4952199,0.4924784,
1,1,2.701,0.2657856,0.04697248,-1.017265,0.5085029,-0.503634,0.4952199,0.4924784,
1,1,2.703,0.2657887,0.04697024,-1.017255,0.5084842,-0.5036361,0.4952258,0.4924897,
1,1,2.705,0.2657887,0.04697024,-1.017255,0.5084842,-0.5036361,0.4952258,0.4924897,
1,1,2.707,0.2657887,0.04697024,-1.017255,0.5084842,-0.5036361,0.4952258,0.4924897,
1,1,2.709,0.2657887,0.04697024,-1.017255,0.5084842,-0.5036361,0.4952258,0.4924897,
1,1,2.711,0.2657844,0.0468975,-1.017234,0.5084458,-0.5036874,0.4951949,0.4925077,
1,1,2.713,0.2657844,0.0468975,-1.017234,0.5084458,-0.5036874,0.4951949,0.4925077,
1,1,2.715,0.2657844,0.0468975,-1.017234,0.5084458,-0.5036874,0.4951949,0.4925077,
1,1,2.717,0.2657844,0.0468975,-1.017234,0.5084458,-0.5036874,0.4951949,0.4925077,
1,1,2.719,0.2657876,0.04689761,-1.017238,0.5084536,-0.5036951,0.4951849,0.492502,
1,1,2.721,0.2657876,0.04689761,-1.017238,0.5084536,-0.5036951,0.4951849,0.492502,
1,1,2.723,0.2657876,0.04689761,-1.017238,0.5084536,-0.5036951,0.4951849,0.492502,
1,1,2.725,0.2657876,0.04689761,-1.017238,0.5084536,-0.5036951,0.4951849,0.492502,
1,1,2.727,0.2657794,0.04691147,-1.017235,0.5084509,-0.5036877,0.4952022,0.4924949,
1,1,2.729,0.2657794,0.04691147,-1.017235,0.5084509,-0.5036877,0.4952022,0.4924949,
1,1,2.731,0.2657794,0.04691147,-1.017235,0.5084509,-0.5036877,0.4952022,0.4924949,
1,1,2.733,0.2657794,0.04691147,-1.017235,0.5084509,-0.5036877,0.4952022,0.4924949,
1,1,2.735,0.2657895,0.04694108,-1.017246,0.5084762,-0.5036695,0.4952054,0.4924841,
1,1,2.737,0.2657895,0.04694108,-1.017246,0.5084762,-0.5036695,0.4952054,0.4924841,
1,1,2.739,0.2657895,0.04694108,-1.017246,0.5084762,-0.5036695,0.4952054,0.4924841,
1,1,2.741,0.2657895,0.04694108,-1.017246,0.5084762,-0.5036695,0.4952054,0.4924841,
1,1,2.743,0.2657895,0.04694108,-1.017246,0.5084762,-0.5036695,0.4952054,0.4924841,
1,1,2.745,0.2657908,0.04693951,-1.01724,0.5084842,-0.5036712,0.4952109,0.4924687,
1,1,2.747,0.2657908,0.04693951,-1.01724,0.5084842,-0.5036712,0.4952109,0.4924687,
1,1,2.749,0.2657908,0.04693951,-1.01724,0.5084842,-0.5036712,0.4952109,0.4924687,
1,1,2.751,0.2657908,0.04693951,-1.01724,0.5084842,-0.5036712,0.4952109,0.4924687,
1,1,2.753,0.2657903,0.04693503,-1.017246,0.5084825,-0.503668,0.4952103,0.4924741,
1,1,2.755,0.2657903,0.04693503,-1.017246,0.5084825,-0.503668,0.4952103,0.4924741,CourtEnter
1,1,2.757,0.2657903,0.04693503,-1.017246,0.5084825,-0.503668,0.4952103,0.4924741,
1,1,2.759,0.2657903,0.04693503,-1.017246,0.5084825,-0.503668,0.4952103,0.4924741,
1,1,2.761,0.2657834,0.04691909,-1.017247,0.5084825,-0.5036852,0.4951906,0.4924766,
1,1,2.763,0.2657834,0.04691909,-1.017247,0.5084825,-0.5036852,0.4951906,0.4924766,
1,1,2.765,0.2657834,0.04691909,-1.017247,0.5084825,-0.5036852,0.4951906,0.4924766,
1,1,2.767,0.2657834,0.04691909,-1.017247,0.5084825,-0.5036852,0.4951906,0.4924766,CourtExit
1,1,2.769,0.2657802,0.04693062,-1.017235,0.5084703,-0.5036873,0.4951999,0.4924776,
1,1,2.771,0.2657802,0.04693062,-1.017235,0.5084703,-0.5036873,0.4951999,0.4924776,
1,1,2.773,0.2657802,0.04693062,-1.017235,0.5084703,-0.5036873,0.4951999,0.4924776,
1,1,2.775,0.2657802,0.04693062,-1.017235,0.5084703,-0.5036873,0.4951999,0.4924776,
1,1,2.777,0.2657725,0.04693025,-1.017225,0.5084707,-0.5036929,0.4952002,0.4924711,
1,1,2.779,0.2657725,0.04693025,-1.017225,0.5084707,-0.5036929,0.4952002,0.4924711,
1,1,2.781,0.2657725,0.04693025,-1.017225,0.5084707,-0.5036929,0.4952002,0.4924711,
1,1,2.783,0.2657725,0.04693025,-1.017225,0.5084707,-0.5036929,0.4952002,0.4924711,
1,1,2.785,0.2657876,0.04692898,-1.01724,0.5084726,-0.5036796,0.4951945,0.4924885,
1,1,2.787,0.2657876,0.04692898,-1.01724,0.5084726,-0.5036796,0.4951945,0.4924885,
1,1,2.789,0.2657876,0.04692898,-1.01724,0.5084726,-0.5036796,0.4951945,0.4924885,
1,1,2.791,0.2657876,0.04692898,-1.01724,0.5084726,-0.5036796,0.4951945,0.4924885,
1,1,2.793,0.2657876,0.04692898,-1.01724,0.5084726,-0.5036796,0.4951945,0.4924885,
1,1,2.795,0.2657915,0.04692093,-1.017259,0.5084788,-0.5036659,0.4951939,0.4924968,
1,1,2.797,0.2657915,0.04692093,-1.017259,0.5084788,-0.5036659,0.4951939,0.4924968,
1,1,2.799,0.2657915,0.04692093,-1.017259,0.5084788,-0.5036659,0.4951939,0.4924968,
1,1,2.801,0.2657915,0.04692093,-1.017259,0.5084788,-0.5036659,0.4951939,0.4924968,
1,1,2.803,0.2657853,0.04694452,-1.017265,0.5084797,-0.5036517,0.4952081,0.4924961,
1,1,2.805,0.2657853,0.04694452,-1.017265,0.5084797,-0.5036517,0.4952081,0.4924961,
1,1,2.807,0.2657853,0.04694452,-1.017265,0.5084797,-0.5036517,0.4952081,0.4924961,
1,1,2.809,0.2657853,0.04694452,-1.017265,0.5084797,-0.5036517,0.4952081,0.4924961,
1,1,2.811,0.2657839,0.04693408,-1.01725,0.5084603,-0.503659,0.4952153,0.4925014,
1,1,2.813,0.2657839,0.04693408,-1.01725,0.5084603,-0.503659,0.4952153,0.4925014,
1,1,2.815,0.2657839,0.04693408,-1.01725,0.5084603,-0.503659,0.4952153,0.4925014,
1,1,2.817,0.2657839,0.04693408,-1.01725,0.5084603,-0.503659,0.4952153,0.4925014,
1,1,2.819,0.2657853,0.04693653,-1.017239,0.5084447,-0.5036452,0.4952348,0.4925119,
1,1,2.821,0.2657853,0.04693653,-1.017239,0.5084447,-0.5036452,0.4952348,0.4925119,
1,1,2.823,0.2657853,0.04693653,-1.017239,0.5084447,-0.5036452,0.4952348,0.4925119,
1,1,2.825,0.2657853,0.04693653,-1.017239,0.5084447,-0.5036452,0.4952348,0.4925119,
1,1,2.827,0.2657751,0.04694365,-1.017261,0.5084632,-0.5036353,0.4952364,0.4925014,
1,1,2.829,0.2657751,0.04694365,-1.017261,0.5084632,-0.5036353,0.4952364,0.4925014,
1,1,2.831,0.2657751,0.04694365,-1.017261,0.5084632,-0.5036353,0.4952364,0.4925014,
1,1,2.833,0.2657751,0.04694365,-1.017261,0.5084632,-0.5036353,0.4952364,0.4925014,
1,1,2.835,0.2657747,0.04693976,-1.017263,0.5084614,-0.5036321,0.4952337,0.4925091,
1,1,2.837,0.2657747,0.04693976,-1.017263,0.5084614,-0.5036321,0.4952337,0.4925091,
1,1,2.839,0.2657747,0.04693976,-1.017263,0.5084614,-0.5036321,0.4952337,0.4925091,
1,1,2.841,0.2657747,0.04693976,-1.017263,0.5084614,-0.5036321,0.4952337,0.4925091,
1,1,2.843,0.2657747,0.04693976,-1.017263,0.5084614,-0.5036321,0.4952337,0.4925091,
1,1,2.845,0.2657756,0.04692912,-1.017261,0.508467,-0.5036446,0.4952184,0.4925059,
1,1,2.847,0.2657756,0.04692912,-1.017261,0.508467,-0.5036446,0.4952184,0.4925059,
1,1,2.849,0.2657756,0.04692912,-1.017261,0.508467,-0.5036446,0.4952184,0.4925059,
1,1,2.851,0.2657756,0.04692912,-1.017261,0.508467,-0.5036446,0.4952184,0.4925059,
1,1,2.853,0.265781,0.04692982,-1.017248,0.5084692,-0.5036578,0.4952125,0.4924962,
1,1,2.855,0.265781,0.04692982,-1.017248,0.5084692,-0.5036578,0.4952125,0.4924962,
1,1,2.857,0.265781,0.04692982,-1.017248,0.5084692,-0.5036578,0.4952125,0.4924962,
1,1,2.859,0.265781,0.04692982,-1.017248,0.5084692,-0.5036578,0.4952125,0.4924962,
1,1,2.861,0.2657909,0.04691571,-1.017264,0.5084547,-0.5036579,0.4951997,0.4925242,
1,1,2.863,0.2657909,0.04691571,-1.017264,0.5084547,-0.5036579,0.4951997,0.4925242,
1,1,2.865,0.2657909,0.04691571,-1.017264,0.5084547,-0.5036579,0.4951997,0.4925242,
1,1,2.867,0.2657909,0.04691571,-1.017264,0.5084547,-0.5036579,0.4951997,0.4925242,
1,1,2.869,0.2657821,0.04694503,-1.017244,0.5084598,-0.5036357,0.4952338,0.4925071,
1,1,2.871,0.2657821,0.04694503,-1.017244,0.5084598,-0.5036357,0.4952338,0.4925071,
1,1,2.873,0.2657821,0.04694503,-1.017244,0.5084598,-0.5036357,0.4952338,0.4925071,
1,1,2.875,0.2657821,0.04694503,-1.017244,0.5084598,-0.5036357,0.4952338,0.4925071,
1,1,2.877,0.2657845,0.04695507,-1.017241,0.5084659,-0.5036317,0.4952399,0.4924988,
1,1,2.879,0.2657845,0.04695507,-1.017241,0.5084659,-0.5036317,0.4952399,0.4924988,
1,1,2.881,0.2657845,0.04695507,-1.017241,0.5084659,-0.5036317,0.4952399,0.4924988,
1,1,2.883,0.2657845,0.04695507,-1.017241,0.5084659,-0.5036317,0.4952399,0.4924988,
1,1,2.885,0.2657809,0.04692946,-1.017235,0.5084522,-0.5036449,0.4952275,0.4925119,
1,1,2.887,0.2657809,0.04692946,-1.017235,0.5084522,-0.5036449,0.4952275,0.4925119,
1,1,2.889,0.2657809,0.04692946,-1.017235,0.5084522,-0.5036449,0.4952275,0.4925119,
1,1,2.891,0.2657809,0.04692946,-1.017235,0.5084522,-0.5036449,0.4952275,0.4925119,
1,1,2.893,0.2657809,0.04692946,-1.017235,0.5084522,-0.5036449,0.4952275,0.4925119,
1,1,2.895,0.2657813,0.0469157,-1.017221,0.5084462,-0.5036735,0.4952154,0.4925011,
1,1,2.897,0.2657813,0.0469157,-1.017221,0.5084462,-0.5036735,0.4952154,0.4925011,
1,1,2.899,0.2657813,0.0469157,-1.017221,0.5084462,-0.5036735,0.4952154,0.4925011,
1,1,2.901,0.2657813,0.0469157,-1.017221,0.5084462,-0.5036735,0.4952154,0.4925011,
1,1,2.903,0.2657914,0.04691306,-1.017228,0.5084667,-0.5036868,0.4951965,0.4924852,
1,1,2.905,0.2657914,0.04691306,-1.017228,0.5084667,-0.5036868,0.4951965,0.4924852,
1,1,2.907,0.2657914,0.04691306,-1.017228,0.5084667,-0.5036868,0.4951965,0.4924852,
1,1,2.909,0.2657914,0.04691306,-1.017228,0.5084667,-0.5036868,0.4951965,0.4924852,
1,1,2.911,0.2657976,0.04691329,-1.01724,0.5084732,-0.5036859,0.4951925,0.4924836,
1,1,2.913,0.2657976,0.04691329,-1.01724,0.5084732,-0.5036859,0.4951925,0.4924836,
1,1,2.915,0.2657976,0.04691329,-1.01724,0.5084732,-0.5036859,0.4951925,0.4924836,
1,1,2.917,0.2657976,0.04691329,-1.01724,0.5084732,-0.5036859,0.4951925,0.4924836,
1,1,2.919,0.2657869,0.0469179,-1.017234,0.5084623,-0.5036697,0.4952109,0.4924928,
1,1,2.921,0.2657869,0.0469179,-1.017234,0.5084623,-0.5036697,0.4952109,0.4924928,
1,1,2.923,0.2657869,0.0469179,-1.017234,0.5084623,-0.5036697,0.4952109,0.4924928,
1,1,2.925,0.2657869,0.0469179,-1.017234,0.5084623,-0.5036697,0.4952109,0.4924928,
1,1,2.927,0.265793,0.04693639,-1.017239,0.5084575,-0.5036467,0.4952306,0.4925015,
1,1,2.929,0.265793,0.04693639,-1.017239,0.5084575,-0.5036467,0.4952306,0.4925015,
1,1,2.931,0.265793,0.04693639,-1.017239,0.5084575,-0.5036467,0.4952306,0.4925015,
1,1,2.933,0.265793,0.04693639,-1.017239,0.5084575,-0.5036467,0.4952306,0.4925015,
1,1,2.935,0.2657887,0.04693725,-1.017235,0.5084578,-0.5036492,0.4952247,0.4925045,
1,1,2.937,0.2657887,0.04693725,-1.017235,0.5084578,-0.5036492,0.4952247,0.4925045,
1,1,2.939,0.2657887,0.04693725,-1.017235,0.5084578,-0.5036492,0.4952247,0.4925045,
1,1,2.941,0.2657887,0.04693725,-1.017235,0.5084578,-0.5036492,0.4952247,0.4925045,
1,1,2.943,0.2657906,0.04695651,-1.017241,0.5084631,-0.5036406,0.4952345,0.492498,
1,1,2.945,0.2657906,0.04695651,-1.017241,0.5084631,-0.5036406,0.4952345,0.492498,
1,1,2.947,0.2657906,0.04695651,-1.017241,0.5084631,-0.5036406,0.4952345,0.492498,
1,1,2.949,0.2657906,0.04695651,-1.017241,0.5084631,-0.5036406,0.4952345,0.492498,
1,1,2.951,0.2657906,0.04695651,-1.017241,0.5084631,-0.5036406,0.4952345,0.492498,
1,1,2.953,0.2657869,0.04694504,-1.017206,0.5084323,-0.5036538,0.4952502,0.4925005,
1,1,2.955,0.2657869,0.04694504,-1.017206,0.5084323,-0.5036538,0.4952502,0.4925005,
1,1,2.957,0.2657869,0.04694504,-1.017206,0.5084323,-0.5036538,0.4952502,0.4925005,
1,1,2.959,0.2657869,0.04694504,-1.017206,0.5084323,-0.5036538,0.4952502,0.4925005,
1,1,2.961,0.2657889,0.04692546,-1.017212,0.5084342,-0.5036612,0.4952326,0.4925086,
1,1,2.963,0.2657889,0.04692546,-1.017212,0.5084342,-0.5036612,0.4952326,0.4925086,
1,1,2.965,0.2657889,0.04692546,-1.017212,0.5084342,-0.5036612,0.4952326,0.4925086,
1,1,2.967,0.2657889,0.04692546,-1.017212,0.5084342,-0.5036612,0.4952326,0.4925086,
1,1,2.969,0.2657866,0.04693556,-1.017251,0.5084874,-0.5036669,0.4951942,0.4924865,
1,1,2.971,0.2657866,0.04693556,-1.017251,0.5084874,-0.5036669,0.4951942,0.4924865,
1,1,2.973,0.2657866,0.04693556,-1.017251,0.5084874,-0.5036669,0.4951942,0.4924865,
1,1,2.975,0.2657866,0.04693556,-1.017251,0.5084874,-0.5036669,0.4951942,0.4924865,
1,1,2.977,0.2657867,0.04693786,-1.017259,0.5084911,-0.503673,0.4951897,0.492481,
1,1,2.979,0.2657867,0.04693786,-1.017259,0.5084911,-0.503673,0.4951897,0.492481,
1,1,2.981,0.2657867,0.04693786,-1.017259,0.5084911,-0.503673,0.4951897,0.492481,
1,1,2.983,0.2657867,0.04693786,-1.017259,0.5084911,-0.503673,0.4951897,0.492481,
1,1,2.985,0.2657854,0.04693791,-1.017235,0.5084827,-0.5036777,0.4952009,0.4924736,
1,1,2.987,0.2657854,0.04693791,-1.017235,0.5084827,-0.5036777,0.4952009,0.4924736,
1,1,2.989,0.2657854,0.04693791,-1.017235,0.5084827,-0.5036777,0.4952009,0.4924736,
1,1,2.991,0.2657854,0.04693791,-1.017235,0.5084827,-0.5036777,0.4952009,0.4924736,
1,1,2.993,0.2657871,0.04695114,-1.017221,0.5084747,-0.5036811,0.4952104,0.4924688,
1,1,2.995,0.2657871,0.04695114,-1.017221,0.5084747,-0.5036811,0.4952104,0.4924688,
1,1,2.997,0.2657871,0.04695114,-1.017221,0.5084747,-0.5036811,0.4952104,0.4924688,
1,1,2.999,0.2657871,0.04695114,-1.017221,0.5084747,-0.5036811,0.4952104,0.4924688,
1,2,3.001,0.2657871,0.04695114,-1.017221,0.5084747,-0.5036811,0.4952104,0.4924688,TrialStart
1,2,3.003,0.2657788,0.0469318,-1.017226,0.5084775,-0.5036773,0.4952057,0.4924745,
1,2,3.005,0.2657788,0.0469318,-1.017226,0.5084775,-0.5036773,0.4952057,0.4924745,
1,2,3.007,0.2657788,0.0469318,-1.017226,0.5084775,-0.5036773,0.4952057,0.4924745,
1,2,3.009,0.2657788,0.0469318,-1.017226,0.5084775,-0.5036773,0.4952057,0.4924745,
1,2,3.011,0.2657847,0.04691852,-1.017223,0.5084634,-0.5036779,0.4952035,0.4924906,
1,2,3.013,0.2657847,0.04691852,-1.017223,0.5084634,-0.5036779,0.4952035,0.4924906,
1,2,3.015,0.2657847,0.04691852,-1.017223,0.5084634,-0.5036779,0.4952035,0.4924906,
1,2,3.017,0.2657847,0.04691852,-1.017223,0.5084634,-0.5036779,0.4952035,0.4924906,
1,2,3.019,0.2657884,0.04693034,-1.01724,0.5084598,-0.5036685,0.4952065,0.492501,
1,2,3.021,0.2657884,0.04693034,-1.01724,0.5084598,-0.5036685,0.4952065,0.492501,
1,2,3.023,0.2657884,0.04693034,-1.01724,0.5084598,-0.5036685,0.4952065,0.492501,
1,2,3.025,0.2657884,0.04693034,-1.01724,0.5084598,-0.5036685,0.4952065,0.492501,
1,2,3.027,0.2658007,0.04693193,-1.017228,0.5084568,-0.5036677,0.495217,0.4924946,
1,2,3.029,0.2658007,0.04693193,-1.017228,0.5084568,-0.5036677,0.495217,0.4924946,
1,2,3.031,0.2658007,0.04693193,-1.017228,0.5084568,-0.5036677,0.495217,0.4924946,
1,2,3.033,0.2658007,0.04693193,-1.017228,0.5084568,-0.5036677,0.495217,0.4924946,
1,2,3.035,0.2657918,0.0469328,-1.01721,0.5084566,-0.5036706,0.495225,0.4924837,
1,2,3.037,0.2657918,0.0469328,-1.01721,0.5084566,-0.5036706,0.495225,0.4924837,
1,2,3.039,0.2657918,0.0469328,-1.01721,0.5084566,-0.5036706,0.495225,0.4924837,
1,2,3.041,0.2657918,0.0469328,-1.01721,0.5084566,-0.5036706,0.495225,0.4924837,
1,2,3.043,0.2657831,0.04695141,-1.017223,0.5084696,-0.5036684,0.4952237,0.4924737,
1,2,3.045,0.2657831,0.04695141,-1.017223,0.5084696,-0.5036684,0.4952237,0.4924737,
1,2,3.047,0.2657831,0.04695141,-1.017223,0.5084696,-0.5036684,0.4952237,0.4924737,
1,2,3.049,0.2657831,0.04695141,-1.017223,0.5084696,-0.5036684,0.4952237,0.4924737,
1,2,3.051,0.2657831,0.04695141,-1.017223,0.5084696,-0.5036684,0.4952237,0.4924737,
1,2,3.053,0.2657783,0.04693997,-1.017251,0.5084844,-0.5036746,0.4951987,0.4924773,
1,2,3.055,0.2657783,0.04693997,-1.017251,0.5084844,-0.5036746,0.4951987,0.4924773,
1,2,3.057,0.2657783,0.04693997,-1.017251,0.5084844,-0.5036746,0.4951987,0.4924773,
1,2,3.059,0.2657783,0.04693997,-1.017251,0.5084844,-0.5036746,0.4951987,0.4924773,
1,2,3.061,0.2657863,0.04694419,-1.01725,0.5084783,-0.5036524,0.4952138,0.4924909,
1,2,3.063,0.2657863,0.04694419,-1.01725,0.5084783,-0.5036524,0.4952138,0.4924909,
1,2,3.065,0.2657863,0.04694419,-1.01725,0.5084783,-0.5036524,0.4952138,0.4924909,
1,2,3.067,0.2657863,0.04694419,-1.01725,0.5084783,-0.5036524,0.4952138,0.4924909,
1,2,3.069,0.265781,0.04695408,-1.017246,0.5084657,-0.5036406,0.4952314,0.4924984,
1,2,3.071,0.265781,0.04695408,-1.017246,0.5084657,-0.5036406,0.4952314,0.4924984,
1,2,3.073,0.265781,0.04695408,-1.017246,0.5084657,-0.5036406,0.4952314,0.4924984,
1,2,3.075,0.265781,0.04695408,-1.017246,0.5084657,-0.5036406,0.4952314,0.4924984,
1,2,3.077,0.2657743,0.04693616,-1.017246,0.5084633,-0.5036525,0.4952191,0.492501,
1,2,3.079,0.2657743,0.04693616,-1.017246,0.5084633,-0.5036525,0.4952191,0.492501,
1,2,3.081,0.2657743,0.04693616,-1.017246,0.5084633,-0.5036525,0.4952191,0.492501,
1,2,3.083,0.2657743,0.04693616,-1.017246,0.5084633,-0.5036525,0.4952191,0.492501,
1,2,3.085,0.2657918,0.04693232,-1.017251,0.5084628,-0.5036462,0.4952182,0.4925092,
1,2,3.087,0.2657918,0.04693232,-1.017251,0.5084628,-0.5036462,0.4952182,0.4925092,
1,2,3.089,0.2657918,0.04693232,-1.017251,0.5084628,-0.5036462,0.4952182,0.4925092,
1,2,3.091,0.2657918,0.04693232,-1.017251,0.5084628,-0.5036462,0.4952182,0.4925092,
1,2,3.093,0.2657969,0.04696143,-1.017259,0.508472,-0.5036318,0.4952314,0.4925009,
1,2,3.095,0.2657969,0.04696143,-1.017259,0.508472,-0.5036318,0.4952314,0.4925009,
1,2,3.097,0.2657969,0.04696143,-1.017259,0.508472,-0.5036318,0.4952314,0.4925009,
1,2,3.099,0.2657969,0.04696143,-1.017259,0.508472,-0.5036318,0.4952314,0.4925009,
1,2,3.101,0.2657969,0.04696143,-1.017259,0.508472,-0.5036318,0.4952314,0.4925009,
1,2,3.103,0.2657885,0.04695688,-1.017244,0.5084729,-0.503637,0.495232,0.4924943,
1,2,3.105,0.2657885,0.04695688,-1.017244,0.5084729,-0.503637,0.495232,0.4924943,
1,2,3.107,0.2657885,0.04695688,-1.017244,0.5084729,-0.503637,0.495232,0.4924943,
1,2,3.109,0.2657885,0.04695688,-1.017244,0.5084729,-0.503637,0.495232,0.4924943,
1,2,3.111,0.2657753,0.04693222,-1.017233,0.5084601,-0.503664,0.4952157,0.4924962,
1,2,3.113,0.2657753,0.04693222,-1.017233,0.5084601,-0.503664,0.4952157,0.4924962,
1,2,3.115,0.2657753,0.04693222,-1.017233,0.5084601,-0.503664,0.4952157,0.4924962,
1,2,3.117,0.2657753,0.04693222,-1.017233,0.5084601,-0.503664,0.4952157,0.4924962,
1,2,3.119,0.2657793,0.0469337,-1.017235,0.508458,-0.5036634,0.4952184,0.4924961,
1,2,3.121,0.2657793,0.0469337,-1.017235,0.508458,-0.5036634,0.4952184,0.4924961,
1,2,3.123,0.2657793,0.0469337,-1.017235,0.508458,-0.5036634,0.4952184,0.4924961,
1,2,3.125,0.2657793,0.0469337,-1.017235,0.508458,-0.5036634,0.4952184,0.4924961,
1,2,3.127,0.2657781,0.04692367,-1.017223,0.5084645,-0.5036818,0.4952066,0.4924825,
1,2,3.129,0.2657781,0.04692367,-1.017223,0.5084645,-0.5036818,0.4952066,0.4924825,
1,2,3.131,0.2657781,0.04692367,-1.017223,0.5084645,-0.5036818,0.4952066,0.4924825,
1,2,3.133,0.2657781,0.04692367,-1.017223,0.5084645,-0.5036818,0.4952066,0.4924825,
1,2,3.135,0.2657805,0.04693149,-1.01726,0.5084646,-0.5036544,0.4952027,0.4925143,
1,2,3.137,0.2657805,0.04693149,-1.01726,0.5084646,-0.5036544,0.4952027,0.4925143,
1,2,3.139,0.2657805,0.04693149,-1.01726,0.5084646,-0.5036544,0.4952027,0.4925143,
1,2,3.141,0.2657805,0.04693149,-1.01726,0.5084646,-0.5036544,0.4952027,0.4925143,
1,2,3.143,0.2657899,0.04692804,-1.017282,0.5084875,-0.5036655,0.4951817,0.4925005,
1,2,3.145,0.2657899,0.04692804,-1.017282,0.5084875,-0.5036655,0.4951817,0.4925005,
1,2,3.147,0.2657899,0.04692804,-1.017282,0.5084875,-0.5036655,0.4951817,0.4925005,
1,2,3.149,0.2657899,0.04692804,-1.017282,0.5084875,-0.5036655,0.4951817,0.4925005,
1,2,3.151,0.2657899,0.04692804,-1.017282,0.5084875,-0.5036655,0.4951817,0.4925005,
1,2,3.153,0.2657903,0.04693442,-1.017262,0.5084772,-0.5036505,0.4952107,0.4924973,
1,2,3.155,0.2657903,0.04693442,-1.017262,0.5084772,-0.5036505,0.4952107,0.4924973,
1,2,3.157,0.2657903,0.04693442,-1.017262,0.5084772,-0.5036505,0.4952107,0.4924973,
1,2,3.159,0.2657903,0.04693442,-1.017262,0.5084772,-0.5036505,0.4952107,0.4924973,
1,2,3.161,0.2657855,0.04691969,-1.017242,0.5084603,-0.5036622,0.4952164,0.4924971,
1,2,3.163,0.2657855,0.04691969,-1.017242,0.5084603,-0.5036622,0.4952164,0.4924971,
1,2,3.165,0.2657855,0.04691969,-1.017242,0.5084603,-0.5036622,0.4952164,0.4924971,
1,2,3.167,0.2657855,0.04691969,-1.017242,0.5084603,-0.5036622,0.4952164,0.4924971,
1,2,3.169,0.2657817,0.04693151,-1.017248,0.5084691,-0.5036548,0.4952186,0.4924934,
1,2,3.171,0.2657817,0.04693151,-1.017248,0.5084691,-0.5036548,0.4952186,0.4924934,
1,2,3.173,0.2657817,0.04693151,-1.017248,0.5084691,-0.5036548,0.4952186,0.4924934,
1,2,3.175,0.2657817,0.04693151,-1.017248,0.5084691,-0.5036548,0.4952186,0.4924934,
1,2,3.177,0.2657755,0.04692243,-1.017253,0.5084765,-0.5036649,0.4952031,0.4924911,
1,2,3.179,0.2657755,0.04692243,-1.017253,0.5084765,-0.5036649,0.4952031,0.4924911,
1,2,3.181,0.2657755,0.04692243,-1.017253,0.5084765,-0.5036649,0.4952031,0.4924911,
1,2,3.183,0.2657755,0.04692243,-1.017253,0.5084765,-0.5036649,0.4952031,0.4924911,
1,2,3.185,0.2657813,0.0469043,-1.017243,0.5084611,-0.5036804,0.4951939,0.4925002,
1,2,3.187,0.2657813,0.0469043,-1.017243,0.5084611,-0.5036804,0.4951939,0.4925002,
1,2,3.189,0.2657813,0.0469043,-1.017243,0.5084611,-0.5036804,0.4951939,0.4925002,
1,2,3.191,0.2657813,0.0469043,-1.017243,0.5084611,-0.5036804,0.4951939,0.4925002,
1,2,3.193,0.2657756,0.04692949,-1.017249,0.508454,-0.503651,0.4952189,0.4925125,
1,2,3.195,0.2657756,0.04692949,-1.017249,0.508454,-0.503651,0.4952189,0.4925125,
1,2,3.197,0.2657756,0.04692949,-1.017249,0.508454,-0.503651,0.4952189,0.4925125,
1,2,3.199,0.2657756,0.04692949,-1.017249,0.508454,-0.503651,0.4952189,0.4925125,
1,2,3.201,0.2657756,0.04692949,-1.017249,0.508454,-0.503651,0.4952189,0.4925125,
1,2,3.203,0.2657819,0.04695318,-1.017245,0.5084649,-0.5036486,0.4952271,0.4924952,
1,2,3.205,0.2657819,0.04695318,-1.017245,0.5084649,-0.5036486,0.4952271,0.4924952,
1,2,3.207,0.2657819,0.04695318,-1.017245,0.5084649,-0.5036486,0.4952271,0.4924952,
1,2,3.209,0.2657819,0.04695318,-1.017245,0.5084649,-0.5036486,0.4952271,0.4924952,
1,2,3.211,0.2657903,0.04694556,-1.017245,0.5084679,-0.5036599,0.495215,0.4924929,
1,2,3.213,0.2657903,0.04694556,-1.017245,0.5084679,-0.5036599,0.495215,0.4924929,
1,2,3.215,0.2657903,0.04694556,-1.017245,0.5084679,-0.5036599,0.495215,0.4924929,
1,2,3.217,0.2657903,0.04694556,-1.017245,0.5084679,-0.5036599,0.495215,0.4924929,
1,2,3.219,0.2657824,0.04694813,-1.017254,0.5084713,-0.503665,0.4952078,0.4924915,
1,2,3.221,0.2657824,0.04694813,-1.017254,0.5084713,-0.503665,0.4952078,0.4924915,
1,2,3.223,0.2657824,0.04694813,-1.017254,0.5084713,-0.503665,0.4952078,0.4924915,
1,2,3.225,0.2657824,0.04694813,-1.017254,0.5084713,-0.503665,0.4952078,0.4924915,
1,2,3.227,0.2657867,0.04690899,-1.017249,0.5084379,-0.5036615,0.4952091,0.4925282,
1,2,3.229,0.2657867,0.04690899,-1.017249,0.5084379,-0.5036615,0.4952091,0.4925282,
1,2,3.231,0.2657867,0.04690899,-1.017249,0.5084379,-0.5036615,0.4952091,0.4925282,
1,2,3.233,0.2657867,0.04690899,-1.017249,0.5084379,-0.5036615,0.4952091,0.4925282,
1,2,3.235,0.2657773,0.04693658,-1.017256,0.5084445,-0.5036363,0.4952293,0.4925268,
1,2,3.237,0.2657773,0.04693658,-1.017256,0.5084445,-0.5036363,0.4952293,0.4925268,
1,2,3.239,0.2657773,0.04693658,-1.017256,0.5084445,-0.5036363,0.4952293,0.4925268,
1,2,3.241,0.2657773,0.04693658,-1.017256,0.5084445,-0.5036363,0.4952293,0.4925268,
1,2,3.243,0.2657755,0.04694011,-1.017248,0.5084327,-0.5036278,0.4952474,0.4925295,
1,2,3.245,0.2657755,0.04694011,-1.017248,0.5084327,-0.5036278,0.4952474,0.4925295,
1,2,3.247,0.2657755,0.04694011,-1.017248,0.5084327,-0.5036278,0.4952474,0.4925295,
1,2,3.249,0.2657755,0.04694011,-1.017248,0.5084327,-0.5036278,0.4952474,0.4925295,
1,2,3.251,0.2657755,0.04694011,-1.017248,0.5084327,-0.5036278,0.4952474,0.4925295,
1,2,3.253,0.2657793,0.04693868,-1.017245,0.5084364,-0.5036386,0.4952423,0.4925197,
1,2,3.255,0.2657793,0.04693868,-1.017245,0.5084364,-0.5036386,0.4952423,0.4925197,
1,2,3.257,0.2657793,0.04693868,-1.017245,0.5084364,-0.5036386,0.4952423,0.4925197,
1,2,3.259,0.2657793,0.04693868,-1.017245,0.5084364,-0.5036386,0.4952423,0.4925197,
1,2,3.261,0.2657818,0.04691914,-1.017266,0.5084468,-0.5036455,0.4952179,0.4925265,
1,2,3.263,0.2657818,0.04691914,-1.017266,0.5084468,-0.5036455,0.4952179,0.4925265,
1,2,3.265,0.2657818,0.04691914,-1.017266,0.5084468,-0.5036455,0.4952179,0.4925265,
1,2,3.267,0.2657818,0.04691914,-1.017266,0.5084468,-0.5036455,0.4952179,0.4925265,
1,2,3.269,0.2657808,0.04692982,-1.017257,0.5084527,-0.5036415,0.4952271,0.4925153,
1,2,3.271,0.2657808,0.04692982,-1.017257,0.5084527,-0.5036415,0.4952271,0.4925153,
1,2,3.273,0.2657808,0.04692982,-1.017257,0.5084527,-0.5036415,0.4952271,0.4925153,
1,2,3.275,0.2657808,0.04692982,-1.017257,0.5084527,-0.5036415,0.4952271,0.4925153,
1,2,3.277,0.2657867,0.04693563,-1.01726,0.5084658,-0.5036439,0.4952214,0.492505,
1,2,3.279,0.2657867,0.04693563,-1.01726,0.5084658,-0.5036439,0.4952214,0.492505,
1,2,3.281,0.2657867,0.04693563,-1.01726,0.5084658,-0.5036439,0.4952214,0.492505,
1,2,3.283,0.2657867,0.04693563,-1.01726,0.5084658,-0.5036439,0.4952214,0.492505,
1,2,3.285,0.2657862,0.04693923,-1.017265,0.5084759,-0.5036359,0.495218,0.4925062,
1,2,3.287,0.2657862,0.04693923,-1.017265,0.5084759,-0.5036359,0.495218,0.4925062,
1,2,3.289,0.2657862,0.04693923,-1.017265,0.5084759,-0.5036359,0.495218,0.4925062,
1,2,3.291,0.2657862,0.04693923,-1.017265,0.5084759,-0.5036359,0.495218,0.4925062,
1,2,3.293,0.2657788,0.04694615,-1.017265,0.5084767,-0.5036336,0.4952168,0.4925089,
1,2,3.295,0.2657788,0.04694615,-1.017265,0.5084767,-0.5036336,0.4952168,0.4925089,
1,2,3.297,0.2657788,0.04694615,-1.017265,0.5084767,-0.5036336,0.4952168,0.4925089,
1,2,3.299,0.2657788,0.04694615,-1.017265,0.5084767,-0.5036336,0.4952168,0.4925089,
1,2,3.301,0.2657788,0.04694615,-1.017265,0.5084767,-0.5036336,0.4952168,0.4925089,
1,2,3.303,0.2657892,0.04694282,-1.01727,0.5084606,-0.5036459,0.4952142,0.4925154,
1,2,3.305,0.2657892,0.04694282,-1.01727,0.5084606,-0.5036459,0.4952142,0.4925154,
1,2,3.307,0.2657892,0.04694282,-1.01727,0.5084606,-0.5036459,0.4952142,0.4925154,
1,2,3.309,0.2657892,0.04694282,-1.01727,0.5084606,-0.5036459,0.4952142,0.4925154,
1,2,3.311,0.2657824,0.04689946,-1.017274,0.5084536,-0.5036579,0.4951897,0.4925352,
1,2,3.313,0.2657824,0.04689946,-1.017274,0.5084536,-0.5036579,0.4951897,0.4925352,
1,2,3.315,0.2657824,0.04689946,-1.017274,0.5084536,-0.5036579,0.4951897,0.4925352,
1,2,3.317,0.2657824,0.04689946,-1.017274,0.5084536,-0.5036579,0.4951897,0.4925352,
1,2,3.319,0.2657853,0.0469037,-1.017254,0.5084441,-0.5036569,0.4952109,0.4925246,
1,2,3.321,0.2657853,0.0469037,-1.017254,0.5084441,-0.5036569,0.4952109,0.4925246,
1,2,3.323,0.2657853,0.0469037,-1.017254,0.5084441,-0.5036569,0.4952109,0.4925246,
1,2,3.325,0.2657853,0.0469037,-1.017254,0.5084441,-0.5036569,0.4952109,0.4925246,
1,2,3.327,0.2657884,0.04693915,-1.017238,0.5084531,-0.503643,0.4952359,0.4925046,
1,2,3.329,0.2657884,0.04693915,-1.017238,0.5084531,-0.503643,0.4952359,0.4925046,
1,2,3.331,0.2657884,0.04693915,-1.017238,0.5084531,-0.503643,0.4952359,0.4925046,
1,2,3.333,0.2657884,0.04693915,-1.017238,0.5084531,-0.503643,0.4952359,0.4925046,
1,2,3.335,0.2657823,0.04695915,-1.017246,0.5084769,-0.5036472,0.4952217,0.4924898,
1,2,3.337,0.2657823,0.04695915,-1.017246,0.5084769,-0.5036472,0.4952217,0.4924898,
1,2,3.339,0.2657823,0.04695915,-1.017246,0.5084769,-0.5036472,0.4952217,0.4924898,
1,2,3.341,0.2657823,0.04695915,-1.017246,0.5084769,-0.5036472,0.4952217,0.4924898,
1,2,3.343,0.265785,0.04696244,-1.017231,0.5084631,-0.5036471,0.4952357,0.4924902,
1,2,3.345,0.265785,0.04696244,-1.017231,0.5084631,-0.5036471,0.4952357,0.4924902,
1,2,3.347,0.265785,0.04696244,-1.017231,0.5084631,-0.5036471,0.4952357,0.4924902,
1,2,3.349,0.265785,0.04696244,-1.017231,0.5084631,-0.5036471,0.4952357,0.4924902,
1,2,3.351,0.265785,0.04696244,-1.017231,0.5084631,-0.5036471,0.4952357,0.4924902,
1,2,3.353,0.2657859,0.04698655,-1.017252,0.5084687,-0.5036136,0.4952556,0.4924984,
1,2,3.355,0.2657859,0.04698655,-1.017252,0.5084687,-0.5036136,0.4952556,0.4924984,
1,2,3.357,0.2657859,0.04698655,-1.017252,0.5084687,-0.5036136,0.4952556,0.4924984,
1,2,3.359,0.2657859,0.04698655,-1.017252,0.5084687,-0.5036136,0.4952556,0.4924984,
1,2,3.361,0.2657726,0.04693985,-1.017252,0.5084443,-0.5036315,0.4952415,0.4925195,
1,2,3.363,0.2657726,0.04693985,-1.017252,0.5084443,-0.5036315,0.4952415,0.4925195,
1,2,3.365,0.2657726,0.04693985,-1.017252,0.5084443,-0.5036315,0.4952415,0.4925195,
1,2,3.367,0.2657726,0.04693985,-1.017252,0.5084443,-0.5036315,0.4952415,0.4925195,
1,2,3.369,0.2657827,0.04692674,-1.017245,0.5084515,-0.5036416,0.4952328,0.4925106,
1,2,3.371,0.2657827,0.04692674,-1.017245,0.5084515,-0.5036416,0.4952328,0.4925106,
1,2,3.373,0.2657827,0.04692674,-1.017245,0.5084515,-0.5036416,0.4952328,0.4925106,
1,2,3.375,0.2657827,0.04692674,-1.017245,0.5084515,-0.5036416,0.4952328,0.4925106,
1,2,3.377,0.2657901,0.04694152,-1.017254,0.5084552,-0.5036297,0.4952333,0.4925185,
1,2,3.379,0.2657901,0.04694152,-1.017254,0.5084552,-0.5036297,0.4952333,0.4925185,
1,2,3.381,0.2657901,0.04694152,-1.017254,0.5084552,-0.5036297,0.4952333,0.4925185,
1,2,3.383,0.2657901,0.04694152,-1.017254,0.5084552,-0.5036297,0.4952333,0.4925185,
1,2,3.385,0.2657821,0.04693986,-1.017242,0.5084448,-0.5036419,0.4952331,0.492517,
1,2,3.387,0.2657821,0.04693986,-1.017242,0.5084448,-0.5036419,0.4952331,0.492517,
1,2,3.389,0.2657821,0.04693986,-1.017242,0.5084448,-0.5036419,0.4952331,0.492517,
1,2,3.391,0.2657821,0.04693986,-1.017242,0.5084448,-0.5036419,0.4952331,0.492517,
1,2,3.393,0.2657918,0.04693002,-1.017242,0.5084486,-0.5036486,0.4952304,0.492509,
1,2,3.395,0.2657918,0.04693002,-1.017242,0.5084486,-0.5036486,0.4952304,0.492509,
1,2,3.397,0.2657918,0.04693002,-1.017242,0.5084486,-0.5036486,0.4952304,0.492509,
1,2,3.399,0.2657918,0.04693002,-1.017242,0.5084486,-0.5036486,0.4952304,0.492509,
1,2,3.401,0.2657918,0.04693002,-1.017242,0.5084486,-0.5036486,0.4952304,0.492509,
1,2,3.403,0.2657826,0.04692353,-1.017238,0.5084428,-0.5036503,0.4952281,0.4925154,
1,2,3.405,0.2657826,0.04692353,-1.017238,0.5084428,-0.5036503,0.4952281,0.4925154,
1,2,3.407,0.2657826,0.04692353,-1.017238,0.5084428,-0.5036503,0.4952281,0.4925154,
1,2,3.409,0.2657826,0.04692353,-1.017238,0.5084428,-0.5036503,0.4952281,0.4925154,
1,2,3.411,0.2657846,0.04691825,-1.017243,0.5084494,-0.5036556,0.49522,0.4925116,
1,2,3.413,0.2657846,0.04691825,-1.017243,0.5084494,-0.5036556,0.49522,0.4925116,
1,2,3.415,0.2657846,0.04691825,-1.017243,0.5084494,-0.5036556,0.49522,0.4925116,
1,2,3.417,0.2657846,0.04691825,-1.017243,0.5084494,-0.5036556,0.49522,0.4925116,
1,2,3.419,0.2657745,0.04693835,-1.017262,0.5084749,-0.5036365,0.4952129,0.4925116,
1,2,3.421,0.2657745,0.04693835,-1.017262,0.5084749,-0.5036365,0.4952129,0.4925116,
1,2,3.423,0.2657745,0.04693835,-1.017262,0.5084749,-0.5036365,0.4952129,0.4925116,
1,2,3.425,0.2657745,0.04693835,-1.017262,0.5084749,-0.5036365,0.4952129,0.4925116,
1,2,3.427,0.2657844,0.04694055,-1.017258,0.5084724,-0.5036386,0.4952146,0.4925104,
1,2,3.429,0.2657844,0.04694055,-1.017258,0.5084724,-0.5036386,0.4952146,0.4925104,
1,2,3.431,0.2657844,0.04694055,-1.017258,0.5084724,-0.5036386,0.4952146,0.4925104,
1,2,3.433,0.2657844,0.04694055,-1.017258,0.5084724,-0.5036386,0.4952146,0.4925104,
1,2,3.435,0.2657902,0.04692751,-1.017258,0.5084623,-0.5036511,0.4952127,0.4925099,
1,2,3.437,0.2657902,0.04692751,-1.017258,0.5084623,-0.5036511,0.4952127,0.4925099,
1,2,3.439,0.2657902,0.04692751,-1.017258,0.5084623,-0.5036511,0.4952127,0.4925099,
1,2,3.441,0.2657902,0.04692751,-1.017258,0.5084623,-0.5036511,0.4952127,0.4925099,
1,2,3.443,0.2657838,0.04692658,-1.017255,0.5084492,-0.5036471,0.4952245,0.4925157,
1,2,3.445,0.2657838,0.04692658,-1.017255,0.5084492,-0.5036471,0.4952245,0.4925157,
1,2,3.447,0.2657838,0.04692658,-1.017255,0.5084492,-0.5036471,0.4952245,0.4925157,
1,2,3.449,0.2657838,0.04692658,-1.017255,0.5084492,-0.5036471,0.4952245,0.4925157,
1,2,3.451,0.2657799,0.04691293,-1.017268,0.5084487,-0.5036552,0.4952032,0.4925293,
1,2,3.453,0.2657799,0.04691293,-1.017268,0.5084487,-0.5036552,0.4952032,0.4925293,
1,2,3.455,0.2657799,0.04691293,-1.017268,0.5084487,-0.5036552,0.4952032,0.4925293,
1,2,3.457,0.2657799,0.04691293,-1.017268,0.5084487,-0.5036552,0.4952032,0.4925293,
1,2,3.459,0.2657799,0.04691293,-1.017268,0.5084487,-0.5036552,0.4952032,0.4925293,
1,2,3.461,0.2657856,0.04692195,-1.017257,0.5084627,-0.5036537,0.4952056,0.4925141,
1,2,3.463,0.2657856,0.04692195,-1.017257,0.5084627,-0.5036537,0.4952056,0.4925141,
1,2,3.465,0.2657856,0.04692195,-1.017257,0.5084627,-0.5036537,0.4952056,0.4925141,
1,2,3.467,0.2657856,0.04692195,-1.017257,0.5084627,-0.5036537,0.4952056,0.4925141,
1,2,3.469,0.2657863,0.04694575,-1.017244,0.5084648,-0.5036499,0.4952208,0.4925005,
1,2,3.471,0.2657863,0.04694575,-1.017244,0.5084648,-0.5036499,0.4952208,0.4925005,
1,2,3.473,0.2657863,0.04694575,-1.017244,0.5084648,-0.5036499,0.4952208,0.4925005,
1,2,3.475,0.2657863,0.04694575,-1.017244,0.5084648,-0.5036499,0.4952208,0.4925005,
1,2,3.477,0.2657913,0.04693066,-1.017255,0.5084684,-0.5036533,0.4952085,0.4925056,
1,2,3.479,0.2657913,0.04693066,-1.017255,0.5084684,-0.5036533,0.4952085,0.4925056,
1,2,3.481,0.2657913,0.04693066,-1.017255,0.5084684,-0.5036533,0.4952085,0.4925056,
1,2,3.483,0.2657913,0.04693066,-1.017255,0.5084684,-0.5036533,0.4952085,0.4925056,
1,2,3.485,0.2657868,0.04694373,-1.017268,0.5084664,-0.5036339,0.4952183,0.4925178,
1,2,3.487,0.2657868,0.04694373,-1.017268,0.5084664,-0.5036339,0.4952183,0.4925178,
1,2,3.489,0.2657868,0.04694373,-1.017268,0.5084664,-0.5036339,0.4952183,0.4925178,
1,2,3.491,0.2657868,0.04694373,-1.017268,0.5084664,-0.5036339,0.4952183,0.4925178,
1,2,3.493,0.2657878,0.04693558,-1.01727,0.5084493,-0.503628,0.4952245,0.4925351,
1,2,3.495,0.2657878,0.04693558,-1.01727,0.5084493,-0.503628,0.4952245,0.4925351,
1,2,3.497,0.2657878,0.04693558,-1.01727,0.5084493,-0.503628,0.4952245,0.4925351,
1,2,3.499,0.2657878,0.04693558,-1.01727,0.5084493,-0.503628,0.4952245,0.4925351,
1,2,3.501,0.2657777,0.04693445,-1.017262,0.5084585,-0.5036462,0.4952177,0.4925141,
1,2,3.503,0.2657777,0.04693445,-1.017262,0.5084585,-0.5036462,0.4952177,0.4925141,
1,2,3.505,0.2657777,0.04693445,-1.017262,0.5084585,-0.5036462,0.4952177,0.4925141,
1,2,3.507,0.2657777,0.04693445,-1.017262,0.5084585,-0.5036462,0.4952177,0.4925141,
1,2,3.509,0.2657777,0.04693445,-1.017262,0.5084585,-0.5036462,0.4952177,0.4925141,
1,2,3.511,0.2657776,0.04690875,-1.017244,0.5084484,-0.5036641,0.4952067,0.4925171,
1,2,3.513,0.2657776,0.04690875,-1.017244,0.5084484,-0.5036641,0.4952067,0.4925171,
1,2,3.515,0.2657776,0.04690875,-1.017244,0.5084484,-0.5036641,0.4952067,0.4925171,
1,2,3.517,0.2657776,0.04690875,-1.017244,0.5084484,-0.5036641,0.4952067,0.4925171,
1,2,3.519,0.2657844,0.04691473,-1.017256,0.50845,-0.5036511,0.4952103,0.4925252,
1,2,3.521,0.2657844,0.04691473,-1.017256,0.50845,-0.5036511,0.4952103,0.4925252,
1,2,3.523,0.2657844,0.04691473,-1.017256,0.50845,-0.5036511,0.4952103,0.4925252,
1,2,3.525,0.2657844,0.04691473,-1.017256,0.50845,-0.5036511,0.4952103,0.4925252,
1,2,3.527,0.2657875,0.0469379,-1.017265,0.5084581,-0.503644,0.4952138,0.4925204,
1,2,3.529,0.2657875,0.0469379,-1.017265,0.5084581,-0.503644,0.4952138,0.4925204,
1,2,3.531,0.2657875,0.0469379,-1.017265,0.5084581,-0.503644,0.4952138,0.4925204,
1,2,3.533,0.2657875,0.0469379,-1.017265,0.5084581,-0.503644,0.4952138,0.4925204,
1,2,3.535,0.2657805,0.04691245,-1.017249,0.5084538,-0.5036726,0.4952006,0.492509,
1,2,3.537,0.2657805,0.04691245,-1.017249,0.5084538,-0.5036726,0.4952006,0.492509,
1,2,3.539,0.2657805,0.04691245,-1.017249,0.5084538,-0.5036726,0.4952006,0.492509,
1,2,3.541,0.2657805,0.04691245,-1.017249,0.5084538,-0.5036726,0.4952006,0.492509,
1,2,3.543,0.2657783,0.04690387,-1.017261,0.5084463,-0.5036685,0.495197,0.4925244,
1,2,3.545,0.2657783,0.04690387,-1.017261,0.5084463,-0.5036685,0.495197,0.4925244,
1,2,3.547,0.2657783,0.04690387,-1.017261,0.5084463,-0.5036685,0.495197,0.4925244,
1,2,3.549,0.2657783,0.04690387,-1.017261,0.5084463,-0.5036685,0.495197,0.4925244,
1,2,3.551,0.2657886,0.04690596,-1.017252,0.5084254,-0.5036467,0.495218,0.4925474,
1,2,3.553,0.2657886,0.04690596,-1.017252,0.5084254,-0.5036467,0.495218,0.4925474,
1,2,3.555,0.2657886,0.04690596,-1.017252,0.5084254,-0.5036467,0.495218,0.4925474,
1,2,3.557,0.2657886,0.04690596,-1.017252,0.5084254,-0.5036467,0.495218,0.4925474,
1,2,3.559,0.2657886,0.04690596,-1.017252,0.5084254,-0.5036467,0.495218,0.4925474,
1,2,3.561,0.2657906,0.04693298,-1.017242,0.5084342,-0.5036349,0.4952383,0.4925299,
1,2,3.563,0.2657906,0.04693298,-1.017242,0.5084342,-0.5036349,0.4952383,0.4925299,
1,2,3.565,0.2657906,0.04693298,-1.017242,0.5084342,-0.5036349,0.4952383,0.4925299,
1,2,3.567,0.2657906,0.04693298,-1.017242,0.5084342,-0.5036349,0.4952383,0.4925299,
1,2,3.569,0.2657899,0.04695396,-1.017243,0.5084636,-0.5036445,0.4952299,0.492498,
1,2,3.571,0.2657899,0.04695396,-1.017243,0.5084636,-0.5036445,0.4952299,0.492498,
1,2,3.573,0.2657899,0.04695396,-1.017243,0.5084636,-0.5036445,0.4952299,0.492498,
1,2,3.575,0.2657899,0.04695396,-1.017243,0.5084636,-0.5036445,0.4952299,0.492498,
1,2,3.577,0.2657859,0.04694652,-1.017242,0.5084835,-0.5036544,0.4952088,0.4924887,
1,2,3.579,0.2657859,0.04694652,-1.017242,0.5084835,-0.5036544,0.4952088,0.4924887,
1,2,3.581,0.2657859,0.04694652,-1.017242,0.5084835,-0.5036544,0.4952088,0.4924887,
1,2,3.583,0.2657859,0.04694652,-1.017242,0.5084835,-0.5036544,0.4952088,0.4924887,
1,2,3.585,0.2657806,0.04693596,-1.017228,0.5084613,-0.5036607,0.4952199,0.4924939,
1,2,3.587,0.2657806,0.04693596,-1.017228,0.5084613,-0.5036607,0.4952199,0.4924939,
1,2,3.589,0.2657806,0.04693596,-1.017228,0.5084613,-0.5036607,0.4952199,0.4924939,
1,2,3.591,0.2657806,0.04693596,-1.017228,0.5084613,-0.5036607,0.4952199,0.4924939,
1,2,3.593,0.2657833,0.04690917,-1.017232,0.5084518,-0.5036779,0.4952073,0.4924988,
1,2,3.595,0.2657833,0.04690917,-1.017232,0.5084518,-0.5036779,0.4952073,0.4924988,
1,2,3.597,0.2657833,0.04690917,-1.017232,0.5084518,-0.5036779,0.4952073,0.4924988,
1,2,3.599,0.2657833,0.04690917,-1.017232,0.5084518,-0.5036779,0.4952073,0.4924988,
1,2,3.601,0.2657862,0.04692926,-1.017249,0.5084616,-0.5036625,0.4952081,0.4925038,
1,2,3.603,0.2657862,0.04692926,-1.017249,0.5084616,-0.5036625,0.4952081,0.4925038,
1,2,3.605,0.2657862,0.04692926,-1.017249,0.5084616,-0.5036625,0.4952081,0.4925038,
1,2,3.607,0.2657862,0.04692926,-1.017249,0.5084616,-0.5036625,0.4952081,0.4925038,
1,2,3.609,0.2657862,0.04692926,-1.017249,0.5084616,-0.5036625,0.4952081,0.4925038,
1,2,3.611,0.2657948,0.04693083,-1.01723,0.5084637,-0.5036681,0.4952168,0.4924872,
1,2,3.613,0.2657948,0.04693083,-1.01723,0.5084637,-0.5036681,0.4952168,0.4924872,
1,2,3.615,0.2657948,0.04693083,-1.01723,0.5084637,-0.5036681,0.4952168,0.4924872,
1,2,3.617,0.2657948,0.04693083,-1.01723,0.5084637,-0.5036681,0.4952168,0.4924872,
1,2,3.619,0.2657913,0.04694616,-1.017239,0.5084577,-0.5036608,0.4952188,0.4924988,
1,2,3.621,0.2657913,0.04694616,-1.017239,0.5084577,-0.5036608,0.4952188,0.4924988,
1,2,3.623,0.2657913,0.04694616,-1.017239,0.5084577,-0.5036608,0.4952188,0.4924988,
1,2,3.625,0.2657913,0.04694616,-1.017239,0.5084577,-0.5036608,0.4952188,0.4924988,
1,2,3.627,0.2657863,0.04693944,-1.017236,0.5084487,-0.5036609,0.4952197,0.4925069,
1,2,3.629,0.2657863,0.04693944,-1.017236,0.5084487,-0.5036609,0.4952197,0.4925069,
1,2,3.631,0.2657863,0.04693944,-1.017236,0.5084487,-0.5036609,0.4952197,0.4925069,
1,2,3.633,0.2657863,0.04693944,-1.017236,0.5084487,-0.5036609,0.4952197,0.4925069,
1,2,3.635,0.2657897,0.04694661,-1.017225,0.5084602,-0.503662,0.4952257,0.4924879,
1,2,3.637,0.2657897,0.04694661,-1.017225,0.5084602,-0.503662,0.4952257,0.4924879,
1,2,3.639,0.2657897,0.04694661,-1.017225,0.5084602,-0.503662,0.4952257,0.4924879,
1,2,3.641,0.2657897,0.04694661,-1.017225,0.5084602,-0.503662,0.4952257,0.4924879,
1,2,3.643,0.265787,0.0469359,-1.01722,0.508462,-0.5036774,0.4952134,0.4924828,
1,2,3.645,0.265787,0.0469359,-1.01722,0.508462,-0.5036774,0.4952134,0.4924828,
1,2,3.647,0.265787,0.0469359,-1.01722,0.508462,-0.5036774,0.4952134,0.4924828,
1,2,3.649,0.265787,0.0469359,-1.01722,0.508462,-0.5036774,0.4952134,0.4924828,
1,2,3.651,0.2657888,0.04696009,-1.017246,0.5084932,-0.5036501,0.4952182,0.4924736,
1,2,3.653,0.2657888,0.04696009,-1.017246,0.5084932,-0.5036501,0.4952182,0.4924736,
1,2,3.655,0.2657888,0.04696009,-1.017246,0.5084932,-0.5036501,0.4952182,0.4924736,
1,2,3.657,0.2657888,0.04696009,-1.017246,0.5084932,-0.5036501,0.4952182,0.4924736,
1,2,3.659,0.2657888,0.04696009,-1.017246,0.5084932,-0.5036501,0.4952182,0.4924736,
1,2,3.661,0.2657869,0.04700303,-1.01724,0.5084789,-0.503621,0.4952576,0.4924784,
1,2,3.663,0.2657869,0.04700303,-1.01724,0.5084789,-0.503621,0.4952576,0.4924784,
1,2,3.665,0.2657869,0.04700303,-1.01724,0.5084789,-0.503621,0.4952576,0.4924784,
1,2,3.667,0.2657869,0.04700303,-1.01724,0.5084789,-0.503621,0.4952576,0.4924784,
1,2,3.669,0.2657899,0.0469611,-1.01725,0.508453,-0.5036327,0.4952423,0.4925087,
1,2,3.671,0.2657899,0.0469611,-1.01725,0.508453,-0.5036327,0.4952423,0.4925087,
1,2,3.673,0.2657899,0.0469611,-1.01725,0.508453,-0.5036327,0.4952423,0.4925087,
1,2,3.675,0.2657899,0.0469611,-1.01725,0.508453,-0.5036327,0.4952423,0.4925087,
1,2,3.677,0.2657868,0.04695008,-1.017263,0.5084585,-0.5036191,0.4952436,0.4925154,
1,2,3.679,0.2657868,0.04695008,-1.017263,0.5084585,-0.5036191,0.4952436,0.4925154,
1,2,3.681,0.2657868,0.04695008,-1.017263,0.5084585,-0.5036191,0.4952436,0.4925154,
1,2,3.683,0.2657868,0.04695008,-1.017263,0.5084585,-0.5036191,0.4952436,0.4925154,
1,2,3.685,0.2657862,0.0469388,-1.017263,0.508489,-0.5036492,0.4951988,0.4924984,
1,2,3.687,0.2657862,0.0469388,-1.017263,0.508489,-0.5036492,0.4951988,0.4924984,
1,2,3.689,0.2657862,0.0469388,-1.017263,0.508489,-0.5036492,0.4951988,0.4924984,
1,2,3.691,0.2657862,0.0469388,-1.017263,0.508489,-0.5036492,0.4951988,0.4924984,
1,2,3.693,0.2657858,0.04693831,-1.017266,0.5084887,-0.5036536,0.4951952,0.4924978,
1,2,3.695,0.2657858,0.04693831,-1.017266,0.5084887,-0.5036536,0.4951952,0.4924978,
1,2,3.697,0.2657858,0.04693831,-1.017266,0.5084887,-0.5036536,0.4951952,0.4924978,
1,2,3.699,0.2657858,0.04693831,-1.017266,0.5084887,-0.5036536,0.4951952,0.4924978,
1,2,3.701,0.2657799,0.04694537,-1.017245,0.508475,-0.5036598,0.4952101,0.4924906,
1,2,3.703,0.2657799,0.04694537,-1.017245,0.508475,-0.5036598,0.4952101,0.4924906,
1,2,3.705,0.2657799,0.04694537,-1.017245,0.508475,-0.5036598,0.4952101,0.4924906,
1,2,3.707,0.2657799,0.04694537,-1.017245,0.508475,-0.5036598,0.4952101,0.4924906,
1,2,3.709,0.2657799,0.04694537,-1.017245,0.508475,-0.5036598,0.4952101,0.4924906,
1,2,3.711,0.2657875,0.04691997,-1.017249,0.5084784,-0.5036713,0.4951946,0.4924908,
1,2,3.713,0.2657875,0.04691997,-1.017249,0.5084784,-0.5036713,0.4951946,0.4924908,
1,2,3.715,0.2657875,0.04691997,-1.017249,0.5084784,-0.5036713,0.4951946,0.4924908,
1,2,3.717,0.2657875,0.04691997,-1.017249,0.5084784,-0.5036713,0.4951946,0.4924908,
1,2,3.719,0.2657875,0.04690242,-1.017264,0.5084672,-0.5036752,0.4951827,0.4925105,
1,2,3.721,0.2657875,0.04690242,-1.017264,0.5084672,-0.5036752,0.4951827,0.4925105,
1,2,3.723,0.2657875,0.04690242,-1.017264,0.5084672,-0.5036752,0.4951827,0.4925105,
1,2,3.725,0.2657875,0.04690242,-1.017264,0.5084672,-0.5036752,0.4951827,0.4925105,
1,2,3.727,0.2657883,0.04693905,-1.017239,0.5084703,-0.5036603,0.495216,0.4924893,
1,2,3.729,0.2657883,0.04693905,-1.017239,0.5084703,-0.5036603,0.495216,0.4924893,
1,2,3.731,0.2657883,0.04693905,-1.017239,0.5084703,-0.5036603,0.495216,0.4924893,
1,2,3.733,0.2657883,0.04693905,-1.017239,0.5084703,-0.5036603,0.495216,0.4924893,
1,2,3.735,0.2657925,0.04694722,-1.017239,0.5084553,-0.5036496,0.495232,0.4924994,
1,2,3.737,0.2657925,0.04694722,-1.017239,0.5084553,-0.5036496,0.495232,0.4924994,
1,2,3.739,0.2657925,0.04694722,-1.017239,0.5084553,-0.5036496,0.495232,0.4924994,
1,2,3.741,0.2657925,0.04694722,-1.017239,0.5084553,-0.5036496,0.495232,0.4924994,
1,2,3.743,0.265794,0.04692955,-1.017257,0.5084584,-0.5036474,0.4952143,0.4925162,
1,2,3.745,0.265794,0.04692955,-1.017257,0.5084584,-0.5036474,0.4952143,0.4925162,
1,2,3.747,0.265794,0.04692955,-1.017257,0.5084584,-0.5036474,0.4952143,0.4925162,
1,2,3.749,0.265794,0.04692955,-1.017257,0.5084584,-0.5036474,0.4952143,0.4925162,
1,2,3.751,0.265784,0.0469436,-1.017239,0.5084609,-0.5036507,0.4952194,0.4925053,
1,2,3.753,0.265784,0.0469436,-1.017239,0.5084609,-0.5036507,0.4952194,0.4925053,
1,2,3.755,0.265784,0.0469436,-1.017239,0.5084609,-0.5036507,0.4952194,0.4925053,
1,2,3.757,0.265784,0.0469436,-1.017239,0.5084609,-0.5036507,0.4952194,0.4925053,
1,2,3.759,0.265784,0.0469436,-1.017239,0.5084609,-0.5036507,0.4952194,0.4925053,
1,2,3.761,0.2657844,0.04695869,-1.017253,0.5084784,-0.503647,0.4952159,0.4924944,
1,2,3.763,0.2657844,0.04695869,-1.017253,0.5084784,-0.503647,0.4952159,0.4924944,
1,2,3.765,0.2657844,0.04695869,-1.017253,0.5084784,-0.503647,0.4952159,0.4924944,
1,2,3.767,0.2657844,0.04695869,-1.017253,0.5084784,-0.503647,0.4952159,0.4924944,
1,2,3.769,0.2657939,0.04694205,-1.017255,0.5084778,-0.503657,0.4952096,0.4924911,
1,2,3.771,0.2657939,0.04694205,-1.017255,0.5084778,-0.503657,0.4952096,0.4924911,
1,2,3.773,0.2657939,0.04694205,-1.017255,0.5084778,-0.503657,0.4952096,0.4924911,
1,2,3.775,0.2657939,0.04694205,-1.017255,0.5084778,-0.503657,0.4952096,0.4924911,
1,2,3.777,0.2657884,0.04693635,-1.017258,0.5084817,-0.5036613,0.4952026,0.4924897,
1,2,3.779,0.2657884,0.04693635,-1.017258,0.5084817,-0.5036613,0.4952026,0.4924897,
1,2,3.781,0.2657884,0.04693635,-1.017258,0.5084817,-0.5036613,0.4952026,0.4924897,
1,2,3.783,0.2657884,0.04693635,-1.017258,0.5084817,-0.5036613,0.4952026,0.4924897,
1,2,3.785,0.2657856,0.04693784,-1.017251,0.5084767,-0.5036611,0.4952058,0.4924918,
1,2,3.787,0.2657856,0.04693784,-1.017251,0.5084767,-0.5036611,0.4952058,0.4924918,
1,2,3.789,0.2657856,0.04693784,-1.017251,0.5084767,-0.5036611,0.4952058,0.4924918,
1,2,3.791,0.2657856,0.04693784,-1.017251,0.5084767,-0.5036611,0.4952058,0.4924918,
1,2,3.793,0.2657822,0.04696356,-1.017248,0.5084736,-0.5036403,0.4952294,0.4924927,
1,2,3.795,0.2657822,0.04696356,-1.017248,0.5084736,-0.5036403,0.4952294,0.4924927,
1,2,3.797,0.2657822,0.04696356,-1.017248,0.5084736,-0.5036403,0.4952294,0.4924927,
1,2,3.799,0.2657822,0.04696356,-1.017248,0.5084736,-0.5036403,0.4952294,0.4924927,
1,2,3.801,0.2657829,0.0469651,-1.017246,0.5084784,-0.5036426,0.4952258,0.492489,
1,2,3.803,0.2657829,0.0469651,-1.017246,0.5084784,-0.5036426,0.4952258,0.492489,
1,2,3.805,0.2657829,0.0469651,-1.017246,0.5084784,-0.5036426,0.4952258,0.492489,
1,2,3.807,0.2657829,0.0469651,-1.017246,0.5084784,-0.5036426,0.4952258,0.492489,
1,2,3.809,0.2657829,0.0469651,-1.017246,0.5084784,-0.5036426,0.4952258,0.492489,
1,2,3.811,0.2657937,0.04696196,-1.01724,0.5084664,-0.5036438,0.4952305,0.4924952,
1,2,3.813,0.2657937,0.04696196,-1.01724,0.5084664,-0.5036438,0.4952305,0.4924952,
1,2,3.815,0.2657937,0.04696196,-1.01724,0.5084664,-0.5036438,0.4952305,0.4924952,
1,2,3.817,0.2657937,0.04696196,-1.01724,0.5084664,-0.5036438,0.4952305,0.4924952,
1,2,3.819,0.2657889,0.04694411,-1.017248,0.5084705,-0.5036682,0.4952081,0.4924887,
1,2,3.821,0.2657889,0.04694411,-1.017248,0.5084705,-0.5036682,0.4952081,0.4924887,
1,2,3.823,0.2657889,0.04694411,-1.017248,0.5084705,-0.5036682,0.4952081,0.4924887,
1,2,3.825,0.2657889,0.04694411,-1.017248,0.5084705,-0.5036682,0.4952081,0.4924887,
1,2,3.827,0.2657928,0.04696343,-1.017254,0.508486,-0.503643,0.4952168,0.4924898,
1,2,3.829,0.2657928,0.04696343,-1.017254,0.508486,-0.503643,0.4952168,0.4924898,
1,2,3.831,0.2657928,0.04696343,-1.017254,0.508486,-0.503643,0.4952168,0.4924898,
1,2,3.833,0.2657928,0.04696343,-1.017254,0.508486,-0.503643,0.4952168,0.4924898,
1,2,3.835,0.265782,0.04694875,-1.017227,0.5084731,-0.5036676,0.4952133,0.4924813,
1,2,3.837,0.265782,0.04694875,-1.017227,0.5084731,-0.5036676,0.4952133,0.4924813,
1,2,3.839,0.265782,0.04694875,-1.017227,0.5084731,-0.5036676,0.4952133,0.4924813,
1,2,3.841,0.265782,0.04694875,-1.017227,0.5084731,-0.5036676,0.4952133,0.4924813,
1,2,3.843,0.2657881,0.04692163,-1.017247,0.508464,-0.5036644,0.4952009,0.4925065,
1,2,3.845,0.2657881,0.04692163,-1.017247,0.508464,-0.5036644,0.4952009,0.4925065,
1,2,3.847,0.2657881,0.04692163,-1.017247,0.508464,-0.5036644,0.4952009,0.4925065,
1,2,3.849,0.2657881,0.04692163,-1.017247,0.508464,-0.5036644,0.4952009,0.4925065,
1,2,3.851,0.2657897,0.04692728,-1.017256,0.508463,-0.5036701,0.4952011,0.4925015,
1,2,3.853,0.2657897,0.04692728,-1.017256,0.508463,-0.5036701,0.4952011,0.4925015,
1,2,3.855,0.2657897,0.04692728,-1.017256,0.508463,-0.5036701,0.4952011,0.4925015,
1,2,3.857,0.2657897,0.04692728,-1.017256,0.508463,-0.5036701,0.4952011,0.4925015,
1,2,3.859,0.2657854,0.04693978,-1.017238,0.5084629,-0.5036733,0.4952059,0.4924936,
1,2,3.861,0.2657854,0.04693978,-1.017238,0.5084629,-0.5036733,0.4952059,0.4924936,
1,2,3.863,0.2657854,0.04693978,-1.017238,0.5084629,-0.5036733,0.4952059,0.4924936,
1,2,3.865,0.2657854,0.04693978,-1.017238,0.5084629,-0.5036733,0.4952059,0.4924936,
1,2,3.867,0.2657854,0.04693978,-1.017238,0.5084629,-0.5036733,0.4952059,0.4924936,
1,2,3.869,0.2657855,0.0469363,-1.017226,0.5084507,-0.5036748,0.4952188,0.4924915,
1,2,3.871,0.2657855,0.0469363,-1.017226,0.5084507,-0.5036748,0.4952188,0.4924915,
1,2,3.873,0.2657855,0.0469363,-1.017226,0.5084507,-0.5036748,0.4952188,0.4924915,
1,2,3.875,0.2657855,0.0469363,-1.017226,0.5084507,-0.5036748,0.4952188,0.4924915,
1,2,3.877,0.2657987,0.04694514,-1.017242,0.5084551,-0.5036594,0.4952235,0.492498,
1,2,3.879,0.2657987,0.04694514,-1.017242,0.5084551,-0.5036594,0.4952235,0.492498,
1,2,3.881,0.2657987,0.04694514,-1.017242,0.5084551,-0.5036594,0.4952235,0.492498,
1,2,3.883,0.2657987,0.04694514,-1.017242,0.5084551,-0.5036594,0.4952235,0.492498,
1,2,3.885,0.2657888,0.04693098,-1.017238,0.5084518,-0.5036569,0.4952236,0.4925041,
1,2,3.887,0.2657888,0.04693098,-1.017238,0.5084518,-0.5036569,0.4952236,0.4925041,
1,2,3.889,0.2657888,0.04693098,-1.017238,0.5084518,-0.5036569,0.4952236,0.4925041,
1,2,3.891,0.2657888,0.04693098,-1.017238,0.5084518,-0.5036569,0.4952236,0.4925041,
1,2,3.893,0.2657866,0.04694322,-1.017245,0.5084709,-0.50366,0.4952138,0.4924911,
1,2,3.895,0.2657866,0.04694322,-1.017245,0.5084709,-0.50366,0.4952138,0.4924911,
1,2,3.897,0.2657866,0.04694322,-1.017245,0.5084709,-0.50366,0.4952138,0.4924911,
1,2,3.899,0.2657866,0.04694322,-1.017245,0.5084709,-0.50366,0.4952138,0.4924911,
1,2,3.901,0.2657857,0.04696433,-1.017241,0.5084646,-0.5036443,0.4952353,0.4924919,
1,2,3.903,0.2657857,0.04696433,-1.017241,0.5084646,-0.5036443,0.4952353,0.4924919,
1,2,3.905,0.2657857,0.04696433,-1.017241,0.5084646,-0.5036443,0.4952353,0.4924919,
1,2,3.907,0.2657857,0.04696433,-1.017241,0.5084646,-0.5036443,0.4952353,0.4924919,
1,2,3.909,0.2657778,0.04696416,-1.017252,0.50845,-0.5036321,0.4952402,0.4925145,
1,2,3.911,0.2657778,0.04696416,-1.017252,0.50845,-0.5036321,0.4952402,0.4925145,
1,2,3.913,0.2657778,0.04696416,-1.017252,0.50845,-0.5036321,0.4952402,0.4925145,
1,2,3.915,0.2657778,0.04696416,-1.017252,0.50845,-0.5036321,0.4952402,0.4925145,
1,2,3.917,0.2657778,0.04696416,-1.017252,0.50845,-0.5036321,0.4952402,0.4925145,
1,2,3.919,0.2657928,0.04693402,-1.017262,0.5084785,-0.5036594,0.4951999,0.4924978,
1,2,3.921,0.2657928,0.04693402,-1.017262,0.5084785,-0.5036594,0.4951999,0.4924978,
1,2,3.923,0.2657928,0.04693402,-1.017262,0.5084785,-0.5036594,0.4951999,0.4924978,
1,2,3.925,0.2657928,0.04693402,-1.017262,0.5084785,-0.5036594,0.4951999,0.4924978,
1,2,3.927,0.2657939,0.04693151,-1.017254,0.5084845,-0.5036684,0.4951967,0.4924854,
1,2,3.929,0.2657939,0.04693151,-1.017254,0.5084845,-0.5036684,0.4951967,0.4924854,
1,2,3.931,0.2657939,0.04693151,-1.017254,0.5084845,-0.5036684,0.4951967,0.4924854,
1,2,3.933,0.2657939,0.04693151,-1.017254,0.5084845,-0.5036684,0.4951967,0.4924854,
1,2,3.935,0.2657977,0.04696491,-1.017275,0.5085098,-0.5036529,0.495196,0.4924758,
1,2,3.937,0.2657977,0.04696491,-1.017275,0.5085098,-0.5036529,0.495196,0.4924758,
1,2,3.939,0.2657977,0.04696491,-1.017275,0.5085098,-0.5036529,0.495196,0.4924758,
1,2,3.941,0.2657977,0.04696491,-1.017275,0.5085098,-0.5036529,0.495196,0.4924758,
1,2,3.943,0.265785,0.04696023,-1.017254,0.5084604,-0.5036437,0.4952264,0.4925056,
1,2,3.945,0.265785,0.04696023,-1.017254,0.5084604,-0.5036437,0.4952264,0.4925056,
1,2,3.947,0.265785,0.04696023,-1.017254,0.5084604,-0.5036437,0.4952264,0.4925056,
1,2,3.949,0.265785,0.04696023,-1.017254,0.5084604,-0.5036437,0.4952264,0.4925056,
1,2,3.951,0.2657861,0.04697059,-1.017249,0.5084637,-0.5036438,0.4952289,0.4924997,
1,2,3.953,0.2657861,0.04697059,-1.017249,0.5084637,-0.5036438,0.4952289,0.4924997,
1,2,3.955,0.2657861,0.04697059,-1.017249,0.5084637,-0.5036438,0.4952289,0.4924997,
1,2,3.957,0.2657861,0.04697059,-1.017249,0.5084637,-0.5036438,0.4952289,0.4924997,
1,2,3.959,0.2657866,0.04691133,-1.017244,0.508464,-0.5036816,0.4951946,0.4924953,
1,2,3.961,0.2657866,0.04691133,-1.017244,0.508464,-0.5036816,0.4951946,0.4924953,
1,2,3.963,0.2657866,0.04691133,-1.017244,0.508464,-0.5036816,0.4951946,0.4924953,
1,2,3.965,0.2657866,0.04691133,-1.017244,0.508464,-0.5036816,0.4951946,0.4924953,
1,2,3.967,0.2657866,0.04691133,-1.017244,0.508464,-0.5036816,0.4951946,0.4924953,
1,2,3.969,0.2657878,0.0469187,-1.017242,0.5084634,-0.5036812,0.4951949,0.4924961,
1,2,3.971,0.2657878,0.0469187,-1.017242,0.5084634,-0.5036812,0.4951949,0.4924961,
1,2,3.973,0.2657878,0.0469187,-1.017242,0.5084634,-0.5036812,0.4951949,0.4924961,
1,2,3.975,0.2657878,0.0469187,-1.017242,0.5084634,-0.5036812,0.4951949,0.4924961,
1,2,3.977,0.265782,0.04691679,-1.017244,0.5084596,-0.5036719,0.4952065,0.4924977,
1,2,3.979,0.265782,0.04691679,-1.017244,0.5084596,-0.5036719,0.4952065,0.4924977,
1,2,3.981,0.265782,0.04691679,-1.017244,0.5084596,-0.5036719,0.4952065,0.4924977,
1,2,3.983,0.265782,0.04691679,-1.017244,0.5084596,-0.5036719,0.4952065,0.4924977,
1,2,3.985,0.2657765,0.04693945,-1.01725,0.5084697,-0.5036564,0.4952148,0.4924948,
1,2,3.987,0.2657765,0.04693945,-1.01725,0.5084697,-0.5036564,0.4952148,0.4924948,
1,2,3.989,0.2657765,0.04693945,-1.01725,0.5084697,-0.5036564,0.4952148,0.4924948,
1,2,3.991,0.2657765,0.04693945,-1.01725,0.5084697,-0.5036564,0.4952148,0.4924948,
1,2,3.993,0.2657894,0.04696704,-1.017265,0.5084884,-0.503639,0.4952182,0.4924898,
1,2,3.995,0.2657894,0.04696704,-1.017265,0.5084884,-0.503639,0.4952182,0.4924898,
1,2,3.997,0.2657894,0.04696704,-1.017265,0.5084884,-0.503639,0.4952182,0.4924898,
1,2,3.999,0.2657894,0.04696704,-1.017265,0.5084884,-0.503639,0.4952182,0.4924898,
1,2,4.001,0.265783,0.04695577,-1.01727,0.508486,-0.5036409,0.4952125,0.4924963,
1,2,4.003,0.265783,0.04695577,-1.01727,0.508486,-0.5036409,0.4952125,0.4924963,
1,2,4.005,0.265783,0.04695577,-1.01727,0.508486,-0.5036409,0.4952125,0.4924963,
1,2,4.007,0.265783,0.04695577,-1.01727,0.508486,-0.5036409,0.4952125,0.4924963,
1,2,4.009,0.2657841,0.04694175,-1.017271,0.5084801,-0.5036508,0.4952034,0.4925012,
1,2,4.011,0.2657841,0.04694175,-1.017271,0.5084801,-0.5036508,0.4952034,0.4925012,
1,2,4.013,0.2657841,0.04694175,-1.017271,0.5084801,-0.5036508,0.4952034,0.4925012,
1,2,4.015,0.2657841,0.04694175,-1.017271,0.5084801,-0.5036508,0.4952034,0.4925012,
1,2,4.017,0.2657841,0.04694175,-1.017271,0.5084801,-0.5036508,0.4952034,0.4925012,
1,2,4.019,0.2657844,0.04693048,-1.017267,0.5084736,-0.5036594,0.4952015,0.4925011,
1,2,4.021,0.2657844,0.04693048,-1.017267,0.5084736,-0.5036594,0.4952015,0.4925011,
1,2,4.023,0.2657844,0.04693048,-1.017267,0.5084736,-0.5036594,0.4952015,0.4925011,
1,2,4.025,0.2657844,0.04693048,-1.017267,0.5084736,-0.5036594,0.4952015,0.4925011,
1,2,4.027,0.2657934,0.04694781,-1.017254,0.5084561,-0.5036505,0.4952216,0.4925081,
1,2,4.029,0.2657934,0.04694781,-1.017254,0.5084561,-0.5036505,0.4952216,0.4925081,
1,2,4.031,0.2657934,0.04694781,-1.017254,0.5084561,-0.5036505,0.4952216,0.4925081,
1,2,4.033,0.2657934,0.04694781,-1.017254,0.5084561,-0.5036505,0.4952216,0.4925081,
1,2,4.035,0.2657983,0.04693114,-1.017241,0.5084515,-0.5036654,0.4952145,0.4925048,
1,2,4.037,0.2657983,0.04693114,-1.017241,0.5084515,-0.5036654,0.4952145,0.4925048,
1,2,4.039,0.2657983,0.04693114,-1.017241,0.5084515,-0.5036654,0.4952145,0.4925048,
1,2,4.041,0.2657983,0.04693114,-1.017241,0.5084515,-0.5036654,0.4952145,0.4925048,
1,2,4.043,0.2657965,0.04694206,-1.017242,0.5084561,-0.5036569,0.4952207,0.4925025,
1,2,4.045,0.2657965,0.04694206,-1.017242,0.5084561,-0.5036569,0.4952207,0.4925025,
1,2,4.047,0.2657965,0.04694206,-1.017242,0.5084561,-0.5036569,0.4952207,0.4925025,
1,2,4.049,0.2657965,0.04694206,-1.017242,0.5084561,-0.5036569,0.4952207,0.4925025,
1,2,4.051,0.265788,0.04693094,-1.017234,0.5084333,-0.5036483,0.4952379,0.4925174,
1,2,4.053,0.265788,0.04693094,-1.017234,0.5084333,-0.5036483,0.4952379,0.4925174,
1,2,4.055,0.265788,0.04693094,-1.017234,0.5084333,-0.5036483,0.4952379,0.4925174,
1,2,4.057,0.265788,0.04693094,-1.017234,0.5084333,-0.5036483,0.4952379,0.4925174,
1,2,4.059,0.2657823,0.04692141,-1.017245,0.5084336,-0.5036547,0.4952267,0.4925218,
1,2,4.061,0.2657823,0.04692141,-1.017245,0.5084336,-0.5036547,0.4952267,0.4925218,
1,2,4.063,0.2657823,0.04692141,-1.017245,0.5084336,-0.5036547,0.4952267,0.4925218,
1,2,4.065,0.2657823,0.04692141,-1.017245,0.5084336,-0.5036547,0.4952267,0.4925218,
1,2,4.067,0.2657823,0.04692141,-1.017245,0.5084336,-0.5036547,0.4952267,0.4925218,
1,2,4.069,0.2657908,0.04693884,-1.017261,0.5084482,-0.503639,0.4952328,0.4925166,
1,2,4.071,0.2657908,0.04693884,-1.017261,0.5084482,-0.503639,0.4952328,0.4925166,
1,2,4.073,0.2657908,0.04693884,-1.017261,0.5084482,-0.503639,0.4952328,0.4925166,
1,2,4.075,0.2657908,0.04693884,-1.017261,0.5084482,-0.503639,0.4952328,0.4925166,
1,2,4.077,0.2657799,0.04693556,-1.017229,0.5084456,-0.5036511,0.4952442,0.4924955,
1,2,4.079,0.2657799,0.04693556,-1.017229,0.5084456,-0.5036511,0.4952442,0.4924955,
1,2,4.081,0.2657799,0.04693556,-1.017229,0.5084456,-0.5036511,0.4952442,0.4924955,
1,2,4.083,0.2657799,0.04693556,-1.017229,0.5084456,-0.5036511,0.4952442,0.4924955,
1,2,4.085,0.2657879,0.0469516,-1.017265,0.5084728,-0.5036368,0.4952257,0.4925006,
1,2,4.087,0.2657879,0.0469516,-1.017265,0.5084728,-0.5036368,0.4952257,0.4925006,
1,2,4.089,0.2657879,0.0469516,-1.017265,0.5084728,-0.5036368,0.4952257,0.4925006,
1,2,4.091,0.2657879,0.0469516,-1.017265,0.5084728,-0.5036368,0.4952257,0.4925006,
1,2,4.093,0.265793,0.04698842,-1.017266,0.5084798,-0.5036047,0.49525,0.4925019,
1,2,4.095,0.265793,0.04698842,-1.017266,0.5084798,-0.5036047,0.49525,0.4925019,
1,2,4.097,0.265793,0.04698842,-1.017266,0.5084798,-0.5036047,0.49525,0.4925019,
1,2,4.099,0.265793,0.04698842,-1.017266,0.5084798,-0.5036047,0.49525,0.4925019,
1,2,4.101,0.265802,0.04698054,-1.017281,0.5084839,-0.5036048,0.4952386,0.492509,
1,2,4.103,0.265802,0.04698054,-1.017281,0.5084839,-0.5036048,0.4952386,0.492509,
1,2,4.105,0.265802,0.04698054,-1.017281,0.5084839,-0.5036048,0.4952386,0.492509,
1,2,4.107,0.265802,0.04698054,-1.017281,0.5084839,-0.5036048,0.4952386,0.492509,
1,2,4.109,0.2657883,0.04698134,-1.01727,0.5084943,-0.5036246,0.4952274,0.4924895,
1,2,4.111,0.2657883,0.04698134,-1.01727,0.5084943,-0.5036246,0.4952274,0.4924895,
1,2,4.113,0.2657883,0.04698134,-1.01727,0.5084943,-0.5036246,0.4952274,0.4924895,
1,2,4.115,0.2657883,0.04698134,-1.01727,0.5084943,-0.5036246,0.4952274,0.4924895,
1,2,4.117,0.2657883,0.04698134,-1.01727,0.5084943,-0.5036246,0.4952274,0.4924895,
1,2,4.119,0.265787,0.0469662,-1.017255,0.5084826,-0.5036346,0.4952304,0.4924882,
1,2,4.121,0.265787,0.0469662,-1.017255,0.5084826,-0.5036346,0.4952304,0.4924882,
1,2,4.123,0.265787,0.0469662,-1.017255,0.5084826,-0.5036346,0.4952304,0.4924882,
1,2,4.125,0.265787,0.0469662,-1.017255,0.5084826,-0.5036346,0.4952304,0.4924882,
1,2,4.127,0.2657895,0.04694214,-1.017252,0.5084799,-0.5036466,0.495218,0.4924911,
1,2,4.129,0.2657895,0.04694214,-1.017252,0.5084799,-0.5036466,0.495218,0.4924911,
1,2,4.131,0.2657895,0.04694214,-1.017252,0.5084799,-0.5036466,0.495218,0.4924911,
1,2,4.133,0.2657895,0.04694214,-1.017252,0.5084799,-0.5036466,0.495218,0.4924911,
1,2,4.135,0.2657882,0.04694245,-1.017262,0.5084761,-0.5036584,0.4951999,0.4925013,
1,2,4.137,0.2657882,0.04694245,-1.017262,0.5084761,-0.5036584,0.4951999,0.4925013,
1,2,4.139,0.2657882,0.04694245,-1.017262,0.5084761,-0.5036584,0.4951999,0.4925013,
1,2,4.141,0.2657882,0.04694245,-1.017262,0.5084761,-0.5036584,0.4951999,0.4925013,
1,2,4.143,0.2657766,0.04691493,-1.017274,0.5084789,-0.5036646,0.495189,0.4925029,
1,2,4.145,0.2657766,0.04691493,-1.017274,0.5084789,-0.5036646,0.495189,0.4925029,
1,2,4.147,0.2657766,0.04691493,-1.017274,0.5084789,-0.5036646,0.495189,0.4925029,
1,2,4.149,0.2657766,0.04691493,-1.017274,0.5084789,-0.5036646,0.495189,0.4925029,
1,2,4.151,0.2657738,0.04693862,-1.017245,0.5084652,-0.5036545,0.4952226,0.4924937,
1,2,4.153,0.2657738,0.04693862,-1.017245,0.5084652,-0.5036545,0.4952226,0.4924937,
1,2,4.155,0.2657738,0.04693862,-1.017245,0.5084652,-0.5036545,0.4952226,0.4924937,
1,2,4.157,0.2657738,0.04693862,-1.017245,0.5084652,-0.5036545,0.4952226,0.4924937,
1,2,4.159,0.265786,0.04692385,-1.017242,0.5084547,-0.5036735,0.4951999,0.4925078,
1,2,4.161,0.265786,0.04692385,-1.017242,0.5084547,-0.5036735,0.4951999,0.4925078,
1,2,4.163,0.265786,0.04692385,-1.017242,0.5084547,-0.5036735,0.4951999,0.4925078,
1,2,4.165,0.265786,0.04692385,-1.017242,0.5084547,-0.5036735,0.4951999,0.4925078,
1,2,4.167,0.265786,0.04692385,-1.017242,0.5084547,-0.5036735,0.4951999,0.4925078,
1,2,4.169,0.2657868,0.046908,-1.017234,0.5084596,-0.5036917,0.4951891,0.4924952,
1,2,4.171,0.2657868,0.046908,-1.017234,0.5084596,-0.5036917,0.4951891,0.4924952,
1,2,4.173,0.2657868,0.046908,-1.017234,0.5084596,-0.5036917,0.4951891,0.4924952,
1,2,4.175,0.2657868,0.046908,-1.017234,0.5084596,-0.5036917,0.4951891,0.4924952,
1,2,4.177,0.2657823,0.04692773,-1.017273,0.5084674,-0.5036606,0.4951986,0.4925091,
1,2,4.179,0.2657823,0.04692773,-1.017273,0.5084674,-0.5036606,0.4951986,0.4925091,
1,2,4.181,0.2657823,0.04692773,-1.017273,0.5084674,-0.5036606,0.4951986,0.4925091,CourtEnter
1,2,4.183,0.2657823,0.04692773,-1.017273,0.5084674,-0.5036606,0.4951986,0.4925091,
1,2,4.185,0.265785,0.04693252,-1.017261,0.5084625,-0.5036615,0.4952041,0.4925078,
1,2,4.187,0.265785,0.04693252,-1.017261,0.5084625,-0.5036615,0.4952041,0.4925078,
1,2,4.189,0.265785,0.04693252,-1.017261,0.5084625,-0.5036615,0.4952041,0.4925078,CourtExit
1,2,4.191,0.265785,0.04693252,-1.017261,0.5084625,-0.5036615,0.4952041,0.4925078,
1,2,4.193,0.2657841,0.04693846,-1.017247,0.5084626,-0.5036701,0.4952073,0.4924958,
1,2,4.195,0.2657841,0.04693846,-1.017247,0.5084626,-0.5036701,0.4952073,0.4924958,
1,2,4.197,0.2657841,0.04693846,-1.017247,0.5084626,-0.5036701,0.4952073,0.4924958,
1,2,4.199,0.2657841,0.04693846,-1.017247,0.5084626,-0.5036701,0.4952073,0.4924958,
1,2,4.201,0.2657887,0.04693307,-1.017257,0.5084833,-0.5036826,0.4951819,0.4924871,
1,2,4.203,0.2657887,0.04693307,-1.017257,0.5084833,-0.5036826,0.4951819,0.4924871,
1,2,4.205,0.2657887,0.04693307,-1.017257,0.5084833,-0.5036826,0.4951819,0.4924871,
1,2,4.207,0.2657887,0.04693307,-1.017257,0.5084833,-0.5036826,0.4951819,0.4924871,
1,2,4.209,0.2657849,0.04692536,-1.017257,0.5084832,-0.5036845,0.4951779,0.4924894,
1,2,4.211,0.2657849,0.04692536,-1.017257,0.5084832,-0.5036845,0.4951779,0.4924894,
1,2,4.213,0.2657849,0.04692536,-1.017257,0.5084832,-0.5036845,0.4951779,0.4924894,
1,2,4.215,0.2657849,0.04692536,-1.017257,0.5084832,-0.5036845,0.4951779,0.4924894,
1,2,4.217,0.2657849,0.04692536,-1.017257,0.5084832,-0.5036845,0.4951779,0.4924894,
1,2,4.219,0.2657819,0.04693558,-1.017248,0.5084735,-0.5036715,0.4951993,0.492491,
1,2,4.221,0.2657819,0.04693558,-1.017248,0.5084735,-0.5036715,0.4951993,0.492491,
1,2,4.223,0.2657819,0.04693558,-1.017248,0.5084735,-0.5036715,0.4951993,0.492491,
1,2,4.225,0.2657819,0.04693558,-1.017248,0.5084735,-0.5036715,0.4951993,0.492491,
1,2,4.227,0.2657816,0.04693738,-1.017235,0.5084699,-0.5036781,0.4952001,0.4924871,
1,2,4.229,0.2657816,0.04693738,-1.017235,0.5084699,-0.5036781,0.4952001,0.4924871,
1,2,4.231,0.2657816,0.04693738,-1.017235,0.5084699,-0.5036781,0.4952001,0.4924871,
1,2,4.233,0.2657816,0.04693738,-1.017235,0.5084699,-0.5036781,0.4952001,0.4924871,
1,2,4.235,0.265781,0.04695572,-1.01723,0.5084614,-0.503668,0.4952156,0.4924907,
1,2,4.237,0.265781,0.04695572,-1.01723,0.5084614,-0.503668,0.4952156,0.4924907,
1,2,4.239,0.265781,0.04695572,-1.01723,0.5084614,-0.503668,0.4952156,0.4924907,
1,2,4.241,0.265781,0.04695572,-1.01723,0.5084614,-0.503668,0.4952156,0.4924907,
1,2,4.243,0.2657811,0.04695977,-1.01723,0.5084706,-0.5036598,0.495222,0.4924832,
1,2,4.245,0.2657811,0.04695977,-1.01723,0.5084706,-0.5036598,0.495222,0.4924832,
1,2,4.247,0.2657811,0.04695977,-1.01723,0.5084706,-0.5036598,0.495222,0.4924832,
1,2,4.249,0.2657811,0.04695977,-1.01723,0.5084706,-0.5036598,0.495222,0.4924832,
1,2,4.251,0.2657867,0.0469434,-1.017236,0.5084591,-0.5036563,0.4952226,0.492498,
1,2,4.253,0.2657867,0.0469434,-1.017236,0.5084591,-0.5036563,0.4952226,0.492498,
1,2,4.255,0.2657867,0.0469434,-1.017236,0.5084591,-0.5036563,0.4952226,0.492498,
1,2,4.257,0.2657867,0.0469434,-1.017236,0.5084591,-0.5036563,0.4952226,0.492498,
1,2,4.259,0.2657881,0.04694853,-1.017231,0.5084622,-0.503655,0.4952267,0.4924921,
1,2,4.261,0.2657881,0.04694853,-1.017231,0.5084622,-0.503655,0.4952267,0.4924921,
1,2,4.263,0.2657881,0.04694853,-1.017231,0.5084622,-0.503655,0.4952267,0.4924921,
1,2,4.265,0.2657881,0.04694853,-1.017231,0.5084622,-0.503655,0.4952267,0.4924921,
1,2,4.267,0.2657881,0.04694853,-1.017231,0.5084622,-0.503655,0.4952267,0.4924921,
1,2,4.269,0.2657864,0.04696741,-1.017233,0.5084718,-0.50365,0.4952292,0.4924848,
1,2,4.271,0.2657864,0.04696741,-1.017233,0.5084718,-0.50365,0.4952292,0.4924848,
1,2,4.273,0.2657864,0.04696741,-1.017233,0.5084718,-0.50365,0.4952292,0.4924848,
1,2,4.275,0.2657864,0.04696741,-1.017233,0.5084718,-0.50365,0.4952292,0.4924848,
1,2,4.277,0.2657871,0.04697817,-1.017235,0.5084581,-0.503625,0.4952548,0.4924986,
1,2,4.279,0.2657871,0.04697817,-1.017235,0.5084581,-0.503625,0.4952548,0.4924986,
1,2,4.281,0.2657871,0.04697817,-1.017235,0.5084581,-0.503625,0.4952548,0.4924986,
1,2,4.283,0.2657871,0.04697817,-1.017235,0.5084581,-0.503625,0.4952548,0.4924986,
1,2,4.285,0.26578,0.04695649,-1.017241,0.5084391,-0.5036258,0.4952491,0.4925233,
1,2,4.287,0.26578,0.04695649,-1.017241,0.5084391,-0.5036258,0.4952491,0.4925233,
1,2,4.289,0.26578,0.04695649,-1.017241,0.5084391,-0.5036258,0.4952491,0.4925233,
1,2,4.291,0.26578,0.04695649,-1.017241,0.5084391,-0.5036258,0.4952491,0.4925233,
1,2,4.293,0.2657809,0.04691739,-1.017238,0.5084338,-0.503648,0.4952299,0.4925253,
1,2,4.295,0.2657809,0.04691739,-1.017238,0.5084338,-0.503648,0.4952299,0.4925253,
1,2,4.297,0.2657809,0.04691739,-1.017238,0.5084338,-0.503648,0.4952299,0.4925253,
1,2,4.299,0.2657809,0.04691739,-1.017238,0.5084338,-0.503648,0.4952299,0.4925253,
1,2,4.301,0.2657756,0.04690155,-1.017248,0.5084456,-0.5036651,0.4952077,0.492518,
1,2,4.303,0.2657756,0.04690155,-1.017248,0.5084456,-0.5036651,0.4952077,0.492518,
1,2,4.305,0.2657756,0.04690155,-1.017248,0.5084456,-0.5036651,0.4952077,0.492518,
1,2,4.307,0.2657756,0.04690155,-1.017248,0.5084456,-0.5036651,0.4952077,0.492518,
1,2,4.309,0.2657813,0.04691914,-1.017249,0.5084683,-0.5036725,0.4951973,0.4924972,
1,2,4.311,0.2657813,0.04691914,-1.017249,0.5084683,-0.5036725,0.4951973,0.4924972,
1,2,4.313,0.2657813,0.04691914,-1.017249,0.5084683,-0.5036725,0.4951973,0.4924972,
1,2,4.315,0.2657813,0.04691914,-1.017249,0.5084683,-0.5036725,0.4951973,0.4924972,
1,2,4.317,0.2657813,0.04691914,-1.017249,0.5084683,-0.5036725,0.4951973,0.4924972,
1,2,4.319,0.2657827,0.0469691,-1.017267,0.5084941,-0.5036417,0.4952123,0.4924872,
1,2,4.321,0.2657827,0.0469691,-1.017267,0.5084941,-0.5036417,0.4952123,0.4924872,
1,2,4.323,0.2657827,0.0469691,-1.017267,0.5084941,-0.5036417,0.4952123,0.4924872,
1,2,4.325,0.2657827,0.0469691,-1.017267,0.5084941,-0.5036417,0.4952123,0.4924872,
1,2,4.327,0.2657894,0.046953,-1.017262,0.5084756,-0.503638,0.495219,0.4925033,
1,2,4.329,0.2657894,0.046953,-1.017262,0.5084756,-0.503638,0.495219,0.4925033,
1,2,4.331,0.2657894,0.046953,-1.017262,0.5084756,-0.503638,0.495219,0.4925033,
1,2,4.333,0.2657894,0.046953,-1.017262,0.5084756,-0.503638,0.495219,0.4925033,
1,2,4.335,0.2657871,0.04694059,-1.01725,0.5084329,-0.5036273,0.4952473,0.4925299,
1,2,4.337,0.2657871,0.04694059,-1.01725,0.5084329,-0.5036273,0.4952473,0.4925299,
1,2,4.339,0.2657871,0.04694059,-1.01725,0.5084329,-0.5036273,0.4952473,0.4925299,
1,2,4.341,0.2657871,0.04694059,-1.01725,0.5084329,-0.5036273,0.4952473,0.4925299,
1,2,4.343,0.2657889,0.04694761,-1.017248,0.5084628,-0.5036432,0.4952261,0.4925041,
1,2,4.345,0.2657889,0.04694761,-1.017248,0.5084628,-0.5036432,0.4952261,0.4925041,
1,2,4.347,0.2657889,0.04694761,-1.017248,0.5084628,-0.5036432,0.4952261,0.4925041,
1,2,4.349,0.2657889,0.04694761,-1.017248,0.5084628,-0.5036432,0.4952261,0.4925041,
1,2,4.351,0.2657836,0.04695812,-1.01724,0.5084754,-0.5036463,0.4952261,0.4924879,
1,2,4.353,0.2657836,0.04695812,-1.01724,0.5084754,-0.5036463,0.4952261,0.4924879,
1,2,4.355,0.2657836,0.04695812,-1.01724,0.5084754,-0.5036463,0.4952261,0.4924879,
1,2,4.357,0.2657836,0.04695812,-1.01724,0.5084754,-0.5036463,0.4952261,0.4924879,
1,2,4.359,0.2657751,0.04696883,-1.017238,0.5084752,-0.5036448,0.4952328,0.492483,
1,2,4.361,0.2657751,0.04696883,-1.017238,0.5084752,-0.5036448,0.4952328,0.492483,
1,2,4.363,0.2657751,0.04696883,-1.017238,0.5084752,-0.5036448,0.4952328,0.492483,
1,2,4.365,0.2657751,0.04696883,-1.017238,0.5084752,-0.5036448,0.4952328,0.492483,
1,2,4.367,0.2657751,0.04696883,-1.017238,0.5084752,-0.5036448,0.4952328,0.492483,
1,2,4.369,0.2657799,0.0469663,-1.017242,0.5084432,-0.5036202,0.4952536,0.4925202,
1,2,4.371,0.2657799,0.0469663,-1.017242,0.5084432,-0.5036202,0.4952536,0.4925202,
1,2,4.373,0.2657799,0.0469663,-1.017242,0.5084432,-0.5036202,0.4952536,0.4925202,
1,2,4.375,0.2657799,0.0469663,-1.017242,0.5084432,-0.5036202,0.4952536,0.4925202,
1,2,4.377,0.2657804,0.04691133,-1.017235,0.5084401,-0.5036671,0.4952133,0.4925159,
1,2,4.379,0.2657804,0.04691133,-1.017235,0.5084401,-0.5036671,0.4952133,0.4925159,
1,2,4.381,0.2657804,0.04691133,-1.017235,0.5084401,-0.5036671,0.4952133,0.4925159,
1,2,4.383,0.2657804,0.04691133,-1.017235,0.5084401,-0.5036671,0.4952133,0.4925159,
1,2,4.385,0.2657832,0.04691492,-1.017227,0.5084625,-0.5036924,0.4951943,0.492486,
1,2,4.387,0.2657832,0.04691492,-1.017227,0.5084625,-0.5036924,0.4951943,0.492486,
1,2,4.389,0.2657832,0.04691492,-1.017227,0.5084625,-0.5036924,0.4951943,0.492486,
1,2,4.391,0.2657832,0.04691492,-1.017227,0.5084625,-0.5036924,0.4951943,0.492486,
1,2,4.393,0.2657728,0.04695485,-1.01721,0.5084535,-0.5036674,0.4952345,0.4924805,
1,2,4.395,0.2657728,0.04695485,-1.01721,0.5084535,-0.5036674,0.4952345,0.4924805,
1,2,4.397,0.2657728,0.04695485,-1.01721,0.5084535,-0.5036674,0.4952345,0.4924805,
1,2,4.399,0.2657728,0.04695485,-1.01721,0.5084535,-0.5036674,0.4952345,0.4924805,
1,2,4.401,0.2657796,0.04698117,-1.017215,0.5084572,-0.5036413,0.4952565,0.4924813,
1,2,4.403,0.2657796,0.04698117,-1.017215,0.5084572,-0.5036413,0.4952565,0.4924813,
1,2,4.405,0.2657796,0.04698117,-1.017215,0.5084572,-0.5036413,0.4952565,0.4924813,
1,2,4.407,0.2657796,0.04698117,-1.017215,0.5084572,-0.5036413,0.4952565,0.4924813,
1,2,4.409,0.2657866,0.04698666,-1.01723,0.5084714,-0.5036262,0.4952555,0.4924831,
1,2,4.411,0.2657866,0.04698666,-1.01723,0.5084714,-0.5036262,0.4952555,0.4924831,
1,2,4.413,0.2657866,0.04698666,-1.01723,0.5084714,-0.5036262,0.4952555,0.4924831,
1,2,4.415,0.2657866,0.04698666,-1.01723,0.5084714,-0.5036262,0.4952555,0.4924831,
1,2,4.417,0.2657866,0.04698666,-1.01723,0.5084714,-0.5036262,0.4952555,0.4924831,
1,2,4.419,0.265774,0.0469419,-1.017224,0.5084479,-0.5036573,0.4952318,0.4924993,
1,2,4.421,0.265774,0.0469419,-1.017224,0.5084479,-0.5036573,0.4952318,0.4924993,
1,2,4.423,0.265774,0.0469419,-1.017224,0.5084479,-0.5036573,0.4952318,0.4924993,
1,2,4.425,0.265774,0.0469419,-1.017224,0.5084479,-0.5036573,0.4952318,0.4924993,
1,2,4.427,0.2657691,0.04694119,-1.017242,0.5084436,-0.5036433,0.4952346,0.4925152,
1,2,4.429,0.2657691,0.04694119,-1.017242,0.5084436,-0.5036433,0.4952346,0.4925152,
1,2,4.431,0.2657691,0.04694119,-1.017242,0.5084436,-0.5036433,0.4952346,0.4925152,
1,2,4.433,0.2657691,0.04694119,-1.017242,0.5084436,-0.5036433,0.4952346,0.4925152,
1,2,4.435,0.2657826,0.04695876,-1.017259,0.5084778,-0.5036338,0.4952277,0.4924965,
1,2,4.437,0.2657826,0.04695876,-1.017259,0.5084778,-0.5036338,0.4952277,0.4924965,
1,2,4.439,0.2657826,0.04695876,-1.017259,0.5084778,-0.5036338,0.4952277,0.4924965,
1,2,4.441,0.2657826,0.04695876,-1.017259,0.5084778,-0.5036338,0.4952277,0.4924965,
1,2,4.443,0.2657789,0.04696919,-1.017216,0.5084581,-0.5036399,0.4952533,0.4924849,
1,2,4.445,0.2657789,0.04696919,-1.017216,0.5084581,-0.5036399,0.4952533,0.4924849,
1,2,4.447,0.2657789,0.04696919,-1.017216,0.5084581,-0.5036399,0.4952533,0.4924849,
1,2,4.449,0.2657789,0.04696919,-1.017216,0.5084581,-0.5036399,0.4952533,0.4924849,
1,2,4.451,0.2657763,0.04691584,-1.017212,0.5084409,-0.5036726,0.4952287,0.4924939,
1,2,4.453,0.2657763,0.04691584,-1.017212,0.5084409,-0.5036726,0.4952287,0.4924939,
1,2,4.455,0.2657763,0.04691584,-1.017212,0.5084409,-0.5036726,0.4952287,0.4924939,
1,2,4.457,0.2657763,0.04691584,-1.017212,0.5084409,-0.5036726,0.4952287,0.4924939,
1,2,4.459,0.2657796,0.04693999,-1.017243,0.5084569,-0.5036546,0.495219,0.4925057,
1,2,4.461,0.2657796,0.04693999,-1.017243,0.5084569,-0.5036546,0.495219,0.4925057,
1,2,4.463,0.2657796,0.04693999,-1.017243,0.5084569,-0.5036546,0.495219,0.4925057,
1,2,4.465,0.2657796,0.04693999,-1.017243,0.5084569,-0.5036546,0.495219,0.4925057,
1,2,4.467,0.2657796,0.04693999,-1.017243,0.5084569,-0.5036546,0.495219,0.4925057,
1,2,4.469,0.2657848,0.04697226,-1.017242,0.5084595,-0.5036196,0.4952496,0.4925079,
1,2,4.471,0.2657848,0.04697226,-1.017242,0.5084595,-0.5036196,0.4952496,0.4925079,
1,2,4.473,0.2657848,0.04697226,-1.017242,0.5084595,-0.5036196,0.4952496,0.4925079,
1,2,4.475,0.2657848,0.04697226,-1.017242,0.5084595,-0.5036196,0.4952496,0.4925079,
1,2,4.477,0.2657883,0.04694628,-1.017251,0.5084568,-0.5036385,0.4952283,0.4925129,
1,2,4.479,0.2657883,0.04694628,-1.017251,0.5084568,-0.5036385,0.4952283,0.4925129,
1,2,4.481,0.2657883,0.04694628,-1.017251,0.5084568,-0.5036385,0.4952283,0.4925129,
1,2,4.483,0.2657883,0.04694628,-1.017251,0.5084568,-0.5036385,0.4952283,0.4925129,
1,2,4.485,0.2657768,0.04692916,-1.017241,0.5084561,-0.5036528,0.4952148,0.4925124,
1,2,4.487,0.2657768,0.04692916,-1.017241,0.5084561,-0.5036528,0.4952148,0.4925124,
1,2,4.489,0.2657768,0.04692916,-1.017241,0.5084561,-0.5036528,0.4952148,0.4925124,
1,2,4.491,0.2657768,0.04692916,-1.017241,0.5084561,-0.5036528,0.4952148,0.4925124,
1,2,4.493,0.2657788,0.04698946,-1.017247,0.5084685,-0.5036073,0.4952587,0.4925021,
1,2,4.495,0.2657788,0.04698946,-1.017247,0.5084685,-0.5036073,0.4952587,0.4925021,
1,2,4.497,0.2657788,0.04698946,-1.017247,0.5084685,-0.5036073,0.4952587,0.4925021,
1,2,4.499,0.2657788,0.04698946,-1.017247,0.5084685,-0.5036073,0.4952587,0.4925021,
1,2,4.501,0.2657778,0.04700571,-1.017272,0.5084894,-0.5035928,0.4952554,0.4924989,
1,2,4.503,0.2657778,0.04700571,-1.017272,0.5084894,-0.5035928,0.4952554,0.4924989,
1,2,4.505,0.2657778,0.04700571,-1.017272,0.5084894,-0.5035928,0.4952554,0.4924989,
1,2,4.507,0.2657778,0.04700571,-1.017272,0.5084894,-0.5035928,0.4952554,0.4924989,
1,2,4.509,0.2657782,0.04697128,-1.017254,0.5084671,-0.503617,0.4952455,0.492507,
1,2,4.511,0.2657782,0.04697128,-1.017254,0.5084671,-0.503617,0.4952455,0.492507,
1,2,4.513,0.2657782,0.04697128,-1.017254,0.5084671,-0.503617,0.4952455,0.492507,
1,2,4.515,0.2657782,0.04697128,-1.017254,0.5084671,-0.503617,0.4952455,0.492507,
1,2,4.517,0.2657782,0.04697128,-1.017254,0.5084671,-0.503617,0.4952455,0.492507,
1,2,4.519,0.2657862,0.04696589,-1.017251,0.5084738,-0.503635,0.4952327,0.4924945,
1,2,4.521,0.2657862,0.04696589,-1.017251,0.5084738,-0.503635,0.4952327,0.4924945,
1,2,4.523,0.2657862,0.04696589,-1.017251,0.5084738,-0.503635,0.4952327,0.4924945,
1,2,4.525,0.2657862,0.04696589,-1.017251,0.5084738,-0.503635,0.4952327,0.4924945,
1,2,4.527,0.2657814,0.04694577,-1.01727,0.5084695,-0.5036485,0.4952103,0.4925077,
1,2,4.529,0.2657814,0.04694577,-1.01727,0.5084695,-0.5036485,0.4952103,0.4925077,
1,2,4.531,0.2657814,0.04694577,-1.01727,0.5084695,-0.5036485,0.4952103,0.4925077,
1,2,4.533,0.2657814,0.04694577,-1.01727,0.5084695,-0.5036485,0.4952103,0.4925077,
1,2,4.535,0.2657841,0.04692752,-1.01728,0.5084549,-0.5036353,0.4952095,0.4925371,
1,2,4.537,0.2657841,0.04692752,-1.01728,0.5084549,-0.5036353,0.4952095,0.4925371,
1,2,4.539,0.2657841,0.04692752,-1.01728,0.5084549,-0.5036353,0.4952095,0.4925371,
1,2,4.541,0.2657841,0.04692752,-1.01728,0.5084549,-0.5036353,0.4952095,0.4925371,
1,2,4.543,0.2657722,0.04696146,-1.017265,0.5084556,-0.5036265,0.4952344,0.4925202,
1,2,4.545,0.2657722,0.04696146,-1.017265,0.5084556,-0.5036265,0.4952344,0.4925202,
1,2,4.547,0.2657722,0.04696146,-1.017265,0.5084556,-0.5036265,0.4952344,0.4925202,
1,2,4.549,0.2657722,0.04696146,-1.017265,0.5084556,-0.5036265,0.4952344,0.4925202,
1,2,4.551,0.265782,0.04693139,-1.017251,0.5084429,-0.5036477,0.4952226,0.4925236,
1,2,4.553,0.265782,0.04693139,-1.017251,0.5084429,-0.5036477,0.4952226,0.4925236,
1,2,4.555,0.265782,0.04693139,-1.017251,0.5084429,-0.5036477,0.4952226,0.4925236,
1,2,4.557,0.265782,0.04693139,-1.017251,0.5084429,-0.5036477,0.4952226,0.4925236,
1,2,4.559,0.2657774,0.04696168,-1.017236,0.5084367,-0.5036281,0.4952527,0.4925196,
1,2,4.561,0.2657774,0.04696168,-1.017236,0.5084367,-0.5036281,0.4952527,0.4925196,
1,2,4.563,0.2657774,0.04696168,-1.017236,0.5084367,-0.5036281,0.4952527,0.4925196,
1,2,4.565,0.2657774,0.04696168,-1.017236,0.5084367,-0.5036281,0.4952527,0.4925196,
1,2,4.567,0.2657774,0.04696168,-1.017236,0.5084367,-0.5036281,0.4952527,0.4925196,
1,2,4.569,0.2657777,0.04697298,-1.017239,0.5084364,-0.5036166,0.4952665,0.4925179,
1,2,4.571,0.2657777,0.04697298,-1.017239,0.5084364,-0.5036166,0.4952665,0.4925179,
1,2,4.573,0.2657777,0.04697298,-1.017239,0.5084364,-0.5036166,0.4952665,0.4925179,
1,2,4.575,0.2657777,0.04697298,-1.017239,0.5084364,-0.5036166,0.4952665,0.4925179,
1,2,4.577,0.2657894,0.04696475,-1.017244,0.5084597,-0.5036303,0.4952475,0.492499,
1,2,4.579,0.2657894,0.04696475,-1.017244,0.5084597,-0.5036303,0.4952475,0.492499,
1,2,4.581,0.2657894,0.04696475,-1.017244,0.5084597,-0.5036303,0.4952475,0.492499,
1,2,4.583,0.2657894,0.04696475,-1.017244,0.5084597,-0.5036303,0.4952475,0.492499,
1,2,4.585,0.2657915,0.04696259,-1.017256,0.5084647,-0.503633,0.4952334,0.4925053,
1,2,4.587,0.2657915,0.04696259,-1.017256,0.5084647,-0.503633,0.4952334,0.4925053,
1,2,4.589,0.2657915,0.04696259,-1.017256,0.5084647,-0.503633,0.4952334,0.4925053,
1,2,4.591,0.2657915,0.04696259,-1.017256,0.5084647,-0.503633,0.4952334,0.4925053,
1,2,4.593,0.2657894,0.04697949,-1.017257,0.5084646,-0.5036131,0.4952465,0.4925124,
1,2,4.595,0.2657894,0.04697949,-1.017257,0.5084646,-0.5036131,0.4952465,0.4925124,
1,2,4.597,0.2657894,0.04697949,-1.017257,0.5084646,-0.5036131,0.4952465,0.4925124,
1,2,4.599,0.2657894,0.04697949,-1.017257,0.5084646,-0.5036131,0.4952465,0.4925124,
1,2,4.601,0.2657723,0.04693867,-1.017249,0.5084554,-0.5036473,0.4952195,0.4925143,
1,2,4.603,0.2657723,0.04693867,-1.017249,0.5084554,-0.5036473,0.4952195,0.4925143,
1,2,4.605,0.2657723,0.04693867,-1.017249,0.5084554,-0.5036473,0.4952195,0.4925143,
1,2,4.607,0.2657723,0.04693867,-1.017249,0.5084554,-0.5036473,0.4952195,0.4925143,
1,2,4.609,0.2657927,0.04696247,-1.017232,0.5084524,-0.5036348,0.495244,0.4925053,
1,2,4.611,0.2657927,0.04696247,-1.017232,0.5084524,-0.5036348,0.495244,0.4925053,
1,2,4.613,0.2657927,0.04696247,-1.017232,0.5084524,-0.5036348,0.495244,0.4925053,
1,2,4.615,0.2657927,0.04696247,-1.017232,0.5084524,-0.5036348,0.495244,0.4925053,
1,2,4.617,0.2657927,0.04696247,-1.017232,0.5084524,-0.5036348,0.495244,0.4925053,
1,2,4.619,0.2657962,0.04696491,-1.01725,0.5084477,-0.5036089,0.4952528,0.492528,
1,2,4.621,0.2657962,0.04696491,-1.01725,0.5084477,-0.5036089,0.4952528,0.492528,
1,2,4.623,0.2657962,0.04696491,-1.01725,0.5084477,-0.5036089,0.4952528,0.492528,
1,2,4.625,0.2657962,0.04696491,-1.01725,0.5084477,-0.5036089,0.4952528,0.492528,
1,2,4.627,0.2657725,0.04694617,-1.017244,0.508435,-0.5036242,0.4952481,0.4925301,
1,2,4.629,0.2657725,0.04694617,-1.017244,0.508435,-0.5036242,0.4952481,0.4925301,
1,2,4.631,0.2657725,0.04694617,-1.017244,0.508435,-0.5036242,0.4952481,0.4925301,
1,2,4.633,0.2657725,0.04694617,-1.017244,0.508435,-0.5036242,0.4952481,0.4925301,
1,2,4.635,0.2657786,0.0469437,-1.017272,0.5084726,-0.5036312,0.4952212,0.4925112,
1,2,4.637,0.2657786,0.0469437,-1.017272,0.5084726,-0.5036312,0.4952212,0.4925112,
1,2,4.639,0.2657786,0.0469437,-1.017272,0.5084726,-0.5036312,0.4952212,0.4925112,
1,2,4.641,0.2657786,0.0469437,-1.017272,0.5084726,-0.5036312,0.4952212,0.4925112,
1,2,4.643,0.2657891,0.04696084,-1.017261,0.5084873,-0.5036331,0.4952222,0.4924932,
1,2,4.645,0.2657891,0.04696084,-1.017261,0.5084873,-0.5036331,0.4952222,0.4924932,
1,2,4.647,0.2657891,0.04696084,-1.017261,0.5084873,-0.5036331,0.4952222,0.4924932,
1,2,4.649,0.2657891,0.04696084,-1.017261,0.5084873,-0.5036331,0.4952222,0.4924932,
1,2,4.651,0.265783,0.04694653,-1.017249,0.508471,-0.5036548,0.4952139,0.492496,
1,2,4.653,0.265783,0.04694653,-1.017249,0.508471,-0.5036548,0.4952139,0.492496,
1,2,4.655,0.265783,0.04694653,-1.017249,0.508471,-0.5036548,0.4952139,0.492496,
1,2,4.657,0.265783,0.04694653,-1.017249,0.508471,-0.5036548,0.4952139,0.492496,
1,2,4.659,0.2657947,0.04692497,-1.017262,0.5084531,-0.5036582,0.4952042,0.4925207,
1,2,4.661,0.2657947,0.04692497,-1.017262,0.5084531,-0.5036582,0.4952042,0.4925207,
1,2,4.663,0.2657947,0.04692497,-1.017262,0.5084531,-0.5036582,0.4952042,0.4925207,
1,2,4.665,0.2657947,0.04692497,-1.017262,0.5084531,-0.5036582,0.4952042,0.4925207,
1,2,4.667,0.2657947,0.04692497,-1.017262,0.5084531,-0.5036582,0.4952042,0.4925207,
1,2,4.669,0.265781,0.04689691,-1.017275,0.5084538,-0.5036548,0.4951908,0.4925371,
1,2,4.671,0.265781,0.04689691,-1.017275,0.5084538,-0.5036548,0.4951908,0.4925371,
1,2,4.673,0.265781,0.04689691,-1.017275,0.5084538,-0.5036548,0.4951908,0.4925371,
1,2,4.675,0.265781,0.04689691,-1.017275,0.5084538,-0.5036548,0.4951908,0.4925371,
1,2,4.677,0.265778,0.04692584,-1.01727,0.5084575,-0.5036584,0.4952007,0.4925195,
1,2,4.679,0.265778,0.04692584,-1.01727,0.5084575,-0.5036584,0.4952007,0.4925195,
1,2,4.681,0.265778,0.04692584,-1.01727,0.5084575,-0.5036584,0.4952007,0.4925195,
1,2,4.683,0.265778,0.04692584,-1.01727,0.5084575,-0.5036584,0.4952007,0.4925195,
1,2,4.685,0.2657818,0.0469345,-1.017264,0.5084534,-0.5036458,0.4952107,0.4925267,
1,2,4.687,0.2657818,0.0469345,-1.017264,0.5084534,-0.5036458,0.4952107,0.4925267,
1,2,4.689,0.2657818,0.0469345,-1.017264,0.5084534,-0.5036458,0.4952107,0.4925267,
1,2,4.691,0.2657818,0.0469345,-1.017264,0.5084534,-0.5036458,0.4952107,0.4925267,
1,2,4.693,0.2657862,0.04696989,-1.017261,0.5084692,-0.5036315,0.4952295,0.492506,
1,2,4.695,0.2657862,0.04696989,-1.017261,0.5084692,-0.5036315,0.4952295,0.492506,
1,2,4.697,0.2657862,0.04696989,-1.017261,0.5084692,-0.5036315,0.4952295,0.492506,
1,2,4.699,0.2657862,0.04696989,-1.017261,0.5084692,-0.5036315,0.4952295,0.492506,
1,2,4.701,0.2657846,0.04697935,-1.017276,0.5084984,-0.5036206,0.4952304,0.4924861,
1,2,4.703,0.2657846,0.04697935,-1.017276,0.5084984,-0.5036206,0.4952304,0.4924861,
1,2,4.705,0.2657846,0.04697935,-1.017276,0.5084984,-0.5036206,0.4952304,0.4924861,
1,2,4.707,0.2657846,0.04697935,-1.017276,0.5084984,-0.5036206,0.4952304,0.4924861,
1,2,4.709,0.2657859,0.04698046,-1.017234,0.5084688,-0.503626,0.4952497,0.4924916,
1,2,4.711,0.2657859,0.04698046,-1.017234,0.5084688,-0.503626,0.4952497,0.4924916,
1,2,4.713,0.2657859,0.04698046,-1.017234,0.5084688,-0.503626,0.4952497,0.4924916,
1,2,4.715,0.2657859,0.04698046,-1.017234,0.5084688,-0.503626,0.4952497,0.4924916,
1,2,4.717,0.2657859,0.04698046,-1.017234,0.5084688,-0.503626,0.4952497,0.4924916,
1,2,4.719,0.2657883,0.04695568,-1.017265,0.5084775,-0.5036358,0.49522,0.4925027,
1,2,4.721,0.2657883,0.04695568,-1.017265,0.5084775,-0.5036358,0.49522,0.4925027,
1,2,4.723,0.2657883,0.04695568,-1.017265,0.5084775,-0.5036358,0.49522,0.4925027,
1,2,4.725,0.2657883,0.04695568,-1.017265,0.5084775,-0.5036358,0.49522,0.4925027,
1,2,4.727,0.2657941,0.04696849,-1.017256,0.5084799,-0.5036342,0.4952231,0.4924986,
1,2,4.729,0.2657941,0.04696849,-1.017256,0.5084799,-0.5036342,0.4952231,0.4924986,
1,2,4.731,0.2657941,0.04696849,-1.017256,0.5084799,-0.5036342,0.4952231,0.4924986,
1,2,4.733,0.2657941,0.04696849,-1.017256,0.5084799,-0.5036342,0.4952231,0.4924986,
1,2,4.735,0.2657787,0.04697828,-1.017264,0.5084828,-0.5036207,0.4952351,0.4924976,
1,2,4.737,0.2657787,0.04697828,-1.017264,0.5084828,-0.5036207,0.4952351,0.4924976,
1,2,4.739,0.2657787,0.04697828,-1.017264,0.5084828,-0.5036207,0.4952351,0.4924976,
1,2,4.741,0.2657787,0.04697828,-1.017264,0.5084828,-0.5036207,0.4952351,0.4924976,
1,2,4.743,0.2657827,0.04697951,-1.017256,0.5084764,-0.5036181,0.4952401,0.4925016,
1,2,4.745,0.2657827,0.04697951,-1.017256,0.5084764,-0.5036181,0.4952401,0.4925016,
1,2,4.747,0.2657827,0.04697951,-1.017256,0.5084764,-0.5036181,0.4952401,0.4925016,
1,2,4.749,0.2657827,0.04697951,-1.017256,0.5084764,-0.5036181,0.4952401,0.4925016,
1,2,4.751,0.2657866,0.04694242,-1.017273,0.5084645,-0.5036303,0.4952166,0.4925252,
1,2,4.753,0.2657866,0.04694242,-1.017273,0.5084645,-0.5036303,0.4952166,0.4925252,
1,2,4.755,0.2657866,0.04694242,-1.017273,0.5084645,-0.5036303,0.4952166,0.4925252,
1,2,4.757,0.2657866,0.04694242,-1.017273,0.5084645,-0.5036303,0.4952166,0.4925252,
1,2,4.759,0.2657848,0.04692417,-1.01726,0.5084444,-0.5036522,0.4952136,0.4925265,
1,2,4.761,0.2657848,0.04692417,-1.01726,0.5084444,-0.5036522,0.4952136,0.4925265,
1,2,4.763,0.2657848,0.04692417,-1.01726,0.5084444,-0.5036522,0.4952136,0.4925265,
1,2,4.765,0.2657848,0.04692417,-1.01726,0.5084444,-0.5036522,0.4952136,0.4925265,
1,2,4.767,0.2657848,0.04692417,-1.01726,0.5084444,-0.5036522,0.4952136,0.4925265,
1,2,4.769,0.2657928,0.04693394,-1.017266,0.5084493,-0.503623,0.4952315,0.4925334,
1,2,4.771,0.2657928,0.04693394,-1.017266,0.5084493,-0.503623,0.4952315,0.4925334,
1,2,4.773,0.2657928,0.04693394,-1.017266,0.5084493,-0.503623,0.4952315,0.4925334,
1,2,4.775,0.2657928,0.04693394,-1.017266,0.5084493,-0.503623,0.4952315,0.4925334,
1,2,4.777,0.2657932,0.04694707,-1.017266,0.5084553,-0.5036258,0.4952252,0.4925307,
1,2,4.779,0.2657932,0.04694707,-1.017266,0.5084553,-0.5036258,0.4952252,0.4925307,
1,2,4.781,0.2657932,0.04694707,-1.017266,0.5084553,-0.5036258,0.4952252,0.4925307,
1,2,4.783,0.2657932,0.04694707,-1.017266,0.5084553,-0.5036258,0.4952252,0.4925307,
1,2,4.785,0.2657845,0.04695055,-1.017257,0.5084465,-0.5036035,0.495253,0.4925344,
1,2,4.787,0.2657845,0.04695055,-1.017257,0.5084465,-0.5036035,0.495253,0.4925344,
1,2,4.789,0.2657845,0.04695055,-1.017257,0.5084465,-0.5036035,0.495253,0.4925344,
1,2,4.791,0.2657845,0.04695055,-1.017257,0.5084465,-0.5036035,0.495253,0.4925344,
1,2,4.793,0.2657925,0.04698857,-1.017262,0.5084358,-0.5035707,0.4952873,0.4925443,
1,2,4.795,0.2657925,0.04698857,-1.017262,0.5084358,-0.5035707,0.4952873,0.4925443,
1,2,4.797,0.2657925,0.04698857,-1.017262,0.5084358,-0.5035707,0.4952873,0.4925443,
1,2,4.799,0.2657925,0.04698857,-1.017262,0.5084358,-0.5035707,0.4952873,0.4925443,
1,2,4.801,0.2657796,0.04696381,-1.017266,0.5084501,-0.5036026,0.4952486,0.4925361,
1,2,4.803,0.2657796,0.04696381,-1.017266,0.5084501,-0.5036026,0.4952486,0.4925361,
1,2,4.805,0.2657796,0.04696381,-1.017266,0.5084501,-0.5036026,0.4952486,0.4925361,
1,2,4.807,0.2657796,0.04696381,-1.017266,0.5084501,-0.5036026,0.4952486,0.4925361,
1,2,4.809,0.26578,0.04692395,-1.017257,0.5084404,-0.5036372,0.4952294,0.49253,
1,2,4.811,0.26578,0.04692395,-1.017257,0.5084404,-0.5036372,0.4952294,0.49253,
1,2,4.813,0.26578,0.04692395,-1.017257,0.5084404,-0.5036372,0.4952294,0.49253,
1,2,4.815,0.26578,0.04692395,-1.017257,0.5084404,-0.5036372,0.4952294,0.49253,
1,2,4.817,0.26578,0.04692395,-1.017257,0.5084404,-0.5036372,0.4952294,0.49253,
1,2,4.819,0.265788,0.04691629,-1.017243,0.508445,-0.5036421,0.4952275,0.4925221,
1,2,4.821,0.265788,0.04691629,-1.017243,0.508445,-0.5036421,0.4952275,0.4925221,
1,2,4.823,0.265788,0.04691629,-1.017243,0.508445,-0.5036421,0.4952275,0.4925221,
1,2,4.825,0.265788,0.04691629,-1.017243,0.508445,-0.5036421,0.4952275,0.4925221,
1,2,4.827,0.265794,0.04690113,-1.017267,0.5084757,-0.5036665,0.4951858,0.4925077,
1,2,4.829,0.265794,0.04690113,-1.017267,0.5084757,-0.5036665,0.4951858,0.4925077,
1,2,4.831,0.265794,0.04690113,-1.017267,0.5084757,-0.5036665,0.4951858,0.4925077,
1,2,4.833,0.265794,0.04690113,-1.017267,0.5084757,-0.5036665,0.4951858,0.4925077,
1,2,4.835,0.2657823,0.04689078,-1.017264,0.5084566,-0.5036833,0.4951703,0.4925255,
1,2,4.837,0.2657823,0.04689078,-1.017264,0.5084566,-0.5036833,0.4951703,0.4925255,
1,2,4.839,0.2657823,0.04689078,-1.017264,0.5084566,-0.5036833,0.4951703,0.4925255,
1,2,4.841,0.2657823,0.04689078,-1.017264,0.5084566,-0.5036833,0.4951703,0.4925255,
1,2,4.843,0.2657852,0.04686077,-1.017252,0.5084137,-0.5036916,0.4951835,0.4925482,
1,2,4.845,0.2657852,0.04686077,-1.017252,0.5084137,-0.5036916,0.4951835,0.4925482,
1,2,4.847,0.2657852,0.04686077,-1.017252,0.5084137,-0.5036916,0.4951835,0.4925482,
1,2,4.849,0.2657852,0.04686077,-1.017252,0.5084137,-0.5036916,0.4951835,0.4925482,
1,2,4.851,0.2657824,0.04690553,-1.017252,0.5084372,-0.5036591,0.4952077,0.4925328,
1,2,4.853,0.2657824,0.04690553,-1.017252,0.5084372,-0.5036591,0.4952077,0.4925328,
1,2,4.855,0.2657824,0.04690553,-1.017252,0.5084372,-0.5036591,0.4952077,0.4925328,
1,2,4.857,0.2657824,0.04690553,-1.017252,0.5084372,-0.5036591,0.4952077,0.4925328,
1,2,4.859,0.2657779,0.04693894,-1.017229,0.5084272,-0.5036415,0.4952467,0.4925218,
1,2,4.861,0.2657779,0.04693894,-1.017229,0.5084272,-0.5036415,0.4952467,0.4925218,
1,2,4.863,0.2657779,0.04693894,-1.017229,0.5084272,-0.5036415,0.4952467,0.4925218,
1,2,4.865,0.2657779,0.04693894,-1.017229,0.5084272,-0.5036415,0.4952467,0.4925218,
1,2,4.867,0.2657779,0.04693894,-1.017229,0.5084272,-0.5036415,0.4952467,0.4925218,
1,2,4.869,0.2657648,0.0468545,-1.017288,0.5084172,-0.5036568,0.4951931,0.4925704,
1,2,4.871,0.2657648,0.0468545,-1.017288,0.5084172,-0.5036568,0.4951931,0.4925704,
1,2,4.873,0.2657648,0.0468545,-1.017288,0.5084172,-0.5036568,0.4951931,0.4925704,
1,2,4.875,0.2657648,0.0468545,-1.017288,0.5084172,-0.5036568,0.4951931,0.4925704,
1,2,4.877,0.2657723,0.046893,-1.017265,0.508433,-0.5036513,0.4952154,0.4925373,
1,2,4.879,0.2657723,0.046893,-1.017265,0.508433,-0.5036513,0.4952154,0.4925373,
1,2,4.881,0.2657723,0.046893,-1.017265,0.508433,-0.5036513,0.4952154,0.4925373,
1,2,4.883,0.2657723,0.046893,-1.017265,0.508433,-0.5036513,0.4952154,0.4925373,
1,2,4.885,0.2657846,0.04691365,-1.01728,0.5084678,-0.5036368,0.4952038,0.4925279,
1,2,4.887,0.2657846,0.04691365,-1.01728,0.5084678,-0.5036368,0.4952038,0.4925279,
1,2,4.889,0.2657846,0.04691365,-1.01728,0.5084678,-0.5036368,0.4952038,0.4925279,
1,2,4.891,0.2657846,0.04691365,-1.01728,0.5084678,-0.5036368,0.4952038,0.4925279,
1,2,4.893,0.265783,0.04696871,-1.017272,0.5084838,-0.5036212,0.495222,0.4925091,
1,2,4.895,0.265783,0.04696871,-1.017272,0.5084838,-0.5036212,0.495222,0.4925091,
1,2,4.897,0.265783,0.04696871,-1.017272,0.5084838,-0.5036212,0.495222,0.4925091,
1,2,4.899,0.265783,0.04696871,-1.017272,0.5084838,-0.5036212,0.495222,0.4925091,
1,2,4.901,0.2657903,0.04694799,-1.017265,0.5084521,-0.5036293,0.4952271,0.4925284,
1,2,4.903,0.2657903,0.04694799,-1.017265,0.5084521,-0.5036293,0.4952271,0.4925284,
1,2,4.905,0.2657903,0.04694799,-1.017265,0.5084521,-0.5036293,0.4952271,0.4925284,
1,2,4.907,0.2657903,0.04694799,-1.017265,0.5084521,-0.5036293,0.4952271,0.4925284,
1,2,4.909,0.2657812,0.04691676,-1.017247,0.5084422,-0.5036588,0.4952076,0.492528,
1,2,4.911,0.2657812,0.04691676,-1.017247,0.5084422,-0.5036588,0.4952076,0.492528,
1,2,4.913,0.2657812,0.04691676,-1.017247,0.5084422,-0.5036588,0.4952076,0.492528,
1,2,4.915,0.2657812,0.04691676,-1.017247,0.5084422,-0.5036588,0.4952076,0.492528,
1,2,4.917,0.2657812,0.04691676,-1.017247,0.5084422,-0.5036588,0.4952076,0.492528,
1,2,4.919,0.2657863,0.04693989,-1.017244,0.5084509,-0.5036534,0.4952255,0.4925066,
1,2,4.921,0.2657863,0.04693989,-1.017244,0.5084509,-0.5036534,0.4952255,0.4925066,
1,2,4.923,0.2657863,0.04693989,-1.017244,0.5084509,-0.5036534,0.4952255,0.4925066,
1,2,4.925,0.2657863,0.04693989,-1.017244,0.5084509,-0.5036534,0.4952255,0.4925066,
1,2,4.927,0.2657795,0.04695193,-1.01727,0.5084478,-0.5036287,0.4952364,0.4925239,
1,2,4.929,0.2657795,0.04695193,-1.01727,0.5084478,-0.5036287,0.4952364,0.4925239,
1,2,4.931,0.2657795,0.04695193,-1.01727,0.5084478,-0.5036287,0.4952364,0.4925239,
1,2,4.933,0.2657795,0.04695193,-1.01727,0.5084478,-0.5036287,0.4952364,0.4925239,
1,2,4.935,0.2657861,0.04693844,-1.017236,0.5084599,-0.5036607,0.4952203,0.4924949,
1,2,4.937,0.2657861,0.04693844,-1.017236,0.5084599,-0.5036607,0.4952203,0.4924949,
1,2,4.939,0.2657861,0.04693844,-1.017236,0.5084599,-0.5036607,0.4952203,0.4924949,
1,2,4.941,0.2657861,0.04693844,-1.017236,0.5084599,-0.5036607,0.4952203,0.4924949,
1,2,4.943,0.2657841,0.04695654,-1.017256,0.5084727,-0.5036325,0.495225,0.4925058,
1,2,4.945,0.2657841,0.04695654,-1.017256,0.5084727,-0.5036325,0.495225,0.4925058,
1,2,4.947,0.2657841,0.04695654,-1.017256,0.5084727,-0.5036325,0.495225,0.4925058,
1,2,4.949,0.2657841,0.04695654,-1.017256,0.5084727,-0.5036325,0.495225,0.4925058,
1,2,4.951,0.2657868,0.0469681,-1.017271,0.5084819,-0.5036264,0.4952283,0.4924994,
1,2,4.953,0.2657868,0.0469681,-1.017271,0.5084819,-0.5036264,0.4952283,0.4924994,
1,2,4.955,0.2657868,0.0469681,-1.017271,0.5084819,-0.5036264,0.4952283,0.4924994,
1,2,4.957,0.2657868,0.0469681,-1.017271,0.5084819,-0.5036264,0.4952283,0.4924994,
1,2,4.959,0.2657809,0.04695911,-1.017265,0.5084669,-0.5036463,0.4952229,0.4924998,
1,2,4.961,0.2657809,0.04695911,-1.017265,0.5084669,-0.5036463,0.4952229,0.4924998,
1,2,4.963,0.2657809,0.04695911,-1.017265,0.5084669,-0.5036463,0.4952229,0.4924998,
1,2,4.965,0.2657809,0.04695911,-1.017265,0.5084669,-0.5036463,0.4952229,0.4924998,
1,2,4.967,0.2657809,0.04695911,-1.017265,0.5084669,-0.5036463,0.4952229,0.4924998,
1,2,4.969,0.2657783,0.04695205,-1.017261,0.5084605,-0.5036385,0.495225,0.4925124,
1,2,4.971,0.2657783,0.04695205,-1.017261,0.5084605,-0.5036385,0.495225,0.4925124,
1,2,4.973,0.2657783,0.04695205,-1.017261,0.5084605,-0.5036385,0.495225,0.4925124,
1,2,4.975,0.2657783,0.04695205,-1.017261,0.5084605,-0.5036385,0.495225,0.4925124,
1,2,4.977,0.2657767,0.04695113,-1.017265,0.5084794,-0.5036466,0.4952099,0.4924998,
1,2,4.979,0.2657767,0.04695113,-1.017265,0.5084794,-0.5036466,0.4952099,0.4924998,
1,2,4.981,0.2657767,0.04695113,-1.017265,0.5084794,-0.5036466,0.4952099,0.4924998,
1,2,4.983,0.2657767,0.04695113,-1.017265,0.5084794,-0.5036466,0.4952099,0.4924998,
1,2,4.985,0.2657728,0.04690826,-1.01727,0.5084444,-0.5036744,0.4951889,0.4925288,
1,2,4.987,0.2657728,0.04690826,-1.01727,0.5084444,-0.5036744,0.4951889,0.4925288,
1,2,4.989,0.2657728,0.04690826,-1.01727,0.5084444,-0.5036744,0.4951889,0.4925288,
1,2,4.991,0.2657728,0.04690826,-1.01727,0.5084444,-0.5036744,0.4951889,0.4925288,
1,2,4.993,0.2657791,0.04692284,-1.017267,0.5084707,-0.5036631,0.4951979,0.4925039,
1,2,4.995,0.2657791,0.04692284,-1.017267,0.5084707,-0.5036631,0.4951979,0.4925039,
1,2,4.997,0.2657791,0.04692284,-1.017267,0.5084707,-0.5036631,0.4951979,0.4925039,
1,2,4.999,0.2657791,0.04692284,-1.017267,0.5084707,-0.5036631,0.4951979,0.4925039,
1,2,5.001,0.2657849,0.04696693,-1.017256,0.5084607,-0.5036382,0.4952337,0.4925038,
1,2,5.003,0.2657849,0.04696693,-1.017256,0.5084607,-0.5036382,0.4952337,0.4925038,
1,2,5.005,0.2657849,0.04696693,-1.017256,0.5084607,-0.5036382,0.4952337,0.4925038,
1,2,5.007,0.2657849,0.04696693,-1.017256,0.5084607,-0.5036382,0.4952337,0.4925038,
1,2,5.009,0.2657809,0.04694394,-1.01728,0.5084584,-0.5036348,0.4952146,0.4925289,
1,2,5.011,0.2657809,0.04694394,-1.01728,0.5084584,-0.5036348,0.4952146,0.4925289,
1,2,5.013,0.2657809,0.04694394,-1.01728,0.5084584,-0.5036348,0.4952146,0.4925289,
1,2,5.015,0.2657809,0.04694394,-1.01728,0.5084584,-0.5036348,0.4952146,0.4925289,
1,2,5.017,0.2657809,0.04694394,-1.01728,0.5084584,-0.5036348,0.4952146,0.4925289,
1,2,5.019,0.2657818,0.04696914,-1.017255,0.5084428,-0.5036187,0.4952529,0.4925227,
1,2,5.021,0.2657818,0.04696914,-1.017255,0.5084428,-0.5036187,0.4952529,0.4925227,
1,2,5.023,0.2657818,0.04696914,-1.017255,0.5084428,-0.5036187,0.4952529,0.4925227,
1,2,5.025,0.2657818,0.04696914,-1.017255,0.5084428,-0.5036187,0.4952529,0.4925227,
1,2,5.027,0.2657754,0.04691517,-1.017265,0.5084557,-0.5036634,0.4952018,0.4925152,
1,2,5.029,0.2657754,0.04691517,-1.017265,0.5084557,-0.5036634,0.4952018,0.4925152,
1,2,5.031,0.2657754,0.04691517,-1.017265,0.5084557,-0.5036634,0.4952018,0.4925152,
1,2,5.033,0.2657754,0.04691517,-1.017265,0.5084557,-0.5036634,0.4952018,0.4925152,
1,2,5.035,0.2657769,0.04693276,-1.017279,0.5084577,-0.5036471,0.4952084,0.492523,
1,2,5.037,0.2657769,0.04693276,-1.017279,0.5084577,-0.5036471,0.4952084,0.492523,
1,2,5.039,0.2657769,0.04693276,-1.017279,0.5084577,-0.5036471,0.4952084,0.492523,
1,2,5.041,0.2657769,0.04693276,-1.017279,0.5084577,-0.5036471,0.4952084,0.492523,
1,2,5.043,0.2657751,0.0468986,-1.017283,0.508454,-0.5036664,0.4951862,0.4925296,
1,2,5.045,0.2657751,0.0468986,-1.017283,0.508454,-0.5036664,0.4951862,0.4925296,
1,2,5.047,0.2657751,0.0468986,-1.017283,0.508454,-0.5036664,0.4951862,0.4925296,
1,2,5.049,0.2657751,0.0468986,-1.017283,0.508454,-0.5036664,0.4951862,0.4925296,
1,2,5.051,0.2657726,0.04691441,-1.017284,0.508445,-0.5036454,0.4952019,0.4925447,
1,2,5.053,0.2657726,0.04691441,-1.017284,0.508445,-0.5036454,0.4952019,0.4925447,
1,2,5.055,0.2657726,0.04691441,-1.017284,0.508445,-0.5036454,0.4952019,0.4925447,
1,2,5.057,0.2657726,0.04691441,-1.017284,0.508445,-0.5036454,0.4952019,0.4925447,
1,2,5.059,0.2657793,0.04691286,-1.017264,0.5084366,-0.503646,0.4952164,0.4925382,
1,2,5.061,0.2657793,0.04691286,-1.017264,0.5084366,-0.503646,0.4952164,0.4925382,
1,2,5.063,0.2657793,0.04691286,-1.017264,0.5084366,-0.503646,0.4952164,0.4925382,
1,2,5.065,0.2657793,0.04691286,-1.017264,0.5084366,-0.503646,0.4952164,0.4925382,
1,2,5.067,0.2657793,0.04691286,-1.017264,0.5084366,-0.503646,0.4952164,0.4925382,
1,2,5.069,0.2657831,0.04691743,-1.017264,0.5084388,-0.5036469,0.4952183,0.492533,
1,2,5.071,0.2657831,0.04691743,-1.017264,0.5084388,-0.5036469,0.4952183,0.492533,
1,2,5.073,0.2657831,0.04691743,-1.017264,0.5084388,-0.5036469,0.4952183,0.492533,
1,2,5.075,0.2657831,0.04691743,-1.017264,0.5084388,-0.5036469,0.4952183,0.492533,
1,2,5.077,0.2657818,0.04695009,-1.017282,0.5084626,-0.5036384,0.495218,0.4925174,
1,2,5.079,0.2657818,0.04695009,-1.017282,0.5084626,-0.5036384,0.495218,0.4925174,
1,2,5.081,0.2657818,0.04695009,-1.017282,0.5084626,-0.5036384,0.495218,0.4925174,CourtEnter
1,2,5.083,0.2657818,0.04695009,-1.017282,0.5084626,-0.5036384,0.495218,0.4925174,
1,2,5.085,0.2657826,0.04694605,-1.01728,0.5084745,-0.5036308,0.4952174,0.4925135,
1,2,5.087,0.2657826,0.04694605,-1.01728,0.5084745,-0.5036308,0.4952174,0.4925135,
1,2,5.089,0.2657826,0.04694605,-1.01728,0.5084745,-0.5036308,0.4952174,0.4925135,
1,2,5.091,0.2657826,0.04694605,-1.01728,0.5084745,-0.5036308,0.4952174,0.4925135,CourtExit
1,2,5.093,0.2657765,0.04694192,-1.017265,0.508461,-0.5036408,0.4952255,0.4925089,
1,2,5.095,0.2657765,0.04694192,-1.017265,0.508461,-0.5036408,0.4952255,0.4925089,
1,2,5.097,0.2657765,0.04694192,-1.017265,0.508461,-0.5036408,0.4952255,0.4925089,
1,2,5.099,0.2657765,0.04694192,-1.017265,0.508461,-0.5036408,0.4952255,0.4925089,
1,2,5.101,0.2657838,0.04696297,-1.017255,0.5084417,-0.5036213,0.4952497,0.4925246,
1,2,5.103,0.2657838,0.04696297,-1.017255,0.5084417,-0.5036213,0.4952497,0.4925246,
1,2,5.105,0.2657838,0.04696297,-1.017255,0.5084417,-0.5036213,0.4952497,0.4925246,
1,2,5.107,0.2657838,0.04696297,-1.017255,0.5084417,-0.5036213,0.4952497,0.4925246,
1,2,5.109,0.2657785,0.04694993,-1.017237,0.5084293,-0.5036157,0.4952637,0.4925289,
1,2,5.111,0.2657785,0.04694993,-1.017237,0.5084293,-0.5036157,0.4952637,0.4925289,
1,2,5.113,0.2657785,0.04694993,-1.017237,0.5084293,-0.5036157,0.4952637,0.4925289,
1,2,5.115,0.2657785,0.04694993,-1.017237,0.5084293,-0.5036157,0.4952637,0.4925289,
1,2,5.117,0.2657785,0.04694993,-1.017237,0.5084293,-0.5036157,0.4952637,0.4925289,
1,2,5.119,0.2657811,0.04695354,-1.017273,0.5084507,-0.5036054,0.4952468,0.4925345,
1,2,5.121,0.2657811,0.04695354,-1.017273,0.5084507,-0.5036054,0.4952468,0.4925345,
1,2,5.123,0.2657811,0.04695354,-1.017273,0.5084507,-0.5036054,0.4952468,0.4925345,
1,2,5.125,0.2657811,0.04695354,-1.017273,0.5084507,-0.5036054,0.4952468,0.4925345,
1,2,5.127,0.265766,0.04695532,-1.017274,0.5084678,-0.5036303,0.4952243,0.4925138,
1,2,5.129,0.265766,0.04695532,-1.017274,0.5084678,-0.5036303,0.4952243,0.4925138,
1,2,5.131,0.265766,0.04695532,-1.017274,0.5084678,-0.5036303,0.4952243,0.4925138,
1,2,5.133,0.265766,0.04695532,-1.017274,0.5084678,-0.5036303,0.4952243,0.4925138,
1,2,5.135,0.2657792,0.04696057,-1.017261,0.5084657,-0.5036238,0.495236,0.4925109,
1,2,5.137,0.2657792,0.04696057,-1.017261,0.5084657,-0.5036238,0.495236,0.4925109,
1,2,5.139,0.2657792,0.04696057,-1.017261,0.5084657,-0.5036238,0.495236,0.4925109,
1,2,5.141,0.2657792,0.04696057,-1.017261,0.5084657,-0.5036238,0.495236,0.4925109,
1,2,5.143,0.265781,0.04695106,-1.017285,0.5084669,-0.5036113,0.4952302,0.4925284,
1,2,5.145,0.265781,0.04695106,-1.017285,0.5084669,-0.5036113,0.4952302,0.4925284,
1,2,5.147,0.265781,0.04695106,-1.017285,0.5084669,-0.5036113,0.4952302,0.4925284,
1,2,5.149,0.265781,0.04695106,-1.017285,0.5084669,-0.5036113,0.4952302,0.4925284,
1,2,5.151,0.2657698,0.04695713,-1.01728,0.5084648,-0.503602,0.4952415,0.4925286,
1,2,5.153,0.2657698,0.04695713,-1.01728,0.5084648,-0.503602,0.4952415,0.4925286,
1,2,5.155,0.2657698,0.04695713,-1.01728,0.5084648,-0.503602,0.4952415,0.4925286,
1,2,5.157,0.2657698,0.04695713,-1.01728,0.5084648,-0.503602,0.4952415,0.4925286,
1,2,5.159,0.2657864,0.0469541,-1.017287,0.5084697,-0.5036189,0.495224,0.492524,
1,2,5.161,0.2657864,0.0469541,-1.017287,0.5084697,-0.5036189,0.495224,0.492524,
1,2,5.163,0.2657864,0.0469541,-1.017287,0.5084697,-0.5036189,0.495224,0.492524,
1,2,5.165,0.2657864,0.0469541,-1.017287,0.5084697,-0.5036189,0.495224,0.492524,
1,2,5.167,0.2657864,0.0469541,-1.017287,0.5084697,-0.5036189,0.495224,0.492524,
1,2,5.169,0.2657852,0.04695274,-1.017294,0.5084738,-0.5036109,0.4952226,0.4925292,
1,2,5.171,0.2657852,0.04695274,-1.017294,0.5084738,-0.5036109,0.4952226,0.4925292,
1,2,5.173,0.2657852,0.04695274,-1.017294,0.5084738,-0.5036109,0.4952226,0.4925292,
1,2,5.175,0.2657852,0.04695274,-1.017294,0.5084738,-0.5036109,0.4952226,0.4925292,
1,2,5.177,0.2657853,0.04696777,-1.017297,0.508477,-0.5035946,0.4952468,0.4925183,
1,2,5.179,0.2657853,0.04696777,-1.017297,0.508477,-0.5035946,0.4952468,0.4925183,
1,2,5.181,0.2657853,0.04696777,-1.017297,0.508477,-0.5035946,0.4952468,0.4925183,
1,2,5.183,0.2657853,0.04696777,-1.017297,0.508477,-0.5035946,0.4952468,0.4925183,
1,2,5.185,0.2657851,0.04696514,-1.017296,0.5084705,-0.5035911,0.4952472,0.4925283,
1,2,5.187,0.2657851,0.04696514,-1.017296,0.5084705,-0.5035911,0.4952472,0.4925283,
1,2,5.189,0.2657851,0.04696514,-1.017296,0.5084705,-0.5035911,0.4952472,0.4925283,
1,2,5.191,0.2657851,0.04696514,-1.017296,0.5084705,-0.5035911,0.4952472,0.4925283,
1,2,5.193,0.2657862,0.04698932,-1.017291,0.5084771,-0.5036035,0.4952452,0.4925108,
1,2,5.195,0.2657862,0.04698932,-1.017291,0.5084771,-0.5036035,0.4952452,0.4925108,
1,2,5.197,0.2657862,0.04698932,-1.017291,0.5084771,-0.5036035,0.4952452,0.4925108,
1,2,5.199,0.2657862,0.04698932,-1.017291,0.5084771,-0.5036035,0.4952452,0.4925108,
1,2,5.201,0.265785,0.04698841,-1.017277,0.5084712,-0.5036037,0.4952508,0.492511,
1,2,5.203,0.265785,0.04698841,-1.017277,0.5084712,-0.5036037,0.4952508,0.492511,
1,2,5.205,0.265785,0.04698841,-1.017277,0.5084712,-0.5036037,0.4952508,0.492511,
1,2,5.207,0.265785,0.04698841,-1.017277,0.5084712,-0.5036037,0.4952508,0.492511,
1,2,5.209,0.2657867,0.04694752,-1.017293,0.5084732,-0.5036234,0.4952174,0.4925225,
1,2,5.211,0.2657867,0.04694752,-1.017293,0.5084732,-0.5036234,0.4952174,0.4925225,
1,2,5.213,0.2657867,0.04694752,-1.017293,0.5084732,-0.5036234,0.4952174,0.4925225,
1,2,5.215,0.2657867,0.04694752,-1.017293,0.5084732,-0.5036234,0.4952174,0.4925225,
1,2,5.217,0.2657867,0.04694752,-1.017293,0.5084732,-0.5036234,0.4952174,0.4925225,
1,2,5.219,0.2657824,0.04698533,-1.017281,0.5084712,-0.5035814,0.4952648,0.4925196,
1,2,5.221,0.2657824,0.04698533,-1.017281,0.5084712,-0.5035814,0.4952648,0.4925196,
1,2,5.223,0.2657824,0.04698533,-1.017281,0.5084712,-0.5035814,0.4952648,0.4925196,
1,2,5.225,0.2657824,0.04698533,-1.017281,0.5084712,-0.5035814,0.4952648,0.4925196,
1,2,5.227,0.2657825,0.04697217,-1.017301,0.5084842,-0.5036024,0.4952317,0.4925182,
1,2,5.229,0.2657825,0.04697217,-1.017301,0.5084842,-0.5036024,0.4952317,0.4925182,
1,2,5.231,0.2657825,0.04697217,-1.017301,0.5084842,-0.5036024,0.4952317,0.4925182,
1,2,5.233,0.2657825,0.04697217,-1.017301,0.5084842,-0.5036024,0.4952317,0.4925182,
1,2,5.235,0.2657799,0.04694531,-1.017319,0.5084808,-0.503594,0.4952189,0.4925431,
1,2,5.237,0.2657799,0.04694531,-1.017319,0.5084808,-0.503594,0.4952189,0.4925431,
1,2,5.239,0.2657799,0.04694531,-1.017319,0.5084808,-0.503594,0.4952189,0.4925431,
1,2,5.241,0.2657799,0.04694531,-1.017319,0.5084808,-0.503594,0.4952189,0.4925431,
1,2,5.243,0.2657848,0.04697323,-1.017294,0.5084798,-0.5035951,0.4952379,0.4925238,
1,2,5.245,0.2657848,0.04697323,-1.017294,0.5084798,-0.5035951,0.4952379,0.4925238,
1,2,5.247,0.2657848,0.04697323,-1.017294,0.5084798,-0.5035951,0.4952379,0.4925238,
1,2,5.249,0.2657848,0.04697323,-1.017294,0.5084798,-0.5035951,0.4952379,0.4925238,
1,2,5.251,0.2657747,0.04696923,-1.017294,0.5084841,-0.5035962,0.4952326,0.4925235,
1,2,5.253,0.2657747,0.04696923,-1.017294,0.5084841,-0.5035962,0.4952326,0.4925235,
1,2,5.255,0.2657747,0.04696923,-1.017294,0.5084841,-0.5035962,0.4952326,0.4925235,
1,2,5.257,0.2657747,0.04696923,-1.017294,0.5084841,-0.5035962,0.4952326,0.4925235,
1,2,5.259,0.2657688,0.04697786,-1.017308,0.5084635,-0.5035836,0.4952529,0.4925373,
1,2,5.261,0.2657688,0.04697786,-1.017308,0.5084635,-0.5035836,0.4952529,0.4925373,
1,2,5.263,0.2657688,0.04697786,-1.017308,0.5084635,-0.5035836,0.4952529,0.4925373,
1,2,5.265,0.2657688,0.04697786,-1.017308,0.5084635,-0.5035836,0.4952529,0.4925373,
1,2,5.267,0.2657688,0.04697786,-1.017308,0.5084635,-0.5035836,0.4952529,0.4925373,
1,2,5.269,0.265779,0.04693972,-1.017298,0.5084736,-0.5036228,0.4952163,0.4925236,
1,2,5.271,0.265779,0.04693972,-1.017298,0.5084736,-0.5036228,0.4952163,0.4925236,
1,2,5.273,0.265779,0.04693972,-1.017298,0.5084736,-0.5036228,0.4952163,0.4925236,
1,2,5.275,0.265779,0.04693972,-1.017298,0.5084736,-0.5036228,0.4952163,0.4925236,
1,2,5.277,0.2657843,0.04694167,-1.017291,0.508482,-0.5036232,0.4952074,0.4925236,
1,2,5.279,0.2657843,0.04694167,-1.017291,0.508482,-0.5036232,0.4952074,0.4925236,
1,2,5.281,0.2657843,0.04694167,-1.017291,0.508482,-0.5036232,0.4952074,0.4925236,
1,2,5.283,0.2657843,0.04694167,-1.017291,0.508482,-0.5036232,0.4952074,0.4925236,
1,2,5.285,0.2657718,0.04694702,-1.017284,0.5084608,-0.5036145,0.4952278,0.4925338,
1,2,5.287,0.2657718,0.04694702,-1.017284,0.5084608,-0.5036145,0.4952278,0.4925338,
1,2,5.289,0.2657718,0.04694702,-1.017284,0.5084608,-0.5036145,0.4952278,0.4925338,
1,2,5.291,0.2657718,0.04694702,-1.017284,0.5084608,-0.5036145,0.4952278,0.4925338,
1,2,5.293,0.265779,0.04694394,-1.01729,0.5084694,-0.5036331,0.4952025,0.4925312,
1,2,5.295,0.265779,0.04694394,-1.01729,0.5084694,-0.5036331,0.4952025,0.4925312,
1,2,5.297,0.265779,0.04694394,-1.01729,0.5084694,-0.5036331,0.4952025,0.4925312,
1,2,5.299,0.265779,0.04694394,-1.01729,0.5084694,-0.5036331,0.4952025,0.4925312,
1,2,5.301,0.2657745,0.0469343,-1.017279,0.5084742,-0.5036491,0.4951983,0.4925144,
1,2,5.303,0.2657745,0.0469343,-1.017279,0.5084742,-0.5036491,0.4951983,0.4925144,
1,2,5.305,0.2657745,0.0469343,-1.017279,0.5084742,-0.5036491,0.4951983,0.4925144,
1,2,5.307,0.2657745,0.0469343,-1.017279,0.5084742,-0.5036491,0.4951983,0.4925144,
1,2,5.309,0.2657676,0.04697152,-1.017296,0.5084777,-0.5036059,0.4952309,0.4925219,
1,2,5.311,0.2657676,0.04697152,-1.017296,0.5084777,-0.5036059,0.4952309,0.4925219,
1,2,5.313,0.2657676,0.04697152,-1.017296,0.5084777,-0.5036059,0.4952309,0.4925219,
1,2,5.315,0.2657676,0.04697152,-1.017296,0.5084777,-0.5036059,0.4952309,0.4925219,
1,2,5.317,0.2657676,0.04697152,-1.017296,0.5084777,-0.5036059,0.4952309,0.4925219,
1,2,5.319,0.2657759,0.04694263,-1.017301,0.5084686,-0.5036116,0.4952163,0.4925401,
1,2,5.321,0.2657759,0.04694263,-1.017301,0.5084686,-0.5036116,0.4952163,0.4925401,
1,2,5.323,0.2657759,0.04694263,-1.017301,0.5084686,-0.5036116,0.4952163,0.4925401,
1,2,5.325,0.2657759,0.04694263,-1.017301,0.5084686,-0.5036116,0.4952163,0.4925401,
1,2,5.327,0.2657752,0.04696414,-1.017268,0.5084529,-0.5036148,0.4952484,0.4925209,
1,2,5.329,0.2657752,0.04696414,-1.017268,0.5084529,-0.5036148,0.4952484,0.4925209,
1,2,5.331,0.2657752,0.04696414,-1.017268,0.5084529,-0.5036148,0.4952484,0.4925209,
1,2,5.333,0.2657752,0.04696414,-1.017268,0.5084529,-0.5036148,0.4952484,0.4925209,
1,2,5.335,0.2657825,0.04697524,-1.017266,0.5084458,-0.5036145,0.4952538,0.4925231,
1,2,5.337,0.2657825,0.04697524,-1.017266,0.5084458,-0.5036145,0.4952538,0.4925231,
1,2,5.339,0.2657825,0.04697524,-1.017266,0.5084458,-0.5036145,0.4952538,0.4925231,
1,2,5.341,0.2657825,0.04697524,-1.017266,0.5084458,-0.5036145,0.4952538,0.4925231,
1,2,5.343,0.2657781,0.04694557,-1.017263,0.5084533,-0.5036496,0.4952248,0.4925087,
1,2,5.345,0.2657781,0.04694557,-1.017263,0.5084533,-0.5036496,0.4952248,0.4925087,
1,2,5.347,0.2657781,0.04694557,-1.017263,0.5084533,-0.5036496,0.4952248,0.4925087,
1,2,5.349,0.2657781,0.04694557,-1.017263,0.5084533,-0.5036496,0.4952248,0.4925087,
1,2,5.351,0.2657789,0.04693913,-1.017262,0.5084529,-0.5036533,0.495218,0.4925123,
1,2,5.353,0.2657789,0.04693913,-1.017262,0.5084529,-0.5036533,0.495218,0.4925123,
1,2,5.355,0.2657789,0.04693913,-1.017262,0.5084529,-0.5036533,0.495218,0.4925123,
1,2,5.357,0.2657789,0.04693913,-1.017262,0.5084529,-0.5036533,0.495218,0.4925123,
1,2,5.359,0.2657742,0.04695371,-1.017273,0.5084732,-0.5036332,0.4952194,0.4925103,
1,2,5.361,0.2657742,0.04695371,-1.017273,0.5084732,-0.5036332,0.4952194,0.4925103,
1,2,5.363,0.2657742,0.04695371,-1.017273,0.5084732,-0.5036332,0.4952194,0.4925103,
1,2,5.365,0.2657742,0.04695371,-1.017273,0.5084732,-0.5036332,0.4952194,0.4925103,
1,2,5.367,0.2657742,0.04695371,-1.017273,0.5084732,-0.5036332,0.4952194,0.4925103,
1,2,5.369,0.2657728,0.04692461,-1.017277,0.5084655,-0.503646,0.4952049,0.4925198,
1,2,5.371,0.2657728,0.04692461,-1.017277,0.5084655,-0.503646,0.4952049,0.4925198,
1,2,5.373,0.2657728,0.04692461,-1.017277,0.5084655,-0.503646,0.4952049,0.4925198,
1,2,5.375,0.2657728,0.04692461,-1.017277,0.5084655,-0.503646,0.4952049,0.4925198,
1,2,5.377,0.2657765,0.04694514,-1.01727,0.5084574,-0.5036288,0.4952318,0.4925186,
1,2,5.379,0.2657765,0.04694514,-1.01727,0.5084574,-0.5036288,0.4952318,0.4925186,
1,2,5.381,0.2657765,0.04694514,-1.01727,0.5084574,-0.5036288,0.4952318,0.4925186,
1,2,5.383,0.2657765,0.04694514,-1.01727,0.5084574,-0.5036288,0.4952318,0.4925186,
1,2,5.385,0.2657791,0.04694562,-1.017272,0.508462,-0.5036269,0.4952278,0.4925198,
1,2,5.387,0.2657791,0.04694562,-1.017272,0.508462,-0.5036269,0.4952278,0.4925198,
1,2,5.389,0.2657791,0.04694562,-1.017272,0.508462,-0.5036269,0.4952278,0.4925198,
1,2,5.391,0.2657791,0.04694562,-1.017272,0.508462,-0.5036269,0.4952278,0.4925198,
1,2,5.393,0.2657768,0.04693743,-1.01727,0.5084748,-0.5036452,0.495211,0.4925049,
1,2,5.395,0.2657768,0.04693743,-1.01727,0.5084748,-0.5036452,0.495211,0.4925049,
1,2,5.397,0.2657768,0.04693743,-1.01727,0.5084748,-0.5036452,0.495211,0.4925049,
1,2,5.399,0.2657768,0.04693743,-1.01727,0.5084748,-0.5036452,0.495211,0.4925049,
1,2,5.401,0.2657873,0.04696287,-1.017265,0.5084776,-0.5036357,0.4952209,0.4925016,
1,2,5.403,0.2657873,0.04696287,-1.017265,0.5084776,-0.5036357,0.4952209,0.4925016,
1,2,5.405,0.2657873,0.04696287,-1.017265,0.5084776,-0.5036357,0.4952209,0.4925016,
1,2,5.407,0.2657873,0.04696287,-1.017265,0.5084776,-0.5036357,0.4952209,0.4925016,
1,2,5.409,0.2657779,0.04697824,-1.017273,0.508474,-0.5036142,0.4952398,0.4925084,
1,2,5.411,0.2657779,0.04697824,-1.017273,0.508474,-0.5036142,0.4952398,0.4925084,
1,2,5.413,0.2657779,0.04697824,-1.017273,0.508474,-0.5036142,0.4952398,0.4925084,
1,2,5.415,0.2657779,0.04697824,-1.017273,0.508474,-0.5036142,0.4952398,0.4925084,
1,2,5.417,0.2657779,0.04697824,-1.017273,0.508474,-0.5036142,0.4952398,0.4925084,
1,2,5.419,0.2657814,0.0469255,-1.017286,0.508481,-0.5036528,0.4951925,0.4925092,
1,2,5.421,0.2657814,0.0469255,-1.017286,0.508481,-0.5036528,0.4951925,0.4925092,
1,2,5.423,0.2657814,0.0469255,-1.017286,0.508481,-0.5036528,0.4951925,0.4925092,
1,2,5.425,0.2657814,0.0469255,-1.017286,0.508481,-0.5036528,0.4951925,0.4925092,
1,2,5.427,0.2657658,0.04694151,-1.017284,0.5084717,-0.5036361,0.4952006,0.4925278,
1,2,5.429,0.2657658,0.04694151,-1.017284,0.5084717,-0.5036361,0.4952006,0.4925278,
1,2,5.431,0.2657658,0.04694151,-1.017284,0.5084717,-0.5036361,0.4952006,0.4925278,
1,2,5.433,0.2657658,0.04694151,-1.017284,0.5084717,-0.5036361,0.4952006,0.4925278,
1,2,5.435,0.2657791,0.04691567,-1.017274,0.5084736,-0.5036417,0.4951984,0.4925224,
1,2,5.437,0.2657791,0.04691567,-1.017274,0.5084736,-0.5036417,0.4951984,0.4925224,
1,2,5.439,0.2657791,0.04691567,-1.017274,0.5084736,-0.5036417,0.4951984,0.4925224,
1,2,5.441,0.2657791,0.04691567,-1.017274,0.5084736,-0.5036417,0.4951984,0.4925224,
1,2,5.443,0.2657747,0.0469317,-1.017279,0.5084795,-0.5036467,0.495194,0.4925155,
1,2,5.445,0.2657747,0.0469317,-1.017279,0.5084795,-0.5036467,0.495194,0.4925155,
1,2,5.447,0.2657747,0.0469317,-1.017279,0.5084795,-0.5036467,0.495194,0.4925155,
1,2,5.449,0.2657747,0.0469317,-1.017279,0.5084795,-0.5036467,0.495194,0.4925155,
1,2,5.451,0.2657742,0.04693859,-1.017273,0.5084783,-0.5036513,0.4951947,0.4925114,
1,2,5.453,0.2657742,0.04693859,-1.017273,0.5084783,-0.5036513,0.4951947,0.4925114,
1,2,5.455,0.2657742,0.04693859,-1.017273,0.5084783,-0.5036513,0.4951947,0.4925114,
1,2,5.457,0.2657742,0.04693859,-1.017273,0.5084783,-0.5036513,0.4951947,0.4925114,
1,2,5.459,0.2657715,0.04691937,-1.017279,0.5084629,-0.5036497,0.4951999,0.4925238,
1,2,5.461,0.2657715,0.04691937,-1.017279,0.5084629,-0.5036497,0.4951999,0.4925238,
1,2,5.463,0.2657715,0.04691937,-1.017279,0.5084629,-0.5036497,0.4951999,0.4925238,
1,2,5.465,0.2657715,0.04691937,-1.017279,0.5084629,-0.5036497,0.4951999,0.4925238,
1,2,5.467,0.2657715,0.04691937,-1.017279,0.5084629,-0.5036497,0.4951999,0.4925238,
1,2,5.469,0.2657732,0.04690269,-1.017281,0.5084659,-0.503671,0.4951818,0.492517,
1,2,5.471,0.2657732,0.04690269,-1.017281,0.5084659,-0.503671,0.4951818,0.492517,
1,2,5.473,0.2657732,0.04690269,-1.017281,0.5084659,-0.503671,0.4951818,0.492517,
1,2,5.475,0.2657732,0.04690269,-1.017281,0.5084659,-0.503671,0.4951818,0.492517,
1,2,5.477,0.2657793,0.04694177,-1.01727,0.5084727,-0.5036446,0.4952089,0.4925098,
1,2,5.479,0.2657793,0.04694177,-1.01727,0.5084727,-0.5036446,0.4952089,0.4925098,
1,2,5.481,0.2657793,0.04694177,-1.01727,0.5084727,-0.5036446,0.4952089,0.4925098,
1,2,5.483,0.2657793,0.04694177,-1.01727,0.5084727,-0.5036446,0.4952089,0.4925098,
1,2,5.485,0.2657837,0.04692434,-1.01727,0.5084643,-0.5036529,0.4952046,0.4925143,
1,2,5.487,0.2657837,0.04692434,-1.01727,0.5084643,-0.5036529,0.4952046,0.4925143,
1,2,5.489,0.2657837,0.04692434,-1.01727,0.5084643,-0.5036529,0.4952046,0.4925143,
1,2,5.491,0.2657837,0.04692434,-1.01727,0.5084643,-0.5036529,0.4952046,0.4925143,
1,2,5.493,0.265776,0.04693579,-1.01729,0.5084777,-0.5036461,0.4951903,0.4925217,
1,2,5.495,0.265776,0.04693579,-1.01729,0.5084777,-0.5036461,0.4951903,0.4925217,
1,2,5.497,0.265776,0.04693579,-1.01729,0.5084777,-0.5036461,0.4951903,0.4925217,
1,2,5.499,0.265776,0.04693579,-1.01729,0.5084777,-0.5036461,0.4951903,0.4925217,
1,2,5.501,0.2657835,0.0469458,-1.017292,0.5084806,-0.5036281,0.4952084,0.4925189,
1,2,5.503,0.2657835,0.0469458,-1.017292,0.5084806,-0.5036281,0.4952084,0.4925189,
1,2,5.505,0.2657835,0.0469458,-1.017292,0.5084806,-0.5036281,0.4952084,0.4925189,
1,2,5.507,0.2657835,0.0469458,-1.017292,0.5084806,-0.5036281,0.4952084,0.4925189,
1,2,5.509,0.2657751,0.04696626,-1.017267,0.5084788,-0.5036252,0.495227,0.4925052,
1,2,5.511,0.2657751,0.04696626,-1.017267,0.5084788,-0.5036252,0.495227,0.4925052,
1,2,5.513,0.2657751,0.04696626,-1.017267,0.5084788,-0.5036252,0.495227,0.4925052,
1,2,5.515,0.2657751,0.04696626,-1.017267,0.5084788,-0.5036252,0.495227,0.4925052,
1,2,5.517,0.2657751,0.04696626,-1.017267,0.5084788,-0.5036252,0.495227,0.4925052,
1,2,5.519,0.2657773,0.04692256,-1.017259,0.5084631,-0.503653,0.4952025,0.4925174,
1,2,5.521,0.2657773,0.04692256,-1.017259,0.5084631,-0.503653,0.4952025,0.4925174,
1,2,5.523,0.2657773,0.04692256,-1.017259,0.5084631,-0.503653,0.4952025,0.4925174,
1,2,5.525,0.2657773,0.04692256,-1.017259,0.5084631,-0.503653,0.4952025,0.4925174,
1,2,5.527,0.2657788,0.04693814,-1.017264,0.5084435,-0.5036486,0.4952179,0.4925269,
1,2,5.529,0.2657788,0.04693814,-1.017264,0.5084435,-0.5036486,0.4952179,0.4925269,
1,2,5.531,0.2657788,0.04693814,-1.017264,0.5084435,-0.5036486,0.4952179,0.4925269,
1,2,5.533,0.2657788,0.04693814,-1.017264,0.5084435,-0.5036486,0.4952179,0.4925269,
1,2,5.535,0.2657737,0.04695909,-1.017238,0.5084652,-0.5036397,0.4952336,0.4924976,
1,2,5.537,0.2657737,0.04695909,-1.017238,0.5084652,-0.5036397,0.4952336,0.4924976,
1,2,5.539,0.2657737,0.04695909,-1.017238,0.5084652,-0.5036397,0.4952336,0.4924976,
1,2,5.541,0.2657737,0.04695909,-1.017238,0.5084652,-0.5036397,0.4952336,0.4924976,
1,2,5.543,0.2657757,0.04697998,-1.017243,0.5084782,-0.5036225,0.4952475,0.4924878,
1,2,5.545,0.2657757,0.04697998,-1.017243,0.5084782,-0.5036225,0.4952475,0.4924878,
1,2,5.547,0.2657757,0.04697998,-1.017243,0.5084782,-0.5036225,0.4952475,0.4924878,
1,2,5.549,0.2657757,0.04697998,-1.017243,0.5084782,-0.5036225,0.4952475,0.4924878,
1,2,5.551,0.2657734,0.04699201,-1.017267,0.5084783,-0.5036212,0.4952371,0.4924996,
1,2,5.553,0.2657734,0.04699201,-1.017267,0.5084783,-0.5036212,0.4952371,0.4924996,
1,2,5.555,0.2657734,0.04699201,-1.017267,0.5084783,-0.5036212,0.4952371,0.4924996,
1,2,5.557,0.2657734,0.04699201,-1.017267,0.5084783,-0.5036212,0.4952371,0.4924996,
1,2,5.559,0.2657832,0.04698518,-1.017258,0.5084767,-0.5036426,0.4952246,0.4924919,
1,2,5.561,0.2657832,0.04698518,-1.017258,0.5084767,-0.5036426,0.4952246,0.4924919,
1,2,5.563,0.2657832,0.04698518,-1.017258,0.5084767,-0.5036426,0.4952246,0.4924919,
1,2,5.565,0.2657832,0.04698518,-1.017258,0.5084767,-0.5036426,0.4952246,0.4924919,
1,2,5.567,0.2657832,0.04698518,-1.017258,0.5084767,-0.5036426,0.4952246,0.4924919,
1,2,5.569,0.2657755,0.04696492,-1.017278,0.5084758,-0.503627,0.495227,0.4925062,
1,2,5.571,0.2657755,0.04696492,-1.017278,0.5084758,-0.503627,0.495227,0.4925062,
1,2,5.573,0.2657755,0.04696492,-1.017278,0.5084758,-0.503627,0.495227,0.4925062,
1,2,5.575,0.2657755,0.04696492,-1.017278,0.5084758,-0.503627,0.495227,0.4925062,
1,2,5.577,0.2657782,0.04696867,-1.017279,0.5084897,-0.5036274,0.4952226,0.492496,
1,2,5.579,0.2657782,0.04696867,-1.017279,0.5084897,-0.5036274,0.4952226,0.492496,
1,2,5.581,0.2657782,0.04696867,-1.017279,0.5084897,-0.5036274,0.4952226,0.492496,
1,2,5.583,0.2657782,0.04696867,-1.017279,0.5084897,-0.5036274,0.4952226,0.492496,
1,2,5.585,0.26578,0.04698515,-1.017255,0.508487,-0.5036333,0.4952266,0.4924889,
1,2,5.587,0.26578,0.04698515,-1.017255,0.508487,-0.5036333,0.4952266,0.4924889,
1,2,5.589,0.26578,0.04698515,-1.017255,0.508487,-0.5036333,0.4952266,0.4924889,
1,2,5.591,0.26578,0.04698515,-1.017255,0.508487,-0.5036333,0.4952266,0.4924889,
1,2,5.593,0.2657801,0.04696787,-1.017254,0.5084878,-0.5036507,0.4952098,0.4924872,
1,2,5.595,0.2657801,0.04696787,-1.017254,0.5084878,-0.5036507,0.4952098,0.4924872,
1,2,5.597,0.2657801,0.04696787,-1.017254,0.5084878,-0.5036507,0.4952098,0.4924872,
1,2,5.599,0.2657801,0.04696787,-1.017254,0.5084878,-0.5036507,0.4952098,0.4924872,
1,2,5.601,0.26578,0.04695193,-1.017262,0.5084826,-0.5036533,0.4952052,0.4924944,
1,2,5.603,0.26578,0.04695193,-1.017262,0.5084826,-0.5036533,0.4952052,0.4924944,
1,2,5.605,0.26578,0.04695193,-1.017262,0.5084826,-0.5036533,0.4952052,0.4924944,
1,2,5.607,0.26578,0.04695193,-1.017262,0.5084826,-0.5036533,0.4952052,0.4924944,
1,2,5.609,0.2657771,0.04695705,-1.017267,0.5084578,-0.5036353,0.4952303,0.492513,
1,2,5.611,0.2657771,0.04695705,-1.017267,0.5084578,-0.5036353,0.4952303,0.492513,
1,2,5.613,0.2657771,0.04695705,-1.017267,0.5084578,-0.5036353,0.4952303,0.492513,
1,2,5.615,0.2657771,0.04695705,-1.017267,0.5084578,-0.5036353,0.4952303,0.492513,
1,2,5.617,0.2657771,0.04695705,-1.017267,0.5084578,-0.5036353,0.4952303,0.492513,
1,2,5.619,0.2657695,0.04695894,-1.017269,0.5084596,-0.503634,0.4952242,0.4925185,
1,2,5.621,0.2657695,0.04695894,-1.017269,0.5084596,-0.503634,0.4952242,0.4925185,
1,2,5.623,0.2657695,0.04695894,-1.017269,0.5084596,-0.503634,0.4952242,0.4925185,
1,2,5.625,0.2657695,0.04695894,-1.017269,0.5084596,-0.503634,0.4952242,0.4925185,
1,2,5.627,0.2657791,0.04696032,-1.017262,0.5084814,-0.5036455,0.4952119,0.4924969,
1,2,5.629,0.2657791,0.04696032,-1.017262,0.5084814,-0.5036455,0.4952119,0.4924969,
1,2,5.631,0.2657791,0.04696032,-1.017262,0.5084814,-0.5036455,0.4952119,0.4924969,
1,2,5.633,0.2657791,0.04696032,-1.017262,0.5084814,-0.5036455,0.4952119,0.4924969,
1,2,5.635,0.2657753,0.04692836,-1.017273,0.5084762,-0.5036627,0.4951914,0.4925053,
1,2,5.637,0.2657753,0.04692836,-1.017273,0.5084762,-0.5036627,0.4951914,0.4925053,
1,2,5.639,0.2657753,0.04692836,-1.017273,0.5084762,-0.5036627,0.4951914,0.4925053,
1,2,5.641,0.2657753,0.04692836,-1.017273,0.5084762,-0.5036627,0.4951914,0.4925053,
1,2,5.643,0.265771,0.04695013,-1.017275,0.5084843,-0.5036506,0.4951988,0.4925017,
1,2,5.645,0.265771,0.04695013,-1.017275,0.5084843,-0.5036506,0.4951988,0.4925017,
1,2,5.647,0.265771,0.04695013,-1.017275,0.5084843,-0.5036506,0.4951988,0.4925017,
1,2,5.649,0.265771,0.04695013,-1.017275,0.5084843,-0.5036506,0.4951988,0.4925017,
1,2,5.651,0.265779,0.04697221,-1.017263,0.5084736,-0.5036362,0.4952274,0.4924988,
1,2,5.653,0.265779,0.04697221,-1.017263,0.5084736,-0.5036362,0.4952274,0.4924988,
1,2,5.655,0.265779,0.04697221,-1.017263,0.5084736,-0.5036362,0.4952274,0.4924988,
1,2,5.657,0.265779,0.04697221,-1.017263,0.5084736,-0.5036362,0.4952274,0.4924988,
1,2,5.659,0.2657797,0.04698603,-1.017267,0.5084544,-0.5035909,0.4952737,0.4925185,
1,2,5.661,0.2657797,0.04698603,-1.017267,0.5084544,-0.5035909,0.4952737,0.4925185,
1,2,5.663,0.2657797,0.04698603,-1.017267,0.5084544,-0.5035909,0.4952737,0.4925185,
1,2,5.665,0.2657797,0.04698603,-1.017267,0.5084544,-0.5035909,0.4952737,0.4925185,
1,2,5.667,0.2657797,0.04698603,-1.017267,0.5084544,-0.5035909,0.4952737,0.4925185,
1,2,5.669,0.2657712,0.04695351,-1.017307,0.5084774,-0.5036193,0.4952112,0.4925285,
1,2,5.671,0.2657712,0.04695351,-1.017307,0.5084774,-0.5036193,0.4952112,0.4925285,
1,2,5.673,0.2657712,0.04695351,-1.017307,0.5084774,-0.5036193,0.4952112,0.4925285,
1,2,5.675,0.2657712,0.04695351,-1.017307,0.5084774,-0.5036193,0.4952112,0.4925285,
1,2,5.677,0.2657647,0.04692268,-1.017299,0.5084667,-0.5036364,0.4951959,0.4925376,
1,2,5.679,0.2657647,0.04692268,-1.017299,0.5084667,-0.5036364,0.4951959,0.4925376,
1,2,5.681,0.2657647,0.04692268,-1.017299,0.5084667,-0.5036364,0.4951959,0.4925376,
1,2,5.683,0.2657647,0.04692268,-1.017299,0.5084667,-0.5036364,0.4951959,0.4925376,
1,2,5.685,0.2657728,0.0469292,-1.017281,0.5084607,-0.503631,0.4952158,0.4925291,
1,2,5.687,0.2657728,0.0469292,-1.017281,0.5084607,-0.503631,0.4952158,0.4925291,
1,2,5.689,0.2657728,0.0469292,-1.017281,0.5084607,-0.503631,0.4952158,0.4925291,
1,2,5.691,0.2657728,0.0469292,-1.017281,0.5084607,-0.503631,0.4952158,0.4925291,
1,2,5.693,0.2657895,0.0469286,-1.017274,0.5084592,-0.5036308,0.4952176,0.492529,
1,2,5.695,0.2657895,0.0469286,-1.017274,0.5084592,-0.5036308,0.4952176,0.492529,
1,2,5.697,0.2657895,0.0469286,-1.017274,0.5084592,-0.5036308,0.4952176,0.492529,
1,2,5.699,0.2657895,0.0469286,-1.017274,0.5084592,-0.5036308,0.4952176,0.492529,
1,2,5.701,0.2657873,0.04691977,-1.017273,0.50846,-0.5036387,0.4952088,0.492529,
1,2,5.703,0.2657873,0.04691977,-1.017273,0.50846,-0.5036387,0.4952088,0.492529,
1,2,5.705,0.2657873,0.04691977,-1.017273,0.50846,-0.5036387,0.4952088,0.492529,
1,2,5.707,0.2657873,0.04691977,-1.017273,0.50846,-0.5036387,0.4952088,0.492529,
1,2,5.709,0.2657767,0.04692824,-1.017274,0.5084547,-0.5036383,0.495216,0.4925276,
1,2,5.711,0.2657767,0.04692824,-1.017274,0.5084547,-0.5036383,0.495216,0.4925276,
1,2,5.713,0.2657767,0.04692824,-1.017274,0.5084547,-0.5036383,0.495216,0.4925276,
1,2,5.715,0.2657767,0.04692824,-1.017274,0.5084547,-0.5036383,0.495216,0.4925276,
1,2,5.717,0.2657767,0.04692824,-1.017274,0.5084547,-0.5036383,0.495216,0.4925276,
1,2,5.719,0.2657848,0.04695796,-1.017294,0.5084616,-0.503612,0.4952247,0.4925386,
1,2,5.721,0.2657848,0.04695796,-1.017294,0.5084616,-0.503612,0.4952247,0.4925386,
1,2,5.723,0.2657848,0.04695796,-1.017294,0.5084616,-0.503612,0.4952247,0.4925386,
1,2,5.725,0.2657848,0.04695796,-1.017294,0.5084616,-0.503612,0.4952247,0.4925386,
1,2,5.727,0.2657967,0.04690323,-1.017317,0.5084736,-0.5036361,0.4951838,0.4925428,
1,2,5.729,0.2657967,0.04690323,-1.017317,0.5084736,-0.5036361,0.4951838,0.4925428,
1,2,5.731,0.2657967,0.04690323,-1.017317,0.5084736,-0.5036361,0.4951838,0.4925428,
1,2,5.733,0.2657967,0.04690323,-1.017317,0.5084736,-0.5036361,0.4951838,0.4925428,
1,2,5.735,0.265789,0.04692315,-1.017318,0.508477,-0.5036222,0.4952007,0.4925365,
1,2,5.737,0.265789,0.04692315,-1.017318,0.508477,-0.5036222,0.4952007,0.4925365,
1,2,5.739,0.265789,0.04692315,-1.017318,0.508477,-0.5036222,0.4952007,0.4925365,
1,2,5.741,0.265789,0.04692315,-1.017318,0.508477,-0.5036222,0.4952007,0.4925365,
1,2,5.743,0.2657791,0.04697201,-1.017286,0.5084843,-0.5036027,0.4952391,0.4925101,
1,2,5.745,0.2657791,0.04697201,-1.017286,0.5084843,-0.5036027,0.4952391,0.4925101,
1,2,5.747,0.2657791,0.04697201,-1.017286,0.5084843,-0.5036027,0.4952391,0.4925101,
1,2,5.749,0.2657791,0.04697201,-1.017286,0.5084843,-0.5036027,0.4952391,0.4925101,
1,2,5.751,0.2657725,0.04698065,-1.017264,0.5084694,-0.5036049,0.4952517,0.4925107,
1,2,5.753,0.2657725,0.04698065,-1.017264,0.5084694,-0.5036049,0.4952517,0.4925107,
1,2,5.755,0.2657725,0.04698065,-1.017264,0.5084694,-0.5036049,0.4952517,0.4925107,CourtEnter
1,2,5.757,0.2657725,0.04698065,-1.017264,0.5084694,-0.5036049,0.4952517,0.4925107,
1,2,5.759,0.2657731,0.04691994,-1.017257,0.5084481,-0.5036567,0.4952151,0.4925166,
1,2,5.761,0.2657731,0.04691994,-1.017257,0.5084481,-0.5036567,0.4952151,0.4925166,
1,2,5.763,0.2657731,0.04691994,-1.017257,0.5084481,-0.5036567,0.4952151,0.4925166,
1,2,5.765,0.2657731,0.04691994,-1.017257,0.5084481,-0.5036567,0.4952151,0.4925166,
1,2,5.767,0.2657731,0.04691994,-1.017257,0.5084481,-0.5036567,0.4952151,0.4925166,CourtExit
1,2,5.769,0.2657726,0.04692638,-1.017266,0.5084441,-0.5036381,0.4952284,0.4925262,
1,2,5.771,0.2657726,0.04692638,-1.017266,0.5084441,-0.5036381,0.4952284,0.4925262,
1,2,5.773,0.2657726,0.04692638,-1.017266,0.5084441,-0.5036381,0.4952284,0.4925262,
1,2,5.775,0.2657726,0.04692638,-1.017266,0.5084441,-0.5036381,0.4952284,0.4925262,
1,2,5.777,0.2657826,0.0469427,-1.017273,0.5084506,-0.5036231,0.4952391,0.4925243,
1,2,5.779,0.2657826,0.0469427,-1.017273,0.5084506,-0.5036231,0.4952391,0.4925243,
1,2,5.781,0.2657826,0.0469427,-1.017273,0.5084506,-0.5036231,0.4952391,0.4925243,
1,2,5.783,0.2657826,0.0469427,-1.017273,0.5084506,-0.5036231,0.4952391,0.4925243,
1,2,5.785,0.2657906,0.0469375,-1.01725,0.508452,-0.5036352,0.4952414,0.4925079,
1,2,5.787,0.2657906,0.0469375,-1.01725,0.508452,-0.5036352,0.4952414,0.4925079,
1,2,5.789,0.2657906,0.0469375,-1.01725,0.508452,-0.5036352,0.4952414,0.4925079,
1,2,5.791,0.2657906,0.0469375,-1.01725,0.508452,-0.5036352,0.4952414,0.4925079,
1,2,5.793,0.2657816,0.04694359,-1.01724,0.5084351,-0.5036314,0.4952501,0.4925205,
1,2,5.795,0.2657816,0.04694359,-1.01724,0.5084351,-0.5036314,0.4952501,0.4925205,
1,2,5.797,0.2657816,0.04694359,-1.01724,0.5084351,-0.5036314,0.4952501,0.4925205,
1,2,5.799,0.2657816,0.04694359,-1.01724,0.5084351,-0.5036314,0.4952501,0.4925205,
1,2,5.801,0.2657847,0.04692432,-1.017249,0.5084296,-0.5036336,0.4952455,0.4925287,
1,2,5.803,0.2657847,0.04692432,-1.017249,0.5084296,-0.5036336,0.4952455,0.4925287,
1,2,5.805,0.2657847,0.04692432,-1.017249,0.5084296,-0.5036336,0.4952455,0.4925287,
1,2,5.807,0.2657847,0.04692432,-1.017249,0.5084296,-0.5036336,0.4952455,0.4925287,
1,2,5.809,0.265773,0.04696221,-1.017266,0.5084475,-0.5036193,0.4952561,0.4925143,
1,2,5.811,0.265773,0.04696221,-1.017266,0.5084475,-0.5036193,0.4952561,0.4925143,
1,2,5.813,0.265773,0.04696221,-1.017266,0.5084475,-0.5036193,0.4952561,0.4925143,
1,2,5.815,0.265773,0.04696221,-1.017266,0.5084475,-0.5036193,0.4952561,0.4925143,
1,2,5.817,0.265773,0.04696221,-1.017266,0.5084475,-0.5036193,0.4952561,0.4925143,
1,2,5.819,0.2657907,0.04697776,-1.017261,0.5084624,-0.5036132,0.4952644,0.4924968,
1,2,5.821,0.2657907,0.04697776,-1.017261,0.5084624,-0.5036132,0.4952644,0.4924968,
1,2,5.823,0.2657907,0.04697776,-1.017261,0.5084624,-0.5036132,0.4952644,0.4924968,
1,2,5.825,0.2657907,0.04697776,-1.017261,0.5084624,-0.5036132,0.4952644,0.4924968,
1,2,5.827,0.265786,0.04694196,-1.017268,0.5084585,-0.5036224,0.4952438,0.492512,
1,2,5.829,0.265786,0.04694196,-1.017268,0.5084585,-0.5036224,0.4952438,0.492512,
1,2,5.831,0.265786,0.04694196,-1.017268,0.5084585,-0.5036224,0.4952438,0.492512,
1,2,5.833,0.265786,0.04694196,-1.017268,0.5084585,-0.5036224,0.4952438,0.492512,
1,2,5.835,0.2657876,0.04695736,-1.017259,0.5084727,-0.5036405,0.495225,0.4924977,
1,2,5.837,0.2657876,0.04695736,-1.017259,0.5084727,-0.5036405,0.495225,0.4924977,
1,2,5.839,0.2657876,0.04695736,-1.017259,0.5084727,-0.5036405,0.495225,0.4924977,
1,2,5.841,0.2657876,0.04695736,-1.017259,0.5084727,-0.5036405,0.495225,0.4924977,
1,2,5.843,0.2657769,0.04695769,-1.017253,0.5084754,-0.5036452,0.4952239,0.4924913,
1,2,5.845,0.2657769,0.04695769,-1.017253,0.5084754,-0.5036452,0.4952239,0.4924913,
1,2,5.847,0.2657769,0.04695769,-1.017253,0.5084754,-0.5036452,0.4952239,0.4924913,
1,2,5.849,0.2657769,0.04695769,-1.017253,0.5084754,-0.5036452,0.4952239,0.4924913,
1,2,5.851,0.2657804,0.0469542,-1.017265,0.5084561,-0.5036314,0.4952405,0.4925086,
1,2,5.853,0.2657804,0.0469542,-1.017265,0.5084561,-0.5036314,0.4952405,0.4925086,
1,2,5.855,0.2657804,0.0469542,-1.017265,0.5084561,-0.5036314,0.4952405,0.4925086,
1,2,5.857,0.2657804,0.0469542,-1.017265,0.5084561,-0.5036314,0.4952405,0.4925086,
1,2,5.859,0.2657702,0.04695155,-1.017256,0.5084413,-0.5036361,0.4952466,0.492513,
1,2,5.861,0.2657702,0.04695155,-1.017256,0.5084413,-0.5036361,0.4952466,0.492513,
1,2,5.863,0.2657702,0.04695155,-1.017256,0.5084413,-0.5036361,0.4952466,0.492513,
1,2,5.865,0.2657702,0.04695155,-1.017256,0.5084413,-0.5036361,0.4952466,0.492513,
1,2,5.867,0.2657702,0.04695155,-1.017256,0.5084413,-0.5036361,0.4952466,0.492513,
1,2,5.869,0.2657672,0.04694617,-1.017261,0.5084785,-0.5036519,0.4952191,0.492486,
1,2,5.871,0.2657672,0.04694617,-1.017261,0.5084785,-0.5036519,0.4952191,0.492486,
1,2,5.873,0.2657672,0.04694617,-1.017261,0.5084785,-0.5036519,0.4952191,0.492486,
1,2,5.875,0.2657672,0.04694617,-1.017261,0.5084785,-0.5036519,0.4952191,0.492486,
1,2,5.877,0.2657766,0.04694379,-1.017255,0.508467,-0.5036471,0.4952207,0.4925011,
1,2,5.879,0.2657766,0.04694379,-1.017255,0.508467,-0.5036471,0.4952207,0.4925011,
1,2,5.881,0.2657766,0.04694379,-1.017255,0.508467,-0.5036471,0.4952207,0.4925011,
1,2,5.883,0.2657766,0.04694379,-1.017255,0.508467,-0.5036471,0.4952207,0.4925011,
1,2,5.885,0.2657804,0.04694671,-1.017291,0.5084858,-0.5036249,0.4952091,0.4925161,
1,2,5.887,0.2657804,0.04694671,-1.017291,0.5084858,-0.5036249,0.4952091,0.4925161,
1,2,5.889,0.2657804,0.04694671,-1.017291,0.5084858,-0.5036249,0.4952091,0.4925161,
1,2,5.891,0.2657804,0.04694671,-1.017291,0.5084858,-0.5036249,0.4952091,0.4925161,
1,2,5.893,0.2657943,0.04695449,-1.017296,0.5084816,-0.5036272,0.4952178,0.4925093,
1,2,5.895,0.2657943,0.04695449,-1.017296,0.5084816,-0.5036272,0.4952178,0.4925093,
1,2,5.897,0.2657943,0.04695449,-1.017296,0.5084816,-0.5036272,0.4952178,0.4925093,
1,2,5.899,0.2657943,0.04695449,-1.017296,0.5084816,-0.5036272,0.4952178,0.4925093,
1,2,5.901,0.2657843,0.04691678,-1.017274,0.5084511,-0.5036461,0.4952077,0.4925317,
1,2,5.903,0.2657843,0.04691678,-1.017274,0.5084511,-0.5036461,0.4952077,0.4925317,
1,2,5.905,0.2657843,0.04691678,-1.017274,0.5084511,-0.5036461,0.4952077,0.4925317,
1,2,5.907,0.2657843,0.04691678,-1.017274,0.5084511,-0.5036461,0.4952077,0.4925317,
1,2,5.909,0.2657723,0.04693358,-1.017249,0.5084454,-0.5036364,0.4952375,0.4925177,
1,2,5.911,0.2657723,0.04693358,-1.017249,0.5084454,-0.5036364,0.4952375,0.4925177,
1,2,5.913,0.2657723,0.04693358,-1.017249,0.5084454,-0.5036364,0.4952375,0.4925177,
1,2,5.915,0.2657723,0.04693358,-1.017249,0.5084454,-0.5036364,0.4952375,0.4925177,
1,2,5.917,0.2657723,0.04693358,-1.017249,0.5084454,-0.5036364,0.4952375,0.4925177,
1,2,5.919,0.2657917,0.04693423,-1.017269,0.5084529,-0.5036315,0.4952309,0.4925215,
1,2,5.921,0.2657917,0.04693423,-1.017269,0.5084529,-0.5036315,0.4952309,0.4925215,
1,2,5.923,0.2657917,0.04693423,-1.017269,0.5084529,-0.5036315,0.4952309,0.4925215,
1,2,5.925,0.2657917,0.04693423,-1.017269,0.5084529,-0.5036315,0.4952309,0.4925215,
1,2,5.927,0.265782,0.04691753,-1.017242,0.508454,-0.5036699,0.4952142,0.4924978,
1,2,5.929,0.265782,0.04691753,-1.017242,0.508454,-0.5036699,0.4952142,0.4924978,
1,2,5.931,0.265782,0.04691753,-1.017242,0.508454,-0.5036699,0.4952142,0.4924978,
1,2,5.933,0.265782,0.04691753,-1.017242,0.508454,-0.5036699,0.4952142,0.4924978,
1,2,5.935,0.2657788,0.04695112,-1.017258,0.5084852,-0.5036571,0.495214,0.4924789,
1,2,5.937,0.2657788,0.04695112,-1.017258,0.5084852,-0.5036571,0.495214,0.4924789,
1,2,5.939,0.2657788,0.04695112,-1.017258,0.5084852,-0.5036571,0.495214,0.4924789,
1,2,5.941,0.2657788,0.04695112,-1.017258,0.5084852,-0.5036571,0.495214,0.4924789,
1,2,5.943,0.2657834,0.04695782,-1.017266,0.5084753,-0.5036328,0.4952328,0.4924951,
1,2,5.945,0.2657834,0.04695782,-1.017266,0.5084753,-0.5036328,0.4952328,0.4924951,
1,2,5.947,0.2657834,0.04695782,-1.017266,0.5084753,-0.5036328,0.4952328,0.4924951,
1,2,5.949,0.2657834,0.04695782,-1.017266,0.5084753,-0.5036328,0.4952328,0.4924951,
1,2,5.951,0.2657697,0.04692198,-1.017259,0.5084707,-0.5036643,0.4952005,0.4925001,
1,2,5.953,0.2657697,0.04692198,-1.017259,0.5084707,-0.5036643,0.4952005,0.4925001,
1,2,5.955,0.2657697,0.04692198,-1.017259,0.5084707,-0.5036643,0.4952005,0.4925001,
1,2,5.957,0.2657697,0.04692198,-1.017259,0.5084707,-0.5036643,0.4952005,0.4925001,
1,2,5.959,0.2657776,0.04690745,-1.017271,0.508453,-0.503656,0.4952036,0.4925238,
1,2,5.961,0.2657776,0.04690745,-1.017271,0.508453,-0.503656,0.4952036,0.4925238,
1,2,5.963,0.2657776,0.04690745,-1.017271,0.508453,-0.503656,0.4952036,0.4925238,
1,2,5.965,0.2657776,0.04690745,-1.017271,0.508453,-0.503656,0.4952036,0.4925238,
1,2,5.967,0.2657776,0.04690745,-1.017271,0.508453,-0.503656,0.4952036,0.4925238,
1,2,5.969,0.2657861,0.04692117,-1.017283,0.5084702,-0.5036454,0.495207,0.4925134,
1,2,5.971,0.2657861,0.04692117,-1.017283,0.5084702,-0.5036454,0.495207,0.4925134,
1,2,5.973,0.2657861,0.04692117,-1.017283,0.5084702,-0.5036454,0.495207,0.4925134,
1,2,5.975,0.2657861,0.04692117,-1.017283,0.5084702,-0.5036454,0.495207,0.4925134,
1,2,5.977,0.2657752,0.04693146,-1.017264,0.5084615,-0.5036433,0.4952225,0.4925089,
1,2,5.979,0.2657752,0.04693146,-1.017264,0.5084615,-0.5036433,0.4952225,0.4925089,
1,2,5.981,0.2657752,0.04693146,-1.017264,0.5084615,-0.5036433,0.4952225,0.4925089,
1,2,5.983,0.2657752,0.04693146,-1.017264,0.5084615,-0.5036433,0.4952225,0.4925089,
1,2,5.985,0.2657785,0.04692665,-1.017254,0.5084588,-0.5036558,0.4952114,0.4925101,
1,2,5.987,0.2657785,0.04692665,-1.017254,0.5084588,-0.5036558,0.4952114,0.4925101,
1,2,5.989,0.2657785,0.04692665,-1.017254,0.5084588,-0.5036558,0.4952114,0.4925101,
1,2,5.991,0.2657785,0.04692665,-1.017254,0.5084588,-0.5036558,0.4952114,0.4925101,
1,2,5.993,0.2657773,0.0469291,-1.017257,0.5084603,-0.503645,0.4952209,0.4925099,
1,2,5.995,0.2657773,0.0469291,-1.017257,0.5084603,-0.503645,0.4952209,0.4925099,
1,2,5.997,0.2657773,0.0469291,-1.017257,0.5084603,-0.503645,0.4952209,0.4925099,
1,2,5.999,0.2657773,0.0469291,-1.017257,0.5084603,-0.503645,0.4952209,0.4925099,
1,3,6.001,0.2657746,0.04697601,-1.017245,0.5084519,-0.503615,0.495263,0.4925071,TrialStart
1,3,6.003,0.2657746,0.04697601,-1.017245,0.5084519,-0.503615,0.495263,0.4925071,
1,3,6.005,0.2657746,0.04697601,-1.017245,0.5084519,-0.503615,0.495263,0.4925071,
1,3,6.007,0.2657746,0.04697601,-1.017245,0.5084519,-0.503615,0.495263,0.4925071,
1,3,6.009,0.2657878,0.04696734,-1.017251,0.5084663,-0.5036321,0.4952392,0.4924987,
1,3,6.011,0.2657878,0.04696734,-1.017251,0.5084663,-0.5036321,0.4952392,0.4924987,
1,3,6.013,0.2657878,0.04696734,-1.017251,0.5084663,-0.5036321,0.4952392,0.4924987,
1,3,6.015,0.2657878,0.04696734,-1.017251,0.5084663,-0.5036321,0.4952392,0.4924987,
1,3,6.017,0.2657878,0.04696734,-1.017251,0.5084663,-0.5036321,0.4952392,0.4924987,
1,3,6.019,0.2657742,0.04694961,-1.017262,0.5084825,-0.5036558,0.4952156,0.4924815,
1,3,6.021,0.2657742,0.04694961,-1.017262,0.5084825,-0.5036558,0.4952156,0.4924815,
1,3,6.023,0.2657742,0.04694961,-1.017262,0.5084825,-0.5036558,0.4952156,0.4924815,
1,3,6.025,0.2657742,0.04694961,-1.017262,0.5084825,-0.5036558,0.4952156,0.4924815,
1,3,6.027,0.2657768,0.04692171,-1.017252,0.5084464,-0.5036557,0.4952147,0.4925197,
1,3,6.029,0.2657768,0.04692171,-1.017252,0.5084464,-0.5036557,0.4952147,0.4925197,
1,3,6.031,0.2657768,0.04692171,-1.017252,0.5084464,-0.5036557,0.4952147,0.4925197,
1,3,6.033,0.2657768,0.04692171,-1.017252,0.5084464,-0.5036557,0.4952147,0.4925197,
1,3,6.035,0.2657759,0.04698812,-1.017248,0.5084623,-0.5036196,0.4952506,0.4925043,
1,3,6.037,0.2657759,0.04698812,-1.017248,0.5084623,-0.5036196,0.4952506,0.4925043,
1,3,6.039,0.2657759,0.04698812,-1.017248,0.5084623,-0.5036196,0.4952506,0.4925043,
1,3,6.041,0.2657759,0.04698812,-1.017248,0.5084623,-0.5036196,0.4952506,0.4925043,
1,3,6.043,0.2657889,0.04699699,-1.017261,0.5084761,-0.503605,0.495261,0.4924944,
1,3,6.045,0.2657889,0.04699699,-1.017261,0.5084761,-0.503605,0.495261,0.4924944,
1,3,6.047,0.2657889,0.04699699,-1.017261,0.5084761,-0.503605,0.495261,0.4924944,
1,3,6.049,0.2657889,0.04699699,-1.017261,0.5084761,-0.503605,0.495261,0.4924944,
1,3,6.051,0.2657887,0.04696405,-1.017261,0.5084598,-0.503613,0.4952465,0.4925177,
1,3,6.053,0.2657887,0.04696405,-1.017261,0.5084598,-0.503613,0.4952465,0.4925177,
1,3,6.055,0.2657887,0.04696405,-1.017261,0.5084598,-0.503613,0.4952465,0.4925177,
1,3,6.057,0.2657887,0.04696405,-1.017261,0.5084598,-0.503613,0.4952465,0.4925177,
1,3,6.059,0.2657862,0.04696986,-1.017264,0.5084568,-0.5036163,0.4952476,0.4925162,
1,3,6.061,0.2657862,0.04696986,-1.017264,0.5084568,-0.5036163,0.4952476,0.4925162,
1,3,6.063,0.2657862,0.04696986,-1.017264,0.5084568,-0.5036163,0.4952476,0.4925162,
1,3,6.065,0.2657862,0.04696986,-1.017264,0.5084568,-0.5036163,0.4952476,0.4925162,
1,3,6.067,0.2657862,0.04696986,-1.017264,0.5084568,-0.5036163,0.4952476,0.4925162,
1,3,6.069,0.2657834,0.04695189,-1.017266,0.5084615,-0.5036311,0.4952352,0.4925086,
1,3,6.071,0.2657834,0.04695189,-1.017266,0.5084615,-0.5036311,0.4952352,0.4925086,
1,3,6.073,0.2657834,0.04695189,-1.017266,0.5084615,-0.5036311,0.4952352,0.4925086,
1,3,6.075,0.2657834,0.04695189,-1.017266,0.5084615,-0.5036311,0.4952352,0.4925086,
1,3,6.077,0.2657925,0.04694442,-1.017263,0.5084589,-0.5036428,0.4952239,0.4925108,
1,3,6.079,0.2657925,0.04694442,-1.017263,0.5084589,-0.5036428,0.4952239,0.4925108,
1,3,6.081,0.2657925,0.04694442,-1.017263,0.5084589,-0.5036428,0.4952239,0.4925108,
1,3,6.083,0.2657925,0.04694442,-1.017263,0.5084589,-0.5036428,0.4952239,0.4925108,
1,3,6.085,0.2658024,0.04698709,-1.017253,0.5084694,-0.5036139,0.495255,0.4924982,
1,3,6.087,0.2658024,0.04698709,-1.017253,0.5084694,-0.5036139,0.495255,0.4924982,
1,3,6.089,0.2658024,0.04698709,-1.017253,0.5084694,-0.5036139,0.495255,0.4924982,
1,3,6.091,0.2658024,0.04698709,-1.017253,0.5084694,-0.5036139,0.495255,0.4924982,
1,3,6.093,0.26579,0.04698405,-1.017249,0.5084705,-0.5036117,0.4952553,0.4924989,
1,3,6.095,0.26579,0.04698405,-1.017249,0.5084705,-0.5036117,0.4952553,0.4924989,
1,3,6.097,0.26579,0.04698405,-1.017249,0.5084705,-0.5036117,0.4952553,0.4924989,
1,3,6.099,0.26579,0.04698405,-1.017249,0.5084705,-0.5036117,0.4952553,0.4924989,
1,3,6.101,0.2657924,0.04698518,-1.017255,0.508485,-0.503624,0.4952455,0.4924814,
1,3,6.103,0.2657924,0.04698518,-1.017255,0.508485,-0.503624,0.4952455,0.4924814,
1,3,6.105,0.2657924,0.04698518,-1.017255,0.508485,-0.503624,0.4952455,0.4924814,
1,3,6.107,0.2657924,0.04698518,-1.017255,0.508485,-0.503624,0.4952455,0.4924814,
1,3,6.109,0.2657775,0.04697062,-1.017247,0.5084662,-0.5036418,0.4952376,0.4924906,
1,3,6.111,0.2657775,0.04697062,-1.017247,0.5084662,-0.5036418,0.4952376,0.4924906,
1,3,6.113,0.2657775,0.04697062,-1.017247,0.5084662,-0.5036418,0.4952376,0.4924906,
1,3,6.115,0.2657775,0.04697062,-1.017247,0.5084662,-0.5036418,0.4952376,0.4924906,
1,3,6.117,0.2657775,0.04697062,-1.017247,0.5084662,-0.5036418,0.4952376,0.4924906,
1,3,6.119,0.2657742,0.0469441,-1.017258,0.5084539,-0.5036498,0.4952223,0.4925104,
1,3,6.121,0.2657742,0.0469441,-1.017258,0.5084539,-0.5036498,0.4952223,0.4925104,
1,3,6.123,0.2657742,0.0469441,-1.017258,0.5084539,-0.5036498,0.4952223,0.4925104,
1,3,6.125,0.2657742,0.0469441,-1.017258,0.5084539,-0.5036498,0.4952223,0.4925104,
1,3,6.127,0.2657826,0.04694539,-1.017262,0.5084651,-0.5036349,0.4952276,0.4925087,
1,3,6.129,0.2657826,0.04694539,-1.017262,0.5084651,-0.5036349,0.4952276,0.4925087,
1,3,6.131,0.2657826,0.04694539,-1.017262,0.5084651,-0.5036349,0.4952276,0.4925087,
1,3,6.133,0.2657826,0.04694539,-1.017262,0.5084651,-0.5036349,0.4952276,0.4925087,
1,3,6.135,0.2657852,0.04695801,-1.017276,0.5084723,-0.5036077,0.4952385,0.492518,
1,3,6.137,0.2657852,0.04695801,-1.017276,0.5084723,-0.5036077,0.4952385,0.492518,
1,3,6.139,0.2657852,0.04695801,-1.017276,0.5084723,-0.5036077,0.4952385,0.492518,
1,3,6.141,0.2657852,0.04695801,-1.017276,0.5084723,-0.5036077,0.4952385,0.492518,
1,3,6.143,0.2657799,0.04699044,-1.017276,0.508477,-0.5036026,0.495247,0.4925099,
1,3,6.145,0.2657799,0.04699044,-1.017276,0.508477,-0.5036026,0.495247,0.4925099,
1,3,6.147,0.2657799,0.04699044,-1.017276,0.508477,-0.5036026,0.495247,0.4925099,
1,3,6.149,0.2657799,0.04699044,-1.017276,0.508477,-0.5036026,0.495247,0.4925099,
1,3,6.151,0.2657868,0.04696152,-1.017281,0.5084824,-0.503612,0.495227,0.4925148,
1,3,6.153,0.2657868,0.04696152,-1.017281,0.5084824,-0.503612,0.495227,0.4925148,
1,3,6.155,0.2657868,0.04696152,-1.017281,0.5084824,-0.503612,0.495227,0.4925148,
1,3,6.157,0.2657868,0.04696152,-1.017281,0.5084824,-0.503612,0.495227,0.4925148,
1,3,6.159,0.2657804,0.04696321,-1.017271,0.5084608,-0.5036133,0.4952468,0.492516,
1,3,6.161,0.2657804,0.04696321,-1.017271,0.5084608,-0.5036133,0.4952468,0.492516,
1,3,6.163,0.2657804,0.04696321,-1.017271,0.5084608,-0.5036133,0.4952468,0.492516,
1,3,6.165,0.2657804,0.04696321,-1.017271,0.5084608,-0.5036133,0.4952468,0.492516,
1,3,6.167,0.2657804,0.04696321,-1.017271,0.5084608,-0.5036133,0.4952468,0.492516,
1,3,6.169,0.2657875,0.04694582,-1.017259,0.5084469,-0.5036299,0.4952419,0.4925182,
1,3,6.171,0.2657875,0.04694582,-1.017259,0.5084469,-0.5036299,0.4952419,0.4925182,
1,3,6.173,0.2657875,0.04694582,-1.017259,0.5084469,-0.5036299,0.4952419,0.4925182,
1,3,6.175,0.2657875,0.04694582,-1.017259,0.5084469,-0.5036299,0.4952419,0.4925182,
1,3,6.177,0.2657921,0.04695424,-1.017261,0.5084718,-0.5036352,0.4952324,0.4924966,
1,3,6.179,0.2657921,0.04695424,-1.017261,0.5084718,-0.5036352,0.4952324,0.4924966,
1,3,6.181,0.2657921,0.04695424,-1.017261,0.5084718,-0.5036352,0.4952324,0.4924966,
1,3,6.183,0.2657921,0.04695424,-1.017261,0.5084718,-0.5036352,0.4952324,0.4924966,
1,3,6.185,0.2657866,0.04696718,-1.017272,0.5084872,-0.5036302,0.4952314,0.4924867,
1,3,6.187,0.2657866,0.04696718,-1.017272,0.5084872,-0.5036302,0.4952314,0.4924867,
1,3,6.189,0.2657866,0.04696718,-1.017272,0.5084872,-0.5036302,0.4952314,0.4924867,
1,3,6.191,0.2657866,0.04696718,-1.017272,0.5084872,-0.5036302,0.4952314,0.4924867,
1,3,6.193,0.2657757,0.04694678,-1.01725,0.5084643,-0.5036408,0.4952328,0.4924983,
1,3,6.195,0.2657757,0.04694678,-1.01725,0.5084643,-0.5036408,0.4952328,0.4924983,
1,3,6.197,0.2657757,0.04694678,-1.01725,0.5084643,-0.5036408,0.4952328,0.4924983,
1,3,6.199,0.2657757,0.04694678,-1.01725,0.5084643,-0.5036408,0.4952328,0.4924983,
1,3,6.201,0.2657946,0.04693633,-1.01727,0.5084638,-0.5036455,0.4952172,0.4925098,
1,3,6.203,0.2657946,0.04693633,-1.01727,0.5084638,-0.5036455,0.4952172,0.4925098,
1,3,6.205,0.2657946,0.04693633,-1.01727,0.5084638,-0.5036455,0.4952172,0.4925098,
1,3,6.207,0.2657946,0.04693633,-1.01727,0.5084638,-0.5036455,0.4952172,0.4925098,
1,3,6.209,0.2657995,0.04692448,-1.017272,0.5084614,-0.5036549,0.4952105,0.4925093,
1,3,6.211,0.2657995,0.04692448,-1.017272,0.5084614,-0.5036549,0.4952105,0.4925093,
1,3,6.213,0.2657995,0.04692448,-1.017272,0.5084614,-0.5036549,0.4952105,0.4925093,
1,3,6.215,0.2657995,0.04692448,-1.017272,0.5084614,-0.5036549,0.4952105,0.4925093,
1,3,6.217,0.2657995,0.04692448,-1.017272,0.5084614,-0.5036549,0.4952105,0.4925093,
1,3,6.219,0.2658015,0.04696081,-1.017267,0.508458,-0.5036234,0.4952429,0.4925124,
1,3,6.221,0.2658015,0.04696081,-1.017267,0.508458,-0.5036234,0.4952429,0.4925124,
1,3,6.223,0.2658015,0.04696081,-1.017267,0.508458,-0.5036234,0.4952429,0.4925124,
1,3,6.225,0.2658015,0.04696081,-1.017267,0.508458,-0.5036234,0.4952429,0.4925124,
1,3,6.227,0.2658001,0.04696046,-1.017254,0.5084587,-0.5036242,0.4952483,0.4925055,
1,3,6.229,0.2658001,0.04696046,-1.017254,0.5084587,-0.5036242,0.4952483,0.4925055,
1,3,6.231,0.2658001,0.04696046,-1.017254,0.5084587,-0.5036242,0.4952483,0.4925055,
1,3,6.233,0.2658001,0.04696046,-1.017254,0.5084587,-0.5036242,0.4952483,0.4925055,
1,3,6.235,0.2657983,0.0469538,-1.017258,0.5084496,-0.503631,0.4952399,0.4925164,
1,3,6.237,0.2657983,0.0469538,-1.017258,0.5084496,-0.503631,0.4952399,0.4925164,
1,3,6.239,0.2657983,0.0469538,-1.017258,0.5084496,-0.503631,0.4952399,0.4925164,
1,3,6.241,0.2657983,0.0469538,-1.017258,0.5084496,-0.503631,0.4952399,0.4925164,
1,3,6.243,0.2658015,0.04696389,-1.017265,0.5084707,-0.5036269,0.4952339,0.4925046,
1,3,6.245,0.2658015,0.04696389,-1.017265,0.5084707,-0.5036269,0.4952339,0.4925046,
1,3,6.247,0.2658015,0.04696389,-1.017265,0.5084707,-0.5036269,0.4952339,0.4925046,
1,3,6.249,0.2658015,0.04696389,-1.017265,0.5084707,-0.5036269,0.4952339,0.4925046,
1,3,6.251,0.2657909,0.04698536,-1.017234,0.5084685,-0.5036242,0.4952594,0.4924841,
1,3,6.253,0.2657909,0.04698536,-1.017234,0.5084685,-0.5036242,0.4952594,0.4924841,
1,3,6.255,0.2657909,0.04698536,-1.017234,0.5084685,-0.5036242,0.4952594,0.4924841,
1,3,6.257,0.2657909,0.04698536,-1.017234,0.5084685,-0.5036242,0.4952594,0.4924841,
1,3,6.259,0.2657918,0.04698312,-1.017237,0.5084776,-0.5036381,0.4952468,0.4924733,
1,3,6.261,0.2657918,0.04698312,-1.017237,0.5084776,-0.5036381,0.4952468,0.4924733,
1,3,6.263,0.2657918,0.04698312,-1.017237,0.5084776,-0.5036381,0.4952468,0.4924733,
1,3,6.265,0.2657918,0.04698312,-1.017237,0.5084776,-0.5036381,0.4952468,0.4924733,
1,3,6.267,0.2657918,0.04698312,-1.017237,0.5084776,-0.5036381,0.4952468,0.4924733,
1,3,6.269,0.2657886,0.04695035,-1.017248,0.5084713,-0.503664,0.4952115,0.4924887,
1,3,6.271,0.2657886,0.04695035,-1.017248,0.5084713,-0.503664,0.4952115,0.4924887,
1,3,6.273,0.2657886,0.04695035,-1.017248,0.5084713,-0.503664,0.4952115,0.4924887,
1,3,6.275,0.2657886,0.04695035,-1.017248,0.5084713,-0.503664,0.4952115,0.4924887,
1,3,6.277,0.2657959,0.04697509,-1.017252,0.5084819,-0.5036337,0.4952382,0.492482,
1,3,6.279,0.2657959,0.04697509,-1.017252,0.5084819,-0.5036337,0.4952382,0.492482,
1,3,6.281,0.2657959,0.04697509,-1.017252,0.5084819,-0.5036337,0.4952382,0.492482,
1,3,6.283,0.2657959,0.04697509,-1.017252,0.5084819,-0.5036337,0.4952382,0.492482,
1,3,6.285,0.2657929,0.04694558,-1.017254,0.5084789,-0.5036637,0.4952103,0.4924823,
1,3,6.287,0.2657929,0.04694558,-1.017254,0.5084789,-0.5036637,0.4952103,0.4924823,
1,3,6.289,0.2657929,0.04694558,-1.017254,0.5084789,-0.5036637,0.4952103,0.4924823,
1,3,6.291,0.2657929,0.04694558,-1.017254,0.5084789,-0.5036637,0.4952103,0.4924823,
1,3,6.293,0.2657951,0.04695071,-1.017247,0.5084628,-0.5036473,0.495227,0.492499,
1,3,6.295,0.2657951,0.04695071,-1.017247,0.5084628,-0.5036473,0.495227,0.492499,
1,3,6.297,0.2657951,0.04695071,-1.017247,0.5084628,-0.5036473,0.495227,0.492499,
1,3,6.299,0.2657951,0.04695071,-1.017247,0.5084628,-0.5036473,0.495227,0.492499,
1,3,6.301,0.2657939,0.04695832,-1.017254,0.5084773,-0.5036623,0.4952095,0.4924863,
1,3,6.303,0.2657939,0.04695832,-1.017254,0.5084773,-0.5036623,0.4952095,0.4924863,
1,3,6.305,0.2657939,0.04695832,-1.017254,0.5084773,-0.5036623,0.4952095,0.4924863,
1,3,6.307,0.2657939,0.04695832,-1.017254,0.5084773,-0.5036623,0.4952095,0.4924863,
1,3,6.309,0.265784,0.04694248,-1.017223,0.5084568,-0.5036756,0.4952143,0.492489,
1,3,6.311,0.265784,0.04694248,-1.017223,0.5084568,-0.5036756,0.4952143,0.492489,
1,3,6.313,0.265784,0.04694248,-1.017223,0.5084568,-0.5036756,0.4952143,0.492489,
1,3,6.315,0.265784,0.04694248,-1.017223,0.5084568,-0.5036756,0.4952143,0.492489,
1,3,6.317,0.265784,0.04694248,-1.017223,0.5084568,-0.5036756,0.4952143,0.492489,
1,3,6.319,0.2657921,0.04694113,-1.01724,0.5084628,-0.503666,0.4952124,0.4924944,
1,3,6.321,0.2657921,0.04694113,-1.01724,0.5084628,-0.503666,0.4952124,0.4924944,
1,3,6.323,0.2657921,0.04694113,-1.01724,0.5084628,-0.503666,0.4952124,0.4924944,
1,3,6.325,0.2657921,0.04694113,-1.01724,0.5084628,-0.503666,0.4952124,0.4924944,
1,3,6.327,0.2657812,0.04694092,-1.017238,0.508461,-0.503669,0.4952146,0.492491,
1,3,6.329,0.2657812,0.04694092,-1.017238,0.508461,-0.503669,0.4952146,0.492491,
1,3,6.331,0.2657812,0.04694092,-1.017238,0.508461,-0.503669,0.4952146,0.492491,
1,3,6.333,0.2657812,0.04694092,-1.017238,0.508461,-0.503669,0.4952146,0.492491,
1,3,6.335,0.2657886,0.04692538,-1.017229,0.5084628,-0.5036797,0.4952059,0.492487,
1,3,6.337,0.2657886,0.04692538,-1.017229,0.5084628,-0.5036797,0.4952059,0.492487,
1,3,6.339,0.2657886,0.04692538,-1.017229,0.5084628,-0.5036797,0.4952059,0.492487,
1,3,6.341,0.2657886,0.04692538,-1.017229,0.5084628,-0.5036797,0.4952059,0.492487,
1,3,6.343,0.2657822,0.04695693,-1.017246,0.5084754,-0.5036511,0.4952201,0.4924892,
1,3,6.345,0.2657822,0.04695693,-1.017246,0.5084754,-0.5036511,0.4952201,0.4924892,
1,3,6.347,0.2657822,0.04695693,-1.017246,0.5084754,-0.5036511,0.4952201,0.4924892,
1,3,6.349,0.2657822,0.04695693,-1.017246,0.5084754,-0.5036511,0.4952201,0.4924892,
1,3,6.351,0.265783,0.04694773,-1.017245,0.5084636,-0.503666,0.4952131,0.492493,
1,3,6.353,0.265783,0.04694773,-1.017245,0.5084636,-0.503666,0.4952131,0.492493,
1,3,6.355,0.265783,0.04694773,-1.017245,0.5084636,-0.503666,0.4952131,0.492493,
1,3,6.357,0.265783,0.04694773,-1.017245,0.5084636,-0.503666,0.4952131,0.492493,
1,3,6.359,0.2657781,0.04693883,-1.01723,0.5084425,-0.5036576,0.4952295,0.4925069,
1,3,6.361,0.2657781,0.04693883,-1.01723,0.5084425,-0.5036576,0.4952295,0.4925069,
1,3,6.363,0.2657781,0.04693883,-1.01723,0.5084425,-0.5036576,0.4952295,0.4925069,
1,3,6.365,0.2657781,0.04693883,-1.01723,0.5084425,-0.5036576,0.4952295,0.4925069,
1,3,6.367,0.2657781,0.04693883,-1.01723,0.5084425,-0.5036576,0.4952295,0.4925069,
1,3,6.369,0.265787,0.04694576,-1.017245,0.5084627,-0.5036441,0.4952266,0.4925028,
1,3,6.371,0.265787,0.04694576,-1.017245,0.5084627,-0.5036441,0.4952266,0.4925028,
1,3,6.373,0.265787,0.04694576,-1.017245,0.5084627,-0.5036441,0.4952266,0.4925028,
1,3,6.375,0.265787,0.04694576,-1.017245,0.5084627,-0.5036441,0.4952266,0.4925028,
1,3,6.377,0.2657816,0.04695513,-1.017252,0.5084913,-0.5036674,0.4951988,0.4924774,
1,3,6.379,0.2657816,0.04695513,-1.017252,0.5084913,-0.5036674,0.4951988,0.4924774,
1,3,6.381,0.2657816,0.04695513,-1.017252,0.5084913,-0.5036674,0.4951988,0.4924774,
1,3,6.383,0.2657816,0.04695513,-1.017252,0.5084913,-0.5036674,0.4951988,0.4924774,
1,3,6.385,0.2657872,0.04693813,-1.017245,0.508482,-0.5036834,0.4951926,0.4924767,
1,3,6.387,0.2657872,0.04693813,-1.017245,0.508482,-0.5036834,0.4951926,0.4924767,
1,3,6.389,0.2657872,0.04693813,-1.017245,0.508482,-0.5036834,0.4951926,0.4924767,
1,3,6.391,0.2657872,0.04693813,-1.017245,0.508482,-0.5036834,0.4951926,0.4924767,
1,3,6.393,0.265786,0.04692976,-1.017251,0.5084755,-0.5036826,0.4951844,0.4924927,
1,3,6.395,0.265786,0.04692976,-1.017251,0.5084755,-0.5036826,0.4951844,0.4924927,
1,3,6.397,0.265786,0.04692976,-1.017251,0.5084755,-0.5036826,0.4951844,0.4924927,
1,3,6.399,0.265786,0.04692976,-1.017251,0.5084755,-0.5036826,0.4951844,0.4924927,
1,3,6.401,0.2657912,0.04693635,-1.017226,0.5084665,-0.5036722,0.4952122,0.4924846,
1,3,6.403,0.2657912,0.04693635,-1.017226,0.5084665,-0.5036722,0.4952122,0.4924846,
1,3,6.405,0.2657912,0.04693635,-1.017226,0.5084665,-0.5036722,0.4952122,0.4924846,
1,3,6.407,0.2657912,0.04693635,-1.017226,0.5084665,-0.5036722,0.4952122,0.4924846,
1,3,6.409,0.2657828,0.04694175,-1.017237,0.5084549,-0.5036686,0.4952199,0.4924926,
1,3,6.411,0.2657828,0.04694175,-1.017237,0.5084549,-0.5036686,0.4952199,0.4924926,
1,3,6.413,0.2657828,0.04694175,-1.017237,0.5084549,-0.5036686,0.4952199,0.4924926,
1,3,6.415,0.2657828,0.04694175,-1.017237,0.5084549,-0.5036686,0.4952199,0.4924926,
1,3,6.417,0.2657828,0.04694175,-1.017237,0.5084549,-0.5036686,0.4952199,0.4924926,
1,3,6.419,0.2657893,0.04694188,-1.017239,0.5084451,-0.5036491,0.4952302,0.4925122,
1,3,6.421,0.2657893,0.04694188,-1.017239,0.5084451,-0.5036491,0.4952302,0.4925122,
1,3,6.423,0.2657893,0.04694188,-1.017239,0.5084451,-0.5036491,0.4952302,0.4925122,
1,3,6.425,0.2657893,0.04694188,-1.017239,0.5084451,-0.5036491,0.4952302,0.4925122,
1,3,6.427,0.2657771,0.04692579,-1.017241,0.5084549,-0.5036764,0.495205,0.4924997,
1,3,6.429,0.2657771,0.04692579,-1.017241,0.5084549,-0.5036764,0.495205,0.4924997,
1,3,6.431,0.2657771,0.04692579,-1.017241,0.5084549,-0.5036764,0.495205,0.4924997,
1,3,6.433,0.2657771,0.04692579,-1.017241,0.5084549,-0.5036764,0.495205,0.4924997,
1,3,6.435,0.2657754,0.04691514,-1.017251,0.5084621,-0.5036793,0.4951968,0.4924974,
1,3,6.437,0.2657754,0.04691514,-1.017251,0.5084621,-0.5036793,0.4951968,0.4924974,
1,3,6.439,0.2657754,0.04691514,-1.017251,0.5084621,-0.5036793,0.4951968,0.4924974,
1,3,6.441,0.2657754,0.04691514,-1.017251,0.5084621,-0.5036793,0.4951968,0.4924974,
1,3,6.443,0.2657773,0.04694874,-1.01726,0.5084732,-0.5036573,0.4952067,0.4924986,
1,3,6.445,0.2657773,0.04694874,-1.01726,0.5084732,-0.5036573,0.4952067,0.4924986,
1,3,6.447,0.2657773,0.04694874,-1.01726,0.5084732,-0.5036573,0.4952067,0.4924986,
1,3,6.449,0.2657773,0.04694874,-1.01726,0.5084732,-0.5036573,0.4952067,0.4924986,
1,3,6.451,0.2657793,0.04695883,-1.017247,0.5084669,-0.5036428,0.4952321,0.4924943,
1,3,6.453,0.2657793,0.04695883,-1.017247,0.5084669,-0.5036428,0.4952321,0.4924943,
1,3,6.455,0.2657793,0.04695883,-1.017247,0.5084669,-0.5036428,0.4952321,0.4924943,
1,3,6.457,0.2657793,0.04695883,-1.017247,0.5084669,-0.5036428,0.4952321,0.4924943,
1,3,6.459,0.2657799,0.04699018,-1.017264,0.508467,-0.5035872,0.4952742,0.4925085,
1,3,6.461,0.2657799,0.04699018,-1.017264,0.508467,-0.5035872,0.4952742,0.4925085,
1,3,6.463,0.2657799,0.04699018,-1.017264,0.508467,-0.5035872,0.4952742,0.4925085,
1,3,6.465,0.2657799,0.04699018,-1.017264,0.508467,-0.5035872,0.4952742,0.4925085,
1,3,6.467,0.2657799,0.04699018,-1.017264,0.508467,-0.5035872,0.4952742,0.4925085,
1,3,6.469,0.2657816,0.04696954,-1.017257,0.5084581,-0.5036012,0.4952566,0.4925211,
1,3,6.471,0.2657816,0.04696954,-1.017257,0.5084581,-0.5036012,0.4952566,0.4925211,
1,3,6.473,0.2657816,0.04696954,-1.017257,0.5084581,-0.5036012,0.4952566,0.4925211,
1,3,6.475,0.2657816,0.04696954,-1.017257,0.5084581,-0.5036012,0.4952566,0.4925211,
1,3,6.477,0.2657874,0.04697735,-1.017267,0.508496,-0.5036362,0.4952131,0.49249,
1,3,6.479,0.2657874,0.04697735,-1.017267,0.508496,-0.5036362,0.4952131,0.49249,
1,3,6.481,0.2657874,0.04697735,-1.017267,0.508496,-0.5036362,0.4952131,0.49249,
1,3,6.483,0.2657874,0.04697735,-1.017267,0.508496,-0.5036362,0.4952131,0.49249,
1,3,6.485,0.265781,0.04694999,-1.017257,0.5084755,-0.5036571,0.4952077,0.4924952,
1,3,6.487,0.265781,0.04694999,-1.017257,0.5084755,-0.5036571,0.4952077,0.4924952,
1,3,6.489,0.265781,0.04694999,-1.017257,0.5084755,-0.5036571,0.4952077,0.4924952,
1,3,6.491,0.265781,0.04694999,-1.017257,0.5084755,-0.5036571,0.4952077,0.4924952,
1,3,6.493,0.2657783,0.04691286,-1.017267,0.5084808,-0.5036603,0.4951935,0.4925007,
1,3,6.495,0.2657783,0.04691286,-1.017267,0.5084808,-0.5036603,0.4951935,0.4925007,
1,3,6.497,0.2657783,0.04691286,-1.017267,0.5084808,-0.5036603,0.4951935,0.4925007,
1,3,6.499,0.2657783,0.04691286,-1.017267,0.5084808,-0.5036603,0.4951935,0.4925007,
1,3,6.501,0.2657846,0.04692699,-1.017266,0.5084852,-0.503643,0.4952057,0.4925016,
1,3,6.503,0.2657846,0.04692699,-1.017266,0.5084852,-0.503643,0.4952057,0.4925016,
1,3,6.505,0.2657846,0.04692699,-1.017266,0.5084852,-0.503643,0.4952057,0.4925016,
1,3,6.507,0.2657846,0.04692699,-1.017266,0.5084852,-0.503643,0.4952057,0.4925016,
1,3,6.509,0.2657859,0.04699437,-1.017225,0.5084667,-0.5036176,0.4952615,0.4924907,
1,3,6.511,0.2657859,0.04699437,-1.017225,0.5084667,-0.5036176,0.4952615,0.4924907,
1,3,6.513,0.2657859,0.04699437,-1.017225,0.5084667,-0.5036176,0.4952615,0.4924907,
1,3,6.515,0.2657859,0.04699437,-1.017225,0.5084667,-0.5036176,0.4952615,0.4924907,
1,3,6.517,0.2657859,0.04699437,-1.017225,0.5084667,-0.5036176,0.4952615,0.4924907,
1,3,6.519,0.2657703,0.04696576,-1.01722,0.5084379,-0.5036328,0.4952616,0.4925047,
1,3,6.521,0.2657703,0.04696576,-1.01722,0.5084379,-0.5036328,0.4952616,0.4925047,
1,3,6.523,0.2657703,0.04696576,-1.01722,0.5084379,-0.5036328,0.4952616,0.4925047,
1,3,6.525,0.2657703,0.04696576,-1.01722,0.5084379,-0.5036328,0.4952616,0.4925047,
1,3,6.527,0.2657737,0.04694401,-1.017239,0.5084552,-0.5036427,0.4952263,0.4925123,
1,3,6.529,0.2657737,0.04694401,-1.017239,0.5084552,-0.5036427,0.4952263,0.4925123,
1,3,6.531,0.2657737,0.04694401,-1.017239,0.5084552,-0.5036427,0.4952263,0.4925123,
1,3,6.533,0.2657737,0.04694401,-1.017239,0.5084552,-0.5036427,0.4952263,0.4925123,
1,3,6.535,0.2657774,0.04696774,-1.017229,0.5084667,-0.5036384,0.495237,0.492494,
1,3,6.537,0.2657774,0.04696774,-1.017229,0.5084667,-0.5036384,0.495237,0.492494,
1,3,6.539,0.2657774,0.04696774,-1.017229,0.5084667,-0.5036384,0.495237,0.492494,
1,3,6.541,0.2657774,0.04696774,-1.017229,0.5084667,-0.5036384,0.495237,0.492494,
1,3,6.543,0.2657763,0.04696601,-1.017234,0.5084987,-0.5036736,0.4952016,0.4924606,
1,3,6.545,0.2657763,0.04696601,-1.017234,0.5084987,-0.5036736,0.4952016,0.4924606,
1,3,6.547,0.2657763,0.04696601,-1.017234,0.5084987,-0.5036736,0.4952016,0.4924606,
1,3,6.549,0.2657763,0.04696601,-1.017234,0.5084987,-0.5036736,0.4952016,0.4924606,
1,3,6.551,0.2657768,0.04692794,-1.017238,0.5084751,-0.5036883,0.4951892,0.4924824,
1,3,6.553,0.2657768,0.04692794,-1.017238,0.5084751,-0.5036883,0.4951892,0.4924824,
1,3,6.555,0.2657768,0.04692794,-1.017238,0.5084751,-0.5036883,0.4951892,0.4924824,
1,3,6.557,0.2657768,0.04692794,-1.017238,0.5084751,-0.5036883,0.4951892,0.4924824,
1,3,6.559,0.2657833,0.04693794,-1.017234,0.5084686,-0.5036865,0.4951913,0.4924887,
1,3,6.561,0.2657833,0.04693794,-1.017234,0.5084686,-0.5036865,0.4951913,0.4924887,
1,3,6.563,0.2657833,0.04693794,-1.017234,0.5084686,-0.5036865,0.4951913,0.4924887,
1,3,6.565,0.2657833,0.04693794,-1.017234,0.5084686,-0.5036865,0.4951913,0.4924887,
1,3,6.567,0.2657833,0.04693794,-1.017234,0.5084686,-0.5036865,0.4951913,0.4924887,
1,3,6.569,0.2657751,0.04694851,-1.017206,0.5084708,-0.5036927,0.4952095,0.4924619,
1,3,6.571,0.2657751,0.04694851,-1.017206,0.5084708,-0.5036927,0.4952095,0.4924619,
1,3,6.573,0.2657751,0.04694851,-1.017206,0.5084708,-0.5036927,0.4952095,0.4924619,
1,3,6.575,0.2657751,0.04694851,-1.017206,0.5084708,-0.5036927,0.4952095,0.4924619,
1,3,6.577,0.2657704,0.04694054,-1.01724,0.508463,-0.5036666,0.4952067,0.4924994,
1,3,6.579,0.2657704,0.04694054,-1.01724,0.508463,-0.5036666,0.4952067,0.4924994,
1,3,6.581,0.2657704,0.04694054,-1.01724,0.508463,-0.5036666,0.4952067,0.4924994,
1,3,6.583,0.2657704,0.04694054,-1.01724,0.508463,-0.5036666,0.4952067,0.4924994,
1,3,6.585,0.2657714,0.04692847,-1.017254,0.5084645,-0.5036721,0.4951954,0.4925038,
1,3,6.587,0.2657714,0.04692847,-1.017254,0.5084645,-0.5036721,0.4951954,0.4925038,
1,3,6.589,0.2657714,0.04692847,-1.017254,0.5084645,-0.5036721,0.4951954,0.4925038,
1,3,6.591,0.2657714,0.04692847,-1.017254,0.5084645,-0.5036721,0.4951954,0.4925038,
1,3,6.593,0.2657776,0.04694854,-1.01726,0.5084686,-0.5036541,0.4952097,0.4925035,
1,3,6.595,0.2657776,0.04694854,-1.01726,0.5084686,-0.5036541,0.4952097,0.4925035,
1,3,6.597,0.2657776,0.04694854,-1.01726,0.5084686,-0.5036541,0.4952097,0.4925035,
1,3,6.599,0.2657776,0.04694854,-1.01726,0.5084686,-0.5036541,0.4952097,0.4925035,
1,3,6.601,0.2657819,0.0469442,-1.017261,0.5084763,-0.5036538,0.4952033,0.4925022,
1,3,6.603,0.2657819,0.0469442,-1.017261,0.5084763,-0.5036538,0.4952033,0.4925022,
1,3,6.605,0.2657819,0.0469442,-1.017261,0.5084763,-0.5036538,0.4952033,0.4925022,
1,3,6.607,0.2657819,0.0469442,-1.017261,0.5084763,-0.5036538,0.4952033,0.4925022,
1,3,6.609,0.2657872,0.04694127,-1.017274,0.5084807,-0.503642,0.4952047,0.4925084,
1,3,6.611,0.2657872,0.04694127,-1.017274,0.5084807,-0.503642,0.4952047,0.4925084,
1,3,6.613,0.2657872,0.04694127,-1.017274,0.5084807,-0.503642,0.4952047,0.4925084,
1,3,6.615,0.2657872,0.04694127,-1.017274,0.5084807,-0.503642,0.4952047,0.4925084,
1,3,6.617,0.2657872,0.04694127,-1.017274,0.5084807,-0.503642,0.4952047,0.4925084,
1,3,6.619,0.265776,0.04697832,-1.01726,0.508474,-0.5036223,0.4952408,0.4924991,
1,3,6.621,0.265776,0.04697832,-1.01726,0.508474,-0.5036223,0.4952408,0.4924991,
1,3,6.623,0.265776,0.04697832,-1.01726,0.508474,-0.5036223,0.4952408,0.4924991,
1,3,6.625,0.265776,0.04697832,-1.01726,0.508474,-0.5036223,0.4952408,0.4924991,
1,3,6.627,0.265781,0.04694888,-1.017249,0.5084702,-0.503642,0.4952182,0.4925055,
1,3,6.629,0.265781,0.04694888,-1.017249,0.5084702,-0.503642,0.4952182,0.4925055,
1,3,6.631,0.265781,0.04694888,-1.017249,0.5084702,-0.503642,0.4952182,0.4925055,
1,3,6.633,0.265781,0.04694888,-1.017249,0.5084702,-0.503642,0.4952182,0.4925055,
1,3,6.635,0.26578,0.0469151,-1.017263,0.5084604,-0.5036575,0.4952017,0.4925164,
1,3,6.637,0.26578,0.0469151,-1.017263,0.5084604,-0.5036575,0.4952017,0.4925164,
1,3,6.639,0.26578,0.0469151,-1.017263,0.5084604,-0.5036575,0.4952017,0.4925164,
1,3,6.641,0.26578,0.0469151,-1.017263,0.5084604,-0.5036575,0.4952017,0.4925164,
1,3,6.643,0.2657768,0.04690348,-1.017271,0.5084739,-0.503674,0.4951842,0.4925032,
1,3,6.645,0.2657768,0.04690348,-1.017271,0.5084739,-0.503674,0.4951842,0.4925032,
1,3,6.647,0.2657768,0.04690348,-1.017271,0.5084739,-0.503674,0.4951842,0.4925032,
1,3,6.649,0.2657768,0.04690348,-1.017271,0.5084739,-0.503674,0.4951842,0.4925032,
1,3,6.651,0.2657744,0.04692143,-1.017261,0.5084469,-0.5036528,0.495211,0.4925258,
1,3,6.653,0.2657744,0.04692143,-1.017261,0.5084469,-0.5036528,0.495211,0.4925258,
1,3,6.655,0.2657744,0.04692143,-1.017261,0.5084469,-0.5036528,0.495211,0.4925258,
1,3,6.657,0.2657744,0.04692143,-1.017261,0.5084469,-0.5036528,0.495211,0.4925258,
1,3,6.659,0.2657812,0.04693093,-1.017261,0.5084496,-0.5036322,0.4952297,0.4925252,
1,3,6.661,0.2657812,0.04693093,-1.017261,0.5084496,-0.5036322,0.4952297,0.4925252,
1,3,6.663,0.2657812,0.04693093,-1.017261,0.5084496,-0.5036322,0.4952297,0.4925252,
1,3,6.665,0.2657812,0.04693093,-1.017261,0.5084496,-0.5036322,0.4952297,0.4925252,
1,3,6.667,0.2657812,0.04693093,-1.017261,0.5084496,-0.5036322,0.4952297,0.4925252,
1,3,6.669,0.2657925,0.04696665,-1.017262,0.5084639,-0.5036113,0.4952542,0.4925072,
1,3,6.671,0.2657925,0.04696665,-1.017262,0.5084639,-0.5036113,0.4952542,0.4925072,
1,3,6.673,0.2657925,0.04696665,-1.017262,0.5084639,-0.5036113,0.4952542,0.4925072,
1,3,6.675,0.2657925,0.04696665,-1.017262,0.5084639,-0.5036113,0.4952542,0.4925072,
1,3,6.677,0.2657847,0.04694176,-1.017267,0.5084714,-0.503631,0.495225,0.4925089,
1,3,6.679,0.2657847,0.04694176,-1.017267,0.5084714,-0.503631,0.495225,0.4925089,
1,3,6.681,0.2657847,0.04694176,-1.017267,0.5084714,-0.503631,0.495225,0.4925089,
1,3,6.683,0.2657847,0.04694176,-1.017267,0.5084714,-0.503631,0.495225,0.4925089,
1,3,6.685,0.2657822,0.04694634,-1.01727,0.5084751,-0.5036331,0.4952193,0.4925086,
1,3,6.687,0.2657822,0.04694634,-1.01727,0.5084751,-0.5036331,0.4952193,0.4925086,
1,3,6.689,0.2657822,0.04694634,-1.01727,0.5084751,-0.5036331,0.4952193,0.4925086,
1,3,6.691,0.2657822,0.04694634,-1.01727,0.5084751,-0.5036331,0.4952193,0.4925086,
1,3,6.693,0.2657835,0.04692519,-1.017263,0.5084553,-0.5036516,0.4952129,0.4925165,
1,3,6.695,0.2657835,0.04692519,-1.017263,0.5084553,-0.5036516,0.4952129,0.4925165,
1,3,6.697,0.2657835,0.04692519,-1.017263,0.5084553,-0.5036516,0.4952129,0.4925165,
1,3,6.699,0.2657835,0.04692519,-1.017263,0.5084553,-0.5036516,0.4952129,0.4925165,
1,3,6.701,0.2657859,0.04695459,-1.017266,0.5084769,-0.5036384,0.4952253,0.4924952,
1,3,6.703,0.2657859,0.04695459,-1.017266,0.5084769,-0.5036384,0.4952253,0.4924952,
1,3,6.705,0.2657859,0.04695459,-1.017266,0.5084769,-0.5036384,0.4952253,0.4924952,
1,3,6.707,0.2657859,0.04695459,-1.017266,0.5084769,-0.5036384,0.4952253,0.4924952,
1,3,6.709,0.2657709,0.04696088,-1.017256,0.5084784,-0.5036387,0.4952238,0.4924948,
1,3,6.711,0.2657709,0.04696088,-1.017256,0.5084784,-0.5036387,0.4952238,0.4924948,
1,3,6.713,0.2657709,0.04696088,-1.017256,0.5084784,-0.5036387,0.4952238,0.4924948,
1,3,6.715,0.2657709,0.04696088,-1.017256,0.5084784,-0.5036387,0.4952238,0.4924948,
1,3,6.717,0.2657709,0.04696088,-1.017256,0.5084784,-0.5036387,0.4952238,0.4924948,
1,3,6.719,0.2657802,0.04692949,-1.017263,0.5084701,-0.5036474,0.4952062,0.4925123,
1,3,6.721,0.2657802,0.04692949,-1.017263,0.5084701,-0.5036474,0.4952062,0.4925123,
1,3,6.723,0.2657802,0.04692949,-1.017263,0.5084701,-0.5036474,0.4952062,0.4925123,
1,3,6.725,0.2657802,0.04692949,-1.017263,0.5084701,-0.5036474,0.4952062,0.4925123,
1,3,6.727,0.2657785,0.04694895,-1.017257,0.5084658,-0.5036386,0.495228,0.4925038,
1,3,6.729,0.2657785,0.04694895,-1.017257,0.5084658,-0.5036386,0.495228,0.4925038,
1,3,6.731,0.2657785,0.04694895,-1.017257,0.5084658,-0.5036386,0.495228,0.4925038,
1,3,6.733,0.2657785,0.04694895,-1.017257,0.5084658,-0.5036386,0.495228,0.4925038,
1,3,6.735,0.2657817,0.04696276,-1.017252,0.5085042,-0.5036553,0.4952073,0.492468,
1,3,6.737,0.2657817,0.04696276,-1.017252,0.5085042,-0.5036553,0.4952073,0.492468,
1,3,6.739,0.2657817,0.04696276,-1.017252,0.5085042,-0.5036553,0.4952073,0.492468,
1,3,6.741,0.2657817,0.04696276,-1.017252,0.5085042,-0.5036553,0.4952073,0.492468,
1,3,6.743,0.2657827,0.04694337,-1.017262,0.5084922,-0.5036623,0.4951992,0.4924812,
1,3,6.745,0.2657827,0.04694337,-1.017262,0.5084922,-0.5036623,0.4951992,0.4924812,
1,3,6.747,0.2657827,0.04694337,-1.017262,0.5084922,-0.5036623,0.4951992,0.4924812,
1,3,6.749,0.2657827,0.04694337,-1.017262,0.5084922,-0.5036623,0.4951992,0.4924812,
1,3,6.751,0.2657822,0.04695019,-1.017268,0.5084941,-0.5036561,0.4951968,0.4924881,
1,3,6.753,0.2657822,0.04695019,-1.017268,0.5084941,-0.5036561,0.4951968,0.4924881,
1,3,6.755,0.2657822,0.04695019,-1.017268,0.5084941,-0.5036561,0.4951968,0.4924881,
1,3,6.757,0.2657822,0.04695019,-1.017268,0.5084941,-0.5036561,0.4951968,0.4924881,
1,3,6.759,0.2657877,0.04692163,-1.0173,0.5085022,-0.5036669,0.4951593,0.4925064,
1,3,6.761,0.2657877,0.04692163,-1.0173,0.5085022,-0.5036669,0.4951593,0.4925064,
1,3,6.763,0.2657877,0.04692163,-1.0173,0.5085022,-0.5036669,0.4951593,0.4925064,
1,3,6.765,0.2657877,0.04692163,-1.0173,0.5085022,-0.5036669,0.4951593,0.4925064,
1,3,6.767,0.2657877,0.04692163,-1.0173,0.5085022,-0.5036669,0.4951593,0.4925064,
1,3,6.769,0.2657822,0.0469253,-1.017278,0.5085009,-0.5036661,0.4951745,0.4924933,
1,3,6.771,0.2657822,0.0469253,-1.017278,0.5085009,-0.5036661,0.4951745,0.4924933,
1,3,6.773,0.2657822,0.0469253,-1.017278,0.5085009,-0.5036661,0.4951745,0.4924933,
1,3,6.775,0.2657822,0.0469253,-1.017278,0.5085009,-0.5036661,0.4951745,0.4924933,
1,3,6.777,0.2657867,0.0469344,-1.017256,0.5084829,-0.5036524,0.4952046,0.4924955,
1,3,6.779,0.2657867,0.0469344,-1.017256,0.5084829,-0.5036524,0.4952046,0.4924955,
1,3,6.781,0.2657867,0.0469344,-1.017256,0.5084829,-0.5036524,0.4952046,0.4924955,
1,3,6.783,0.2657867,0.0469344,-1.017256,0.5084829,-0.5036524,0.4952046,0.4924955,
1,3,6.785,0.2657743,0.04693604,-1.017245,0.508459,-0.5036603,0.4952121,0.4925045,
1,3,6.787,0.2657743,0.04693604,-1.017245,0.508459,-0.5036603,0.4952121,0.4925045,
1,3,6.789,0.2657743,0.04693604,-1.017245,0.508459,-0.5036603,0.4952121,0.4925045,
1,3,6.791,0.2657743,0.04693604,-1.017245,0.508459,-0.5036603,0.4952121,0.4925045,
1,3,6.793,0.2657747,0.04694601,-1.017257,0.5084855,-0.5036632,0.4952018,0.4924846,
1,3,6.795,0.2657747,0.04694601,-1.017257,0.5084855,-0.5036632,0.4952018,0.4924846,
1,3,6.797,0.2657747,0.04694601,-1.017257,0.5084855,-0.5036632,0.4952018,0.4924846,
1,3,6.799,0.2657747,0.04694601,-1.017257,0.5084855,-0.5036632,0.4952018,0.4924846,
1,3,6.801,0.2657743,0.04697911,-1.017235,0.5084851,-0.5036387,0.4952411,0.4924705,
1,3,6.803,0.2657743,0.04697911,-1.017235,0.5084851,-0.5036387,0.4952411,0.4924705,
1,3,6.805,0.2657743,0.04697911,-1.017235,0.5084851,-0.5036387,0.4952411,0.4924705,
1,3,6.807,0.2657743,0.04697911,-1.017235,0.5084851,-0.5036387,0.4952411,0.4924705,
1,3,6.809,0.2657804,0.0469873,-1.017241,0.5084757,-0.503634,0.4952409,0.4924854,
1,3,6.811,0.2657804,0.0469873,-1.017241,0.5084757,-0.503634,0.4952409,0.4924854,
1,3,6.813,0.2657804,0.0469873,-1.017241,0.5084757,-0.503634,0.4952409,0.4924854,
1,3,6.815,0.2657804,0.0469873,-1.017241,0.5084757,-0.503634,0.4952409,0.4924854,
1,3,6.817,0.2657804,0.0469873,-1.017241,0.5084757,-0.503634,0.4952409,0.4924854,
1,3,6.819,0.2657771,0.04695339,-1.017252,0.5084726,-0.5036538,0.4952165,0.4924929,
1,3,6.821,0.2657771,0.04695339,-1.017252,0.5084726,-0.5036538,0.4952165,0.4924929,
1,3,6.823,0.2657771,0.04695339,-1.017252,0.5084726,-0.5036538,0.4952165,0.4924929,
1,3,6.825,0.2657771,0.04695339,-1.017252,0.5084726,-0.5036538,0.4952165,0.4924929,
1,3,6.827,0.2657877,0.04696263,-1.01726,0.5084733,-0.5036351,0.495228,0.4924995,
1,3,6.829,0.2657877,0.04696263,-1.01726,0.5084733,-0.5036351,0.495228,0.4924995,
1,3,6.831,0.2657877,0.04696263,-1.01726,0.5084733,-0.5036351,0.495228,0.4924995,
1,3,6.833,0.2657877,0.04696263,-1.01726,0.5084733,-0.5036351,0.495228,0.4924995,
1,3,6.835,0.2657834,0.04697505,-1.017252,0.5084811,-0.5036315,0.4952372,0.492486,
1,3,6.837,0.2657834,0.04697505,-1.017252,0.5084811,-0.5036315,0.4952372,0.492486,
1,3,6.839,0.2657834,0.04697505,-1.017252,0.5084811,-0.5036315,0.4952372,0.492486,
1,3,6.841,0.2657834,0.04697505,-1.017252,0.5084811,-0.5036315,0.4952372,0.492486,
1,3,6.843,0.26577,0.04695267,-1.017256,0.508474,-0.5036235,0.4952325,0.4925062,
1,3,6.845,0.26577,0.04695267,-1.017256,0.508474,-0.5036235,0.4952325,0.4925062,
1,3,6.847,0.26577,0.04695267,-1.017256,0.508474,-0.5036235,0.4952325,0.4925062,
1,3,6.849,0.26577,0.04695267,-1.017256,0.508474,-0.5036235,0.4952325,0.4925062,
1,3,6.851,0.265776,0.04692587,-1.017263,0.5084708,-0.5036449,0.4952099,0.4925104,
1,3,6.853,0.265776,0.04692587,-1.017263,0.5084708,-0.5036449,0.4952099,0.4925104,
1,3,6.855,0.265776,0.04692587,-1.017263,0.5084708,-0.5036449,0.4952099,0.4925104,
1,3,6.857,0.265776,0.04692587,-1.017263,0.5084708,-0.5036449,0.4952099,0.4925104,
1,3,6.859,0.2657854,0.04688373,-1.017281,0.5084771,-0.5036796,0.4951664,0.4925121,
1,3,6.861,0.2657854,0.04688373,-1.017281,0.5084771,-0.5036796,0.4951664,0.4925121,
1,3,6.863,0.2657854,0.04688373,-1.017281,0.5084771,-0.5036796,0.4951664,0.4925121,
1,3,6.865,0.2657854,0.04688373,-1.017281,0.5084771,-0.5036796,0.4951664,0.4925121,
1,3,6.867,0.2657854,0.04688373,-1.017281,0.5084771,-0.5036796,0.4951664,0.4925121,
1,3,6.869,0.2657704,0.04691724,-1.01727,0.5084538,-0.5036555,0.4952056,0.4925213,
1,3,6.871,0.2657704,0.04691724,-1.01727,0.5084538,-0.5036555,0.4952056,0.4925213,
1,3,6.873,0.2657704,0.04691724,-1.01727,0.5084538,-0.5036555,0.4952056,0.4925213,
1,3,6.875,0.2657704,0.04691724,-1.01727,0.5084538,-0.5036555,0.4952056,0.4925213,
1,3,6.877,0.2657675,0.04693167,-1.017265,0.5084516,-0.5036501,0.4952145,0.4925203,
1,3,6.879,0.2657675,0.04693167,-1.017265,0.5084516,-0.5036501,0.4952145,0.4925203,
1,3,6.881,0.2657675,0.04693167,-1.017265,0.5084516,-0.5036501,0.4952145,0.4925203,
1,3,6.883,0.2657675,0.04693167,-1.017265,0.5084516,-0.5036501,0.4952145,0.4925203,
1,3,6.885,0.2657829,0.04696663,-1.017257,0.5084769,-0.5036277,0.4952328,0.4924987,
1,3,6.887,0.2657829,0.04696663,-1.017257,0.5084769,-0.5036277,0.4952328,0.4924987,
1,3,6.889,0.2657829,0.04696663,-1.017257,0.5084769,-0.5036277,0.4952328,0.4924987,
1,3,6.891,0.2657829,0.04696663,-1.017257,0.5084769,-0.5036277,0.4952328,0.4924987,
1,3,6.893,0.2657692,0.04697079,-1.017264,0.508466,-0.50362,0.4952411,0.4925092,
1,3,6.895,0.2657692,0.04697079,-1.017264,0.508466,-0.50362,0.4952411,0.4925092,
1,3,6.897,0.2657692,0.04697079,-1.017264,0.508466,-0.50362,0.4952411,0.4925092,
1,3,6.899,0.2657692,0.04697079,-1.017264,0.508466,-0.50362,0.4952411,0.4925092,
1,3,6.901,0.2657649,0.04696615,-1.017256,0.5084677,-0.5036409,0.4952285,0.492499,
1,3,6.903,0.2657649,0.04696615,-1.017256,0.5084677,-0.5036409,0.4952285,0.492499,
1,3,6.905,0.2657649,0.04696615,-1.017256,0.5084677,-0.5036409,0.4952285,0.492499,
1,3,6.907,0.2657649,0.04696615,-1.017256,0.5084677,-0.5036409,0.4952285,0.492499,
1,3,6.909,0.2657604,0.04696267,-1.017244,0.5084662,-0.5036384,0.4952347,0.4924969,
1,3,6.911,0.2657604,0.04696267,-1.017244,0.5084662,-0.5036384,0.4952347,0.4924969,
1,3,6.913,0.2657604,0.04696267,-1.017244,0.5084662,-0.5036384,0.4952347,0.4924969,
1,3,6.915,0.2657604,0.04696267,-1.017244,0.5084662,-0.5036384,0.4952347,0.4924969,
1,3,6.917,0.2657604,0.04696267,-1.017244,0.5084662,-0.5036384,0.4952347,0.4924969,
1,3,6.919,0.2657774,0.04697493,-1.017267,0.5084742,-0.5036263,0.4952346,0.492501,
1,3,6.921,0.2657774,0.04697493,-1.017267,0.5084742,-0.5036263,0.4952346,0.492501,
1,3,6.923,0.2657774,0.04697493,-1.017267,0.5084742,-0.5036263,0.4952346,0.492501,
1,3,6.925,0.2657774,0.04697493,-1.017267,0.5084742,-0.5036263,0.4952346,0.492501,
1,3,6.927,0.2657878,0.04698538,-1.017259,0.5084901,-0.5036165,0.4952432,0.4924859,
1,3,6.929,0.2657878,0.04698538,-1.017259,0.5084901,-0.5036165,0.4952432,0.4924859,
1,3,6.931,0.2657878,0.04698538,-1.017259,0.5084901,-0.5036165,0.4952432,0.4924859,
1,3,6.933,0.2657878,0.04698538,-1.017259,0.5084901,-0.5036165,0.4952432,0.4924859,
1,3,6.935,0.2657681,0.04697758,-1.017272,0.508495,-0.5036208,0.4952309,0.4924891,
1,3,6.937,0.2657681,0.04697758,-1.017272,0.508495,-0.5036208,0.4952309,0.4924891,
1,3,6.939,0.2657681,0.04697758,-1.017272,0.508495,-0.5036208,0.4952309,0.4924891,
1,3,6.941,0.2657681,0.04697758,-1.017272,0.508495,-0.5036208,0.4952309,0.4924891,
1,3,6.943,0.2657697,0.04697848,-1.017258,0.5084668,-0.503598,0.4952586,0.4925134,
1,3,6.945,0.2657697,0.04697848,-1.017258,0.5084668,-0.503598,0.4952586,0.4925134,
1,3,6.947,0.2657697,0.04697848,-1.017258,0.5084668,-0.503598,0.4952586,0.4925134,
1,3,6.949,0.2657697,0.04697848,-1.017258,0.5084668,-0.503598,0.4952586,0.4925134,
1,3,6.951,0.2657808,0.04697828,-1.017244,0.5084425,-0.5036072,0.4952688,0.492519,
1,3,6.953,0.2657808,0.04697828,-1.017244,0.5084425,-0.5036072,0.4952688,0.492519,
1,3,6.955,0.2657808,0.04697828,-1.017244,0.5084425,-0.5036072,0.4952688,0.492519,
1,3,6.957,0.2657808,0.04697828,-1.017244,0.5084425,-0.5036072,0.4952688,0.492519,
1,3,6.959,0.2657784,0.0469541,-1.017247,0.5084742,-0.5036432,0.4952306,0.4924877,
1,3,6.961,0.2657784,0.0469541,-1.017247,0.5084742,-0.5036432,0.4952306,0.4924877,
1,3,6.963,0.2657784,0.0469541,-1.017247,0.5084742,-0.5036432,0.4952306,0.4924877,
1,3,6.965,0.2657784,0.0469541,-1.017247,0.5084742,-0.5036432,0.4952306,0.4924877,
1,3,6.967,0.2657784,0.0469541,-1.017247,0.5084742,-0.5036432,0.4952306,0.4924877,
1,3,6.969,0.2657677,0.04694502,-1.017237,0.5084402,-0.5036414,0.4952414,0.492514,
1,3,6.971,0.2657677,0.04694502,-1.017237,0.5084402,-0.5036414,0.4952414,0.492514,
1,3,6.973,0.2657677,0.04694502,-1.017237,0.5084402,-0.5036414,0.4952414,0.492514,
1,3,6.975,0.2657677,0.04694502,-1.017237,0.5084402,-0.5036414,0.4952414,0.492514,
1,3,6.977,0.2657663,0.0469265,-1.01726,0.5084439,-0.5036398,0.4952309,0.4925224,
1,3,6.979,0.2657663,0.0469265,-1.01726,0.5084439,-0.5036398,0.4952309,0.4925224,
1,3,6.981,0.2657663,0.0469265,-1.01726,0.5084439,-0.5036398,0.4952309,0.4925224,
1,3,6.983,0.2657663,0.0469265,-1.01726,0.5084439,-0.5036398,0.4952309,0.4925224,
1,3,6.985,0.265782,0.04693948,-1.017252,0.5084467,-0.5036387,0.4952377,0.4925136,
1,3,6.987,0.265782,0.04693948,-1.017252,0.5084467,-0.5036387,0.4952377,0.4925136,
1,3,6.989,0.265782,0.04693948,-1.017252,0.5084467,-0.5036387,0.4952377,0.4925136,
1,3,6.991,0.265782,0.04693948,-1.017252,0.5084467,-0.5036387,0.4952377,0.4925136,
1,3,6.993,0.2657799,0.04696416,-1.017252,0.5084729,-0.5036325,0.4952427,0.4924881,
1,3,6.995,0.2657799,0.04696416,-1.017252,0.5084729,-0.5036325,0.4952427,0.4924881,
1,3,6.997,0.2657799,0.04696416,-1.017252,0.5084729,-0.5036325,0.4952427,0.4924881,
1,3,6.999,0.2657799,0.04696416,-1.017252,0.5084729,-0.5036325,0.4952427,0.4924881,
1,3,7.001,0.2657759,0.04697305,-1.017244,0.5084704,-0.503627,0.4952481,0.4924907,
1,3,7.003,0.2657759,0.04697305,-1.017244,0.5084704,-0.503627,0.4952481,0.4924907,
1,3,7.005,0.2657759,0.04697305,-1.017244,0.5084704,-0.503627,0.4952481,0.4924907,
1,3,7.007,0.2657759,0.04697305,-1.017244,0.5084704,-0.503627,0.4952481,0.4924907,
1,3,7.009,0.2657825,0.04698692,-1.017257,0.5084878,-0.50361,0.4952495,0.4924888,
1,3,7.011,0.2657825,0.04698692,-1.017257,0.5084878,-0.50361,0.4952495,0.4924888,
1,3,7.013,0.2657825,0.04698692,-1.017257,0.5084878,-0.50361,0.4952495,0.4924888,
1,3,7.015,0.2657825,0.04698692,-1.017257,0.5084878,-0.50361,0.4952495,0.4924888,
1,3,7.017,0.2657825,0.04698692,-1.017257,0.5084878,-0.50361,0.4952495,0.4924888,
1,3,7.019,0.2657816,0.04698059,-1.017246,0.5084705,-0.5036218,0.4952457,0.4924981,
1,3,7.021,0.2657816,0.04698059,-1.017246,0.5084705,-0.5036218,0.4952457,0.4924981,
1,3,7.023,0.2657816,0.04698059,-1.017246,0.5084705,-0.5036218,0.4952457,0.4924981,
1,3,7.025,0.2657816,0.04698059,-1.017246,0.5084705,-0.5036218,0.4952457,0.4924981,
1,3,7.027,0.2657912,0.04694974,-1.017249,0.5084571,-0.5036445,0.4952344,0.4925003,
1,3,7.029,0.2657912,0.04694974,-1.017249,0.5084571,-0.5036445,0.4952344,0.4925003,
1,3,7.031,0.2657912,0.04694974,-1.017249,0.5084571,-0.5036445,0.4952344,0.4925003,
1,3,7.033,0.2657912,0.04694974,-1.017249,0.5084571,-0.5036445,0.4952344,0.4925003,
1,3,7.035,0.2657895,0.04696491,-1.017274,0.5084817,-0.5036229,0.4952294,0.4925019,
1,3,7.037,0.2657895,0.04696491,-1.017274,0.5084817,-0.5036229,0.4952294,0.4925019,
1,3,7.039,0.2657895,0.04696491,-1.017274,0.5084817,-0.5036229,0.4952294,0.4925019,
1,3,7.041,0.2657895,0.04696491,-1.017274,0.5084817,-0.5036229,0.4952294,0.4925019,
1,3,7.043,0.2657833,0.0469511,-1.017281,0.5084817,-0.5036389,0.4952134,0.4925018,
1,3,7.045,0.2657833,0.0469511,-1.017281,0.5084817,-0.5036389,0.4952134,0.4925018,
1,3,7.047,0.2657833,0.0469511,-1.017281,0.5084817,-0.5036389,0.4952134,0.4925018,
1,3,7.049,0.2657833,0.0469511,-1.017281,0.5084817,-0.5036389,0.4952134,0.4925018,
1,3,7.051,0.2657732,0.04695271,-1.01728,0.5084884,-0.5036304,0.4952163,0.4925006,
1,3,7.053,0.2657732,0.04695271,-1.01728,0.5084884,-0.5036304,0.4952163,0.4925006,
1,3,7.055,0.2657732,0.04695271,-1.01728,0.5084884,-0.5036304,0.4952163,0.4925006,
1,3,7.057,0.2657732,0.04695271,-1.01728,0.5084884,-0.5036304,0.4952163,0.4925006,
1,3,7.059,0.2657933,0.04699155,-1.017266,0.5084931,-0.5036242,0.4952295,0.4924888,
1,3,7.061,0.2657933,0.04699155,-1.017266,0.5084931,-0.5036242,0.4952295,0.4924888,
1,3,7.063,0.2657933,0.04699155,-1.017266,0.5084931,-0.5036242,0.4952295,0.4924888,
1,3,7.065,0.2657933,0.04699155,-1.017266,0.5084931,-0.5036242,0.4952295,0.4924888,
1,3,7.067,0.2657933,0.04699155,-1.017266,0.5084931,-0.5036242,0.4952295,0.4924888,
1,3,7.069,0.2657859,0.04698238,-1.017257,0.508475,-0.5036294,0.4952401,0.4924915,
1,3,7.071,0.2657859,0.04698238,-1.017257,0.508475,-0.5036294,0.4952401,0.4924915,
1,3,7.073,0.2657859,0.04698238,-1.017257,0.508475,-0.5036294,0.4952401,0.4924915,
1,3,7.075,0.2657859,0.04698238,-1.017257,0.508475,-0.5036294,0.4952401,0.4924915,
1,3,7.077,0.2657869,0.04695856,-1.017255,0.5084538,-0.5036271,0.4952418,0.4925141,
1,3,7.079,0.2657869,0.04695856,-1.017255,0.5084538,-0.5036271,0.4952418,0.4925141,
1,3,7.081,0.2657869,0.04695856,-1.017255,0.5084538,-0.5036271,0.4952418,0.4925141,
1,3,7.083,0.2657869,0.04695856,-1.017255,0.5084538,-0.5036271,0.4952418,0.4925141,
1,3,7.085,0.265792,0.0469393,-1.017284,0.5084754,-0.5036373,0.4952032,0.4925203,
1,3,7.087,0.265792,0.0469393,-1.017284,0.5084754,-0.5036373,0.4952032,0.4925203,
1,3,7.089,0.265792,0.0469393,-1.017284,0.5084754,-0.5036373,0.4952032,0.4925203,
1,3,7.091,0.265792,0.0469393,-1.017284,0.5084754,-0.5036373,0.4952032,0.4925203,
1,3,7.093,0.2657794,0.04697967,-1.017262,0.5084739,-0.5036107,0.4952492,0.4925026,
1,3,7.095,0.2657794,0.04697967,-1.017262,0.5084739,-0.5036107,0.4952492,0.4925026,
1,3,7.097,0.2657794,0.04697967,-1.017262,0.5084739,-0.5036107,0.4952492,0.4925026,
1,3,7.099,0.2657794,0.04697967,-1.017262,0.5084739,-0.5036107,0.4952492,0.4925026,
1,3,7.101,0.2657934,0.04695566,-1.017274,0.5084689,-0.5036246,0.495226,0.4925169,
1,3,7.103,0.2657934,0.04695566,-1.017274,0.5084689,-0.5036246,0.495226,0.4925169,
1,3,7.105,0.2657934,0.04695566,-1.017274,0.5084689,-0.5036246,0.495226,0.4925169,
1,3,7.107,0.2657934,0.04695566,-1.017274,0.5084689,-0.5036246,0.495226,0.4925169,
1,3,7.109,0.2657938,0.04696093,-1.017274,0.5084857,-0.5036373,0.4952193,0.4924934,
1,3,7.111,0.2657938,0.04696093,-1.017274,0.5084857,-0.5036373,0.4952193,0.4924934,
1,3,7.113,0.2657938,0.04696093,-1.017274,0.5084857,-0.5036373,0.4952193,0.4924934,
1,3,7.115,0.2657938,0.04696093,-1.017274,0.5084857,-0.5036373,0.4952193,0.4924934,
1,3,7.117,0.2657938,0.04696093,-1.017274,0.5084857,-0.5036373,0.4952193,0.4924934,
1,3,7.119,0.2657781,0.04696089,-1.017261,0.5084548,-0.5036272,0.4952447,0.4925101,
1,3,7.121,0.2657781,0.04696089,-1.017261,0.5084548,-0.5036272,0.4952447,0.4925101,
1,3,7.123,0.2657781,0.04696089,-1.017261,0.5084548,-0.5036272,0.4952447,0.4925101,
1,3,7.125,0.2657781,0.04696089,-1.017261,0.5084548,-0.5036272,0.4952447,0.4925101,
1,3,7.127,0.2657776,0.04696184,-1.017266,0.508478,-0.5036274,0.4952275,0.4925031,
1,3,7.129,0.2657776,0.04696184,-1.017266,0.508478,-0.5036274,0.4952275,0.4925031,
1,3,7.131,0.2657776,0.04696184,-1.017266,0.508478,-0.5036274,0.4952275,0.4925031,
1,3,7.133,0.2657776,0.04696184,-1.017266,0.508478,-0.5036274,0.4952275,0.4925031,
1,3,7.135,0.2657782,0.04695351,-1.01726,0.5084776,-0.5036457,0.4952145,0.4924981,
1,3,7.137,0.2657782,0.04695351,-1.01726,0.5084776,-0.5036457,0.4952145,0.4924981,
1,3,7.139,0.2657782,0.04695351,-1.01726,0.5084776,-0.5036457,0.4952145,0.4924981,
1,3,7.141,0.2657782,0.04695351,-1.01726,0.5084776,-0.5036457,0.4952145,0.4924981,
1,3,7.143,0.2657748,0.04690797,-1.01726,0.5084487,-0.5036716,0.4951945,0.4925215,
1,3,7.145,0.2657748,0.04690797,-1.01726,0.5084487,-0.5036716,0.4951945,0.4925215,
1,3,7.147,0.2657748,0.04690797,-1.01726,0.5084487,-0.5036716,0.4951945,0.4925215,
1,3,7.149,0.2657748,0.04690797,-1.01726,0.5084487,-0.5036716,0.4951945,0.4925215,
1,3,7.151,0.2657731,0.04695084,-1.017268,0.5084585,-0.5036344,0.495225,0.4925187,
1,3,7.153,0.2657731,0.04695084,-1.017268,0.5084585,-0.5036344,0.495225,0.4925187,
1,3,7.155,0.2657731,0.04695084,-1.017268,0.5084585,-0.5036344,0.495225,0.4925187,
1,3,7.157,0.2657731,0.04695084,-1.017268,0.5084585,-0.5036344,0.495225,0.4925187,
1,3,7.159,0.2657891,0.04696739,-1.017288,0.5084772,-0.5036067,0.4952305,0.4925221,
1,3,7.161,0.2657891,0.04696739,-1.017288,0.5084772,-0.5036067,0.4952305,0.4925221,
1,3,7.163,0.2657891,0.04696739,-1.017288,0.5084772,-0.5036067,0.4952305,0.4925221,
1,3,7.165,0.2657891,0.04696739,-1.017288,0.5084772,-0.5036067,0.4952305,0.4925221,
1,3,7.167,0.2657891,0.04696739,-1.017288,0.5084772,-0.5036067,0.4952305,0.4925221,
1,3,7.169,0.2657709,0.04695241,-1.017284,0.5084727,-0.5036207,0.4952236,0.4925194,
1,3,7.171,0.2657709,0.04695241,-1.017284,0.5084727,-0.5036207,0.4952236,0.4925194,
1,3,7.173,0.2657709,0.04695241,-1.017284,0.5084727,-0.5036207,0.4952236,0.4925194,
1,3,7.175,0.2657709,0.04695241,-1.017284,0.5084727,-0.5036207,0.4952236,0.4925194,
1,3,7.177,0.2657815,0.0469442,-1.017283,0.5084607,-0.5036372,0.4952087,0.4925299,
1,3,7.179,0.2657815,0.0469442,-1.017283,0.5084607,-0.5036372,0.4952087,0.4925299,
1,3,7.181,0.2657815,0.0469442,-1.017283,0.5084607,-0.5036372,0.4952087,0.4925299,CourtEnter
1,3,7.183,0.2657815,0.0469442,-1.017283,0.5084607,-0.5036372,0.4952087,0.4925299,
1,3,7.185,0.2657748,0.04692838,-1.017282,0.5084569,-0.50364,0.4952176,0.4925219,
1,3,7.187,0.2657748,0.04692838,-1.017282,0.5084569,-0.50364,0.4952176,0.4925219,
1,3,7.189,0.2657748,0.04692838,-1.017282,0.5084569,-0.50364,0.4952176,0.4925219,CourtExit
1,3,7.191,0.2657748,0.04692838,-1.017282,0.5084569,-0.50364,0.4952176,0.4925219,
1,3,7.193,0.2657773,0.04692454,-1.017283,0.5084731,-0.5036417,0.4952018,0.4925193,
1,3,7.195,0.2657773,0.04692454,-1.017283,0.5084731,-0.5036417,0.4952018,0.4925193,
1,3,7.197,0.2657773,0.04692454,-1.017283,0.5084731,-0.5036417,0.4952018,0.4925193,
1,3,7.199,0.2657773,0.04692454,-1.017283,0.5084731,-0.5036417,0.4952018,0.4925193,
1,3,7.201,0.2657785,0.04693366,-1.017282,0.5084651,-0.503627,0.4952147,0.4925298,
1,3,7.203,0.2657785,0.04693366,-1.017282,0.5084651,-0.503627,0.4952147,0.4925298,
1,3,7.205,0.2657785,0.04693366,-1.017282,0.5084651,-0.503627,0.4952147,0.4925298,
1,3,7.207,0.2657785,0.04693366,-1.017282,0.5084651,-0.503627,0.4952147,0.4925298,
1,3,7.209,0.2657748,0.0469382,-1.017288,0.508467,-0.5036193,0.4952188,0.4925316,
1,3,7.211,0.2657748,0.0469382,-1.017288,0.508467,-0.5036193,0.4952188,0.4925316,
1,3,7.213,0.2657748,0.0469382,-1.017288,0.508467,-0.5036193,0.4952188,0.4925316,
1,3,7.215,0.2657748,0.0469382,-1.017288,0.508467,-0.5036193,0.4952188,0.4925316,
1,3,7.217,0.2657748,0.0469382,-1.017288,0.508467,-0.5036193,0.4952188,0.4925316,
1,3,7.219,0.2657766,0.04694626,-1.017291,0.508457,-0.5036133,0.4952216,0.4925451,
1,3,7.221,0.2657766,0.04694626,-1.017291,0.508457,-0.5036133,0.4952216,0.4925451,
1,3,7.223,0.2657766,0.04694626,-1.017291,0.508457,-0.5036133,0.4952216,0.4925451,
1,3,7.225,0.2657766,0.04694626,-1.017291,0.508457,-0.5036133,0.4952216,0.4925451,
1,3,7.227,0.2657712,0.04694606,-1.017274,0.5084652,-0.5036196,0.4952284,0.4925236,
1,3,7.229,0.2657712,0.04694606,-1.017274,0.5084652,-0.5036196,0.4952284,0.4925236,
1,3,7.231,0.2657712,0.04694606,-1.017274,0.5084652,-0.5036196,0.4952284,0.4925236,
1,3,7.233,0.2657712,0.04694606,-1.017274,0.5084652,-0.5036196,0.4952284,0.4925236,
1,3,7.235,0.2657656,0.04694163,-1.017262,0.5084518,-0.5036299,0.4952357,0.4925195,
1,3,7.237,0.2657656,0.04694163,-1.017262,0.5084518,-0.5036299,0.4952357,0.4925195,
1,3,7.239,0.2657656,0.04694163,-1.017262,0.5084518,-0.5036299,0.4952357,0.4925195,
1,3,7.241,0.2657656,0.04694163,-1.017262,0.5084518,-0.5036299,0.4952357,0.4925195,
1,3,7.243,0.2657732,0.04691479,-1.017276,0.5084562,-0.5036305,0.4952123,0.4925379,
1,3,7.245,0.2657732,0.04691479,-1.017276,0.5084562,-0.5036305,0.4952123,0.4925379,
1,3,7.247,0.2657732,0.04691479,-1.017276,0.5084562,-0.5036305,0.4952123,0.4925379,
1,3,7.249,0.2657732,0.04691479,-1.017276,0.5084562,-0.5036305,0.4952123,0.4925379,
1,3,7.251,0.2657716,0.04690829,-1.017301,0.5084689,-0.50363,0.4951991,0.4925385,
1,3,7.253,0.2657716,0.04690829,-1.017301,0.5084689,-0.50363,0.4951991,0.4925385,
1,3,7.255,0.2657716,0.04690829,-1.017301,0.5084689,-0.50363,0.4951991,0.4925385,
1,3,7.257,0.2657716,0.04690829,-1.017301,0.5084689,-0.50363,0.4951991,0.4925385,
1,3,7.259,0.265772,0.04691712,-1.017272,0.5084502,-0.5036448,0.4952103,0.4925314,
1,3,7.261,0.265772,0.04691712,-1.017272,0.5084502,-0.5036448,0.4952103,0.4925314,
1,3,7.263,0.265772,0.04691712,-1.017272,0.5084502,-0.5036448,0.4952103,0.4925314,
1,3,7.265,0.265772,0.04691712,-1.017272,0.5084502,-0.5036448,0.4952103,0.4925314,
1,3,7.267,0.265772,0.04691712,-1.017272,0.5084502,-0.5036448,0.4952103,0.4925314,
1,3,7.269,0.2657736,0.04696493,-1.017259,0.5084671,-0.5036302,0.4952332,0.4925058,
1,3,7.271,0.2657736,0.04696493,-1.017259,0.5084671,-0.5036302,0.4952332,0.4925058,
1,3,7.273,0.2657736,0.04696493,-1.017259,0.5084671,-0.5036302,0.4952332,0.4925058,
1,3,7.275,0.2657736,0.04696493,-1.017259,0.5084671,-0.5036302,0.4952332,0.4925058,
1,3,7.277,0.2657834,0.0469564,-1.017272,0.5084713,-0.503623,0.49523,0.4925119,
1,3,7.279,0.2657834,0.0469564,-1.017272,0.5084713,-0.503623,0.49523,0.4925119,
1,3,7.281,0.2657834,0.0469564,-1.017272,0.5084713,-0.503623,0.49523,0.4925119,
1,3,7.283,0.2657834,0.0469564,-1.017272,0.5084713,-0.503623,0.49523,0.4925119,
1,3,7.285,0.2657757,0.04694912,-1.017277,0.5084732,-0.5036373,0.4952152,0.4925103,
1,3,7.287,0.2657757,0.04694912,-1.017277,0.5084732,-0.5036373,0.4952152,0.4925103,
1,3,7.289,0.2657757,0.04694912,-1.017277,0.5084732,-0.5036373,0.4952152,0.4925103,
1,3,7.291,0.2657757,0.04694912,-1.017277,0.5084732,-0.5036373,0.4952152,0.4925103,
1,3,7.293,0.2657809,0.04695025,-1.01728,0.5084604,-0.5036275,0.4952272,0.4925215,
1,3,7.295,0.2657809,0.04695025,-1.01728,0.5084604,-0.5036275,0.4952272,0.4925215,
1,3,7.297,0.2657809,0.04695025,-1.01728,0.5084604,-0.5036275,0.4952272,0.4925215,
1,3,7.299,0.2657809,0.04695025,-1.01728,0.5084604,-0.5036275,0.4952272,0.4925215,
1,3,7.301,0.2657794,0.04693844,-1.017268,0.508453,-0.503637,0.4952175,0.4925291,
1,3,7.303,0.2657794,0.04693844,-1.017268,0.508453,-0.503637,0.4952175,0.4925291,
1,3,7.305,0.2657794,0.04693844,-1.017268,0.508453,-0.503637,0.4952175,0.4925291,
1,3,7.307,0.2657794,0.04693844,-1.017268,0.508453,-0.503637,0.4952175,0.4925291,
1,3,7.309,0.2657942,0.04692826,-1.01729,0.5084657,-0.503632,0.4952095,0.4925292,
1,3,7.311,0.2657942,0.04692826,-1.01729,0.5084657,-0.503632,0.4952095,0.4925292,
1,3,7.313,0.2657942,0.04692826,-1.01729,0.5084657,-0.503632,0.4952095,0.4925292,
1,3,7.315,0.2657942,0.04692826,-1.01729,0.5084657,-0.503632,0.4952095,0.4925292,
1,3,7.317,0.2657942,0.04692826,-1.01729,0.5084657,-0.503632,0.4952095,0.4925292,
1,3,7.319,0.2657873,0.04695557,-1.017254,0.5084812,-0.5036526,0.4952073,0.4924944,
1,3,7.321,0.2657873,0.04695557,-1.017254,0.5084812,-0.5036526,0.4952073,0.4924944,
1,3,7.323,0.2657873,0.04695557,-1.017254,0.5084812,-0.5036526,0.4952073,0.4924944,
1,3,7.325,0.2657873,0.04695557,-1.017254,0.5084812,-0.5036526,0.4952073,0.4924944,
1,3,7.327,0.2657815,0.04692704,-1.017267,0.5084902,-0.5036762,0.4951805,0.4924878,
1,3,7.329,0.2657815,0.04692704,-1.017267,0.5084902,-0.5036762,0.4951805,0.4924878,
1,3,7.331,0.2657815,0.04692704,-1.017267,0.5084902,-0.5036762,0.4951805,0.4924878,
1,3,7.333,0.2657815,0.04692704,-1.017267,0.5084902,-0.5036762,0.4951805,0.4924878,
1,3,7.335,0.2657897,0.0469145,-1.017279,0.5084856,-0.5036733,0.4951732,0.4925028,
1,3,7.337,0.2657897,0.0469145,-1.017279,0.5084856,-0.5036733,0.4951732,0.4925028,
1,3,7.339,0.2657897,0.0469145,-1.017279,0.5084856,-0.5036733,0.4951732,0.4925028,
1,3,7.341,0.2657897,0.0469145,-1.017279,0.5084856,-0.5036733,0.4951732,0.4925028,
1,3,7.343,0.2657892,0.04696703,-1.017264,0.5084975,-0.503658,0.4951993,0.4924801,
1,3,7.345,0.2657892,0.04696703,-1.017264,0.5084975,-0.503658,0.4951993,0.4924801,
1,3,7.347,0.2657892,0.04696703,-1.017264,0.5084975,-0.503658,0.4951993,0.4924801,
1,3,7.349,0.2657892,0.04696703,-1.017264,0.5084975,-0.503658,0.4951993,0.4924801,
1,3,7.351,0.2657724,0.04696321,-1.017266,0.508495,-0.5036444,0.4952029,0.4924929,
1,3,7.353,0.2657724,0.04696321,-1.017266,0.508495,-0.5036444,0.4952029,0.4924929,
1,3,7.355,0.2657724,0.04696321,-1.017266,0.508495,-0.5036444,0.4952029,0.4924929,
1,3,7.357,0.2657724,0.04696321,-1.017266,0.508495,-0.5036444,0.4952029,0.4924929,
1,3,7.359,0.2657741,0.04694551,-1.017264,0.5084578,-0.5036345,0.4952238,0.4925204,
1,3,7.361,0.2657741,0.04694551,-1.017264,0.5084578,-0.5036345,0.4952238,0.4925204,
1,3,7.363,0.2657741,0.04694551,-1.017264,0.5084578,-0.5036345,0.4952238,0.4925204,
1,3,7.365,0.2657741,0.04694551,-1.017264,0.5084578,-0.5036345,0.4952238,0.4925204,
1,3,7.367,0.2657741,0.04694551,-1.017264,0.5084578,-0.5036345,0.4952238,0.4925204,
1,3,7.369,0.2657713,0.04695739,-1.017284,0.5084761,-0.503633,0.4952178,0.4925092,
1,3,7.371,0.2657713,0.04695739,-1.017284,0.5084761,-0.503633,0.4952178,0.4925092,
1,3,7.373,0.2657713,0.04695739,-1.017284,0.5084761,-0.503633,0.4952178,0.4925092,
1,3,7.375,0.2657713,0.04695739,-1.017284,0.5084761,-0.503633,0.4952178,0.4925092,
1,3,7.377,0.2657679,0.04691982,-1.017269,0.508446,-0.5036519,0.4952094,0.4925293,
1,3,7.379,0.2657679,0.04691982,-1.017269,0.508446,-0.5036519,0.4952094,0.4925293,
1,3,7.381,0.2657679,0.04691982,-1.017269,0.508446,-0.5036519,0.4952094,0.4925293,
1,3,7.383,0.2657679,0.04691982,-1.017269,0.508446,-0.5036519,0.4952094,0.4925293,
1,3,7.385,0.2657638,0.04693446,-1.017255,0.5084536,-0.5036337,0.4952361,0.4925133,
1,3,7.387,0.2657638,0.04693446,-1.017255,0.5084536,-0.5036337,0.4952361,0.4925133,
1,3,7.389,0.2657638,0.04693446,-1.017255,0.5084536,-0.5036337,0.4952361,0.4925133,
1,3,7.391,0.2657638,0.04693446,-1.017255,0.5084536,-0.5036337,0.4952361,0.4925133,
1,3,7.393,0.2657651,0.04694446,-1.017249,0.5084716,-0.5036365,0.4952292,0.4924986,
1,3,7.395,0.2657651,0.04694446,-1.017249,0.5084716,-0.5036365,0.4952292,0.4924986,
1,3,7.397,0.2657651,0.04694446,-1.017249,0.5084716,-0.5036365,0.4952292,0.4924986,
1,3,7.399,0.2657651,0.04694446,-1.017249,0.5084716,-0.5036365,0.4952292,0.4924986,
1,3,7.401,0.2657634,0.04692476,-1.01727,0.5084649,-0.5036389,0.4952086,0.4925239,
1,3,7.403,0.2657634,0.04692476,-1.01727,0.5084649,-0.5036389,0.4952086,0.4925239,
1,3,7.405,0.2657634,0.04692476,-1.01727,0.5084649,-0.5036389,0.4952086,0.4925239,
1,3,7.407,0.2657634,0.04692476,-1.01727,0.5084649,-0.5036389,0.4952086,0.4925239,
1,3,7.409,0.2657612,0.04691242,-1.017282,0.5084413,-0.5036371,0.4952059,0.4925528,
1,3,7.411,0.2657612,0.04691242,-1.017282,0.5084413,-0.5036371,0.4952059,0.4925528,
1,3,7.413,0.2657612,0.04691242,-1.017282,0.5084413,-0.5036371,0.4952059,0.4925528,
1,3,7.415,0.2657612,0.04691242,-1.017282,0.5084413,-0.5036371,0.4952059,0.4925528,
1,3,7.417,0.2657612,0.04691242,-1.017282,0.5084413,-0.5036371,0.4952059,0.4925528,
1,3,7.419,0.2657642,0.04689053,-1.017292,0.5084621,-0.5036649,0.4951763,0.4925328,
1,3,7.421,0.2657642,0.04689053,-1.017292,0.5084621,-0.5036649,0.4951763,0.4925328,
1,3,7.423,0.2657642,0.04689053,-1.017292,0.5084621,-0.5036649,0.4951763,0.4925328,
1,3,7.425,0.2657642,0.04689053,-1.017292,0.5084621,-0.5036649,0.4951763,0.4925328,
1,3,7.427,0.265766,0.04688561,-1.017295,0.5084485,-0.5036521,0.495185,0.492551,
1,3,7.429,0.265766,0.04688561,-1.017295,0.5084485,-0.5036521,0.495185,0.492551,
1,3,7.431,0.265766,0.04688561,-1.017295,0.5084485,-0.5036521,0.495185,0.492551,
1,3,7.433,0.265766,0.04688561,-1.017295,0.5084485,-0.5036521,0.495185,0.492551,
1,3,7.435,0.2657604,0.04692417,-1.017281,0.508457,-0.5036365,0.4952076,0.4925357,
1,3,7.437,0.2657604,0.04692417,-1.017281,0.508457,-0.5036365,0.4952076,0.4925357,
1,3,7.439,0.2657604,0.04692417,-1.017281,0.508457,-0.5036365,0.4952076,0.4925357,
1,3,7.441,0.2657604,0.04692417,-1.017281,0.508457,-0.5036365,0.4952076,0.4925357,
1,3,7.443,0.2657663,0.04693419,-1.017268,0.5084634,-0.5036424,0.4952112,0.4925192,
1,3,7.445,0.2657663,0.04693419,-1.017268,0.5084634,-0.5036424,0.4952112,0.4925192,
1,3,7.447,0.2657663,0.04693419,-1.017268,0.5084634,-0.5036424,0.4952112,0.4925192,
1,3,7.449,0.2657663,0.04693419,-1.017268,0.5084634,-0.5036424,0.4952112,0.4925192,
1,3,7.451,0.2657782,0.04693958,-1.017285,0.5084905,-0.5036617,0.4951797,0.4925032,
1,3,7.453,0.2657782,0.04693958,-1.017285,0.5084905,-0.5036617,0.4951797,0.4925032,
1,3,7.455,0.2657782,0.04693958,-1.017285,0.5084905,-0.5036617,0.4951797,0.4925032,
1,3,7.457,0.2657782,0.04693958,-1.017285,0.5084905,-0.5036617,0.4951797,0.4925032,
1,3,7.459,0.2657841,0.04693399,-1.017256,0.5084708,-0.5036761,0.4951956,0.4924929,
1,3,7.461,0.2657841,0.04693399,-1.017256,0.5084708,-0.5036761,0.4951956,0.4924929,
1,3,7.463,0.2657841,0.04693399,-1.017256,0.5084708,-0.5036761,0.4951956,0.4924929,
1,3,7.465,0.2657841,0.04693399,-1.017256,0.5084708,-0.5036761,0.4951956,0.4924929,
1,3,7.467,0.2657841,0.04693399,-1.017256,0.5084708,-0.5036761,0.4951956,0.4924929,
1,3,7.469,0.2657781,0.04698142,-1.017262,0.5084956,-0.5036546,0.4952083,0.4924766,
1,3,7.471,0.2657781,0.04698142,-1.017262,0.5084956,-0.5036546,0.4952083,0.4924766,
1,3,7.473,0.2657781,0.04698142,-1.017262,0.5084956,-0.5036546,0.4952083,0.4924766,
1,3,7.475,0.2657781,0.04698142,-1.017262,0.5084956,-0.5036546,0.4952083,0.4924766,
1,3,7.477,0.2657794,0.04698182,-1.01723,0.5084739,-0.5036505,0.4952332,0.4924779,
1,3,7.479,0.2657794,0.04698182,-1.01723,0.5084739,-0.5036505,0.4952332,0.4924779,
1,3,7.481,0.2657794,0.04698182,-1.01723,0.5084739,-0.5036505,0.4952332,0.4924779,
1,3,7.483,0.2657794,0.04698182,-1.01723,0.5084739,-0.5036505,0.4952332,0.4924779,
1,3,7.485,0.2657854,0.04694438,-1.017231,0.5084661,-0.5036747,0.4952075,0.4924872,
1,3,7.487,0.2657854,0.04694438,-1.017231,0.5084661,-0.5036747,0.4952075,0.4924872,
1,3,7.489,0.2657854,0.04694438,-1.017231,0.5084661,-0.5036747,0.4952075,0.4924872,
1,3,7.491,0.2657854,0.04694438,-1.017231,0.5084661,-0.5036747,0.4952075,0.4924872,
1,3,7.493,0.2657846,0.0469635,-1.017256,0.5084907,-0.5036517,0.4952067,0.4924861,
1,3,7.495,0.2657846,0.0469635,-1.017256,0.5084907,-0.5036517,0.4952067,0.4924861,
1,3,7.497,0.2657846,0.0469635,-1.017256,0.5084907,-0.5036517,0.4952067,0.4924861,
1,3,7.499,0.2657846,0.0469635,-1.017256,0.5084907,-0.5036517,0.4952067,0.4924861,
1,3,7.501,0.2657837,0.04693881,-1.017245,0.5084721,-0.503679,0.4951972,0.4924869,
1,3,7.503,0.2657837,0.04693881,-1.017245,0.5084721,-0.503679,0.4951972,0.4924869,
1,3,7.505,0.2657837,0.04693881,-1.017245,0.5084721,-0.503679,0.4951972,0.4924869,
1,3,7.507,0.2657837,0.04693881,-1.017245,0.5084721,-0.503679,0.4951972,0.4924869,
1,3,7.509,0.265782,0.04694769,-1.017233,0.5084823,-0.503683,0.4951988,0.4924707,
1,3,7.511,0.265782,0.04694769,-1.017233,0.5084823,-0.503683,0.4951988,0.4924707,
1,3,7.513,0.265782,0.04694769,-1.017233,0.5084823,-0.503683,0.4951988,0.4924707,
1,3,7.515,0.265782,0.04694769,-1.017233,0.5084823,-0.503683,0.4951988,0.4924707,
1,3,7.517,0.265782,0.04694769,-1.017233,0.5084823,-0.503683,0.4951988,0.4924707,
1,3,7.519,0.2657862,0.04695319,-1.017242,0.5084801,-0.5036803,0.495198,0.4924766,
1,3,7.521,0.2657862,0.04695319,-1.017242,0.5084801,-0.5036803,0.495198,0.4924766,
1,3,7.523,0.2657862,0.04695319,-1.017242,0.5084801,-0.5036803,0.495198,0.4924766,
1,3,7.525,0.2657862,0.04695319,-1.017242,0.5084801,-0.5036803,0.495198,0.4924766,
1,3,7.527,0.2657761,0.04693296,-1.017246,0.5084954,-0.5036957,0.4951761,0.4924671,
1,3,7.529,0.2657761,0.04693296,-1.017246,0.5084954,-0.5036957,0.4951761,0.4924671,
1,3,7.531,0.2657761,0.04693296,-1.017246,0.5084954,-0.5036957,0.4951761,0.4924671,
1,3,7.533,0.2657761,0.04693296,-1.017246,0.5084954,-0.5036957,0.4951761,0.4924671,
1,3,7.535,0.2657805,0.04695656,-1.017225,0.5084704,-0.5036725,0.4952145,0.492478,
1,3,7.537,0.2657805,0.04695656,-1.017225,0.5084704,-0.5036725,0.4952145,0.492478,
1,3,7.539,0.2657805,0.04695656,-1.017225,0.5084704,-0.5036725,0.4952145,0.492478,
1,3,7.541,0.2657805,0.04695656,-1.017225,0.5084704,-0.5036725,0.4952145,0.492478,
1,3,7.543,0.2657799,0.04695927,-1.017245,0.5084693,-0.5036448,0.4952278,0.492494,
1,3,7.545,0.2657799,0.04695927,-1.017245,0.5084693,-0.5036448,0.4952278,0.492494,
1,3,7.547,0.2657799,0.04695927,-1.017245,0.5084693,-0.5036448,0.4952278,0.492494,
1,3,7.549,0.2657799,0.04695927,-1.017245,0.5084693,-0.5036448,0.4952278,0.492494,
1,3,7.551,0.2657839,0.04697834,-1.017257,0.5084793,-0.5036258,0.4952271,0.4925038,
1,3,7.553,0.2657839,0.04697834,-1.017257,0.5084793,-0.5036258,0.4952271,0.4925038,
1,3,7.555,0.2657839,0.04697834,-1.017257,0.5084793,-0.5036258,0.4952271,0.4925038,
1,3,7.557,0.2657839,0.04697834,-1.017257,0.5084793,-0.5036258,0.4952271,0.4925038,
1,3,7.559,0.2657879,0.04698948,-1.017261,0.5084971,-0.503636,0.4952159,0.4924861,
1,3,7.561,0.2657879,0.04698948,-1.017261,0.5084971,-0.503636,0.4952159,0.4924861,
1,3,7.563,0.2657879,0.04698948,-1.017261,0.5084971,-0.503636,0.4952159,0.4924861,
1,3,7.565,0.2657879,0.04698948,-1.017261,0.5084971,-0.503636,0.4952159,0.4924861,
1,3,7.567,0.2657879,0.04698948,-1.017261,0.5084971,-0.503636,0.4952159,0.4924861,
1,3,7.569,0.265781,0.04696522,-1.017262,0.5084925,-0.5036489,0.4952123,0.4924816,
1,3,7.571,0.265781,0.04696522,-1.017262,0.5084925,-0.5036489,0.4952123,0.4924816,
1,3,7.573,0.265781,0.04696522,-1.017262,0.5084925,-0.5036489,0.4952123,0.4924816,
1,3,7.575,0.265781,0.04696522,-1.017262,0.5084925,-0.5036489,0.4952123,0.4924816,
1,3,7.577,0.2657889,0.04700208,-1.017274,0.5085002,-0.5036078,0.4952381,0.4924896,
1,3,7.579,0.2657889,0.04700208,-1.017274,0.5085002,-0.5036078,0.4952381,0.4924896,
1,3,7.581,0.2657889,0.04700208,-1.017274,0.5085002,-0.5036078,0.4952381,0.4924896,
1,3,7.583,0.2657889,0.04700208,-1.017274,0.5085002,-0.5036078,0.4952381,0.4924896,
1,3,7.585,0.2657887,0.04696753,-1.017254,0.5084804,-0.5036423,0.4952204,0.4924926,
1,3,7.587,0.2657887,0.04696753,-1.017254,0.5084804,-0.5036423,0.4952204,0.4924926,
1,3,7.589,0.2657887,0.04696753,-1.017254,0.5084804,-0.5036423,0.4952204,0.4924926,
1,3,7.591,0.2657887,0.04696753,-1.017254,0.5084804,-0.5036423,0.4952204,0.4924926,
1,3,7.593,0.2657897,0.04696256,-1.017245,0.5084767,-0.5036569,0.4952178,0.4924841,
1,3,7.595,0.2657897,0.04696256,-1.017245,0.5084767,-0.5036569,0.4952178,0.4924841,
1,3,7.597,0.2657897,0.04696256,-1.017245,0.5084767,-0.5036569,0.4952178,0.4924841,
1,3,7.599,0.2657897,0.04696256,-1.017245,0.5084767,-0.5036569,0.4952178,0.4924841,
1,3,7.601,0.2657818,0.04697767,-1.017228,0.5084487,-0.5036179,0.4952693,0.492501,
1,3,7.603,0.2657818,0.04697767,-1.017228,0.5084487,-0.5036179,0.4952693,0.492501,
1,3,7.605,0.2657818,0.04697767,-1.017228,0.5084487,-0.5036179,0.4952693,0.492501,
1,3,7.607,0.2657818,0.04697767,-1.017228,0.5084487,-0.5036179,0.4952693,0.492501,
1,3,7.609,0.2657942,0.04697699,-1.017271,0.5084576,-0.5035927,0.4952625,0.4925244,
1,3,7.611,0.2657942,0.04697699,-1.017271,0.5084576,-0.5035927,0.4952625,0.4925244,
1,3,7.613,0.2657942,0.04697699,-1.017271,0.5084576,-0.5035927,0.4952625,0.4925244,
1,3,7.615,0.2657942,0.04697699,-1.017271,0.5084576,-0.5035927,0.4952625,0.4925244,
1,3,7.617,0.2657942,0.04697699,-1.017271,0.5084576,-0.5035927,0.4952625,0.4925244,
1,3,7.619,0.265799,0.04696574,-1.017257,0.5084442,-0.503606,0.4952575,0.4925297,
1,3,7.621,0.265799,0.04696574,-1.017257,0.5084442,-0.503606,0.4952575,0.4925297,
1,3,7.623,0.265799,0.04696574,-1.017257,0.5084442,-0.503606,0.4952575,0.4925297,
1,3,7.625,0.265799,0.04696574,-1.017257,0.5084442,-0.503606,0.4952575,0.4925297,
1,3,7.627,0.2657949,0.04696753,-1.017264,0.5084693,-0.5036222,0.4952357,0.4925091,
1,3,7.629,0.2657949,0.04696753,-1.017264,0.5084693,-0.5036222,0.4952357,0.4925091,
1,3,7.631,0.2657949,0.04696753,-1.017264,0.5084693,-0.5036222,0.4952357,0.4925091,
1,3,7.633,0.2657949,0.04696753,-1.017264,0.5084693,-0.5036222,0.4952357,0.4925091,
1,3,7.635,0.2657878,0.04696234,-1.01729,0.50848,-0.5036254,0.4952238,0.4925068,
1,3,7.637,0.2657878,0.04696234,-1.01729,0.50848,-0.5036254,0.4952238,0.4925068,
1,3,7.639,0.2657878,0.04696234,-1.01729,0.50848,-0.5036254,0.4952238,0.4925068,
1,3,7.641,0.2657878,0.04696234,-1.01729,0.50848,-0.5036254,0.4952238,0.4925068,
1,3,7.643,0.2657813,0.04696898,-1.017274,0.5084773,-0.5036151,0.4952312,0.4925127,
1,3,7.645,0.2657813,0.04696898,-1.017274,0.5084773,-0.5036151,0.4952312,0.4925127,
1,3,7.647,0.2657813,0.04696898,-1.017274,0.5084773,-0.5036151,0.4952312,0.4925127,
1,3,7.649,0.2657813,0.04696898,-1.017274,0.5084773,-0.5036151,0.4952312,0.4925127,
1,3,7.651,0.2657827,0.04694734,-1.017278,0.5084678,-0.50363,0.4952176,0.4925211,
1,3,7.653,0.2657827,0.04694734,-1.017278,0.5084678,-0.50363,0.4952176,0.4925211,
1,3,7.655,0.2657827,0.04694734,-1.017278,0.5084678,-0.50363,0.4952176,0.4925211,
1,3,7.657,0.2657827,0.04694734,-1.017278,0.5084678,-0.50363,0.4952176,0.4925211,
1,3,7.659,0.2657824,0.04697218,-1.017265,0.5084503,-0.5035998,0.4952587,0.4925285,
1,3,7.661,0.2657824,0.04697218,-1.017265,0.5084503,-0.5035998,0.4952587,0.4925285,
1,3,7.663,0.2657824,0.04697218,-1.017265,0.5084503,-0.5035998,0.4952587,0.4925285,
1,3,7.665,0.2657824,0.04697218,-1.017265,0.5084503,-0.5035998,0.4952587,0.4925285,
1,3,7.667,0.2657824,0.04697218,-1.017265,0.5084503,-0.5035998,0.4952587,0.4925285,
1,3,7.669,0.2657852,0.04698257,-1.017273,0.5084819,-0.5036156,0.4952338,0.4925048,
1,3,7.671,0.2657852,0.04698257,-1.017273,0.5084819,-0.5036156,0.4952338,0.4925048,
1,3,7.673,0.2657852,0.04698257,-1.017273,0.5084819,-0.5036156,0.4952338,0.4925048,
1,3,7.675,0.2657852,0.04698257,-1.017273,0.5084819,-0.5036156,0.4952338,0.4925048,
1,3,7.677,0.2657848,0.04694298,-1.01726,0.5084961,-0.5036612,0.4951973,0.4924802,
1,3,7.679,0.2657848,0.04694298,-1.01726,0.5084961,-0.5036612,0.4951973,0.4924802,
1,3,7.681,0.2657848,0.04694298,-1.01726,0.5084961,-0.5036612,0.4951973,0.4924802,
1,3,7.683,0.2657848,0.04694298,-1.01726,0.5084961,-0.5036612,0.4951973,0.4924802,
1,3,7.685,0.2657848,0.04698346,-1.017254,0.5085061,-0.5036536,0.4952098,0.4924652,
1,3,7.687,0.2657848,0.04698346,-1.017254,0.5085061,-0.5036536,0.4952098,0.4924652,
1,3,7.689,0.2657848,0.04698346,-1.017254,0.5085061,-0.5036536,0.4952098,0.4924652,
1,3,7.691,0.2657848,0.04698346,-1.017254,0.5085061,-0.5036536,0.4952098,0.4924652,
1,3,7.693,0.2657821,0.04698458,-1.017265,0.5084993,-0.5036435,0.4952203,0.492472,
1,3,7.695,0.2657821,0.04698458,-1.017265,0.5084993,-0.5036435,0.4952203,0.492472,
1,3,7.697,0.2657821,0.04698458,-1.017265,0.5084993,-0.5036435,0.4952203,0.492472,
1,3,7.699,0.2657821,0.04698458,-1.017265,0.5084993,-0.5036435,0.4952203,0.492472,
1,3,7.701,0.2657864,0.04698468,-1.017242,0.5084832,-0.5036485,0.4952367,0.492467,
1,3,7.703,0.2657864,0.04698468,-1.017242,0.5084832,-0.5036485,0.4952367,0.492467,
1,3,7.705,0.2657864,0.04698468,-1.017242,0.5084832,-0.5036485,0.4952367,0.492467,
1,3,7.707,0.2657864,0.04698468,-1.017242,0.5084832,-0.5036485,0.4952367,0.492467,
1,3,7.709,0.2657833,0.04698225,-1.017242,0.5084852,-0.5036401,0.4952409,0.4924693,
1,3,7.711,0.2657833,0.04698225,-1.017242,0.5084852,-0.5036401,0.4952409,0.4924693,
1,3,7.713,0.2657833,0.04698225,-1.017242,0.5084852,-0.5036401,0.4952409,0.4924693,
1,3,7.715,0.2657833,0.04698225,-1.017242,0.5084852,-0.5036401,0.4952409,0.4924693,
1,3,7.717,0.2657833,0.04698225,-1.017242,0.5084852,-0.5036401,0.4952409,0.4924693,
1,3,7.719,0.2657794,0.0469516,-1.017261,0.5084972,-0.5036513,0.4952015,0.492485,
1,3,7.721,0.2657794,0.0469516,-1.017261,0.5084972,-0.5036513,0.4952015,0.492485,
1,3,7.723,0.2657794,0.0469516,-1.017261,0.5084972,-0.5036513,0.4952015,0.492485,
1,3,7.725,0.2657794,0.0469516,-1.017261,0.5084972,-0.5036513,0.4952015,0.492485,
1,3,7.727,0.265785,0.04695074,-1.017271,0.5085026,-0.5036567,0.4951888,0.4924866,
1,3,7.729,0.265785,0.04695074,-1.017271,0.5085026,-0.5036567,0.4951888,0.4924866,
1,3,7.731,0.265785,0.04695074,-1.017271,0.5085026,-0.5036567,0.4951888,0.4924866,
1,3,7.733,0.265785,0.04695074,-1.017271,0.5085026,-0.5036567,0.4951888,0.4924866,
1,3,7.735,0.2657845,0.04695157,-1.017265,0.5085008,-0.5036609,0.4951934,0.4924798,
1,3,7.737,0.2657845,0.04695157,-1.017265,0.5085008,-0.5036609,0.4951934,0.4924798,
1,3,7.739,0.2657845,0.04695157,-1.017265,0.5085008,-0.5036609,0.4951934,0.4924798,
1,3,7.741,0.2657845,0.04695157,-1.017265,0.5085008,-0.5036609,0.4951934,0.4924798,
1,3,7.743,0.2657788,0.04695102,-1.017235,0.5084642,-0.5036564,0.4952239,0.4924914,
1,3,7.745,0.2657788,0.04695102,-1.017235,0.5084642,-0.5036564,0.4952239,0.4924914,
1,3,7.747,0.2657788,0.04695102,-1.017235,0.5084642,-0.5036564,0.4952239,0.4924914,
1,3,7.749,0.2657788,0.04695102,-1.017235,0.5084642,-0.5036564,0.4952239,0.4924914,
1,3,7.751,0.2657806,0.04694565,-1.017235,0.5084564,-0.5036622,0.4952237,0.4924938,
1,3,7.753,0.2657806,0.04694565,-1.017235,0.5084564,-0.5036622,0.4952237,0.4924938,
1,3,7.755,0.2657806,0.04694565,-1.017235,0.5084564,-0.5036622,0.4952237,0.4924938,
1,3,7.757,0.2657806,0.04694565,-1.017235,0.5084564,-0.5036622,0.4952237,0.4924938,
1,3,7.759,0.2657858,0.04695587,-1.017242,0.5084714,-0.5036582,0.4952246,0.4924814,
1,3,7.761,0.2657858,0.04695587,-1.017242,0.5084714,-0.5036582,0.4952246,0.4924814,
1,3,7.763,0.2657858,0.04695587,-1.017242,0.5084714,-0.5036582,0.4952246,0.4924814,
1,3,7.765,0.2657858,0.04695587,-1.017242,0.5084714,-0.5036582,0.4952246,0.4924814,
1,3,7.767,0.2657858,0.04695587,-1.017242,0.5084714,-0.5036582,0.4952246,0.4924814,
1,3,7.769,0.2657925,0.04694434,-1.017248,0.5084448,-0.5036545,0.4952259,0.4925113,
1,3,7.771,0.2657925,0.04694434,-1.017248,0.5084448,-0.5036545,0.4952259,0.4925113,
1,3,7.773,0.2657925,0.04694434,-1.017248,0.5084448,-0.5036545,0.4952259,0.4925113,
1,3,7.775,0.2657925,0.04694434,-1.017248,0.5084448,-0.5036545,0.4952259,0.4925113,
1,3,7.777,0.2657925,0.0469378,-1.01725,0.5084513,-0.5036616,0.4952194,0.4925039,
1,3,7.779,0.2657925,0.0469378,-1.01725,0.5084513,-0.5036616,0.4952194,0.4925039,
1,3,7.781,0.2657925,0.0469378,-1.01725,0.5084513,-0.5036616,0.4952194,0.4925039,
1,3,7.783,0.2657925,0.0469378,-1.01725,0.5084513,-0.5036616,0.4952194,0.4925039,
1,3,7.785,0.2657886,0.04695551,-1.01724,0.5084555,-0.5036495,0.4952338,0.4924974,
1,3,7.787,0.2657886,0.04695551,-1.01724,0.5084555,-0.5036495,0.4952338,0.4924974,
1,3,7.789,0.2657886,0.04695551,-1.01724,0.5084555,-0.5036495,0.4952338,0.4924974,
1,3,7.791,0.2657886,0.04695551,-1.01724,0.5084555,-0.5036495,0.4952338,0.4924974,
1,3,7.793,0.2658117,0.04697502,-1.017234,0.508472,-0.5036352,0.4952436,0.4924851,
1,3,7.795,0.2658117,0.04697502,-1.017234,0.508472,-0.5036352,0.4952436,0.4924851,
1,3,7.797,0.2658117,0.04697502,-1.017234,0.508472,-0.5036352,0.4952436,0.4924851,
1,3,7.799,0.2658117,0.04697502,-1.017234,0.508472,-0.5036352,0.4952436,0.4924851,
1,3,7.801,0.2658011,0.04698902,-1.017241,0.5084763,-0.5036328,0.4952492,0.4924776,
1,3,7.803,0.2658011,0.04698902,-1.017241,0.5084763,-0.5036328,0.4952492,0.4924776,
1,3,7.805,0.2658011,0.04698902,-1.017241,0.5084763,-0.5036328,0.4952492,0.4924776,
1,3,7.807,0.2658011,0.04698902,-1.017241,0.5084763,-0.5036328,0.4952492,0.4924776,
1,3,7.809,0.2658011,0.04694965,-1.017225,0.5084307,-0.5036471,0.4952539,0.4925054,
1,3,7.811,0.2658011,0.04694965,-1.017225,0.5084307,-0.5036471,0.4952539,0.4925054,
1,3,7.813,0.2658011,0.04694965,-1.017225,0.5084307,-0.5036471,0.4952539,0.4925054,
1,3,7.815,0.2658011,0.04694965,-1.017225,0.5084307,-0.5036471,0.4952539,0.4925054,
1,3,7.817,0.2658011,0.04694965,-1.017225,0.5084307,-0.5036471,0.4952539,0.4925054,
1,3,7.819,0.2658096,0.04697811,-1.017219,0.5084557,-0.5036389,0.495262,0.4924796,
1,3,7.821,0.2658096,0.04697811,-1.017219,0.5084557,-0.5036389,0.495262,0.4924796,
1,3,7.823,0.2658096,0.04697811,-1.017219,0.5084557,-0.5036389,0.495262,0.4924796,
1,3,7.825,0.2658096,0.04697811,-1.017219,0.5084557,-0.5036389,0.495262,0.4924796,
1,3,7.827,0.2658121,0.04696073,-1.017236,0.5084721,-0.5036381,0.4952447,0.4924811,
1,3,7.829,0.2658121,0.04696073,-1.017236,0.5084721,-0.5036381,0.4952447,0.4924811,
1,3,7.831,0.2658121,0.04696073,-1.017236,0.5084721,-0.5036381,0.4952447,0.4924811,
1,3,7.833,0.2658121,0.04696073,-1.017236,0.5084721,-0.5036381,0.4952447,0.4924811,
1,3,7.835,0.265806,0.04699646,-1.017243,0.5084842,-0.5036172,0.4952651,0.4924693,
1,3,7.837,0.265806,0.04699646,-1.017243,0.5084842,-0.5036172,0.4952651,0.4924693,
1,3,7.839,0.265806,0.04699646,-1.017243,0.5084842,-0.5036172,0.4952651,0.4924693,
1,3,7.841,0.265806,0.04699646,-1.017243,0.5084842,-0.5036172,0.4952651,0.4924693,
1,3,7.843,0.2658016,0.04704457,-1.017227,0.5085042,-0.5036023,0.4952809,0.4924481,
1,3,7.845,0.2658016,0.04704457,-1.017227,0.5085042,-0.5036023,0.4952809,0.4924481,
1,3,7.847,0.2658016,0.04704457,-1.017227,0.5085042,-0.5036023,0.4952809,0.4924481,
1,3,7.849,0.2658016,0.04704457,-1.017227,0.5085042,-0.5036023,0.4952809,0.4924481,
1,3,7.851,0.2657992,0.04701595,-1.017244,0.5084978,-0.5036072,0.4952568,0.4924738,
1,3,7.853,0.2657992,0.04701595,-1.017244,0.5084978,-0.5036072,0.4952568,0.4924738,
1,3,7.855,0.2657992,0.04701595,-1.017244,0.5084978,-0.5036072,0.4952568,0.4924738,
1,3,7.857,0.2657992,0.04701595,-1.017244,0.5084978,-0.5036072,0.4952568,0.4924738,
1,3,7.859,0.2657888,0.04699877,-1.017241,0.5084924,-0.5036222,0.4952517,0.4924692,
1,3,7.861,0.2657888,0.04699877,-1.017241,0.5084924,-0.5036222,0.4952517,0.4924692,
1,3,7.863,0.2657888,0.04699877,-1.017241,0.5084924,-0.5036222,0.4952517,0.4924692,
1,3,7.865,0.2657888,0.04699877,-1.017241,0.5084924,-0.5036222,0.4952517,0.4924692,
1,3,7.867,0.2657888,0.04699877,-1.017241,0.5084924,-0.5036222,0.4952517,0.4924692,
1,3,7.869,0.2657992,0.04699328,-1.017255,0.5084846,-0.5036265,0.4952466,0.4924781,
1,3,7.871,0.2657992,0.04699328,-1.017255,0.5084846,-0.5036265,0.4952466,0.4924781,
1,3,7.873,0.2657992,0.04699328,-1.017255,0.5084846,-0.5036265,0.4952466,0.4924781,
1,3,7.875,0.2657992,0.04699328,-1.017255,0.5084846,-0.5036265,0.4952466,0.4924781,
1,3,7.877,0.2657937,0.04698777,-1.017263,0.5084704,-0.5036063,0.4952598,0.4925002,
1,3,7.879,0.2657937,0.04698777,-1.017263,0.5084704,-0.5036063,0.4952598,0.4925002,
1,3,7.881,0.2657937,0.04698777,-1.017263,0.5084704,-0.5036063,0.4952598,0.4925002,
1,3,7.883,0.2657937,0.04698777,-1.017263,0.5084704,-0.5036063,0.4952598,0.4925002,
1,3,7.885,0.2657889,0.04699697,-1.017255,0.5084481,-0.5035813,0.4952937,0.4925145,
1,3,7.887,0.2657889,0.04699697,-1.017255,0.5084481,-0.5035813,0.4952937,0.4925145,
1,3,7.889,0.2657889,0.04699697,-1.017255,0.5084481,-0.5035813,0.4952937,0.4925145,
1,3,7.891,0.2657889,0.04699697,-1.017255,0.5084481,-0.5035813,0.4952937,0.4925145,
1,3,7.893,0.2657961,0.04699563,-1.017257,0.5084595,-0.5035763,0.4952843,0.4925174,
1,3,7.895,0.2657961,0.04699563,-1.017257,0.5084595,-0.5035763,0.4952843,0.4925174,
1,3,7.897,0.2657961,0.04699563,-1.017257,0.5084595,-0.5035763,0.4952843,0.4925174,
1,3,7.899,0.2657961,0.04699563,-1.017257,0.5084595,-0.5035763,0.4952843,0.4925174,
1,3,7.901,0.2657872,0.04698899,-1.017255,0.5084722,-0.5035948,0.4952672,0.4925024,
1,3,7.903,0.2657872,0.04698899,-1.017255,0.5084722,-0.5035948,0.4952672,0.4925024,
1,3,7.905,0.2657872,0.04698899,-1.017255,0.5084722,-0.5035948,0.4952672,0.4925024,
1,3,7.907,0.2657872,0.04698899,-1.017255,0.5084722,-0.5035948,0.4952672,0.4925024,
1,3,7.909,0.2657996,0.047002,-1.017277,0.5085002,-0.5035933,0.4952507,0.4924917,
1,3,7.911,0.2657996,0.047002,-1.017277,0.5085002,-0.5035933,0.4952507,0.4924917,
1,3,7.913,0.2657996,0.047002,-1.017277,0.5085002,-0.5035933,0.4952507,0.4924917,
1,3,7.915,0.2657996,0.047002,-1.017277,0.5085002,-0.5035933,0.4952507,0.4924917,
1,3,7.917,0.2657996,0.047002,-1.017277,0.5085002,-0.5035933,0.4952507,0.4924917,
1,3,7.919,0.265783,0.04696964,-1.017265,0.5084783,-0.5036179,0.4952401,0.4924999,
1,3,7.921,0.265783,0.04696964,-1.017265,0.5084783,-0.5036179,0.4952401,0.4924999,
1,3,7.923,0.265783,0.04696964,-1.017265,0.5084783,-0.5036179,0.4952401,0.4924999,
1,3,7.925,0.265783,0.04696964,-1.017265,0.5084783,-0.5036179,0.4952401,0.4924999,
1,3,7.927,0.2657692,0.0469449,-1.017235,0.5084563,-0.5036573,0.4952327,0.4924898,
1,3,7.929,0.2657692,0.0469449,-1.017235,0.5084563,-0.5036573,0.4952327,0.4924898,
1,3,7.931,0.2657692,0.0469449,-1.017235,0.5084563,-0.5036573,0.4952327,0.4924898,
1,3,7.933,0.2657692,0.0469449,-1.017235,0.5084563,-0.5036573,0.4952327,0.4924898,
1,3,7.935,0.2657714,0.04694045,-1.017246,0.5084608,-0.5036614,0.4952159,0.492498,
1,3,7.937,0.2657714,0.04694045,-1.017246,0.5084608,-0.5036614,0.4952159,0.492498,
1,3,7.939,0.2657714,0.04694045,-1.017246,0.5084608,-0.5036614,0.4952159,0.492498,
1,3,7.941,0.2657714,0.04694045,-1.017246,0.5084608,-0.5036614,0.4952159,0.492498,
1,3,7.943,0.265785,0.04693966,-1.017234,0.5084721,-0.5036804,0.4952092,0.4924734,
1,3,7.945,0.265785,0.04693966,-1.017234,0.5084721,-0.5036804,0.4952092,0.4924734,
1,3,7.947,0.265785,0.04693966,-1.017234,0.5084721,-0.5036804,0.4952092,0.4924734,
1,3,7.949,0.265785,0.04693966,-1.017234,0.5084721,-0.5036804,0.4952092,0.4924734,
1,3,7.951,0.2657868,0.04693435,-1.017241,0.5084624,-0.5036694,0.495212,0.4924919,
1,3,7.953,0.2657868,0.04693435,-1.017241,0.5084624,-0.5036694,0.495212,0.4924919,
1,3,7.955,0.2657868,0.04693435,-1.017241,0.5084624,-0.5036694,0.495212,0.4924919,
1,3,7.957,0.2657868,0.04693435,-1.017241,0.5084624,-0.5036694,0.495212,0.4924919,
1,3,7.959,0.265788,0.04696388,-1.017246,0.508491,-0.503646,0.4952162,0.492482,
1,3,7.961,0.265788,0.04696388,-1.017246,0.508491,-0.503646,0.4952162,0.492482,
1,3,7.963,0.265788,0.04696388,-1.017246,0.508491,-0.503646,0.4952162,0.492482,
1,3,7.965,0.265788,0.04696388,-1.017246,0.508491,-0.503646,0.4952162,0.492482,
1,3,7.967,0.265788,0.04696388,-1.017246,0.508491,-0.503646,0.4952162,0.492482,
1,3,7.969,0.2657868,0.04694471,-1.017265,0.5084822,-0.5036446,0.4952061,0.4925027,
1,3,7.971,0.2657868,0.04694471,-1.017265,0.5084822,-0.5036446,0.4952061,0.4925027,
1,3,7.973,0.2657868,0.04694471,-1.017265,0.5084822,-0.5036446,0.4952061,0.4925027,
1,3,7.975,0.2657868,0.04694471,-1.017265,0.5084822,-0.5036446,0.4952061,0.4925027,
1,3,7.977,0.2657906,0.04694267,-1.017269,0.5084757,-0.5036483,0.4952042,0.4925075,
1,3,7.979,0.2657906,0.04694267,-1.017269,0.5084757,-0.5036483,0.4952042,0.4925075,
1,3,7.981,0.2657906,0.04694267,-1.017269,0.5084757,-0.5036483,0.4952042,0.4925075,
1,3,7.983,0.2657906,0.04694267,-1.017269,0.5084757,-0.5036483,0.4952042,0.4925075,
1,3,7.985,0.2657853,0.04693962,-1.017249,0.5084531,-0.5036484,0.4952233,0.4925116,
1,3,7.987,0.2657853,0.04693962,-1.017249,0.5084531,-0.5036484,0.4952233,0.4925116,
1,3,7.989,0.2657853,0.04693962,-1.017249,0.5084531,-0.5036484,0.4952233,0.4925116,
1,3,7.991,0.2657853,0.04693962,-1.017249,0.5084531,-0.5036484,0.4952233,0.4925116,
1,3,7.993,0.2657906,0.0469781,-1.017239,0.5084625,-0.5036319,0.4952466,0.4924952,
1,3,7.995,0.2657906,0.0469781,-1.017239,0.5084625,-0.5036319,0.4952466,0.4924952,
1,3,7.997,0.2657906,0.0469781,-1.017239,0.5084625,-0.5036319,0.4952466,0.4924952,
1,3,7.999,0.2657906,0.0469781,-1.017239,0.5084625,-0.5036319,0.4952466,0.4924952,
1,3,8.001,0.265791,0.0469626,-1.017223,0.5084423,-0.5036282,0.4952621,0.4925043,
1,3,8.003,0.265791,0.0469626,-1.017223,0.5084423,-0.5036282,0.4952621,0.4925043,
1,3,8.005,0.265791,0.0469626,-1.017223,0.5084423,-0.5036282,0.4952621,0.4925043,
1,3,8.007,0.265791,0.0469626,-1.017223,0.5084423,-0.5036282,0.4952621,0.4925043,
1,3,8.009,0.2657873,0.04696356,-1.017245,0.508455,-0.5036398,0.4952415,0.4925002,
1,3,8.011,0.2657873,0.04696356,-1.017245,0.508455,-0.5036398,0.4952415,0.4925002,
1,3,8.013,0.2657873,0.04696356,-1.017245,0.508455,-0.5036398,0.4952415,0.4925002,
1,3,8.015,0.2657873,0.04696356,-1.017245,0.508455,-0.5036398,0.4952415,0.4925002,
1,3,8.017,0.2657873,0.04696356,-1.017245,0.508455,-0.5036398,0.4952415,0.4925002,
1,3,8.019,0.2657938,0.0469264,-1.017216,0.5084285,-0.5036566,0.4952399,0.4925119,
1,3,8.021,0.2657938,0.0469264,-1.017216,0.5084285,-0.5036566,0.4952399,0.4925119,
1,3,8.023,0.2657938,0.0469264,-1.017216,0.5084285,-0.5036566,0.4952399,0.4925119,
1,3,8.025,0.2657938,0.0469264,-1.017216,0.5084285,-0.5036566,0.4952399,0.4925119,
1,3,8.027,0.2657844,0.04694425,-1.017206,0.5084382,-0.5036515,0.4952495,0.4924975,
1,3,8.029,0.2657844,0.04694425,-1.017206,0.5084382,-0.5036515,0.4952495,0.4924975,
1,3,8.031,0.2657844,0.04694425,-1.017206,0.5084382,-0.5036515,0.4952495,0.4924975,
1,3,8.033,0.2657844,0.04694425,-1.017206,0.5084382,-0.5036515,0.4952495,0.4924975,
1,3,8.035,0.265785,0.04697447,-1.017214,0.5084777,-0.5036497,0.4952351,0.4924731,
1,3,8.037,0.265785,0.04697447,-1.017214,0.5084777,-0.5036497,0.4952351,0.4924731,
1,3,8.039,0.265785,0.04697447,-1.017214,0.5084777,-0.5036497,0.4952351,0.4924731,
1,3,8.041,0.265785,0.04697447,-1.017214,0.5084777,-0.5036497,0.4952351,0.4924731,
1,3,8.043,0.2657865,0.04695735,-1.017221,0.5084742,-0.5036644,0.4952193,0.4924774,
1,3,8.045,0.2657865,0.04695735,-1.017221,0.5084742,-0.5036644,0.4952193,0.4924774,
1,3,8.047,0.2657865,0.04695735,-1.017221,0.5084742,-0.5036644,0.4952193,0.4924774,
1,3,8.049,0.2657865,0.04695735,-1.017221,0.5084742,-0.5036644,0.4952193,0.4924774,
1,3,8.051,0.2657814,0.04692568,-1.017222,0.5084529,-0.5036813,0.4952086,0.4924929,
1,3,8.053,0.2657814,0.04692568,-1.017222,0.5084529,-0.5036813,0.4952086,0.4924929,
1,3,8.055,0.2657814,0.04692568,-1.017222,0.5084529,-0.5036813,0.4952086,0.4924929,
1,3,8.057,0.2657814,0.04692568,-1.017222,0.5084529,-0.5036813,0.4952086,0.4924929,
1,3,8.059,0.2657842,0.04692037,-1.017205,0.5084431,-0.5036902,0.495216,0.4924866,
1,3,8.061,0.2657842,0.04692037,-1.017205,0.5084431,-0.5036902,0.495216,0.4924866,
1,3,8.063,0.2657842,0.04692037,-1.017205,0.5084431,-0.5036902,0.495216,0.4924866,
1,3,8.065,0.2657842,0.04692037,-1.017205,0.5084431,-0.5036902,0.495216,0.4924866,
1,3,8.067,0.2657842,0.04692037,-1.017205,0.5084431,-0.5036902,0.495216,0.4924866,
1,3,8.069,0.2657841,0.0469718,-1.01718,0.5084583,-0.5036702,0.4952462,0.492461,
1,3,8.071,0.2657841,0.0469718,-1.01718,0.5084583,-0.5036702,0.4952462,0.492461,
1,3,8.073,0.2657841,0.0469718,-1.01718,0.5084583,-0.5036702,0.4952462,0.492461,
1,3,8.075,0.2657841,0.0469718,-1.01718,0.5084583,-0.5036702,0.4952462,0.492461,
1,3,8.077,0.2657943,0.04699308,-1.017198,0.5084804,-0.5036589,0.495242,0.4924539,
1,3,8.079,0.2657943,0.04699308,-1.017198,0.5084804,-0.5036589,0.495242,0.4924539,
1,3,8.081,0.2657943,0.04699308,-1.017198,0.5084804,-0.5036589,0.495242,0.4924539,CourtEnter
1,3,8.083,0.2657943,0.04699308,-1.017198,0.5084804,-0.5036589,0.495242,0.4924539,
1,3,8.085,0.265797,0.04700798,-1.017222,0.508489,-0.5036331,0.4952517,0.4924616,
1,3,8.087,0.265797,0.04700798,-1.017222,0.508489,-0.5036331,0.4952517,0.4924616,
1,3,8.089,0.265797,0.04700798,-1.017222,0.508489,-0.5036331,0.4952517,0.4924616,
1,3,8.091,0.265797,0.04700798,-1.017222,0.508489,-0.5036331,0.4952517,0.4924616,CourtExit
1,3,8.093,0.2657955,0.04700142,-1.017221,0.508481,-0.5036276,0.4952468,0.4924805,
1,3,8.095,0.2657955,0.04700142,-1.017221,0.508481,-0.5036276,0.4952468,0.4924805,
1,3,8.097,0.2657955,0.04700142,-1.017221,0.508481,-0.5036276,0.4952468,0.4924805,
1,3,8.099,0.2657955,0.04700142,-1.017221,0.508481,-0.5036276,0.4952468,0.4924805,
1,3,8.101,0.2657911,0.04698903,-1.017253,0.50849,-0.5036284,0.495227,0.4924902,
1,3,8.103,0.2657911,0.04698903,-1.017253,0.50849,-0.5036284,0.495227,0.4924902,
1,3,8.105,0.2657911,0.04698903,-1.017253,0.50849,-0.5036284,0.495227,0.4924902,
1,3,8.107,0.2657911,0.04698903,-1.017253,0.50849,-0.5036284,0.495227,0.4924902,
1,3,8.109,0.2657946,0.04697529,-1.017244,0.5084903,-0.5036418,0.4952176,0.4924858,
1,3,8.111,0.2657946,0.04697529,-1.017244,0.5084903,-0.5036418,0.4952176,0.4924858,
1,3,8.113,0.2657946,0.04697529,-1.017244,0.5084903,-0.5036418,0.4952176,0.4924858,
1,3,8.115,0.2657946,0.04697529,-1.017244,0.5084903,-0.5036418,0.4952176,0.4924858,
1,3,8.117,0.2657946,0.04697529,-1.017244,0.5084903,-0.5036418,0.4952176,0.4924858,
1,3,8.119,0.2657868,0.04697682,-1.017227,0.5084837,-0.5036513,0.4952291,0.4924711,
1,3,8.121,0.2657868,0.04697682,-1.017227,0.5084837,-0.5036513,0.4952291,0.4924711,
1,3,8.123,0.2657868,0.04697682,-1.017227,0.5084837,-0.5036513,0.4952291,0.4924711,
1,3,8.125,0.2657868,0.04697682,-1.017227,0.5084837,-0.5036513,0.4952291,0.4924711,
1,3,8.127,0.2657875,0.04698237,-1.017237,0.508472,-0.5036222,0.4952447,0.4924974,
1,3,8.129,0.2657875,0.04698237,-1.017237,0.508472,-0.5036222,0.4952447,0.4924974,
1,3,8.131,0.2657875,0.04698237,-1.017237,0.508472,-0.5036222,0.4952447,0.4924974,
1,3,8.133,0.2657875,0.04698237,-1.017237,0.508472,-0.5036222,0.4952447,0.4924974,
1,3,8.135,0.265792,0.04696668,-1.017239,0.5084798,-0.5036316,0.4952355,0.492489,
1,3,8.137,0.265792,0.04696668,-1.017239,0.5084798,-0.5036316,0.4952355,0.492489,
1,3,8.139,0.265792,0.04696668,-1.017239,0.5084798,-0.5036316,0.4952355,0.492489,
1,3,8.141,0.265792,0.04696668,-1.017239,0.5084798,-0.5036316,0.4952355,0.492489,
1,3,8.143,0.2657815,0.04694907,-1.017258,0.5084781,-0.5036498,0.4952114,0.4924963,
1,3,8.145,0.2657815,0.04694907,-1.017258,0.5084781,-0.5036498,0.4952114,0.4924963,
1,3,8.147,0.2657815,0.04694907,-1.017258,0.5084781,-0.5036498,0.4952114,0.4924963,
1,3,8.149,0.2657815,0.04694907,-1.017258,0.5084781,-0.5036498,0.4952114,0.4924963,
1,3,8.151,0.2657856,0.0469647,-1.01726,0.5084739,-0.5036336,0.4952265,0.4925021,
1,3,8.153,0.2657856,0.0469647,-1.01726,0.5084739,-0.5036336,0.4952265,0.4925021,
1,3,8.155,0.2657856,0.0469647,-1.01726,0.5084739,-0.5036336,0.4952265,0.4925021,
1,3,8.157,0.2657856,0.0469647,-1.01726,0.5084739,-0.5036336,0.4952265,0.4925021,
1,3,8.159,0.2657907,0.04699291,-1.01728,0.5084763,-0.5035925,0.4952534,0.4925145,
1,3,8.161,0.2657907,0.04699291,-1.01728,0.5084763,-0.5035925,0.4952534,0.4925145,
1,3,8.163,0.2657907,0.04699291,-1.01728,0.5084763,-0.5035925,0.4952534,0.4925145,
1,3,8.165,0.2657907,0.04699291,-1.01728,0.5084763,-0.5035925,0.4952534,0.4925145,
1,3,8.167,0.2657907,0.04699291,-1.01728,0.5084763,-0.5035925,0.4952534,0.4925145,
1,3,8.169,0.2657871,0.04697978,-1.017264,0.5085,-0.5036259,0.4952273,0.4924822,
1,3,8.171,0.2657871,0.04697978,-1.017264,0.5085,-0.5036259,0.4952273,0.4924822,
1,3,8.173,0.2657871,0.04697978,-1.017264,0.5085,-0.5036259,0.4952273,0.4924822,
1,3,8.175,0.2657871,0.04697978,-1.017264,0.5085,-0.5036259,0.4952273,0.4924822,
1,3,8.177,0.265792,0.04696546,-1.017263,0.5084799,-0.503646,0.4952121,0.4924977,
1,3,8.179,0.265792,0.04696546,-1.017263,0.5084799,-0.503646,0.4952121,0.4924977,
1,3,8.181,0.265792,0.04696546,-1.017263,0.5084799,-0.503646,0.4952121,0.4924977,
1,3,8.183,0.265792,0.04696546,-1.017263,0.5084799,-0.503646,0.4952121,0.4924977,
1,3,8.185,0.2657981,0.0469276,-1.017245,0.508453,-0.5036549,0.495217,0.4925115,
1,3,8.187,0.2657981,0.0469276,-1.017245,0.508453,-0.5036549,0.495217,0.4925115,
1,3,8.189,0.2657981,0.0469276,-1.017245,0.508453,-0.5036549,0.495217,0.4925115,
1,3,8.191,0.2657981,0.0469276,-1.017245,0.508453,-0.5036549,0.495217,0.4925115,
1,3,8.193,0.2657938,0.04692141,-1.017236,0.5084494,-0.5036663,0.4952158,0.4925046,
1,3,8.195,0.2657938,0.04692141,-1.017236,0.5084494,-0.5036663,0.4952158,0.4925046,
1,3,8.197,0.2657938,0.04692141,-1.017236,0.5084494,-0.5036663,0.4952158,0.4925046,
1,3,8.199,0.2657938,0.04692141,-1.017236,0.5084494,-0.5036663,0.4952158,0.4925046,
1,3,8.201,0.2657989,0.04697143,-1.017241,0.5084634,-0.5036345,0.4952526,0.4924857,
1,3,8.203,0.2657989,0.04697143,-1.017241,0.5084634,-0.5036345,0.4952526,0.4924857,
1,3,8.205,0.2657989,0.04697143,-1.017241,0.5084634,-0.5036345,0.4952526,0.4924857,
1,3,8.207,0.2657989,0.04697143,-1.017241,0.5084634,-0.5036345,0.4952526,0.4924857,
1,3,8.209,0.2657955,0.04697231,-1.017223,0.5084785,-0.5036422,0.4952406,0.4924743,
1,3,8.211,0.2657955,0.04697231,-1.017223,0.5084785,-0.5036422,0.4952406,0.4924743,
1,3,8.213,0.2657955,0.04697231,-1.017223,0.5084785,-0.5036422,0.4952406,0.4924743,
1,3,8.215,0.2657955,0.04697231,-1.017223,0.5084785,-0.5036422,0.4952406,0.4924743,
1,3,8.217,0.2657955,0.04697231,-1.017223,0.5084785,-0.5036422,0.4952406,0.4924743,
1,3,8.219,0.265799,0.04701314,-1.017256,0.5084688,-0.5035874,0.4952749,0.4925059,
1,3,8.221,0.265799,0.04701314,-1.017256,0.5084688,-0.5035874,0.4952749,0.4925059,
1,3,8.223,0.265799,0.04701314,-1.017256,0.5084688,-0.5035874,0.4952749,0.4925059,
1,3,8.225,0.265799,0.04701314,-1.017256,0.5084688,-0.5035874,0.4952749,0.4925059,
1,3,8.227,0.26579,0.04696315,-1.017258,0.5084511,-0.5036063,0.4952558,0.4925241,
1,3,8.229,0.26579,0.04696315,-1.017258,0.5084511,-0.5036063,0.4952558,0.4925241,
1,3,8.231,0.26579,0.04696315,-1.017258,0.5084511,-0.5036063,0.4952558,0.4925241,
1,3,8.233,0.26579,0.04696315,-1.017258,0.5084511,-0.5036063,0.4952558,0.4925241,
1,3,8.235,0.2657889,0.04695924,-1.017261,0.5084764,-0.5036188,0.4952381,0.4925029,
1,3,8.237,0.2657889,0.04695924,-1.017261,0.5084764,-0.5036188,0.4952381,0.4925029,
1,3,8.239,0.2657889,0.04695924,-1.017261,0.5084764,-0.5036188,0.4952381,0.4925029,
1,3,8.241,0.2657889,0.04695924,-1.017261,0.5084764,-0.5036188,0.4952381,0.4925029,
1,3,8.243,0.2657841,0.04693961,-1.01725,0.5084428,-0.5036297,0.4952381,0.4925265,
1,3,8.245,0.2657841,0.04693961,-1.01725,0.5084428,-0.5036297,0.4952381,0.4925265,
1,3,8.247,0.2657841,0.04693961,-1.01725,0.5084428,-0.5036297,0.4952381,0.4925265,
1,3,8.249,0.2657841,0.04693961,-1.01725,0.5084428,-0.5036297,0.4952381,0.4925265,
1,3,8.251,0.2657788,0.04693699,-1.017266,0.5084549,-0.5036382,0.4952241,0.4925193,
1,3,8.253,0.2657788,0.04693699,-1.017266,0.5084549,-0.5036382,0.4952241,0.4925193,
1,3,8.255,0.2657788,0.04693699,-1.017266,0.5084549,-0.5036382,0.4952241,0.4925193,
1,3,8.257,0.2657788,0.04693699,-1.017266,0.5084549,-0.5036382,0.4952241,0.4925193,
1,3,8.259,0.2657982,0.04690476,-1.017263,0.5084448,-0.5036619,0.495204,0.4925257,
1,3,8.261,0.2657982,0.04690476,-1.017263,0.5084448,-0.5036619,0.495204,0.4925257,
1,3,8.263,0.2657982,0.04690476,-1.017263,0.5084448,-0.5036619,0.495204,0.4925257,
1,3,8.265,0.2657982,0.04690476,-1.017263,0.5084448,-0.5036619,0.495204,0.4925257,
1,3,8.267,0.2657982,0.04690476,-1.017263,0.5084448,-0.5036619,0.495204,0.4925257,
1,3,8.269,0.2657762,0.04691542,-1.017275,0.508437,-0.5036386,0.495212,0.4925496,
1,3,8.271,0.2657762,0.04691542,-1.017275,0.508437,-0.5036386,0.495212,0.4925496,
1,3,8.273,0.2657762,0.04691542,-1.017275,0.508437,-0.5036386,0.495212,0.4925496,
1,3,8.275,0.2657762,0.04691542,-1.017275,0.508437,-0.5036386,0.495212,0.4925496,
1,3,8.277,0.26578,0.04691552,-1.017268,0.5084397,-0.5036389,0.4952188,0.4925396,
1,3,8.279,0.26578,0.04691552,-1.017268,0.5084397,-0.5036389,0.4952188,0.4925396,
1,3,8.281,0.26578,0.04691552,-1.017268,0.5084397,-0.5036389,0.4952188,0.4925396,
1,3,8.283,0.26578,0.04691552,-1.017268,0.5084397,-0.5036389,0.4952188,0.4925396,
1,3,8.285,0.2657799,0.04693324,-1.01727,0.5084604,-0.5036299,0.4952219,0.4925243,
1,3,8.287,0.2657799,0.04693324,-1.01727,0.5084604,-0.5036299,0.4952219,0.4925243,
1,3,8.289,0.2657799,0.04693324,-1.01727,0.5084604,-0.5036299,0.4952219,0.4925243,
1,3,8.291,0.2657799,0.04693324,-1.01727,0.5084604,-0.5036299,0.4952219,0.4925243,
1,3,8.293,0.2657718,0.04691908,-1.017256,0.5084419,-0.5036528,0.49521,0.492532,
1,3,8.295,0.2657718,0.04691908,-1.017256,0.5084419,-0.5036528,0.49521,0.492532,
1,3,8.297,0.2657718,0.04691908,-1.017256,0.5084419,-0.5036528,0.49521,0.492532,
1,3,8.299,0.2657718,0.04691908,-1.017256,0.5084419,-0.5036528,0.49521,0.492532,
1,3,8.301,0.2657784,0.04691472,-1.017233,0.5084361,-0.5036662,0.4952178,0.4925165,
1,3,8.303,0.2657784,0.04691472,-1.017233,0.5084361,-0.5036662,0.4952178,0.4925165,
1,3,8.305,0.2657784,0.04691472,-1.017233,0.5084361,-0.5036662,0.4952178,0.4925165,
1,3,8.307,0.2657784,0.04691472,-1.017233,0.5084361,-0.5036662,0.4952178,0.4925165,
1,3,8.309,0.2657794,0.04690602,-1.017232,0.5084229,-0.5036649,0.4952244,0.4925247,
1,3,8.311,0.2657794,0.04690602,-1.017232,0.5084229,-0.5036649,0.4952244,0.4925247,
1,3,8.313,0.2657794,0.04690602,-1.017232,0.5084229,-0.5036649,0.4952244,0.4925247,
1,3,8.315,0.2657794,0.04690602,-1.017232,0.5084229,-0.5036649,0.4952244,0.4925247,
1,3,8.317,0.2657794,0.04690602,-1.017232,0.5084229,-0.5036649,0.4952244,0.4925247,
1,3,8.319,0.265788,0.0469068,-1.017254,0.5084514,-0.5036585,0.4952023,0.4925242,
1,3,8.321,0.265788,0.0469068,-1.017254,0.5084514,-0.5036585,0.4952023,0.4925242,
1,3,8.323,0.265788,0.0469068,-1.017254,0.5084514,-0.5036585,0.4952023,0.4925242,
1,3,8.325,0.265788,0.0469068,-1.017254,0.5084514,-0.5036585,0.4952023,0.4925242,
1,3,8.327,0.2657712,0.04693929,-1.017247,0.5084412,-0.5036397,0.4952327,0.4925235,
1,3,8.329,0.2657712,0.04693929,-1.017247,0.5084412,-0.5036397,0.4952327,0.4925235,
1,3,8.331,0.2657712,0.04693929,-1.017247,0.5084412,-0.5036397,0.4952327,0.4925235,
1,3,8.333,0.2657712,0.04693929,-1.017247,0.5084412,-0.5036397,0.4952327,0.4925235,
1,3,8.335,0.2657807,0.04692976,-1.017244,0.5084314,-0.5036262,0.4952489,0.4925311,
1,3,8.337,0.2657807,0.04692976,-1.017244,0.5084314,-0.5036262,0.4952489,0.4925311,
1,3,8.339,0.2657807,0.04692976,-1.017244,0.5084314,-0.5036262,0.4952489,0.4925311,
1,3,8.341,0.2657807,0.04692976,-1.017244,0.5084314,-0.5036262,0.4952489,0.4925311,
1,3,8.343,0.265784,0.04693534,-1.017265,0.5084322,-0.5036113,0.49525,0.4925441,
1,3,8.345,0.265784,0.04693534,-1.017265,0.5084322,-0.5036113,0.49525,0.4925441,
1,3,8.347,0.265784,0.04693534,-1.017265,0.5084322,-0.5036113,0.49525,0.4925441,
1,3,8.349,0.265784,0.04693534,-1.017265,0.5084322,-0.5036113,0.49525,0.4925441,
1,3,8.351,0.2657781,0.04695382,-1.017266,0.5084563,-0.5036271,0.4952323,0.4925209,
1,3,8.353,0.2657781,0.04695382,-1.017266,0.5084563,-0.5036271,0.4952323,0.4925209,
1,3,8.355,0.2657781,0.04695382,-1.017266,0.5084563,-0.5036271,0.4952323,0.4925209,
1,3,8.357,0.2657781,0.04695382,-1.017266,0.5084563,-0.5036271,0.4952323,0.4925209,
1,3,8.359,0.2657882,0.0469422,-1.017263,0.5084519,-0.5036186,0.4952375,0.4925292,
1,3,8.361,0.2657882,0.0469422,-1.017263,0.5084519,-0.5036186,0.4952375,0.4925292,
1,3,8.363,0.2657882,0.0469422,-1.017263,0.5084519,-0.5036186,0.4952375,0.4925292,
1,3,8.365,0.2657882,0.0469422,-1.017263,0.5084519,-0.5036186,0.4952375,0.4925292,
1,3,8.367,0.2657882,0.0469422,-1.017263,0.5084519,-0.5036186,0.4952375,0.4925292,
1,3,8.369,0.2657766,0.04691764,-1.017261,0.5084431,-0.5036408,0.4952253,0.4925278,
1,3,8.371,0.2657766,0.04691764,-1.017261,0.5084431,-0.5036408,0.4952253,0.4925278,
1,3,8.373,0.2657766,0.04691764,-1.017261,0.5084431,-0.5036408,0.4952253,0.4925278,
1,3,8.375,0.2657766,0.04691764,-1.017261,0.5084431,-0.5036408,0.4952253,0.4925278,
1,3,8.377,0.2657845,0.04692597,-1.017254,0.5084436,-0.5036417,0.4952256,0.492526,
1,3,8.379,0.2657845,0.04692597,-1.017254,0.5084436,-0.5036417,0.4952256,0.492526,
1,3,8.381,0.2657845,0.04692597,-1.017254,0.5084436,-0.5036417,0.4952256,0.492526,
1,3,8.383,0.2657845,0.04692597,-1.017254,0.5084436,-0.5036417,0.4952256,0.492526,
1,3,8.385,0.2657874,0.0469297,-1.017254,0.5084426,-0.5036497,0.4952222,0.4925224,
1,3,8.387,0.2657874,0.0469297,-1.017254,0.5084426,-0.5036497,0.4952222,0.4925224,
1,3,8.389,0.2657874,0.0469297,-1.017254,0.5084426,-0.5036497,0.4952222,0.4925224,
1,3,8.391,0.2657874,0.0469297,-1.017254,0.5084426,-0.5036497,0.4952222,0.4925224,
1,3,8.393,0.2657652,0.04693321,-1.017251,0.508459,-0.5036402,0.4952258,0.4925112,
1,3,8.395,0.2657652,0.04693321,-1.017251,0.508459,-0.5036402,0.4952258,0.4925112,
1,3,8.397,0.2657652,0.04693321,-1.017251,0.508459,-0.5036402,0.4952258,0.4925112,
1,3,8.399,0.2657652,0.04693321,-1.017251,0.508459,-0.5036402,0.4952258,0.4925112,
1,3,8.401,0.2657833,0.04695488,-1.017256,0.5084734,-0.5036254,0.4952367,0.4925007,
1,3,8.403,0.2657833,0.04695488,-1.017256,0.5084734,-0.5036254,0.4952367,0.4925007,
1,3,8.405,0.2657833,0.04695488,-1.017256,0.5084734,-0.5036254,0.4952367,0.4925007,
1,3,8.407,0.2657833,0.04695488,-1.017256,0.5084734,-0.5036254,0.4952367,0.4925007,
1,3,8.409,0.2657888,0.04696909,-1.017254,0.5084836,-0.5036344,0.49523,0.4924877,
1,3,8.411,0.2657888,0.04696909,-1.017254,0.5084836,-0.5036344,0.49523,0.4924877,
1,3,8.413,0.2657888,0.04696909,-1.017254,0.5084836,-0.5036344,0.49523,0.4924877,
1,3,8.415,0.2657888,0.04696909,-1.017254,0.5084836,-0.5036344,0.49523,0.4924877,
1,3,8.417,0.2657888,0.04696909,-1.017254,0.5084836,-0.5036344,0.49523,0.4924877,
1,3,8.419,0.2657896,0.04697566,-1.017252,0.5085012,-0.5036377,0.4952185,0.4924777,
1,3,8.421,0.2657896,0.04697566,-1.017252,0.5085012,-0.5036377,0.4952185,0.4924777,
1,3,8.423,0.2657896,0.04697566,-1.017252,0.5085012,-0.5036377,0.4952185,0.4924777,
1,3,8.425,0.2657896,0.04697566,-1.017252,0.5085012,-0.5036377,0.4952185,0.4924777,
1,3,8.427,0.2657806,0.04696595,-1.017253,0.5084975,-0.5036541,0.4952147,0.4924684,
1,3,8.429,0.2657806,0.04696595,-1.017253,0.5084975,-0.5036541,0.4952147,0.4924684,
1,3,8.431,0.2657806,0.04696595,-1.017253,0.5084975,-0.5036541,0.4952147,0.4924684,
1,3,8.433,0.2657806,0.04696595,-1.017253,0.5084975,-0.5036541,0.4952147,0.4924684,
1,3,8.435,0.2657781,0.04695781,-1.017241,0.5084888,-0.5036505,0.4952168,0.4924791,
1,3,8.437,0.2657781,0.04695781,-1.017241,0.5084888,-0.5036505,0.4952168,0.4924791,
1,3,8.439,0.2657781,0.04695781,-1.017241,0.5084888,-0.5036505,0.4952168,0.4924791,
1,3,8.441,0.2657781,0.04695781,-1.017241,0.5084888,-0.5036505,0.4952168,0.4924791,
1,3,8.443,0.2657917,0.0470018,-1.017255,0.5084718,-0.5035954,0.495264,0.4925056,
1,3,8.445,0.2657917,0.0470018,-1.017255,0.5084718,-0.5035954,0.495264,0.4925056,
1,3,8.447,0.2657917,0.0470018,-1.017255,0.5084718,-0.5035954,0.495264,0.4925056,
1,3,8.449,0.2657917,0.0470018,-1.017255,0.5084718,-0.5035954,0.495264,0.4925056,
1,3,8.451,0.2657802,0.04698702,-1.017247,0.508481,-0.5036108,0.4952481,0.4924963,
1,3,8.453,0.2657802,0.04698702,-1.017247,0.508481,-0.5036108,0.4952481,0.4924963,
1,3,8.455,0.2657802,0.04698702,-1.017247,0.508481,-0.5036108,0.4952481,0.4924963,
1,3,8.457,0.2657802,0.04698702,-1.017247,0.508481,-0.5036108,0.4952481,0.4924963,
1,3,8.459,0.265786,0.04696223,-1.01725,0.5084596,-0.5036137,0.4952463,0.4925172,
1,3,8.461,0.265786,0.04696223,-1.01725,0.5084596,-0.5036137,0.4952463,0.4925172,
1,3,8.463,0.265786,0.04696223,-1.01725,0.5084596,-0.5036137,0.4952463,0.4925172,
1,3,8.465,0.265786,0.04696223,-1.01725,0.5084596,-0.5036137,0.4952463,0.4925172,
1,3,8.467,0.265786,0.04696223,-1.01725,0.5084596,-0.5036137,0.4952463,0.4925172,
1,3,8.469,0.2657853,0.04699218,-1.017244,0.5084804,-0.5036044,0.4952603,0.4924912,
1,3,8.471,0.2657853,0.04699218,-1.017244,0.5084804,-0.5036044,0.4952603,0.4924912,
1,3,8.473,0.2657853,0.04699218,-1.017244,0.5084804,-0.5036044,0.4952603,0.4924912,
1,3,8.475,0.2657853,0.04699218,-1.017244,0.5084804,-0.5036044,0.4952603,0.4924912,
1,3,8.477,0.2657803,0.04699642,-1.017252,0.5084863,-0.5036001,0.4952605,0.4924893,
1,3,8.479,0.2657803,0.04699642,-1.017252,0.5084863,-0.5036001,0.4952605,0.4924893,
1,3,8.481,0.2657803,0.04699642,-1.017252,0.5084863,-0.5036001,0.4952605,0.4924893,
1,3,8.483,0.2657803,0.04699642,-1.017252,0.5084863,-0.5036001,0.4952605,0.4924893,
1,3,8.485,0.2657943,0.04696572,-1.017265,0.5084835,-0.5036235,0.4952236,0.4925053,
1,3,8.487,0.2657943,0.04696572,-1.017265,0.5084835,-0.5036235,0.4952236,0.4925053,
1,3,8.489,0.2657943,0.04696572,-1.017265,0.5084835,-0.5036235,0.4952236,0.4925053,
1,3,8.491,0.2657943,0.04696572,-1.017265,0.5084835,-0.5036235,0.4952236,0.4925053,
1,3,8.493,0.2657793,0.0469508,-1.01724,0.5084787,-0.5036405,0.4952258,0.4924907,
1,3,8.495,0.2657793,0.0469508,-1.01724,0.5084787,-0.5036405,0.4952258,0.4924907,
1,3,8.497,0.2657793,0.0469508,-1.01724,0.5084787,-0.5036405,0.4952258,0.4924907,
1,3,8.499,0.2657793,0.0469508,-1.01724,0.5084787,-0.5036405,0.4952258,0.4924907,
1,3,8.501,0.2657744,0.04697413,-1.017236,0.5084695,-0.5036346,0.4952431,0.4924887,
1,3,8.503,0.2657744,0.04697413,-1.017236,0.5084695,-0.5036346,0.4952431,0.4924887,
1,3,8.505,0.2657744,0.04697413,-1.017236,0.5084695,-0.5036346,0.4952431,0.4924887,
1,3,8.507,0.2657744,0.04697413,-1.017236,0.5084695,-0.5036346,0.4952431,0.4924887,
1,3,8.509,0.2657831,0.0469732,-1.017271,0.5084875,-0.5036293,0.4952253,0.4924936,
1,3,8.511,0.2657831,0.0469732,-1.017271,0.5084875,-0.5036293,0.4952253,0.4924936,
1,3,8.513,0.2657831,0.0469732,-1.017271,0.5084875,-0.5036293,0.4952253,0.4924936,
1,3,8.515,0.2657831,0.0469732,-1.017271,0.5084875,-0.5036293,0.4952253,0.4924936,
1,3,8.517,0.2657831,0.0469732,-1.017271,0.5084875,-0.5036293,0.4952253,0.4924936,
1,3,8.519,0.2657896,0.04699999,-1.017248,0.5084785,-0.5036083,0.4952546,0.4924949,
1,3,8.521,0.2657896,0.04699999,-1.017248,0.5084785,-0.5036083,0.4952546,0.4924949,
1,3,8.523,0.2657896,0.04699999,-1.017248,0.5084785,-0.5036083,0.4952546,0.4924949,
1,3,8.525,0.2657896,0.04699999,-1.017248,0.5084785,-0.5036083,0.4952546,0.4924949,
1,3,8.527,0.2657847,0.04697133,-1.017256,0.5085034,-0.5036469,0.4952153,0.4924693,
1,3,8.529,0.2657847,0.04697133,-1.017256,0.5085034,-0.5036469,0.4952153,0.4924693,
1,3,8.531,0.2657847,0.04697133,-1.017256,0.5085034,-0.5036469,0.4952153,0.4924693,
1,3,8.533,0.2657847,0.04697133,-1.017256,0.5085034,-0.5036469,0.4952153,0.4924693,
1,3,8.535,0.2657758,0.0469554,-1.017253,0.5084876,-0.5036451,0.4952197,0.492483,
1,3,8.537,0.2657758,0.0469554,-1.017253,0.5084876,-0.5036451,0.4952197,0.492483,
1,3,8.539,0.2657758,0.0469554,-1.017253,0.5084876,-0.5036451,0.4952197,0.492483,
1,3,8.541,0.2657758,0.0469554,-1.017253,0.5084876,-0.5036451,0.4952197,0.492483,
1,3,8.543,0.265789,0.04696931,-1.017272,0.5084714,-0.5035982,0.4952445,0.4925227,
1,3,8.545,0.265789,0.04696931,-1.017272,0.5084714,-0.5035982,0.4952445,0.4925227,
1,3,8.547,0.265789,0.04696931,-1.017272,0.5084714,-0.5035982,0.4952445,0.4925227,
1,3,8.549,0.265789,0.04696931,-1.017272,0.5084714,-0.5035982,0.4952445,0.4925227,
1,3,8.551,0.2657857,0.04695355,-1.017264,0.5084735,-0.5036245,0.4952296,0.4925085,
1,3,8.553,0.2657857,0.04695355,-1.017264,0.5084735,-0.5036245,0.4952296,0.4925085,
1,3,8.555,0.2657857,0.04695355,-1.017264,0.5084735,-0.5036245,0.4952296,0.4925085,
1,3,8.557,0.2657857,0.04695355,-1.017264,0.5084735,-0.5036245,0.4952296,0.4925085,
1,3,8.559,0.2657825,0.04692215,-1.01725,0.5084588,-0.5036561,0.4952102,0.4925111,
1,3,8.561,0.2657825,0.04692215,-1.01725,0.5084588,-0.5036561,0.4952102,0.4925111,
1,3,8.563,0.2657825,0.04692215,-1.01725,0.5084588,-0.5036561,0.4952102,0.4925111,
1,3,8.565,0.2657825,0.04692215,-1.01725,0.5084588,-0.5036561,0.4952102,0.4925111,
1,3,8.567,0.2657825,0.04692215,-1.01725,0.5084588,-0.5036561,0.4952102,0.4925111,
1,3,8.569,0.2657791,0.04694419,-1.017228,0.5084553,-0.5036362,0.4952388,0.4925062,
1,3,8.571,0.2657791,0.04694419,-1.017228,0.5084553,-0.5036362,0.4952388,0.4925062,
1,3,8.573,0.2657791,0.04694419,-1.017228,0.5084553,-0.5036362,0.4952388,0.4925062,
1,3,8.575,0.2657791,0.04694419,-1.017228,0.5084553,-0.5036362,0.4952388,0.4925062,
1,3,8.577,0.265774,0.0469442,-1.017255,0.5084658,-0.5036326,0.4952275,0.4925104,
1,3,8.579,0.265774,0.0469442,-1.017255,0.5084658,-0.5036326,0.4952275,0.4925104,
1,3,8.581,0.265774,0.0469442,-1.017255,0.5084658,-0.5036326,0.4952275,0.4925104,
1,3,8.583,0.265774,0.0469442,-1.017255,0.5084658,-0.5036326,0.4952275,0.4925104,
1,3,8.585,0.2657964,0.04695417,-1.017253,0.5084601,-0.5036179,0.4952387,0.4925201,
1,3,8.587,0.2657964,0.04695417,-1.017253,0.5084601,-0.5036179,0.4952387,0.4925201,
1,3,8.589,0.2657964,0.04695417,-1.017253,0.5084601,-0.5036179,0.4952387,0.4925201,
1,3,8.591,0.2657964,0.04695417,-1.017253,0.5084601,-0.5036179,0.4952387,0.4925201,
1,3,8.593,0.2657793,0.0469285,-1.017242,0.5084398,-0.5036358,0.4952366,0.4925249,
1,3,8.595,0.2657793,0.0469285,-1.017242,0.5084398,-0.5036358,0.4952366,0.4925249,
1,3,8.597,0.2657793,0.0469285,-1.017242,0.5084398,-0.5036358,0.4952366,0.4925249,
1,3,8.599,0.2657793,0.0469285,-1.017242,0.5084398,-0.5036358,0.4952366,0.4925249,
1,3,8.601,0.2657796,0.0469271,-1.01725,0.508459,-0.5036436,0.4952237,0.49251,
1,3,8.603,0.2657796,0.0469271,-1.01725,0.508459,-0.5036436,0.4952237,0.49251,
1,3,8.605,0.2657796,0.0469271,-1.01725,0.508459,-0.5036436,0.4952237,0.49251,
1,3,8.607,0.2657796,0.0469271,-1.01725,0.508459,-0.5036436,0.4952237,0.49251,
1,3,8.609,0.2657764,0.04696089,-1.017265,0.5084705,-0.5036117,0.4952402,0.4925141,
1,3,8.611,0.2657764,0.04696089,-1.017265,0.5084705,-0.5036117,0.4952402,0.4925141,
1,3,8.613,0.2657764,0.04696089,-1.017265,0.5084705,-0.5036117,0.4952402,0.4925141,
1,3,8.615,0.2657764,0.04696089,-1.017265,0.5084705,-0.5036117,0.4952402,0.4925141,
1,3,8.617,0.2657764,0.04696089,-1.017265,0.5084705,-0.5036117,0.4952402,0.4925141,
1,3,8.619,0.2657878,0.04694024,-1.017291,0.5084717,-0.5036131,0.495218,0.4925339,
1,3,8.621,0.2657878,0.04694024,-1.017291,0.5084717,-0.5036131,0.495218,0.4925339,
1,3,8.623,0.2657878,0.04694024,-1.017291,0.5084717,-0.5036131,0.495218,0.4925339,
1,3,8.625,0.2657878,0.04694024,-1.017291,0.5084717,-0.5036131,0.495218,0.4925339,
1,3,8.627,0.2657755,0.04695828,-1.017281,0.5084978,-0.5036209,0.4952155,0.4925013,
1,3,8.629,0.2657755,0.04695828,-1.017281,0.5084978,-0.5036209,0.4952155,0.4925013,
1,3,8.631,0.2657755,0.04695828,-1.017281,0.5084978,-0.5036209,0.4952155,0.4925013,
1,3,8.633,0.2657755,0.04695828,-1.017281,0.5084978,-0.5036209,0.4952155,0.4925013,
1,3,8.635,0.2657883,0.04697085,-1.017295,0.5084816,-0.5036012,0.49523,0.4925236,
1,3,8.637,0.2657883,0.04697085,-1.017295,0.5084816,-0.5036012,0.49523,0.4925236,
1,3,8.639,0.2657883,0.04697085,-1.017295,0.5084816,-0.5036012,0.49523,0.4925236,
1,3,8.641,0.2657883,0.04697085,-1.017295,0.5084816,-0.5036012,0.49523,0.4925236,
1,3,8.643,0.2657825,0.04696017,-1.017284,0.5084632,-0.5035885,0.4952524,0.4925332,
1,3,8.645,0.2657825,0.04696017,-1.017284,0.5084632,-0.5035885,0.4952524,0.4925332,
1,3,8.647,0.2657825,0.04696017,-1.017284,0.5084632,-0.5035885,0.4952524,0.4925332,
1,3,8.649,0.2657825,0.04696017,-1.017284,0.5084632,-0.5035885,0.4952524,0.4925332,
1,3,8.651,0.2657827,0.0469821,-1.017279,0.5084769,-0.5035846,0.4952545,0.492521,
1,3,8.653,0.2657827,0.0469821,-1.017279,0.5084769,-0.5035846,0.4952545,0.492521,
1,3,8.655,0.2657827,0.0469821,-1.017279,0.5084769,-0.5035846,0.4952545,0.492521,
1,3,8.657,0.2657827,0.0469821,-1.017279,0.5084769,-0.5035846,0.4952545,0.492521,
1,3,8.659,0.2657832,0.0469958,-1.017289,0.5084876,-0.5035895,0.4952507,0.4925086,
1,3,8.661,0.2657832,0.0469958,-1.017289,0.5084876,-0.5035895,0.4952507,0.4925086,
1,3,8.663,0.2657832,0.0469958,-1.017289,0.5084876,-0.5035895,0.4952507,0.4925086,
1,3,8.665,0.2657832,0.0469958,-1.017289,0.5084876,-0.5035895,0.4952507,0.4925086,
1,3,8.667,0.2657832,0.0469958,-1.017289,0.5084876,-0.5035895,0.4952507,0.4925086,
1,3,8.669,0.2657801,0.04695656,-1.017288,0.5084776,-0.5036085,0.4952348,0.4925156,
1,3,8.671,0.2657801,0.04695656,-1.017288,0.5084776,-0.5036085,0.4952348,0.4925156,
1,3,8.673,0.2657801,0.04695656,-1.017288,0.5084776,-0.5036085,0.4952348,0.4925156,
1,3,8.675,0.2657801,0.04695656,-1.017288,0.5084776,-0.5036085,0.4952348,0.4925156,
1,3,8.677,0.2657812,0.04695355,-1.017279,0.5084757,-0.5036235,0.495226,0.4925111,
1,3,8.679,0.2657812,0.04695355,-1.017279,0.5084757,-0.5036235,0.495226,0.4925111,
1,3,8.681,0.2657812,0.04695355,-1.017279,0.5084757,-0.5036235,0.495226,0.4925111,
1,3,8.683,0.2657812,0.04695355,-1.017279,0.5084757,-0.5036235,0.495226,0.4925111,
1,3,8.685,0.2657767,0.04695368,-1.017308,0.5084738,-0.5035957,0.4952316,0.4925358,
1,3,8.687,0.2657767,0.04695368,-1.017308,0.5084738,-0.5035957,0.4952316,0.4925358,
1,3,8.689,0.2657767,0.04695368,-1.017308,0.5084738,-0.5035957,0.4952316,0.4925358,
1,3,8.691,0.2657767,0.04695368,-1.017308,0.5084738,-0.5035957,0.4952316,0.4925358,
1,3,8.693,0.2657729,0.04695573,-1.017282,0.508469,-0.5035939,0.4952442,0.4925299,
1,3,8.695,0.2657729,0.04695573,-1.017282,0.508469,-0.5035939,0.4952442,0.4925299,
1,3,8.697,0.2657729,0.04695573,-1.017282,0.508469,-0.5035939,0.4952442,0.4925299,
1,3,8.699,0.2657729,0.04695573,-1.017282,0.508469,-0.5035939,0.4952442,0.4925299,
1,3,8.701,0.2657801,0.04696867,-1.017264,0.5084636,-0.5036161,0.4952388,0.4925183,
1,3,8.703,0.2657801,0.04696867,-1.017264,0.5084636,-0.5036161,0.4952388,0.4925183,
1,3,8.705,0.2657801,0.04696867,-1.017264,0.5084636,-0.5036161,0.4952388,0.4925183,
1,3,8.707,0.2657801,0.04696867,-1.017264,0.5084636,-0.5036161,0.4952388,0.4925183,
1,3,8.709,0.2657698,0.04693972,-1.01728,0.5084585,-0.5036205,0.4952293,0.4925286,
1,3,8.711,0.2657698,0.04693972,-1.01728,0.5084585,-0.5036205,0.4952293,0.4925286,
1,3,8.713,0.2657698,0.04693972,-1.01728,0.5084585,-0.5036205,0.4952293,0.4925286,
1,3,8.715,0.2657698,0.04693972,-1.01728,0.5084585,-0.5036205,0.4952293,0.4925286,
1,3,8.717,0.2657698,0.04693972,-1.01728,0.5084585,-0.5036205,0.4952293,0.4925286,
1,3,8.719,0.2657664,0.04695475,-1.017236,0.5084499,-0.5036291,0.4952505,0.4925073,
1,3,8.721,0.2657664,0.04695475,-1.017236,0.5084499,-0.5036291,0.4952505,0.4925073,
1,3,8.723,0.2657664,0.04695475,-1.017236,0.5084499,-0.5036291,0.4952505,0.4925073,
1,3,8.725,0.2657664,0.04695475,-1.017236,0.5084499,-0.5036291,0.4952505,0.4925073,
1,3,8.727,0.2657747,0.04694673,-1.017246,0.5084601,-0.5036324,0.495243,0.492501,
1,3,8.729,0.2657747,0.04694673,-1.017246,0.5084601,-0.5036324,0.495243,0.492501,
1,3,8.731,0.2657747,0.04694673,-1.017246,0.5084601,-0.5036324,0.495243,0.492501,
1,3,8.733,0.2657747,0.04694673,-1.017246,0.5084601,-0.5036324,0.495243,0.492501,
1,3,8.735,0.2657632,0.04695755,-1.017278,0.5084723,-0.5036011,0.4952485,0.4925148,
1,3,8.737,0.2657632,0.04695755,-1.017278,0.5084723,-0.5036011,0.4952485,0.4925148,
1,3,8.739,0.2657632,0.04695755,-1.017278,0.5084723,-0.5036011,0.4952485,0.4925148,
1,3,8.741,0.2657632,0.04695755,-1.017278,0.5084723,-0.5036011,0.4952485,0.4925148,
1,3,8.743,0.265772,0.04696762,-1.017279,0.5084684,-0.5036125,0.4952375,0.4925183,
1,3,8.745,0.265772,0.04696762,-1.017279,0.5084684,-0.5036125,0.4952375,0.4925183,
1,3,8.747,0.265772,0.04696762,-1.017279,0.5084684,-0.5036125,0.4952375,0.4925183,
1,3,8.749,0.265772,0.04696762,-1.017279,0.5084684,-0.5036125,0.4952375,0.4925183,
1,3,8.751,0.2657706,0.04695667,-1.01728,0.508466,-0.5036266,0.4952255,0.4925183,
1,3,8.753,0.2657706,0.04695667,-1.01728,0.508466,-0.5036266,0.4952255,0.4925183,
1,3,8.755,0.2657706,0.04695667,-1.01728,0.508466,-0.5036266,0.4952255,0.4925183,CourtEnter
1,3,8.757,0.2657706,0.04695667,-1.01728,0.508466,-0.5036266,0.4952255,0.4925183,
1,3,8.759,0.2657821,0.0469461,-1.017263,0.5084599,-0.5036364,0.4952246,0.4925157,
1,3,8.761,0.2657821,0.0469461,-1.017263,0.5084599,-0.5036364,0.4952246,0.4925157,
1,3,8.763,0.2657821,0.0469461,-1.017263,0.5084599,-0.5036364,0.4952246,0.4925157,
1,3,8.765,0.2657821,0.0469461,-1.017263,0.5084599,-0.5036364,0.4952246,0.4925157,
1,3,8.767,0.2657821,0.0469461,-1.017263,0.5084599,-0.5036364,0.4952246,0.4925157,CourtExit
1,3,8.769,0.2657776,0.04693833,-1.017283,0.5084726,-0.5036218,0.4952214,0.4925207,
1,3,8.771,0.2657776,0.04693833,-1.017283,0.5084726,-0.5036218,0.4952214,0.4925207,
1,3,8.773,0.2657776,0.04693833,-1.017283,0.5084726,-0.5036218,0.4952214,0.4925207,
1,3,8.775,0.2657776,0.04693833,-1.017283,0.5084726,-0.5036218,0.4952214,0.4925207,
1,3,8.777,0.2657729,0.0469627,-1.017277,0.5084758,-0.5036193,0.4952317,0.4925095,
1,3,8.779,0.2657729,0.0469627,-1.017277,0.5084758,-0.5036193,0.4952317,0.4925095,
1,3,8.781,0.2657729,0.0469627,-1.017277,0.5084758,-0.5036193,0.4952317,0.4925095,
1,3,8.783,0.2657729,0.0469627,-1.017277,0.5084758,-0.5036193,0.4952317,0.4925095,
1,3,8.785,0.2657728,0.04692917,-1.017269,0.5084538,-0.5036412,0.495218,0.4925236,
1,3,8.787,0.2657728,0.04692917,-1.017269,0.5084538,-0.5036412,0.495218,0.4925236,
1,3,8.789,0.2657728,0.04692917,-1.017269,0.5084538,-0.5036412,0.495218,0.4925236,
1,3,8.791,0.2657728,0.04692917,-1.017269,0.5084538,-0.5036412,0.495218,0.4925236,
1,3,8.793,0.2657766,0.04696229,-1.017268,0.5084653,-0.5036122,0.4952352,0.492524,
1,3,8.795,0.2657766,0.04696229,-1.017268,0.5084653,-0.5036122,0.4952352,0.492524,
1,3,8.797,0.2657766,0.04696229,-1.017268,0.5084653,-0.5036122,0.4952352,0.492524,
1,3,8.799,0.2657766,0.04696229,-1.017268,0.5084653,-0.5036122,0.4952352,0.492524,
1,3,8.801,0.265778,0.04694632,-1.017277,0.50847,-0.5036237,0.4952294,0.4925132,
1,3,8.803,0.265778,0.04694632,-1.017277,0.50847,-0.5036237,0.4952294,0.4925132,
1,3,8.805,0.265778,0.04694632,-1.017277,0.50847,-0.5036237,0.4952294,0.4925132,
1,3,8.807,0.265778,0.04694632,-1.017277,0.50847,-0.5036237,0.4952294,0.4925132,
1,3,8.809,0.2657718,0.04696687,-1.017284,0.5084571,-0.5036079,0.4952448,0.4925273,
1,3,8.811,0.2657718,0.04696687,-1.017284,0.5084571,-0.5036079,0.4952448,0.4925273,
1,3,8.813,0.2657718,0.04696687,-1.017284,0.5084571,-0.5036079,0.4952448,0.4925273,
1,3,8.815,0.2657718,0.04696687,-1.017284,0.5084571,-0.5036079,0.4952448,0.4925273,
1,3,8.817,0.2657718,0.04696687,-1.017284,0.5084571,-0.5036079,0.4952448,0.4925273,
1,3,8.819,0.2657701,0.04696983,-1.017259,0.5084608,-0.503605,0.4952554,0.4925157,
1,3,8.821,0.2657701,0.04696983,-1.017259,0.5084608,-0.503605,0.4952554,0.4925157,
1,3,8.823,0.2657701,0.04696983,-1.017259,0.5084608,-0.503605,0.4952554,0.4925157,
1,3,8.825,0.2657701,0.04696983,-1.017259,0.5084608,-0.503605,0.4952554,0.4925157,
1,3,8.827,0.2657812,0.04696908,-1.01728,0.5084534,-0.5035874,0.4952532,0.4925435,
1,3,8.829,0.2657812,0.04696908,-1.01728,0.5084534,-0.5035874,0.4952532,0.4925435,
1,3,8.831,0.2657812,0.04696908,-1.01728,0.5084534,-0.5035874,0.4952532,0.4925435,
1,3,8.833,0.2657812,0.04696908,-1.01728,0.5084534,-0.5035874,0.4952532,0.4925435,
1,3,8.835,0.2657743,0.04695225,-1.017284,0.5084696,-0.5036097,0.4952283,0.4925291,
1,3,8.837,0.2657743,0.04695225,-1.017284,0.5084696,-0.5036097,0.4952283,0.4925291,
1,3,8.839,0.2657743,0.04695225,-1.017284,0.5084696,-0.5036097,0.4952283,0.4925291,
1,3,8.841,0.2657743,0.04695225,-1.017284,0.5084696,-0.5036097,0.4952283,0.4925291,
1,3,8.843,0.2657863,0.04697142,-1.017286,0.5084758,-0.5035979,0.4952453,0.4925177,
1,3,8.845,0.2657863,0.04697142,-1.017286,0.5084758,-0.5035979,0.4952453,0.4925177,
1,3,8.847,0.2657863,0.04697142,-1.017286,0.5084758,-0.5035979,0.4952453,0.4925177,
1,3,8.849,0.2657863,0.04697142,-1.017286,0.5084758,-0.5035979,0.4952453,0.4925177,
1,3,8.851,0.2657764,0.04700197,-1.017265,0.5084742,-0.5035862,0.495273,0.4925036,
1,3,8.853,0.2657764,0.04700197,-1.017265,0.5084742,-0.5035862,0.495273,0.4925036,
1,3,8.855,0.2657764,0.04700197,-1.017265,0.5084742,-0.5035862,0.495273,0.4925036,
1,3,8.857,0.2657764,0.04700197,-1.017265,0.5084742,-0.5035862,0.495273,0.4925036,
1,3,8.859,0.2657704,0.04696487,-1.017256,0.5084606,-0.5036261,0.4952357,0.4925143,
1,3,8.861,0.2657704,0.04696487,-1.017256,0.5084606,-0.5036261,0.4952357,0.4925143,
1,3,8.863,0.2657704,0.04696487,-1.017256,0.5084606,-0.5036261,0.4952357,0.4925143,
1,3,8.865,0.2657704,0.04696487,-1.017256,0.5084606,-0.5036261,0.4952357,0.4925143,
1,3,8.867,0.2657704,0.04696487,-1.017256,0.5084606,-0.5036261,0.4952357,0.4925143,
1,3,8.869,0.2657743,0.04694551,-1.01727,0.5084606,-0.5036187,0.4952294,0.4925281,
1,3,8.871,0.2657743,0.04694551,-1.01727,0.5084606,-0.5036187,0.4952294,0.4925281,
1,3,8.873,0.2657743,0.04694551,-1.01727,0.5084606,-0.5036187,0.4952294,0.4925281,
1,3,8.875,0.2657743,0.04694551,-1.01727,0.5084606,-0.5036187,0.4952294,0.4925281,
1,3,8.877,0.265776,0.04693995,-1.017263,0.5084729,-0.5036398,0.495211,0.4925123,
1,3,8.879,0.265776,0.04693995,-1.017263,0.5084729,-0.5036398,0.495211,0.4925123,
1,3,8.881,0.265776,0.04693995,-1.017263,0.5084729,-0.5036398,0.495211,0.4925123,
1,3,8.883,0.265776,0.04693995,-1.017263,0.5084729,-0.5036398,0.495211,0.4925123,
1,3,8.885,0.2657823,0.04694207,-1.017269,0.508487,-0.5036465,0.4952019,0.4925,
1,3,8.887,0.2657823,0.04694207,-1.017269,0.508487,-0.5036465,0.4952019,0.4925,
1,3,8.889,0.2657823,0.04694207,-1.017269,0.508487,-0.5036465,0.4952019,0.4925,
1,3,8.891,0.2657823,0.04694207,-1.017269,0.508487,-0.5036465,0.4952019,0.4925,
1,3,8.893,0.2657804,0.04694262,-1.017271,0.5084726,-0.503638,0.4952143,0.4925111,
1,3,8.895,0.2657804,0.04694262,-1.017271,0.5084726,-0.503638,0.4952143,0.4925111,
1,3,8.897,0.2657804,0.04694262,-1.017271,0.5084726,-0.503638,0.4952143,0.4925111,
1,3,8.899,0.2657804,0.04694262,-1.017271,0.5084726,-0.503638,0.4952143,0.4925111,
1,3,8.901,0.2657818,0.04698519,-1.01726,0.5084746,-0.5036108,0.4952445,0.4925063,
1,3,8.903,0.2657818,0.04698519,-1.01726,0.5084746,-0.5036108,0.4952445,0.4925063,
1,3,8.905,0.2657818,0.04698519,-1.01726,0.5084746,-0.5036108,0.4952445,0.4925063,
1,3,8.907,0.2657818,0.04698519,-1.01726,0.5084746,-0.5036108,0.4952445,0.4925063,
1,3,8.909,0.2657814,0.04699371,-1.017251,0.5084675,-0.5035935,0.4952698,0.4925061,
1,3,8.911,0.2657814,0.04699371,-1.017251,0.5084675,-0.5035935,0.4952698,0.4925061,
1,3,8.913,0.2657814,0.04699371,-1.017251,0.5084675,-0.5035935,0.4952698,0.4925061,
1,3,8.915,0.2657814,0.04699371,-1.017251,0.5084675,-0.5035935,0.4952698,0.4925061,
1,3,8.917,0.2657814,0.04699371,-1.017251,0.5084675,-0.5035935,0.4952698,0.4925061,
1,3,8.919,0.2657773,0.04698452,-1.017251,0.5084763,-0.5036193,0.4952481,0.4924925,
1,3,8.921,0.2657773,0.04698452,-1.017251,0.5084763,-0.5036193,0.4952481,0.4924925,
1,3,8.923,0.2657773,0.04698452,-1.017251,0.5084763,-0.5036193,0.4952481,0.4924925,
1,3,8.925,0.2657773,0.04698452,-1.017251,0.5084763,-0.5036193,0.4952481,0.4924925,
1,3,8.927,0.2657789,0.04695765,-1.017241,0.5084617,-0.5036406,0.4952319,0.492502,
1,3,8.929,0.2657789,0.04695765,-1.017241,0.5084617,-0.5036406,0.4952319,0.492502,
1,3,8.931,0.2657789,0.04695765,-1.017241,0.5084617,-0.5036406,0.4952319,0.492502,
1,3,8.933,0.2657789,0.04695765,-1.017241,0.5084617,-0.5036406,0.4952319,0.492502,
1,3,8.935,0.2657719,0.04695193,-1.017261,0.5084739,-0.5036325,0.495222,0.4925078,
1,3,8.937,0.2657719,0.04695193,-1.017261,0.5084739,-0.5036325,0.495222,0.4925078,
1,3,8.939,0.2657719,0.04695193,-1.017261,0.5084739,-0.5036325,0.495222,0.4925078,
1,3,8.941,0.2657719,0.04695193,-1.017261,0.5084739,-0.5036325,0.495222,0.4925078,
1,3,8.943,0.2657729,0.04696935,-1.01726,0.5084747,-0.5036366,0.4952218,0.4925028,
1,3,8.945,0.2657729,0.04696935,-1.01726,0.5084747,-0.5036366,0.4952218,0.4925028,
1,3,8.947,0.2657729,0.04696935,-1.01726,0.5084747,-0.5036366,0.4952218,0.4925028,
1,3,8.949,0.2657729,0.04696935,-1.01726,0.5084747,-0.5036366,0.4952218,0.4925028,
1,3,8.951,0.2657793,0.0469535,-1.017249,0.5084457,-0.5036342,0.4952359,0.4925212,
1,3,8.953,0.2657793,0.0469535,-1.017249,0.5084457,-0.5036342,0.4952359,0.4925212,
1,3,8.955,0.2657793,0.0469535,-1.017249,0.5084457,-0.5036342,0.4952359,0.4925212,
1,3,8.957,0.2657793,0.0469535,-1.017249,0.5084457,-0.5036342,0.4952359,0.4925212,
1,3,8.959,0.2657806,0.04693925,-1.017256,0.5084568,-0.5036428,0.4952195,0.4925174,
1,3,8.961,0.2657806,0.04693925,-1.017256,0.5084568,-0.5036428,0.4952195,0.4925174,
1,3,8.963,0.2657806,0.04693925,-1.017256,0.5084568,-0.5036428,0.4952195,0.4925174,
1,3,8.965,0.2657806,0.04693925,-1.017256,0.5084568,-0.5036428,0.4952195,0.4925174,
1,3,8.967,0.2657806,0.04693925,-1.017256,0.5084568,-0.5036428,0.4952195,0.4925174,
1,3,8.969,0.2657766,0.04692978,-1.017245,0.5084748,-0.5036697,0.4951998,0.4924911,
1,3,8.971,0.2657766,0.04692978,-1.017245,0.5084748,-0.5036697,0.4951998,0.4924911,
1,3,8.973,0.2657766,0.04692978,-1.017245,0.5084748,-0.5036697,0.4951998,0.4924911,
1,3,8.975,0.2657766,0.04692978,-1.017245,0.5084748,-0.5036697,0.4951998,0.4924911,
1,3,8.977,0.2657849,0.04694356,-1.017245,0.5084731,-0.5036581,0.495208,0.4924965,
1,3,8.979,0.2657849,0.04694356,-1.017245,0.5084731,-0.5036581,0.495208,0.4924965,
1,3,8.981,0.2657849,0.04694356,-1.017245,0.5084731,-0.5036581,0.495208,0.4924965,
1,3,8.983,0.2657849,0.04694356,-1.017245,0.5084731,-0.5036581,0.495208,0.4924965,
1,3,8.985,0.2657884,0.04695546,-1.01726,0.5084851,-0.5036487,0.4952123,0.4924894,
1,3,8.987,0.2657884,0.04695546,-1.01726,0.5084851,-0.5036487,0.4952123,0.4924894,
1,3,8.989,0.2657884,0.04695546,-1.01726,0.5084851,-0.5036487,0.4952123,0.4924894,
1,3,8.991,0.2657884,0.04695546,-1.01726,0.5084851,-0.5036487,0.4952123,0.4924894,
1,3,8.993,0.2657883,0.04696196,-1.017255,0.5084709,-0.5036299,0.4952306,0.4925047,
1,3,8.995,0.2657883,0.04696196,-1.017255,0.5084709,-0.5036299,0.4952306,0.4925047,
1,3,8.997,0.2657883,0.04696196,-1.017255,0.5084709,-0.5036299,0.4952306,0.4925047,
1,3,8.999,0.2657883,0.04696196,-1.017255,0.5084709,-0.5036299,0.4952306,0.4925047,
1,4,9.001,0.2657787,0.04696755,-1.017241,0.5084463,-0.5036194,0.4952531,0.4925183,TrialStart
1,4,9.003,0.2657787,0.04696755,-1.017241,0.5084463,-0.5036194,0.4952531,0.4925183,
1,4,9.005,0.2657787,0.04696755,-1.017241,0.5084463,-0.5036194,0.4952531,0.4925183,
1,4,9.007,0.2657787,0.04696755,-1.017241,0.5084463,-0.5036194,0.4952531,0.4925183,
1,4,9.009,0.2657799,0.04694634,-1.017253,0.5084717,-0.5036359,0.4952243,0.4925043,
1,4,9.011,0.2657799,0.04694634,-1.017253,0.5084717,-0.5036359,0.4952243,0.4925043,
1,4,9.013,0.2657799,0.04694634,-1.017253,0.5084717,-0.5036359,0.4952243,0.4925043,
1,4,9.015,0.2657799,0.04694634,-1.017253,0.5084717,-0.5036359,0.4952243,0.4925043,
1,4,9.017,0.2657799,0.04694634,-1.017253,0.5084717,-0.5036359,0.4952243,0.4925043,
1,4,9.019,0.2657794,0.04697614,-1.017248,0.5084735,-0.5036234,0.4952365,0.4925031,
1,4,9.021,0.2657794,0.04697614,-1.017248,0.5084735,-0.5036234,0.4952365,0.4925031,
1,4,9.023,0.2657794,0.04697614,-1.017248,0.5084735,-0.5036234,0.4952365,0.4925031,
1,4,9.025,0.2657794,0.04697614,-1.017248,0.5084735,-0.5036234,0.4952365,0.4925031,
1,4,9.027,0.2657845,0.04693606,-1.017248,0.5084589,-0.5036581,0.4952143,0.4925047,
1,4,9.029,0.2657845,0.04693606,-1.017248,0.5084589,-0.5036581,0.4952143,0.4925047,
1,4,9.031,0.2657845,0.04693606,-1.017248,0.5084589,-0.5036581,0.4952143,0.4925047,
1,4,9.033,0.2657845,0.04693606,-1.017248,0.5084589,-0.5036581,0.4952143,0.4925047,
1,4,9.035,0.2657789,0.04693782,-1.017238,0.5084536,-0.5036717,0.4952135,0.4924971,
1,4,9.037,0.2657789,0.04693782,-1.017238,0.5084536,-0.5036717,0.4952135,0.4924971,
1,4,9.039,0.2657789,0.04693782,-1.017238,0.5084536,-0.5036717,0.4952135,0.4924971,
1,4,9.041,0.2657789,0.04693782,-1.017238,0.5084536,-0.5036717,0.4952135,0.4924971,
1,4,9.043,0.2657737,0.04695301,-1.017236,0.5084535,-0.5036442,0.4952363,0.4925024,
1,4,9.045,0.2657737,0.04695301,-1.017236,0.5084535,-0.5036442,0.4952363,0.4925024,
1,4,9.047,0.2657737,0.04695301,-1.017236,0.5084535,-0.5036442,0.4952363,0.4925024,
1,4,9.049,0.2657737,0.04695301,-1.017236,0.5084535,-0.5036442,0.4952363,0.4925024,
1,4,9.051,0.265794,0.04697926,-1.017261,0.5084848,-0.5036256,0.4952326,0.4924928,
1,4,9.053,0.265794,0.04697926,-1.017261,0.5084848,-0.5036256,0.4952326,0.4924928,
1,4,9.055,0.265794,0.04697926,-1.017261,0.5084848,-0.5036256,0.4952326,0.4924928,
1,4,9.057,0.265794,0.04697926,-1.017261,0.5084848,-0.5036256,0.4952326,0.4924928,
1,4,9.059,0.2657815,0.0469901,-1.017227,0.508466,-0.5036305,0.4952562,0.4924836,
1,4,9.061,0.2657815,0.0469901,-1.017227,0.508466,-0.5036305,0.4952562,0.4924836,
1,4,9.063,0.2657815,0.0469901,-1.017227,0.508466,-0.5036305,0.4952562,0.4924836,
1,4,9.065,0.2657815,0.0469901,-1.017227,0.508466,-0.5036305,0.4952562,0.4924836,
1,4,9.067,0.2657815,0.0469901,-1.017227,0.508466,-0.5036305,0.4952562,0.4924836,
1,4,9.069,0.2657816,0.04696553,-1.017244,0.5084704,-0.5036383,0.4952334,0.4924939,
1,4,9.071,0.2657816,0.04696553,-1.017244,0.5084704,-0.5036383,0.4952334,0.4924939,
1,4,9.073,0.2657816,0.04696553,-1.017244,0.5084704,-0.5036383,0.4952334,0.4924939,
1,4,9.075,0.2657816,0.04696553,-1.017244,0.5084704,-0.5036383,0.4952334,0.4924939,
1,4,9.077,0.2657834,0.0469949,-1.017235,0.5084695,-0.5036178,0.4952554,0.4924939,
1,4,9.079,0.2657834,0.0469949,-1.017235,0.5084695,-0.5036178,0.4952554,0.4924939,
1,4,9.081,0.2657834,0.0469949,-1.017235,0.5084695,-0.5036178,0.4952554,0.4924939,
1,4,9.083,0.2657834,0.0469949,-1.017235,0.5084695,-0.5036178,0.4952554,0.4924939,
1,4,9.085,0.2657911,0.04701395,-1.017235,0.5084782,-0.5035949,0.4952835,0.4924797,
1,4,9.087,0.2657911,0.04701395,-1.017235,0.5084782,-0.5035949,0.4952835,0.4924797,
1,4,9.089,0.2657911,0.04701395,-1.017235,0.5084782,-0.5035949,0.4952835,0.4924797,
1,4,9.091,0.2657911,0.04701395,-1.017235,0.5084782,-0.5035949,0.4952835,0.4924797,
1,4,9.093,0.265779,0.04696988,-1.017259,0.5084602,-0.5036137,0.4952422,0.4925209,
1,4,9.095,0.265779,0.04696988,-1.017259,0.5084602,-0.5036137,0.4952422,0.4925209,
1,4,9.097,0.265779,0.04696988,-1.017259,0.5084602,-0.5036137,0.4952422,0.4925209,
1,4,9.099,0.265779,0.04696988,-1.017259,0.5084602,-0.5036137,0.4952422,0.4925209,
1,4,9.101,0.2657844,0.04695854,-1.017262,0.5084741,-0.5036183,0.4952346,0.4925092,
1,4,9.103,0.2657844,0.04695854,-1.017262,0.5084741,-0.5036183,0.4952346,0.4925092,
1,4,9.105,0.2657844,0.04695854,-1.017262,0.5084741,-0.5036183,0.4952346,0.4925092,
1,4,9.107,0.2657844,0.04695854,-1.017262,0.5084741,-0.5036183,0.4952346,0.4925092,
1,4,9.109,0.2657783,0.0469484,-1.017235,0.5084487,-0.5036389,0.4952385,0.4925106,
1,4,9.111,0.2657783,0.0469484,-1.017235,0.5084487,-0.5036389,0.4952385,0.4925106,
1,4,9.113,0.2657783,0.0469484,-1.017235,0.5084487,-0.5036389,0.4952385,0.4925106,
1,4,9.115,0.2657783,0.0469484,-1.017235,0.5084487,-0.5036389,0.4952385,0.4925106,
1,4,9.117,0.2657783,0.0469484,-1.017235,0.5084487,-0.5036389,0.4952385,0.4925106,
1,4,9.119,0.2657807,0.04697303,-1.017254,0.5084503,-0.5036155,0.4952561,0.4925151,
1,4,9.121,0.2657807,0.04697303,-1.017254,0.5084503,-0.5036155,0.4952561,0.4925151,
1,4,9.123,0.2657807,0.04697303,-1.017254,0.5084503,-0.5036155,0.4952561,0.4925151,
1,4,9.125,0.2657807,0.04697303,-1.017254,0.5084503,-0.5036155,0.4952561,0.4925151,
1,4,9.127,0.2657791,0.04694092,-1.017272,0.5084497,-0.503616,0.4952444,0.492527,
1,4,9.129,0.2657791,0.04694092,-1.017272,0.5084497,-0.503616,0.4952444,0.492527,
1,4,9.131,0.2657791,0.04694092,-1.017272,0.5084497,-0.503616,0.4952444,0.492527,
1,4,9.133,0.2657791,0.04694092,-1.017272,0.5084497,-0.503616,0.4952444,0.492527,
1,4,9.135,0.2657815,0.04693826,-1.017255,0.5084391,-0.5036114,0.4952469,0.4925402,
1,4,9.137,0.2657815,0.04693826,-1.017255,0.5084391,-0.5036114,0.4952469,0.4925402,
1,4,9.139,0.2657815,0.04693826,-1.017255,0.5084391,-0.5036114,0.4952469,0.4925402,
1,4,9.141,0.2657815,0.04693826,-1.017255,0.5084391,-0.5036114,0.4952469,0.4925402,
1,4,9.143,0.2657686,0.04695655,-1.017267,0.5084813,-0.5036144,0.4952296,0.4925109,
1,4,9.145,0.2657686,0.04695655,-1.017267,0.5084813,-0.5036144,0.4952296,0.4925109,
1,4,9.147,0.2657686,0.04695655,-1.017267,0.5084813,-0.5036144,0.4952296,0.4925109,
1,4,9.149,0.2657686,0.04695655,-1.017267,0.5084813,-0.5036144,0.4952296,0.4925109,
1,4,9.151,0.2657738,0.04694669,-1.017265,0.5084916,-0.5036358,0.4952129,0.4924951,
1,4,9.153,0.2657738,0.04694669,-1.017265,0.5084916,-0.5036358,0.4952129,0.4924951,
1,4,9.155,0.2657738,0.04694669,-1.017265,0.5084916,-0.5036358,0.4952129,0.4924951,
1,4,9.157,0.2657738,0.04694669,-1.017265,0.5084916,-0.5036358,0.4952129,0.4924951,
1,4,9.159,0.2657835,0.04694175,-1.017258,0.5084612,-0.5036313,0.495225,0.4925191,
1,4,9.161,0.2657835,0.04694175,-1.017258,0.5084612,-0.5036313,0.495225,0.4925191,
1,4,9.163,0.2657835,0.04694175,-1.017258,0.5084612,-0.5036313,0.495225,0.4925191,
1,4,9.165,0.2657835,0.04694175,-1.017258,0.5084612,-0.5036313,0.495225,0.4925191,
1,4,9.167,0.2657835,0.04694175,-1.017258,0.5084612,-0.5036313,0.495225,0.4925191,
1,4,9.169,0.2657777,0.04697189,-1.017247,0.5084645,-0.5036198,0.495251,0.4925013,
1,4,9.171,0.2657777,0.04697189,-1.017247,0.5084645,-0.5036198,0.495251,0.4925013,
1,4,9.173,0.2657777,0.04697189,-1.017247,0.5084645,-0.5036198,0.495251,0.4925013,
1,4,9.175,0.2657777,0.04697189,-1.017247,0.5084645,-0.5036198,0.495251,0.4925013,
1,4,9.177,0.2657818,0.04696262,-1.017241,0.5084606,-0.5036152,0.4952483,0.4925127,
1,4,9.179,0.2657818,0.04696262,-1.017241,0.5084606,-0.5036152,0.4952483,0.4925127,
1,4,9.181,0.2657818,0.04696262,-1.017241,0.5084606,-0.5036152,0.4952483,0.4925127,
1,4,9.183,0.2657818,0.04696262,-1.017241,0.5084606,-0.5036152,0.4952483,0.4925127,
1,4,9.185,0.2657717,0.04693322,-1.017256,0.5084447,-0.5036339,0.4952265,0.492532,
1,4,9.187,0.2657717,0.04693322,-1.017256,0.5084447,-0.5036339,0.4952265,0.492532,
1,4,9.189,0.2657717,0.04693322,-1.017256,0.5084447,-0.5036339,0.4952265,0.492532,
1,4,9.191,0.2657717,0.04693322,-1.017256,0.5084447,-0.5036339,0.4952265,0.492532,
1,4,9.193,0.2657665,0.04695952,-1.017267,0.5084717,-0.5036279,0.4952308,0.4925058,
1,4,9.195,0.2657665,0.04695952,-1.017267,0.5084717,-0.5036279,0.4952308,0.4925058,
1,4,9.197,0.2657665,0.04695952,-1.017267,0.5084717,-0.5036279,0.4952308,0.4925058,
1,4,9.199,0.2657665,0.04695952,-1.017267,0.5084717,-0.5036279,0.4952308,0.4925058,
1,4,9.201,0.2657791,0.04695405,-1.017285,0.5084655,-0.5036048,0.495236,0.4925307,
1,4,9.203,0.2657791,0.04695405,-1.017285,0.5084655,-0.5036048,0.495236,0.4925307,
1,4,9.205,0.2657791,0.04695405,-1.017285,0.5084655,-0.5036048,0.495236,0.4925307,
1,4,9.207,0.2657791,0.04695405,-1.017285,0.5084655,-0.5036048,0.495236,0.4925307,
1,4,9.209,0.2657809,0.04693753,-1.017266,0.5084512,-0.5036113,0.49524,0.4925346,
1,4,9.211,0.2657809,0.04693753,-1.017266,0.5084512,-0.5036113,0.49524,0.4925346,
1,4,9.213,0.2657809,0.04693753,-1.017266,0.5084512,-0.5036113,0.49524,0.4925346,
1,4,9.215,0.2657809,0.04693753,-1.017266,0.5084512,-0.5036113,0.49524,0.4925346,
1,4,9.217,0.2657809,0.04693753,-1.017266,0.5084512,-0.5036113,0.49524,0.4925346,
1,4,9.219,0.2657644,0.04692996,-1.017256,0.5084352,-0.5036311,0.4952337,0.4925374,
1,4,9.221,0.2657644,0.04692996,-1.017256,0.5084352,-0.5036311,0.4952337,0.4925374,
1,4,9.223,0.2657644,0.04692996,-1.017256,0.5084352,-0.5036311,0.4952337,0.4925374,
1,4,9.225,0.2657644,0.04692996,-1.017256,0.5084352,-0.5036311,0.4952337,0.4925374,
1,4,9.227,0.2657777,0.04694518,-1.017278,0.5084472,-0.5035983,0.4952429,0.4925492,
1,4,9.229,0.2657777,0.04694518,-1.017278,0.5084472,-0.5035983,0.4952429,0.4925492,
1,4,9.231,0.2657777,0.04694518,-1.017278,0.5084472,-0.5035983,0.4952429,0.4925492,
1,4,9.233,0.2657777,0.04694518,-1.017278,0.5084472,-0.5035983,0.4952429,0.4925492,
1,4,9.235,0.2657781,0.04696674,-1.017256,0.5084621,-0.5036104,0.4952483,0.4925161,
1,4,9.237,0.2657781,0.04696674,-1.017256,0.5084621,-0.5036104,0.4952483,0.4925161,
1,4,9.239,0.2657781,0.04696674,-1.017256,0.5084621,-0.5036104,0.4952483,0.4925161,
1,4,9.241,0.2657781,0.04696674,-1.017256,0.5084621,-0.5036104,0.4952483,0.4925161,
1,4,9.243,0.2657688,0.04692853,-1.017255,0.5084585,-0.5036396,0.4952202,0.4925182,
1,4,9.245,0.2657688,0.04692853,-1.017255,0.5084585,-0.5036396,0.4952202,0.4925182,
1,4,9.247,0.2657688,0.04692853,-1.017255,0.5084585,-0.5036396,0.4952202,0.4925182,
1,4,9.249,0.2657688,0.04692853,-1.017255,0.5084585,-0.5036396,0.4952202,0.4925182,
1,4,9.251,0.2657764,0.04695147,-1.017251,0.5084721,-0.5036395,0.4952297,0.4924947,
1,4,9.253,0.2657764,0.04695147,-1.017251,0.5084721,-0.5036395,0.4952297,0.4924947,
1,4,9.255,0.2657764,0.04695147,-1.017251,0.5084721,-0.5036395,0.4952297,0.4924947,
1,4,9.257,0.2657764,0.04695147,-1.017251,0.5084721,-0.5036395,0.4952297,0.4924947,
1,4,9.259,0.2657902,0.04693566,-1.017248,0.5084453,-0.5036367,0.495232,0.4925227,
1,4,9.261,0.2657902,0.04693566,-1.017248,0.5084453,-0.5036367,0.495232,0.4925227,
1,4,9.263,0.2657902,0.04693566,-1.017248,0.5084453,-0.5036367,0.495232,0.4925227,
1,4,9.265,0.2657902,0.04693566,-1.017248,0.5084453,-0.5036367,0.495232,0.4925227,
1,4,9.267,0.2657902,0.04693566,-1.017248,0.5084453,-0.5036367,0.495232,0.4925227,
1,4,9.269,0.2657784,0.04696629,-1.017259,0.5084584,-0.5036165,0.4952393,0.4925226,
1,4,9.271,0.2657784,0.04696629,-1.017259,0.5084584,-0.5036165,0.4952393,0.4925226,
1,4,9.273,0.2657784,0.04696629,-1.017259,0.5084584,-0.5036165,0.4952393,0.4925226,
1,4,9.275,0.2657784,0.04696629,-1.017259,0.5084584,-0.5036165,0.4952393,0.4925226,
1,4,9.277,0.2657797,0.04691683,-1.017236,0.5084597,-0.503673,0.495201,0.492502,
1,4,9.279,0.2657797,0.04691683,-1.017236,0.5084597,-0.503673,0.495201,0.492502,
1,4,9.281,0.2657797,0.04691683,-1.017236,0.5084597,-0.503673,0.495201,0.492502,
1,4,9.283,0.2657797,0.04691683,-1.017236,0.5084597,-0.503673,0.495201,0.492502,
1,4,9.285,0.2657786,0.04693289,-1.017231,0.5084522,-0.5036409,0.495237,0.4925065,
1,4,9.287,0.2657786,0.04693289,-1.017231,0.5084522,-0.5036409,0.495237,0.4925065,
1,4,9.289,0.2657786,0.04693289,-1.017231,0.5084522,-0.5036409,0.495237,0.4925065,
1,4,9.291,0.2657786,0.04693289,-1.017231,0.5084522,-0.5036409,0.495237,0.4925065,
1,4,9.293,0.265777,0.04696221,-1.017259,0.5084706,-0.5036197,0.4952372,0.4925089,
1,4,9.295,0.265777,0.04696221,-1.017259,0.5084706,-0.5036197,0.4952372,0.4925089,
1,4,9.297,0.265777,0.04696221,-1.017259,0.5084706,-0.5036197,0.4952372,0.4925089,
1,4,9.299,0.265777,0.04696221,-1.017259,0.5084706,-0.5036197,0.4952372,0.4925089,
1,4,9.301,0.2657824,0.04695447,-1.01724,0.5084774,-0.5036454,0.4952205,0.4924924,
1,4,9.303,0.2657824,0.04695447,-1.01724,0.5084774,-0.5036454,0.4952205,0.4924924,
1,4,9.305,0.2657824,0.04695447,-1.01724,0.5084774,-0.5036454,0.4952205,0.4924924,
1,4,9.307,0.2657824,0.04695447,-1.01724,0.5084774,-0.5036454,0.4952205,0.4924924,
1,4,9.309,0.2657637,0.04693088,-1.017239,0.5084735,-0.50366,0.4952057,0.4924964,
1,4,9.311,0.2657637,0.04693088,-1.017239,0.5084735,-0.50366,0.4952057,0.4924964,
1,4,9.313,0.2657637,0.04693088,-1.017239,0.5084735,-0.50366,0.4952057,0.4924964,
1,4,9.315,0.2657637,0.04693088,-1.017239,0.5084735,-0.50366,0.4952057,0.4924964,
1,4,9.317,0.2657637,0.04693088,-1.017239,0.5084735,-0.50366,0.4952057,0.4924964,
1,4,9.319,0.2657772,0.04697105,-1.017237,0.5084671,-0.5036432,0.4952286,0.4924971,
1,4,9.321,0.2657772,0.04697105,-1.017237,0.5084671,-0.5036432,0.4952286,0.4924971,
1,4,9.323,0.2657772,0.04697105,-1.017237,0.5084671,-0.5036432,0.4952286,0.4924971,
1,4,9.325,0.2657772,0.04697105,-1.017237,0.5084671,-0.5036432,0.4952286,0.4924971,
1,4,9.327,0.2657859,0.04697331,-1.017243,0.5084687,-0.5036328,0.4952427,0.4924919,
1,4,9.329,0.2657859,0.04697331,-1.017243,0.5084687,-0.5036328,0.4952427,0.4924919,
1,4,9.331,0.2657859,0.04697331,-1.017243,0.5084687,-0.5036328,0.4952427,0.4924919,
1,4,9.333,0.2657859,0.04697331,-1.017243,0.5084687,-0.5036328,0.4952427,0.4924919,
1,4,9.335,0.2657826,0.04693959,-1.01726,0.5084659,-0.5036456,0.4952143,0.4925103,
1,4,9.337,0.2657826,0.04693959,-1.01726,0.5084659,-0.5036456,0.4952143,0.4925103,
1,4,9.339,0.2657826,0.04693959,-1.01726,0.5084659,-0.5036456,0.4952143,0.4925103,
1,4,9.341,0.2657826,0.04693959,-1.01726,0.5084659,-0.5036456,0.4952143,0.4925103,
1,4,9.343,0.2657714,0.04694165,-1.017247,0.5084597,-0.5036457,0.4952227,0.4925081,
1,4,9.345,0.2657714,0.04694165,-1.017247,0.5084597,-0.5036457,0.4952227,0.4925081,
1,4,9.347,0.2657714,0.04694165,-1.017247,0.5084597,-0.5036457,0.4952227,0.4925081,
1,4,9.349,0.2657714,0.04694165,-1.017247,0.5084597,-0.5036457,0.4952227,0.4925081,
1,4,9.351,0.2657842,0.04699339,-1.017244,0.5084671,-0.5036066,0.4952646,0.4924984,
1,4,9.353,0.2657842,0.04699339,-1.017244,0.5084671,-0.5036066,0.4952646,0.4924984,
1,4,9.355,0.2657842,0.04699339,-1.017244,0.5084671,-0.5036066,0.4952646,0.4924984,
1,4,9.357,0.2657842,0.04699339,-1.017244,0.5084671,-0.5036066,0.4952646,0.4924984,
1,4,9.359,0.2657754,0.0469911,-1.017229,0.5084715,-0.5036289,0.4952495,0.4924861,
1,4,9.361,0.2657754,0.0469911,-1.017229,0.5084715,-0.5036289,0.4952495,0.4924861,
1,4,9.363,0.2657754,0.0469911,-1.017229,0.5084715,-0.5036289,0.4952495,0.4924861,
1,4,9.365,0.2657754,0.0469911,-1.017229,0.5084715,-0.5036289,0.4952495,0.4924861,
1,4,9.367,0.2657754,0.0469911,-1.017229,0.5084715,-0.5036289,0.4952495,0.4924861,
1,4,9.369,0.2657727,0.04697683,-1.017223,0.5084603,-0.5036354,0.4952534,0.4924872,
1,4,9.371,0.2657727,0.04697683,-1.017223,0.5084603,-0.5036354,0.4952534,0.4924872,
1,4,9.373,0.2657727,0.04697683,-1.017223,0.5084603,-0.5036354,0.4952534,0.4924872,
1,4,9.375,0.2657727,0.04697683,-1.017223,0.5084603,-0.5036354,0.4952534,0.4924872,
1,4,9.377,0.2657699,0.04699336,-1.017247,0.5084702,-0.5036169,0.4952546,0.4924947,
1,4,9.379,0.2657699,0.04699336,-1.017247,0.5084702,-0.5036169,0.4952546,0.4924947,
1,4,9.381,0.2657699,0.04699336,-1.017247,0.5084702,-0.5036169,0.4952546,0.4924947,
1,4,9.383,0.2657699,0.04699336,-1.017247,0.5084702,-0.5036169,0.4952546,0.4924947,
1,4,9.385,0.2657731,0.04696368,-1.017239,0.5084645,-0.5036291,0.4952447,0.492498,
1,4,9.387,0.2657731,0.04696368,-1.017239,0.5084645,-0.5036291,0.4952447,0.492498,
1,4,9.389,0.2657731,0.04696368,-1.017239,0.5084645,-0.5036291,0.4952447,0.492498,
1,4,9.391,0.2657731,0.04696368,-1.017239,0.5084645,-0.5036291,0.4952447,0.492498,
1,4,9.393,0.2657623,0.04693419,-1.01724,0.5084662,-0.5036409,0.4952261,0.4925028,
1,4,9.395,0.2657623,0.04693419,-1.01724,0.5084662,-0.5036409,0.4952261,0.4925028,
1,4,9.397,0.2657623,0.04693419,-1.01724,0.5084662,-0.5036409,0.4952261,0.4925028,
1,4,9.399,0.2657623,0.04693419,-1.01724,0.5084662,-0.5036409,0.4952261,0.4925028,
1,4,9.401,0.265771,0.04697616,-1.017245,0.5084651,-0.5036237,0.4952456,0.492502,
1,4,9.403,0.265771,0.04697616,-1.017245,0.5084651,-0.5036237,0.4952456,0.492502,
1,4,9.405,0.265771,0.04697616,-1.017245,0.5084651,-0.5036237,0.4952456,0.492502,
1,4,9.407,0.265771,0.04697616,-1.017245,0.5084651,-0.5036237,0.4952456,0.492502,
1,4,9.409,0.2657782,0.04695961,-1.017231,0.5084593,-0.5036425,0.4952364,0.492498,
1,4,9.411,0.2657782,0.04695961,-1.017231,0.5084593,-0.5036425,0.4952364,0.492498,
1,4,9.413,0.2657782,0.04695961,-1.017231,0.5084593,-0.5036425,0.4952364,0.492498,
1,4,9.415,0.2657782,0.04695961,-1.017231,0.5084593,-0.5036425,0.4952364,0.492498,
1,4,9.417,0.2657782,0.04695961,-1.017231,0.5084593,-0.5036425,0.4952364,0.492498,
1,4,9.419,0.2657691,0.04698578,-1.017229,0.5084678,-0.5036308,0.4952516,0.4924861,
1,4,9.421,0.2657691,0.04698578,-1.017229,0.5084678,-0.5036308,0.4952516,0.4924861,
1,4,9.423,0.2657691,0.04698578,-1.017229,0.5084678,-0.5036308,0.4952516,0.4924861,
1,4,9.425,0.2657691,0.04698578,-1.017229,0.5084678,-0.5036308,0.4952516,0.4924861,
1,4,9.427,0.265769,0.04696602,-1.017244,0.5084659,-0.5036283,0.4952437,0.4924985,
1,4,9.429,0.265769,0.04696602,-1.017244,0.5084659,-0.5036283,0.4952437,0.4924985,
1,4,9.431,0.265769,0.04696602,-1.017244,0.5084659,-0.5036283,0.4952437,0.4924985,
1,4,9.433,0.265769,0.04696602,-1.017244,0.5084659,-0.5036283,0.4952437,0.4924985,
1,4,9.435,0.2657728,0.04695984,-1.017258,0.5084587,-0.5036182,0.4952413,0.4925187,
1,4,9.437,0.2657728,0.04695984,-1.017258,0.5084587,-0.5036182,0.4952413,0.4925187,
1,4,9.439,0.2657728,0.04695984,-1.017258,0.5084587,-0.5036182,0.4952413,0.4925187,
1,4,9.441,0.2657728,0.04695984,-1.017258,0.5084587,-0.5036182,0.4952413,0.4925187,
1,4,9.443,0.2657827,0.04694429,-1.017244,0.5084606,-0.5036387,0.4952285,0.4925086,
1,4,9.445,0.2657827,0.04694429,-1.017244,0.5084606,-0.5036387,0.4952285,0.4925086,
1,4,9.447,0.2657827,0.04694429,-1.017244,0.5084606,-0.5036387,0.4952285,0.4925086,
1,4,9.449,0.2657827,0.04694429,-1.017244,0.5084606,-0.5036387,0.4952285,0.4925086,
1,4,9.451,0.2657835,0.04694786,-1.01725,0.5084646,-0.5036406,0.4952212,0.4925097,
1,4,9.453,0.2657835,0.04694786,-1.01725,0.5084646,-0.5036406,0.4952212,0.4925097,
1,4,9.455,0.2657835,0.04694786,-1.01725,0.5084646,-0.5036406,0.4952212,0.4925097,
1,4,9.457,0.2657835,0.04694786,-1.01725,0.5084646,-0.5036406,0.4952212,0.4925097,
1,4,9.459,0.2657746,0.04695383,-1.017234,0.5084639,-0.5036324,0.4952432,0.4924969,
1,4,9.461,0.2657746,0.04695383,-1.017234,0.5084639,-0.5036324,0.4952432,0.4924969,
1,4,9.463,0.2657746,0.04695383,-1.017234,0.5084639,-0.5036324,0.4952432,0.4924969,
1,4,9.465,0.2657746,0.04695383,-1.017234,0.5084639,-0.5036324,0.4952432,0.4924969,
1,4,9.467,0.2657746,0.04695383,-1.017234,0.5084639,-0.5036324,0.4952432,0.4924969,
1,4,9.469,0.2657777,0.04697675,-1.017237,0.5084608,-0.5036065,0.4952624,0.4925072,
1,4,9.471,0.2657777,0.04697675,-1.017237,0.5084608,-0.5036065,0.4952624,0.4925072,
1,4,9.473,0.2657777,0.04697675,-1.017237,0.5084608,-0.5036065,0.4952624,0.4925072,
1,4,9.475,0.2657777,0.04697675,-1.017237,0.5084608,-0.5036065,0.4952624,0.4925072,
1,4,9.477,0.2657763,0.0469541,-1.017266,0.5084597,-0.5036267,0.4952338,0.4925163,
1,4,9.479,0.2657763,0.0469541,-1.017266,0.5084597,-0.5036267,0.4952338,0.4925163,
1,4,9.481,0.2657763,0.0469541,-1.017266,0.5084597,-0.5036267,0.4952338,0.4925163,
1,4,9.483,0.2657763,0.0469541,-1.017266,0.5084597,-0.5036267,0.4952338,0.4925163,
1,4,9.485,0.2657751,0.04694734,-1.017245,0.5084563,-0.5036227,0.4952491,0.4925086,
1,4,9.487,0.2657751,0.04694734,-1.017245,0.5084563,-0.5036227,0.4952491,0.4925086,
1,4,9.489,0.2657751,0.04694734,-1.017245,0.5084563,-0.5036227,0.4952491,0.4925086,
1,4,9.491,0.2657751,0.04694734,-1.017245,0.5084563,-0.5036227,0.4952491,0.4925086,
1,4,9.493,0.2657851,0.046993,-1.017244,0.5084842,-0.5036134,0.495259,0.4924793,
1,4,9.495,0.2657851,0.046993,-1.017244,0.5084842,-0.5036134,0.495259,0.4924793,
1,4,9.497,0.2657851,0.046993,-1.017244,0.5084842,-0.5036134,0.495259,0.4924793,
1,4,9.499,0.2657851,0.046993,-1.017244,0.5084842,-0.5036134,0.495259,0.4924793,
1,4,9.501,0.265775,0.04701275,-1.01725,0.508477,-0.5035966,0.4952741,0.4924889,
1,4,9.503,0.265775,0.04701275,-1.01725,0.508477,-0.5035966,0.4952741,0.4924889,
1,4,9.505,0.265775,0.04701275,-1.01725,0.508477,-0.5035966,0.4952741,0.4924889,
1,4,9.507,0.265775,0.04701275,-1.01725,0.508477,-0.5035966,0.4952741,0.4924889,
1,4,9.509,0.265778,0.04700447,-1.017247,0.5084589,-0.5035943,0.4952806,0.4925035,
1,4,9.511,0.265778,0.04700447,-1.017247,0.5084589,-0.5035943,0.4952806,0.4925035,
1,4,9.513,0.265778,0.04700447,-1.017247,0.5084589,-0.5035943,0.4952806,0.4925035,
1,4,9.515,0.265778,0.04700447,-1.017247,0.5084589,-0.5035943,0.4952806,0.4925035,
1,4,9.517,0.265778,0.04700447,-1.017247,0.5084589,-0.5035943,0.4952806,0.4925035,
1,4,9.519,0.2657804,0.04699737,-1.017249,0.5084809,-0.5035973,0.4952736,0.4924845,
1,4,9.521,0.2657804,0.04699737,-1.017249,0.5084809,-0.5035973,0.4952736,0.4924845,
1,4,9.523,0.2657804,0.04699737,-1.017249,0.5084809,-0.5035973,0.4952736,0.4924845,
1,4,9.525,0.2657804,0.04699737,-1.017249,0.5084809,-0.5035973,0.4952736,0.4924845,
1,4,9.527,0.265787,0.04697258,-1.017261,0.5084789,-0.5036064,0.4952521,0.4924991,
1,4,9.529,0.265787,0.04697258,-1.017261,0.5084789,-0.5036064,0.4952521,0.4924991,
1,4,9.531,0.265787,0.04697258,-1.017261,0.5084789,-0.5036064,0.4952521,0.4924991,
1,4,9.533,0.265787,0.04697258,-1.017261,0.5084789,-0.5036064,0.4952521,0.4924991,
1,4,9.535,0.2657809,0.0469439,-1.017278,0.508458,-0.5036225,0.4952274,0.4925289,
1,4,9.537,0.2657809,0.0469439,-1.017278,0.508458,-0.5036225,0.4952274,0.4925289,
1,4,9.539,0.2657809,0.0469439,-1.017278,0.508458,-0.5036225,0.4952274,0.4925289,
1,4,9.541,0.2657809,0.0469439,-1.017278,0.508458,-0.5036225,0.4952274,0.4925289,
1,4,9.543,0.2657729,0.04694201,-1.017261,0.5084537,-0.5036271,0.4952342,0.4925218,
1,4,9.545,0.2657729,0.04694201,-1.017261,0.5084537,-0.5036271,0.4952342,0.4925218,
1,4,9.547,0.2657729,0.04694201,-1.017261,0.5084537,-0.5036271,0.4952342,0.4925218,
1,4,9.549,0.2657729,0.04694201,-1.017261,0.5084537,-0.5036271,0.4952342,0.4925218,
1,4,9.551,0.2657827,0.04694236,-1.017251,0.5084628,-0.503641,0.495227,0.4925053,
1,4,9.553,0.2657827,0.04694236,-1.017251,0.5084628,-0.503641,0.495227,0.4925053,
1,4,9.555,0.2657827,0.04694236,-1.017251,0.5084628,-0.503641,0.495227,0.4925053,
1,4,9.557,0.2657827,0.04694236,-1.017251,0.5084628,-0.503641,0.495227,0.4925053,
1,4,9.559,0.2657784,0.04692844,-1.017253,0.5084644,-0.5036497,0.4952084,0.4925138,
1,4,9.561,0.2657784,0.04692844,-1.017253,0.5084644,-0.5036497,0.4952084,0.4925138,
1,4,9.563,0.2657784,0.04692844,-1.017253,0.5084644,-0.5036497,0.4952084,0.4925138,
1,4,9.565,0.2657784,0.04692844,-1.017253,0.5084644,-0.5036497,0.4952084,0.4925138,
1,4,9.567,0.2657784,0.04692844,-1.017253,0.5084644,-0.5036497,0.4952084,0.4925138,
1,4,9.569,0.2657792,0.0469489,-1.017268,0.5084743,-0.5036289,0.4952272,0.4925057,
1,4,9.571,0.2657792,0.0469489,-1.017268,0.5084743,-0.5036289,0.4952272,0.4925057,
1,4,9.573,0.2657792,0.0469489,-1.017268,0.5084743,-0.5036289,0.4952272,0.4925057,
1,4,9.575,0.2657792,0.0469489,-1.017268,0.5084743,-0.5036289,0.4952272,0.4925057,
1,4,9.577,0.2657829,0.04694761,-1.017245,0.5084409,-0.5036236,0.4952528,0.49252,
1,4,9.579,0.2657829,0.04694761,-1.017245,0.5084409,-0.5036236,0.4952528,0.49252,
1,4,9.581,0.2657829,0.04694761,-1.017245,0.5084409,-0.5036236,0.4952528,0.49252,
1,4,9.583,0.2657829,0.04694761,-1.017245,0.5084409,-0.5036236,0.4952528,0.49252,
1,4,9.585,0.265779,0.04692159,-1.017248,0.5084726,-0.5036511,0.4952109,0.4925011,
1,4,9.587,0.265779,0.04692159,-1.017248,0.5084726,-0.5036511,0.4952109,0.4925011,
1,4,9.589,0.265779,0.04692159,-1.017248,0.5084726,-0.5036511,0.4952109,0.4925011,
1,4,9.591,0.265779,0.04692159,-1.017248,0.5084726,-0.5036511,0.4952109,0.4925011,
1,4,9.593,0.2657848,0.04695643,-1.017265,0.5084673,-0.5036159,0.4952422,0.4925111,
1,4,9.595,0.2657848,0.04695643,-1.017265,0.5084673,-0.5036159,0.4952422,0.4925111,
1,4,9.597,0.2657848,0.04695643,-1.017265,0.5084673,-0.5036159,0.4952422,0.4925111,
1,4,9.599,0.2657848,0.04695643,-1.017265,0.5084673,-0.5036159,0.4952422,0.4925111,
1,4,9.601,0.2657841,0.04697312,-1.017263,0.5084667,-0.5036114,0.4952539,0.4925046,
1,4,9.603,0.2657841,0.04697312,-1.017263,0.5084667,-0.5036114,0.4952539,0.4925046,
1,4,9.605,0.2657841,0.04697312,-1.017263,0.5084667,-0.5036114,0.4952539,0.4925046,
1,4,9.607,0.2657841,0.04697312,-1.017263,0.5084667,-0.5036114,0.4952539,0.4925046,
1,4,9.609,0.2657883,0.04698393,-1.017254,0.5084743,-0.5036126,0.4952558,0.4924937,
1,4,9.611,0.2657883,0.04698393,-1.017254,0.5084743,-0.5036126,0.4952558,0.4924937,
1,4,9.613,0.2657883,0.04698393,-1.017254,0.5084743,-0.5036126,0.4952558,0.4924937,
1,4,9.615,0.2657883,0.04698393,-1.017254,0.5084743,-0.5036126,0.4952558,0.4924937,
1,4,9.617,0.2657883,0.04698393,-1.017254,0.5084743,-0.5036126,0.4952558,0.4924937,
1,4,9.619,0.265785,0.0469709,-1.017243,0.5084765,-0.5036258,0.4952479,0.4924858,
1,4,9.621,0.265785,0.0469709,-1.017243,0.5084765,-0.5036258,0.4952479,0.4924858,
1,4,9.623,0.265785,0.0469709,-1.017243,0.5084765,-0.5036258,0.4952479,0.4924858,
1,4,9.625,0.265785,0.0469709,-1.017243,0.5084765,-0.5036258,0.4952479,0.4924858,
1,4,9.627,0.2657846,0.04699965,-1.017257,0.5084949,-0.5036203,0.4952488,0.4924715,
1,4,9.629,0.2657846,0.04699965,-1.017257,0.5084949,-0.5036203,0.4952488,0.4924715,
1,4,9.631,0.2657846,0.04699965,-1.017257,0.5084949,-0.5036203,0.4952488,0.4924715,
1,4,9.633,0.2657846,0.04699965,-1.017257,0.5084949,-0.5036203,0.4952488,0.4924715,
1,4,9.635,0.2657801,0.04698875,-1.017248,0.5084949,-0.5036339,0.4952391,0.4924673,
1,4,9.637,0.2657801,0.04698875,-1.017248,0.5084949,-0.5036339,0.4952391,0.4924673,
1,4,9.639,0.2657801,0.04698875,-1.017248,0.5084949,-0.5036339,0.4952391,0.4924673,
1,4,9.641,0.2657801,0.04698875,-1.017248,0.5084949,-0.5036339,0.4952391,0.4924673,
1,4,9.643,0.2657794,0.04700112,-1.017258,0.5084869,-0.5036033,0.4952636,0.4924824,
1,4,9.645,0.2657794,0.04700112,-1.017258,0.5084869,-0.5036033,0.4952636,0.4924824,
1,4,9.647,0.2657794,0.04700112,-1.017258,0.5084869,-0.5036033,0.4952636,0.4924824,
1,4,9.649,0.2657794,0.04700112,-1.017258,0.5084869,-0.5036033,0.4952636,0.4924824,
1,4,9.651,0.26579,0.04699824,-1.017256,0.5084944,-0.5036237,0.4952444,0.492473,
1,4,9.653,0.26579,0.04699824,-1.017256,0.5084944,-0.5036237,0.4952444,0.492473,
1,4,9.655,0.26579,0.04699824,-1.017256,0.5084944,-0.5036237,0.4952444,0.492473,
1,4,9.657,0.26579,0.04699824,-1.017256,0.5084944,-0.5036237,0.4952444,0.492473,
1,4,9.659,0.2657805,0.04699985,-1.017255,0.5084913,-0.5036229,0.4952482,0.4924733,
1,4,9.661,0.2657805,0.04699985,-1.017255,0.5084913,-0.5036229,0.4952482,0.4924733,
1,4,9.663,0.2657805,0.04699985,-1.017255,0.5084913,-0.5036229,0.4952482,0.4924733,
1,4,9.665,0.2657805,0.04699985,-1.017255,0.5084913,-0.5036229,0.4952482,0.4924733,
1,4,9.667,0.2657805,0.04699985,-1.017255,0.5084913,-0.5036229,0.4952482,0.4924733,
1,4,9.669,0.26577,0.04696355,-1.017262,0.5084879,-0.503645,0.4952203,0.4924822,
1,4,9.671,0.26577,0.04696355,-1.017262,0.5084879,-0.503645,0.4952203,0.4924822,
1,4,9.673,0.26577,0.04696355,-1.017262,0.5084879,-0.503645,0.4952203,0.4924822,
1,4,9.675,0.26577,0.04696355,-1.017262,0.5084879,-0.503645,0.4952203,0.4924822,
1,4,9.677,0.2657856,0.04695499,-1.017242,0.5084776,-0.5036601,0.4952195,0.4924782,
1,4,9.679,0.2657856,0.04695499,-1.017242,0.5084776,-0.5036601,0.4952195,0.4924782,
1,4,9.681,0.2657856,0.04695499,-1.017242,0.5084776,-0.5036601,0.4952195,0.4924782,
1,4,9.683,0.2657856,0.04695499,-1.017242,0.5084776,-0.5036601,0.4952195,0.4924782,
1,4,9.685,0.2658066,0.04697102,-1.017239,0.5084854,-0.5036504,0.4952255,0.492474,
1,4,9.687,0.2658066,0.04697102,-1.017239,0.5084854,-0.5036504,0.4952255,0.492474,
1,4,9.689,0.2658066,0.04697102,-1.017239,0.5084854,-0.5036504,0.4952255,0.492474,
1,4,9.691,0.2658066,0.04697102,-1.017239,0.5084854,-0.5036504,0.4952255,0.492474,
1,4,9.693,0.2657887,0.04700321,-1.017245,0.5084789,-0.5036116,0.4952597,0.492486,
1,4,9.695,0.2657887,0.04700321,-1.017245,0.5084789,-0.5036116,0.4952597,0.492486,
1,4,9.697,0.2657887,0.04700321,-1.017245,0.5084789,-0.5036116,0.4952597,0.492486,
1,4,9.699,0.2657887,0.04700321,-1.017245,0.5084789,-0.5036116,0.4952597,0.492486,
1,4,9.701,0.2657812,0.04697921,-1.017261,0.5084831,-0.5036393,0.4952348,0.4924785,
1,4,9.703,0.2657812,0.04697921,-1.017261,0.5084831,-0.5036393,0.4952348,0.4924785,
1,4,9.705,0.2657812,0.04697921,-1.017261,0.5084831,-0.5036393,0.4952348,0.4924785,
1,4,9.707,0.2657812,0.04697921,-1.017261,0.5084831,-0.5036393,0.4952348,0.4924785,
1,4,9.709,0.2657922,0.04698588,-1.017235,0.5084755,-0.5036374,0.4952421,0.4924809,
1,4,9.711,0.2657922,0.04698588,-1.017235,0.5084755,-0.5036374,0.4952421,0.4924809,
1,4,9.713,0.2657922,0.04698588,-1.017235,0.5084755,-0.5036374,0.4952421,0.4924809,
1,4,9.715,0.2657922,0.04698588,-1.017235,0.5084755,-0.5036374,0.4952421,0.4924809,
1,4,9.717,0.2657922,0.04698588,-1.017235,0.5084755,-0.5036374,0.4952421,0.4924809,
1,4,9.719,0.2657863,0.04696056,-1.017252,0.5084818,-0.5036527,0.4952172,0.4924837,
1,4,9.721,0.2657863,0.04696056,-1.017252,0.5084818,-0.5036527,0.4952172,0.4924837,
1,4,9.723,0.2657863,0.04696056,-1.017252,0.5084818,-0.5036527,0.4952172,0.4924837,
1,4,9.725,0.2657863,0.04696056,-1.017252,0.5084818,-0.5036527,0.4952172,0.4924837,
1,4,9.727,0.2657873,0.04698549,-1.017248,0.5084992,-0.5036318,0.4952404,0.4924638,
1,4,9.729,0.2657873,0.04698549,-1.017248,0.5084992,-0.5036318,0.4952404,0.4924638,
1,4,9.731,0.2657873,0.04698549,-1.017248,0.5084992,-0.5036318,0.4952404,0.4924638,
1,4,9.733,0.2657873,0.04698549,-1.017248,0.5084992,-0.5036318,0.4952404,0.4924638,
1,4,9.735,0.2657883,0.04698888,-1.017251,0.5084921,-0.5036352,0.4952311,0.4924771,
1,4,9.737,0.2657883,0.04698888,-1.017251,0.5084921,-0.5036352,0.4952311,0.4924771,
1,4,9.739,0.2657883,0.04698888,-1.017251,0.5084921,-0.5036352,0.4952311,0.4924771,
1,4,9.741,0.2657883,0.04698888,-1.017251,0.5084921,-0.5036352,0.4952311,0.4924771,
1,4,9.743,0.2657863,0.04697558,-1.017248,0.5084836,-0.5036404,0.4952335,0.4924781,
1,4,9.745,0.2657863,0.04697558,-1.017248,0.5084836,-0.5036404,0.4952335,0.4924781,
1,4,9.747,0.2657863,0.04697558,-1.017248,0.5084836,-0.5036404,0.4952335,0.4924781,
1,4,9.749,0.2657863,0.04697558,-1.017248,0.5084836,-0.5036404,0.4952335,0.4924781,
1,4,9.751,0.2657851,0.04694543,-1.017258,0.5084943,-0.5036513,0.4952045,0.492485,
1,4,9.753,0.2657851,0.04694543,-1.017258,0.5084943,-0.5036513,0.4952045,0.492485,
1,4,9.755,0.2657851,0.04694543,-1.017258,0.5084943,-0.5036513,0.4952045,0.492485,
1,4,9.757,0.2657851,0.04694543,-1.017258,0.5084943,-0.5036513,0.4952045,0.492485,
1,4,9.759,0.2657845,0.04696241,-1.017249,0.5084925,-0.5036439,0.4952207,0.4924783,
1,4,9.761,0.2657845,0.04696241,-1.017249,0.5084925,-0.5036439,0.4952207,0.4924783,
1,4,9.763,0.2657845,0.04696241,-1.017249,0.5084925,-0.5036439,0.4952207,0.4924783,
1,4,9.765,0.2657845,0.04696241,-1.017249,0.5084925,-0.5036439,0.4952207,0.4924783,
1,4,9.767,0.2657845,0.04696241,-1.017249,0.5084925,-0.5036439,0.4952207,0.4924783,
1,4,9.769,0.2657851,0.04699221,-1.017258,0.5085006,-0.5036325,0.4952388,0.4924632,
1,4,9.771,0.2657851,0.04699221,-1.017258,0.5085006,-0.5036325,0.4952388,0.4924632,
1,4,9.773,0.2657851,0.04699221,-1.017258,0.5085006,-0.5036325,0.4952388,0.4924632,
1,4,9.775,0.2657851,0.04699221,-1.017258,0.5085006,-0.5036325,0.4952388,0.4924632,
1,4,9.777,0.2657812,0.04695807,-1.017253,0.5084829,-0.5036404,0.4952222,0.4924902,
1,4,9.779,0.2657812,0.04695807,-1.017253,0.5084829,-0.5036404,0.4952222,0.4924902,
1,4,9.781,0.2657812,0.04695807,-1.017253,0.5084829,-0.5036404,0.4952222,0.4924902,
1,4,9.783,0.2657812,0.04695807,-1.017253,0.5084829,-0.5036404,0.4952222,0.4924902,
1,4,9.785,0.2657779,0.04700267,-1.017247,0.5084922,-0.5036089,0.4952498,0.492485,
1,4,9.787,0.2657779,0.04700267,-1.017247,0.5084922,-0.5036089,0.4952498,0.492485,
1,4,9.789,0.2657779,0.04700267,-1.017247,0.5084922,-0.5036089,0.4952498,0.492485,
1,4,9.791,0.2657779,0.04700267,-1.017247,0.5084922,-0.5036089,0.4952498,0.492485,
1,4,9.793,0.2657849,0.04699281,-1.017252,0.5084684,-0.5036156,0.4952601,0.4924924,
1,4,9.795,0.2657849,0.04699281,-1.017252,0.5084684,-0.5036156,0.4952601,0.4924924,
1,4,9.797,0.2657849,0.04699281,-1.017252,0.5084684,-0.5036156,0.4952601,0.4924924,
1,4,9.799,0.2657849,0.04699281,-1.017252,0.5084684,-0.5036156,0.4952601,0.4924924,
1,4,9.801,0.2657779,0.04694618,-1.01724,0.5084504,-0.5036409,0.4952345,0.4925108,
1,4,9.803,0.2657779,0.04694618,-1.01724,0.5084504,-0.5036409,0.4952345,0.4925108,
1,4,9.805,0.2657779,0.04694618,-1.01724,0.5084504,-0.5036409,0.4952345,0.4925108,
1,4,9.807,0.2657779,0.04694618,-1.01724,0.5084504,-0.5036409,0.4952345,0.4925108,
1,4,9.809,0.2657813,0.04696516,-1.017243,0.5084652,-0.5036358,0.4952373,0.4924979,
1,4,9.811,0.2657813,0.04696516,-1.017243,0.5084652,-0.5036358,0.4952373,0.4924979,
1,4,9.813,0.2657813,0.04696516,-1.017243,0.5084652,-0.5036358,0.4952373,0.4924979,
1,4,9.815,0.2657813,0.04696516,-1.017243,0.5084652,-0.5036358,0.4952373,0.4924979,
1,4,9.817,0.2657813,0.04696516,-1.017243,0.5084652,-0.5036358,0.4952373,0.4924979,
1,4,9.819,0.2657828,0.04695156,-1.017247,0.5084743,-0.503651,0.49522,0.4924903,
1,4,9.821,0.2657828,0.04695156,-1.017247,0.5084743,-0.503651,0.49522,0.4924903,
1,4,9.823,0.2657828,0.04695156,-1.017247,0.5084743,-0.503651,0.49522,0.4924903,
1,4,9.825,0.2657828,0.04695156,-1.017247,0.5084743,-0.503651,0.49522,0.4924903,
1,4,9.827,0.2657838,0.04695205,-1.017237,0.5084776,-0.5036614,0.4952172,0.4924792,
1,4,9.829,0.2657838,0.04695205,-1.017237,0.5084776,-0.5036614,0.4952172,0.4924792,
1,4,9.831,0.2657838,0.04695205,-1.017237,0.5084776,-0.5036614,0.4952172,0.4924792,
1,4,9.833,0.2657838,0.04695205,-1.017237,0.5084776,-0.5036614,0.4952172,0.4924792,
1,4,9.835,0.2657845,0.04693609,-1.017236,0.5084804,-0.5036818,0.4951968,0.492476,
1,4,9.837,0.2657845,0.04693609,-1.017236,0.5084804,-0.5036818,0.4951968,0.492476,
1,4,9.839,0.2657845,0.04693609,-1.017236,0.5084804,-0.5036818,0.4951968,0.492476,
1,4,9.841,0.2657845,0.04693609,-1.017236,0.5084804,-0.5036818,0.4951968,0.492476,
1,4,9.843,0.2657889,0.04695731,-1.017242,0.5084431,-0.5036371,0.495245,0.4925119,
1,4,9.845,0.2657889,0.04695731,-1.017242,0.5084431,-0.5036371,0.495245,0.4925119,
1,4,9.847,0.2657889,0.04695731,-1.017242,0.5084431,-0.5036371,0.495245,0.4925119,
1,4,9.849,0.2657889,0.04695731,-1.017242,0.5084431,-0.5036371,0.495245,0.4925119,
1,4,9.851,0.2657904,0.04697477,-1.01724,0.5084655,-0.5036358,0.4952424,0.4924925,
1,4,9.853,0.2657904,0.04697477,-1.01724,0.5084655,-0.5036358,0.4952424,0.4924925,
1,4,9.855,0.2657904,0.04697477,-1.01724,0.5084655,-0.5036358,0.4952424,0.4924925,
1,4,9.857,0.2657904,0.04697477,-1.01724,0.5084655,-0.5036358,0.4952424,0.4924925,
1,4,9.859,0.2657886,0.04699666,-1.01724,0.5085048,-0.5036389,0.4952357,0.4924555,
1,4,9.861,0.2657886,0.04699666,-1.01724,0.5085048,-0.5036389,0.4952357,0.4924555,
1,4,9.863,0.2657886,0.04699666,-1.01724,0.5085048,-0.5036389,0.4952357,0.4924555,
1,4,9.865,0.2657886,0.04699666,-1.01724,0.5085048,-0.5036389,0.4952357,0.4924555,
1,4,9.867,0.2657886,0.04699666,-1.01724,0.5085048,-0.5036389,0.4952357,0.4924555,
1,4,9.869,0.2657785,0.04697619,-1.017266,0.5084749,-0.5036318,0.4952305,0.4924989,
1,4,9.871,0.2657785,0.04697619,-1.017266,0.5084749,-0.5036318,0.4952305,0.4924989,
1,4,9.873,0.2657785,0.04697619,-1.017266,0.5084749,-0.5036318,0.4952305,0.4924989,
1,4,9.875,0.2657785,0.04697619,-1.017266,0.5084749,-0.5036318,0.4952305,0.4924989,
1,4,9.877,0.2657815,0.0469579,-1.017254,0.5084577,-0.5036358,0.4952312,0.4925117,
1,4,9.879,0.2657815,0.0469579,-1.017254,0.5084577,-0.5036358,0.4952312,0.4925117,
1,4,9.881,0.2657815,0.0469579,-1.017254,0.5084577,-0.5036358,0.4952312,0.4925117,
1,4,9.883,0.2657815,0.0469579,-1.017254,0.5084577,-0.5036358,0.4952312,0.4925117,
1,4,9.885,0.2657931,0.04694539,-1.017255,0.508476,-0.5036533,0.495217,0.4924894,
1,4,9.887,0.2657931,0.04694539,-1.017255,0.508476,-0.5036533,0.495217,0.4924894,
1,4,9.889,0.2657931,0.04694539,-1.017255,0.508476,-0.5036533,0.495217,0.4924894,
1,4,9.891,0.2657931,0.04694539,-1.017255,0.508476,-0.5036533,0.495217,0.4924894,
1,4,9.893,0.2657842,0.04696313,-1.017255,0.508478,-0.5036365,0.4952288,0.4924924,
1,4,9.895,0.2657842,0.04696313,-1.017255,0.508478,-0.5036365,0.4952288,0.4924924,
1,4,9.897,0.2657842,0.04696313,-1.017255,0.508478,-0.5036365,0.4952288,0.4924924,
1,4,9.899,0.2657842,0.04696313,-1.017255,0.508478,-0.5036365,0.4952288,0.4924924,
1,4,9.901,0.2657952,0.04697473,-1.017253,0.5084858,-0.5036361,0.4952256,0.4924881,
1,4,9.903,0.2657952,0.04697473,-1.017253,0.5084858,-0.5036361,0.4952256,0.4924881,
1,4,9.905,0.2657952,0.04697473,-1.017253,0.5084858,-0.5036361,0.4952256,0.4924881,
1,4,9.907,0.2657952,0.04697473,-1.017253,0.5084858,-0.5036361,0.4952256,0.4924881,
1,4,9.909,0.265776,0.04695711,-1.017264,0.5084811,-0.5036378,0.4952245,0.4924924,
1,4,9.911,0.265776,0.04695711,-1.017264,0.5084811,-0.5036378,0.4952245,0.4924924,
1,4,9.913,0.265776,0.04695711,-1.017264,0.5084811,-0.5036378,0.4952245,0.4924924,
1,4,9.915,0.265776,0.04695711,-1.017264,0.5084811,-0.5036378,0.4952245,0.4924924,
1,4,9.917,0.265776,0.04695711,-1.017264,0.5084811,-0.5036378,0.4952245,0.4924924,
1,4,9.919,0.2657782,0.04697051,-1.017249,0.5084832,-0.5036417,0.4952326,0.492478,
1,4,9.921,0.2657782,0.04697051,-1.017249,0.5084832,-0.5036417,0.4952326,0.492478,
1,4,9.923,0.2657782,0.04697051,-1.017249,0.5084832,-0.5036417,0.4952326,0.492478,
1,4,9.925,0.2657782,0.04697051,-1.017249,0.5084832,-0.5036417,0.4952326,0.492478,
1,4,9.927,0.2657799,0.04699984,-1.017236,0.5084798,-0.5036384,0.4952433,0.4924741,
1,4,9.929,0.2657799,0.04699984,-1.017236,0.5084798,-0.5036384,0.4952433,0.4924741,
1,4,9.931,0.2657799,0.04699984,-1.017236,0.5084798,-0.5036384,0.4952433,0.4924741,
1,4,9.933,0.2657799,0.04699984,-1.017236,0.5084798,-0.5036384,0.4952433,0.4924741,
1,4,9.935,0.2657844,0.04697429,-1.017246,0.50847,-0.5036339,0.4952402,0.492492,
1,4,9.937,0.2657844,0.04697429,-1.017246,0.50847,-0.5036339,0.4952402,0.492492,
1,4,9.939,0.2657844,0.04697429,-1.017246,0.50847,-0.5036339,0.4952402,0.492492,
1,4,9.941,0.2657844,0.04697429,-1.017246,0.50847,-0.5036339,0.4952402,0.492492,
1,4,9.943,0.265788,0.0470087,-1.017253,0.5085155,-0.503628,0.4952375,0.492454,
1,4,9.945,0.265788,0.0470087,-1.017253,0.5085155,-0.503628,0.4952375,0.492454,
1,4,9.947,0.265788,0.0470087,-1.017253,0.5085155,-0.503628,0.4952375,0.492454,
1,4,9.949,0.265788,0.0470087,-1.017253,0.5085155,-0.503628,0.4952375,0.492454,
1,4,9.951,0.2657824,0.04697218,-1.017247,0.5084967,-0.5036492,0.49522,0.492469,
1,4,9.953,0.2657824,0.04697218,-1.017247,0.5084967,-0.5036492,0.49522,0.492469,
1,4,9.955,0.2657824,0.04697218,-1.017247,0.5084967,-0.5036492,0.49522,0.492469,
1,4,9.957,0.2657824,0.04697218,-1.017247,0.5084967,-0.5036492,0.49522,0.492469,
1,4,9.959,0.2657871,0.04700302,-1.01725,0.5085064,-0.5036452,0.4952345,0.4924488,
1,4,9.961,0.2657871,0.04700302,-1.01725,0.5085064,-0.5036452,0.4952345,0.4924488,
1,4,9.963,0.2657871,0.04700302,-1.01725,0.5085064,-0.5036452,0.4952345,0.4924488,
1,4,9.965,0.2657871,0.04700302,-1.01725,0.5085064,-0.5036452,0.4952345,0.4924488,
1,4,9.967,0.2657871,0.04700302,-1.01725,0.5085064,-0.5036452,0.4952345,0.4924488,
1,4,9.969,0.2657902,0.04699962,-1.017222,0.5084916,-0.5036497,0.4952487,0.492445,
1,4,9.971,0.2657902,0.04699962,-1.017222,0.5084916,-0.5036497,0.4952487,0.492445,
1,4,9.973,0.2657902,0.04699962,-1.017222,0.5084916,-0.5036497,0.4952487,0.492445,
1,4,9.975,0.2657902,0.04699962,-1.017222,0.5084916,-0.5036497,0.4952487,0.492445,
1,4,9.977,0.2657924,0.04703087,-1.017232,0.5085069,-0.5036253,0.4952662,0.4924365,
1,4,9.979,0.2657924,0.04703087,-1.017232,0.5085069,-0.5036253,0.4952662,0.4924365,
1,4,9.981,0.2657924,0.04703087,-1.017232,0.5085069,-0.5036253,0.4952662,0.4924365,
1,4,9.983,0.2657924,0.04703087,-1.017232,0.5085069,-0.5036253,0.4952662,0.4924365,
1,4,9.985,0.2657924,0.04699903,-1.017232,0.5084808,-0.503634,0.4952611,0.4924598,
1,4,9.987,0.2657924,0.04699903,-1.017232,0.5084808,-0.503634,0.4952611,0.4924598,
1,4,9.989,0.2657924,0.04699903,-1.017232,0.5084808,-0.503634,0.4952611,0.4924598,
1,4,9.991,0.2657924,0.04699903,-1.017232,0.5084808,-0.503634,0.4952611,0.4924598,
1,4,9.993,0.2657919,0.04700486,-1.017216,0.5084644,-0.5036287,0.4952703,0.492473,
1,4,9.995,0.2657919,0.04700486,-1.017216,0.5084644,-0.5036287,0.4952703,0.492473,
1,4,9.997,0.2657919,0.04700486,-1.017216,0.5084644,-0.5036287,0.4952703,0.492473,
1,4,9.999,0.2657919,0.04700486,-1.017216,0.5084644,-0.5036287,0.4952703,0.492473,
1,4,10.001,0.2657949,0.04702834,-1.017228,0.508482,-0.5036083,0.4952811,0.4924645,
1,4,10.003,0.2657949,0.04702834,-1.017228,0.508482,-0.5036083,0.4952811,0.4924645,
1,4,10.005,0.2657949,0.04702834,-1.017228,0.508482,-0.5036083,0.4952811,0.4924645,
1,4,10.007,0.2657949,0.04702834,-1.017228,0.508482,-0.5036083,0.4952811,0.4924645,
1,4,10.009,0.2657901,0.04701282,-1.017251,0.5085024,-0.5036181,0.4952545,0.4924603,
1,4,10.011,0.2657901,0.04701282,-1.017251,0.5085024,-0.5036181,0.4952545,0.4924603,
1,4,10.013,0.2657901,0.04701282,-1.017251,0.5085024,-0.5036181,0.4952545,0.4924603,
1,4,10.015,0.2657901,0.04701282,-1.017251,0.5085024,-0.5036181,0.4952545,0.4924603,
1,4,10.017,0.2657901,0.04701282,-1.017251,0.5085024,-0.5036181,0.4952545,0.4924603,
1,4,10.019,0.2657765,0.04696964,-1.017233,0.5084701,-0.5036455,0.4952427,0.4924775,
1,4,10.021,0.2657765,0.04696964,-1.017233,0.5084701,-0.5036455,0.4952427,0.4924775,
1,4,10.023,0.2657765,0.04696964,-1.017233,0.5084701,-0.5036455,0.4952427,0.4924775,
1,4,10.025,0.2657765,0.04696964,-1.017233,0.5084701,-0.5036455,0.4952427,0.4924775,
1,4,10.027,0.2657824,0.04699614,-1.017255,0.5084838,-0.5036172,0.4952497,0.4924853,
1,4,10.029,0.2657824,0.04699614,-1.017255,0.5084838,-0.5036172,0.4952497,0.4924853,
1,4,10.031,0.2657824,0.04699614,-1.017255,0.5084838,-0.5036172,0.4952497,0.4924853,
1,4,10.033,0.2657824,0.04699614,-1.017255,0.5084838,-0.5036172,0.4952497,0.4924853,
1,4,10.035,0.2657893,0.04699099,-1.017254,0.5084735,-0.5036203,0.4952521,0.4924904,
1,4,10.037,0.2657893,0.04699099,-1.017254,0.5084735,-0.5036203,0.4952521,0.4924904,
1,4,10.039,0.2657893,0.04699099,-1.017254,0.5084735,-0.5036203,0.4952521,0.4924904,
1,4,10.041,0.2657893,0.04699099,-1.017254,0.5084735,-0.5036203,0.4952521,0.4924904,
1,4,10.043,0.2657806,0.04698025,-1.017241,0.5084715,-0.5036376,0.4952474,0.4924796,
1,4,10.045,0.2657806,0.04698025,-1.017241,0.5084715,-0.5036376,0.4952474,0.4924796,
1,4,10.047,0.2657806,0.04698025,-1.017241,0.5084715,-0.5036376,0.4952474,0.4924796,
1,4,10.049,0.2657806,0.04698025,-1.017241,0.5084715,-0.5036376,0.4952474,0.4924796,
1,4,10.051,0.2657786,0.04697241,-1.017254,0.5084611,-0.503634,0.4952468,0.4924945,
1,4,10.053,0.2657786,0.04697241,-1.017254,0.5084611,-0.503634,0.4952468,0.4924945,
1,4,10.055,0.2657786,0.04697241,-1.017254,0.5084611,-0.503634,0.4952468,0.4924945,
1,4,10.057,0.2657786,0.04697241,-1.017254,0.5084611,-0.503634,0.4952468,0.4924945,
1,4,10.059,0.2657934,0.0469694,-1.017268,0.5084683,-0.5036282,0.4952378,0.492502,
1,4,10.061,0.2657934,0.0469694,-1.017268,0.5084683,-0.5036282,0.4952378,0.492502,
1,4,10.063,0.2657934,0.0469694,-1.017268,0.5084683,-0.5036282,0.4952378,0.492502,
1,4,10.065,0.2657934,0.0469694,-1.017268,0.5084683,-0.5036282,0.4952378,0.492502,
1,4,10.067,0.2657934,0.0469694,-1.017268,0.5084683,-0.5036282,0.4952378,0.492502,
1,4,10.069,0.2657827,0.04696187,-1.017261,0.5084816,-0.5036457,0.4952181,0.49249,
1,4,10.071,0.2657827,0.04696187,-1.017261,0.5084816,-0.5036457,0.4952181,0.49249,
1,4,10.073,0.2657827,0.04696187,-1.017261,0.5084816,-0.5036457,0.4952181,0.49249,
1,4,10.075,0.2657827,0.04696187,-1.017261,0.5084816,-0.5036457,0.4952181,0.49249,
1,4,10.077,0.2657886,0.04695242,-1.017261,0.50847,-0.5036353,0.495225,0.4925058,
1,4,10.079,0.2657886,0.04695242,-1.017261,0.50847,-0.5036353,0.495225,0.4925058,
1,4,10.081,0.2657886,0.04695242,-1.017261,0.50847,-0.5036353,0.495225,0.4925058,
1,4,10.083,0.2657886,0.04695242,-1.017261,0.50847,-0.5036353,0.495225,0.4925058,
1,4,10.085,0.2657884,0.0469746,-1.017257,0.5084979,-0.5036262,0.4952312,0.4924801,
1,4,10.087,0.2657884,0.0469746,-1.017257,0.5084979,-0.5036262,0.4952312,0.4924801,
1,4,10.089,0.2657884,0.0469746,-1.017257,0.5084979,-0.5036262,0.4952312,0.4924801,
1,4,10.091,0.2657884,0.0469746,-1.017257,0.5084979,-0.5036262,0.4952312,0.4924801,
1,4,10.093,0.2657916,0.04696661,-1.017253,0.5084608,-0.5036252,0.49524,0.4925106,
1,4,10.095,0.2657916,0.04696661,-1.017253,0.5084608,-0.5036252,0.49524,0.4925106,
1,4,10.097,0.2657916,0.04696661,-1.017253,0.5084608,-0.5036252,0.49524,0.4925106,
1,4,10.099,0.2657916,0.04696661,-1.017253,0.5084608,-0.5036252,0.49524,0.4925106,
1,4,10.101,0.2657834,0.0469625,-1.017259,0.5084809,-0.5036492,0.4952242,0.4924812,
1,4,10.103,0.2657834,0.0469625,-1.017259,0.5084809,-0.5036492,0.4952242,0.4924812,
1,4,10.105,0.2657834,0.0469625,-1.017259,0.5084809,-0.5036492,0.4952242,0.4924812,
1,4,10.107,0.2657834,0.0469625,-1.017259,0.5084809,-0.5036492,0.4952242,0.4924812,
1,4,10.109,0.2657893,0.04701424,-1.017254,0.5085089,-0.5036293,0.495243,0.4924536,
1,4,10.111,0.2657893,0.04701424,-1.017254,0.5085089,-0.5036293,0.495243,0.4924536,
1,4,10.113,0.2657893,0.04701424,-1.017254,0.5085089,-0.5036293,0.495243,0.4924536,
1,4,10.115,0.2657893,0.04701424,-1.017254,0.5085089,-0.5036293,0.495243,0.4924536,
1,4,10.117,0.2657893,0.04701424,-1.017254,0.5085089,-0.5036293,0.495243,0.4924536,
1,4,10.119,0.2657845,0.04700338,-1.017248,0.5084937,-0.5036197,0.4952568,0.4924654,
1,4,10.121,0.2657845,0.04700338,-1.017248,0.5084937,-0.5036197,0.4952568,0.4924654,
1,4,10.123,0.2657845,0.04700338,-1.017248,0.5084937,-0.5036197,0.4952568,0.4924654,
1,4,10.125,0.2657845,0.04700338,-1.017248,0.5084937,-0.5036197,0.4952568,0.4924654,
1,4,10.127,0.2657885,0.04699452,-1.017259,0.5084924,-0.5036263,0.4952499,0.492467,
1,4,10.129,0.2657885,0.04699452,-1.017259,0.5084924,-0.5036263,0.4952499,0.492467,
1,4,10.131,0.2657885,0.04699452,-1.017259,0.5084924,-0.5036263,0.4952499,0.492467,
1,4,10.133,0.2657885,0.04699452,-1.017259,0.5084924,-0.5036263,0.4952499,0.492467,
1,4,10.135,0.2657914,0.04698464,-1.017237,0.5084701,-0.5036356,0.4952558,0.4924744,
1,4,10.137,0.2657914,0.04698464,-1.017237,0.5084701,-0.5036356,0.4952558,0.4924744,
1,4,10.139,0.2657914,0.04698464,-1.017237,0.5084701,-0.5036356,0.4952558,0.4924744,
1,4,10.141,0.2657914,0.04698464,-1.017237,0.5084701,-0.5036356,0.4952558,0.4924744,
1,4,10.143,0.2657907,0.04698805,-1.017272,0.5084834,-0.5036292,0.4952293,0.492494,
1,4,10.145,0.2657907,0.04698805,-1.017272,0.5084834,-0.5036292,0.4952293,0.492494,
1,4,10.147,0.2657907,0.04698805,-1.017272,0.5084834,-0.5036292,0.4952293,0.492494,
1,4,10.149,0.2657907,0.04698805,-1.017272,0.5084834,-0.5036292,0.4952293,0.492494,
1,4,10.151,0.2657937,0.04700878,-1.017263,0.5084763,-0.5036022,0.4952694,0.4924885,
1,4,10.153,0.2657937,0.04700878,-1.017263,0.5084763,-0.5036022,0.4952694,0.4924885,
1,4,10.155,0.2657937,0.04700878,-1.017263,0.5084763,-0.5036022,0.4952694,0.4924885,
1,4,10.157,0.2657937,0.04700878,-1.017263,0.5084763,-0.5036022,0.4952694,0.4924885,
1,4,10.159,0.2657888,0.04698979,-1.017241,0.5084564,-0.5036314,0.4952635,0.4924851,
1,4,10.161,0.2657888,0.04698979,-1.017241,0.5084564,-0.5036314,0.4952635,0.4924851,
1,4,10.163,0.2657888,0.04698979,-1.017241,0.5084564,-0.5036314,0.4952635,0.4924851,
1,4,10.165,0.2657888,0.04698979,-1.017241,0.5084564,-0.5036314,0.4952635,0.4924851,
1,4,10.167,0.2657888,0.04698979,-1.017241,0.5084564,-0.5036314,0.4952635,0.4924851,
1,4,10.169,0.2657866,0.04697674,-1.017232,0.5084659,-0.5036488,0.4952499,0.4924713,
1,4,10.171,0.2657866,0.04697674,-1.017232,0.5084659,-0.5036488,0.4952499,0.4924713,
1,4,10.173,0.2657866,0.04697674,-1.017232,0.5084659,-0.5036488,0.4952499,0.4924713,
1,4,10.175,0.2657866,0.04697674,-1.017232,0.5084659,-0.5036488,0.4952499,0.4924713,
1,4,10.177,0.265788,0.046974,-1.017251,0.5084679,-0.5036357,0.4952414,0.4924911,
1,4,10.179,0.265788,0.046974,-1.017251,0.5084679,-0.5036357,0.4952414,0.4924911,
1,4,10.181,0.265788,0.046974,-1.017251,0.5084679,-0.5036357,0.4952414,0.4924911,CourtEnter
1,4,10.183,0.265788,0.046974,-1.017251,0.5084679,-0.5036357,0.4952414,0.4924911,
1,4,10.185,0.265784,0.04697726,-1.017252,0.508485,-0.5036366,0.4952392,0.4924748,
1,4,10.187,0.265784,0.04697726,-1.017252,0.508485,-0.5036366,0.4952392,0.4924748,
1,4,10.189,0.265784,0.04697726,-1.017252,0.508485,-0.5036366,0.4952392,0.4924748,CourtExit
1,4,10.191,0.265784,0.04697726,-1.017252,0.508485,-0.5036366,0.4952392,0.4924748,
1,4,10.193,0.2657827,0.04697895,-1.017251,0.5084772,-0.5036419,0.4952404,0.4924763,
1,4,10.195,0.2657827,0.04697895,-1.017251,0.5084772,-0.5036419,0.4952404,0.4924763,
1,4,10.197,0.2657827,0.04697895,-1.017251,0.5084772,-0.5036419,0.4952404,0.4924763,
1,4,10.199,0.2657827,0.04697895,-1.017251,0.5084772,-0.5036419,0.4952404,0.4924763,
1,4,10.201,0.2657889,0.04696609,-1.017226,0.5084599,-0.5036328,0.4952533,0.4924904,
1,4,10.203,0.2657889,0.04696609,-1.017226,0.5084599,-0.5036328,0.4952533,0.4924904,
1,4,10.205,0.2657889,0.04696609,-1.017226,0.5084599,-0.5036328,0.4952533,0.4924904,
1,4,10.207,0.2657889,0.04696609,-1.017226,0.5084599,-0.5036328,0.4952533,0.4924904,
1,4,10.209,0.2657923,0.04699673,-1.01723,0.5084513,-0.5036101,0.4952902,0.4924853,
1,4,10.211,0.2657923,0.04699673,-1.01723,0.5084513,-0.5036101,0.4952902,0.4924853,
1,4,10.213,0.2657923,0.04699673,-1.01723,0.5084513,-0.5036101,0.4952902,0.4924853,
1,4,10.215,0.2657923,0.04699673,-1.01723,0.5084513,-0.5036101,0.4952902,0.4924853,
1,4,10.217,0.2657923,0.04699673,-1.01723,0.5084513,-0.5036101,0.4952902,0.4924853,
1,4,10.219,0.2657965,0.04700459,-1.017243,0.5084827,-0.5036166,0.4952658,0.4924708,
1,4,10.221,0.2657965,0.04700459,-1.017243,0.5084827,-0.5036166,0.4952658,0.4924708,
1,4,10.223,0.2657965,0.04700459,-1.017243,0.5084827,-0.5036166,0.4952658,0.4924708,
1,4,10.225,0.2657965,0.04700459,-1.017243,0.5084827,-0.5036166,0.4952658,0.4924708,
1,4,10.227,0.2657873,0.04701108,-1.017254,0.5084926,-0.5036064,0.4952661,0.4924707,
1,4,10.229,0.2657873,0.04701108,-1.017254,0.5084926,-0.5036064,0.4952661,0.4924707,
1,4,10.231,0.2657873,0.04701108,-1.017254,0.5084926,-0.5036064,0.4952661,0.4924707,
1,4,10.233,0.2657873,0.04701108,-1.017254,0.5084926,-0.5036064,0.4952661,0.4924707,
1,4,10.235,0.2657957,0.04697742,-1.017252,0.5084906,-0.5036303,0.4952362,0.4924785,
1,4,10.237,0.2657957,0.04697742,-1.017252,0.5084906,-0.5036303,0.4952362,0.4924785,
1,4,10.239,0.2657957,0.04697742,-1.017252,0.5084906,-0.5036303,0.4952362,0.4924785,
1,4,10.241,0.2657957,0.04697742,-1.017252,0.5084906,-0.5036303,0.4952362,0.4924785,
1,4,10.243,0.2657846,0.04697039,-1.017238,0.5084651,-0.5036422,0.4952389,0.4924898,
1,4,10.245,0.2657846,0.04697039,-1.017238,0.5084651,-0.5036422,0.4952389,0.4924898,
1,4,10.247,0.2657846,0.04697039,-1.017238,0.5084651,-0.5036422,0.4952389,0.4924898,
1,4,10.249,0.2657846,0.04697039,-1.017238,0.5084651,-0.5036422,0.4952389,0.4924898,
1,4,10.251,0.2657992,0.04697838,-1.01725,0.5084619,-0.5036328,0.4952558,0.4924859,
1,4,10.253,0.2657992,0.04697838,-1.01725,0.5084619,-0.5036328,0.4952558,0.4924859,
1,4,10.255,0.2657992,0.04697838,-1.01725,0.5084619,-0.5036328,0.4952558,0.4924859,
1,4,10.257,0.2657992,0.04697838,-1.01725,0.5084619,-0.5036328,0.4952558,0.4924859,
1,4,10.259,0.2657896,0.04698524,-1.017242,0.5084751,-0.5036266,0.4952583,0.4924759,
1,4,10.261,0.2657896,0.04698524,-1.017242,0.5084751,-0.5036266,0.4952583,0.4924759,
1,4,10.263,0.2657896,0.04698524,-1.017242,0.5084751,-0.5036266,0.4952583,0.4924759,
1,4,10.265,0.2657896,0.04698524,-1.017242,0.5084751,-0.5036266,0.4952583,0.4924759,
1,4,10.267,0.2657896,0.04698524,-1.017242,0.5084751,-0.5036266,0.4952583,0.4924759,
1,4,10.269,0.2657821,0.04699488,-1.017236,0.5084547,-0.5036098,0.4952761,0.4924962,
1,4,10.271,0.2657821,0.04699488,-1.017236,0.5084547,-0.5036098,0.4952761,0.4924962,
1,4,10.273,0.2657821,0.04699488,-1.017236,0.5084547,-0.5036098,0.4952761,0.4924962,
1,4,10.275,0.2657821,0.04699488,-1.017236,0.5084547,-0.5036098,0.4952761,0.4924962,
1,4,10.277,0.26579,0.04699299,-1.017262,0.5084743,-0.5036109,0.4952604,0.4924909,
1,4,10.279,0.26579,0.04699299,-1.017262,0.5084743,-0.5036109,0.4952604,0.4924909,
1,4,10.281,0.26579,0.04699299,-1.017262,0.5084743,-0.5036109,0.4952604,0.4924909,
1,4,10.283,0.26579,0.04699299,-1.017262,0.5084743,-0.5036109,0.4952604,0.4924909,
1,4,10.285,0.2657987,0.04700845,-1.017262,0.5084981,-0.5036057,0.4952556,0.4924763,
1,4,10.287,0.2657987,0.04700845,-1.017262,0.5084981,-0.5036057,0.4952556,0.4924763,
1,4,10.289,0.2657987,0.04700845,-1.017262,0.5084981,-0.5036057,0.4952556,0.4924763,
1,4,10.291,0.2657987,0.04700845,-1.017262,0.5084981,-0.5036057,0.4952556,0.4924763,
1,4,10.293,0.2657816,0.04699501,-1.017264,0.508477,-0.5036117,0.4952629,0.4924847,
1,4,10.295,0.2657816,0.04699501,-1.017264,0.508477,-0.5036117,0.4952629,0.4924847,
1,4,10.297,0.2657816,0.04699501,-1.017264,0.508477,-0.5036117,0.4952629,0.4924847,
1,4,10.299,0.2657816,0.04699501,-1.017264,0.508477,-0.5036117,0.4952629,0.4924847,
1,4,10.301,0.265786,0.04698399,-1.017246,0.5084612,-0.5036099,0.4952724,0.4924931,
1,4,10.303,0.265786,0.04698399,-1.017246,0.5084612,-0.5036099,0.4952724,0.4924931,
1,4,10.305,0.265786,0.04698399,-1.017246,0.5084612,-0.5036099,0.4952724,0.4924931,
1,4,10.307,0.265786,0.04698399,-1.017246,0.5084612,-0.5036099,0.4952724,0.4924931,
1,4,10.309,0.2657833,0.04700224,-1.017238,0.5084602,-0.5036123,0.4952795,0.4924846,
1,4,10.311,0.2657833,0.04700224,-1.017238,0.5084602,-0.5036123,0.4952795,0.4924846,
1,4,10.313,0.2657833,0.04700224,-1.017238,0.5084602,-0.5036123,0.4952795,0.4924846,
1,4,10.315,0.2657833,0.04700224,-1.017238,0.5084602,-0.5036123,0.4952795,0.4924846,
1,4,10.317,0.2657833,0.04700224,-1.017238,0.5084602,-0.5036123,0.4952795,0.4924846,
1,4,10.319,0.2657798,0.04696492,-1.017228,0.5084429,-0.5036398,0.4952574,0.4924968,
1,4,10.321,0.2657798,0.04696492,-1.017228,0.5084429,-0.5036398,0.4952574,0.4924968,
1,4,10.323,0.2657798,0.04696492,-1.017228,0.5084429,-0.5036398,0.4952574,0.4924968,
1,4,10.325,0.2657798,0.04696492,-1.017228,0.5084429,-0.5036398,0.4952574,0.4924968,
1,4,10.327,0.2657874,0.04692578,-1.017265,0.5084495,-0.5036597,0.4952145,0.4925126,
1,4,10.329,0.2657874,0.04692578,-1.017265,0.5084495,-0.5036597,0.4952145,0.4925126,
1,4,10.331,0.2657874,0.04692578,-1.017265,0.5084495,-0.5036597,0.4952145,0.4925126,
1,4,10.333,0.2657874,0.04692578,-1.017265,0.5084495,-0.5036597,0.4952145,0.4925126,
1,4,10.335,0.2657821,0.04694605,-1.017273,0.5084472,-0.5036231,0.4952461,0.4925206,
1,4,10.337,0.2657821,0.04694605,-1.017273,0.5084472,-0.5036231,0.4952461,0.4925206,
1,4,10.339,0.2657821,0.04694605,-1.017273,0.5084472,-0.5036231,0.4952461,0.4925206,
1,4,10.341,0.2657821,0.04694605,-1.017273,0.5084472,-0.5036231,0.4952461,0.4925206,
1,4,10.343,0.2657802,0.04697734,-1.017268,0.5084707,-0.5036187,0.4952467,0.4925003,
1,4,10.345,0.2657802,0.04697734,-1.017268,0.5084707,-0.5036187,0.4952467,0.4925003,
1,4,10.347,0.2657802,0.04697734,-1.017268,0.5084707,-0.5036187,0.4952467,0.4925003,
1,4,10.349,0.2657802,0.04697734,-1.017268,0.5084707,-0.5036187,0.4952467,0.4925003,
1,4,10.351,0.2657889,0.04698737,-1.017269,0.5084803,-0.5035998,0.4952578,0.4924986,
1,4,10.353,0.2657889,0.04698737,-1.017269,0.5084803,-0.5035998,0.4952578,0.4924986,
1,4,10.355,0.2657889,0.04698737,-1.017269,0.5084803,-0.5035998,0.4952578,0.4924986,
1,4,10.357,0.2657889,0.04698737,-1.017269,0.5084803,-0.5035998,0.4952578,0.4924986,
1,4,10.359,0.2657864,0.04696966,-1.017279,0.5084757,-0.503615,0.4952436,0.492502,
1,4,10.361,0.2657864,0.04696966,-1.017279,0.5084757,-0.503615,0.4952436,0.492502,
1,4,10.363,0.2657864,0.04696966,-1.017279,0.5084757,-0.503615,0.4952436,0.492502,
1,4,10.365,0.2657864,0.04696966,-1.017279,0.5084757,-0.503615,0.4952436,0.492502,
1,4,10.367,0.2657864,0.04696966,-1.017279,0.5084757,-0.503615,0.4952436,0.492502,
1,4,10.369,0.265782,0.04697603,-1.017251,0.5084702,-0.5036272,0.4952458,0.492493,
1,4,10.371,0.265782,0.04697603,-1.017251,0.5084702,-0.5036272,0.4952458,0.492493,
1,4,10.373,0.265782,0.04697603,-1.017251,0.5084702,-0.5036272,0.4952458,0.492493,
1,4,10.375,0.265782,0.04697603,-1.017251,0.5084702,-0.5036272,0.4952458,0.492493,
1,4,10.377,0.2657758,0.04697829,-1.01725,0.5084696,-0.5036331,0.4952407,0.4924925,
1,4,10.379,0.2657758,0.04697829,-1.01725,0.5084696,-0.5036331,0.4952407,0.4924925,
1,4,10.381,0.2657758,0.04697829,-1.01725,0.5084696,-0.5036331,0.4952407,0.4924925,
1,4,10.383,0.2657758,0.04697829,-1.01725,0.5084696,-0.5036331,0.4952407,0.4924925,
1,4,10.385,0.2657672,0.04696638,-1.017256,0.5084692,-0.5036426,0.4952314,0.4924928,
1,4,10.387,0.2657672,0.04696638,-1.017256,0.5084692,-0.5036426,0.4952314,0.4924928,
1,4,10.389,0.2657672,0.04696638,-1.017256,0.5084692,-0.5036426,0.4952314,0.4924928,
1,4,10.391,0.2657672,0.04696638,-1.017256,0.5084692,-0.5036426,0.4952314,0.4924928,
1,4,10.393,0.265763,0.04695611,-1.01726,0.5084869,-0.5036467,0.495222,0.4924797,
1,4,10.395,0.265763,0.04695611,-1.01726,0.5084869,-0.5036467,0.495222,0.4924797,
1,4,10.397,0.265763,0.04695611,-1.01726,0.5084869,-0.5036467,0.495222,0.4924797,
1,4,10.399,0.265763,0.04695611,-1.01726,0.5084869,-0.5036467,0.495222,0.4924797,
1,4,10.401,0.2657681,0.0469696,-1.017247,0.508463,-0.5036348,0.4952429,0.4924957,
1,4,10.403,0.2657681,0.0469696,-1.017247,0.508463,-0.5036348,0.4952429,0.4924957,
1,4,10.405,0.2657681,0.0469696,-1.017247,0.508463,-0.5036348,0.4952429,0.4924957,
1,4,10.407,0.2657681,0.0469696,-1.017247,0.508463,-0.5036348,0.4952429,0.4924957,
1,4,10.409,0.2657755,0.04694681,-1.017261,0.5084652,-0.5036398,0.4952195,0.4925117,
1,4,10.411,0.2657755,0.04694681,-1.017261,0.5084652,-0.5036398,0.4952195,0.4925117,
1,4,10.413,0.2657755,0.04694681,-1.017261,0.5084652,-0.5036398,0.4952195,0.4925117,
1,4,10.415,0.2657755,0.04694681,-1.017261,0.5084652,-0.5036398,0.4952195,0.4925117,
1,4,10.417,0.2657755,0.04694681,-1.017261,0.5084652,-0.5036398,0.4952195,0.4925117,
1,4,10.419,0.2657742,0.04692559,-1.017267,0.5084582,-0.5036634,0.4952001,0.4925143,
1,4,10.421,0.2657742,0.04692559,-1.017267,0.5084582,-0.5036634,0.4952001,0.4925143,
1,4,10.423,0.2657742,0.04692559,-1.017267,0.5084582,-0.5036634,0.4952001,0.4925143,
1,4,10.425,0.2657742,0.04692559,-1.017267,0.5084582,-0.5036634,0.4952001,0.4925143,
1,4,10.427,0.2657631,0.04695794,-1.017255,0.5084649,-0.5036625,0.4952173,0.4924911,
1,4,10.429,0.2657631,0.04695794,-1.017255,0.5084649,-0.5036625,0.4952173,0.4924911,
1,4,10.431,0.2657631,0.04695794,-1.017255,0.5084649,-0.5036625,0.4952173,0.4924911,
1,4,10.433,0.2657631,0.04695794,-1.017255,0.5084649,-0.5036625,0.4952173,0.4924911,
1,4,10.435,0.2657806,0.04697477,-1.017266,0.5084763,-0.5036191,0.495238,0.4925028,
1,4,10.437,0.2657806,0.04697477,-1.017266,0.5084763,-0.5036191,0.495238,0.4925028,
1,4,10.439,0.2657806,0.04697477,-1.017266,0.5084763,-0.5036191,0.495238,0.4925028,
1,4,10.441,0.2657806,0.04697477,-1.017266,0.5084763,-0.5036191,0.495238,0.4925028,
1,4,10.443,0.2657783,0.04695919,-1.017267,0.5084697,-0.5036333,0.4952286,0.4925047,
1,4,10.445,0.2657783,0.04695919,-1.017267,0.5084697,-0.5036333,0.4952286,0.4925047,
1,4,10.447,0.2657783,0.04695919,-1.017267,0.5084697,-0.5036333,0.4952286,0.4925047,
1,4,10.449,0.2657783,0.04695919,-1.017267,0.5084697,-0.5036333,0.4952286,0.4925047,
1,4,10.451,0.2657867,0.04696429,-1.017279,0.5085002,-0.5036327,0.4952102,0.4924922,
1,4,10.453,0.2657867,0.04696429,-1.017279,0.5085002,-0.5036327,0.4952102,0.4924922,
1,4,10.455,0.2657867,0.04696429,-1.017279,0.5085002,-0.5036327,0.4952102,0.4924922,
1,4,10.457,0.2657867,0.04696429,-1.017279,0.5085002,-0.5036327,0.4952102,0.4924922,
1,4,10.459,0.2657859,0.04696917,-1.017282,0.5084894,-0.5036045,0.4952233,0.492519,
1,4,10.461,0.2657859,0.04696917,-1.017282,0.5084894,-0.5036045,0.4952233,0.492519,
1,4,10.463,0.2657859,0.04696917,-1.017282,0.5084894,-0.5036045,0.4952233,0.492519,
1,4,10.465,0.2657859,0.04696917,-1.017282,0.5084894,-0.5036045,0.4952233,0.492519,
1,4,10.467,0.2657859,0.04696917,-1.017282,0.5084894,-0.5036045,0.4952233,0.492519,
1,4,10.469,0.2657823,0.04697951,-1.017281,0.5084714,-0.5036046,0.4952382,0.4925226,
1,4,10.471,0.2657823,0.04697951,-1.017281,0.5084714,-0.5036046,0.4952382,0.4925226,
1,4,10.473,0.2657823,0.04697951,-1.017281,0.5084714,-0.5036046,0.4952382,0.4925226,
1,4,10.475,0.2657823,0.04697951,-1.017281,0.5084714,-0.5036046,0.4952382,0.4925226,
1,4,10.477,0.2657756,0.04698296,-1.01724,0.5084711,-0.5036227,0.495253,0.4924894,
1,4,10.479,0.2657756,0.04698296,-1.01724,0.5084711,-0.5036227,0.495253,0.4924894,
1,4,10.481,0.2657756,0.04698296,-1.01724,0.5084711,-0.5036227,0.495253,0.4924894,
1,4,10.483,0.2657756,0.04698296,-1.01724,0.5084711,-0.5036227,0.495253,0.4924894,
1,4,10.485,0.2657849,0.04698417,-1.017255,0.5084982,-0.5036178,0.495236,0.4924837,
1,4,10.487,0.2657849,0.04698417,-1.017255,0.5084982,-0.5036178,0.495236,0.4924837,
1,4,10.489,0.2657849,0.04698417,-1.017255,0.5084982,-0.5036178,0.495236,0.4924837,
1,4,10.491,0.2657849,0.04698417,-1.017255,0.5084982,-0.5036178,0.495236,0.4924837,
1,4,10.493,0.2657918,0.0470232,-1.017268,0.5085064,-0.5035975,0.4952555,0.4924762,
1,4,10.495,0.2657918,0.0470232,-1.017268,0.5085064,-0.5035975,0.4952555,0.4924762,
1,4,10.497,0.2657918,0.0470232,-1.017268,0.5085064,-0.5035975,0.4952555,0.4924762,
1,4,10.499,0.2657918,0.0470232,-1.017268,0.5085064,-0.5035975,0.4952555,0.4924762,
1,4,10.501,0.2657867,0.04698562,-1.017285,0.5084839,-0.5036047,0.4952399,0.4925079,
1,4,10.503,0.2657867,0.04698562,-1.017285,0.5084839,-0.5036047,0.4952399,0.4925079,
1,4,10.505,0.2657867,0.04698562,-1.017285,0.5084839,-0.5036047,0.4952399,0.4925079,
1,4,10.507,0.2657867,0.04698562,-1.017285,0.5084839,-0.5036047,0.4952399,0.4925079,
1,4,10.509,0.2657792,0.04697905,-1.017262,0.5084737,-0.5036088,0.4952506,0.4925033,
1,4,10.511,0.2657792,0.04697905,-1.017262,0.5084737,-0.5036088,0.4952506,0.4925033,
1,4,10.513,0.2657792,0.04697905,-1.017262,0.5084737,-0.5036088,0.4952506,0.4925033,
1,4,10.515,0.2657792,0.04697905,-1.017262,0.5084737,-0.5036088,0.4952506,0.4925033,
1,4,10.517,0.2657792,0.04697905,-1.017262,0.5084737,-0.5036088,0.4952506,0.4925033,
1,4,10.519,0.2657863,0.04700103,-1.017272,0.5084978,-0.5036011,0.4952445,0.4924925,
1,4,10.521,0.2657863,0.04700103,-1.017272,0.5084978,-0.5036011,0.4952445,0.4924925,
1,4,10.523,0.2657863,0.04700103,-1.017272,0.5084978,-0.5036011,0.4952445,0.4924925,
1,4,10.525,0.2657863,0.04700103,-1.017272,0.5084978,-0.5036011,0.4952445,0.4924925,
1,4,10.527,0.265784,0.04699193,-1.017255,0.5084834,-0.5036219,0.495241,0.4924895,
1,4,10.529,0.265784,0.04699193,-1.017255,0.5084834,-0.5036219,0.495241,0.4924895,
1,4,10.531,0.265784,0.04699193,-1.017255,0.5084834,-0.5036219,0.495241,0.4924895,
1,4,10.533,0.265784,0.04699193,-1.017255,0.5084834,-0.5036219,0.495241,0.4924895,
1,4,10.535,0.2657791,0.04695477,-1.017264,0.508487,-0.5036485,0.4952103,0.4924897,
1,4,10.537,0.2657791,0.04695477,-1.017264,0.508487,-0.5036485,0.4952103,0.4924897,
1,4,10.539,0.2657791,0.04695477,-1.017264,0.508487,-0.5036485,0.4952103,0.4924897,
1,4,10.541,0.2657791,0.04695477,-1.017264,0.508487,-0.5036485,0.4952103,0.4924897,
1,4,10.543,0.2657936,0.04698264,-1.017271,0.5084829,-0.5036117,0.4952425,0.4924992,
1,4,10.545,0.2657936,0.04698264,-1.017271,0.5084829,-0.5036117,0.4952425,0.4924992,
1,4,10.547,0.2657936,0.04698264,-1.017271,0.5084829,-0.5036117,0.4952425,0.4924992,
1,4,10.549,0.2657936,0.04698264,-1.017271,0.5084829,-0.5036117,0.4952425,0.4924992,
1,4,10.551,0.2657781,0.04694144,-1.017283,0.5084822,-0.5036374,0.4952032,0.4925131,
1,4,10.553,0.2657781,0.04694144,-1.017283,0.5084822,-0.5036374,0.4952032,0.4925131,
1,4,10.555,0.2657781,0.04694144,-1.017283,0.5084822,-0.5036374,0.4952032,0.4925131,
1,4,10.557,0.2657781,0.04694144,-1.017283,0.5084822,-0.5036374,0.4952032,0.4925131,
1,4,10.559,0.2657853,0.04697004,-1.017269,0.5084892,-0.5036349,0.4952215,0.4924898,
1,4,10.561,0.2657853,0.04697004,-1.017269,0.5084892,-0.5036349,0.4952215,0.4924898,
1,4,10.563,0.2657853,0.04697004,-1.017269,0.5084892,-0.5036349,0.4952215,0.4924898,
1,4,10.565,0.2657853,0.04697004,-1.017269,0.5084892,-0.5036349,0.4952215,0.4924898,
1,4,10.567,0.2657853,0.04697004,-1.017269,0.5084892,-0.5036349,0.4952215,0.4924898,
1,4,10.569,0.2657778,0.046964,-1.017275,0.5084965,-0.5036271,0.4952115,0.4925004,
1,4,10.571,0.2657778,0.046964,-1.017275,0.5084965,-0.5036271,0.4952115,0.4925004,
1,4,10.573,0.2657778,0.046964,-1.017275,0.5084965,-0.5036271,0.4952115,0.4925004,
1,4,10.575,0.2657778,0.046964,-1.017275,0.5084965,-0.5036271,0.4952115,0.4925004,
1,4,10.577,0.2657819,0.04695554,-1.017285,0.5084946,-0.5036299,0.4952106,0.4925007,
1,4,10.579,0.2657819,0.04695554,-1.017285,0.5084946,-0.5036299,0.4952106,0.4925007,
1,4,10.581,0.2657819,0.04695554,-1.017285,0.5084946,-0.5036299,0.4952106,0.4925007,
1,4,10.583,0.2657819,0.04695554,-1.017285,0.5084946,-0.5036299,0.4952106,0.4925007,
1,4,10.585,0.2657797,0.04694081,-1.017265,0.5084627,-0.503645,0.4952153,0.4925132,
1,4,10.587,0.2657797,0.04694081,-1.017265,0.5084627,-0.503645,0.4952153,0.4925132,
1,4,10.589,0.2657797,0.04694081,-1.017265,0.5084627,-0.503645,0.4952153,0.4925132,
1,4,10.591,0.2657797,0.04694081,-1.017265,0.5084627,-0.503645,0.4952153,0.4925132,
1,4,10.593,0.2657887,0.04699642,-1.017269,0.5084749,-0.5035999,0.4952531,0.4925088,
1,4,10.595,0.2657887,0.04699642,-1.017269,0.5084749,-0.5035999,0.4952531,0.4925088,
1,4,10.597,0.2657887,0.04699642,-1.017269,0.5084749,-0.5035999,0.4952531,0.4925088,
1,4,10.599,0.2657887,0.04699642,-1.017269,0.5084749,-0.5035999,0.4952531,0.4925088,
1,4,10.601,0.265774,0.04694732,-1.017239,0.5084583,-0.5036443,0.4952334,0.4925003,
1,4,10.603,0.265774,0.04694732,-1.017239,0.5084583,-0.5036443,0.4952334,0.4925003,
1,4,10.605,0.265774,0.04694732,-1.017239,0.5084583,-0.5036443,0.4952334,0.4925003,
1,4,10.607,0.265774,0.04694732,-1.017239,0.5084583,-0.5036443,0.4952334,0.4925003,
1,4,10.609,0.265771,0.0469734,-1.017285,0.5084803,-0.5036052,0.4952402,0.4925108,
1,4,10.611,0.265771,0.0469734,-1.017285,0.5084803,-0.5036052,0.4952402,0.4925108,
1,4,10.613,0.265771,0.0469734,-1.017285,0.5084803,-0.5036052,0.4952402,0.4925108,
1,4,10.615,0.265771,0.0469734,-1.017285,0.5084803,-0.5036052,0.4952402,0.4925108,
1,4,10.617,0.265771,0.0469734,-1.017285,0.5084803,-0.5036052,0.4952402,0.4925108,
1,4,10.619,0.2657718,0.04697344,-1.017277,0.5084506,-0.5035819,0.4952595,0.4925456,
1,4,10.621,0.2657718,0.04697344,-1.017277,0.5084506,-0.5035819,0.4952595,0.4925456,
1,4,10.623,0.2657718,0.04697344,-1.017277,0.5084506,-0.5035819,0.4952595,0.4925456,
1,4,10.625,0.2657718,0.04697344,-1.017277,0.5084506,-0.5035819,0.4952595,0.4925456,
1,4,10.627,0.2657875,0.04695904,-1.017275,0.5084704,-0.503624,0.4952266,0.4925154,
1,4,10.629,0.2657875,0.04695904,-1.017275,0.5084704,-0.503624,0.4952266,0.4925154,
1,4,10.631,0.2657875,0.04695904,-1.017275,0.5084704,-0.503624,0.4952266,0.4925154,
1,4,10.633,0.2657875,0.04695904,-1.017275,0.5084704,-0.503624,0.4952266,0.4925154,
1,4,10.635,0.2658001,0.04694821,-1.017271,0.5084921,-0.5036445,0.4952083,0.4924904,
1,4,10.637,0.2658001,0.04694821,-1.017271,0.5084921,-0.5036445,0.4952083,0.4924904,
1,4,10.639,0.2658001,0.04694821,-1.017271,0.5084921,-0.5036445,0.4952083,0.4924904,
1,4,10.641,0.2658001,0.04694821,-1.017271,0.5084921,-0.5036445,0.4952083,0.4924904,
1,4,10.643,0.2657826,0.04691662,-1.017276,0.5084784,-0.5036617,0.4951859,0.4925095,
1,4,10.645,0.2657826,0.04691662,-1.017276,0.5084784,-0.5036617,0.4951859,0.4925095,
1,4,10.647,0.2657826,0.04691662,-1.017276,0.5084784,-0.5036617,0.4951859,0.4925095,
1,4,10.649,0.2657826,0.04691662,-1.017276,0.5084784,-0.5036617,0.4951859,0.4925095,
1,4,10.651,0.265779,0.04695476,-1.017269,0.5084681,-0.5036179,0.4952381,0.4925123,
1,4,10.653,0.265779,0.04695476,-1.017269,0.5084681,-0.5036179,0.4952381,0.4925123,
1,4,10.655,0.265779,0.04695476,-1.017269,0.5084681,-0.5036179,0.4952381,0.4925123,
1,4,10.657,0.265779,0.04695476,-1.017269,0.5084681,-0.5036179,0.4952381,0.4925123,
1,4,10.659,0.2657823,0.04698438,-1.017267,0.5084823,-0.5036148,0.4952464,0.4924926,
1,4,10.661,0.2657823,0.04698438,-1.017267,0.5084823,-0.5036148,0.4952464,0.4924926,
1,4,10.663,0.2657823,0.04698438,-1.017267,0.5084823,-0.5036148,0.4952464,0.4924926,
1,4,10.665,0.2657823,0.04698438,-1.017267,0.5084823,-0.5036148,0.4952464,0.4924926,
1,4,10.667,0.2657823,0.04698438,-1.017267,0.5084823,-0.5036148,0.4952464,0.4924926,
1,4,10.669,0.2657778,0.04695512,-1.017267,0.5084717,-0.5036164,0.4952318,0.4925165,
1,4,10.671,0.2657778,0.04695512,-1.017267,0.5084717,-0.5036164,0.4952318,0.4925165,
1,4,10.673,0.2657778,0.04695512,-1.017267,0.5084717,-0.5036164,0.4952318,0.4925165,
1,4,10.675,0.2657778,0.04695512,-1.017267,0.5084717,-0.5036164,0.4952318,0.4925165,
1,4,10.677,0.2657759,0.04695436,-1.017286,0.5084749,-0.5036218,0.495223,0.4925167,
1,4,10.679,0.2657759,0.04695436,-1.017286,0.5084749,-0.5036218,0.495223,0.4925167,
1,4,10.681,0.2657759,0.04695436,-1.017286,0.5084749,-0.5036218,0.495223,0.4925167,
1,4,10.683,0.2657759,0.04695436,-1.017286,0.5084749,-0.5036218,0.495223,0.4925167,
1,4,10.685,0.2657804,0.04696029,-1.017276,0.5084636,-0.5036225,0.495232,0.4925185,
1,4,10.687,0.2657804,0.04696029,-1.017276,0.5084636,-0.5036225,0.495232,0.4925185,
1,4,10.689,0.2657804,0.04696029,-1.017276,0.5084636,-0.5036225,0.495232,0.4925185,
1,4,10.691,0.2657804,0.04696029,-1.017276,0.5084636,-0.5036225,0.495232,0.4925185,
1,4,10.693,0.2657636,0.04697708,-1.01728,0.508477,-0.5036059,0.4952349,0.4925187,
1,4,10.695,0.2657636,0.04697708,-1.01728,0.508477,-0.5036059,0.4952349,0.4925187,
1,4,10.697,0.2657636,0.04697708,-1.01728,0.508477,-0.5036059,0.4952349,0.4925187,
1,4,10.699,0.2657636,0.04697708,-1.01728,0.508477,-0.5036059,0.4952349,0.4925187,
1,4,10.701,0.2657735,0.0469428,-1.017303,0.5084655,-0.5036202,0.495215,0.492536,
1,4,10.703,0.2657735,0.0469428,-1.017303,0.5084655,-0.5036202,0.495215,0.492536,
1,4,10.705,0.2657735,0.0469428,-1.017303,0.5084655,-0.5036202,0.495215,0.492536,
1,4,10.707,0.2657735,0.0469428,-1.017303,0.5084655,-0.5036202,0.495215,0.492536,
1,4,10.709,0.2657781,0.0469853,-1.017287,0.5084729,-0.5035955,0.4952468,0.4925216,
1,4,10.711,0.2657781,0.0469853,-1.017287,0.5084729,-0.5035955,0.4952468,0.4925216,
1,4,10.713,0.2657781,0.0469853,-1.017287,0.5084729,-0.5035955,0.4952468,0.4925216,
1,4,10.715,0.2657781,0.0469853,-1.017287,0.5084729,-0.5035955,0.4952468,0.4925216,
1,4,10.717,0.2657781,0.0469853,-1.017287,0.5084729,-0.5035955,0.4952468,0.4925216,
1,4,10.719,0.2657859,0.04699111,-1.01727,0.5084713,-0.5035958,0.4952546,0.4925153,
1,4,10.721,0.2657859,0.04699111,-1.01727,0.5084713,-0.5035958,0.4952546,0.4925153,
1,4,10.723,0.2657859,0.04699111,-1.01727,0.5084713,-0.5035958,0.4952546,0.4925153,
1,4,10.725,0.2657859,0.04699111,-1.01727,0.5084713,-0.5035958,0.4952546,0.4925153,
1,4,10.727,0.2657864,0.04695502,-1.017269,0.5084537,-0.5036115,0.4952393,0.4925326,
1,4,10.729,0.2657864,0.04695502,-1.017269,0.5084537,-0.5036115,0.4952393,0.4925326,
1,4,10.731,0.2657864,0.04695502,-1.017269,0.5084537,-0.5036115,0.4952393,0.4925326,
1,4,10.733,0.2657864,0.04695502,-1.017269,0.5084537,-0.5036115,0.4952393,0.4925326,
1,4,10.735,0.2657816,0.04696286,-1.01728,0.5084743,-0.5036166,0.4952332,0.4925121,
1,4,10.737,0.2657816,0.04696286,-1.01728,0.5084743,-0.5036166,0.4952332,0.4925121,
1,4,10.739,0.2657816,0.04696286,-1.01728,0.5084743,-0.5036166,0.4952332,0.4925121,
1,4,10.741,0.2657816,0.04696286,-1.01728,0.5084743,-0.5036166,0.4952332,0.4925121,
1,4,10.743,0.2657719,0.04699161,-1.017272,0.5084728,-0.5035923,0.4952616,0.4925101,
1,4,10.745,0.2657719,0.04699161,-1.017272,0.5084728,-0.5035923,0.4952616,0.4925101,
1,4,10.747,0.2657719,0.04699161,-1.017272,0.5084728,-0.5035923,0.4952616,0.4925101,
1,4,10.749,0.2657719,0.04699161,-1.017272,0.5084728,-0.5035923,0.4952616,0.4925101,
1,4,10.751,0.2657835,0.04701681,-1.017274,0.5084764,-0.5035817,0.4952721,0.4925067,
1,4,10.753,0.2657835,0.04701681,-1.017274,0.5084764,-0.5035817,0.4952721,0.4925067,
1,4,10.755,0.2657835,0.04701681,-1.017274,0.5084764,-0.5035817,0.4952721,0.4925067,
1,4,10.757,0.2657835,0.04701681,-1.017274,0.5084764,-0.5035817,0.4952721,0.4925067,
1,4,10.759,0.2657771,0.04694373,-1.017259,0.5084298,-0.5036295,0.4952451,0.4925329,
1,4,10.761,0.2657771,0.04694373,-1.017259,0.5084298,-0.5036295,0.4952451,0.4925329,
1,4,10.763,0.2657771,0.04694373,-1.017259,0.5084298,-0.5036295,0.4952451,0.4925329,
1,4,10.765,0.2657771,0.04694373,-1.017259,0.5084298,-0.5036295,0.4952451,0.4925329,
1,4,10.767,0.2657771,0.04694373,-1.017259,0.5084298,-0.5036295,0.4952451,0.4925329,
1,4,10.769,0.2657802,0.04695388,-1.017251,0.5084512,-0.5036296,0.4952478,0.4925081,
1,4,10.771,0.2657802,0.04695388,-1.017251,0.5084512,-0.5036296,0.4952478,0.4925081,
1,4,10.773,0.2657802,0.04695388,-1.017251,0.5084512,-0.5036296,0.4952478,0.4925081,
1,4,10.775,0.2657802,0.04695388,-1.017251,0.5084512,-0.5036296,0.4952478,0.4925081,
1,4,10.777,0.2657846,0.04697486,-1.017277,0.5084692,-0.5035985,0.4952493,0.4925199,
1,4,10.779,0.2657846,0.04697486,-1.017277,0.5084692,-0.5035985,0.4952493,0.4925199,
1,4,10.781,0.2657846,0.04697486,-1.017277,0.5084692,-0.5035985,0.4952493,0.4925199,
1,4,10.783,0.2657846,0.04697486,-1.017277,0.5084692,-0.5035985,0.4952493,0.4925199,
1,4,10.785,0.2657906,0.04698038,-1.017265,0.5084633,-0.5036063,0.4952524,0.492515,
1,4,10.787,0.2657906,0.04698038,-1.017265,0.5084633,-0.5036063,0.4952524,0.492515,
1,4,10.789,0.2657906,0.04698038,-1.017265,0.5084633,-0.5036063,0.4952524,0.492515,
1,4,10.791,0.2657906,0.04698038,-1.017265,0.5084633,-0.5036063,0.4952524,0.492515,
1,4,10.793,0.2657771,0.04695943,-1.017284,0.5084572,-0.503609,0.495239,0.4925318,
1,4,10.795,0.2657771,0.04695943,-1.017284,0.5084572,-0.503609,0.495239,0.4925318,
1,4,10.797,0.2657771,0.04695943,-1.017284,0.5084572,-0.503609,0.495239,0.4925318,
1,4,10.799,0.2657771,0.04695943,-1.017284,0.5084572,-0.503609,0.495239,0.4925318,
1,4,10.801,0.2657852,0.0469544,-1.017261,0.5084466,-0.5036232,0.4952474,0.49252,
1,4,10.803,0.2657852,0.0469544,-1.017261,0.5084466,-0.5036232,0.4952474,0.49252,
1,4,10.805,0.2657852,0.0469544,-1.017261,0.5084466,-0.5036232,0.4952474,0.49252,
1,4,10.807,0.2657852,0.0469544,-1.017261,0.5084466,-0.5036232,0.4952474,0.49252,
1,4,10.809,0.265783,0.04697589,-1.017264,0.5084662,-0.5036073,0.4952455,0.4925177,
1,4,10.811,0.265783,0.04697589,-1.017264,0.5084662,-0.5036073,0.4952455,0.4925177,
1,4,10.813,0.265783,0.04697589,-1.017264,0.5084662,-0.5036073,0.4952455,0.4925177,
1,4,10.815,0.265783,0.04697589,-1.017264,0.5084662,-0.5036073,0.4952455,0.4925177,
1,4,10.817,0.265783,0.04697589,-1.017264,0.5084662,-0.5036073,0.4952455,0.4925177,
1,4,10.819,0.2657906,0.04699328,-1.017272,0.5084655,-0.5035971,0.4952594,0.492515,
1,4,10.821,0.2657906,0.04699328,-1.017272,0.5084655,-0.5035971,0.4952594,0.492515,
1,4,10.823,0.2657906,0.04699328,-1.017272,0.5084655,-0.5035971,0.4952594,0.492515,
1,4,10.825,0.2657906,0.04699328,-1.017272,0.5084655,-0.5035971,0.4952594,0.492515,
1,4,10.827,0.2657809,0.04697834,-1.017258,0.508459,-0.5036144,0.4952594,0.492504,
1,4,10.829,0.2657809,0.04697834,-1.017258,0.508459,-0.5036144,0.4952594,0.492504,
1,4,10.831,0.2657809,0.04697834,-1.017258,0.508459,-0.5036144,0.4952594,0.492504,
1,4,10.833,0.2657809,0.04697834,-1.017258,0.508459,-0.5036144,0.4952594,0.492504,
1,4,10.835,0.2657781,0.04696724,-1.017241,0.5084779,-0.5036532,0.495229,0.4924755,
1,4,10.837,0.2657781,0.04696724,-1.017241,0.5084779,-0.5036532,0.495229,0.4924755,
1,4,10.839,0.2657781,0.04696724,-1.017241,0.5084779,-0.5036532,0.495229,0.4924755,
1,4,10.841,0.2657781,0.04696724,-1.017241,0.5084779,-0.5036532,0.495229,0.4924755,
1,4,10.843,0.2657776,0.04695276,-1.017241,0.5084551,-0.5036473,0.4952401,0.4924937,
1,4,10.845,0.2657776,0.04695276,-1.017241,0.5084551,-0.5036473,0.4952401,0.4924937,
1,4,10.847,0.2657776,0.04695276,-1.017241,0.5084551,-0.5036473,0.4952401,0.4924937,
1,4,10.849,0.2657776,0.04695276,-1.017241,0.5084551,-0.5036473,0.4952401,0.4924937,
1,4,10.851,0.2657669,0.04695173,-1.01724,0.5084395,-0.5036359,0.4952536,0.4925079,
1,4,10.853,0.2657669,0.04695173,-1.01724,0.5084395,-0.5036359,0.4952536,0.4925079,
1,4,10.855,0.2657669,0.04695173,-1.01724,0.5084395,-0.5036359,0.4952536,0.4925079,
1,4,10.857,0.2657669,0.04695173,-1.01724,0.5084395,-0.5036359,0.4952536,0.4925079,
1,4,10.859,0.2657811,0.04695959,-1.017265,0.508475,-0.5036379,0.4952237,0.4924993,
1,4,10.861,0.2657811,0.04695959,-1.017265,0.508475,-0.5036379,0.4952237,0.4924993,
1,4,10.863,0.2657811,0.04695959,-1.017265,0.508475,-0.5036379,0.4952237,0.4924993,
1,4,10.865,0.2657811,0.04695959,-1.017265,0.508475,-0.5036379,0.4952237,0.4924993,
1,4,10.867,0.2657811,0.04695959,-1.017265,0.508475,-0.5036379,0.4952237,0.4924993,
1,4,10.869,0.2657841,0.04699988,-1.017268,0.508488,-0.5036011,0.4952499,0.4924972,
1,4,10.871,0.2657841,0.04699988,-1.017268,0.508488,-0.5036011,0.4952499,0.4924972,
1,4,10.873,0.2657841,0.04699988,-1.017268,0.508488,-0.5036011,0.4952499,0.4924972,
1,4,10.875,0.2657841,0.04699988,-1.017268,0.508488,-0.5036011,0.4952499,0.4924972,
1,4,10.877,0.2657937,0.04701494,-1.017286,0.5085082,-0.5036041,0.4952419,0.4924813,
1,4,10.879,0.2657937,0.04701494,-1.017286,0.5085082,-0.5036041,0.4952419,0.4924813,
1,4,10.881,0.2657937,0.04701494,-1.017286,0.5085082,-0.5036041,0.4952419,0.4924813,
1,4,10.883,0.2657937,0.04701494,-1.017286,0.5085082,-0.5036041,0.4952419,0.4924813,
1,4,10.885,0.2657824,0.04699249,-1.017262,0.508481,-0.5036132,0.4952499,0.4924922,
1,4,10.887,0.2657824,0.04699249,-1.017262,0.508481,-0.5036132,0.4952499,0.4924922,
1,4,10.889,0.2657824,0.04699249,-1.017262,0.508481,-0.5036132,0.4952499,0.4924922,
1,4,10.891,0.2657824,0.04699249,-1.017262,0.508481,-0.5036132,0.4952499,0.4924922,
1,4,10.893,0.2657874,0.04699532,-1.017255,0.5084759,-0.5036092,0.4952578,0.4924935,
1,4,10.895,0.2657874,0.04699532,-1.017255,0.5084759,-0.5036092,0.4952578,0.4924935,
1,4,10.897,0.2657874,0.04699532,-1.017255,0.5084759,-0.5036092,0.4952578,0.4924935,
1,4,10.899,0.2657874,0.04699532,-1.017255,0.5084759,-0.5036092,0.4952578,0.4924935,
1,4,10.901,0.2657833,0.04700762,-1.017252,0.5084782,-0.5036105,0.4952579,0.4924897,
1,4,10.903,0.2657833,0.04700762,-1.017252,0.5084782,-0.5036105,0.4952579,0.4924897,
1,4,10.905,0.2657833,0.04700762,-1.017252,0.5084782,-0.5036105,0.4952579,0.4924897,
1,4,10.907,0.2657833,0.04700762,-1.017252,0.5084782,-0.5036105,0.4952579,0.4924897,
1,4,10.909,0.2657803,0.04701651,-1.017257,0.5084723,-0.5035981,0.4952758,0.4924903,
1,4,10.911,0.2657803,0.04701651,-1.017257,0.5084723,-0.5035981,0.4952758,0.4924903,
1,4,10.913,0.2657803,0.04701651,-1.017257,0.5084723,-0.5035981,0.4952758,0.4924903,
1,4,10.915,0.2657803,0.04701651,-1.017257,0.5084723,-0.5035981,0.4952758,0.4924903,
1,4,10.917,0.2657803,0.04701651,-1.017257,0.5084723,-0.5035981,0.4952758,0.4924903,
1,4,10.919,0.2657917,0.04702723,-1.01725,0.5084684,-0.5035928,0.4952857,0.4924901,
1,4,10.921,0.2657917,0.04702723,-1.01725,0.5084684,-0.5035928,0.4952857,0.4924901,
1,4,10.923,0.2657917,0.04702723,-1.01725,0.5084684,-0.5035928,0.4952857,0.4924901,
1,4,10.925,0.2657917,0.04702723,-1.01725,0.5084684,-0.5035928,0.4952857,0.4924901,
1,4,10.927,0.2657956,0.04699824,-1.017244,0.5084677,-0.5036247,0.4952511,0.4924929,
1,4,10.929,0.2657956,0.04699824,-1.017244,0.5084677,-0.5036247,0.4952511,0.4924929,
1,4,10.931,0.2657956,0.04699824,-1.017244,0.5084677,-0.5036247,0.4952511,0.4924929,
1,4,10.933,0.2657956,0.04699824,-1.017244,0.5084677,-0.5036247,0.4952511,0.4924929,
1,4,10.935,0.2657946,0.04696436,-1.017226,0.5084565,-0.5036431,0.4952526,0.4924842,
1,4,10.937,0.2657946,0.04696436,-1.017226,0.5084565,-0.5036431,0.4952526,0.4924842,
1,4,10.939,0.2657946,0.04696436,-1.017226,0.5084565,-0.5036431,0.4952526,0.4924842,
1,4,10.941,0.2657946,0.04696436,-1.017226,0.5084565,-0.5036431,0.4952526,0.4924842,
1,4,10.943,0.2657939,0.04702348,-1.017246,0.508466,-0.5036018,0.4952773,0.4924916,
1,4,10.945,0.2657939,0.04702348,-1.017246,0.508466,-0.5036018,0.4952773,0.4924916,
1,4,10.947,0.2657939,0.04702348,-1.017246,0.508466,-0.5036018,0.4952773,0.4924916,
1,4,10.949,0.2657939,0.04702348,-1.017246,0.508466,-0.5036018,0.4952773,0.4924916,
1,4,10.951,0.2657958,0.0469933,-1.017247,0.5084786,-0.5036242,0.4952496,0.4924834,
1,4,10.953,0.2657958,0.0469933,-1.017247,0.5084786,-0.5036242,0.4952496,0.4924834,
1,4,10.955,0.2657958,0.0469933,-1.017247,0.5084786,-0.5036242,0.4952496,0.4924834,
1,4,10.957,0.2657958,0.0469933,-1.017247,0.5084786,-0.5036242,0.4952496,0.4924834,
1,4,10.959,0.2657875,0.04697461,-1.017249,0.5084729,-0.503642,0.4952369,0.492484,
1,4,10.961,0.2657875,0.04697461,-1.017249,0.5084729,-0.503642,0.4952369,0.492484,
1,4,10.963,0.2657875,0.04697461,-1.017249,0.5084729,-0.503642,0.4952369,0.492484,
1,4,10.965,0.2657875,0.04697461,-1.017249,0.5084729,-0.503642,0.4952369,0.492484,
1,4,10.967,0.2657875,0.04697461,-1.017249,0.5084729,-0.503642,0.4952369,0.492484,
1,4,10.969,0.2657984,0.0469719,-1.017257,0.5084708,-0.5036404,0.4952315,0.4924933,
1,4,10.971,0.2657984,0.0469719,-1.017257,0.5084708,-0.5036404,0.4952315,0.4924933,
1,4,10.973,0.2657984,0.0469719,-1.017257,0.5084708,-0.5036404,0.4952315,0.4924933,
1,4,10.975,0.2657984,0.0469719,-1.017257,0.5084708,-0.5036404,0.4952315,0.4924933,
1,4,10.977,0.265776,0.04696679,-1.017231,0.5084348,-0.5036277,0.4952567,0.4925182,
1,4,10.979,0.265776,0.04696679,-1.017231,0.5084348,-0.5036277,0.4952567,0.4925182,
1,4,10.981,0.265776,0.04696679,-1.017231,0.5084348,-0.5036277,0.4952567,0.4925182,
1,4,10.983,0.265776,0.04696679,-1.017231,0.5084348,-0.5036277,0.4952567,0.4925182,
1,4,10.985,0.265778,0.04695824,-1.017254,0.5084434,-0.5036324,0.4952398,0.4925214,
1,4,10.987,0.265778,0.04695824,-1.017254,0.5084434,-0.5036324,0.4952398,0.4925214,
1,4,10.989,0.265778,0.04695824,-1.017254,0.5084434,-0.5036324,0.4952398,0.4925214,
1,4,10.991,0.265778,0.04695824,-1.017254,0.5084434,-0.5036324,0.4952398,0.4925214,
1,4,10.993,0.2657831,0.04693252,-1.017243,0.5084342,-0.5036471,0.4952362,0.4925193,
1,4,10.995,0.2657831,0.04693252,-1.017243,0.5084342,-0.5036471,0.4952362,0.4925193,
1,4,10.997,0.2657831,0.04693252,-1.017243,0.5084342,-0.5036471,0.4952362,0.4925193,
1,4,10.999,0.2657831,0.04693252,-1.017243,0.5084342,-0.5036471,0.4952362,0.4925193,
1,4,11.001,0.2657843,0.04698088,-1.01723,0.5084678,-0.5036402,0.4952451,0.4924829,
1,4,11.003,0.2657843,0.04698088,-1.01723,0.5084678,-0.5036402,0.4952451,0.4924829,
1,4,11.005,0.2657843,0.04698088,-1.01723,0.5084678,-0.5036402,0.4952451,0.4924829,
1,4,11.007,0.2657843,0.04698088,-1.01723,0.5084678,-0.5036402,0.4952451,0.4924829,
1,4,11.009,0.2657796,0.04699493,-1.017236,0.5084685,-0.5036274,0.4952544,0.492486,
1,4,11.011,0.2657796,0.04699493,-1.017236,0.5084685,-0.5036274,0.4952544,0.492486,
1,4,11.013,0.2657796,0.04699493,-1.017236,0.5084685,-0.5036274,0.4952544,0.492486,
1,4,11.015,0.2657796,0.04699493,-1.017236,0.5084685,-0.5036274,0.4952544,0.492486,
1,4,11.017,0.2657796,0.04699493,-1.017236,0.5084685,-0.5036274,0.4952544,0.492486,
1,4,11.019,0.265781,0.04697022,-1.017242,0.5084625,-0.5036321,0.4952372,0.4925046,
1,4,11.021,0.265781,0.04697022,-1.017242,0.5084625,-0.5036321,0.4952372,0.4925046,
1,4,11.023,0.265781,0.04697022,-1.017242,0.5084625,-0.5036321,0.4952372,0.4925046,
1,4,11.025,0.265781,0.04697022,-1.017242,0.5084625,-0.5036321,0.4952372,0.4925046,
1,4,11.027,0.2657846,0.04698398,-1.017229,0.5084648,-0.5036203,0.495266,0.4924854,
1,4,11.029,0.2657846,0.04698398,-1.017229,0.5084648,-0.5036203,0.495266,0.4924854,
1,4,11.031,0.2657846,0.04698398,-1.017229,0.5084648,-0.5036203,0.495266,0.4924854,
1,4,11.033,0.2657846,0.04698398,-1.017229,0.5084648,-0.5036203,0.495266,0.4924854,
1,4,11.035,0.2657855,0.047022,-1.017251,0.5084803,-0.5035846,0.4952812,0.4924905,
1,4,11.037,0.2657855,0.047022,-1.017251,0.5084803,-0.5035846,0.4952812,0.4924905,
1,4,11.039,0.2657855,0.047022,-1.017251,0.5084803,-0.5035846,0.4952812,0.4924905,
1,4,11.041,0.2657855,0.047022,-1.017251,0.5084803,-0.5035846,0.4952812,0.4924905,
1,4,11.043,0.265778,0.04697952,-1.017264,0.5084759,-0.503617,0.4952422,0.4925012,
1,4,11.045,0.265778,0.04697952,-1.017264,0.5084759,-0.503617,0.4952422,0.4925012,
1,4,11.047,0.265778,0.04697952,-1.017264,0.5084759,-0.503617,0.4952422,0.4925012,
1,4,11.049,0.265778,0.04697952,-1.017264,0.5084759,-0.503617,0.4952422,0.4925012,
1,4,11.051,0.2657859,0.04696783,-1.017274,0.5084638,-0.5036047,0.4952401,0.4925285,
1,4,11.053,0.2657859,0.04696783,-1.017274,0.5084638,-0.5036047,0.4952401,0.4925285,
1,4,11.055,0.2657859,0.04696783,-1.017274,0.5084638,-0.5036047,0.4952401,0.4925285,
1,4,11.057,0.2657859,0.04696783,-1.017274,0.5084638,-0.5036047,0.4952401,0.4925285,
1,4,11.059,0.2657916,0.04697338,-1.017271,0.5084588,-0.5036075,0.495248,0.4925227,
1,4,11.061,0.2657916,0.04697338,-1.017271,0.5084588,-0.5036075,0.495248,0.4925227,
1,4,11.063,0.2657916,0.04697338,-1.017271,0.5084588,-0.5036075,0.495248,0.4925227,
1,4,11.065,0.2657916,0.04697338,-1.017271,0.5084588,-0.5036075,0.495248,0.4925227,
1,4,11.067,0.2657916,0.04697338,-1.017271,0.5084588,-0.5036075,0.495248,0.4925227,
1,4,11.069,0.265785,0.04695691,-1.017265,0.5084443,-0.5036206,0.4952417,0.4925306,
1,4,11.071,0.265785,0.04695691,-1.017265,0.5084443,-0.5036206,0.4952417,0.4925306,
1,4,11.073,0.265785,0.04695691,-1.017265,0.5084443,-0.5036206,0.4952417,0.4925306,
1,4,11.075,0.265785,0.04695691,-1.017265,0.5084443,-0.5036206,0.4952417,0.4925306,
1,4,11.077,0.2657854,0.04699254,-1.017246,0.5084636,-0.5036075,0.4952684,0.4924972,
1,4,11.079,0.2657854,0.04699254,-1.017246,0.5084636,-0.5036075,0.4952684,0.4924972,
1,4,11.081,0.2657854,0.04699254,-1.017246,0.5084636,-0.5036075,0.4952684,0.4924972,CourtEnter
1,4,11.083,0.2657854,0.04699254,-1.017246,0.5084636,-0.5036075,0.4952684,0.4924972,
1,4,11.085,0.2657866,0.04696379,-1.017268,0.508472,-0.5036147,0.4952365,0.4925132,
1,4,11.087,0.2657866,0.04696379,-1.017268,0.508472,-0.5036147,0.4952365,0.4925132,
1,4,11.089,0.2657866,0.04696379,-1.017268,0.508472,-0.5036147,0.4952365,0.4925132,
1,4,11.091,0.2657866,0.04696379,-1.017268,0.508472,-0.5036147,0.4952365,0.4925132,CourtExit
1,4,11.093,0.2657878,0.04697486,-1.017277,0.5084575,-0.503612,0.4952416,0.4925257,
1,4,11.095,0.2657878,0.04697486,-1.017277,0.5084575,-0.503612,0.4952416,0.4925257,
1,4,11.097,0.2657878,0.04697486,-1.017277,0.5084575,-0.503612,0.4952416,0.4925257,
1,4,11.099,0.2657878,0.04697486,-1.017277,0.5084575,-0.503612,0.4952416,0.4925257,
1,4,11.101,0.265795,0.04697736,-1.017284,0.5084697,-0.5035902,0.495247,0.4925302,
1,4,11.103,0.265795,0.04697736,-1.017284,0.5084697,-0.5035902,0.495247,0.4925302,
1,4,11.105,0.265795,0.04697736,-1.017284,0.5084697,-0.5035902,0.495247,0.4925302,
1,4,11.107,0.265795,0.04697736,-1.017284,0.5084697,-0.5035902,0.495247,0.4925302,
1,4,11.109,0.2657834,0.04699843,-1.01728,0.5084856,-0.503598,0.4952501,0.4925027,
1,4,11.111,0.2657834,0.04699843,-1.01728,0.5084856,-0.503598,0.4952501,0.4925027,
1,4,11.113,0.2657834,0.04699843,-1.01728,0.5084856,-0.503598,0.4952501,0.4925027,
1,4,11.115,0.2657834,0.04699843,-1.01728,0.5084856,-0.503598,0.4952501,0.4925027,
1,4,11.117,0.2657834,0.04699843,-1.01728,0.5084856,-0.503598,0.4952501,0.4925027,
1,4,11.119,0.265784,0.04698319,-1.017272,0.5084828,-0.5036132,0.4952392,0.4925011,
1,4,11.121,0.265784,0.04698319,-1.017272,0.5084828,-0.5036132,0.4952392,0.4925011,
1,4,11.123,0.265784,0.04698319,-1.017272,0.5084828,-0.5036132,0.4952392,0.4925011,
1,4,11.125,0.265784,0.04698319,-1.017272,0.5084828,-0.5036132,0.4952392,0.4925011,
1,4,11.127,0.2657791,0.04696997,-1.017267,0.5084689,-0.5036114,0.4952394,0.4925169,
1,4,11.129,0.2657791,0.04696997,-1.017267,0.5084689,-0.5036114,0.4952394,0.4925169,
1,4,11.131,0.2657791,0.04696997,-1.017267,0.5084689,-0.5036114,0.4952394,0.4925169,
1,4,11.133,0.2657791,0.04696997,-1.017267,0.5084689,-0.5036114,0.4952394,0.4925169,
1,4,11.135,0.2657823,0.04697138,-1.017272,0.5084733,-0.5036198,0.4952301,0.4925132,
1,4,11.137,0.2657823,0.04697138,-1.017272,0.5084733,-0.5036198,0.4952301,0.4925132,
1,4,11.139,0.2657823,0.04697138,-1.017272,0.5084733,-0.5036198,0.4952301,0.4925132,
1,4,11.141,0.2657823,0.04697138,-1.017272,0.5084733,-0.5036198,0.4952301,0.4925132,
1,4,11.143,0.2657785,0.04697958,-1.017247,0.5084603,-0.50361,0.4952627,0.4925039,
1,4,11.145,0.2657785,0.04697958,-1.017247,0.5084603,-0.50361,0.4952627,0.4925039,
1,4,11.147,0.2657785,0.04697958,-1.017247,0.5084603,-0.50361,0.4952627,0.4925039,
1,4,11.149,0.2657785,0.04697958,-1.017247,0.5084603,-0.50361,0.4952627,0.4925039,
1,4,11.151,0.2657775,0.04698244,-1.017285,0.5084729,-0.5035956,0.4952484,0.49252,
1,4,11.153,0.2657775,0.04698244,-1.017285,0.5084729,-0.5035956,0.4952484,0.49252,
1,4,11.155,0.2657775,0.04698244,-1.017285,0.5084729,-0.5035956,0.4952484,0.49252,
1,4,11.157,0.2657775,0.04698244,-1.017285,0.5084729,-0.5035956,0.4952484,0.49252,
1,4,11.159,0.265783,0.04701012,-1.017254,0.5084912,-0.5036122,0.4952522,0.4924803,
1,4,11.161,0.265783,0.04701012,-1.017254,0.5084912,-0.5036122,0.4952522,0.4924803,
1,4,11.163,0.265783,0.04701012,-1.017254,0.5084912,-0.5036122,0.4952522,0.4924803,
1,4,11.165,0.265783,0.04701012,-1.017254,0.5084912,-0.5036122,0.4952522,0.4924803,
1,4,11.167,0.265783,0.04701012,-1.017254,0.5084912,-0.5036122,0.4952522,0.4924803,
1,4,11.169,0.2657771,0.04700768,-1.017239,0.5084794,-0.5036067,0.4952585,0.4924916,
1,4,11.171,0.2657771,0.04700768,-1.017239,0.5084794,-0.5036067,0.4952585,0.4924916,
1,4,11.173,0.2657771,0.04700768,-1.017239,0.5084794,-0.5036067,0.4952585,0.4924916,
1,4,11.175,0.2657771,0.04700768,-1.017239,0.5084794,-0.5036067,0.4952585,0.4924916,
1,4,11.177,0.2657807,0.0469678,-1.017262,0.5084785,-0.5036302,0.4952247,0.4925027,
1,4,11.179,0.2657807,0.0469678,-1.017262,0.5084785,-0.5036302,0.4952247,0.4925027,
1,4,11.181,0.2657807,0.0469678,-1.017262,0.5084785,-0.5036302,0.4952247,0.4925027,
1,4,11.183,0.2657807,0.0469678,-1.017262,0.5084785,-0.5036302,0.4952247,0.4925027,
1,4,11.185,0.2657675,0.04694294,-1.017262,0.5084517,-0.5036444,0.4952258,0.4925146,
1,4,11.187,0.2657675,0.04694294,-1.017262,0.5084517,-0.5036444,0.4952258,0.4925146,
1,4,11.189,0.2657675,0.04694294,-1.017262,0.5084517,-0.5036444,0.4952258,0.4925146,
1,4,11.191,0.2657675,0.04694294,-1.017262,0.5084517,-0.5036444,0.4952258,0.4925146,
1,4,11.193,0.2657829,0.046937,-1.017276,0.508472,-0.5036461,0.4952029,0.492515,
1,4,11.195,0.2657829,0.046937,-1.017276,0.508472,-0.5036461,0.4952029,0.492515,
1,4,11.197,0.2657829,0.046937,-1.017276,0.508472,-0.5036461,0.4952029,0.492515,
1,4,11.199,0.2657829,0.046937,-1.017276,0.508472,-0.5036461,0.4952029,0.492515,
1,4,11.201,0.2657768,0.04696343,-1.017266,0.5084732,-0.5036277,0.4952291,0.4925061,
1,4,11.203,0.2657768,0.04696343,-1.017266,0.5084732,-0.5036277,0.4952291,0.4925061,
1,4,11.205,0.2657768,0.04696343,-1.017266,0.5084732,-0.5036277,0.4952291,0.4925061,
1,4,11.207,0.2657768,0.04696343,-1.017266,0.5084732,-0.5036277,0.4952291,0.4925061,
1,4,11.209,0.2657765,0.04696057,-1.017253,0.5084638,-0.5036362,0.4952356,0.4925006,
1,4,11.211,0.2657765,0.04696057,-1.017253,0.5084638,-0.5036362,0.4952356,0.4925006,
1,4,11.213,0.2657765,0.04696057,-1.017253,0.5084638,-0.5036362,0.4952356,0.4925006,
1,4,11.215,0.2657765,0.04696057,-1.017253,0.5084638,-0.5036362,0.4952356,0.4925006,
1,4,11.217,0.2657765,0.04696057,-1.017253,0.5084638,-0.5036362,0.4952356,0.4925006,
1,4,11.219,0.2657799,0.04693256,-1.017263,0.5084714,-0.5036531,0.4952051,0.4925062,
1,4,11.221,0.2657799,0.04693256,-1.017263,0.5084714,-0.5036531,0.4952051,0.4925062,
1,4,11.223,0.2657799,0.04693256,-1.017263,0.5084714,-0.5036531,0.4952051,0.4925062,
1,4,11.225,0.2657799,0.04693256,-1.017263,0.5084714,-0.5036531,0.4952051,0.4925062,
1,4,11.227,0.265782,0.0469285,-1.017254,0.5084611,-0.5036634,0.4952078,0.4925035,
1,4,11.229,0.265782,0.0469285,-1.017254,0.5084611,-0.5036634,0.4952078,0.4925035,
1,4,11.231,0.265782,0.0469285,-1.017254,0.5084611,-0.5036634,0.4952078,0.4925035,
1,4,11.233,0.265782,0.0469285,-1.017254,0.5084611,-0.5036634,0.4952078,0.4925035,
1,4,11.235,0.2657764,0.0469161,-1.017267,0.5084628,-0.503662,0.4951962,0.4925149,
1,4,11.237,0.2657764,0.0469161,-1.017267,0.5084628,-0.503662,0.4951962,0.4925149,
1,4,11.239,0.2657764,0.0469161,-1.017267,0.5084628,-0.503662,0.4951962,0.4925149,
1,4,11.241,0.2657764,0.0469161,-1.017267,0.5084628,-0.503662,0.4951962,0.4925149,
1,4,11.243,0.2657782,0.04693034,-1.017275,0.5084597,-0.5036383,0.4952134,0.492525,
1,4,11.245,0.2657782,0.04693034,-1.017275,0.5084597,-0.5036383,0.4952134,0.492525,
1,4,11.247,0.2657782,0.04693034,-1.017275,0.5084597,-0.5036383,0.4952134,0.492525,
1,4,11.249,0.2657782,0.04693034,-1.017275,0.5084597,-0.5036383,0.4952134,0.492525,
1,4,11.251,0.2657717,0.04694644,-1.017266,0.5084543,-0.5036222,0.49523,0.4925304,
1,4,11.253,0.2657717,0.04694644,-1.017266,0.5084543,-0.5036222,0.49523,0.4925304,
1,4,11.255,0.2657717,0.04694644,-1.017266,0.5084543,-0.5036222,0.49523,0.4925304,
1,4,11.257,0.2657717,0.04694644,-1.017266,0.5084543,-0.5036222,0.49523,0.4925304,
1,4,11.259,0.2657796,0.04694896,-1.017253,0.5084403,-0.5036193,0.4952505,0.4925274,
1,4,11.261,0.2657796,0.04694896,-1.017253,0.5084403,-0.5036193,0.4952505,0.4925274,
1,4,11.263,0.2657796,0.04694896,-1.017253,0.5084403,-0.5036193,0.4952505,0.4925274,
1,4,11.265,0.2657796,0.04694896,-1.017253,0.5084403,-0.5036193,0.4952505,0.4925274,
1,4,11.267,0.2657796,0.04694896,-1.017253,0.5084403,-0.5036193,0.4952505,0.4925274,
1,4,11.269,0.265786,0.04696643,-1.017281,0.5084862,-0.5036204,0.4952254,0.4925041,
1,4,11.271,0.265786,0.04696643,-1.017281,0.5084862,-0.5036204,0.4952254,0.4925041,
1,4,11.273,0.265786,0.04696643,-1.017281,0.5084862,-0.5036204,0.4952254,0.4925041,
1,4,11.275,0.265786,0.04696643,-1.017281,0.5084862,-0.5036204,0.4952254,0.4925041,
1,4,11.277,0.2657809,0.04693283,-1.017253,0.5084366,-0.5036389,0.49523,0.4925316,
1,4,11.279,0.2657809,0.04693283,-1.017253,0.5084366,-0.5036389,0.49523,0.4925316,
1,4,11.281,0.2657809,0.04693283,-1.017253,0.5084366,-0.5036389,0.49523,0.4925316,
1,4,11.283,0.2657809,0.04693283,-1.017253,0.5084366,-0.5036389,0.49523,0.4925316,
1,4,11.285,0.265772,0.04692379,-1.01727,0.5084353,-0.5036406,0.4952216,0.4925397,
1,4,11.287,0.265772,0.04692379,-1.01727,0.5084353,-0.5036406,0.4952216,0.4925397,
1,4,11.289,0.265772,0.04692379,-1.01727,0.5084353,-0.5036406,0.4952216,0.4925397,
1,4,11.291,0.265772,0.04692379,-1.01727,0.5084353,-0.5036406,0.4952216,0.4925397,
1,4,11.293,0.2657811,0.0469391,-1.017267,0.5084445,-0.5036315,0.4952337,0.4925272,
1,4,11.295,0.2657811,0.0469391,-1.017267,0.5084445,-0.5036315,0.4952337,0.4925272,
1,4,11.297,0.2657811,0.0469391,-1.017267,0.5084445,-0.5036315,0.4952337,0.4925272,
1,4,11.299,0.2657811,0.0469391,-1.017267,0.5084445,-0.5036315,0.4952337,0.4925272,
1,4,11.301,0.2657709,0.04694913,-1.017265,0.5084629,-0.5036364,0.4952297,0.4925073,
1,4,11.303,0.2657709,0.04694913,-1.017265,0.5084629,-0.5036364,0.4952297,0.4925073,
1,4,11.305,0.2657709,0.04694913,-1.017265,0.5084629,-0.5036364,0.4952297,0.4925073,
1,4,11.307,0.2657709,0.04694913,-1.017265,0.5084629,-0.5036364,0.4952297,0.4925073,
1,4,11.309,0.2657902,0.04696699,-1.017251,0.5084789,-0.5036345,0.4952375,0.4924849,
1,4,11.311,0.2657902,0.04696699,-1.017251,0.5084789,-0.5036345,0.4952375,0.4924849,
1,4,11.313,0.2657902,0.04696699,-1.017251,0.5084789,-0.5036345,0.4952375,0.4924849,
1,4,11.315,0.2657902,0.04696699,-1.017251,0.5084789,-0.5036345,0.4952375,0.4924849,
1,4,11.317,0.2657902,0.04696699,-1.017251,0.5084789,-0.5036345,0.4952375,0.4924849,
1,4,11.319,0.2657838,0.04695473,-1.01726,0.5084639,-0.503622,0.4952393,0.4925115,
1,4,11.321,0.2657838,0.04695473,-1.01726,0.5084639,-0.503622,0.4952393,0.4925115,
1,4,11.323,0.2657838,0.04695473,-1.01726,0.5084639,-0.503622,0.4952393,0.4925115,
1,4,11.325,0.2657838,0.04695473,-1.01726,0.5084639,-0.503622,0.4952393,0.4925115,
1,4,11.327,0.2657779,0.04694892,-1.017278,0.5084615,-0.5036201,0.4952238,0.4925313,
1,4,11.329,0.2657779,0.04694892,-1.017278,0.5084615,-0.5036201,0.4952238,0.4925313,
1,4,11.331,0.2657779,0.04694892,-1.017278,0.5084615,-0.5036201,0.4952238,0.4925313,
1,4,11.333,0.2657779,0.04694892,-1.017278,0.5084615,-0.5036201,0.4952238,0.4925313,
1,4,11.335,0.2657834,0.04698177,-1.01729,0.5084717,-0.5036,0.4952367,0.4925284,
1,4,11.337,0.2657834,0.04698177,-1.01729,0.5084717,-0.5036,0.4952367,0.4925284,
1,4,11.339,0.2657834,0.04698177,-1.01729,0.5084717,-0.5036,0.4952367,0.4925284,
1,4,11.341,0.2657834,0.04698177,-1.01729,0.5084717,-0.5036,0.4952367,0.4925284,
1,4,11.343,0.2657917,0.04698158,-1.017277,0.5085013,-0.5036147,0.4952329,0.4924868,
1,4,11.345,0.2657917,0.04698158,-1.017277,0.5085013,-0.5036147,0.4952329,0.4924868,
1,4,11.347,0.2657917,0.04698158,-1.017277,0.5085013,-0.5036147,0.4952329,0.4924868,
1,4,11.349,0.2657917,0.04698158,-1.017277,0.5085013,-0.5036147,0.4952329,0.4924868,
1,4,11.351,0.2657954,0.04701065,-1.017276,0.5085066,-0.5036074,0.4952428,0.4924787,
1,4,11.353,0.2657954,0.04701065,-1.017276,0.5085066,-0.5036074,0.4952428,0.4924787,
1,4,11.355,0.2657954,0.04701065,-1.017276,0.5085066,-0.5036074,0.4952428,0.4924787,
1,4,11.357,0.2657954,0.04701065,-1.017276,0.5085066,-0.5036074,0.4952428,0.4924787,
1,4,11.359,0.2657872,0.04701046,-1.017267,0.5084844,-0.5036002,0.4952528,0.492499,
1,4,11.361,0.2657872,0.04701046,-1.017267,0.5084844,-0.5036002,0.4952528,0.492499,
1,4,11.363,0.2657872,0.04701046,-1.017267,0.5084844,-0.5036002,0.4952528,0.492499,
1,4,11.365,0.2657872,0.04701046,-1.017267,0.5084844,-0.5036002,0.4952528,0.492499,
1,4,11.367,0.2657872,0.04701046,-1.017267,0.5084844,-0.5036002,0.4952528,0.492499,
1,4,11.369,0.2657867,0.04698333,-1.017289,0.5084917,-0.5036117,0.4952284,0.4925042,
1,4,11.371,0.2657867,0.04698333,-1.017289,0.5084917,-0.5036117,0.4952284,0.4925042,
1,4,11.373,0.2657867,0.04698333,-1.017289,0.5084917,-0.5036117,0.4952284,0.4925042,
1,4,11.375,0.2657867,0.04698333,-1.017289,0.5084917,-0.5036117,0.4952284,0.4925042,
1,4,11.377,0.2657851,0.04697047,-1.017241,0.5084639,-0.5036407,0.4952349,0.4924968,
1,4,11.379,0.2657851,0.04697047,-1.017241,0.5084639,-0.5036407,0.4952349,0.4924968,
1,4,11.381,0.2657851,0.04697047,-1.017241,0.5084639,-0.5036407,0.4952349,0.4924968,
1,4,11.383,0.2657851,0.04697047,-1.017241,0.5084639,-0.5036407,0.4952349,0.4924968,
1,4,11.385,0.2657838,0.04696434,-1.017268,0.5084812,-0.5036339,0.4952206,0.4925002,
1,4,11.387,0.2657838,0.04696434,-1.017268,0.5084812,-0.5036339,0.4952206,0.4925002,
1,4,11.389,0.2657838,0.04696434,-1.017268,0.5084812,-0.5036339,0.4952206,0.4925002,
1,4,11.391,0.2657838,0.04696434,-1.017268,0.5084812,-0.5036339,0.4952206,0.4925002,
1,4,11.393,0.2657809,0.04698494,-1.017268,0.5084695,-0.5036137,0.4952456,0.4925077,
1,4,11.395,0.2657809,0.04698494,-1.017268,0.5084695,-0.5036137,0.4952456,0.4925077,
1,4,11.397,0.2657809,0.04698494,-1.017268,0.5084695,-0.5036137,0.4952456,0.4925077,
1,4,11.399,0.2657809,0.04698494,-1.017268,0.5084695,-0.5036137,0.4952456,0.4925077,
1,4,11.401,0.2657714,0.04695287,-1.017262,0.5084534,-0.5036439,0.4952282,0.4925109,
1,4,11.403,0.2657714,0.04695287,-1.017262,0.5084534,-0.5036439,0.4952282,0.4925109,
1,4,11.405,0.2657714,0.04695287,-1.017262,0.5084534,-0.5036439,0.4952282,0.4925109,
1,4,11.407,0.2657714,0.04695287,-1.017262,0.5084534,-0.5036439,0.4952282,0.4925109,
1,4,11.409,0.2657895,0.04697108,-1.01725,0.5084656,-0.503621,0.4952429,0.4925069,
1,4,11.411,0.2657895,0.04697108,-1.01725,0.5084656,-0.503621,0.4952429,0.4925069,
1,4,11.413,0.2657895,0.04697108,-1.01725,0.5084656,-0.503621,0.4952429,0.4925069,
1,4,11.415,0.2657895,0.04697108,-1.01725,0.5084656,-0.503621,0.4952429,0.4925069,
1,4,11.417,0.2657895,0.04697108,-1.01725,0.5084656,-0.503621,0.4952429,0.4925069,
1,4,11.419,0.2657848,0.046955,-1.017267,0.5084615,-0.5036306,0.495227,0.4925176,
1,4,11.421,0.2657848,0.046955,-1.017267,0.5084615,-0.5036306,0.495227,0.4925176,
1,4,11.423,0.2657848,0.046955,-1.017267,0.5084615,-0.5036306,0.495227,0.4925176,
1,4,11.425,0.2657848,0.046955,-1.017267,0.5084615,-0.5036306,0.495227,0.4925176,
1,4,11.427,0.2657908,0.04693418,-1.017264,0.5084718,-0.5036664,0.4952013,0.4924958,
1,4,11.429,0.2657908,0.04693418,-1.017264,0.5084718,-0.5036664,0.4952013,0.4924958,
1,4,11.431,0.2657908,0.04693418,-1.017264,0.5084718,-0.5036664,0.4952013,0.4924958,
1,4,11.433,0.2657908,0.04693418,-1.017264,0.5084718,-0.5036664,0.4952013,0.4924958,
1,4,11.435,0.2657852,0.04694154,-1.01726,0.508471,-0.5036621,0.4952023,0.4925002,
1,4,11.437,0.2657852,0.04694154,-1.01726,0.508471,-0.5036621,0.4952023,0.4925002,
1,4,11.439,0.2657852,0.04694154,-1.01726,0.508471,-0.5036621,0.4952023,0.4925002,
1,4,11.441,0.2657852,0.04694154,-1.01726,0.508471,-0.5036621,0.4952023,0.4925002,
1,4,11.443,0.2657796,0.04692041,-1.017266,0.5084752,-0.5036622,0.4951937,0.4925043,
1,4,11.445,0.2657796,0.04692041,-1.017266,0.5084752,-0.5036622,0.4951937,0.4925043,
1,4,11.447,0.2657796,0.04692041,-1.017266,0.5084752,-0.5036622,0.4951937,0.4925043,
1,4,11.449,0.2657796,0.04692041,-1.017266,0.5084752,-0.5036622,0.4951937,0.4925043,
1,4,11.451,0.2657812,0.04695094,-1.017259,0.5084507,-0.503633,0.495235,0.4925181,
1,4,11.453,0.2657812,0.04695094,-1.017259,0.5084507,-0.503633,0.495235,0.4925181,
1,4,11.455,0.2657812,0.04695094,-1.017259,0.5084507,-0.503633,0.495235,0.4925181,
1,4,11.457,0.2657812,0.04695094,-1.017259,0.5084507,-0.503633,0.495235,0.4925181,
1,4,11.459,0.2657749,0.04695508,-1.017241,0.5084426,-0.5036318,0.4952472,0.4925153,
1,4,11.461,0.2657749,0.04695508,-1.017241,0.5084426,-0.5036318,0.4952472,0.4925153,
1,4,11.463,0.2657749,0.04695508,-1.017241,0.5084426,-0.5036318,0.4952472,0.4925153,
1,4,11.465,0.2657749,0.04695508,-1.017241,0.5084426,-0.5036318,0.4952472,0.4925153,
1,4,11.467,0.2657749,0.04695508,-1.017241,0.5084426,-0.5036318,0.4952472,0.4925153,
1,4,11.469,0.2657779,0.04691438,-1.017279,0.5084651,-0.5036575,0.4951948,0.4925186,
1,4,11.471,0.2657779,0.04691438,-1.017279,0.5084651,-0.5036575,0.4951948,0.4925186,
1,4,11.473,0.2657779,0.04691438,-1.017279,0.5084651,-0.5036575,0.4951948,0.4925186,
1,4,11.475,0.2657779,0.04691438,-1.017279,0.5084651,-0.5036575,0.4951948,0.4925186,
1,4,11.477,0.2657731,0.04691057,-1.017266,0.5084527,-0.5036669,0.4951872,0.4925295,
1,4,11.479,0.2657731,0.04691057,-1.017266,0.5084527,-0.5036669,0.4951872,0.4925295,
1,4,11.481,0.2657731,0.04691057,-1.017266,0.5084527,-0.5036669,0.4951872,0.4925295,
1,4,11.483,0.2657731,0.04691057,-1.017266,0.5084527,-0.5036669,0.4951872,0.4925295,
1,4,11.485,0.2657745,0.04695622,-1.017262,0.5084504,-0.5036376,0.4952258,0.4925229,
1,4,11.487,0.2657745,0.04695622,-1.017262,0.5084504,-0.5036376,0.4952258,0.4925229,
1,4,11.489,0.2657745,0.04695622,-1.017262,0.5084504,-0.5036376,0.4952258,0.4925229,
1,4,11.491,0.2657745,0.04695622,-1.017262,0.5084504,-0.5036376,0.4952258,0.4925229,
1,4,11.493,0.2657795,0.04693986,-1.017253,0.5084346,-0.5036212,0.4952472,0.4925345,
1,4,11.495,0.2657795,0.04693986,-1.017253,0.5084346,-0.5036212,0.4952472,0.4925345,
1,4,11.497,0.2657795,0.04693986,-1.017253,0.5084346,-0.5036212,0.4952472,0.4925345,
1,4,11.499,0.2657795,0.04693986,-1.017253,0.5084346,-0.5036212,0.4952472,0.4925345,
1,4,11.501,0.2657773,0.04695945,-1.017257,0.5084551,-0.5036229,0.4952404,0.4925182,
1,4,11.503,0.2657773,0.04695945,-1.017257,0.5084551,-0.5036229,0.4952404,0.4925182,
1,4,11.505,0.2657773,0.04695945,-1.017257,0.5084551,-0.5036229,0.4952404,0.4925182,
1,4,11.507,0.2657773,0.04695945,-1.017257,0.5084551,-0.5036229,0.4952404,0.4925182,
1,4,11.509,0.265788,0.04698137,-1.017265,0.5084617,-0.5035995,0.4952549,0.4925209,
1,4,11.511,0.265788,0.04698137,-1.017265,0.5084617,-0.5035995,0.4952549,0.4925209,
1,4,11.513,0.265788,0.04698137,-1.017265,0.5084617,-0.5035995,0.4952549,0.4925209,
1,4,11.515,0.265788,0.04698137,-1.017265,0.5084617,-0.5035995,0.4952549,0.4925209,
1,4,11.517,0.265788,0.04698137,-1.017265,0.5084617,-0.5035995,0.4952549,0.4925209,
1,4,11.519,0.265784,0.04700267,-1.017259,0.5084658,-0.5036028,0.495262,0.4925062,
1,4,11.521,0.265784,0.04700267,-1.017259,0.5084658,-0.5036028,0.495262,0.4925062,
1,4,11.523,0.265784,0.04700267,-1.017259,0.5084658,-0.5036028,0.495262,0.4925062,
1,4,11.525,0.265784,0.04700267,-1.017259,0.5084658,-0.5036028,0.495262,0.4925062,
1,4,11.527,0.2657885,0.04697551,-1.01725,0.5084496,-0.5036091,0.4952626,0.492516,
1,4,11.529,0.2657885,0.04697551,-1.01725,0.5084496,-0.5036091,0.4952626,0.492516,
1,4,11.531,0.2657885,0.04697551,-1.01725,0.5084496,-0.5036091,0.4952626,0.492516,
1,4,11.533,0.2657885,0.04697551,-1.01725,0.5084496,-0.5036091,0.4952626,0.492516,
1,4,11.535,0.2657879,0.04697899,-1.017235,0.5084729,-0.5036447,0.4952382,0.4924799,
1,4,11.537,0.2657879,0.04697899,-1.017235,0.5084729,-0.5036447,0.4952382,0.4924799,
1,4,11.539,0.2657879,0.04697899,-1.017235,0.5084729,-0.5036447,0.4952382,0.4924799,
1,4,11.541,0.2657879,0.04697899,-1.017235,0.5084729,-0.5036447,0.4952382,0.4924799,
1,4,11.543,0.2657811,0.0469946,-1.017241,0.5084851,-0.5036299,0.4952438,0.4924769,
1,4,11.545,0.2657811,0.0469946,-1.017241,0.5084851,-0.5036299,0.4952438,0.4924769,
1,4,11.547,0.2657811,0.0469946,-1.017241,0.5084851,-0.5036299,0.4952438,0.4924769,
1,4,11.549,0.2657811,0.0469946,-1.017241,0.5084851,-0.5036299,0.4952438,0.4924769,
1,4,11.551,0.265792,0.04698674,-1.017255,0.5084412,-0.5036115,0.4952609,0.4925237,
1,4,11.553,0.265792,0.04698674,-1.017255,0.5084412,-0.5036115,0.4952609,0.4925237,
1,4,11.555,0.265792,0.04698674,-1.017255,0.5084412,-0.5036115,0.4952609,0.4925237,
1,4,11.557,0.265792,0.04698674,-1.017255,0.5084412,-0.5036115,0.4952609,0.4925237,
1,4,11.559,0.2657965,0.04700525,-1.017271,0.5084766,-0.5035974,0.4952599,0.4925027,
1,4,11.561,0.2657965,0.04700525,-1.017271,0.5084766,-0.5035974,0.4952599,0.4925027,
1,4,11.563,0.2657965,0.04700525,-1.017271,0.5084766,-0.5035974,0.4952599,0.4925027,
1,4,11.565,0.2657965,0.04700525,-1.017271,0.5084766,-0.5035974,0.4952599,0.4925027,
1,4,11.567,0.2657965,0.04700525,-1.017271,0.5084766,-0.5035974,0.4952599,0.4925027,
1,4,11.569,0.2657844,0.04697645,-1.01725,0.5084828,-0.5036284,0.4952413,0.4924834,
1,4,11.571,0.2657844,0.04697645,-1.01725,0.5084828,-0.5036284,0.4952413,0.4924834,
1,4,11.573,0.2657844,0.04697645,-1.01725,0.5084828,-0.5036284,0.4952413,0.4924834,
1,4,11.575,0.2657844,0.04697645,-1.01725,0.5084828,-0.5036284,0.4952413,0.4924834,
1,4,11.577,0.2657976,0.04696229,-1.017279,0.5084924,-0.5036346,0.4952209,0.4924876,
1,4,11.579,0.2657976,0.04696229,-1.017279,0.5084924,-0.5036346,0.4952209,0.4924876,
1,4,11.581,0.2657976,0.04696229,-1.017279,0.5084924,-0.5036346,0.4952209,0.4924876,
1,4,11.583,0.2657976,0.04696229,-1.017279,0.5084924,-0.5036346,0.4952209,0.4924876,
1,4,11.585,0.2657999,0.04695532,-1.017259,0.5084782,-0.5036325,0.4952292,0.4924961,
1,4,11.587,0.2657999,0.04695532,-1.017259,0.5084782,-0.5036325,0.4952292,0.4924961,
1,4,11.589,0.2657999,0.04695532,-1.017259,0.5084782,-0.5036325,0.4952292,0.4924961,
1,4,11.591,0.2657999,0.04695532,-1.017259,0.5084782,-0.5036325,0.4952292,0.4924961,
1,4,11.593,0.2657869,0.04694758,-1.017266,0.5084725,-0.5036407,0.4952227,0.4925,
1,4,11.595,0.2657869,0.04694758,-1.017266,0.5084725,-0.5036407,0.4952227,0.4925,
1,4,11.597,0.2657869,0.04694758,-1.017266,0.5084725,-0.5036407,0.4952227,0.4925,
1,4,11.599,0.2657869,0.04694758,-1.017266,0.5084725,-0.5036407,0.4952227,0.4925,
1,4,11.601,0.2657855,0.04696823,-1.017281,0.5084805,-0.5036081,0.4952388,0.4925091,
1,4,11.603,0.2657855,0.04696823,-1.017281,0.5084805,-0.5036081,0.4952388,0.4925091,
1,4,11.605,0.2657855,0.04696823,-1.017281,0.5084805,-0.5036081,0.4952388,0.4925091,
1,4,11.607,0.2657855,0.04696823,-1.017281,0.5084805,-0.5036081,0.4952388,0.4925091,
1,4,11.609,0.2657975,0.04697816,-1.017273,0.5084687,-0.5036038,0.495241,0.4925232,
1,4,11.611,0.2657975,0.04697816,-1.017273,0.5084687,-0.5036038,0.495241,0.4925232,
1,4,11.613,0.2657975,0.04697816,-1.017273,0.5084687,-0.5036038,0.495241,0.4925232,
1,4,11.615,0.2657975,0.04697816,-1.017273,0.5084687,-0.5036038,0.495241,0.4925232,
1,4,11.617,0.2657975,0.04697816,-1.017273,0.5084687,-0.5036038,0.495241,0.4925232,
1,4,11.619,0.2657871,0.04695869,-1.017275,0.508451,-0.5036225,0.4952425,0.4925209,
1,4,11.621,0.2657871,0.04695869,-1.017275,0.508451,-0.5036225,0.4952425,0.4925209,
1,4,11.623,0.2657871,0.04695869,-1.017275,0.508451,-0.5036225,0.4952425,0.4925209,
1,4,11.625,0.2657871,0.04695869,-1.017275,0.508451,-0.5036225,0.4952425,0.4925209,
1,4,11.627,0.2657911,0.04693278,-1.017277,0.5084539,-0.5036296,0.4952318,0.4925213,
1,4,11.629,0.2657911,0.04693278,-1.017277,0.5084539,-0.5036296,0.4952318,0.4925213,
1,4,11.631,0.2657911,0.04693278,-1.017277,0.5084539,-0.5036296,0.4952318,0.4925213,
1,4,11.633,0.2657911,0.04693278,-1.017277,0.5084539,-0.5036296,0.4952318,0.4925213,
1,4,11.635,0.2658014,0.04694683,-1.017273,0.5084586,-0.5036241,0.4952339,0.4925202,
1,4,11.637,0.2658014,0.04694683,-1.017273,0.5084586,-0.5036241,0.4952339,0.4925202,
1,4,11.639,0.2658014,0.04694683,-1.017273,0.5084586,-0.5036241,0.4952339,0.4925202,
1,4,11.641,0.2658014,0.04694683,-1.017273,0.5084586,-0.5036241,0.4952339,0.4925202,
1,4,11.643,0.2657854,0.04693858,-1.017264,0.5084552,-0.5036333,0.4952371,0.4925111,
1,4,11.645,0.2657854,0.04693858,-1.017264,0.5084552,-0.5036333,0.4952371,0.4925111,
1,4,11.647,0.2657854,0.04693858,-1.017264,0.5084552,-0.5036333,0.4952371,0.4925111,
1,4,11.649,0.2657854,0.04693858,-1.017264,0.5084552,-0.5036333,0.4952371,0.4925111,
1,4,11.651,0.2657825,0.04692331,-1.01726,0.5084532,-0.5036461,0.4952249,0.4925123,
1,4,11.653,0.2657825,0.04692331,-1.01726,0.5084532,-0.5036461,0.4952249,0.4925123,
1,4,11.655,0.2657825,0.04692331,-1.01726,0.5084532,-0.5036461,0.4952249,0.4925123,
1,4,11.657,0.2657825,0.04692331,-1.01726,0.5084532,-0.5036461,0.4952249,0.4925123,
1,4,11.659,0.2657772,0.04693335,-1.017271,0.5084324,-0.5036083,0.4952508,0.4925463,
1,4,11.661,0.2657772,0.04693335,-1.017271,0.5084324,-0.5036083,0.4952508,0.4925463,
1,4,11.663,0.2657772,0.04693335,-1.017271,0.5084324,-0.5036083,0.4952508,0.4925463,
1,4,11.665,0.2657772,0.04693335,-1.017271,0.5084324,-0.5036083,0.4952508,0.4925463,
1,4,11.667,0.2657772,0.04693335,-1.017271,0.5084324,-0.5036083,0.4952508,0.4925463,
1,4,11.669,0.2658011,0.04697041,-1.017276,0.5084673,-0.5036233,0.4952393,0.4925065,
1,4,11.671,0.2658011,0.04697041,-1.017276,0.5084673,-0.5036233,0.4952393,0.4925065,
1,4,11.673,0.2658011,0.04697041,-1.017276,0.5084673,-0.5036233,0.4952393,0.4925065,
1,4,11.675,0.2658011,0.04697041,-1.017276,0.5084673,-0.5036233,0.4952393,0.4925065,
1,4,11.677,0.2657955,0.04694348,-1.01728,0.5084636,-0.503636,0.4952219,0.492515,
1,4,11.679,0.2657955,0.04694348,-1.01728,0.5084636,-0.503636,0.4952219,0.492515,
1,4,11.681,0.2657955,0.04694348,-1.01728,0.5084636,-0.503636,0.4952219,0.492515,
1,4,11.683,0.2657955,0.04694348,-1.01728,0.5084636,-0.503636,0.4952219,0.492515,
1,4,11.685,0.265795,0.04696601,-1.017281,0.5084664,-0.5036115,0.495245,0.4925138,
1,4,11.687,0.265795,0.04696601,-1.017281,0.5084664,-0.5036115,0.495245,0.4925138,
1,4,11.689,0.265795,0.04696601,-1.017281,0.5084664,-0.5036115,0.495245,0.4925138,
1,4,11.691,0.265795,0.04696601,-1.017281,0.5084664,-0.5036115,0.495245,0.4925138,
1,4,11.693,0.2657864,0.04695792,-1.017273,0.5084624,-0.5036153,0.495243,0.492516,
1,4,11.695,0.2657864,0.04695792,-1.017273,0.5084624,-0.5036153,0.495243,0.492516,
1,4,11.697,0.2657864,0.04695792,-1.017273,0.5084624,-0.5036153,0.495243,0.492516,
1,4,11.699,0.2657864,0.04695792,-1.017273,0.5084624,-0.5036153,0.495243,0.492516,
1,4,11.701,0.265782,0.04695989,-1.017281,0.5084811,-0.5036492,0.4952043,0.4925009,
1,4,11.703,0.265782,0.04695989,-1.017281,0.5084811,-0.5036492,0.4952043,0.4925009,
1,4,11.705,0.265782,0.04695989,-1.017281,0.5084811,-0.5036492,0.4952043,0.4925009,
1,4,11.707,0.265782,0.04695989,-1.017281,0.5084811,-0.5036492,0.4952043,0.4925009,
1,4,11.709,0.265789,0.04695205,-1.017272,0.5084957,-0.5036547,0.4951985,0.4924861,
1,4,11.711,0.265789,0.04695205,-1.017272,0.5084957,-0.5036547,0.4951985,0.4924861,
1,4,11.713,0.265789,0.04695205,-1.017272,0.5084957,-0.5036547,0.4951985,0.4924861,
1,4,11.715,0.265789,0.04695205,-1.017272,0.5084957,-0.5036547,0.4951985,0.4924861,
1,4,11.717,0.265789,0.04695205,-1.017272,0.5084957,-0.5036547,0.4951985,0.4924861,
1,4,11.719,0.2657898,0.04696513,-1.017274,0.5084994,-0.5036344,0.4952112,0.4924901,
1,4,11.721,0.2657898,0.04696513,-1.017274,0.5084994,-0.5036344,0.4952112,0.4924901,
1,4,11.723,0.2657898,0.04696513,-1.017274,0.5084994,-0.5036344,0.4952112,0.4924901,
1,4,11.725,0.2657898,0.04696513,-1.017274,0.5084994,-0.5036344,0.4952112,0.4924901,
1,4,11.727,0.2657838,0.04698832,-1.017271,0.508489,-0.503617,0.4952391,0.4924908,
1,4,11.729,0.2657838,0.04698832,-1.017271,0.508489,-0.503617,0.4952391,0.4924908,
1,4,11.731,0.2657838,0.04698832,-1.017271,0.508489,-0.503617,0.4952391,0.4924908,
1,4,11.733,0.2657838,0.04698832,-1.017271,0.508489,-0.503617,0.4952391,0.4924908,
1,4,11.735,0.2657878,0.04696438,-1.017272,0.5084732,-0.5036427,0.4952245,0.4924955,
1,4,11.737,0.2657878,0.04696438,-1.017272,0.5084732,-0.5036427,0.4952245,0.4924955,
1,4,11.739,0.2657878,0.04696438,-1.017272,0.5084732,-0.5036427,0.4952245,0.4924955,
1,4,11.741,0.2657878,0.04696438,-1.017272,0.5084732,-0.5036427,0.4952245,0.4924955,
1,4,11.743,0.265781,0.04693157,-1.017258,0.5084836,-0.5036718,0.4951966,0.492483,
1,4,11.745,0.265781,0.04693157,-1.017258,0.5084836,-0.5036718,0.4951966,0.492483,
1,4,11.747,0.265781,0.04693157,-1.017258,0.5084836,-0.5036718,0.4951966,0.492483,
1,4,11.749,0.265781,0.04693157,-1.017258,0.5084836,-0.5036718,0.4951966,0.492483,
1,4,11.751,0.2657795,0.04694709,-1.01725,0.5084791,-0.5036542,0.4952105,0.4924916,
1,4,11.753,0.2657795,0.04694709,-1.01725,0.5084791,-0.5036542,0.4952105,0.4924916,
1,4,11.755,0.2657795,0.04694709,-1.01725,0.5084791,-0.5036542,0.4952105,0.4924916,CourtEnter
1,4,11.757,0.2657795,0.04694709,-1.01725,0.5084791,-0.5036542,0.4952105,0.4924916,
1,4,11.759,0.2657921,0.04698829,-1.017277,0.5084915,-0.5036241,0.4952244,0.4924957,
1,4,11.761,0.2657921,0.04698829,-1.017277,0.5084915,-0.5036241,0.4952244,0.4924957,
1,4,11.763,0.2657921,0.04698829,-1.017277,0.5084915,-0.5036241,0.4952244,0.4924957,
1,4,11.765,0.2657921,0.04698829,-1.017277,0.5084915,-0.5036241,0.4952244,0.4924957,
1,4,11.767,0.2657921,0.04698829,-1.017277,0.5084915,-0.5036241,0.4952244,0.4924957,CourtExit
1,4,11.769,0.2657817,0.04698899,-1.017258,0.5084954,-0.5036297,0.4952305,0.4924799,
1,4,11.771,0.2657817,0.04698899,-1.017258,0.5084954,-0.5036297,0.4952305,0.4924799,
1,4,11.773,0.2657817,0.04698899,-1.017258,0.5084954,-0.5036297,0.4952305,0.4924799,
1,4,11.775,0.2657817,0.04698899,-1.017258,0.5084954,-0.5036297,0.4952305,0.4924799,
1,4,11.777,0.2657924,0.04701461,-1.017269,0.5084977,-0.5036021,0.495247,0.4924891,
1,4,11.779,0.2657924,0.04701461,-1.017269,0.5084977,-0.5036021,0.495247,0.4924891,
1,4,11.781,0.2657924,0.04701461,-1.017269,0.5084977,-0.5036021,0.495247,0.4924891,
1,4,11.783,0.2657924,0.04701461,-1.017269,0.5084977,-0.5036021,0.495247,0.4924891,
1,4,11.785,0.2657861,0.04698263,-1.01726,0.5084809,-0.5036294,0.495226,0.4924996,
1,4,11.787,0.2657861,0.04698263,-1.01726,0.5084809,-0.5036294,0.495226,0.4924996,
1,4,11.789,0.2657861,0.04698263,-1.01726,0.5084809,-0.5036294,0.495226,0.4924996,
1,4,11.791,0.2657861,0.04698263,-1.01726,0.5084809,-0.5036294,0.495226,0.4924996,
1,4,11.793,0.2657869,0.04697932,-1.017258,0.5084857,-0.5036355,0.4952197,0.4924949,
1,4,11.795,0.2657869,0.04697932,-1.017258,0.5084857,-0.5036355,0.4952197,0.4924949,
1,4,11.797,0.2657869,0.04697932,-1.017258,0.5084857,-0.5036355,0.4952197,0.4924949,
1,4,11.799,0.2657869,0.04697932,-1.017258,0.5084857,-0.5036355,0.4952197,0.4924949,
1,4,11.801,0.2657896,0.04697613,-1.017281,0.5084853,-0.503631,0.4952159,0.4925038,
1,4,11.803,0.2657896,0.04697613,-1.017281,0.5084853,-0.503631,0.4952159,0.4925038,
1,4,11.805,0.2657896,0.04697613,-1.017281,0.5084853,-0.503631,0.4952159,0.4925038,
1,4,11.807,0.2657896,0.04697613,-1.017281,0.5084853,-0.503631,0.4952159,0.4925038,
1,4,11.809,0.2657852,0.04697932,-1.017257,0.5084855,-0.5036424,0.4952204,0.4924872,
1,4,11.811,0.2657852,0.04697932,-1.017257,0.5084855,-0.5036424,0.4952204,0.4924872,
1,4,11.813,0.2657852,0.04697932,-1.017257,0.5084855,-0.5036424,0.4952204,0.4924872,
1,4,11.815,0.2657852,0.04697932,-1.017257,0.5084855,-0.5036424,0.4952204,0.4924872,
1,4,11.817,0.2657852,0.04697932,-1.017257,0.5084855,-0.5036424,0.4952204,0.4924872,
1,4,11.819,0.2657924,0.04700426,-1.01726,0.508501,-0.5036243,0.4952369,0.4924731,
1,4,11.821,0.2657924,0.04700426,-1.01726,0.508501,-0.5036243,0.4952369,0.4924731,
1,4,11.823,0.2657924,0.04700426,-1.01726,0.508501,-0.5036243,0.4952369,0.4924731,
1,4,11.825,0.2657924,0.04700426,-1.01726,0.508501,-0.5036243,0.4952369,0.4924731,
1,4,11.827,0.2657865,0.04700121,-1.017246,0.5084869,-0.5036227,0.4952427,0.4924835,
1,4,11.829,0.2657865,0.04700121,-1.017246,0.5084869,-0.5036227,0.4952427,0.4924835,
1,4,11.831,0.2657865,0.04700121,-1.017246,0.5084869,-0.5036227,0.4952427,0.4924835,
1,4,11.833,0.2657865,0.04700121,-1.017246,0.5084869,-0.5036227,0.4952427,0.4924835,
1,4,11.835,0.2658039,0.04698886,-1.017263,0.5084932,-0.5036248,0.4952343,0.4924833,
1,4,11.837,0.2658039,0.04698886,-1.017263,0.5084932,-0.5036248,0.4952343,0.4924833,
1,4,11.839,0.2658039,0.04698886,-1.017263,0.5084932,-0.5036248,0.4952343,0.4924833,
1,4,11.841,0.2658039,0.04698886,-1.017263,0.5084932,-0.5036248,0.4952343,0.4924833,
1,4,11.843,0.2657833,0.04701022,-1.017254,0.508486,-0.5036007,0.4952595,0.4924901,
1,4,11.845,0.2657833,0.04701022,-1.017254,0.508486,-0.5036007,0.4952595,0.4924901,
1,4,11.847,0.2657833,0.04701022,-1.017254,0.508486,-0.5036007,0.4952595,0.4924901,
1,4,11.849,0.2657833,0.04701022,-1.017254,0.508486,-0.5036007,0.4952595,0.4924901,
1,4,11.851,0.2657925,0.0470093,-1.017275,0.5085002,-0.5036048,0.4952424,0.4924884,
1,4,11.853,0.2657925,0.0470093,-1.017275,0.5085002,-0.5036048,0.4952424,0.4924884,
1,4,11.855,0.2657925,0.0470093,-1.017275,0.5085002,-0.5036048,0.4952424,0.4924884,
1,4,11.857,0.2657925,0.0470093,-1.017275,0.5085002,-0.5036048,0.4952424,0.4924884,
1,4,11.859,0.2657903,0.04697182,-1.017245,0.508485,-0.5036373,0.4952304,0.4924828,
1,4,11.861,0.2657903,0.04697182,-1.017245,0.508485,-0.5036373,0.4952304,0.4924828,
1,4,11.863,0.2657903,0.04697182,-1.017245,0.508485,-0.5036373,0.4952304,0.4924828,
1,4,11.865,0.2657903,0.04697182,-1.017245,0.508485,-0.5036373,0.4952304,0.4924828,
1,4,11.867,0.2657903,0.04697182,-1.017245,0.508485,-0.5036373,0.4952304,0.4924828,
1,4,11.869,0.2657764,0.04699092,-1.017252,0.5084623,-0.5036149,0.4952573,0.4925022,
1,4,11.871,0.2657764,0.04699092,-1.017252,0.5084623,-0.5036149,0.4952573,0.4925022,
1,4,11.873,0.2657764,0.04699092,-1.017252,0.5084623,-0.5036149,0.4952573,0.4925022,
1,4,11.875,0.2657764,0.04699092,-1.017252,0.5084623,-0.5036149,0.4952573,0.4925022,
1,4,11.877,0.2657915,0.04699533,-1.017263,0.5084849,-0.5036188,0.495242,0.4924902,
1,4,11.879,0.2657915,0.04699533,-1.017263,0.5084849,-0.5036188,0.495242,0.4924902,
1,4,11.881,0.2657915,0.04699533,-1.017263,0.5084849,-0.5036188,0.495242,0.4924902,
1,4,11.883,0.2657915,0.04699533,-1.017263,0.5084849,-0.5036188,0.495242,0.4924902,
1,4,11.885,0.2657886,0.04700218,-1.017269,0.5084973,-0.5036045,0.4952429,0.4924914,
1,4,11.887,0.2657886,0.04700218,-1.017269,0.5084973,-0.5036045,0.4952429,0.4924914,
1,4,11.889,0.2657886,0.04700218,-1.017269,0.5084973,-0.5036045,0.4952429,0.4924914,
1,4,11.891,0.2657886,0.04700218,-1.017269,0.5084973,-0.5036045,0.4952429,0.4924914,
1,4,11.893,0.2657901,0.04699114,-1.017266,0.5084891,-0.5036232,0.4952341,0.4924892,
1,4,11.895,0.2657901,0.04699114,-1.017266,0.5084891,-0.5036232,0.4952341,0.4924892,
1,4,11.897,0.2657901,0.04699114,-1.017266,0.5084891,-0.5036232,0.4952341,0.4924892,
1,4,11.899,0.2657901,0.04699114,-1.017266,0.5084891,-0.5036232,0.4952341,0.4924892,
1,4,11.901,0.2657841,0.04698444,-1.017285,0.5084678,-0.503599,0.4952422,0.4925279,
1,4,11.903,0.2657841,0.04698444,-1.017285,0.5084678,-0.503599,0.4952422,0.4925279,
1,4,11.905,0.2657841,0.04698444,-1.017285,0.5084678,-0.503599,0.4952422,0.4925279,
1,4,11.907,0.2657841,0.04698444,-1.017285,0.5084678,-0.503599,0.4952422,0.4925279,
1,4,11.909,0.2657935,0.04700138,-1.017291,0.5084897,-0.5036052,0.4952378,0.4925033,
1,4,11.911,0.2657935,0.04700138,-1.017291,0.5084897,-0.5036052,0.4952378,0.4925033,
1,4,11.913,0.2657935,0.04700138,-1.017291,0.5084897,-0.5036052,0.4952378,0.4925033,
1,4,11.915,0.2657935,0.04700138,-1.017291,0.5084897,-0.5036052,0.4952378,0.4925033,
1,4,11.917,0.2657935,0.04700138,-1.017291,0.5084897,-0.5036052,0.4952378,0.4925033,
1,4,11.919,0.2657874,0.04697298,-1.017274,0.5084741,-0.5036234,0.495231,0.4925077,
1,4,11.921,0.2657874,0.04697298,-1.017274,0.5084741,-0.5036234,0.495231,0.4925077,
1,4,11.923,0.2657874,0.04697298,-1.017274,0.5084741,-0.5036234,0.495231,0.4925077,
1,4,11.925,0.2657874,0.04697298,-1.017274,0.5084741,-0.5036234,0.495231,0.4925077,
1,4,11.927,0.2657879,0.04698835,-1.017264,0.5084959,-0.5036153,0.4952421,0.4924824,
1,4,11.929,0.2657879,0.04698835,-1.017264,0.5084959,-0.5036153,0.4952421,0.4924824,
1,4,11.931,0.2657879,0.04698835,-1.017264,0.5084959,-0.5036153,0.4952421,0.4924824,
1,4,11.933,0.2657879,0.04698835,-1.017264,0.5084959,-0.5036153,0.4952421,0.4924824,
1,4,11.935,0.2657827,0.04699647,-1.017287,0.5084935,-0.5035982,0.4952371,0.4925072,
1,4,11.937,0.2657827,0.04699647,-1.017287,0.5084935,-0.5035982,0.4952371,0.4925072,
1,4,11.939,0.2657827,0.04699647,-1.017287,0.5084935,-0.5035982,0.4952371,0.4925072,
1,4,11.941,0.2657827,0.04699647,-1.017287,0.5084935,-0.5035982,0.4952371,0.4925072,
1,4,11.943,0.2657847,0.04698985,-1.017278,0.50849,-0.5036179,0.4952297,0.4924983,
1,4,11.945,0.2657847,0.04698985,-1.017278,0.50849,-0.5036179,0.4952297,0.4924983,
1,4,11.947,0.2657847,0.04698985,-1.017278,0.50849,-0.5036179,0.4952297,0.4924983,
1,4,11.949,0.2657847,0.04698985,-1.017278,0.50849,-0.5036179,0.4952297,0.4924983,
1,4,11.951,0.2657803,0.04698576,-1.01727,0.5084926,-0.5036321,0.4952273,0.4924835,
1,4,11.953,0.2657803,0.04698576,-1.01727,0.5084926,-0.5036321,0.4952273,0.4924835,
1,4,11.955,0.2657803,0.04698576,-1.01727,0.5084926,-0.5036321,0.4952273,0.4924835,
1,4,11.957,0.2657803,0.04698576,-1.01727,0.5084926,-0.5036321,0.4952273,0.4924835,
1,4,11.959,0.265776,0.04698392,-1.017248,0.5084753,-0.5036317,0.4952368,0.4924923,
1,4,11.961,0.265776,0.04698392,-1.017248,0.5084753,-0.5036317,0.4952368,0.4924923,
1,4,11.963,0.265776,0.04698392,-1.017248,0.5084753,-0.5036317,0.4952368,0.4924923,
1,4,11.965,0.265776,0.04698392,-1.017248,0.5084753,-0.5036317,0.4952368,0.4924923,
1,4,11.967,0.265776,0.04698392,-1.017248,0.5084753,-0.5036317,0.4952368,0.4924923,
1,4,11.969,0.2657858,0.04697973,-1.017271,0.5084723,-0.5036309,0.4952317,0.4925011,
1,4,11.971,0.2657858,0.04697973,-1.017271,0.5084723,-0.5036309,0.4952317,0.4925011,
1,4,11.973,0.2657858,0.04697973,-1.017271,0.5084723,-0.5036309,0.4952317,0.4925011,
1,4,11.975,0.2657858,0.04697973,-1.017271,0.5084723,-0.5036309,0.4952317,0.4925011,
1,4,11.977,0.2657816,0.04698317,-1.017286,0.5084945,-0.5036245,0.4952212,0.4924953,
1,4,11.979,0.2657816,0.04698317,-1.017286,0.5084945,-0.5036245,0.4952212,0.4924953,
1,4,11.981,0.2657816,0.04698317,-1.017286,0.5084945,-0.5036245,0.4952212,0.4924953,
1,4,11.983,0.2657816,0.04698317,-1.017286,0.5084945,-0.5036245,0.4952212,0.4924953,
1,4,11.985,0.265792,0.04701084,-1.017278,0.5085079,-0.5036098,0.4952367,0.492481,
1,4,11.987,0.265792,0.04701084,-1.017278,0.5085079,-0.5036098,0.4952367,0.492481,
1,4,11.989,0.265792,0.04701084,-1.017278,0.5085079,-0.5036098,0.4952367,0.492481,
1,4,11.991,0.265792,0.04701084,-1.017278,0.5085079,-0.5036098,0.4952367,0.492481,
1,4,11.993,0.26578,0.04697695,-1.017288,0.5084918,-0.5036206,0.4952234,0.4924999,
1,4,11.995,0.26578,0.04697695,-1.017288,0.5084918,-0.5036206,0.4952234,0.4924999,
1,4,11.997,0.26578,0.04697695,-1.017288,0.5084918,-0.5036206,0.4952234,0.4924999,
1,4,11.999,0.26578,0.04697695,-1.017288,0.5084918,-0.5036206,0.4952234,0.4924999,
1,5,12.001,0.26579,0.04695714,-1.01727,0.5084708,-0.503633,0.4952228,0.4925096,TrialStart
1,5,12.003,0.26579,0.04695714,-1.01727,0.5084708,-0.503633,0.4952228,0.4925096,
1,5,12.005,0.26579,0.04695714,-1.01727,0.5084708,-0.503633,0.4952228,0.4925096,
1,5,12.007,0.26579,0.04695714,-1.01727,0.5084708,-0.503633,0.4952228,0.4925096,
1,5,12.009,0.2657786,0.04699367,-1.017251,0.5084705,-0.5036051,0.4952567,0.4925044,
1,5,12.011,0.2657786,0.04699367,-1.017251,0.5084705,-0.5036051,0.4952567,0.4925044,
1,5,12.013,0.2657786,0.04699367,-1.017251,0.5084705,-0.5036051,0.4952567,0.4925044,
1,5,12.015,0.2657786,0.04699367,-1.017251,0.5084705,-0.5036051,0.4952567,0.4925044,
1,5,12.017,0.2657786,0.04699367,-1.017251,0.5084705,-0.5036051,0.4952567,0.4925044,
1,5,12.019,0.2657792,0.04695607,-1.017276,0.5084598,-0.5036156,0.4952296,0.4925319,
1,5,12.021,0.2657792,0.04695607,-1.017276,0.5084598,-0.5036156,0.4952296,0.4925319,
1,5,12.023,0.2657792,0.04695607,-1.017276,0.5084598,-0.5036156,0.4952296,0.4925319,
1,5,12.025,0.2657792,0.04695607,-1.017276,0.5084598,-0.5036156,0.4952296,0.4925319,
1,5,12.027,0.2657858,0.04697913,-1.017283,0.5084887,-0.5036118,0.4952243,0.4925112,
1,5,12.029,0.2657858,0.04697913,-1.017283,0.5084887,-0.5036118,0.4952243,0.4925112,
1,5,12.031,0.2657858,0.04697913,-1.017283,0.5084887,-0.5036118,0.4952243,0.4925112,
1,5,12.033,0.2657858,0.04697913,-1.017283,0.5084887,-0.5036118,0.4952243,0.4925112,
1,5,12.035,0.2657781,0.04697948,-1.017273,0.5084806,-0.5036194,0.4952315,0.4925047,
1,5,12.037,0.2657781,0.04697948,-1.017273,0.5084806,-0.5036194,0.4952315,0.4925047,
1,5,12.039,0.2657781,0.04697948,-1.017273,0.5084806,-0.5036194,0.4952315,0.4925047,
1,5,12.041,0.2657781,0.04697948,-1.017273,0.5084806,-0.5036194,0.4952315,0.4925047,
1,5,12.043,0.2657736,0.04698836,-1.017273,0.5084976,-0.5036229,0.4952279,0.492487,
1,5,12.045,0.2657736,0.04698836,-1.017273,0.5084976,-0.5036229,0.4952279,0.492487,
1,5,12.047,0.2657736,0.04698836,-1.017273,0.5084976,-0.5036229,0.4952279,0.492487,
1,5,12.049,0.2657736,0.04698836,-1.017273,0.5084976,-0.5036229,0.4952279,0.492487,
1,5,12.051,0.2657805,0.04699207,-1.017283,0.5084897,-0.5036171,0.495224,0.4925053,
1,5,12.053,0.2657805,0.04699207,-1.017283,0.5084897,-0.5036171,0.495224,0.4925053,
1,5,12.055,0.2657805,0.04699207,-1.017283,0.5084897,-0.5036171,0.495224,0.4925053,
1,5,12.057,0.2657805,0.04699207,-1.017283,0.5084897,-0.5036171,0.495224,0.4925053,
1,5,12.059,0.2657862,0.04699982,-1.017295,0.5084922,-0.5035999,0.4952287,0.4925155,
1,5,12.061,0.2657862,0.04699982,-1.017295,0.5084922,-0.5035999,0.4952287,0.4925155,
1,5,12.063,0.2657862,0.04699982,-1.017295,0.5084922,-0.5035999,0.4952287,0.4925155,
1,5,12.065,0.2657862,0.04699982,-1.017295,0.5084922,-0.5035999,0.4952287,0.4925155,
1,5,12.067,0.2657862,0.04699982,-1.017295,0.5084922,-0.5035999,0.4952287,0.4925155,
1,5,12.069,0.2657762,0.04700491,-1.017314,0.5084953,-0.5035821,0.4952337,0.4925252,
1,5,12.071,0.2657762,0.04700491,-1.017314,0.5084953,-0.5035821,0.4952337,0.4925252,
1,5,12.073,0.2657762,0.04700491,-1.017314,0.5084953,-0.5035821,0.4952337,0.4925252,
1,5,12.075,0.2657762,0.04700491,-1.017314,0.5084953,-0.5035821,0.4952337,0.4925252,
1,5,12.077,0.2657549,0.046996,-1.0173,0.5084835,-0.5035939,0.4952358,0.4925235,
1,5,12.079,0.2657549,0.046996,-1.0173,0.5084835,-0.5035939,0.4952358,0.4925235,
1,5,12.081,0.2657549,0.046996,-1.0173,0.5084835,-0.5035939,0.4952358,0.4925235,
1,5,12.083,0.2657549,0.046996,-1.0173,0.5084835,-0.5035939,0.4952358,0.4925235,
1,5,12.085,0.2657658,0.04700916,-1.017305,0.5084852,-0.5035873,0.4952415,0.4925226,
1,5,12.087,0.2657658,0.04700916,-1.017305,0.5084852,-0.5035873,0.4952415,0.4925226,
1,5,12.089,0.2657658,0.04700916,-1.017305,0.5084852,-0.5035873,0.4952415,0.4925226,
1,5,12.091,0.2657658,0.04700916,-1.017305,0.5084852,-0.5035873,0.4952415,0.4925226,
1,5,12.093,0.2657715,0.04700514,-1.01727,0.5084785,-0.5036162,0.4952477,0.4924937,
1,5,12.095,0.2657715,0.04700514,-1.01727,0.5084785,-0.5036162,0.4952477,0.4924937,
1,5,12.097,0.2657715,0.04700514,-1.01727,0.5084785,-0.5036162,0.4952477,0.4924937,
1,5,12.099,0.2657715,0.04700514,-1.01727,0.5084785,-0.5036162,0.4952477,0.4924937,
1,5,12.101,0.2657811,0.04699117,-1.017288,0.5084789,-0.5035935,0.4952431,0.4925211,
1,5,12.103,0.2657811,0.04699117,-1.017288,0.5084789,-0.5035935,0.4952431,0.4925211,
1,5,12.105,0.2657811,0.04699117,-1.017288,0.5084789,-0.5035935,0.4952431,0.4925211,
1,5,12.107,0.2657811,0.04699117,-1.017288,0.5084789,-0.5035935,0.4952431,0.4925211,
1,5,12.109,0.2657777,0.04698219,-1.01728,0.508469,-0.5036069,0.4952454,0.4925153,
1,5,12.111,0.2657777,0.04698219,-1.01728,0.508469,-0.5036069,0.4952454,0.4925153,
1,5,12.113,0.2657777,0.04698219,-1.01728,0.508469,-0.5036069,0.4952454,0.4925153,
1,5,12.115,0.2657777,0.04698219,-1.01728,0.508469,-0.5036069,0.4952454,0.4925153,
1,5,12.117,0.2657777,0.04698219,-1.01728,0.508469,-0.5036069,0.4952454,0.4925153,
1,5,12.119,0.2657814,0.04699491,-1.017258,0.5084775,-0.5036204,0.4952435,0.4924947,
1,5,12.121,0.2657814,0.04699491,-1.017258,0.5084775,-0.5036204,0.4952435,0.4924947,
1,5,12.123,0.2657814,0.04699491,-1.017258,0.5084775,-0.5036204,0.4952435,0.4924947,
1,5,12.125,0.2657814,0.04699491,-1.017258,0.5084775,-0.5036204,0.4952435,0.4924947,
1,5,12.127,0.2657865,0.04700787,-1.017269,0.5084898,-0.5036162,0.4952459,0.4924839,
1,5,12.129,0.2657865,0.04700787,-1.017269,0.5084898,-0.5036162,0.4952459,0.4924839,
1,5,12.131,0.2657865,0.04700787,-1.017269,0.5084898,-0.5036162,0.4952459,0.4924839,
1,5,12.133,0.2657865,0.04700787,-1.017269,0.5084898,-0.5036162,0.4952459,0.4924839,
1,5,12.135,0.265771,0.04699383,-1.017271,0.508469,-0.5036041,0.4952563,0.4925073,
1,5,12.137,0.265771,0.04699383,-1.017271,0.508469,-0.5036041,0.4952563,0.4925073,
1,5,12.139,0.265771,0.04699383,-1.017271,0.508469,-0.5036041,0.4952563,0.4925073,
1,5,12.141,0.265771,0.04699383,-1.017271,0.508469,-0.5036041,0.4952563,0.4925073,
1,5,12.143,0.2657793,0.04698886,-1.017291,0.5085027,-0.5036284,0.4952088,0.4924954,
1,5,12.145,0.2657793,0.04698886,-1.017291,0.5085027,-0.5036284,0.4952088,0.4924954,
1,5,12.147,0.2657793,0.04698886,-1.017291,0.5085027,-0.5036284,0.4952088,0.4924954,
1,5,12.149,0.2657793,0.04698886,-1.017291,0.5085027,-0.5036284,0.4952088,0.4924954,
1,5,12.151,0.2657788,0.04697571,-1.017265,0.5084952,-0.5036539,0.4952068,0.4924791,
1,5,12.153,0.2657788,0.04697571,-1.017265,0.5084952,-0.5036539,0.4952068,0.4924791,
1,5,12.155,0.2657788,0.04697571,-1.017265,0.5084952,-0.5036539,0.4952068,0.4924791,
1,5,12.157,0.2657788,0.04697571,-1.017265,0.5084952,-0.5036539,0.4952068,0.4924791,
1,5,12.159,0.2657924,0.04700178,-1.017263,0.5084745,-0.5036159,0.4952551,0.4924909,
1,5,12.161,0.2657924,0.04700178,-1.017263,0.5084745,-0.5036159,0.4952551,0.4924909,
1,5,12.163,0.2657924,0.04700178,-1.017263,0.5084745,-0.5036159,0.4952551,0.4924909,
1,5,12.165,0.2657924,0.04700178,-1.017263,0.5084745,-0.5036159,0.4952551,0.4924909,
1,5,12.167,0.2657924,0.04700178,-1.017263,0.5084745,-0.5036159,0.4952551,0.4924909,
1,5,12.169,0.2657863,0.04696096,-1.017259,0.5084608,-0.5036411,0.4952359,0.4924985,
1,5,12.171,0.2657863,0.04696096,-1.017259,0.5084608,-0.5036411,0.4952359,0.4924985,
1,5,12.173,0.2657863,0.04696096,-1.017259,0.5084608,-0.5036411,0.4952359,0.4924985,
1,5,12.175,0.2657863,0.04696096,-1.017259,0.5084608,-0.5036411,0.4952359,0.4924985,
1,5,12.177,0.2657928,0.04700569,-1.017231,0.5084733,-0.5036365,0.4952502,0.4924759,
1,5,12.179,0.2657928,0.04700569,-1.017231,0.5084733,-0.5036365,0.4952502,0.4924759,
1,5,12.181,0.2657928,0.04700569,-1.017231,0.5084733,-0.5036365,0.4952502,0.4924759,
1,5,12.183,0.2657928,0.04700569,-1.017231,0.5084733,-0.5036365,0.4952502,0.4924759,
1,5,12.185,0.2657914,0.04697579,-1.017239,0.5084623,-0.503633,0.4952451,0.4924959,
1,5,12.187,0.2657914,0.04697579,-1.017239,0.5084623,-0.503633,0.4952451,0.4924959,
1,5,12.189,0.2657914,0.04697579,-1.017239,0.5084623,-0.503633,0.4952451,0.4924959,
1,5,12.191,0.2657914,0.04697579,-1.017239,0.5084623,-0.503633,0.4952451,0.4924959,
1,5,12.193,0.2657797,0.04697656,-1.017253,0.5084532,-0.5036222,0.4952495,0.492512,
1,5,12.195,0.2657797,0.04697656,-1.017253,0.5084532,-0.5036222,0.4952495,0.492512,
1,5,12.197,0.2657797,0.04697656,-1.017253,0.5084532,-0.5036222,0.4952495,0.492512,
1,5,12.199,0.2657797,0.04697656,-1.017253,0.5084532,-0.5036222,0.4952495,0.492512,
1,5,12.201,0.2657905,0.04695936,-1.017252,0.5084488,-0.5036392,0.4952435,0.4925052,
1,5,12.203,0.2657905,0.04695936,-1.017252,0.5084488,-0.5036392,0.4952435,0.4925052,
1,5,12.205,0.2657905,0.04695936,-1.017252,0.5084488,-0.5036392,0.4952435,0.4925052,
1,5,12.207,0.2657905,0.04695936,-1.017252,0.5084488,-0.5036392,0.4952435,0.4925052,
1,5,12.209,0.2657853,0.04696993,-1.017271,0.508475,-0.5036178,0.4952379,0.4925055,
1,5,12.211,0.2657853,0.04696993,-1.017271,0.508475,-0.5036178,0.4952379,0.4925055,
1,5,12.213,0.2657853,0.04696993,-1.017271,0.508475,-0.5036178,0.4952379,0.4925055,
1,5,12.215,0.2657853,0.04696993,-1.017271,0.508475,-0.5036178,0.4952379,0.4925055,
1,5,12.217,0.2657853,0.04696993,-1.017271,0.508475,-0.5036178,0.4952379,0.4925055,
1,5,12.219,0.2657845,0.04697728,-1.01725,0.5084724,-0.5036181,0.4952536,0.4924921,
1,5,12.221,0.2657845,0.04697728,-1.01725,0.5084724,-0.5036181,0.4952536,0.4924921,
1,5,12.223,0.2657845,0.04697728,-1.01725,0.5084724,-0.5036181,0.4952536,0.4924921,
1,5,12.225,0.2657845,0.04697728,-1.01725,0.5084724,-0.5036181,0.4952536,0.4924921,
1,5,12.227,0.2658027,0.04698023,-1.017248,0.5084785,-0.5036395,0.4952318,0.4924859,
1,5,12.229,0.2658027,0.04698023,-1.017248,0.5084785,-0.5036395,0.4952318,0.4924859,
1,5,12.231,0.2658027,0.04698023,-1.017248,0.5084785,-0.5036395,0.4952318,0.4924859,
1,5,12.233,0.2658027,0.04698023,-1.017248,0.5084785,-0.5036395,0.4952318,0.4924859,
1,5,12.235,0.2657859,0.04698409,-1.017235,0.5084655,-0.5036404,0.4952393,0.4924909,
1,5,12.237,0.2657859,0.04698409,-1.017235,0.5084655,-0.5036404,0.4952393,0.4924909,
1,5,12.239,0.2657859,0.04698409,-1.017235,0.5084655,-0.5036404,0.4952393,0.4924909,
1,5,12.241,0.2657859,0.04698409,-1.017235,0.5084655,-0.5036404,0.4952393,0.4924909,
1,5,12.243,0.2657928,0.04698835,-1.017256,0.5084929,-0.5036325,0.4952348,0.4924751,
1,5,12.245,0.2657928,0.04698835,-1.017256,0.5084929,-0.5036325,0.4952348,0.4924751,
1,5,12.247,0.2657928,0.04698835,-1.017256,0.5084929,-0.5036325,0.4952348,0.4924751,
1,5,12.249,0.2657928,0.04698835,-1.017256,0.5084929,-0.5036325,0.4952348,0.4924751,
1,5,12.251,0.2657844,0.04701874,-1.01727,0.5085018,-0.5036042,0.4952513,0.4924785,
1,5,12.253,0.2657844,0.04701874,-1.01727,0.5085018,-0.5036042,0.4952513,0.4924785,
1,5,12.255,0.2657844,0.04701874,-1.01727,0.5085018,-0.5036042,0.4952513,0.4924785,
1,5,12.257,0.2657844,0.04701874,-1.01727,0.5085018,-0.5036042,0.4952513,0.4924785,
1,5,12.259,0.265781,0.04696418,-1.017262,0.5084831,-0.5036464,0.4952195,0.4924864,
1,5,12.261,0.265781,0.04696418,-1.017262,0.5084831,-0.5036464,0.4952195,0.4924864,
1,5,12.263,0.265781,0.04696418,-1.017262,0.5084831,-0.5036464,0.4952195,0.4924864,
1,5,12.265,0.265781,0.04696418,-1.017262,0.5084831,-0.5036464,0.4952195,0.4924864,
1,5,12.267,0.265781,0.04696418,-1.017262,0.5084831,-0.5036464,0.4952195,0.4924864,
1,5,12.269,0.2657892,0.04699694,-1.017251,0.5084742,-0.5036197,0.4952493,0.4924931,
1,5,12.271,0.2657892,0.04699694,-1.017251,0.5084742,-0.5036197,0.4952493,0.4924931,
1,5,12.273,0.2657892,0.04699694,-1.017251,0.5084742,-0.5036197,0.4952493,0.4924931,
1,5,12.275,0.2657892,0.04699694,-1.017251,0.5084742,-0.5036197,0.4952493,0.4924931,
1,5,12.277,0.265788,0.04699228,-1.017269,0.5084711,-0.5036213,0.4952462,0.4924975,
1,5,12.279,0.265788,0.04699228,-1.017269,0.5084711,-0.5036213,0.4952462,0.4924975,
1,5,12.281,0.265788,0.04699228,-1.017269,0.5084711,-0.5036213,0.4952462,0.4924975,
1,5,12.283,0.265788,0.04699228,-1.017269,0.5084711,-0.5036213,0.4952462,0.4924975,
1,5,12.285,0.2657834,0.04695578,-1.01725,0.5084575,-0.5036315,0.4952425,0.492505,
1,5,12.287,0.2657834,0.04695578,-1.01725,0.5084575,-0.5036315,0.4952425,0.492505,
1,5,12.289,0.2657834,0.04695578,-1.01725,0.5084575,-0.5036315,0.4952425,0.492505,
1,5,12.291,0.2657834,0.04695578,-1.01725,0.5084575,-0.5036315,0.4952425,0.492505,
1,5,12.293,0.2657862,0.04697094,-1.01727,0.5084723,-0.5036289,0.4952383,0.4924965,
1,5,12.295,0.2657862,0.04697094,-1.01727,0.5084723,-0.5036289,0.4952383,0.4924965,
1,5,12.297,0.2657862,0.04697094,-1.01727,0.5084723,-0.5036289,0.4952383,0.4924965,
1,5,12.299,0.2657862,0.04697094,-1.01727,0.5084723,-0.5036289,0.4952383,0.4924965,
1,5,12.301,0.2657779,0.0469645,-1.017259,0.5084534,-0.5036428,0.4952343,0.4925059,
1,5,12.303,0.2657779,0.0469645,-1.017259,0.5084534,-0.5036428,0.4952343,0.4925059,
1,5,12.305,0.2657779,0.0469645,-1.017259,0.5084534,-0.5036428,0.4952343,0.4925059,
1,5,12.307,0.2657779,0.0469645,-1.017259,0.5084534,-0.5036428,0.4952343,0.4925059,
1,5,12.309,0.2657838,0.04696307,-1.017256,0.5084584,-0.5036387,0.4952345,0.492505,
1,5,12.311,0.2657838,0.04696307,-1.017256,0.5084584,-0.5036387,0.4952345,0.492505,
1,5,12.313,0.2657838,0.04696307,-1.017256,0.5084584,-0.5036387,0.4952345,0.492505,
1,5,12.315,0.2657838,0.04696307,-1.017256,0.5084584,-0.5036387,0.4952345,0.492505,
1,5,12.317,0.2657838,0.04696307,-1.017256,0.5084584,-0.5036387,0.4952345,0.492505,
1,5,12.319,0.265785,0.04698433,-1.017289,0.508471,-0.5036124,0.4952379,0.4925153,
1,5,12.321,0.265785,0.04698433,-1.017289,0.508471,-0.5036124,0.4952379,0.4925153,
1,5,12.323,0.265785,0.04698433,-1.017289,0.508471,-0.5036124,0.4952379,0.4925153,
1,5,12.325,0.265785,0.04698433,-1.017289,0.508471,-0.5036124,0.4952379,0.4925153,
1,5,12.327,0.2657814,0.04699603,-1.017263,0.5084755,-0.5036086,0.4952574,0.4924949,
1,5,12.329,0.2657814,0.04699603,-1.017263,0.5084755,-0.5036086,0.4952574,0.4924949,
1,5,12.331,0.2657814,0.04699603,-1.017263,0.5084755,-0.5036086,0.4952574,0.4924949,
1,5,12.333,0.2657814,0.04699603,-1.017263,0.5084755,-0.5036086,0.4952574,0.4924949,
1,5,12.335,0.2657779,0.04702938,-1.01725,0.5084921,-0.5036051,0.4952685,0.49247,
1,5,12.337,0.2657779,0.04702938,-1.01725,0.5084921,-0.5036051,0.4952685,0.49247,
1,5,12.339,0.2657779,0.04702938,-1.01725,0.5084921,-0.5036051,0.4952685,0.49247,
1,5,12.341,0.2657779,0.04702938,-1.01725,0.5084921,-0.5036051,0.4952685,0.49247,
1,5,12.343,0.2657903,0.04702952,-1.017239,0.5084854,-0.503601,0.495282,0.4924676,
1,5,12.345,0.2657903,0.04702952,-1.017239,0.5084854,-0.503601,0.495282,0.4924676,
1,5,12.347,0.2657903,0.04702952,-1.017239,0.5084854,-0.503601,0.495282,0.4924676,
1,5,12.349,0.2657903,0.04702952,-1.017239,0.5084854,-0.503601,0.495282,0.4924676,
1,5,12.351,0.2657857,0.04697884,-1.017272,0.5084881,-0.5036254,0.4952334,0.4924889,
1,5,12.353,0.2657857,0.04697884,-1.017272,0.5084881,-0.5036254,0.4952334,0.4924889,
1,5,12.355,0.2657857,0.04697884,-1.017272,0.5084881,-0.5036254,0.4952334,0.4924889,
1,5,12.357,0.2657857,0.04697884,-1.017272,0.5084881,-0.5036254,0.4952334,0.4924889,
1,5,12.359,0.2657859,0.04700968,-1.017254,0.5084653,-0.5035911,0.4952788,0.4925018,
1,5,12.361,0.2657859,0.04700968,-1.017254,0.5084653,-0.5035911,0.4952788,0.4925018,
1,5,12.363,0.2657859,0.04700968,-1.017254,0.5084653,-0.5035911,0.4952788,0.4925018,
1,5,12.365,0.2657859,0.04700968,-1.017254,0.5084653,-0.5035911,0.4952788,0.4925018,
1,5,12.367,0.2657859,0.04700968,-1.017254,0.5084653,-0.5035911,0.4952788,0.4925018,
1,5,12.369,0.2657893,0.04699614,-1.017265,0.5084642,-0.5036016,0.4952601,0.4925109,
1,5,12.371,0.2657893,0.04699614,-1.017265,0.5084642,-0.5036016,0.4952601,0.4925109,
1,5,12.373,0.2657893,0.04699614,-1.017265,0.5084642,-0.5036016,0.4952601,0.4925109,
1,5,12.375,0.2657893,0.04699614,-1.017265,0.5084642,-0.5036016,0.4952601,0.4925109,
1,5,12.377,0.2657868,0.0469876,-1.017237,0.5084626,-0.5036258,0.4952578,0.4924903,
1,5,12.379,0.2657868,0.0469876,-1.017237,0.5084626,-0.5036258,0.4952578,0.4924903,
1,5,12.381,0.2657868,0.0469876,-1.017237,0.5084626,-0.5036258,0.4952578,0.4924903,
1,5,12.383,0.2657868,0.0469876,-1.017237,0.5084626,-0.5036258,0.4952578,0.4924903,
1,5,12.385,0.2657936,0.04700454,-1.017261,0.5084984,-0.5036158,0.4952443,0.492477,
1,5,12.387,0.2657936,0.04700454,-1.017261,0.5084984,-0.5036158,0.4952443,0.492477,
1,5,12.389,0.2657936,0.04700454,-1.017261,0.5084984,-0.5036158,0.4952443,0.492477,
1,5,12.391,0.2657936,0.04700454,-1.017261,0.5084984,-0.5036158,0.4952443,0.492477,
1,5,12.393,0.2657832,0.04704451,-1.017289,0.508512,-0.5035903,0.4952567,0.4924766,
1,5,12.395,0.2657832,0.04704451,-1.017289,0.508512,-0.5035903,0.4952567,0.4924766,
1,5,12.397,0.2657832,0.04704451,-1.017289,0.508512,-0.5035903,0.4952567,0.4924766,
1,5,12.399,0.2657832,0.04704451,-1.017289,0.508512,-0.5035903,0.4952567,0.4924766,
1,5,12.401,0.265784,0.04703971,-1.017283,0.5084888,-0.5035846,0.4952761,0.4924868,
1,5,12.403,0.265784,0.04703971,-1.017283,0.5084888,-0.5035846,0.4952761,0.4924868,
1,5,12.405,0.265784,0.04703971,-1.017283,0.5084888,-0.5035846,0.4952761,0.4924868,
1,5,12.407,0.265784,0.04703971,-1.017283,0.5084888,-0.5035846,0.4952761,0.4924868,
1,5,12.409,0.265792,0.04698982,-1.017298,0.5085049,-0.5036086,0.4952332,0.4924889,
1,5,12.411,0.265792,0.04698982,-1.017298,0.5085049,-0.5036086,0.4952332,0.4924889,
1,5,12.413,0.265792,0.04698982,-1.017298,0.5085049,-0.5036086,0.4952332,0.4924889,
1,5,12.415,0.265792,0.04698982,-1.017298,0.5085049,-0.5036086,0.4952332,0.4924889,
1,5,12.417,0.265792,0.04698982,-1.017298,0.5085049,-0.5036086,0.4952332,0.4924889,
1,5,12.419,0.2657968,0.04701822,-1.017277,0.5084912,-0.5035858,0.4952647,0.4924947,
1,5,12.421,0.2657968,0.04701822,-1.017277,0.5084912,-0.5035858,0.4952647,0.4924947,
1,5,12.423,0.2657968,0.04701822,-1.017277,0.5084912,-0.5035858,0.4952647,0.4924947,
1,5,12.425,0.2657968,0.04701822,-1.017277,0.5084912,-0.5035858,0.4952647,0.4924947,
1,5,12.427,0.2657976,0.04699579,-1.017257,0.5084674,-0.5036141,0.4952521,0.492503,
1,5,12.429,0.2657976,0.04699579,-1.017257,0.5084674,-0.5036141,0.4952521,0.492503,
1,5,12.431,0.2657976,0.04699579,-1.017257,0.5084674,-0.5036141,0.4952521,0.492503,
1,5,12.433,0.2657976,0.04699579,-1.017257,0.5084674,-0.5036141,0.4952521,0.492503,
1,5,12.435,0.2657853,0.04699427,-1.017245,0.5084857,-0.5036432,0.4952429,0.4924636,
1,5,12.437,0.2657853,0.04699427,-1.017245,0.5084857,-0.5036432,0.4952429,0.4924636,
1,5,12.439,0.2657853,0.04699427,-1.017245,0.5084857,-0.5036432,0.4952429,0.4924636,
1,5,12.441,0.2657853,0.04699427,-1.017245,0.5084857,-0.5036432,0.4952429,0.4924636,
1,5,12.443,0.2657919,0.04701833,-1.017249,0.5085105,-0.5036305,0.4952392,0.4924546,
1,5,12.445,0.2657919,0.04701833,-1.017249,0.5085105,-0.5036305,0.4952392,0.4924546,
1,5,12.447,0.2657919,0.04701833,-1.017249,0.5085105,-0.5036305,0.4952392,0.4924546,
1,5,12.449,0.2657919,0.04701833,-1.017249,0.5085105,-0.5036305,0.4952392,0.4924546,
1,5,12.451,0.2657881,0.04701368,-1.017245,0.5084981,-0.5036265,0.4952507,0.4924601,
1,5,12.453,0.2657881,0.04701368,-1.017245,0.5084981,-0.5036265,0.4952507,0.4924601,
1,5,12.455,0.2657881,0.04701368,-1.017245,0.5084981,-0.5036265,0.4952507,0.4924601,
1,5,12.457,0.2657881,0.04701368,-1.017245,0.5084981,-0.5036265,0.4952507,0.4924601,
1,5,12.459,0.2658032,0.04703761,-1.017264,0.5084965,-0.5036026,0.4952632,0.4924736,
1,5,12.461,0.2658032,0.04703761,-1.017264,0.5084965,-0.5036026,0.4952632,0.4924736,
1,5,12.463,0.2658032,0.04703761,-1.017264,0.5084965,-0.5036026,0.4952632,0.4924736,
1,5,12.465,0.2658032,0.04703761,-1.017264,0.5084965,-0.5036026,0.4952632,0.4924736,
1,5,12.467,0.2658032,0.04703761,-1.017264,0.5084965,-0.5036026,0.4952632,0.4924736,
1,5,12.469,0.265803,0.04701716,-1.01725,0.5084955,-0.5036177,0.4952501,0.4924723,
1,5,12.471,0.265803,0.04701716,-1.01725,0.5084955,-0.5036177,0.4952501,0.4924723,
1,5,12.473,0.265803,0.04701716,-1.01725,0.5084955,-0.5036177,0.4952501,0.4924723,
1,5,12.475,0.265803,0.04701716,-1.01725,0.5084955,-0.5036177,0.4952501,0.4924723,
1,5,12.477,0.2657912,0.04700921,-1.017265,0.5084873,-0.5036123,0.4952457,0.4924907,
1,5,12.479,0.2657912,0.04700921,-1.017265,0.5084873,-0.5036123,0.4952457,0.4924907,
1,5,12.481,0.2657912,0.04700921,-1.017265,0.5084873,-0.5036123,0.4952457,0.4924907,
1,5,12.483,0.2657912,0.04700921,-1.017265,0.5084873,-0.5036123,0.4952457,0.4924907,
1,5,12.485,0.2657928,0.0469679,-1.017267,0.5084741,-0.5036446,0.4952188,0.4924984,
1,5,12.487,0.2657928,0.0469679,-1.017267,0.5084741,-0.5036446,0.4952188,0.4924984,
1,5,12.489,0.2657928,0.0469679,-1.017267,0.5084741,-0.5036446,0.4952188,0.4924984,
1,5,12.491,0.2657928,0.0469679,-1.017267,0.5084741,-0.5036446,0.4952188,0.4924984,
1,5,12.493,0.2657879,0.04698745,-1.017261,0.5084807,-0.5036325,0.4952304,0.4924922,
1,5,12.495,0.2657879,0.04698745,-1.017261,0.5084807,-0.5036325,0.4952304,0.4924922,
1,5,12.497,0.2657879,0.04698745,-1.017261,0.5084807,-0.5036325,0.4952304,0.4924922,
1,5,12.499,0.2657879,0.04698745,-1.017261,0.5084807,-0.5036325,0.4952304,0.4924922,
1,5,12.501,0.2657871,0.04698569,-1.017268,0.5084855,-0.5036331,0.4952348,0.4924822,
1,5,12.503,0.2657871,0.04698569,-1.017268,0.5084855,-0.5036331,0.4952348,0.4924822,
1,5,12.505,0.2657871,0.04698569,-1.017268,0.5084855,-0.5036331,0.4952348,0.4924822,
1,5,12.507,0.2657871,0.04698569,-1.017268,0.5084855,-0.5036331,0.4952348,0.4924822,
1,5,12.509,0.2657903,0.04698271,-1.017268,0.5084814,-0.5036233,0.4952355,0.4924957,
1,5,12.511,0.2657903,0.04698271,-1.017268,0.5084814,-0.5036233,0.4952355,0.4924957,
1,5,12.513,0.2657903,0.04698271,-1.017268,0.5084814,-0.5036233,0.4952355,0.4924957,
1,5,12.515,0.2657903,0.04698271,-1.017268,0.5084814,-0.5036233,0.4952355,0.4924957,
1,5,12.517,0.2657903,0.04698271,-1.017268,0.5084814,-0.5036233,0.4952355,0.4924957,
1,5,12.519,0.2657839,0.04700484,-1.017253,0.5084746,-0.5036182,0.4952545,0.4924888,
1,5,12.521,0.2657839,0.04700484,-1.017253,0.5084746,-0.5036182,0.4952545,0.4924888,
1,5,12.523,0.2657839,0.04700484,-1.017253,0.5084746,-0.5036182,0.4952545,0.4924888,
1,5,12.525,0.2657839,0.04700484,-1.017253,0.5084746,-0.5036182,0.4952545,0.4924888,
1,5,12.527,0.2657828,0.04703981,-1.01726,0.5084966,-0.503607,0.4952556,0.4924765,
1,5,12.529,0.2657828,0.04703981,-1.01726,0.5084966,-0.503607,0.4952556,0.4924765,
1,5,12.531,0.2657828,0.04703981,-1.01726,0.5084966,-0.503607,0.4952556,0.4924765,
1,5,12.533,0.2657828,0.04703981,-1.01726,0.5084966,-0.503607,0.4952556,0.4924765,
1,5,12.535,0.2657708,0.04706026,-1.017246,0.5084908,-0.5035964,0.4952799,0.492469,
1,5,12.537,0.2657708,0.04706026,-1.017246,0.5084908,-0.5035964,0.4952799,0.492469,
1,5,12.539,0.2657708,0.04706026,-1.017246,0.5084908,-0.5035964,0.4952799,0.492469,
1,5,12.541,0.2657708,0.04706026,-1.017246,0.5084908,-0.5035964,0.4952799,0.492469,
1,5,12.543,0.2657712,0.04710752,-1.017217,0.5084921,-0.5035736,0.495324,0.4924466,
1,5,12.545,0.2657712,0.04710752,-1.017217,0.5084921,-0.5035736,0.495324,0.4924466,
1,5,12.547,0.2657712,0.04710752,-1.017217,0.5084921,-0.5035736,0.495324,0.4924466,
1,5,12.549,0.2657712,0.04710752,-1.017217,0.5084921,-0.5035736,0.495324,0.4924466,
1,5,12.551,0.2657761,0.04708778,-1.017213,0.508487,-0.5035807,0.4953118,0.4924569,
1,5,12.553,0.2657761,0.04708778,-1.017213,0.508487,-0.5035807,0.4953118,0.4924569,
1,5,12.555,0.2657761,0.04708778,-1.017213,0.508487,-0.5035807,0.4953118,0.4924569,
1,5,12.557,0.2657761,0.04708778,-1.017213,0.508487,-0.5035807,0.4953118,0.4924569,
1,5,12.559,0.2657876,0.04702187,-1.017219,0.508478,-0.5036238,0.4952717,0.4924623,
1,5,12.561,0.2657876,0.04702187,-1.017219,0.508478,-0.5036238,0.4952717,0.4924623,
1,5,12.563,0.2657876,0.04702187,-1.017219,0.508478,-0.5036238,0.4952717,0.4924623,
1,5,12.565,0.2657876,0.04702187,-1.017219,0.508478,-0.5036238,0.4952717,0.4924623,
1,5,12.567,0.2657876,0.04702187,-1.017219,0.508478,-0.5036238,0.4952717,0.4924623,
1,5,12.569,0.2657751,0.04695709,-1.017242,0.5084814,-0.5036595,0.495213,0.4924814,
1,5,12.571,0.2657751,0.04695709,-1.017242,0.5084814,-0.5036595,0.495213,0.4924814,
1,5,12.573,0.2657751,0.04695709,-1.017242,0.5084814,-0.5036595,0.495213,0.4924814,
1,5,12.575,0.2657751,0.04695709,-1.017242,0.5084814,-0.5036595,0.495213,0.4924814,
1,5,12.577,0.2657363,0.04719069,-1.01719,0.5085074,-0.5035449,0.4953622,0.4924217,
1,5,12.579,0.2657363,0.04719069,-1.01719,0.5085074,-0.5035449,0.4953622,0.4924217,
1,5,12.581,0.2657363,0.04719069,-1.01719,0.5085074,-0.5035449,0.4953622,0.4924217,
1,5,12.583,0.2657363,0.04719069,-1.01719,0.5085074,-0.5035449,0.4953622,0.4924217,
1,5,12.585,0.2657345,0.04726245,-1.017051,0.5084822,-0.5035408,0.4954675,0.4923461,
1,5,12.587,0.2657345,0.04726245,-1.017051,0.5084822,-0.5035408,0.4954675,0.4923461,
1,5,12.589,0.2657345,0.04726245,-1.017051,0.5084822,-0.5035408,0.4954675,0.4923461,
1,5,12.591,0.2657345,0.04726245,-1.017051,0.5084822,-0.5035408,0.4954675,0.4923461,
1,5,12.593,0.2657561,0.0471591,-1.017069,0.5084552,-0.5035775,0.4954191,0.492385,
1,5,12.595,0.2657561,0.0471591,-1.017069,0.5084552,-0.5035775,0.4954191,0.492385,
1,5,12.597,0.2657561,0.0471591,-1.017069,0.5084552,-0.5035775,0.4954191,0.492385,
1,5,12.599,0.2657561,0.0471591,-1.017069,0.5084552,-0.5035775,0.4954191,0.492385,
1,5,12.601,0.265745,0.04713866,-1.017058,0.5084445,-0.5035893,0.4954105,0.4923927,
1,5,12.603,0.265745,0.04713866,-1.017058,0.5084445,-0.5035893,0.4954105,0.4923927,
1,5,12.605,0.265745,0.04713866,-1.017058,0.5084445,-0.5035893,0.4954105,0.4923927,
1,5,12.607,0.265745,0.04713866,-1.017058,0.5084445,-0.5035893,0.4954105,0.4923927,
1,5,12.609,0.2657496,0.04711237,-1.017062,0.5084417,-0.5036291,0.495386,0.4923795,
1,5,12.611,0.2657496,0.04711237,-1.017062,0.5084417,-0.5036291,0.495386,0.4923795,
1,5,12.613,0.2657496,0.04711237,-1.017062,0.5084417,-0.5036291,0.495386,0.4923795,
1,5,12.615,0.2657496,0.04711237,-1.017062,0.5084417,-0.5036291,0.495386,0.4923795,
1,5,12.617,0.2657496,0.04711237,-1.017062,0.5084417,-0.5036291,0.495386,0.4923795,
1,5,12.619,0.2657564,0.04709813,-1.017063,0.5084383,-0.5036436,0.4953728,0.4923814,
1,5,12.621,0.2657564,0.04709813,-1.017063,0.5084383,-0.5036436,0.4953728,0.4923814,
1,5,12.623,0.2657564,0.04709813,-1.017063,0.5084383,-0.5036436,0.4953728,0.4923814,
1,5,12.625,0.2657564,0.04709813,-1.017063,0.5084383,-0.5036436,0.4953728,0.4923814,
1,5,12.627,0.2657493,0.04707737,-1.017049,0.5084382,-0.5036743,0.4953515,0.4923715,
1,5,12.629,0.2657493,0.04707737,-1.017049,0.5084382,-0.5036743,0.4953515,0.4923715,
1,5,12.631,0.2657493,0.04707737,-1.017049,0.5084382,-0.5036743,0.4953515,0.4923715,
1,5,12.633,0.2657493,0.04707737,-1.017049,0.5084382,-0.5036743,0.4953515,0.4923715,
1,5,12.635,0.2657458,0.04710596,-1.017053,0.5084407,-0.5036426,0.4953703,0.4923825,
1,5,12.637,0.2657458,0.04710596,-1.017053,0.5084407,-0.5036426,0.4953703,0.4923825,
1,5,12.639,0.2657458,0.04710596,-1.017053,0.5084407,-0.5036426,0.4953703,0.4923825,
1,5,12.641,0.2657458,0.04710596,-1.017053,0.5084407,-0.5036426,0.4953703,0.4923825,
1,5,12.643,0.265752,0.04706798,-1.017053,0.5084177,-0.5036551,0.4953647,0.4923991,
1,5,12.645,0.265752,0.04706798,-1.017053,0.5084177,-0.5036551,0.4953647,0.4923991,
1,5,12.647,0.265752,0.04706798,-1.017053,0.5084177,-0.5036551,0.4953647,0.4923991,
1,5,12.649,0.265752,0.04706798,-1.017053,0.5084177,-0.5036551,0.4953647,0.4923991,
1,5,12.651,0.2657521,0.04709921,-1.017047,0.5084235,-0.5036379,0.4953834,0.4923919,
1,5,12.653,0.2657521,0.04709921,-1.017047,0.5084235,-0.5036379,0.4953834,0.4923919,
1,5,12.655,0.2657521,0.04709921,-1.017047,0.5084235,-0.5036379,0.4953834,0.4923919,
1,5,12.657,0.2657521,0.04709921,-1.017047,0.5084235,-0.5036379,0.4953834,0.4923919,
1,5,12.659,0.2657556,0.04717842,-1.017027,0.508408,-0.5035677,0.4954703,0.4923922,
1,5,12.661,0.2657556,0.04717842,-1.017027,0.508408,-0.5035677,0.4954703,0.4923922,
1,5,12.663,0.2657556,0.04717842,-1.017027,0.508408,-0.5035677,0.4954703,0.4923922,
1,5,12.665,0.2657556,0.04717842,-1.017027,0.508408,-0.5035677,0.4954703,0.4923922,
1,5,12.667,0.2657556,0.04717842,-1.017027,0.508408,-0.5035677,0.4954703,0.4923922,
1,5,12.669,0.2657472,0.04708895,-1.017014,0.5084268,-0.5036477,0.4953904,0.4923715,
1,5,12.671,0.2657472,0.04708895,-1.017014,0.5084268,-0.5036477,0.4953904,0.4923715,
1,5,12.673,0.2657472,0.04708895,-1.017014,0.5084268,-0.5036477,0.4953904,0.4923715,
1,5,12.675,0.2657472,0.04708895,-1.017014,0.5084268,-0.5036477,0.4953904,0.4923715,
1,5,12.677,0.2657178,0.04719949,-1.016963,0.5083668,-0.5035567,0.495508,0.4924079,
1,5,12.679,0.2657178,0.04719949,-1.016963,0.5083668,-0.5035567,0.495508,0.4924079,
1,5,12.681,0.2657178,0.04719949,-1.016963,0.5083668,-0.5035567,0.495508,0.4924079,
1,5,12.683,0.2657178,0.04719949,-1.016963,0.5083668,-0.5035567,0.495508,0.4924079,
1,5,12.685,0.265712,0.0473176,-1.016872,0.5082797,-0.5034474,0.4956974,0.4924191,
1,5,12.687,0.265712,0.0473176,-1.016872,0.5082797,-0.5034474,0.4956974,0.4924191,
1,5,12.689,0.265712,0.0473176,-1.016872,0.5082797,-0.5034474,0.4956974,0.4924191,
1,5,12.691,0.265712,0.0473176,-1.016872,0.5082797,-0.5034474,0.4956974,0.4924191,
1,5,12.693,0.2657229,0.04730529,-1.016864,0.508279,-0.5034645,0.4956901,0.4924096,
1,5,12.695,0.2657229,0.04730529,-1.016864,0.508279,-0.5034645,0.4956901,0.4924096,
1,5,12.697,0.2657229,0.04730529,-1.016864,0.508279,-0.5034645,0.4956901,0.4924096,
1,5,12.699,0.2657229,0.04730529,-1.016864,0.508279,-0.5034645,0.4956901,0.4924096,
1,5,12.701,0.26572,0.04730099,-1.016862,0.5082495,-0.5034477,0.4957121,0.4924352,
1,5,12.703,0.26572,0.04730099,-1.016862,0.5082495,-0.5034477,0.4957121,0.4924352,
1,5,12.705,0.26572,0.04730099,-1.016862,0.5082495,-0.5034477,0.4957121,0.4924352,
1,5,12.707,0.26572,0.04730099,-1.016862,0.5082495,-0.5034477,0.4957121,0.4924352,
1,5,12.709,0.2657259,0.04733352,-1.016894,0.5082715,-0.5034158,0.4957155,0.4924417,
1,5,12.711,0.2657259,0.04733352,-1.016894,0.5082715,-0.5034158,0.4957155,0.4924417,
1,5,12.713,0.2657259,0.04733352,-1.016894,0.5082715,-0.5034158,0.4957155,0.4924417,
1,5,12.715,0.2657259,0.04733352,-1.016894,0.5082715,-0.5034158,0.4957155,0.4924417,
1,5,12.717,0.2657259,0.04733352,-1.016894,0.5082715,-0.5034158,0.4957155,0.4924417,
1,5,12.719,0.2657207,0.04727114,-1.016865,0.5082273,-0.5034542,0.4957004,0.4924632,
1,5,12.721,0.2657207,0.04727114,-1.016865,0.5082273,-0.5034542,0.4957004,0.4924632,
1,5,12.723,0.2657207,0.04727114,-1.016865,0.5082273,-0.5034542,0.4957004,0.4924632,
1,5,12.725,0.2657207,0.04727114,-1.016865,0.5082273,-0.5034542,0.4957004,0.4924632,
1,5,12.727,0.2657184,0.04728429,-1.01686,0.508209,-0.5034279,0.4957292,0.4924801,
1,5,12.729,0.2657184,0.04728429,-1.01686,0.508209,-0.5034279,0.4957292,0.4924801,
1,5,12.731,0.2657184,0.04728429,-1.01686,0.508209,-0.5034279,0.4957292,0.4924801,
1,5,12.733,0.2657184,0.04728429,-1.01686,0.508209,-0.5034279,0.4957292,0.4924801,
1,5,12.735,0.2657304,0.04725216,-1.016981,0.5082325,-0.5034012,0.4956768,0.4925357,
1,5,12.737,0.2657304,0.04725216,-1.016981,0.5082325,-0.5034012,0.4956768,0.4925357,
1,5,12.739,0.2657304,0.04725216,-1.016981,0.5082325,-0.5034012,0.4956768,0.4925357,
1,5,12.741,0.2657304,0.04725216,-1.016981,0.5082325,-0.5034012,0.4956768,0.4925357,
1,5,12.743,0.2657421,0.04717322,-1.017121,0.5082812,-0.5034315,0.4955599,0.4925722,
1,5,12.745,0.2657421,0.04717322,-1.017121,0.5082812,-0.5034315,0.4955599,0.4925722,
1,5,12.747,0.2657421,0.04717322,-1.017121,0.5082812,-0.5034315,0.4955599,0.4925722,
1,5,12.749,0.2657421,0.04717322,-1.017121,0.5082812,-0.5034315,0.4955599,0.4925722,
1,5,12.751,0.265723,0.04704053,-1.017013,0.5081303,-0.5035147,0.4955629,0.4926399,
1,5,12.753,0.265723,0.04704053,-1.017013,0.5081303,-0.5035147,0.4955629,0.4926399,
1,5,12.755,0.265723,0.04704053,-1.017013,0.5081303,-0.5035147,0.4955629,0.4926399,
1,5,12.757,0.265723,0.04704053,-1.017013,0.5081303,-0.5035147,0.4955629,0.4926399,
1,5,12.759,0.2657029,0.04707078,-1.016973,0.5080616,-0.5034974,0.4956502,0.4926406,
1,5,12.761,0.2657029,0.04707078,-1.016973,0.5080616,-0.5034974,0.4956502,0.4926406,
1,5,12.763,0.2657029,0.04707078,-1.016973,0.5080616,-0.5034974,0.4956502,0.4926406,
1,5,12.765,0.2657029,0.04707078,-1.016973,0.5080616,-0.5034974,0.4956502,0.4926406,
1,5,12.767,0.2657029,0.04707078,-1.016973,0.5080616,-0.5034974,0.4956502,0.4926406,
1,5,12.769,0.2657113,0.04710823,-1.016938,0.5080369,-0.5034706,0.4957111,0.4926322,
1,5,12.771,0.2657113,0.04710823,-1.016938,0.5080369,-0.5034706,0.4957111,0.4926322,
1,5,12.773,0.2657113,0.04710823,-1.016938,0.5080369,-0.5034706,0.4957111,0.4926322,
1,5,12.775,0.2657113,0.04710823,-1.016938,0.5080369,-0.5034706,0.4957111,0.4926322,
1,5,12.777,0.2657256,0.04711248,-1.016941,0.5080854,-0.5034887,0.4956869,0.4925881,
1,5,12.779,0.2657256,0.04711248,-1.016941,0.5080854,-0.5034887,0.4956869,0.4925881,
1,5,12.781,0.2657256,0.04711248,-1.016941,0.5080854,-0.5034887,0.4956869,0.4925881,
1,5,12.783,0.2657256,0.04711248,-1.016941,0.5080854,-0.5034887,0.4956869,0.4925881,
1,5,12.785,0.2657146,0.04710268,-1.016974,0.5080845,-0.5034761,0.4956647,0.4926241,
1,5,12.787,0.2657146,0.04710268,-1.016974,0.5080845,-0.5034761,0.4956647,0.4926241,
1,5,12.789,0.2657146,0.04710268,-1.016974,0.5080845,-0.5034761,0.4956647,0.4926241,
1,5,12.791,0.2657146,0.04710268,-1.016974,0.5080845,-0.5034761,0.4956647,0.4926241,
1,5,12.793,0.2657083,0.04708473,-1.016976,0.5080696,-0.5034933,0.4956537,0.492633,
1,5,12.795,0.2657083,0.04708473,-1.016976,0.5080696,-0.5034933,0.4956537,0.492633,
1,5,12.797,0.2657083,0.04708473,-1.016976,0.5080696,-0.5034933,0.4956537,0.492633,
1,5,12.799,0.2657083,0.04708473,-1.016976,0.5080696,-0.5034933,0.4956537,0.492633,
1,5,12.801,0.2657289,0.04707053,-1.016958,0.5080435,-0.5035038,0.4956684,0.4926343,
1,5,12.803,0.2657289,0.04707053,-1.016958,0.5080435,-0.5035038,0.4956684,0.4926343,
1,5,12.805,0.2657289,0.04707053,-1.016958,0.5080435,-0.5035038,0.4956684,0.4926343,
1,5,12.807,0.2657289,0.04707053,-1.016958,0.5080435,-0.5035038,0.4956684,0.4926343,
1,5,12.809,0.2657322,0.04704345,-1.016971,0.508065,-0.5035115,0.4956286,0.4926444,
1,5,12.811,0.2657322,0.04704345,-1.016971,0.508065,-0.5035115,0.4956286,0.4926444,
1,5,12.813,0.2657322,0.04704345,-1.016971,0.508065,-0.5035115,0.4956286,0.4926444,
1,5,12.815,0.2657322,0.04704345,-1.016971,0.508065,-0.5035115,0.4956286,0.4926444,
1,5,12.817,0.2657322,0.04704345,-1.016971,0.508065,-0.5035115,0.4956286,0.4926444,
1,5,12.819,0.2657232,0.04706318,-1.016987,0.5080738,-0.5034952,0.4956483,0.4926322,
1,5,12.821,0.2657232,0.04706318,-1.016987,0.5080738,-0.5034952,0.4956483,0.4926322,
1,5,12.823,0.2657232,0.04706318,-1.016987,0.5080738,-0.5034952,0.4956483,0.4926322,
1,5,12.825,0.2657232,0.04706318,-1.016987,0.5080738,-0.5034952,0.4956483,0.4926322,
1,5,12.827,0.2657282,0.04703548,-1.016976,0.5080312,-0.5034962,0.4956502,0.4926731,
1,5,12.829,0.2657282,0.04703548,-1.016976,0.5080312,-0.5034962,0.4956502,0.4926731,
1,5,12.831,0.2657282,0.04703548,-1.016976,0.5080312,-0.5034962,0.4956502,0.4926731,
1,5,12.833,0.2657282,0.04703548,-1.016976,0.5080312,-0.5034962,0.4956502,0.4926731,
1,5,12.835,0.2657298,0.04702553,-1.016997,0.5080469,-0.5034969,0.4956266,0.4926799,
1,5,12.837,0.2657298,0.04702553,-1.016997,0.5080469,-0.5034969,0.4956266,0.4926799,
1,5,12.839,0.2657298,0.04702553,-1.016997,0.5080469,-0.5034969,0.4956266,0.4926799,
1,5,12.841,0.2657298,0.04702553,-1.016997,0.5080469,-0.5034969,0.4956266,0.4926799,
1,5,12.843,0.2657226,0.04703316,-1.017014,0.5080797,-0.5035045,0.4956093,0.4926557,
1,5,12.845,0.2657226,0.04703316,-1.017014,0.5080797,-0.5035045,0.4956093,0.4926557,
1,5,12.847,0.2657226,0.04703316,-1.017014,0.5080797,-0.5035045,0.4956093,0.4926557,
1,5,12.849,0.2657226,0.04703316,-1.017014,0.5080797,-0.5035045,0.4956093,0.4926557,
1,5,12.851,0.2657046,0.04703382,-1.016984,0.5080498,-0.5034997,0.4956337,0.492667,
1,5,12.853,0.2657046,0.04703382,-1.016984,0.5080498,-0.5034997,0.4956337,0.492667,
1,5,12.855,0.2657046,0.04703382,-1.016984,0.5080498,-0.5034997,0.4956337,0.492667,
1,5,12.857,0.2657046,0.04703382,-1.016984,0.5080498,-0.5034997,0.4956337,0.492667,
1,5,12.859,0.2657228,0.04701896,-1.016996,0.5081012,-0.5035391,0.4955861,0.4926216,
1,5,12.861,0.2657228,0.04701896,-1.016996,0.5081012,-0.5035391,0.4955861,0.4926216,
1,5,12.863,0.2657228,0.04701896,-1.016996,0.5081012,-0.5035391,0.4955861,0.4926216,
1,5,12.865,0.2657228,0.04701896,-1.016996,0.5081012,-0.5035391,0.4955861,0.4926216,
1,5,12.867,0.2657228,0.04701896,-1.016996,0.5081012,-0.5035391,0.4955861,0.4926216,
1,5,12.869,0.2657163,0.04704809,-1.016976,0.5080923,-0.5035204,0.495612,0.4926238,
1,5,12.871,0.2657163,0.04704809,-1.016976,0.5080923,-0.5035204,0.495612,0.4926238,
1,5,12.873,0.2657163,0.04704809,-1.016976,0.5080923,-0.5035204,0.495612,0.4926238,
1,5,12.875,0.2657163,0.04704809,-1.016976,0.5080923,-0.5035204,0.495612,0.4926238,
1,5,12.877,0.2657259,0.04706597,-1.016997,0.5081031,-0.5035043,0.4956231,0.4926181,
1,5,12.879,0.2657259,0.04706597,-1.016997,0.5081031,-0.5035043,0.4956231,0.4926181,
1,5,12.881,0.2657259,0.04706597,-1.016997,0.5081031,-0.5035043,0.4956231,0.4926181,
1,5,12.883,0.2657259,0.04706597,-1.016997,0.5081031,-0.5035043,0.4956231,0.4926181,
1,5,12.885,0.2657197,0.04705928,-1.017,0.5080721,-0.5034804,0.4956429,0.4926546,
1,5,12.887,0.2657197,0.04705928,-1.017,0.5080721,-0.5034804,0.4956429,0.4926546,
1,5,12.889,0.2657197,0.04705928,-1.017,0.5080721,-0.5034804,0.4956429,0.4926546,
1,5,12.891,0.2657197,0.04705928,-1.017,0.5080721,-0.5034804,0.4956429,0.4926546,
1,5,12.893,0.2657109,0.0470778,-1.017004,0.508054,-0.5034431,0.4956761,0.4926778,
1,5,12.895,0.2657109,0.0470778,-1.017004,0.508054,-0.5034431,0.4956761,0.4926778,
1,5,12.897,0.2657109,0.0470778,-1.017004,0.508054,-0.5034431,0.4956761,0.4926778,
1,5,12.899,0.2657109,0.0470778,-1.017004,0.508054,-0.5034431,0.4956761,0.4926778,
1,5,12.901,0.265723,0.04704598,-1.017002,0.5080565,-0.5034714,0.4956576,0.492665,
1,5,12.903,0.265723,0.04704598,-1.017002,0.5080565,-0.5034714,0.4956576,0.492665,
1,5,12.905,0.265723,0.04704598,-1.017002,0.5080565,-0.5034714,0.4956576,0.492665,
1,5,12.907,0.265723,0.04704598,-1.017002,0.5080565,-0.5034714,0.4956576,0.492665,
1,5,12.909,0.2657183,0.04703252,-1.017016,0.5080822,-0.5034864,0.4956194,0.4926615,
1,5,12.911,0.2657183,0.04703252,-1.017016,0.5080822,-0.5034864,0.4956194,0.4926615,
1,5,12.913,0.2657183,0.04703252,-1.017016,0.5080822,-0.5034864,0.4956194,0.4926615,
1,5,12.915,0.2657183,0.04703252,-1.017016,0.5080822,-0.5034864,0.4956194,0.4926615,
1,5,12.917,0.2657183,0.04703252,-1.017016,0.5080822,-0.5034864,0.4956194,0.4926615,
1,5,12.919,0.2657602,0.04683672,-1.017158,0.5082148,-0.503657,0.4953458,0.4926255,
1,5,12.921,0.2657602,0.04683672,-1.017158,0.5082148,-0.503657,0.4953458,0.4926255,
1,5,12.923,0.2657602,0.04683672,-1.017158,0.5082148,-0.503657,0.4953458,0.4926255,
1,5,12.925,0.2657602,0.04683672,-1.017158,0.5082148,-0.503657,0.4953458,0.4926255,
1,5,12.927,0.265769,0.04687971,-1.017214,0.5083059,-0.5036294,0.4952958,0.49261,
1,5,12.929,0.265769,0.04687971,-1.017214,0.5083059,-0.5036294,0.4952958,0.49261,
1,5,12.931,0.265769,0.04687971,-1.017214,0.5083059,-0.5036294,0.4952958,0.49261,
1,5,12.933,0.265769,0.04687971,-1.017214,0.5083059,-0.5036294,0.4952958,0.49261,
1,5,12.935,0.2657858,0.04695341,-1.017283,0.5084074,-0.5035532,0.4952854,0.4925936,
1,5,12.937,0.2657858,0.04695341,-1.017283,0.5084074,-0.5035532,0.4952854,0.4925936,
1,5,12.939,0.2657858,0.04695341,-1.017283,0.5084074,-0.5035532,0.4952854,0.4925936,
1,5,12.941,0.2657858,0.04695341,-1.017283,0.5084074,-0.5035532,0.4952854,0.4925936,
1,5,12.943,0.265786,0.04698151,-1.017279,0.5084428,-0.5035521,0.4952851,0.4925587,
1,5,12.945,0.265786,0.04698151,-1.017279,0.5084428,-0.5035521,0.4952851,0.4925587,
1,5,12.947,0.265786,0.04698151,-1.017279,0.5084428,-0.5035521,0.4952851,0.4925587,
1,5,12.949,0.265786,0.04698151,-1.017279,0.5084428,-0.5035521,0.4952851,0.4925587,
1,5,12.951,0.2657833,0.0469477,-1.017287,0.5084558,-0.5036041,0.495235,0.4925424,
1,5,12.953,0.2657833,0.0469477,-1.017287,0.5084558,-0.5036041,0.495235,0.4925424,
1,5,12.955,0.2657833,0.0469477,-1.017287,0.5084558,-0.5036041,0.495235,0.4925424,
1,5,12.957,0.2657833,0.0469477,-1.017287,0.5084558,-0.5036041,0.495235,0.4925424,
1,5,12.959,0.2657819,0.04694834,-1.017276,0.5084482,-0.5036046,0.4952489,0.4925357,
1,5,12.961,0.2657819,0.04694834,-1.017276,0.5084482,-0.5036046,0.4952489,0.4925357,
1,5,12.963,0.2657819,0.04694834,-1.017276,0.5084482,-0.5036046,0.4952489,0.4925357,
1,5,12.965,0.2657819,0.04694834,-1.017276,0.5084482,-0.5036046,0.4952489,0.4925357,
1,5,12.967,0.2657819,0.04694834,-1.017276,0.5084482,-0.5036046,0.4952489,0.4925357,
1,5,12.969,0.2657903,0.04698589,-1.017298,0.5084548,-0.5035507,0.495271,0.4925617,
1,5,12.971,0.2657903,0.04698589,-1.017298,0.5084548,-0.5035507,0.495271,0.4925617,
1,5,12.973,0.2657903,0.04698589,-1.017298,0.5084548,-0.5035507,0.495271,0.4925617,
1,5,12.975,0.2657903,0.04698589,-1.017298,0.5084548,-0.5035507,0.495271,0.4925617,
1,5,12.977,0.2657915,0.04696055,-1.017308,0.5084723,-0.5035856,0.4952419,0.4925373,
1,5,12.979,0.2657915,0.04696055,-1.017308,0.5084723,-0.5035856,0.4952419,0.4925373,
1,5,12.981,0.2657915,0.04696055,-1.017308,0.5084723,-0.5035856,0.4952419,0.4925373,
1,5,12.983,0.2657915,0.04696055,-1.017308,0.5084723,-0.5035856,0.4952419,0.4925373,
1,5,12.985,0.2657701,0.04697338,-1.017257,0.5084375,-0.5036136,0.4952634,0.4925231,
1,5,12.987,0.2657701,0.04697338,-1.017257,0.5084375,-0.5036136,0.4952634,0.4925231,
1,5,12.989,0.2657701,0.04697338,-1.017257,0.5084375,-0.5036136,0.4952634,0.4925231,
1,5,12.991,0.2657701,0.04697338,-1.017257,0.5084375,-0.5036136,0.4952634,0.4925231,
1,5,12.993,0.2657398,0.04689512,-1.017203,0.508278,-0.5036358,0.4953227,0.4926053,
1,5,12.995,0.2657398,0.04689512,-1.017203,0.508278,-0.5036358,0.4953227,0.4926053,
1,5,12.997,0.2657398,0.04689512,-1.017203,0.508278,-0.5036358,0.4953227,0.4926053,
1,5,12.999,0.2657398,0.04689512,-1.017203,0.508278,-0.5036358,0.4953227,0.4926053,
1,5,13.001,0.2657338,0.04695494,-1.017144,0.5082969,-0.5036025,0.4953704,0.4925717,
1,5,13.003,0.2657338,0.04695494,-1.017144,0.5082969,-0.5036025,0.4953704,0.4925717,
1,5,13.005,0.2657338,0.04695494,-1.017144,0.5082969,-0.5036025,0.4953704,0.4925717,
1,5,13.007,0.2657338,0.04695494,-1.017144,0.5082969,-0.5036025,0.4953704,0.4925717,
1,5,13.009,0.2657152,0.04708636,-1.017102,0.5082466,-0.5034577,0.4955135,0.4926278,
1,5,13.011,0.2657152,0.04708636,-1.017102,0.5082466,-0.5034577,0.4955135,0.4926278,
1,5,13.013,0.2657152,0.04708636,-1.017102,0.5082466,-0.5034577,0.4955135,0.4926278,
1,5,13.015,0.2657152,0.04708636,-1.017102,0.5082466,-0.5034577,0.4955135,0.4926278,
1,5,13.017,0.2657152,0.04708636,-1.017102,0.5082466,-0.5034577,0.4955135,0.4926278,
1,5,13.019,0.2657339,0.04708153,-1.017083,0.5082182,-0.5034289,0.4955548,0.4926451,
1,5,13.021,0.2657339,0.04708153,-1.017083,0.5082182,-0.5034289,0.4955548,0.4926451,
1,5,13.023,0.2657339,0.04708153,-1.017083,0.5082182,-0.5034289,0.4955548,0.4926451,
1,5,13.025,0.2657339,0.04708153,-1.017083,0.5082182,-0.5034289,0.4955548,0.4926451,
1,5,13.027,0.2657094,0.04706165,-1.017058,0.5081354,-0.5034712,0.4955869,0.4926549,
1,5,13.029,0.2657094,0.04706165,-1.017058,0.5081354,-0.5034712,0.4955869,0.4926549,
1,5,13.031,0.2657094,0.04706165,-1.017058,0.5081354,-0.5034712,0.4955869,0.4926549,
1,5,13.033,0.2657094,0.04706165,-1.017058,0.5081354,-0.5034712,0.4955869,0.4926549,
1,5,13.035,0.2656946,0.04701772,-1.017014,0.5080247,-0.5034822,0.4956449,0.4926994,
1,5,13.037,0.2656946,0.04701772,-1.017014,0.5080247,-0.5034822,0.4956449,0.4926994,
1,5,13.039,0.2656946,0.04701772,-1.017014,0.5080247,-0.5034822,0.4956449,0.4926994,
1,5,13.041,0.2656946,0.04701772,-1.017014,0.5080247,-0.5034822,0.4956449,0.4926994,
1,5,13.043,0.265699,0.04699551,-1.017004,0.5080466,-0.5034955,0.4956196,0.4926888,
1,5,13.045,0.265699,0.04699551,-1.017004,0.5080466,-0.5034955,0.4956196,0.4926888,
1,5,13.047,0.265699,0.04699551,-1.017004,0.5080466,-0.5034955,0.4956196,0.4926888,
1,5,13.049,0.265699,0.04699551,-1.017004,0.5080466,-0.5034955,0.4956196,0.4926888,
1,5,13.051,0.2656861,0.04699399,-1.016972,0.5080199,-0.5035126,0.4956387,0.4926795,
1,5,13.053,0.2656861,0.04699399,-1.016972,0.5080199,-0.5035126,0.4956387,0.4926795,
1,5,13.055,0.2656861,0.04699399,-1.016972,0.5080199,-0.5035126,0.4956387,0.4926795,
1,5,13.057,0.2656861,0.04699399,-1.016972,0.5080199,-0.5035126,0.4956387,0.4926795,
1,5,13.059,0.2657012,0.04699241,-1.016992,0.5080523,-0.5034987,0.4956107,0.4926885,
1,5,13.061,0.2657012,0.04699241,-1.016992,0.5080523,-0.5034987,0.4956107,0.4926885,
1,5,13.063,0.2657012,0.04699241,-1.016992,0.5080523,-0.5034987,0.4956107,0.4926885,
1,5,13.065,0.2657012,0.04699241,-1.016992,0.5080523,-0.5034987,0.4956107,0.4926885,
1,5,13.067,0.2657012,0.04699241,-1.016992,0.5080523,-0.5034987,0.4956107,0.4926885,
1,5,13.069,0.2657124,0.04701135,-1.017051,0.5080901,-0.5034739,0.4955792,0.4927066,
1,5,13.071,0.2657124,0.04701135,-1.017051,0.5080901,-0.5034739,0.4955792,0.4927066,
1,5,13.073,0.2657124,0.04701135,-1.017051,0.5080901,-0.5034739,0.4955792,0.4927066,
1,5,13.075,0.2657124,0.04701135,-1.017051,0.5080901,-0.5034739,0.4955792,0.4927066,
1,5,13.077,0.2656949,0.04703971,-1.017043,0.5080739,-0.5034639,0.4956244,0.4926881,
1,5,13.079,0.2656949,0.04703971,-1.017043,0.5080739,-0.5034639,0.4956244,0.4926881,
1,5,13.081,0.2656949,0.04703971,-1.017043,0.5080739,-0.5034639,0.4956244,0.4926881,
1,5,13.083,0.2656949,0.04703971,-1.017043,0.5080739,-0.5034639,0.4956244,0.4926881,
1,5,13.085,0.2657007,0.04702994,-1.017033,0.508109,-0.50348,0.4955881,0.4926718,
1,5,13.087,0.2657007,0.04702994,-1.017033,0.508109,-0.50348,0.4955881,0.4926718,
1,5,13.089,0.2657007,0.04702994,-1.017033,0.508109,-0.50348,0.4955881,0.4926718,
1,5,13.091,0.2657007,0.04702994,-1.017033,0.508109,-0.50348,0.4955881,0.4926718,
1,5,13.093,0.2657672,0.046825,-1.017142,0.5084236,-0.5036884,0.4951943,0.4925303,
1,5,13.095,0.2657672,0.046825,-1.017142,0.5084236,-0.5036884,0.4951943,0.4925303,
1,5,13.097,0.2657672,0.046825,-1.017142,0.5084236,-0.5036884,0.4951943,0.4925303,
1,5,13.099,0.2657672,0.046825,-1.017142,0.5084236,-0.5036884,0.4951943,0.4925303,
1,5,13.101,0.2657552,0.04695439,-1.017326,0.5084692,-0.5036114,0.4952147,0.4925414,
1,5,13.103,0.2657552,0.04695439,-1.017326,0.5084692,-0.5036114,0.4952147,0.4925414,
1,5,13.105,0.2657552,0.04695439,-1.017326,0.5084692,-0.5036114,0.4952147,0.4925414,
1,5,13.107,0.2657552,0.04695439,-1.017326,0.5084692,-0.5036114,0.4952147,0.4925414,
1,5,13.109,0.2657501,0.04695495,-1.017334,0.508455,-0.5036047,0.4952201,0.4925575,
1,5,13.111,0.2657501,0.04695495,-1.017334,0.508455,-0.5036047,0.4952201,0.4925575,
1,5,13.113,0.2657501,0.04695495,-1.017334,0.508455,-0.5036047,0.4952201,0.4925575,
1,5,13.115,0.2657501,0.04695495,-1.017334,0.508455,-0.5036047,0.4952201,0.4925575,
1,5,13.117,0.2657501,0.04695495,-1.017334,0.508455,-0.5036047,0.4952201,0.4925575,
1,5,13.119,0.2657586,0.04693145,-1.01731,0.5084653,-0.5036198,0.4952011,0.4925506,
1,5,13.121,0.2657586,0.04693145,-1.01731,0.5084653,-0.5036198,0.4952011,0.4925506,
1,5,13.123,0.2657586,0.04693145,-1.01731,0.5084653,-0.5036198,0.4952011,0.4925506,
1,5,13.125,0.2657586,0.04693145,-1.01731,0.5084653,-0.5036198,0.4952011,0.4925506,
1,5,13.127,0.2657612,0.04692417,-1.017305,0.5084697,-0.5036336,0.4951919,0.4925412,
1,5,13.129,0.2657612,0.04692417,-1.017305,0.5084697,-0.5036336,0.4951919,0.4925412,
1,5,13.131,0.2657612,0.04692417,-1.017305,0.5084697,-0.5036336,0.4951919,0.4925412,
1,5,13.133,0.2657612,0.04692417,-1.017305,0.5084697,-0.5036336,0.4951919,0.4925412,
1,5,13.135,0.2657639,0.0469222,-1.017335,0.5084882,-0.5036333,0.4951723,0.492542,
1,5,13.137,0.2657639,0.0469222,-1.017335,0.5084882,-0.5036333,0.4951723,0.492542,
1,5,13.139,0.2657639,0.0469222,-1.017335,0.5084882,-0.5036333,0.4951723,0.492542,
1,5,13.141,0.2657639,0.0469222,-1.017335,0.5084882,-0.5036333,0.4951723,0.492542,
1,5,13.143,0.2657493,0.04692745,-1.017321,0.5084786,-0.5036241,0.4951912,0.4925424,
1,5,13.145,0.2657493,0.04692745,-1.017321,0.5084786,-0.5036241,0.4951912,0.4925424,
1,5,13.147,0.2657493,0.04692745,-1.017321,0.5084786,-0.5036241,0.4951912,0.4925424,
1,5,13.149,0.2657493,0.04692745,-1.017321,0.5084786,-0.5036241,0.4951912,0.4925424,
1,5,13.151,0.2657593,0.0469348,-1.017336,0.5084826,-0.5036137,0.495189,0.4925511,
1,5,13.153,0.2657593,0.0469348,-1.017336,0.5084826,-0.5036137,0.495189,0.4925511,
1,5,13.155,0.2657593,0.0469348,-1.017336,0.5084826,-0.5036137,0.495189,0.4925511,
1,5,13.157,0.2657593,0.0469348,-1.017336,0.5084826,-0.5036137,0.495189,0.4925511,
1,5,13.159,0.2657558,0.04691774,-1.017312,0.5084596,-0.5036221,0.495201,0.4925542,
1,5,13.161,0.2657558,0.04691774,-1.017312,0.5084596,-0.5036221,0.495201,0.4925542,
1,5,13.163,0.2657558,0.04691774,-1.017312,0.5084596,-0.5036221,0.495201,0.4925542,
1,5,13.165,0.2657558,0.04691774,-1.017312,0.5084596,-0.5036221,0.495201,0.4925542,
1,5,13.167,0.2657558,0.04691774,-1.017312,0.5084596,-0.5036221,0.495201,0.4925542,
1,5,13.169,0.2657554,0.04692061,-1.017298,0.5084508,-0.5036364,0.495206,0.4925437,
1,5,13.171,0.2657554,0.04692061,-1.017298,0.5084508,-0.5036364,0.495206,0.4925437,
1,5,13.173,0.2657554,0.04692061,-1.017298,0.5084508,-0.5036364,0.495206,0.4925437,
1,5,13.175,0.2657554,0.04692061,-1.017298,0.5084508,-0.5036364,0.495206,0.4925437,
1,5,13.177,0.2657561,0.04692105,-1.017309,0.5084563,-0.5036335,0.4951975,0.4925495,
1,5,13.179,0.2657561,0.04692105,-1.017309,0.5084563,-0.5036335,0.4951975,0.4925495,
1,5,13.181,0.2657561,0.04692105,-1.017309,0.5084563,-0.5036335,0.4951975,0.4925495,CourtEnter
1,5,13.183,0.2657561,0.04692105,-1.017309,0.5084563,-0.5036335,0.4951975,0.4925495,
1,5,13.185,0.2657543,0.0469362,-1.01729,0.5084624,-0.5036364,0.4952111,0.4925265,
1,5,13.187,0.2657543,0.0469362,-1.01729,0.5084624,-0.5036364,0.4952111,0.4925265,
1,5,13.189,0.2657543,0.0469362,-1.01729,0.5084624,-0.5036364,0.4952111,0.4925265,CourtExit
1,5,13.191,0.2657543,0.0469362,-1.01729,0.5084624,-0.5036364,0.4952111,0.4925265,
1,5,13.193,0.265762,0.04694822,-1.017282,0.5084673,-0.5036358,0.4952176,0.4925155,
1,5,13.195,0.265762,0.04694822,-1.017282,0.5084673,-0.5036358,0.4952176,0.4925155,
1,5,13.197,0.265762,0.04694822,-1.017282,0.5084673,-0.5036358,0.4952176,0.4925155,
1,5,13.199,0.265762,0.04694822,-1.017282,0.5084673,-0.5036358,0.4952176,0.4925155,
1,5,13.201,0.2657635,0.04697732,-1.017305,0.5084974,-0.5036091,0.4952203,0.4925091,
1,5,13.203,0.2657635,0.04697732,-1.017305,0.5084974,-0.5036091,0.4952203,0.4925091,
1,5,13.205,0.2657635,0.04697732,-1.017305,0.5084974,-0.5036091,0.4952203,0.4925091,
1,5,13.207,0.2657635,0.04697732,-1.017305,0.5084974,-0.5036091,0.4952203,0.4925091,
1,5,13.209,0.2657677,0.04697837,-1.017294,0.5084992,-0.5036142,0.4952209,0.4925014,
1,5,13.211,0.2657677,0.04697837,-1.017294,0.5084992,-0.5036142,0.4952209,0.4925014,
1,5,13.213,0.2657677,0.04697837,-1.017294,0.5084992,-0.5036142,0.4952209,0.4925014,
1,5,13.215,0.2657677,0.04697837,-1.017294,0.5084992,-0.5036142,0.4952209,0.4925014,
1,5,13.217,0.2657677,0.04697837,-1.017294,0.5084992,-0.5036142,0.4952209,0.4925014,
1,5,13.219,0.2657654,0.04697582,-1.017293,0.5085051,-0.5036275,0.4952091,0.4924936,
1,5,13.221,0.2657654,0.04697582,-1.017293,0.5085051,-0.5036275,0.4952091,0.4924936,
1,5,13.223,0.2657654,0.04697582,-1.017293,0.5085051,-0.5036275,0.4952091,0.4924936,
1,5,13.225,0.2657654,0.04697582,-1.017293,0.5085051,-0.5036275,0.4952091,0.4924936,
1,5,13.227,0.2657644,0.04693877,-1.017274,0.5084789,-0.5036665,0.495194,0.4924958,
1,5,13.229,0.2657644,0.04693877,-1.017274,0.5084789,-0.5036665,0.495194,0.4924958,
1,5,13.231,0.2657644,0.04693877,-1.017274,0.5084789,-0.5036665,0.495194,0.4924958,
1,5,13.233,0.2657644,0.04693877,-1.017274,0.5084789,-0.5036665,0.495194,0.4924958,
1,5,13.235,0.265765,0.04695401,-1.01727,0.5084785,-0.5036573,0.4952087,0.4924911,
1,5,13.237,0.265765,0.04695401,-1.01727,0.5084785,-0.5036573,0.4952087,0.4924911,
1,5,13.239,0.265765,0.04695401,-1.01727,0.5084785,-0.5036573,0.4952087,0.4924911,
1,5,13.241,0.265765,0.04695401,-1.01727,0.5084785,-0.5036573,0.4952087,0.4924911,
1,5,13.243,0.2657692,0.04694701,-1.017275,0.5084953,-0.5036773,0.495177,0.4924851,
1,5,13.245,0.2657692,0.04694701,-1.017275,0.5084953,-0.5036773,0.495177,0.4924851,
1,5,13.247,0.2657692,0.04694701,-1.017275,0.5084953,-0.5036773,0.495177,0.4924851,
1,5,13.249,0.2657692,0.04694701,-1.017275,0.5084953,-0.5036773,0.495177,0.4924851,
1,5,13.251,0.2657698,0.04697319,-1.01726,0.5085001,-0.5036622,0.4952029,0.4924696,
1,5,13.253,0.2657698,0.04697319,-1.01726,0.5085001,-0.5036622,0.4952029,0.4924696,
1,5,13.255,0.2657698,0.04697319,-1.01726,0.5085001,-0.5036622,0.4952029,0.4924696,
1,5,13.257,0.2657698,0.04697319,-1.01726,0.5085001,-0.5036622,0.4952029,0.4924696,
1,5,13.259,0.2657498,0.0469551,-1.017269,0.5084668,-0.5036405,0.4952267,0.4925021,
1,5,13.261,0.2657498,0.0469551,-1.017269,0.5084668,-0.5036405,0.4952267,0.4925021,
1,5,13.263,0.2657498,0.0469551,-1.017269,0.5084668,-0.5036405,0.4952267,0.4925021,
1,5,13.265,0.2657498,0.0469551,-1.017269,0.5084668,-0.5036405,0.4952267,0.4925021,
1,5,13.267,0.2657498,0.0469551,-1.017269,0.5084668,-0.5036405,0.4952267,0.4925021,
1,5,13.269,0.265749,0.04694599,-1.017253,0.5084465,-0.5036502,0.4952354,0.4925043,
1,5,13.271,0.265749,0.04694599,-1.017253,0.5084465,-0.5036502,0.4952354,0.4925043,
1,5,13.273,0.265749,0.04694599,-1.017253,0.5084465,-0.5036502,0.4952354,0.4925043,
1,5,13.275,0.265749,0.04694599,-1.017253,0.5084465,-0.5036502,0.4952354,0.4925043,
1,5,13.277,0.2657668,0.04694701,-1.017267,0.5084442,-0.5036434,0.4952286,0.4925205,
1,5,13.279,0.2657668,0.04694701,-1.017267,0.5084442,-0.5036434,0.4952286,0.4925205,
1,5,13.281,0.2657668,0.04694701,-1.017267,0.5084442,-0.5036434,0.4952286,0.4925205,
1,5,13.283,0.2657668,0.04694701,-1.017267,0.5084442,-0.5036434,0.4952286,0.4925205,
1,5,13.285,0.2657647,0.04693545,-1.01728,0.5084618,-0.5036505,0.4952071,0.4925169,
1,5,13.287,0.2657647,0.04693545,-1.01728,0.5084618,-0.5036505,0.4952071,0.4925169,
1,5,13.289,0.2657647,0.04693545,-1.01728,0.5084618,-0.5036505,0.4952071,0.4925169,
1,5,13.291,0.2657647,0.04693545,-1.01728,0.5084618,-0.5036505,0.4952071,0.4925169,
1,5,13.293,0.2657722,0.04694218,-1.017269,0.5084568,-0.5036515,0.495212,0.4925161,
1,5,13.295,0.2657722,0.04694218,-1.017269,0.5084568,-0.5036515,0.495212,0.4925161,
1,5,13.297,0.2657722,0.04694218,-1.017269,0.5084568,-0.5036515,0.495212,0.4925161,
1,5,13.299,0.2657722,0.04694218,-1.017269,0.5084568,-0.5036515,0.495212,0.4925161,
1,5,13.301,0.2657701,0.04691843,-1.01726,0.5084456,-0.5036675,0.4952089,0.4925144,
1,5,13.303,0.2657701,0.04691843,-1.01726,0.5084456,-0.5036675,0.4952089,0.4925144,
1,5,13.305,0.2657701,0.04691843,-1.01726,0.5084456,-0.5036675,0.4952089,0.4925144,
1,5,13.307,0.2657701,0.04691843,-1.01726,0.5084456,-0.5036675,0.4952089,0.4925144,
1,5,13.309,0.2657661,0.04694332,-1.017248,0.5084544,-0.503661,0.4952254,0.4924952,
1,5,13.311,0.2657661,0.04694332,-1.017248,0.5084544,-0.503661,0.4952254,0.4924952,
1,5,13.313,0.2657661,0.04694332,-1.017248,0.5084544,-0.503661,0.4952254,0.4924952,
1,5,13.315,0.2657661,0.04694332,-1.017248,0.5084544,-0.503661,0.4952254,0.4924952,
1,5,13.317,0.2657661,0.04694332,-1.017248,0.5084544,-0.503661,0.4952254,0.4924952,
1,5,13.319,0.2657624,0.0469542,-1.017236,0.5084524,-0.5036537,0.495238,0.492492,
1,5,13.321,0.2657624,0.0469542,-1.017236,0.5084524,-0.5036537,0.495238,0.492492,
1,5,13.323,0.2657624,0.0469542,-1.017236,0.5084524,-0.5036537,0.495238,0.492492,
1,5,13.325,0.2657624,0.0469542,-1.017236,0.5084524,-0.5036537,0.495238,0.492492,
1,5,13.327,0.2657685,0.04697824,-1.017255,0.5084833,-0.5036405,0.495232,0.4924799,
1,5,13.329,0.2657685,0.04697824,-1.017255,0.5084833,-0.5036405,0.495232,0.4924799,
1,5,13.331,0.2657685,0.04697824,-1.017255,0.5084833,-0.5036405,0.495232,0.4924799,
1,5,13.333,0.2657685,0.04697824,-1.017255,0.5084833,-0.5036405,0.495232,0.4924799,
1,5,13.335,0.2657677,0.04699139,-1.017243,0.5084687,-0.5036285,0.4952537,0.4924853,
1,5,13.337,0.2657677,0.04699139,-1.017243,0.5084687,-0.5036285,0.4952537,0.4924853,
1,5,13.339,0.2657677,0.04699139,-1.017243,0.5084687,-0.5036285,0.4952537,0.4924853,
1,5,13.341,0.2657677,0.04699139,-1.017243,0.5084687,-0.5036285,0.4952537,0.4924853,
1,5,13.343,0.2657727,0.04699823,-1.017256,0.5084785,-0.5036284,0.4952432,0.4924859,
1,5,13.345,0.2657727,0.04699823,-1.017256,0.5084785,-0.5036284,0.4952432,0.4924859,
1,5,13.347,0.2657727,0.04699823,-1.017256,0.5084785,-0.5036284,0.4952432,0.4924859,
1,5,13.349,0.2657727,0.04699823,-1.017256,0.5084785,-0.5036284,0.4952432,0.4924859,
1,5,13.351,0.2657679,0.04697242,-1.017266,0.5084634,-0.5036172,0.4952448,0.4925113,
1,5,13.353,0.2657679,0.04697242,-1.017266,0.5084634,-0.5036172,0.4952448,0.4925113,
1,5,13.355,0.2657679,0.04697242,-1.017266,0.5084634,-0.5036172,0.4952448,0.4925113,
1,5,13.357,0.2657679,0.04697242,-1.017266,0.5084634,-0.5036172,0.4952448,0.4925113,
1,5,13.359,0.2657622,0.04696412,-1.017274,0.5084766,-0.5036325,0.4952224,0.4925045,
1,5,13.361,0.2657622,0.04696412,-1.017274,0.5084766,-0.5036325,0.4952224,0.4925045,
1,5,13.363,0.2657622,0.04696412,-1.017274,0.5084766,-0.5036325,0.4952224,0.4925045,
1,5,13.365,0.2657622,0.04696412,-1.017274,0.5084766,-0.5036325,0.4952224,0.4925045,
1,5,13.367,0.2657622,0.04696412,-1.017274,0.5084766,-0.5036325,0.4952224,0.4925045,
1,5,13.369,0.2657555,0.04694621,-1.017242,0.5084582,-0.5036503,0.4952258,0.4925019,
1,5,13.371,0.2657555,0.04694621,-1.017242,0.5084582,-0.5036503,0.4952258,0.4925019,
1,5,13.373,0.2657555,0.04694621,-1.017242,0.5084582,-0.5036503,0.4952258,0.4925019,
1,5,13.375,0.2657555,0.04694621,-1.017242,0.5084582,-0.5036503,0.4952258,0.4925019,
1,5,13.377,0.2657683,0.04697219,-1.017262,0.5084703,-0.5036294,0.4952359,0.4925005,
1,5,13.379,0.2657683,0.04697219,-1.017262,0.5084703,-0.5036294,0.4952359,0.4925005,
1,5,13.381,0.2657683,0.04697219,-1.017262,0.5084703,-0.5036294,0.4952359,0.4925005,
1,5,13.383,0.2657683,0.04697219,-1.017262,0.5084703,-0.5036294,0.4952359,0.4925005,
1,5,13.385,0.2657538,0.04695723,-1.017281,0.5084503,-0.5036411,0.4952241,0.4925212,
1,5,13.387,0.2657538,0.04695723,-1.017281,0.5084503,-0.5036411,0.4952241,0.4925212,
1,5,13.389,0.2657538,0.04695723,-1.017281,0.5084503,-0.5036411,0.4952241,0.4925212,
1,5,13.391,0.2657538,0.04695723,-1.017281,0.5084503,-0.5036411,0.4952241,0.4925212,
1,5,13.393,0.2657504,0.04694195,-1.017267,0.5084401,-0.503644,0.4952288,0.492524,
1,5,13.395,0.2657504,0.04694195,-1.017267,0.5084401,-0.503644,0.4952288,0.492524,
1,5,13.397,0.2657504,0.04694195,-1.017267,0.5084401,-0.503644,0.4952288,0.492524,
1,5,13.399,0.2657504,0.04694195,-1.017267,0.5084401,-0.503644,0.4952288,0.492524,
1,5,13.401,0.2657695,0.0469747,-1.017268,0.5084622,-0.5036132,0.4952452,0.4925162,
1,5,13.403,0.2657695,0.0469747,-1.017268,0.5084622,-0.5036132,0.4952452,0.4925162,
1,5,13.405,0.2657695,0.0469747,-1.017268,0.5084622,-0.5036132,0.4952452,0.4925162,
1,5,13.407,0.2657695,0.0469747,-1.017268,0.5084622,-0.5036132,0.4952452,0.4925162,
1,5,13.409,0.2657688,0.04700213,-1.017269,0.5084809,-0.5036027,0.4952541,0.4924985,
1,5,13.411,0.2657688,0.04700213,-1.017269,0.5084809,-0.5036027,0.4952541,0.4924985,
1,5,13.413,0.2657688,0.04700213,-1.017269,0.5084809,-0.5036027,0.4952541,0.4924985,
1,5,13.415,0.2657688,0.04700213,-1.017269,0.5084809,-0.5036027,0.4952541,0.4924985,
1,5,13.417,0.2657688,0.04700213,-1.017269,0.5084809,-0.5036027,0.4952541,0.4924985,
1,5,13.419,0.2657624,0.04697347,-1.017268,0.5084718,-0.5036248,0.4952339,0.4925058,
1,5,13.421,0.2657624,0.04697347,-1.017268,0.5084718,-0.5036248,0.4952339,0.4925058,
1,5,13.423,0.2657624,0.04697347,-1.017268,0.5084718,-0.5036248,0.4952339,0.4925058,
1,5,13.425,0.2657624,0.04697347,-1.017268,0.5084718,-0.5036248,0.4952339,0.4925058,
1,5,13.427,0.2657551,0.04696315,-1.017281,0.5084668,-0.5036275,0.4952257,0.4925164,
1,5,13.429,0.2657551,0.04696315,-1.017281,0.5084668,-0.5036275,0.4952257,0.4925164,
1,5,13.431,0.2657551,0.04696315,-1.017281,0.5084668,-0.5036275,0.4952257,0.4925164,
1,5,13.433,0.2657551,0.04696315,-1.017281,0.5084668,-0.5036275,0.4952257,0.4925164,
1,5,13.435,0.265754,0.04696068,-1.017284,0.5084602,-0.5036282,0.4952218,0.4925264,
1,5,13.437,0.265754,0.04696068,-1.017284,0.5084602,-0.5036282,0.4952218,0.4925264,
1,5,13.439,0.265754,0.04696068,-1.017284,0.5084602,-0.5036282,0.4952218,0.4925264,
1,5,13.441,0.265754,0.04696068,-1.017284,0.5084602,-0.5036282,0.4952218,0.4925264,
1,5,13.443,0.2657637,0.04694899,-1.017277,0.5084533,-0.5036384,0.4952197,0.4925252,
1,5,13.445,0.2657637,0.04694899,-1.017277,0.5084533,-0.5036384,0.4952197,0.4925252,
1,5,13.447,0.2657637,0.04694899,-1.017277,0.5084533,-0.5036384,0.4952197,0.4925252,
1,5,13.449,0.2657637,0.04694899,-1.017277,0.5084533,-0.5036384,0.4952197,0.4925252,
1,5,13.451,0.2657568,0.04692558,-1.017258,0.508453,-0.5036646,0.4952114,0.4925072,
1,5,13.453,0.2657568,0.04692558,-1.017258,0.508453,-0.5036646,0.4952114,0.4925072,
1,5,13.455,0.2657568,0.04692558,-1.017258,0.508453,-0.5036646,0.4952114,0.4925072,
1,5,13.457,0.2657568,0.04692558,-1.017258,0.508453,-0.5036646,0.4952114,0.4925072,
1,5,13.459,0.2657568,0.04692835,-1.01729,0.508479,-0.5036467,0.4951937,0.4925164,
1,5,13.461,0.2657568,0.04692835,-1.01729,0.508479,-0.5036467,0.4951937,0.4925164,
1,5,13.463,0.2657568,0.04692835,-1.01729,0.508479,-0.5036467,0.4951937,0.4925164,
1,5,13.465,0.2657568,0.04692835,-1.01729,0.508479,-0.5036467,0.4951937,0.4925164,
1,5,13.467,0.2657568,0.04692835,-1.01729,0.508479,-0.5036467,0.4951937,0.4925164,
1,5,13.469,0.2657548,0.04693464,-1.017291,0.508486,-0.5036416,0.4951921,0.492516,
1,5,13.471,0.2657548,0.04693464,-1.017291,0.508486,-0.5036416,0.4951921,0.492516,
1,5,13.473,0.2657548,0.04693464,-1.017291,0.508486,-0.5036416,0.4951921,0.492516,
1,5,13.475,0.2657548,0.04693464,-1.017291,0.508486,-0.5036416,0.4951921,0.492516,
1,5,13.477,0.2657557,0.04692926,-1.017286,0.5084606,-0.5036467,0.495203,0.492526,
1,5,13.479,0.2657557,0.04692926,-1.017286,0.5084606,-0.5036467,0.495203,0.492526,
1,5,13.481,0.2657557,0.04692926,-1.017286,0.5084606,-0.5036467,0.495203,0.492526,
1,5,13.483,0.2657557,0.04692926,-1.017286,0.5084606,-0.5036467,0.495203,0.492526,
1,5,13.485,0.2657545,0.04695073,-1.017292,0.5084597,-0.5036249,0.495219,0.492533,
1,5,13.487,0.2657545,0.04695073,-1.017292,0.5084597,-0.5036249,0.495219,0.492533,
1,5,13.489,0.2657545,0.04695073,-1.017292,0.5084597,-0.5036249,0.495219,0.492533,
1,5,13.491,0.2657545,0.04695073,-1.017292,0.5084597,-0.5036249,0.495219,0.492533,
1,5,13.493,0.2657526,0.04693453,-1.017293,0.5084611,-0.5036371,0.4952058,0.4925325,
1,5,13.495,0.2657526,0.04693453,-1.017293,0.5084611,-0.5036371,0.4952058,0.4925325,
1,5,13.497,0.2657526,0.04693453,-1.017293,0.5084611,-0.5036371,0.4952058,0.4925325,
1,5,13.499,0.2657526,0.04693453,-1.017293,0.5084611,-0.5036371,0.4952058,0.4925325,
1,5,13.501,0.2657455,0.04693141,-1.017299,0.5084779,-0.5036452,0.4951944,0.4925182,
1,5,13.503,0.2657455,0.04693141,-1.017299,0.5084779,-0.5036452,0.4951944,0.4925182,
1,5,13.505,0.2657455,0.04693141,-1.017299,0.5084779,-0.5036452,0.4951944,0.4925182,
1,5,13.507,0.2657455,0.04693141,-1.017299,0.5084779,-0.5036452,0.4951944,0.4925182,
1,5,13.509,0.2657548,0.04696422,-1.017296,0.5084858,-0.5036209,0.4952176,0.4925117,
1,5,13.511,0.2657548,0.04696422,-1.017296,0.5084858,-0.5036209,0.4952176,0.4925117,
1,5,13.513,0.2657548,0.04696422,-1.017296,0.5084858,-0.5036209,0.4952176,0.4925117,
1,5,13.515,0.2657548,0.04696422,-1.017296,0.5084858,-0.5036209,0.4952176,0.4925117,
1,5,13.517,0.2657548,0.04696422,-1.017296,0.5084858,-0.5036209,0.4952176,0.4925117,
1,5,13.519,0.2657617,0.04697871,-1.017306,0.5085047,-0.5036026,0.4952206,0.4925079,
1,5,13.521,0.2657617,0.04697871,-1.017306,0.5085047,-0.5036026,0.4952206,0.4925079,
1,5,13.523,0.2657617,0.04697871,-1.017306,0.5085047,-0.5036026,0.4952206,0.4925079,
1,5,13.525,0.2657617,0.04697871,-1.017306,0.5085047,-0.5036026,0.4952206,0.4925079,
1,5,13.527,0.2657635,0.04697629,-1.017314,0.5084996,-0.5036074,0.495219,0.49251,
1,5,13.529,0.2657635,0.04697629,-1.017314,0.5084996,-0.5036074,0.495219,0.49251,
1,5,13.531,0.2657635,0.04697629,-1.017314,0.5084996,-0.5036074,0.495219,0.49251,
1,5,13.533,0.2657635,0.04697629,-1.017314,0.5084996,-0.5036074,0.495219,0.49251,
1,5,13.535,0.265763,0.04696275,-1.017316,0.508489,-0.5036129,0.4952072,0.4925271,
1,5,13.537,0.265763,0.04696275,-1.017316,0.508489,-0.5036129,0.4952072,0.4925271,
1,5,13.539,0.265763,0.04696275,-1.017316,0.508489,-0.5036129,0.4952072,0.4925271,
1,5,13.541,0.265763,0.04696275,-1.017316,0.508489,-0.5036129,0.4952072,0.4925271,
1,5,13.543,0.2657516,0.04695332,-1.01733,0.5084811,-0.5036007,0.4952099,0.4925449,
1,5,13.545,0.2657516,0.04695332,-1.01733,0.5084811,-0.5036007,0.4952099,0.4925449,
1,5,13.547,0.2657516,0.04695332,-1.01733,0.5084811,-0.5036007,0.4952099,0.4925449,
1,5,13.549,0.2657516,0.04695332,-1.01733,0.5084811,-0.5036007,0.4952099,0.4925449,
1,5,13.551,0.2657638,0.04695725,-1.017324,0.5084826,-0.5035968,0.4952148,0.4925425,
1,5,13.553,0.2657638,0.04695725,-1.017324,0.5084826,-0.5035968,0.4952148,0.4925425,
1,5,13.555,0.2657638,0.04695725,-1.017324,0.5084826,-0.5035968,0.4952148,0.4925425,
1,5,13.557,0.2657638,0.04695725,-1.017324,0.5084826,-0.5035968,0.4952148,0.4925425,
1,5,13.559,0.2657608,0.04694471,-1.017296,0.508472,-0.5036126,0.4952202,0.4925318,
1,5,13.561,0.2657608,0.04694471,-1.017296,0.508472,-0.5036126,0.4952202,0.4925318,
1,5,13.563,0.2657608,0.04694471,-1.017296,0.508472,-0.5036126,0.4952202,0.4925318,
1,5,13.565,0.2657608,0.04694471,-1.017296,0.508472,-0.5036126,0.4952202,0.4925318,
1,5,13.567,0.2657608,0.04694471,-1.017296,0.508472,-0.5036126,0.4952202,0.4925318,
1,5,13.569,0.2657565,0.0469539,-1.017307,0.5084768,-0.5036182,0.4952119,0.4925296,
1,5,13.571,0.2657565,0.0469539,-1.017307,0.5084768,-0.5036182,0.4952119,0.4925296,
1,5,13.573,0.2657565,0.0469539,-1.017307,0.5084768,-0.5036182,0.4952119,0.4925296,
1,5,13.575,0.2657565,0.0469539,-1.017307,0.5084768,-0.5036182,0.4952119,0.4925296,
1,5,13.577,0.2657599,0.04694274,-1.017292,0.5084616,-0.5036416,0.4952094,0.4925238,
1,5,13.579,0.2657599,0.04694274,-1.017292,0.5084616,-0.5036416,0.4952094,0.4925238,
1,5,13.581,0.2657599,0.04694274,-1.017292,0.5084616,-0.5036416,0.4952094,0.4925238,
1,5,13.583,0.2657599,0.04694274,-1.017292,0.5084616,-0.5036416,0.4952094,0.4925238,
1,5,13.585,0.2657607,0.04694086,-1.017303,0.5084825,-0.5036419,0.4951957,0.4925157,
1,5,13.587,0.2657607,0.04694086,-1.017303,0.5084825,-0.5036419,0.4951957,0.4925157,
1,5,13.589,0.2657607,0.04694086,-1.017303,0.5084825,-0.5036419,0.4951957,0.4925157,
1,5,13.591,0.2657607,0.04694086,-1.017303,0.5084825,-0.5036419,0.4951957,0.4925157,
1,5,13.593,0.2657608,0.04695208,-1.017301,0.5084945,-0.5036331,0.4951954,0.4925126,
1,5,13.595,0.2657608,0.04695208,-1.017301,0.5084945,-0.5036331,0.4951954,0.4925126,
1,5,13.597,0.2657608,0.04695208,-1.017301,0.5084945,-0.5036331,0.4951954,0.4925126,
1,5,13.599,0.2657608,0.04695208,-1.017301,0.5084945,-0.5036331,0.4951954,0.4925126,
1,5,13.601,0.2657557,0.04694542,-1.017304,0.5084963,-0.5036374,0.4951925,0.4925093,
1,5,13.603,0.2657557,0.04694542,-1.017304,0.5084963,-0.5036374,0.4951925,0.4925093,
1,5,13.605,0.2657557,0.04694542,-1.017304,0.5084963,-0.5036374,0.4951925,0.4925093,
1,5,13.607,0.2657557,0.04694542,-1.017304,0.5084963,-0.5036374,0.4951925,0.4925093,
1,5,13.609,0.2657613,0.0469466,-1.017302,0.5084748,-0.5036233,0.4952181,0.4925201,
1,5,13.611,0.2657613,0.0469466,-1.017302,0.5084748,-0.5036233,0.4952181,0.4925201,
1,5,13.613,0.2657613,0.0469466,-1.017302,0.5084748,-0.5036233,0.4952181,0.4925201,
1,5,13.615,0.2657613,0.0469466,-1.017302,0.5084748,-0.5036233,0.4952181,0.4925201,
1,5,13.617,0.2657613,0.0469466,-1.017302,0.5084748,-0.5036233,0.4952181,0.4925201,
1,5,13.619,0.2657621,0.04691997,-1.017322,0.5084714,-0.5036253,0.4951988,0.4925409,
1,5,13.621,0.2657621,0.04691997,-1.017322,0.5084714,-0.5036253,0.4951988,0.4925409,
1,5,13.623,0.2657621,0.04691997,-1.017322,0.5084714,-0.5036253,0.4951988,0.4925409,
1,5,13.625,0.2657621,0.04691997,-1.017322,0.5084714,-0.5036253,0.4951988,0.4925409,
1,5,13.627,0.2657538,0.04691659,-1.017329,0.5084829,-0.5036311,0.495188,0.4925338,
1,5,13.629,0.2657538,0.04691659,-1.017329,0.5084829,-0.5036311,0.495188,0.4925338,
1,5,13.631,0.2657538,0.04691659,-1.017329,0.5084829,-0.5036311,0.495188,0.4925338,
1,5,13.633,0.2657538,0.04691659,-1.017329,0.5084829,-0.5036311,0.495188,0.4925338,
1,5,13.635,0.2657498,0.04693897,-1.017314,0.5084753,-0.5036096,0.4952186,0.4925331,
1,5,13.637,0.2657498,0.04693897,-1.017314,0.5084753,-0.5036096,0.4952186,0.4925331,
1,5,13.639,0.2657498,0.04693897,-1.017314,0.5084753,-0.5036096,0.4952186,0.4925331,
1,5,13.641,0.2657498,0.04693897,-1.017314,0.5084753,-0.5036096,0.4952186,0.4925331,
1,5,13.643,0.2657568,0.0469227,-1.017328,0.5084707,-0.5036259,0.495185,0.4925548,
1,5,13.645,0.2657568,0.0469227,-1.017328,0.5084707,-0.5036259,0.495185,0.4925548,
1,5,13.647,0.2657568,0.0469227,-1.017328,0.5084707,-0.5036259,0.495185,0.4925548,
1,5,13.649,0.2657568,0.0469227,-1.017328,0.5084707,-0.5036259,0.495185,0.4925548,
1,5,13.651,0.2657439,0.04694709,-1.0173,0.508454,-0.5036137,0.4952243,0.4925451,
1,5,13.653,0.2657439,0.04694709,-1.0173,0.508454,-0.5036137,0.4952243,0.4925451,
1,5,13.655,0.2657439,0.04694709,-1.0173,0.508454,-0.5036137,0.4952243,0.4925451,
1,5,13.657,0.2657439,0.04694709,-1.0173,0.508454,-0.5036137,0.4952243,0.4925451,
1,5,13.659,0.265756,0.04693602,-1.01729,0.5084409,-0.5036142,0.4952303,0.4925522,
1,5,13.661,0.265756,0.04693602,-1.01729,0.5084409,-0.5036142,0.4952303,0.4925522,
1,5,13.663,0.265756,0.04693602,-1.01729,0.5084409,-0.5036142,0.4952303,0.4925522,
1,5,13.665,0.265756,0.04693602,-1.01729,0.5084409,-0.5036142,0.4952303,0.4925522,
1,5,13.667,0.265756,0.04693602,-1.01729,0.5084409,-0.5036142,0.4952303,0.4925522,
1,5,13.669,0.2657124,0.04699861,-1.01718,0.5083594,-0.5035838,0.4953536,0.4925433,
1,5,13.671,0.2657124,0.04699861,-1.01718,0.5083594,-0.5035838,0.4953536,0.4925433,
1,5,13.673,0.2657124,0.04699861,-1.01718,0.5083594,-0.5035838,0.4953536,0.4925433,
1,5,13.675,0.2657124,0.04699861,-1.01718,0.5083594,-0.5035838,0.4953536,0.4925433,
1,5,13.677,0.2657313,0.04691272,-1.017233,0.5083692,-0.5036532,0.4952632,0.492553,
1,5,13.679,0.2657313,0.04691272,-1.017233,0.5083692,-0.5036532,0.4952632,0.492553,
1,5,13.681,0.2657313,0.04691272,-1.017233,0.5083692,-0.5036532,0.4952632,0.492553,
1,5,13.683,0.2657313,0.04691272,-1.017233,0.5083692,-0.5036532,0.4952632,0.492553,
1,5,13.685,0.265747,0.04690953,-1.017259,0.508399,-0.5036404,0.4952397,0.4925591,
1,5,13.687,0.265747,0.04690953,-1.017259,0.508399,-0.5036404,0.4952397,0.4925591,
1,5,13.689,0.265747,0.04690953,-1.017259,0.508399,-0.5036404,0.4952397,0.4925591,
1,5,13.691,0.265747,0.04690953,-1.017259,0.508399,-0.5036404,0.4952397,0.4925591,
1,5,13.693,0.2657549,0.04691558,-1.017274,0.5084355,-0.5036314,0.4952281,0.4925422,
1,5,13.695,0.2657549,0.04691558,-1.017274,0.5084355,-0.5036314,0.4952281,0.4925422,
1,5,13.697,0.2657549,0.04691558,-1.017274,0.5084355,-0.5036314,0.4952281,0.4925422,
1,5,13.699,0.2657549,0.04691558,-1.017274,0.5084355,-0.5036314,0.4952281,0.4925422,
1,5,13.701,0.2657432,0.04693808,-1.017304,0.5084786,-0.5036269,0.4951994,0.4925314,
1,5,13.703,0.2657432,0.04693808,-1.017304,0.5084786,-0.5036269,0.4951994,0.4925314,
1,5,13.705,0.2657432,0.04693808,-1.017304,0.5084786,-0.5036269,0.4951994,0.4925314,
1,5,13.707,0.2657432,0.04693808,-1.017304,0.5084786,-0.5036269,0.4951994,0.4925314,
1,5,13.709,0.2657393,0.04693625,-1.017298,0.5084772,-0.5036336,0.4951953,0.49253,
1,5,13.711,0.2657393,0.04693625,-1.017298,0.5084772,-0.5036336,0.4951953,0.49253,
1,5,13.713,0.2657393,0.04693625,-1.017298,0.5084772,-0.5036336,0.4951953,0.49253,
1,5,13.715,0.2657393,0.04693625,-1.017298,0.5084772,-0.5036336,0.4951953,0.49253,
1,5,13.717,0.2657393,0.04693625,-1.017298,0.5084772,-0.5036336,0.4951953,0.49253,
1,5,13.719,0.2657566,0.04695157,-1.01729,0.5085009,-0.5036314,0.4951954,0.4925078,
1,5,13.721,0.2657566,0.04695157,-1.01729,0.5085009,-0.5036314,0.4951954,0.4925078,
1,5,13.723,0.2657566,0.04695157,-1.01729,0.5085009,-0.5036314,0.4951954,0.4925078,
1,5,13.725,0.2657566,0.04695157,-1.01729,0.5085009,-0.5036314,0.4951954,0.4925078,
1,5,13.727,0.2657641,0.04692693,-1.017248,0.5085411,-0.5036718,0.4951456,0.492475,
1,5,13.729,0.2657641,0.04692693,-1.017248,0.5085411,-0.5036718,0.4951456,0.492475,
1,5,13.731,0.2657641,0.04692693,-1.017248,0.5085411,-0.5036718,0.4951456,0.492475,
1,5,13.733,0.2657641,0.04692693,-1.017248,0.5085411,-0.5036718,0.4951456,0.492475,
1,5,13.735,0.2657014,0.04709693,-1.017128,0.508388,-0.5035283,0.4954093,0.4925144,
1,5,13.737,0.2657014,0.04709693,-1.017128,0.508388,-0.5035283,0.4954093,0.4925144,
1,5,13.739,0.2657014,0.04709693,-1.017128,0.508388,-0.5035283,0.4954093,0.4925144,
1,5,13.741,0.2657014,0.04709693,-1.017128,0.508388,-0.5035283,0.4954093,0.4925144,
1,5,13.743,0.2656966,0.04713441,-1.01713,0.508335,-0.5034781,0.495479,0.4925504,
1,5,13.745,0.2656966,0.04713441,-1.01713,0.508335,-0.5034781,0.495479,0.4925504,
1,5,13.747,0.2656966,0.04713441,-1.01713,0.508335,-0.5034781,0.495479,0.4925504,
1,5,13.749,0.2656966,0.04713441,-1.01713,0.508335,-0.5034781,0.495479,0.4925504,
1,5,13.751,0.2656988,0.04715384,-1.017122,0.5082848,-0.5034359,0.4955372,0.4925869,
1,5,13.753,0.2656988,0.04715384,-1.017122,0.5082848,-0.5034359,0.4955372,0.4925869,
1,5,13.755,0.2656988,0.04715384,-1.017122,0.5082848,-0.5034359,0.4955372,0.4925869,
1,5,13.757,0.2656988,0.04715384,-1.017122,0.5082848,-0.5034359,0.4955372,0.4925869,
1,5,13.759,0.2656915,0.04710969,-1.017143,0.5082626,-0.5034292,0.4955359,0.4926179,
1,5,13.761,0.2656915,0.04710969,-1.017143,0.5082626,-0.5034292,0.4955359,0.4926179,
1,5,13.763,0.2656915,0.04710969,-1.017143,0.5082626,-0.5034292,0.4955359,0.4926179,
1,5,13.765,0.2656915,0.04710969,-1.017143,0.5082626,-0.5034292,0.4955359,0.4926179,
1,5,13.767,0.2656915,0.04710969,-1.017143,0.5082626,-0.5034292,0.4955359,0.4926179,
1,5,13.769,0.2657028,0.04706644,-1.017142,0.5082672,-0.5034652,0.4954841,0.4926285,
1,5,13.771,0.2657028,0.04706644,-1.017142,0.5082672,-0.5034652,0.4954841,0.4926285,
1,5,13.773,0.2657028,0.04706644,-1.017142,0.5082672,-0.5034652,0.4954841,0.4926285,
1,5,13.775,0.2657028,0.04706644,-1.017142,0.5082672,-0.5034652,0.4954841,0.4926285,
1,5,13.777,0.2656946,0.04709329,-1.017125,0.5082486,-0.5034454,0.4955169,0.4926349,
1,5,13.779,0.2656946,0.04709329,-1.017125,0.5082486,-0.5034454,0.4955169,0.4926349,
1,5,13.781,0.2656946,0.04709329,-1.017125,0.5082486,-0.5034454,0.4955169,0.4926349,
1,5,13.783,0.2656946,0.04709329,-1.017125,0.5082486,-0.5034454,0.4955169,0.4926349,
1,5,13.785,0.2656862,0.04711675,-1.017091,0.5081803,-0.5034482,0.4955806,0.4926383,
1,5,13.787,0.2656862,0.04711675,-1.017091,0.5081803,-0.5034482,0.4955806,0.4926383,
1,5,13.789,0.2656862,0.04711675,-1.017091,0.5081803,-0.5034482,0.4955806,0.4926383,
1,5,13.791,0.2656862,0.04711675,-1.017091,0.5081803,-0.5034482,0.4955806,0.4926383,
1,5,13.793,0.2656796,0.04704398,-1.017037,0.5080936,-0.5035034,0.4955977,0.4926541,
1,5,13.795,0.2656796,0.04704398,-1.017037,0.5080936,-0.5035034,0.4955977,0.4926541,
1,5,13.797,0.2656796,0.04704398,-1.017037,0.5080936,-0.5035034,0.4955977,0.4926541,
1,5,13.799,0.2656796,0.04704398,-1.017037,0.5080936,-0.5035034,0.4955977,0.4926541,
1,5,13.801,0.2656693,0.04702976,-1.01705,0.5081015,-0.503521,0.4955733,0.4926527,
1,5,13.803,0.2656693,0.04702976,-1.01705,0.5081015,-0.503521,0.4955733,0.4926527,
1,5,13.805,0.2656693,0.04702976,-1.01705,0.5081015,-0.503521,0.4955733,0.4926527,
1,5,13.807,0.2656693,0.04702976,-1.01705,0.5081015,-0.503521,0.4955733,0.4926527,
1,5,13.809,0.2656738,0.04699933,-1.017031,0.5080923,-0.5035446,0.4955658,0.4926454,
1,5,13.811,0.2656738,0.04699933,-1.017031,0.5080923,-0.5035446,0.4955658,0.4926454,
1,5,13.813,0.2656738,0.04699933,-1.017031,0.5080923,-0.5035446,0.4955658,0.4926454,
1,5,13.815,0.2656738,0.04699933,-1.017031,0.5080923,-0.5035446,0.4955658,0.4926454,
1,5,13.817,0.2656738,0.04699933,-1.017031,0.5080923,-0.5035446,0.4955658,0.4926454,
1,5,13.819,0.2656744,0.04700573,-1.01702,0.5080799,-0.5035266,0.4955921,0.4926504,
1,5,13.821,0.2656744,0.04700573,-1.01702,0.5080799,-0.5035266,0.4955921,0.4926504,
1,5,13.823,0.2656744,0.04700573,-1.01702,0.5080799,-0.5035266,0.4955921,0.4926504,
1,5,13.825,0.2656744,0.04700573,-1.01702,0.5080799,-0.5035266,0.4955921,0.4926504,
1,5,13.827,0.2656686,0.04699057,-1.017006,0.5080563,-0.503527,0.4955965,0.4926697,
1,5,13.829,0.2656686,0.04699057,-1.017006,0.5080563,-0.503527,0.4955965,0.4926697,
1,5,13.831,0.2656686,0.04699057,-1.017006,0.5080563,-0.503527,0.4955965,0.4926697,
1,5,13.833,0.2656686,0.04699057,-1.017006,0.5080563,-0.503527,0.4955965,0.4926697,
1,5,13.835,0.2656576,0.04702697,-1.016999,0.5080534,-0.5035184,0.4956143,0.4926636,
1,5,13.837,0.2656576,0.04702697,-1.016999,0.5080534,-0.5035184,0.4956143,0.4926636,
1,5,13.839,0.2656576,0.04702697,-1.016999,0.5080534,-0.5035184,0.4956143,0.4926636,
1,5,13.841,0.2656576,0.04702697,-1.016999,0.5080534,-0.5035184,0.4956143,0.4926636,
1,5,13.843,0.2656609,0.04705197,-1.016997,0.5080526,-0.5034928,0.4956422,0.4926626,
1,5,13.845,0.2656609,0.04705197,-1.016997,0.5080526,-0.5034928,0.4956422,0.4926626,
1,5,13.847,0.2656609,0.04705197,-1.016997,0.5080526,-0.5034928,0.4956422,0.4926626,
1,5,13.849,0.2656609,0.04705197,-1.016997,0.5080526,-0.5034928,0.4956422,0.4926626,
1,5,13.851,0.2656683,0.04710853,-1.017055,0.5080771,-0.5034365,0.4956685,0.4926684,
1,5,13.853,0.2656683,0.04710853,-1.017055,0.5080771,-0.5034365,0.4956685,0.4926684,
1,5,13.855,0.2656683,0.04710853,-1.017055,0.5080771,-0.5034365,0.4956685,0.4926684,
1,5,13.857,0.2656683,0.04710853,-1.017055,0.5080771,-0.5034365,0.4956685,0.4926684,
1,5,13.859,0.2656556,0.04712742,-1.016858,0.5080492,-0.5035006,0.4957235,0.4925765,
1,5,13.861,0.2656556,0.04712742,-1.016858,0.5080492,-0.5035006,0.4957235,0.4925765,
1,5,13.863,0.2656556,0.04712742,-1.016858,0.5080492,-0.5035006,0.4957235,0.4925765,
1,5,13.865,0.2656556,0.04712742,-1.016858,0.5080492,-0.5035006,0.4957235,0.4925765,
1,5,13.867,0.2656556,0.04712742,-1.016858,0.5080492,-0.5035006,0.4957235,0.4925765,
1,5,13.869,0.2656547,0.04702894,-1.016704,0.5079761,-0.5035998,0.4957275,0.4925462,
1,5,13.871,0.2656547,0.04702894,-1.016704,0.5079761,-0.5035998,0.4957275,0.4925462,
1,5,13.873,0.2656547,0.04702894,-1.016704,0.5079761,-0.5035998,0.4957275,0.4925462,
1,5,13.875,0.2656547,0.04702894,-1.016704,0.5079761,-0.5035998,0.4957275,0.4925462,
1,5,13.877,0.2656681,0.04705746,-1.016901,0.5080276,-0.5035428,0.4956785,0.4926009,
1,5,13.879,0.2656681,0.04705746,-1.016901,0.5080276,-0.5035428,0.4956785,0.4926009,
1,5,13.881,0.2656681,0.04705746,-1.016901,0.5080276,-0.5035428,0.4956785,0.4926009,
1,5,13.883,0.2656681,0.04705746,-1.016901,0.5080276,-0.5035428,0.4956785,0.4926009,
1,5,13.885,0.2656713,0.04704158,-1.016985,0.5080305,-0.5034823,0.4956695,0.4926687,
1,5,13.887,0.2656713,0.04704158,-1.016985,0.5080305,-0.5034823,0.4956695,0.4926687,
1,5,13.889,0.2656713,0.04704158,-1.016985,0.5080305,-0.5034823,0.4956695,0.4926687,
1,5,13.891,0.2656713,0.04704158,-1.016985,0.5080305,-0.5034823,0.4956695,0.4926687,
1,5,13.893,0.2656792,0.04704847,-1.017016,0.5080449,-0.5034643,0.4956606,0.4926812,
1,5,13.895,0.2656792,0.04704847,-1.017016,0.5080449,-0.5034643,0.4956606,0.4926812,
1,5,13.897,0.2656792,0.04704847,-1.017016,0.5080449,-0.5034643,0.4956606,0.4926812,
1,5,13.899,0.2656792,0.04704847,-1.017016,0.5080449,-0.5034643,0.4956606,0.4926812,
1,5,13.901,0.2656745,0.04703114,-1.017055,0.5080705,-0.5034695,0.495623,0.4926873,
1,5,13.903,0.2656745,0.04703114,-1.017055,0.5080705,-0.5034695,0.495623,0.4926873,
1,5,13.905,0.2656745,0.04703114,-1.017055,0.5080705,-0.5034695,0.495623,0.4926873,
1,5,13.907,0.2656745,0.04703114,-1.017055,0.5080705,-0.5034695,0.495623,0.4926873,
1,5,13.909,0.2656705,0.04701542,-1.017015,0.5080512,-0.5034814,0.4956332,0.4926846,
1,5,13.911,0.2656705,0.04701542,-1.017015,0.5080512,-0.5034814,0.4956332,0.4926846,
1,5,13.913,0.2656705,0.04701542,-1.017015,0.5080512,-0.5034814,0.4956332,0.4926846,
1,5,13.915,0.2656705,0.04701542,-1.017015,0.5080512,-0.5034814,0.4956332,0.4926846,
1,5,13.917,0.2656705,0.04701542,-1.017015,0.5080512,-0.5034814,0.4956332,0.4926846,
1,5,13.919,0.2656847,0.0469964,-1.017024,0.5080435,-0.503491,0.4956203,0.4926958,
1,5,13.921,0.2656847,0.0469964,-1.017024,0.5080435,-0.503491,0.4956203,0.4926958,
1,5,13.923,0.2656847,0.0469964,-1.017024,0.5080435,-0.503491,0.4956203,0.4926958,
1,5,13.925,0.2656847,0.0469964,-1.017024,0.5080435,-0.503491,0.4956203,0.4926958,
1,5,13.927,0.2656865,0.04697194,-1.017043,0.508067,-0.503518,0.4955775,0.492687,
1,5,13.929,0.2656865,0.04697194,-1.017043,0.508067,-0.503518,0.4955775,0.492687,
1,5,13.931,0.2656865,0.04697194,-1.017043,0.508067,-0.503518,0.4955775,0.492687,
1,5,13.933,0.2656865,0.04697194,-1.017043,0.508067,-0.503518,0.4955775,0.492687,
1,5,13.935,0.2656725,0.04699021,-1.017023,0.5080628,-0.5035198,0.4955933,0.4926736,
1,5,13.937,0.2656725,0.04699021,-1.017023,0.5080628,-0.5035198,0.4955933,0.4926736,
1,5,13.939,0.2656725,0.04699021,-1.017023,0.5080628,-0.5035198,0.4955933,0.4926736,
1,5,13.941,0.2656725,0.04699021,-1.017023,0.5080628,-0.5035198,0.4955933,0.4926736,
1,5,13.943,0.2656706,0.04703847,-1.017023,0.5080739,-0.5034907,0.4956271,0.492658,
1,5,13.945,0.2656706,0.04703847,-1.017023,0.5080739,-0.5034907,0.4956271,0.492658,
1,5,13.947,0.2656706,0.04703847,-1.017023,0.5080739,-0.5034907,0.4956271,0.492658,
1,5,13.949,0.2656706,0.04703847,-1.017023,0.5080739,-0.5034907,0.4956271,0.492658,
1,5,13.951,0.2656696,0.04703891,-1.017028,0.5080849,-0.5034925,0.4956148,0.4926572,
1,5,13.953,0.2656696,0.04703891,-1.017028,0.5080849,-0.5034925,0.4956148,0.4926572,
1,5,13.955,0.2656696,0.04703891,-1.017028,0.5080849,-0.5034925,0.4956148,0.4926572,
1,5,13.957,0.2656696,0.04703891,-1.017028,0.5080849,-0.5034925,0.4956148,0.4926572,
1,5,13.959,0.2656712,0.04701333,-1.017019,0.5080804,-0.5035257,0.4955951,0.4926476,
1,5,13.961,0.2656712,0.04701333,-1.017019,0.5080804,-0.5035257,0.4955951,0.4926476,
1,5,13.963,0.2656712,0.04701333,-1.017019,0.5080804,-0.5035257,0.4955951,0.4926476,
1,5,13.965,0.2656712,0.04701333,-1.017019,0.5080804,-0.5035257,0.4955951,0.4926476,
1,5,13.967,0.2656712,0.04701333,-1.017019,0.5080804,-0.5035257,0.4955951,0.4926476,
1,5,13.969,0.265664,0.04697246,-1.017014,0.508072,-0.5035617,0.4955648,0.4926501,
1,5,13.971,0.265664,0.04697246,-1.017014,0.508072,-0.5035617,0.4955648,0.4926501,
1,5,13.973,0.265664,0.04697246,-1.017014,0.508072,-0.5035617,0.4955648,0.4926501,
1,5,13.975,0.265664,0.04697246,-1.017014,0.508072,-0.5035617,0.4955648,0.4926501,
1,5,13.977,0.2656619,0.04697532,-1.017028,0.5080812,-0.5035592,0.4955577,0.4926503,
1,5,13.979,0.2656619,0.04697532,-1.017028,0.5080812,-0.5035592,0.4955577,0.4926503,
1,5,13.981,0.2656619,0.04697532,-1.017028,0.5080812,-0.5035592,0.4955577,0.4926503,
1,5,13.983,0.2656619,0.04697532,-1.017028,0.5080812,-0.5035592,0.4955577,0.4926503,
1,5,13.985,0.2656711,0.04699878,-1.017026,0.5080747,-0.5035314,0.4955874,0.4926555,
1,5,13.987,0.2656711,0.04699878,-1.017026,0.5080747,-0.5035314,0.4955874,0.4926555,
1,5,13.989,0.2656711,0.04699878,-1.017026,0.5080747,-0.5035314,0.4955874,0.4926555,
1,5,13.991,0.2656711,0.04699878,-1.017026,0.5080747,-0.5035314,0.4955874,0.4926555,
1,5,13.993,0.2656667,0.04703774,-1.017022,0.5080736,-0.5035013,0.4956196,0.492655,
1,5,13.995,0.2656667,0.04703774,-1.017022,0.5080736,-0.5035013,0.4956196,0.492655,
1,5,13.997,0.2656667,0.04703774,-1.017022,0.5080736,-0.5035013,0.4956196,0.492655,
1,5,13.999,0.2656667,0.04703774,-1.017022,0.5080736,-0.5035013,0.4956196,0.492655,
1,5,14.001,0.265672,0.04705128,-1.017024,0.5080917,-0.5034984,0.4956177,0.4926414,
1,5,14.003,0.265672,0.04705128,-1.017024,0.5080917,-0.5034984,0.4956177,0.4926414,
1,5,14.005,0.265672,0.04705128,-1.017024,0.5080917,-0.5034984,0.4956177,0.4926414,
1,5,14.007,0.265672,0.04705128,-1.017024,0.5080917,-0.5034984,0.4956177,0.4926414,
1,5,14.009,0.2656625,0.04706515,-1.017034,0.5081031,-0.503499,0.4956116,0.492635,
1,5,14.011,0.2656625,0.04706515,-1.017034,0.5081031,-0.503499,0.4956116,0.492635,
1,5,14.013,0.2656625,0.04706515,-1.017034,0.5081031,-0.503499,0.4956116,0.492635,
1,5,14.015,0.2656625,0.04706515,-1.017034,0.5081031,-0.503499,0.4956116,0.492635,
1,5,14.017,0.2656625,0.04706515,-1.017034,0.5081031,-0.503499,0.4956116,0.492635,
1,5,14.019,0.2656592,0.04707676,-1.017035,0.5080819,-0.5034559,0.4956481,0.492664,
1,5,14.021,0.2656592,0.04707676,-1.017035,0.5080819,-0.5034559,0.4956481,0.492664,
1,5,14.023,0.2656592,0.04707676,-1.017035,0.5080819,-0.5034559,0.4956481,0.492664,
1,5,14.025,0.2656592,0.04707676,-1.017035,0.5080819,-0.5034559,0.4956481,0.492664,
1,5,14.027,0.265669,0.04706729,-1.017055,0.5081027,-0.5034639,0.4956288,0.4926538,
1,5,14.029,0.265669,0.04706729,-1.017055,0.5081027,-0.5034639,0.4956288,0.4926538,
1,5,14.031,0.265669,0.04706729,-1.017055,0.5081027,-0.5034639,0.4956288,0.4926538,
1,5,14.033,0.265669,0.04706729,-1.017055,0.5081027,-0.5034639,0.4956288,0.4926538,
1,5,14.035,0.2656725,0.04709413,-1.017056,0.5081099,-0.503456,0.4956365,0.4926467,
1,5,14.037,0.2656725,0.04709413,-1.017056,0.5081099,-0.503456,0.4956365,0.4926467,
1,5,14.039,0.2656725,0.04709413,-1.017056,0.5081099,-0.503456,0.4956365,0.4926467,
1,5,14.041,0.2656725,0.04709413,-1.017056,0.5081099,-0.503456,0.4956365,0.4926467,
1,5,14.043,0.2656807,0.04710623,-1.017038,0.5081126,-0.5034595,0.4956417,0.4926352,
1,5,14.045,0.2656807,0.04710623,-1.017038,0.5081126,-0.5034595,0.4956417,0.4926352,
1,5,14.047,0.2656807,0.04710623,-1.017038,0.5081126,-0.5034595,0.4956417,0.4926352,
1,5,14.049,0.2656807,0.04710623,-1.017038,0.5081126,-0.5034595,0.4956417,0.4926352,
1,5,14.051,0.2656705,0.04707754,-1.017026,0.5081288,-0.5035074,0.4955996,0.492612,
1,5,14.053,0.2656705,0.04707754,-1.017026,0.5081288,-0.5035074,0.4955996,0.492612,
1,5,14.055,0.2656705,0.04707754,-1.017026,0.5081288,-0.5035074,0.4955996,0.492612,
1,5,14.057,0.2656705,0.04707754,-1.017026,0.5081288,-0.5035074,0.4955996,0.492612,
1,5,14.059,0.2656612,0.04708365,-1.016986,0.5081018,-0.5035028,0.4956272,0.4926167,
1,5,14.061,0.2656612,0.04708365,-1.016986,0.5081018,-0.5035028,0.4956272,0.4926167,
1,5,14.063,0.2656612,0.04708365,-1.016986,0.5081018,-0.5035028,0.4956272,0.4926167,
1,5,14.065,0.2656612,0.04708365,-1.016986,0.5081018,-0.5035028,0.4956272,0.4926167,
1,5,14.067,0.2656612,0.04708365,-1.016986,0.5081018,-0.5035028,0.4956272,0.4926167,
1,5,14.069,0.2656558,0.04705616,-1.016978,0.5080954,-0.503527,0.4956122,0.4926137,
1,5,14.071,0.2656558,0.04705616,-1.016978,0.5080954,-0.503527,0.4956122,0.4926137,
1,5,14.073,0.2656558,0.04705616,-1.016978,0.5080954,-0.503527,0.4956122,0.4926137,
1,5,14.075,0.2656558,0.04705616,-1.016978,0.5080954,-0.503527,0.4956122,0.4926137,
1,5,14.077,0.2656576,0.04706865,-1.01695,0.508087,-0.5035304,0.4956372,0.4925936,
1,5,14.079,0.2656576,0.04706865,-1.01695,0.508087,-0.5035304,0.4956372,0.4925936,
1,5,14.081,0.2656576,0.04706865,-1.01695,0.508087,-0.5035304,0.4956372,0.4925936,CourtEnter
1,5,14.083,0.2656576,0.04706865,-1.01695,0.508087,-0.5035304,0.4956372,0.4925936,
1,5,14.085,0.2656629,0.04704707,-1.016919,0.5080727,-0.5035551,0.4956317,0.4925888,
1,5,14.087,0.2656629,0.04704707,-1.016919,0.5080727,-0.5035551,0.4956317,0.4925888,
1,5,14.089,0.2656629,0.04704707,-1.016919,0.5080727,-0.5035551,0.4956317,0.4925888,
1,5,14.091,0.2656629,0.04704707,-1.016919,0.5080727,-0.5035551,0.4956317,0.4925888,CourtExit
1,5,14.093,0.2656469,0.04703148,-1.016844,0.5080373,-0.5035918,0.4956479,0.4925714,
1,5,14.095,0.2656469,0.04703148,-1.016844,0.5080373,-0.5035918,0.4956479,0.4925714,
1,5,14.097,0.2656469,0.04703148,-1.016844,0.5080373,-0.5035918,0.4956479,0.4925714,
1,5,14.099,0.2656469,0.04703148,-1.016844,0.5080373,-0.5035918,0.4956479,0.4925714,
1,5,14.101,0.2656353,0.04696966,-1.016672,0.5079573,-0.5036793,0.4956786,0.4925336,
1,5,14.103,0.2656353,0.04696966,-1.016672,0.5079573,-0.5036793,0.4956786,0.4925336,
1,5,14.105,0.2656353,0.04696966,-1.016672,0.5079573,-0.5036793,0.4956786,0.4925336,
1,5,14.107,0.2656353,0.04696966,-1.016672,0.5079573,-0.5036793,0.4956786,0.4925336,
1,5,14.109,0.2656314,0.04707044,-1.016701,0.5079882,-0.5036194,0.495722,0.4925192,
1,5,14.111,0.2656314,0.04707044,-1.016701,0.5079882,-0.5036194,0.495722,0.4925192,
1,5,14.113,0.2656314,0.04707044,-1.016701,0.5079882,-0.5036194,0.495722,0.4925192,
1,5,14.115,0.2656314,0.04707044,-1.016701,0.5079882,-0.5036194,0.495722,0.4925192,
1,5,14.117,0.2656314,0.04707044,-1.016701,0.5079882,-0.5036194,0.495722,0.4925192,
1,5,14.119,0.2656454,0.04712787,-1.016791,0.5080475,-0.5035704,0.495721,0.4925092,
1,5,14.121,0.2656454,0.04712787,-1.016791,0.5080475,-0.5035704,0.495721,0.4925092,
1,5,14.123,0.2656454,0.04712787,-1.016791,0.5080475,-0.5035704,0.495721,0.4925092,
1,5,14.125,0.2656454,0.04712787,-1.016791,0.5080475,-0.5035704,0.495721,0.4925092,
1,5,14.127,0.2656538,0.04715028,-1.016814,0.5080675,-0.5035543,0.495717,0.492509,
1,5,14.129,0.2656538,0.04715028,-1.016814,0.5080675,-0.5035543,0.495717,0.492509,
1,5,14.131,0.2656538,0.04715028,-1.016814,0.5080675,-0.5035543,0.495717,0.492509,
1,5,14.133,0.2656538,0.04715028,-1.016814,0.5080675,-0.5035543,0.495717,0.492509,
1,5,14.135,0.2656493,0.04715906,-1.01681,0.5080492,-0.5035235,0.4957455,0.4925309,
1,5,14.137,0.2656493,0.04715906,-1.01681,0.5080492,-0.5035235,0.4957455,0.4925309,
1,5,14.139,0.2656493,0.04715906,-1.01681,0.5080492,-0.5035235,0.4957455,0.4925309,
1,5,14.141,0.2656493,0.04715906,-1.01681,0.5080492,-0.5035235,0.4957455,0.4925309,
1,5,14.143,0.2656487,0.04713512,-1.016825,0.5080383,-0.5035228,0.4957359,0.4925525,
1,5,14.145,0.2656487,0.04713512,-1.016825,0.5080383,-0.5035228,0.4957359,0.4925525,
1,5,14.147,0.2656487,0.04713512,-1.016825,0.5080383,-0.5035228,0.4957359,0.4925525,
1,5,14.149,0.2656487,0.04713512,-1.016825,0.5080383,-0.5035228,0.4957359,0.4925525,
1,5,14.151,0.2656623,0.04714683,-1.016942,0.5080684,-0.5034832,0.4957097,0.4925883,
1,5,14.153,0.2656623,0.04714683,-1.016942,0.5080684,-0.5034832,0.4957097,0.4925883,
1,5,14.155,0.2656623,0.04714683,-1.016942,0.5080684,-0.5034832,0.4957097,0.4925883,
1,5,14.157,0.2656623,0.04714683,-1.016942,0.5080684,-0.5034832,0.4957097,0.4925883,
1,5,14.159,0.2656779,0.04710411,-1.017132,0.5081536,-0.5034544,0.4955887,0.4926514,
1,5,14.161,0.2656779,0.04710411,-1.017132,0.5081536,-0.5034544,0.4955887,0.4926514,
1,5,14.163,0.2656779,0.04710411,-1.017132,0.5081536,-0.5034544,0.4955887,0.4926514,
1,5,14.165,0.2656779,0.04710411,-1.017132,0.5081536,-0.5034544,0.4955887,0.4926514,
1,5,14.167,0.2656779,0.04710411,-1.017132,0.5081536,-0.5034544,0.4955887,0.4926514,
1,5,14.169,0.2656713,0.04707767,-1.017159,0.5081614,-0.5034634,0.4955602,0.4926629,
1,5,14.171,0.2656713,0.04707767,-1.017159,0.5081614,-0.5034634,0.4955602,0.4926629,
1,5,14.173,0.2656713,0.04707767,-1.017159,0.5081614,-0.5034634,0.4955602,0.4926629,
1,5,14.175,0.2656713,0.04707767,-1.017159,0.5081614,-0.5034634,0.4955602,0.4926629,
1,5,14.177,0.2656544,0.04712244,-1.017102,0.5081484,-0.5034468,0.4956025,0.4926507,
1,5,14.179,0.2656544,0.04712244,-1.017102,0.5081484,-0.5034468,0.4956025,0.4926507,
1,5,14.181,0.2656544,0.04712244,-1.017102,0.5081484,-0.5034468,0.4956025,0.4926507,
1,5,14.183,0.2656544,0.04712244,-1.017102,0.5081484,-0.5034468,0.4956025,0.4926507,
1,5,14.185,0.2656567,0.04710366,-1.01708,0.5081315,-0.503454,0.495606,0.4926573,
1,5,14.187,0.2656567,0.04710366,-1.01708,0.5081315,-0.503454,0.495606,0.4926573,
1,5,14.189,0.2656567,0.04710366,-1.01708,0.5081315,-0.503454,0.495606,0.4926573,
1,5,14.191,0.2656567,0.04710366,-1.01708,0.5081315,-0.503454,0.495606,0.4926573,
1,5,14.193,0.26566,0.04705491,-1.017038,0.5081179,-0.5034909,0.495597,0.4926425,
1,5,14.195,0.26566,0.04705491,-1.017038,0.5081179,-0.5034909,0.495597,0.4926425,
1,5,14.197,0.26566,0.04705491,-1.017038,0.5081179,-0.5034909,0.495597,0.4926425,
1,5,14.199,0.26566,0.04705491,-1.017038,0.5081179,-0.5034909,0.495597,0.4926425,
1,5,14.201,0.2656651,0.04704686,-1.017023,0.5080895,-0.5034987,0.4956127,0.4926482,
1,5,14.203,0.2656651,0.04704686,-1.017023,0.5080895,-0.5034987,0.4956127,0.4926482,
1,5,14.205,0.2656651,0.04704686,-1.017023,0.5080895,-0.5034987,0.4956127,0.4926482,
1,5,14.207,0.2656651,0.04704686,-1.017023,0.5080895,-0.5034987,0.4956127,0.4926482,
1,5,14.209,0.2656682,0.04703775,-1.017025,0.5080934,-0.5035143,0.4956001,0.492641,
1,5,14.211,0.2656682,0.04703775,-1.017025,0.5080934,-0.5035143,0.4956001,0.492641,
1,5,14.213,0.2656682,0.04703775,-1.017025,0.5080934,-0.5035143,0.4956001,0.492641,
1,5,14.215,0.2656682,0.04703775,-1.017025,0.5080934,-0.5035143,0.4956001,0.492641,
1,5,14.217,0.2656682,0.04703775,-1.017025,0.5080934,-0.5035143,0.4956001,0.492641,
1,5,14.219,0.2656764,0.04705595,-1.017008,0.5080998,-0.5035033,0.4956193,0.4926262,
1,5,14.221,0.2656764,0.04705595,-1.017008,0.5080998,-0.5035033,0.4956193,0.4926262,
1,5,14.223,0.2656764,0.04705595,-1.017008,0.5080998,-0.5035033,0.4956193,0.4926262,
1,5,14.225,0.2656764,0.04705595,-1.017008,0.5080998,-0.5035033,0.4956193,0.4926262,
1,5,14.227,0.2656831,0.04705096,-1.017013,0.508115,-0.5035014,0.4956075,0.4926243,
1,5,14.229,0.2656831,0.04705096,-1.017013,0.508115,-0.5035014,0.4956075,0.4926243,
1,5,14.231,0.2656831,0.04705096,-1.017013,0.508115,-0.5035014,0.4956075,0.4926243,
1,5,14.233,0.2656831,0.04705096,-1.017013,0.508115,-0.5035014,0.4956075,0.4926243,
1,5,14.235,0.2656827,0.04702353,-1.017006,0.5081017,-0.503511,0.4955972,0.4926387,
1,5,14.237,0.2656827,0.04702353,-1.017006,0.5081017,-0.503511,0.4955972,0.4926387,
1,5,14.239,0.2656827,0.04702353,-1.017006,0.5081017,-0.503511,0.4955972,0.4926387,
1,5,14.241,0.2656827,0.04702353,-1.017006,0.5081017,-0.503511,0.4955972,0.4926387,
1,5,14.243,0.2656681,0.04702993,-1.016974,0.508069,-0.5035163,0.495624,0.4926402,
1,5,14.245,0.2656681,0.04702993,-1.016974,0.508069,-0.5035163,0.495624,0.4926402,
1,5,14.247,0.2656681,0.04702993,-1.016974,0.508069,-0.5035163,0.495624,0.4926402,
1,5,14.249,0.2656681,0.04702993,-1.016974,0.508069,-0.5035163,0.495624,0.4926402,
1,5,14.251,0.2656667,0.04701794,-1.016974,0.5080566,-0.5035242,0.4956303,0.4926383,
1,5,14.253,0.2656667,0.04701794,-1.016974,0.5080566,-0.5035242,0.4956303,0.4926383,
1,5,14.255,0.2656667,0.04701794,-1.016974,0.5080566,-0.5035242,0.4956303,0.4926383,
1,5,14.257,0.2656667,0.04701794,-1.016974,0.5080566,-0.5035242,0.4956303,0.4926383,
1,5,14.259,0.2656703,0.04703473,-1.016986,0.508063,-0.5035068,0.4956349,0.4926448,
1,5,14.261,0.2656703,0.04703473,-1.016986,0.508063,-0.5035068,0.4956349,0.4926448,
1,5,14.263,0.2656703,0.04703473,-1.016986,0.508063,-0.5035068,0.4956349,0.4926448,
1,5,14.265,0.2656703,0.04703473,-1.016986,0.508063,-0.5035068,0.4956349,0.4926448,
1,5,14.267,0.2656703,0.04703473,-1.016986,0.508063,-0.5035068,0.4956349,0.4926448,
1,5,14.269,0.2656793,0.04701196,-1.016991,0.508052,-0.5035075,0.4956248,0.4926655,
1,5,14.271,0.2656793,0.04701196,-1.016991,0.508052,-0.5035075,0.4956248,0.4926655,
1,5,14.273,0.2656793,0.04701196,-1.016991,0.508052,-0.5035075,0.4956248,0.4926655,
1,5,14.275,0.2656793,0.04701196,-1.016991,0.508052,-0.5035075,0.4956248,0.4926655,
1,5,14.277,0.2656694,0.04702692,-1.017005,0.508052,-0.503495,0.4956374,0.4926659,
1,5,14.279,0.2656694,0.04702692,-1.017005,0.508052,-0.503495,0.4956374,0.4926659,
1,5,14.281,0.2656694,0.04702692,-1.017005,0.508052,-0.503495,0.4956374,0.4926659,
1,5,14.283,0.2656694,0.04702692,-1.017005,0.508052,-0.503495,0.4956374,0.4926659,
1,5,14.285,0.2656739,0.04702134,-1.017033,0.5080626,-0.5034871,0.4956249,0.4926756,
1,5,14.287,0.2656739,0.04702134,-1.017033,0.5080626,-0.5034871,0.4956249,0.4926756,
1,5,14.289,0.2656739,0.04702134,-1.017033,0.5080626,-0.5034871,0.4956249,0.4926756,
1,5,14.291,0.2656739,0.04702134,-1.017033,0.5080626,-0.5034871,0.4956249,0.4926756,
1,5,14.293,0.2656627,0.04699436,-1.017043,0.5080505,-0.5034972,0.495611,0.4926918,
1,5,14.295,0.2656627,0.04699436,-1.017043,0.5080505,-0.5034972,0.495611,0.4926918,
1,5,14.297,0.2656627,0.04699436,-1.017043,0.5080505,-0.5034972,0.495611,0.4926918,
1,5,14.299,0.2656627,0.04699436,-1.017043,0.5080505,-0.5034972,0.495611,0.4926918,
1,5,14.301,0.2656558,0.04698875,-1.017035,0.5080365,-0.503494,0.4956143,0.4927059,
1,5,14.303,0.2656558,0.04698875,-1.017035,0.5080365,-0.503494,0.4956143,0.4927059,
1,5,14.305,0.2656558,0.04698875,-1.017035,0.5080365,-0.503494,0.4956143,0.4927059,
1,5,14.307,0.2656558,0.04698875,-1.017035,0.5080365,-0.503494,0.4956143,0.4927059,
1,5,14.309,0.2656558,0.04696884,-1.017035,0.5080361,-0.5035089,0.4955976,0.4927082,
1,5,14.311,0.2656558,0.04696884,-1.017035,0.5080361,-0.5035089,0.4955976,0.4927082,
1,5,14.313,0.2656558,0.04696884,-1.017035,0.5080361,-0.5035089,0.4955976,0.4927082,
1,5,14.315,0.2656558,0.04696884,-1.017035,0.5080361,-0.5035089,0.4955976,0.4927082,
1,5,14.317,0.2656558,0.04696884,-1.017035,0.5080361,-0.5035089,0.4955976,0.4927082,
1,5,14.319,0.2656644,0.04697844,-1.017036,0.5080503,-0.5035106,0.4955924,0.4926968,
1,5,14.321,0.2656644,0.04697844,-1.017036,0.5080503,-0.5035106,0.4955924,0.4926968,
1,5,14.323,0.2656644,0.04697844,-1.017036,0.5080503,-0.5035106,0.4955924,0.4926968,
1,5,14.325,0.2656644,0.04697844,-1.017036,0.5080503,-0.5035106,0.4955924,0.4926968,
1,5,14.327,0.2656684,0.04699779,-1.017056,0.5080854,-0.5035042,0.4955805,0.4926793,
1,5,14.329,0.2656684,0.04699779,-1.017056,0.5080854,-0.5035042,0.4955805,0.4926793,
1,5,14.331,0.2656684,0.04699779,-1.017056,0.5080854,-0.5035042,0.4955805,0.4926793,
1,5,14.333,0.2656684,0.04699779,-1.017056,0.5080854,-0.5035042,0.4955805,0.4926793,
1,5,14.335,0.2656659,0.04699832,-1.017058,0.5080866,-0.5035043,0.4955806,0.4926777,
1,5,14.337,0.2656659,0.04699832,-1.017058,0.5080866,-0.5035043,0.4955806,0.4926777,
1,5,14.339,0.2656659,0.04699832,-1.017058,0.5080866,-0.5035043,0.4955806,0.4926777,
1,5,14.341,0.2656659,0.04699832,-1.017058,0.5080866,-0.5035043,0.4955806,0.4926777,
1,5,14.343,0.2656576,0.04703224,-1.01704,0.5080683,-0.5034808,0.4956221,0.4926788,
1,5,14.345,0.2656576,0.04703224,-1.01704,0.5080683,-0.5034808,0.4956221,0.4926788,
1,5,14.347,0.2656576,0.04703224,-1.01704,0.5080683,-0.5034808,0.4956221,0.4926788,
1,5,14.349,0.2656576,0.04703224,-1.01704,0.5080683,-0.5034808,0.4956221,0.4926788,
1,5,14.351,0.2656614,0.04702431,-1.017049,0.5080795,-0.5034903,0.4956039,0.4926757,
1,5,14.353,0.2656614,0.04702431,-1.017049,0.5080795,-0.5034903,0.4956039,0.4926757,
1,5,14.355,0.2656614,0.04702431,-1.017049,0.5080795,-0.5034903,0.4956039,0.4926757,
1,5,14.357,0.2656614,0.04702431,-1.017049,0.5080795,-0.5034903,0.4956039,0.4926757,
1,5,14.359,0.2656648,0.04703625,-1.017042,0.5080829,-0.5034869,0.4956132,0.4926665,
1,5,14.361,0.2656648,0.04703625,-1.017042,0.5080829,-0.5034869,0.4956132,0.4926665,
1,5,14.363,0.2656648,0.04703625,-1.017042,0.5080829,-0.5034869,0.4956132,0.4926665,
1,5,14.365,0.2656648,0.04703625,-1.017042,0.5080829,-0.5034869,0.4956132,0.4926665,
1,5,14.367,0.2656648,0.04703625,-1.017042,0.5080829,-0.5034869,0.4956132,0.4926665,
1,5,14.369,0.2656642,0.04699675,-1.017034,0.5080384,-0.5034701,0.4956391,0.4927037,
1,5,14.371,0.2656642,0.04699675,-1.017034,0.5080384,-0.5034701,0.4956391,0.4927037,
1,5,14.373,0.2656642,0.04699675,-1.017034,0.5080384,-0.5034701,0.4956391,0.4927037,
1,5,14.375,0.2656642,0.04699675,-1.017034,0.5080384,-0.5034701,0.4956391,0.4927037,
1,5,14.377,0.2656734,0.04695509,-1.01704,0.5080543,-0.503495,0.4955989,0.4927022,
1,5,14.379,0.2656734,0.04695509,-1.01704,0.5080543,-0.503495,0.4955989,0.4927022,
1,5,14.381,0.2656734,0.04695509,-1.01704,0.5080543,-0.503495,0.4955989,0.4927022,
1,5,14.383,0.2656734,0.04695509,-1.01704,0.5080543,-0.503495,0.4955989,0.4927022,
1,5,14.385,0.265673,0.046967,-1.017025,0.5080447,-0.5034977,0.4956088,0.4926992,
1,5,14.387,0.265673,0.046967,-1.017025,0.5080447,-0.5034977,0.4956088,0.4926992,
1,5,14.389,0.265673,0.046967,-1.017025,0.5080447,-0.5034977,0.4956088,0.4926992,
1,5,14.391,0.265673,0.046967,-1.017025,0.5080447,-0.5034977,0.4956088,0.4926992,
1,5,14.393,0.2656711,0.04700771,-1.017039,0.5080588,-0.5034955,0.4956145,0.4926814,
1,5,14.395,0.2656711,0.04700771,-1.017039,0.5080588,-0.5034955,0.4956145,0.4926814,
1,5,14.397,0.2656711,0.04700771,-1.017039,0.5080588,-0.5034955,0.4956145,0.4926814,
1,5,14.399,0.2656711,0.04700771,-1.017039,0.5080588,-0.5034955,0.4956145,0.4926814,
1,5,14.401,0.2656657,0.04701153,-1.017041,0.5080739,-0.5035039,0.4956008,0.492671,
1,5,14.403,0.2656657,0.04701153,-1.017041,0.5080739,-0.5035039,0.4956008,0.492671,
1,5,14.405,0.2656657,0.04701153,-1.017041,0.5080739,-0.5035039,0.4956008,0.492671,
1,5,14.407,0.2656657,0.04701153,-1.017041,0.5080739,-0.5035039,0.4956008,0.492671,
1,5,14.409,0.2656631,0.0470287,-1.017043,0.5080755,-0.5034912,0.4956057,0.4926773,
1,5,14.411,0.2656631,0.0470287,-1.017043,0.5080755,-0.5034912,0.4956057,0.4926773,
1,5,14.413,0.2656631,0.0470287,-1.017043,0.5080755,-0.5034912,0.4956057,0.4926773,
1,5,14.415,0.2656631,0.0470287,-1.017043,0.5080755,-0.5034912,0.4956057,0.4926773,
1,5,14.417,0.2656631,0.0470287,-1.017043,0.5080755,-0.5034912,0.4956057,0.4926773,
1,5,14.419,0.2656687,0.04701366,-1.017051,0.5080774,-0.5035036,0.4955946,0.4926739,
1,5,14.421,0.2656687,0.04701366,-1.017051,0.5080774,-0.5035036,0.4955946,0.4926739,
1,5,14.423,0.2656687,0.04701366,-1.017051,0.5080774,-0.5035036,0.4955946,0.4926739,
1,5,14.425,0.2656687,0.04701366,-1.017051,0.5080774,-0.5035036,0.4955946,0.4926739,
1,5,14.427,0.2656654,0.04702263,-1.017043,0.5080696,-0.5034984,0.4956047,0.492677,
1,5,14.429,0.2656654,0.04702263,-1.017043,0.5080696,-0.5034984,0.4956047,0.492677,
1,5,14.431,0.2656654,0.04702263,-1.017043,0.5080696,-0.5034984,0.4956047,0.492677,
1,5,14.433,0.2656654,0.04702263,-1.017043,0.5080696,-0.5034984,0.4956047,0.492677,
1,5,14.435,0.2656623,0.04704856,-1.017032,0.5080765,-0.5034937,0.4956248,0.4926545,
1,5,14.437,0.2656623,0.04704856,-1.017032,0.5080765,-0.5034937,0.4956248,0.4926545,
1,5,14.439,0.2656623,0.04704856,-1.017032,0.5080765,-0.5034937,0.4956248,0.4926545,
1,5,14.441,0.2656623,0.04704856,-1.017032,0.5080765,-0.5034937,0.4956248,0.4926545,
1,5,14.443,0.2656811,0.04701366,-1.017008,0.5080799,-0.5035328,0.4955947,0.4926414,
1,5,14.445,0.2656811,0.04701366,-1.017008,0.5080799,-0.5035328,0.4955947,0.4926414,
1,5,14.447,0.2656811,0.04701366,-1.017008,0.5080799,-0.5035328,0.4955947,0.4926414,
1,5,14.449,0.2656811,0.04701366,-1.017008,0.5080799,-0.5035328,0.4955947,0.4926414,
1,5,14.451,0.2656798,0.04700962,-1.017037,0.508099,-0.5035236,0.4955764,0.4926495,
1,5,14.453,0.2656798,0.04700962,-1.017037,0.508099,-0.5035236,0.4955764,0.4926495,
1,5,14.455,0.2656798,0.04700962,-1.017037,0.508099,-0.5035236,0.4955764,0.4926495,
1,5,14.457,0.2656798,0.04700962,-1.017037,0.508099,-0.5035236,0.4955764,0.4926495,
1,5,14.459,0.2656803,0.04697415,-1.017055,0.5080917,-0.5035272,0.4955542,0.4926755,
1,5,14.461,0.2656803,0.04697415,-1.017055,0.5080917,-0.5035272,0.4955542,0.4926755,
1,5,14.463,0.2656803,0.04697415,-1.017055,0.5080917,-0.5035272,0.4955542,0.4926755,
1,5,14.465,0.2656803,0.04697415,-1.017055,0.5080917,-0.5035272,0.4955542,0.4926755,
1,5,14.467,0.2656803,0.04697415,-1.017055,0.5080917,-0.5035272,0.4955542,0.4926755,
1,5,14.469,0.2656686,0.0469754,-1.017043,0.5080726,-0.5035203,0.4955742,0.4926824,
1,5,14.471,0.2656686,0.0469754,-1.017043,0.5080726,-0.5035203,0.4955742,0.4926824,
1,5,14.473,0.2656686,0.0469754,-1.017043,0.5080726,-0.5035203,0.4955742,0.4926824,
1,5,14.475,0.2656686,0.0469754,-1.017043,0.5080726,-0.5035203,0.4955742,0.4926824,
1,5,14.477,0.2656738,0.04701542,-1.017033,0.5080727,-0.5034924,0.4956137,0.492671,
1,5,14.479,0.2656738,0.04701542,-1.017033,0.5080727,-0.5034924,0.4956137,0.492671,
1,5,14.481,0.2656738,0.04701542,-1.017033,0.5080727,-0.5034924,0.4956137,0.492671,
1,5,14.483,0.2656738,0.04701542,-1.017033,0.5080727,-0.5034924,0.4956137,0.492671,
1,5,14.485,0.2656799,0.04702823,-1.017029,0.50808,-0.5034899,0.4956203,0.4926594,
1,5,14.487,0.2656799,0.04702823,-1.017029,0.50808,-0.5034899,0.4956203,0.4926594,
1,5,14.489,0.2656799,0.04702823,-1.017029,0.50808,-0.5034899,0.4956203,0.4926594,
1,5,14.491,0.2656799,0.04702823,-1.017029,0.50808,-0.5034899,0.4956203,0.4926594,
1,5,14.493,0.2656764,0.04702861,-1.01701,0.5080768,-0.5035086,0.4956203,0.4926436,
1,5,14.495,0.2656764,0.04702861,-1.01701,0.5080768,-0.5035086,0.4956203,0.4926436,
1,5,14.497,0.2656764,0.04702861,-1.01701,0.5080768,-0.5035086,0.4956203,0.4926436,
1,5,14.499,0.2656764,0.04702861,-1.01701,0.5080768,-0.5035086,0.4956203,0.4926436,
1,5,14.501,0.2656792,0.04702729,-1.017014,0.508072,-0.5035082,0.4956107,0.4926586,
1,5,14.503,0.2656792,0.04702729,-1.017014,0.508072,-0.5035082,0.4956107,0.4926586,
1,5,14.505,0.2656792,0.04702729,-1.017014,0.508072,-0.5035082,0.4956107,0.4926586,
1,5,14.507,0.2656792,0.04702729,-1.017014,0.508072,-0.5035082,0.4956107,0.4926586,
1,5,14.509,0.2656658,0.04701829,-1.01703,0.5080788,-0.5035104,0.4956025,0.4926576,
1,5,14.511,0.2656658,0.04701829,-1.01703,0.5080788,-0.5035104,0.4956025,0.4926576,
1,5,14.513,0.2656658,0.04701829,-1.01703,0.5080788,-0.5035104,0.4956025,0.4926576,
1,5,14.515,0.2656658,0.04701829,-1.01703,0.5080788,-0.5035104,0.4956025,0.4926576,
1,5,14.517,0.2656658,0.04701829,-1.01703,0.5080788,-0.5035104,0.4956025,0.4926576,
1,5,14.519,0.2656733,0.04701066,-1.017047,0.5080865,-0.5035025,0.4955919,0.4926683,
1,5,14.521,0.2656733,0.04701066,-1.017047,0.5080865,-0.5035025,0.4955919,0.4926683,
1,5,14.523,0.2656733,0.04701066,-1.017047,0.5080865,-0.5035025,0.4955919,0.4926683,
1,5,14.525,0.2656733,0.04701066,-1.017047,0.5080865,-0.5035025,0.4955919,0.4926683,
1,5,14.527,0.2656702,0.04702127,-1.017048,0.5080746,-0.5034851,0.4956086,0.4926815,
1,5,14.529,0.2656702,0.04702127,-1.017048,0.5080746,-0.5034851,0.4956086,0.4926815,
1,5,14.531,0.2656702,0.04702127,-1.017048,0.5080746,-0.5034851,0.4956086,0.4926815,
1,5,14.533,0.2656702,0.04702127,-1.017048,0.5080746,-0.5034851,0.4956086,0.4926815,
1,5,14.535,0.2656627,0.04703893,-1.017046,0.5080655,-0.5034634,0.4956354,0.4926862,
1,5,14.537,0.2656627,0.04703893,-1.017046,0.5080655,-0.5034634,0.4956354,0.4926862,
1,5,14.539,0.2656627,0.04703893,-1.017046,0.5080655,-0.5034634,0.4956354,0.4926862,
1,5,14.541,0.2656627,0.04703893,-1.017046,0.5080655,-0.5034634,0.4956354,0.4926862,
1,5,14.543,0.2656667,0.04702496,-1.01704,0.5080633,-0.5034713,0.4956324,0.4926834,
1,5,14.545,0.2656667,0.04702496,-1.01704,0.5080633,-0.5034713,0.4956324,0.4926834,
1,5,14.547,0.2656667,0.04702496,-1.01704,0.5080633,-0.5034713,0.4956324,0.4926834,
1,5,14.549,0.2656667,0.04702496,-1.01704,0.5080633,-0.5034713,0.4956324,0.4926834,
1,5,14.551,0.2656672,0.04703584,-1.017031,0.508064,-0.5034702,0.4956362,0.49268,
1,5,14.553,0.2656672,0.04703584,-1.017031,0.508064,-0.5034702,0.4956362,0.49268,
1,5,14.555,0.2656672,0.04703584,-1.017031,0.508064,-0.5034702,0.4956362,0.49268,
1,5,14.557,0.2656672,0.04703584,-1.017031,0.508064,-0.5034702,0.4956362,0.49268,
1,5,14.559,0.2656704,0.04705055,-1.017041,0.5080832,-0.5034642,0.4956325,0.4926701,
1,5,14.561,0.2656704,0.04705055,-1.017041,0.5080832,-0.5034642,0.4956325,0.4926701,
1,5,14.563,0.2656704,0.04705055,-1.017041,0.5080832,-0.5034642,0.4956325,0.4926701,
1,5,14.565,0.2656704,0.04705055,-1.017041,0.5080832,-0.5034642,0.4956325,0.4926701,
1,5,14.567,0.2656704,0.04705055,-1.017041,0.5080832,-0.5034642,0.4956325,0.4926701,
1,5,14.569,0.2656604,0.0470298,-1.017025,0.5080706,-0.5034871,0.4956219,0.4926704,
1,5,14.571,0.2656604,0.0470298,-1.017025,0.5080706,-0.5034871,0.4956219,0.4926704,
1,5,14.573,0.2656604,0.0470298,-1.017025,0.5080706,-0.5034871,0.4956219,0.4926704,
1,5,14.575,0.2656604,0.0470298,-1.017025,0.5080706,-0.5034871,0.4956219,0.4926704,
1,5,14.577,0.2656667,0.04702181,-1.017037,0.5080544,-0.5034803,0.4956219,0.4926939,
1,5,14.579,0.2656667,0.04702181,-1.017037,0.5080544,-0.5034803,0.4956219,0.4926939,
1,5,14.581,0.2656667,0.04702181,-1.017037,0.5080544,-0.5034803,0.4956219,0.4926939,
1,5,14.583,0.2656667,0.04702181,-1.017037,0.5080544,-0.5034803,0.4956219,0.4926939,
1,5,14.585,0.265671,0.04703085,-1.01703,0.5080519,-0.5034813,0.4956301,0.4926871,
1,5,14.587,0.265671,0.04703085,-1.01703,0.5080519,-0.5034813,0.4956301,0.4926871,
1,5,14.589,0.265671,0.04703085,-1.01703,0.5080519,-0.5034813,0.4956301,0.4926871,
1,5,14.591,0.265671,0.04703085,-1.01703,0.5080519,-0.5034813,0.4956301,0.4926871,
1,5,14.593,0.2656753,0.04701141,-1.017046,0.5080755,-0.5034973,0.4956047,0.492672,
1,5,14.595,0.2656753,0.04701141,-1.017046,0.5080755,-0.5034973,0.4956047,0.492672,
1,5,14.597,0.2656753,0.04701141,-1.017046,0.5080755,-0.5034973,0.4956047,0.492672,
1,5,14.599,0.2656753,0.04701141,-1.017046,0.5080755,-0.5034973,0.4956047,0.492672,
1,5,14.601,0.2656657,0.04699887,-1.01706,0.5080996,-0.5035079,0.4955753,0.4926659,
1,5,14.603,0.2656657,0.04699887,-1.01706,0.5080996,-0.5035079,0.4955753,0.4926659,
1,5,14.605,0.2656657,0.04699887,-1.01706,0.5080996,-0.5035079,0.4955753,0.4926659,
1,5,14.607,0.2656657,0.04699887,-1.01706,0.5080996,-0.5035079,0.4955753,0.4926659,
1,5,14.609,0.2656702,0.04703408,-1.017052,0.5081192,-0.5035027,0.4955806,0.4926458,
1,5,14.611,0.2656702,0.04703408,-1.017052,0.5081192,-0.5035027,0.4955806,0.4926458,
1,5,14.613,0.2656702,0.04703408,-1.017052,0.5081192,-0.5035027,0.4955806,0.4926458,
1,5,14.615,0.2656702,0.04703408,-1.017052,0.5081192,-0.5035027,0.4955806,0.4926458,
1,5,14.617,0.2656702,0.04703408,-1.017052,0.5081192,-0.5035027,0.4955806,0.4926458,
1,5,14.619,0.2656644,0.04705004,-1.017025,0.5080998,-0.5034924,0.4956137,0.492643,
1,5,14.621,0.2656644,0.04705004,-1.017025,0.5080998,-0.5034924,0.4956137,0.492643,
1,5,14.623,0.2656644,0.04705004,-1.017025,0.5080998,-0.5034924,0.4956137,0.492643,
1,5,14.625,0.2656644,0.04705004,-1.017025,0.5080998,-0.5034924,0.4956137,0.492643,
1,5,14.627,0.265677,0.04706771,-1.017036,0.5080973,-0.5034847,0.4956204,0.4926468,
1,5,14.629,0.265677,0.04706771,-1.017036,0.5080973,-0.5034847,0.4956204,0.4926468,
1,5,14.631,0.265677,0.04706771,-1.017036,0.5080973,-0.5034847,0.4956204,0.4926468,
1,5,14.633,0.265677,0.04706771,-1.017036,0.5080973,-0.5034847,0.4956204,0.4926468,
1,5,14.635,0.2656704,0.04703686,-1.017042,0.5081062,-0.5035085,0.4955896,0.4926441,
1,5,14.637,0.2656704,0.04703686,-1.017042,0.5081062,-0.5035085,0.4955896,0.4926441,
1,5,14.639,0.2656704,0.04703686,-1.017042,0.5081062,-0.5035085,0.4955896,0.4926441,
1,5,14.641,0.2656704,0.04703686,-1.017042,0.5081062,-0.5035085,0.4955896,0.4926441,
1,5,14.643,0.2656698,0.04698761,-1.017038,0.5081009,-0.5035291,0.4955658,0.4926524,
1,5,14.645,0.2656698,0.04698761,-1.017038,0.5081009,-0.5035291,0.4955658,0.4926524,
1,5,14.647,0.2656698,0.04698761,-1.017038,0.5081009,-0.5035291,0.4955658,0.4926524,
1,5,14.649,0.2656698,0.04698761,-1.017038,0.5081009,-0.5035291,0.4955658,0.4926524,
1,5,14.651,0.2656672,0.04698069,-1.017025,0.5080714,-0.5035259,0.4955825,0.4926696,
1,5,14.653,0.2656672,0.04698069,-1.017025,0.5080714,-0.5035259,0.4955825,0.4926696,
1,5,14.655,0.2656672,0.04698069,-1.017025,0.5080714,-0.5035259,0.4955825,0.4926696,
1,5,14.657,0.2656672,0.04698069,-1.017025,0.5080714,-0.5035259,0.4955825,0.4926696,
1,5,14.659,0.2656815,0.04700986,-1.017027,0.5080643,-0.5034993,0.4956107,0.4926755,
1,5,14.661,0.2656815,0.04700986,-1.017027,0.5080643,-0.5034993,0.4956107,0.4926755,
1,5,14.663,0.2656815,0.04700986,-1.017027,0.5080643,-0.5034993,0.4956107,0.4926755,
1,5,14.665,0.2656815,0.04700986,-1.017027,0.5080643,-0.5034993,0.4956107,0.4926755,
1,5,14.667,0.2656815,0.04700986,-1.017027,0.5080643,-0.5034993,0.4956107,0.4926755,
1,5,14.669,0.2656769,0.04699837,-1.01702,0.5080594,-0.5035142,0.4956073,0.4926688,
1,5,14.671,0.2656769,0.04699837,-1.01702,0.5080594,-0.5035142,0.4956073,0.4926688,
1,5,14.673,0.2656769,0.04699837,-1.01702,0.5080594,-0.5035142,0.4956073,0.4926688,
1,5,14.675,0.2656769,0.04699837,-1.01702,0.5080594,-0.5035142,0.4956073,0.4926688,
1,5,14.677,0.2656824,0.04698507,-1.017025,0.5080656,-0.5035267,0.4955894,0.4926675,
1,5,14.679,0.2656824,0.04698507,-1.017025,0.5080656,-0.5035267,0.4955894,0.4926675,
1,5,14.681,0.2656824,0.04698507,-1.017025,0.5080656,-0.5035267,0.4955894,0.4926675,
1,5,14.683,0.2656824,0.04698507,-1.017025,0.5080656,-0.5035267,0.4955894,0.4926675,
1,5,14.685,0.2656751,0.04698408,-1.017015,0.5080603,-0.5035242,0.4955982,0.4926668,
1,5,14.687,0.2656751,0.04698408,-1.017015,0.5080603,-0.5035242,0.4955982,0.4926668,
1,5,14.689,0.2656751,0.04698408,-1.017015,0.5080603,-0.5035242,0.4955982,0.4926668,
1,5,14.691,0.2656751,0.04698408,-1.017015,0.5080603,-0.5035242,0.4955982,0.4926668,
1,5,14.693,0.265681,0.04701281,-1.017037,0.5080822,-0.5035021,0.4955966,0.4926684,
1,5,14.695,0.265681,0.04701281,-1.017037,0.5080822,-0.5035021,0.4955966,0.4926684,
1,5,14.697,0.265681,0.04701281,-1.017037,0.5080822,-0.5035021,0.4955966,0.4926684,
1,5,14.699,0.265681,0.04701281,-1.017037,0.5080822,-0.5035021,0.4955966,0.4926684,
1,5,14.701,0.2656771,0.04703326,-1.017031,0.508092,-0.5035005,0.4956053,0.4926512,
1,5,14.703,0.2656771,0.04703326,-1.017031,0.508092,-0.5035005,0.4956053,0.4926512,
1,5,14.705,0.2656771,0.04703326,-1.017031,0.508092,-0.5035005,0.4956053,0.4926512,
1,5,14.707,0.2656771,0.04703326,-1.017031,0.508092,-0.5035005,0.4956053,0.4926512,
1,5,14.709,0.265676,0.04702569,-1.017021,0.5080861,-0.503511,0.4956066,0.4926453,
1,5,14.711,0.265676,0.04702569,-1.017021,0.5080861,-0.503511,0.4956066,0.4926453,
1,5,14.713,0.265676,0.04702569,-1.017021,0.5080861,-0.503511,0.4956066,0.4926453,
1,5,14.715,0.265676,0.04702569,-1.017021,0.5080861,-0.503511,0.4956066,0.4926453,
1,5,14.717,0.265676,0.04702569,-1.017021,0.5080861,-0.503511,0.4956066,0.4926453,
1,5,14.719,0.2656812,0.04701168,-1.017018,0.5080753,-0.5035157,0.4956049,0.4926533,
1,5,14.721,0.2656812,0.04701168,-1.017018,0.5080753,-0.5035157,0.4956049,0.4926533,
1,5,14.723,0.2656812,0.04701168,-1.017018,0.5080753,-0.5035157,0.4956049,0.4926533,
1,5,14.725,0.2656812,0.04701168,-1.017018,0.5080753,-0.5035157,0.4956049,0.4926533,
1,5,14.727,0.2656751,0.04698796,-1.017014,0.5080552,-0.5035322,0.4955879,0.4926744,
1,5,14.729,0.2656751,0.04698796,-1.017014,0.5080552,-0.5035322,0.4955879,0.4926744,
1,5,14.731,0.2656751,0.04698796,-1.017014,0.5080552,-0.5035322,0.4955879,0.4926744,
1,5,14.733,0.2656751,0.04698796,-1.017014,0.5080552,-0.5035322,0.4955879,0.4926744,
1,5,14.735,0.2656668,0.04700318,-1.017045,0.5080845,-0.503515,0.4955789,0.4926707,
1,5,14.737,0.2656668,0.04700318,-1.017045,0.5080845,-0.503515,0.4955789,0.4926707,
1,5,14.739,0.2656668,0.04700318,-1.017045,0.5080845,-0.503515,0.4955789,0.4926707,
1,5,14.741,0.2656668,0.04700318,-1.017045,0.5080845,-0.503515,0.4955789,0.4926707,
1,5,14.743,0.2656707,0.04701282,-1.017023,0.5080735,-0.5034999,0.4956079,0.4926682,
1,5,14.745,0.2656707,0.04701282,-1.017023,0.5080735,-0.5034999,0.4956079,0.4926682,
1,5,14.747,0.2656707,0.04701282,-1.017023,0.5080735,-0.5034999,0.4956079,0.4926682,
1,5,14.749,0.2656707,0.04701282,-1.017023,0.5080735,-0.5034999,0.4956079,0.4926682,
1,5,14.751,0.2656832,0.04699541,-1.017058,0.5081013,-0.5035225,0.4955638,0.492661,
1,5,14.753,0.2656832,0.04699541,-1.017058,0.5081013,-0.5035225,0.4955638,0.492661,
1,5,14.755,0.2656832,0.04699541,-1.017058,0.5081013,-0.5035225,0.4955638,0.492661,CourtEnter
1,5,14.757,0.2656832,0.04699541,-1.017058,0.5081013,-0.5035225,0.4955638,0.492661,
1,5,14.759,0.2656784,0.04699156,-1.01706,0.5081036,-0.5035189,0.4955643,0.4926617,
1,5,14.761,0.2656784,0.04699156,-1.01706,0.5081036,-0.5035189,0.4955643,0.4926617,
1,5,14.763,0.2656784,0.04699156,-1.01706,0.5081036,-0.5035189,0.4955643,0.4926617,
1,5,14.765,0.2656784,0.04699156,-1.01706,0.5081036,-0.5035189,0.4955643,0.4926617,
1,5,14.767,0.2656784,0.04699156,-1.01706,0.5081036,-0.5035189,0.4955643,0.4926617,CourtExit
1,5,14.769,0.2656778,0.04698164,-1.017045,0.5080793,-0.5035312,0.4955696,0.4926689,
1,5,14.771,0.2656778,0.04698164,-1.017045,0.5080793,-0.5035312,0.4955696,0.4926689,
1,5,14.773,0.2656778,0.04698164,-1.017045,0.5080793,-0.5035312,0.4955696,0.4926689,
1,5,14.775,0.2656778,0.04698164,-1.017045,0.5080793,-0.5035312,0.4955696,0.4926689,
1,5,14.777,0.2656664,0.0469754,-1.017016,0.5080438,-0.5035328,0.4955881,0.4926853,
1,5,14.779,0.2656664,0.0469754,-1.017016,0.5080438,-0.5035328,0.4955881,0.4926853,
1,5,14.781,0.2656664,0.0469754,-1.017016,0.5080438,-0.5035328,0.4955881,0.4926853,
1,5,14.783,0.2656664,0.0469754,-1.017016,0.5080438,-0.5035328,0.4955881,0.4926853,
1,5,14.785,0.265677,0.04693829,-1.01704,0.5080593,-0.503554,0.4955497,0.4926862,
1,5,14.787,0.265677,0.04693829,-1.01704,0.5080593,-0.503554,0.4955497,0.4926862,
1,5,14.789,0.265677,0.04693829,-1.01704,0.5080593,-0.503554,0.4955497,0.4926862,
1,5,14.791,0.265677,0.04693829,-1.01704,0.5080593,-0.503554,0.4955497,0.4926862,
1,5,14.793,0.2656822,0.04694163,-1.017053,0.5080835,-0.5035581,0.4955285,0.4926783,
1,5,14.795,0.2656822,0.04694163,-1.017053,0.5080835,-0.5035581,0.4955285,0.4926783,
1,5,14.797,0.2656822,0.04694163,-1.017053,0.5080835,-0.5035581,0.4955285,0.4926783,
1,5,14.799,0.2656822,0.04694163,-1.017053,0.5080835,-0.5035581,0.4955285,0.4926783,
1,5,14.801,0.2656904,0.04697983,-1.017043,0.5080884,-0.5035433,0.495555,0.4926617,
1,5,14.803,0.2656904,0.04697983,-1.017043,0.5080884,-0.5035433,0.495555,0.4926617,
1,5,14.805,0.2656904,0.04697983,-1.017043,0.5080884,-0.5035433,0.495555,0.4926617,
1,5,14.807,0.2656904,0.04697983,-1.017043,0.5080884,-0.5035433,0.495555,0.4926617,
1,5,14.809,0.2656848,0.04700006,-1.017025,0.5080905,-0.5035335,0.4955834,0.4926411,
1,5,14.811,0.2656848,0.04700006,-1.017025,0.5080905,-0.5035335,0.4955834,0.4926411,
1,5,14.813,0.2656848,0.04700006,-1.017025,0.5080905,-0.5035335,0.4955834,0.4926411,
1,5,14.815,0.2656848,0.04700006,-1.017025,0.5080905,-0.5035335,0.4955834,0.4926411,
1,5,14.817,0.2656848,0.04700006,-1.017025,0.5080905,-0.5035335,0.4955834,0.4926411,
1,5,14.819,0.2656901,0.0470165,-1.017041,0.5081053,-0.503518,0.4955822,0.492643,
1,5,14.821,0.2656901,0.0470165,-1.017041,0.5081053,-0.503518,0.4955822,0.492643,
1,5,14.823,0.2656901,0.0470165,-1.017041,0.5081053,-0.503518,0.4955822,0.492643,
1,5,14.825,0.2656901,0.0470165,-1.017041,0.5081053,-0.503518,0.4955822,0.492643,
1,5,14.827,0.2656836,0.04699948,-1.017043,0.5081131,-0.5035397,0.4955606,0.4926342,
1,5,14.829,0.2656836,0.04699948,-1.017043,0.5081131,-0.5035397,0.4955606,0.4926342,
1,5,14.831,0.2656836,0.04699948,-1.017043,0.5081131,-0.5035397,0.4955606,0.4926342,
1,5,14.833,0.2656836,0.04699948,-1.017043,0.5081131,-0.5035397,0.4955606,0.4926342,
1,5,14.835,0.2656782,0.04700668,-1.017035,0.5080978,-0.5035199,0.4955845,0.4926464,
1,5,14.837,0.2656782,0.04700668,-1.017035,0.5080978,-0.5035199,0.4955845,0.4926464,
1,5,14.839,0.2656782,0.04700668,-1.017035,0.5080978,-0.5035199,0.4955845,0.4926464,
1,5,14.841,0.2656782,0.04700668,-1.017035,0.5080978,-0.5035199,0.4955845,0.4926464,
1,5,14.843,0.2656769,0.04703404,-1.01702,0.5080876,-0.5034997,0.4956142,0.4926476,
1,5,14.845,0.2656769,0.04703404,-1.01702,0.5080876,-0.5034997,0.4956142,0.4926476,
1,5,14.847,0.2656769,0.04703404,-1.01702,0.5080876,-0.5034997,0.4956142,0.4926476,
1,5,14.849,0.2656769,0.04703404,-1.01702,0.5080876,-0.5034997,0.4956142,0.4926476,
1,5,14.851,0.2656821,0.0470257,-1.017006,0.5080754,-0.5035084,0.4956152,0.4926504,
1,5,14.853,0.2656821,0.0470257,-1.017006,0.5080754,-0.5035084,0.4956152,0.4926504,
1,5,14.855,0.2656821,0.0470257,-1.017006,0.5080754,-0.5035084,0.4956152,0.4926504,
1,5,14.857,0.2656821,0.0470257,-1.017006,0.5080754,-0.5035084,0.4956152,0.4926504,
1,5,14.859,0.2656823,0.04700727,-1.017013,0.5080897,-0.5035508,0.4955798,0.4926278,
1,5,14.861,0.2656823,0.04700727,-1.017013,0.5080897,-0.5035508,0.4955798,0.4926278,
1,5,14.863,0.2656823,0.04700727,-1.017013,0.5080897,-0.5035508,0.4955798,0.4926278,
1,5,14.865,0.2656823,0.04700727,-1.017013,0.5080897,-0.5035508,0.4955798,0.4926278,
1,5,14.867,0.2656823,0.04700727,-1.017013,0.5080897,-0.5035508,0.4955798,0.4926278,
1,5,14.869,0.2656786,0.04700502,-1.017028,0.5080858,-0.5035492,0.4955783,0.4926349,
1,5,14.871,0.2656786,0.04700502,-1.017028,0.5080858,-0.5035492,0.4955783,0.4926349,
1,5,14.873,0.2656786,0.04700502,-1.017028,0.5080858,-0.5035492,0.4955783,0.4926349,
1,5,14.875,0.2656786,0.04700502,-1.017028,0.5080858,-0.5035492,0.4955783,0.4926349,
1,5,14.877,0.2656754,0.04703388,-1.017041,0.5080947,-0.5035152,0.4955939,0.4926449,
1,5,14.879,0.2656754,0.04703388,-1.017041,0.5080947,-0.5035152,0.4955939,0.4926449,
1,5,14.881,0.2656754,0.04703388,-1.017041,0.5080947,-0.5035152,0.4955939,0.4926449,
1,5,14.883,0.2656754,0.04703388,-1.017041,0.5080947,-0.5035152,0.4955939,0.4926449,
1,5,14.885,0.2656598,0.04704662,-1.017008,0.5080681,-0.503507,0.4956242,0.4926502,
1,5,14.887,0.2656598,0.04704662,-1.017008,0.5080681,-0.503507,0.4956242,0.4926502,
1,5,14.889,0.2656598,0.04704662,-1.017008,0.5080681,-0.503507,0.4956242,0.4926502,
1,5,14.891,0.2656598,0.04704662,-1.017008,0.5080681,-0.503507,0.4956242,0.4926502,
1,5,14.893,0.2656763,0.04702187,-1.017025,0.5080903,-0.5035273,0.4955924,0.4926385,
1,5,14.895,0.2656763,0.04702187,-1.017025,0.5080903,-0.5035273,0.4955924,0.4926385,
1,5,14.897,0.2656763,0.04702187,-1.017025,0.5080903,-0.5035273,0.4955924,0.4926385,
1,5,14.899,0.2656763,0.04702187,-1.017025,0.5080903,-0.5035273,0.4955924,0.4926385,
1,5,14.901,0.2656743,0.04702142,-1.017005,0.5080768,-0.5035172,0.4956158,0.4926392,
1,5,14.903,0.2656743,0.04702142,-1.017005,0.5080768,-0.5035172,0.4956158,0.4926392,
1,5,14.905,0.2656743,0.04702142,-1.017005,0.5080768,-0.5035172,0.4956158,0.4926392,
1,5,14.907,0.2656743,0.04702142,-1.017005,0.5080768,-0.5035172,0.4956158,0.4926392,
1,5,14.909,0.2656708,0.04702919,-1.017031,0.5081021,-0.5035183,0.4955956,0.4926324,
1,5,14.911,0.2656708,0.04702919,-1.017031,0.5081021,-0.5035183,0.4955956,0.4926324,
1,5,14.913,0.2656708,0.04702919,-1.017031,0.5081021,-0.5035183,0.4955956,0.4926324,
1,5,14.915,0.2656708,0.04702919,-1.017031,0.5081021,-0.5035183,0.4955956,0.4926324,
1,5,14.917,0.2656708,0.04702919,-1.017031,0.5081021,-0.5035183,0.4955956,0.4926324,
1,5,14.919,0.265673,0.04705124,-1.016991,0.5080653,-0.5035022,0.4956421,0.49264,
1,5,14.921,0.265673,0.04705124,-1.016991,0.5080653,-0.5035022,0.4956421,0.49264,
1,5,14.923,0.265673,0.04705124,-1.016991,0.5080653,-0.5035022,0.4956421,0.49264,
1,5,14.925,0.265673,0.04705124,-1.016991,0.5080653,-0.5035022,0.4956421,0.49264,
1,5,14.927,0.2656768,0.04703516,-1.016992,0.5080658,-0.5035185,0.4956281,0.4926369,
1,5,14.929,0.2656768,0.04703516,-1.016992,0.5080658,-0.5035185,0.4956281,0.4926369,
1,5,14.931,0.2656768,0.04703516,-1.016992,0.5080658,-0.5035185,0.4956281,0.4926369,
1,5,14.933,0.2656768,0.04703516,-1.016992,0.5080658,-0.5035185,0.4956281,0.4926369,
1,5,14.935,0.2656769,0.04699525,-1.017004,0.508082,-0.5035604,0.4955775,0.4926282,
1,5,14.937,0.2656769,0.04699525,-1.017004,0.508082,-0.5035604,0.4955775,0.4926282,
1,5,14.939,0.2656769,0.04699525,-1.017004,0.508082,-0.5035604,0.4955775,0.4926282,
1,5,14.941,0.2656769,0.04699525,-1.017004,0.508082,-0.5035604,0.4955775,0.4926282,
1,5,14.943,0.26567,0.04702138,-1.017006,0.5080881,-0.5035322,0.4955945,0.4926338,
1,5,14.945,0.26567,0.04702138,-1.017006,0.5080881,-0.5035322,0.4955945,0.4926338,
1,5,14.947,0.26567,0.04702138,-1.017006,0.5080881,-0.5035322,0.4955945,0.4926338,
1,5,14.949,0.26567,0.04702138,-1.017006,0.5080881,-0.5035322,0.4955945,0.4926338,
1,5,14.951,0.2656688,0.04702741,-1.017006,0.5080873,-0.5035331,0.4955976,0.4926305,
1,5,14.953,0.2656688,0.04702741,-1.017006,0.5080873,-0.5035331,0.4955976,0.4926305,
1,5,14.955,0.2656688,0.04702741,-1.017006,0.5080873,-0.5035331,0.4955976,0.4926305,
1,5,14.957,0.2656688,0.04702741,-1.017006,0.5080873,-0.5035331,0.4955976,0.4926305,
1,5,14.959,0.2656743,0.0470572,-1.016994,0.5080757,-0.5034955,0.4956407,0.4926376,
1,5,14.961,0.2656743,0.0470572,-1.016994,0.5080757,-0.5034955,0.4956407,0.4926376,
1,5,14.963,0.2656743,0.0470572,-1.016994,0.5080757,-0.5034955,0.4956407,0.4926376,
1,5,14.965,0.2656743,0.0470572,-1.016994,0.5080757,-0.5034955,0.4956407,0.4926376,
1,5,14.967,0.2656743,0.0470572,-1.016994,0.5080757,-0.5034955,0.4956407,0.4926376,
1,5,14.969,0.2656845,0.04703923,-1.01702,0.5080839,-0.5034944,0.4956268,0.4926441,
1,5,14.971,0.2656845,0.04703923,-1.01702,0.5080839,-0.5034944,0.4956268,0.4926441,
1,5,14.973,0.2656845,0.04703923,-1.01702,0.5080839,-0.5034944,0.4956268,0.4926441,
1,5,14.975,0.2656845,0.04703923,-1.01702,0.5080839,-0.5034944,0.4956268,0.4926441,
1,5,14.977,0.2656865,0.04701491,-1.017033,0.5080937,-0.5035175,0.4955855,0.4926521,
1,5,14.979,0.2656865,0.04701491,-1.017033,0.5080937,-0.5035175,0.4955855,0.4926521,
1,5,14.981,0.2656865,0.04701491,-1.017033,0.5080937,-0.5035175,0.4955855,0.4926521,
1,5,14.983,0.2656865,0.04701491,-1.017033,0.5080937,-0.5035175,0.4955855,0.4926521,
1,5,14.985,0.2656803,0.04701117,-1.017038,0.5081009,-0.5035281,0.4955711,0.4926483,
1,5,14.987,0.2656803,0.04701117,-1.017038,0.5081009,-0.5035281,0.4955711,0.4926483,
1,5,14.989,0.2656803,0.04701117,-1.017038,0.5081009,-0.5035281,0.4955711,0.4926483,
1,5,14.991,0.2656803,0.04701117,-1.017038,0.5081009,-0.5035281,0.4955711,0.4926483,
1,5,14.993,0.2656843,0.04701036,-1.01701,0.5080793,-0.5035371,0.4955848,0.4926475,
1,5,14.995,0.2656843,0.04701036,-1.01701,0.5080793,-0.5035371,0.4955848,0.4926475,
1,5,14.997,0.2656843,0.04701036,-1.01701,0.5080793,-0.5035371,0.4955848,0.4926475,
1,5,14.999,0.2656843,0.04701036,-1.01701,0.5080793,-0.5035371,0.4955848,0.4926475,
1,6,15.001,0.2656747,0.04702085,-1.017004,0.5080677,-0.503519,0.4956145,0.4926482,TrialStart
1,6,15.003,0.2656747,0.04702085,-1.017004,0.5080677,-0.503519,0.4956145,0.4926482,
1,6,15.005,0.2656747,0.04702085,-1.017004,0.5080677,-0.503519,0.4956145,0.4926482,
1,6,15.007,0.2656747,0.04702085,-1.017004,0.5080677,-0.503519,0.4956145,0.4926482,
1,6,15.009,0.2656797,0.04701643,-1.017019,0.508094,-0.5035246,0.4955954,0.4926345,
1,6,15.011,0.2656797,0.04701643,-1.017019,0.508094,-0.5035246,0.4955954,0.4926345,
1,6,15.013,0.2656797,0.04701643,-1.017019,0.508094,-0.5035246,0.4955954,0.4926345,
1,6,15.015,0.2656797,0.04701643,-1.017019,0.508094,-0.5035246,0.4955954,0.4926345,
1,6,15.017,0.2656797,0.04701643,-1.017019,0.508094,-0.5035246,0.4955954,0.4926345,
1,6,15.019,0.2656718,0.04703561,-1.017002,0.5080791,-0.5035192,0.4956163,0.4926345,
1,6,15.021,0.2656718,0.04703561,-1.017002,0.5080791,-0.5035192,0.4956163,0.4926345,
1,6,15.023,0.2656718,0.04703561,-1.017002,0.5080791,-0.5035192,0.4956163,0.4926345,
1,6,15.025,0.2656718,0.04703561,-1.017002,0.5080791,-0.5035192,0.4956163,0.4926345,
1,6,15.027,0.2656879,0.047033,-1.016997,0.5080714,-0.5035196,0.4956119,0.4926463,
1,6,15.029,0.2656879,0.047033,-1.016997,0.5080714,-0.5035196,0.4956119,0.4926463,
1,6,15.031,0.2656879,0.047033,-1.016997,0.5080714,-0.5035196,0.4956119,0.4926463,
1,6,15.033,0.2656879,0.047033,-1.016997,0.5080714,-0.5035196,0.4956119,0.4926463,
1,6,15.035,0.265689,0.04702481,-1.016998,0.5080796,-0.5035303,0.4956035,0.4926353,
1,6,15.037,0.265689,0.04702481,-1.016998,0.5080796,-0.5035303,0.4956035,0.4926353,
1,6,15.039,0.265689,0.04702481,-1.016998,0.5080796,-0.5035303,0.4956035,0.4926353,
1,6,15.041,0.265689,0.04702481,-1.016998,0.5080796,-0.5035303,0.4956035,0.4926353,
1,6,15.043,0.2656873,0.0470245,-1.016998,0.5080877,-0.5035393,0.4955946,0.4926268,
1,6,15.045,0.2656873,0.0470245,-1.016998,0.5080877,-0.5035393,0.4955946,0.4926268,
1,6,15.047,0.2656873,0.0470245,-1.016998,0.5080877,-0.5035393,0.4955946,0.4926268,
1,6,15.049,0.2656873,0.0470245,-1.016998,0.5080877,-0.5035393,0.4955946,0.4926268,
1,6,15.051,0.2656894,0.04705182,-1.016994,0.5080866,-0.503515,0.4956176,0.4926296,
1,6,15.053,0.2656894,0.04705182,-1.016994,0.5080866,-0.503515,0.4956176,0.4926296,
1,6,15.055,0.2656894,0.04705182,-1.016994,0.5080866,-0.503515,0.4956176,0.4926296,
1,6,15.057,0.2656894,0.04705182,-1.016994,0.5080866,-0.503515,0.4956176,0.4926296,
1,6,15.059,0.265677,0.04706622,-1.016994,0.5080753,-0.503493,0.4956466,0.4926346,
1,6,15.061,0.265677,0.04706622,-1.016994,0.5080753,-0.503493,0.4956466,0.4926346,
1,6,15.063,0.265677,0.04706622,-1.016994,0.5080753,-0.503493,0.4956466,0.4926346,
1,6,15.065,0.265677,0.04706622,-1.016994,0.5080753,-0.503493,0.4956466,0.4926346,
1,6,15.067,0.265677,0.04706622,-1.016994,0.5080753,-0.503493,0.4956466,0.4926346,
1,6,15.069,0.2656748,0.04707111,-1.017019,0.5080884,-0.5034857,0.4956378,0.4926373,
1,6,15.071,0.2656748,0.04707111,-1.017019,0.5080884,-0.5034857,0.4956378,0.4926373,
1,6,15.073,0.2656748,0.04707111,-1.017019,0.5080884,-0.5034857,0.4956378,0.4926373,
1,6,15.075,0.2656748,0.04707111,-1.017019,0.5080884,-0.5034857,0.4956378,0.4926373,
1,6,15.077,0.2656813,0.0470682,-1.017019,0.5080794,-0.5034807,0.4956439,0.4926456,
1,6,15.079,0.2656813,0.0470682,-1.017019,0.5080794,-0.5034807,0.4956439,0.4926456,
1,6,15.081,0.2656813,0.0470682,-1.017019,0.5080794,-0.5034807,0.4956439,0.4926456,
1,6,15.083,0.2656813,0.0470682,-1.017019,0.5080794,-0.5034807,0.4956439,0.4926456,
1,6,15.085,0.265691,0.04704151,-1.017031,0.5080901,-0.5034938,0.4956191,0.4926459,
1,6,15.087,0.265691,0.04704151,-1.017031,0.5080901,-0.5034938,0.4956191,0.4926459,
1,6,15.089,0.265691,0.04704151,-1.017031,0.5080901,-0.5034938,0.4956191,0.4926459,
1,6,15.091,0.265691,0.04704151,-1.017031,0.5080901,-0.5034938,0.4956191,0.4926459,
1,6,15.093,0.2656795,0.04703044,-1.017021,0.5080855,-0.5035014,0.4956113,0.4926508,
1,6,15.095,0.2656795,0.04703044,-1.017021,0.5080855,-0.5035014,0.4956113,0.4926508,
1,6,15.097,0.2656795,0.04703044,-1.017021,0.5080855,-0.5035014,0.4956113,0.4926508,
1,6,15.099,0.2656795,0.04703044,-1.017021,0.5080855,-0.5035014,0.4956113,0.4926508,
1,6,15.101,0.2656822,0.04705847,-1.017001,0.508082,-0.5034956,0.4956357,0.492636,
1,6,15.103,0.2656822,0.04705847,-1.017001,0.508082,-0.5034956,0.4956357,0.492636,
1,6,15.105,0.2656822,0.04705847,-1.017001,0.508082,-0.5034956,0.4956357,0.492636,
1,6,15.107,0.2656822,0.04705847,-1.017001,0.508082,-0.5034956,0.4956357,0.492636,
1,6,15.109,0.26568,0.04706898,-1.016979,0.5080642,-0.5034871,0.4956654,0.4926331,
1,6,15.111,0.26568,0.04706898,-1.016979,0.5080642,-0.5034871,0.4956654,0.4926331,
1,6,15.113,0.26568,0.04706898,-1.016979,0.5080642,-0.5034871,0.4956654,0.4926331,
1,6,15.115,0.26568,0.04706898,-1.016979,0.5080642,-0.5034871,0.4956654,0.4926331,
1,6,15.117,0.26568,0.04706898,-1.016979,0.5080642,-0.5034871,0.4956654,0.4926331,
1,6,15.119,0.2656675,0.04709112,-1.016984,0.5080575,-0.5034636,0.4956904,0.4926389,
1,6,15.121,0.2656675,0.04709112,-1.016984,0.5080575,-0.5034636,0.4956904,0.4926389,
1,6,15.123,0.2656675,0.04709112,-1.016984,0.5080575,-0.5034636,0.4956904,0.4926389,
1,6,15.125,0.2656675,0.04709112,-1.016984,0.5080575,-0.5034636,0.4956904,0.4926389,
1,6,15.127,0.2656842,0.04709776,-1.017051,0.5081065,-0.5034447,0.4956483,0.4926499,
1,6,15.129,0.2656842,0.04709776,-1.017051,0.5081065,-0.5034447,0.4956483,0.4926499,
1,6,15.131,0.2656842,0.04709776,-1.017051,0.5081065,-0.5034447,0.4956483,0.4926499,
1,6,15.133,0.2656842,0.04709776,-1.017051,0.5081065,-0.5034447,0.4956483,0.4926499,
1,6,15.135,0.2656833,0.04709448,-1.017084,0.5080996,-0.503429,0.4956427,0.4926789,
1,6,15.137,0.2656833,0.04709448,-1.017084,0.5080996,-0.503429,0.4956427,0.4926789,
1,6,15.139,0.2656833,0.04709448,-1.017084,0.5080996,-0.503429,0.4956427,0.4926789,
1,6,15.141,0.2656833,0.04709448,-1.017084,0.5080996,-0.503429,0.4956427,0.4926789,
1,6,15.143,0.2656789,0.04709104,-1.017105,0.5081004,-0.5034252,0.4956424,0.4926821,
1,6,15.145,0.2656789,0.04709104,-1.017105,0.5081004,-0.5034252,0.4956424,0.4926821,
1,6,15.147,0.2656789,0.04709104,-1.017105,0.5081004,-0.5034252,0.4956424,0.4926821,
1,6,15.149,0.2656789,0.04709104,-1.017105,0.5081004,-0.5034252,0.4956424,0.4926821,
1,6,15.151,0.2656687,0.04709389,-1.017094,0.5080947,-0.5034161,0.4956526,0.4926871,
1,6,15.153,0.2656687,0.04709389,-1.017094,0.5080947,-0.5034161,0.4956526,0.4926871,
1,6,15.155,0.2656687,0.04709389,-1.017094,0.5080947,-0.5034161,0.4956526,0.4926871,
1,6,15.157,0.2656687,0.04709389,-1.017094,0.5080947,-0.5034161,0.4956526,0.4926871,
1,6,15.159,0.2656625,0.04710543,-1.017093,0.5081232,-0.5034317,0.4956316,0.4926629,
1,6,15.161,0.2656625,0.04710543,-1.017093,0.5081232,-0.5034317,0.4956316,0.4926629,
1,6,15.163,0.2656625,0.04710543,-1.017093,0.5081232,-0.5034317,0.4956316,0.4926629,
1,6,15.165,0.2656625,0.04710543,-1.017093,0.5081232,-0.5034317,0.4956316,0.4926629,
1,6,15.167,0.2656625,0.04710543,-1.017093,0.5081232,-0.5034317,0.4956316,0.4926629,
1,6,15.169,0.2656529,0.04710491,-1.016937,0.508077,-0.5034802,0.4956799,0.4926124,
1,6,15.171,0.2656529,0.04710491,-1.016937,0.508077,-0.5034802,0.4956799,0.4926124,
1,6,15.173,0.2656529,0.04710491,-1.016937,0.508077,-0.5034802,0.4956799,0.4926124,
1,6,15.175,0.2656529,0.04710491,-1.016937,0.508077,-0.5034802,0.4956799,0.4926124,
1,6,15.177,0.2656424,0.04714569,-1.016865,0.5080734,-0.5034907,0.4957213,0.4925637,
1,6,15.179,0.2656424,0.04714569,-1.016865,0.5080734,-0.5034907,0.4957213,0.4925637,
1,6,15.181,0.2656424,0.04714569,-1.016865,0.5080734,-0.5034907,0.4957213,0.4925637,
1,6,15.183,0.2656424,0.04714569,-1.016865,0.5080734,-0.5034907,0.4957213,0.4925637,
1,6,15.185,0.2656442,0.04713724,-1.016858,0.5080855,-0.5035128,0.4957092,0.4925407,
1,6,15.187,0.2656442,0.04713724,-1.016858,0.5080855,-0.5035128,0.4957092,0.4925407,
1,6,15.189,0.2656442,0.04713724,-1.016858,0.5080855,-0.5035128,0.4957092,0.4925407,
1,6,15.191,0.2656442,0.04713724,-1.016858,0.5080855,-0.5035128,0.4957092,0.4925407,
1,6,15.193,0.2656406,0.04714718,-1.01686,0.5081044,-0.5035287,0.4956984,0.4925159,
1,6,15.195,0.2656406,0.04714718,-1.01686,0.5081044,-0.5035287,0.4956984,0.4925159,
1,6,15.197,0.2656406,0.04714718,-1.01686,0.5081044,-0.5035287,0.4956984,0.4925159,
1,6,15.199,0.2656406,0.04714718,-1.01686,0.5081044,-0.5035287,0.4956984,0.4925159,
1,6,15.201,0.2656409,0.0471404,-1.016844,0.5080851,-0.5035298,0.495703,0.49253,
1,6,15.203,0.2656409,0.0471404,-1.016844,0.5080851,-0.5035298,0.495703,0.49253,
1,6,15.205,0.2656409,0.0471404,-1.016844,0.5080851,-0.5035298,0.495703,0.49253,
1,6,15.207,0.2656409,0.0471404,-1.016844,0.5080851,-0.5035298,0.495703,0.49253,
1,6,15.209,0.2656375,0.04711073,-1.016819,0.5080619,-0.5035563,0.4956916,0.4925384,
1,6,15.211,0.2656375,0.04711073,-1.016819,0.5080619,-0.5035563,0.4956916,0.4925384,
1,6,15.213,0.2656375,0.04711073,-1.016819,0.5080619,-0.5035563,0.4956916,0.4925384,
1,6,15.215,0.2656375,0.04711073,-1.016819,0.5080619,-0.5035563,0.4956916,0.4925384,
1,6,15.217,0.2656375,0.04711073,-1.016819,0.5080619,-0.5035563,0.4956916,0.4925384,
1,6,15.219,0.2656423,0.04711296,-1.016848,0.5080672,-0.5035551,0.4956826,0.4925431,
1,6,15.221,0.2656423,0.04711296,-1.016848,0.5080672,-0.5035551,0.4956826,0.4925431,
1,6,15.223,0.2656423,0.04711296,-1.016848,0.5080672,-0.5035551,0.4956826,0.4925431,
1,6,15.225,0.2656423,0.04711296,-1.016848,0.5080672,-0.5035551,0.4956826,0.4925431,
1,6,15.227,0.2656514,0.04711097,-1.016967,0.5080934,-0.5035171,0.4956528,0.4925851,
1,6,15.229,0.2656514,0.04711097,-1.016967,0.5080934,-0.5035171,0.4956528,0.4925851,
1,6,15.231,0.2656514,0.04711097,-1.016967,0.5080934,-0.5035171,0.4956528,0.4925851,
1,6,15.233,0.2656514,0.04711097,-1.016967,0.5080934,-0.5035171,0.4956528,0.4925851,
1,6,15.235,0.2656689,0.04711611,-1.01709,0.5081712,-0.5034665,0.4955986,0.492611,
1,6,15.237,0.2656689,0.04711611,-1.01709,0.5081712,-0.5034665,0.4955986,0.492611,
1,6,15.239,0.2656689,0.04711611,-1.01709,0.5081712,-0.5034665,0.4955986,0.492611,
1,6,15.241,0.2656689,0.04711611,-1.01709,0.5081712,-0.5034665,0.4955986,0.492611,
1,6,15.243,0.2656572,0.04713894,-1.01711,0.5081869,-0.5034505,0.4955921,0.4926177,
1,6,15.245,0.2656572,0.04713894,-1.01711,0.5081869,-0.5034505,0.4955921,0.4926177,
1,6,15.247,0.2656572,0.04713894,-1.01711,0.5081869,-0.5034505,0.4955921,0.4926177,
1,6,15.249,0.2656572,0.04713894,-1.01711,0.5081869,-0.5034505,0.4955921,0.4926177,
1,6,15.251,0.2656623,0.0471078,-1.017125,0.5081788,-0.5034614,0.4955747,0.4926324,
1,6,15.253,0.2656623,0.0471078,-1.017125,0.5081788,-0.5034614,0.4955747,0.4926324,
1,6,15.255,0.2656623,0.0471078,-1.017125,0.5081788,-0.5034614,0.4955747,0.4926324,
1,6,15.257,0.2656623,0.0471078,-1.017125,0.5081788,-0.5034614,0.4955747,0.4926324,
1,6,15.259,0.2656731,0.04709953,-1.017152,0.508194,-0.5034664,0.4955503,0.4926361,
1,6,15.261,0.2656731,0.04709953,-1.017152,0.508194,-0.5034664,0.4955503,0.4926361,
1,6,15.263,0.2656731,0.04709953,-1.017152,0.508194,-0.5034664,0.4955503,0.4926361,
1,6,15.265,0.2656731,0.04709953,-1.017152,0.508194,-0.5034664,0.4955503,0.4926361,
1,6,15.267,0.2656731,0.04709953,-1.017152,0.508194,-0.5034664,0.4955503,0.4926361,
1,6,15.269,0.2656685,0.04711665,-1.017142,0.5081743,-0.503456,0.4955699,0.4926475,
1,6,15.271,0.2656685,0.04711665,-1.017142,0.5081743,-0.503456,0.4955699,0.4926475,
1,6,15.273,0.2656685,0.04711665,-1.017142,0.5081743,-0.503456,0.4955699,0.4926475,
1,6,15.275,0.2656685,0.04711665,-1.017142,0.5081743,-0.503456,0.4955699,0.4926475,
1,6,15.277,0.2656643,0.0471093,-1.017098,0.5081726,-0.5034719,0.4955757,0.4926271,
1,6,15.279,0.2656643,0.0471093,-1.017098,0.5081726,-0.5034719,0.4955757,0.4926271,
1,6,15.281,0.2656643,0.0471093,-1.017098,0.5081726,-0.5034719,0.4955757,0.4926271,
1,6,15.283,0.2656643,0.0471093,-1.017098,0.5081726,-0.5034719,0.4955757,0.4926271,
1,6,15.285,0.2656629,0.04709267,-1.017055,0.5081414,-0.5034873,0.4955897,0.4926293,
1,6,15.287,0.2656629,0.04709267,-1.017055,0.5081414,-0.5034873,0.4955897,0.4926293,
1,6,15.289,0.2656629,0.04709267,-1.017055,0.5081414,-0.5034873,0.4955897,0.4926293,
1,6,15.291,0.2656629,0.04709267,-1.017055,0.5081414,-0.5034873,0.4955897,0.4926293,
1,6,15.293,0.2656523,0.04707815,-1.01703,0.5081288,-0.5035158,0.4955808,0.4926223,
1,6,15.295,0.2656523,0.04707815,-1.01703,0.5081288,-0.5035158,0.4955808,0.4926223,
1,6,15.297,0.2656523,0.04707815,-1.01703,0.5081288,-0.5035158,0.4955808,0.4926223,
1,6,15.299,0.2656523,0.04707815,-1.01703,0.5081288,-0.5035158,0.4955808,0.4926223,
1,6,15.301,0.2656535,0.04704198,-1.01703,0.5081328,-0.5035471,0.495554,0.4926132,
1,6,15.303,0.2656535,0.04704198,-1.01703,0.5081328,-0.5035471,0.495554,0.4926132,
1,6,15.305,0.2656535,0.04704198,-1.01703,0.5081328,-0.5035471,0.495554,0.4926132,
1,6,15.307,0.2656535,0.04704198,-1.01703,0.5081328,-0.5035471,0.495554,0.4926132,
1,6,15.309,0.2656546,0.04710301,-1.017036,0.5081434,-0.503497,0.4955974,0.4926097,
1,6,15.311,0.2656546,0.04710301,-1.017036,0.5081434,-0.503497,0.4955974,0.4926097,
1,6,15.313,0.2656546,0.04710301,-1.017036,0.5081434,-0.503497,0.4955974,0.4926097,
1,6,15.315,0.2656546,0.04710301,-1.017036,0.5081434,-0.503497,0.4955974,0.4926097,
1,6,15.317,0.2656546,0.04710301,-1.017036,0.5081434,-0.503497,0.4955974,0.4926097,
1,6,15.319,0.2656639,0.04711787,-1.017035,0.5081564,-0.5034991,0.4955981,0.4925936,
1,6,15.321,0.2656639,0.04711787,-1.017035,0.5081564,-0.5034991,0.4955981,0.4925936,
1,6,15.323,0.2656639,0.04711787,-1.017035,0.5081564,-0.5034991,0.4955981,0.4925936,
1,6,15.325,0.2656639,0.04711787,-1.017035,0.5081564,-0.5034991,0.4955981,0.4925936,
1,6,15.327,0.2656718,0.0470857,-1.01704,0.5081527,-0.5035192,0.4955687,0.4926063,
1,6,15.329,0.2656718,0.0470857,-1.01704,0.5081527,-0.5035192,0.4955687,0.4926063,
1,6,15.331,0.2656718,0.0470857,-1.01704,0.5081527,-0.5035192,0.4955687,0.4926063,
1,6,15.333,0.2656718,0.0470857,-1.01704,0.5081527,-0.5035192,0.4955687,0.4926063,
1,6,15.335,0.2656621,0.0471069,-1.016987,0.5081112,-0.5035,0.4956338,0.4926031,
1,6,15.337,0.2656621,0.0471069,-1.016987,0.5081112,-0.5035,0.4956338,0.4926031,
1,6,15.339,0.2656621,0.0471069,-1.016987,0.5081112,-0.5035,0.4956338,0.4926031,
1,6,15.341,0.2656621,0.0471069,-1.016987,0.5081112,-0.5035,0.4956338,0.4926031,
1,6,15.343,0.2656545,0.04706862,-1.016995,0.5081131,-0.5035274,0.4956028,0.4926044,
1,6,15.345,0.2656545,0.04706862,-1.016995,0.5081131,-0.5035274,0.4956028,0.4926044,
1,6,15.347,0.2656545,0.04706862,-1.016995,0.5081131,-0.5035274,0.4956028,0.4926044,
1,6,15.349,0.2656545,0.04706862,-1.016995,0.5081131,-0.5035274,0.4956028,0.4926044,
1,6,15.351,0.2656595,0.04704352,-1.017002,0.5081216,-0.5035562,0.4955758,0.4925934,
1,6,15.353,0.2656595,0.04704352,-1.017002,0.5081216,-0.5035562,0.4955758,0.4925934,
1,6,15.355,0.2656595,0.04704352,-1.017002,0.5081216,-0.5035562,0.4955758,0.4925934,
1,6,15.357,0.2656595,0.04704352,-1.017002,0.5081216,-0.5035562,0.4955758,0.4925934,
1,6,15.359,0.2656563,0.04705576,-1.016981,0.5081136,-0.5035515,0.4955896,0.4925926,
1,6,15.361,0.2656563,0.04705576,-1.016981,0.5081136,-0.5035515,0.4955896,0.4925926,
1,6,15.363,0.2656563,0.04705576,-1.016981,0.5081136,-0.5035515,0.4955896,0.4925926,
1,6,15.365,0.2656563,0.04705576,-1.016981,0.5081136,-0.5035515,0.4955896,0.4925926,
1,6,15.367,0.2656563,0.04705576,-1.016981,0.5081136,-0.5035515,0.4955896,0.4925926,
1,6,15.369,0.2656587,0.04707848,-1.016985,0.5081188,-0.5035301,0.4956061,0.4925924,
1,6,15.371,0.2656587,0.04707848,-1.016985,0.5081188,-0.5035301,0.4956061,0.4925924,
1,6,15.373,0.2656587,0.04707848,-1.016985,0.5081188,-0.5035301,0.4956061,0.4925924,
1,6,15.375,0.2656587,0.04707848,-1.016985,0.5081188,-0.5035301,0.4956061,0.4925924,
1,6,15.377,0.2656649,0.04709496,-1.016979,0.5081034,-0.5035046,0.4956383,0.4926021,
1,6,15.379,0.2656649,0.04709496,-1.016979,0.5081034,-0.5035046,0.4956383,0.4926021,
1,6,15.381,0.2656649,0.04709496,-1.016979,0.5081034,-0.5035046,0.4956383,0.4926021,
1,6,15.383,0.2656649,0.04709496,-1.016979,0.5081034,-0.5035046,0.4956383,0.4926021,
1,6,15.385,0.265668,0.04704984,-1.016972,0.5081177,-0.5035517,0.4955857,0.4925921,
1,6,15.387,0.265668,0.04704984,-1.016972,0.5081177,-0.5035517,0.4955857,0.4925921,
1,6,15.389,0.265668,0.04704984,-1.016972,0.5081177,-0.5035517,0.4955857,0.4925921,
1,6,15.391,0.265668,0.04704984,-1.016972,0.5081177,-0.5035517,0.4955857,0.4925921,
1,6,15.393,0.265658,0.04704316,-1.016955,0.5081066,-0.5035693,0.4955779,0.4925933,
1,6,15.395,0.265658,0.04704316,-1.016955,0.5081066,-0.5035693,0.4955779,0.4925933,
1,6,15.397,0.265658,0.04704316,-1.016955,0.5081066,-0.5035693,0.4955779,0.4925933,
1,6,15.399,0.265658,0.04704316,-1.016955,0.5081066,-0.5035693,0.4955779,0.4925933,
1,6,15.401,0.2656711,0.04703102,-1.016957,0.508117,-0.5035833,0.4955708,0.4925754,
1,6,15.403,0.2656711,0.04703102,-1.016957,0.508117,-0.5035833,0.4955708,0.4925754,
1,6,15.405,0.2656711,0.04703102,-1.016957,0.508117,-0.5035833,0.4955708,0.4925754,
1,6,15.407,0.2656711,0.04703102,-1.016957,0.508117,-0.5035833,0.4955708,0.4925754,
1,6,15.409,0.2656732,0.04702535,-1.016981,0.5081227,-0.5035803,0.4955647,0.4925787,
1,6,15.411,0.2656732,0.04702535,-1.016981,0.5081227,-0.5035803,0.4955647,0.4925787,
1,6,15.413,0.2656732,0.04702535,-1.016981,0.5081227,-0.5035803,0.4955647,0.4925787,
1,6,15.415,0.2656732,0.04702535,-1.016981,0.5081227,-0.5035803,0.4955647,0.4925787,
1,6,15.417,0.2656732,0.04702535,-1.016981,0.5081227,-0.5035803,0.4955647,0.4925787,
1,6,15.419,0.2656679,0.04704459,-1.016995,0.5081083,-0.503539,0.4956001,0.4926004,
1,6,15.421,0.2656679,0.04704459,-1.016995,0.5081083,-0.503539,0.4956001,0.4926004,
1,6,15.423,0.2656679,0.04704459,-1.016995,0.5081083,-0.503539,0.4956001,0.4926004,
1,6,15.425,0.2656679,0.04704459,-1.016995,0.5081083,-0.503539,0.4956001,0.4926004,
1,6,15.427,0.2656653,0.04702692,-1.016993,0.5080966,-0.5035462,0.4955935,0.4926116,
1,6,15.429,0.2656653,0.04702692,-1.016993,0.5080966,-0.5035462,0.4955935,0.4926116,
1,6,15.431,0.2656653,0.04702692,-1.016993,0.5080966,-0.5035462,0.4955935,0.4926116,
1,6,15.433,0.2656653,0.04702692,-1.016993,0.5080966,-0.5035462,0.4955935,0.4926116,
1,6,15.435,0.2656666,0.04702493,-1.016984,0.5080843,-0.5035443,0.4956011,0.4926186,
1,6,15.437,0.2656666,0.04702493,-1.016984,0.5080843,-0.5035443,0.4956011,0.4926186,
1,6,15.439,0.2656666,0.04702493,-1.016984,0.5080843,-0.5035443,0.4956011,0.4926186,
1,6,15.441,0.2656666,0.04702493,-1.016984,0.5080843,-0.5035443,0.4956011,0.4926186,
1,6,15.443,0.2656724,0.04700741,-1.016981,0.5080808,-0.50356,0.4955919,0.4926154,
1,6,15.445,0.2656724,0.04700741,-1.016981,0.5080808,-0.50356,0.4955919,0.4926154,
1,6,15.447,0.2656724,0.04700741,-1.016981,0.5080808,-0.50356,0.4955919,0.4926154,
1,6,15.449,0.2656724,0.04700741,-1.016981,0.5080808,-0.50356,0.4955919,0.4926154,
1,6,15.451,0.2656751,0.0470129,-1.016983,0.5080695,-0.5035442,0.4956058,0.4926293,
1,6,15.453,0.2656751,0.0470129,-1.016983,0.5080695,-0.5035442,0.4956058,0.4926293,
1,6,15.455,0.2656751,0.0470129,-1.016983,0.5080695,-0.5035442,0.4956058,0.4926293,
1,6,15.457,0.2656751,0.0470129,-1.016983,0.5080695,-0.5035442,0.4956058,0.4926293,
1,6,15.459,0.2656661,0.04703693,-1.016975,0.5080425,-0.5035001,0.495653,0.4926547,
1,6,15.461,0.2656661,0.04703693,-1.016975,0.5080425,-0.5035001,0.495653,0.4926547,
1,6,15.463,0.2656661,0.04703693,-1.016975,0.5080425,-0.5035001,0.495653,0.4926547,
1,6,15.465,0.2656661,0.04703693,-1.016975,0.5080425,-0.5035001,0.495653,0.4926547,
1,6,15.467,0.2656661,0.04703693,-1.016975,0.5080425,-0.5035001,0.495653,0.4926547,
1,6,15.469,0.2656783,0.04702254,-1.016992,0.5080537,-0.5035028,0.4956328,0.4926607,
1,6,15.471,0.2656783,0.04702254,-1.016992,0.5080537,-0.5035028,0.4956328,0.4926607,
1,6,15.473,0.2656783,0.04702254,-1.016992,0.5080537,-0.5035028,0.4956328,0.4926607,
1,6,15.475,0.2656783,0.04702254,-1.016992,0.5080537,-0.5035028,0.4956328,0.4926607,
1,6,15.477,0.2656841,0.04701365,-1.016996,0.5080616,-0.5035113,0.4956174,0.4926593,
1,6,15.479,0.2656841,0.04701365,-1.016996,0.5080616,-0.5035113,0.4956174,0.4926593,
1,6,15.481,0.2656841,0.04701365,-1.016996,0.5080616,-0.5035113,0.4956174,0.4926593,
1,6,15.483,0.2656841,0.04701365,-1.016996,0.5080616,-0.5035113,0.4956174,0.4926593,
1,6,15.485,0.2656852,0.04702942,-1.017031,0.5080954,-0.5034992,0.4956091,0.4926454,
1,6,15.487,0.2656852,0.04702942,-1.017031,0.5080954,-0.5034992,0.4956091,0.4926454,
1,6,15.489,0.2656852,0.04702942,-1.017031,0.5080954,-0.5034992,0.4956091,0.4926454,
1,6,15.491,0.2656852,0.04702942,-1.017031,0.5080954,-0.5034992,0.4956091,0.4926454,
1,6,15.493,0.2656724,0.04704972,-1.01704,0.5080829,-0.5034873,0.4956174,0.492662,
1,6,15.495,0.2656724,0.04704972,-1.01704,0.5080829,-0.5034873,0.4956174,0.492662,
1,6,15.497,0.2656724,0.04704972,-1.01704,0.5080829,-0.5034873,0.4956174,0.492662,
1,6,15.499,0.2656724,0.04704972,-1.01704,0.5080829,-0.5034873,0.4956174,0.492662,
1,6,15.501,0.2656698,0.04701496,-1.017025,0.5080951,-0.5035301,0.495581,0.4926423,
1,6,15.503,0.2656698,0.04701496,-1.017025,0.5080951,-0.5035301,0.495581,0.4926423,
1,6,15.505,0.2656698,0.04701496,-1.017025,0.5080951,-0.5035301,0.495581,0.4926423,
1,6,15.507,0.2656698,0.04701496,-1.017025,0.5080951,-0.5035301,0.495581,0.4926423,
1,6,15.509,0.2656665,0.04708009,-1.017077,0.5081285,-0.5034738,0.4956019,0.4926443,
1,6,15.511,0.2656665,0.04708009,-1.017077,0.5081285,-0.5034738,0.4956019,0.4926443,
1,6,15.513,0.2656665,0.04708009,-1.017077,0.5081285,-0.5034738,0.4956019,0.4926443,
1,6,15.515,0.2656665,0.04708009,-1.017077,0.5081285,-0.5034738,0.4956019,0.4926443,
1,6,15.517,0.2656665,0.04708009,-1.017077,0.5081285,-0.5034738,0.4956019,0.4926443,
1,6,15.519,0.2656477,0.04715075,-1.016845,0.5080817,-0.5035206,0.4957017,0.4925444,
1,6,15.521,0.2656477,0.04715075,-1.016845,0.5080817,-0.5035206,0.4957017,0.4925444,
1,6,15.523,0.2656477,0.04715075,-1.016845,0.5080817,-0.5035206,0.4957017,0.4925444,
1,6,15.525,0.2656477,0.04715075,-1.016845,0.5080817,-0.5035206,0.4957017,0.4925444,
1,6,15.527,0.2656519,0.04711024,-1.016722,0.5080302,-0.5035936,0.4957369,0.4924874,
1,6,15.529,0.2656519,0.04711024,-1.016722,0.5080302,-0.5035936,0.4957369,0.4924874,
1,6,15.531,0.2656519,0.04711024,-1.016722,0.5080302,-0.5035936,0.4957369,0.4924874,
1,6,15.533,0.2656519,0.04711024,-1.016722,0.5080302,-0.5035936,0.4957369,0.4924874,
1,6,15.535,0.265677,0.0470755,-1.017005,0.5081202,-0.5035326,0.4956145,0.4925801,
1,6,15.537,0.265677,0.0470755,-1.017005,0.5081202,-0.5035326,0.4956145,0.4925801,
1,6,15.539,0.265677,0.0470755,-1.017005,0.5081202,-0.5035326,0.4956145,0.4925801,
1,6,15.541,0.265677,0.0470755,-1.017005,0.5081202,-0.5035326,0.4956145,0.4925801,
1,6,15.543,0.2656768,0.04705657,-1.017038,0.508125,-0.5034979,0.4956018,0.4926233,
1,6,15.545,0.2656768,0.04705657,-1.017038,0.508125,-0.5034979,0.4956018,0.4926233,
1,6,15.547,0.2656768,0.04705657,-1.017038,0.508125,-0.5034979,0.4956018,0.4926233,
1,6,15.549,0.2656768,0.04705657,-1.017038,0.508125,-0.5034979,0.4956018,0.4926233,
1,6,15.551,0.2656707,0.04698084,-1.017024,0.5080948,-0.5035543,0.4955597,0.4926391,
1,6,15.553,0.2656707,0.04698084,-1.017024,0.5080948,-0.5035543,0.4955597,0.4926391,
1,6,15.555,0.2656707,0.04698084,-1.017024,0.5080948,-0.5035543,0.4955597,0.4926391,
1,6,15.557,0.2656707,0.04698084,-1.017024,0.5080948,-0.5035543,0.4955597,0.4926391,
1,6,15.559,0.2656738,0.04699609,-1.017012,0.5080772,-0.5035406,0.495585,0.492646,
1,6,15.561,0.2656738,0.04699609,-1.017012,0.5080772,-0.5035406,0.495585,0.492646,
1,6,15.563,0.2656738,0.04699609,-1.017012,0.5080772,-0.5035406,0.495585,0.492646,
1,6,15.565,0.2656738,0.04699609,-1.017012,0.5080772,-0.5035406,0.495585,0.492646,
1,6,15.567,0.2656738,0.04699609,-1.017012,0.5080772,-0.5035406,0.495585,0.492646,
1,6,15.569,0.2656773,0.046995,-1.017031,0.5080882,-0.5035209,0.4955827,0.4926569,
1,6,15.571,0.2656773,0.046995,-1.017031,0.5080882,-0.5035209,0.4955827,0.4926569,
1,6,15.573,0.2656773,0.046995,-1.017031,0.5080882,-0.5035209,0.4955827,0.4926569,
1,6,15.575,0.2656773,0.046995,-1.017031,0.5080882,-0.5035209,0.4955827,0.4926569,
1,6,15.577,0.2656696,0.04696308,-1.017033,0.5080838,-0.5035487,0.4955572,0.4926588,
1,6,15.579,0.2656696,0.04696308,-1.017033,0.5080838,-0.5035487,0.4955572,0.4926588,
1,6,15.581,0.2656696,0.04696308,-1.017033,0.5080838,-0.5035487,0.4955572,0.4926588,
1,6,15.583,0.2656696,0.04696308,-1.017033,0.5080838,-0.5035487,0.4955572,0.4926588,
1,6,15.585,0.2656672,0.04699758,-1.017017,0.5080705,-0.5035197,0.4955979,0.4926613,
1,6,15.587,0.2656672,0.04699758,-1.017017,0.5080705,-0.5035197,0.4955979,0.4926613,
1,6,15.589,0.2656672,0.04699758,-1.017017,0.5080705,-0.5035197,0.4955979,0.4926613,
1,6,15.591,0.2656672,0.04699758,-1.017017,0.5080705,-0.5035197,0.4955979,0.4926613,
1,6,15.593,0.2656618,0.04705524,-1.017045,0.5081185,-0.5035076,0.4955945,0.4926275,
1,6,15.595,0.2656618,0.04705524,-1.017045,0.5081185,-0.5035076,0.4955945,0.4926275,
1,6,15.597,0.2656618,0.04705524,-1.017045,0.5081185,-0.5035076,0.4955945,0.4926275,
1,6,15.599,0.2656618,0.04705524,-1.017045,0.5081185,-0.5035076,0.4955945,0.4926275,
1,6,15.601,0.2656297,0.04707685,-1.017054,0.5081782,-0.5035077,0.4955394,0.4926214,
1,6,15.603,0.2656297,0.04707685,-1.017054,0.5081782,-0.5035077,0.4955394,0.4926214,
1,6,15.605,0.2656297,0.04707685,-1.017054,0.5081782,-0.5035077,0.4955394,0.4926214,
1,6,15.607,0.2656297,0.04707685,-1.017054,0.5081782,-0.5035077,0.4955394,0.4926214,
1,6,15.609,0.2656645,0.04715637,-1.016851,0.5082054,-0.5036194,0.4955517,0.4924666,
1,6,15.611,0.2656645,0.04715637,-1.016851,0.5082054,-0.5036194,0.4955517,0.4924666,
1,6,15.613,0.2656645,0.04715637,-1.016851,0.5082054,-0.5036194,0.4955517,0.4924666,
1,6,15.615,0.2656645,0.04715637,-1.016851,0.5082054,-0.5036194,0.4955517,0.4924666,
1,6,15.617,0.2656645,0.04715637,-1.016851,0.5082054,-0.5036194,0.4955517,0.4924666,
1,6,15.619,0.2656749,0.04703064,-1.016994,0.5081295,-0.5035675,0.4955642,0.4925853,
1,6,15.621,0.2656749,0.04703064,-1.016994,0.5081295,-0.5035675,0.4955642,0.4925853,
1,6,15.623,0.2656749,0.04703064,-1.016994,0.5081295,-0.5035675,0.4955642,0.4925853,
1,6,15.625,0.2656749,0.04703064,-1.016994,0.5081295,-0.5035675,0.4955642,0.4925853,
1,6,15.627,0.2656648,0.04697552,-1.017038,0.5080688,-0.5035356,0.4955776,0.492667,
1,6,15.629,0.2656648,0.04697552,-1.017038,0.5080688,-0.5035356,0.4955776,0.492667,
1,6,15.631,0.2656648,0.04697552,-1.017038,0.5080688,-0.5035356,0.4955776,0.492667,
1,6,15.633,0.2656648,0.04697552,-1.017038,0.5080688,-0.5035356,0.4955776,0.492667,
1,6,15.635,0.2656733,0.04700383,-1.017054,0.5080965,-0.5035184,0.4955773,0.4926565,
1,6,15.637,0.2656733,0.04700383,-1.017054,0.5080965,-0.5035184,0.4955773,0.4926565,
1,6,15.639,0.2656733,0.04700383,-1.017054,0.5080965,-0.5035184,0.4955773,0.4926565,
1,6,15.641,0.2656733,0.04700383,-1.017054,0.5080965,-0.5035184,0.4955773,0.4926565,
1,6,15.643,0.2656659,0.04701943,-1.017023,0.5080829,-0.5035212,0.4955875,0.4926573,
1,6,15.645,0.2656659,0.04701943,-1.017023,0.5080829,-0.5035212,0.4955875,0.4926573,
1,6,15.647,0.2656659,0.04701943,-1.017023,0.5080829,-0.5035212,0.4955875,0.4926573,
1,6,15.649,0.2656659,0.04701943,-1.017023,0.5080829,-0.5035212,0.4955875,0.4926573,
1,6,15.651,0.2656728,0.04698221,-1.017031,0.508085,-0.5035412,0.495568,0.4926546,
1,6,15.653,0.2656728,0.04698221,-1.017031,0.508085,-0.5035412,0.495568,0.4926546,
1,6,15.655,0.2656728,0.04698221,-1.017031,0.508085,-0.5035412,0.495568,0.4926546,
1,6,15.657,0.2656728,0.04698221,-1.017031,0.508085,-0.5035412,0.495568,0.4926546,
1,6,15.659,0.2656768,0.04702127,-1.017016,0.5081115,-0.5035238,0.4955879,0.4926248,
1,6,15.661,0.2656768,0.04702127,-1.017016,0.5081115,-0.5035238,0.4955879,0.4926248,
1,6,15.663,0.2656768,0.04702127,-1.017016,0.5081115,-0.5035238,0.4955879,0.4926248,
1,6,15.665,0.2656768,0.04702127,-1.017016,0.5081115,-0.5035238,0.4955879,0.4926248,
1,6,15.667,0.2656768,0.04702127,-1.017016,0.5081115,-0.5035238,0.4955879,0.4926248,
1,6,15.669,0.2656797,0.04702009,-1.017012,0.5080984,-0.5035216,0.495595,0.4926335,
1,6,15.671,0.2656797,0.04702009,-1.017012,0.5080984,-0.5035216,0.495595,0.4926335,
1,6,15.673,0.2656797,0.04702009,-1.017012,0.5080984,-0.5035216,0.495595,0.4926335,
1,6,15.675,0.2656797,0.04702009,-1.017012,0.5080984,-0.5035216,0.495595,0.4926335,
1,6,15.677,0.2656674,0.04700168,-1.017015,0.5080737,-0.50353,0.4955853,0.4926601,
1,6,15.679,0.2656674,0.04700168,-1.017015,0.5080737,-0.50353,0.4955853,0.4926601,
1,6,15.681,0.2656674,0.04700168,-1.017015,0.5080737,-0.50353,0.4955853,0.4926601,
1,6,15.683,0.2656674,0.04700168,-1.017015,0.5080737,-0.50353,0.4955853,0.4926601,
1,6,15.685,0.2656703,0.04700037,-1.017017,0.5080928,-0.5035481,0.4955702,0.4926372,
1,6,15.687,0.2656703,0.04700037,-1.017017,0.5080928,-0.5035481,0.4955702,0.4926372,
1,6,15.689,0.2656703,0.04700037,-1.017017,0.5080928,-0.5035481,0.4955702,0.4926372,
1,6,15.691,0.2656703,0.04700037,-1.017017,0.5080928,-0.5035481,0.4955702,0.4926372,
1,6,15.693,0.265678,0.0470124,-1.017017,0.5080857,-0.5035257,0.4955896,0.492648,
1,6,15.695,0.265678,0.0470124,-1.017017,0.5080857,-0.5035257,0.4955896,0.492648,
1,6,15.697,0.265678,0.0470124,-1.017017,0.5080857,-0.5035257,0.4955896,0.492648,
1,6,15.699,0.265678,0.0470124,-1.017017,0.5080857,-0.5035257,0.4955896,0.492648,
1,6,15.701,0.2656803,0.04700628,-1.01702,0.5080977,-0.5035453,0.4955762,0.492629,
1,6,15.703,0.2656803,0.04700628,-1.01702,0.5080977,-0.5035453,0.4955762,0.492629,
1,6,15.705,0.2656803,0.04700628,-1.01702,0.5080977,-0.5035453,0.4955762,0.492629,
1,6,15.707,0.2656803,0.04700628,-1.01702,0.5080977,-0.5035453,0.4955762,0.492629,
1,6,15.709,0.2656705,0.04703189,-1.017011,0.5080868,-0.5035321,0.4956033,0.4926262,
1,6,15.711,0.2656705,0.04703189,-1.017011,0.5080868,-0.5035321,0.4956033,0.4926262,
1,6,15.713,0.2656705,0.04703189,-1.017011,0.5080868,-0.5035321,0.4956033,0.4926262,
1,6,15.715,0.2656705,0.04703189,-1.017011,0.5080868,-0.5035321,0.4956033,0.4926262,
1,6,15.717,0.2656705,0.04703189,-1.017011,0.5080868,-0.5035321,0.4956033,0.4926262,
1,6,15.719,0.2656672,0.04701966,-1.01701,0.5080846,-0.5035309,0.4955934,0.4926396,
1,6,15.721,0.2656672,0.04701966,-1.01701,0.5080846,-0.5035309,0.4955934,0.4926396,
1,6,15.723,0.2656672,0.04701966,-1.01701,0.5080846,-0.5035309,0.4955934,0.4926396,
1,6,15.725,0.2656672,0.04701966,-1.01701,0.5080846,-0.5035309,0.4955934,0.4926396,
1,6,15.727,0.2656706,0.04702574,-1.017025,0.5080784,-0.5035123,0.4955998,0.4926587,
1,6,15.729,0.2656706,0.04702574,-1.017025,0.5080784,-0.5035123,0.4955998,0.4926587,
1,6,15.731,0.2656706,0.04702574,-1.017025,0.5080784,-0.5035123,0.4955998,0.4926587,
1,6,15.733,0.2656706,0.04702574,-1.017025,0.5080784,-0.5035123,0.4955998,0.4926587,
1,6,15.735,0.2656841,0.04703078,-1.017033,0.5080953,-0.5035117,0.4955899,0.4926518,
1,6,15.737,0.2656841,0.04703078,-1.017033,0.5080953,-0.5035117,0.4955899,0.4926518,
1,6,15.739,0.2656841,0.04703078,-1.017033,0.5080953,-0.5035117,0.4955899,0.4926518,
1,6,15.741,0.2656841,0.04703078,-1.017033,0.5080953,-0.5035117,0.4955899,0.4926518,
1,6,15.743,0.2656737,0.0470209,-1.017026,0.5080901,-0.5035311,0.495586,0.4926414,
1,6,15.745,0.2656737,0.0470209,-1.017026,0.5080901,-0.5035311,0.495586,0.4926414,
1,6,15.747,0.2656737,0.0470209,-1.017026,0.5080901,-0.5035311,0.495586,0.4926414,
1,6,15.749,0.2656737,0.0470209,-1.017026,0.5080901,-0.5035311,0.495586,0.4926414,
1,6,15.751,0.2656668,0.04700258,-1.017012,0.5080766,-0.5035303,0.4955893,0.4926527,
1,6,15.753,0.2656668,0.04700258,-1.017012,0.5080766,-0.5035303,0.4955893,0.4926527,
1,6,15.755,0.2656668,0.04700258,-1.017012,0.5080766,-0.5035303,0.4955893,0.4926527,
1,6,15.757,0.2656668,0.04700258,-1.017012,0.5080766,-0.5035303,0.4955893,0.4926527,
1,6,15.759,0.2656757,0.04703414,-1.016992,0.5080827,-0.5035217,0.4956135,0.4926308,
1,6,15.761,0.2656757,0.04703414,-1.016992,0.5080827,-0.5035217,0.4956135,0.4926308,
1,6,15.763,0.2656757,0.04703414,-1.016992,0.5080827,-0.5035217,0.4956135,0.4926308,
1,6,15.765,0.2656757,0.04703414,-1.016992,0.5080827,-0.5035217,0.4956135,0.4926308,
1,6,15.767,0.2656757,0.04703414,-1.016992,0.5080827,-0.5035217,0.4956135,0.4926308,
1,6,15.769,0.2656774,0.04703891,-1.017016,0.5080866,-0.5034994,0.4956158,0.4926475,
1,6,15.771,0.2656774,0.04703891,-1.017016,0.5080866,-0.5034994,0.4956158,0.4926475,
1,6,15.773,0.2656774,0.04703891,-1.017016,0.5080866,-0.5034994,0.4956158,0.4926475,
1,6,15.775,0.2656774,0.04703891,-1.017016,0.5080866,-0.5034994,0.4956158,0.4926475,
1,6,15.777,0.2656822,0.04700996,-1.017041,0.5080875,-0.5035108,0.4955852,0.4926656,
1,6,15.779,0.2656822,0.04700996,-1.017041,0.5080875,-0.5035108,0.4955852,0.4926656,
1,6,15.781,0.2656822,0.04700996,-1.017041,0.5080875,-0.5035108,0.4955852,0.4926656,
1,6,15.783,0.2656822,0.04700996,-1.017041,0.5080875,-0.5035108,0.4955852,0.4926656,
1,6,15.785,0.2656707,0.04704214,-1.017011,0.5080714,-0.503491,0.4956337,0.4926536,
1,6,15.787,0.2656707,0.04704214,-1.017011,0.5080714,-0.503491,0.4956337,0.4926536,
1,6,15.789,0.2656707,0.04704214,-1.017011,0.5080714,-0.503491,0.4956337,0.4926536,
1,6,15.791,0.2656707,0.04704214,-1.017011,0.5080714,-0.503491,0.4956337,0.4926536,
1,6,15.793,0.2656555,0.04708558,-1.017012,0.5080739,-0.5034599,0.4956578,0.4926584,
1,6,15.795,0.2656555,0.04708558,-1.017012,0.5080739,-0.5034599,0.4956578,0.4926584,
1,6,15.797,0.2656555,0.04708558,-1.017012,0.5080739,-0.5034599,0.4956578,0.4926584,
1,6,15.799,0.2656555,0.04708558,-1.017012,0.5080739,-0.5034599,0.4956578,0.4926584,
1,6,15.801,0.2656628,0.04707415,-1.017024,0.5080848,-0.5034633,0.4956424,0.4926594,
1,6,15.803,0.2656628,0.04707415,-1.017024,0.5080848,-0.5034633,0.4956424,0.4926594,
1,6,15.805,0.2656628,0.04707415,-1.017024,0.5080848,-0.5034633,0.4956424,0.4926594,
1,6,15.807,0.2656628,0.04707415,-1.017024,0.5080848,-0.5034633,0.4956424,0.4926594,
1,6,15.809,0.265677,0.04705034,-1.017046,0.5081238,-0.5034997,0.4955811,0.4926436,
1,6,15.811,0.265677,0.04705034,-1.017046,0.5081238,-0.5034997,0.4955811,0.4926436,
1,6,15.813,0.265677,0.04705034,-1.017046,0.5081238,-0.5034997,0.4955811,0.4926436,
1,6,15.815,0.265677,0.04705034,-1.017046,0.5081238,-0.5034997,0.4955811,0.4926436,
1,6,15.817,0.265677,0.04705034,-1.017046,0.5081238,-0.5034997,0.4955811,0.4926436,
1,6,15.819,0.265656,0.04705701,-1.016947,0.5081353,-0.5035362,0.4955646,0.4926109,
1,6,15.821,0.265656,0.04705701,-1.016947,0.5081353,-0.5035362,0.4955646,0.4926109,
1,6,15.823,0.265656,0.04705701,-1.016947,0.5081353,-0.5035362,0.4955646,0.4926109,
1,6,15.825,0.265656,0.04705701,-1.016947,0.5081353,-0.5035362,0.4955646,0.4926109,
1,6,15.827,0.2656655,0.04716511,-1.016792,0.5081455,-0.5036198,0.4956139,0.4924656,
1,6,15.829,0.2656655,0.04716511,-1.016792,0.5081455,-0.5036198,0.4956139,0.4924656,
1,6,15.831,0.2656655,0.04716511,-1.016792,0.5081455,-0.5036198,0.4956139,0.4924656,
1,6,15.833,0.2656655,0.04716511,-1.016792,0.5081455,-0.5036198,0.4956139,0.4924656,
1,6,15.835,0.2656602,0.04713443,-1.017016,0.5081735,-0.5035142,0.4956029,0.4925555,
1,6,15.837,0.2656602,0.04713443,-1.017016,0.5081735,-0.5035142,0.4956029,0.4925555,
1,6,15.839,0.2656602,0.04713443,-1.017016,0.5081735,-0.5035142,0.4956029,0.4925555,
1,6,15.841,0.2656602,0.04713443,-1.017016,0.5081735,-0.5035142,0.4956029,0.4925555,
1,6,15.843,0.2656603,0.04708032,-1.017066,0.5081418,-0.5034859,0.495597,0.4926231,
1,6,15.845,0.2656603,0.04708032,-1.017066,0.5081418,-0.5034859,0.495597,0.4926231,
1,6,15.847,0.2656603,0.04708032,-1.017066,0.5081418,-0.5034859,0.495597,0.4926231,
1,6,15.849,0.2656603,0.04708032,-1.017066,0.5081418,-0.5034859,0.495597,0.4926231,
1,6,15.851,0.2656559,0.04704599,-1.017051,0.5081038,-0.5034794,0.4956127,0.4926532,
1,6,15.853,0.2656559,0.04704599,-1.017051,0.5081038,-0.5034794,0.4956127,0.4926532,
1,6,15.855,0.2656559,0.04704599,-1.017051,0.5081038,-0.5034794,0.4956127,0.4926532,
1,6,15.857,0.2656559,0.04704599,-1.017051,0.5081038,-0.5034794,0.4956127,0.4926532,
1,6,15.859,0.2656621,0.04703627,-1.017041,0.5080974,-0.5035023,0.4955957,0.4926535,
1,6,15.861,0.2656621,0.04703627,-1.017041,0.5080974,-0.5035023,0.4955957,0.4926535,
1,6,15.863,0.2656621,0.04703627,-1.017041,0.5080974,-0.5035023,0.4955957,0.4926535,
1,6,15.865,0.2656621,0.04703627,-1.017041,0.5080974,-0.5035023,0.4955957,0.4926535,
1,6,15.867,0.2656621,0.04703627,-1.017041,0.5080974,-0.5035023,0.4955957,0.4926535,
1,6,15.869,0.2656691,0.04701789,-1.017034,0.5080901,-0.5035161,0.4955851,0.4926576,
1,6,15.871,0.2656691,0.04701789,-1.017034,0.5080901,-0.5035161,0.4955851,0.4926576,
1,6,15.873,0.2656691,0.04701789,-1.017034,0.5080901,-0.5035161,0.4955851,0.4926576,
1,6,15.875,0.2656691,0.04701789,-1.017034,0.5080901,-0.5035161,0.4955851,0.4926576,
1,6,15.877,0.2656666,0.04700056,-1.016999,0.5080717,-0.5035262,0.4955959,0.4926553,
1,6,15.879,0.2656666,0.04700056,-1.016999,0.5080717,-0.5035262,0.4955959,0.4926553,
1,6,15.881,0.2656666,0.04700056,-1.016999,0.5080717,-0.5035262,0.4955959,0.4926553,
1,6,15.883,0.2656666,0.04700056,-1.016999,0.5080717,-0.5035262,0.4955959,0.4926553,
1,6,15.885,0.2656682,0.04696544,-1.017052,0.5080979,-0.5035554,0.4955344,0.4926604,
1,6,15.887,0.2656682,0.04696544,-1.017052,0.5080979,-0.5035554,0.4955344,0.4926604,
1,6,15.889,0.2656682,0.04696544,-1.017052,0.5080979,-0.5035554,0.4955344,0.4926604,
1,6,15.891,0.2656682,0.04696544,-1.017052,0.5080979,-0.5035554,0.4955344,0.4926604,
1,6,15.893,0.2656512,0.04698477,-1.017036,0.5081025,-0.5035598,0.4955343,0.4926513,
1,6,15.895,0.2656512,0.04698477,-1.017036,0.5081025,-0.5035598,0.4955343,0.4926513,
1,6,15.897,0.2656512,0.04698477,-1.017036,0.5081025,-0.5035598,0.4955343,0.4926513,
1,6,15.899,0.2656512,0.04698477,-1.017036,0.5081025,-0.5035598,0.4955343,0.4926513,
1,6,15.901,0.2656512,0.04705663,-1.016977,0.5081053,-0.5035584,0.4955762,0.4926077,
1,6,15.903,0.2656512,0.04705663,-1.016977,0.5081053,-0.5035584,0.4955762,0.4926077,
1,6,15.905,0.2656512,0.04705663,-1.016977,0.5081053,-0.5035584,0.4955762,0.4926077,
1,6,15.907,0.2656512,0.04705663,-1.016977,0.5081053,-0.5035584,0.4955762,0.4926077,
1,6,15.909,0.2656365,0.04703351,-1.017018,0.5081189,-0.5035039,0.4955763,0.4926491,
1,6,15.911,0.2656365,0.04703351,-1.017018,0.5081189,-0.5035039,0.4955763,0.4926491,
1,6,15.913,0.2656365,0.04703351,-1.017018,0.5081189,-0.5035039,0.4955763,0.4926491,
1,6,15.915,0.2656365,0.04703351,-1.017018,0.5081189,-0.5035039,0.4955763,0.4926491,
1,6,15.917,0.2656365,0.04703351,-1.017018,0.5081189,-0.5035039,0.4955763,0.4926491,
1,6,15.919,0.2656484,0.04710351,-1.016672,0.5081261,-0.5036238,0.4956029,0.4924925,
1,6,15.921,0.2656484,0.04710351,-1.016672,0.5081261,-0.5036238,0.4956029,0.4924925,
1,6,15.923,0.2656484,0.04710351,-1.016672,0.5081261,-0.5036238,0.4956029,0.4924925,
1,6,15.925,0.2656484,0.04710351,-1.016672,0.5081261,-0.5036238,0.4956029,0.4924925,
1,6,15.927,0.2656789,0.04709493,-1.016838,0.508185,-0.5037026,0.4955217,0.4924328,
1,6,15.929,0.2656789,0.04709493,-1.016838,0.508185,-0.5037026,0.4955217,0.4924328,
1,6,15.931,0.2656789,0.04709493,-1.016838,0.508185,-0.5037026,0.4955217,0.4924328,
1,6,15.933,0.2656789,0.04709493,-1.016838,0.508185,-0.5037026,0.4955217,0.4924328,
1,6,15.935,0.265657,0.04704252,-1.016962,0.5080702,-0.5035313,0.49564,0.4926074,
1,6,15.937,0.265657,0.04704252,-1.016962,0.5080702,-0.5035313,0.49564,0.4926074,
1,6,15.939,0.265657,0.04704252,-1.016962,0.5080702,-0.5035313,0.49564,0.4926074,
1,6,15.941,0.265657,0.04704252,-1.016962,0.5080702,-0.5035313,0.49564,0.4926074,
1,6,15.943,0.2656606,0.04700465,-1.016993,0.5080533,-0.5035141,0.4956239,0.4926586,
1,6,15.945,0.2656606,0.04700465,-1.016993,0.5080533,-0.5035141,0.4956239,0.4926586,
1,6,15.947,0.2656606,0.04700465,-1.016993,0.5080533,-0.5035141,0.4956239,0.4926586,
1,6,15.949,0.2656606,0.04700465,-1.016993,0.5080533,-0.5035141,0.4956239,0.4926586,
1,6,15.951,0.2656632,0.04700796,-1.016947,0.5080217,-0.50352,0.4956416,0.4926673,
1,6,15.953,0.2656632,0.04700796,-1.016947,0.5080217,-0.50352,0.4956416,0.4926673,
1,6,15.955,0.2656632,0.04700796,-1.016947,0.5080217,-0.50352,0.4956416,0.4926673,
1,6,15.957,0.2656632,0.04700796,-1.016947,0.5080217,-0.50352,0.4956416,0.4926673,
1,6,15.959,0.2656747,0.04698194,-1.016966,0.5080435,-0.5035613,0.4955979,0.4926465,
1,6,15.961,0.2656747,0.04698194,-1.016966,0.5080435,-0.5035613,0.4955979,0.4926465,
1,6,15.963,0.2656747,0.04698194,-1.016966,0.5080435,-0.5035613,0.4955979,0.4926465,
1,6,15.965,0.2656747,0.04698194,-1.016966,0.5080435,-0.5035613,0.4955979,0.4926465,
1,6,15.967,0.2656747,0.04698194,-1.016966,0.5080435,-0.5035613,0.4955979,0.4926465,
1,6,15.969,0.2656714,0.04701006,-1.016935,0.5080256,-0.5035521,0.4956382,0.4926338,
1,6,15.971,0.2656714,0.04701006,-1.016935,0.5080256,-0.5035521,0.4956382,0.4926338,
1,6,15.973,0.2656714,0.04701006,-1.016935,0.5080256,-0.5035521,0.4956382,0.4926338,
1,6,15.975,0.2656714,0.04701006,-1.016935,0.5080256,-0.5035521,0.4956382,0.4926338,
1,6,15.977,0.2656699,0.04698407,-1.016917,0.5080166,-0.503558,0.4956329,0.4926425,
1,6,15.979,0.2656699,0.04698407,-1.016917,0.5080166,-0.503558,0.4956329,0.4926425,
1,6,15.981,0.2656699,0.04698407,-1.016917,0.5080166,-0.503558,0.4956329,0.4926425,
1,6,15.983,0.2656699,0.04698407,-1.016917,0.5080166,-0.503558,0.4956329,0.4926425,
1,6,15.985,0.2656686,0.04696549,-1.01695,0.5080375,-0.5035764,0.495593,0.4926423,
1,6,15.987,0.2656686,0.04696549,-1.01695,0.5080375,-0.5035764,0.495593,0.4926423,
1,6,15.989,0.2656686,0.04696549,-1.01695,0.5080375,-0.5035764,0.495593,0.4926423,
1,6,15.991,0.2656686,0.04696549,-1.01695,0.5080375,-0.5035764,0.495593,0.4926423,
1,6,15.993,0.2656736,0.04697897,-1.016964,0.5080547,-0.503567,0.4955894,0.4926377,
1,6,15.995,0.2656736,0.04697897,-1.016964,0.5080547,-0.503567,0.4955894,0.4926377,
1,6,15.997,0.2656736,0.04697897,-1.016964,0.5080547,-0.503567,0.4955894,0.4926377,
1,6,15.999,0.2656736,0.04697897,-1.016964,0.5080547,-0.503567,0.4955894,0.4926377,
1,6,16.001,0.2656724,0.04701296,-1.017033,0.508079,-0.5035266,0.4955877,0.4926556,
1,6,16.003,0.2656724,0.04701296,-1.017033,0.508079,-0.5035266,0.4955877,0.4926556,
1,6,16.005,0.2656724,0.04701296,-1.017033,0.508079,-0.5035266,0.4955877,0.4926556,
1,6,16.007,0.2656724,0.04701296,-1.017033,0.508079,-0.5035266,0.4955877,0.4926556,
1,6,16.009,0.2656846,0.04706886,-1.017133,0.5081254,-0.5034488,0.4955899,0.4926851,
1,6,16.011,0.2656846,0.04706886,-1.017133,0.5081254,-0.5034488,0.4955899,0.4926851,
1,6,16.013,0.2656846,0.04706886,-1.017133,0.5081254,-0.5034488,0.4955899,0.4926851,
1,6,16.015,0.2656846,0.04706886,-1.017133,0.5081254,-0.5034488,0.4955899,0.4926851,
1,6,16.017,0.2656846,0.04706886,-1.017133,0.5081254,-0.5034488,0.4955899,0.4926851,
1,6,16.019,0.265651,0.04713336,-1.017012,0.5080829,-0.5034348,0.4956796,0.492653,
1,6,16.021,0.265651,0.04713336,-1.017012,0.5080829,-0.5034348,0.4956796,0.492653,
1,6,16.023,0.265651,0.04713336,-1.017012,0.5080829,-0.5034348,0.4956796,0.492653,
1,6,16.025,0.265651,0.04713336,-1.017012,0.5080829,-0.5034348,0.4956796,0.492653,
1,6,16.027,0.265646,0.0471322,-1.016846,0.508044,-0.503514,0.4957322,0.4925592,
1,6,16.029,0.265646,0.0471322,-1.016846,0.508044,-0.503514,0.4957322,0.4925592,
1,6,16.031,0.265646,0.0471322,-1.016846,0.508044,-0.503514,0.4957322,0.4925592,
1,6,16.033,0.265646,0.0471322,-1.016846,0.508044,-0.503514,0.4957322,0.4925592,
1,6,16.035,0.2656608,0.04712144,-1.016811,0.508022,-0.5035212,0.4957462,0.4925605,
1,6,16.037,0.2656608,0.04712144,-1.016811,0.508022,-0.5035212,0.4957462,0.4925605,
1,6,16.039,0.2656608,0.04712144,-1.016811,0.508022,-0.5035212,0.4957462,0.4925605,
1,6,16.041,0.2656608,0.04712144,-1.016811,0.508022,-0.5035212,0.4957462,0.4925605,
1,6,16.043,0.2656578,0.04712223,-1.016843,0.5080681,-0.5035305,0.4957127,0.492537,
1,6,16.045,0.2656578,0.04712223,-1.016843,0.5080681,-0.5035305,0.4957127,0.492537,
1,6,16.047,0.2656578,0.04712223,-1.016843,0.5080681,-0.5035305,0.4957127,0.492537,
1,6,16.049,0.2656578,0.04712223,-1.016843,0.5080681,-0.5035305,0.4957127,0.492537,
1,6,16.051,0.2656519,0.04712549,-1.016832,0.5080432,-0.5035247,0.4957302,0.4925513,
1,6,16.053,0.2656519,0.04712549,-1.016832,0.5080432,-0.5035247,0.4957302,0.4925513,
1,6,16.055,0.2656519,0.04712549,-1.016832,0.5080432,-0.5035247,0.4957302,0.4925513,
1,6,16.057,0.2656519,0.04712549,-1.016832,0.5080432,-0.5035247,0.4957302,0.4925513,
1,6,16.059,0.2656488,0.04714623,-1.016808,0.5080305,-0.5035213,0.4957541,0.4925437,
1,6,16.061,0.2656488,0.04714623,-1.016808,0.5080305,-0.5035213,0.4957541,0.4925437,
1,6,16.063,0.2656488,0.04714623,-1.016808,0.5080305,-0.5035213,0.4957541,0.4925437,
1,6,16.065,0.2656488,0.04714623,-1.016808,0.5080305,-0.5035213,0.4957541,0.4925437,
1,6,16.067,0.2656488,0.04714623,-1.016808,0.5080305,-0.5035213,0.4957541,0.4925437,
1,6,16.069,0.2656507,0.04719489,-1.016803,0.5080647,-0.5035177,0.4957617,0.4925044,
1,6,16.071,0.2656507,0.04719489,-1.016803,0.5080647,-0.5035177,0.4957617,0.4925044,
1,6,16.073,0.2656507,0.04719489,-1.016803,0.5080647,-0.5035177,0.4957617,0.4925044,
1,6,16.075,0.2656507,0.04719489,-1.016803,0.5080647,-0.5035177,0.4957617,0.4925044,
1,6,16.077,0.2656492,0.0471695,-1.016811,0.5080368,-0.5034974,0.4957707,0.4925449,
1,6,16.079,0.2656492,0.0471695,-1.016811,0.5080368,-0.5034974,0.4957707,0.4925449,
1,6,16.081,0.2656492,0.0471695,-1.016811,0.5080368,-0.5034974,0.4957707,0.4925449,
1,6,16.083,0.2656492,0.0471695,-1.016811,0.5080368,-0.5034974,0.4957707,0.4925449,
1,6,16.085,0.2656524,0.0471402,-1.016811,0.5080296,-0.5035387,0.4957354,0.4925457,
1,6,16.087,0.2656524,0.0471402,-1.016811,0.5080296,-0.5035387,0.4957354,0.4925457,
1,6,16.089,0.2656524,0.0471402,-1.016811,0.5080296,-0.5035387,0.4957354,0.4925457,
1,6,16.091,0.2656524,0.0471402,-1.016811,0.5080296,-0.5035387,0.4957354,0.4925457,
1,6,16.093,0.2656369,0.04715875,-1.016783,0.5080441,-0.503549,0.4957336,0.492522,
1,6,16.095,0.2656369,0.04715875,-1.016783,0.5080441,-0.503549,0.4957336,0.492522,
1,6,16.097,0.2656369,0.04715875,-1.016783,0.5080441,-0.503549,0.4957336,0.492522,
1,6,16.099,0.2656369,0.04715875,-1.016783,0.5080441,-0.503549,0.4957336,0.492522,
1,6,16.101,0.2656443,0.0471504,-1.01679,0.5080937,-0.5035928,0.4956674,0.4924926,
1,6,16.103,0.2656443,0.0471504,-1.01679,0.5080937,-0.5035928,0.4956674,0.4924926,
1,6,16.105,0.2656443,0.0471504,-1.01679,0.5080937,-0.5035928,0.4956674,0.4924926,
1,6,16.107,0.2656443,0.0471504,-1.01679,0.5080937,-0.5035928,0.4956674,0.4924926,
1,6,16.109,0.265642,0.04722694,-1.016645,0.50805,-0.5035872,0.4957899,0.4924201,
1,6,16.111,0.265642,0.04722694,-1.016645,0.50805,-0.5035872,0.4957899,0.4924201,
1,6,16.113,0.265642,0.04722694,-1.016645,0.50805,-0.5035872,0.4957899,0.4924201,
1,6,16.115,0.265642,0.04722694,-1.016645,0.50805,-0.5035872,0.4957899,0.4924201,
1,6,16.117,0.265642,0.04722694,-1.016645,0.50805,-0.5035872,0.4957899,0.4924201,
1,6,16.119,0.2656319,0.04720528,-1.016817,0.5080847,-0.5035357,0.4957458,0.4924815,
1,6,16.121,0.2656319,0.04720528,-1.016817,0.5080847,-0.5035357,0.4957458,0.4924815,
1,6,16.123,0.2656319,0.04720528,-1.016817,0.5080847,-0.5035357,0.4957458,0.4924815,
1,6,16.125,0.2656319,0.04720528,-1.016817,0.5080847,-0.5035357,0.4957458,0.4924815,
1,6,16.127,0.2656359,0.04712898,-1.016819,0.5080285,-0.5035326,0.4957439,0.4925444,
1,6,16.129,0.2656359,0.04712898,-1.016819,0.5080285,-0.5035326,0.4957439,0.4925444,
1,6,16.131,0.2656359,0.04712898,-1.016819,0.5080285,-0.5035326,0.4957439,0.4925444,
1,6,16.133,0.2656359,0.04712898,-1.016819,0.5080285,-0.5035326,0.4957439,0.4925444,
1,6,16.135,0.2656444,0.04711664,-1.016825,0.5080123,-0.5035146,0.495751,0.4925723,
1,6,16.137,0.2656444,0.04711664,-1.016825,0.5080123,-0.5035146,0.495751,0.4925723,
1,6,16.139,0.2656444,0.04711664,-1.016825,0.5080123,-0.5035146,0.495751,0.4925723,
1,6,16.141,0.2656444,0.04711664,-1.016825,0.5080123,-0.5035146,0.495751,0.4925723,
1,6,16.143,0.2656454,0.04710381,-1.016806,0.5080115,-0.5035295,0.4957479,0.4925612,
1,6,16.145,0.2656454,0.04710381,-1.016806,0.5080115,-0.5035295,0.4957479,0.4925612,
1,6,16.147,0.2656454,0.04710381,-1.016806,0.5080115,-0.5035295,0.4957479,0.4925612,
1,6,16.149,0.2656454,0.04710381,-1.016806,0.5080115,-0.5035295,0.4957479,0.4925612,
1,6,16.151,0.2656503,0.047116,-1.01682,0.5080297,-0.5035315,0.4957386,0.4925496,
1,6,16.153,0.2656503,0.047116,-1.01682,0.5080297,-0.5035315,0.4957386,0.4925496,
1,6,16.155,0.2656503,0.047116,-1.01682,0.5080297,-0.5035315,0.4957386,0.4925496,
1,6,16.157,0.2656503,0.047116,-1.01682,0.5080297,-0.5035315,0.4957386,0.4925496,
1,6,16.159,0.2656502,0.0471412,-1.016813,0.5080338,-0.5035241,0.4957511,0.4925405,
1,6,16.161,0.2656502,0.0471412,-1.016813,0.5080338,-0.5035241,0.4957511,0.4925405,
1,6,16.163,0.2656502,0.0471412,-1.016813,0.5080338,-0.5035241,0.4957511,0.4925405,
1,6,16.165,0.2656502,0.0471412,-1.016813,0.5080338,-0.5035241,0.4957511,0.4925405,
1,6,16.167,0.2656502,0.0471412,-1.016813,0.5080338,-0.5035241,0.4957511,0.4925405,
1,6,16.169,0.2656486,0.04708984,-1.016808,0.5080083,-0.5035449,0.4957355,0.4925612,
1,6,16.171,0.2656486,0.04708984,-1.016808,0.5080083,-0.5035449,0.4957355,0.4925612,
1,6,16.173,0.2656486,0.04708984,-1.016808,0.5080083,-0.5035449,0.4957355,0.4925612,
1,6,16.175,0.2656486,0.04708984,-1.016808,0.5080083,-0.5035449,0.4957355,0.4925612,
1,6,16.177,0.265655,0.04710683,-1.016778,0.5080186,-0.5035483,0.4957497,0.4925329,
1,6,16.179,0.265655,0.04710683,-1.016778,0.5080186,-0.5035483,0.4957497,0.4925329,
1,6,16.181,0.265655,0.04710683,-1.016778,0.5080186,-0.5035483,0.4957497,0.4925329,CourtEnter
1,6,16.183,0.265655,0.04710683,-1.016778,0.5080186,-0.5035483,0.4957497,0.4925329,
1,6,16.185,0.2656572,0.04711598,-1.016718,0.5080088,-0.5035681,0.4957677,0.4925044,
1,6,16.187,0.2656572,0.04711598,-1.016718,0.5080088,-0.5035681,0.4957677,0.4925044,
1,6,16.189,0.2656572,0.04711598,-1.016718,0.5080088,-0.5035681,0.4957677,0.4925044,CourtExit
1,6,16.191,0.2656572,0.04711598,-1.016718,0.5080088,-0.5035681,0.4957677,0.4925044,
1,6,16.193,0.265664,0.04714619,-1.016665,0.5079912,-0.5035804,0.4957974,0.4924802,
1,6,16.195,0.265664,0.04714619,-1.016665,0.5079912,-0.5035804,0.4957974,0.4924802,
1,6,16.197,0.265664,0.04714619,-1.016665,0.5079912,-0.5035804,0.4957974,0.4924802,
1,6,16.199,0.265664,0.04714619,-1.016665,0.5079912,-0.5035804,0.4957974,0.4924802,
1,6,16.201,0.2656462,0.04719205,-1.016756,0.5080611,-0.5035571,0.4957643,0.4924653,
1,6,16.203,0.2656462,0.04719205,-1.016756,0.5080611,-0.5035571,0.4957643,0.4924653,
1,6,16.205,0.2656462,0.04719205,-1.016756,0.5080611,-0.5035571,0.4957643,0.4924653,
1,6,16.207,0.2656462,0.04719205,-1.016756,0.5080611,-0.5035571,0.4957643,0.4924653,
1,6,16.209,0.2656225,0.04721382,-1.017025,0.5081781,-0.5034605,0.4956674,0.4925408,
1,6,16.211,0.2656225,0.04721382,-1.017025,0.5081781,-0.5034605,0.4956674,0.4925408,
1,6,16.213,0.2656225,0.04721382,-1.017025,0.5081781,-0.5034605,0.4956674,0.4925408,
1,6,16.215,0.2656225,0.04721382,-1.017025,0.5081781,-0.5034605,0.4956674,0.4925408,
1,6,16.217,0.2656225,0.04721382,-1.017025,0.5081781,-0.5034605,0.4956674,0.4925408,
1,6,16.219,0.2656282,0.04724462,-1.016992,0.5081878,-0.5034401,0.4956875,0.4925314,
1,6,16.221,0.2656282,0.04724462,-1.016992,0.5081878,-0.5034401,0.4956875,0.4925314,
1,6,16.223,0.2656282,0.04724462,-1.016992,0.5081878,-0.5034401,0.4956875,0.4925314,
1,6,16.225,0.2656282,0.04724462,-1.016992,0.5081878,-0.5034401,0.4956875,0.4925314,
1,6,16.227,0.2656439,0.04724591,-1.016996,0.5081993,-0.5034753,0.4956603,0.4925109,
1,6,16.229,0.2656439,0.04724591,-1.016996,0.5081993,-0.5034753,0.4956603,0.4925109,
1,6,16.231,0.2656439,0.04724591,-1.016996,0.5081993,-0.5034753,0.4956603,0.4925109,
1,6,16.233,0.2656439,0.04724591,-1.016996,0.5081993,-0.5034753,0.4956603,0.4925109,
1,6,16.235,0.2656339,0.04721816,-1.01705,0.5082213,-0.5034455,0.4956483,0.4925308,
1,6,16.237,0.2656339,0.04721816,-1.01705,0.5082213,-0.5034455,0.4956483,0.4925308,
1,6,16.239,0.2656339,0.04721816,-1.01705,0.5082213,-0.5034455,0.4956483,0.4925308,
1,6,16.241,0.2656339,0.04721816,-1.01705,0.5082213,-0.5034455,0.4956483,0.4925308,
1,6,16.243,0.2656417,0.04714344,-1.016929,0.5081285,-0.5034988,0.4956737,0.4925465,
1,6,16.245,0.2656417,0.04714344,-1.016929,0.5081285,-0.5034988,0.4956737,0.4925465,
1,6,16.247,0.2656417,0.04714344,-1.016929,0.5081285,-0.5034988,0.4956737,0.4925465,
1,6,16.249,0.2656417,0.04714344,-1.016929,0.5081285,-0.5034988,0.4956737,0.4925465,
1,6,16.251,0.2656474,0.04716595,-1.016786,0.5080995,-0.5035598,0.4957083,0.4924793,
1,6,16.253,0.2656474,0.04716595,-1.016786,0.5080995,-0.5035598,0.4957083,0.4924793,
1,6,16.255,0.2656474,0.04716595,-1.016786,0.5080995,-0.5035598,0.4957083,0.4924793,
1,6,16.257,0.2656474,0.04716595,-1.016786,0.5080995,-0.5035598,0.4957083,0.4924793,
1,6,16.259,0.2656562,0.04716618,-1.016698,0.5080256,-0.5035562,0.4957877,0.4924792,
1,6,16.261,0.2656562,0.04716618,-1.016698,0.5080256,-0.5035562,0.4957877,0.4924792,
1,6,16.263,0.2656562,0.04716618,-1.016698,0.5080256,-0.5035562,0.4957877,0.4924792,
1,6,16.265,0.2656562,0.04716618,-1.016698,0.5080256,-0.5035562,0.4957877,0.4924792,
1,6,16.267,0.2656562,0.04716618,-1.016698,0.5080256,-0.5035562,0.4957877,0.4924792,
1,6,16.269,0.2656453,0.04721279,-1.016683,0.5080545,-0.5035217,0.4957961,0.4924763,
1,6,16.271,0.2656453,0.04721279,-1.016683,0.5080545,-0.5035217,0.4957961,0.4924763,
1,6,16.273,0.2656453,0.04721279,-1.016683,0.5080545,-0.5035217,0.4957961,0.4924763,
1,6,16.275,0.2656453,0.04721279,-1.016683,0.5080545,-0.5035217,0.4957961,0.4924763,
1,6,16.277,0.2656454,0.04720603,-1.016655,0.5081271,-0.5036063,0.4956966,0.4924149,
1,6,16.279,0.2656454,0.04720603,-1.016655,0.5081271,-0.5036063,0.4956966,0.4924149,
1,6,16.281,0.2656454,0.04720603,-1.016655,0.5081271,-0.5036063,0.4956966,0.4924149,
1,6,16.283,0.2656454,0.04720603,-1.016655,0.5081271,-0.5036063,0.4956966,0.4924149,
1,6,16.285,0.2656226,0.04721654,-1.016772,0.5081803,-0.5036346,0.4956289,0.4923994,
1,6,16.287,0.2656226,0.04721654,-1.016772,0.5081803,-0.5036346,0.4956289,0.4923994,
1,6,16.289,0.2656226,0.04721654,-1.016772,0.5081803,-0.5036346,0.4956289,0.4923994,
1,6,16.291,0.2656226,0.04721654,-1.016772,0.5081803,-0.5036346,0.4956289,0.4923994,
1,6,16.293,0.265645,0.04723322,-1.016529,0.5080611,-0.5036648,0.4957765,0.4923429,
1,6,16.295,0.265645,0.04723322,-1.016529,0.5080611,-0.5036648,0.4957765,0.4923429,
1,6,16.297,0.265645,0.04723322,-1.016529,0.5080611,-0.5036648,0.4957765,0.4923429,
1,6,16.299,0.265645,0.04723322,-1.016529,0.5080611,-0.5036648,0.4957765,0.4923429,
1,6,16.301,0.2656666,0.04712882,-1.016605,0.5079791,-0.5036332,0.4957994,0.4924367,
1,6,16.303,0.2656666,0.04712882,-1.016605,0.5079791,-0.5036332,0.4957994,0.4924367,
1,6,16.305,0.2656666,0.04712882,-1.016605,0.5079791,-0.5036332,0.4957994,0.4924367,
1,6,16.307,0.2656666,0.04712882,-1.016605,0.5079791,-0.5036332,0.4957994,0.4924367,
1,6,16.309,0.2656592,0.04707597,-1.016732,0.5079827,-0.5035707,0.4957702,0.4925263,
1,6,16.311,0.2656592,0.04707597,-1.016732,0.5079827,-0.5035707,0.4957702,0.4925263,
1,6,16.313,0.2656592,0.04707597,-1.016732,0.5079827,-0.5035707,0.4957702,0.4925263,
1,6,16.315,0.2656592,0.04707597,-1.016732,0.5079827,-0.5035707,0.4957702,0.4925263,
1,6,16.317,0.2656592,0.04707597,-1.016732,0.5079827,-0.5035707,0.4957702,0.4925263,
1,6,16.319,0.2656627,0.04711019,-1.016756,0.5080046,-0.5035396,0.495777,0.4925286,
1,6,16.321,0.2656627,0.04711019,-1.016756,0.5080046,-0.5035396,0.495777,0.4925286,
1,6,16.323,0.2656627,0.04711019,-1.016756,0.5080046,-0.5035396,0.495777,0.4925286,
1,6,16.325,0.2656627,0.04711019,-1.016756,0.5080046,-0.5035396,0.495777,0.4925286,
1,6,16.327,0.2656585,0.04712575,-1.01672,0.5079967,-0.5035421,0.4957844,0.4925268,
1,6,16.329,0.2656585,0.04712575,-1.01672,0.5079967,-0.5035421,0.4957844,0.4925268,
1,6,16.331,0.2656585,0.04712575,-1.01672,0.5079967,-0.5035421,0.4957844,0.4925268,
1,6,16.333,0.2656585,0.04712575,-1.01672,0.5079967,-0.5035421,0.4957844,0.4925268,
1,6,16.335,0.2656492,0.04710937,-1.016633,0.5079378,-0.5035629,0.4958316,0.4925186,
1,6,16.337,0.2656492,0.04710937,-1.016633,0.5079378,-0.5035629,0.4958316,0.4925186,
1,6,16.339,0.2656492,0.04710937,-1.016633,0.5079378,-0.5035629,0.4958316,0.4925186,
1,6,16.341,0.2656492,0.04710937,-1.016633,0.5079378,-0.5035629,0.4958316,0.4925186,
1,6,16.343,0.2656178,0.0472072,-1.016754,0.5080825,-0.5035689,0.4957354,0.4924601,
1,6,16.345,0.2656178,0.0472072,-1.016754,0.5080825,-0.5035689,0.4957354,0.4924601,
1,6,16.347,0.2656178,0.0472072,-1.016754,0.5080825,-0.5035689,0.4957354,0.4924601,
1,6,16.349,0.2656178,0.0472072,-1.016754,0.5080825,-0.5035689,0.4957354,0.4924601,
1,6,16.351,0.2656333,0.04725841,-1.016675,0.5080894,-0.5035663,0.4957811,0.4924098,
1,6,16.353,0.2656333,0.04725841,-1.016675,0.5080894,-0.5035663,0.4957811,0.4924098,
1,6,16.355,0.2656333,0.04725841,-1.016675,0.5080894,-0.5035663,0.4957811,0.4924098,
1,6,16.357,0.2656333,0.04725841,-1.016675,0.5080894,-0.5035663,0.4957811,0.4924098,
1,6,16.359,0.2656301,0.04728681,-1.016684,0.5081086,-0.5035524,0.4957879,0.4923972,
1,6,16.361,0.2656301,0.04728681,-1.016684,0.5081086,-0.5035524,0.4957879,0.4923972,
1,6,16.363,0.2656301,0.04728681,-1.016684,0.5081086,-0.5035524,0.4957879,0.4923972,
1,6,16.365,0.2656301,0.04728681,-1.016684,0.5081086,-0.5035524,0.4957879,0.4923972,
1,6,16.367,0.2656301,0.04728681,-1.016684,0.5081086,-0.5035524,0.4957879,0.4923972,
1,6,16.369,0.2656289,0.0472633,-1.016708,0.5081061,-0.5035602,0.4957662,0.4924138,
1,6,16.371,0.2656289,0.0472633,-1.016708,0.5081061,-0.5035602,0.4957662,0.4924138,
1,6,16.373,0.2656289,0.0472633,-1.016708,0.5081061,-0.5035602,0.4957662,0.4924138,
1,6,16.375,0.2656289,0.0472633,-1.016708,0.5081061,-0.5035602,0.4957662,0.4924138,
1,6,16.377,0.2656235,0.04724203,-1.016676,0.5080873,-0.5035805,0.4957666,0.4924119,
1,6,16.379,0.2656235,0.04724203,-1.016676,0.5080873,-0.5035805,0.4957666,0.4924119,
1,6,16.381,0.2656235,0.04724203,-1.016676,0.5080873,-0.5035805,0.4957666,0.4924119,
1,6,16.383,0.2656235,0.04724203,-1.016676,0.5080873,-0.5035805,0.4957666,0.4924119,
1,6,16.385,0.2656145,0.04730903,-1.01668,0.5080834,-0.5035285,0.4958196,0.4924158,
1,6,16.387,0.2656145,0.04730903,-1.01668,0.5080834,-0.5035285,0.4958196,0.4924158,
1,6,16.389,0.2656145,0.04730903,-1.01668,0.5080834,-0.5035285,0.4958196,0.4924158,
1,6,16.391,0.2656145,0.04730903,-1.01668,0.5080834,-0.5035285,0.4958196,0.4924158,
1,6,16.393,0.2656257,0.0472516,-1.016651,0.5080451,-0.5035604,0.4958141,0.4924283,
1,6,16.395,0.2656257,0.0472516,-1.016651,0.5080451,-0.5035604,0.4958141,0.4924283,
1,6,16.397,0.2656257,0.0472516,-1.016651,0.5080451,-0.5035604,0.4958141,0.4924283,
1,6,16.399,0.2656257,0.0472516,-1.016651,0.5080451,-0.5035604,0.4958141,0.4924283,
1,6,16.401,0.2656316,0.04722879,-1.016676,0.5080609,-0.5035765,0.4957801,0.4924296,
1,6,16.403,0.2656316,0.04722879,-1.016676,0.5080609,-0.5035765,0.4957801,0.4924296,
1,6,16.405,0.2656316,0.04722879,-1.016676,0.5080609,-0.5035765,0.4957801,0.4924296,
1,6,16.407,0.2656316,0.04722879,-1.016676,0.5080609,-0.5035765,0.4957801,0.4924296,
1,6,16.409,0.2656318,0.04729808,-1.016671,0.5080726,-0.5035132,0.4958358,0.4924262,
1,6,16.411,0.2656318,0.04729808,-1.016671,0.5080726,-0.5035132,0.4958358,0.4924262,
1,6,16.413,0.2656318,0.04729808,-1.016671,0.5080726,-0.5035132,0.4958358,0.4924262,
1,6,16.415,0.2656318,0.04729808,-1.016671,0.5080726,-0.5035132,0.4958358,0.4924262,
1,6,16.417,0.2656318,0.04729808,-1.016671,0.5080726,-0.5035132,0.4958358,0.4924262,
1,6,16.419,0.2656304,0.0472949,-1.016682,0.5081009,-0.5035279,0.4958107,0.4924073,
1,6,16.421,0.2656304,0.0472949,-1.016682,0.5081009,-0.5035279,0.4958107,0.4924073,
1,6,16.423,0.2656304,0.0472949,-1.016682,0.5081009,-0.5035279,0.4958107,0.4924073,
1,6,16.425,0.2656304,0.0472949,-1.016682,0.5081009,-0.5035279,0.4958107,0.4924073,
1,6,16.427,0.2656266,0.04722927,-1.016678,0.5080788,-0.5035738,0.4957628,0.4924314,
1,6,16.429,0.2656266,0.04722927,-1.016678,0.5080788,-0.5035738,0.4957628,0.4924314,
1,6,16.431,0.2656266,0.04722927,-1.016678,0.5080788,-0.5035738,0.4957628,0.4924314,
1,6,16.433,0.2656266,0.04722927,-1.016678,0.5080788,-0.5035738,0.4957628,0.4924314,
1,6,16.435,0.2656223,0.04723578,-1.016665,0.5080765,-0.5035791,0.4957659,0.4924253,
1,6,16.437,0.2656223,0.04723578,-1.016665,0.5080765,-0.5035791,0.4957659,0.4924253,
1,6,16.439,0.2656223,0.04723578,-1.016665,0.5080765,-0.5035791,0.4957659,0.4924253,
1,6,16.441,0.2656223,0.04723578,-1.016665,0.5080765,-0.5035791,0.4957659,0.4924253,
1,6,16.443,0.2656411,0.04728056,-1.016711,0.5081329,-0.5035487,0.495756,0.492408,
1,6,16.445,0.2656411,0.04728056,-1.016711,0.5081329,-0.5035487,0.495756,0.492408,
1,6,16.447,0.2656411,0.04728056,-1.016711,0.5081329,-0.5035487,0.495756,0.492408,
1,6,16.449,0.2656411,0.04728056,-1.016711,0.5081329,-0.5035487,0.495756,0.492408,
1,6,16.451,0.2656295,0.04728274,-1.016692,0.5081172,-0.503561,0.495777,0.4923905,
1,6,16.453,0.2656295,0.04728274,-1.016692,0.5081172,-0.503561,0.495777,0.4923905,
1,6,16.455,0.2656295,0.04728274,-1.016692,0.5081172,-0.503561,0.495777,0.4923905,
1,6,16.457,0.2656295,0.04728274,-1.016692,0.5081172,-0.503561,0.495777,0.4923905,
1,6,16.459,0.2656282,0.04725035,-1.016676,0.5080904,-0.5035697,0.4957851,0.4924012,
1,6,16.461,0.2656282,0.04725035,-1.016676,0.5080904,-0.5035697,0.4957851,0.4924012,
1,6,16.463,0.2656282,0.04725035,-1.016676,0.5080904,-0.5035697,0.4957851,0.4924012,
1,6,16.465,0.2656282,0.04725035,-1.016676,0.5080904,-0.5035697,0.4957851,0.4924012,
1,6,16.467,0.2656282,0.04725035,-1.016676,0.5080904,-0.5035697,0.4957851,0.4924012,
1,6,16.469,0.2656254,0.04729476,-1.016667,0.5080986,-0.5035492,0.4958122,0.4923865,
1,6,16.471,0.2656254,0.04729476,-1.016667,0.5080986,-0.5035492,0.4958122,0.4923865,
1,6,16.473,0.2656254,0.04729476,-1.016667,0.5080986,-0.5035492,0.4958122,0.4923865,
1,6,16.475,0.2656254,0.04729476,-1.016667,0.5080986,-0.5035492,0.4958122,0.4923865,
1,6,16.477,0.2656429,0.04726666,-1.016672,0.5081003,-0.5035576,0.4957909,0.4923976,
1,6,16.479,0.2656429,0.04726666,-1.016672,0.5081003,-0.5035576,0.4957909,0.4923976,
1,6,16.481,0.2656429,0.04726666,-1.016672,0.5081003,-0.5035576,0.4957909,0.4923976,
1,6,16.483,0.2656429,0.04726666,-1.016672,0.5081003,-0.5035576,0.4957909,0.4923976,
1,6,16.485,0.2656229,0.0472662,-1.016668,0.5080814,-0.5035593,0.4957944,0.4924116,
1,6,16.487,0.2656229,0.0472662,-1.016668,0.5080814,-0.5035593,0.4957944,0.4924116,
1,6,16.489,0.2656229,0.0472662,-1.016668,0.5080814,-0.5035593,0.4957944,0.4924116,
1,6,16.491,0.2656229,0.0472662,-1.016668,0.5080814,-0.5035593,0.4957944,0.4924116,
1,6,16.493,0.2656239,0.04726687,-1.01666,0.5080695,-0.5035605,0.4958075,0.4924095,
1,6,16.495,0.2656239,0.04726687,-1.01666,0.5080695,-0.5035605,0.4958075,0.4924095,
1,6,16.497,0.2656239,0.04726687,-1.01666,0.5080695,-0.5035605,0.4958075,0.4924095,
1,6,16.499,0.2656239,0.04726687,-1.01666,0.5080695,-0.5035605,0.4958075,0.4924095,
1,6,16.501,0.2656254,0.04724131,-1.016654,0.5080724,-0.5035819,0.4957824,0.4924101,
1,6,16.503,0.2656254,0.04724131,-1.016654,0.5080724,-0.5035819,0.4957824,0.4924101,
1,6,16.505,0.2656254,0.04724131,-1.016654,0.5080724,-0.5035819,0.4957824,0.4924101,
1,6,16.507,0.2656254,0.04724131,-1.016654,0.5080724,-0.5035819,0.4957824,0.4924101,
1,6,16.509,0.2656409,0.04724881,-1.016653,0.508072,-0.5035548,0.4957981,0.4924222,
1,6,16.511,0.2656409,0.04724881,-1.016653,0.508072,-0.5035548,0.4957981,0.4924222,
1,6,16.513,0.2656409,0.04724881,-1.016653,0.508072,-0.5035548,0.4957981,0.4924222,
1,6,16.515,0.2656409,0.04724881,-1.016653,0.508072,-0.5035548,0.4957981,0.4924222,
1,6,16.517,0.2656409,0.04724881,-1.016653,0.508072,-0.5035548,0.4957981,0.4924222,
1,6,16.519,0.2655846,0.04741916,-1.016768,0.5082689,-0.5035076,0.4957112,0.4923549,
1,6,16.521,0.2655846,0.04741916,-1.016768,0.5082689,-0.5035076,0.4957112,0.4923549,
1,6,16.523,0.2655846,0.04741916,-1.016768,0.5082689,-0.5035076,0.4957112,0.4923549,
1,6,16.525,0.2655846,0.04741916,-1.016768,0.5082689,-0.5035076,0.4957112,0.4923549,
1,6,16.527,0.2656263,0.04722575,-1.016828,0.5082197,-0.5035745,0.4956206,0.4924286,
1,6,16.529,0.2656263,0.04722575,-1.016828,0.5082197,-0.5035745,0.4956206,0.4924286,
1,6,16.531,0.2656263,0.04722575,-1.016828,0.5082197,-0.5035745,0.4956206,0.4924286,
1,6,16.533,0.2656263,0.04722575,-1.016828,0.5082197,-0.5035745,0.4956206,0.4924286,
1,6,16.535,0.2656275,0.04718602,-1.01653,0.5080345,-0.5036044,0.4957741,0.4924344,
1,6,16.537,0.2656275,0.04718602,-1.01653,0.5080345,-0.5036044,0.4957741,0.4924344,
1,6,16.539,0.2656275,0.04718602,-1.01653,0.5080345,-0.5036044,0.4957741,0.4924344,
1,6,16.541,0.2656275,0.04718602,-1.01653,0.5080345,-0.5036044,0.4957741,0.4924344,
1,6,16.543,0.2656378,0.047205,-1.0166,0.5080565,-0.5035851,0.4957716,0.4924341,
1,6,16.545,0.2656378,0.047205,-1.0166,0.5080565,-0.5035851,0.4957716,0.4924341,
1,6,16.547,0.2656378,0.047205,-1.0166,0.5080565,-0.5035851,0.4957716,0.4924341,
1,6,16.549,0.2656378,0.047205,-1.0166,0.5080565,-0.5035851,0.4957716,0.4924341,
1,6,16.551,0.265615,0.04722768,-1.01667,0.5080887,-0.5035678,0.4957429,0.4924473,
1,6,16.553,0.265615,0.04722768,-1.01667,0.5080887,-0.5035678,0.4957429,0.4924473,
1,6,16.555,0.265615,0.04722768,-1.01667,0.5080887,-0.5035678,0.4957429,0.4924473,
1,6,16.557,0.265615,0.04722768,-1.01667,0.5080887,-0.5035678,0.4957429,0.4924473,
1,6,16.559,0.2655933,0.04691936,-1.01672,0.5080048,-0.5036491,0.4956209,0.4925736,
1,6,16.561,0.2655933,0.04691936,-1.01672,0.5080048,-0.5036491,0.4956209,0.4925736,
1,6,16.563,0.2655933,0.04691936,-1.01672,0.5080048,-0.5036491,0.4956209,0.4925736,
1,6,16.565,0.2655933,0.04691936,-1.01672,0.5080048,-0.5036491,0.4956209,0.4925736,
1,6,16.567,0.2655933,0.04691936,-1.01672,0.5080048,-0.5036491,0.4956209,0.4925736,
1,6,16.569,0.2656339,0.04694989,-1.016677,0.5076647,-0.5033951,0.4959437,0.4928587,
1,6,16.571,0.2656339,0.04694989,-1.016677,0.5076647,-0.5033951,0.4959437,0.4928587,
1,6,16.573,0.2656339,0.04694989,-1.016677,0.5076647,-0.5033951,0.4959437,0.4928587,
1,6,16.575,0.2656339,0.04694989,-1.016677,0.5076647,-0.5033951,0.4959437,0.4928587,
1,6,16.577,0.2656046,0.04692709,-1.016727,0.5076703,-0.5033449,0.4959625,0.4928854,
1,6,16.579,0.2656046,0.04692709,-1.016727,0.5076703,-0.5033449,0.4959625,0.4928854,
1,6,16.581,0.2656046,0.04692709,-1.016727,0.5076703,-0.5033449,0.4959625,0.4928854,
1,6,16.583,0.2656046,0.04692709,-1.016727,0.5076703,-0.5033449,0.4959625,0.4928854,
1,6,16.585,0.2656052,0.04703001,-1.016656,0.5080262,-0.5036759,0.4956319,0.492513,
1,6,16.587,0.2656052,0.04703001,-1.016656,0.5080262,-0.5036759,0.4956319,0.492513,
1,6,16.589,0.2656052,0.04703001,-1.016656,0.5080262,-0.5036759,0.4956319,0.492513,
1,6,16.591,0.2656052,0.04703001,-1.016656,0.5080262,-0.5036759,0.4956319,0.492513,
1,6,16.593,0.2656219,0.04689031,-1.016649,0.5079596,-0.5036871,0.49561,0.4925922,
1,6,16.595,0.2656219,0.04689031,-1.016649,0.5079596,-0.5036871,0.49561,0.4925922,
1,6,16.597,0.2656219,0.04689031,-1.016649,0.5079596,-0.5036871,0.49561,0.4925922,
1,6,16.599,0.2656219,0.04689031,-1.016649,0.5079596,-0.5036871,0.49561,0.4925922,
1,6,16.601,0.2656121,0.04638362,-1.018598,0.5065418,-0.5015323,0.4964686,0.4953783,
1,6,16.603,0.2656121,0.04638362,-1.018598,0.5065418,-0.5015323,0.4964686,0.4953783,
1,6,16.605,0.2656121,0.04638362,-1.018598,0.5065418,-0.5015323,0.4964686,0.4953783,
1,6,16.607,0.2656121,0.04638362,-1.018598,0.5065418,-0.5015323,0.4964686,0.4953783,
1,6,16.609,0.2655588,0.04628284,-1.022948,0.5064124,-0.4984367,0.496031,0.4990598,
1,6,16.611,0.2655588,0.04628284,-1.022948,0.5064124,-0.4984367,0.496031,0.4990598,
1,6,16.613,0.2655588,0.04628284,-1.022948,0.5064124,-0.4984367,0.496031,0.4990598,
1,6,16.615,0.2655588,0.04628284,-1.022948,0.5064124,-0.4984367,0.496031,0.4990598,
1,6,16.617,0.2655588,0.04628284,-1.022948,0.5064124,-0.4984367,0.496031,0.4990598,
1,6,16.619,0.2656242,0.04592188,-1.025805,0.5060589,-0.4964174,0.4958349,0.5016195,
1,6,16.621,0.2656242,0.04592188,-1.025805,0.5060589,-0.4964174,0.4958349,0.5016195,
1,6,16.623,0.2656242,0.04592188,-1.025805,0.5060589,-0.4964174,0.4958349,0.5016195,
1,6,16.625,0.2656242,0.04592188,-1.025805,0.5060589,-0.4964174,0.4958349,0.5016195,
1,6,16.627,0.2658985,0.04572405,-1.027107,0.5049478,-0.4948662,0.496187,0.5039183,
1,6,16.629,0.2658985,0.04572405,-1.027107,0.5049478,-0.4948662,0.496187,0.5039183,
1,6,16.631,0.2658985,0.04572405,-1.027107,0.5049478,-0.4948662,0.496187,0.5039183,
1,6,16.633,0.2658985,0.04572405,-1.027107,0.5049478,-0.4948662,0.496187,0.5039183,
1,6,16.635,0.2662324,0.04568972,-1.028528,0.5028061,-0.4926345,0.4971065,0.5073289,
1,6,16.637,0.2662324,0.04568972,-1.028528,0.5028061,-0.4926345,0.4971065,0.5073289,
1,6,16.639,0.2662324,0.04568972,-1.028528,0.5028061,-0.4926345,0.4971065,0.5073289,
1,6,16.641,0.2662324,0.04568972,-1.028528,0.5028061,-0.4926345,0.4971065,0.5073289,
1,6,16.643,0.2662537,0.04585263,-1.029224,0.4989362,-0.4898534,0.4995205,0.5114545,
1,6,16.645,0.2662537,0.04585263,-1.029224,0.4989362,-0.4898534,0.4995205,0.5114545,
1,6,16.647,0.2662537,0.04585263,-1.029224,0.4989362,-0.4898534,0.4995205,0.5114545,
1,6,16.649,0.2662537,0.04585263,-1.029224,0.4989362,-0.4898534,0.4995205,0.5114545,
1,6,16.651,0.2662093,0.04570917,-1.029334,0.4949269,-0.4875051,0.5019832,0.5151688,
1,6,16.653,0.2662093,0.04570917,-1.029334,0.4949269,-0.4875051,0.5019832,0.5151688,
1,6,16.655,0.2662093,0.04570917,-1.029334,0.4949269,-0.4875051,0.5019832,0.5151688,
1,6,16.657,0.2662093,0.04570917,-1.029334,0.4949269,-0.4875051,0.5019832,0.5151688,
1,6,16.659,0.2661953,0.04518319,-1.029395,0.4922299,-0.4861839,0.5032488,0.5177602,
1,6,16.661,0.2661953,0.04518319,-1.029395,0.4922299,-0.4861839,0.5032488,0.5177602,
1,6,16.663,0.2661953,0.04518319,-1.029395,0.4922299,-0.4861839,0.5032488,0.5177602,
1,6,16.665,0.2661953,0.04518319,-1.029395,0.4922299,-0.4861839,0.5032488,0.5177602,
1,6,16.667,0.2661953,0.04518319,-1.029395,0.4922299,-0.4861839,0.5032488,0.5177602,
1,6,16.669,0.2662292,0.04477343,-1.028868,0.4914848,-0.4864782,0.5034674,0.517979,
1,6,16.671,0.2662292,0.04477343,-1.028868,0.4914848,-0.4864782,0.5034674,0.517979,
1,6,16.673,0.2662292,0.04477343,-1.028868,0.4914848,-0.4864782,0.5034674,0.517979,
1,6,16.675,0.2662292,0.04477343,-1.028868,0.4914848,-0.4864782,0.5034674,0.517979,
1,6,16.677,0.2663243,0.04497162,-1.027828,0.4943129,-0.4886881,0.5023975,0.5142329,
1,6,16.679,0.2663243,0.04497162,-1.027828,0.4943129,-0.4886881,0.5023975,0.5142329,
1,6,16.681,0.2663243,0.04497162,-1.027828,0.4943129,-0.4886881,0.5023975,0.5142329,
1,6,16.683,0.2663243,0.04497162,-1.027828,0.4943129,-0.4886881,0.5023975,0.5142329,
1,6,16.685,0.2664452,0.0447355,-1.027167,0.5018086,-0.4938068,0.4981675,0.5061345,
1,6,16.687,0.2664452,0.0447355,-1.027167,0.5018086,-0.4938068,0.4981675,0.5061345,
1,6,16.689,0.2664452,0.0447355,-1.027167,0.5018086,-0.4938068,0.4981675,0.5061345,
1,6,16.691,0.2664452,0.0447355,-1.027167,0.5018086,-0.4938068,0.4981675,0.5061345,
1,6,16.693,0.267068,0.04533472,-1.025483,0.511022,-0.502097,0.4908436,0.4958102,
1,6,16.695,0.267068,0.04533472,-1.025483,0.511022,-0.502097,0.4908436,0.4958102,
1,6,16.697,0.267068,0.04533472,-1.025483,0.511022,-0.502097,0.4908436,0.4958102,
1,6,16.699,0.267068,0.04533472,-1.025483,0.511022,-0.502097,0.4908436,0.4958102,
1,6,16.701,0.2682503,0.04825079,-1.022522,0.5153943,-0.5088053,0.4865495,0.4886261,
1,6,16.703,0.2682503,0.04825079,-1.022522,0.5153943,-0.5088053,0.4865495,0.4886261,
1,6,16.705,0.2682503,0.04825079,-1.022522,0.5153943,-0.5088053,0.4865495,0.4886261,
1,6,16.707,0.2682503,0.04825079,-1.022522,0.5153943,-0.5088053,0.4865495,0.4886261,
1,6,16.709,0.2701465,0.05052605,-1.017679,0.5166767,-0.5134,0.486671,0.4823038,
1,6,16.711,0.2701465,0.05052605,-1.017679,0.5166767,-0.5134,0.486671,0.4823038,
1,6,16.713,0.2701465,0.05052605,-1.017679,0.5166767,-0.5134,0.486671,0.4823038,
1,6,16.715,0.2701465,0.05052605,-1.017679,0.5166767,-0.5134,0.486671,0.4823038,
1,6,16.717,0.2701465,0.05052605,-1.017679,0.5166767,-0.5134,0.486671,0.4823038,
1,6,16.719,0.2720103,0.05121684,-1.012156,0.5131851,-0.5137559,0.4918802,0.4803643,
1,6,16.721,0.2720103,0.05121684,-1.012156,0.5131851,-0.5137559,0.4918802,0.4803643,
1,6,16.723,0.2720103,0.05121684,-1.012156,0.5131851,-0.5137559,0.4918802,0.4803643,
1,6,16.725,0.2720103,0.05121684,-1.012156,0.5131851,-0.5137559,0.4918802,0.4803643,
1,6,16.727,0.273398,0.05217114,-1.007048,0.5066938,-0.5100718,0.5005271,0.4822455,
1,6,16.729,0.273398,0.05217114,-1.007048,0.5066938,-0.5100718,0.5005271,0.4822455,
1,6,16.731,0.273398,0.05217114,-1.007048,0.5066938,-0.5100718,0.5005271,0.4822455,
1,6,16.733,0.273398,0.05217114,-1.007048,0.5066938,-0.5100718,0.5005271,0.4822455,
1,6,16.735,0.2744058,0.05471695,-1.002011,0.4986276,-0.5049447,0.5099717,0.486138,
1,6,16.737,0.2744058,0.05471695,-1.002011,0.4986276,-0.5049447,0.5099717,0.486138,
1,6,16.739,0.2744058,0.05471695,-1.002011,0.4986276,-0.5049447,0.5099717,0.486138,
1,6,16.741,0.2744058,0.05471695,-1.002011,0.4986276,-0.5049447,0.5099717,0.486138,
1,6,16.743,0.2759171,0.05764049,-0.9962624,0.4934663,-0.5034489,0.5163549,0.4862179,
1,6,16.745,0.2759171,0.05764049,-0.9962624,0.4934663,-0.5034489,0.5163549,0.4862179,
1,6,16.747,0.2759171,0.05764049,-0.9962624,0.4934663,-0.5034489,0.5163549,0.4862179,
1,6,16.749,0.2759171,0.05764049,-0.9962624,0.4934663,-0.5034489,0.5163549,0.4862179,
1,6,16.751,0.2777442,0.06147511,-0.9907755,0.4925767,-0.5044485,0.5201564,0.4820139,
1,6,16.753,0.2777442,0.06147511,-0.9907755,0.4925767,-0.5044485,0.5201564,0.4820139,
1,6,16.755,0.2777442,0.06147511,-0.9907755,0.4925767,-0.5044485,0.5201564,0.4820139,
1,6,16.757,0.2777442,0.06147511,-0.9907755,0.4925767,-0.5044485,0.5201564,0.4820139,
1,6,16.759,0.2793992,0.06599721,-0.9862288,0.494035,-0.5061178,0.5222518,0.4764737,
1,6,16.761,0.2793992,0.06599721,-0.9862288,0.494035,-0.5061178,0.5222518,0.4764737,
1,6,16.763,0.2793992,0.06599721,-0.9862288,0.494035,-0.5061178,0.5222518,0.4764737,
1,6,16.765,0.2793992,0.06599721,-0.9862288,0.494035,-0.5061178,0.5222518,0.4764737,
1,6,16.767,0.2793992,0.06599721,-0.9862288,0.494035,-0.5061178,0.5222518,0.4764737,
1,6,16.769,0.2807058,0.07173637,-0.9802443,0.495432,-0.5079905,0.5249492,0.4700225,
1,6,16.771,0.2807058,0.07173637,-0.9802443,0.495432,-0.5079905,0.5249492,0.4700225,
1,6,16.773,0.2807058,0.07173637,-0.9802443,0.495432,-0.5079905,0.5249492,0.4700225,
1,6,16.775,0.2807058,0.07173637,-0.9802443,0.495432,-0.5079905,0.5249492,0.4700225,
1,6,16.777,0.2812338,0.07901719,-0.973984,0.4970686,-0.5091806,0.5284054,0.4630828,
1,6,16.779,0.2812338,0.07901719,-0.973984,0.4970686,-0.5091806,0.5284054,0.4630828,
1,6,16.781,0.2812338,0.07901719,-0.973984,0.4970686,-0.5091806,0.5284054,0.4630828,
1,6,16.783,0.2812338,0.07901719,-0.973984,0.4970686,-0.5091806,0.5284054,0.4630828,
1,6,16.785,0.2813196,0.08760892,-0.9673225,0.4985947,-0.5093397,0.5330608,0.4558757,
1,6,16.787,0.2813196,0.08760892,-0.9673225,0.4985947,-0.5093397,0.5330608,0.4558757,
1,6,16.789,0.2813196,0.08760892,-0.9673225,0.4985947,-0.5093397,0.5330608,0.4558757,
1,6,16.791,0.2813196,0.08760892,-0.9673225,0.4985947,-0.5093397,0.5330608,0.4558757,
1,6,16.793,0.2810549,0.0986805,-0.9605165,0.5002968,-0.5076785,0.5391035,0.4487015,
1,6,16.795,0.2810549,0.0986805,-0.9605165,0.5002968,-0.5076785,0.5391035,0.4487015,
1,6,16.797,0.2810549,0.0986805,-0.9605165,0.5002968,-0.5076785,0.5391035,0.4487015,
1,6,16.799,0.2810549,0.0986805,-0.9605165,0.5002968,-0.5076785,0.5391035,0.4487015,
1,6,16.801,0.2803034,0.1122629,-0.9552894,0.5035347,-0.5047891,0.545127,0.440996,
1,6,16.803,0.2803034,0.1122629,-0.9552894,0.5035347,-0.5047891,0.545127,0.440996,
1,6,16.805,0.2803034,0.1122629,-0.9552894,0.5035347,-0.5047891,0.545127,0.440996,
1,6,16.807,0.2803034,0.1122629,-0.9552894,0.5035347,-0.5047891,0.545127,0.440996,
1,6,16.809,0.278585,0.1271141,-0.9492328,0.5078405,-0.5021775,0.5511946,0.4313935,
1,6,16.811,0.278585,0.1271141,-0.9492328,0.5078405,-0.5021775,0.5511946,0.4313935,
1,6,16.813,0.278585,0.1271141,-0.9492328,0.5078405,-0.5021775,0.5511946,0.4313935,
1,6,16.815,0.278585,0.1271141,-0.9492328,0.5078405,-0.5021775,0.5511946,0.4313935,
1,6,16.817,0.278585,0.1271141,-0.9492328,0.5078405,-0.5021775,0.5511946,0.4313935,
1,6,16.819,0.276677,0.1433808,-0.9422677,0.5154674,-0.5015772,0.5548692,0.4181315,
1,6,16.821,0.276677,0.1433808,-0.9422677,0.5154674,-0.5015772,0.5548692,0.4181315,
1,6,16.823,0.276677,0.1433808,-0.9422677,0.5154674,-0.5015772,0.5548692,0.4181315,
1,6,16.825,0.276677,0.1433808,-0.9422677,0.5154674,-0.5015772,0.5548692,0.4181315,
1,6,16.827,0.2755208,0.1605814,-0.9349967,0.5275902,-0.503651,0.5545958,0.4005092,
1,6,16.829,0.2755208,0.1605814,-0.9349967,0.5275902,-0.503651,0.5545958,0.4005092,
1,6,16.831,0.2755208,0.1605814,-0.9349967,0.5275902,-0.503651,0.5545958,0.4005092,
1,6,16.833,0.2755208,0.1605814,-0.9349967,0.5275902,-0.503651,0.5545958,0.4005092,
1,6,16.835,0.2745593,0.1790474,-0.9270257,0.5418782,-0.5070263,0.5517827,0.3805631,
1,6,16.837,0.2745593,0.1790474,-0.9270257,0.5418782,-0.5070263,0.5517827,0.3805631,
1,6,16.839,0.2745593,0.1790474,-0.9270257,0.5418782,-0.5070263,0.5517827,0.3805631,
1,6,16.841,0.2745593,0.1790474,-0.9270257,0.5418782,-0.5070263,0.5517827,0.3805631,
1,6,16.843,0.2739488,0.1984879,-0.9183601,0.5576497,-0.5104941,0.5473601,0.3589143,
1,6,16.845,0.2739488,0.1984879,-0.9183601,0.5576497,-0.5104941,0.5473601,0.3589143,
1,6,16.847,0.2739488,0.1984879,-0.9183601,0.5576497,-0.5104941,0.5473601,0.3589143,
1,6,16.849,0.2739488,0.1984879,-0.9183601,0.5576497,-0.5104941,0.5473601,0.3589143,
1,6,16.851,0.2734854,0.2188869,-0.9089767,0.5745985,-0.5139054,0.5414945,0.3354425,
1,6,16.853,0.2734854,0.2188869,-0.9089767,0.5745985,-0.5139054,0.5414945,0.3354425,
1,6,16.855,0.2734854,0.2188869,-0.9089767,0.5745985,-0.5139054,0.5414945,0.3354425,
1,6,16.857,0.2734854,0.2188869,-0.9089767,0.5745985,-0.5139054,0.5414945,0.3354425,
1,6,16.859,0.2730706,0.2404908,-0.8987339,0.5923058,-0.5165766,0.5346907,0.310529,
1,6,16.861,0.2730706,0.2404908,-0.8987339,0.5923058,-0.5165766,0.5346907,0.310529,
1,6,16.863,0.2730706,0.2404908,-0.8987339,0.5923058,-0.5165766,0.5346907,0.310529,
1,6,16.865,0.2730706,0.2404908,-0.8987339,0.5923058,-0.5165766,0.5346907,0.310529,
1,6,16.867,0.2730706,0.2404908,-0.8987339,0.5923058,-0.5165766,0.5346907,0.310529,
1,6,16.869,0.2730986,0.2624614,-0.8880818,0.6100867,-0.5181196,0.5271376,0.2854334,
1,6,16.871,0.2730986,0.2624614,-0.8880818,0.6100867,-0.5181196,0.5271376,0.2854334,
1,6,16.873,0.2730986,0.2624614,-0.8880818,0.6100867,-0.5181196,0.5271376,0.2854334,
1,6,16.875,0.2730986,0.2624614,-0.8880818,0.6100867,-0.5181196,0.5271376,0.2854334,
1,6,16.877,0.2738423,0.2848166,-0.8773654,0.6272314,-0.5178013,0.5197022,0.2614808,
1,6,16.879,0.2738423,0.2848166,-0.8773654,0.6272314,-0.5178013,0.5197022,0.2614808,
1,6,16.881,0.2738423,0.2848166,-0.8773654,0.6272314,-0.5178013,0.5197022,0.2614808,
1,6,16.883,0.2738423,0.2848166,-0.8773654,0.6272314,-0.5178013,0.5197022,0.2614808,
1,6,16.885,0.2752185,0.307665,-0.8672572,0.6419263,-0.5150325,0.5143158,0.2411458,
1,6,16.887,0.2752185,0.307665,-0.8672572,0.6419263,-0.5150325,0.5143158,0.2411458,
1,6,16.889,0.2752185,0.307665,-0.8672572,0.6419263,-0.5150325,0.5143158,0.2411458,
1,6,16.891,0.2752185,0.307665,-0.8672572,0.6419263,-0.5150325,0.5143158,0.2411458,
1,6,16.893,0.2772133,0.3311583,-0.8570971,0.6519271,-0.509829,0.5136718,0.2262893,
1,6,16.895,0.2772133,0.3311583,-0.8570971,0.6519271,-0.509829,0.5136718,0.2262893,
1,6,16.897,0.2772133,0.3311583,-0.8570971,0.6519271,-0.509829,0.5136718,0.2262893,
1,6,16.899,0.2772133,0.3311583,-0.8570971,0.6519271,-0.509829,0.5136718,0.2262893,
1,6,16.901,0.2795122,0.3549829,-0.8467416,0.6563103,-0.5028474,0.5189254,0.2170659,
1,6,16.903,0.2795122,0.3549829,-0.8467416,0.6563103,-0.5028474,0.5189254,0.2170659,
1,6,16.905,0.2795122,0.3549829,-0.8467416,0.6563103,-0.5028474,0.5189254,0.2170659,
1,6,16.907,0.2795122,0.3549829,-0.8467416,0.6563103,-0.5028474,0.5189254,0.2170659,
1,6,16.909,0.2823973,0.3781049,-0.836141,0.6554677,-0.495745,0.5285001,0.2128063,
1,6,16.911,0.2823973,0.3781049,-0.836141,0.6554677,-0.495745,0.5285001,0.2128063,
1,6,16.913,0.2823973,0.3781049,-0.836141,0.6554677,-0.495745,0.5285001,0.2128063,
1,6,16.915,0.2823973,0.3781049,-0.836141,0.6554677,-0.495745,0.5285001,0.2128063,
1,6,16.917,0.2823973,0.3781049,-0.836141,0.6554677,-0.495745,0.5285001,0.2128063,
1,6,16.919,0.285892,0.4007913,-0.8254278,0.6499871,-0.488765,0.541679,0.2126253,
1,6,16.921,0.285892,0.4007913,-0.8254278,0.6499871,-0.488765,0.541679,0.2126253,
1,6,16.923,0.285892,0.4007913,-0.8254278,0.6499871,-0.488765,0.541679,0.2126253,
1,6,16.925,0.285892,0.4007913,-0.8254278,0.6499871,-0.488765,0.541679,0.2126253,
1,6,16.927,0.28988,0.4225552,-0.8143793,0.6403993,-0.4827825,0.5571027,0.2155141,
1,6,16.929,0.28988,0.4225552,-0.8143793,0.6403993,-0.4827825,0.5571027,0.2155141,
1,6,16.931,0.28988,0.4225552,-0.8143793,0.6403993,-0.4827825,0.5571027,0.2155141,
1,6,16.933,0.28988,0.4225552,-0.8143793,0.6403993,-0.4827825,0.5571027,0.2155141,
1,6,16.935,0.2938386,0.4448388,-0.8031616,0.6294608,-0.4772795,0.5727704,0.2189004,
1,6,16.937,0.2938386,0.4448388,-0.8031616,0.6294608,-0.4772795,0.5727704,0.2189004,
1,6,16.939,0.2938386,0.4448388,-0.8031616,0.6294608,-0.4772795,0.5727704,0.2189004,
1,6,16.941,0.2938386,0.4448388,-0.8031616,0.6294608,-0.4772795,0.5727704,0.2189004,
1,6,16.943,0.2977087,0.4672839,-0.7919795,0.619255,-0.4729818,0.5864366,0.2211416,
1,6,16.945,0.2977087,0.4672839,-0.7919795,0.619255,-0.4729818,0.5864366,0.2211416,
1,6,16.947,0.2977087,0.4672839,-0.7919795,0.619255,-0.4729818,0.5864366,0.2211416,
1,6,16.949,0.2977087,0.4672839,-0.7919795,0.619255,-0.4729818,0.5864366,0.2211416,
1,6,16.951,0.3016354,0.4893879,-0.7811679,0.611535,-0.470831,0.5960913,0.2214008,
1,6,16.953,0.3016354,0.4893879,-0.7811679,0.611535,-0.470831,0.5960913,0.2214008,
1,6,16.955,0.3016354,0.4893879,-0.7811679,0.611535,-0.470831,0.5960913,0.2214008,
1,6,16.957,0.3016354,0.4893879,-0.7811679,0.611535,-0.470831,0.5960913,0.2214008,
1,6,16.959,0.305817,0.5112168,-0.7705039,0.6058417,-0.47043,0.6026961,0.2200202,
1,6,16.961,0.305817,0.5112168,-0.7705039,0.6058417,-0.47043,0.6026961,0.2200202,
1,6,16.963,0.305817,0.5112168,-0.7705039,0.6058417,-0.47043,0.6026961,0.2200202,
1,6,16.965,0.305817,0.5112168,-0.7705039,0.6058417,-0.47043,0.6026961,0.2200202,
1,6,16.967,0.305817,0.5112168,-0.7705039,0.6058417,-0.47043,0.6026961,0.2200202,
1,6,16.969,0.3100892,0.53305,-0.7605744,0.6021362,-0.47129,0.606496,0.2179001,
1,6,16.971,0.3100892,0.53305,-0.7605744,0.6021362,-0.47129,0.606496,0.2179001,
1,6,16.973,0.3100892,0.53305,-0.7605744,0.6021362,-0.47129,0.606496,0.2179001,
1,6,16.975,0.3100892,0.53305,-0.7605744,0.6021362,-0.47129,0.606496,0.2179001,
1,6,16.977,0.3146846,0.5563156,-0.7503002,0.5982658,-0.4726849,0.6099516,0.2158847,
1,6,16.979,0.3146846,0.5563156,-0.7503002,0.5982658,-0.4726849,0.6099516,0.2158847,
1,6,16.981,0.3146846,0.5563156,-0.7503002,0.5982658,-0.4726849,0.6099516,0.2158847,
1,6,16.983,0.3146846,0.5563156,-0.7503002,0.5982658,-0.4726849,0.6099516,0.2158847,
1,6,16.985,0.3187419,0.5748025,-0.7422332,0.5933456,-0.4744173,0.6133004,0.2161757,
1,6,16.987,0.3187419,0.5748025,-0.7422332,0.5933456,-0.4744173,0.6133004,0.2161757,
1,6,16.989,0.3187419,0.5748025,-0.7422332,0.5933456,-0.4744173,0.6133004,0.2161757,
1,6,16.991,0.3187419,0.5748025,-0.7422332,0.5933456,-0.4744173,0.6133004,0.2161757,
1,6,16.993,0.3226022,0.5960532,-0.7335591,0.5859602,-0.4752455,0.6190513,0.2181006,
1,6,16.995,0.3226022,0.5960532,-0.7335591,0.5859602,-0.4752455,0.6190513,0.2181006,
1,6,16.997,0.3226022,0.5960532,-0.7335591,0.5859602,-0.4752455,0.6190513,0.2181006,
1,6,16.999,0.3226022,0.5960532,-0.7335591,0.5859602,-0.4752455,0.6190513,0.2181006,
1,6,17.001,0.3260573,0.6172523,-0.7250303,0.5762855,-0.4754311,0.6265675,0.2219764,
1,6,17.003,0.3260573,0.6172523,-0.7250303,0.5762855,-0.4754311,0.6265675,0.2219764,
1,6,17.005,0.3260573,0.6172523,-0.7250303,0.5762855,-0.4754311,0.6265675,0.2219764,
1,6,17.007,0.3260573,0.6172523,-0.7250303,0.5762855,-0.4754311,0.6265675,0.2219764,
1,6,17.009,0.3292823,0.6384016,-0.7168947,0.5638846,-0.4750531,0.6356491,0.2287116,
1,6,17.011,0.3292823,0.6384016,-0.7168947,0.5638846,-0.4750531,0.6356491,0.2287116,
1,6,17.013,0.3292823,0.6384016,-0.7168947,0.5638846,-0.4750531,0.6356491,0.2287116,
1,6,17.015,0.3292823,0.6384016,-0.7168947,0.5638846,-0.4750531,0.6356491,0.2287116,
1,6,17.017,0.3292823,0.6384016,-0.7168947,0.5638846,-0.4750531,0.6356491,0.2287116,
1,6,17.019,0.3321786,0.659448,-0.7096347,0.5510904,-0.4740022,0.6447157,0.2365651,
1,6,17.021,0.3321786,0.659448,-0.7096347,0.5510904,-0.4740022,0.6447157,0.2365651,
1,6,17.023,0.3321786,0.659448,-0.7096347,0.5510904,-0.4740022,0.6447157,0.2365651,
1,6,17.025,0.3321786,0.659448,-0.7096347,0.5510904,-0.4740022,0.6447157,0.2365651,
1,6,17.027,0.3352126,0.6794951,-0.7036365,0.5394188,-0.4729735,0.6521412,0.2450212,
1,6,17.029,0.3352126,0.6794951,-0.7036365,0.5394188,-0.4729735,0.6521412,0.2450212,
1,6,17.031,0.3352126,0.6794951,-0.7036365,0.5394188,-0.4729735,0.6521412,0.2450212,
1,6,17.033,0.3352126,0.6794951,-0.7036365,0.5394188,-0.4729735,0.6521412,0.2450212,
1,6,17.035,0.3375975,0.6996811,-0.6983166,0.5288232,-0.4720323,0.658336,0.2532297,
1,6,17.037,0.3375975,0.6996811,-0.6983166,0.5288232,-0.4720323,0.658336,0.2532297,
1,6,17.039,0.3375975,0.6996811,-0.6983166,0.5288232,-0.4720323,0.658336,0.2532297,
1,6,17.041,0.3375975,0.6996811,-0.6983166,0.5288232,-0.4720323,0.658336,0.2532297,
1,6,17.043,0.3395475,0.718936,-0.6939971,0.5207073,-0.4715454,0.6621605,0.2608684,
1,6,17.045,0.3395475,0.718936,-0.6939971,0.5207073,-0.4715454,0.6621605,0.2608684,
1,6,17.047,0.3395475,0.718936,-0.6939971,0.5207073,-0.4715454,0.6621605,0.2608684,
1,6,17.049,0.3395475,0.718936,-0.6939971,0.5207073,-0.4715454,0.6621605,0.2608684,
1,6,17.051,0.3408842,0.7382756,-0.6908597,0.5156432,-0.4710712,0.6639308,0.2672079,
1,6,17.053,0.3408842,0.7382756,-0.6908597,0.5156432,-0.4710712,0.6639308,0.2672079,
1,6,17.055,0.3408842,0.7382756,-0.6908597,0.5156432,-0.4710712,0.6639308,0.2672079,
1,6,17.057,0.3408842,0.7382756,-0.6908597,0.5156432,-0.4710712,0.6639308,0.2672079,
1,6,17.059,0.3418484,0.757482,-0.6889302,0.5151532,-0.4714433,0.6623536,0.2713785,
1,6,17.061,0.3418484,0.757482,-0.6889302,0.5151532,-0.4714433,0.6623536,0.2713785,
1,6,17.063,0.3418484,0.757482,-0.6889302,0.5151532,-0.4714433,0.6623536,0.2713785,
1,6,17.065,0.3418484,0.757482,-0.6889302,0.5151532,-0.4714433,0.6623536,0.2713785,
1,6,17.067,0.3418484,0.757482,-0.6889302,0.5151532,-0.4714433,0.6623536,0.2713785,
1,6,17.069,0.3428149,0.775326,-0.6878637,0.5192113,-0.4734685,0.6569439,0.2732615,
1,6,17.071,0.3428149,0.775326,-0.6878637,0.5192113,-0.4734685,0.6569439,0.2732615,
1,6,17.073,0.3428149,0.775326,-0.6878637,0.5192113,-0.4734685,0.6569439,0.2732615,
1,6,17.075,0.3428149,0.775326,-0.6878637,0.5192113,-0.4734685,0.6569439,0.2732615,
1,6,17.077,0.3424471,0.7941607,-0.6876472,0.5257234,-0.4751458,0.650421,0.2735033,
1,6,17.079,0.3424471,0.7941607,-0.6876472,0.5257234,-0.4751458,0.650421,0.2735033,
1,6,17.081,0.3424471,0.7941607,-0.6876472,0.5257234,-0.4751458,0.650421,0.2735033,CourtEnter
1,6,17.083,0.3424471,0.7941607,-0.6876472,0.5257234,-0.4751458,0.650421,0.2735033,
1,6,17.085,0.3416501,0.8120573,-0.6881399,0.5352314,-0.4776419,0.6414279,0.271948,
1,6,17.087,0.3416501,0.8120573,-0.6881399,0.5352314,-0.4776419,0.6414279,0.271948,
1,6,17.089,0.3416501,0.8120573,-0.6881399,0.5352314,-0.4776419,0.6414279,0.271948,
1,6,17.091,0.3416501,0.8120573,-0.6881399,0.5352314,-0.4776419,0.6414279,0.271948,CourtExit
1,6,17.093,0.340256,0.8295589,-0.6893424,0.5467734,-0.4807049,0.630493,0.2691474,
1,6,17.095,0.340256,0.8295589,-0.6893424,0.5467734,-0.4807049,0.630493,0.2691474,
1,6,17.097,0.340256,0.8295589,-0.6893424,0.5467734,-0.4807049,0.630493,0.2691474,
1,6,17.099,0.340256,0.8295589,-0.6893424,0.5467734,-0.4807049,0.630493,0.2691474,
1,6,17.101,0.3383674,0.8465605,-0.6908636,0.559204,-0.484015,0.6184091,0.2656889,
1,6,17.103,0.3383674,0.8465605,-0.6908636,0.559204,-0.484015,0.6184091,0.2656889,
1,6,17.105,0.3383674,0.8465605,-0.6908636,0.559204,-0.484015,0.6184091,0.2656889,
1,6,17.107,0.3383674,0.8465605,-0.6908636,0.559204,-0.484015,0.6184091,0.2656889,
1,6,17.109,0.3362167,0.8630196,-0.6930345,0.5723352,-0.4873723,0.6052864,0.2617803,
1,6,17.111,0.3362167,0.8630196,-0.6930345,0.5723352,-0.4873723,0.6052864,0.2617803,
1,6,17.113,0.3362167,0.8630196,-0.6930345,0.5723352,-0.4873723,0.6052864,0.2617803,
1,6,17.115,0.3362167,0.8630196,-0.6930345,0.5723352,-0.4873723,0.6052864,0.2617803,
1,6,17.117,0.3362167,0.8630196,-0.6930345,0.5723352,-0.4873723,0.6052864,0.2617803,
1,6,17.119,0.3339459,0.878444,-0.6955247,0.5863429,-0.4910902,0.5906689,0.2571823,
1,6,17.121,0.3339459,0.878444,-0.6955247,0.5863429,-0.4910902,0.5906689,0.2571823,
1,6,17.123,0.3339459,0.878444,-0.6955247,0.5863429,-0.4910902,0.5906689,0.2571823,
1,6,17.125,0.3339459,0.878444,-0.6955247,0.5863429,-0.4910902,0.5906689,0.2571823,
1,6,17.127,0.3315946,0.8930829,-0.6983917,0.6009775,-0.4947807,0.5750139,0.251748,
1,6,17.129,0.3315946,0.8930829,-0.6983917,0.6009775,-0.4947807,0.5750139,0.251748,
1,6,17.131,0.3315946,0.8930829,-0.6983917,0.6009775,-0.4947807,0.5750139,0.251748,
1,6,17.133,0.3315946,0.8930829,-0.6983917,0.6009775,-0.4947807,0.5750139,0.251748,
1,6,17.135,0.3287596,0.9080613,-0.7012576,0.6167232,-0.498121,0.5584022,0.2443666,
1,6,17.137,0.3287596,0.9080613,-0.7012576,0.6167232,-0.498121,0.5584022,0.2443666,
1,6,17.139,0.3287596,0.9080613,-0.7012576,0.6167232,-0.498121,0.5584022,0.2443666,
1,6,17.141,0.3287596,0.9080613,-0.7012576,0.6167232,-0.498121,0.5584022,0.2443666,
1,6,17.143,0.3252801,0.9227275,-0.7039119,0.6330541,-0.5013517,0.5409082,0.2351752,
1,6,17.145,0.3252801,0.9227275,-0.7039119,0.6330541,-0.5013517,0.5409082,0.2351752,
1,6,17.147,0.3252801,0.9227275,-0.7039119,0.6330541,-0.5013517,0.5409082,0.2351752,
1,6,17.149,0.3252801,0.9227275,-0.7039119,0.6330541,-0.5013517,0.5409082,0.2351752,
1,6,17.151,0.3209807,0.9375635,-0.7061313,0.6497128,-0.5035512,0.5235486,0.2240678,
1,6,17.153,0.3209807,0.9375635,-0.7061313,0.6497128,-0.5035512,0.5235486,0.2240678,
1,6,17.155,0.3209807,0.9375635,-0.7061313,0.6497128,-0.5035512,0.5235486,0.2240678,
1,6,17.157,0.3209807,0.9375635,-0.7061313,0.6497128,-0.5035512,0.5235486,0.2240678,
1,6,17.159,0.3158388,0.9524605,-0.7075783,0.6649619,-0.503879,0.5086806,0.2125459,
1,6,17.161,0.3158388,0.9524605,-0.7075783,0.6649619,-0.503879,0.5086806,0.2125459,
1,6,17.163,0.3158388,0.9524605,-0.7075783,0.6649619,-0.503879,0.5086806,0.2125459,
1,6,17.165,0.3158388,0.9524605,-0.7075783,0.6649619,-0.503879,0.5086806,0.2125459,
1,6,17.167,0.3158388,0.9524605,-0.7075783,0.6649619,-0.503879,0.5086806,0.2125459,
1,6,17.169,0.3104118,0.9662742,-0.7080153,0.677928,-0.503299,0.4964803,0.201522,
1,6,17.171,0.3104118,0.9662742,-0.7080153,0.677928,-0.503299,0.4964803,0.201522,
1,6,17.173,0.3104118,0.9662742,-0.7080153,0.677928,-0.503299,0.4964803,0.201522,
1,6,17.175,0.3104118,0.9662742,-0.7080153,0.677928,-0.503299,0.4964803,0.201522,
1,6,17.177,0.3051823,0.9790441,-0.7069094,0.6881564,-0.502493,0.4872528,0.1911188,
1,6,17.179,0.3051823,0.9790441,-0.7069094,0.6881564,-0.502493,0.4872528,0.1911188,
1,6,17.181,0.3051823,0.9790441,-0.7069094,0.6881564,-0.502493,0.4872528,0.1911188,
1,6,17.183,0.3051823,0.9790441,-0.7069094,0.6881564,-0.502493,0.4872528,0.1911188,
1,6,17.185,0.2999398,0.9909422,-0.7046679,0.6952055,-0.5010516,0.4820611,0.1823566,
1,6,17.187,0.2999398,0.9909422,-0.7046679,0.6952055,-0.5010516,0.4820611,0.1823566,
1,6,17.189,0.2999398,0.9909422,-0.7046679,0.6952055,-0.5010516,0.4820611,0.1823566,
1,6,17.191,0.2999398,0.9909422,-0.7046679,0.6952055,-0.5010516,0.4820611,0.1823566,
1,6,17.193,0.2948674,1.001677,-0.701941,0.6992153,-0.4992068,0.4804977,0.1761038,
1,6,17.195,0.2948674,1.001677,-0.701941,0.6992153,-0.4992068,0.4804977,0.1761038,
1,6,17.197,0.2948674,1.001677,-0.701941,0.6992153,-0.4992068,0.4804977,0.1761038,
1,6,17.199,0.2948674,1.001677,-0.701941,0.6992153,-0.4992068,0.4804977,0.1761038,
1,6,17.201,0.2901045,1.011576,-0.6985881,0.7000332,-0.4969318,0.4829161,0.1726398,
1,6,17.203,0.2901045,1.011576,-0.6985881,0.7000332,-0.4969318,0.4829161,0.1726398,
1,6,17.205,0.2901045,1.011576,-0.6985881,0.7000332,-0.4969318,0.4829161,0.1726398,
1,6,17.207,0.2901045,1.011576,-0.6985881,0.7000332,-0.4969318,0.4829161,0.1726398,
1,6,17.209,0.2860256,1.020781,-0.6949697,0.6978096,-0.4945738,0.4885774,0.1724833,
1,6,17.211,0.2860256,1.020781,-0.6949697,0.6978096,-0.4945738,0.4885774,0.1724833,
1,6,17.213,0.2860256,1.020781,-0.6949697,0.6978096,-0.4945738,0.4885774,0.1724833,
1,6,17.215,0.2860256,1.020781,-0.6949697,0.6978096,-0.4945738,0.4885774,0.1724833,
1,6,17.217,0.2860256,1.020781,-0.6949697,0.6978096,-0.4945738,0.4885774,0.1724833,
1,6,17.219,0.2829528,1.028647,-0.6916194,0.6927439,-0.4926291,0.496432,0.1760051,
1,6,17.221,0.2829528,1.028647,-0.6916194,0.6927439,-0.4926291,0.496432,0.1760051,
1,6,17.223,0.2829528,1.028647,-0.6916194,0.6927439,-0.4926291,0.496432,0.1760051,
1,6,17.225,0.2829528,1.028647,-0.6916194,0.6927439,-0.4926291,0.496432,0.1760051,
1,6,17.227,0.2808513,1.035378,-0.6886546,0.6856291,-0.4911118,0.5053293,0.1826591,
1,6,17.229,0.2808513,1.035378,-0.6886546,0.6856291,-0.4911118,0.5053293,0.1826591,
1,6,17.231,0.2808513,1.035378,-0.6886546,0.6856291,-0.4911118,0.5053293,0.1826591,
1,6,17.233,0.2808513,1.035378,-0.6886546,0.6856291,-0.4911118,0.5053293,0.1826591,
1,6,17.235,0.2791945,1.041678,-0.6857449,0.67677,-0.4894815,0.5153655,0.1918037,
1,6,17.237,0.2791945,1.041678,-0.6857449,0.67677,-0.4894815,0.5153655,0.1918037,
1,6,17.239,0.2791945,1.041678,-0.6857449,0.67677,-0.4894815,0.5153655,0.1918037,
1,6,17.241,0.2791945,1.041678,-0.6857449,0.67677,-0.4894815,0.5153655,0.1918037,
1,6,17.243,0.2784452,1.046133,-0.683156,0.6667178,-0.4887521,0.5248953,0.202716,
1,6,17.245,0.2784452,1.046133,-0.683156,0.6667178,-0.4887521,0.5248953,0.202716,
1,6,17.247,0.2784452,1.046133,-0.683156,0.6667178,-0.4887521,0.5248953,0.202716,
1,6,17.249,0.2784452,1.046133,-0.683156,0.6667178,-0.4887521,0.5248953,0.202716,
1,6,17.251,0.277322,1.051095,-0.6804736,0.6567073,-0.487713,0.533972,0.2138819,
1,6,17.253,0.277322,1.051095,-0.6804736,0.6567073,-0.487713,0.533972,0.2138819,
1,6,17.255,0.277322,1.051095,-0.6804736,0.6567073,-0.487713,0.533972,0.2138819,
1,6,17.257,0.277322,1.051095,-0.6804736,0.6567073,-0.487713,0.533972,0.2138819,
1,6,17.259,0.2762773,1.055906,-0.6775069,0.6472266,-0.4870087,0.5417286,0.2246116,
1,6,17.261,0.2762773,1.055906,-0.6775069,0.6472266,-0.4870087,0.5417286,0.2246116,
1,6,17.263,0.2762773,1.055906,-0.6775069,0.6472266,-0.4870087,0.5417286,0.2246116,
1,6,17.265,0.2762773,1.055906,-0.6775069,0.6472266,-0.4870087,0.5417286,0.2246116,
1,6,17.267,0.2762773,1.055906,-0.6775069,0.6472266,-0.4870087,0.5417286,0.2246116,
1,6,17.269,0.2759086,1.059615,-0.6746559,0.6389755,-0.4875747,0.5466655,0.2348152,
1,6,17.271,0.2759086,1.059615,-0.6746559,0.6389755,-0.4875747,0.5466655,0.2348152,
1,6,17.273,0.2759086,1.059615,-0.6746559,0.6389755,-0.4875747,0.5466655,0.2348152,
1,6,17.275,0.2759086,1.059615,-0.6746559,0.6389755,-0.4875747,0.5466655,0.2348152,
1,6,17.277,0.275824,1.063179,-0.6713501,0.6322165,-0.4889962,0.5492812,0.2438757,
1,6,17.279,0.275824,1.063179,-0.6713501,0.6322165,-0.4889962,0.5492812,0.2438757,
1,6,17.281,0.275824,1.063179,-0.6713501,0.6322165,-0.4889962,0.5492812,0.2438757,
1,6,17.283,0.275824,1.063179,-0.6713501,0.6322165,-0.4889962,0.5492812,0.2438757,
1,6,17.285,0.2758479,1.066904,-0.6681683,0.6272931,-0.4909272,0.5495753,0.2519142,
1,6,17.287,0.2758479,1.066904,-0.6681683,0.6272931,-0.4909272,0.5495753,0.2519142,
1,6,17.289,0.2758479,1.066904,-0.6681683,0.6272931,-0.4909272,0.5495753,0.2519142,
1,6,17.291,0.2758479,1.066904,-0.6681683,0.6272931,-0.4909272,0.5495753,0.2519142,
1,6,17.293,0.276087,1.070199,-0.6652097,0.6241529,-0.4936636,0.5475016,0.2587885,
1,6,17.295,0.276087,1.070199,-0.6652097,0.6241529,-0.4936636,0.5475016,0.2587885,
1,6,17.297,0.276087,1.070199,-0.6652097,0.6241529,-0.4936636,0.5475016,0.2587885,
1,6,17.299,0.276087,1.070199,-0.6652097,0.6241529,-0.4936636,0.5475016,0.2587885,
1,6,17.301,0.2764461,1.075698,-0.6605678,0.6222868,-0.4983954,0.5415448,0.2666279,
1,6,17.303,0.2764461,1.075698,-0.6605678,0.6222868,-0.4983954,0.5415448,0.2666279,
1,6,17.305,0.2764461,1.075698,-0.6605678,0.6222868,-0.4983954,0.5415448,0.2666279,
1,6,17.307,0.2764461,1.075698,-0.6605678,0.6222868,-0.4983954,0.5415448,0.2666279,
1,6,17.309,0.2770416,1.079074,-0.6574693,0.6223668,-0.5021791,0.5358084,0.2708968,
1,6,17.311,0.2770416,1.079074,-0.6574693,0.6223668,-0.5021791,0.5358084,0.2708968,
1,6,17.313,0.2770416,1.079074,-0.6574693,0.6223668,-0.5021791,0.5358084,0.2708968,
1,6,17.315,0.2770416,1.079074,-0.6574693,0.6223668,-0.5021791,0.5358084,0.2708968,
1,6,17.317,0.2770416,1.079074,-0.6574693,0.6223668,-0.5021791,0.5358084,0.2708968,
1,6,17.319,0.2782068,1.081879,-0.6543707,0.6231797,-0.5063053,0.5290444,0.2746161,
1,6,17.321,0.2782068,1.081879,-0.6543707,0.6231797,-0.5063053,0.5290444,0.2746161,
1,6,17.323,0.2782068,1.081879,-0.6543707,0.6231797,-0.5063053,0.5290444,0.2746161,
1,6,17.325,0.2782068,1.081879,-0.6543707,0.6231797,-0.5063053,0.5290444,0.2746161,
1,6,17.327,0.2796464,1.084748,-0.6510734,0.6237508,-0.5102333,0.5224285,0.2786852,
1,6,17.329,0.2796464,1.084748,-0.6510734,0.6237508,-0.5102333,0.5224285,0.2786852,
1,6,17.331,0.2796464,1.084748,-0.6510734,0.6237508,-0.5102333,0.5224285,0.2786852,
1,6,17.333,0.2796464,1.084748,-0.6510734,0.6237508,-0.5102333,0.5224285,0.2786852,
1,6,17.335,0.2813817,1.087534,-0.6479898,0.6239668,-0.5131304,0.5168918,0.2831703,
1,6,17.337,0.2813817,1.087534,-0.6479898,0.6239668,-0.5131304,0.5168918,0.2831703,
1,6,17.339,0.2813817,1.087534,-0.6479898,0.6239668,-0.5131304,0.5168918,0.2831703,
1,6,17.341,0.2813817,1.087534,-0.6479898,0.6239668,-0.5131304,0.5168918,0.2831703,
1,6,17.343,0.2834312,1.090267,-0.6449182,0.6234789,-0.5151936,0.5123551,0.2886897,
1,6,17.345,0.2834312,1.090267,-0.6449182,0.6234789,-0.5151936,0.5123551,0.2886897,
1,6,17.347,0.2834312,1.090267,-0.6449182,0.6234789,-0.5151936,0.5123551,0.2886897,
1,6,17.349,0.2834312,1.090267,-0.6449182,0.6234789,-0.5151936,0.5123551,0.2886897,
1,6,17.351,0.2856202,1.093134,-0.6420001,0.6227165,-0.5162674,0.508871,0.2945209,
1,6,17.353,0.2856202,1.093134,-0.6420001,0.6227165,-0.5162674,0.508871,0.2945209,
1,6,17.355,0.2856202,1.093134,-0.6420001,0.6227165,-0.5162674,0.508871,0.2945209,
1,6,17.357,0.2856202,1.093134,-0.6420001,0.6227165,-0.5162674,0.508871,0.2945209,
1,6,17.359,0.2881739,1.096133,-0.639109,0.6216384,-0.516542,0.5061787,0.3008876,
1,6,17.361,0.2881739,1.096133,-0.639109,0.6216384,-0.516542,0.5061787,0.3008876,
1,6,17.363,0.2881739,1.096133,-0.639109,0.6216384,-0.516542,0.5061787,0.3008876,
1,6,17.365,0.2881739,1.096133,-0.639109,0.6216384,-0.516542,0.5061787,0.3008876,
1,6,17.367,0.2881739,1.096133,-0.639109,0.6216384,-0.516542,0.5061787,0.3008876,
1,6,17.369,0.2909228,1.098758,-0.6362358,0.6205924,-0.5165022,0.5037735,0.3070877,
1,6,17.371,0.2909228,1.098758,-0.6362358,0.6205924,-0.5165022,0.5037735,0.3070877,
1,6,17.373,0.2909228,1.098758,-0.6362358,0.6205924,-0.5165022,0.5037735,0.3070877,
1,6,17.375,0.2909228,1.098758,-0.6362358,0.6205924,-0.5165022,0.5037735,0.3070877,
1,6,17.377,0.2950738,1.102819,-0.6324586,0.6199118,-0.5156094,0.5001161,0.3158169,
1,6,17.379,0.2950738,1.102819,-0.6324586,0.6199118,-0.5156094,0.5001161,0.3158169,
1,6,17.381,0.2950738,1.102819,-0.6324586,0.6199118,-0.5156094,0.5001161,0.3158169,
1,6,17.383,0.2950738,1.102819,-0.6324586,0.6199118,-0.5156094,0.5001161,0.3158169,
1,6,17.385,0.2978833,1.105354,-0.6297865,0.6200516,-0.5150557,0.4975279,0.3204992,
1,6,17.387,0.2978833,1.105354,-0.6297865,0.6200516,-0.5150557,0.4975279,0.3204992,
1,6,17.389,0.2978833,1.105354,-0.6297865,0.6200516,-0.5150557,0.4975279,0.3204992,
1,6,17.391,0.2978833,1.105354,-0.6297865,0.6200516,-0.5150557,0.4975279,0.3204992,
1,6,17.393,0.3051642,1.110948,-0.6241573,0.6234381,-0.5140598,0.4887189,0.3289703,
1,6,17.395,0.3051642,1.110948,-0.6241573,0.6234381,-0.5140598,0.4887189,0.3289703,
1,6,17.397,0.3051642,1.110948,-0.6241573,0.6234381,-0.5140598,0.4887189,0.3289703,
1,6,17.399,0.3051642,1.110948,-0.6241573,0.6234381,-0.5140598,0.4887189,0.3289703,
1,6,17.401,0.3083945,1.112755,-0.6220419,0.6255783,-0.5139033,0.4845666,0.3312859,
1,6,17.403,0.3083945,1.112755,-0.6220419,0.6255783,-0.5139033,0.4845666,0.3312859,
1,6,17.405,0.3083945,1.112755,-0.6220419,0.6255783,-0.5139033,0.4845666,0.3312859,
1,6,17.407,0.3083945,1.112755,-0.6220419,0.6255783,-0.5139033,0.4845666,0.3312859,
1,6,17.409,0.3116201,1.114689,-0.6199906,0.6279251,-0.5136126,0.4804712,0.333256,
1,6,17.411,0.3116201,1.114689,-0.6199906,0.6279251,-0.5136126,0.4804712,0.333256,
1,6,17.413,0.3116201,1.114689,-0.6199906,0.6279251,-0.5136126,0.4804712,0.333256,
1,6,17.415,0.3116201,1.114689,-0.6199906,0.6279251,-0.5136126,0.4804712,0.333256,
1,6,17.417,0.3116201,1.114689,-0.6199906,0.6279251,-0.5136126,0.4804712,0.333256,
1,6,17.419,0.3150961,1.115975,-0.6178031,0.6302093,-0.5137527,0.4762434,0.3347935,
1,6,17.421,0.3150961,1.115975,-0.6178031,0.6302093,-0.5137527,0.4762434,0.3347935,
1,6,17.423,0.3150961,1.115975,-0.6178031,0.6302093,-0.5137527,0.4762434,0.3347935,
1,6,17.425,0.3150961,1.115975,-0.6178031,0.6302093,-0.5137527,0.4762434,0.3347935,
1,6,17.427,0.3187393,1.116941,-0.6160595,0.6327651,-0.5139227,0.4716145,0.3362614,
1,6,17.429,0.3187393,1.116941,-0.6160595,0.6327651,-0.5139227,0.4716145,0.3362614,
1,6,17.431,0.3187393,1.116941,-0.6160595,0.6327651,-0.5139227,0.4716145,0.3362614,
1,6,17.433,0.3187393,1.116941,-0.6160595,0.6327651,-0.5139227,0.4716145,0.3362614,
1,6,17.435,0.3224958,1.117719,-0.6143653,0.6352084,-0.5141128,0.4671463,0.3375982,
1,6,17.437,0.3224958,1.117719,-0.6143653,0.6352084,-0.5141128,0.4671463,0.3375982,
1,6,17.439,0.3224958,1.117719,-0.6143653,0.6352084,-0.5141128,0.4671463,0.3375982,
1,6,17.441,0.3224958,1.117719,-0.6143653,0.6352084,-0.5141128,0.4671463,0.3375982,
1,6,17.443,0.328595,1.118563,-0.6121392,0.6383373,-0.5138937,0.4611935,0.340205,
1,6,17.445,0.328595,1.118563,-0.6121392,0.6383373,-0.5138937,0.4611935,0.340205,
1,6,17.447,0.328595,1.118563,-0.6121392,0.6383373,-0.5138937,0.4611935,0.340205,
1,6,17.449,0.328595,1.118563,-0.6121392,0.6383373,-0.5138937,0.4611935,0.340205,
1,6,17.451,0.3330746,1.118636,-0.611058,0.6397991,-0.5133684,0.457856,0.3427505,
1,6,17.453,0.3330746,1.118636,-0.611058,0.6397991,-0.5133684,0.457856,0.3427505,
1,6,17.455,0.3330746,1.118636,-0.611058,0.6397991,-0.5133684,0.457856,0.3427505,
1,6,17.457,0.3330746,1.118636,-0.611058,0.6397991,-0.5133684,0.457856,0.3427505,
1,6,17.459,0.3378004,1.118608,-0.6102586,0.641171,-0.5124378,0.4548436,0.3455786,
1,6,17.461,0.3378004,1.118608,-0.6102586,0.641171,-0.5124378,0.4548436,0.3455786,
1,6,17.463,0.3378004,1.118608,-0.6102586,0.641171,-0.5124378,0.4548436,0.3455786,
1,6,17.465,0.3378004,1.118608,-0.6102586,0.641171,-0.5124378,0.4548436,0.3455786,
1,6,17.467,0.3378004,1.118608,-0.6102586,0.641171,-0.5124378,0.4548436,0.3455786,
1,6,17.469,0.3426413,1.118335,-0.6099339,0.6422553,-0.5108927,0.4523484,0.3491098,
1,6,17.471,0.3426413,1.118335,-0.6099339,0.6422553,-0.5108927,0.4523484,0.3491098,
1,6,17.473,0.3426413,1.118335,-0.6099339,0.6422553,-0.5108927,0.4523484,0.3491098,
1,6,17.475,0.3426413,1.118335,-0.6099339,0.6422553,-0.5108927,0.4523484,0.3491098,
1,6,17.477,0.3474853,1.118087,-0.6094701,0.6430529,-0.5086645,0.4508223,0.3528494,
1,6,17.479,0.3474853,1.118087,-0.6094701,0.6430529,-0.5086645,0.4508223,0.3528494,
1,6,17.481,0.3474853,1.118087,-0.6094701,0.6430529,-0.5086645,0.4508223,0.3528494,
1,6,17.483,0.3474853,1.118087,-0.6094701,0.6430529,-0.5086645,0.4508223,0.3528494,
1,6,17.485,0.351878,1.118057,-0.6096163,0.6443373,-0.5060666,0.4492405,0.3562429,
1,6,17.487,0.351878,1.118057,-0.6096163,0.6443373,-0.5060666,0.4492405,0.3562429,
1,6,17.489,0.351878,1.118057,-0.6096163,0.6443373,-0.5060666,0.4492405,0.3562429,
1,6,17.491,0.351878,1.118057,-0.6096163,0.6443373,-0.5060666,0.4492405,0.3562429,
1,6,17.493,0.3559562,1.118391,-0.6099616,0.6466934,-0.5037093,0.4468004,0.3583769,
1,6,17.495,0.3559562,1.118391,-0.6099616,0.6466934,-0.5037093,0.4468004,0.3583769,
1,6,17.497,0.3559562,1.118391,-0.6099616,0.6466934,-0.5037093,0.4468004,0.3583769,
1,6,17.499,0.3559562,1.118391,-0.6099616,0.6466934,-0.5037093,0.4468004,0.3583769,
1,6,17.501,0.3598289,1.118529,-0.6103919,0.6498288,-0.5020291,0.4432897,0.3594212,
1,6,17.503,0.3598289,1.118529,-0.6103919,0.6498288,-0.5020291,0.4432897,0.3594212,
1,6,17.505,0.3598289,1.118529,-0.6103919,0.6498288,-0.5020291,0.4432897,0.3594212,
1,6,17.507,0.3598289,1.118529,-0.6103919,0.6498288,-0.5020291,0.4432897,0.3594212,
1,6,17.509,0.3634212,1.118843,-0.61086,0.6539284,-0.5010772,0.4386374,0.3590217,
1,6,17.511,0.3634212,1.118843,-0.61086,0.6539284,-0.5010772,0.4386374,0.3590217,
1,6,17.513,0.3634212,1.118843,-0.61086,0.6539284,-0.5010772,0.4386374,0.3590217,
1,6,17.515,0.3634212,1.118843,-0.61086,0.6539284,-0.5010772,0.4386374,0.3590217,
1,6,17.517,0.3634212,1.118843,-0.61086,0.6539284,-0.5010772,0.4386374,0.3590217,
1,6,17.519,0.3685184,1.119411,-0.6119164,0.6615498,-0.501104,0.4292477,0.3563611,
1,6,17.521,0.3685184,1.119411,-0.6119164,0.6615498,-0.501104,0.4292477,0.3563611,
1,6,17.523,0.3685184,1.119411,-0.6119164,0.6615498,-0.501104,0.4292477,0.3563611,
1,6,17.525,0.3685184,1.119411,-0.6119164,0.6615498,-0.501104,0.4292477,0.3563611,
1,6,17.527,0.3716788,1.119761,-0.6125714,0.666622,-0.501597,0.4226578,0.3540847,
1,6,17.529,0.3716788,1.119761,-0.6125714,0.666622,-0.501597,0.4226578,0.3540847,
1,6,17.531,0.3716788,1.119761,-0.6125714,0.666622,-0.501597,0.4226578,0.3540847,
1,6,17.533,0.3716788,1.119761,-0.6125714,0.666622,-0.501597,0.4226578,0.3540847,
1,6,17.535,0.3748149,1.119992,-0.6131759,0.6715729,-0.5023531,0.4158991,0.3516518,
1,6,17.537,0.3748149,1.119992,-0.6131759,0.6715729,-0.5023531,0.4158991,0.3516518,
1,6,17.539,0.3748149,1.119992,-0.6131759,0.6715729,-0.5023531,0.4158991,0.3516518,
1,6,17.541,0.3748149,1.119992,-0.6131759,0.6715729,-0.5023531,0.4158991,0.3516518,
1,6,17.543,0.3780424,1.119906,-0.6140432,0.6759483,-0.5032075,0.4093675,0.3497061,
1,6,17.545,0.3780424,1.119906,-0.6140432,0.6759483,-0.5032075,0.4093675,0.3497061,
1,6,17.547,0.3780424,1.119906,-0.6140432,0.6759483,-0.5032075,0.4093675,0.3497061,
1,6,17.549,0.3780424,1.119906,-0.6140432,0.6759483,-0.5032075,0.4093675,0.3497061,
1,6,17.551,0.3813654,1.119338,-0.6152475,0.6793385,-0.503856,0.4036437,0.3488555,
1,6,17.553,0.3813654,1.119338,-0.6152475,0.6793385,-0.503856,0.4036437,0.3488555,
1,6,17.555,0.3813654,1.119338,-0.6152475,0.6793385,-0.503856,0.4036437,0.3488555,
1,6,17.557,0.3813654,1.119338,-0.6152475,0.6793385,-0.503856,0.4036437,0.3488555,
1,6,17.559,0.3845746,1.119002,-0.6162338,0.6819736,-0.5039573,0.3992096,0.3486701,
1,6,17.561,0.3845746,1.119002,-0.6162338,0.6819736,-0.5039573,0.3992096,0.3486701,
1,6,17.563,0.3845746,1.119002,-0.6162338,0.6819736,-0.5039573,0.3992096,0.3486701,
1,6,17.565,0.3845746,1.119002,-0.6162338,0.6819736,-0.5039573,0.3992096,0.3486701,
1,6,17.567,0.3845746,1.119002,-0.6162338,0.6819736,-0.5039573,0.3992096,0.3486701,
1,6,17.569,0.3879352,1.11825,-0.6173308,0.6837683,-0.5038683,0.3956988,0.349285,
1,6,17.571,0.3879352,1.11825,-0.6173308,0.6837683,-0.5038683,0.3956988,0.349285,
1,6,17.573,0.3879352,1.11825,-0.6173308,0.6837683,-0.5038683,0.3956988,0.349285,
1,6,17.575,0.3879352,1.11825,-0.6173308,0.6837683,-0.5038683,0.3956988,0.349285,
1,6,17.577,0.3911548,1.117443,-0.6189328,0.6850601,-0.5032412,0.3928795,0.3508371,
1,6,17.579,0.3911548,1.117443,-0.6189328,0.6850601,-0.5032412,0.3928795,0.3508371,
1,6,17.581,0.3911548,1.117443,-0.6189328,0.6850601,-0.5032412,0.3928795,0.3508371,
1,6,17.583,0.3911548,1.117443,-0.6189328,0.6850601,-0.5032412,0.3928795,0.3508371,
1,6,17.585,0.3944381,1.116417,-0.6204283,0.6856439,-0.5024481,0.3909934,0.3529343,
1,6,17.587,0.3944381,1.116417,-0.6204283,0.6856439,-0.5024481,0.3909934,0.3529343,
1,6,17.589,0.3944381,1.116417,-0.6204283,0.6856439,-0.5024481,0.3909934,0.3529343,
1,6,17.591,0.3944381,1.116417,-0.6204283,0.6856439,-0.5024481,0.3909934,0.3529343,
1,6,17.593,0.3992615,1.114945,-0.6229633,0.6862744,-0.5010183,0.3886478,0.356316,
1,6,17.595,0.3992615,1.114945,-0.6229633,0.6862744,-0.5010183,0.3886478,0.356316,
1,6,17.597,0.3992615,1.114945,-0.6229633,0.6862744,-0.5010183,0.3886478,0.356316,
1,6,17.599,0.3992615,1.114945,-0.6229633,0.6862744,-0.5010183,0.3886478,0.356316,
1,6,17.601,0.4024303,1.114194,-0.624254,0.6865982,-0.5000458,0.387694,0.3580928,
1,6,17.603,0.4024303,1.114194,-0.624254,0.6865982,-0.5000458,0.387694,0.3580928,
1,6,17.605,0.4024303,1.114194,-0.624254,0.6865982,-0.5000458,0.387694,0.3580928,
1,6,17.607,0.4024303,1.114194,-0.624254,0.6865982,-0.5000458,0.387694,0.3580928,
1,6,17.609,0.405608,1.113212,-0.6258737,0.6868376,-0.499101,0.3866989,0.3600229,
1,6,17.611,0.405608,1.113212,-0.6258737,0.6868376,-0.499101,0.3866989,0.3600229,
1,6,17.613,0.405608,1.113212,-0.6258737,0.6868376,-0.499101,0.3866989,0.3600229,
1,6,17.615,0.405608,1.113212,-0.6258737,0.6868376,-0.499101,0.3866989,0.3600229,
1,6,17.617,0.405608,1.113212,-0.6258737,0.6868376,-0.499101,0.3866989,0.3600229,
1,6,17.619,0.4086823,1.11236,-0.6271824,0.6872146,-0.4984499,0.3857871,0.3611817,
1,6,17.621,0.4086823,1.11236,-0.6271824,0.6872146,-0.4984499,0.3857871,0.3611817,
1,6,17.623,0.4086823,1.11236,-0.6271824,0.6872146,-0.4984499,0.3857871,0.3611817,
1,6,17.625,0.4086823,1.11236,-0.6271824,0.6872146,-0.4984499,0.3857871,0.3611817,
1,6,17.627,0.4115957,1.111888,-0.6286566,0.6879944,-0.4978838,0.3846131,0.3617296,
1,6,17.629,0.4115957,1.111888,-0.6286566,0.6879944,-0.4978838,0.3846131,0.3617296,
1,6,17.631,0.4115957,1.111888,-0.6286566,0.6879944,-0.4978838,0.3846131,0.3617296,
1,6,17.633,0.4115957,1.111888,-0.6286566,0.6879944,-0.4978838,0.3846131,0.3617296,
1,6,17.635,0.4144891,1.111461,-0.6301564,0.6889609,-0.4975749,0.383182,0.3618337,
1,6,17.637,0.4144891,1.111461,-0.6301564,0.6889609,-0.4975749,0.383182,0.3618337,
1,6,17.639,0.4144891,1.111461,-0.6301564,0.6889609,-0.4975749,0.383182,0.3618337,
1,6,17.641,0.4144891,1.111461,-0.6301564,0.6889609,-0.4975749,0.383182,0.3618337,
1,6,17.643,0.4171405,1.111189,-0.6315011,0.6899426,-0.4972402,0.3820643,0.3616053,
1,6,17.645,0.4171405,1.111189,-0.6315011,0.6899426,-0.4972402,0.3820643,0.3616053,
1,6,17.647,0.4171405,1.111189,-0.6315011,0.6899426,-0.4972402,0.3820643,0.3616053,
1,6,17.649,0.4171405,1.111189,-0.6315011,0.6899426,-0.4972402,0.3820643,0.3616053,
1,6,17.651,0.4200774,1.110797,-0.632579,0.6907606,-0.4969636,0.3812953,0.3612352,
1,6,17.653,0.4200774,1.110797,-0.632579,0.6907606,-0.4969636,0.3812953,0.3612352,
1,6,17.655,0.4200774,1.110797,-0.632579,0.6907606,-0.4969636,0.3812953,0.3612352,
1,6,17.657,0.4200774,1.110797,-0.632579,0.6907606,-0.4969636,0.3812953,0.3612352,
1,6,17.659,0.4227355,1.110588,-0.6335576,0.6915678,-0.4966452,0.3807631,0.3606897,
1,6,17.661,0.4227355,1.110588,-0.6335576,0.6915678,-0.4966452,0.3807631,0.3606897,
1,6,17.663,0.4227355,1.110588,-0.6335576,0.6915678,-0.4966452,0.3807631,0.3606897,
1,6,17.665,0.4227355,1.110588,-0.6335576,0.6915678,-0.4966452,0.3807631,0.3606897,
1,6,17.667,0.4227355,1.110588,-0.6335576,0.6915678,-0.4966452,0.3807631,0.3606897,
1,6,17.669,0.4267199,1.110545,-0.6350878,0.6926095,-0.4958443,0.3806382,0.3599238,
1,6,17.671,0.4267199,1.110545,-0.6350878,0.6926095,-0.4958443,0.3806382,0.3599238,
1,6,17.673,0.4267199,1.110545,-0.6350878,0.6926095,-0.4958443,0.3806382,0.3599238,
1,6,17.675,0.4267199,1.110545,-0.6350878,0.6926095,-0.4958443,0.3806382,0.3599238,
1,6,17.677,0.4291864,1.110505,-0.6361487,0.6934298,-0.4954967,0.3802685,0.3592132,
1,6,17.679,0.4291864,1.110505,-0.6361487,0.6934298,-0.4954967,0.3802685,0.3592132,
1,6,17.681,0.4291864,1.110505,-0.6361487,0.6934298,-0.4954967,0.3802685,0.3592132,
1,6,17.683,0.4291864,1.110505,-0.6361487,0.6934298,-0.4954967,0.3802685,0.3592132,
1,6,17.685,0.4314466,1.110331,-0.6373935,0.694139,-0.4952479,0.3797703,0.3587134,
1,6,17.687,0.4314466,1.110331,-0.6373935,0.694139,-0.4952479,0.3797703,0.3587134,
1,6,17.689,0.4314466,1.110331,-0.6373935,0.694139,-0.4952479,0.3797703,0.3587134,
1,6,17.691,0.4314466,1.110331,-0.6373935,0.694139,-0.4952479,0.3797703,0.3587134,
1,6,17.693,0.4337978,1.109702,-0.6385964,0.6945729,-0.4952856,0.3792561,0.358365,
1,6,17.695,0.4337978,1.109702,-0.6385964,0.6945729,-0.4952856,0.3792561,0.358365,
1,6,17.697,0.4337978,1.109702,-0.6385964,0.6945729,-0.4952856,0.3792561,0.358365,
1,6,17.699,0.4337978,1.109702,-0.6385964,0.6945729,-0.4952856,0.3792561,0.358365,
1,6,17.701,0.4358068,1.109226,-0.6401406,0.6951523,-0.495208,0.378601,0.3580414,
1,6,17.703,0.4358068,1.109226,-0.6401406,0.6951523,-0.495208,0.378601,0.3580414,
1,6,17.705,0.4358068,1.109226,-0.6401406,0.6951523,-0.495208,0.378601,0.3580414,
1,6,17.707,0.4358068,1.109226,-0.6401406,0.6951523,-0.495208,0.378601,0.3580414,
1,6,17.709,0.4378656,1.108731,-0.6413466,0.6956442,-0.4952844,0.3781249,0.3574832,
1,6,17.711,0.4378656,1.108731,-0.6413466,0.6956442,-0.4952844,0.3781249,0.3574832,
1,6,17.713,0.4378656,1.108731,-0.6413466,0.6956442,-0.4952844,0.3781249,0.3574832,
1,6,17.715,0.4378656,1.108731,-0.6413466,0.6956442,-0.4952844,0.3781249,0.3574832,
1,6,17.717,0.4378656,1.108731,-0.6413466,0.6956442,-0.4952844,0.3781249,0.3574832,
1,6,17.719,0.4398279,1.107782,-0.6428196,0.6958862,-0.4956378,0.3773597,0.3573307,
1,6,17.721,0.4398279,1.107782,-0.6428196,0.6958862,-0.4956378,0.3773597,0.3573307,
1,6,17.723,0.4398279,1.107782,-0.6428196,0.6958862,-0.4956378,0.3773597,0.3573307,
1,6,17.725,0.4398279,1.107782,-0.6428196,0.6958862,-0.4956378,0.3773597,0.3573307,
1,6,17.727,0.4418003,1.106783,-0.6445678,0.6960638,-0.4959269,0.3766387,0.3573446,
1,6,17.729,0.4418003,1.106783,-0.6445678,0.6960638,-0.4959269,0.3766387,0.3573446,
1,6,17.731,0.4418003,1.106783,-0.6445678,0.6960638,-0.4959269,0.3766387,0.3573446,
1,6,17.733,0.4418003,1.106783,-0.6445678,0.6960638,-0.4959269,0.3766387,0.3573446,
1,6,17.735,0.4435278,1.105781,-0.6463736,0.6961272,-0.4960442,0.3761936,0.357527,
1,6,17.737,0.4435278,1.105781,-0.6463736,0.6961272,-0.4960442,0.3761936,0.357527,
1,6,17.739,0.4435278,1.105781,-0.6463736,0.6961272,-0.4960442,0.3761936,0.357527,
1,6,17.741,0.4435278,1.105781,-0.6463736,0.6961272,-0.4960442,0.3761936,0.357527,
1,6,17.743,0.4461412,1.104413,-0.6486712,0.6959531,-0.4961869,0.3764532,0.3573946,
1,6,17.745,0.4461412,1.104413,-0.6486712,0.6959531,-0.4961869,0.3764532,0.3573946,
1,6,17.747,0.4461412,1.104413,-0.6486712,0.6959531,-0.4961869,0.3764532,0.3573946,
1,6,17.749,0.4461412,1.104413,-0.6486712,0.6959531,-0.4961869,0.3764532,0.3573946,
1,6,17.751,0.4475962,1.1034,-0.6502566,0.6958774,-0.496524,0.3763011,0.3572338,
1,6,17.753,0.4475962,1.1034,-0.6502566,0.6958774,-0.496524,0.3763011,0.3572338,
1,6,17.755,0.4475962,1.1034,-0.6502566,0.6958774,-0.496524,0.3763011,0.3572338,CourtEnter
1,6,17.757,0.4475962,1.1034,-0.6502566,0.6958774,-0.496524,0.3763011,0.3572338,
1,6,17.759,0.4489196,1.10247,-0.651872,0.6959018,-0.4969889,0.376129,0.3567209,
1,6,17.761,0.4489196,1.10247,-0.651872,0.6959018,-0.4969889,0.376129,0.3567209,
1,6,17.763,0.4489196,1.10247,-0.651872,0.6959018,-0.4969889,0.376129,0.3567209,
1,6,17.765,0.4489196,1.10247,-0.651872,0.6959018,-0.4969889,0.376129,0.3567209,
1,6,17.767,0.4489196,1.10247,-0.651872,0.6959018,-0.4969889,0.376129,0.3567209,CourtExit
1,6,17.769,0.4501312,1.101874,-0.6532084,0.6961867,-0.4975809,0.375997,0.3554766,
1,6,17.771,0.4501312,1.101874,-0.6532084,0.6961867,-0.4975809,0.375997,0.3554766,
1,6,17.773,0.4501312,1.101874,-0.6532084,0.6961867,-0.4975809,0.375997,0.3554766,
1,6,17.775,0.4501312,1.101874,-0.6532084,0.6961867,-0.4975809,0.375997,0.3554766,
1,6,17.777,0.4509732,1.10134,-0.6546339,0.6968481,-0.4984642,0.375155,0.353829,
1,6,17.779,0.4509732,1.10134,-0.6546339,0.6968481,-0.4984642,0.375155,0.353829,
1,6,17.781,0.4509732,1.10134,-0.6546339,0.6968481,-0.4984642,0.375155,0.353829,
1,6,17.783,0.4509732,1.10134,-0.6546339,0.6968481,-0.4984642,0.375155,0.353829,
1,6,17.785,0.4517545,1.101042,-0.655755,0.6974005,-0.4993629,0.3748751,0.3517641,
1,6,17.787,0.4517545,1.101042,-0.655755,0.6974005,-0.4993629,0.3748751,0.3517641,
1,6,17.789,0.4517545,1.101042,-0.655755,0.6974005,-0.4993629,0.3748751,0.3517641,
1,6,17.791,0.4517545,1.101042,-0.655755,0.6974005,-0.4993629,0.3748751,0.3517641,
1,6,17.793,0.4523645,1.10082,-0.6567074,0.6980882,-0.500572,0.3743762,0.3492033,
1,6,17.795,0.4523645,1.10082,-0.6567074,0.6980882,-0.500572,0.3743762,0.3492033,
1,6,17.797,0.4523645,1.10082,-0.6567074,0.6980882,-0.500572,0.3743762,0.3492033,
1,6,17.799,0.4523645,1.10082,-0.6567074,0.6980882,-0.500572,0.3743762,0.3492033,
1,6,17.801,0.4527249,1.100669,-0.6574606,0.6987966,-0.5019661,0.3738887,0.3462955,
1,6,17.803,0.4527249,1.100669,-0.6574606,0.6987966,-0.5019661,0.3738887,0.3462955,
1,6,17.805,0.4527249,1.100669,-0.6574606,0.6987966,-0.5019661,0.3738887,0.3462955,
1,6,17.807,0.4527249,1.100669,-0.6574606,0.6987966,-0.5019661,0.3738887,0.3462955,
1,6,17.809,0.4530442,1.100745,-0.6578942,0.6992827,-0.5034829,0.3737598,0.3432379,
1,6,17.811,0.4530442,1.100745,-0.6578942,0.6992827,-0.5034829,0.3737598,0.3432379,
1,6,17.813,0.4530442,1.100745,-0.6578942,0.6992827,-0.5034829,0.3737598,0.3432379,
1,6,17.815,0.4530442,1.100745,-0.6578942,0.6992827,-0.5034829,0.3737598,0.3432379,
1,6,17.817,0.4530442,1.100745,-0.6578942,0.6992827,-0.5034829,0.3737598,0.3432379,
1,6,17.819,0.4533281,1.101062,-0.6580659,0.6993035,-0.5058563,0.3746761,0.3386767,
1,6,17.821,0.4533281,1.101062,-0.6580659,0.6993035,-0.5058563,0.3746761,0.3386767,
1,6,17.823,0.4533281,1.101062,-0.6580659,0.6993035,-0.5058563,0.3746761,0.3386767,
1,6,17.825,0.4533281,1.101062,-0.6580659,0.6993035,-0.5058563,0.3746761,0.3386767,
1,6,17.827,0.453337,1.101437,-0.6576321,0.6987861,-0.5074798,0.3760281,0.3358052,
1,6,17.829,0.453337,1.101437,-0.6576321,0.6987861,-0.5074798,0.3760281,0.3358052,
1,6,17.831,0.453337,1.101437,-0.6576321,0.6987861,-0.5074798,0.3760281,0.3358052,
1,6,17.833,0.453337,1.101437,-0.6576321,0.6987861,-0.5074798,0.3760281,0.3358052,
1,6,17.835,0.4533545,1.101686,-0.6571345,0.6978083,-0.5092943,0.3777034,0.3332011,
1,6,17.837,0.4533545,1.101686,-0.6571345,0.6978083,-0.5092943,0.3777034,0.3332011,
1,6,17.839,0.4533545,1.101686,-0.6571345,0.6978083,-0.5092943,0.3777034,0.3332011,
1,6,17.841,0.4533545,1.101686,-0.6571345,0.6978083,-0.5092943,0.3777034,0.3332011,
1,6,17.843,0.4533705,1.102209,-0.656292,0.6961346,-0.5107785,0.3805875,0.3311422,
1,6,17.845,0.4533705,1.102209,-0.656292,0.6961346,-0.5107785,0.3805875,0.3311422,
1,6,17.847,0.4533705,1.102209,-0.656292,0.6961346,-0.5107785,0.3805875,0.3311422,
1,6,17.849,0.4533705,1.102209,-0.656292,0.6961346,-0.5107785,0.3805875,0.3311422,
1,6,17.851,0.4534879,1.103066,-0.6549912,0.6934886,-0.5118102,0.3851129,0.3298664,
1,6,17.853,0.4534879,1.103066,-0.6549912,0.6934886,-0.5118102,0.3851129,0.3298664,
1,6,17.855,0.4534879,1.103066,-0.6549912,0.6934886,-0.5118102,0.3851129,0.3298664,
1,6,17.857,0.4534879,1.103066,-0.6549912,0.6934886,-0.5118102,0.3851129,0.3298664,
1,6,17.859,0.4537526,1.103852,-0.6537251,0.6902643,-0.5125024,0.3902176,0.3295555,
1,6,17.861,0.4537526,1.103852,-0.6537251,0.6902643,-0.5125024,0.3902176,0.3295555,
1,6,17.863,0.4537526,1.103852,-0.6537251,0.6902643,-0.5125024,0.3902176,0.3295555,
1,6,17.865,0.4537526,1.103852,-0.6537251,0.6902643,-0.5125024,0.3902176,0.3295555,
1,6,17.867,0.4537526,1.103852,-0.6537251,0.6902643,-0.5125024,0.3902176,0.3295555,
1,6,17.869,0.4538377,1.105241,-0.6524026,0.6864385,-0.5125302,0.3964519,0.330062,
1,6,17.871,0.4538377,1.105241,-0.6524026,0.6864385,-0.5125302,0.3964519,0.330062,
1,6,17.873,0.4538377,1.105241,-0.6524026,0.6864385,-0.5125302,0.3964519,0.330062,
1,6,17.875,0.4538377,1.105241,-0.6524026,0.6864385,-0.5125302,0.3964519,0.330062,
1,6,17.877,0.4539725,1.106668,-0.6509543,0.6820674,-0.5124226,0.4031762,0.3311436,
1,6,17.879,0.4539725,1.106668,-0.6509543,0.6820674,-0.5124226,0.4031762,0.3311436,
1,6,17.881,0.4539725,1.106668,-0.6509543,0.6820674,-0.5124226,0.4031762,0.3311436,
1,6,17.883,0.4539725,1.106668,-0.6509543,0.6820674,-0.5124226,0.4031762,0.3311436,
1,6,17.885,0.4541554,1.107814,-0.6497385,0.6776276,-0.5128872,0.4089126,0.3325028,
1,6,17.887,0.4541554,1.107814,-0.6497385,0.6776276,-0.5128872,0.4089126,0.3325028,
1,6,17.889,0.4541554,1.107814,-0.6497385,0.6776276,-0.5128872,0.4089126,0.3325028,
1,6,17.891,0.4541554,1.107814,-0.6497385,0.6776276,-0.5128872,0.4089126,0.3325028,
1,6,17.893,0.4543841,1.108768,-0.6480988,0.6710355,-0.5152511,0.4151544,0.3344766,
1,6,17.895,0.4543841,1.108768,-0.6480988,0.6710355,-0.5152511,0.4151544,0.3344766,
1,6,17.897,0.4543841,1.108768,-0.6480988,0.6710355,-0.5152511,0.4151544,0.3344766,
1,6,17.899,0.4543841,1.108768,-0.6480988,0.6710355,-0.5152511,0.4151544,0.3344766,
1,6,17.901,0.4548683,1.108931,-0.6469103,0.6664681,-0.5175896,0.4183332,0.3360338,
1,6,17.903,0.4548683,1.108931,-0.6469103,0.6664681,-0.5175896,0.4183332,0.3360338,
1,6,17.905,0.4548683,1.108931,-0.6469103,0.6664681,-0.5175896,0.4183332,0.3360338,
1,6,17.907,0.4548683,1.108931,-0.6469103,0.6664681,-0.5175896,0.4183332,0.3360338,
1,6,17.909,0.4551856,1.108662,-0.6460835,0.6617068,-0.5203427,0.4208474,0.3380458,
1,6,17.911,0.4551856,1.108662,-0.6460835,0.6617068,-0.5203427,0.4208474,0.3380458,
1,6,17.913,0.4551856,1.108662,-0.6460835,0.6617068,-0.5203427,0.4208474,0.3380458,
1,6,17.915,0.4551856,1.108662,-0.6460835,0.6617068,-0.5203427,0.4208474,0.3380458,
1,6,17.917,0.4551856,1.108662,-0.6460835,0.6617068,-0.5203427,0.4208474,0.3380458,
1,6,17.919,0.4557648,1.107882,-0.6453718,0.6563022,-0.5231187,0.423443,0.341043,
1,6,17.921,0.4557648,1.107882,-0.6453718,0.6563022,-0.5231187,0.423443,0.341043,
1,6,17.923,0.4557648,1.107882,-0.6453718,0.6563022,-0.5231187,0.423443,0.341043,
1,6,17.925,0.4557648,1.107882,-0.6453718,0.6563022,-0.5231187,0.423443,0.341043,
1,6,17.927,0.4565002,1.10661,-0.64459,0.649864,-0.5255837,0.4269449,0.3451907,
1,6,17.929,0.4565002,1.10661,-0.64459,0.649864,-0.5255837,0.4269449,0.3451907,
1,6,17.931,0.4565002,1.10661,-0.64459,0.649864,-0.5255837,0.4269449,0.3451907,
1,6,17.933,0.4565002,1.10661,-0.64459,0.649864,-0.5255837,0.4269449,0.3451907,
1,6,17.935,0.4571151,1.10539,-0.6438001,0.6430199,-0.5273893,0.4310957,0.3500608,
1,6,17.937,0.4571151,1.10539,-0.6438001,0.6430199,-0.5273893,0.4310957,0.3500608,
1,6,17.939,0.4571151,1.10539,-0.6438001,0.6430199,-0.5273893,0.4310957,0.3500608,
1,6,17.941,0.4571151,1.10539,-0.6438001,0.6430199,-0.5273893,0.4310957,0.3500608,
1,6,17.943,0.4577553,1.103813,-0.6429831,0.6357644,-0.5290374,0.4355614,0.3552593,
1,6,17.945,0.4577553,1.103813,-0.6429831,0.6357644,-0.5290374,0.4355614,0.3552593,
1,6,17.947,0.4577553,1.103813,-0.6429831,0.6357644,-0.5290374,0.4355614,0.3552593,
1,6,17.949,0.4577553,1.103813,-0.6429831,0.6357644,-0.5290374,0.4355614,0.3552593,
1,6,17.951,0.4583746,1.102446,-0.6423803,0.6284047,-0.5298305,0.4405605,0.3609621,
1,6,17.953,0.4583746,1.102446,-0.6423803,0.6284047,-0.5298305,0.4405605,0.3609621,
1,6,17.955,0.4583746,1.102446,-0.6423803,0.6284047,-0.5298305,0.4405605,0.3609621,
1,6,17.957,0.4583746,1.102446,-0.6423803,0.6284047,-0.5298305,0.4405605,0.3609621,
1,6,17.959,0.4588148,1.101321,-0.6415086,0.6210991,-0.5303202,0.4458632,0.3663364,
1,6,17.961,0.4588148,1.101321,-0.6415086,0.6210991,-0.5303202,0.4458632,0.3663364,
1,6,17.963,0.4588148,1.101321,-0.6415086,0.6210991,-0.5303202,0.4458632,0.3663364,
1,6,17.965,0.4588148,1.101321,-0.6415086,0.6210991,-0.5303202,0.4458632,0.3663364,
1,6,17.967,0.4588148,1.101321,-0.6415086,0.6210991,-0.5303202,0.4458632,0.3663364,
1,6,17.969,0.4593204,1.100573,-0.639469,0.6111952,-0.5307235,0.4535597,0.3729029,
1,6,17.971,0.4593204,1.100573,-0.639469,0.6111952,-0.5307235,0.4535597,0.3729029,
1,6,17.973,0.4593204,1.100573,-0.639469,0.6111952,-0.5307235,0.4535597,0.3729029,
1,6,17.975,0.4593204,1.100573,-0.639469,0.6111952,-0.5307235,0.4535597,0.3729029,
1,6,17.977,0.4594235,1.100693,-0.6385781,0.6057143,-0.5305611,0.4580605,0.3765576,
1,6,17.979,0.4594235,1.100693,-0.6385781,0.6057143,-0.5305611,0.4580605,0.3765576,
1,6,17.981,0.4594235,1.100693,-0.6385781,0.6057143,-0.5305611,0.4580605,0.3765576,
1,6,17.983,0.4594235,1.100693,-0.6385781,0.6057143,-0.5305611,0.4580605,0.3765576,
1,6,17.985,0.4599187,1.099882,-0.6380507,0.6008498,-0.5312034,0.4609994,0.3798447,
1,6,17.987,0.4599187,1.099882,-0.6380507,0.6008498,-0.5312034,0.4609994,0.3798447,
1,6,17.989,0.4599187,1.099882,-0.6380507,0.6008498,-0.5312034,0.4609994,0.3798447,
1,6,17.991,0.4599187,1.099882,-0.6380507,0.6008498,-0.5312034,0.4609994,0.3798447,
1,6,17.993,0.4602497,1.099927,-0.6373053,0.5970216,-0.5316224,0.4636511,0.3820609,
1,6,17.995,0.4602497,1.099927,-0.6373053,0.5970216,-0.5316224,0.4636511,0.3820609,
1,6,17.997,0.4602497,1.099927,-0.6373053,0.5970216,-0.5316224,0.4636511,0.3820609,
1,6,17.999,0.4602497,1.099927,-0.6373053,0.5970216,-0.5316224,0.4636511,0.3820609,
1,7,18.001,0.46047,1.100696,-0.6363893,0.5938705,-0.5319409,0.4661481,0.3834876,TrialStart
1,7,18.003,0.46047,1.100696,-0.6363893,0.5938705,-0.5319409,0.4661481,0.3834876,
1,7,18.005,0.46047,1.100696,-0.6363893,0.5938705,-0.5319409,0.4661481,0.3834876,
1,7,18.007,0.46047,1.100696,-0.6363893,0.5938705,-0.5319409,0.4661481,0.3834876,
1,7,18.009,0.4608324,1.101605,-0.635516,0.5916822,-0.5324182,0.4679042,0.3840686,
1,7,18.011,0.4608324,1.101605,-0.635516,0.5916822,-0.5324182,0.4679042,0.3840686,
1,7,18.013,0.4608324,1.101605,-0.635516,0.5916822,-0.5324182,0.4679042,0.3840686,
1,7,18.015,0.4608324,1.101605,-0.635516,0.5916822,-0.5324182,0.4679042,0.3840686,
1,7,18.017,0.4608324,1.101605,-0.635516,0.5916822,-0.5324182,0.4679042,0.3840686,
1,7,18.019,0.4611921,1.10188,-0.635026,0.5898633,-0.5332745,0.4688528,0.3845215,
1,7,18.021,0.4611921,1.10188,-0.635026,0.5898633,-0.5332745,0.4688528,0.3845215,
1,7,18.023,0.4611921,1.10188,-0.635026,0.5898633,-0.5332745,0.4688528,0.3845215,
1,7,18.025,0.4611921,1.10188,-0.635026,0.5898633,-0.5332745,0.4688528,0.3845215,
1,7,18.027,0.4614664,1.102187,-0.6349413,0.5887324,-0.5341139,0.4692766,0.3845728,
1,7,18.029,0.4614664,1.102187,-0.6349413,0.5887324,-0.5341139,0.4692766,0.3845728,
1,7,18.031,0.4614664,1.102187,-0.6349413,0.5887324,-0.5341139,0.4692766,0.3845728,
1,7,18.033,0.4614664,1.102187,-0.6349413,0.5887324,-0.5341139,0.4692766,0.3845728,
1,7,18.035,0.4617851,1.102378,-0.6347561,0.5878974,-0.5351508,0.469411,0.3842442,
1,7,18.037,0.4617851,1.102378,-0.6347561,0.5878974,-0.5351508,0.469411,0.3842442,
1,7,18.039,0.4617851,1.102378,-0.6347561,0.5878974,-0.5351508,0.469411,0.3842442,
1,7,18.041,0.4617851,1.102378,-0.6347561,0.5878974,-0.5351508,0.469411,0.3842442,
1,7,18.043,0.462191,1.101856,-0.6344309,0.5866622,-0.5367143,0.4695272,0.383809,
1,7,18.045,0.462191,1.101856,-0.6344309,0.5866622,-0.5367143,0.4695272,0.383809,
1,7,18.047,0.462191,1.101856,-0.6344309,0.5866622,-0.5367143,0.4695272,0.383809,
1,7,18.049,0.462191,1.101856,-0.6344309,0.5866622,-0.5367143,0.4695272,0.383809,
1,7,18.051,0.4623336,1.101656,-0.634243,0.5861179,-0.5373111,0.4699406,0.3832997,
1,7,18.053,0.4623336,1.101656,-0.634243,0.5861179,-0.5373111,0.4699406,0.3832997,
1,7,18.055,0.4623336,1.101656,-0.634243,0.5861179,-0.5373111,0.4699406,0.3832997,
1,7,18.057,0.4623336,1.101656,-0.634243,0.5861179,-0.5373111,0.4699406,0.3832997,
1,7,18.059,0.4624407,1.101029,-0.6342317,0.585662,-0.5377684,0.4703469,0.3828562,
1,7,18.061,0.4624407,1.101029,-0.6342317,0.585662,-0.5377684,0.4703469,0.3828562,
1,7,18.063,0.4624407,1.101029,-0.6342317,0.585662,-0.5377684,0.4703469,0.3828562,
1,7,18.065,0.4624407,1.101029,-0.6342317,0.585662,-0.5377684,0.4703469,0.3828562,
1,7,18.067,0.4624407,1.101029,-0.6342317,0.585662,-0.5377684,0.4703469,0.3828562,
1,7,18.069,0.4624068,1.09972,-0.6346896,0.5850748,-0.537919,0.4707174,0.383087,
1,7,18.071,0.4624068,1.09972,-0.6346896,0.5850748,-0.537919,0.4707174,0.383087,
1,7,18.073,0.4624068,1.09972,-0.6346896,0.5850748,-0.537919,0.4707174,0.383087,
1,7,18.075,0.4624068,1.09972,-0.6346896,0.5850748,-0.537919,0.4707174,0.383087,
1,7,18.077,0.4623627,1.097489,-0.6358074,0.5843772,-0.5379746,0.4707443,0.3840397,
1,7,18.079,0.4623627,1.097489,-0.6358074,0.5843772,-0.5379746,0.4707443,0.3840397,
1,7,18.081,0.4623627,1.097489,-0.6358074,0.5843772,-0.5379746,0.4707443,0.3840397,
1,7,18.083,0.4623627,1.097489,-0.6358074,0.5843772,-0.5379746,0.4707443,0.3840397,
1,7,18.085,0.4619967,1.097452,-0.6356629,0.5839772,-0.5366678,0.4727408,0.3840243,
1,7,18.087,0.4619967,1.097452,-0.6356629,0.5839772,-0.5366678,0.4727408,0.3840243,
1,7,18.089,0.4619967,1.097452,-0.6356629,0.5839772,-0.5366678,0.4727408,0.3840243,
1,7,18.091,0.4619967,1.097452,-0.6356629,0.5839772,-0.5366678,0.4727408,0.3840243,
1,7,18.093,0.4615804,1.096711,-0.6361289,0.5837408,-0.5353753,0.474334,0.384223,
1,7,18.095,0.4615804,1.096711,-0.6361289,0.5837408,-0.5353753,0.474334,0.384223,
1,7,18.097,0.4615804,1.096711,-0.6361289,0.5837408,-0.5353753,0.474334,0.384223,
1,7,18.099,0.4615804,1.096711,-0.6361289,0.5837408,-0.5353753,0.474334,0.384223,
1,7,18.101,0.4611016,1.095894,-0.6365062,0.583944,-0.5342255,0.4756581,0.3838775,
1,7,18.103,0.4611016,1.095894,-0.6365062,0.583944,-0.5342255,0.4756581,0.3838775,
1,7,18.105,0.4611016,1.095894,-0.6365062,0.583944,-0.5342255,0.4756581,0.3838775,
1,7,18.107,0.4611016,1.095894,-0.6365062,0.583944,-0.5342255,0.4756581,0.3838775,
1,7,18.109,0.4604848,1.095107,-0.6371418,0.5844783,-0.5329883,0.4768164,0.3833466,
1,7,18.111,0.4604848,1.095107,-0.6371418,0.5844783,-0.5329883,0.4768164,0.3833466,
1,7,18.113,0.4604848,1.095107,-0.6371418,0.5844783,-0.5329883,0.4768164,0.3833466,
1,7,18.115,0.4604848,1.095107,-0.6371418,0.5844783,-0.5329883,0.4768164,0.3833466,
1,7,18.117,0.4604848,1.095107,-0.6371418,0.5844783,-0.5329883,0.4768164,0.3833466,
1,7,18.119,0.4594144,1.094678,-0.6379454,0.5865806,-0.5312904,0.4779362,0.3810916,
1,7,18.121,0.4594144,1.094678,-0.6379454,0.5865806,-0.5312904,0.4779362,0.3810916,
1,7,18.123,0.4594144,1.094678,-0.6379454,0.5865806,-0.5312904,0.4779362,0.3810916,
1,7,18.125,0.4594144,1.094678,-0.6379454,0.5865806,-0.5312904,0.4779362,0.3810916,
1,7,18.127,0.4589534,1.094591,-0.638504,0.5884259,-0.5301363,0.4784766,0.379171,
1,7,18.129,0.4589534,1.094591,-0.638504,0.5884259,-0.5301363,0.4784766,0.379171,
1,7,18.131,0.4589534,1.094591,-0.638504,0.5884259,-0.5301363,0.4784766,0.379171,
1,7,18.133,0.4589534,1.094591,-0.638504,0.5884259,-0.5301363,0.4784766,0.379171,
1,7,18.135,0.4581963,1.094354,-0.6394064,0.5906573,-0.5291972,0.4785098,0.3769651,
1,7,18.137,0.4581963,1.094354,-0.6394064,0.5906573,-0.5291972,0.4785098,0.3769651,
1,7,18.139,0.4581963,1.094354,-0.6394064,0.5906573,-0.5291972,0.4785098,0.3769651,
1,7,18.141,0.4581963,1.094354,-0.6394064,0.5906573,-0.5291972,0.4785098,0.3769651,
1,7,18.143,0.4574774,1.094312,-0.6406655,0.5931117,-0.5281104,0.4783549,0.374826,
1,7,18.145,0.4574774,1.094312,-0.6406655,0.5931117,-0.5281104,0.4783549,0.374826,
1,7,18.147,0.4574774,1.094312,-0.6406655,0.5931117,-0.5281104,0.4783549,0.374826,
1,7,18.149,0.4574774,1.094312,-0.6406655,0.5931117,-0.5281104,0.4783549,0.374826,
1,7,18.151,0.4568163,1.094159,-0.6418216,0.5957449,-0.5274526,0.4777732,0.3723097,
1,7,18.153,0.4568163,1.094159,-0.6418216,0.5957449,-0.5274526,0.4777732,0.3723097,
1,7,18.155,0.4568163,1.094159,-0.6418216,0.5957449,-0.5274526,0.4777732,0.3723097,
1,7,18.157,0.4568163,1.094159,-0.6418216,0.5957449,-0.5274526,0.4777732,0.3723097,
1,7,18.159,0.4560978,1.094084,-0.6428878,0.5979741,-0.526727,0.4775953,0.3699844,
1,7,18.161,0.4560978,1.094084,-0.6428878,0.5979741,-0.526727,0.4775953,0.3699844,
1,7,18.163,0.4560978,1.094084,-0.6428878,0.5979741,-0.526727,0.4775953,0.3699844,
1,7,18.165,0.4560978,1.094084,-0.6428878,0.5979741,-0.526727,0.4775953,0.3699844,
1,7,18.167,0.4560978,1.094084,-0.6428878,0.5979741,-0.526727,0.4775953,0.3699844,
1,7,18.169,0.4552859,1.093854,-0.6441855,0.6002969,-0.5262828,0.4769796,0.3676418,
1,7,18.171,0.4552859,1.093854,-0.6441855,0.6002969,-0.5262828,0.4769796,0.3676418,
1,7,18.173,0.4552859,1.093854,-0.6441855,0.6002969,-0.5262828,0.4769796,0.3676418,
1,7,18.175,0.4552859,1.093854,-0.6441855,0.6002969,-0.5262828,0.4769796,0.3676418,
1,7,18.177,0.4544891,1.093346,-0.6456112,0.6025566,-0.5262414,0.4759802,0.3652923,
1,7,18.179,0.4544891,1.093346,-0.6456112,0.6025566,-0.5262414,0.4759802,0.3652923,
1,7,18.181,0.4544891,1.093346,-0.6456112,0.6025566,-0.5262414,0.4759802,0.3652923,
1,7,18.183,0.4544891,1.093346,-0.6456112,0.6025566,-0.5262414,0.4759802,0.3652923,
1,7,18.185,0.4534888,1.093827,-0.6466192,0.6045564,-0.5256388,0.4758386,0.3630331,
1,7,18.187,0.4534888,1.093827,-0.6466192,0.6045564,-0.5256388,0.4758386,0.3630331,
1,7,18.189,0.4534888,1.093827,-0.6466192,0.6045564,-0.5256388,0.4758386,0.3630331,
1,7,18.191,0.4534888,1.093827,-0.6466192,0.6045564,-0.5256388,0.4758386,0.3630331,
1,7,18.193,0.4517535,1.093825,-0.648538,0.60679,-0.5251701,0.4753564,0.3606085,
1,7,18.195,0.4517535,1.093825,-0.648538,0.60679,-0.5251701,0.4753564,0.3606085,
1,7,18.197,0.4517535,1.093825,-0.648538,0.60679,-0.5251701,0.4753564,0.3606085,
1,7,18.199,0.4517535,1.093825,-0.648538,0.60679,-0.5251701,0.4753564,0.3606085,
1,7,18.201,0.4505933,1.0939,-0.6493533,0.6073061,-0.5248629,0.4758573,0.3595247,
1,7,18.203,0.4505933,1.0939,-0.6493533,0.6073061,-0.5248629,0.4758573,0.3595247,
1,7,18.205,0.4505933,1.0939,-0.6493533,0.6073061,-0.5248629,0.4758573,0.3595247,
1,7,18.207,0.4505933,1.0939,-0.6493533,0.6073061,-0.5248629,0.4758573,0.3595247,
1,7,18.209,0.449383,1.094006,-0.6501145,0.607305,-0.5243203,0.4767839,0.3590905,
1,7,18.211,0.449383,1.094006,-0.6501145,0.607305,-0.5243203,0.4767839,0.3590905,
1,7,18.213,0.449383,1.094006,-0.6501145,0.607305,-0.5243203,0.4767839,0.3590905,
1,7,18.215,0.449383,1.094006,-0.6501145,0.607305,-0.5243203,0.4767839,0.3590905,
1,7,18.217,0.449383,1.094006,-0.6501145,0.607305,-0.5243203,0.4767839,0.3590905,
1,7,18.219,0.4481633,1.093452,-0.6513689,0.6067822,-0.5240434,0.477619,0.3592686,
1,7,18.221,0.4481633,1.093452,-0.6513689,0.6067822,-0.5240434,0.477619,0.3592686,
1,7,18.223,0.4481633,1.093452,-0.6513689,0.6067822,-0.5240434,0.477619,0.3592686,
1,7,18.225,0.4481633,1.093452,-0.6513689,0.6067822,-0.5240434,0.477619,0.3592686,
1,7,18.227,0.4470274,1.093575,-0.6522475,0.6060631,-0.5237091,0.478839,0.3593459,
1,7,18.229,0.4470274,1.093575,-0.6522475,0.6060631,-0.5237091,0.478839,0.3593459,
1,7,18.231,0.4470274,1.093575,-0.6522475,0.6060631,-0.5237091,0.478839,0.3593459,
1,7,18.233,0.4470274,1.093575,-0.6522475,0.6060631,-0.5237091,0.478839,0.3593459,
1,7,18.235,0.4459472,1.093621,-0.6529048,0.6051128,-0.5236034,0.4799912,0.3595645,
1,7,18.237,0.4459472,1.093621,-0.6529048,0.6051128,-0.5236034,0.4799912,0.3595645,
1,7,18.239,0.4459472,1.093621,-0.6529048,0.6051128,-0.5236034,0.4799912,0.3595645,
1,7,18.241,0.4459472,1.093621,-0.6529048,0.6051128,-0.5236034,0.4799912,0.3595645,
1,7,18.243,0.4448868,1.093569,-0.6538814,0.6041386,-0.5237029,0.480832,0.3599343,
1,7,18.245,0.4448868,1.093569,-0.6538814,0.6041386,-0.5237029,0.480832,0.3599343,
1,7,18.247,0.4448868,1.093569,-0.6538814,0.6041386,-0.5237029,0.480832,0.3599343,
1,7,18.249,0.4448868,1.093569,-0.6538814,0.6041386,-0.5237029,0.480832,0.3599343,
1,7,18.251,0.4438714,1.093966,-0.6542335,0.6029282,-0.5238762,0.482064,0.3600633,
1,7,18.253,0.4438714,1.093966,-0.6542335,0.6029282,-0.5238762,0.482064,0.3600633,
1,7,18.255,0.4438714,1.093966,-0.6542335,0.6029282,-0.5238762,0.482064,0.3600633,
1,7,18.257,0.4438714,1.093966,-0.6542335,0.6029282,-0.5238762,0.482064,0.3600633,
1,7,18.259,0.4431039,1.093747,-0.6548473,0.6017163,-0.5244803,0.4826091,0.3604808,
1,7,18.261,0.4431039,1.093747,-0.6548473,0.6017163,-0.5244803,0.4826091,0.3604808,
1,7,18.263,0.4431039,1.093747,-0.6548473,0.6017163,-0.5244803,0.4826091,0.3604808,
1,7,18.265,0.4431039,1.093747,-0.6548473,0.6017163,-0.5244803,0.4826091,0.3604808,
1,7,18.267,0.4431039,1.093747,-0.6548473,0.6017163,-0.5244803,0.4826091,0.3604808,
1,7,18.269,0.441939,1.094033,-0.6554289,0.6000372,-0.5256114,0.4834306,0.3605314,
1,7,18.271,0.441939,1.094033,-0.6554289,0.6000372,-0.5256114,0.4834306,0.3605314,
1,7,18.273,0.441939,1.094033,-0.6554289,0.6000372,-0.5256114,0.4834306,0.3605314,
1,7,18.275,0.441939,1.094033,-0.6554289,0.6000372,-0.5256114,0.4834306,0.3605314,
1,7,18.277,0.4411975,1.094377,-0.6558861,0.5989134,-0.5262434,0.4839581,0.3607704,
1,7,18.279,0.4411975,1.094377,-0.6558861,0.5989134,-0.5262434,0.4839581,0.3607704,
1,7,18.281,0.4411975,1.094377,-0.6558861,0.5989134,-0.5262434,0.4839581,0.3607704,
1,7,18.283,0.4411975,1.094377,-0.6558861,0.5989134,-0.5262434,0.4839581,0.3607704,
1,7,18.285,0.4405721,1.094356,-0.6562202,0.5974978,-0.5271584,0.4844924,0.3610644,
1,7,18.287,0.4405721,1.094356,-0.6562202,0.5974978,-0.5271584,0.4844924,0.3610644,
1,7,18.289,0.4405721,1.094356,-0.6562202,0.5974978,-0.5271584,0.4844924,0.3610644,
1,7,18.291,0.4405721,1.094356,-0.6562202,0.5974978,-0.5271584,0.4844924,0.3610644,
1,7,18.293,0.4401394,1.09426,-0.656733,0.5963846,-0.5280087,0.4846993,0.3613847,
1,7,18.295,0.4401394,1.09426,-0.656733,0.5963846,-0.5280087,0.4846993,0.3613847,
1,7,18.297,0.4401394,1.09426,-0.656733,0.5963846,-0.5280087,0.4846993,0.3613847,
1,7,18.299,0.4401394,1.09426,-0.656733,0.5963846,-0.5280087,0.4846993,0.3613847,
1,7,18.301,0.4397787,1.094096,-0.6569881,0.5946521,-0.5285962,0.4855506,0.3622369,
1,7,18.303,0.4397787,1.094096,-0.6569881,0.5946521,-0.5285962,0.4855506,0.3622369,
1,7,18.305,0.4397787,1.094096,-0.6569881,0.5946521,-0.5285962,0.4855506,0.3622369,
1,7,18.307,0.4397787,1.094096,-0.6569881,0.5946521,-0.5285962,0.4855506,0.3622369,
1,7,18.309,0.4394457,1.093578,-0.6573655,0.5926004,-0.529222,0.4865044,0.3634038,
1,7,18.311,0.4394457,1.093578,-0.6573655,0.5926004,-0.529222,0.4865044,0.3634038,
1,7,18.313,0.4394457,1.093578,-0.6573655,0.5926004,-0.529222,0.4865044,0.3634038,
1,7,18.315,0.4394457,1.093578,-0.6573655,0.5926004,-0.529222,0.4865044,0.3634038,
1,7,18.317,0.4394457,1.093578,-0.6573655,0.5926004,-0.529222,0.4865044,0.3634038,
1,7,18.319,0.4391441,1.093389,-0.6578054,0.5908286,-0.5294064,0.4876741,0.3644512,
1,7,18.321,0.4391441,1.093389,-0.6578054,0.5908286,-0.5294064,0.4876741,0.3644512,
1,7,18.323,0.4391441,1.093389,-0.6578054,0.5908286,-0.5294064,0.4876741,0.3644512,
1,7,18.325,0.4391441,1.093389,-0.6578054,0.5908286,-0.5294064,0.4876741,0.3644512,
1,7,18.327,0.4389283,1.093027,-0.658456,0.5894933,-0.5296136,0.4883991,0.3653401,
1,7,18.329,0.4389283,1.093027,-0.658456,0.5894933,-0.5296136,0.4883991,0.3653401,
1,7,18.331,0.4389283,1.093027,-0.658456,0.5894933,-0.5296136,0.4883991,0.3653401,
1,7,18.333,0.4389283,1.093027,-0.658456,0.5894933,-0.5296136,0.4883991,0.3653401,
1,7,18.335,0.4387639,1.092577,-0.6590266,0.5881616,-0.5299211,0.4891581,0.3660247,
1,7,18.337,0.4387639,1.092577,-0.6590266,0.5881616,-0.5299211,0.4891581,0.3660247,
1,7,18.339,0.4387639,1.092577,-0.6590266,0.5881616,-0.5299211,0.4891581,0.3660247,
1,7,18.341,0.4387639,1.092577,-0.6590266,0.5881616,-0.5299211,0.4891581,0.3660247,
1,7,18.343,0.4387735,1.091593,-0.6603408,0.5866786,-0.5304326,0.4897879,0.3668206,
1,7,18.345,0.4387735,1.091593,-0.6603408,0.5866786,-0.5304326,0.4897879,0.3668206,
1,7,18.347,0.4387735,1.091593,-0.6603408,0.5866786,-0.5304326,0.4897879,0.3668206,
1,7,18.349,0.4387735,1.091593,-0.6603408,0.5866786,-0.5304326,0.4897879,0.3668206,
1,7,18.351,0.4388555,1.091329,-0.6614048,0.5867565,-0.530689,0.4896902,0.3664553,
1,7,18.353,0.4388555,1.091329,-0.6614048,0.5867565,-0.530689,0.4896902,0.3664553,
1,7,18.355,0.4388555,1.091329,-0.6614048,0.5867565,-0.530689,0.4896902,0.3664553,
1,7,18.357,0.4388555,1.091329,-0.6614048,0.5867565,-0.530689,0.4896902,0.3664553,
1,7,18.359,0.4389602,1.090929,-0.6625232,0.5872856,-0.5312341,0.4891984,0.3654736,
1,7,18.361,0.4389602,1.090929,-0.6625232,0.5872856,-0.5312341,0.4891984,0.3654736,
1,7,18.363,0.4389602,1.090929,-0.6625232,0.5872856,-0.5312341,0.4891984,0.3654736,
1,7,18.365,0.4389602,1.090929,-0.6625232,0.5872856,-0.5312341,0.4891984,0.3654736,
1,7,18.367,0.4389602,1.090929,-0.6625232,0.5872856,-0.5312341,0.4891984,0.3654736,
1,7,18.369,0.4390433,1.09091,-0.6633179,0.5880294,-0.5316848,0.4888543,0.3640798,
1,7,18.371,0.4390433,1.09091,-0.6633179,0.5880294,-0.5316848,0.4888543,0.3640798,
1,7,18.373,0.4390433,1.09091,-0.6633179,0.5880294,-0.5316848,0.4888543,0.3640798,
1,7,18.375,0.4390433,1.09091,-0.6633179,0.5880294,-0.5316848,0.4888543,0.3640798,
1,7,18.377,0.4392138,1.090561,-0.6643379,0.5890691,-0.5323616,0.4880934,0.3624274,
1,7,18.379,0.4392138,1.090561,-0.6643379,0.5890691,-0.5323616,0.4880934,0.3624274,
1,7,18.381,0.4392138,1.090561,-0.6643379,0.5890691,-0.5323616,0.4880934,0.3624274,
1,7,18.383,0.4392138,1.090561,-0.6643379,0.5890691,-0.5323616,0.4880934,0.3624274,
1,7,18.385,0.4394088,1.089944,-0.6656759,0.5901108,-0.5330409,0.4873518,0.3607283,
1,7,18.387,0.4394088,1.089944,-0.6656759,0.5901108,-0.5330409,0.4873518,0.3607283,
1,7,18.389,0.4394088,1.089944,-0.6656759,0.5901108,-0.5330409,0.4873518,0.3607283,
1,7,18.391,0.4394088,1.089944,-0.6656759,0.5901108,-0.5330409,0.4873518,0.3607283,
1,7,18.393,0.4397625,1.08978,-0.666455,0.5908599,-0.5334067,0.4874099,0.358878,
1,7,18.395,0.4397625,1.08978,-0.666455,0.5908599,-0.5334067,0.4874099,0.358878,
1,7,18.397,0.4397625,1.08978,-0.666455,0.5908599,-0.5334067,0.4874099,0.358878,
1,7,18.399,0.4397625,1.08978,-0.666455,0.5908599,-0.5334067,0.4874099,0.358878,
1,7,18.401,0.4400698,1.089662,-0.6671503,0.5915444,-0.5335298,0.4878457,0.3569705,
1,7,18.403,0.4400698,1.089662,-0.6671503,0.5915444,-0.5335298,0.4878457,0.3569705,
1,7,18.405,0.4400698,1.089662,-0.6671503,0.5915444,-0.5335298,0.4878457,0.3569705,
1,7,18.407,0.4400698,1.089662,-0.6671503,0.5915444,-0.5335298,0.4878457,0.3569705,
1,7,18.409,0.4405027,1.08967,-0.6676243,0.592278,-0.533666,0.4884106,0.3547712,
1,7,18.411,0.4405027,1.08967,-0.6676243,0.592278,-0.533666,0.4884106,0.3547712,
1,7,18.413,0.4405027,1.08967,-0.6676243,0.592278,-0.533666,0.4884106,0.3547712,
1,7,18.415,0.4405027,1.08967,-0.6676243,0.592278,-0.533666,0.4884106,0.3547712,
1,7,18.417,0.4405027,1.08967,-0.6676243,0.592278,-0.533666,0.4884106,0.3547712,
1,7,18.419,0.441007,1.089715,-0.6685042,0.5930005,-0.5333999,0.489866,0.3519464,
1,7,18.421,0.441007,1.089715,-0.6685042,0.5930005,-0.5333999,0.489866,0.3519464,
1,7,18.423,0.441007,1.089715,-0.6685042,0.5930005,-0.5333999,0.489866,0.3519464,
1,7,18.425,0.441007,1.089715,-0.6685042,0.5930005,-0.5333999,0.489866,0.3519464,
1,7,18.427,0.4414215,1.089409,-0.668932,0.593051,-0.5332774,0.4910859,0.3503435,
1,7,18.429,0.4414215,1.089409,-0.668932,0.593051,-0.5332774,0.4910859,0.3503435,
1,7,18.431,0.4414215,1.089409,-0.668932,0.593051,-0.5332774,0.4910859,0.3503435,
1,7,18.433,0.4414215,1.089409,-0.668932,0.593051,-0.5332774,0.4910859,0.3503435,
1,7,18.435,0.4419607,1.088787,-0.6696457,0.5928209,-0.5330604,0.4923323,0.3493119,
1,7,18.437,0.4419607,1.088787,-0.6696457,0.5928209,-0.5330604,0.4923323,0.3493119,
1,7,18.439,0.4419607,1.088787,-0.6696457,0.5928209,-0.5330604,0.4923323,0.3493119,
1,7,18.441,0.4419607,1.088787,-0.6696457,0.5928209,-0.5330604,0.4923323,0.3493119,
1,7,18.443,0.4424772,1.088299,-0.6703184,0.592358,-0.5326434,0.4939463,0.3484537,
1,7,18.445,0.4424772,1.088299,-0.6703184,0.592358,-0.5326434,0.4939463,0.3484537,
1,7,18.447,0.4424772,1.088299,-0.6703184,0.592358,-0.5326434,0.4939463,0.3484537,
1,7,18.449,0.4424772,1.088299,-0.6703184,0.592358,-0.5326434,0.4939463,0.3484537,
1,7,18.451,0.4430667,1.087933,-0.6708809,0.591875,-0.5321453,0.4956349,0.347637,
1,7,18.453,0.4430667,1.087933,-0.6708809,0.591875,-0.5321453,0.4956349,0.347637,
1,7,18.455,0.4430667,1.087933,-0.6708809,0.591875,-0.5321453,0.4956349,0.347637,
1,7,18.457,0.4430667,1.087933,-0.6708809,0.591875,-0.5321453,0.4956349,0.347637,
1,7,18.459,0.4437897,1.087235,-0.6715612,0.5911933,-0.5319576,0.4970903,0.3470055,
1,7,18.461,0.4437897,1.087235,-0.6715612,0.5911933,-0.5319576,0.4970903,0.3470055,
1,7,18.463,0.4437897,1.087235,-0.6715612,0.5911933,-0.5319576,0.4970903,0.3470055,
1,7,18.465,0.4437897,1.087235,-0.6715612,0.5911933,-0.5319576,0.4970903,0.3470055,
1,7,18.467,0.4437897,1.087235,-0.6715612,0.5911933,-0.5319576,0.4970903,0.3470055,
1,7,18.469,0.4444413,1.086636,-0.6722794,0.5904716,-0.5316818,0.4986487,0.3464204,
1,7,18.471,0.4444413,1.086636,-0.6722794,0.5904716,-0.5316818,0.4986487,0.3464204,
1,7,18.473,0.4444413,1.086636,-0.6722794,0.5904716,-0.5316818,0.4986487,0.3464204,
1,7,18.475,0.4444413,1.086636,-0.6722794,0.5904716,-0.5316818,0.4986487,0.3464204,
1,7,18.477,0.4451399,1.086138,-0.6728941,0.5899146,-0.5316319,0.4999303,0.345598,
1,7,18.479,0.4451399,1.086138,-0.6728941,0.5899146,-0.5316319,0.4999303,0.345598,
1,7,18.481,0.4451399,1.086138,-0.6728941,0.5899146,-0.5316319,0.4999303,0.345598,
1,7,18.483,0.4451399,1.086138,-0.6728941,0.5899146,-0.5316319,0.4999303,0.345598,
1,7,18.485,0.4456844,1.08604,-0.6731538,0.5893879,-0.5315608,0.5014046,0.3444685,
1,7,18.487,0.4456844,1.08604,-0.6731538,0.5893879,-0.5315608,0.5014046,0.3444685,
1,7,18.489,0.4456844,1.08604,-0.6731538,0.5893879,-0.5315608,0.5014046,0.3444685,
1,7,18.491,0.4456844,1.08604,-0.6731538,0.5893879,-0.5315608,0.5014046,0.3444685,
1,7,18.493,0.4467813,1.085358,-0.6738184,0.5888055,-0.5320351,0.5027129,0.3428214,
1,7,18.495,0.4467813,1.085358,-0.6738184,0.5888055,-0.5320351,0.5027129,0.3428214,
1,7,18.497,0.4467813,1.085358,-0.6738184,0.5888055,-0.5320351,0.5027129,0.3428214,
1,7,18.499,0.4467813,1.085358,-0.6738184,0.5888055,-0.5320351,0.5027129,0.3428214,
1,7,18.501,0.447308,1.085332,-0.674121,0.5882816,-0.5320901,0.503967,0.3417927,
1,7,18.503,0.447308,1.085332,-0.674121,0.5882816,-0.5320901,0.503967,0.3417927,
1,7,18.505,0.447308,1.085332,-0.674121,0.5882816,-0.5320901,0.503967,0.3417927,
1,7,18.507,0.447308,1.085332,-0.674121,0.5882816,-0.5320901,0.503967,0.3417927,
1,7,18.509,0.4479907,1.084721,-0.674358,0.5874065,-0.532468,0.5050569,0.3410999,
1,7,18.511,0.4479907,1.084721,-0.674358,0.5874065,-0.532468,0.5050569,0.3410999,
1,7,18.513,0.4479907,1.084721,-0.674358,0.5874065,-0.532468,0.5050569,0.3410999,
1,7,18.515,0.4479907,1.084721,-0.674358,0.5874065,-0.532468,0.5050569,0.3410999,
1,7,18.517,0.4479907,1.084721,-0.674358,0.5874065,-0.532468,0.5050569,0.3410999,
1,7,18.519,0.4485328,1.084569,-0.6744164,0.586594,-0.5326639,0.5063247,0.3403118,
1,7,18.521,0.4485328,1.084569,-0.6744164,0.586594,-0.5326639,0.5063247,0.3403118,
1,7,18.523,0.4485328,1.084569,-0.6744164,0.586594,-0.5326639,0.5063247,0.3403118,
1,7,18.525,0.4485328,1.084569,-0.6744164,0.586594,-0.5326639,0.5063247,0.3403118,
1,7,18.527,0.4490609,1.084238,-0.6745059,0.5856754,-0.532997,0.5074927,0.3396318,
1,7,18.529,0.4490609,1.084238,-0.6745059,0.5856754,-0.532997,0.5074927,0.3396318,
1,7,18.531,0.4490609,1.084238,-0.6745059,0.5856754,-0.532997,0.5074927,0.3396318,
1,7,18.533,0.4490609,1.084238,-0.6745059,0.5856754,-0.532997,0.5074927,0.3396318,
1,7,18.535,0.4495329,1.083874,-0.6744524,0.584798,-0.5334188,0.5085398,0.3389142,
1,7,18.537,0.4495329,1.083874,-0.6744524,0.584798,-0.5334188,0.5085398,0.3389142,
1,7,18.539,0.4495329,1.083874,-0.6744524,0.584798,-0.5334188,0.5085398,0.3389142,
1,7,18.541,0.4495329,1.083874,-0.6744524,0.584798,-0.5334188,0.5085398,0.3389142,
1,7,18.543,0.4499808,1.083627,-0.6744936,0.5841086,-0.5336815,0.5094997,0.3382474,
1,7,18.545,0.4499808,1.083627,-0.6744936,0.5841086,-0.5336815,0.5094997,0.3382474,
1,7,18.547,0.4499808,1.083627,-0.6744936,0.5841086,-0.5336815,0.5094997,0.3382474,
1,7,18.549,0.4499808,1.083627,-0.6744936,0.5841086,-0.5336815,0.5094997,0.3382474,
1,7,18.551,0.4502754,1.083556,-0.6743891,0.5833621,-0.5339153,0.5104579,0.3377216,
1,7,18.553,0.4502754,1.083556,-0.6743891,0.5833621,-0.5339153,0.5104579,0.3377216,
1,7,18.555,0.4502754,1.083556,-0.6743891,0.5833621,-0.5339153,0.5104579,0.3377216,
1,7,18.557,0.4502754,1.083556,-0.6743891,0.5833621,-0.5339153,0.5104579,0.3377216,
1,7,18.559,0.4506749,1.083411,-0.6742317,0.5824817,-0.5341261,0.5114571,0.337396,
1,7,18.561,0.4506749,1.083411,-0.6742317,0.5824817,-0.5341261,0.5114571,0.337396,
1,7,18.563,0.4506749,1.083411,-0.6742317,0.5824817,-0.5341261,0.5114571,0.337396,
1,7,18.565,0.4506749,1.083411,-0.6742317,0.5824817,-0.5341261,0.5114571,0.337396,
1,7,18.567,0.4506749,1.083411,-0.6742317,0.5824817,-0.5341261,0.5114571,0.337396,
1,7,18.569,0.4512815,1.082662,-0.6744921,0.5811853,-0.534443,0.5124253,0.3376603,
1,7,18.571,0.4512815,1.082662,-0.6744921,0.5811853,-0.534443,0.5124253,0.3376603,
1,7,18.573,0.4512815,1.082662,-0.6744921,0.5811853,-0.534443,0.5124253,0.3376603,
1,7,18.575,0.4512815,1.082662,-0.6744921,0.5811853,-0.534443,0.5124253,0.3376603,
1,7,18.577,0.4516808,1.082541,-0.6745356,0.5803112,-0.5343658,0.5132952,0.3379648,
1,7,18.579,0.4516808,1.082541,-0.6745356,0.5803112,-0.5343658,0.5132952,0.3379648,
1,7,18.581,0.4516808,1.082541,-0.6745356,0.5803112,-0.5343658,0.5132952,0.3379648,
1,7,18.583,0.4516808,1.082541,-0.6745356,0.5803112,-0.5343658,0.5132952,0.3379648,
1,7,18.585,0.4521321,1.082542,-0.6744036,0.5796359,-0.5344073,0.5139515,0.3380607,
1,7,18.587,0.4521321,1.082542,-0.6744036,0.5796359,-0.5344073,0.5139515,0.3380607,
1,7,18.589,0.4521321,1.082542,-0.6744036,0.5796359,-0.5344073,0.5139515,0.3380607,
1,7,18.591,0.4521321,1.082542,-0.6744036,0.5796359,-0.5344073,0.5139515,0.3380607,
1,7,18.593,0.4523959,1.08249,-0.6743044,0.5791769,-0.5345241,0.5142925,0.3381439,
1,7,18.595,0.4523959,1.08249,-0.6743044,0.5791769,-0.5345241,0.5142925,0.3381439,
1,7,18.597,0.4523959,1.08249,-0.6743044,0.5791769,-0.5345241,0.5142925,0.3381439,
1,7,18.599,0.4523959,1.08249,-0.6743044,0.5791769,-0.5345241,0.5142925,0.3381439,
1,7,18.601,0.4527489,1.082329,-0.6742709,0.5789655,-0.5348305,0.5142052,0.3381545,
1,7,18.603,0.4527489,1.082329,-0.6742709,0.5789655,-0.5348305,0.5142052,0.3381545,
1,7,18.605,0.4527489,1.082329,-0.6742709,0.5789655,-0.5348305,0.5142052,0.3381545,
1,7,18.607,0.4527489,1.082329,-0.6742709,0.5789655,-0.5348305,0.5142052,0.3381545,
1,7,18.609,0.4529763,1.082585,-0.6739995,0.5790977,-0.5352063,0.5139017,0.3377945,
1,7,18.611,0.4529763,1.082585,-0.6739995,0.5790977,-0.5352063,0.5139017,0.3377945,
1,7,18.613,0.4529763,1.082585,-0.6739995,0.5790977,-0.5352063,0.5139017,0.3377945,
1,7,18.615,0.4529763,1.082585,-0.6739995,0.5790977,-0.5352063,0.5139017,0.3377945,
1,7,18.617,0.4529763,1.082585,-0.6739995,0.5790977,-0.5352063,0.5139017,0.3377945,
1,7,18.619,0.4531715,1.082806,-0.6737965,0.579272,-0.5354944,0.5135301,0.3376043,
1,7,18.621,0.4531715,1.082806,-0.6737965,0.579272,-0.5354944,0.5135301,0.3376043,
1,7,18.623,0.4531715,1.082806,-0.6737965,0.579272,-0.5354944,0.5135301,0.3376043,
1,7,18.625,0.4531715,1.082806,-0.6737965,0.579272,-0.5354944,0.5135301,0.3376043,
1,7,18.627,0.4534847,1.082859,-0.6736197,0.5795745,-0.5359192,0.5128196,0.3374909,
1,7,18.629,0.4534847,1.082859,-0.6736197,0.5795745,-0.5359192,0.5128196,0.3374909,
1,7,18.631,0.4534847,1.082859,-0.6736197,0.5795745,-0.5359192,0.5128196,0.3374909,
1,7,18.633,0.4534847,1.082859,-0.6736197,0.5795745,-0.5359192,0.5128196,0.3374909,
1,7,18.635,0.4536796,1.082798,-0.6734869,0.5797214,-0.5362626,0.5121666,0.3376848,
1,7,18.637,0.4536796,1.082798,-0.6734869,0.5797214,-0.5362626,0.5121666,0.3376848,
1,7,18.639,0.4536796,1.082798,-0.6734869,0.5797214,-0.5362626,0.5121666,0.3376848,
1,7,18.641,0.4536796,1.082798,-0.6734869,0.5797214,-0.5362626,0.5121666,0.3376848,
1,7,18.643,0.4539113,1.082669,-0.673333,0.5796818,-0.5365989,0.5113612,0.3384383,
1,7,18.645,0.4539113,1.082669,-0.673333,0.5796818,-0.5365989,0.5113612,0.3384383,
1,7,18.647,0.4539113,1.082669,-0.673333,0.5796818,-0.5365989,0.5113612,0.3384383,
1,7,18.649,0.4539113,1.082669,-0.673333,0.5796818,-0.5365989,0.5113612,0.3384383,
1,7,18.651,0.4541685,1.082315,-0.6731348,0.5794675,-0.5368471,0.5108175,0.3392317,
1,7,18.653,0.4541685,1.082315,-0.6731348,0.5794675,-0.5368471,0.5108175,0.3392317,
1,7,18.655,0.4541685,1.082315,-0.6731348,0.5794675,-0.5368471,0.5108175,0.3392317,
1,7,18.657,0.4541685,1.082315,-0.6731348,0.5794675,-0.5368471,0.5108175,0.3392317,
1,7,18.659,0.4543845,1.081811,-0.6730607,0.5792712,-0.5369859,0.5102793,0.3401561,
1,7,18.661,0.4543845,1.081811,-0.6730607,0.5792712,-0.5369859,0.5102793,0.3401561,
1,7,18.663,0.4543845,1.081811,-0.6730607,0.5792712,-0.5369859,0.5102793,0.3401561,
1,7,18.665,0.4543845,1.081811,-0.6730607,0.5792712,-0.5369859,0.5102793,0.3401561,
1,7,18.667,0.4543845,1.081811,-0.6730607,0.5792712,-0.5369859,0.5102793,0.3401561,
1,7,18.669,0.4544266,1.081813,-0.6728271,0.5793114,-0.5367834,0.5100257,0.3407871,
1,7,18.671,0.4544266,1.081813,-0.6728271,0.5793114,-0.5367834,0.5100257,0.3407871,
1,7,18.673,0.4544266,1.081813,-0.6728271,0.5793114,-0.5367834,0.5100257,0.3407871,
1,7,18.675,0.4544266,1.081813,-0.6728271,0.5793114,-0.5367834,0.5100257,0.3407871,
1,7,18.677,0.4545075,1.081554,-0.672734,0.5795607,-0.5366747,0.5094781,0.3413529,
1,7,18.679,0.4545075,1.081554,-0.672734,0.5795607,-0.5366747,0.5094781,0.3413529,
1,7,18.681,0.4545075,1.081554,-0.672734,0.5795607,-0.5366747,0.5094781,0.3413529,
1,7,18.683,0.4545075,1.081554,-0.672734,0.5795607,-0.5366747,0.5094781,0.3413529,
1,7,18.685,0.4545956,1.081505,-0.6725845,0.5798697,-0.5363363,0.5091184,0.3418964,
1,7,18.687,0.4545956,1.081505,-0.6725845,0.5798697,-0.5363363,0.5091184,0.3418964,
1,7,18.689,0.4545956,1.081505,-0.6725845,0.5798697,-0.5363363,0.5091184,0.3418964,
1,7,18.691,0.4545956,1.081505,-0.6725845,0.5798697,-0.5363363,0.5091184,0.3418964,
1,7,18.693,0.4546321,1.081428,-0.6725621,0.5803429,-0.5359645,0.5086681,0.3423464,
1,7,18.695,0.4546321,1.081428,-0.6725621,0.5803429,-0.5359645,0.5086681,0.3423464,
1,7,18.697,0.4546321,1.081428,-0.6725621,0.5803429,-0.5359645,0.5086681,0.3423464,
1,7,18.699,0.4546321,1.081428,-0.6725621,0.5803429,-0.5359645,0.5086681,0.3423464,
1,7,18.701,0.4548326,1.081214,-0.6726371,0.5812057,-0.535706,0.5078151,0.3425535,
1,7,18.703,0.4548326,1.081214,-0.6726371,0.5812057,-0.535706,0.5078151,0.3425535,
1,7,18.705,0.4548326,1.081214,-0.6726371,0.5812057,-0.535706,0.5078151,0.3425535,
1,7,18.707,0.4548326,1.081214,-0.6726371,0.5812057,-0.535706,0.5078151,0.3425535,
1,7,18.709,0.4549592,1.081478,-0.6727153,0.5826566,-0.5352421,0.5068761,0.3422042,
1,7,18.711,0.4549592,1.081478,-0.6727153,0.5826566,-0.5352421,0.5068761,0.3422042,
1,7,18.713,0.4549592,1.081478,-0.6727153,0.5826566,-0.5352421,0.5068761,0.3422042,
1,7,18.715,0.4549592,1.081478,-0.6727153,0.5826566,-0.5352421,0.5068761,0.3422042,
1,7,18.717,0.4549592,1.081478,-0.6727153,0.5826566,-0.5352421,0.5068761,0.3422042,
1,7,18.719,0.4549517,1.082241,-0.6724756,0.5852416,-0.5347126,0.5054599,0.3407126,
1,7,18.721,0.4549517,1.082241,-0.6724756,0.5852416,-0.5347126,0.5054599,0.3407126,
1,7,18.723,0.4549517,1.082241,-0.6724756,0.5852416,-0.5347126,0.5054599,0.3407126,
1,7,18.725,0.4549517,1.082241,-0.6724756,0.5852416,-0.5347126,0.5054599,0.3407126,
1,7,18.727,0.4549907,1.082608,-0.6725442,0.5871825,-0.5345047,0.5041528,0.3396344,
1,7,18.729,0.4549907,1.082608,-0.6725442,0.5871825,-0.5345047,0.5041528,0.3396344,
1,7,18.731,0.4549907,1.082608,-0.6725442,0.5871825,-0.5345047,0.5041528,0.3396344,
1,7,18.733,0.4549907,1.082608,-0.6725442,0.5871825,-0.5345047,0.5041528,0.3396344,
1,7,18.735,0.4550385,1.083148,-0.6726697,0.589376,-0.5342823,0.5027037,0.3383303,
1,7,18.737,0.4550385,1.083148,-0.6726697,0.589376,-0.5342823,0.5027037,0.3383303,
1,7,18.739,0.4550385,1.083148,-0.6726697,0.589376,-0.5342823,0.5027037,0.3383303,
1,7,18.741,0.4550385,1.083148,-0.6726697,0.589376,-0.5342823,0.5027037,0.3383303,
1,7,18.743,0.4549185,1.084005,-0.672418,0.5911994,-0.5339135,0.5018352,0.337018,
1,7,18.745,0.4549185,1.084005,-0.672418,0.5911994,-0.5339135,0.5018352,0.337018,
1,7,18.747,0.4549185,1.084005,-0.672418,0.5911994,-0.5339135,0.5018352,0.337018,
1,7,18.749,0.4549185,1.084005,-0.672418,0.5911994,-0.5339135,0.5018352,0.337018,
1,7,18.751,0.4550017,1.084073,-0.6721716,0.5926332,-0.534054,0.5006417,0.3360508,
1,7,18.753,0.4550017,1.084073,-0.6721716,0.5926332,-0.534054,0.5006417,0.3360508,
1,7,18.755,0.4550017,1.084073,-0.6721716,0.5926332,-0.534054,0.5006417,0.3360508,
1,7,18.757,0.4550017,1.084073,-0.6721716,0.5926332,-0.534054,0.5006417,0.3360508,
1,7,18.759,0.4551442,1.083926,-0.6719712,0.5937716,-0.5342841,0.4995106,0.3353579,
1,7,18.761,0.4551442,1.083926,-0.6719712,0.5937716,-0.5342841,0.4995106,0.3353579,
1,7,18.763,0.4551442,1.083926,-0.6719712,0.5937716,-0.5342841,0.4995106,0.3353579,
1,7,18.765,0.4551442,1.083926,-0.6719712,0.5937716,-0.5342841,0.4995106,0.3353579,
1,7,18.767,0.4551442,1.083926,-0.6719712,0.5937716,-0.5342841,0.4995106,0.3353579,
1,7,18.769,0.4553413,1.083691,-0.6719717,0.59463,-0.5344512,0.4985116,0.3350571,
1,7,18.771,0.4553413,1.083691,-0.6719717,0.59463,-0.5344512,0.4985116,0.3350571,
1,7,18.773,0.4553413,1.083691,-0.6719717,0.59463,-0.5344512,0.4985116,0.3350571,
1,7,18.775,0.4553413,1.083691,-0.6719717,0.59463,-0.5344512,0.4985116,0.3350571,
1,7,18.777,0.4554355,1.083895,-0.6716946,0.5951475,-0.5342897,0.4981908,0.334873,
1,7,18.779,0.4554355,1.083895,-0.6716946,0.5951475,-0.5342897,0.4981908,0.334873,
1,7,18.781,0.4554355,1.083895,-0.6716946,0.5951475,-0.5342897,0.4981908,0.334873,
1,7,18.783,0.4554355,1.083895,-0.6716946,0.5951475,-0.5342897,0.4981908,0.334873,
1,7,18.785,0.4554375,1.084154,-0.6712171,0.5952979,-0.5340332,0.4982903,0.3348669,
1,7,18.787,0.4554375,1.084154,-0.6712171,0.5952979,-0.5340332,0.4982903,0.3348669,
1,7,18.789,0.4554375,1.084154,-0.6712171,0.5952979,-0.5340332,0.4982903,0.3348669,
1,7,18.791,0.4554375,1.084154,-0.6712171,0.5952979,-0.5340332,0.4982903,0.3348669,
1,7,18.793,0.4555479,1.083905,-0.670916,0.5951326,-0.5338692,0.4982767,0.3354419,
1,7,18.795,0.4555479,1.083905,-0.670916,0.5951326,-0.5338692,0.4982767,0.3354419,
1,7,18.797,0.4555479,1.083905,-0.670916,0.5951326,-0.5338692,0.4982767,0.3354419,
1,7,18.799,0.4555479,1.083905,-0.670916,0.5951326,-0.5338692,0.4982767,0.3354419,
1,7,18.801,0.4556623,1.083709,-0.6707828,0.5949063,-0.5338231,0.4982888,0.3358983,
1,7,18.803,0.4556623,1.083709,-0.6707828,0.5949063,-0.5338231,0.4982888,0.3358983,
1,7,18.805,0.4556623,1.083709,-0.6707828,0.5949063,-0.5338231,0.4982888,0.3358983,
1,7,18.807,0.4556623,1.083709,-0.6707828,0.5949063,-0.5338231,0.4982888,0.3358983,
1,7,18.809,0.455789,1.083565,-0.6704727,0.5946671,-0.5338436,0.4983656,0.3361751,
1,7,18.811,0.455789,1.083565,-0.6704727,0.5946671,-0.5338436,0.4983656,0.3361751,
1,7,18.813,0.455789,1.083565,-0.6704727,0.5946671,-0.5338436,0.4983656,0.3361751,
1,7,18.815,0.455789,1.083565,-0.6704727,0.5946671,-0.5338436,0.4983656,0.3361751,
1,7,18.817,0.455789,1.083565,-0.6704727,0.5946671,-0.5338436,0.4983656,0.3361751,
1,7,18.819,0.4557491,1.083352,-0.6702507,0.5945064,-0.5338983,0.4983516,0.3363933,
1,7,18.821,0.4557491,1.083352,-0.6702507,0.5945064,-0.5338983,0.4983516,0.3363933,
1,7,18.823,0.4557491,1.083352,-0.6702507,0.5945064,-0.5338983,0.4983516,0.3363933,
1,7,18.825,0.4557491,1.083352,-0.6702507,0.5945064,-0.5338983,0.4983516,0.3363933,
1,7,18.827,0.455772,1.083402,-0.669974,0.5944059,-0.5338381,0.4984699,0.3364913,
1,7,18.829,0.455772,1.083402,-0.669974,0.5944059,-0.5338381,0.4984699,0.3364913,
1,7,18.831,0.455772,1.083402,-0.669974,0.5944059,-0.5338381,0.4984699,0.3364913,
1,7,18.833,0.455772,1.083402,-0.669974,0.5944059,-0.5338381,0.4984699,0.3364913,
1,7,18.835,0.4558677,1.083185,-0.669885,0.5944512,-0.533944,0.4982832,0.3365196,
1,7,18.837,0.4558677,1.083185,-0.669885,0.5944512,-0.533944,0.4982832,0.3365196,
1,7,18.839,0.4558677,1.083185,-0.669885,0.5944512,-0.533944,0.4982832,0.3365196,
1,7,18.841,0.4558677,1.083185,-0.669885,0.5944512,-0.533944,0.4982832,0.3365196,
1,7,18.843,0.4559686,1.083009,-0.6698959,0.5947403,-0.5340689,0.4979143,0.3363566,
1,7,18.845,0.4559686,1.083009,-0.6698959,0.5947403,-0.5340689,0.4979143,0.3363566,
1,7,18.847,0.4559686,1.083009,-0.6698959,0.5947403,-0.5340689,0.4979143,0.3363566,
1,7,18.849,0.4559686,1.083009,-0.6698959,0.5947403,-0.5340689,0.4979143,0.3363566,
1,7,18.851,0.4558882,1.082902,-0.6696924,0.5950976,-0.5342245,0.4976401,0.3358833,
1,7,18.853,0.4558882,1.082902,-0.6696924,0.5950976,-0.5342245,0.4976401,0.3358833,
1,7,18.855,0.4558882,1.082902,-0.6696924,0.5950976,-0.5342245,0.4976401,0.3358833,
1,7,18.857,0.4558882,1.082902,-0.6696924,0.5950976,-0.5342245,0.4976401,0.3358833,
1,7,18.859,0.4558581,1.082569,-0.6696652,0.5956785,-0.5344639,0.4971008,0.3352705,
1,7,18.861,0.4558581,1.082569,-0.6696652,0.5956785,-0.5344639,0.4971008,0.3352705,
1,7,18.863,0.4558581,1.082569,-0.6696652,0.5956785,-0.5344639,0.4971008,0.3352705,
1,7,18.865,0.4558581,1.082569,-0.6696652,0.5956785,-0.5344639,0.4971008,0.3352705,
1,7,18.867,0.4558581,1.082569,-0.6696652,0.5956785,-0.5344639,0.4971008,0.3352705,
1,7,18.869,0.4555798,1.082852,-0.6695036,0.5968145,-0.5341484,0.4969176,0.3340225,
1,7,18.871,0.4555798,1.082852,-0.6695036,0.5968145,-0.5341484,0.4969176,0.3340225,
1,7,18.873,0.4555798,1.082852,-0.6695036,0.5968145,-0.5341484,0.4969176,0.3340225,
1,7,18.875,0.4555798,1.082852,-0.6695036,0.5968145,-0.5341484,0.4969176,0.3340225,
1,7,18.877,0.4554215,1.08264,-0.6696107,0.5974215,-0.5338988,0.4967978,0.3335143,
1,7,18.879,0.4554215,1.08264,-0.6696107,0.5974215,-0.5338988,0.4967978,0.3335143,
1,7,18.881,0.4554215,1.08264,-0.6696107,0.5974215,-0.5338988,0.4967978,0.3335143,
1,7,18.883,0.4554215,1.08264,-0.6696107,0.5974215,-0.5338988,0.4967978,0.3335143,
1,7,18.885,0.4552646,1.082585,-0.6696145,0.598078,-0.5334607,0.4968491,0.3329614,
1,7,18.887,0.4552646,1.082585,-0.6696145,0.598078,-0.5334607,0.4968491,0.3329614,
1,7,18.889,0.4552646,1.082585,-0.6696145,0.598078,-0.5334607,0.4968491,0.3329614,
1,7,18.891,0.4552646,1.082585,-0.6696145,0.598078,-0.5334607,0.4968491,0.3329614,
1,7,18.893,0.4551321,1.082598,-0.6698368,0.5991049,-0.5330594,0.4965679,0.3321766,
1,7,18.895,0.4551321,1.082598,-0.6698368,0.5991049,-0.5330594,0.4965679,0.3321766,
1,7,18.897,0.4551321,1.082598,-0.6698368,0.5991049,-0.5330594,0.4965679,0.3321766,
1,7,18.899,0.4551321,1.082598,-0.6698368,0.5991049,-0.5330594,0.4965679,0.3321766,
1,7,18.901,0.4550493,1.082144,-0.6701953,0.600322,-0.533002,0.4957835,0.3312419,
1,7,18.903,0.4550493,1.082144,-0.6701953,0.600322,-0.533002,0.4957835,0.3312419,
1,7,18.905,0.4550493,1.082144,-0.6701953,0.600322,-0.533002,0.4957835,0.3312419,
1,7,18.907,0.4550493,1.082144,-0.6701953,0.600322,-0.533002,0.4957835,0.3312419,
1,7,18.909,0.4547066,1.082295,-0.6701429,0.6017904,-0.5327454,0.4953106,0.329694,
1,7,18.911,0.4547066,1.082295,-0.6701429,0.6017904,-0.5327454,0.4953106,0.329694,
1,7,18.913,0.4547066,1.082295,-0.6701429,0.6017904,-0.5327454,0.4953106,0.329694,
1,7,18.915,0.4547066,1.082295,-0.6701429,0.6017904,-0.5327454,0.4953106,0.329694,
1,7,18.917,0.4547066,1.082295,-0.6701429,0.6017904,-0.5327454,0.4953106,0.329694,
1,7,18.919,0.4545524,1.082044,-0.6703869,0.6033511,-0.5326139,0.4945005,0.3282667,
1,7,18.921,0.4545524,1.082044,-0.6703869,0.6033511,-0.5326139,0.4945005,0.3282667,
1,7,18.923,0.4545524,1.082044,-0.6703869,0.6033511,-0.5326139,0.4945005,0.3282667,
1,7,18.925,0.4545524,1.082044,-0.6703869,0.6033511,-0.5326139,0.4945005,0.3282667,
1,7,18.927,0.4544273,1.081685,-0.6704667,0.6049011,-0.5325544,0.4936597,0.3267731,
1,7,18.929,0.4544273,1.081685,-0.6704667,0.6049011,-0.5325544,0.4936597,0.3267731,
1,7,18.931,0.4544273,1.081685,-0.6704667,0.6049011,-0.5325544,0.4936597,0.3267731,
1,7,18.933,0.4544273,1.081685,-0.6704667,0.6049011,-0.5325544,0.4936597,0.3267731,
1,7,18.935,0.4541867,1.081352,-0.6706389,0.6064999,-0.5321484,0.4931546,0.3252301,
1,7,18.937,0.4541867,1.081352,-0.6706389,0.6064999,-0.5321484,0.4931546,0.3252301,
1,7,18.939,0.4541867,1.081352,-0.6706389,0.6064999,-0.5321484,0.4931546,0.3252301,
1,7,18.941,0.4541867,1.081352,-0.6706389,0.6064999,-0.5321484,0.4931546,0.3252301,
1,7,18.943,0.453833,1.081377,-0.6706541,0.6077936,-0.531277,0.4933967,0.3238698,
1,7,18.945,0.453833,1.081377,-0.6706541,0.6077936,-0.531277,0.4933967,0.3238698,
1,7,18.947,0.453833,1.081377,-0.6706541,0.6077936,-0.531277,0.4933967,0.3238698,
1,7,18.949,0.453833,1.081377,-0.6706541,0.6077936,-0.531277,0.4933967,0.3238698,
1,7,18.951,0.4536137,1.081243,-0.670624,0.6089531,-0.5303912,0.4937631,0.3225825,
1,7,18.953,0.4536137,1.081243,-0.670624,0.6089531,-0.5303912,0.4937631,0.3225825,
1,7,18.955,0.4536137,1.081243,-0.670624,0.6089531,-0.5303912,0.4937631,0.3225825,
1,7,18.957,0.4536137,1.081243,-0.670624,0.6089531,-0.5303912,0.4937631,0.3225825,
1,7,18.959,0.4535604,1.080173,-0.6710047,0.6098611,-0.529501,0.4940509,0.3218881,
1,7,18.961,0.4535604,1.080173,-0.6710047,0.6098611,-0.529501,0.4940509,0.3218881,
1,7,18.963,0.4535604,1.080173,-0.6710047,0.6098611,-0.529501,0.4940509,0.3218881,
1,7,18.965,0.4535604,1.080173,-0.6710047,0.6098611,-0.529501,0.4940509,0.3218881,
1,7,18.967,0.4535604,1.080173,-0.6710047,0.6098611,-0.529501,0.4940509,0.3218881,
1,7,18.969,0.4536026,1.078711,-0.6717434,0.610571,-0.5287049,0.4941947,0.3216302,
1,7,18.971,0.4536026,1.078711,-0.6717434,0.610571,-0.5287049,0.4941947,0.3216302,
1,7,18.973,0.4536026,1.078711,-0.6717434,0.610571,-0.5287049,0.4941947,0.3216302,
1,7,18.975,0.4536026,1.078711,-0.6717434,0.610571,-0.5287049,0.4941947,0.3216302,
1,7,18.977,0.4534234,1.078094,-0.6721269,0.6114634,-0.5273602,0.4950097,0.3208881,
1,7,18.979,0.4534234,1.078094,-0.6721269,0.6114634,-0.5273602,0.4950097,0.3208881,
1,7,18.981,0.4534234,1.078094,-0.6721269,0.6114634,-0.5273602,0.4950097,0.3208881,
1,7,18.983,0.4534234,1.078094,-0.6721269,0.6114634,-0.5273602,0.4950097,0.3208881,
1,7,18.985,0.4532286,1.078251,-0.6720805,0.6123064,-0.5255095,0.4965836,0.3198835,
1,7,18.987,0.4532286,1.078251,-0.6720805,0.6123064,-0.5255095,0.4965836,0.3198835,
1,7,18.989,0.4532286,1.078251,-0.6720805,0.6123064,-0.5255095,0.4965836,0.3198835,
1,7,18.991,0.4532286,1.078251,-0.6720805,0.6123064,-0.5255095,0.4965836,0.3198835,
1,7,18.993,0.4530105,1.077992,-0.6721282,0.6131171,-0.5239877,0.4978693,0.3188267,
1,7,18.995,0.4530105,1.077992,-0.6721282,0.6131171,-0.5239877,0.4978693,0.3188267,
1,7,18.997,0.4530105,1.077992,-0.6721282,0.6131171,-0.5239877,0.4978693,0.3188267,
1,7,18.999,0.4530105,1.077992,-0.6721282,0.6131171,-0.5239877,0.4978693,0.3188267,
1,7,19.001,0.4528441,1.077189,-0.6724789,0.6140586,-0.522724,0.4986403,0.3178831,
1,7,19.003,0.4528441,1.077189,-0.6724789,0.6140586,-0.522724,0.4986403,0.3178831,
1,7,19.005,0.4528441,1.077189,-0.6724789,0.6140586,-0.522724,0.4986403,0.3178831,
1,7,19.007,0.4528441,1.077189,-0.6724789,0.6140586,-0.522724,0.4986403,0.3178831,
1,7,19.009,0.4525494,1.076846,-0.6729689,0.615153,-0.5213307,0.4994344,0.3168067,
1,7,19.011,0.4525494,1.076846,-0.6729689,0.615153,-0.5213307,0.4994344,0.3168067,
1,7,19.013,0.4525494,1.076846,-0.6729689,0.615153,-0.5213307,0.4994344,0.3168067,
1,7,19.015,0.4525494,1.076846,-0.6729689,0.615153,-0.5213307,0.4994344,0.3168067,
1,7,19.017,0.4525494,1.076846,-0.6729689,0.615153,-0.5213307,0.4994344,0.3168067,
1,7,19.019,0.4522089,1.076973,-0.6728698,0.6162677,-0.5198531,0.5006097,0.3152093,
1,7,19.021,0.4522089,1.076973,-0.6728698,0.6162677,-0.5198531,0.5006097,0.3152093,
1,7,19.023,0.4522089,1.076973,-0.6728698,0.6162677,-0.5198531,0.5006097,0.3152093,
1,7,19.025,0.4522089,1.076973,-0.6728698,0.6162677,-0.5198531,0.5006097,0.3152093,
1,7,19.027,0.4518605,1.077119,-0.6733007,0.6175704,-0.518432,0.5013946,0.3137493,
1,7,19.029,0.4518605,1.077119,-0.6733007,0.6175704,-0.518432,0.5013946,0.3137493,
1,7,19.031,0.4518605,1.077119,-0.6733007,0.6175704,-0.518432,0.5013946,0.3137493,
1,7,19.033,0.4518605,1.077119,-0.6733007,0.6175704,-0.518432,0.5013946,0.3137493,
1,7,19.035,0.4514515,1.077074,-0.6731906,0.6186701,-0.5174062,0.5022231,0.3119455,
1,7,19.037,0.4514515,1.077074,-0.6731906,0.6186701,-0.5174062,0.5022231,0.3119455,
1,7,19.039,0.4514515,1.077074,-0.6731906,0.6186701,-0.5174062,0.5022231,0.3119455,
1,7,19.041,0.4514515,1.077074,-0.6731906,0.6186701,-0.5174062,0.5022231,0.3119455,
1,7,19.043,0.4510458,1.077027,-0.6732286,0.6196877,-0.5164753,0.5029129,0.310353,
1,7,19.045,0.4510458,1.077027,-0.6732286,0.6196877,-0.5164753,0.5029129,0.310353,
1,7,19.047,0.4510458,1.077027,-0.6732286,0.6196877,-0.5164753,0.5029129,0.310353,
1,7,19.049,0.4510458,1.077027,-0.6732286,0.6196877,-0.5164753,0.5029129,0.310353,
1,7,19.051,0.4506857,1.076784,-0.6736764,0.6206358,-0.5155533,0.5034376,0.3091385,
1,7,19.053,0.4506857,1.076784,-0.6736764,0.6206358,-0.5155533,0.5034376,0.3091385,
1,7,19.055,0.4506857,1.076784,-0.6736764,0.6206358,-0.5155533,0.5034376,0.3091385,
1,7,19.057,0.4506857,1.076784,-0.6736764,0.6206358,-0.5155533,0.5034376,0.3091385,
1,7,19.059,0.4505412,1.076551,-0.673924,0.6217641,-0.5151089,0.5034302,0.3076204,
1,7,19.061,0.4505412,1.076551,-0.673924,0.6217641,-0.5151089,0.5034302,0.3076204,
1,7,19.063,0.4505412,1.076551,-0.673924,0.6217641,-0.5151089,0.5034302,0.3076204,
1,7,19.065,0.4505412,1.076551,-0.673924,0.6217641,-0.5151089,0.5034302,0.3076204,
1,7,19.067,0.4505412,1.076551,-0.673924,0.6217641,-0.5151089,0.5034302,0.3076204,
1,7,19.069,0.4502518,1.076425,-0.6743593,0.6224341,-0.5144957,0.50384,0.3066193,
1,7,19.071,0.4502518,1.076425,-0.6743593,0.6224341,-0.5144957,0.50384,0.3066193,
1,7,19.073,0.4502518,1.076425,-0.6743593,0.6224341,-0.5144957,0.50384,0.3066193,
1,7,19.075,0.4502518,1.076425,-0.6743593,0.6224341,-0.5144957,0.50384,0.3066193,
1,7,19.077,0.4499525,1.076498,-0.6747178,0.6227901,-0.5137522,0.5045993,0.3058934,
1,7,19.079,0.4499525,1.076498,-0.6747178,0.6227901,-0.5137522,0.5045993,0.3058934,
1,7,19.081,0.4499525,1.076498,-0.6747178,0.6227901,-0.5137522,0.5045993,0.3058934,
1,7,19.083,0.4499525,1.076498,-0.6747178,0.6227901,-0.5137522,0.5045993,0.3058934,
1,7,19.085,0.4496435,1.076504,-0.6747891,0.6229906,-0.513217,0.5053782,0.3050966,
1,7,19.087,0.4496435,1.076504,-0.6747891,0.6229906,-0.513217,0.5053782,0.3050966,
1,7,19.089,0.4496435,1.076504,-0.6747891,0.6229906,-0.513217,0.5053782,0.3050966,
1,7,19.091,0.4496435,1.076504,-0.6747891,0.6229906,-0.513217,0.5053782,0.3050966,
1,7,19.093,0.4493699,1.076254,-0.674666,0.6227361,-0.5129119,0.5063717,0.3044814,
1,7,19.095,0.4493699,1.076254,-0.674666,0.6227361,-0.5129119,0.5063717,0.3044814,
1,7,19.097,0.4493699,1.076254,-0.674666,0.6227361,-0.5129119,0.5063717,0.3044814,
1,7,19.099,0.4493699,1.076254,-0.674666,0.6227361,-0.5129119,0.5063717,0.3044814,
1,7,19.101,0.449161,1.075831,-0.6747162,0.6220881,-0.5126961,0.5074723,0.3043369,
1,7,19.103,0.449161,1.075831,-0.6747162,0.6220881,-0.5126961,0.5074723,0.3043369,
1,7,19.105,0.449161,1.075831,-0.6747162,0.6220881,-0.5126961,0.5074723,0.3043369,
1,7,19.107,0.449161,1.075831,-0.6747162,0.6220881,-0.5126961,0.5074723,0.3043369,
1,7,19.109,0.4489656,1.075221,-0.6748045,0.6211785,-0.5126452,0.508531,0.3045135,
1,7,19.111,0.4489656,1.075221,-0.6748045,0.6211785,-0.5126452,0.508531,0.3045135,
1,7,19.113,0.4489656,1.075221,-0.6748045,0.6211785,-0.5126452,0.508531,0.3045135,
1,7,19.115,0.4489656,1.075221,-0.6748045,0.6211785,-0.5126452,0.508531,0.3045135,
1,7,19.117,0.4489656,1.075221,-0.6748045,0.6211785,-0.5126452,0.508531,0.3045135,
1,7,19.119,0.4486319,1.074755,-0.6747314,0.6200935,-0.5125163,0.5098191,0.3047877,
1,7,19.121,0.4486319,1.074755,-0.6747314,0.6200935,-0.5125163,0.5098191,0.3047877,
1,7,19.123,0.4486319,1.074755,-0.6747314,0.6200935,-0.5125163,0.5098191,0.3047877,
1,7,19.125,0.4486319,1.074755,-0.6747314,0.6200935,-0.5125163,0.5098191,0.3047877,
1,7,19.127,0.4483064,1.074521,-0.6747236,0.6189728,-0.5121949,0.5112593,0.3051934,
1,7,19.129,0.4483064,1.074521,-0.6747236,0.6189728,-0.5121949,0.5112593,0.3051934,
1,7,19.131,0.4483064,1.074521,-0.6747236,0.6189728,-0.5121949,0.5112593,0.3051934,
1,7,19.133,0.4483064,1.074521,-0.6747236,0.6189728,-0.5121949,0.5112593,0.3051934,
1,7,19.135,0.4478881,1.074276,-0.6748664,0.6178217,-0.5118641,0.5126172,0.3058024,
1,7,19.137,0.4478881,1.074276,-0.6748664,0.6178217,-0.5118641,0.5126172,0.3058024,
1,7,19.139,0.4478881,1.074276,-0.6748664,0.6178217,-0.5118641,0.5126172,0.3058024,
1,7,19.141,0.4478881,1.074276,-0.6748664,0.6178217,-0.5118641,0.5126172,0.3058024,
1,7,19.143,0.4471401,1.07428,-0.6745808,0.6166253,-0.5116132,0.5141572,0.3060517,
1,7,19.145,0.4471401,1.07428,-0.6745808,0.6166253,-0.5116132,0.5141572,0.3060517,
1,7,19.147,0.4471401,1.07428,-0.6745808,0.6166253,-0.5116132,0.5141572,0.3060517,
1,7,19.149,0.4471401,1.07428,-0.6745808,0.6166253,-0.5116132,0.5141572,0.3060517,
1,7,19.151,0.4466047,1.074154,-0.6744061,0.61559,-0.511617,0.5152608,0.3062734,
1,7,19.153,0.4466047,1.074154,-0.6744061,0.61559,-0.511617,0.5152608,0.3062734,
1,7,19.155,0.4466047,1.074154,-0.6744061,0.61559,-0.511617,0.5152608,0.3062734,
1,7,19.157,0.4466047,1.074154,-0.6744061,0.61559,-0.511617,0.5152608,0.3062734,
1,7,19.159,0.4460922,1.073813,-0.6744428,0.6147272,-0.5117849,0.5159309,0.3065973,
1,7,19.161,0.4460922,1.073813,-0.6744428,0.6147272,-0.5117849,0.5159309,0.3065973,
1,7,19.163,0.4460922,1.073813,-0.6744428,0.6147272,-0.5117849,0.5159309,0.3065973,
1,7,19.165,0.4460922,1.073813,-0.6744428,0.6147272,-0.5117849,0.5159309,0.3065973,
1,7,19.167,0.4460922,1.073813,-0.6744428,0.6147272,-0.5117849,0.5159309,0.3065973,
1,7,19.169,0.4456029,1.073636,-0.6744842,0.6140846,-0.511925,0.5164118,0.3068416,
1,7,19.171,0.4456029,1.073636,-0.6744842,0.6140846,-0.511925,0.5164118,0.3068416,
1,7,19.173,0.4456029,1.073636,-0.6744842,0.6140846,-0.511925,0.5164118,0.3068416,
1,7,19.175,0.4456029,1.073636,-0.6744842,0.6140846,-0.511925,0.5164118,0.3068416,
1,7,19.177,0.4449723,1.073541,-0.6742755,0.6134822,-0.5121143,0.5168667,0.3069647,
1,7,19.179,0.4449723,1.073541,-0.6742755,0.6134822,-0.5121143,0.5168667,0.3069647,
1,7,19.181,0.4449723,1.073541,-0.6742755,0.6134822,-0.5121143,0.5168667,0.3069647,CourtEnter
1,7,19.183,0.4449723,1.073541,-0.6742755,0.6134822,-0.5121143,0.5168667,0.3069647,
1,7,19.185,0.4445056,1.073375,-0.6741061,0.6128228,-0.5123204,0.5172811,0.3072399,
1,7,19.187,0.4445056,1.073375,-0.6741061,0.6128228,-0.5123204,0.5172811,0.3072399,
1,7,19.189,0.4445056,1.073375,-0.6741061,0.6128228,-0.5123204,0.5172811,0.3072399,CourtExit
1,7,19.191,0.4445056,1.073375,-0.6741061,0.6128228,-0.5123204,0.5172811,0.3072399,
1,7,19.193,0.4438001,1.073434,-0.6737819,0.6122195,-0.5123999,0.5178142,0.307412,
1,7,19.195,0.4438001,1.073434,-0.6737819,0.6122195,-0.5123999,0.5178142,0.307412,
1,7,19.197,0.4438001,1.073434,-0.6737819,0.6122195,-0.5123999,0.5178142,0.307412,
1,7,19.199,0.4438001,1.073434,-0.6737819,0.6122195,-0.5123999,0.5178142,0.307412,
1,7,19.201,0.4433269,1.073302,-0.6735489,0.6117125,-0.5125232,0.5181182,0.3077033,
1,7,19.203,0.4433269,1.073302,-0.6735489,0.6117125,-0.5125232,0.5181182,0.3077033,
1,7,19.205,0.4433269,1.073302,-0.6735489,0.6117125,-0.5125232,0.5181182,0.3077033,
1,7,19.207,0.4433269,1.073302,-0.6735489,0.6117125,-0.5125232,0.5181182,0.3077033,
1,7,19.209,0.4427676,1.072886,-0.6733562,0.6112939,-0.512674,0.5182257,0.3081026,
1,7,19.211,0.4427676,1.072886,-0.6733562,0.6112939,-0.512674,0.5182257,0.3081026,
1,7,19.213,0.4427676,1.072886,-0.6733562,0.6112939,-0.512674,0.5182257,0.3081026,
1,7,19.215,0.4427676,1.072886,-0.6733562,0.6112939,-0.512674,0.5182257,0.3081026,
1,7,19.217,0.4427676,1.072886,-0.6733562,0.6112939,-0.512674,0.5182257,0.3081026,
1,7,19.219,0.4422904,1.07229,-0.6733851,0.6106266,-0.5126342,0.5184777,0.3090666,
1,7,19.221,0.4422904,1.07229,-0.6733851,0.6106266,-0.5126342,0.5184777,0.3090666,
1,7,19.223,0.4422904,1.07229,-0.6733851,0.6106266,-0.5126342,0.5184777,0.3090666,
1,7,19.225,0.4422904,1.07229,-0.6733851,0.6106266,-0.5126342,0.5184777,0.3090666,
1,7,19.227,0.4417061,1.071784,-0.6732653,0.6097565,-0.5123479,0.519087,0.3102344,
1,7,19.229,0.4417061,1.071784,-0.6732653,0.6097565,-0.5123479,0.519087,0.3102344,
1,7,19.231,0.4417061,1.071784,-0.6732653,0.6097565,-0.5123479,0.519087,0.3102344,
1,7,19.233,0.4417061,1.071784,-0.6732653,0.6097565,-0.5123479,0.519087,0.3102344,
1,7,19.235,0.44104,1.071374,-0.6732455,0.6086825,-0.5117081,0.5200594,0.3117672,
1,7,19.237,0.44104,1.071374,-0.6732455,0.6086825,-0.5117081,0.5200594,0.3117672,
1,7,19.239,0.44104,1.071374,-0.6732455,0.6086825,-0.5117081,0.5200594,0.3117672,
1,7,19.241,0.44104,1.071374,-0.6732455,0.6086825,-0.5117081,0.5200594,0.3117672,
1,7,19.243,0.4401675,1.071046,-0.6732384,0.6074584,-0.5107916,0.5213286,0.3135327,
1,7,19.245,0.4401675,1.071046,-0.6732384,0.6074584,-0.5107916,0.5213286,0.3135327,
1,7,19.247,0.4401675,1.071046,-0.6732384,0.6074584,-0.5107916,0.5213286,0.3135327,
1,7,19.249,0.4401675,1.071046,-0.6732384,0.6074584,-0.5107916,0.5213286,0.3135327,
1,7,19.251,0.4389731,1.071165,-0.6736456,0.6062556,-0.5094386,0.5227935,0.3156159,
1,7,19.253,0.4389731,1.071165,-0.6736456,0.6062556,-0.5094386,0.5227935,0.3156159,
1,7,19.255,0.4389731,1.071165,-0.6736456,0.6062556,-0.5094386,0.5227935,0.3156159,
1,7,19.257,0.4389731,1.071165,-0.6736456,0.6062556,-0.5094386,0.5227935,0.3156159,
1,7,19.259,0.4379278,1.07098,-0.6740195,0.6049334,-0.5083575,0.52407,0.3177718,
1,7,19.261,0.4379278,1.07098,-0.6740195,0.6049334,-0.5083575,0.52407,0.3177718,
1,7,19.263,0.4379278,1.07098,-0.6740195,0.6049334,-0.5083575,0.52407,0.3177718,
1,7,19.265,0.4379278,1.07098,-0.6740195,0.6049334,-0.5083575,0.52407,0.3177718,
1,7,19.267,0.4379278,1.07098,-0.6740195,0.6049334,-0.5083575,0.52407,0.3177718,
1,7,19.269,0.4365951,1.070695,-0.6744868,0.6037957,-0.5076012,0.5249473,0.3196906,
1,7,19.271,0.4365951,1.070695,-0.6744868,0.6037957,-0.5076012,0.5249473,0.3196906,
1,7,19.273,0.4365951,1.070695,-0.6744868,0.6037957,-0.5076012,0.5249473,0.3196906,
1,7,19.275,0.4365951,1.070695,-0.6744868,0.6037957,-0.5076012,0.5249473,0.3196906,
1,7,19.277,0.4349412,1.070668,-0.6748987,0.6027651,-0.5071604,0.5256447,0.3211859,
1,7,19.279,0.4349412,1.070668,-0.6748987,0.6027651,-0.5071604,0.5256447,0.3211859,
1,7,19.281,0.4349412,1.070668,-0.6748987,0.6027651,-0.5071604,0.5256447,0.3211859,
1,7,19.283,0.4349412,1.070668,-0.6748987,0.6027651,-0.5071604,0.5256447,0.3211859,
1,7,19.285,0.4334135,1.070386,-0.6752621,0.6016236,-0.5073168,0.525984,0.3225205,
1,7,19.287,0.4334135,1.070386,-0.6752621,0.6016236,-0.5073168,0.525984,0.3225205,
1,7,19.289,0.4334135,1.070386,-0.6752621,0.6016236,-0.5073168,0.525984,0.3225205,
1,7,19.291,0.4334135,1.070386,-0.6752621,0.6016236,-0.5073168,0.525984,0.3225205,
1,7,19.293,0.431528,1.070664,-0.6751978,0.6003538,-0.507591,0.5266886,0.3233047,
1,7,19.295,0.431528,1.070664,-0.6751978,0.6003538,-0.507591,0.5266886,0.3233047,
1,7,19.297,0.431528,1.070664,-0.6751978,0.6003538,-0.507591,0.5266886,0.3233047,
1,7,19.299,0.431528,1.070664,-0.6751978,0.6003538,-0.507591,0.5266886,0.3233047,
1,7,19.301,0.4295684,1.070873,-0.6751435,0.5992476,-0.5082204,0.5270196,0.3238283,
1,7,19.303,0.4295684,1.070873,-0.6751435,0.5992476,-0.5082204,0.5270196,0.3238283,
1,7,19.305,0.4295684,1.070873,-0.6751435,0.5992476,-0.5082204,0.5270196,0.3238283,
1,7,19.307,0.4295684,1.070873,-0.6751435,0.5992476,-0.5082204,0.5270196,0.3238283,
1,7,19.309,0.4279366,1.070918,-0.6752855,0.5981564,-0.5091364,0.5270116,0.3244193,
1,7,19.311,0.4279366,1.070918,-0.6752855,0.5981564,-0.5091364,0.5270116,0.3244193,
1,7,19.313,0.4279366,1.070918,-0.6752855,0.5981564,-0.5091364,0.5270116,0.3244193,
1,7,19.315,0.4279366,1.070918,-0.6752855,0.5981564,-0.5091364,0.5270116,0.3244193,
1,7,19.317,0.4279366,1.070918,-0.6752855,0.5981564,-0.5091364,0.5270116,0.3244193,
1,7,19.319,0.4261575,1.071449,-0.6752875,0.5968994,-0.5099011,0.5273647,0.3249591,
1,7,19.321,0.4261575,1.071449,-0.6752875,0.5968994,-0.5099011,0.5273647,0.3249591,
1,7,19.323,0.4261575,1.071449,-0.6752875,0.5968994,-0.5099011,0.5273647,0.3249591,
1,7,19.325,0.4261575,1.071449,-0.6752875,0.5968994,-0.5099011,0.5273647,0.3249591,
1,7,19.327,0.4245092,1.071552,-0.6751245,0.5952682,-0.5108566,0.5277539,0.3258177,
1,7,19.329,0.4245092,1.071552,-0.6751245,0.5952682,-0.5108566,0.5277539,0.3258177,
1,7,19.331,0.4245092,1.071552,-0.6751245,0.5952682,-0.5108566,0.5277539,0.3258177,
1,7,19.333,0.4245092,1.071552,-0.6751245,0.5952682,-0.5108566,0.5277539,0.3258177,
1,7,19.335,0.4230454,1.071888,-0.6751432,0.5936,-0.5117327,0.5281788,0.3267965,
1,7,19.337,0.4230454,1.071888,-0.6751432,0.5936,-0.5117327,0.5281788,0.3267965,
1,7,19.339,0.4230454,1.071888,-0.6751432,0.5936,-0.5117327,0.5281788,0.3267965,
1,7,19.341,0.4230454,1.071888,-0.6751432,0.5936,-0.5117327,0.5281788,0.3267965,
1,7,19.343,0.4217892,1.072103,-0.6751547,0.5919999,-0.5126846,0.5284764,0.3277245,
1,7,19.345,0.4217892,1.072103,-0.6751547,0.5919999,-0.5126846,0.5284764,0.3277245,
1,7,19.347,0.4217892,1.072103,-0.6751547,0.5919999,-0.5126846,0.5284764,0.3277245,
1,7,19.349,0.4217892,1.072103,-0.6751547,0.5919999,-0.5126846,0.5284764,0.3277245,
1,7,19.351,0.4205458,1.072403,-0.6752922,0.5902736,-0.5135365,0.5288548,0.3288922,
1,7,19.353,0.4205458,1.072403,-0.6752922,0.5902736,-0.5135365,0.5288548,0.3288922,
1,7,19.355,0.4205458,1.072403,-0.6752922,0.5902736,-0.5135365,0.5288548,0.3288922,
1,7,19.357,0.4205458,1.072403,-0.6752922,0.5902736,-0.5135365,0.5288548,0.3288922,
1,7,19.359,0.4194229,1.073,-0.6752481,0.5888201,-0.5142369,0.5292791,0.3297195,
1,7,19.361,0.4194229,1.073,-0.6752481,0.5888201,-0.5142369,0.5292791,0.3297195,
1,7,19.363,0.4194229,1.073,-0.6752481,0.5888201,-0.5142369,0.5292791,0.3297195,
1,7,19.365,0.4194229,1.073,-0.6752481,0.5888201,-0.5142369,0.5292791,0.3297195,
1,7,19.367,0.4194229,1.073,-0.6752481,0.5888201,-0.5142369,0.5292791,0.3297195,
1,7,19.369,0.4184799,1.07334,-0.6752621,0.5873363,-0.5150964,0.529582,0.3305371,
1,7,19.371,0.4184799,1.07334,-0.6752621,0.5873363,-0.5150964,0.529582,0.3305371,
1,7,19.373,0.4184799,1.07334,-0.6752621,0.5873363,-0.5150964,0.529582,0.3305371,
1,7,19.375,0.4184799,1.07334,-0.6752621,0.5873363,-0.5150964,0.529582,0.3305371,
1,7,19.377,0.4176278,1.073389,-0.6752723,0.5857444,-0.5160841,0.5298529,0.3313858,
1,7,19.379,0.4176278,1.073389,-0.6752723,0.5857444,-0.5160841,0.5298529,0.3313858,
1,7,19.381,0.4176278,1.073389,-0.6752723,0.5857444,-0.5160841,0.5298529,0.3313858,
1,7,19.383,0.4176278,1.073389,-0.6752723,0.5857444,-0.5160841,0.5298529,0.3313858,
1,7,19.385,0.4169225,1.073161,-0.6756839,0.5843548,-0.5171647,0.5297691,0.3322872,
1,7,19.387,0.4169225,1.073161,-0.6756839,0.5843548,-0.5171647,0.5297691,0.3322872,
1,7,19.389,0.4169225,1.073161,-0.6756839,0.5843548,-0.5171647,0.5297691,0.3322872,
1,7,19.391,0.4169225,1.073161,-0.6756839,0.5843548,-0.5171647,0.5297691,0.3322872,
1,7,19.393,0.416241,1.072918,-0.6762235,0.5827414,-0.5179678,0.5300776,0.333376,
1,7,19.395,0.416241,1.072918,-0.6762235,0.5827414,-0.5179678,0.5300776,0.333376,
1,7,19.397,0.416241,1.072918,-0.6762235,0.5827414,-0.5179678,0.5300776,0.333376,
1,7,19.399,0.416241,1.072918,-0.6762235,0.5827414,-0.5179678,0.5300776,0.333376,
1,7,19.401,0.4155474,1.072398,-0.6768053,0.580826,-0.5187281,0.5307533,0.3344596,
1,7,19.403,0.4155474,1.072398,-0.6768053,0.580826,-0.5187281,0.5307533,0.3344596,
1,7,19.405,0.4155474,1.072398,-0.6768053,0.580826,-0.5187281,0.5307533,0.3344596,
1,7,19.407,0.4155474,1.072398,-0.6768053,0.580826,-0.5187281,0.5307533,0.3344596,
1,7,19.409,0.4148385,1.072084,-0.6777598,0.5789303,-0.5191779,0.531763,0.3354433,
1,7,19.411,0.4148385,1.072084,-0.6777598,0.5789303,-0.5191779,0.531763,0.3354433,
1,7,19.413,0.4148385,1.072084,-0.6777598,0.5789303,-0.5191779,0.531763,0.3354433,
1,7,19.415,0.4148385,1.072084,-0.6777598,0.5789303,-0.5191779,0.531763,0.3354433,
1,7,19.417,0.4148385,1.072084,-0.6777598,0.5789303,-0.5191779,0.531763,0.3354433,
1,7,19.419,0.414279,1.071097,-0.6788865,0.5767783,-0.5200871,0.5328,0.3360958,
1,7,19.421,0.414279,1.071097,-0.6788865,0.5767783,-0.5200871,0.5328,0.3360958,
1,7,19.423,0.414279,1.071097,-0.6788865,0.5767783,-0.5200871,0.5328,0.3360958,
1,7,19.425,0.414279,1.071097,-0.6788865,0.5767783,-0.5200871,0.5328,0.3360958,
1,7,19.427,0.4134235,1.070554,-0.6803428,0.5743768,-0.5207689,0.5345283,0.3364084,
1,7,19.429,0.4134235,1.070554,-0.6803428,0.5743768,-0.5207689,0.5345283,0.3364084,
1,7,19.431,0.4134235,1.070554,-0.6803428,0.5743768,-0.5207689,0.5345283,0.3364084,
1,7,19.433,0.4134235,1.070554,-0.6803428,0.5743768,-0.5207689,0.5345283,0.3364084,
1,7,19.435,0.4126415,1.070031,-0.6820146,0.5717292,-0.5218871,0.5363964,0.3362124,
1,7,19.437,0.4126415,1.070031,-0.6820146,0.5717292,-0.5218871,0.5363964,0.3362124,
1,7,19.439,0.4126415,1.070031,-0.6820146,0.5717292,-0.5218871,0.5363964,0.3362124,
1,7,19.441,0.4126415,1.070031,-0.6820146,0.5717292,-0.5218871,0.5363964,0.3362124,
1,7,19.443,0.4116735,1.069695,-0.683785,0.5686163,-0.5232453,0.5388674,0.3354278,
1,7,19.445,0.4116735,1.069695,-0.683785,0.5686163,-0.5232453,0.5388674,0.3354278,
1,7,19.447,0.4116735,1.069695,-0.683785,0.5686163,-0.5232453,0.5388674,0.3354278,
1,7,19.449,0.4116735,1.069695,-0.683785,0.5686163,-0.5232453,0.5388674,0.3354278,
1,7,19.451,0.4105695,1.069951,-0.6858649,0.5650395,-0.5245038,0.5422396,0.3340694,
1,7,19.453,0.4105695,1.069951,-0.6858649,0.5650395,-0.5245038,0.5422396,0.3340694,
1,7,19.455,0.4105695,1.069951,-0.6858649,0.5650395,-0.5245038,0.5422396,0.3340694,
1,7,19.457,0.4105695,1.069951,-0.6858649,0.5650395,-0.5245038,0.5422396,0.3340694,
1,7,19.459,0.4093141,1.069676,-0.68792,0.5607417,-0.5265698,0.5458547,0.3321681,
1,7,19.461,0.4093141,1.069676,-0.68792,0.5607417,-0.5265698,0.5458547,0.3321681,
1,7,19.463,0.4093141,1.069676,-0.68792,0.5607417,-0.5265698,0.5458547,0.3321681,
1,7,19.465,0.4093141,1.069676,-0.68792,0.5607417,-0.5265698,0.5458547,0.3321681,
1,7,19.467,0.4093141,1.069676,-0.68792,0.5607417,-0.5265698,0.5458547,0.3321681,
1,7,19.469,0.4081494,1.069482,-0.6902168,0.5556647,-0.5286927,0.550229,0.3301043,
1,7,19.471,0.4081494,1.069482,-0.6902168,0.5556647,-0.5286927,0.550229,0.3301043,
1,7,19.473,0.4081494,1.069482,-0.6902168,0.5556647,-0.5286927,0.550229,0.3301043,
1,7,19.475,0.4081494,1.069482,-0.6902168,0.5556647,-0.5286927,0.550229,0.3301043,
1,7,19.477,0.4067483,1.069801,-0.6928582,0.5502138,-0.5307854,0.5552189,0.3275113,
1,7,19.479,0.4067483,1.069801,-0.6928582,0.5502138,-0.5307854,0.5552189,0.3275113,
1,7,19.481,0.4067483,1.069801,-0.6928582,0.5502138,-0.5307854,0.5552189,0.3275113,
1,7,19.483,0.4067483,1.069801,-0.6928582,0.5502138,-0.5307854,0.5552189,0.3275113,
1,7,19.485,0.405404,1.069641,-0.6956707,0.5437726,-0.5333626,0.5606837,0.3247607,
1,7,19.487,0.405404,1.069641,-0.6956707,0.5437726,-0.5333626,0.5606837,0.3247607,
1,7,19.489,0.405404,1.069641,-0.6956707,0.5437726,-0.5333626,0.5606837,0.3247607,
1,7,19.491,0.405404,1.069641,-0.6956707,0.5437726,-0.5333626,0.5606837,0.3247607,
1,7,19.493,0.4040669,1.06946,-0.6989216,0.5369292,-0.53586,0.5664981,0.3219333,
1,7,19.495,0.4040669,1.06946,-0.6989216,0.5369292,-0.53586,0.5664981,0.3219333,
1,7,19.497,0.4040669,1.06946,-0.6989216,0.5369292,-0.53586,0.5664981,0.3219333,
1,7,19.499,0.4040669,1.06946,-0.6989216,0.5369292,-0.53586,0.5664981,0.3219333,
1,7,19.501,0.402684,1.069154,-0.7024323,0.5291432,-0.5383123,0.5729025,0.3193902,
1,7,19.503,0.402684,1.069154,-0.7024323,0.5291432,-0.5383123,0.5729025,0.3193902,
1,7,19.505,0.402684,1.069154,-0.7024323,0.5291432,-0.5383123,0.5729025,0.3193902,
1,7,19.507,0.402684,1.069154,-0.7024323,0.5291432,-0.5383123,0.5729025,0.3193902,
1,7,19.509,0.4011086,1.069478,-0.7062412,0.5205534,-0.5404876,0.5801969,0.3166526,
1,7,19.511,0.4011086,1.069478,-0.7062412,0.5205534,-0.5404876,0.5801969,0.3166526,
1,7,19.513,0.4011086,1.069478,-0.7062412,0.5205534,-0.5404876,0.5801969,0.3166526,
1,7,19.515,0.4011086,1.069478,-0.7062412,0.5205534,-0.5404876,0.5801969,0.3166526,
1,7,19.517,0.4011086,1.069478,-0.7062412,0.5205534,-0.5404876,0.5801969,0.3166526,
1,7,19.519,0.4002417,1.068219,-0.710668,0.5115236,-0.5433993,0.58672,0.3143572,
1,7,19.521,0.4002417,1.068219,-0.710668,0.5115236,-0.5433993,0.58672,0.3143572,
1,7,19.523,0.4002417,1.068219,-0.710668,0.5115236,-0.5433993,0.58672,0.3143572,
1,7,19.525,0.4002417,1.068219,-0.710668,0.5115236,-0.5433993,0.58672,0.3143572,
1,7,19.527,0.399091,1.068051,-0.7150638,0.5022427,-0.5457304,0.5939544,0.3116873,
1,7,19.529,0.399091,1.068051,-0.7150638,0.5022427,-0.5457304,0.5939544,0.3116873,
1,7,19.531,0.399091,1.068051,-0.7150638,0.5022427,-0.5457304,0.5939544,0.3116873,
1,7,19.533,0.399091,1.068051,-0.7150638,0.5022427,-0.5457304,0.5939544,0.3116873,
1,7,19.535,0.3978649,1.068641,-0.7195046,0.4928281,-0.5478354,0.6016175,0.308307,
1,7,19.537,0.3978649,1.068641,-0.7195046,0.4928281,-0.5478354,0.6016175,0.308307,
1,7,19.539,0.3978649,1.068641,-0.7195046,0.4928281,-0.5478354,0.6016175,0.308307,
1,7,19.541,0.3978649,1.068641,-0.7195046,0.4928281,-0.5478354,0.6016175,0.308307,
1,7,19.543,0.3974635,1.068224,-0.7254475,0.4837911,-0.550726,0.6079059,0.3051189,
1,7,19.545,0.3974635,1.068224,-0.7254475,0.4837911,-0.550726,0.6079059,0.3051189,
1,7,19.547,0.3974635,1.068224,-0.7254475,0.4837911,-0.550726,0.6079059,0.3051189,
1,7,19.549,0.3974635,1.068224,-0.7254475,0.4837911,-0.550726,0.6079059,0.3051189,
1,7,19.551,0.3970611,1.067954,-0.7309248,0.4755888,-0.5541559,0.6135027,0.3005677,
1,7,19.553,0.3970611,1.067954,-0.7309248,0.4755888,-0.5541559,0.6135027,0.3005677,
1,7,19.555,0.3970611,1.067954,-0.7309248,0.4755888,-0.5541559,0.6135027,0.3005677,
1,7,19.557,0.3970611,1.067954,-0.7309248,0.4755888,-0.5541559,0.6135027,0.3005677,
1,7,19.559,0.3966002,1.068917,-0.7364955,0.4681097,-0.557606,0.6190465,0.2945003,
1,7,19.561,0.3966002,1.068917,-0.7364955,0.4681097,-0.557606,0.6190465,0.2945003,
1,7,19.563,0.3966002,1.068917,-0.7364955,0.4681097,-0.557606,0.6190465,0.2945003,
1,7,19.565,0.3966002,1.068917,-0.7364955,0.4681097,-0.557606,0.6190465,0.2945003,
1,7,19.567,0.3966002,1.068917,-0.7364955,0.4681097,-0.557606,0.6190465,0.2945003,
1,7,19.569,0.396294,1.06972,-0.7425988,0.4620654,-0.5617209,0.6232783,0.2872098,
1,7,19.571,0.396294,1.06972,-0.7425988,0.4620654,-0.5617209,0.6232783,0.2872098,
1,7,19.573,0.396294,1.06972,-0.7425988,0.4620654,-0.5617209,0.6232783,0.2872098,
1,7,19.575,0.396294,1.06972,-0.7425988,0.4620654,-0.5617209,0.6232783,0.2872098,
1,7,19.577,0.3962166,1.070262,-0.7486267,0.4577712,-0.5667469,0.6260093,0.2781291,
1,7,19.579,0.3962166,1.070262,-0.7486267,0.4577712,-0.5667469,0.6260093,0.2781291,
1,7,19.581,0.3962166,1.070262,-0.7486267,0.4577712,-0.5667469,0.6260093,0.2781291,
1,7,19.583,0.3962166,1.070262,-0.7486267,0.4577712,-0.5667469,0.6260093,0.2781291,
1,7,19.585,0.3959507,1.070884,-0.7545269,0.4540346,-0.5721603,0.6279959,0.2685264,
1,7,19.587,0.3959507,1.070884,-0.7545269,0.4540346,-0.5721603,0.6279959,0.2685264,
1,7,19.589,0.3959507,1.070884,-0.7545269,0.4540346,-0.5721603,0.6279959,0.2685264,
1,7,19.591,0.3959507,1.070884,-0.7545269,0.4540346,-0.5721603,0.6279959,0.2685264,
1,7,19.593,0.3961123,1.071348,-0.7607493,0.4494519,-0.5774317,0.6302055,0.2596279,
1,7,19.595,0.3961123,1.071348,-0.7607493,0.4494519,-0.5774317,0.6302055,0.2596279,
1,7,19.597,0.3961123,1.071348,-0.7607493,0.4494519,-0.5774317,0.6302055,0.2596279,
1,7,19.599,0.3961123,1.071348,-0.7607493,0.4494519,-0.5774317,0.6302055,0.2596279,
1,7,19.601,0.3962848,1.072087,-0.7671632,0.4446542,-0.5820541,0.6327281,0.2512985,
1,7,19.603,0.3962848,1.072087,-0.7671632,0.4446542,-0.5820541,0.6327281,0.2512985,
1,7,19.605,0.3962848,1.072087,-0.7671632,0.4446542,-0.5820541,0.6327281,0.2512985,
1,7,19.607,0.3962848,1.072087,-0.7671632,0.4446542,-0.5820541,0.6327281,0.2512985,
1,7,19.609,0.3966867,1.073048,-0.7734898,0.4394619,-0.5863281,0.6354905,0.2434017,
1,7,19.611,0.3966867,1.073048,-0.7734898,0.4394619,-0.5863281,0.6354905,0.2434017,
1,7,19.613,0.3966867,1.073048,-0.7734898,0.4394619,-0.5863281,0.6354905,0.2434017,
1,7,19.615,0.3966867,1.073048,-0.7734898,0.4394619,-0.5863281,0.6354905,0.2434017,
1,7,19.617,0.3966867,1.073048,-0.7734898,0.4394619,-0.5863281,0.6354905,0.2434017,
1,7,19.619,0.3971555,1.073701,-0.7796252,0.4340417,-0.5907654,0.6380008,0.2357098,
1,7,19.621,0.3971555,1.073701,-0.7796252,0.4340417,-0.5907654,0.6380008,0.2357098,
1,7,19.623,0.3971555,1.073701,-0.7796252,0.4340417,-0.5907654,0.6380008,0.2357098,
1,7,19.625,0.3971555,1.073701,-0.7796252,0.4340417,-0.5907654,0.6380008,0.2357098,
1,7,19.627,0.397412,1.074661,-0.7857858,0.428315,-0.5947658,0.6408727,0.2282152,
1,7,19.629,0.397412,1.074661,-0.7857858,0.428315,-0.5947658,0.6408727,0.2282152,
1,7,19.631,0.397412,1.074661,-0.7857858,0.428315,-0.5947658,0.6408727,0.2282152,
1,7,19.633,0.397412,1.074661,-0.7857858,0.428315,-0.5947658,0.6408727,0.2282152,
1,7,19.635,0.3976438,1.075337,-0.7918516,0.4223158,-0.5989984,0.643562,0.2206318,
1,7,19.637,0.3976438,1.075337,-0.7918516,0.4223158,-0.5989984,0.643562,0.2206318,
1,7,19.639,0.3976438,1.075337,-0.7918516,0.4223158,-0.5989984,0.643562,0.2206318,
1,7,19.641,0.3976438,1.075337,-0.7918516,0.4223158,-0.5989984,0.643562,0.2206318,
1,7,19.643,0.3979461,1.076383,-0.797953,0.4161367,-0.6025477,0.6466188,0.2136602,
1,7,19.645,0.3979461,1.076383,-0.797953,0.4161367,-0.6025477,0.6466188,0.2136602,
1,7,19.647,0.3979461,1.076383,-0.797953,0.4161367,-0.6025477,0.6466188,0.2136602,
1,7,19.649,0.3979461,1.076383,-0.797953,0.4161367,-0.6025477,0.6466188,0.2136602,
1,7,19.651,0.398581,1.076779,-0.803809,0.4101483,-0.6067012,0.6490142,0.2060891,
1,7,19.653,0.398581,1.076779,-0.803809,0.4101483,-0.6067012,0.6490142,0.2060891,
1,7,19.655,0.398581,1.076779,-0.803809,0.4101483,-0.6067012,0.6490142,0.2060891,
1,7,19.657,0.398581,1.076779,-0.803809,0.4101483,-0.6067012,0.6490142,0.2060891,
1,7,19.659,0.3989042,1.077052,-0.8093616,0.4032121,-0.610532,0.6519521,0.1990707,
1,7,19.661,0.3989042,1.077052,-0.8093616,0.4032121,-0.610532,0.6519521,0.1990707,
1,7,19.663,0.3989042,1.077052,-0.8093616,0.4032121,-0.610532,0.6519521,0.1990707,
1,7,19.665,0.3989042,1.077052,-0.8093616,0.4032121,-0.610532,0.6519521,0.1990707,
1,7,19.667,0.3989042,1.077052,-0.8093616,0.4032121,-0.610532,0.6519521,0.1990707,
1,7,19.669,0.3990257,1.077496,-0.8150748,0.3958685,-0.6141471,0.6551558,0.192048,
1,7,19.671,0.3990257,1.077496,-0.8150748,0.3958685,-0.6141471,0.6551558,0.192048,
1,7,19.673,0.3990257,1.077496,-0.8150748,0.3958685,-0.6141471,0.6551558,0.192048,
1,7,19.675,0.3990257,1.077496,-0.8150748,0.3958685,-0.6141471,0.6551558,0.192048,
1,7,19.677,0.3986957,1.078729,-0.8206536,0.3882174,-0.6171943,0.6589842,0.1846575,
1,7,19.679,0.3986957,1.078729,-0.8206536,0.3882174,-0.6171943,0.6589842,0.1846575,
1,7,19.681,0.3986957,1.078729,-0.8206536,0.3882174,-0.6171943,0.6589842,0.1846575,
1,7,19.683,0.3986957,1.078729,-0.8206536,0.3882174,-0.6171943,0.6589842,0.1846575,
1,7,19.685,0.3982807,1.07996,-0.8264077,0.3806781,-0.6202144,0.6626888,0.1768104,
1,7,19.687,0.3982807,1.07996,-0.8264077,0.3806781,-0.6202144,0.6626888,0.1768104,
1,7,19.689,0.3982807,1.07996,-0.8264077,0.3806781,-0.6202144,0.6626888,0.1768104,
1,7,19.691,0.3982807,1.07996,-0.8264077,0.3806781,-0.6202144,0.6626888,0.1768104,
1,7,19.693,0.3978297,1.081062,-0.8321763,0.3738988,-0.6233853,0.6658343,0.1680935,
1,7,19.695,0.3978297,1.081062,-0.8321763,0.3738988,-0.6233853,0.6658343,0.1680935,
1,7,19.697,0.3978297,1.081062,-0.8321763,0.3738988,-0.6233853,0.6658343,0.1680935,
1,7,19.699,0.3978297,1.081062,-0.8321763,0.3738988,-0.6233853,0.6658343,0.1680935,
1,7,19.701,0.3969936,1.08287,-0.837525,0.3663754,-0.6261488,0.6696216,0.1591034,
1,7,19.703,0.3969936,1.08287,-0.837525,0.3663754,-0.6261488,0.6696216,0.1591034,
1,7,19.705,0.3969936,1.08287,-0.837525,0.3663754,-0.6261488,0.6696216,0.1591034,
1,7,19.707,0.3969936,1.08287,-0.837525,0.3663754,-0.6261488,0.6696216,0.1591034,
1,7,19.709,0.3963332,1.083947,-0.8425478,0.3585079,-0.6294904,0.6729113,0.14968,
1,7,19.711,0.3963332,1.083947,-0.8425478,0.3585079,-0.6294904,0.6729113,0.14968,
1,7,19.713,0.3963332,1.083947,-0.8425478,0.3585079,-0.6294904,0.6729113,0.14968,
1,7,19.715,0.3963332,1.083947,-0.8425478,0.3585079,-0.6294904,0.6729113,0.14968,
1,7,19.717,0.3963332,1.083947,-0.8425478,0.3585079,-0.6294904,0.6729113,0.14968,
1,7,19.719,0.3955882,1.085855,-0.8472217,0.3498351,-0.6321194,0.6769798,0.1404946,
1,7,19.721,0.3955882,1.085855,-0.8472217,0.3498351,-0.6321194,0.6769798,0.1404946,
1,7,19.723,0.3955882,1.085855,-0.8472217,0.3498351,-0.6321194,0.6769798,0.1404946,
1,7,19.725,0.3955882,1.085855,-0.8472217,0.3498351,-0.6321194,0.6769798,0.1404946,
1,7,19.727,0.394978,1.087682,-0.8516269,0.3400072,-0.6347103,0.6812196,0.1322038,
1,7,19.729,0.394978,1.087682,-0.8516269,0.3400072,-0.6347103,0.6812196,0.1322038,
1,7,19.731,0.394978,1.087682,-0.8516269,0.3400072,-0.6347103,0.6812196,0.1322038,
1,7,19.733,0.394978,1.087682,-0.8516269,0.3400072,-0.6347103,0.6812196,0.1322038,
1,7,19.735,0.3944472,1.089623,-0.8556183,0.3296974,-0.6372567,0.6854756,0.1238013,
1,7,19.737,0.3944472,1.089623,-0.8556183,0.3296974,-0.6372567,0.6854756,0.1238013,
1,7,19.739,0.3944472,1.089623,-0.8556183,0.3296974,-0.6372567,0.6854756,0.1238013,
1,7,19.741,0.3944472,1.089623,-0.8556183,0.3296974,-0.6372567,0.6854756,0.1238013,
1,7,19.743,0.3941102,1.092507,-0.8592601,0.3186748,-0.6391439,0.6901494,0.1167702,
1,7,19.745,0.3941102,1.092507,-0.8592601,0.3186748,-0.6391439,0.6901494,0.1167702,
1,7,19.747,0.3941102,1.092507,-0.8592601,0.3186748,-0.6391439,0.6901494,0.1167702,
1,7,19.749,0.3941102,1.092507,-0.8592601,0.3186748,-0.6391439,0.6901494,0.1167702,
1,7,19.751,0.3943994,1.095684,-0.8628019,0.307296,-0.640817,0.6948419,0.1100785,
1,7,19.753,0.3943994,1.095684,-0.8628019,0.307296,-0.640817,0.6948419,0.1100785,
1,7,19.755,0.3943994,1.095684,-0.8628019,0.307296,-0.640817,0.6948419,0.1100785,
1,7,19.757,0.3943994,1.095684,-0.8628019,0.307296,-0.640817,0.6948419,0.1100785,
1,7,19.759,0.3946431,1.098356,-0.8659829,0.2959033,-0.6430316,0.6987674,0.1033235,
1,7,19.761,0.3946431,1.098356,-0.8659829,0.2959033,-0.6430316,0.6987674,0.1033235,
1,7,19.763,0.3946431,1.098356,-0.8659829,0.2959033,-0.6430316,0.6987674,0.1033235,
1,7,19.765,0.3946431,1.098356,-0.8659829,0.2959033,-0.6430316,0.6987674,0.1033235,
1,7,19.767,0.3946431,1.098356,-0.8659829,0.2959033,-0.6430316,0.6987674,0.1033235,
1,7,19.769,0.395725,1.100929,-0.8691624,0.2842194,-0.6451555,0.7024039,0.09809417,
1,7,19.771,0.395725,1.100929,-0.8691624,0.2842194,-0.6451555,0.7024039,0.09809417,
1,7,19.773,0.395725,1.100929,-0.8691624,0.2842194,-0.6451555,0.7024039,0.09809417,
1,7,19.775,0.395725,1.100929,-0.8691624,0.2842194,-0.6451555,0.7024039,0.09809417,
1,7,19.777,0.3967282,1.103959,-0.8721153,0.2719874,-0.6471156,0.7061418,0.09288716,
1,7,19.779,0.3967282,1.103959,-0.8721153,0.2719874,-0.6471156,0.7061418,0.09288716,
1,7,19.781,0.3967282,1.103959,-0.8721153,0.2719874,-0.6471156,0.7061418,0.09288716,
1,7,19.783,0.3967282,1.103959,-0.8721153,0.2719874,-0.6471156,0.7061418,0.09288716,
1,7,19.785,0.3983407,1.106446,-0.8750001,0.2607445,-0.6494755,0.7089034,0.08746383,
1,7,19.787,0.3983407,1.106446,-0.8750001,0.2607445,-0.6494755,0.7089034,0.08746383,
1,7,19.789,0.3983407,1.106446,-0.8750001,0.2607445,-0.6494755,0.7089034,0.08746383,
1,7,19.791,0.3983407,1.106446,-0.8750001,0.2607445,-0.6494755,0.7089034,0.08746383,
1,7,19.793,0.4001282,1.109024,-0.8778969,0.2505691,-0.6518903,0.7110802,0.08135864,
1,7,19.795,0.4001282,1.109024,-0.8778969,0.2505691,-0.6518903,0.7110802,0.08135864,
1,7,19.797,0.4001282,1.109024,-0.8778969,0.2505691,-0.6518903,0.7110802,0.08135864,
1,7,19.799,0.4001282,1.109024,-0.8778969,0.2505691,-0.6518903,0.7110802,0.08135864,
1,7,19.801,0.4019331,1.111557,-0.8805666,0.2409581,-0.6544115,0.7128282,0.07457119,
1,7,19.803,0.4019331,1.111557,-0.8805666,0.2409581,-0.6544115,0.7128282,0.07457119,
1,7,19.805,0.4019331,1.111557,-0.8805666,0.2409581,-0.6544115,0.7128282,0.07457119,
1,7,19.807,0.4019331,1.111557,-0.8805666,0.2409581,-0.6544115,0.7128282,0.07457119,
1,7,19.809,0.4041592,1.114118,-0.8829137,0.2326089,-0.6570096,0.7139356,0.0672867,
1,7,19.811,0.4041592,1.114118,-0.8829137,0.2326089,-0.6570096,0.7139356,0.0672867,
1,7,19.813,0.4041592,1.114118,-0.8829137,0.2326089,-0.6570096,0.7139356,0.0672867,
1,7,19.815,0.4041592,1.114118,-0.8829137,0.2326089,-0.6570096,0.7139356,0.0672867,
1,7,19.817,0.4041592,1.114118,-0.8829137,0.2326089,-0.6570096,0.7139356,0.0672867,
1,7,19.819,0.4069186,1.116502,-0.8849987,0.2254429,-0.6597432,0.7144257,0.0592463,
1,7,19.821,0.4069186,1.116502,-0.8849987,0.2254429,-0.6597432,0.7144257,0.0592463,
1,7,19.823,0.4069186,1.116502,-0.8849987,0.2254429,-0.6597432,0.7144257,0.0592463,
1,7,19.825,0.4069186,1.116502,-0.8849987,0.2254429,-0.6597432,0.7144257,0.0592463,
1,7,19.827,0.4094856,1.118108,-0.8865745,0.2180827,-0.6626768,0.714594,0.05152547,
1,7,19.829,0.4094856,1.118108,-0.8865745,0.2180827,-0.6626768,0.714594,0.05152547,
1,7,19.831,0.4094856,1.118108,-0.8865745,0.2180827,-0.6626768,0.714594,0.05152547,
1,7,19.833,0.4094856,1.118108,-0.8865745,0.2180827,-0.6626768,0.714594,0.05152547,
1,7,19.835,0.4122455,1.119527,-0.8878149,0.21082,-0.6654048,0.7147244,0.04427913,
1,7,19.837,0.4122455,1.119527,-0.8878149,0.21082,-0.6654048,0.7147244,0.04427913,
1,7,19.839,0.4122455,1.119527,-0.8878149,0.21082,-0.6654048,0.7147244,0.04427913,
1,7,19.841,0.4122455,1.119527,-0.8878149,0.21082,-0.6654048,0.7147244,0.04427913,
1,7,19.843,0.4154165,1.121065,-0.8889183,0.2038289,-0.66789,0.7148266,0.03741249,
1,7,19.845,0.4154165,1.121065,-0.8889183,0.2038289,-0.66789,0.7148266,0.03741249,
1,7,19.847,0.4154165,1.121065,-0.8889183,0.2038289,-0.66789,0.7148266,0.03741249,
1,7,19.849,0.4154165,1.121065,-0.8889183,0.2038289,-0.66789,0.7148266,0.03741249,
1,7,19.851,0.4183866,1.12218,-0.8895179,0.1964067,-0.6701877,0.7150536,0.03116581,
1,7,19.853,0.4183866,1.12218,-0.8895179,0.1964067,-0.6701877,0.7150536,0.03116581,
1,7,19.855,0.4183866,1.12218,-0.8895179,0.1964067,-0.6701877,0.7150536,0.03116581,
1,7,19.857,0.4183866,1.12218,-0.8895179,0.1964067,-0.6701877,0.7150536,0.03116581,
1,7,19.859,0.4214967,1.123377,-0.8901466,0.1893814,-0.6719937,0.7154894,0.02517936,
1,7,19.861,0.4214967,1.123377,-0.8901466,0.1893814,-0.6719937,0.7154894,0.02517936,
1,7,19.863,0.4214967,1.123377,-0.8901466,0.1893814,-0.6719937,0.7154894,0.02517936,
1,7,19.865,0.4214967,1.123377,-0.8901466,0.1893814,-0.6719937,0.7154894,0.02517936,
1,7,19.867,0.4214967,1.123377,-0.8901466,0.1893814,-0.6719937,0.7154894,0.02517936,
1,7,19.869,0.4245974,1.124559,-0.8905277,0.1825245,-0.6733818,0.7161468,0.01937571,
1,7,19.871,0.4245974,1.124559,-0.8905277,0.1825245,-0.6733818,0.7161468,0.01937571,
1,7,19.873,0.4245974,1.124559,-0.8905277,0.1825245,-0.6733818,0.7161468,0.01937571,
1,7,19.875,0.4245974,1.124559,-0.8905277,0.1825245,-0.6733818,0.7161468,0.01937571,
1,7,19.877,0.427201,1.125941,-0.8910131,0.1754525,-0.674361,0.7171167,0.01405615,
1,7,19.879,0.427201,1.125941,-0.8910131,0.1754525,-0.674361,0.7171167,0.01405615,
1,7,19.881,0.427201,1.125941,-0.8910131,0.1754525,-0.674361,0.7171167,0.01405615,
1,7,19.883,0.427201,1.125941,-0.8910131,0.1754525,-0.674361,0.7171167,0.01405615,
1,7,19.885,0.4301637,1.126701,-0.8915126,0.169066,-0.6753963,0.7177643,0.008426398,
1,7,19.887,0.4301637,1.126701,-0.8915126,0.169066,-0.6753963,0.7177643,0.008426398,
1,7,19.889,0.4301637,1.126701,-0.8915126,0.169066,-0.6753963,0.7177643,0.008426398,
1,7,19.891,0.4301637,1.126701,-0.8915126,0.169066,-0.6753963,0.7177643,0.008426398,
1,7,19.893,0.4326469,1.127671,-0.8919791,0.1634391,-0.6758997,0.7186314,0.004030496,
1,7,19.895,0.4326469,1.127671,-0.8919791,0.1634391,-0.6758997,0.7186314,0.004030496,
1,7,19.897,0.4326469,1.127671,-0.8919791,0.1634391,-0.6758997,0.7186314,0.004030496,
1,7,19.899,0.4326469,1.127671,-0.8919791,0.1634391,-0.6758997,0.7186314,0.004030496,
1,7,19.901,0.4353349,1.128216,-0.8924691,0.1575754,-0.6763954,0.7194855,7.385015E-05,
1,7,19.903,0.4353349,1.128216,-0.8924691,0.1575754,-0.6763954,0.7194855,7.385015E-05,
1,7,19.905,0.4353349,1.128216,-0.8924691,0.1575754,-0.6763954,0.7194855,7.385015E-05,
1,7,19.907,0.4353349,1.128216,-0.8924691,0.1575754,-0.6763954,0.7194855,7.385015E-05,
1,7,19.909,0.4382279,1.128267,-0.8928997,0.151492,-0.6770506,0.7201702,-0.002762765,
1,7,19.911,0.4382279,1.128267,-0.8928997,0.151492,-0.6770506,0.7201702,-0.002762765,
1,7,19.913,0.4382279,1.128267,-0.8928997,0.151492,-0.6770506,0.7201702,-0.002762765,
1,7,19.915,0.4382279,1.128267,-0.8928997,0.151492,-0.6770506,0.7201702,-0.002762765,
1,7,19.917,0.4382279,1.128267,-0.8928997,0.151492,-0.6770506,0.7201702,-0.002762765,
1,7,19.919,0.4411693,1.128284,-0.8935857,0.1453996,-0.6774181,0.7210711,-0.004515171,
1,7,19.921,0.4411693,1.128284,-0.8935857,0.1453996,-0.6774181,0.7210711,-0.004515171,
1,7,19.923,0.4411693,1.128284,-0.8935857,0.1453996,-0.6774181,0.7210711,-0.004515171,
1,7,19.925,0.4411693,1.128284,-0.8935857,0.1453996,-0.6774181,0.7210711,-0.004515171,
1,7,19.927,0.4441004,1.128195,-0.8943909,0.1393836,-0.6776335,0.7220492,-0.00548026,
1,7,19.929,0.4441004,1.128195,-0.8943909,0.1393836,-0.6776335,0.7220492,-0.00548026,
1,7,19.931,0.4441004,1.128195,-0.8943909,0.1393836,-0.6776335,0.7220492,-0.00548026,
1,7,19.933,0.4441004,1.128195,-0.8943909,0.1393836,-0.6776335,0.7220492,-0.00548026,
1,7,19.935,0.446934,1.128818,-0.8953947,0.1332591,-0.6772034,0.7236057,-0.005714744,
1,7,19.937,0.446934,1.128818,-0.8953947,0.1332591,-0.6772034,0.7236057,-0.005714744,
1,7,19.939,0.446934,1.128818,-0.8953947,0.1332591,-0.6772034,0.7236057,-0.005714744,
1,7,19.941,0.446934,1.128818,-0.8953947,0.1332591,-0.6772034,0.7236057,-0.005714744,
1,7,19.943,0.449666,1.129374,-0.8966796,0.1284856,-0.6764936,0.7251233,-0.006638378,
1,7,19.945,0.449666,1.129374,-0.8966796,0.1284856,-0.6764936,0.7251233,-0.006638378,
1,7,19.947,0.449666,1.129374,-0.8966796,0.1284856,-0.6764936,0.7251233,-0.006638378,
1,7,19.949,0.449666,1.129374,-0.8966796,0.1284856,-0.6764936,0.7251233,-0.006638378,
1,7,19.951,0.4514572,1.129749,-0.8979407,0.1238199,-0.675693,0.7266674,-0.007885635,
1,7,19.953,0.4514572,1.129749,-0.8979407,0.1238199,-0.675693,0.7266674,-0.007885635,
1,7,19.955,0.4514572,1.129749,-0.8979407,0.1238199,-0.675693,0.7266674,-0.007885635,
1,7,19.957,0.4514572,1.129749,-0.8979407,0.1238199,-0.675693,0.7266674,-0.007885635,
1,7,19.959,0.4533761,1.13018,-0.8992928,0.1203694,-0.6747921,0.7280622,-0.009610951,
1,7,19.961,0.4533761,1.13018,-0.8992928,0.1203694,-0.6747921,0.7280622,-0.009610951,
1,7,19.963,0.4533761,1.13018,-0.8992928,0.1203694,-0.6747921,0.7280622,-0.009610951,
1,7,19.965,0.4533761,1.13018,-0.8992928,0.1203694,-0.6747921,0.7280622,-0.009610951,
1,7,19.967,0.4533761,1.13018,-0.8992928,0.1203694,-0.6747921,0.7280622,-0.009610951,
1,7,19.969,0.4560206,1.130689,-0.9009008,0.1181832,-0.6738513,0.7292702,-0.01106152,
1,7,19.971,0.4560206,1.130689,-0.9009008,0.1181832,-0.6738513,0.7292702,-0.01106152,
1,7,19.973,0.4560206,1.130689,-0.9009008,0.1181832,-0.6738513,0.7292702,-0.01106152,
1,7,19.975,0.4560206,1.130689,-0.9009008,0.1181832,-0.6738513,0.7292702,-0.01106152,
1,7,19.977,0.4589788,1.131273,-0.9022948,0.1168494,-0.6728466,0.7303958,-0.01206839,
1,7,19.979,0.4589788,1.131273,-0.9022948,0.1168494,-0.6728466,0.7303958,-0.01206839,
1,7,19.981,0.4589788,1.131273,-0.9022948,0.1168494,-0.6728466,0.7303958,-0.01206839,
1,7,19.983,0.4589788,1.131273,-0.9022948,0.1168494,-0.6728466,0.7303958,-0.01206839,
1,7,19.985,0.4620684,1.131761,-0.9036801,0.116268,-0.6717754,0.7314605,-0.01285368,
1,7,19.987,0.4620684,1.131761,-0.9036801,0.116268,-0.6717754,0.7314605,-0.01285368,
1,7,19.989,0.4620684,1.131761,-0.9036801,0.116268,-0.6717754,0.7314605,-0.01285368,
1,7,19.991,0.4620684,1.131761,-0.9036801,0.116268,-0.6717754,0.7314605,-0.01285368,
1,7,19.993,0.4651791,1.132293,-0.9049783,0.1163943,-0.6704637,0.7326291,-0.0136193,
1,7,19.995,0.4651791,1.132293,-0.9049783,0.1163943,-0.6704637,0.7326291,-0.0136193,
1,7,19.997,0.4651791,1.132293,-0.9049783,0.1163943,-0.6704637,0.7326291,-0.0136193,
1,7,19.999,0.4651791,1.132293,-0.9049783,0.1163943,-0.6704637,0.7326291,-0.0136193,
1,7,20.001,0.468456,1.133561,-0.9067128,0.1172078,-0.668529,0.7342547,-0.01419052,
1,7,20.003,0.468456,1.133561,-0.9067128,0.1172078,-0.668529,0.7342547,-0.01419052,
1,7,20.005,0.468456,1.133561,-0.9067128,0.1172078,-0.668529,0.7342547,-0.01419052,
1,7,20.007,0.468456,1.133561,-0.9067128,0.1172078,-0.668529,0.7342547,-0.01419052,
1,7,20.009,0.4717183,1.134814,-0.9085878,0.1193455,-0.6663694,0.7358406,-0.01572129,
1,7,20.011,0.4717183,1.134814,-0.9085878,0.1193455,-0.6663694,0.7358406,-0.01572129,
1,7,20.013,0.4717183,1.134814,-0.9085878,0.1193455,-0.6663694,0.7358406,-0.01572129,
1,7,20.015,0.4717183,1.134814,-0.9085878,0.1193455,-0.6663694,0.7358406,-0.01572129,
1,7,20.017,0.4717183,1.134814,-0.9085878,0.1193455,-0.6663694,0.7358406,-0.01572129,
1,7,20.019,0.4746817,1.136218,-0.9106373,0.1228399,-0.6641037,0.7372504,-0.0183987,
1,7,20.021,0.4746817,1.136218,-0.9106373,0.1228399,-0.6641037,0.7372504,-0.0183987,
1,7,20.023,0.4746817,1.136218,-0.9106373,0.1228399,-0.6641037,0.7372504,-0.0183987,
1,7,20.025,0.4746817,1.136218,-0.9106373,0.1228399,-0.6641037,0.7372504,-0.0183987,
1,7,20.027,0.4771113,1.138073,-0.9128789,0.1265526,-0.6615403,0.7388414,-0.02150118,
1,7,20.029,0.4771113,1.138073,-0.9128789,0.1265526,-0.6615403,0.7388414,-0.02150118,
1,7,20.031,0.4771113,1.138073,-0.9128789,0.1265526,-0.6615403,0.7388414,-0.02150118,
1,7,20.033,0.4771113,1.138073,-0.9128789,0.1265526,-0.6615403,0.7388414,-0.02150118,
1,7,20.035,0.4793936,1.139593,-0.9151553,0.1315763,-0.6593145,0.7398263,-0.02547789,
1,7,20.037,0.4793936,1.139593,-0.9151553,0.1315763,-0.6593145,0.7398263,-0.02547789,
1,7,20.039,0.4793936,1.139593,-0.9151553,0.1315763,-0.6593145,0.7398263,-0.02547789,
1,7,20.041,0.4793936,1.139593,-0.9151553,0.1315763,-0.6593145,0.7398263,-0.02547789,
1,7,20.043,0.4814993,1.140841,-0.9171736,0.1366322,-0.6574644,0.7404216,-0.02912503,
1,7,20.045,0.4814993,1.140841,-0.9171736,0.1366322,-0.6574644,0.7404216,-0.02912503,
1,7,20.047,0.4814993,1.140841,-0.9171736,0.1366322,-0.6574644,0.7404216,-0.02912503,
1,7,20.049,0.4814993,1.140841,-0.9171736,0.1366322,-0.6574644,0.7404216,-0.02912503,
1,7,20.051,0.4835989,1.141866,-0.919092,0.1407439,-0.6561587,0.740715,-0.03143728,
1,7,20.053,0.4835989,1.141866,-0.919092,0.1407439,-0.6561587,0.740715,-0.03143728,
1,7,20.055,0.4835989,1.141866,-0.919092,0.1407439,-0.6561587,0.740715,-0.03143728,
1,7,20.057,0.4835989,1.141866,-0.919092,0.1407439,-0.6561587,0.740715,-0.03143728,
1,7,20.059,0.4857359,1.14282,-0.920647,0.1439609,-0.6550635,0.741022,-0.03245857,
1,7,20.061,0.4857359,1.14282,-0.920647,0.1439609,-0.6550635,0.741022,-0.03245857,
1,7,20.063,0.4857359,1.14282,-0.920647,0.1439609,-0.6550635,0.741022,-0.03245857,
1,7,20.065,0.4857359,1.14282,-0.920647,0.1439609,-0.6550635,0.741022,-0.03245857,
1,7,20.067,0.4857359,1.14282,-0.920647,0.1439609,-0.6550635,0.741022,-0.03245857,
1,7,20.069,0.487868,1.143096,-0.9219386,0.1462009,-0.6546252,0.7409749,-0.03236294,
1,7,20.071,0.487868,1.143096,-0.9219386,0.1462009,-0.6546252,0.7409749,-0.03236294,
1,7,20.073,0.487868,1.143096,-0.9219386,0.1462009,-0.6546252,0.7409749,-0.03236294,
1,7,20.075,0.487868,1.143096,-0.9219386,0.1462009,-0.6546252,0.7409749,-0.03236294,
1,7,20.077,0.4898981,1.143027,-0.9229024,0.1473389,-0.6546793,0.740756,-0.03109443,
1,7,20.079,0.4898981,1.143027,-0.9229024,0.1473389,-0.6546793,0.740756,-0.03109443,
1,7,20.081,0.4898981,1.143027,-0.9229024,0.1473389,-0.6546793,0.740756,-0.03109443,CourtEnter
1,7,20.083,0.4898981,1.143027,-0.9229024,0.1473389,-0.6546793,0.740756,-0.03109443,
1,7,20.085,0.4917224,1.143047,-0.923833,0.1478174,-0.6548197,0.7406144,-0.02918142,
1,7,20.087,0.4917224,1.143047,-0.923833,0.1478174,-0.6548197,0.7406144,-0.02918142,
1,7,20.089,0.4917224,1.143047,-0.923833,0.1478174,-0.6548197,0.7406144,-0.02918142,
1,7,20.091,0.4917224,1.143047,-0.923833,0.1478174,-0.6548197,0.7406144,-0.02918142,CourtExit
1,7,20.093,0.4934608,1.14263,-0.9246348,0.1481797,-0.6552845,0.7402095,-0.02711353,
1,7,20.095,0.4934608,1.14263,-0.9246348,0.1481797,-0.6552845,0.7402095,-0.02711353,
1,7,20.097,0.4934608,1.14263,-0.9246348,0.1481797,-0.6552845,0.7402095,-0.02711353,
1,7,20.099,0.4934608,1.14263,-0.9246348,0.1481797,-0.6552845,0.7402095,-0.02711353,
1,7,20.101,0.495021,1.142069,-0.9252849,0.1486525,-0.6558189,0.7397104,-0.02515218,
1,7,20.103,0.495021,1.142069,-0.9252849,0.1486525,-0.6558189,0.7397104,-0.02515218,
1,7,20.105,0.495021,1.142069,-0.9252849,0.1486525,-0.6558189,0.7397104,-0.02515218,
1,7,20.107,0.495021,1.142069,-0.9252849,0.1486525,-0.6558189,0.7397104,-0.02515218,
1,7,20.109,0.4964209,1.14173,-0.9259623,0.1496144,-0.6560972,0.7393219,-0.02356264,
1,7,20.111,0.4964209,1.14173,-0.9259623,0.1496144,-0.6560972,0.7393219,-0.02356264,
1,7,20.113,0.4964209,1.14173,-0.9259623,0.1496144,-0.6560972,0.7393219,-0.02356264,
1,7,20.115,0.4964209,1.14173,-0.9259623,0.1496144,-0.6560972,0.7393219,-0.02356264,
1,7,20.117,0.4964209,1.14173,-0.9259623,0.1496144,-0.6560972,0.7393219,-0.02356264,
1,7,20.119,0.4976653,1.141378,-0.9265006,0.1511236,-0.6561993,0.7389585,-0.02246115,
1,7,20.121,0.4976653,1.141378,-0.9265006,0.1511236,-0.6561993,0.7389585,-0.02246115,
1,7,20.123,0.4976653,1.141378,-0.9265006,0.1511236,-0.6561993,0.7389585,-0.02246115,
1,7,20.125,0.4976653,1.141378,-0.9265006,0.1511236,-0.6561993,0.7389585,-0.02246115,
1,7,20.127,0.4987128,1.141104,-0.926963,0.1528169,-0.6561826,0.7386513,-0.02157775,
1,7,20.129,0.4987128,1.141104,-0.926963,0.1528169,-0.6561826,0.7386513,-0.02157775,
1,7,20.131,0.4987128,1.141104,-0.926963,0.1528169,-0.6561826,0.7386513,-0.02157775,
1,7,20.133,0.4987128,1.141104,-0.926963,0.1528169,-0.6561826,0.7386513,-0.02157775,
1,7,20.135,0.4996906,1.14049,-0.9273824,0.154477,-0.65633,0.7382052,-0.02051735,
1,7,20.137,0.4996906,1.14049,-0.9273824,0.154477,-0.65633,0.7382052,-0.02051735,
1,7,20.139,0.4996906,1.14049,-0.9273824,0.154477,-0.65633,0.7382052,-0.02051735,
1,7,20.141,0.4996906,1.14049,-0.9273824,0.154477,-0.65633,0.7382052,-0.02051735,
1,7,20.143,0.5004612,1.14012,-0.9277075,0.1562341,-0.656144,0.7380238,-0.01966685,
1,7,20.145,0.5004612,1.14012,-0.9277075,0.1562341,-0.656144,0.7380238,-0.01966685,
1,7,20.147,0.5004612,1.14012,-0.9277075,0.1562341,-0.656144,0.7380238,-0.01966685,
1,7,20.149,0.5004612,1.14012,-0.9277075,0.1562341,-0.656144,0.7380238,-0.01966685,
1,7,20.151,0.5012099,1.139341,-0.9279436,0.1583258,-0.6559119,0.7377992,-0.01910624,
1,7,20.153,0.5012099,1.139341,-0.9279436,0.1583258,-0.6559119,0.7377992,-0.01910624,
1,7,20.155,0.5012099,1.139341,-0.9279436,0.1583258,-0.6559119,0.7377992,-0.01910624,
1,7,20.157,0.5012099,1.139341,-0.9279436,0.1583258,-0.6559119,0.7377992,-0.01910624,
1,7,20.159,0.5016375,1.138719,-0.9280087,0.160188,-0.6555204,0.7377587,-0.01857668,
1,7,20.161,0.5016375,1.138719,-0.9280087,0.160188,-0.6555204,0.7377587,-0.01857668,
1,7,20.163,0.5016375,1.138719,-0.9280087,0.160188,-0.6555204,0.7377587,-0.01857668,
1,7,20.165,0.5016375,1.138719,-0.9280087,0.160188,-0.6555204,0.7377587,-0.01857668,
1,7,20.167,0.5016375,1.138719,-0.9280087,0.160188,-0.6555204,0.7377587,-0.01857668,
1,7,20.169,0.5017651,1.139006,-0.9282147,0.16116,-0.6543949,0.7385776,-0.01726267,
1,7,20.171,0.5017651,1.139006,-0.9282147,0.16116,-0.6543949,0.7385776,-0.01726267,
1,7,20.173,0.5017651,1.139006,-0.9282147,0.16116,-0.6543949,0.7385776,-0.01726267,
1,7,20.175,0.5017651,1.139006,-0.9282147,0.16116,-0.6543949,0.7385776,-0.01726267,
1,7,20.177,0.5016956,1.138892,-0.9283314,0.1619693,-0.6533488,0.7393613,-0.01569715,
1,7,20.179,0.5016956,1.138892,-0.9283314,0.1619693,-0.6533488,0.7393613,-0.01569715,
1,7,20.181,0.5016956,1.138892,-0.9283314,0.1619693,-0.6533488,0.7393613,-0.01569715,
1,7,20.183,0.5016956,1.138892,-0.9283314,0.1619693,-0.6533488,0.7393613,-0.01569715,
1,7,20.185,0.5014492,1.138811,-0.9284922,0.1623596,-0.6523781,0.740167,-0.01396564,
1,7,20.187,0.5014492,1.138811,-0.9284922,0.1623596,-0.6523781,0.740167,-0.01396564,
1,7,20.189,0.5014492,1.138811,-0.9284922,0.1623596,-0.6523781,0.740167,-0.01396564,
1,7,20.191,0.5014492,1.138811,-0.9284922,0.1623596,-0.6523781,0.740167,-0.01396564,
1,7,20.193,0.5013927,1.137826,-0.9284937,0.1636077,-0.6517675,0.7404516,-0.01277331,
1,7,20.195,0.5013927,1.137826,-0.9284937,0.1636077,-0.6517675,0.7404516,-0.01277331,
1,7,20.197,0.5013927,1.137826,-0.9284937,0.1636077,-0.6517675,0.7404516,-0.01277331,
1,7,20.199,0.5013927,1.137826,-0.9284937,0.1636077,-0.6517675,0.7404516,-0.01277331,
1,7,20.201,0.5011312,1.137687,-0.9286846,0.1644224,-0.6505542,0.7413644,-0.01110315,
1,7,20.203,0.5011312,1.137687,-0.9286846,0.1644224,-0.6505542,0.7413644,-0.01110315,
1,7,20.205,0.5011312,1.137687,-0.9286846,0.1644224,-0.6505542,0.7413644,-0.01110315,
1,7,20.207,0.5011312,1.137687,-0.9286846,0.1644224,-0.6505542,0.7413644,-0.01110315,
1,7,20.209,0.500886,1.137557,-0.9287921,0.1646129,-0.6494682,0.742307,-0.008615255,
1,7,20.211,0.500886,1.137557,-0.9287921,0.1646129,-0.6494682,0.742307,-0.008615255,
1,7,20.213,0.500886,1.137557,-0.9287921,0.1646129,-0.6494682,0.742307,-0.008615255,
1,7,20.215,0.500886,1.137557,-0.9287921,0.1646129,-0.6494682,0.742307,-0.008615255,
1,7,20.217,0.500886,1.137557,-0.9287921,0.1646129,-0.6494682,0.742307,-0.008615255,
1,7,20.219,0.5008179,1.136755,-0.9288417,0.1649795,-0.6486691,0.7429481,-0.006201863,
1,7,20.221,0.5008179,1.136755,-0.9288417,0.1649795,-0.6486691,0.7429481,-0.006201863,
1,7,20.223,0.5008179,1.136755,-0.9288417,0.1649795,-0.6486691,0.7429481,-0.006201863,
1,7,20.225,0.5008179,1.136755,-0.9288417,0.1649795,-0.6486691,0.7429481,-0.006201863,
1,7,20.227,0.5004885,1.136115,-0.9289652,0.1659058,-0.647657,0.7436377,-0.004299134,
1,7,20.229,0.5004885,1.136115,-0.9289652,0.1659058,-0.647657,0.7436377,-0.004299134,
1,7,20.231,0.5004885,1.136115,-0.9289652,0.1659058,-0.647657,0.7436377,-0.004299134,
1,7,20.233,0.5004885,1.136115,-0.9289652,0.1659058,-0.647657,0.7436377,-0.004299134,
1,7,20.235,0.5000557,1.135537,-0.9291409,0.1655253,-0.6468648,0.7444232,-0.001146376,
1,7,20.237,0.5000557,1.135537,-0.9291409,0.1655253,-0.6468648,0.7444232,-0.001146376,
1,7,20.239,0.5000557,1.135537,-0.9291409,0.1655253,-0.6468648,0.7444232,-0.001146376,
1,7,20.241,0.5000557,1.135537,-0.9291409,0.1655253,-0.6468648,0.7444232,-0.001146376,
1,7,20.243,0.4997905,1.134966,-0.9293883,0.1650703,-0.646033,0.7452435,0.002288073,
1,7,20.245,0.4997905,1.134966,-0.9293883,0.1650703,-0.646033,0.7452435,0.002288073,
1,7,20.247,0.4997905,1.134966,-0.9293883,0.1650703,-0.646033,0.7452435,0.002288073,
1,7,20.249,0.4997905,1.134966,-0.9293883,0.1650703,-0.646033,0.7452435,0.002288073,
1,7,20.251,0.4997385,1.134553,-0.9297246,0.1646651,-0.6451449,0.7460818,0.005956084,
1,7,20.253,0.4997385,1.134553,-0.9297246,0.1646651,-0.6451449,0.7460818,0.005956084,
1,7,20.255,0.4997385,1.134553,-0.9297246,0.1646651,-0.6451449,0.7460818,0.005956084,
1,7,20.257,0.4997385,1.134553,-0.9297246,0.1646651,-0.6451449,0.7460818,0.005956084,
1,7,20.259,0.499353,1.134558,-0.9300767,0.1646133,-0.6439918,0.7470573,0.009081483,
1,7,20.261,0.499353,1.134558,-0.9300767,0.1646133,-0.6439918,0.7470573,0.009081483,
1,7,20.263,0.499353,1.134558,-0.9300767,0.1646133,-0.6439918,0.7470573,0.009081483,
1,7,20.265,0.499353,1.134558,-0.9300767,0.1646133,-0.6439918,0.7470573,0.009081483,
1,7,20.267,0.499353,1.134558,-0.9300767,0.1646133,-0.6439918,0.7470573,0.009081483,
1,7,20.269,0.4992881,1.133738,-0.9305005,0.1649211,-0.6436476,0.7472414,0.01220745,
1,7,20.271,0.4992881,1.133738,-0.9305005,0.1649211,-0.6436476,0.7472414,0.01220745,
1,7,20.273,0.4992881,1.133738,-0.9305005,0.1649211,-0.6436476,0.7472414,0.01220745,
1,7,20.275,0.4992881,1.133738,-0.9305005,0.1649211,-0.6436476,0.7472414,0.01220745,
1,7,20.277,0.4986507,1.133388,-0.9309356,0.1652204,-0.6431655,0.7475415,0.01490077,
1,7,20.279,0.4986507,1.133388,-0.9309356,0.1652204,-0.6431655,0.7475415,0.01490077,
1,7,20.281,0.4986507,1.133388,-0.9309356,0.1652204,-0.6431655,0.7475415,0.01490077,
1,7,20.283,0.4986507,1.133388,-0.9309356,0.1652204,-0.6431655,0.7475415,0.01490077,
1,7,20.285,0.4982231,1.133084,-0.9314294,0.1654987,-0.642828,0.7477058,0.01784664,
1,7,20.287,0.4982231,1.133084,-0.9314294,0.1654987,-0.642828,0.7477058,0.01784664,
1,7,20.289,0.4982231,1.133084,-0.9314294,0.1654987,-0.642828,0.7477058,0.01784664,
1,7,20.291,0.4982231,1.133084,-0.9314294,0.1654987,-0.642828,0.7477058,0.01784664,
1,7,20.293,0.4976747,1.132605,-0.9319094,0.1658064,-0.6427429,0.747637,0.02070972,
1,7,20.295,0.4976747,1.132605,-0.9319094,0.1658064,-0.6427429,0.747637,0.02070972,
1,7,20.297,0.4976747,1.132605,-0.9319094,0.1658064,-0.6427429,0.747637,0.02070972,
1,7,20.299,0.4976747,1.132605,-0.9319094,0.1658064,-0.6427429,0.747637,0.02070972,
1,7,20.301,0.4969577,1.132683,-0.9324653,0.1656595,-0.6425478,0.7477434,0.02385488,
1,7,20.303,0.4969577,1.132683,-0.9324653,0.1656595,-0.6425478,0.7477434,0.02385488,
1,7,20.305,0.4969577,1.132683,-0.9324653,0.1656595,-0.6425478,0.7477434,0.02385488,
1,7,20.307,0.4969577,1.132683,-0.9324653,0.1656595,-0.6425478,0.7477434,0.02385488,
1,7,20.309,0.4961025,1.132326,-0.9326651,0.1651662,-0.6427115,0.7476064,0.02695918,
1,7,20.311,0.4961025,1.132326,-0.9326651,0.1651662,-0.6427115,0.7476064,0.02695918,
1,7,20.313,0.4961025,1.132326,-0.9326651,0.1651662,-0.6427115,0.7476064,0.02695918,
1,7,20.315,0.4961025,1.132326,-0.9326651,0.1651662,-0.6427115,0.7476064,0.02695918,
1,7,20.317,0.4961025,1.132326,-0.9326651,0.1651662,-0.6427115,0.7476064,0.02695918,
1,7,20.319,0.4953978,1.132015,-0.9327944,0.1643188,-0.6429877,0.7474165,0.03057051,
1,7,20.321,0.4953978,1.132015,-0.9327944,0.1643188,-0.6429877,0.7474165,0.03057051,
1,7,20.323,0.4953978,1.132015,-0.9327944,0.1643188,-0.6429877,0.7474165,0.03057051,
1,7,20.325,0.4953978,1.132015,-0.9327944,0.1643188,-0.6429877,0.7474165,0.03057051,
1,7,20.327,0.4943732,1.131634,-0.9328346,0.1629342,-0.6434183,0.747188,0.03428385,
1,7,20.329,0.4943732,1.131634,-0.9328346,0.1629342,-0.6434183,0.747188,0.03428385,
1,7,20.331,0.4943732,1.131634,-0.9328346,0.1629342,-0.6434183,0.747188,0.03428385,
1,7,20.333,0.4943732,1.131634,-0.9328346,0.1629342,-0.6434183,0.747188,0.03428385,
1,7,20.335,0.4933851,1.131147,-0.9327271,0.1619942,-0.6439347,0.7467906,0.03754327,
1,7,20.337,0.4933851,1.131147,-0.9327271,0.1619942,-0.6439347,0.7467906,0.03754327,
1,7,20.339,0.4933851,1.131147,-0.9327271,0.1619942,-0.6439347,0.7467906,0.03754327,
1,7,20.341,0.4933851,1.131147,-0.9327271,0.1619942,-0.6439347,0.7467906,0.03754327,
1,7,20.343,0.4921603,1.130217,-0.9323623,0.1607008,-0.644931,0.7460365,0.04085317,
1,7,20.345,0.4921603,1.130217,-0.9323623,0.1607008,-0.644931,0.7460365,0.04085317,
1,7,20.347,0.4921603,1.130217,-0.9323623,0.1607008,-0.644931,0.7460365,0.04085317,
1,7,20.349,0.4921603,1.130217,-0.9323623,0.1607008,-0.644931,0.7460365,0.04085317,
1,7,20.351,0.4911825,1.129159,-0.9318337,0.1594655,-0.6460872,0.7451081,0.04422623,
1,7,20.353,0.4911825,1.129159,-0.9318337,0.1594655,-0.6460872,0.7451081,0.04422623,
1,7,20.355,0.4911825,1.129159,-0.9318337,0.1594655,-0.6460872,0.7451081,0.04422623,
1,7,20.357,0.4911825,1.129159,-0.9318337,0.1594655,-0.6460872,0.7451081,0.04422623,
1,7,20.359,0.490035,1.128354,-0.9313014,0.1584557,-0.6470348,0.7443134,0.04728007,
1,7,20.361,0.490035,1.128354,-0.9313014,0.1584557,-0.6470348,0.7443134,0.04728007,
1,7,20.363,0.490035,1.128354,-0.9313014,0.1584557,-0.6470348,0.7443134,0.04728007,
1,7,20.365,0.490035,1.128354,-0.9313014,0.1584557,-0.6470348,0.7443134,0.04728007,
1,7,20.367,0.490035,1.128354,-0.9313014,0.1584557,-0.6470348,0.7443134,0.04728007,
1,7,20.369,0.4887332,1.128131,-0.9306787,0.1574966,-0.6476159,0.7438255,0.05012161,
1,7,20.371,0.4887332,1.128131,-0.9306787,0.1574966,-0.6476159,0.7438255,0.05012161,
1,7,20.373,0.4887332,1.128131,-0.9306787,0.1574966,-0.6476159,0.7438255,0.05012161,
1,7,20.375,0.4887332,1.128131,-0.9306787,0.1574966,-0.6476159,0.7438255,0.05012161,
1,7,20.377,0.4870804,1.127635,-0.9297971,0.1559051,-0.6484256,0.7432551,0.0530082,
1,7,20.379,0.4870804,1.127635,-0.9297971,0.1559051,-0.6484256,0.7432551,0.0530082,
1,7,20.381,0.4870804,1.127635,-0.9297971,0.1559051,-0.6484256,0.7432551,0.0530082,
1,7,20.383,0.4870804,1.127635,-0.9297971,0.1559051,-0.6484256,0.7432551,0.0530082,
1,7,20.385,0.4846338,1.127044,-0.9283447,0.1549786,-0.6494709,0.7422985,0.05623332,
1,7,20.387,0.4846338,1.127044,-0.9283447,0.1549786,-0.6494709,0.7422985,0.05623332,
1,7,20.389,0.4846338,1.127044,-0.9283447,0.1549786,-0.6494709,0.7422985,0.05623332,
1,7,20.391,0.4846338,1.127044,-0.9283447,0.1549786,-0.6494709,0.7422985,0.05623332,
1,7,20.393,0.4831903,1.126634,-0.9272866,0.1545864,-0.6502107,0.7415653,0.05839688,
1,7,20.395,0.4831903,1.126634,-0.9272866,0.1545864,-0.6502107,0.7415653,0.05839688,
1,7,20.397,0.4831903,1.126634,-0.9272866,0.1545864,-0.6502107,0.7415653,0.05839688,
1,7,20.399,0.4831903,1.126634,-0.9272866,0.1545864,-0.6502107,0.7415653,0.05839688,
1,7,20.401,0.4816414,1.125798,-0.9260431,0.1548483,-0.6511664,0.7405433,0.06000036,
1,7,20.403,0.4816414,1.125798,-0.9260431,0.1548483,-0.6511664,0.7405433,0.06000036,
1,7,20.405,0.4816414,1.125798,-0.9260431,0.1548483,-0.6511664,0.7405433,0.06000036,
1,7,20.407,0.4816414,1.125798,-0.9260431,0.1548483,-0.6511664,0.7405433,0.06000036,
1,7,20.409,0.4799578,1.125487,-0.924763,0.1549287,-0.6517006,0.7399196,0.06166551,
1,7,20.411,0.4799578,1.125487,-0.924763,0.1549287,-0.6517006,0.7399196,0.06166551,
1,7,20.413,0.4799578,1.125487,-0.924763,0.1549287,-0.6517006,0.7399196,0.06166551,
1,7,20.415,0.4799578,1.125487,-0.924763,0.1549287,-0.6517006,0.7399196,0.06166551,
1,7,20.417,0.4799578,1.125487,-0.924763,0.1549287,-0.6517006,0.7399196,0.06166551,
1,7,20.419,0.4782225,1.125201,-0.9235395,0.1550956,-0.6521628,0.7393292,0.06341535,
1,7,20.421,0.4782225,1.125201,-0.9235395,0.1550956,-0.6521628,0.7393292,0.06341535,
1,7,20.423,0.4782225,1.125201,-0.9235395,0.1550956,-0.6521628,0.7393292,0.06341535,
1,7,20.425,0.4782225,1.125201,-0.9235395,0.1550956,-0.6521628,0.7393292,0.06341535,
1,7,20.427,0.4762576,1.124704,-0.9221818,0.1553639,-0.6526974,0.7386671,0.06495377,
1,7,20.429,0.4762576,1.124704,-0.9221818,0.1553639,-0.6526974,0.7386671,0.06495377,
1,7,20.431,0.4762576,1.124704,-0.9221818,0.1553639,-0.6526974,0.7386671,0.06495377,
1,7,20.433,0.4762576,1.124704,-0.9221818,0.1553639,-0.6526974,0.7386671,0.06495377,
1,7,20.435,0.4743009,1.123991,-0.920746,0.155936,-0.6534051,0.7378023,0.06628555,
1,7,20.437,0.4743009,1.123991,-0.920746,0.155936,-0.6534051,0.7378023,0.06628555,
1,7,20.439,0.4743009,1.123991,-0.920746,0.155936,-0.6534051,0.7378023,0.06628555,
1,7,20.441,0.4743009,1.123991,-0.920746,0.155936,-0.6534051,0.7378023,0.06628555,
1,7,20.443,0.4720556,1.123643,-0.9192584,0.1563179,-0.6537743,0.7372593,0.0677689,
1,7,20.445,0.4720556,1.123643,-0.9192584,0.1563179,-0.6537743,0.7372593,0.0677689,
1,7,20.447,0.4720556,1.123643,-0.9192584,0.1563179,-0.6537743,0.7372593,0.0677689,
1,7,20.449,0.4720556,1.123643,-0.9192584,0.1563179,-0.6537743,0.7372593,0.0677689,
1,7,20.451,0.4698012,1.123482,-0.917778,0.1567736,-0.6539593,0.736839,0.06948116,
1,7,20.453,0.4698012,1.123482,-0.917778,0.1567736,-0.6539593,0.736839,0.06948116,
1,7,20.455,0.4698012,1.123482,-0.917778,0.1567736,-0.6539593,0.736839,0.06948116,
1,7,20.457,0.4698012,1.123482,-0.917778,0.1567736,-0.6539593,0.736839,0.06948116,
1,7,20.459,0.4659872,1.123144,-0.9153296,0.157589,-0.6544936,0.7359042,0.0724481,
1,7,20.461,0.4659872,1.123144,-0.9153296,0.157589,-0.6544936,0.7359042,0.0724481,
1,7,20.463,0.4659872,1.123144,-0.9153296,0.157589,-0.6544936,0.7359042,0.0724481,
1,7,20.465,0.4659872,1.123144,-0.9153296,0.157589,-0.6544936,0.7359042,0.0724481,
1,7,20.467,0.4659872,1.123144,-0.9153296,0.157589,-0.6544936,0.7359042,0.0724481,
1,7,20.469,0.4634603,1.122888,-0.913528,0.1589055,-0.6549747,0.7350312,0.07406941,
1,7,20.471,0.4634603,1.122888,-0.913528,0.1589055,-0.6549747,0.7350312,0.07406941,
1,7,20.473,0.4634603,1.122888,-0.913528,0.1589055,-0.6549747,0.7350312,0.07406941,
1,7,20.475,0.4634603,1.122888,-0.913528,0.1589055,-0.6549747,0.7350312,0.07406941,
1,7,20.477,0.461298,1.123129,-0.9118296,0.1607679,-0.6552413,0.7341877,0.07603288,
1,7,20.479,0.461298,1.123129,-0.9118296,0.1607679,-0.6552413,0.7341877,0.07603288,
1,7,20.481,0.461298,1.123129,-0.9118296,0.1607679,-0.6552413,0.7341877,0.07603288,
1,7,20.483,0.461298,1.123129,-0.9118296,0.1607679,-0.6552413,0.7341877,0.07603288,
1,7,20.485,0.4585178,1.122946,-0.9098672,0.1629661,-0.6558262,0.733005,0.077703,
1,7,20.487,0.4585178,1.122946,-0.9098672,0.1629661,-0.6558262,0.733005,0.077703,
1,7,20.489,0.4585178,1.122946,-0.9098672,0.1629661,-0.6558262,0.733005,0.077703,
1,7,20.491,0.4585178,1.122946,-0.9098672,0.1629661,-0.6558262,0.733005,0.077703,
1,7,20.493,0.4559366,1.122822,-0.9079588,0.1656576,-0.6565371,0.7315817,0.0794026,
1,7,20.495,0.4559366,1.122822,-0.9079588,0.1656576,-0.6565371,0.7315817,0.0794026,
1,7,20.497,0.4559366,1.122822,-0.9079588,0.1656576,-0.6565371,0.7315817,0.0794026,
1,7,20.499,0.4559366,1.122822,-0.9079588,0.1656576,-0.6565371,0.7315817,0.0794026,
1,7,20.501,0.4533258,1.123022,-0.9059249,0.1693229,-0.6571373,0.7300442,0.0808441,
1,7,20.503,0.4533258,1.123022,-0.9059249,0.1693229,-0.6571373,0.7300442,0.0808441,
1,7,20.505,0.4533258,1.123022,-0.9059249,0.1693229,-0.6571373,0.7300442,0.0808441,
1,7,20.507,0.4533258,1.123022,-0.9059249,0.1693229,-0.6571373,0.7300442,0.0808441,
1,7,20.509,0.4509584,1.123021,-0.9039472,0.1735937,-0.6578762,0.728186,0.08251858,
1,7,20.511,0.4509584,1.123021,-0.9039472,0.1735937,-0.6578762,0.728186,0.08251858,
1,7,20.513,0.4509584,1.123021,-0.9039472,0.1735937,-0.6578762,0.728186,0.08251858,
1,7,20.515,0.4509584,1.123021,-0.9039472,0.1735937,-0.6578762,0.728186,0.08251858,
1,7,20.517,0.4509584,1.123021,-0.9039472,0.1735937,-0.6578762,0.728186,0.08251858,
1,7,20.519,0.4486286,1.122858,-0.9019122,0.1787492,-0.6586262,0.726107,0.08383831,
1,7,20.521,0.4486286,1.122858,-0.9019122,0.1787492,-0.6586262,0.726107,0.08383831,
1,7,20.523,0.4486286,1.122858,-0.9019122,0.1787492,-0.6586262,0.726107,0.08383831,
1,7,20.525,0.4486286,1.122858,-0.9019122,0.1787492,-0.6586262,0.726107,0.08383831,
1,7,20.527,0.446442,1.122835,-0.8999379,0.1846263,-0.6591945,0.7239634,0.08516374,
1,7,20.529,0.446442,1.122835,-0.8999379,0.1846263,-0.6591945,0.7239634,0.08516374,
1,7,20.531,0.446442,1.122835,-0.8999379,0.1846263,-0.6591945,0.7239634,0.08516374,
1,7,20.533,0.446442,1.122835,-0.8999379,0.1846263,-0.6591945,0.7239634,0.08516374,
1,7,20.535,0.4431345,1.123439,-0.8973367,0.1926125,-0.6594175,0.721253,0.08867404,
1,7,20.537,0.4431345,1.123439,-0.8973367,0.1926125,-0.6594175,0.721253,0.08867404,
1,7,20.539,0.4431345,1.123439,-0.8973367,0.1926125,-0.6594175,0.721253,0.08867404,
1,7,20.541,0.4431345,1.123439,-0.8973367,0.1926125,-0.6594175,0.721253,0.08867404,
1,7,20.543,0.4409236,1.123706,-0.8955407,0.1982571,-0.6594179,0.7194106,0.09116149,
1,7,20.545,0.4409236,1.123706,-0.8955407,0.1982571,-0.6594179,0.7194106,0.09116149,
1,7,20.547,0.4409236,1.123706,-0.8955407,0.1982571,-0.6594179,0.7194106,0.09116149,
1,7,20.549,0.4409236,1.123706,-0.8955407,0.1982571,-0.6594179,0.7194106,0.09116149,
1,7,20.551,0.4386744,1.123711,-0.8939489,0.2041035,-0.6593891,0.7174858,0.09360433,
1,7,20.553,0.4386744,1.123711,-0.8939489,0.2041035,-0.6593891,0.7174858,0.09360433,
1,7,20.555,0.4386744,1.123711,-0.8939489,0.2041035,-0.6593891,0.7174858,0.09360433,
1,7,20.557,0.4386744,1.123711,-0.8939489,0.2041035,-0.6593891,0.7174858,0.09360433,
1,7,20.559,0.4366521,1.124167,-0.8925197,0.2102401,-0.6590049,0.715723,0.09618798,
1,7,20.561,0.4366521,1.124167,-0.8925197,0.2102401,-0.6590049,0.715723,0.09618798,
1,7,20.563,0.4366521,1.124167,-0.8925197,0.2102401,-0.6590049,0.715723,0.09618798,
1,7,20.565,0.4366521,1.124167,-0.8925197,0.2102401,-0.6590049,0.715723,0.09618798,
1,7,20.567,0.4366521,1.124167,-0.8925197,0.2102401,-0.6590049,0.715723,0.09618798,
1,7,20.569,0.4346267,1.125392,-0.8911648,0.2166909,-0.6579618,0.7144392,0.0985294,
1,7,20.571,0.4346267,1.125392,-0.8911648,0.2166909,-0.6579618,0.7144392,0.0985294,
1,7,20.573,0.4346267,1.125392,-0.8911648,0.2166909,-0.6579618,0.7144392,0.0985294,
1,7,20.575,0.4346267,1.125392,-0.8911648,0.2166909,-0.6579618,0.7144392,0.0985294,
1,7,20.577,0.4325776,1.12593,-0.8897637,0.2231248,-0.657293,0.7127253,0.101014,
1,7,20.579,0.4325776,1.12593,-0.8897637,0.2231248,-0.657293,0.7127253,0.101014,
1,7,20.581,0.4325776,1.12593,-0.8897637,0.2231248,-0.657293,0.7127253,0.101014,
1,7,20.583,0.4325776,1.12593,-0.8897637,0.2231248,-0.657293,0.7127253,0.101014,
1,7,20.585,0.4305485,1.126595,-0.8885208,0.2299223,-0.6566435,0.7108596,0.1031202,
1,7,20.587,0.4305485,1.126595,-0.8885208,0.2299223,-0.6566435,0.7108596,0.1031202,
1,7,20.589,0.4305485,1.126595,-0.8885208,0.2299223,-0.6566435,0.7108596,0.1031202,
1,7,20.591,0.4305485,1.126595,-0.8885208,0.2299223,-0.6566435,0.7108596,0.1031202,
1,7,20.593,0.4280749,1.127258,-0.8871824,0.2363123,-0.6559712,0.7090689,0.1052606,
1,7,20.595,0.4280749,1.127258,-0.8871824,0.2363123,-0.6559712,0.7090689,0.1052606,
1,7,20.597,0.4280749,1.127258,-0.8871824,0.2363123,-0.6559712,0.7090689,0.1052606,
1,7,20.599,0.4280749,1.127258,-0.8871824,0.2363123,-0.6559712,0.7090689,0.1052606,
1,7,20.601,0.4259329,1.127929,-0.8859844,0.2437254,-0.655472,0.7067829,0.1068287,
1,7,20.603,0.4259329,1.127929,-0.8859844,0.2437254,-0.655472,0.7067829,0.1068287,
1,7,20.605,0.4259329,1.127929,-0.8859844,0.2437254,-0.655472,0.7067829,0.1068287,
1,7,20.607,0.4259329,1.127929,-0.8859844,0.2437254,-0.655472,0.7067829,0.1068287,
1,7,20.609,0.4227328,1.128692,-0.8842324,0.2543366,-0.6549633,0.7030766,0.1096332,
1,7,20.611,0.4227328,1.128692,-0.8842324,0.2543366,-0.6549633,0.7030766,0.1096332,
1,7,20.613,0.4227328,1.128692,-0.8842324,0.2543366,-0.6549633,0.7030766,0.1096332,
1,7,20.615,0.4227328,1.128692,-0.8842324,0.2543366,-0.6549633,0.7030766,0.1096332,
1,7,20.617,0.4227328,1.128692,-0.8842324,0.2543366,-0.6549633,0.7030766,0.1096332,
1,7,20.619,0.4208882,1.129032,-0.8832258,0.2611491,-0.6547723,0.7003952,0.1118973,
1,7,20.621,0.4208882,1.129032,-0.8832258,0.2611491,-0.6547723,0.7003952,0.1118973,
1,7,20.623,0.4208882,1.129032,-0.8832258,0.2611491,-0.6547723,0.7003952,0.1118973,
1,7,20.625,0.4208882,1.129032,-0.8832258,0.2611491,-0.6547723,0.7003952,0.1118973,
1,7,20.627,0.4190972,1.129237,-0.8821281,0.2678486,-0.6546006,0.6976497,0.1141942,
1,7,20.629,0.4190972,1.129237,-0.8821281,0.2678486,-0.6546006,0.6976497,0.1141942,
1,7,20.631,0.4190972,1.129237,-0.8821281,0.2678486,-0.6546006,0.6976497,0.1141942,
1,7,20.633,0.4190972,1.129237,-0.8821281,0.2678486,-0.6546006,0.6976497,0.1141942,
1,7,20.635,0.4173066,1.129152,-0.8810689,0.2738111,-0.654507,0.694945,0.1170457,
1,7,20.637,0.4173066,1.129152,-0.8810689,0.2738111,-0.654507,0.694945,0.1170457,
1,7,20.639,0.4173066,1.129152,-0.8810689,0.2738111,-0.654507,0.694945,0.1170457,
1,7,20.641,0.4173066,1.129152,-0.8810689,0.2738111,-0.654507,0.694945,0.1170457,
1,7,20.643,0.4156724,1.129721,-0.8802636,0.2797826,-0.6540774,0.6924941,0.119819,
1,7,20.645,0.4156724,1.129721,-0.8802636,0.2797826,-0.6540774,0.6924941,0.119819,
1,7,20.647,0.4156724,1.129721,-0.8802636,0.2797826,-0.6540774,0.6924941,0.119819,
1,7,20.649,0.4156724,1.129721,-0.8802636,0.2797826,-0.6540774,0.6924941,0.119819,
1,7,20.651,0.4141747,1.129713,-0.8794315,0.2858131,-0.6539645,0.6896789,0.1224106,
1,7,20.653,0.4141747,1.129713,-0.8794315,0.2858131,-0.6539645,0.6896789,0.1224106,
1,7,20.655,0.4141747,1.129713,-0.8794315,0.2858131,-0.6539645,0.6896789,0.1224106,
1,7,20.657,0.4141747,1.129713,-0.8794315,0.2858131,-0.6539645,0.6896789,0.1224106,
1,7,20.659,0.4129004,1.129744,-0.878665,0.2914843,-0.653821,0.6869254,0.1252544,
1,7,20.661,0.4129004,1.129744,-0.878665,0.2914843,-0.653821,0.6869254,0.1252544,
1,7,20.663,0.4129004,1.129744,-0.878665,0.2914843,-0.653821,0.6869254,0.1252544,
1,7,20.665,0.4129004,1.129744,-0.878665,0.2914843,-0.653821,0.6869254,0.1252544,
1,7,20.667,0.4129004,1.129744,-0.878665,0.2914843,-0.653821,0.6869254,0.1252544,
1,7,20.669,0.4113016,1.129675,-0.8777671,0.296495,-0.6537522,0.684357,0.1278833,
1,7,20.671,0.4113016,1.129675,-0.8777671,0.296495,-0.6537522,0.684357,0.1278833,
1,7,20.673,0.4113016,1.129675,-0.8777671,0.296495,-0.6537522,0.684357,0.1278833,
1,7,20.675,0.4113016,1.129675,-0.8777671,0.296495,-0.6537522,0.684357,0.1278833,
1,7,20.677,0.4098427,1.129505,-0.8769023,0.3015535,-0.6537325,0.6817126,0.1302588,
1,7,20.679,0.4098427,1.129505,-0.8769023,0.3015535,-0.6537325,0.6817126,0.1302588,
1,7,20.681,0.4098427,1.129505,-0.8769023,0.3015535,-0.6537325,0.6817126,0.1302588,
1,7,20.683,0.4098427,1.129505,-0.8769023,0.3015535,-0.6537325,0.6817126,0.1302588,
1,7,20.685,0.4082226,1.12905,-0.8756536,0.3093284,-0.6536599,0.677669,0.1334521,
1,7,20.687,0.4082226,1.12905,-0.8756536,0.3093284,-0.6536599,0.677669,0.1334521,
1,7,20.689,0.4082226,1.12905,-0.8756536,0.3093284,-0.6536599,0.677669,0.1334521,
1,7,20.691,0.4082226,1.12905,-0.8756536,0.3093284,-0.6536599,0.677669,0.1334521,
1,7,20.693,0.4072953,1.12877,-0.8748338,0.3147444,-0.6536069,0.6749027,0.1350564,
1,7,20.695,0.4072953,1.12877,-0.8748338,0.3147444,-0.6536069,0.6749027,0.1350564,
1,7,20.697,0.4072953,1.12877,-0.8748338,0.3147444,-0.6536069,0.6749027,0.1350564,
1,7,20.699,0.4072953,1.12877,-0.8748338,0.3147444,-0.6536069,0.6749027,0.1350564,
1,7,20.701,0.4062179,1.128668,-0.8740772,0.3195299,-0.6533265,0.6726155,0.1365779,
1,7,20.703,0.4062179,1.128668,-0.8740772,0.3195299,-0.6533265,0.6726155,0.1365779,
1,7,20.705,0.4062179,1.128668,-0.8740772,0.3195299,-0.6533265,0.6726155,0.1365779,
1,7,20.707,0.4062179,1.128668,-0.8740772,0.3195299,-0.6533265,0.6726155,0.1365779,
1,7,20.709,0.4055982,1.129191,-0.8733631,0.3238117,-0.6524907,0.6709383,0.1387214,
1,7,20.711,0.4055982,1.129191,-0.8733631,0.3238117,-0.6524907,0.6709383,0.1387214,
1,7,20.713,0.4055982,1.129191,-0.8733631,0.3238117,-0.6524907,0.6709383,0.1387214,
1,7,20.715,0.4055982,1.129191,-0.8733631,0.3238117,-0.6524907,0.6709383,0.1387214,
1,7,20.717,0.4055982,1.129191,-0.8733631,0.3238117,-0.6524907,0.6709383,0.1387214,
1,7,20.719,0.4046052,1.129486,-0.8724472,0.3279507,-0.6517336,0.6693932,0.1400159,
1,7,20.721,0.4046052,1.129486,-0.8724472,0.3279507,-0.6517336,0.6693932,0.1400159,
1,7,20.723,0.4046052,1.129486,-0.8724472,0.3279507,-0.6517336,0.6693932,0.1400159,
1,7,20.725,0.4046052,1.129486,-0.8724472,0.3279507,-0.6517336,0.6693932,0.1400159,
1,7,20.727,0.4039673,1.129234,-0.8715684,0.3329657,-0.6513242,0.667264,0.1402479,
1,7,20.729,0.4039673,1.129234,-0.8715684,0.3329657,-0.6513242,0.667264,0.1402479,
1,7,20.731,0.4039673,1.129234,-0.8715684,0.3329657,-0.6513242,0.667264,0.1402479,
1,7,20.733,0.4039673,1.129234,-0.8715684,0.3329657,-0.6513242,0.667264,0.1402479,
1,7,20.735,0.4033422,1.128855,-0.8707522,0.3381568,-0.6509014,0.6651202,0.1399734,
1,7,20.737,0.4033422,1.128855,-0.8707522,0.3381568,-0.6509014,0.6651202,0.1399734,
1,7,20.739,0.4033422,1.128855,-0.8707522,0.3381568,-0.6509014,0.6651202,0.1399734,
1,7,20.741,0.4033422,1.128855,-0.8707522,0.3381568,-0.6509014,0.6651202,0.1399734,
1,7,20.743,0.4031654,1.128508,-0.8699824,0.343493,-0.650322,0.6630399,0.1395422,
1,7,20.745,0.4031654,1.128508,-0.8699824,0.343493,-0.650322,0.6630399,0.1395422,
1,7,20.747,0.4031654,1.128508,-0.8699824,0.343493,-0.650322,0.6630399,0.1395422,
1,7,20.749,0.4031654,1.128508,-0.8699824,0.343493,-0.650322,0.6630399,0.1395422,
1,7,20.751,0.402919,1.128332,-0.869293,0.3484203,-0.6496051,0.6612863,0.1389861,
1,7,20.753,0.402919,1.128332,-0.869293,0.3484203,-0.6496051,0.6612863,0.1389861,
1,7,20.755,0.402919,1.128332,-0.869293,0.3484203,-0.6496051,0.6612863,0.1389861,CourtEnter
1,7,20.757,0.402919,1.128332,-0.869293,0.3484203,-0.6496051,0.6612863,0.1389861,
1,7,20.759,0.4023851,1.128191,-0.8683902,0.3524873,-0.6486295,0.6601869,0.1385128,
1,7,20.761,0.4023851,1.128191,-0.8683902,0.3524873,-0.6486295,0.6601869,0.1385128,
1,7,20.763,0.4023851,1.128191,-0.8683902,0.3524873,-0.6486295,0.6601869,0.1385128,
1,7,20.765,0.4023851,1.128191,-0.8683902,0.3524873,-0.6486295,0.6601869,0.1385128,
1,7,20.767,0.4023851,1.128191,-0.8683902,0.3524873,-0.6486295,0.6601869,0.1385128,CourtExit
1,7,20.769,0.4021976,1.128147,-0.8676498,0.3563721,-0.6474108,0.6593532,0.138245,
1,7,20.771,0.4021976,1.128147,-0.8676498,0.3563721,-0.6474108,0.6593532,0.138245,
1,7,20.773,0.4021976,1.128147,-0.8676498,0.3563721,-0.6474108,0.6593532,0.138245,
1,7,20.775,0.4021976,1.128147,-0.8676498,0.3563721,-0.6474108,0.6593532,0.138245,
1,7,20.777,0.4017909,1.128006,-0.8668325,0.3594446,-0.6460801,0.6590155,0.1381256,
1,7,20.779,0.4017909,1.128006,-0.8668325,0.3594446,-0.6460801,0.6590155,0.1381256,
1,7,20.781,0.4017909,1.128006,-0.8668325,0.3594446,-0.6460801,0.6590155,0.1381256,
1,7,20.783,0.4017909,1.128006,-0.8668325,0.3594446,-0.6460801,0.6590155,0.1381256,
1,7,20.785,0.4009445,1.128062,-0.8658218,0.3616592,-0.6445806,0.6593499,0.1377541,
1,7,20.787,0.4009445,1.128062,-0.8658218,0.3616592,-0.6445806,0.6593499,0.1377541,
1,7,20.789,0.4009445,1.128062,-0.8658218,0.3616592,-0.6445806,0.6593499,0.1377541,
1,7,20.791,0.4009445,1.128062,-0.8658218,0.3616592,-0.6445806,0.6593499,0.1377541,
1,7,20.793,0.4005847,1.127891,-0.8650297,0.3645263,-0.6433622,0.6591401,0.136894,
1,7,20.795,0.4005847,1.127891,-0.8650297,0.3645263,-0.6433622,0.6591401,0.136894,
1,7,20.797,0.4005847,1.127891,-0.8650297,0.3645263,-0.6433622,0.6591401,0.136894,
1,7,20.799,0.4005847,1.127891,-0.8650297,0.3645263,-0.6433622,0.6591401,0.136894,
1,7,20.801,0.3997907,1.127671,-0.8640557,0.3665626,-0.6421292,0.6593919,0.1360304,
1,7,20.803,0.3997907,1.127671,-0.8640557,0.3665626,-0.6421292,0.6593919,0.1360304,
1,7,20.805,0.3997907,1.127671,-0.8640557,0.3665626,-0.6421292,0.6593919,0.1360304,
1,7,20.807,0.3997907,1.127671,-0.8640557,0.3665626,-0.6421292,0.6593919,0.1360304,
1,7,20.809,0.3984491,1.128064,-0.8629771,0.3675861,-0.6405389,0.6605002,0.1353879,
1,7,20.811,0.3984491,1.128064,-0.8629771,0.3675861,-0.6405389,0.6605002,0.1353879,
1,7,20.813,0.3984491,1.128064,-0.8629771,0.3675861,-0.6405389,0.6605002,0.1353879,
1,7,20.815,0.3984491,1.128064,-0.8629771,0.3675861,-0.6405389,0.6605002,0.1353879,
1,7,20.817,0.3984491,1.128064,-0.8629771,0.3675861,-0.6405389,0.6605002,0.1353879,
1,7,20.819,0.3971867,1.128246,-0.8617694,0.3687854,-0.6393468,0.6611899,0.1343911,
1,7,20.821,0.3971867,1.128246,-0.8617694,0.3687854,-0.6393468,0.6611899,0.1343911,
1,7,20.823,0.3971867,1.128246,-0.8617694,0.3687854,-0.6393468,0.6611899,0.1343911,
1,7,20.825,0.3971867,1.128246,-0.8617694,0.3687854,-0.6393468,0.6611899,0.1343911,
1,7,20.827,0.3957956,1.128699,-0.8604168,0.3698603,-0.6381746,0.6619393,0.1333156,
1,7,20.829,0.3957956,1.128699,-0.8604168,0.3698603,-0.6381746,0.6619393,0.1333156,
1,7,20.831,0.3957956,1.128699,-0.8604168,0.3698603,-0.6381746,0.6619393,0.1333156,
1,7,20.833,0.3957956,1.128699,-0.8604168,0.3698603,-0.6381746,0.6619393,0.1333156,
1,7,20.835,0.3940345,1.128974,-0.8588421,0.3700894,-0.6373836,0.6626211,0.1330763,
1,7,20.837,0.3940345,1.128974,-0.8588421,0.3700894,-0.6373836,0.6626211,0.1330763,
1,7,20.839,0.3940345,1.128974,-0.8588421,0.3700894,-0.6373836,0.6626211,0.1330763,
1,7,20.841,0.3940345,1.128974,-0.8588421,0.3700894,-0.6373836,0.6626211,0.1330763,
1,7,20.843,0.3922397,1.129516,-0.8570386,0.370275,-0.6368392,0.6630184,0.1331876,
1,7,20.845,0.3922397,1.129516,-0.8570386,0.370275,-0.6368392,0.6630184,0.1331876,
1,7,20.847,0.3922397,1.129516,-0.8570386,0.370275,-0.6368392,0.6630184,0.1331876,
1,7,20.849,0.3922397,1.129516,-0.8570386,0.370275,-0.6368392,0.6630184,0.1331876,
1,7,20.851,0.3905083,1.129958,-0.8550658,0.3704892,-0.6367151,0.6628758,0.1338936,
1,7,20.853,0.3905083,1.129958,-0.8550658,0.3704892,-0.6367151,0.6628758,0.1338936,
1,7,20.855,0.3905083,1.129958,-0.8550658,0.3704892,-0.6367151,0.6628758,0.1338936,
1,7,20.857,0.3905083,1.129958,-0.8550658,0.3704892,-0.6367151,0.6628758,0.1338936,
1,7,20.859,0.3893718,1.130145,-0.853305,0.3710467,-0.637106,0.6618021,0.1357881,
1,7,20.861,0.3893718,1.130145,-0.853305,0.3710467,-0.637106,0.6618021,0.1357881,
1,7,20.863,0.3893718,1.130145,-0.853305,0.3710467,-0.637106,0.6618021,0.1357881,
1,7,20.865,0.3893718,1.130145,-0.853305,0.3710467,-0.637106,0.6618021,0.1357881,
1,7,20.867,0.3893718,1.130145,-0.853305,0.3710467,-0.637106,0.6618021,0.1357881,
1,7,20.869,0.3884881,1.129869,-0.8514618,0.3722238,-0.6381231,0.6596735,0.1381275,
1,7,20.871,0.3884881,1.129869,-0.8514618,0.3722238,-0.6381231,0.6596735,0.1381275,
1,7,20.873,0.3884881,1.129869,-0.8514618,0.3722238,-0.6381231,0.6596735,0.1381275,
1,7,20.875,0.3884881,1.129869,-0.8514618,0.3722238,-0.6381231,0.6596735,0.1381275,
1,7,20.877,0.3880349,1.12969,-0.8499605,0.3738701,-0.6391407,0.657045,0.1414642,
1,7,20.879,0.3880349,1.12969,-0.8499605,0.3738701,-0.6391407,0.657045,0.1414642,
1,7,20.881,0.3880349,1.12969,-0.8499605,0.3738701,-0.6391407,0.657045,0.1414642,
1,7,20.883,0.3880349,1.12969,-0.8499605,0.3738701,-0.6391407,0.657045,0.1414642,
1,7,20.885,0.3878392,1.129406,-0.8484661,0.3761238,-0.6404544,0.6536686,0.1451431,
1,7,20.887,0.3878392,1.129406,-0.8484661,0.3761238,-0.6404544,0.6536686,0.1451431,
1,7,20.889,0.3878392,1.129406,-0.8484661,0.3761238,-0.6404544,0.6536686,0.1451431,
1,7,20.891,0.3878392,1.129406,-0.8484661,0.3761238,-0.6404544,0.6536686,0.1451431,
1,7,20.893,0.3879363,1.128728,-0.8473053,0.379199,-0.6420755,0.6494272,0.148968,
1,7,20.895,0.3879363,1.128728,-0.8473053,0.379199,-0.6420755,0.6494272,0.148968,
1,7,20.897,0.3879363,1.128728,-0.8473053,0.379199,-0.6420755,0.6494272,0.148968,
1,7,20.899,0.3879363,1.128728,-0.8473053,0.379199,-0.6420755,0.6494272,0.148968,
1,7,20.901,0.3878659,1.128523,-0.8463756,0.3826676,-0.6432708,0.6452972,0.1528392,
1,7,20.903,0.3878659,1.128523,-0.8463756,0.3826676,-0.6432708,0.6452972,0.1528392,
1,7,20.905,0.3878659,1.128523,-0.8463756,0.3826676,-0.6432708,0.6452972,0.1528392,
1,7,20.907,0.3878659,1.128523,-0.8463756,0.3826676,-0.6432708,0.6452972,0.1528392,
1,7,20.909,0.3878466,1.128426,-0.8454977,0.3867818,-0.6443415,0.6409509,0.1562236,
1,7,20.911,0.3878466,1.128426,-0.8454977,0.3867818,-0.6443415,0.6409509,0.1562236,
1,7,20.913,0.3878466,1.128426,-0.8454977,0.3867818,-0.6443415,0.6409509,0.1562236,
1,7,20.915,0.3878466,1.128426,-0.8454977,0.3867818,-0.6443415,0.6409509,0.1562236,
1,7,20.917,0.3878466,1.128426,-0.8454977,0.3867818,-0.6443415,0.6409509,0.1562236,
1,7,20.919,0.3878373,1.128178,-0.8449241,0.3914413,-0.645424,0.6362478,0.1593433,
1,7,20.921,0.3878373,1.128178,-0.8449241,0.3914413,-0.645424,0.6362478,0.1593433,
1,7,20.923,0.3878373,1.128178,-0.8449241,0.3914413,-0.645424,0.6362478,0.1593433,
1,7,20.925,0.3878373,1.128178,-0.8449241,0.3914413,-0.645424,0.6362478,0.1593433,
1,7,20.927,0.3877647,1.128389,-0.8444988,0.3965447,-0.6460136,0.6318047,0.1619924,
1,7,20.929,0.3877647,1.128389,-0.8444988,0.3965447,-0.6460136,0.6318047,0.1619924,
1,7,20.931,0.3877647,1.128389,-0.8444988,0.3965447,-0.6460136,0.6318047,0.1619924,
1,7,20.933,0.3877647,1.128389,-0.8444988,0.3965447,-0.6460136,0.6318047,0.1619924,
1,7,20.935,0.3875927,1.128712,-0.8442761,0.402172,-0.6464518,0.627296,0.163883,
1,7,20.937,0.3875927,1.128712,-0.8442761,0.402172,-0.6464518,0.627296,0.163883,
1,7,20.939,0.3875927,1.128712,-0.8442761,0.402172,-0.6464518,0.627296,0.163883,
1,7,20.941,0.3875927,1.128712,-0.8442761,0.402172,-0.6464518,0.627296,0.163883,
1,7,20.943,0.3872069,1.12871,-0.8439392,0.4078659,-0.6471303,0.622615,0.1649801,
1,7,20.945,0.3872069,1.12871,-0.8439392,0.4078659,-0.6471303,0.622615,0.1649801,
1,7,20.947,0.3872069,1.12871,-0.8439392,0.4078659,-0.6471303,0.622615,0.1649801,
1,7,20.949,0.3872069,1.12871,-0.8439392,0.4078659,-0.6471303,0.622615,0.1649801,
1,7,20.951,0.3867696,1.128815,-0.8436145,0.4138475,-0.6475914,0.6180435,0.1654626,
1,7,20.953,0.3867696,1.128815,-0.8436145,0.4138475,-0.6475914,0.6180435,0.1654626,
1,7,20.955,0.3867696,1.128815,-0.8436145,0.4138475,-0.6475914,0.6180435,0.1654626,
1,7,20.957,0.3867696,1.128815,-0.8436145,0.4138475,-0.6475914,0.6180435,0.1654626,
1,7,20.959,0.3859481,1.129513,-0.8430574,0.4194394,-0.6475366,0.6142899,0.1655741,
1,7,20.961,0.3859481,1.129513,-0.8430574,0.4194394,-0.6475366,0.6142899,0.1655741,
1,7,20.963,0.3859481,1.129513,-0.8430574,0.4194394,-0.6475366,0.6142899,0.1655741,
1,7,20.965,0.3859481,1.129513,-0.8430574,0.4194394,-0.6475366,0.6142899,0.1655741,
1,7,20.967,0.3859481,1.129513,-0.8430574,0.4194394,-0.6475366,0.6142899,0.1655741,
1,7,20.969,0.3850991,1.130371,-0.8425059,0.4245929,-0.6471715,0.6110984,0.1656765,
1,7,20.971,0.3850991,1.130371,-0.8425059,0.4245929,-0.6471715,0.6110984,0.1656765,
1,7,20.973,0.3850991,1.130371,-0.8425059,0.4245929,-0.6471715,0.6110984,0.1656765,
1,7,20.975,0.3850991,1.130371,-0.8425059,0.4245929,-0.6471715,0.6110984,0.1656765,
1,7,20.977,0.3844832,1.130192,-0.8420039,0.4297729,-0.6474754,0.6072643,0.1652306,
1,7,20.979,0.3844832,1.130192,-0.8420039,0.4297729,-0.6474754,0.6072643,0.1652306,
1,7,20.981,0.3844832,1.130192,-0.8420039,0.4297729,-0.6474754,0.6072643,0.1652306,
1,7,20.983,0.3844832,1.130192,-0.8420039,0.4297729,-0.6474754,0.6072643,0.1652306,
1,7,20.985,0.3836234,1.130652,-0.8412132,0.4341134,-0.6469589,0.6046965,0.1653234,
1,7,20.987,0.3836234,1.130652,-0.8412132,0.4341134,-0.6469589,0.6046965,0.1653234,
1,7,20.989,0.3836234,1.130652,-0.8412132,0.4341134,-0.6469589,0.6046965,0.1653234,
1,7,20.991,0.3836234,1.130652,-0.8412132,0.4341134,-0.6469589,0.6046965,0.1653234,
1,7,20.993,0.3827457,1.131164,-0.8404417,0.4375518,-0.6460987,0.6029588,0.1659687,
1,7,20.995,0.3827457,1.131164,-0.8404417,0.4375518,-0.6460987,0.6029588,0.1659687,
1,7,20.997,0.3827457,1.131164,-0.8404417,0.4375518,-0.6460987,0.6029588,0.1659687,
1,7,20.999,0.3827457,1.131164,-0.8404417,0.4375518,-0.6460987,0.6029588,0.1659687,
1,8,21.001,0.3822169,1.130955,-0.8396353,0.4407473,-0.6455482,0.6010833,0.1664575,TrialStart
1,8,21.003,0.3822169,1.130955,-0.8396353,0.4407473,-0.6455482,0.6010833,0.1664575,
1,8,21.005,0.3822169,1.130955,-0.8396353,0.4407473,-0.6455482,0.6010833,0.1664575,
1,8,21.007,0.3822169,1.130955,-0.8396353,0.4407473,-0.6455482,0.6010833,0.1664575,
1,8,21.009,0.3816307,1.131219,-0.8388335,0.4432854,-0.6442266,0.6003447,0.1675006,
1,8,21.011,0.3816307,1.131219,-0.8388335,0.4432854,-0.6442266,0.6003447,0.1675006,
1,8,21.013,0.3816307,1.131219,-0.8388335,0.4432854,-0.6442266,0.6003447,0.1675006,
1,8,21.015,0.3816307,1.131219,-0.8388335,0.4432854,-0.6442266,0.6003447,0.1675006,
1,8,21.017,0.3816307,1.131219,-0.8388335,0.4432854,-0.6442266,0.6003447,0.1675006,
1,8,21.019,0.3809951,1.130863,-0.83787,0.4450532,-0.6432152,0.5998126,0.1686025,
1,8,21.021,0.3809951,1.130863,-0.83787,0.4450532,-0.6432152,0.5998126,0.1686025,
1,8,21.023,0.3809951,1.130863,-0.83787,0.4450532,-0.6432152,0.5998126,0.1686025,
1,8,21.025,0.3809951,1.130863,-0.83787,0.4450532,-0.6432152,0.5998126,0.1686025,
1,8,21.027,0.3806029,1.130349,-0.8370296,0.4475392,-0.6422361,0.5989492,0.1688238,
1,8,21.029,0.3806029,1.130349,-0.8370296,0.4475392,-0.6422361,0.5989492,0.1688238,
1,8,21.031,0.3806029,1.130349,-0.8370296,0.4475392,-0.6422361,0.5989492,0.1688238,
1,8,21.033,0.3806029,1.130349,-0.8370296,0.4475392,-0.6422361,0.5989492,0.1688238,
1,8,21.035,0.3797264,1.130024,-0.8360059,0.4491719,-0.6411001,0.5988653,0.1691026,
1,8,21.037,0.3797264,1.130024,-0.8360059,0.4491719,-0.6411001,0.5988653,0.1691026,
1,8,21.039,0.3797264,1.130024,-0.8360059,0.4491719,-0.6411001,0.5988653,0.1691026,
1,8,21.041,0.3797264,1.130024,-0.8360059,0.4491719,-0.6411001,0.5988653,0.1691026,
1,8,21.043,0.3794931,1.129484,-0.8351619,0.4512669,-0.6398081,0.59859,0.1693927,
1,8,21.045,0.3794931,1.129484,-0.8351619,0.4512669,-0.6398081,0.59859,0.1693927,
1,8,21.047,0.3794931,1.129484,-0.8351619,0.4512669,-0.6398081,0.59859,0.1693927,
1,8,21.049,0.3794931,1.129484,-0.8351619,0.4512669,-0.6398081,0.59859,0.1693927,
1,8,21.051,0.378948,1.12867,-0.8341258,0.4527213,-0.6387085,0.598636,0.169499,
1,8,21.053,0.378948,1.12867,-0.8341258,0.4527213,-0.6387085,0.598636,0.169499,
1,8,21.055,0.378948,1.12867,-0.8341258,0.4527213,-0.6387085,0.598636,0.169499,
1,8,21.057,0.378948,1.12867,-0.8341258,0.4527213,-0.6387085,0.598636,0.169499,
1,8,21.059,0.37856,1.128103,-0.8332758,0.4542558,-0.6371479,0.5990591,0.1697721,
1,8,21.061,0.37856,1.128103,-0.8332758,0.4542558,-0.6371479,0.5990591,0.1697721,
1,8,21.063,0.37856,1.128103,-0.8332758,0.4542558,-0.6371479,0.5990591,0.1697721,
1,8,21.065,0.37856,1.128103,-0.8332758,0.4542558,-0.6371479,0.5990591,0.1697721,
1,8,21.067,0.37856,1.128103,-0.8332758,0.4542558,-0.6371479,0.5990591,0.1697721,
1,8,21.069,0.3783145,1.127385,-0.8323881,0.4554899,-0.6357431,0.5995674,0.1699373,
1,8,21.071,0.3783145,1.127385,-0.8323881,0.4554899,-0.6357431,0.5995674,0.1699373,
1,8,21.073,0.3783145,1.127385,-0.8323881,0.4554899,-0.6357431,0.5995674,0.1699373,
1,8,21.075,0.3783145,1.127385,-0.8323881,0.4554899,-0.6357431,0.5995674,0.1699373,
1,8,21.077,0.3782424,1.126269,-0.831589,0.4565272,-0.6343004,0.600154,0.1704734,
1,8,21.079,0.3782424,1.126269,-0.831589,0.4565272,-0.6343004,0.600154,0.1704734,
1,8,21.081,0.3782424,1.126269,-0.831589,0.4565272,-0.6343004,0.600154,0.1704734,
1,8,21.083,0.3782424,1.126269,-0.831589,0.4565272,-0.6343004,0.600154,0.1704734,
1,8,21.085,0.377936,1.125781,-0.8307402,0.4577426,-0.63252,0.6011199,0.1704263,
1,8,21.087,0.377936,1.125781,-0.8307402,0.4577426,-0.63252,0.6011199,0.1704263,
1,8,21.089,0.377936,1.125781,-0.8307402,0.4577426,-0.63252,0.6011199,0.1704263,
1,8,21.091,0.377936,1.125781,-0.8307402,0.4577426,-0.63252,0.6011199,0.1704263,
1,8,21.093,0.3779529,1.125405,-0.8300552,0.4588896,-0.6305124,0.6022971,0.1706247,
1,8,21.095,0.3779529,1.125405,-0.8300552,0.4588896,-0.6305124,0.6022971,0.1706247,
1,8,21.097,0.3779529,1.125405,-0.8300552,0.4588896,-0.6305124,0.6022971,0.1706247,
1,8,21.099,0.3779529,1.125405,-0.8300552,0.4588896,-0.6305124,0.6022971,0.1706247,
1,8,21.101,0.3778869,1.12457,-0.8293311,0.4600463,-0.6289955,0.6030829,0.1703323,
1,8,21.103,0.3778869,1.12457,-0.8293311,0.4600463,-0.6289955,0.6030829,0.1703323,
1,8,21.105,0.3778869,1.12457,-0.8293311,0.4600463,-0.6289955,0.6030829,0.1703323,
1,8,21.107,0.3778869,1.12457,-0.8293311,0.4600463,-0.6289955,0.6030829,0.1703323,
1,8,21.109,0.3778161,1.124111,-0.8286453,0.4613112,-0.6272203,0.604091,0.1698845,
1,8,21.111,0.3778161,1.124111,-0.8286453,0.4613112,-0.6272203,0.604091,0.1698845,
1,8,21.113,0.3778161,1.124111,-0.8286453,0.4613112,-0.6272203,0.604091,0.1698845,
1,8,21.115,0.3778161,1.124111,-0.8286453,0.4613112,-0.6272203,0.604091,0.1698845,
1,8,21.117,0.3778161,1.124111,-0.8286453,0.4613112,-0.6272203,0.604091,0.1698845,
1,8,21.119,0.377943,1.123875,-0.8281744,0.4628024,-0.625323,0.6050693,0.1693407,
1,8,21.121,0.377943,1.123875,-0.8281744,0.4628024,-0.625323,0.6050693,0.1693407,
1,8,21.123,0.377943,1.123875,-0.8281744,0.4628024,-0.625323,0.6050693,0.1693407,
1,8,21.125,0.377943,1.123875,-0.8281744,0.4628024,-0.625323,0.6050693,0.1693407,
1,8,21.127,0.3779929,1.123241,-0.8275865,0.464306,-0.6238761,0.6057153,0.1682488,
1,8,21.129,0.3779929,1.123241,-0.8275865,0.464306,-0.6238761,0.6057153,0.1682488,
1,8,21.131,0.3779929,1.123241,-0.8275865,0.464306,-0.6238761,0.6057153,0.1682488,
1,8,21.133,0.3779929,1.123241,-0.8275865,0.464306,-0.6238761,0.6057153,0.1682488,
1,8,21.135,0.3780835,1.123155,-0.8271381,0.4657097,-0.6220945,0.6066781,0.167495,
1,8,21.137,0.3780835,1.123155,-0.8271381,0.4657097,-0.6220945,0.6066781,0.167495,
1,8,21.139,0.3780835,1.123155,-0.8271381,0.4657097,-0.6220945,0.6066781,0.167495,
1,8,21.141,0.3780835,1.123155,-0.8271381,0.4657097,-0.6220945,0.6066781,0.167495,
1,8,21.143,0.378241,1.12294,-0.8266475,0.4670124,-0.6205864,0.6075102,0.1664435,
1,8,21.145,0.378241,1.12294,-0.8266475,0.4670124,-0.6205864,0.6075102,0.1664435,
1,8,21.147,0.378241,1.12294,-0.8266475,0.4670124,-0.6205864,0.6075102,0.1664435,
1,8,21.149,0.378241,1.12294,-0.8266475,0.4670124,-0.6205864,0.6075102,0.1664435,
1,8,21.151,0.37858,1.122434,-0.8262575,0.4682251,-0.619423,0.6080386,0.1654375,
1,8,21.153,0.37858,1.122434,-0.8262575,0.4682251,-0.619423,0.6080386,0.1654375,
1,8,21.155,0.37858,1.122434,-0.8262575,0.4682251,-0.619423,0.6080386,0.1654375,
1,8,21.157,0.37858,1.122434,-0.8262575,0.4682251,-0.619423,0.6080386,0.1654375,
1,8,21.159,0.3785658,1.122213,-0.8255634,0.4687284,-0.6182858,0.6090637,0.1644923,
1,8,21.161,0.3785658,1.122213,-0.8255634,0.4687284,-0.6182858,0.6090637,0.1644923,
1,8,21.163,0.3785658,1.122213,-0.8255634,0.4687284,-0.6182858,0.6090637,0.1644923,
1,8,21.165,0.3785658,1.122213,-0.8255634,0.4687284,-0.6182858,0.6090637,0.1644923,
1,8,21.167,0.3785658,1.122213,-0.8255634,0.4687284,-0.6182858,0.6090637,0.1644923,
1,8,21.169,0.378817,1.122089,-0.8251342,0.4696516,-0.6170831,0.6098551,0.1634403,
1,8,21.171,0.378817,1.122089,-0.8251342,0.4696516,-0.6170831,0.6098551,0.1634403,
1,8,21.173,0.378817,1.122089,-0.8251342,0.4696516,-0.6170831,0.6098551,0.1634403,
1,8,21.175,0.378817,1.122089,-0.8251342,0.4696516,-0.6170831,0.6098551,0.1634403,
1,8,21.177,0.3790931,1.121881,-0.8247093,0.4704214,-0.616338,0.6103229,0.1622878,
1,8,21.179,0.3790931,1.121881,-0.8247093,0.4704214,-0.616338,0.6103229,0.1622878,
1,8,21.181,0.3790931,1.121881,-0.8247093,0.4704214,-0.616338,0.6103229,0.1622878,
1,8,21.183,0.3790931,1.121881,-0.8247093,0.4704214,-0.616338,0.6103229,0.1622878,
1,8,21.185,0.3799181,1.120769,-0.8244648,0.4709667,-0.6162821,0.610166,0.1615063,
1,8,21.187,0.3799181,1.120769,-0.8244648,0.4709667,-0.6162821,0.610166,0.1615063,
1,8,21.189,0.3799181,1.120769,-0.8244648,0.4709667,-0.6162821,0.610166,0.1615063,
1,8,21.191,0.3799181,1.120769,-0.8244648,0.4709667,-0.6162821,0.610166,0.1615063,
1,8,21.193,0.380425,1.120082,-0.8239887,0.4713536,-0.6161168,0.6102817,0.1605684,
1,8,21.195,0.380425,1.120082,-0.8239887,0.4713536,-0.6161168,0.6102817,0.1605684,
1,8,21.197,0.380425,1.120082,-0.8239887,0.4713536,-0.6161168,0.6102817,0.1605684,
1,8,21.199,0.380425,1.120082,-0.8239887,0.4713536,-0.6161168,0.6102817,0.1605684,
1,8,21.201,0.3804499,1.119936,-0.8233187,0.4712202,-0.6157791,0.6109605,0.1596714,
1,8,21.203,0.3804499,1.119936,-0.8233187,0.4712202,-0.6157791,0.6109605,0.1596714,
1,8,21.205,0.3804499,1.119936,-0.8233187,0.4712202,-0.6157791,0.6109605,0.1596714,
1,8,21.207,0.3804499,1.119936,-0.8233187,0.4712202,-0.6157791,0.6109605,0.1596714,
1,8,21.209,0.3807022,1.119488,-0.8226722,0.4705959,-0.6155793,0.611729,0.1593402,
1,8,21.211,0.3807022,1.119488,-0.8226722,0.4705959,-0.6155793,0.611729,0.1593402,
1,8,21.213,0.3807022,1.119488,-0.8226722,0.4705959,-0.6155793,0.611729,0.1593402,
1,8,21.215,0.3807022,1.119488,-0.8226722,0.4705959,-0.6155793,0.611729,0.1593402,
1,8,21.217,0.3807022,1.119488,-0.8226722,0.4705959,-0.6155793,0.611729,0.1593402,
1,8,21.219,0.3809958,1.119014,-0.8220761,0.469599,-0.6154206,0.6126534,0.1593428,
1,8,21.221,0.3809958,1.119014,-0.8220761,0.469599,-0.6154206,0.6126534,0.1593428,
1,8,21.223,0.3809958,1.119014,-0.8220761,0.469599,-0.6154206,0.6126534,0.1593428,
1,8,21.225,0.3809958,1.119014,-0.8220761,0.469599,-0.6154206,0.6126534,0.1593428,
1,8,21.227,0.3812447,1.11839,-0.821391,0.4680962,-0.615413,0.6137273,0.1596614,
1,8,21.229,0.3812447,1.11839,-0.821391,0.4680962,-0.615413,0.6137273,0.1596614,
1,8,21.231,0.3812447,1.11839,-0.821391,0.4680962,-0.615413,0.6137273,0.1596614,
1,8,21.233,0.3812447,1.11839,-0.821391,0.4680962,-0.615413,0.6137273,0.1596614,
1,8,21.235,0.3814478,1.117653,-0.8206733,0.4662122,-0.615485,0.6149478,0.1601987,
1,8,21.237,0.3814478,1.117653,-0.8206733,0.4662122,-0.615485,0.6149478,0.1601987,
1,8,21.239,0.3814478,1.117653,-0.8206733,0.4662122,-0.615485,0.6149478,0.1601987,
1,8,21.241,0.3814478,1.117653,-0.8206733,0.4662122,-0.615485,0.6149478,0.1601987,
1,8,21.243,0.3817394,1.116849,-0.8200257,0.4641136,-0.6155363,0.6162821,0.1609661,
1,8,21.245,0.3817394,1.116849,-0.8200257,0.4641136,-0.6155363,0.6162821,0.1609661,
1,8,21.247,0.3817394,1.116849,-0.8200257,0.4641136,-0.6155363,0.6162821,0.1609661,
1,8,21.249,0.3817394,1.116849,-0.8200257,0.4641136,-0.6155363,0.6162821,0.1609661,
1,8,21.251,0.3817919,1.116226,-0.8192711,0.4617995,-0.6154229,0.6179112,0.1618077,
1,8,21.253,0.3817919,1.116226,-0.8192711,0.4617995,-0.6154229,0.6179112,0.1618077,
1,8,21.255,0.3817919,1.116226,-0.8192711,0.4617995,-0.6154229,0.6179112,0.1618077,
1,8,21.257,0.3817919,1.116226,-0.8192711,0.4617995,-0.6154229,0.6179112,0.1618077,
1,8,21.259,0.3815746,1.115907,-0.8184837,0.4594631,-0.6150424,0.6198306,0.1625625,
1,8,21.261,0.3815746,1.115907,-0.8184837,0.4594631,-0.6150424,0.6198306,0.1625625,
1,8,21.263,0.3815746,1.115907,-0.8184837,0.4594631,-0.6150424,0.6198306,0.1625625,
1,8,21.265,0.3815746,1.115907,-0.8184837,0.4594631,-0.6150424,0.6198306,0.1625625,
1,8,21.267,0.3815746,1.115907,-0.8184837,0.4594631,-0.6150424,0.6198306,0.1625625,
1,8,21.269,0.3818261,1.115049,-0.8180542,0.4573699,-0.6148648,0.6212933,0.1635503,
1,8,21.271,0.3818261,1.115049,-0.8180542,0.4573699,-0.6148648,0.6212933,0.1635503,
1,8,21.273,0.3818261,1.115049,-0.8180542,0.4573699,-0.6148648,0.6212933,0.1635503,
1,8,21.275,0.3818261,1.115049,-0.8180542,0.4573699,-0.6148648,0.6212933,0.1635503,
1,8,21.277,0.3823582,1.113961,-0.8179207,0.4557608,-0.6148372,0.6222551,0.1644871,
1,8,21.279,0.3823582,1.113961,-0.8179207,0.4557608,-0.6148372,0.6222551,0.1644871,
1,8,21.281,0.3823582,1.113961,-0.8179207,0.4557608,-0.6148372,0.6222551,0.1644871,
1,8,21.283,0.3823582,1.113961,-0.8179207,0.4557608,-0.6148372,0.6222551,0.1644871,
1,8,21.285,0.3824873,1.113564,-0.8176876,0.4546493,-0.6143755,0.6234551,0.1647441,
1,8,21.287,0.3824873,1.113564,-0.8176876,0.4546493,-0.6143755,0.6234551,0.1647441,
1,8,21.289,0.3824873,1.113564,-0.8176876,0.4546493,-0.6143755,0.6234551,0.1647441,
1,8,21.291,0.3824873,1.113564,-0.8176876,0.4546493,-0.6143755,0.6234551,0.1647441,
1,8,21.293,0.3827957,1.113453,-0.817645,0.4542138,-0.61373,0.624447,0.1645942,
1,8,21.295,0.3827957,1.113453,-0.817645,0.4542138,-0.61373,0.624447,0.1645942,
1,8,21.297,0.3827957,1.113453,-0.817645,0.4542138,-0.61373,0.624447,0.1645942,
1,8,21.299,0.3827957,1.113453,-0.817645,0.4542138,-0.61373,0.624447,0.1645942,
1,8,21.301,0.3830322,1.113499,-0.8177598,0.4542451,-0.6130453,0.6252332,0.1640741,
1,8,21.303,0.3830322,1.113499,-0.8177598,0.4542451,-0.6130453,0.6252332,0.1640741,
1,8,21.305,0.3830322,1.113499,-0.8177598,0.4542451,-0.6130453,0.6252332,0.1640741,
1,8,21.307,0.3830322,1.113499,-0.8177598,0.4542451,-0.6130453,0.6252332,0.1640741,
1,8,21.309,0.3834368,1.113523,-0.8179548,0.4548759,-0.6123885,0.6256527,0.1631777,
1,8,21.311,0.3834368,1.113523,-0.8179548,0.4548759,-0.6123885,0.6256527,0.1631777,
1,8,21.313,0.3834368,1.113523,-0.8179548,0.4548759,-0.6123885,0.6256527,0.1631777,
1,8,21.315,0.3834368,1.113523,-0.8179548,0.4548759,-0.6123885,0.6256527,0.1631777,
1,8,21.317,0.3834368,1.113523,-0.8179548,0.4548759,-0.6123885,0.6256527,0.1631777,
1,8,21.319,0.3841976,1.112991,-0.8183975,0.4560241,-0.6121835,0.6253221,0.1620056,
1,8,21.321,0.3841976,1.112991,-0.8183975,0.4560241,-0.6121835,0.6253221,0.1620056,
1,8,21.323,0.3841976,1.112991,-0.8183975,0.4560241,-0.6121835,0.6253221,0.1620056,
1,8,21.325,0.3841976,1.112991,-0.8183975,0.4560241,-0.6121835,0.6253221,0.1620056,
1,8,21.327,0.384488,1.113024,-0.8186747,0.4571845,-0.6117451,0.6252859,0.1605236,
1,8,21.329,0.384488,1.113024,-0.8186747,0.4571845,-0.6117451,0.6252859,0.1605236,
1,8,21.331,0.384488,1.113024,-0.8186747,0.4571845,-0.6117451,0.6252859,0.1605236,
1,8,21.333,0.384488,1.113024,-0.8186747,0.4571845,-0.6117451,0.6252859,0.1605236,
1,8,21.335,0.3846858,1.113477,-0.8189117,0.4584837,-0.6110685,0.6254341,0.1588095,
1,8,21.337,0.3846858,1.113477,-0.8189117,0.4584837,-0.6110685,0.6254341,0.1588095,
1,8,21.339,0.3846858,1.113477,-0.8189117,0.4584837,-0.6110685,0.6254341,0.1588095,
1,8,21.341,0.3846858,1.113477,-0.8189117,0.4584837,-0.6110685,0.6254341,0.1588095,
1,8,21.343,0.3847097,1.114071,-0.8191367,0.459466,-0.6103292,0.6258146,0.157307,
1,8,21.345,0.3847097,1.114071,-0.8191367,0.459466,-0.6103292,0.6258146,0.157307,
1,8,21.347,0.3847097,1.114071,-0.8191367,0.459466,-0.6103292,0.6258146,0.157307,
1,8,21.349,0.3847097,1.114071,-0.8191367,0.459466,-0.6103292,0.6258146,0.157307,
1,8,21.351,0.3847795,1.114431,-0.8194031,0.4601204,-0.6098313,0.6261192,0.1561087,
1,8,21.353,0.3847795,1.114431,-0.8194031,0.4601204,-0.6098313,0.6261192,0.1561087,
1,8,21.355,0.3847795,1.114431,-0.8194031,0.4601204,-0.6098313,0.6261192,0.1561087,
1,8,21.357,0.3847795,1.114431,-0.8194031,0.4601204,-0.6098313,0.6261192,0.1561087,
1,8,21.359,0.3848927,1.114752,-0.8196246,0.4605819,-0.6094176,0.6264225,0.1551431,
1,8,21.361,0.3848927,1.114752,-0.8196246,0.4605819,-0.6094176,0.6264225,0.1551431,
1,8,21.363,0.3848927,1.114752,-0.8196246,0.4605819,-0.6094176,0.6264225,0.1551431,
1,8,21.365,0.3848927,1.114752,-0.8196246,0.4605819,-0.6094176,0.6264225,0.1551431,
1,8,21.367,0.3848927,1.114752,-0.8196246,0.4605819,-0.6094176,0.6264225,0.1551431,
1,8,21.369,0.3850477,1.11501,-0.8198595,0.4607083,-0.609123,0.6267692,0.1545232,
1,8,21.371,0.3850477,1.11501,-0.8198595,0.4607083,-0.609123,0.6267692,0.1545232,
1,8,21.373,0.3850477,1.11501,-0.8198595,0.4607083,-0.609123,0.6267692,0.1545232,
1,8,21.375,0.3850477,1.11501,-0.8198595,0.4607083,-0.609123,0.6267692,0.1545232,
1,8,21.377,0.3851025,1.115329,-0.8200085,0.460456,-0.6088775,0.6272755,0.1541881,
1,8,21.379,0.3851025,1.115329,-0.8200085,0.460456,-0.6088775,0.6272755,0.1541881,
1,8,21.381,0.3851025,1.115329,-0.8200085,0.460456,-0.6088775,0.6272755,0.1541881,
1,8,21.383,0.3851025,1.115329,-0.8200085,0.460456,-0.6088775,0.6272755,0.1541881,
1,8,21.385,0.3851709,1.115536,-0.8201212,0.4598649,-0.6087812,0.627808,0.1541651,
1,8,21.387,0.3851709,1.115536,-0.8201212,0.4598649,-0.6087812,0.627808,0.1541651,
1,8,21.389,0.3851709,1.115536,-0.8201212,0.4598649,-0.6087812,0.627808,0.1541651,
1,8,21.391,0.3851709,1.115536,-0.8201212,0.4598649,-0.6087812,0.627808,0.1541651,
1,8,21.393,0.3852089,1.115627,-0.8201959,0.4590256,-0.6088229,0.6283327,0.1543636,
1,8,21.395,0.3852089,1.115627,-0.8201959,0.4590256,-0.6088229,0.6283327,0.1543636,
1,8,21.397,0.3852089,1.115627,-0.8201959,0.4590256,-0.6088229,0.6283327,0.1543636,
1,8,21.399,0.3852089,1.115627,-0.8201959,0.4590256,-0.6088229,0.6283327,0.1543636,
1,8,21.401,0.3852813,1.115682,-0.8201967,0.4582108,-0.6089853,0.6287366,0.1544994,
1,8,21.403,0.3852813,1.115682,-0.8201967,0.4582108,-0.6089853,0.6287366,0.1544994,
1,8,21.405,0.3852813,1.115682,-0.8201967,0.4582108,-0.6089853,0.6287366,0.1544994,
1,8,21.407,0.3852813,1.115682,-0.8201967,0.4582108,-0.6089853,0.6287366,0.1544994,
1,8,21.409,0.3853151,1.115985,-0.8202424,0.4575719,-0.608982,0.6291693,0.1546444,
1,8,21.411,0.3853151,1.115985,-0.8202424,0.4575719,-0.608982,0.6291693,0.1546444,
1,8,21.413,0.3853151,1.115985,-0.8202424,0.4575719,-0.608982,0.6291693,0.1546444,
1,8,21.415,0.3853151,1.115985,-0.8202424,0.4575719,-0.608982,0.6291693,0.1546444,
1,8,21.417,0.3853151,1.115985,-0.8202424,0.4575719,-0.608982,0.6291693,0.1546444,
1,8,21.419,0.385382,1.115939,-0.8203142,0.4568818,-0.6093588,0.6292537,0.1548569,
1,8,21.421,0.385382,1.115939,-0.8203142,0.4568818,-0.6093588,0.6292537,0.1548569,
1,8,21.423,0.385382,1.115939,-0.8203142,0.4568818,-0.6093588,0.6292537,0.1548569,
1,8,21.425,0.385382,1.115939,-0.8203142,0.4568818,-0.6093588,0.6292537,0.1548569,
1,8,21.427,0.3855847,1.116289,-0.8206056,0.4569355,-0.6095517,0.6290547,0.1547481,
1,8,21.429,0.3855847,1.116289,-0.8206056,0.4569355,-0.6095517,0.6290547,0.1547481,
1,8,21.431,0.3855847,1.116289,-0.8206056,0.4569355,-0.6095517,0.6290547,0.1547481,
1,8,21.433,0.3855847,1.116289,-0.8206056,0.4569355,-0.6095517,0.6290547,0.1547481,
1,8,21.435,0.3857843,1.116536,-0.8207196,0.4571053,-0.6098231,0.6287287,0.1545018,
1,8,21.437,0.3857843,1.116536,-0.8207196,0.4571053,-0.6098231,0.6287287,0.1545018,
1,8,21.439,0.3857843,1.116536,-0.8207196,0.4571053,-0.6098231,0.6287287,0.1545018,
1,8,21.441,0.3857843,1.116536,-0.8207196,0.4571053,-0.6098231,0.6287287,0.1545018,
1,8,21.443,0.3859756,1.116619,-0.8208086,0.4574798,-0.6103902,0.6280319,0.1539869,
1,8,21.445,0.3859756,1.116619,-0.8208086,0.4574798,-0.6103902,0.6280319,0.1539869,
1,8,21.447,0.3859756,1.116619,-0.8208086,0.4574798,-0.6103902,0.6280319,0.1539869,
1,8,21.449,0.3859756,1.116619,-0.8208086,0.4574798,-0.6103902,0.6280319,0.1539869,
1,8,21.451,0.3862567,1.116845,-0.8207965,0.4581923,-0.6107849,0.6272846,0.1533481,
1,8,21.453,0.3862567,1.116845,-0.8207965,0.4581923,-0.6107849,0.6272846,0.1533481,
1,8,21.455,0.3862567,1.116845,-0.8207965,0.4581923,-0.6107849,0.6272846,0.1533481,
1,8,21.457,0.3862567,1.116845,-0.8207965,0.4581923,-0.6107849,0.6272846,0.1533481,
1,8,21.459,0.3863772,1.117054,-0.8206376,0.4587021,-0.6112727,0.6266074,0.1526479,
1,8,21.461,0.3863772,1.117054,-0.8206376,0.4587021,-0.6112727,0.6266074,0.1526479,
1,8,21.463,0.3863772,1.117054,-0.8206376,0.4587021,-0.6112727,0.6266074,0.1526479,
1,8,21.465,0.3863772,1.117054,-0.8206376,0.4587021,-0.6112727,0.6266074,0.1526479,
1,8,21.467,0.3863772,1.117054,-0.8206376,0.4587021,-0.6112727,0.6266074,0.1526479,
1,8,21.469,0.3869693,1.116836,-0.8205357,0.4593964,-0.6119398,0.6255471,0.1522348,
1,8,21.471,0.3869693,1.116836,-0.8205357,0.4593964,-0.6119398,0.6255471,0.1522348,
1,8,21.473,0.3869693,1.116836,-0.8205357,0.4593964,-0.6119398,0.6255471,0.1522348,
1,8,21.475,0.3869693,1.116836,-0.8205357,0.4593964,-0.6119398,0.6255471,0.1522348,
1,8,21.477,0.3871871,1.116735,-0.8202571,0.4597944,-0.6125021,0.6248056,0.1518172,
1,8,21.479,0.3871871,1.116735,-0.8202571,0.4597944,-0.6125021,0.6248056,0.1518172,
1,8,21.481,0.3871871,1.116735,-0.8202571,0.4597944,-0.6125021,0.6248056,0.1518172,
1,8,21.483,0.3871871,1.116735,-0.8202571,0.4597944,-0.6125021,0.6248056,0.1518172,
1,8,21.485,0.3873952,1.116608,-0.8197887,0.4599713,-0.6129599,0.6242629,0.151665,
1,8,21.487,0.3873952,1.116608,-0.8197887,0.4599713,-0.6129599,0.6242629,0.151665,
1,8,21.489,0.3873952,1.116608,-0.8197887,0.4599713,-0.6129599,0.6242629,0.151665,
1,8,21.491,0.3873952,1.116608,-0.8197887,0.4599713,-0.6129599,0.6242629,0.151665,
1,8,21.493,0.3875244,1.116389,-0.8192108,0.4598515,-0.6133555,0.6239457,0.1517351,
1,8,21.495,0.3875244,1.116389,-0.8192108,0.4598515,-0.6133555,0.6239457,0.1517351,
1,8,21.497,0.3875244,1.116389,-0.8192108,0.4598515,-0.6133555,0.6239457,0.1517351,
1,8,21.499,0.3875244,1.116389,-0.8192108,0.4598515,-0.6133555,0.6239457,0.1517351,
1,8,21.501,0.3877106,1.116096,-0.8185576,0.4596758,-0.6135831,0.623759,0.152114,
1,8,21.503,0.3877106,1.116096,-0.8185576,0.4596758,-0.6135831,0.623759,0.152114,
1,8,21.505,0.3877106,1.116096,-0.8185576,0.4596758,-0.6135831,0.623759,0.152114,
1,8,21.507,0.3877106,1.116096,-0.8185576,0.4596758,-0.6135831,0.623759,0.152114,
1,8,21.509,0.3878211,1.11553,-0.8177325,0.4593302,-0.6138629,0.6236266,0.1525713,
1,8,21.511,0.3878211,1.11553,-0.8177325,0.4593302,-0.6138629,0.6236266,0.1525713,
1,8,21.513,0.3878211,1.11553,-0.8177325,0.4593302,-0.6138629,0.6236266,0.1525713,
1,8,21.515,0.3878211,1.11553,-0.8177325,0.4593302,-0.6138629,0.6236266,0.1525713,
1,8,21.517,0.3878211,1.11553,-0.8177325,0.4593302,-0.6138629,0.6236266,0.1525713,
1,8,21.519,0.3876437,1.115287,-0.8168366,0.4589718,-0.6138333,0.6238195,0.1529793,
1,8,21.521,0.3876437,1.115287,-0.8168366,0.4589718,-0.6138333,0.6238195,0.1529793,
1,8,21.523,0.3876437,1.115287,-0.8168366,0.4589718,-0.6138333,0.6238195,0.1529793,
1,8,21.525,0.3876437,1.115287,-0.8168366,0.4589718,-0.6138333,0.6238195,0.1529793,
1,8,21.527,0.3877279,1.114911,-0.8160943,0.4587811,-0.6137981,0.6238647,0.1535076,
1,8,21.529,0.3877279,1.114911,-0.8160943,0.4587811,-0.6137981,0.6238647,0.1535076,
1,8,21.531,0.3877279,1.114911,-0.8160943,0.4587811,-0.6137981,0.6238647,0.1535076,
1,8,21.533,0.3877279,1.114911,-0.8160943,0.4587811,-0.6137981,0.6238647,0.1535076,
1,8,21.535,0.3878642,1.114438,-0.815364,0.4585317,-0.6135633,0.6240766,0.1543286,
1,8,21.537,0.3878642,1.114438,-0.815364,0.4585317,-0.6135633,0.6240766,0.1543286,
1,8,21.539,0.3878642,1.114438,-0.815364,0.4585317,-0.6135633,0.6240766,0.1543286,
1,8,21.541,0.3878642,1.114438,-0.815364,0.4585317,-0.6135633,0.6240766,0.1543286,
1,8,21.543,0.3879148,1.113964,-0.8145634,0.4582996,-0.6132522,0.6243733,0.1550524,
1,8,21.545,0.3879148,1.113964,-0.8145634,0.4582996,-0.6132522,0.6243733,0.1550524,
1,8,21.547,0.3879148,1.113964,-0.8145634,0.4582996,-0.6132522,0.6243733,0.1550524,
1,8,21.549,0.3879148,1.113964,-0.8145634,0.4582996,-0.6132522,0.6243733,0.1550524,
1,8,21.551,0.3879028,1.113425,-0.8138412,0.4582162,-0.6128435,0.6246617,0.1557515,
1,8,21.553,0.3879028,1.113425,-0.8138412,0.4582162,-0.6128435,0.6246617,0.1557515,
1,8,21.555,0.3879028,1.113425,-0.8138412,0.4582162,-0.6128435,0.6246617,0.1557515,
1,8,21.557,0.3879028,1.113425,-0.8138412,0.4582162,-0.6128435,0.6246617,0.1557515,
1,8,21.559,0.3878633,1.11309,-0.8131622,0.4583242,-0.6121429,0.625121,0.1563448,
1,8,21.561,0.3878633,1.11309,-0.8131622,0.4583242,-0.6121429,0.625121,0.1563448,
1,8,21.563,0.3878633,1.11309,-0.8131622,0.4583242,-0.6121429,0.625121,0.1563448,
1,8,21.565,0.3878633,1.11309,-0.8131622,0.4583242,-0.6121429,0.625121,0.1563448,
1,8,21.567,0.3878633,1.11309,-0.8131622,0.4583242,-0.6121429,0.625121,0.1563448,
1,8,21.569,0.38756,1.112919,-0.8126171,0.4585634,-0.6112748,0.6256823,0.1567943,
1,8,21.571,0.38756,1.112919,-0.8126171,0.4585634,-0.6112748,0.6256823,0.1567943,
1,8,21.573,0.38756,1.112919,-0.8126171,0.4585634,-0.6112748,0.6256823,0.1567943,
1,8,21.575,0.38756,1.112919,-0.8126171,0.4585634,-0.6112748,0.6256823,0.1567943,
1,8,21.577,0.3873999,1.112715,-0.8120114,0.4590292,-0.6104412,0.6260937,0.1570364,
1,8,21.579,0.3873999,1.112715,-0.8120114,0.4590292,-0.6104412,0.6260937,0.1570364,
1,8,21.581,0.3873999,1.112715,-0.8120114,0.4590292,-0.6104412,0.6260937,0.1570364,
1,8,21.583,0.3873999,1.112715,-0.8120114,0.4590292,-0.6104412,0.6260937,0.1570364,
1,8,21.585,0.3869565,1.112971,-0.8114358,0.4599487,-0.6094104,0.6265043,0.1567118,
1,8,21.587,0.3869565,1.112971,-0.8114358,0.4599487,-0.6094104,0.6265043,0.1567118,
1,8,21.589,0.3869565,1.112971,-0.8114358,0.4599487,-0.6094104,0.6265043,0.1567118,
1,8,21.591,0.3869565,1.112971,-0.8114358,0.4599487,-0.6094104,0.6265043,0.1567118,
1,8,21.593,0.3867802,1.113158,-0.8110607,0.4612752,-0.6084998,0.6265316,0.1562414,
1,8,21.595,0.3867802,1.113158,-0.8110607,0.4612752,-0.6084998,0.6265316,0.1562414,
1,8,21.597,0.3867802,1.113158,-0.8110607,0.4612752,-0.6084998,0.6265316,0.1562414,
1,8,21.599,0.3867802,1.113158,-0.8110607,0.4612752,-0.6084998,0.6265316,0.1562414,
1,8,21.601,0.3866594,1.113123,-0.81076,0.4629174,-0.6077805,0.6261741,0.1556163,
1,8,21.603,0.3866594,1.113123,-0.81076,0.4629174,-0.6077805,0.6261741,0.1556163,
1,8,21.605,0.3866594,1.113123,-0.81076,0.4629174,-0.6077805,0.6261741,0.1556163,
1,8,21.607,0.3866594,1.113123,-0.81076,0.4629174,-0.6077805,0.6261741,0.1556163,
1,8,21.609,0.3864441,1.113324,-0.8104742,0.4640608,-0.6069912,0.6261504,0.1553868,
1,8,21.611,0.3864441,1.113324,-0.8104742,0.4640608,-0.6069912,0.6261504,0.1553868,
1,8,21.613,0.3864441,1.113324,-0.8104742,0.4640608,-0.6069912,0.6261504,0.1553868,
1,8,21.615,0.3864441,1.113324,-0.8104742,0.4640608,-0.6069912,0.6261504,0.1553868,
1,8,21.617,0.3864441,1.113324,-0.8104742,0.4640608,-0.6069912,0.6261504,0.1553868,
1,8,21.619,0.3863358,1.11358,-0.8101774,0.4651482,-0.6063417,0.626043,0.1551031,
1,8,21.621,0.3863358,1.11358,-0.8101774,0.4651482,-0.6063417,0.626043,0.1551031,
1,8,21.623,0.3863358,1.11358,-0.8101774,0.4651482,-0.6063417,0.626043,0.1551031,
1,8,21.625,0.3863358,1.11358,-0.8101774,0.4651482,-0.6063417,0.626043,0.1551031,
1,8,21.627,0.3861386,1.11384,-0.8097926,0.4659987,-0.6057013,0.6260996,0.1548239,
1,8,21.629,0.3861386,1.11384,-0.8097926,0.4659987,-0.6057013,0.6260996,0.1548239,
1,8,21.631,0.3861386,1.11384,-0.8097926,0.4659987,-0.6057013,0.6260996,0.1548239,
1,8,21.633,0.3861386,1.11384,-0.8097926,0.4659987,-0.6057013,0.6260996,0.1548239,
1,8,21.635,0.3861713,1.113729,-0.80971,0.466948,-0.6054003,0.6257271,0.1546472,
1,8,21.637,0.3861713,1.113729,-0.80971,0.466948,-0.6054003,0.6257271,0.1546472,
1,8,21.639,0.3861713,1.113729,-0.80971,0.466948,-0.6054003,0.6257271,0.1546472,
1,8,21.641,0.3861713,1.113729,-0.80971,0.466948,-0.6054003,0.6257271,0.1546472,
1,8,21.643,0.3864934,1.113124,-0.8097599,0.4678411,-0.6054531,0.6249968,0.1546937,
1,8,21.645,0.3864934,1.113124,-0.8097599,0.4678411,-0.6054531,0.6249968,0.1546937,
1,8,21.647,0.3864934,1.113124,-0.8097599,0.4678411,-0.6054531,0.6249968,0.1546937,
1,8,21.649,0.3864934,1.113124,-0.8097599,0.4678411,-0.6054531,0.6249968,0.1546937,
1,8,21.651,0.3866679,1.112716,-0.8097568,0.4682441,-0.6054643,0.6246184,0.1549592,
1,8,21.653,0.3866679,1.112716,-0.8097568,0.4682441,-0.6054643,0.6246184,0.1549592,
1,8,21.655,0.3866679,1.112716,-0.8097568,0.4682441,-0.6054643,0.6246184,0.1549592,
1,8,21.657,0.3866679,1.112716,-0.8097568,0.4682441,-0.6054643,0.6246184,0.1549592,
1,8,21.659,0.386744,1.112514,-0.8097343,0.4682626,-0.6054044,0.6245522,0.1554033,
1,8,21.661,0.386744,1.112514,-0.8097343,0.4682626,-0.6054044,0.6245522,0.1554033,
1,8,21.663,0.386744,1.112514,-0.8097343,0.4682626,-0.6054044,0.6245522,0.1554033,
1,8,21.665,0.386744,1.112514,-0.8097343,0.4682626,-0.6054044,0.6245522,0.1554033,
1,8,21.667,0.386744,1.112514,-0.8097343,0.4682626,-0.6054044,0.6245522,0.1554033,
1,8,21.669,0.386886,1.112346,-0.8097222,0.4680319,-0.6053146,0.6246561,0.1560295,
1,8,21.671,0.386886,1.112346,-0.8097222,0.4680319,-0.6053146,0.6246561,0.1560295,
1,8,21.673,0.386886,1.112346,-0.8097222,0.4680319,-0.6053146,0.6246561,0.1560295,
1,8,21.675,0.386886,1.112346,-0.8097222,0.4680319,-0.6053146,0.6246561,0.1560295,
1,8,21.677,0.3868912,1.112557,-0.8097799,0.4676606,-0.6049806,0.6250894,0.1567013,
1,8,21.679,0.3868912,1.112557,-0.8097799,0.4676606,-0.6049806,0.6250894,0.1567013,
1,8,21.681,0.3868912,1.112557,-0.8097799,0.4676606,-0.6049806,0.6250894,0.1567013,
1,8,21.683,0.3868912,1.112557,-0.8097799,0.4676606,-0.6049806,0.6250894,0.1567013,
1,8,21.685,0.3871416,1.112518,-0.8098352,0.4671533,-0.6048203,0.6254396,0.1574349,
1,8,21.687,0.3871416,1.112518,-0.8098352,0.4671533,-0.6048203,0.6254396,0.1574349,
1,8,21.689,0.3871416,1.112518,-0.8098352,0.4671533,-0.6048203,0.6254396,0.1574349,
1,8,21.691,0.3871416,1.112518,-0.8098352,0.4671533,-0.6048203,0.6254396,0.1574349,
1,8,21.693,0.3874426,1.112418,-0.809843,0.4666464,-0.6047386,0.6257585,0.1579833,
1,8,21.695,0.3874426,1.112418,-0.809843,0.4666464,-0.6047386,0.6257585,0.1579833,
1,8,21.697,0.3874426,1.112418,-0.809843,0.4666464,-0.6047386,0.6257585,0.1579833,
1,8,21.699,0.3874426,1.112418,-0.809843,0.4666464,-0.6047386,0.6257585,0.1579833,
1,8,21.701,0.3879388,1.112323,-0.810023,0.466315,-0.6047075,0.6259385,0.1583672,
1,8,21.703,0.3879388,1.112323,-0.810023,0.466315,-0.6047075,0.6259385,0.1583672,
1,8,21.705,0.3879388,1.112323,-0.810023,0.466315,-0.6047075,0.6259385,0.1583672,
1,8,21.707,0.3879388,1.112323,-0.810023,0.466315,-0.6047075,0.6259385,0.1583672,
1,8,21.709,0.3883012,1.11244,-0.8102872,0.4661514,-0.604602,0.626143,0.158443,
1,8,21.711,0.3883012,1.11244,-0.8102872,0.4661514,-0.604602,0.626143,0.158443,
1,8,21.713,0.3883012,1.11244,-0.8102872,0.4661514,-0.604602,0.626143,0.158443,
1,8,21.715,0.3883012,1.11244,-0.8102872,0.4661514,-0.604602,0.626143,0.158443,
1,8,21.717,0.3883012,1.11244,-0.8102872,0.4661514,-0.604602,0.626143,0.158443,
1,8,21.719,0.3884785,1.112915,-0.8103925,0.4660758,-0.6044333,0.6264784,0.1579828,
1,8,21.721,0.3884785,1.112915,-0.8103925,0.4660758,-0.6044333,0.6264784,0.1579828,
1,8,21.723,0.3884785,1.112915,-0.8103925,0.4660758,-0.6044333,0.6264784,0.1579828,
1,8,21.725,0.3884785,1.112915,-0.8103925,0.4660758,-0.6044333,0.6264784,0.1579828,
1,8,21.727,0.3885504,1.113672,-0.8103586,0.4660745,-0.6042573,0.626873,0.1570931,
1,8,21.729,0.3885504,1.113672,-0.8103586,0.4660745,-0.6042573,0.626873,0.1570931,
1,8,21.731,0.3885504,1.113672,-0.8103586,0.4660745,-0.6042573,0.626873,0.1570931,
1,8,21.733,0.3885504,1.113672,-0.8103586,0.4660745,-0.6042573,0.626873,0.1570931,
1,8,21.735,0.3883882,1.114958,-0.8102998,0.4666635,-0.6040581,0.6270743,0.155296,
1,8,21.737,0.3883882,1.114958,-0.8102998,0.4666635,-0.6040581,0.6270743,0.155296,
1,8,21.739,0.3883882,1.114958,-0.8102998,0.4666635,-0.6040581,0.6270743,0.155296,
1,8,21.741,0.3883882,1.114958,-0.8102998,0.4666635,-0.6040581,0.6270743,0.155296,
1,8,21.743,0.3886473,1.115983,-0.8103877,0.4678029,-0.6042399,0.626538,0.1533124,
1,8,21.745,0.3886473,1.115983,-0.8103877,0.4678029,-0.6042399,0.626538,0.1533124,
1,8,21.747,0.3886473,1.115983,-0.8103877,0.4678029,-0.6042399,0.626538,0.1533124,
1,8,21.749,0.3886473,1.115983,-0.8103877,0.4678029,-0.6042399,0.626538,0.1533124,
1,8,21.751,0.3889875,1.117024,-0.8106114,0.4692239,-0.6044997,0.6257066,0.1513287,
1,8,21.753,0.3889875,1.117024,-0.8106114,0.4692239,-0.6044997,0.6257066,0.1513287,
1,8,21.755,0.3889875,1.117024,-0.8106114,0.4692239,-0.6044997,0.6257066,0.1513287,
1,8,21.757,0.3889875,1.117024,-0.8106114,0.4692239,-0.6044997,0.6257066,0.1513287,
1,8,21.759,0.3895376,1.118078,-0.8112922,0.4707555,-0.6049278,0.6245574,0.1495988,
1,8,21.761,0.3895376,1.118078,-0.8112922,0.4707555,-0.6049278,0.6245574,0.1495988,
1,8,21.763,0.3895376,1.118078,-0.8112922,0.4707555,-0.6049278,0.6245574,0.1495988,
1,8,21.765,0.3895376,1.118078,-0.8112922,0.4707555,-0.6049278,0.6245574,0.1495988,
1,8,21.767,0.3895376,1.118078,-0.8112922,0.4707555,-0.6049278,0.6245574,0.1495988,
1,8,21.769,0.3902217,1.119293,-0.8116547,0.4723595,-0.6054742,0.6232874,0.1476155,
1,8,21.771,0.3902217,1.119293,-0.8116547,0.4723595,-0.6054742,0.6232874,0.1476155,
1,8,21.773,0.3902217,1.119293,-0.8116547,0.4723595,-0.6054742,0.6232874,0.1476155,
1,8,21.775,0.3902217,1.119293,-0.8116547,0.4723595,-0.6054742,0.6232874,0.1476155,
1,8,21.777,0.390971,1.120563,-0.8120787,0.4739449,-0.6061507,0.6218614,0.1457604,
1,8,21.779,0.390971,1.120563,-0.8120787,0.4739449,-0.6061507,0.6218614,0.1457604,
1,8,21.781,0.390971,1.120563,-0.8120787,0.4739449,-0.6061507,0.6218614,0.1457604,
1,8,21.783,0.390971,1.120563,-0.8120787,0.4739449,-0.6061507,0.6218614,0.1457604,
1,8,21.785,0.3914982,1.122529,-0.8126484,0.4757131,-0.6064681,0.6206557,0.1438059,
1,8,21.787,0.3914982,1.122529,-0.8126484,0.4757131,-0.6064681,0.6206557,0.1438059,
1,8,21.789,0.3914982,1.122529,-0.8126484,0.4757131,-0.6064681,0.6206557,0.1438059,
1,8,21.791,0.3914982,1.122529,-0.8126484,0.4757131,-0.6064681,0.6206557,0.1438059,
1,8,21.793,0.3921771,1.124244,-0.813264,0.4773682,-0.6071185,0.6191658,0.1419881,
1,8,21.795,0.3921771,1.124244,-0.813264,0.4773682,-0.6071185,0.6191658,0.1419881,
1,8,21.797,0.3921771,1.124244,-0.813264,0.4773682,-0.6071185,0.6191658,0.1419881,
1,8,21.799,0.3921771,1.124244,-0.813264,0.4773682,-0.6071185,0.6191658,0.1419881,
1,8,21.801,0.3930882,1.126417,-0.8139891,0.4789457,-0.607531,0.6178514,0.1406307,
1,8,21.803,0.3930882,1.126417,-0.8139891,0.4789457,-0.607531,0.6178514,0.1406307,
1,8,21.805,0.3930882,1.126417,-0.8139891,0.4789457,-0.607531,0.6178514,0.1406307,
1,8,21.807,0.3930882,1.126417,-0.8139891,0.4789457,-0.607531,0.6178514,0.1406307,
1,8,21.809,0.3939894,1.129098,-0.814745,0.4806864,-0.6077944,0.6165259,0.1393645,
1,8,21.811,0.3939894,1.129098,-0.814745,0.4806864,-0.6077944,0.6165259,0.1393645,
1,8,21.813,0.3939894,1.129098,-0.814745,0.4806864,-0.6077944,0.6165259,0.1393645,
1,8,21.815,0.3939894,1.129098,-0.814745,0.4806864,-0.6077944,0.6165259,0.1393645,
1,8,21.817,0.3939894,1.129098,-0.814745,0.4806864,-0.6077944,0.6165259,0.1393645,
1,8,21.819,0.3953724,1.131598,-0.8157511,0.4833473,-0.6083966,0.6142597,0.1375285,
1,8,21.821,0.3953724,1.131598,-0.8157511,0.4833473,-0.6083966,0.6142597,0.1375285,
1,8,21.823,0.3953724,1.131598,-0.8157511,0.4833473,-0.6083966,0.6142597,0.1375285,
1,8,21.825,0.3953724,1.131598,-0.8157511,0.4833473,-0.6083966,0.6142597,0.1375285,
1,8,21.827,0.3967644,1.134624,-0.8169937,0.4864358,-0.6088927,0.6117784,0.1354883,
1,8,21.829,0.3967644,1.134624,-0.8169937,0.4864358,-0.6088927,0.6117784,0.1354883,
1,8,21.831,0.3967644,1.134624,-0.8169937,0.4864358,-0.6088927,0.6117784,0.1354883,
1,8,21.833,0.3967644,1.134624,-0.8169937,0.4864358,-0.6088927,0.6117784,0.1354883,
1,8,21.835,0.3983772,1.137174,-0.818225,0.4900112,-0.6101774,0.6081845,0.1329828,
1,8,21.837,0.3983772,1.137174,-0.818225,0.4900112,-0.6101774,0.6081845,0.1329828,
1,8,21.839,0.3983772,1.137174,-0.818225,0.4900112,-0.6101774,0.6081845,0.1329828,
1,8,21.841,0.3983772,1.137174,-0.818225,0.4900112,-0.6101774,0.6081845,0.1329828,
1,8,21.843,0.3994641,1.140588,-0.8192935,0.4941067,-0.6113065,0.6044911,0.1294352,
1,8,21.845,0.3994641,1.140588,-0.8192935,0.4941067,-0.6113065,0.6044911,0.1294352,
1,8,21.847,0.3994641,1.140588,-0.8192935,0.4941067,-0.6113065,0.6044911,0.1294352,
1,8,21.849,0.3994641,1.140588,-0.8192935,0.4941067,-0.6113065,0.6044911,0.1294352,
1,8,21.851,0.4009559,1.143286,-0.8204855,0.4986592,-0.6130798,0.599732,0.1256732,
1,8,21.853,0.4009559,1.143286,-0.8204855,0.4986592,-0.6130798,0.599732,0.1256732,
1,8,21.855,0.4009559,1.143286,-0.8204855,0.4986592,-0.6130798,0.599732,0.1256732,
1,8,21.857,0.4009559,1.143286,-0.8204855,0.4986592,-0.6130798,0.599732,0.1256732,
1,8,21.859,0.4018297,1.1467,-0.8214784,0.5031956,-0.6146584,0.5951695,0.1215008,
1,8,21.861,0.4018297,1.1467,-0.8214784,0.5031956,-0.6146584,0.5951695,0.1215008,
1,8,21.863,0.4018297,1.1467,-0.8214784,0.5031956,-0.6146584,0.5951695,0.1215008,
1,8,21.865,0.4018297,1.1467,-0.8214784,0.5031956,-0.6146584,0.5951695,0.1215008,
1,8,21.867,0.4018297,1.1467,-0.8214784,0.5031956,-0.6146584,0.5951695,0.1215008,
1,8,21.869,0.4027975,1.149865,-0.8222235,0.5071328,-0.6164935,0.5906808,0.1176796,
1,8,21.871,0.4027975,1.149865,-0.8222235,0.5071328,-0.6164935,0.5906808,0.1176796,
1,8,21.873,0.4027975,1.149865,-0.8222235,0.5071328,-0.6164935,0.5906808,0.1176796,
1,8,21.875,0.4027975,1.149865,-0.8222235,0.5071328,-0.6164935,0.5906808,0.1176796,
1,8,21.877,0.4038646,1.152679,-0.8228391,0.5105222,-0.618546,0.5862325,0.1144523,
1,8,21.879,0.4038646,1.152679,-0.8228391,0.5105222,-0.618546,0.5862325,0.1144523,
1,8,21.881,0.4038646,1.152679,-0.8228391,0.5105222,-0.618546,0.5862325,0.1144523,
1,8,21.883,0.4038646,1.152679,-0.8228391,0.5105222,-0.618546,0.5862325,0.1144523,
1,8,21.885,0.4047555,1.156024,-0.8229229,0.513204,-0.6201155,0.5827035,0.1119597,
1,8,21.887,0.4047555,1.156024,-0.8229229,0.513204,-0.6201155,0.5827035,0.1119597,
1,8,21.889,0.4047555,1.156024,-0.8229229,0.513204,-0.6201155,0.5827035,0.1119597,
1,8,21.891,0.4047555,1.156024,-0.8229229,0.513204,-0.6201155,0.5827035,0.1119597,
1,8,21.893,0.4058708,1.158887,-0.82293,0.5153873,-0.6219821,0.5790918,0.1103042,
1,8,21.895,0.4058708,1.158887,-0.82293,0.5153873,-0.6219821,0.5790918,0.1103042,
1,8,21.897,0.4058708,1.158887,-0.82293,0.5153873,-0.6219821,0.5790918,0.1103042,
1,8,21.899,0.4058708,1.158887,-0.82293,0.5153873,-0.6219821,0.5790918,0.1103042,
1,8,21.901,0.406803,1.162298,-0.8226405,0.517278,-0.6234856,0.5759903,0.1091985,
1,8,21.903,0.406803,1.162298,-0.8226405,0.517278,-0.6234856,0.5759903,0.1091985,
1,8,21.905,0.406803,1.162298,-0.8226405,0.517278,-0.6234856,0.5759903,0.1091985,
1,8,21.907,0.406803,1.162298,-0.8226405,0.517278,-0.6234856,0.5759903,0.1091985,
1,8,21.909,0.4079886,1.165231,-0.8221325,0.5189905,-0.6252419,0.5726475,0.108611,
1,8,21.911,0.4079886,1.165231,-0.8221325,0.5189905,-0.6252419,0.5726475,0.108611,
1,8,21.913,0.4079886,1.165231,-0.8221325,0.5189905,-0.6252419,0.5726475,0.108611,
1,8,21.915,0.4079886,1.165231,-0.8221325,0.5189905,-0.6252419,0.5726475,0.108611,
1,8,21.917,0.4079886,1.165231,-0.8221325,0.5189905,-0.6252419,0.5726475,0.108611,
1,8,21.919,0.4092521,1.16852,-0.8213201,0.5207537,-0.6266544,0.5695022,0.1085682,
1,8,21.921,0.4092521,1.16852,-0.8213201,0.5207537,-0.6266544,0.5695022,0.1085682,
1,8,21.923,0.4092521,1.16852,-0.8213201,0.5207537,-0.6266544,0.5695022,0.1085682,
1,8,21.925,0.4092521,1.16852,-0.8213201,0.5207537,-0.6266544,0.5695022,0.1085682,
1,8,21.927,0.4111618,1.171301,-0.8205577,0.5225203,-0.6282759,0.5659156,0.1094602,
1,8,21.929,0.4111618,1.171301,-0.8205577,0.5225203,-0.6282759,0.5659156,0.1094602,
1,8,21.931,0.4111618,1.171301,-0.8205577,0.5225203,-0.6282759,0.5659156,0.1094602,
1,8,21.933,0.4111618,1.171301,-0.8205577,0.5225203,-0.6282759,0.5659156,0.1094602,
1,8,21.935,0.413566,1.173951,-0.8196001,0.5235166,-0.6298382,0.5627378,0.112073,
1,8,21.937,0.413566,1.173951,-0.8196001,0.5235166,-0.6298382,0.5627378,0.112073,
1,8,21.939,0.413566,1.173951,-0.8196001,0.5235166,-0.6298382,0.5627378,0.112073,
1,8,21.941,0.413566,1.173951,-0.8196001,0.5235166,-0.6298382,0.5627378,0.112073,
1,8,21.943,0.4165719,1.176372,-0.8184473,0.5240103,-0.6312718,0.5597808,0.1164239,
1,8,21.945,0.4165719,1.176372,-0.8184473,0.5240103,-0.6312718,0.5597808,0.1164239,
1,8,21.947,0.4165719,1.176372,-0.8184473,0.5240103,-0.6312718,0.5597808,0.1164239,
1,8,21.949,0.4165719,1.176372,-0.8184473,0.5240103,-0.6312718,0.5597808,0.1164239,
1,8,21.951,0.4204674,1.178375,-0.8174991,0.5241064,-0.6325359,0.5568829,0.1228513,
1,8,21.953,0.4204674,1.178375,-0.8174991,0.5241064,-0.6325359,0.5568829,0.1228513,
1,8,21.955,0.4204674,1.178375,-0.8174991,0.5241064,-0.6325359,0.5568829,0.1228513,
1,8,21.957,0.4204674,1.178375,-0.8174991,0.5241064,-0.6325359,0.5568829,0.1228513,
1,8,21.959,0.4250096,1.179865,-0.816551,0.5240037,-0.6339283,0.5536318,0.1305638,
1,8,21.961,0.4250096,1.179865,-0.816551,0.5240037,-0.6339283,0.5536318,0.1305638,
1,8,21.963,0.4250096,1.179865,-0.816551,0.5240037,-0.6339283,0.5536318,0.1305638,
1,8,21.965,0.4250096,1.179865,-0.816551,0.5240037,-0.6339283,0.5536318,0.1305638,
1,8,21.967,0.4250096,1.179865,-0.816551,0.5240037,-0.6339283,0.5536318,0.1305638,
1,8,21.969,0.4293475,1.180589,-0.815576,0.5237712,-0.6355537,0.5499699,0.1388113,
1,8,21.971,0.4293475,1.180589,-0.815576,0.5237712,-0.6355537,0.5499699,0.1388113,
1,8,21.973,0.4293475,1.180589,-0.815576,0.5237712,-0.6355537,0.5499699,0.1388113,
1,8,21.975,0.4293475,1.180589,-0.815576,0.5237712,-0.6355537,0.5499699,0.1388113,
1,8,21.977,0.4336773,1.180914,-0.8152291,0.5247631,-0.6371423,0.5451851,0.1464461,
1,8,21.979,0.4336773,1.180914,-0.8152291,0.5247631,-0.6371423,0.5451851,0.1464461,
1,8,21.981,0.4336773,1.180914,-0.8152291,0.5247631,-0.6371423,0.5451851,0.1464461,
1,8,21.983,0.4336773,1.180914,-0.8152291,0.5247631,-0.6371423,0.5451851,0.1464461,
1,8,21.985,0.4374467,1.181279,-0.8149965,0.5265643,-0.6387522,0.5397061,0.153111,
1,8,21.987,0.4374467,1.181279,-0.8149965,0.5265643,-0.6387522,0.5397061,0.153111,
1,8,21.989,0.4374467,1.181279,-0.8149965,0.5265643,-0.6387522,0.5397061,0.153111,
1,8,21.991,0.4374467,1.181279,-0.8149965,0.5265643,-0.6387522,0.5397061,0.153111,
1,8,21.993,0.4404847,1.182117,-0.8148602,0.5301332,-0.6400689,0.5332524,0.157837,
1,8,21.995,0.4404847,1.182117,-0.8148602,0.5301332,-0.6400689,0.5332524,0.157837,
1,8,21.997,0.4404847,1.182117,-0.8148602,0.5301332,-0.6400689,0.5332524,0.157837,
1,8,21.999,0.4404847,1.182117,-0.8148602,0.5301332,-0.6400689,0.5332524,0.157837,
1,8,22.001,0.4432883,1.182046,-0.8153373,0.5351734,-0.6420282,0.5249096,0.160808,
1,8,22.003,0.4432883,1.182046,-0.8153373,0.5351734,-0.6420282,0.5249096,0.160808,
1,8,22.005,0.4432883,1.182046,-0.8153373,0.5351734,-0.6420282,0.5249096,0.160808,
1,8,22.007,0.4432883,1.182046,-0.8153373,0.5351734,-0.6420282,0.5249096,0.160808,
1,8,22.009,0.4449735,1.18237,-0.815567,0.540589,-0.6437925,0.5166572,0.1623579,
1,8,22.011,0.4449735,1.18237,-0.815567,0.540589,-0.6437925,0.5166572,0.1623579,
1,8,22.013,0.4449735,1.18237,-0.815567,0.540589,-0.6437925,0.5166572,0.1623579,
1,8,22.015,0.4449735,1.18237,-0.815567,0.540589,-0.6437925,0.5166572,0.1623579,
1,8,22.017,0.4449735,1.18237,-0.815567,0.540589,-0.6437925,0.5166572,0.1623579,
1,8,22.019,0.4456364,1.182758,-0.8160596,0.5464923,-0.6455448,0.5081278,0.1625556,
1,8,22.021,0.4456364,1.182758,-0.8160596,0.5464923,-0.6455448,0.5081278,0.1625556,
1,8,22.023,0.4456364,1.182758,-0.8160596,0.5464923,-0.6455448,0.5081278,0.1625556,
1,8,22.025,0.4456364,1.182758,-0.8160596,0.5464923,-0.6455448,0.5081278,0.1625556,
1,8,22.027,0.4452768,1.182523,-0.8163281,0.552452,-0.6476525,0.4993314,0.1612797,
1,8,22.029,0.4452768,1.182523,-0.8163281,0.552452,-0.6476525,0.4993314,0.1612797,
1,8,22.031,0.4452768,1.182523,-0.8163281,0.552452,-0.6476525,0.4993314,0.1612797,
1,8,22.033,0.4452768,1.182523,-0.8163281,0.552452,-0.6476525,0.4993314,0.1612797,
1,8,22.035,0.4440602,1.182535,-0.8167289,0.5586531,-0.6493855,0.4907833,0.1591765,
1,8,22.037,0.4440602,1.182535,-0.8167289,0.5586531,-0.6493855,0.4907833,0.1591765,
1,8,22.039,0.4440602,1.182535,-0.8167289,0.5586531,-0.6493855,0.4907833,0.1591765,
1,8,22.041,0.4440602,1.182535,-0.8167289,0.5586531,-0.6493855,0.4907833,0.1591765,
1,8,22.043,0.4421231,1.183164,-0.8168356,0.5641571,-0.6503476,0.4837313,0.1574128,
1,8,22.045,0.4421231,1.183164,-0.8168356,0.5641571,-0.6503476,0.4837313,0.1574128,
1,8,22.047,0.4421231,1.183164,-0.8168356,0.5641571,-0.6503476,0.4837313,0.1574128,
1,8,22.049,0.4421231,1.183164,-0.8168356,0.5641571,-0.6503476,0.4837313,0.1574128,
1,8,22.051,0.4397519,1.183877,-0.8168291,0.5685996,-0.6508326,0.4781089,0.1565994,
1,8,22.053,0.4397519,1.183877,-0.8168291,0.5685996,-0.6508326,0.4781089,0.1565994,
1,8,22.055,0.4397519,1.183877,-0.8168291,0.5685996,-0.6508326,0.4781089,0.1565994,
1,8,22.057,0.4397519,1.183877,-0.8168291,0.5685996,-0.6508326,0.4781089,0.1565994,
1,8,22.059,0.4369539,1.1846,-0.8162304,0.571668,-0.6507549,0.4744558,0.1568611,
1,8,22.061,0.4369539,1.1846,-0.8162304,0.571668,-0.6507549,0.4744558,0.1568611,
1,8,22.063,0.4369539,1.1846,-0.8162304,0.571668,-0.6507549,0.4744558,0.1568611,
1,8,22.065,0.4369539,1.1846,-0.8162304,0.571668,-0.6507549,0.4744558,0.1568611,
1,8,22.067,0.4369539,1.1846,-0.8162304,0.571668,-0.6507549,0.4744558,0.1568611,
1,8,22.069,0.4340751,1.184695,-0.8157821,0.5737856,-0.6507009,0.4715714,0.1580472,
1,8,22.071,0.4340751,1.184695,-0.8157821,0.5737856,-0.6507009,0.4715714,0.1580472,
1,8,22.073,0.4340751,1.184695,-0.8157821,0.5737856,-0.6507009,0.4715714,0.1580472,
1,8,22.075,0.4340751,1.184695,-0.8157821,0.5737856,-0.6507009,0.4715714,0.1580472,
1,8,22.077,0.4313056,1.184636,-0.8150424,0.5750915,-0.6502236,0.4698408,0.1604016,
1,8,22.079,0.4313056,1.184636,-0.8150424,0.5750915,-0.6502236,0.4698408,0.1604016,
1,8,22.081,0.4313056,1.184636,-0.8150424,0.5750915,-0.6502236,0.4698408,0.1604016,
1,8,22.083,0.4313056,1.184636,-0.8150424,0.5750915,-0.6502236,0.4698408,0.1604016,
1,8,22.085,0.4283026,1.184733,-0.8138036,0.5755038,-0.649268,0.4696338,0.1633727,
1,8,22.087,0.4283026,1.184733,-0.8138036,0.5755038,-0.649268,0.4696338,0.1633727,
1,8,22.089,0.4283026,1.184733,-0.8138036,0.5755038,-0.649268,0.4696338,0.1633727,
1,8,22.091,0.4283026,1.184733,-0.8138036,0.5755038,-0.649268,0.4696338,0.1633727,
1,8,22.093,0.4255442,1.184741,-0.8133265,0.5763549,-0.6479388,0.46919,0.1668866,
1,8,22.095,0.4255442,1.184741,-0.8133265,0.5763549,-0.6479388,0.46919,0.1668866,
1,8,22.097,0.4255442,1.184741,-0.8133265,0.5763549,-0.6479388,0.46919,0.1668866,
1,8,22.099,0.4255442,1.184741,-0.8133265,0.5763549,-0.6479388,0.46919,0.1668866,
1,8,22.101,0.4230235,1.184589,-0.8125182,0.5775084,-0.6468018,0.4683229,0.1697201,
1,8,22.103,0.4230235,1.184589,-0.8125182,0.5775084,-0.6468018,0.4683229,0.1697201,
1,8,22.105,0.4230235,1.184589,-0.8125182,0.5775084,-0.6468018,0.4683229,0.1697201,
1,8,22.107,0.4230235,1.184589,-0.8125182,0.5775084,-0.6468018,0.4683229,0.1697201,
1,8,22.109,0.420519,1.18421,-0.811319,0.5787799,-0.6458317,0.4672546,0.1720129,
1,8,22.111,0.420519,1.18421,-0.811319,0.5787799,-0.6458317,0.4672546,0.1720129,
1,8,22.113,0.420519,1.18421,-0.811319,0.5787799,-0.6458317,0.4672546,0.1720129,
1,8,22.115,0.420519,1.18421,-0.811319,0.5787799,-0.6458317,0.4672546,0.1720129,
1,8,22.117,0.420519,1.18421,-0.811319,0.5787799,-0.6458317,0.4672546,0.1720129,
1,8,22.119,0.4180972,1.183616,-0.8102479,0.580571,-0.6449754,0.4655857,0.1737068,
1,8,22.121,0.4180972,1.183616,-0.8102479,0.580571,-0.6449754,0.4655857,0.1737068,
1,8,22.123,0.4180972,1.183616,-0.8102479,0.580571,-0.6449754,0.4655857,0.1737068,
1,8,22.125,0.4180972,1.183616,-0.8102479,0.580571,-0.6449754,0.4655857,0.1737068,
1,8,22.127,0.4158137,1.183437,-0.8088173,0.5825261,-0.6438729,0.4642056,0.1749407,
1,8,22.129,0.4158137,1.183437,-0.8088173,0.5825261,-0.6438729,0.4642056,0.1749407,
1,8,22.131,0.4158137,1.183437,-0.8088173,0.5825261,-0.6438729,0.4642056,0.1749407,
1,8,22.133,0.4158137,1.183437,-0.8088173,0.5825261,-0.6438729,0.4642056,0.1749407,
1,8,22.135,0.4136321,1.183038,-0.8077645,0.5848612,-0.6426961,0.4622973,0.176523,
1,8,22.137,0.4136321,1.183038,-0.8077645,0.5848612,-0.6426961,0.4622973,0.176523,
1,8,22.139,0.4136321,1.183038,-0.8077645,0.5848612,-0.6426961,0.4622973,0.176523,
1,8,22.141,0.4136321,1.183038,-0.8077645,0.5848612,-0.6426961,0.4622973,0.176523,
1,8,22.143,0.4116119,1.182114,-0.8065568,0.5870235,-0.6417705,0.4603291,0.1778517,
1,8,22.145,0.4116119,1.182114,-0.8065568,0.5870235,-0.6417705,0.4603291,0.1778517,
1,8,22.147,0.4116119,1.182114,-0.8065568,0.5870235,-0.6417705,0.4603291,0.1778517,
1,8,22.149,0.4116119,1.182114,-0.8065568,0.5870235,-0.6417705,0.4603291,0.1778517,
1,8,22.151,0.4096639,1.180796,-0.8057045,0.5892134,-0.6409621,0.4580241,0.1794693,
1,8,22.153,0.4096639,1.180796,-0.8057045,0.5892134,-0.6409621,0.4580241,0.1794693,
1,8,22.155,0.4096639,1.180796,-0.8057045,0.5892134,-0.6409621,0.4580241,0.1794693,
1,8,22.157,0.4096639,1.180796,-0.8057045,0.5892134,-0.6409621,0.4580241,0.1794693,
1,8,22.159,0.4080849,1.179517,-0.804755,0.5911641,-0.6397585,0.4564442,0.1813638,
1,8,22.161,0.4080849,1.179517,-0.804755,0.5911641,-0.6397585,0.4564442,0.1813638,
1,8,22.163,0.4080849,1.179517,-0.804755,0.5911641,-0.6397585,0.4564442,0.1813638,
1,8,22.165,0.4080849,1.179517,-0.804755,0.5911641,-0.6397585,0.4564442,0.1813638,
1,8,22.167,0.4080849,1.179517,-0.804755,0.5911641,-0.6397585,0.4564442,0.1813638,
1,8,22.169,0.4061908,1.178035,-0.8039734,0.5928021,-0.6384386,0.455265,0.1836181,
1,8,22.171,0.4061908,1.178035,-0.8039734,0.5928021,-0.6384386,0.455265,0.1836181,
1,8,22.173,0.4061908,1.178035,-0.8039734,0.5928021,-0.6384386,0.455265,0.1836181,
1,8,22.175,0.4061908,1.178035,-0.8039734,0.5928021,-0.6384386,0.455265,0.1836181,
1,8,22.177,0.4043986,1.176952,-0.80321,0.594343,-0.6365646,0.4549481,0.1859143,
1,8,22.179,0.4043986,1.176952,-0.80321,0.594343,-0.6365646,0.4549481,0.1859143,
1,8,22.181,0.4043986,1.176952,-0.80321,0.594343,-0.6365646,0.4549481,0.1859143,CourtEnter
1,8,22.183,0.4043986,1.176952,-0.80321,0.594343,-0.6365646,0.4549481,0.1859143,
1,8,22.185,0.4026193,1.175423,-0.8023181,0.5955333,-0.6347928,0.4548994,0.1882679,
1,8,22.187,0.4026193,1.175423,-0.8023181,0.5955333,-0.6347928,0.4548994,0.1882679,
1,8,22.189,0.4026193,1.175423,-0.8023181,0.5955333,-0.6347928,0.4548994,0.1882679,CourtExit
1,8,22.191,0.4026193,1.175423,-0.8023181,0.5955333,-0.6347928,0.4548994,0.1882679,
1,8,22.193,0.4006849,1.174475,-0.8012831,0.5967958,-0.6325831,0.4554824,0.1902874,
1,8,22.195,0.4006849,1.174475,-0.8012831,0.5967958,-0.6325831,0.4554824,0.1902874,
1,8,22.197,0.4006849,1.174475,-0.8012831,0.5967958,-0.6325831,0.4554824,0.1902874,
1,8,22.199,0.4006849,1.174475,-0.8012831,0.5967958,-0.6325831,0.4554824,0.1902874,
1,8,22.201,0.3987513,1.173362,-0.8001674,0.5978126,-0.630461,0.4562637,0.1922561,
1,8,22.203,0.3987513,1.173362,-0.8001674,0.5978126,-0.630461,0.4562637,0.1922561,
1,8,22.205,0.3987513,1.173362,-0.8001674,0.5978126,-0.630461,0.4562637,0.1922561,
1,8,22.207,0.3987513,1.173362,-0.8001674,0.5978126,-0.630461,0.4562637,0.1922561,
1,8,22.209,0.3968659,1.172597,-0.7992631,0.5987446,-0.6281338,0.4574098,0.1942402,
1,8,22.211,0.3968659,1.172597,-0.7992631,0.5987446,-0.6281338,0.4574098,0.1942402,
1,8,22.213,0.3968659,1.172597,-0.7992631,0.5987446,-0.6281338,0.4574098,0.1942402,
1,8,22.215,0.3968659,1.172597,-0.7992631,0.5987446,-0.6281338,0.4574098,0.1942402,
1,8,22.217,0.3968659,1.172597,-0.7992631,0.5987446,-0.6281338,0.4574098,0.1942402,
1,8,22.219,0.395034,1.171535,-0.7980562,0.599341,-0.6261851,0.4586772,0.1956986,
1,8,22.221,0.395034,1.171535,-0.7980562,0.599341,-0.6261851,0.4586772,0.1956986,
1,8,22.223,0.395034,1.171535,-0.7980562,0.599341,-0.6261851,0.4586772,0.1956986,
1,8,22.225,0.395034,1.171535,-0.7980562,0.599341,-0.6261851,0.4586772,0.1956986,
1,8,22.227,0.3931476,1.170296,-0.7972553,0.5996065,-0.6245777,0.4598621,0.1972352,
1,8,22.229,0.3931476,1.170296,-0.7972553,0.5996065,-0.6245777,0.4598621,0.1972352,
1,8,22.231,0.3931476,1.170296,-0.7972553,0.5996065,-0.6245777,0.4598621,0.1972352,
1,8,22.233,0.3931476,1.170296,-0.7972553,0.5996065,-0.6245777,0.4598621,0.1972352,
1,8,22.235,0.3910848,1.169785,-0.7963769,0.6000406,-0.6228081,0.461427,0.1978551,
1,8,22.237,0.3910848,1.169785,-0.7963769,0.6000406,-0.6228081,0.461427,0.1978551,
1,8,22.239,0.3910848,1.169785,-0.7963769,0.6000406,-0.6228081,0.461427,0.1978551,
1,8,22.241,0.3910848,1.169785,-0.7963769,0.6000406,-0.6228081,0.461427,0.1978551,
1,8,22.243,0.3888649,1.168435,-0.7954119,0.5998849,-0.622079,0.4625767,0.1979364,
1,8,22.245,0.3888649,1.168435,-0.7954119,0.5998849,-0.622079,0.4625767,0.1979364,
1,8,22.247,0.3888649,1.168435,-0.7954119,0.5998849,-0.622079,0.4625767,0.1979364,
1,8,22.249,0.3888649,1.168435,-0.7954119,0.5998849,-0.622079,0.4625767,0.1979364,
1,8,22.251,0.3866728,1.166869,-0.7944448,0.5990267,-0.6218293,0.4640236,0.1979326,
1,8,22.253,0.3866728,1.166869,-0.7944448,0.5990267,-0.6218293,0.4640236,0.1979326,
1,8,22.255,0.3866728,1.166869,-0.7944448,0.5990267,-0.6218293,0.4640236,0.1979326,
1,8,22.257,0.3866728,1.166869,-0.7944448,0.5990267,-0.6218293,0.4640236,0.1979326,
1,8,22.259,0.3843384,1.165446,-0.7935335,0.5975688,-0.6218494,0.4658755,0.1979267,
1,8,22.261,0.3843384,1.165446,-0.7935335,0.5975688,-0.6218494,0.4658755,0.1979267,
1,8,22.263,0.3843384,1.165446,-0.7935335,0.5975688,-0.6218494,0.4658755,0.1979267,
1,8,22.265,0.3843384,1.165446,-0.7935335,0.5975688,-0.6218494,0.4658755,0.1979267,
1,8,22.267,0.3843384,1.165446,-0.7935335,0.5975688,-0.6218494,0.4658755,0.1979267,
1,8,22.269,0.3806822,1.162946,-0.791634,0.5931705,-0.6222715,0.4706283,0.198585,
1,8,22.271,0.3806822,1.162946,-0.791634,0.5931705,-0.6222715,0.4706283,0.198585,
1,8,22.273,0.3806822,1.162946,-0.791634,0.5931705,-0.6222715,0.4706283,0.198585,
1,8,22.275,0.3806822,1.162946,-0.791634,0.5931705,-0.6222715,0.4706283,0.198585,
1,8,22.277,0.3782003,1.161472,-0.789902,0.588725,-0.6226421,0.4752215,0.1997109,
1,8,22.279,0.3782003,1.161472,-0.789902,0.588725,-0.6226421,0.4752215,0.1997109,
1,8,22.281,0.3782003,1.161472,-0.789902,0.588725,-0.6226421,0.4752215,0.1997109,
1,8,22.283,0.3782003,1.161472,-0.789902,0.588725,-0.6226421,0.4752215,0.1997109,
1,8,22.285,0.3761033,1.159397,-0.7893089,0.5836035,-0.6232983,0.4796138,0.2021801,
1,8,22.287,0.3761033,1.159397,-0.7893089,0.5836035,-0.6232983,0.4796138,0.2021801,
1,8,22.289,0.3761033,1.159397,-0.7893089,0.5836035,-0.6232983,0.4796138,0.2021801,
1,8,22.291,0.3761033,1.159397,-0.7893089,0.5836035,-0.6232983,0.4796138,0.2021801,
1,8,22.293,0.3741201,1.157911,-0.7882371,0.5776462,-0.6236838,0.4851891,0.2047804,
1,8,22.295,0.3741201,1.157911,-0.7882371,0.5776462,-0.6236838,0.4851891,0.2047804,
1,8,22.297,0.3741201,1.157911,-0.7882371,0.5776462,-0.6236838,0.4851891,0.2047804,
1,8,22.299,0.3741201,1.157911,-0.7882371,0.5776462,-0.6236838,0.4851891,0.2047804,
1,8,22.301,0.3719723,1.156226,-0.7870319,0.5710378,-0.6244304,0.490914,0.2073788,
1,8,22.303,0.3719723,1.156226,-0.7870319,0.5710378,-0.6244304,0.490914,0.2073788,
1,8,22.305,0.3719723,1.156226,-0.7870319,0.5710378,-0.6244304,0.490914,0.2073788,
1,8,22.307,0.3719723,1.156226,-0.7870319,0.5710378,-0.6244304,0.490914,0.2073788,
1,8,22.309,0.3698822,1.154691,-0.7859998,0.563977,-0.6253034,0.4968761,0.209856,
1,8,22.311,0.3698822,1.154691,-0.7859998,0.563977,-0.6253034,0.4968761,0.209856,
1,8,22.313,0.3698822,1.154691,-0.7859998,0.563977,-0.6253034,0.4968761,0.209856,
1,8,22.315,0.3698822,1.154691,-0.7859998,0.563977,-0.6253034,0.4968761,0.209856,
1,8,22.317,0.3698822,1.154691,-0.7859998,0.563977,-0.6253034,0.4968761,0.209856,
1,8,22.319,0.3675506,1.153446,-0.7846564,0.5567897,-0.6263622,0.5028698,0.2116077,
1,8,22.321,0.3675506,1.153446,-0.7846564,0.5567897,-0.6263622,0.5028698,0.2116077,
1,8,22.323,0.3675506,1.153446,-0.7846564,0.5567897,-0.6263622,0.5028698,0.2116077,
1,8,22.325,0.3675506,1.153446,-0.7846564,0.5567897,-0.6263622,0.5028698,0.2116077,
1,8,22.327,0.365772,1.15194,-0.783913,0.5499147,-0.6277648,0.508055,0.213038,
1,8,22.329,0.365772,1.15194,-0.783913,0.5499147,-0.6277648,0.508055,0.213038,
1,8,22.331,0.365772,1.15194,-0.783913,0.5499147,-0.6277648,0.508055,0.213038,
1,8,22.333,0.365772,1.15194,-0.783913,0.5499147,-0.6277648,0.508055,0.213038,
1,8,22.335,0.3639968,1.150717,-0.7829099,0.5434297,-0.6293988,0.5128267,0.2134248,
1,8,22.337,0.3639968,1.150717,-0.7829099,0.5434297,-0.6293988,0.5128267,0.2134248,
1,8,22.339,0.3639968,1.150717,-0.7829099,0.5434297,-0.6293988,0.5128267,0.2134248,
1,8,22.341,0.3639968,1.150717,-0.7829099,0.5434297,-0.6293988,0.5128267,0.2134248,
1,8,22.343,0.3612463,1.150808,-0.7807789,0.5335649,-0.6306716,0.5213491,0.213909,
1,8,22.345,0.3612463,1.150808,-0.7807789,0.5335649,-0.6306716,0.5213491,0.213909,
1,8,22.347,0.3612463,1.150808,-0.7807789,0.5335649,-0.6306716,0.5213491,0.213909,
1,8,22.349,0.3612463,1.150808,-0.7807789,0.5335649,-0.6306716,0.5213491,0.213909,
1,8,22.351,0.3598026,1.150467,-0.7797384,0.527354,-0.6321349,0.5259293,0.2137793,
1,8,22.353,0.3598026,1.150467,-0.7797384,0.527354,-0.6321349,0.5259293,0.2137793,
1,8,22.355,0.3598026,1.150467,-0.7797384,0.527354,-0.6321349,0.5259293,0.2137793,
1,8,22.357,0.3598026,1.150467,-0.7797384,0.527354,-0.6321349,0.5259293,0.2137793,
1,8,22.359,0.3589386,1.150022,-0.7792609,0.5219023,-0.6339084,0.5294016,0.2133357,
1,8,22.361,0.3589386,1.150022,-0.7792609,0.5219023,-0.6339084,0.5294016,0.2133357,
1,8,22.363,0.3589386,1.150022,-0.7792609,0.5219023,-0.6339084,0.5294016,0.2133357,
1,8,22.365,0.3589386,1.150022,-0.7792609,0.5219023,-0.6339084,0.5294016,0.2133357,
1,8,22.367,0.3589386,1.150022,-0.7792609,0.5219023,-0.6339084,0.5294016,0.2133357,
1,8,22.369,0.3583247,1.149981,-0.7783213,0.5167609,-0.6356001,0.532747,0.2124884,
1,8,22.371,0.3583247,1.149981,-0.7783213,0.5167609,-0.6356001,0.532747,0.2124884,
1,8,22.373,0.3583247,1.149981,-0.7783213,0.5167609,-0.6356001,0.532747,0.2124884,
1,8,22.375,0.3583247,1.149981,-0.7783213,0.5167609,-0.6356001,0.532747,0.2124884,
1,8,22.377,0.3575769,1.150374,-0.7776551,0.5124485,-0.6371462,0.5355957,0.211136,
1,8,22.379,0.3575769,1.150374,-0.7776551,0.5124485,-0.6371462,0.5355957,0.211136,
1,8,22.381,0.3575769,1.150374,-0.7776551,0.5124485,-0.6371462,0.5355957,0.211136,
1,8,22.383,0.3575769,1.150374,-0.7776551,0.5124485,-0.6371462,0.5355957,0.211136,
1,8,22.385,0.3575747,1.150325,-0.7775561,0.5086821,-0.6390114,0.5374495,0.2098931,
1,8,22.387,0.3575747,1.150325,-0.7775561,0.5086821,-0.6390114,0.5374495,0.2098931,
1,8,22.389,0.3575747,1.150325,-0.7775561,0.5086821,-0.6390114,0.5374495,0.2098931,
1,8,22.391,0.3575747,1.150325,-0.7775561,0.5086821,-0.6390114,0.5374495,0.2098931,
1,8,22.393,0.3576916,1.150197,-0.77738,0.505198,-0.6408942,0.5390621,0.2084265,
1,8,22.395,0.3576916,1.150197,-0.77738,0.505198,-0.6408942,0.5390621,0.2084265,
1,8,22.397,0.3576916,1.150197,-0.77738,0.505198,-0.6408942,0.5390621,0.2084265,
1,8,22.399,0.3576916,1.150197,-0.77738,0.505198,-0.6408942,0.5390621,0.2084265,
1,8,22.401,0.3579276,1.150227,-0.7774694,0.5020472,-0.6427156,0.5403398,0.2071188,
1,8,22.403,0.3579276,1.150227,-0.7774694,0.5020472,-0.6427156,0.5403398,0.2071188,
1,8,22.405,0.3579276,1.150227,-0.7774694,0.5020472,-0.6427156,0.5403398,0.2071188,
1,8,22.407,0.3579276,1.150227,-0.7774694,0.5020472,-0.6427156,0.5403398,0.2071188,
1,8,22.409,0.3582729,1.150388,-0.7774795,0.4988484,-0.6444473,0.5416915,0.2059328,
1,8,22.411,0.3582729,1.150388,-0.7774795,0.4988484,-0.6444473,0.5416915,0.2059328,
1,8,22.413,0.3582729,1.150388,-0.7774795,0.4988484,-0.6444473,0.5416915,0.2059328,
1,8,22.415,0.3582729,1.150388,-0.7774795,0.4988484,-0.6444473,0.5416915,0.2059328,
1,8,22.417,0.3582729,1.150388,-0.7774795,0.4988484,-0.6444473,0.5416915,0.2059328,
1,8,22.419,0.3587809,1.1499,-0.7776287,0.4957175,-0.6464384,0.5425553,0.2049765,
1,8,22.421,0.3587809,1.1499,-0.7776287,0.4957175,-0.6464384,0.5425553,0.2049765,
1,8,22.423,0.3587809,1.1499,-0.7776287,0.4957175,-0.6464384,0.5425553,0.2049765,
1,8,22.425,0.3587809,1.1499,-0.7776287,0.4957175,-0.6464384,0.5425553,0.2049765,
1,8,22.427,0.3594364,1.149903,-0.7778004,0.492819,-0.6478639,0.5437939,0.2041815,
1,8,22.429,0.3594364,1.149903,-0.7778004,0.492819,-0.6478639,0.5437939,0.2041815,
1,8,22.431,0.3594364,1.149903,-0.7778004,0.492819,-0.6478639,0.5437939,0.2041815,
1,8,22.433,0.3594364,1.149903,-0.7778004,0.492819,-0.6478639,0.5437939,0.2041815,
1,8,22.435,0.3600318,1.150239,-0.7786113,0.4904019,-0.6488378,0.5449858,0.2037305,
1,8,22.437,0.3600318,1.150239,-0.7786113,0.4904019,-0.6488378,0.5449858,0.2037305,
1,8,22.439,0.3600318,1.150239,-0.7786113,0.4904019,-0.6488378,0.5449858,0.2037305,
1,8,22.441,0.3600318,1.150239,-0.7786113,0.4904019,-0.6488378,0.5449858,0.2037305,
1,8,22.443,0.3607939,1.150268,-0.7790905,0.4873816,-0.6500053,0.5463253,0.203669,
1,8,22.445,0.3607939,1.150268,-0.7790905,0.4873816,-0.6500053,0.5463253,0.203669,
1,8,22.447,0.3607939,1.150268,-0.7790905,0.4873816,-0.6500053,0.5463253,0.203669,
1,8,22.449,0.3607939,1.150268,-0.7790905,0.4873816,-0.6500053,0.5463253,0.203669,
1,8,22.451,0.3614835,1.149635,-0.7791666,0.4843356,-0.6516366,0.547282,0.2031535,
1,8,22.453,0.3614835,1.149635,-0.7791666,0.4843356,-0.6516366,0.547282,0.2031535,
1,8,22.455,0.3614835,1.149635,-0.7791666,0.4843356,-0.6516366,0.547282,0.2031535,
1,8,22.457,0.3614835,1.149635,-0.7791666,0.4843356,-0.6516366,0.547282,0.2031535,
1,8,22.459,0.3623252,1.148902,-0.7797427,0.4817906,-0.6533489,0.5477269,0.2025051,
1,8,22.461,0.3623252,1.148902,-0.7797427,0.4817906,-0.6533489,0.5477269,0.2025051,
1,8,22.463,0.3623252,1.148902,-0.7797427,0.4817906,-0.6533489,0.5477269,0.2025051,
1,8,22.465,0.3623252,1.148902,-0.7797427,0.4817906,-0.6533489,0.5477269,0.2025051,
1,8,22.467,0.3623252,1.148902,-0.7797427,0.4817906,-0.6533489,0.5477269,0.2025051,
1,8,22.469,0.3625684,1.148651,-0.7798988,0.4787338,-0.6546438,0.5490761,0.2019184,
1,8,22.471,0.3625684,1.148651,-0.7798988,0.4787338,-0.6546438,0.5490761,0.2019184,
1,8,22.473,0.3625684,1.148651,-0.7798988,0.4787338,-0.6546438,0.5490761,0.2019184,
1,8,22.475,0.3625684,1.148651,-0.7798988,0.4787338,-0.6546438,0.5490761,0.2019184,
1,8,22.477,0.3628314,1.148177,-0.7802162,0.4757975,-0.6561253,0.5501568,0.2011071,
1,8,22.479,0.3628314,1.148177,-0.7802162,0.4757975,-0.6561253,0.5501568,0.2011071,
1,8,22.481,0.3628314,1.148177,-0.7802162,0.4757975,-0.6561253,0.5501568,0.2011071,
1,8,22.483,0.3628314,1.148177,-0.7802162,0.4757975,-0.6561253,0.5501568,0.2011071,
1,8,22.485,0.3630427,1.147916,-0.7806561,0.473076,-0.6569793,0.5515851,0.2008263,
1,8,22.487,0.3630427,1.147916,-0.7806561,0.473076,-0.6569793,0.5515851,0.2008263,
1,8,22.489,0.3630427,1.147916,-0.7806561,0.473076,-0.6569793,0.5515851,0.2008263,
1,8,22.491,0.3630427,1.147916,-0.7806561,0.473076,-0.6569793,0.5515851,0.2008263,
1,8,22.493,0.3634514,1.147323,-0.7812588,0.4688574,-0.6585424,0.5535409,0.200218,
1,8,22.495,0.3634514,1.147323,-0.7812588,0.4688574,-0.6585424,0.5535409,0.200218,
1,8,22.497,0.3634514,1.147323,-0.7812588,0.4688574,-0.6585424,0.5535409,0.200218,
1,8,22.499,0.3634514,1.147323,-0.7812588,0.4688574,-0.6585424,0.5535409,0.200218,
1,8,22.501,0.3635981,1.147184,-0.7813919,0.4655047,-0.65918,0.5555323,0.2004271,
1,8,22.503,0.3635981,1.147184,-0.7813919,0.4655047,-0.65918,0.5555323,0.2004271,
1,8,22.505,0.3635981,1.147184,-0.7813919,0.4655047,-0.65918,0.5555323,0.2004271,
1,8,22.507,0.3635981,1.147184,-0.7813919,0.4655047,-0.65918,0.5555323,0.2004271,
1,8,22.509,0.3636349,1.147297,-0.781353,0.4620791,-0.6594225,0.5579138,0.2009408,
1,8,22.511,0.3636349,1.147297,-0.781353,0.4620791,-0.6594225,0.5579138,0.2009408,
1,8,22.513,0.3636349,1.147297,-0.781353,0.4620791,-0.6594225,0.5579138,0.2009408,
1,8,22.515,0.3636349,1.147297,-0.781353,0.4620791,-0.6594225,0.5579138,0.2009408,
1,8,22.517,0.3636349,1.147297,-0.781353,0.4620791,-0.6594225,0.5579138,0.2009408,
1,8,22.519,0.3636939,1.147299,-0.7814167,0.4586248,-0.6598529,0.5600759,0.2014266,
1,8,22.521,0.3636939,1.147299,-0.7814167,0.4586248,-0.6598529,0.5600759,0.2014266,
1,8,22.523,0.3636939,1.147299,-0.7814167,0.4586248,-0.6598529,0.5600759,0.2014266,
1,8,22.525,0.3636939,1.147299,-0.7814167,0.4586248,-0.6598529,0.5600759,0.2014266,
1,8,22.527,0.3633979,1.147175,-0.7812234,0.4553467,-0.6604254,0.5620061,0.2016108,
1,8,22.529,0.3633979,1.147175,-0.7812234,0.4553467,-0.6604254,0.5620061,0.2016108,
1,8,22.531,0.3633979,1.147175,-0.7812234,0.4553467,-0.6604254,0.5620061,0.2016108,
1,8,22.533,0.3633979,1.147175,-0.7812234,0.4553467,-0.6604254,0.5620061,0.2016108,
1,8,22.535,0.3634991,1.147101,-0.7811743,0.4532304,-0.660904,0.5633406,0.2010855,
1,8,22.537,0.3634991,1.147101,-0.7811743,0.4532304,-0.660904,0.5633406,0.2010855,
1,8,22.539,0.3634991,1.147101,-0.7811743,0.4532304,-0.660904,0.5633406,0.2010855,
1,8,22.541,0.3634991,1.147101,-0.7811743,0.4532304,-0.660904,0.5633406,0.2010855,
1,8,22.543,0.3637773,1.146881,-0.7812672,0.4520129,-0.661533,0.5639192,0.2001341,
1,8,22.545,0.3637773,1.146881,-0.7812672,0.4520129,-0.661533,0.5639192,0.2001341,
1,8,22.547,0.3637773,1.146881,-0.7812672,0.4520129,-0.661533,0.5639192,0.2001341,
1,8,22.549,0.3637773,1.146881,-0.7812672,0.4520129,-0.661533,0.5639192,0.2001341,
1,8,22.551,0.3639802,1.14652,-0.7813321,0.4508793,-0.6623135,0.5643225,0.1989698,
1,8,22.553,0.3639802,1.14652,-0.7813321,0.4508793,-0.6623135,0.5643225,0.1989698,
1,8,22.555,0.3639802,1.14652,-0.7813321,0.4508793,-0.6623135,0.5643225,0.1989698,
1,8,22.557,0.3639802,1.14652,-0.7813321,0.4508793,-0.6623135,0.5643225,0.1989698,
1,8,22.559,0.3642434,1.14667,-0.7813606,0.4500908,-0.6624829,0.5650293,0.1981833,
1,8,22.561,0.3642434,1.14667,-0.7813606,0.4500908,-0.6624829,0.5650293,0.1981833,
1,8,22.563,0.3642434,1.14667,-0.7813606,0.4500908,-0.6624829,0.5650293,0.1981833,
1,8,22.565,0.3642434,1.14667,-0.7813606,0.4500908,-0.6624829,0.5650293,0.1981833,
1,8,22.567,0.3642434,1.14667,-0.7813606,0.4500908,-0.6624829,0.5650293,0.1981833,
1,8,22.569,0.3647254,1.146557,-0.7816933,0.4489154,-0.6627892,0.5658123,0.1975901,
1,8,22.571,0.3647254,1.146557,-0.7816933,0.4489154,-0.6627892,0.5658123,0.1975901,
1,8,22.573,0.3647254,1.146557,-0.7816933,0.4489154,-0.6627892,0.5658123,0.1975901,
1,8,22.575,0.3647254,1.146557,-0.7816933,0.4489154,-0.6627892,0.5658123,0.1975901,
1,8,22.577,0.3650972,1.14644,-0.7818251,0.4483457,-0.6628778,0.5662853,0.1972314,
1,8,22.579,0.3650972,1.14644,-0.7818251,0.4483457,-0.6628778,0.5662853,0.1972314,
1,8,22.581,0.3650972,1.14644,-0.7818251,0.4483457,-0.6628778,0.5662853,0.1972314,
1,8,22.583,0.3650972,1.14644,-0.7818251,0.4483457,-0.6628778,0.5662853,0.1972314,
1,8,22.585,0.3655636,1.14623,-0.7821853,0.4482012,-0.6628941,0.5664981,0.1968938,
1,8,22.587,0.3655636,1.14623,-0.7821853,0.4482012,-0.6628941,0.5664981,0.1968938,
1,8,22.589,0.3655636,1.14623,-0.7821853,0.4482012,-0.6628941,0.5664981,0.1968938,
1,8,22.591,0.3655636,1.14623,-0.7821853,0.4482012,-0.6628941,0.5664981,0.1968938,
1,8,22.593,0.3661598,1.145867,-0.782701,0.4485872,-0.6628935,0.5663553,0.1964269,
1,8,22.595,0.3661598,1.145867,-0.782701,0.4485872,-0.6628935,0.5663553,0.1964269,
1,8,22.597,0.3661598,1.145867,-0.782701,0.4485872,-0.6628935,0.5663553,0.1964269,
1,8,22.599,0.3661598,1.145867,-0.782701,0.4485872,-0.6628935,0.5663553,0.1964269,
1,8,22.601,0.3665258,1.145685,-0.7827966,0.4489121,-0.6627244,0.5665196,0.1957803,
1,8,22.603,0.3665258,1.145685,-0.7827966,0.4489121,-0.6627244,0.5665196,0.1957803,
1,8,22.605,0.3665258,1.145685,-0.7827966,0.4489121,-0.6627244,0.5665196,0.1957803,
1,8,22.607,0.3665258,1.145685,-0.7827966,0.4489121,-0.6627244,0.5665196,0.1957803,
1,8,22.609,0.3667137,1.145774,-0.782933,0.4491315,-0.6622566,0.5670062,0.1954509,
1,8,22.611,0.3667137,1.145774,-0.782933,0.4491315,-0.6622566,0.5670062,0.1954509,
1,8,22.613,0.3667137,1.145774,-0.782933,0.4491315,-0.6622566,0.5670062,0.1954509,
1,8,22.615,0.3667137,1.145774,-0.782933,0.4491315,-0.6622566,0.5670062,0.1954509,
1,8,22.617,0.3667137,1.145774,-0.782933,0.4491315,-0.6622566,0.5670062,0.1954509,
1,8,22.619,0.3669307,1.145768,-0.7831261,0.4494739,-0.6617613,0.5673994,0.1952004,
1,8,22.621,0.3669307,1.145768,-0.7831261,0.4494739,-0.6617613,0.5673994,0.1952004,
1,8,22.623,0.3669307,1.145768,-0.7831261,0.4494739,-0.6617613,0.5673994,0.1952004,
1,8,22.625,0.3669307,1.145768,-0.7831261,0.4494739,-0.6617613,0.5673994,0.1952004,
1,8,22.627,0.3670563,1.145929,-0.7832313,0.449733,-0.661065,0.5680225,0.1951509,
1,8,22.629,0.3670563,1.145929,-0.7832313,0.449733,-0.661065,0.5680225,0.1951509,
1,8,22.631,0.3670563,1.145929,-0.7832313,0.449733,-0.661065,0.5680225,0.1951509,
1,8,22.633,0.3670563,1.145929,-0.7832313,0.449733,-0.661065,0.5680225,0.1951509,
1,8,22.635,0.3672672,1.146069,-0.7833023,0.450243,-0.6603804,0.5685256,0.1948273,
1,8,22.637,0.3672672,1.146069,-0.7833023,0.450243,-0.6603804,0.5685256,0.1948273,
1,8,22.639,0.3672672,1.146069,-0.7833023,0.450243,-0.6603804,0.5685256,0.1948273,
1,8,22.641,0.3672672,1.146069,-0.7833023,0.450243,-0.6603804,0.5685256,0.1948273,
1,8,22.643,0.3677917,1.145388,-0.7834876,0.4512862,-0.6598942,0.5684294,0.1943412,
1,8,22.645,0.3677917,1.145388,-0.7834876,0.4512862,-0.6598942,0.5684294,0.1943412,
1,8,22.647,0.3677917,1.145388,-0.7834876,0.4512862,-0.6598942,0.5684294,0.1943412,
1,8,22.649,0.3677917,1.145388,-0.7834876,0.4512862,-0.6598942,0.5684294,0.1943412,
1,8,22.651,0.3679771,1.145198,-0.7836601,0.452206,-0.6594876,0.568321,0.1939,
1,8,22.653,0.3679771,1.145198,-0.7836601,0.452206,-0.6594876,0.568321,0.1939,
1,8,22.655,0.3679771,1.145198,-0.7836601,0.452206,-0.6594876,0.568321,0.1939,
1,8,22.657,0.3679771,1.145198,-0.7836601,0.452206,-0.6594876,0.568321,0.1939,
1,8,22.659,0.3679632,1.144889,-0.7836207,0.4529849,-0.6593243,0.5681006,0.1932822,
1,8,22.661,0.3679632,1.144889,-0.7836207,0.4529849,-0.6593243,0.5681006,0.1932822,
1,8,22.663,0.3679632,1.144889,-0.7836207,0.4529849,-0.6593243,0.5681006,0.1932822,
1,8,22.665,0.3679632,1.144889,-0.7836207,0.4529849,-0.6593243,0.5681006,0.1932822,
1,8,22.667,0.3679632,1.144889,-0.7836207,0.4529849,-0.6593243,0.5681006,0.1932822,
1,8,22.669,0.3679785,1.144674,-0.7835708,0.4540747,-0.6591101,0.567762,0.1924486,
1,8,22.671,0.3679785,1.144674,-0.7835708,0.4540747,-0.6591101,0.567762,0.1924486,
1,8,22.673,0.3679785,1.144674,-0.7835708,0.4540747,-0.6591101,0.567762,0.1924486,
1,8,22.675,0.3679785,1.144674,-0.7835708,0.4540747,-0.6591101,0.567762,0.1924486,
1,8,22.677,0.3680429,1.144742,-0.783546,0.4550007,-0.6587393,0.5676194,0.1919508,
1,8,22.679,0.3680429,1.144742,-0.783546,0.4550007,-0.6587393,0.5676194,0.1919508,
1,8,22.681,0.3680429,1.144742,-0.783546,0.4550007,-0.6587393,0.5676194,0.1919508,
1,8,22.683,0.3680429,1.144742,-0.783546,0.4550007,-0.6587393,0.5676194,0.1919508,
1,8,22.685,0.3680299,1.144973,-0.7833897,0.4556995,-0.6583104,0.5676649,0.1916302,
1,8,22.687,0.3680299,1.144973,-0.7833897,0.4556995,-0.6583104,0.5676649,0.1916302,
1,8,22.689,0.3680299,1.144973,-0.7833897,0.4556995,-0.6583104,0.5676649,0.1916302,
1,8,22.691,0.3680299,1.144973,-0.7833897,0.4556995,-0.6583104,0.5676649,0.1916302,
1,8,22.693,0.3680219,1.145102,-0.7832599,0.4562369,-0.658034,0.5676065,0.1914735,
1,8,22.695,0.3680219,1.145102,-0.7832599,0.4562369,-0.658034,0.5676065,0.1914735,
1,8,22.697,0.3680219,1.145102,-0.7832599,0.4562369,-0.658034,0.5676065,0.1914735,
1,8,22.699,0.3680219,1.145102,-0.7832599,0.4562369,-0.658034,0.5676065,0.1914735,
1,8,22.701,0.368039,1.145259,-0.7831734,0.4567027,-0.657831,0.5674874,0.1914136,
1,8,22.703,0.368039,1.145259,-0.7831734,0.4567027,-0.657831,0.5674874,0.1914136,
1,8,22.705,0.368039,1.145259,-0.7831734,0.4567027,-0.657831,0.5674874,0.1914136,
1,8,22.707,0.368039,1.145259,-0.7831734,0.4567027,-0.657831,0.5674874,0.1914136,
1,8,22.709,0.3680643,1.145337,-0.7830429,0.4571618,-0.6578704,0.5671402,0.191211,
1,8,22.711,0.3680643,1.145337,-0.7830429,0.4571618,-0.6578704,0.5671402,0.191211,
1,8,22.713,0.3680643,1.145337,-0.7830429,0.4571618,-0.6578704,0.5671402,0.191211,
1,8,22.715,0.3680643,1.145337,-0.7830429,0.4571618,-0.6578704,0.5671402,0.191211,
1,8,22.717,0.3680643,1.145337,-0.7830429,0.4571618,-0.6578704,0.5671402,0.191211,
1,8,22.719,0.3680397,1.145306,-0.7828558,0.457992,-0.6583452,0.5661798,0.1904348,
1,8,22.721,0.3680397,1.145306,-0.7828558,0.457992,-0.6583452,0.5661798,0.1904348,
1,8,22.723,0.3680397,1.145306,-0.7828558,0.457992,-0.6583452,0.5661798,0.1904348,
1,8,22.725,0.3680397,1.145306,-0.7828558,0.457992,-0.6583452,0.5661798,0.1904348,
1,8,22.727,0.367885,1.145411,-0.7826594,0.4585492,-0.6587016,0.5655304,0.18979,
1,8,22.729,0.367885,1.145411,-0.7826594,0.4585492,-0.6587016,0.5655304,0.18979,
1,8,22.731,0.367885,1.145411,-0.7826594,0.4585492,-0.6587016,0.5655304,0.18979,
1,8,22.733,0.367885,1.145411,-0.7826594,0.4585492,-0.6587016,0.5655304,0.18979,
1,8,22.735,0.3677734,1.145501,-0.7824572,0.459017,-0.6591348,0.5648267,0.1892501,
1,8,22.737,0.3677734,1.145501,-0.7824572,0.459017,-0.6591348,0.5648267,0.1892501,
1,8,22.739,0.3677734,1.145501,-0.7824572,0.459017,-0.6591348,0.5648267,0.1892501,
1,8,22.741,0.3677734,1.145501,-0.7824572,0.459017,-0.6591348,0.5648267,0.1892501,
1,8,22.743,0.3676543,1.145717,-0.7821327,0.4591464,-0.6594309,0.5644429,0.1890495,
1,8,22.745,0.3676543,1.145717,-0.7821327,0.4591464,-0.6594309,0.5644429,0.1890495,
1,8,22.747,0.3676543,1.145717,-0.7821327,0.4591464,-0.6594309,0.5644429,0.1890495,
1,8,22.749,0.3676543,1.145717,-0.7821327,0.4591464,-0.6594309,0.5644429,0.1890495,
1,8,22.751,0.3676289,1.145875,-0.7818451,0.4590837,-0.6597896,0.56406,0.1890931,
1,8,22.753,0.3676289,1.145875,-0.7818451,0.4590837,-0.6597896,0.56406,0.1890931,
1,8,22.755,0.3676289,1.145875,-0.7818451,0.4590837,-0.6597896,0.56406,0.1890931,
1,8,22.757,0.3676289,1.145875,-0.7818451,0.4590837,-0.6597896,0.56406,0.1890931,
1,8,22.759,0.3675513,1.146057,-0.7815103,0.4588495,-0.6600546,0.5638614,0.1893291,
1,8,22.761,0.3675513,1.146057,-0.7815103,0.4588495,-0.6600546,0.5638614,0.1893291,
1,8,22.763,0.3675513,1.146057,-0.7815103,0.4588495,-0.6600546,0.5638614,0.1893291,
1,8,22.765,0.3675513,1.146057,-0.7815103,0.4588495,-0.6600546,0.5638614,0.1893291,
1,8,22.767,0.3675513,1.146057,-0.7815103,0.4588495,-0.6600546,0.5638614,0.1893291,
1,8,22.769,0.367539,1.14626,-0.7813214,0.4586649,-0.6602751,0.5636548,0.189622,
1,8,22.771,0.367539,1.14626,-0.7813214,0.4586649,-0.6602751,0.5636548,0.189622,
1,8,22.773,0.367539,1.14626,-0.7813214,0.4586649,-0.6602751,0.5636548,0.189622,
1,8,22.775,0.367539,1.14626,-0.7813214,0.4586649,-0.6602751,0.5636548,0.189622,
1,8,22.777,0.3675936,1.146349,-0.7812012,0.4585695,-0.6605729,0.563273,0.1899498,
1,8,22.779,0.3675936,1.146349,-0.7812012,0.4585695,-0.6605729,0.563273,0.1899498,
1,8,22.781,0.3675936,1.146349,-0.7812012,0.4585695,-0.6605729,0.563273,0.1899498,
1,8,22.783,0.3675936,1.146349,-0.7812012,0.4585695,-0.6605729,0.563273,0.1899498,
1,8,22.785,0.3676057,1.146177,-0.7808987,0.4581197,-0.6611581,0.5627812,0.1904569,
1,8,22.787,0.3676057,1.146177,-0.7808987,0.4581197,-0.6611581,0.5627812,0.1904569,
1,8,22.789,0.3676057,1.146177,-0.7808987,0.4581197,-0.6611581,0.5627812,0.1904569,
1,8,22.791,0.3676057,1.146177,-0.7808987,0.4581197,-0.6611581,0.5627812,0.1904569,
1,8,22.793,0.3678819,1.146069,-0.7808517,0.4583889,-0.6615703,0.5620556,0.1905199,
1,8,22.795,0.3678819,1.146069,-0.7808517,0.4583889,-0.6615703,0.5620556,0.1905199,
1,8,22.797,0.3678819,1.146069,-0.7808517,0.4583889,-0.6615703,0.5620556,0.1905199,
1,8,22.799,0.3678819,1.146069,-0.7808517,0.4583889,-0.6615703,0.5620556,0.1905199,
1,8,22.801,0.3678693,1.145957,-0.7806709,0.458545,-0.6620268,0.5613957,0.1905047,
1,8,22.803,0.3678693,1.145957,-0.7806709,0.458545,-0.6620268,0.5613957,0.1905047,
1,8,22.805,0.3678693,1.145957,-0.7806709,0.458545,-0.6620268,0.5613957,0.1905047,
1,8,22.807,0.3678693,1.145957,-0.7806709,0.458545,-0.6620268,0.5613957,0.1905047,
1,8,22.809,0.3677455,1.146032,-0.7803381,0.4585097,-0.662206,0.5611522,0.1906839,
1,8,22.811,0.3677455,1.146032,-0.7803381,0.4585097,-0.662206,0.5611522,0.1906839,
1,8,22.813,0.3677455,1.146032,-0.7803381,0.4585097,-0.662206,0.5611522,0.1906839,
1,8,22.815,0.3677455,1.146032,-0.7803381,0.4585097,-0.662206,0.5611522,0.1906839,
1,8,22.817,0.3677455,1.146032,-0.7803381,0.4585097,-0.662206,0.5611522,0.1906839,
1,8,22.819,0.3675745,1.146132,-0.7799914,0.4583311,-0.6622233,0.5611644,0.1910171,
1,8,22.821,0.3675745,1.146132,-0.7799914,0.4583311,-0.6622233,0.5611644,0.1910171,
1,8,22.823,0.3675745,1.146132,-0.7799914,0.4583311,-0.6622233,0.5611644,0.1910171,
1,8,22.825,0.3675745,1.146132,-0.7799914,0.4583311,-0.6622233,0.5611644,0.1910171,
1,8,22.827,0.3675911,1.145819,-0.7798011,0.4584351,-0.6624109,0.5607729,0.1912664,
1,8,22.829,0.3675911,1.145819,-0.7798011,0.4584351,-0.6624109,0.5607729,0.1912664,
1,8,22.831,0.3675911,1.145819,-0.7798011,0.4584351,-0.6624109,0.5607729,0.1912664,
1,8,22.833,0.3675911,1.145819,-0.7798011,0.4584351,-0.6624109,0.5607729,0.1912664,
1,8,22.835,0.3674997,1.145792,-0.7794676,0.4587162,-0.6622738,0.5606667,0.1913787,
1,8,22.837,0.3674997,1.145792,-0.7794676,0.4587162,-0.6622738,0.5606667,0.1913787,
1,8,22.839,0.3674997,1.145792,-0.7794676,0.4587162,-0.6622738,0.5606667,0.1913787,
1,8,22.841,0.3674997,1.145792,-0.7794676,0.4587162,-0.6622738,0.5606667,0.1913787,
1,8,22.843,0.3674356,1.145778,-0.7790406,0.4590604,-0.6620276,0.5606729,0.1913872,
1,8,22.845,0.3674356,1.145778,-0.7790406,0.4590604,-0.6620276,0.5606729,0.1913872,
1,8,22.847,0.3674356,1.145778,-0.7790406,0.4590604,-0.6620276,0.5606729,0.1913872,
1,8,22.849,0.3674356,1.145778,-0.7790406,0.4590604,-0.6620276,0.5606729,0.1913872,
1,8,22.851,0.3675113,1.145426,-0.778765,0.4594248,-0.6618907,0.5605081,0.1914693,
1,8,22.853,0.3675113,1.145426,-0.778765,0.4594248,-0.6618907,0.5605081,0.1914693,
1,8,22.855,0.3675113,1.145426,-0.778765,0.4594248,-0.6618907,0.5605081,0.1914693,
1,8,22.857,0.3675113,1.145426,-0.778765,0.4594248,-0.6618907,0.5605081,0.1914693,
1,8,22.859,0.3677596,1.145434,-0.7787421,0.4604865,-0.6613057,0.5603725,0.1913366,
1,8,22.861,0.3677596,1.145434,-0.7787421,0.4604865,-0.6613057,0.5603725,0.1913366,
1,8,22.863,0.3677596,1.145434,-0.7787421,0.4604865,-0.6613057,0.5603725,0.1913366,
1,8,22.865,0.3677596,1.145434,-0.7787421,0.4604865,-0.6613057,0.5603725,0.1913366,
1,8,22.867,0.3677596,1.145434,-0.7787421,0.4604865,-0.6613057,0.5603725,0.1913366,
1,8,22.869,0.3679411,1.145353,-0.7785024,0.4613136,-0.6607848,0.560362,0.191175,
1,8,22.871,0.3679411,1.145353,-0.7785024,0.4613136,-0.6607848,0.560362,0.191175,
1,8,22.873,0.3679411,1.145353,-0.7785024,0.4613136,-0.6607848,0.560362,0.191175,
1,8,22.875,0.3679411,1.145353,-0.7785024,0.4613136,-0.6607848,0.560362,0.191175,
1,8,22.877,0.3679961,1.144925,-0.7782366,0.4618549,-0.660412,0.5603819,0.1910974,
1,8,22.879,0.3679961,1.144925,-0.7782366,0.4618549,-0.660412,0.5603819,0.1910974,
1,8,22.881,0.3679961,1.144925,-0.7782366,0.4618549,-0.660412,0.5603819,0.1910974,
1,8,22.883,0.3679961,1.144925,-0.7782366,0.4618549,-0.660412,0.5603819,0.1910974,
1,8,22.885,0.3682356,1.144886,-0.7780537,0.4627478,-0.6596743,0.5605916,0.1908701,
1,8,22.887,0.3682356,1.144886,-0.7780537,0.4627478,-0.6596743,0.5605916,0.1908701,
1,8,22.889,0.3682356,1.144886,-0.7780537,0.4627478,-0.6596743,0.5605916,0.1908701,
1,8,22.891,0.3682356,1.144886,-0.7780537,0.4627478,-0.6596743,0.5605916,0.1908701,
1,8,22.893,0.3682958,1.144881,-0.7778611,0.4632052,-0.6589531,0.5610378,0.1909412,
1,8,22.895,0.3682958,1.144881,-0.7778611,0.4632052,-0.6589531,0.5610378,0.1909412,
1,8,22.897,0.3682958,1.144881,-0.7778611,0.4632052,-0.6589531,0.5610378,0.1909412,
1,8,22.899,0.3682958,1.144881,-0.7778611,0.4632052,-0.6589531,0.5610378,0.1909412,
1,8,22.901,0.3682516,1.14476,-0.7775624,0.4632735,-0.6581522,0.5618157,0.19125,
1,8,22.903,0.3682516,1.14476,-0.7775624,0.4632735,-0.6581522,0.5618157,0.19125,
1,8,22.905,0.3682516,1.14476,-0.7775624,0.4632735,-0.6581522,0.5618157,0.19125,
1,8,22.907,0.3682516,1.14476,-0.7775624,0.4632735,-0.6581522,0.5618157,0.19125,
1,8,22.909,0.3686112,1.144211,-0.7775584,0.4636362,-0.6575835,0.562115,0.1914479,
1,8,22.911,0.3686112,1.144211,-0.7775584,0.4636362,-0.6575835,0.562115,0.1914479,
1,8,22.913,0.3686112,1.144211,-0.7775584,0.4636362,-0.6575835,0.562115,0.1914479,
1,8,22.915,0.3686112,1.144211,-0.7775584,0.4636362,-0.6575835,0.562115,0.1914479,
1,8,22.917,0.3686112,1.144211,-0.7775584,0.4636362,-0.6575835,0.562115,0.1914479,
1,8,22.919,0.368351,1.144098,-0.7771831,0.4635732,-0.6569666,0.5628839,0.191459,
1,8,22.921,0.368351,1.144098,-0.7771831,0.4635732,-0.6569666,0.5628839,0.191459,
1,8,22.923,0.368351,1.144098,-0.7771831,0.4635732,-0.6569666,0.5628839,0.191459,
1,8,22.925,0.368351,1.144098,-0.7771831,0.4635732,-0.6569666,0.5628839,0.191459,
1,8,22.927,0.3683741,1.144083,-0.7768608,0.4639101,-0.6562145,0.5635269,0.1913304,
1,8,22.929,0.3683741,1.144083,-0.7768608,0.4639101,-0.6562145,0.5635269,0.1913304,
1,8,22.931,0.3683741,1.144083,-0.7768608,0.4639101,-0.6562145,0.5635269,0.1913304,
1,8,22.933,0.3683741,1.144083,-0.7768608,0.4639101,-0.6562145,0.5635269,0.1913304,
1,8,22.935,0.3684505,1.143802,-0.7767681,0.464278,-0.6557405,0.5638402,0.1911404,
1,8,22.937,0.3684505,1.143802,-0.7767681,0.464278,-0.6557405,0.5638402,0.1911404,
1,8,22.939,0.3684505,1.143802,-0.7767681,0.464278,-0.6557405,0.5638402,0.1911404,
1,8,22.941,0.3684505,1.143802,-0.7767681,0.464278,-0.6557405,0.5638402,0.1911404,
1,8,22.943,0.368547,1.14346,-0.7767779,0.4645302,-0.6553084,0.564133,0.1911461,
1,8,22.945,0.368547,1.14346,-0.7767779,0.4645302,-0.6553084,0.564133,0.1911461,
1,8,22.947,0.368547,1.14346,-0.7767779,0.4645302,-0.6553084,0.564133,0.1911461,
1,8,22.949,0.368547,1.14346,-0.7767779,0.4645302,-0.6553084,0.564133,0.1911461,
1,8,22.951,0.3687097,1.14328,-0.7767507,0.4649443,-0.6549246,0.5643833,0.1907149,
1,8,22.953,0.3687097,1.14328,-0.7767507,0.4649443,-0.6549246,0.5643833,0.1907149,
1,8,22.955,0.3687097,1.14328,-0.7767507,0.4649443,-0.6549246,0.5643833,0.1907149,
1,8,22.957,0.3687097,1.14328,-0.7767507,0.4649443,-0.6549246,0.5643833,0.1907149,
1,8,22.959,0.3689225,1.143017,-0.7768083,0.4657661,-0.6544832,0.5645133,0.1898377,
1,8,22.961,0.3689225,1.143017,-0.7768083,0.4657661,-0.6544832,0.5645133,0.1898377,
1,8,22.963,0.3689225,1.143017,-0.7768083,0.4657661,-0.6544832,0.5645133,0.1898377,
1,8,22.965,0.3689225,1.143017,-0.7768083,0.4657661,-0.6544832,0.5645133,0.1898377,
1,8,22.967,0.3689225,1.143017,-0.7768083,0.4657661,-0.6544832,0.5645133,0.1898377,
1,8,22.969,0.3689743,1.143144,-0.7766376,0.4662174,-0.654125,0.5647942,0.1891279,
1,8,22.971,0.3689743,1.143144,-0.7766376,0.4662174,-0.654125,0.5647942,0.1891279,
1,8,22.973,0.3689743,1.143144,-0.7766376,0.4662174,-0.654125,0.5647942,0.1891279,
1,8,22.975,0.3689743,1.143144,-0.7766376,0.4662174,-0.654125,0.5647942,0.1891279,
1,8,22.977,0.3690029,1.143277,-0.7765675,0.466669,-0.6538575,0.5649865,0.188363,
1,8,22.979,0.3690029,1.143277,-0.7765675,0.466669,-0.6538575,0.5649865,0.188363,
1,8,22.981,0.3690029,1.143277,-0.7765675,0.466669,-0.6538575,0.5649865,0.188363,
1,8,22.983,0.3690029,1.143277,-0.7765675,0.466669,-0.6538575,0.5649865,0.188363,
1,8,22.985,0.3688956,1.143479,-0.7764623,0.4669604,-0.6535099,0.5653615,0.1877214,
1,8,22.987,0.3688956,1.143479,-0.7764623,0.4669604,-0.6535099,0.5653615,0.1877214,
1,8,22.989,0.3688956,1.143479,-0.7764623,0.4669604,-0.6535099,0.5653615,0.1877214,
1,8,22.991,0.3688956,1.143479,-0.7764623,0.4669604,-0.6535099,0.5653615,0.1877214,
1,8,22.993,0.3688507,1.143683,-0.7763566,0.4671956,-0.6531373,0.5657657,0.1872141,
1,8,22.995,0.3688507,1.143683,-0.7763566,0.4671956,-0.6531373,0.5657657,0.1872141,
1,8,22.997,0.3688507,1.143683,-0.7763566,0.4671956,-0.6531373,0.5657657,0.1872141,
1,8,22.999,0.3688507,1.143683,-0.7763566,0.4671956,-0.6531373,0.5657657,0.1872141,
1,8,23.001,0.3687803,1.143763,-0.7762294,0.4672169,-0.6529023,0.5661472,0.186827,
1,8,23.003,0.3687803,1.143763,-0.7762294,0.4672169,-0.6529023,0.5661472,0.186827,
1,8,23.005,0.3687803,1.143763,-0.7762294,0.4672169,-0.6529023,0.5661472,0.186827,
1,8,23.007,0.3687803,1.143763,-0.7762294,0.4672169,-0.6529023,0.5661472,0.186827,
1,8,23.009,0.3690188,1.143376,-0.7762548,0.4672928,-0.6529238,0.5661417,0.1865788,
1,8,23.011,0.3690188,1.143376,-0.7762548,0.4672928,-0.6529238,0.5661417,0.1865788,
1,8,23.013,0.3690188,1.143376,-0.7762548,0.4672928,-0.6529238,0.5661417,0.1865788,
1,8,23.015,0.3690188,1.143376,-0.7762548,0.4672928,-0.6529238,0.5661417,0.1865788,
1,8,23.017,0.3690188,1.143376,-0.7762548,0.4672928,-0.6529238,0.5661417,0.1865788,
1,8,23.019,0.3690526,1.143196,-0.7762545,0.467481,-0.6528847,0.5661407,0.1862468,
1,8,23.021,0.3690526,1.143196,-0.7762545,0.467481,-0.6528847,0.5661407,0.1862468,
1,8,23.023,0.3690526,1.143196,-0.7762545,0.467481,-0.6528847,0.5661407,0.1862468,
1,8,23.025,0.3690526,1.143196,-0.7762545,0.467481,-0.6528847,0.5661407,0.1862468,
1,8,23.027,0.3689757,1.143082,-0.7762142,0.4676911,-0.652787,0.5662251,0.1858047,
1,8,23.029,0.3689757,1.143082,-0.7762142,0.4676911,-0.652787,0.5662251,0.1858047,
1,8,23.031,0.3689757,1.143082,-0.7762142,0.4676911,-0.652787,0.5662251,0.1858047,
1,8,23.033,0.3689757,1.143082,-0.7762142,0.4676911,-0.652787,0.5662251,0.1858047,
1,8,23.035,0.3690163,1.14281,-0.7760444,0.4686772,-0.6526138,0.5659702,0.184702,
1,8,23.037,0.3690163,1.14281,-0.7760444,0.4686772,-0.6526138,0.5659702,0.184702,
1,8,23.039,0.3690163,1.14281,-0.7760444,0.4686772,-0.6526138,0.5659702,0.184702,
1,8,23.041,0.3690163,1.14281,-0.7760444,0.4686772,-0.6526138,0.5659702,0.184702,
1,8,23.043,0.3691066,1.142504,-0.7759071,0.4688167,-0.6524127,0.5661465,0.1845181,
1,8,23.045,0.3691066,1.142504,-0.7759071,0.4688167,-0.6524127,0.5661465,0.1845181,
1,8,23.047,0.3691066,1.142504,-0.7759071,0.4688167,-0.6524127,0.5661465,0.1845181,
1,8,23.049,0.3691066,1.142504,-0.7759071,0.4688167,-0.6524127,0.5661465,0.1845181,
1,8,23.051,0.3693897,1.14217,-0.7757705,0.4691686,-0.6519692,0.5663685,0.1845094,
1,8,23.053,0.3693897,1.14217,-0.7757705,0.4691686,-0.6519692,0.5663685,0.1845094,
1,8,23.055,0.3693897,1.14217,-0.7757705,0.4691686,-0.6519692,0.5663685,0.1845094,
1,8,23.057,0.3693897,1.14217,-0.7757705,0.4691686,-0.6519692,0.5663685,0.1845094,
1,8,23.059,0.3697987,1.14187,-0.7755942,0.4696329,-0.6513377,0.5666552,0.1846785,
1,8,23.061,0.3697987,1.14187,-0.7755942,0.4696329,-0.6513377,0.5666552,0.1846785,
1,8,23.063,0.3697987,1.14187,-0.7755942,0.4696329,-0.6513377,0.5666552,0.1846785,
1,8,23.065,0.3697987,1.14187,-0.7755942,0.4696329,-0.6513377,0.5666552,0.1846785,
1,8,23.067,0.3697987,1.14187,-0.7755942,0.4696329,-0.6513377,0.5666552,0.1846785,
1,8,23.069,0.3701106,1.141724,-0.7754964,0.470094,-0.6506633,0.5670276,0.18474,
1,8,23.071,0.3701106,1.141724,-0.7754964,0.470094,-0.6506633,0.5670276,0.18474,
1,8,23.073,0.3701106,1.141724,-0.7754964,0.470094,-0.6506633,0.5670276,0.18474,
1,8,23.075,0.3701106,1.141724,-0.7754964,0.470094,-0.6506633,0.5670276,0.18474,
1,8,23.077,0.3704465,1.141487,-0.7753528,0.4709818,-0.6499855,0.5671679,0.1844326,
1,8,23.079,0.3704465,1.141487,-0.7753528,0.4709818,-0.6499855,0.5671679,0.1844326,
1,8,23.081,0.3704465,1.141487,-0.7753528,0.4709818,-0.6499855,0.5671679,0.1844326,CourtEnter
1,8,23.083,0.3704465,1.141487,-0.7753528,0.4709818,-0.6499855,0.5671679,0.1844326,
1,8,23.085,0.371222,1.140486,-0.7754451,0.4723702,-0.6494901,0.5666937,0.1840853,
1,8,23.087,0.371222,1.140486,-0.7754451,0.4723702,-0.6494901,0.5666937,0.1840853,
1,8,23.089,0.371222,1.140486,-0.7754451,0.4723702,-0.6494901,0.5666937,0.1840853,
1,8,23.091,0.371222,1.140486,-0.7754451,0.4723702,-0.6494901,0.5666937,0.1840853,CourtExit
1,8,23.093,0.3715066,1.140185,-0.7753791,0.4736266,-0.6485952,0.5668028,0.1836759,
1,8,23.095,0.3715066,1.140185,-0.7753791,0.4736266,-0.6485952,0.5668028,0.1836759,
1,8,23.097,0.3715066,1.140185,-0.7753791,0.4736266,-0.6485952,0.5668028,0.1836759,
1,8,23.099,0.3715066,1.140185,-0.7753791,0.4736266,-0.6485952,0.5668028,0.1836759,
1,8,23.101,0.3718519,1.139667,-0.7750989,0.4748138,-0.6477355,0.5669571,0.1831675,
1,8,23.103,0.3718519,1.139667,-0.7750989,0.4748138,-0.6477355,0.5669571,0.1831675,
1,8,23.105,0.3718519,1.139667,-0.7750989,0.4748138,-0.6477355,0.5669571,0.1831675,
1,8,23.107,0.3718519,1.139667,-0.7750989,0.4748138,-0.6477355,0.5669571,0.1831675,
1,8,23.109,0.3722884,1.139189,-0.7748863,0.476056,-0.6467229,0.5671905,0.1827983,
1,8,23.111,0.3722884,1.139189,-0.7748863,0.476056,-0.6467229,0.5671905,0.1827983,
1,8,23.113,0.3722884,1.139189,-0.7748863,0.476056,-0.6467229,0.5671905,0.1827983,
1,8,23.115,0.3722884,1.139189,-0.7748863,0.476056,-0.6467229,0.5671905,0.1827983,
1,8,23.117,0.3722884,1.139189,-0.7748863,0.476056,-0.6467229,0.5671905,0.1827983,
1,8,23.119,0.3725451,1.139044,-0.7745914,0.4768903,-0.6453059,0.568096,0.1828191,
1,8,23.121,0.3725451,1.139044,-0.7745914,0.4768903,-0.6453059,0.568096,0.1828191,
1,8,23.123,0.3725451,1.139044,-0.7745914,0.4768903,-0.6453059,0.568096,0.1828191,
1,8,23.125,0.3725451,1.139044,-0.7745914,0.4768903,-0.6453059,0.568096,0.1828191,
1,8,23.127,0.3732229,1.137975,-0.7745434,0.4779356,-0.644361,0.5682734,0.1828711,
1,8,23.129,0.3732229,1.137975,-0.7745434,0.4779356,-0.644361,0.5682734,0.1828711,
1,8,23.131,0.3732229,1.137975,-0.7745434,0.4779356,-0.644361,0.5682734,0.1828711,
1,8,23.133,0.3732229,1.137975,-0.7745434,0.4779356,-0.644361,0.5682734,0.1828711,
1,8,23.135,0.3735357,1.137351,-0.7744091,0.478964,-0.6432499,0.5687264,0.1826837,
1,8,23.137,0.3735357,1.137351,-0.7744091,0.478964,-0.6432499,0.5687264,0.1826837,
1,8,23.139,0.3735357,1.137351,-0.7744091,0.478964,-0.6432499,0.5687264,0.1826837,
1,8,23.141,0.3735357,1.137351,-0.7744091,0.478964,-0.6432499,0.5687264,0.1826837,
1,8,23.143,0.3736011,1.137225,-0.7740849,0.4799531,-0.6417792,0.5696486,0.1823874,
1,8,23.145,0.3736011,1.137225,-0.7740849,0.4799531,-0.6417792,0.5696486,0.1823874,
1,8,23.147,0.3736011,1.137225,-0.7740849,0.4799531,-0.6417792,0.5696486,0.1823874,
1,8,23.149,0.3736011,1.137225,-0.7740849,0.4799531,-0.6417792,0.5696486,0.1823874,
1,8,23.151,0.3738713,1.136837,-0.7737113,0.4813915,-0.640605,0.5699988,0.1816285,
1,8,23.153,0.3738713,1.136837,-0.7737113,0.4813915,-0.640605,0.5699988,0.1816285,
1,8,23.155,0.3738713,1.136837,-0.7737113,0.4813915,-0.640605,0.5699988,0.1816285,
1,8,23.157,0.3738713,1.136837,-0.7737113,0.4813915,-0.640605,0.5699988,0.1816285,
1,8,23.159,0.3736315,1.136523,-0.7731325,0.482219,-0.6394365,0.5708171,0.1809799,
1,8,23.161,0.3736315,1.136523,-0.7731325,0.482219,-0.6394365,0.5708171,0.1809799,
1,8,23.163,0.3736315,1.136523,-0.7731325,0.482219,-0.6394365,0.5708171,0.1809799,
1,8,23.165,0.3736315,1.136523,-0.7731325,0.482219,-0.6394365,0.5708171,0.1809799,
1,8,23.167,0.3736315,1.136523,-0.7731325,0.482219,-0.6394365,0.5708171,0.1809799,
1,8,23.169,0.3733038,1.136491,-0.7726836,0.4833378,-0.6380261,0.5716707,0.1802776,
1,8,23.171,0.3733038,1.136491,-0.7726836,0.4833378,-0.6380261,0.5716707,0.1802776,
1,8,23.173,0.3733038,1.136491,-0.7726836,0.4833378,-0.6380261,0.5716707,0.1802776,
1,8,23.175,0.3733038,1.136491,-0.7726836,0.4833378,-0.6380261,0.5716707,0.1802776,
1,8,23.177,0.3732235,1.135978,-0.7723962,0.4843999,-0.6371603,0.5719384,0.1796386,
1,8,23.179,0.3732235,1.135978,-0.7723962,0.4843999,-0.6371603,0.5719384,0.1796386,
1,8,23.181,0.3732235,1.135978,-0.7723962,0.4843999,-0.6371603,0.5719384,0.1796386,
1,8,23.183,0.3732235,1.135978,-0.7723962,0.4843999,-0.6371603,0.5719384,0.1796386,
1,8,23.185,0.3729885,1.135712,-0.7720096,0.4851496,-0.6359829,0.5726739,0.1794444,
1,8,23.187,0.3729885,1.135712,-0.7720096,0.4851496,-0.6359829,0.5726739,0.1794444,
1,8,23.189,0.3729885,1.135712,-0.7720096,0.4851496,-0.6359829,0.5726739,0.1794444,
1,8,23.191,0.3729885,1.135712,-0.7720096,0.4851496,-0.6359829,0.5726739,0.1794444,
1,8,23.193,0.3727584,1.135241,-0.7715304,0.4857336,-0.6349692,0.5733027,0.1794466,
1,8,23.195,0.3727584,1.135241,-0.7715304,0.4857336,-0.6349692,0.5733027,0.1794466,
1,8,23.197,0.3727584,1.135241,-0.7715304,0.4857336,-0.6349692,0.5733027,0.1794466,
1,8,23.199,0.3727584,1.135241,-0.7715304,0.4857336,-0.6349692,0.5733027,0.1794466,
1,8,23.201,0.3723953,1.135015,-0.771087,0.4862338,-0.6339659,0.5739465,0.1795809,
1,8,23.203,0.3723953,1.135015,-0.771087,0.4862338,-0.6339659,0.5739465,0.1795809,
1,8,23.205,0.3723953,1.135015,-0.771087,0.4862338,-0.6339659,0.5739465,0.1795809,
1,8,23.207,0.3723953,1.135015,-0.771087,0.4862338,-0.6339659,0.5739465,0.1795809,
1,8,23.209,0.3723287,1.134816,-0.7706695,0.4864978,-0.6327839,0.5747414,0.1804908,
1,8,23.211,0.3723287,1.134816,-0.7706695,0.4864978,-0.6327839,0.5747414,0.1804908,
1,8,23.213,0.3723287,1.134816,-0.7706695,0.4864978,-0.6327839,0.5747414,0.1804908,
1,8,23.215,0.3723287,1.134816,-0.7706695,0.4864978,-0.6327839,0.5747414,0.1804908,
1,8,23.217,0.3723287,1.134816,-0.7706695,0.4864978,-0.6327839,0.5747414,0.1804908,
1,8,23.219,0.3722124,1.134338,-0.7702584,0.4866641,-0.6318771,0.5753074,0.1814137,
1,8,23.221,0.3722124,1.134338,-0.7702584,0.4866641,-0.6318771,0.5753074,0.1814137,
1,8,23.223,0.3722124,1.134338,-0.7702584,0.4866641,-0.6318771,0.5753074,0.1814137,
1,8,23.225,0.3722124,1.134338,-0.7702584,0.4866641,-0.6318771,0.5753074,0.1814137,
1,8,23.227,0.372151,1.133873,-0.7699137,0.4868821,-0.6310879,0.5756884,0.1823644,
1,8,23.229,0.372151,1.133873,-0.7699137,0.4868821,-0.6310879,0.5756884,0.1823644,
1,8,23.231,0.372151,1.133873,-0.7699137,0.4868821,-0.6310879,0.5756884,0.1823644,
1,8,23.233,0.372151,1.133873,-0.7699137,0.4868821,-0.6310879,0.5756884,0.1823644,
1,8,23.235,0.37242,1.133203,-0.7695837,0.4879281,-0.6306478,0.5751833,0.1826852,
1,8,23.237,0.37242,1.133203,-0.7695837,0.4879281,-0.6306478,0.5751833,0.1826852,
1,8,23.239,0.37242,1.133203,-0.7695837,0.4879281,-0.6306478,0.5751833,0.1826852,
1,8,23.241,0.37242,1.133203,-0.7695837,0.4879281,-0.6306478,0.5751833,0.1826852,
1,8,23.243,0.372633,1.132771,-0.7694632,0.4894311,-0.630113,0.5744452,0.1828321,
1,8,23.245,0.372633,1.132771,-0.7694632,0.4894311,-0.630113,0.5744452,0.1828321,
1,8,23.247,0.372633,1.132771,-0.7694632,0.4894311,-0.630113,0.5744452,0.1828321,
1,8,23.249,0.372633,1.132771,-0.7694632,0.4894311,-0.630113,0.5744452,0.1828321,
1,8,23.251,0.3725712,1.13274,-0.7692144,0.4903773,-0.6293011,0.5743579,0.1833666,
1,8,23.253,0.3725712,1.13274,-0.7692144,0.4903773,-0.6293011,0.5743579,0.1833666,
1,8,23.255,0.3725712,1.13274,-0.7692144,0.4903773,-0.6293011,0.5743579,0.1833666,
1,8,23.257,0.3725712,1.13274,-0.7692144,0.4903773,-0.6293011,0.5743579,0.1833666,
1,8,23.259,0.372326,1.132703,-0.7685425,0.4909022,-0.628556,0.5745121,0.1840336,
1,8,23.261,0.372326,1.132703,-0.7685425,0.4909022,-0.628556,0.5745121,0.1840336,
1,8,23.263,0.372326,1.132703,-0.7685425,0.4909022,-0.628556,0.5745121,0.1840336,
1,8,23.265,0.372326,1.132703,-0.7685425,0.4909022,-0.628556,0.5745121,0.1840336,
1,8,23.267,0.372326,1.132703,-0.7685425,0.4909022,-0.628556,0.5745121,0.1840336,
1,8,23.269,0.3723426,1.13239,-0.7681772,0.4917303,-0.6280116,0.574214,0.1846109,
1,8,23.271,0.3723426,1.13239,-0.7681772,0.4917303,-0.6280116,0.574214,0.1846109,
1,8,23.273,0.3723426,1.13239,-0.7681772,0.4917303,-0.6280116,0.574214,0.1846109,
1,8,23.275,0.3723426,1.13239,-0.7681772,0.4917303,-0.6280116,0.574214,0.1846109,
1,8,23.277,0.3725946,1.131943,-0.7681431,0.4925376,-0.627427,0.5738603,0.185544,
1,8,23.279,0.3725946,1.131943,-0.7681431,0.4925376,-0.627427,0.5738603,0.185544,
1,8,23.281,0.3725946,1.131943,-0.7681431,0.4925376,-0.627427,0.5738603,0.185544,
1,8,23.283,0.3725946,1.131943,-0.7681431,0.4925376,-0.627427,0.5738603,0.185544,
1,8,23.285,0.3729148,1.131253,-0.7679983,0.4937787,-0.6271902,0.5729687,0.185801,
1,8,23.287,0.3729148,1.131253,-0.7679983,0.4937787,-0.6271902,0.5729687,0.185801,
1,8,23.289,0.3729148,1.131253,-0.7679983,0.4937787,-0.6271902,0.5729687,0.185801,
1,8,23.291,0.3729148,1.131253,-0.7679983,0.4937787,-0.6271902,0.5729687,0.185801,
1,8,23.293,0.3729368,1.130725,-0.767644,0.4943841,-0.6268419,0.5726157,0.1864532,
1,8,23.295,0.3729368,1.130725,-0.767644,0.4943841,-0.6268419,0.5726157,0.1864532,
1,8,23.297,0.3729368,1.130725,-0.767644,0.4943841,-0.6268419,0.5726157,0.1864532,
1,8,23.299,0.3729368,1.130725,-0.767644,0.4943841,-0.6268419,0.5726157,0.1864532,
1,8,23.301,0.3727909,1.130059,-0.7672118,0.494348,-0.6264868,0.572683,0.187533,
1,8,23.303,0.3727909,1.130059,-0.7672118,0.494348,-0.6264868,0.572683,0.187533,
1,8,23.305,0.3727909,1.130059,-0.7672118,0.494348,-0.6264868,0.572683,0.187533,
1,8,23.307,0.3727909,1.130059,-0.7672118,0.494348,-0.6264868,0.572683,0.187533,
1,8,23.309,0.3726033,1.129681,-0.7668298,0.4943747,-0.6258674,0.5730054,0.1885434,
1,8,23.311,0.3726033,1.129681,-0.7668298,0.4943747,-0.6258674,0.5730054,0.1885434,
1,8,23.313,0.3726033,1.129681,-0.7668298,0.4943747,-0.6258674,0.5730054,0.1885434,
1,8,23.315,0.3726033,1.129681,-0.7668298,0.4943747,-0.6258674,0.5730054,0.1885434,
1,8,23.317,0.3726033,1.129681,-0.7668298,0.4943747,-0.6258674,0.5730054,0.1885434,
1,8,23.319,0.3724295,1.129321,-0.766275,0.4943572,-0.6252656,0.5733914,0.1894104,
1,8,23.321,0.3724295,1.129321,-0.766275,0.4943572,-0.6252656,0.5733914,0.1894104,
1,8,23.323,0.3724295,1.129321,-0.766275,0.4943572,-0.6252656,0.5733914,0.1894104,
1,8,23.325,0.3724295,1.129321,-0.766275,0.4943572,-0.6252656,0.5733914,0.1894104,
1,8,23.327,0.3722148,1.129175,-0.7658246,0.4945432,-0.6243846,0.5738834,0.190339,
1,8,23.329,0.3722148,1.129175,-0.7658246,0.4945432,-0.6243846,0.5738834,0.190339,
1,8,23.331,0.3722148,1.129175,-0.7658246,0.4945432,-0.6243846,0.5738834,0.190339,
1,8,23.333,0.3722148,1.129175,-0.7658246,0.4945432,-0.6243846,0.5738834,0.190339,
1,8,23.335,0.3719589,1.128832,-0.7652481,0.4945385,-0.6239107,0.5741629,0.1910605,
1,8,23.337,0.3719589,1.128832,-0.7652481,0.4945385,-0.6239107,0.5741629,0.1910605,
1,8,23.339,0.3719589,1.128832,-0.7652481,0.4945385,-0.6239107,0.5741629,0.1910605,
1,8,23.341,0.3719589,1.128832,-0.7652481,0.4945385,-0.6239107,0.5741629,0.1910605,
1,8,23.343,0.3717535,1.12835,-0.764679,0.4945619,-0.6234804,0.5743686,0.1917847,
1,8,23.345,0.3717535,1.12835,-0.764679,0.4945619,-0.6234804,0.5743686,0.1917847,
1,8,23.347,0.3717535,1.12835,-0.764679,0.4945619,-0.6234804,0.5743686,0.1917847,
1,8,23.349,0.3717535,1.12835,-0.764679,0.4945619,-0.6234804,0.5743686,0.1917847,
1,8,23.351,0.3719619,1.127646,-0.764382,0.4953358,-0.623245,0.5738495,0.1921071,
1,8,23.353,0.3719619,1.127646,-0.764382,0.4953358,-0.623245,0.5738495,0.1921071,
1,8,23.355,0.3719619,1.127646,-0.764382,0.4953358,-0.623245,0.5738495,0.1921071,
1,8,23.357,0.3719619,1.127646,-0.764382,0.4953358,-0.623245,0.5738495,0.1921071,
1,8,23.359,0.3720314,1.127125,-0.7639052,0.496216,-0.6228738,0.5734446,0.1922482,
1,8,23.361,0.3720314,1.127125,-0.7639052,0.496216,-0.6228738,0.5734446,0.1922482,
1,8,23.363,0.3720314,1.127125,-0.7639052,0.496216,-0.6228738,0.5734446,0.1922482,
1,8,23.365,0.3720314,1.127125,-0.7639052,0.496216,-0.6228738,0.5734446,0.1922482,
1,8,23.367,0.3720314,1.127125,-0.7639052,0.496216,-0.6228738,0.5734446,0.1922482,
1,8,23.369,0.3718702,1.126918,-0.7636344,0.4969306,-0.6222795,0.573347,0.1926176,
1,8,23.371,0.3718702,1.126918,-0.7636344,0.4969306,-0.6222795,0.573347,0.1926176,
1,8,23.373,0.3718702,1.126918,-0.7636344,0.4969306,-0.6222795,0.573347,0.1926176,
1,8,23.375,0.3718702,1.126918,-0.7636344,0.4969306,-0.6222795,0.573347,0.1926176,
1,8,23.377,0.3718622,1.126781,-0.7634263,0.4977798,-0.62169,0.5731243,0.1929909,
1,8,23.379,0.3718622,1.126781,-0.7634263,0.4977798,-0.62169,0.5731243,0.1929909,
1,8,23.381,0.3718622,1.126781,-0.7634263,0.4977798,-0.62169,0.5731243,0.1929909,
1,8,23.383,0.3718622,1.126781,-0.7634263,0.4977798,-0.62169,0.5731243,0.1929909,
1,8,23.385,0.3718309,1.126562,-0.7632203,0.4984043,-0.6211858,0.5729781,0.1934358,
1,8,23.387,0.3718309,1.126562,-0.7632203,0.4984043,-0.6211858,0.5729781,0.1934358,
1,8,23.389,0.3718309,1.126562,-0.7632203,0.4984043,-0.6211858,0.5729781,0.1934358,
1,8,23.391,0.3718309,1.126562,-0.7632203,0.4984043,-0.6211858,0.5729781,0.1934358,
1,8,23.393,0.3717386,1.126547,-0.7628649,0.4990388,-0.6205634,0.5730115,0.193699,
1,8,23.395,0.3717386,1.126547,-0.7628649,0.4990388,-0.6205634,0.5730115,0.193699,
1,8,23.397,0.3717386,1.126547,-0.7628649,0.4990388,-0.6205634,0.5730115,0.193699,
1,8,23.399,0.3717386,1.126547,-0.7628649,0.4990388,-0.6205634,0.5730115,0.193699,
1,8,23.401,0.3716547,1.126676,-0.7627358,0.4997588,-0.6198211,0.57309,0.1939865,
1,8,23.403,0.3716547,1.126676,-0.7627358,0.4997588,-0.6198211,0.57309,0.1939865,
1,8,23.405,0.3716547,1.126676,-0.7627358,0.4997588,-0.6198211,0.57309,0.1939865,
1,8,23.407,0.3716547,1.126676,-0.7627358,0.4997588,-0.6198211,0.57309,0.1939865,
1,8,23.409,0.3716173,1.126724,-0.7627285,0.5006615,-0.6192549,0.5729004,0.1940273,
1,8,23.411,0.3716173,1.126724,-0.7627285,0.5006615,-0.6192549,0.5729004,0.1940273,
1,8,23.413,0.3716173,1.126724,-0.7627285,0.5006615,-0.6192549,0.5729004,0.1940273,
1,8,23.415,0.3716173,1.126724,-0.7627285,0.5006615,-0.6192549,0.5729004,0.1940273,
1,8,23.417,0.3716173,1.126724,-0.7627285,0.5006615,-0.6192549,0.5729004,0.1940273,
1,8,23.419,0.3715735,1.126579,-0.7625308,0.5014367,-0.6190499,0.5724981,0.1938668,
1,8,23.421,0.3715735,1.126579,-0.7625308,0.5014367,-0.6190499,0.5724981,0.1938668,
1,8,23.423,0.3715735,1.126579,-0.7625308,0.5014367,-0.6190499,0.5724981,0.1938668,
1,8,23.425,0.3715735,1.126579,-0.7625308,0.5014367,-0.6190499,0.5724981,0.1938668,
1,8,23.427,0.3714572,1.126351,-0.762324,0.5018036,-0.6189034,0.5723377,0.1938592,
1,8,23.429,0.3714572,1.126351,-0.762324,0.5018036,-0.6189034,0.5723377,0.1938592,
1,8,23.431,0.3714572,1.126351,-0.762324,0.5018036,-0.6189034,0.5723377,0.1938592,
1,8,23.433,0.3714572,1.126351,-0.762324,0.5018036,-0.6189034,0.5723377,0.1938592,
1,8,23.435,0.3714838,1.126005,-0.762157,0.5020176,-0.6186702,0.5723067,0.1941409,
1,8,23.437,0.3714838,1.126005,-0.762157,0.5020176,-0.6186702,0.5723067,0.1941409,
1,8,23.439,0.3714838,1.126005,-0.762157,0.5020176,-0.6186702,0.5723067,0.1941409,
1,8,23.441,0.3714838,1.126005,-0.762157,0.5020176,-0.6186702,0.5723067,0.1941409,
1,8,23.443,0.3714932,1.125983,-0.762143,0.5023403,-0.6184466,0.572264,0.1941443,
1,8,23.445,0.3714932,1.125983,-0.762143,0.5023403,-0.6184466,0.572264,0.1941443,
1,8,23.447,0.3714932,1.125983,-0.762143,0.5023403,-0.6184466,0.572264,0.1941443,
1,8,23.449,0.3714932,1.125983,-0.762143,0.5023403,-0.6184466,0.572264,0.1941443,
1,8,23.451,0.3715314,1.126004,-0.7621527,0.5023493,-0.6182209,0.5724508,0.1942888,
1,8,23.453,0.3715314,1.126004,-0.7621527,0.5023493,-0.6182209,0.5724508,0.1942888,
1,8,23.455,0.3715314,1.126004,-0.7621527,0.5023493,-0.6182209,0.5724508,0.1942888,
1,8,23.457,0.3715314,1.126004,-0.7621527,0.5023493,-0.6182209,0.5724508,0.1942888,
1,8,23.459,0.3715771,1.12592,-0.7622435,0.5025356,-0.6182761,0.5722639,0.1941823,
1,8,23.461,0.3715771,1.12592,-0.7622435,0.5025356,-0.6182761,0.5722639,0.1941823,
1,8,23.463,0.3715771,1.12592,-0.7622435,0.5025356,-0.6182761,0.5722639,0.1941823,
1,8,23.465,0.3715771,1.12592,-0.7622435,0.5025356,-0.6182761,0.5722639,0.1941823,
1,8,23.467,0.3715771,1.12592,-0.7622435,0.5025356,-0.6182761,0.5722639,0.1941823,
1,8,23.469,0.3715838,1.125957,-0.7622302,0.5023587,-0.6182187,0.5724973,0.1941346,
1,8,23.471,0.3715838,1.125957,-0.7622302,0.5023587,-0.6182187,0.5724973,0.1941346,
1,8,23.473,0.3715838,1.125957,-0.7622302,0.5023587,-0.6182187,0.5724973,0.1941346,
1,8,23.475,0.3715838,1.125957,-0.7622302,0.5023587,-0.6182187,0.5724973,0.1941346,
1,8,23.477,0.3716297,1.126048,-0.7621711,0.5021905,-0.6182739,0.5726556,0.1939272,
1,8,23.479,0.3716297,1.126048,-0.7621711,0.5021905,-0.6182739,0.5726556,0.1939272,
1,8,23.481,0.3716297,1.126048,-0.7621711,0.5021905,-0.6182739,0.5726556,0.1939272,
1,8,23.483,0.3716297,1.126048,-0.7621711,0.5021905,-0.6182739,0.5726556,0.1939272,
1,8,23.485,0.3716588,1.126102,-0.7621381,0.5019433,-0.6183649,0.5728511,0.1936994,
1,8,23.487,0.3716588,1.126102,-0.7621381,0.5019433,-0.6183649,0.5728511,0.1936994,
1,8,23.489,0.3716588,1.126102,-0.7621381,0.5019433,-0.6183649,0.5728511,0.1936994,
1,8,23.491,0.3716588,1.126102,-0.7621381,0.5019433,-0.6183649,0.5728511,0.1936994,
1,8,23.493,0.3716973,1.126197,-0.7621855,0.5015481,-0.6184056,0.5731736,0.1936387,
1,8,23.495,0.3716973,1.126197,-0.7621855,0.5015481,-0.6184056,0.5731736,0.1936387,
1,8,23.497,0.3716973,1.126197,-0.7621855,0.5015481,-0.6184056,0.5731736,0.1936387,
1,8,23.499,0.3716973,1.126197,-0.7621855,0.5015481,-0.6184056,0.5731736,0.1936387,
1,8,23.501,0.3717779,1.126242,-0.762141,0.5009574,-0.6185575,0.5735504,0.1935677,
1,8,23.503,0.3717779,1.126242,-0.762141,0.5009574,-0.6185575,0.5735504,0.1935677,
1,8,23.505,0.3717779,1.126242,-0.762141,0.5009574,-0.6185575,0.5735504,0.1935677,
1,8,23.507,0.3717779,1.126242,-0.762141,0.5009574,-0.6185575,0.5735504,0.1935677,
1,8,23.509,0.3718903,1.12633,-0.7623832,0.5002237,-0.6188633,0.5739063,0.1934326,
1,8,23.511,0.3718903,1.12633,-0.7623832,0.5002237,-0.6188633,0.5739063,0.1934326,
1,8,23.513,0.3718903,1.12633,-0.7623832,0.5002237,-0.6188633,0.5739063,0.1934326,
1,8,23.515,0.3718903,1.12633,-0.7623832,0.5002237,-0.6188633,0.5739063,0.1934326,
1,8,23.517,0.3718903,1.12633,-0.7623832,0.5002237,-0.6188633,0.5739063,0.1934326,
1,8,23.519,0.3717971,1.126614,-0.7624022,0.4994766,-0.6189796,0.5744666,0.1933276,
1,8,23.521,0.3717971,1.126614,-0.7624022,0.4994766,-0.6189796,0.5744666,0.1933276,
1,8,23.523,0.3717971,1.126614,-0.7624022,0.4994766,-0.6189796,0.5744666,0.1933276,
1,8,23.525,0.3717971,1.126614,-0.7624022,0.4994766,-0.6189796,0.5744666,0.1933276,
1,8,23.527,0.3719681,1.126718,-0.7624742,0.4987324,-0.6191595,0.5749267,0.1933051,
1,8,23.529,0.3719681,1.126718,-0.7624742,0.4987324,-0.6191595,0.5749267,0.1933051,
1,8,23.531,0.3719681,1.126718,-0.7624742,0.4987324,-0.6191595,0.5749267,0.1933051,
1,8,23.533,0.3719681,1.126718,-0.7624742,0.4987324,-0.6191595,0.5749267,0.1933051,
1,8,23.535,0.3719705,1.126957,-0.7624339,0.4977265,-0.6193577,0.5755155,0.1935106,
1,8,23.537,0.3719705,1.126957,-0.7624339,0.4977265,-0.6193577,0.5755155,0.1935106,
1,8,23.539,0.3719705,1.126957,-0.7624339,0.4977265,-0.6193577,0.5755155,0.1935106,
1,8,23.541,0.3719705,1.126957,-0.7624339,0.4977265,-0.6193577,0.5755155,0.1935106,
1,8,23.543,0.3720762,1.127107,-0.7625127,0.4971082,-0.6197514,0.5756651,0.1933947,
1,8,23.545,0.3720762,1.127107,-0.7625127,0.4971082,-0.6197514,0.5756651,0.1933947,
1,8,23.547,0.3720762,1.127107,-0.7625127,0.4971082,-0.6197514,0.5756651,0.1933947,
1,8,23.549,0.3720762,1.127107,-0.7625127,0.4971082,-0.6197514,0.5756651,0.1933947,
1,8,23.551,0.3721863,1.127028,-0.7624862,0.4963305,-0.6204628,0.5756423,0.1931784,
1,8,23.553,0.3721863,1.127028,-0.7624862,0.4963305,-0.6204628,0.5756423,0.1931784,
1,8,23.555,0.3721863,1.127028,-0.7624862,0.4963305,-0.6204628,0.5756423,0.1931784,
1,8,23.557,0.3721863,1.127028,-0.7624862,0.4963305,-0.6204628,0.5756423,0.1931784,
1,8,23.559,0.3722357,1.127062,-0.7624748,0.495547,-0.6210272,0.5757369,0.1930946,
1,8,23.561,0.3722357,1.127062,-0.7624748,0.495547,-0.6210272,0.5757369,0.1930946,
1,8,23.563,0.3722357,1.127062,-0.7624748,0.495547,-0.6210272,0.5757369,0.1930946,
1,8,23.565,0.3722357,1.127062,-0.7624748,0.495547,-0.6210272,0.5757369,0.1930946,
1,8,23.567,0.3722357,1.127062,-0.7624748,0.495547,-0.6210272,0.5757369,0.1930946,
1,8,23.569,0.3724217,1.127013,-0.7624848,0.4946491,-0.6216297,0.5758162,0.1932216,
1,8,23.571,0.3724217,1.127013,-0.7624848,0.4946491,-0.6216297,0.5758162,0.1932216,
1,8,23.573,0.3724217,1.127013,-0.7624848,0.4946491,-0.6216297,0.5758162,0.1932216,
1,8,23.575,0.3724217,1.127013,-0.7624848,0.4946491,-0.6216297,0.5758162,0.1932216,
1,8,23.577,0.3724803,1.127001,-0.7624826,0.4935695,-0.6221541,0.5760399,0.1936276,
1,8,23.579,0.3724803,1.127001,-0.7624826,0.4935695,-0.6221541,0.5760399,0.1936276,
1,8,23.581,0.3724803,1.127001,-0.7624826,0.4935695,-0.6221541,0.5760399,0.1936276,
1,8,23.583,0.3724803,1.127001,-0.7624826,0.4935695,-0.6221541,0.5760399,0.1936276,
1,8,23.585,0.3724987,1.127052,-0.7623646,0.4922571,-0.6227157,0.5764103,0.1940606,
1,8,23.587,0.3724987,1.127052,-0.7623646,0.4922571,-0.6227157,0.5764103,0.1940606,
1,8,23.589,0.3724987,1.127052,-0.7623646,0.4922571,-0.6227157,0.5764103,0.1940606,
1,8,23.591,0.3724987,1.127052,-0.7623646,0.4922571,-0.6227157,0.5764103,0.1940606,
1,8,23.593,0.3722997,1.127319,-0.7622615,0.4907362,-0.6231455,0.5770639,0.1945892,
1,8,23.595,0.3722997,1.127319,-0.7622615,0.4907362,-0.6231455,0.5770639,0.1945892,
1,8,23.597,0.3722997,1.127319,-0.7622615,0.4907362,-0.6231455,0.5770639,0.1945892,
1,8,23.599,0.3722997,1.127319,-0.7622615,0.4907362,-0.6231455,0.5770639,0.1945892,
1,8,23.601,0.3723253,1.127619,-0.7623054,0.4900105,-0.6235258,0.5772269,0.1947163,
1,8,23.603,0.3723253,1.127619,-0.7623054,0.4900105,-0.6235258,0.5772269,0.1947163,
1,8,23.605,0.3723253,1.127619,-0.7623054,0.4900105,-0.6235258,0.5772269,0.1947163,
1,8,23.607,0.3723253,1.127619,-0.7623054,0.4900105,-0.6235258,0.5772269,0.1947163,
1,8,23.609,0.3723851,1.128069,-0.762414,0.4897227,-0.6238201,0.5772024,0.1945702,
1,8,23.611,0.3723851,1.128069,-0.762414,0.4897227,-0.6238201,0.5772024,0.1945702,
1,8,23.613,0.3723851,1.128069,-0.762414,0.4897227,-0.6238201,0.5772024,0.1945702,
1,8,23.615,0.3723851,1.128069,-0.762414,0.4897227,-0.6238201,0.5772024,0.1945702,
1,8,23.617,0.3723851,1.128069,-0.762414,0.4897227,-0.6238201,0.5772024,0.1945702,
1,8,23.619,0.3724949,1.128267,-0.7625574,0.4892977,-0.6243179,0.577032,0.1945485,
1,8,23.621,0.3724949,1.128267,-0.7625574,0.4892977,-0.6243179,0.577032,0.1945485,
1,8,23.623,0.3724949,1.128267,-0.7625574,0.4892977,-0.6243179,0.577032,0.1945485,
1,8,23.625,0.3724949,1.128267,-0.7625574,0.4892977,-0.6243179,0.577032,0.1945485,
1,8,23.627,0.372557,1.128211,-0.7626023,0.4884983,-0.6250674,0.5768634,0.1946504,
1,8,23.629,0.372557,1.128211,-0.7626023,0.4884983,-0.6250674,0.5768634,0.1946504,
1,8,23.631,0.372557,1.128211,-0.7626023,0.4884983,-0.6250674,0.5768634,0.1946504,
1,8,23.633,0.372557,1.128211,-0.7626023,0.4884983,-0.6250674,0.5768634,0.1946504,
1,8,23.635,0.372679,1.128255,-0.7627257,0.4880292,-0.6255572,0.5766557,0.194869,
1,8,23.637,0.372679,1.128255,-0.7627257,0.4880292,-0.6255572,0.5766557,0.194869,
1,8,23.639,0.372679,1.128255,-0.7627257,0.4880292,-0.6255572,0.5766557,0.194869,
1,8,23.641,0.372679,1.128255,-0.7627257,0.4880292,-0.6255572,0.5766557,0.194869,
1,8,23.643,0.3724754,1.128538,-0.7626173,0.4867381,-0.6258218,0.5772107,0.1956042,
1,8,23.645,0.3724754,1.128538,-0.7626173,0.4867381,-0.6258218,0.5772107,0.1956042,
1,8,23.647,0.3724754,1.128538,-0.7626173,0.4867381,-0.6258218,0.5772107,0.1956042,
1,8,23.649,0.3724754,1.128538,-0.7626173,0.4867381,-0.6258218,0.5772107,0.1956042,
1,8,23.651,0.3725252,1.128528,-0.7626706,0.485806,-0.6261929,0.5773765,0.1962434,
1,8,23.653,0.3725252,1.128528,-0.7626706,0.485806,-0.6261929,0.5773765,0.1962434,
1,8,23.655,0.3725252,1.128528,-0.7626706,0.485806,-0.6261929,0.5773765,0.1962434,
1,8,23.657,0.3725252,1.128528,-0.7626706,0.485806,-0.6261929,0.5773765,0.1962434,
1,8,23.659,0.3726856,1.128465,-0.7626905,0.4849284,-0.6266327,0.5774261,0.1968631,
1,8,23.661,0.3726856,1.128465,-0.7626905,0.4849284,-0.6266327,0.5774261,0.1968631,
1,8,23.663,0.3726856,1.128465,-0.7626905,0.4849284,-0.6266327,0.5774261,0.1968631,
1,8,23.665,0.3726856,1.128465,-0.7626905,0.4849284,-0.6266327,0.5774261,0.1968631,
1,8,23.667,0.3726856,1.128465,-0.7626905,0.4849284,-0.6266327,0.5774261,0.1968631,
1,8,23.669,0.372956,1.128291,-0.7627352,0.4839585,-0.6271244,0.5774337,0.1976595,
1,8,23.671,0.372956,1.128291,-0.7627352,0.4839585,-0.6271244,0.5774337,0.1976595,
1,8,23.673,0.372956,1.128291,-0.7627352,0.4839585,-0.6271244,0.5774337,0.1976595,
1,8,23.675,0.372956,1.128291,-0.7627352,0.4839585,-0.6271244,0.5774337,0.1976595,
1,8,23.677,0.3731465,1.128139,-0.7627937,0.4829501,-0.6275738,0.5774956,0.1985174,
1,8,23.679,0.3731465,1.128139,-0.7627937,0.4829501,-0.6275738,0.5774956,0.1985174,
1,8,23.681,0.3731465,1.128139,-0.7627937,0.4829501,-0.6275738,0.5774956,0.1985174,
1,8,23.683,0.3731465,1.128139,-0.7627937,0.4829501,-0.6275738,0.5774956,0.1985174,
1,8,23.685,0.3731236,1.128144,-0.7627153,0.481753,-0.6279531,0.5777835,0.1993871,
1,8,23.687,0.3731236,1.128144,-0.7627153,0.481753,-0.6279531,0.5777835,0.1993871,
1,8,23.689,0.3731236,1.128144,-0.7627153,0.481753,-0.6279531,0.5777835,0.1993871,
1,8,23.691,0.3731236,1.128144,-0.7627153,0.481753,-0.6279531,0.5777835,0.1993871,
1,8,23.693,0.3730313,1.128215,-0.7626147,0.4801082,-0.6283783,0.5783472,0.2003781,
1,8,23.695,0.3730313,1.128215,-0.7626147,0.4801082,-0.6283783,0.5783472,0.2003781,
1,8,23.697,0.3730313,1.128215,-0.7626147,0.4801082,-0.6283783,0.5783472,0.2003781,
1,8,23.699,0.3730313,1.128215,-0.7626147,0.4801082,-0.6283783,0.5783472,0.2003781,
1,8,23.701,0.3731771,1.128233,-0.7627749,0.4789991,-0.6286454,0.5786423,0.2013406,
1,8,23.703,0.3731771,1.128233,-0.7627749,0.4789991,-0.6286454,0.5786423,0.2013406,
1,8,23.705,0.3731771,1.128233,-0.7627749,0.4789991,-0.6286454,0.5786423,0.2013406,
1,8,23.707,0.3731771,1.128233,-0.7627749,0.4789991,-0.6286454,0.5786423,0.2013406,
1,8,23.709,0.3733833,1.127966,-0.7627959,0.4776768,-0.6291487,0.57884,0.2023387,
1,8,23.711,0.3733833,1.127966,-0.7627959,0.4776768,-0.6291487,0.57884,0.2023387,
1,8,23.713,0.3733833,1.127966,-0.7627959,0.4776768,-0.6291487,0.57884,0.2023387,
1,8,23.715,0.3733833,1.127966,-0.7627959,0.4776768,-0.6291487,0.57884,0.2023387,
1,8,23.717,0.3733833,1.127966,-0.7627959,0.4776768,-0.6291487,0.57884,0.2023387,
1,8,23.719,0.3734658,1.127756,-0.7628462,0.4763558,-0.6295657,0.5791795,0.2031829,
1,8,23.721,0.3734658,1.127756,-0.7628462,0.4763558,-0.6295657,0.5791795,0.2031829,
1,8,23.723,0.3734658,1.127756,-0.7628462,0.4763558,-0.6295657,0.5791795,0.2031829,
1,8,23.725,0.3734658,1.127756,-0.7628462,0.4763558,-0.6295657,0.5791795,0.2031829,
1,8,23.727,0.3737404,1.127538,-0.7629495,0.4754148,-0.6298795,0.5793188,0.2040162,
1,8,23.729,0.3737404,1.127538,-0.7629495,0.4754148,-0.6298795,0.5793188,0.2040162,
1,8,23.731,0.3737404,1.127538,-0.7629495,0.4754148,-0.6298795,0.5793188,0.2040162,
1,8,23.733,0.3737404,1.127538,-0.7629495,0.4754148,-0.6298795,0.5793188,0.2040162,
1,8,23.735,0.3735718,1.127149,-0.7628039,0.4733175,-0.6305673,0.5799853,0.2048722,
1,8,23.737,0.3735718,1.127149,-0.7628039,0.4733175,-0.6305673,0.5799853,0.2048722,
1,8,23.739,0.3735718,1.127149,-0.7628039,0.4733175,-0.6305673,0.5799853,0.2048722,
1,8,23.741,0.3735718,1.127149,-0.7628039,0.4733175,-0.6305673,0.5799853,0.2048722,
1,8,23.743,0.3735158,1.127131,-0.7627599,0.4724708,-0.6306708,0.5804961,0.2050611,
1,8,23.745,0.3735158,1.127131,-0.7627599,0.4724708,-0.6306708,0.5804961,0.2050611,
1,8,23.747,0.3735158,1.127131,-0.7627599,0.4724708,-0.6306708,0.5804961,0.2050611,
1,8,23.749,0.3735158,1.127131,-0.7627599,0.4724708,-0.6306708,0.5804961,0.2050611,
1,8,23.751,0.373466,1.127226,-0.7628312,0.472093,-0.6307847,0.5807818,0.2047714,
1,8,23.753,0.373466,1.127226,-0.7628312,0.472093,-0.6307847,0.5807818,0.2047714,
1,8,23.755,0.373466,1.127226,-0.7628312,0.472093,-0.6307847,0.5807818,0.2047714,CourtEnter
1,8,23.757,0.373466,1.127226,-0.7628312,0.472093,-0.6307847,0.5807818,0.2047714,
1,8,23.759,0.3733109,1.127355,-0.7628248,0.4719385,-0.6309804,0.5809543,0.2040343,
1,8,23.761,0.3733109,1.127355,-0.7628248,0.4719385,-0.6309804,0.5809543,0.2040343,
1,8,23.763,0.3733109,1.127355,-0.7628248,0.4719385,-0.6309804,0.5809543,0.2040343,
1,8,23.765,0.3733109,1.127355,-0.7628248,0.4719385,-0.6309804,0.5809543,0.2040343,
1,8,23.767,0.3733109,1.127355,-0.7628248,0.4719385,-0.6309804,0.5809543,0.2040343,CourtExit
1,8,23.769,0.3731006,1.12754,-0.7627923,0.4719324,-0.631077,0.5811709,0.2031313,
1,8,23.771,0.3731006,1.12754,-0.7627923,0.4719324,-0.631077,0.5811709,0.2031313,
1,8,23.773,0.3731006,1.12754,-0.7627923,0.4719324,-0.631077,0.5811709,0.2031313,
1,8,23.775,0.3731006,1.12754,-0.7627923,0.4719324,-0.631077,0.5811709,0.2031313,
1,8,23.777,0.3729632,1.127744,-0.7628711,0.4721848,-0.6310798,0.5812992,0.2021663,
1,8,23.779,0.3729632,1.127744,-0.7628711,0.4721848,-0.6310798,0.5812992,0.2021663,
1,8,23.781,0.3729632,1.127744,-0.7628711,0.4721848,-0.6310798,0.5812992,0.2021663,
1,8,23.783,0.3729632,1.127744,-0.7628711,0.4721848,-0.6310798,0.5812992,0.2021663,
1,8,23.785,0.3727938,1.127987,-0.7628614,0.4722885,-0.6310529,0.5815581,0.201261,
1,8,23.787,0.3727938,1.127987,-0.7628614,0.4722885,-0.6310529,0.5815581,0.201261,
1,8,23.789,0.3727938,1.127987,-0.7628614,0.4722885,-0.6310529,0.5815581,0.201261,
1,8,23.791,0.3727938,1.127987,-0.7628614,0.4722885,-0.6310529,0.5815581,0.201261,
1,8,23.793,0.3728073,1.128185,-0.7630506,0.4724545,-0.6307835,0.5818203,0.2009579,
1,8,23.795,0.3728073,1.128185,-0.7630506,0.4724545,-0.6307835,0.5818203,0.2009579,
1,8,23.797,0.3728073,1.128185,-0.7630506,0.4724545,-0.6307835,0.5818203,0.2009579,
1,8,23.799,0.3728073,1.128185,-0.7630506,0.4724545,-0.6307835,0.5818203,0.2009579,
1,8,23.801,0.3727376,1.128307,-0.7632188,0.4722744,-0.6305953,0.5822606,0.2006965,
1,8,23.803,0.3727376,1.128307,-0.7632188,0.4722744,-0.6305953,0.5822606,0.2006965,
1,8,23.805,0.3727376,1.128307,-0.7632188,0.4722744,-0.6305953,0.5822606,0.2006965,
1,8,23.807,0.3727376,1.128307,-0.7632188,0.4722744,-0.6305953,0.5822606,0.2006965,
1,8,23.809,0.3730407,1.128171,-0.7635857,0.4730268,-0.6305642,0.5819678,0.1998699,
1,8,23.811,0.3730407,1.128171,-0.7635857,0.4730268,-0.6305642,0.5819678,0.1998699,
1,8,23.813,0.3730407,1.128171,-0.7635857,0.4730268,-0.6305642,0.5819678,0.1998699,
1,8,23.815,0.3730407,1.128171,-0.7635857,0.4730268,-0.6305642,0.5819678,0.1998699,
1,8,23.817,0.3730407,1.128171,-0.7635857,0.4730268,-0.6305642,0.5819678,0.1998699,
1,8,23.819,0.3731064,1.128228,-0.7637074,0.4732462,-0.6304634,0.5820033,0.1995648,
1,8,23.821,0.3731064,1.128228,-0.7637074,0.4732462,-0.6304634,0.5820033,0.1995648,
1,8,23.823,0.3731064,1.128228,-0.7637074,0.4732462,-0.6304634,0.5820033,0.1995648,
1,8,23.825,0.3731064,1.128228,-0.7637074,0.4732462,-0.6304634,0.5820033,0.1995648,
1,8,23.827,0.3731531,1.128229,-0.7638867,0.4735119,-0.6303511,0.5819958,0.1993112,
1,8,23.829,0.3731531,1.128229,-0.7638867,0.4735119,-0.6303511,0.5819958,0.1993112,
1,8,23.831,0.3731531,1.128229,-0.7638867,0.4735119,-0.6303511,0.5819958,0.1993112,
1,8,23.833,0.3731531,1.128229,-0.7638867,0.4735119,-0.6303511,0.5819958,0.1993112,
1,8,23.835,0.3732501,1.128149,-0.7640661,0.4737684,-0.6303015,0.5819036,0.1991278,
1,8,23.837,0.3732501,1.128149,-0.7640661,0.4737684,-0.6303015,0.5819036,0.1991278,
1,8,23.839,0.3732501,1.128149,-0.7640661,0.4737684,-0.6303015,0.5819036,0.1991278,
1,8,23.841,0.3732501,1.128149,-0.7640661,0.4737684,-0.6303015,0.5819036,0.1991278,
1,8,23.843,0.3733145,1.128181,-0.7641877,0.4739843,-0.630091,0.5820019,0.1989928,
1,8,23.845,0.3733145,1.128181,-0.7641877,0.4739843,-0.630091,0.5820019,0.1989928,
1,8,23.847,0.3733145,1.128181,-0.7641877,0.4739843,-0.630091,0.5820019,0.1989928,
1,8,23.849,0.3733145,1.128181,-0.7641877,0.4739843,-0.630091,0.5820019,0.1989928,
1,8,23.851,0.3733707,1.128145,-0.7643484,0.4741564,-0.6299359,0.5820736,0.1988638,
1,8,23.853,0.3733707,1.128145,-0.7643484,0.4741564,-0.6299359,0.5820736,0.1988638,
1,8,23.855,0.3733707,1.128145,-0.7643484,0.4741564,-0.6299359,0.5820736,0.1988638,
1,8,23.857,0.3733707,1.128145,-0.7643484,0.4741564,-0.6299359,0.5820736,0.1988638,
1,8,23.859,0.3734414,1.128241,-0.7644926,0.4744592,-0.6295644,0.5822574,0.19878,
1,8,23.861,0.3734414,1.128241,-0.7644926,0.4744592,-0.6295644,0.5822574,0.19878,
1,8,23.863,0.3734414,1.128241,-0.7644926,0.4744592,-0.6295644,0.5822574,0.19878,
1,8,23.865,0.3734414,1.128241,-0.7644926,0.4744592,-0.6295644,0.5822574,0.19878,
1,8,23.867,0.3734414,1.128241,-0.7644926,0.4744592,-0.6295644,0.5822574,0.19878,
1,8,23.869,0.3734306,1.128325,-0.7646081,0.4746453,-0.6292567,0.5824754,0.1986714,
1,8,23.871,0.3734306,1.128325,-0.7646081,0.4746453,-0.6292567,0.5824754,0.1986714,
1,8,23.873,0.3734306,1.128325,-0.7646081,0.4746453,-0.6292567,0.5824754,0.1986714,
1,8,23.875,0.3734306,1.128325,-0.7646081,0.4746453,-0.6292567,0.5824754,0.1986714,
1,8,23.877,0.3734477,1.128374,-0.7647748,0.4748582,-0.6289434,0.5826844,0.1985417,
1,8,23.879,0.3734477,1.128374,-0.7647748,0.4748582,-0.6289434,0.5826844,0.1985417,
1,8,23.881,0.3734477,1.128374,-0.7647748,0.4748582,-0.6289434,0.5826844,0.1985417,
1,8,23.883,0.3734477,1.128374,-0.7647748,0.4748582,-0.6289434,0.5826844,0.1985417,
1,8,23.885,0.3732871,1.128497,-0.7648134,0.4749243,-0.6285894,0.5830452,0.1984457,
1,8,23.887,0.3732871,1.128497,-0.7648134,0.4749243,-0.6285894,0.5830452,0.1984457,
1,8,23.889,0.3732871,1.128497,-0.7648134,0.4749243,-0.6285894,0.5830452,0.1984457,
1,8,23.891,0.3732871,1.128497,-0.7648134,0.4749243,-0.6285894,0.5830452,0.1984457,
1,8,23.893,0.3732693,1.128369,-0.764984,0.4749413,-0.6283695,0.5832454,0.1985129,
1,8,23.895,0.3732693,1.128369,-0.764984,0.4749413,-0.6283695,0.5832454,0.1985129,
1,8,23.897,0.3732693,1.128369,-0.764984,0.4749413,-0.6283695,0.5832454,0.1985129,
1,8,23.899,0.3732693,1.128369,-0.764984,0.4749413,-0.6283695,0.5832454,0.1985129,
1,8,23.901,0.3732589,1.128265,-0.7650951,0.4750646,-0.6281266,0.5833861,0.1985734,
1,8,23.903,0.3732589,1.128265,-0.7650951,0.4750646,-0.6281266,0.5833861,0.1985734,
1,8,23.905,0.3732589,1.128265,-0.7650951,0.4750646,-0.6281266,0.5833861,0.1985734,
1,8,23.907,0.3732589,1.128265,-0.7650951,0.4750646,-0.6281266,0.5833861,0.1985734,
1,8,23.909,0.3730951,1.128218,-0.7650946,0.4749527,-0.6279793,0.5836586,0.198506,
1,8,23.911,0.3730951,1.128218,-0.7650946,0.4749527,-0.6279793,0.5836586,0.198506,
1,8,23.913,0.3730951,1.128218,-0.7650946,0.4749527,-0.6279793,0.5836586,0.198506,
1,8,23.915,0.3730951,1.128218,-0.7650946,0.4749527,-0.6279793,0.5836586,0.198506,
1,8,23.917,0.3730951,1.128218,-0.7650946,0.4749527,-0.6279793,0.5836586,0.198506,
1,8,23.919,0.3730234,1.128066,-0.7651122,0.4749213,-0.627875,0.5837755,0.1985673,
1,8,23.921,0.3730234,1.128066,-0.7651122,0.4749213,-0.627875,0.5837755,0.1985673,
1,8,23.923,0.3730234,1.128066,-0.7651122,0.4749213,-0.627875,0.5837755,0.1985673,
1,8,23.925,0.3730234,1.128066,-0.7651122,0.4749213,-0.627875,0.5837755,0.1985673,
1,8,23.927,0.3730368,1.128022,-0.7652456,0.4750491,-0.6276807,0.5838294,0.1987171,
1,8,23.929,0.3730368,1.128022,-0.7652456,0.4750491,-0.6276807,0.5838294,0.1987171,
1,8,23.931,0.3730368,1.128022,-0.7652456,0.4750491,-0.6276807,0.5838294,0.1987171,
1,8,23.933,0.3730368,1.128022,-0.7652456,0.4750491,-0.6276807,0.5838294,0.1987171,
1,8,23.935,0.3729573,1.128047,-0.7654115,0.4750963,-0.6274601,0.5839719,0.1988822,
1,8,23.937,0.3729573,1.128047,-0.7654115,0.4750963,-0.6274601,0.5839719,0.1988822,
1,8,23.939,0.3729573,1.128047,-0.7654115,0.4750963,-0.6274601,0.5839719,0.1988822,
1,8,23.941,0.3729573,1.128047,-0.7654115,0.4750963,-0.6274601,0.5839719,0.1988822,
1,8,23.943,0.3729706,1.127982,-0.7655069,0.4752178,-0.6273916,0.5839261,0.1989428,
1,8,23.945,0.3729706,1.127982,-0.7655069,0.4752178,-0.6273916,0.5839261,0.1989428,
1,8,23.947,0.3729706,1.127982,-0.7655069,0.4752178,-0.6273916,0.5839261,0.1989428,
1,8,23.949,0.3729706,1.127982,-0.7655069,0.4752178,-0.6273916,0.5839261,0.1989428,
1,8,23.951,0.3730138,1.127867,-0.7654575,0.4753565,-0.6275271,0.5837493,0.198703,
1,8,23.953,0.3730138,1.127867,-0.7654575,0.4753565,-0.6275271,0.5837493,0.198703,
1,8,23.955,0.3730138,1.127867,-0.7654575,0.4753565,-0.6275271,0.5837493,0.198703,
1,8,23.957,0.3730138,1.127867,-0.7654575,0.4753565,-0.6275271,0.5837493,0.198703,
1,8,23.959,0.373017,1.127776,-0.76554,0.4755951,-0.6275657,0.5835532,0.1985856,
1,8,23.961,0.373017,1.127776,-0.76554,0.4755951,-0.6275657,0.5835532,0.1985856,
1,8,23.963,0.373017,1.127776,-0.76554,0.4755951,-0.6275657,0.5835532,0.1985856,
1,8,23.965,0.373017,1.127776,-0.76554,0.4755951,-0.6275657,0.5835532,0.1985856,
1,8,23.967,0.373017,1.127776,-0.76554,0.4755951,-0.6275657,0.5835532,0.1985856,
1,8,23.969,0.3731224,1.127637,-0.7656345,0.4758504,-0.6276582,0.58329,0.1984549,
1,8,23.971,0.3731224,1.127637,-0.7656345,0.4758504,-0.6276582,0.58329,0.1984549,
1,8,23.973,0.3731224,1.127637,-0.7656345,0.4758504,-0.6276582,0.58329,0.1984549,
1,8,23.975,0.3731224,1.127637,-0.7656345,0.4758504,-0.6276582,0.58329,0.1984549,
1,8,23.977,0.3731638,1.127443,-0.7656352,0.4758686,-0.6278049,0.5831732,0.1982907,
1,8,23.979,0.3731638,1.127443,-0.7656352,0.4758686,-0.6278049,0.5831732,0.1982907,
1,8,23.981,0.3731638,1.127443,-0.7656352,0.4758686,-0.6278049,0.5831732,0.1982907,
1,8,23.983,0.3731638,1.127443,-0.7656352,0.4758686,-0.6278049,0.5831732,0.1982907,
1,8,23.985,0.3731541,1.127268,-0.7657026,0.4758719,-0.6278201,0.5831607,0.1982715,
1,8,23.987,0.3731541,1.127268,-0.7657026,0.4758719,-0.6278201,0.5831607,0.1982715,
1,8,23.989,0.3731541,1.127268,-0.7657026,0.4758719,-0.6278201,0.5831607,0.1982715,
1,8,23.991,0.3731541,1.127268,-0.7657026,0.4758719,-0.6278201,0.5831607,0.1982715,
1,8,23.993,0.3731192,1.127064,-0.7656648,0.4756567,-0.6278415,0.5833282,0.1982271,
1,8,23.995,0.3731192,1.127064,-0.7656648,0.4756567,-0.6278415,0.5833282,0.1982271,
1,8,23.997,0.3731192,1.127064,-0.7656648,0.4756567,-0.6278415,0.5833282,0.1982271,
1,8,23.999,0.3731192,1.127064,-0.7656648,0.4756567,-0.6278415,0.5833282,0.1982271,
1,9,24.001,0.3729972,1.12687,-0.7656716,0.4754718,-0.6278067,0.5835413,0.1981542,TrialStart
1,9,24.003,0.3729972,1.12687,-0.7656716,0.4754718,-0.6278067,0.5835413,0.1981542,
1,9,24.005,0.3729972,1.12687,-0.7656716,0.4754718,-0.6278067,0.5835413,0.1981542,
1,9,24.007,0.3729972,1.12687,-0.7656716,0.4754718,-0.6278067,0.5835413,0.1981542,
1,9,24.009,0.3730367,1.126554,-0.7657455,0.4755952,-0.627829,0.5835157,0.1978616,
1,9,24.011,0.3730367,1.126554,-0.7657455,0.4755952,-0.627829,0.5835157,0.1978616,
1,9,24.013,0.3730367,1.126554,-0.7657455,0.4755952,-0.627829,0.5835157,0.1978616,
1,9,24.015,0.3730367,1.126554,-0.7657455,0.4755952,-0.627829,0.5835157,0.1978616,
1,9,24.017,0.3730367,1.126554,-0.7657455,0.4755952,-0.627829,0.5835157,0.1978616,
1,9,24.019,0.3730732,1.126341,-0.7658559,0.4758829,-0.6277381,0.5834798,0.1975645,
1,9,24.021,0.3730732,1.126341,-0.7658559,0.4758829,-0.6277381,0.5834798,0.1975645,
1,9,24.023,0.3730732,1.126341,-0.7658559,0.4758829,-0.6277381,0.5834798,0.1975645,
1,9,24.025,0.3730732,1.126341,-0.7658559,0.4758829,-0.6277381,0.5834798,0.1975645,
1,9,24.027,0.3728516,1.126302,-0.7658198,0.4754259,-0.627387,0.5841644,0.1977565,
1,9,24.029,0.3728516,1.126302,-0.7658198,0.4754259,-0.627387,0.5841644,0.1977565,
1,9,24.031,0.3728516,1.126302,-0.7658198,0.4754259,-0.627387,0.5841644,0.1977565,
1,9,24.033,0.3728516,1.126302,-0.7658198,0.4754259,-0.627387,0.5841644,0.1977565,
1,9,24.035,0.3727717,1.126119,-0.765743,0.4752163,-0.6269192,0.584812,0.1978301,
1,9,24.037,0.3727717,1.126119,-0.765743,0.4752163,-0.6269192,0.584812,0.1978301,
1,9,24.039,0.3727717,1.126119,-0.765743,0.4752163,-0.6269192,0.584812,0.1978301,
1,9,24.041,0.3727717,1.126119,-0.765743,0.4752163,-0.6269192,0.584812,0.1978301,
1,9,24.043,0.3724833,1.126206,-0.7657104,0.4750603,-0.6264904,0.5853984,0.1978289,
1,9,24.045,0.3724833,1.126206,-0.7657104,0.4750603,-0.6264904,0.5853984,0.1978289,
1,9,24.047,0.3724833,1.126206,-0.7657104,0.4750603,-0.6264904,0.5853984,0.1978289,
1,9,24.049,0.3724833,1.126206,-0.7657104,0.4750603,-0.6264904,0.5853984,0.1978289,
1,9,24.051,0.3723633,1.126182,-0.7656773,0.4751761,-0.62608,0.5857444,0.1978258,
1,9,24.053,0.3723633,1.126182,-0.7656773,0.4751761,-0.62608,0.5857444,0.1978258,
1,9,24.055,0.3723633,1.126182,-0.7656773,0.4751761,-0.62608,0.5857444,0.1978258,
1,9,24.057,0.3723633,1.126182,-0.7656773,0.4751761,-0.62608,0.5857444,0.1978258,
1,9,24.059,0.3722885,1.126103,-0.7657099,0.4753587,-0.6257466,0.5859654,0.1977877,
1,9,24.061,0.3722885,1.126103,-0.7657099,0.4753587,-0.6257466,0.5859654,0.1977877,
1,9,24.063,0.3722885,1.126103,-0.7657099,0.4753587,-0.6257466,0.5859654,0.1977877,
1,9,24.065,0.3722885,1.126103,-0.7657099,0.4753587,-0.6257466,0.5859654,0.1977877,
1,9,24.067,0.3722885,1.126103,-0.7657099,0.4753587,-0.6257466,0.5859654,0.1977877,
1,9,24.069,0.3722137,1.126088,-0.7657571,0.4759352,-0.6253073,0.5860516,0.1975352,
1,9,24.071,0.3722137,1.126088,-0.7657571,0.4759352,-0.6253073,0.5860516,0.1975352,
1,9,24.073,0.3722137,1.126088,-0.7657571,0.4759352,-0.6253073,0.5860516,0.1975352,
1,9,24.075,0.3722137,1.126088,-0.7657571,0.4759352,-0.6253073,0.5860516,0.1975352,
1,9,24.077,0.3720833,1.125908,-0.7658408,0.4764779,-0.6249828,0.5860464,0.197269,
1,9,24.079,0.3720833,1.125908,-0.7658408,0.4764779,-0.6249828,0.5860464,0.197269,
1,9,24.081,0.3720833,1.125908,-0.7658408,0.4764779,-0.6249828,0.5860464,0.197269,
1,9,24.083,0.3720833,1.125908,-0.7658408,0.4764779,-0.6249828,0.5860464,0.197269,
1,9,24.085,0.3720011,1.125596,-0.7659631,0.476916,-0.6247427,0.5859932,0.1971286,
1,9,24.087,0.3720011,1.125596,-0.7659631,0.476916,-0.6247427,0.5859932,0.1971286,
1,9,24.089,0.3720011,1.125596,-0.7659631,0.476916,-0.6247427,0.5859932,0.1971286,
1,9,24.091,0.3720011,1.125596,-0.7659631,0.476916,-0.6247427,0.5859932,0.1971286,
1,9,24.093,0.3720613,1.1251,-0.7661853,0.4772204,-0.6244348,0.5860015,0.1973429,
1,9,24.095,0.3720613,1.1251,-0.7661853,0.4772204,-0.6244348,0.5860015,0.1973429,
1,9,24.097,0.3720613,1.1251,-0.7661853,0.4772204,-0.6244348,0.5860015,0.1973429,
1,9,24.099,0.3720613,1.1251,-0.7661853,0.4772204,-0.6244348,0.5860015,0.1973429,
1,9,24.101,0.3724024,1.124407,-0.7664957,0.4780403,-0.6241477,0.5856392,0.1973426,
1,9,24.103,0.3724024,1.124407,-0.7664957,0.4780403,-0.6241477,0.5856392,0.1973426,
1,9,24.105,0.3724024,1.124407,-0.7664957,0.4780403,-0.6241477,0.5856392,0.1973426,
1,9,24.107,0.3724024,1.124407,-0.7664957,0.4780403,-0.6241477,0.5856392,0.1973426,
1,9,24.109,0.3724053,1.124099,-0.7667122,0.4783239,-0.6235422,0.585928,0.1977114,
1,9,24.111,0.3724053,1.124099,-0.7667122,0.4783239,-0.6235422,0.585928,0.1977114,
1,9,24.113,0.3724053,1.124099,-0.7667122,0.4783239,-0.6235422,0.585928,0.1977114,
1,9,24.115,0.3724053,1.124099,-0.7667122,0.4783239,-0.6235422,0.585928,0.1977114,
1,9,24.117,0.3724053,1.124099,-0.7667122,0.4783239,-0.6235422,0.585928,0.1977114,
1,9,24.119,0.3722961,1.123861,-0.7668702,0.4786416,-0.6229253,0.5862921,0.1978078,
1,9,24.121,0.3722961,1.123861,-0.7668702,0.4786416,-0.6229253,0.5862921,0.1978078,
1,9,24.123,0.3722961,1.123861,-0.7668702,0.4786416,-0.6229253,0.5862921,0.1978078,
1,9,24.125,0.3722961,1.123861,-0.7668702,0.4786416,-0.6229253,0.5862921,0.1978078,
1,9,24.127,0.3721923,1.123558,-0.7669164,0.4792036,-0.6223757,0.5864862,0.1976018,
1,9,24.129,0.3721923,1.123558,-0.7669164,0.4792036,-0.6223757,0.5864862,0.1976018,
1,9,24.131,0.3721923,1.123558,-0.7669164,0.4792036,-0.6223757,0.5864862,0.1976018,
1,9,24.133,0.3721923,1.123558,-0.7669164,0.4792036,-0.6223757,0.5864862,0.1976018,
1,9,24.135,0.3719631,1.123439,-0.7670771,0.4799133,-0.6216655,0.586742,0.1973553,
1,9,24.137,0.3719631,1.123439,-0.7670771,0.4799133,-0.6216655,0.586742,0.1973553,
1,9,24.139,0.3719631,1.123439,-0.7670771,0.4799133,-0.6216655,0.586742,0.1973553,
1,9,24.141,0.3719631,1.123439,-0.7670771,0.4799133,-0.6216655,0.586742,0.1973553,
1,9,24.143,0.3717126,1.123362,-0.767198,0.4804379,-0.6208855,0.5871783,0.1972367,
1,9,24.145,0.3717126,1.123362,-0.767198,0.4804379,-0.6208855,0.5871783,0.1972367,
1,9,24.147,0.3717126,1.123362,-0.767198,0.4804379,-0.6208855,0.5871783,0.1972367,
1,9,24.149,0.3717126,1.123362,-0.767198,0.4804379,-0.6208855,0.5871783,0.1972367,
1,9,24.151,0.3718797,1.123003,-0.7674132,0.4815858,-0.6203218,0.5869861,0.1967826,
1,9,24.153,0.3718797,1.123003,-0.7674132,0.4815858,-0.6203218,0.5869861,0.1967826,
1,9,24.155,0.3718797,1.123003,-0.7674132,0.4815858,-0.6203218,0.5869861,0.1967826,
1,9,24.157,0.3718797,1.123003,-0.7674132,0.4815858,-0.6203218,0.5869861,0.1967826,
1,9,24.159,0.3717273,1.122837,-0.7673483,0.4819923,-0.6196929,0.5873648,0.1966387,
1,9,24.161,0.3717273,1.122837,-0.7673483,0.4819923,-0.6196929,0.5873648,0.1966387,
1,9,24.163,0.3717273,1.122837,-0.7673483,0.4819923,-0.6196929,0.5873648,0.1966387,
1,9,24.165,0.3717273,1.122837,-0.7673483,0.4819923,-0.6196929,0.5873648,0.1966387,
1,9,24.167,0.3717273,1.122837,-0.7673483,0.4819923,-0.6196929,0.5873648,0.1966387,
1,9,24.169,0.3715841,1.122705,-0.7674356,0.482596,-0.619037,0.5876111,0.1964882,
1,9,24.171,0.3715841,1.122705,-0.7674356,0.482596,-0.619037,0.5876111,0.1964882,
1,9,24.173,0.3715841,1.122705,-0.7674356,0.482596,-0.619037,0.5876111,0.1964882,
1,9,24.175,0.3715841,1.122705,-0.7674356,0.482596,-0.619037,0.5876111,0.1964882,
1,9,24.177,0.371256,1.122975,-0.7675866,0.4832443,-0.6180181,0.588201,0.1963367,
1,9,24.179,0.371256,1.122975,-0.7675866,0.4832443,-0.6180181,0.588201,0.1963367,
1,9,24.181,0.371256,1.122975,-0.7675866,0.4832443,-0.6180181,0.588201,0.1963367,
1,9,24.183,0.371256,1.122975,-0.7675866,0.4832443,-0.6180181,0.588201,0.1963367,
1,9,24.185,0.3710812,1.122993,-0.767817,0.4840573,-0.6172488,0.5883916,0.1961834,
1,9,24.187,0.3710812,1.122993,-0.767817,0.4840573,-0.6172488,0.5883916,0.1961834,
1,9,24.189,0.3710812,1.122993,-0.767817,0.4840573,-0.6172488,0.5883916,0.1961834,
1,9,24.191,0.3710812,1.122993,-0.767817,0.4840573,-0.6172488,0.5883916,0.1961834,
1,9,24.193,0.3712679,1.122589,-0.7680928,0.4851384,-0.6168861,0.5879548,0.1959629,
1,9,24.195,0.3712679,1.122589,-0.7680928,0.4851384,-0.6168861,0.5879548,0.1959629,
1,9,24.197,0.3712679,1.122589,-0.7680928,0.4851384,-0.6168861,0.5879548,0.1959629,
1,9,24.199,0.3712679,1.122589,-0.7680928,0.4851384,-0.6168861,0.5879548,0.1959629,
1,9,24.201,0.3714575,1.122242,-0.7683105,0.4862175,-0.6165926,0.5874716,0.1956609,
1,9,24.203,0.3714575,1.122242,-0.7683105,0.4862175,-0.6165926,0.5874716,0.1956609,
1,9,24.205,0.3714575,1.122242,-0.7683105,0.4862175,-0.6165926,0.5874716,0.1956609,
1,9,24.207,0.3714575,1.122242,-0.7683105,0.4862175,-0.6165926,0.5874716,0.1956609,
1,9,24.209,0.3714411,1.122097,-0.7685244,0.4869795,-0.6161846,0.5872756,0.1956401,
1,9,24.211,0.3714411,1.122097,-0.7685244,0.4869795,-0.6161846,0.5872756,0.1956401,
1,9,24.213,0.3714411,1.122097,-0.7685244,0.4869795,-0.6161846,0.5872756,0.1956401,
1,9,24.215,0.3714411,1.122097,-0.7685244,0.4869795,-0.6161846,0.5872756,0.1956401,
1,9,24.217,0.3714411,1.122097,-0.7685244,0.4869795,-0.6161846,0.5872756,0.1956401,
1,9,24.219,0.3713092,1.121989,-0.7688208,0.4875691,-0.6158023,0.5871648,0.1957078,
1,9,24.221,0.3713092,1.121989,-0.7688208,0.4875691,-0.6158023,0.5871648,0.1957078,
1,9,24.223,0.3713092,1.121989,-0.7688208,0.4875691,-0.6158023,0.5871648,0.1957078,
1,9,24.225,0.3713092,1.121989,-0.7688208,0.4875691,-0.6158023,0.5871648,0.1957078,
1,9,24.227,0.3713084,1.121943,-0.768925,0.488059,-0.6154293,0.5871168,0.1958033,
1,9,24.229,0.3713084,1.121943,-0.768925,0.488059,-0.6154293,0.5871168,0.1958033,
1,9,24.231,0.3713084,1.121943,-0.768925,0.488059,-0.6154293,0.5871168,0.1958033,
1,9,24.233,0.3713084,1.121943,-0.768925,0.488059,-0.6154293,0.5871168,0.1958033,
1,9,24.235,0.3712748,1.121903,-0.7689834,0.4885153,-0.6151659,0.5870367,0.1957338,
1,9,24.237,0.3712748,1.121903,-0.7689834,0.4885153,-0.6151659,0.5870367,0.1957338,
1,9,24.239,0.3712748,1.121903,-0.7689834,0.4885153,-0.6151659,0.5870367,0.1957338,
1,9,24.241,0.3712748,1.121903,-0.7689834,0.4885153,-0.6151659,0.5870367,0.1957338,
1,9,24.243,0.3710459,1.121759,-0.7689042,0.4885651,-0.6150894,0.5870814,0.195716,
1,9,24.245,0.3710459,1.121759,-0.7689042,0.4885651,-0.6150894,0.5870814,0.195716,
1,9,24.247,0.3710459,1.121759,-0.7689042,0.4885651,-0.6150894,0.5870814,0.195716,
1,9,24.249,0.3710459,1.121759,-0.7689042,0.4885651,-0.6150894,0.5870814,0.195716,
1,9,24.251,0.3709091,1.121583,-0.76882,0.4885104,-0.6150104,0.5871744,0.1958214,
1,9,24.253,0.3709091,1.121583,-0.76882,0.4885104,-0.6150104,0.5871744,0.1958214,
1,9,24.255,0.3709091,1.121583,-0.76882,0.4885104,-0.6150104,0.5871744,0.1958214,
1,9,24.257,0.3709091,1.121583,-0.76882,0.4885104,-0.6150104,0.5871744,0.1958214,
1,9,24.259,0.3707836,1.121279,-0.7687546,0.4883259,-0.6149597,0.5872802,0.1961235,
1,9,24.261,0.3707836,1.121279,-0.7687546,0.4883259,-0.6149597,0.5872802,0.1961235,
1,9,24.263,0.3707836,1.121279,-0.7687546,0.4883259,-0.6149597,0.5872802,0.1961235,
1,9,24.265,0.3707836,1.121279,-0.7687546,0.4883259,-0.6149597,0.5872802,0.1961235,
1,9,24.267,0.3707836,1.121279,-0.7687546,0.4883259,-0.6149597,0.5872802,0.1961235,
1,9,24.269,0.3704914,1.121168,-0.768616,0.4878913,-0.6147586,0.587714,0.1965356,
1,9,24.271,0.3704914,1.121168,-0.768616,0.4878913,-0.6147586,0.587714,0.1965356,
1,9,24.273,0.3704914,1.121168,-0.768616,0.4878913,-0.6147586,0.587714,0.1965356,
1,9,24.275,0.3704914,1.121168,-0.768616,0.4878913,-0.6147586,0.587714,0.1965356,
1,9,24.277,0.3701871,1.121097,-0.7684904,0.4873192,-0.6144915,0.5882919,0.1970607,
1,9,24.279,0.3701871,1.121097,-0.7684904,0.4873192,-0.6144915,0.5882919,0.1970607,
1,9,24.281,0.3701871,1.121097,-0.7684904,0.4873192,-0.6144915,0.5882919,0.1970607,
1,9,24.283,0.3701871,1.121097,-0.7684904,0.4873192,-0.6144915,0.5882919,0.1970607,
1,9,24.285,0.369963,1.120954,-0.7684136,0.4868193,-0.6142743,0.5887527,0.1975963,
1,9,24.287,0.369963,1.120954,-0.7684136,0.4868193,-0.6142743,0.5887527,0.1975963,
1,9,24.289,0.369963,1.120954,-0.7684136,0.4868193,-0.6142743,0.5887527,0.1975963,
1,9,24.291,0.369963,1.120954,-0.7684136,0.4868193,-0.6142743,0.5887527,0.1975963,
1,9,24.293,0.3697698,1.120785,-0.7684187,0.4864179,-0.6140414,0.5891432,0.1981445,
1,9,24.295,0.3697698,1.120785,-0.7684187,0.4864179,-0.6140414,0.5891432,0.1981445,
1,9,24.297,0.3697698,1.120785,-0.7684187,0.4864179,-0.6140414,0.5891432,0.1981445,
1,9,24.299,0.3697698,1.120785,-0.7684187,0.4864179,-0.6140414,0.5891432,0.1981445,
1,9,24.301,0.3696279,1.120628,-0.7684155,0.4862866,-0.6139163,0.5892935,0.1984065,
1,9,24.303,0.3696279,1.120628,-0.7684155,0.4862866,-0.6139163,0.5892935,0.1984065,
1,9,24.305,0.3696279,1.120628,-0.7684155,0.4862866,-0.6139163,0.5892935,0.1984065,
1,9,24.307,0.3696279,1.120628,-0.7684155,0.4862866,-0.6139163,0.5892935,0.1984065,
1,9,24.309,0.3695775,1.120551,-0.7684737,0.4864173,-0.6137587,0.5892935,0.1985742,
1,9,24.311,0.3695775,1.120551,-0.7684737,0.4864173,-0.6137587,0.5892935,0.1985742,
1,9,24.313,0.3695775,1.120551,-0.7684737,0.4864173,-0.6137587,0.5892935,0.1985742,
1,9,24.315,0.3695775,1.120551,-0.7684737,0.4864173,-0.6137587,0.5892935,0.1985742,
1,9,24.317,0.3695775,1.120551,-0.7684737,0.4864173,-0.6137587,0.5892935,0.1985742,
1,9,24.319,0.3695437,1.120409,-0.7685174,0.4868146,-0.6137398,0.5890251,0.1984551,
1,9,24.321,0.3695437,1.120409,-0.7685174,0.4868146,-0.6137398,0.5890251,0.1984551,
1,9,24.323,0.3695437,1.120409,-0.7685174,0.4868146,-0.6137398,0.5890251,0.1984551,
1,9,24.325,0.3695437,1.120409,-0.7685174,0.4868146,-0.6137398,0.5890251,0.1984551,
1,9,24.327,0.369544,1.120144,-0.7687115,0.487292,-0.6138154,0.5886001,0.1983111,
1,9,24.329,0.369544,1.120144,-0.7687115,0.487292,-0.6138154,0.5886001,0.1983111,
1,9,24.331,0.369544,1.120144,-0.7687115,0.487292,-0.6138154,0.5886001,0.1983111,
1,9,24.333,0.369544,1.120144,-0.7687115,0.487292,-0.6138154,0.5886001,0.1983111,
1,9,24.335,0.3694117,1.120065,-0.7689059,0.4878092,-0.6137452,0.5883176,0.1980946,
1,9,24.337,0.3694117,1.120065,-0.7689059,0.4878092,-0.6137452,0.5883176,0.1980946,
1,9,24.339,0.3694117,1.120065,-0.7689059,0.4878092,-0.6137452,0.5883176,0.1980946,
1,9,24.341,0.3694117,1.120065,-0.7689059,0.4878092,-0.6137452,0.5883176,0.1980946,
1,9,24.343,0.3692758,1.120005,-0.7690635,0.4883105,-0.6136138,0.5881068,0.1978924,
1,9,24.345,0.3692758,1.120005,-0.7690635,0.4883105,-0.6136138,0.5881068,0.1978924,
1,9,24.347,0.3692758,1.120005,-0.7690635,0.4883105,-0.6136138,0.5881068,0.1978924,
1,9,24.349,0.3692758,1.120005,-0.7690635,0.4883105,-0.6136138,0.5881068,0.1978924,
1,9,24.351,0.3691956,1.119934,-0.7692728,0.4888044,-0.6134566,0.5878941,0.1977925,
1,9,24.353,0.3691956,1.119934,-0.7692728,0.4888044,-0.6134566,0.5878941,0.1977925,
1,9,24.355,0.3691956,1.119934,-0.7692728,0.4888044,-0.6134566,0.5878941,0.1977925,
1,9,24.357,0.3691956,1.119934,-0.7692728,0.4888044,-0.6134566,0.5878941,0.1977925,
1,9,24.359,0.3691983,1.119908,-0.7696064,0.4894699,-0.6132034,0.5876366,0.1976971,
1,9,24.361,0.3691983,1.119908,-0.7696064,0.4894699,-0.6132034,0.5876366,0.1976971,
1,9,24.363,0.3691983,1.119908,-0.7696064,0.4894699,-0.6132034,0.5876366,0.1976971,
1,9,24.365,0.3691983,1.119908,-0.7696064,0.4894699,-0.6132034,0.5876366,0.1976971,
1,9,24.367,0.3691983,1.119908,-0.7696064,0.4894699,-0.6132034,0.5876366,0.1976971,
1,9,24.369,0.3690689,1.119943,-0.7697838,0.4896336,-0.6129358,0.5877139,0.1978914,
1,9,24.371,0.3690689,1.119943,-0.7697838,0.4896336,-0.6129358,0.5877139,0.1978914,
1,9,24.373,0.3690689,1.119943,-0.7697838,0.4896336,-0.6129358,0.5877139,0.1978914,
1,9,24.375,0.3690689,1.119943,-0.7697838,0.4896336,-0.6129358,0.5877139,0.1978914,
1,9,24.377,0.3689331,1.119967,-0.7700021,0.4897337,-0.6126523,0.5878573,0.1980956,
1,9,24.379,0.3689331,1.119967,-0.7700021,0.4897337,-0.6126523,0.5878573,0.1980956,
1,9,24.381,0.3689331,1.119967,-0.7700021,0.4897337,-0.6126523,0.5878573,0.1980956,
1,9,24.383,0.3689331,1.119967,-0.7700021,0.4897337,-0.6126523,0.5878573,0.1980956,
1,9,24.385,0.3687717,1.119974,-0.7701783,0.4898543,-0.6124759,0.587923,0.198148,
1,9,24.387,0.3687717,1.119974,-0.7701783,0.4898543,-0.6124759,0.587923,0.198148,
1,9,24.389,0.3687717,1.119974,-0.7701783,0.4898543,-0.6124759,0.587923,0.198148,
1,9,24.391,0.3687717,1.119974,-0.7701783,0.4898543,-0.6124759,0.587923,0.198148,
1,9,24.393,0.3686413,1.119972,-0.7703985,0.4899679,-0.6122993,0.5879791,0.1982465,
1,9,24.395,0.3686413,1.119972,-0.7703985,0.4899679,-0.6122993,0.5879791,0.1982465,
1,9,24.397,0.3686413,1.119972,-0.7703985,0.4899679,-0.6122993,0.5879791,0.1982465,
1,9,24.399,0.3686413,1.119972,-0.7703985,0.4899679,-0.6122993,0.5879791,0.1982465,
1,9,24.401,0.368537,1.120037,-0.770586,0.4900244,-0.612134,0.5880793,0.19832,
1,9,24.403,0.368537,1.120037,-0.770586,0.4900244,-0.612134,0.5880793,0.19832,
1,9,24.405,0.368537,1.120037,-0.770586,0.4900244,-0.612134,0.5880793,0.19832,
1,9,24.407,0.368537,1.120037,-0.770586,0.4900244,-0.612134,0.5880793,0.19832,
1,9,24.409,0.368482,1.120115,-0.7707899,0.4900284,-0.6119944,0.5881667,0.1984819,
1,9,24.411,0.368482,1.120115,-0.7707899,0.4900284,-0.6119944,0.5881667,0.1984819,
1,9,24.413,0.368482,1.120115,-0.7707899,0.4900284,-0.6119944,0.5881667,0.1984819,
1,9,24.415,0.368482,1.120115,-0.7707899,0.4900284,-0.6119944,0.5881667,0.1984819,
1,9,24.417,0.368482,1.120115,-0.7707899,0.4900284,-0.6119944,0.5881667,0.1984819,
1,9,24.419,0.3683968,1.120189,-0.7710502,0.4899561,-0.6119164,0.5882632,0.1986146,
1,9,24.421,0.3683968,1.120189,-0.7710502,0.4899561,-0.6119164,0.5882632,0.1986146,
1,9,24.423,0.3683968,1.120189,-0.7710502,0.4899561,-0.6119164,0.5882632,0.1986146,
1,9,24.425,0.3683968,1.120189,-0.7710502,0.4899561,-0.6119164,0.5882632,0.1986146,
1,9,24.427,0.3683921,1.120209,-0.7714016,0.4898764,-0.6120334,0.5881566,0.1987663,
1,9,24.429,0.3683921,1.120209,-0.7714016,0.4898764,-0.6120334,0.5881566,0.1987663,
1,9,24.431,0.3683921,1.120209,-0.7714016,0.4898764,-0.6120334,0.5881566,0.1987663,
1,9,24.433,0.3683921,1.120209,-0.7714016,0.4898764,-0.6120334,0.5881566,0.1987663,
1,9,24.435,0.3683183,1.120273,-0.7716997,0.489755,-0.6121503,0.5881078,0.1988504,
1,9,24.437,0.3683183,1.120273,-0.7716997,0.489755,-0.6121503,0.5881078,0.1988504,
1,9,24.439,0.3683183,1.120273,-0.7716997,0.489755,-0.6121503,0.5881078,0.1988504,
1,9,24.441,0.3683183,1.120273,-0.7716997,0.489755,-0.6121503,0.5881078,0.1988504,
1,9,24.443,0.3682532,1.120237,-0.7720022,0.4895167,-0.612421,0.5880279,0.1988395,
1,9,24.445,0.3682532,1.120237,-0.7720022,0.4895167,-0.612421,0.5880279,0.1988395,
1,9,24.447,0.3682532,1.120237,-0.7720022,0.4895167,-0.612421,0.5880279,0.1988395,
1,9,24.449,0.3682532,1.120237,-0.7720022,0.4895167,-0.612421,0.5880279,0.1988395,
1,9,24.451,0.3681217,1.120309,-0.7722175,0.4891949,-0.6126392,0.588075,0.1988199,
1,9,24.453,0.3681217,1.120309,-0.7722175,0.4891949,-0.6126392,0.588075,0.1988199,
1,9,24.455,0.3681217,1.120309,-0.7722175,0.4891949,-0.6126392,0.588075,0.1988199,
1,9,24.457,0.3681217,1.120309,-0.7722175,0.4891949,-0.6126392,0.588075,0.1988199,
1,9,24.459,0.3680716,1.12038,-0.7725415,0.4887244,-0.6127969,0.5882326,0.1990247,
1,9,24.461,0.3680716,1.12038,-0.7725415,0.4887244,-0.6127969,0.5882326,0.1990247,
1,9,24.463,0.3680716,1.12038,-0.7725415,0.4887244,-0.6127969,0.5882326,0.1990247,
1,9,24.465,0.3680716,1.12038,-0.7725415,0.4887244,-0.6127969,0.5882326,0.1990247,
1,9,24.467,0.3680716,1.12038,-0.7725415,0.4887244,-0.6127969,0.5882326,0.1990247,
1,9,24.469,0.3681345,1.120471,-0.7728733,0.4882441,-0.6129343,0.5884183,0.1992317,
1,9,24.471,0.3681345,1.120471,-0.7728733,0.4882441,-0.6129343,0.5884183,0.1992317,
1,9,24.473,0.3681345,1.120471,-0.7728733,0.4882441,-0.6129343,0.5884183,0.1992317,
1,9,24.475,0.3681345,1.120471,-0.7728733,0.4882441,-0.6129343,0.5884183,0.1992317,
1,9,24.477,0.3680543,1.120618,-0.7731559,0.4875242,-0.613077,0.5888028,0.199419,
1,9,24.479,0.3680543,1.120618,-0.7731559,0.4875242,-0.613077,0.5888028,0.199419,
1,9,24.481,0.3680543,1.120618,-0.7731559,0.4875242,-0.613077,0.5888028,0.199419,
1,9,24.483,0.3680543,1.120618,-0.7731559,0.4875242,-0.613077,0.5888028,0.199419,
1,9,24.485,0.368186,1.120652,-0.7735642,0.4871426,-0.6133209,0.5888658,0.1994158,
1,9,24.487,0.368186,1.120652,-0.7735642,0.4871426,-0.6133209,0.5888658,0.1994158,
1,9,24.489,0.368186,1.120652,-0.7735642,0.4871426,-0.6133209,0.5888658,0.1994158,
1,9,24.491,0.368186,1.120652,-0.7735642,0.4871426,-0.6133209,0.5888658,0.1994158,
1,9,24.493,0.3682874,1.120923,-0.7739835,0.4870246,-0.6135483,0.5888171,0.1991484,
1,9,24.495,0.3682874,1.120923,-0.7739835,0.4870246,-0.6135483,0.5888171,0.1991484,
1,9,24.497,0.3682874,1.120923,-0.7739835,0.4870246,-0.6135483,0.5888171,0.1991484,
1,9,24.499,0.3682874,1.120923,-0.7739835,0.4870246,-0.6135483,0.5888171,0.1991484,
1,9,24.501,0.3683545,1.121238,-0.7744046,0.4869189,-0.6138175,0.5887308,0.198832,
1,9,24.503,0.3683545,1.121238,-0.7744046,0.4869189,-0.6138175,0.5887308,0.198832,
1,9,24.505,0.3683545,1.121238,-0.7744046,0.4869189,-0.6138175,0.5887308,0.198832,
1,9,24.507,0.3683545,1.121238,-0.7744046,0.4869189,-0.6138175,0.5887308,0.198832,
1,9,24.509,0.3684475,1.121502,-0.7747614,0.4866697,-0.6142311,0.5886406,0.1984312,
1,9,24.511,0.3684475,1.121502,-0.7747614,0.4866697,-0.6142311,0.5886406,0.1984312,
1,9,24.513,0.3684475,1.121502,-0.7747614,0.4866697,-0.6142311,0.5886406,0.1984312,
1,9,24.515,0.3684475,1.121502,-0.7747614,0.4866697,-0.6142311,0.5886406,0.1984312,
1,9,24.517,0.3684475,1.121502,-0.7747614,0.4866697,-0.6142311,0.5886406,0.1984312,
1,9,24.519,0.3685416,1.121587,-0.774955,0.4862642,-0.6148411,0.5884662,0.1980534,
1,9,24.521,0.3685416,1.121587,-0.774955,0.4862642,-0.6148411,0.5884662,0.1980534,
1,9,24.523,0.3685416,1.121587,-0.774955,0.4862642,-0.6148411,0.5884662,0.1980534,
1,9,24.525,0.3685416,1.121587,-0.774955,0.4862642,-0.6148411,0.5884662,0.1980534,
1,9,24.527,0.3685548,1.121673,-0.7751736,0.4855978,-0.6154247,0.588461,0.1978916,
1,9,24.529,0.3685548,1.121673,-0.7751736,0.4855978,-0.6154247,0.588461,0.1978916,
1,9,24.531,0.3685548,1.121673,-0.7751736,0.4855978,-0.6154247,0.588461,0.1978916,
1,9,24.533,0.3685548,1.121673,-0.7751736,0.4855978,-0.6154247,0.588461,0.1978916,
1,9,24.535,0.368357,1.122141,-0.7755167,0.4843105,-0.6157174,0.5890727,0.1983146,
1,9,24.537,0.368357,1.122141,-0.7755167,0.4843105,-0.6157174,0.5890727,0.1983146,
1,9,24.539,0.368357,1.122141,-0.7755167,0.4843105,-0.6157174,0.5890727,0.1983146,
1,9,24.541,0.368357,1.122141,-0.7755167,0.4843105,-0.6157174,0.5890727,0.1983146,
1,9,24.543,0.3683979,1.122478,-0.7757375,0.4831277,-0.6161088,0.5895041,0.1987024,
1,9,24.545,0.3683979,1.122478,-0.7757375,0.4831277,-0.6161088,0.5895041,0.1987024,
1,9,24.547,0.3683979,1.122478,-0.7757375,0.4831277,-0.6161088,0.5895041,0.1987024,
1,9,24.549,0.3683979,1.122478,-0.7757375,0.4831277,-0.6161088,0.5895041,0.1987024,
1,9,24.551,0.3687726,1.122491,-0.7760329,0.4822404,-0.6169075,0.5893439,0.1988546,
1,9,24.553,0.3687726,1.122491,-0.7760329,0.4822404,-0.6169075,0.5893439,0.1988546,
1,9,24.555,0.3687726,1.122491,-0.7760329,0.4822404,-0.6169075,0.5893439,0.1988546,
1,9,24.557,0.3687726,1.122491,-0.7760329,0.4822404,-0.6169075,0.5893439,0.1988546,
1,9,24.559,0.368971,1.122628,-0.7762328,0.4813695,-0.6178423,0.589115,0.1987407,
1,9,24.561,0.368971,1.122628,-0.7762328,0.4813695,-0.6178423,0.589115,0.1987407,
1,9,24.563,0.368971,1.122628,-0.7762328,0.4813695,-0.6178423,0.589115,0.1987407,
1,9,24.565,0.368971,1.122628,-0.7762328,0.4813695,-0.6178423,0.589115,0.1987407,
1,9,24.567,0.368971,1.122628,-0.7762328,0.4813695,-0.6178423,0.589115,0.1987407,
1,9,24.569,0.3692108,1.122653,-0.7765609,0.480296,-0.6188825,0.588845,0.1989019,
1,9,24.571,0.3692108,1.122653,-0.7765609,0.480296,-0.6188825,0.588845,0.1989019,
1,9,24.573,0.3692108,1.122653,-0.7765609,0.480296,-0.6188825,0.588845,0.1989019,
1,9,24.575,0.3692108,1.122653,-0.7765609,0.480296,-0.6188825,0.588845,0.1989019,
1,9,24.577,0.3696298,1.122595,-0.7768197,0.478966,-0.6201895,0.5884855,0.1991017,
1,9,24.579,0.3696298,1.122595,-0.7768197,0.478966,-0.6201895,0.5884855,0.1991017,
1,9,24.581,0.3696298,1.122595,-0.7768197,0.478966,-0.6201895,0.5884855,0.1991017,
1,9,24.583,0.3696298,1.122595,-0.7768197,0.478966,-0.6201895,0.5884855,0.1991017,
1,9,24.585,0.3697799,1.12266,-0.7769689,0.4779824,-0.6214513,0.588089,0.1987019,
1,9,24.587,0.3697799,1.12266,-0.7769689,0.4779824,-0.6214513,0.588089,0.1987019,
1,9,24.589,0.3697799,1.12266,-0.7769689,0.4779824,-0.6214513,0.588089,0.1987019,
1,9,24.591,0.3697799,1.12266,-0.7769689,0.4779824,-0.6214513,0.588089,0.1987019,
1,9,24.593,0.3698194,1.122846,-0.7772475,0.4770139,-0.6225536,0.5878207,0.1983719,
1,9,24.595,0.3698194,1.122846,-0.7772475,0.4770139,-0.6225536,0.5878207,0.1983719,
1,9,24.597,0.3698194,1.122846,-0.7772475,0.4770139,-0.6225536,0.5878207,0.1983719,
1,9,24.599,0.3698194,1.122846,-0.7772475,0.4770139,-0.6225536,0.5878207,0.1983719,
1,9,24.601,0.3698786,1.123211,-0.7775472,0.4760987,-0.6235486,0.5875939,0.1981177,
1,9,24.603,0.3698786,1.123211,-0.7775472,0.4760987,-0.6235486,0.5875939,0.1981177,
1,9,24.605,0.3698786,1.123211,-0.7775472,0.4760987,-0.6235486,0.5875939,0.1981177,
1,9,24.607,0.3698786,1.123211,-0.7775472,0.4760987,-0.6235486,0.5875939,0.1981177,
1,9,24.609,0.3696952,1.123587,-0.7775093,0.4745405,-0.6245997,0.587754,0.1980701,
1,9,24.611,0.3696952,1.123587,-0.7775093,0.4745405,-0.6245997,0.587754,0.1980701,
1,9,24.613,0.3696952,1.123587,-0.7775093,0.4745405,-0.6245997,0.587754,0.1980701,
1,9,24.615,0.3696952,1.123587,-0.7775093,0.4745405,-0.6245997,0.587754,0.1980701,
1,9,24.617,0.3696952,1.123587,-0.7775093,0.4745405,-0.6245997,0.587754,0.1980701,
1,9,24.619,0.369737,1.123646,-0.7776679,0.4731402,-0.6257381,0.5876631,0.1980969,
1,9,24.621,0.369737,1.123646,-0.7776679,0.4731402,-0.6257381,0.5876631,0.1980969,
1,9,24.623,0.369737,1.123646,-0.7776679,0.4731402,-0.6257381,0.5876631,0.1980969,
1,9,24.625,0.369737,1.123646,-0.7776679,0.4731402,-0.6257381,0.5876631,0.1980969,
1,9,24.627,0.3696041,1.123695,-0.7777956,0.4715791,-0.6268467,0.5876982,0.19821,
1,9,24.629,0.3696041,1.123695,-0.7777956,0.4715791,-0.6268467,0.5876982,0.19821,
1,9,24.631,0.3696041,1.123695,-0.7777956,0.4715791,-0.6268467,0.5876982,0.19821,
1,9,24.633,0.3696041,1.123695,-0.7777956,0.4715791,-0.6268467,0.5876982,0.19821,
1,9,24.635,0.3693823,1.123996,-0.7779976,0.4697945,-0.6276686,0.5880813,0.1987101,
1,9,24.637,0.3693823,1.123996,-0.7779976,0.4697945,-0.6276686,0.5880813,0.1987101,
1,9,24.639,0.3693823,1.123996,-0.7779976,0.4697945,-0.6276686,0.5880813,0.1987101,
1,9,24.641,0.3693823,1.123996,-0.7779976,0.4697945,-0.6276686,0.5880813,0.1987101,
1,9,24.643,0.3693522,1.124144,-0.7782434,0.4685756,-0.6285424,0.5880504,0.1989174,
1,9,24.645,0.3693522,1.124144,-0.7782434,0.4685756,-0.6285424,0.5880504,0.1989174,
1,9,24.647,0.3693522,1.124144,-0.7782434,0.4685756,-0.6285424,0.5880504,0.1989174,
1,9,24.649,0.3693522,1.124144,-0.7782434,0.4685756,-0.6285424,0.5880504,0.1989174,
1,9,24.651,0.3694228,1.124365,-0.7786747,0.4677668,-0.6291038,0.5879161,0.1994426,
1,9,24.653,0.3694228,1.124365,-0.7786747,0.4677668,-0.6291038,0.5879161,0.1994426,
1,9,24.655,0.3694228,1.124365,-0.7786747,0.4677668,-0.6291038,0.5879161,0.1994426,
1,9,24.657,0.3694228,1.124365,-0.7786747,0.4677668,-0.6291038,0.5879161,0.1994426,
1,9,24.659,0.3693886,1.124448,-0.7788692,0.4665217,-0.6300319,0.5877848,0.1998158,
1,9,24.661,0.3693886,1.124448,-0.7788692,0.4665217,-0.6300319,0.5877848,0.1998158,
1,9,24.663,0.3693886,1.124448,-0.7788692,0.4665217,-0.6300319,0.5877848,0.1998158,
1,9,24.665,0.3693886,1.124448,-0.7788692,0.4665217,-0.6300319,0.5877848,0.1998158,
1,9,24.667,0.3693886,1.124448,-0.7788692,0.4665217,-0.6300319,0.5877848,0.1998158,
1,9,24.669,0.3693495,1.124662,-0.7789656,0.4654934,-0.630645,0.5878093,0.2002075,
1,9,24.671,0.3693495,1.124662,-0.7789656,0.4654934,-0.630645,0.5878093,0.2002075,
1,9,24.673,0.3693495,1.124662,-0.7789656,0.4654934,-0.630645,0.5878093,0.2002075,
1,9,24.675,0.3693495,1.124662,-0.7789656,0.4654934,-0.630645,0.5878093,0.2002075,
1,9,24.677,0.3693411,1.124965,-0.7793187,0.4654576,-0.6311141,0.5873966,0.2000237,
1,9,24.679,0.3693411,1.124965,-0.7793187,0.4654576,-0.6311141,0.5873966,0.2000237,
1,9,24.681,0.3693411,1.124965,-0.7793187,0.4654576,-0.6311141,0.5873966,0.2000237,
1,9,24.683,0.3693411,1.124965,-0.7793187,0.4654576,-0.6311141,0.5873966,0.2000237,
1,9,24.685,0.3694215,1.125429,-0.7799132,0.4659976,-0.6315298,0.586683,0.1995481,
1,9,24.687,0.3694215,1.125429,-0.7799132,0.4659976,-0.6315298,0.586683,0.1995481,
1,9,24.689,0.3694215,1.125429,-0.7799132,0.4659976,-0.6315298,0.586683,0.1995481,
1,9,24.691,0.3694215,1.125429,-0.7799132,0.4659976,-0.6315298,0.586683,0.1995481,
1,9,24.693,0.3696643,1.125648,-0.7803712,0.4668916,-0.6322095,0.5855131,0.1987408,
1,9,24.695,0.3696643,1.125648,-0.7803712,0.4668916,-0.6322095,0.5855131,0.1987408,
1,9,24.697,0.3696643,1.125648,-0.7803712,0.4668916,-0.6322095,0.5855131,0.1987408,
1,9,24.699,0.3696643,1.125648,-0.7803712,0.4668916,-0.6322095,0.5855131,0.1987408,
1,9,24.701,0.3697408,1.126093,-0.7807254,0.4676929,-0.6326365,0.5847067,0.1978701,
1,9,24.703,0.3697408,1.126093,-0.7807254,0.4676929,-0.6326365,0.5847067,0.1978701,
1,9,24.705,0.3697408,1.126093,-0.7807254,0.4676929,-0.6326365,0.5847067,0.1978701,
1,9,24.707,0.3697408,1.126093,-0.7807254,0.4676929,-0.6326365,0.5847067,0.1978701,
1,9,24.709,0.369842,1.126498,-0.7811338,0.4686588,-0.6327978,0.5839654,0.1972565,
1,9,24.711,0.369842,1.126498,-0.7811338,0.4686588,-0.6327978,0.5839654,0.1972565,
1,9,24.713,0.369842,1.126498,-0.7811338,0.4686588,-0.6327978,0.5839654,0.1972565,
1,9,24.715,0.369842,1.126498,-0.7811338,0.4686588,-0.6327978,0.5839654,0.1972565,
1,9,24.717,0.369842,1.126498,-0.7811338,0.4686588,-0.6327978,0.5839654,0.1972565,
1,9,24.719,0.3698376,1.126841,-0.7814425,0.4692127,-0.6329688,0.5835159,0.1967211,
1,9,24.721,0.3698376,1.126841,-0.7814425,0.4692127,-0.6329688,0.5835159,0.1967211,
1,9,24.723,0.3698376,1.126841,-0.7814425,0.4692127,-0.6329688,0.5835159,0.1967211,
1,9,24.725,0.3698376,1.126841,-0.7814425,0.4692127,-0.6329688,0.5835159,0.1967211,
1,9,24.727,0.3698182,1.126989,-0.7817041,0.4695364,-0.6330454,0.5832461,0.1965023,
1,9,24.729,0.3698182,1.126989,-0.7817041,0.4695364,-0.6330454,0.5832461,0.1965023,
1,9,24.731,0.3698182,1.126989,-0.7817041,0.4695364,-0.6330454,0.5832461,0.1965023,
1,9,24.733,0.3698182,1.126989,-0.7817041,0.4695364,-0.6330454,0.5832461,0.1965023,
1,9,24.735,0.3697503,1.127076,-0.7818207,0.4695623,-0.6331552,0.5831606,0.1963399,
1,9,24.737,0.3697503,1.127076,-0.7818207,0.4695623,-0.6331552,0.5831606,0.1963399,
1,9,24.739,0.3697503,1.127076,-0.7818207,0.4695623,-0.6331552,0.5831606,0.1963399,
1,9,24.741,0.3697503,1.127076,-0.7818207,0.4695623,-0.6331552,0.5831606,0.1963399,
1,9,24.743,0.3696775,1.127226,-0.7819418,0.4696101,-0.6330392,0.5832286,0.1963981,
1,9,24.745,0.3696775,1.127226,-0.7819418,0.4696101,-0.6330392,0.5832286,0.1963981,
1,9,24.747,0.3696775,1.127226,-0.7819418,0.4696101,-0.6330392,0.5832286,0.1963981,
1,9,24.749,0.3696775,1.127226,-0.7819418,0.4696101,-0.6330392,0.5832286,0.1963981,
1,9,24.751,0.3696046,1.127238,-0.7820058,0.4695399,-0.632998,0.5833052,0.1964708,
1,9,24.753,0.3696046,1.127238,-0.7820058,0.4695399,-0.632998,0.5833052,0.1964708,
1,9,24.755,0.3696046,1.127238,-0.7820058,0.4695399,-0.632998,0.5833052,0.1964708,
1,9,24.757,0.3696046,1.127238,-0.7820058,0.4695399,-0.632998,0.5833052,0.1964708,
1,9,24.759,0.3695254,1.127246,-0.7821814,0.4695626,-0.6328667,0.583382,0.1966116,
1,9,24.761,0.3695254,1.127246,-0.7821814,0.4695626,-0.6328667,0.583382,0.1966116,
1,9,24.763,0.3695254,1.127246,-0.7821814,0.4695626,-0.6328667,0.583382,0.1966116,
1,9,24.765,0.3695254,1.127246,-0.7821814,0.4695626,-0.6328667,0.583382,0.1966116,
1,9,24.767,0.3695254,1.127246,-0.7821814,0.4695626,-0.6328667,0.583382,0.1966116,
1,9,24.769,0.3694339,1.127125,-0.7821709,0.4695131,-0.6328758,0.5834095,0.1966192,
1,9,24.771,0.3694339,1.127125,-0.7821709,0.4695131,-0.6328758,0.5834095,0.1966192,
1,9,24.773,0.3694339,1.127125,-0.7821709,0.4695131,-0.6328758,0.5834095,0.1966192,
1,9,24.775,0.3694339,1.127125,-0.7821709,0.4695131,-0.6328758,0.5834095,0.1966192,
1,9,24.777,0.36933,1.127083,-0.7821656,0.4695756,-0.632798,0.5834584,0.1965755,
1,9,24.779,0.36933,1.127083,-0.7821656,0.4695756,-0.632798,0.5834584,0.1965755,
1,9,24.781,0.36933,1.127083,-0.7821656,0.4695756,-0.632798,0.5834584,0.1965755,
1,9,24.783,0.36933,1.127083,-0.7821656,0.4695756,-0.632798,0.5834584,0.1965755,
1,9,24.785,0.3692904,1.126955,-0.7822327,0.4696348,-0.6326534,0.5835117,0.1967408,
1,9,24.787,0.3692904,1.126955,-0.7822327,0.4696348,-0.6326534,0.5835117,0.1967408,
1,9,24.789,0.3692904,1.126955,-0.7822327,0.4696348,-0.6326534,0.5835117,0.1967408,
1,9,24.791,0.3692904,1.126955,-0.7822327,0.4696348,-0.6326534,0.5835117,0.1967408,
1,9,24.793,0.3692744,1.126858,-0.7823172,0.4697811,-0.6324154,0.5835879,0.1969306,
1,9,24.795,0.3692744,1.126858,-0.7823172,0.4697811,-0.6324154,0.5835879,0.1969306,
1,9,24.797,0.3692744,1.126858,-0.7823172,0.4697811,-0.6324154,0.5835879,0.1969306,
1,9,24.799,0.3692744,1.126858,-0.7823172,0.4697811,-0.6324154,0.5835879,0.1969306,
1,9,24.801,0.3692343,1.126712,-0.7824174,0.4700517,-0.6321815,0.5835755,0.1970728,
1,9,24.803,0.3692343,1.126712,-0.7824174,0.4700517,-0.6321815,0.5835755,0.1970728,
1,9,24.805,0.3692343,1.126712,-0.7824174,0.4700517,-0.6321815,0.5835755,0.1970728,
1,9,24.807,0.3692343,1.126712,-0.7824174,0.4700517,-0.6321815,0.5835755,0.1970728,
1,9,24.809,0.3691255,1.126544,-0.7824973,0.4703441,-0.6320199,0.5835607,0.1969373,
1,9,24.811,0.3691255,1.126544,-0.7824973,0.4703441,-0.6320199,0.5835607,0.1969373,
1,9,24.813,0.3691255,1.126544,-0.7824973,0.4703441,-0.6320199,0.5835607,0.1969373,
1,9,24.815,0.3691255,1.126544,-0.7824973,0.4703441,-0.6320199,0.5835607,0.1969373,
1,9,24.817,0.3691255,1.126544,-0.7824973,0.4703441,-0.6320199,0.5835607,0.1969373,
1,9,24.819,0.3689843,1.126524,-0.7825663,0.4708745,-0.6316272,0.5836157,0.1967663,
1,9,24.821,0.3689843,1.126524,-0.7825663,0.4708745,-0.6316272,0.5836157,0.1967663,
1,9,24.823,0.3689843,1.126524,-0.7825663,0.4708745,-0.6316272,0.5836157,0.1967663,
1,9,24.825,0.3689843,1.126524,-0.7825663,0.4708745,-0.6316272,0.5836157,0.1967663,
1,9,24.827,0.3689086,1.126481,-0.782693,0.4715986,-0.6312593,0.583535,0.1964525,
1,9,24.829,0.3689086,1.126481,-0.782693,0.4715986,-0.6312593,0.583535,0.1964525,
1,9,24.831,0.3689086,1.126481,-0.782693,0.4715986,-0.6312593,0.583535,0.1964525,
1,9,24.833,0.3689086,1.126481,-0.782693,0.4715986,-0.6312593,0.583535,0.1964525,
1,9,24.835,0.3687388,1.126462,-0.7828649,0.472339,-0.6307803,0.5835422,0.1961902,
1,9,24.837,0.3687388,1.126462,-0.7828649,0.472339,-0.6307803,0.5835422,0.1961902,
1,9,24.839,0.3687388,1.126462,-0.7828649,0.472339,-0.6307803,0.5835422,0.1961902,
1,9,24.841,0.3687388,1.126462,-0.7828649,0.472339,-0.6307803,0.5835422,0.1961902,
1,9,24.843,0.368571,1.126534,-0.782824,0.4729612,-0.6302233,0.5837291,0.195925,
1,9,24.845,0.368571,1.126534,-0.782824,0.4729612,-0.6302233,0.5837291,0.195925,
1,9,24.847,0.368571,1.126534,-0.782824,0.4729612,-0.6302233,0.5837291,0.195925,
1,9,24.849,0.368571,1.126534,-0.782824,0.4729612,-0.6302233,0.5837291,0.195925,
1,9,24.851,0.3687497,1.126333,-0.7829927,0.4742069,-0.629845,0.5833126,0.1953704,
1,9,24.853,0.3687497,1.126333,-0.7829927,0.4742069,-0.629845,0.5833126,0.1953704,
1,9,24.855,0.3687497,1.126333,-0.7829927,0.4742069,-0.629845,0.5833126,0.1953704,
1,9,24.857,0.3687497,1.126333,-0.7829927,0.4742069,-0.629845,0.5833126,0.1953704,
1,9,24.859,0.3687373,1.126178,-0.7832482,0.474992,-0.6293454,0.583213,0.1953703,
1,9,24.861,0.3687373,1.126178,-0.7832482,0.474992,-0.6293454,0.583213,0.1953703,
1,9,24.863,0.3687373,1.126178,-0.7832482,0.474992,-0.6293454,0.583213,0.1953703,
1,9,24.865,0.3687373,1.126178,-0.7832482,0.474992,-0.6293454,0.583213,0.1953703,
1,9,24.867,0.3687373,1.126178,-0.7832482,0.474992,-0.6293454,0.583213,0.1953703,
1,9,24.869,0.3685119,1.126612,-0.7834514,0.4758023,-0.6283759,0.5836009,0.1953611,
1,9,24.871,0.3685119,1.126612,-0.7834514,0.4758023,-0.6283759,0.5836009,0.1953611,
1,9,24.873,0.3685119,1.126612,-0.7834514,0.4758023,-0.6283759,0.5836009,0.1953611,
1,9,24.875,0.3685119,1.126612,-0.7834514,0.4758023,-0.6283759,0.5836009,0.1953611,
1,9,24.877,0.368279,1.126805,-0.7834434,0.4764596,-0.6277423,0.5838189,0.1951449,
1,9,24.879,0.368279,1.126805,-0.7834434,0.4764596,-0.6277423,0.5838189,0.1951449,
1,9,24.881,0.368279,1.126805,-0.7834434,0.4764596,-0.6277423,0.5838189,0.1951449,
1,9,24.883,0.368279,1.126805,-0.7834434,0.4764596,-0.6277423,0.5838189,0.1951449,
1,9,24.885,0.367834,1.1271,-0.7830657,0.4770129,-0.6271537,0.5841426,0.1947159,
1,9,24.887,0.367834,1.1271,-0.7830657,0.4770129,-0.6271537,0.5841426,0.1947159,
1,9,24.889,0.367834,1.1271,-0.7830657,0.4770129,-0.6271537,0.5841426,0.1947159,
1,9,24.891,0.367834,1.1271,-0.7830657,0.4770129,-0.6271537,0.5841426,0.1947159,
1,9,24.893,0.3675873,1.127123,-0.782743,0.4775732,-0.6266407,0.5842901,0.194552,
1,9,24.895,0.3675873,1.127123,-0.782743,0.4775732,-0.6266407,0.5842901,0.194552,
1,9,24.897,0.3675873,1.127123,-0.782743,0.4775732,-0.6266407,0.5842901,0.194552,
1,9,24.899,0.3675873,1.127123,-0.782743,0.4775732,-0.6266407,0.5842901,0.194552,
1,9,24.901,0.36753,1.127074,-0.7827885,0.4781417,-0.6261699,0.5842551,0.194776,
1,9,24.903,0.36753,1.127074,-0.7827885,0.4781417,-0.6261699,0.5842551,0.194776,
1,9,24.905,0.36753,1.127074,-0.7827885,0.4781417,-0.6261699,0.5842551,0.194776,
1,9,24.907,0.36753,1.127074,-0.7827885,0.4781417,-0.6261699,0.5842551,0.194776,
1,9,24.909,0.3673983,1.12708,-0.7826802,0.4784565,-0.625846,0.5842568,0.1950391,
1,9,24.911,0.3673983,1.12708,-0.7826802,0.4784565,-0.625846,0.5842568,0.1950391,
1,9,24.913,0.3673983,1.12708,-0.7826802,0.4784565,-0.625846,0.5842568,0.1950391,
1,9,24.915,0.3673983,1.12708,-0.7826802,0.4784565,-0.625846,0.5842568,0.1950391,
1,9,24.917,0.3673983,1.12708,-0.7826802,0.4784565,-0.625846,0.5842568,0.1950391,
1,9,24.919,0.3673357,1.126864,-0.7824875,0.4785829,-0.6257645,0.5840815,0.1955148,
1,9,24.921,0.3673357,1.126864,-0.7824875,0.4785829,-0.6257645,0.5840815,0.1955148,
1,9,24.923,0.3673357,1.126864,-0.7824875,0.4785829,-0.6257645,0.5840815,0.1955148,
1,9,24.925,0.3673357,1.126864,-0.7824875,0.4785829,-0.6257645,0.5840815,0.1955148,
1,9,24.927,0.3674847,1.126726,-0.782581,0.4792693,-0.625671,0.5834913,0.1958943,
1,9,24.929,0.3674847,1.126726,-0.782581,0.4792693,-0.625671,0.5834913,0.1958943,
1,9,24.931,0.3674847,1.126726,-0.782581,0.4792693,-0.625671,0.5834913,0.1958943,
1,9,24.933,0.3674847,1.126726,-0.782581,0.4792693,-0.625671,0.5834913,0.1958943,
1,9,24.935,0.3671946,1.126953,-0.7825819,0.4789913,-0.6254628,0.5835869,0.1969519,
1,9,24.937,0.3671946,1.126953,-0.7825819,0.4789913,-0.6254628,0.5835869,0.1969519,
1,9,24.939,0.3671946,1.126953,-0.7825819,0.4789913,-0.6254628,0.5835869,0.1969519,
1,9,24.941,0.3671946,1.126953,-0.7825819,0.4789913,-0.6254628,0.5835869,0.1969519,
1,9,24.943,0.3670712,1.127064,-0.7825322,0.4789671,-0.6255254,0.5832595,0.1977805,
1,9,24.945,0.3670712,1.127064,-0.7825322,0.4789671,-0.6255254,0.5832595,0.1977805,
1,9,24.947,0.3670712,1.127064,-0.7825322,0.4789671,-0.6255254,0.5832595,0.1977805,
1,9,24.949,0.3670712,1.127064,-0.7825322,0.4789671,-0.6255254,0.5832595,0.1977805,
1,9,24.951,0.3668912,1.127169,-0.7824476,0.4786831,-0.6256982,0.5829067,0.1989576,
1,9,24.953,0.3668912,1.127169,-0.7824476,0.4786831,-0.6256982,0.5829067,0.1989576,
1,9,24.955,0.3668912,1.127169,-0.7824476,0.4786831,-0.6256982,0.5829067,0.1989576,
1,9,24.957,0.3668912,1.127169,-0.7824476,0.4786831,-0.6256982,0.5829067,0.1989576,
1,9,24.959,0.3668292,1.127138,-0.7824015,0.4782968,-0.6261693,0.5822915,0.200202,
1,9,24.961,0.3668292,1.127138,-0.7824015,0.4782968,-0.6261693,0.5822915,0.200202,
1,9,24.963,0.3668292,1.127138,-0.7824015,0.4782968,-0.6261693,0.5822915,0.200202,
1,9,24.965,0.3668292,1.127138,-0.7824015,0.4782968,-0.6261693,0.5822915,0.200202,
1,9,24.967,0.3668292,1.127138,-0.7824015,0.4782968,-0.6261693,0.5822915,0.200202,
1,9,24.969,0.3666709,1.126966,-0.7823111,0.4776042,-0.6269884,0.5815478,0.2014498,
1,9,24.971,0.3666709,1.126966,-0.7823111,0.4776042,-0.6269884,0.5815478,0.2014498,
1,9,24.973,0.3666709,1.126966,-0.7823111,0.4776042,-0.6269884,0.5815478,0.2014498,
1,9,24.975,0.3666709,1.126966,-0.7823111,0.4776042,-0.6269884,0.5815478,0.2014498,
1,9,24.977,0.3664687,1.126822,-0.7823451,0.4764498,-0.6276909,0.5810262,0.2034906,
1,9,24.979,0.3664687,1.126822,-0.7823451,0.4764498,-0.6276909,0.5810262,0.2034906,
1,9,24.981,0.3664687,1.126822,-0.7823451,0.4764498,-0.6276909,0.5810262,0.2034906,
1,9,24.983,0.3664687,1.126822,-0.7823451,0.4764498,-0.6276909,0.5810262,0.2034906,
1,9,24.985,0.3662487,1.126945,-0.7824169,0.4749546,-0.6282085,0.5808647,0.2058362,
1,9,24.987,0.3662487,1.126945,-0.7824169,0.4749546,-0.6282085,0.5808647,0.2058362,
1,9,24.989,0.3662487,1.126945,-0.7824169,0.4749546,-0.6282085,0.5808647,0.2058362,
1,9,24.991,0.3662487,1.126945,-0.7824169,0.4749546,-0.6282085,0.5808647,0.2058362,
1,9,24.993,0.3662374,1.126842,-0.7825131,0.4739997,-0.6291135,0.580039,0.2075942,
1,9,24.995,0.3662374,1.126842,-0.7825131,0.4739997,-0.6291135,0.580039,0.2075942,
1,9,24.997,0.3662374,1.126842,-0.7825131,0.4739997,-0.6291135,0.580039,0.2075942,
1,9,24.999,0.3662374,1.126842,-0.7825131,0.4739997,-0.6291135,0.580039,0.2075942,
1,9,25.001,0.3657131,1.127093,-0.7822953,0.4726294,-0.6299165,0.5797189,0.2091714,
1,9,25.003,0.3657131,1.127093,-0.7822953,0.4726294,-0.6299165,0.5797189,0.2091714,
1,9,25.005,0.3657131,1.127093,-0.7822953,0.4726294,-0.6299165,0.5797189,0.2091714,
1,9,25.007,0.3657131,1.127093,-0.7822953,0.4726294,-0.6299165,0.5797189,0.2091714,
1,9,25.009,0.3654924,1.127141,-0.7820978,0.4716485,-0.6308595,0.5790874,0.2102898,
1,9,25.011,0.3654924,1.127141,-0.7820978,0.4716485,-0.6308595,0.5790874,0.2102898,
1,9,25.013,0.3654924,1.127141,-0.7820978,0.4716485,-0.6308595,0.5790874,0.2102898,
1,9,25.015,0.3654924,1.127141,-0.7820978,0.4716485,-0.6308595,0.5790874,0.2102898,
1,9,25.017,0.3654924,1.127141,-0.7820978,0.4716485,-0.6308595,0.5790874,0.2102898,
1,9,25.019,0.3655414,1.126933,-0.7820996,0.4713201,-0.6320791,0.577812,0.2108714,
1,9,25.021,0.3655414,1.126933,-0.7820996,0.4713201,-0.6320791,0.577812,0.2108714,
1,9,25.023,0.3655414,1.126933,-0.7820996,0.4713201,-0.6320791,0.577812,0.2108714,
1,9,25.025,0.3655414,1.126933,-0.7820996,0.4713201,-0.6320791,0.577812,0.2108714,
1,9,25.027,0.3654664,1.127057,-0.7823105,0.4714987,-0.6329758,0.5766045,0.2110873,
1,9,25.029,0.3654664,1.127057,-0.7823105,0.4714987,-0.6329758,0.5766045,0.2110873,
1,9,25.031,0.3654664,1.127057,-0.7823105,0.4714987,-0.6329758,0.5766045,0.2110873,
1,9,25.033,0.3654664,1.127057,-0.7823105,0.4714987,-0.6329758,0.5766045,0.2110873,
1,9,25.035,0.3650351,1.127403,-0.7822303,0.4710537,-0.6335652,0.5762051,0.2114032,
1,9,25.037,0.3650351,1.127403,-0.7822303,0.4710537,-0.6335652,0.5762051,0.2114032,
1,9,25.039,0.3650351,1.127403,-0.7822303,0.4710537,-0.6335652,0.5762051,0.2114032,
1,9,25.041,0.3650351,1.127403,-0.7822303,0.4710537,-0.6335652,0.5762051,0.2114032,
1,9,25.043,0.3648805,1.127697,-0.7821769,0.4710358,-0.6341173,0.5756658,0.2112572,
1,9,25.045,0.3648805,1.127697,-0.7821769,0.4710358,-0.6341173,0.5756658,0.2112572,
1,9,25.047,0.3648805,1.127697,-0.7821769,0.4710358,-0.6341173,0.5756658,0.2112572,
1,9,25.049,0.3648805,1.127697,-0.7821769,0.4710358,-0.6341173,0.5756658,0.2112572,
1,9,25.051,0.3647287,1.128186,-0.7822063,0.4712809,-0.6343244,0.5753336,0.2109932,
1,9,25.053,0.3647287,1.128186,-0.7822063,0.4712809,-0.6343244,0.5753336,0.2109932,
1,9,25.055,0.3647287,1.128186,-0.7822063,0.4712809,-0.6343244,0.5753336,0.2109932,
1,9,25.057,0.3647287,1.128186,-0.7822063,0.4712809,-0.6343244,0.5753336,0.2109932,
1,9,25.059,0.364516,1.128693,-0.7821717,0.4713714,-0.6343323,0.5753387,0.2107535,
1,9,25.061,0.364516,1.128693,-0.7821717,0.4713714,-0.6343323,0.5753387,0.2107535,
1,9,25.063,0.364516,1.128693,-0.7821717,0.4713714,-0.6343323,0.5753387,0.2107535,
1,9,25.065,0.364516,1.128693,-0.7821717,0.4713714,-0.6343323,0.5753387,0.2107535,
1,9,25.067,0.364516,1.128693,-0.7821717,0.4713714,-0.6343323,0.5753387,0.2107535,
1,9,25.069,0.3645171,1.128943,-0.7820251,0.4713685,-0.6343716,0.5753935,0.2104916,
1,9,25.071,0.3645171,1.128943,-0.7820251,0.4713685,-0.6343716,0.5753935,0.2104916,
1,9,25.073,0.3645171,1.128943,-0.7820251,0.4713685,-0.6343716,0.5753935,0.2104916,
1,9,25.075,0.3645171,1.128943,-0.7820251,0.4713685,-0.6343716,0.5753935,0.2104916,
1,9,25.077,0.3645054,1.129109,-0.7818893,0.4714162,-0.6342666,0.5756373,0.2100344,
1,9,25.079,0.3645054,1.129109,-0.7818893,0.4714162,-0.6342666,0.5756373,0.2100344,
1,9,25.081,0.3645054,1.129109,-0.7818893,0.4714162,-0.6342666,0.5756373,0.2100344,
1,9,25.083,0.3645054,1.129109,-0.7818893,0.4714162,-0.6342666,0.5756373,0.2100344,
1,9,25.085,0.3645887,1.129139,-0.7817236,0.4714512,-0.634136,0.5758929,0.2096491,
1,9,25.087,0.3645887,1.129139,-0.7817236,0.4714512,-0.634136,0.5758929,0.2096491,
1,9,25.089,0.3645887,1.129139,-0.7817236,0.4714512,-0.634136,0.5758929,0.2096491,
1,9,25.091,0.3645887,1.129139,-0.7817236,0.4714512,-0.634136,0.5758929,0.2096491,
1,9,25.093,0.3647007,1.129239,-0.7815919,0.4714742,-0.6338052,0.5763482,0.2093463,
1,9,25.095,0.3647007,1.129239,-0.7815919,0.4714742,-0.6338052,0.5763482,0.2093463,
1,9,25.097,0.3647007,1.129239,-0.7815919,0.4714742,-0.6338052,0.5763482,0.2093463,
1,9,25.099,0.3647007,1.129239,-0.7815919,0.4714742,-0.6338052,0.5763482,0.2093463,
1,9,25.101,0.3649225,1.129027,-0.7814239,0.4713404,-0.6336416,0.5767493,0.2090376,
1,9,25.103,0.3649225,1.129027,-0.7814239,0.4713404,-0.6336416,0.5767493,0.2090376,
1,9,25.105,0.3649225,1.129027,-0.7814239,0.4713404,-0.6336416,0.5767493,0.2090376,
1,9,25.107,0.3649225,1.129027,-0.7814239,0.4713404,-0.6336416,0.5767493,0.2090376,
1,9,25.109,0.365251,1.128622,-0.7813662,0.4714914,-0.6334916,0.5769138,0.2086975,
1,9,25.111,0.365251,1.128622,-0.7813662,0.4714914,-0.6334916,0.5769138,0.2086975,
1,9,25.113,0.365251,1.128622,-0.7813662,0.4714914,-0.6334916,0.5769138,0.2086975,
1,9,25.115,0.365251,1.128622,-0.7813662,0.4714914,-0.6334916,0.5769138,0.2086975,
1,9,25.117,0.365251,1.128622,-0.7813662,0.4714914,-0.6334916,0.5769138,0.2086975,
1,9,25.119,0.3658444,1.127988,-0.7814469,0.4720624,-0.6334051,0.5767589,0.208097,
1,9,25.121,0.3658444,1.127988,-0.7814469,0.4720624,-0.6334051,0.5767589,0.208097,
1,9,25.123,0.3658444,1.127988,-0.7814469,0.4720624,-0.6334051,0.5767589,0.208097,
1,9,25.125,0.3658444,1.127988,-0.7814469,0.4720624,-0.6334051,0.5767589,0.208097,
1,9,25.127,0.3659554,1.127841,-0.7812071,0.4720674,-0.6330611,0.5773225,0.2075689,
1,9,25.129,0.3659554,1.127841,-0.7812071,0.4720674,-0.6330611,0.5773225,0.2075689,
1,9,25.131,0.3659554,1.127841,-0.7812071,0.4720674,-0.6330611,0.5773225,0.2075689,
1,9,25.133,0.3659554,1.127841,-0.7812071,0.4720674,-0.6330611,0.5773225,0.2075689,
1,9,25.135,0.3661208,1.12779,-0.7809874,0.4719086,-0.6324595,0.5781969,0.20733,
1,9,25.137,0.3661208,1.12779,-0.7809874,0.4719086,-0.6324595,0.5781969,0.20733,
1,9,25.139,0.3661208,1.12779,-0.7809874,0.4719086,-0.6324595,0.5781969,0.20733,
1,9,25.141,0.3661208,1.12779,-0.7809874,0.4719086,-0.6324595,0.5781969,0.20733,
1,9,25.143,0.3663239,1.127713,-0.7807529,0.4717085,-0.6318737,0.5791014,0.2070467,
1,9,25.145,0.3663239,1.127713,-0.7807529,0.4717085,-0.6318737,0.5791014,0.2070467,
1,9,25.147,0.3663239,1.127713,-0.7807529,0.4717085,-0.6318737,0.5791014,0.2070467,
1,9,25.149,0.3663239,1.127713,-0.7807529,0.4717085,-0.6318737,0.5791014,0.2070467,
1,9,25.151,0.3664365,1.127297,-0.7802852,0.4712182,-0.6311375,0.5804293,0.2066897,
1,9,25.153,0.3664365,1.127297,-0.7802852,0.4712182,-0.6311375,0.5804293,0.2066897,
1,9,25.155,0.3664365,1.127297,-0.7802852,0.4712182,-0.6311375,0.5804293,0.2066897,
1,9,25.157,0.3664365,1.127297,-0.7802852,0.4712182,-0.6311375,0.5804293,0.2066897,
1,9,25.159,0.3664557,1.12721,-0.7799038,0.4707166,-0.6304332,0.5816336,0.2065972,
1,9,25.161,0.3664557,1.12721,-0.7799038,0.4707166,-0.6304332,0.5816336,0.2065972,
1,9,25.163,0.3664557,1.12721,-0.7799038,0.4707166,-0.6304332,0.5816336,0.2065972,
1,9,25.165,0.3664557,1.12721,-0.7799038,0.4707166,-0.6304332,0.5816336,0.2065972,
1,9,25.167,0.3664557,1.12721,-0.7799038,0.4707166,-0.6304332,0.5816336,0.2065972,
1,9,25.169,0.3665816,1.127215,-0.779904,0.4704377,-0.6295737,0.5827206,0.2067898,
1,9,25.171,0.3665816,1.127215,-0.779904,0.4704377,-0.6295737,0.5827206,0.2067898,
1,9,25.173,0.3665816,1.127215,-0.779904,0.4704377,-0.6295737,0.5827206,0.2067898,
1,9,25.175,0.3665816,1.127215,-0.779904,0.4704377,-0.6295737,0.5827206,0.2067898,
1,9,25.177,0.3670704,1.126758,-0.7799994,0.4709477,-0.6293334,0.5827649,0.2062349,
1,9,25.179,0.3670704,1.126758,-0.7799994,0.4709477,-0.6293334,0.5827649,0.2062349,
1,9,25.181,0.3670704,1.126758,-0.7799994,0.4709477,-0.6293334,0.5827649,0.2062349,CourtEnter
1,9,25.183,0.3670704,1.126758,-0.7799994,0.4709477,-0.6293334,0.5827649,0.2062349,
1,9,25.185,0.3672711,1.126661,-0.7799139,0.4711468,-0.6289156,0.5831958,0.2058361,
1,9,25.187,0.3672711,1.126661,-0.7799139,0.4711468,-0.6289156,0.5831958,0.2058361,
1,9,25.189,0.3672711,1.126661,-0.7799139,0.4711468,-0.6289156,0.5831958,0.2058361,CourtExit
1,9,25.191,0.3672711,1.126661,-0.7799139,0.4711468,-0.6289156,0.5831958,0.2058361,
1,9,25.193,0.3674672,1.126605,-0.7798379,0.4712903,-0.6285284,0.5835922,0.2055674,
1,9,25.195,0.3674672,1.126605,-0.7798379,0.4712903,-0.6285284,0.5835922,0.2055674,
1,9,25.197,0.3674672,1.126605,-0.7798379,0.4712903,-0.6285284,0.5835922,0.2055674,
1,9,25.199,0.3674672,1.126605,-0.7798379,0.4712903,-0.6285284,0.5835922,0.2055674,
1,9,25.201,0.3676168,1.126509,-0.7797229,0.4713846,-0.6282715,0.5838795,0.20532,
1,9,25.203,0.3676168,1.126509,-0.7797229,0.4713846,-0.6282715,0.5838795,0.20532,
1,9,25.205,0.3676168,1.126509,-0.7797229,0.4713846,-0.6282715,0.5838795,0.20532,
1,9,25.207,0.3676168,1.126509,-0.7797229,0.4713846,-0.6282715,0.5838795,0.20532,
1,9,25.209,0.3677269,1.126728,-0.7797047,0.4716624,-0.627911,0.5841314,0.2050682,
1,9,25.211,0.3677269,1.126728,-0.7797047,0.4716624,-0.627911,0.5841314,0.2050682,
1,9,25.213,0.3677269,1.126728,-0.7797047,0.4716624,-0.627911,0.5841314,0.2050682,
1,9,25.215,0.3677269,1.126728,-0.7797047,0.4716624,-0.627911,0.5841314,0.2050682,
1,9,25.217,0.3677269,1.126728,-0.7797047,0.4716624,-0.627911,0.5841314,0.2050682,
1,9,25.219,0.3678132,1.126769,-0.7796584,0.4717216,-0.6277629,0.5842937,0.2049224,
1,9,25.221,0.3678132,1.126769,-0.7796584,0.4717216,-0.6277629,0.5842937,0.2049224,
1,9,25.223,0.3678132,1.126769,-0.7796584,0.4717216,-0.6277629,0.5842937,0.2049224,
1,9,25.225,0.3678132,1.126769,-0.7796584,0.4717216,-0.6277629,0.5842937,0.2049224,
1,9,25.227,0.3679257,1.126834,-0.7796399,0.4716977,-0.6277213,0.584388,0.2048362,
1,9,25.229,0.3679257,1.126834,-0.7796399,0.4716977,-0.6277213,0.584388,0.2048362,
1,9,25.231,0.3679257,1.126834,-0.7796399,0.4716977,-0.6277213,0.584388,0.2048362,
1,9,25.233,0.3679257,1.126834,-0.7796399,0.4716977,-0.6277213,0.584388,0.2048362,
1,9,25.235,0.368032,1.126957,-0.7795972,0.4717624,-0.6277954,0.5842836,0.2047583,
1,9,25.237,0.368032,1.126957,-0.7795972,0.4717624,-0.6277954,0.5842836,0.2047583,
1,9,25.239,0.368032,1.126957,-0.7795972,0.4717624,-0.6277954,0.5842836,0.2047583,
1,9,25.241,0.368032,1.126957,-0.7795972,0.4717624,-0.6277954,0.5842836,0.2047583,
1,9,25.243,0.3681194,1.126902,-0.7795547,0.4716691,-0.6280251,0.5840979,0.2047984,
1,9,25.245,0.3681194,1.126902,-0.7795547,0.4716691,-0.6280251,0.5840979,0.2047984,
1,9,25.247,0.3681194,1.126902,-0.7795547,0.4716691,-0.6280251,0.5840979,0.2047984,
1,9,25.249,0.3681194,1.126902,-0.7795547,0.4716691,-0.6280251,0.5840979,0.2047984,
1,9,25.251,0.3681242,1.126936,-0.7794579,0.4713206,-0.6283527,0.584004,0.2048638,
1,9,25.253,0.3681242,1.126936,-0.7794579,0.4713206,-0.6283527,0.584004,0.2048638,
1,9,25.255,0.3681242,1.126936,-0.7794579,0.4713206,-0.6283527,0.584004,0.2048638,
1,9,25.257,0.3681242,1.126936,-0.7794579,0.4713206,-0.6283527,0.584004,0.2048638,
1,9,25.259,0.3681419,1.126961,-0.7792993,0.4708659,-0.6287113,0.5839028,0.2050976,
1,9,25.261,0.3681419,1.126961,-0.7792993,0.4708659,-0.6287113,0.5839028,0.2050976,
1,9,25.263,0.3681419,1.126961,-0.7792993,0.4708659,-0.6287113,0.5839028,0.2050976,
1,9,25.265,0.3681419,1.126961,-0.7792993,0.4708659,-0.6287113,0.5839028,0.2050976,
1,9,25.267,0.3681419,1.126961,-0.7792993,0.4708659,-0.6287113,0.5839028,0.2050976,
1,9,25.269,0.368128,1.127066,-0.779204,0.4703603,-0.6290452,0.5838283,0.2054457,
1,9,25.271,0.368128,1.127066,-0.779204,0.4703603,-0.6290452,0.5838283,0.2054457,
1,9,25.273,0.368128,1.127066,-0.779204,0.4703603,-0.6290452,0.5838283,0.2054457,
1,9,25.275,0.368128,1.127066,-0.779204,0.4703603,-0.6290452,0.5838283,0.2054457,
1,9,25.277,0.3680903,1.127171,-0.77902,0.4698184,-0.6294584,0.5836969,0.2057928,
1,9,25.279,0.3680903,1.127171,-0.77902,0.4698184,-0.6294584,0.5836969,0.2057928,
1,9,25.281,0.3680903,1.127171,-0.77902,0.4698184,-0.6294584,0.5836969,0.2057928,
1,9,25.283,0.3680903,1.127171,-0.77902,0.4698184,-0.6294584,0.5836969,0.2057928,
1,9,25.285,0.3677905,1.12735,-0.7786931,0.4687334,-0.6299099,0.5838827,0.2063574,
1,9,25.287,0.3677905,1.12735,-0.7786931,0.4687334,-0.6299099,0.5838827,0.2063574,
1,9,25.289,0.3677905,1.12735,-0.7786931,0.4687334,-0.6299099,0.5838827,0.2063574,
1,9,25.291,0.3677905,1.12735,-0.7786931,0.4687334,-0.6299099,0.5838827,0.2063574,
1,9,25.293,0.3674474,1.127579,-0.7784994,0.4675837,-0.6302714,0.5841289,0.2071637,
1,9,25.295,0.3674474,1.127579,-0.7784994,0.4675837,-0.6302714,0.5841289,0.2071637,
1,9,25.297,0.3674474,1.127579,-0.7784994,0.4675837,-0.6302714,0.5841289,0.2071637,
1,9,25.299,0.3674474,1.127579,-0.7784994,0.4675837,-0.6302714,0.5841289,0.2071637,
1,9,25.301,0.3673075,1.12802,-0.7784436,0.4670156,-0.6308474,0.5837663,0.2077138,
1,9,25.303,0.3673075,1.12802,-0.7784436,0.4670156,-0.6308474,0.5837663,0.2077138,
1,9,25.305,0.3673075,1.12802,-0.7784436,0.4670156,-0.6308474,0.5837663,0.2077138,
1,9,25.307,0.3673075,1.12802,-0.7784436,0.4670156,-0.6308474,0.5837663,0.2077138,
1,9,25.309,0.3673169,1.128066,-0.7784773,0.4666876,-0.6315625,0.5830958,0.2081606,
1,9,25.311,0.3673169,1.128066,-0.7784773,0.4666876,-0.6315625,0.5830958,0.2081606,
1,9,25.313,0.3673169,1.128066,-0.7784773,0.4666876,-0.6315625,0.5830958,0.2081606,
1,9,25.315,0.3673169,1.128066,-0.7784773,0.4666876,-0.6315625,0.5830958,0.2081606,
1,9,25.317,0.3673169,1.128066,-0.7784773,0.4666876,-0.6315625,0.5830958,0.2081606,
1,9,25.319,0.3673531,1.128136,-0.7784929,0.4665467,-0.6321675,0.5824021,0.2085819,
1,9,25.321,0.3673531,1.128136,-0.7784929,0.4665467,-0.6321675,0.5824021,0.2085819,
1,9,25.323,0.3673531,1.128136,-0.7784929,0.4665467,-0.6321675,0.5824021,0.2085819,
1,9,25.325,0.3673531,1.128136,-0.7784929,0.4665467,-0.6321675,0.5824021,0.2085819,
1,9,25.327,0.3670606,1.128534,-0.7782813,0.4657819,-0.6326069,0.5822798,0.209299,
1,9,25.329,0.3670606,1.128534,-0.7782813,0.4657819,-0.6326069,0.5822798,0.209299,
1,9,25.331,0.3670606,1.128534,-0.7782813,0.4657819,-0.6326069,0.5822798,0.209299,
1,9,25.333,0.3670606,1.128534,-0.7782813,0.4657819,-0.6326069,0.5822798,0.209299,
1,9,25.335,0.3669821,1.128544,-0.7780037,0.4652892,-0.6331869,0.5818313,0.2098872,
1,9,25.337,0.3669821,1.128544,-0.7780037,0.4652892,-0.6331869,0.5818313,0.2098872,
1,9,25.339,0.3669821,1.128544,-0.7780037,0.4652892,-0.6331869,0.5818313,0.2098872,
1,9,25.341,0.3669821,1.128544,-0.7780037,0.4652892,-0.6331869,0.5818313,0.2098872,
1,9,25.343,0.3668797,1.128684,-0.7779392,0.4648217,-0.6336851,0.5813744,0.2106842,
1,9,25.345,0.3668797,1.128684,-0.7779392,0.4648217,-0.6336851,0.5813744,0.2106842,
1,9,25.347,0.3668797,1.128684,-0.7779392,0.4648217,-0.6336851,0.5813744,0.2106842,
1,9,25.349,0.3668797,1.128684,-0.7779392,0.4648217,-0.6336851,0.5813744,0.2106842,
1,9,25.351,0.3667019,1.129064,-0.777769,0.4644256,-0.6340325,0.5810575,0.2113858,
1,9,25.353,0.3667019,1.129064,-0.777769,0.4644256,-0.6340325,0.5810575,0.2113858,
1,9,25.355,0.3667019,1.129064,-0.777769,0.4644256,-0.6340325,0.5810575,0.2113858,
1,9,25.357,0.3667019,1.129064,-0.777769,0.4644256,-0.6340325,0.5810575,0.2113858,
1,9,25.359,0.3667412,1.129097,-0.7777833,0.464313,-0.6345531,0.5803178,0.2121016,
1,9,25.361,0.3667412,1.129097,-0.7777833,0.464313,-0.6345531,0.5803178,0.2121016,
1,9,25.363,0.3667412,1.129097,-0.7777833,0.464313,-0.6345531,0.5803178,0.2121016,
1,9,25.365,0.3667412,1.129097,-0.7777833,0.464313,-0.6345531,0.5803178,0.2121016,
1,9,25.367,0.3667412,1.129097,-0.7777833,0.464313,-0.6345531,0.5803178,0.2121016,
1,9,25.369,0.3663265,1.129572,-0.7775517,0.463861,-0.634798,0.5801518,0.2128105,
1,9,25.371,0.3663265,1.129572,-0.7775517,0.463861,-0.634798,0.5801518,0.2128105,
1,9,25.373,0.3663265,1.129572,-0.7775517,0.463861,-0.634798,0.5801518,0.2128105,
1,9,25.375,0.3663265,1.129572,-0.7775517,0.463861,-0.634798,0.5801518,0.2128105,
1,9,25.377,0.366167,1.129759,-0.7773721,0.4633508,-0.6352522,0.5797698,0.2136064,
1,9,25.379,0.366167,1.129759,-0.7773721,0.4633508,-0.6352522,0.5797698,0.2136064,
1,9,25.381,0.366167,1.129759,-0.7773721,0.4633508,-0.6352522,0.5797698,0.2136064,
1,9,25.383,0.366167,1.129759,-0.7773721,0.4633508,-0.6352522,0.5797698,0.2136064,
1,9,25.385,0.3662148,1.12983,-0.7772045,0.4635682,-0.6358483,0.57885,0.2138553,
1,9,25.387,0.3662148,1.12983,-0.7772045,0.4635682,-0.6358483,0.57885,0.2138553,
1,9,25.389,0.3662148,1.12983,-0.7772045,0.4635682,-0.6358483,0.57885,0.2138553,
1,9,25.391,0.3662148,1.12983,-0.7772045,0.4635682,-0.6358483,0.57885,0.2138553,
1,9,25.393,0.3660825,1.129887,-0.7769349,0.4634873,-0.6363589,0.5782132,0.2142342,
1,9,25.395,0.3660825,1.129887,-0.7769349,0.4634873,-0.6363589,0.5782132,0.2142342,
1,9,25.397,0.3660825,1.129887,-0.7769349,0.4634873,-0.6363589,0.5782132,0.2142342,
1,9,25.399,0.3660825,1.129887,-0.7769349,0.4634873,-0.6363589,0.5782132,0.2142342,
1,9,25.401,0.3660312,1.129726,-0.7767738,0.4634152,-0.6369069,0.577491,0.2147097,
1,9,25.403,0.3660312,1.129726,-0.7767738,0.4634152,-0.6369069,0.577491,0.2147097,
1,9,25.405,0.3660312,1.129726,-0.7767738,0.4634152,-0.6369069,0.577491,0.2147097,
1,9,25.407,0.3660312,1.129726,-0.7767738,0.4634152,-0.6369069,0.577491,0.2147097,
1,9,25.409,0.3659003,1.129538,-0.7766719,0.463578,-0.6373598,0.5767292,0.2150615,
1,9,25.411,0.3659003,1.129538,-0.7766719,0.463578,-0.6373598,0.5767292,0.2150615,
1,9,25.413,0.3659003,1.129538,-0.7766719,0.463578,-0.6373598,0.5767292,0.2150615,
1,9,25.415,0.3659003,1.129538,-0.7766719,0.463578,-0.6373598,0.5767292,0.2150615,
1,9,25.417,0.3659003,1.129538,-0.7766719,0.463578,-0.6373598,0.5767292,0.2150615,
1,9,25.419,0.3657519,1.129354,-0.7766713,0.4636609,-0.6375012,0.5762142,0.2158429,
1,9,25.421,0.3657519,1.129354,-0.7766713,0.4636609,-0.6375012,0.5762142,0.2158429,
1,9,25.423,0.3657519,1.129354,-0.7766713,0.4636609,-0.6375012,0.5762142,0.2158429,
1,9,25.425,0.3657519,1.129354,-0.7766713,0.4636609,-0.6375012,0.5762142,0.2158429,
1,9,25.427,0.3656709,1.129398,-0.7764567,0.4634898,-0.6373828,0.5761055,0.2168475,
1,9,25.429,0.3656709,1.129398,-0.7764567,0.4634898,-0.6373828,0.5761055,0.2168475,
1,9,25.431,0.3656709,1.129398,-0.7764567,0.4634898,-0.6373828,0.5761055,0.2168475,
1,9,25.433,0.3656709,1.129398,-0.7764567,0.4634898,-0.6373828,0.5761055,0.2168475,
1,9,25.435,0.3654431,1.129535,-0.7763724,0.4634178,-0.6370841,0.5761493,0.2177606,
1,9,25.437,0.3654431,1.129535,-0.7763724,0.4634178,-0.6370841,0.5761493,0.2177606,
1,9,25.439,0.3654431,1.129535,-0.7763724,0.4634178,-0.6370841,0.5761493,0.2177606,
1,9,25.441,0.3654431,1.129535,-0.7763724,0.4634178,-0.6370841,0.5761493,0.2177606,
1,9,25.443,0.365151,1.129663,-0.7762107,0.4637121,-0.6368629,0.5759796,0.21823,
1,9,25.445,0.365151,1.129663,-0.7762107,0.4637121,-0.6368629,0.5759796,0.21823,
1,9,25.447,0.365151,1.129663,-0.7762107,0.4637121,-0.6368629,0.5759796,0.21823,
1,9,25.449,0.365151,1.129663,-0.7762107,0.4637121,-0.6368629,0.5759796,0.21823,
1,9,25.451,0.3644369,1.130141,-0.775613,0.4648676,-0.6365834,0.5754164,0.2180721,
1,9,25.453,0.3644369,1.130141,-0.775613,0.4648676,-0.6365834,0.5754164,0.2180721,
1,9,25.455,0.3644369,1.130141,-0.775613,0.4648676,-0.6365834,0.5754164,0.2180721,
1,9,25.457,0.3644369,1.130141,-0.775613,0.4648676,-0.6365834,0.5754164,0.2180721,
1,9,25.459,0.3640073,1.130415,-0.7751074,0.4657856,-0.6364833,0.5748138,0.2179954,
1,9,25.461,0.3640073,1.130415,-0.7751074,0.4657856,-0.6364833,0.5748138,0.2179954,
1,9,25.463,0.3640073,1.130415,-0.7751074,0.4657856,-0.6364833,0.5748138,0.2179954,
1,9,25.465,0.3640073,1.130415,-0.7751074,0.4657856,-0.6364833,0.5748138,0.2179954,
1,9,25.467,0.3640073,1.130415,-0.7751074,0.4657856,-0.6364833,0.5748138,0.2179954,
1,9,25.469,0.3635781,1.130614,-0.7745632,0.4667401,-0.6364818,0.5740484,0.2179748,
1,9,25.471,0.3635781,1.130614,-0.7745632,0.4667401,-0.6364818,0.5740484,0.2179748,
1,9,25.473,0.3635781,1.130614,-0.7745632,0.4667401,-0.6364818,0.5740484,0.2179748,
1,9,25.475,0.3635781,1.130614,-0.7745632,0.4667401,-0.6364818,0.5740484,0.2179748,
1,9,25.477,0.3631731,1.130741,-0.7736504,0.4677144,-0.6368349,0.5729572,0.2177261,
1,9,25.479,0.3631731,1.130741,-0.7736504,0.4677144,-0.6368349,0.5729572,0.2177261,
1,9,25.481,0.3631731,1.130741,-0.7736504,0.4677144,-0.6368349,0.5729572,0.2177261,
1,9,25.483,0.3631731,1.130741,-0.7736504,0.4677144,-0.6368349,0.5729572,0.2177261,
1,9,25.485,0.3626923,1.130881,-0.7728715,0.4685397,-0.6370922,0.571834,0.2181515,
1,9,25.487,0.3626923,1.130881,-0.7728715,0.4685397,-0.6370922,0.571834,0.2181515,
1,9,25.489,0.3626923,1.130881,-0.7728715,0.4685397,-0.6370922,0.571834,0.2181515,
1,9,25.491,0.3626923,1.130881,-0.7728715,0.4685397,-0.6370922,0.571834,0.2181515,
1,9,25.493,0.3616706,1.131311,-0.7713691,0.4682197,-0.6372206,0.5715185,0.2192873,
1,9,25.495,0.3616706,1.131311,-0.7713691,0.4682197,-0.6372206,0.5715185,0.2192873,
1,9,25.497,0.3616706,1.131311,-0.7713691,0.4682197,-0.6372206,0.5715185,0.2192873,
1,9,25.499,0.3616706,1.131311,-0.7713691,0.4682197,-0.6372206,0.5715185,0.2192873,
1,9,25.501,0.3609153,1.131144,-0.7696147,0.4682175,-0.6380814,0.5701655,0.2203088,
1,9,25.503,0.3609153,1.131144,-0.7696147,0.4682175,-0.6380814,0.5701655,0.2203088,
1,9,25.505,0.3609153,1.131144,-0.7696147,0.4682175,-0.6380814,0.5701655,0.2203088,
1,9,25.507,0.3609153,1.131144,-0.7696147,0.4682175,-0.6380814,0.5701655,0.2203088,
1,9,25.509,0.360156,1.130551,-0.76785,0.4682911,-0.6394745,0.5679818,0.2217487,
1,9,25.511,0.360156,1.130551,-0.76785,0.4682911,-0.6394745,0.5679818,0.2217487,
1,9,25.513,0.360156,1.130551,-0.76785,0.4682911,-0.6394745,0.5679818,0.2217487,
1,9,25.515,0.360156,1.130551,-0.76785,0.4682911,-0.6394745,0.5679818,0.2217487,
1,9,25.517,0.360156,1.130551,-0.76785,0.4682911,-0.6394745,0.5679818,0.2217487,
1,9,25.519,0.3591217,1.129937,-0.7655816,0.4680165,-0.6409463,0.5657672,0.2237319,
1,9,25.521,0.3591217,1.129937,-0.7655816,0.4680165,-0.6409463,0.5657672,0.2237319,
1,9,25.523,0.3591217,1.129937,-0.7655816,0.4680165,-0.6409463,0.5657672,0.2237319,
1,9,25.525,0.3591217,1.129937,-0.7655816,0.4680165,-0.6409463,0.5657672,0.2237319,
1,9,25.527,0.3574347,1.128995,-0.7618629,0.4663241,-0.6427266,0.5629463,0.2292069,
1,9,25.529,0.3574347,1.128995,-0.7618629,0.4663241,-0.6427266,0.5629463,0.2292069,
1,9,25.531,0.3574347,1.128995,-0.7618629,0.4663241,-0.6427266,0.5629463,0.2292069,
1,9,25.533,0.3574347,1.128995,-0.7618629,0.4663241,-0.6427266,0.5629463,0.2292069,
1,9,25.535,0.3560293,1.128114,-0.7592552,0.4643919,-0.6437073,0.5612282,0.2345296,
1,9,25.537,0.3560293,1.128114,-0.7592552,0.4643919,-0.6437073,0.5612282,0.2345296,
1,9,25.539,0.3560293,1.128114,-0.7592552,0.4643919,-0.6437073,0.5612282,0.2345296,
1,9,25.541,0.3560293,1.128114,-0.7592552,0.4643919,-0.6437073,0.5612282,0.2345296,
1,9,25.543,0.3547771,1.127663,-0.7564808,0.4632646,-0.6446561,0.5588908,0.2396778,
1,9,25.545,0.3547771,1.127663,-0.7564808,0.4632646,-0.6446561,0.5588908,0.2396778,
1,9,25.547,0.3547771,1.127663,-0.7564808,0.4632646,-0.6446561,0.5588908,0.2396778,
1,9,25.549,0.3547771,1.127663,-0.7564808,0.4632646,-0.6446561,0.5588908,0.2396778,
1,9,25.551,0.3534447,1.126476,-0.7537044,0.4618996,-0.6458528,0.5557426,0.246319,
1,9,25.553,0.3534447,1.126476,-0.7537044,0.4618996,-0.6458528,0.5557426,0.246319,
1,9,25.555,0.3534447,1.126476,-0.7537044,0.4618996,-0.6458528,0.5557426,0.246319,
1,9,25.557,0.3534447,1.126476,-0.7537044,0.4618996,-0.6458528,0.5557426,0.246319,
1,9,25.559,0.3518025,1.126206,-0.7507192,0.4613997,-0.6465536,0.5525676,0.2524833,
1,9,25.561,0.3518025,1.126206,-0.7507192,0.4613997,-0.6465536,0.5525676,0.2524833,
1,9,25.563,0.3518025,1.126206,-0.7507192,0.4613997,-0.6465536,0.5525676,0.2524833,
1,9,25.565,0.3518025,1.126206,-0.7507192,0.4613997,-0.6465536,0.5525676,0.2524833,
1,9,25.567,0.3518025,1.126206,-0.7507192,0.4613997,-0.6465536,0.5525676,0.2524833,
1,9,25.569,0.3500446,1.126081,-0.7476661,0.4618425,-0.6472245,0.5485488,0.2586429,
1,9,25.571,0.3500446,1.126081,-0.7476661,0.4618425,-0.6472245,0.5485488,0.2586429,
1,9,25.573,0.3500446,1.126081,-0.7476661,0.4618425,-0.6472245,0.5485488,0.2586429,
1,9,25.575,0.3500446,1.126081,-0.7476661,0.4618425,-0.6472245,0.5485488,0.2586429,
1,9,25.577,0.348257,1.126413,-0.7442362,0.4632768,-0.6479956,0.5435433,0.2646449,
1,9,25.579,0.348257,1.126413,-0.7442362,0.4632768,-0.6479956,0.5435433,0.2646449,
1,9,25.581,0.348257,1.126413,-0.7442362,0.4632768,-0.6479956,0.5435433,0.2646449,
1,9,25.583,0.348257,1.126413,-0.7442362,0.4632768,-0.6479956,0.5435433,0.2646449,
1,9,25.585,0.3463992,1.127315,-0.7412285,0.4660996,-0.6485559,0.5375133,0.2705658,
1,9,25.587,0.3463992,1.127315,-0.7412285,0.4660996,-0.6485559,0.5375133,0.2705658,
1,9,25.589,0.3463992,1.127315,-0.7412285,0.4660996,-0.6485559,0.5375133,0.2705658,
1,9,25.591,0.3463992,1.127315,-0.7412285,0.4660996,-0.6485559,0.5375133,0.2705658,
1,9,25.593,0.3446974,1.127994,-0.7379639,0.4698349,-0.6495737,0.5299106,0.2765936,
1,9,25.595,0.3446974,1.127994,-0.7379639,0.4698349,-0.6495737,0.5299106,0.2765936,
1,9,25.597,0.3446974,1.127994,-0.7379639,0.4698349,-0.6495737,0.5299106,0.2765936,
1,9,25.599,0.3446974,1.127994,-0.7379639,0.4698349,-0.6495737,0.5299106,0.2765936,
1,9,25.601,0.3427402,1.128667,-0.7346426,0.474307,-0.6508357,0.5209346,0.2829719,
1,9,25.603,0.3427402,1.128667,-0.7346426,0.474307,-0.6508357,0.5209346,0.2829719,
1,9,25.605,0.3427402,1.128667,-0.7346426,0.474307,-0.6508357,0.5209346,0.2829719,
1,9,25.607,0.3427402,1.128667,-0.7346426,0.474307,-0.6508357,0.5209346,0.2829719,
1,9,25.609,0.3410132,1.129369,-0.7314534,0.4794338,-0.6522233,0.5105123,0.2900434,
1,9,25.611,0.3410132,1.129369,-0.7314534,0.4794338,-0.6522233,0.5105123,0.2900434,
1,9,25.613,0.3410132,1.129369,-0.7314534,0.4794338,-0.6522233,0.5105123,0.2900434,
1,9,25.615,0.3410132,1.129369,-0.7314534,0.4794338,-0.6522233,0.5105123,0.2900434,
1,9,25.617,0.3410132,1.129369,-0.7314534,0.4794338,-0.6522233,0.5105123,0.2900434,
1,9,25.619,0.3392848,1.130452,-0.7279139,0.4845699,-0.6529403,0.4999541,0.2981728,
1,9,25.621,0.3392848,1.130452,-0.7279139,0.4845699,-0.6529403,0.4999541,0.2981728,
1,9,25.623,0.3392848,1.130452,-0.7279139,0.4845699,-0.6529403,0.4999541,0.2981728,
1,9,25.625,0.3392848,1.130452,-0.7279139,0.4845699,-0.6529403,0.4999541,0.2981728,
1,9,25.627,0.3375835,1.131709,-0.7245913,0.4903668,-0.6535424,0.488124,0.3068516,
1,9,25.629,0.3375835,1.131709,-0.7245913,0.4903668,-0.6535424,0.488124,0.3068516,
1,9,25.631,0.3375835,1.131709,-0.7245913,0.4903668,-0.6535424,0.488124,0.3068516,
1,9,25.633,0.3375835,1.131709,-0.7245913,0.4903668,-0.6535424,0.488124,0.3068516,
1,9,25.635,0.3359292,1.132399,-0.722097,0.4962855,-0.6536776,0.4753862,0.3168824,
1,9,25.637,0.3359292,1.132399,-0.722097,0.4962855,-0.6536776,0.4753862,0.3168824,
1,9,25.639,0.3359292,1.132399,-0.722097,0.4962855,-0.6536776,0.4753862,0.3168824,
1,9,25.641,0.3359292,1.132399,-0.722097,0.4962855,-0.6536776,0.4753862,0.3168824,
1,9,25.643,0.334039,1.133915,-0.7189083,0.5022208,-0.6528623,0.4629423,0.3274593,
1,9,25.645,0.334039,1.133915,-0.7189083,0.5022208,-0.6528623,0.4629423,0.3274593,
1,9,25.647,0.334039,1.133915,-0.7189083,0.5022208,-0.6528623,0.4629423,0.3274593,
1,9,25.649,0.334039,1.133915,-0.7189083,0.5022208,-0.6528623,0.4629423,0.3274593,
1,9,25.651,0.3318773,1.134964,-0.7156148,0.5082054,-0.6519921,0.4495962,0.3383738,
1,9,25.653,0.3318773,1.134964,-0.7156148,0.5082054,-0.6519921,0.4495962,0.3383738,
1,9,25.655,0.3318773,1.134964,-0.7156148,0.5082054,-0.6519921,0.4495962,0.3383738,
1,9,25.657,0.3318773,1.134964,-0.7156148,0.5082054,-0.6519921,0.4495962,0.3383738,
1,9,25.659,0.329608,1.135879,-0.7124926,0.5146753,-0.6508052,0.4354655,0.3491873,
1,9,25.661,0.329608,1.135879,-0.7124926,0.5146753,-0.6508052,0.4354655,0.3491873,
1,9,25.663,0.329608,1.135879,-0.7124926,0.5146753,-0.6508052,0.4354655,0.3491873,
1,9,25.665,0.329608,1.135879,-0.7124926,0.5146753,-0.6508052,0.4354655,0.3491873,
1,9,25.667,0.329608,1.135879,-0.7124926,0.5146753,-0.6508052,0.4354655,0.3491873,
1,9,25.669,0.3273788,1.137305,-0.7089195,0.5213706,-0.6487294,0.4219032,0.3596118,
1,9,25.671,0.3273788,1.137305,-0.7089195,0.5213706,-0.6487294,0.4219032,0.3596118,
1,9,25.673,0.3273788,1.137305,-0.7089195,0.5213706,-0.6487294,0.4219032,0.3596118,
1,9,25.675,0.3273788,1.137305,-0.7089195,0.5213706,-0.6487294,0.4219032,0.3596118,
1,9,25.677,0.3250158,1.139084,-0.7052981,0.5287045,-0.6461735,0.4078546,0.3695756,
1,9,25.679,0.3250158,1.139084,-0.7052981,0.5287045,-0.6461735,0.4078546,0.3695756,
1,9,25.681,0.3250158,1.139084,-0.7052981,0.5287045,-0.6461735,0.4078546,0.3695756,
1,9,25.683,0.3250158,1.139084,-0.7052981,0.5287045,-0.6461735,0.4078546,0.3695756,
1,9,25.685,0.3225544,1.139892,-0.702482,0.5357543,-0.6433306,0.3930333,0.3802867,
1,9,25.687,0.3225544,1.139892,-0.702482,0.5357543,-0.6433306,0.3930333,0.3802867,
1,9,25.689,0.3225544,1.139892,-0.702482,0.5357543,-0.6433306,0.3930333,0.3802867,
1,9,25.691,0.3225544,1.139892,-0.702482,0.5357543,-0.6433306,0.3930333,0.3802867,
1,9,25.693,0.3200654,1.141441,-0.6980228,0.5424052,-0.6398501,0.3797241,0.3901259,
1,9,25.695,0.3200654,1.141441,-0.6980228,0.5424052,-0.6398501,0.3797241,0.3901259,
1,9,25.697,0.3200654,1.141441,-0.6980228,0.5424052,-0.6398501,0.3797241,0.3901259,
1,9,25.699,0.3200654,1.141441,-0.6980228,0.5424052,-0.6398501,0.3797241,0.3901259,
1,9,25.701,0.3177662,1.142789,-0.6938942,0.5490467,-0.6361149,0.366446,0.3995283,
1,9,25.703,0.3177662,1.142789,-0.6938942,0.5490467,-0.6361149,0.366446,0.3995283,
1,9,25.705,0.3177662,1.142789,-0.6938942,0.5490467,-0.6361149,0.366446,0.3995283,
1,9,25.707,0.3177662,1.142789,-0.6938942,0.5490467,-0.6361149,0.366446,0.3995283,
1,9,25.709,0.3156569,1.144125,-0.6898291,0.5556027,-0.6319929,0.3535418,0.4085325,
1,9,25.711,0.3156569,1.144125,-0.6898291,0.5556027,-0.6319929,0.3535418,0.4085325,
1,9,25.713,0.3156569,1.144125,-0.6898291,0.5556027,-0.6319929,0.3535418,0.4085325,
1,9,25.715,0.3156569,1.144125,-0.6898291,0.5556027,-0.6319929,0.3535418,0.4085325,
1,9,25.717,0.3156569,1.144125,-0.6898291,0.5556027,-0.6319929,0.3535418,0.4085325,
1,9,25.719,0.3134206,1.145342,-0.685428,0.5616225,-0.6279092,0.3413712,0.4168645,
1,9,25.721,0.3134206,1.145342,-0.685428,0.5616225,-0.6279092,0.3413712,0.4168645,
1,9,25.723,0.3134206,1.145342,-0.685428,0.5616225,-0.6279092,0.3413712,0.4168645,
1,9,25.725,0.3134206,1.145342,-0.685428,0.5616225,-0.6279092,0.3413712,0.4168645,
1,9,25.727,0.3113844,1.146492,-0.6809395,0.5673898,-0.623884,0.329904,0.4242652,
1,9,25.729,0.3113844,1.146492,-0.6809395,0.5673898,-0.623884,0.329904,0.4242652,
1,9,25.731,0.3113844,1.146492,-0.6809395,0.5673898,-0.623884,0.329904,0.4242652,
1,9,25.733,0.3113844,1.146492,-0.6809395,0.5673898,-0.623884,0.329904,0.4242652,
1,9,25.735,0.3096871,1.147565,-0.6764624,0.5727724,-0.6196022,0.3194846,0.4312244,
1,9,25.737,0.3096871,1.147565,-0.6764624,0.5727724,-0.6196022,0.3194846,0.4312244,
1,9,25.739,0.3096871,1.147565,-0.6764624,0.5727724,-0.6196022,0.3194846,0.4312244,
1,9,25.741,0.3096871,1.147565,-0.6764624,0.5727724,-0.6196022,0.3194846,0.4312244,
1,9,25.743,0.3080119,1.148421,-0.6717834,0.5773198,-0.615245,0.3102126,0.4381137,
1,9,25.745,0.3080119,1.148421,-0.6717834,0.5773198,-0.615245,0.3102126,0.4381137,
1,9,25.747,0.3080119,1.148421,-0.6717834,0.5773198,-0.615245,0.3102126,0.4381137,
1,9,25.749,0.3080119,1.148421,-0.6717834,0.5773198,-0.615245,0.3102126,0.4381137,
1,9,25.751,0.3065292,1.148889,-0.6673242,0.5807464,-0.6104003,0.3025965,0.4456237,
1,9,25.753,0.3065292,1.148889,-0.6673242,0.5807464,-0.6104003,0.3025965,0.4456237,
1,9,25.755,0.3065292,1.148889,-0.6673242,0.5807464,-0.6104003,0.3025965,0.4456237,
1,9,25.757,0.3065292,1.148889,-0.6673242,0.5807464,-0.6104003,0.3025965,0.4456237,
1,9,25.759,0.3054073,1.149368,-0.6628094,0.5835157,-0.6049413,0.2967578,0.4533104,
1,9,25.761,0.3054073,1.149368,-0.6628094,0.5835157,-0.6049413,0.2967578,0.4533104,
1,9,25.763,0.3054073,1.149368,-0.6628094,0.5835157,-0.6049413,0.2967578,0.4533104,
1,9,25.765,0.3054073,1.149368,-0.6628094,0.5835157,-0.6049413,0.2967578,0.4533104,
1,9,25.767,0.3054073,1.149368,-0.6628094,0.5835157,-0.6049413,0.2967578,0.4533104,
1,9,25.769,0.3041543,1.149284,-0.6590211,0.5852982,-0.5993819,0.2918252,0.461525,
1,9,25.771,0.3041543,1.149284,-0.6590211,0.5852982,-0.5993819,0.2918252,0.461525,
1,9,25.773,0.3041543,1.149284,-0.6590211,0.5852982,-0.5993819,0.2918252,0.461525,
1,9,25.775,0.3041543,1.149284,-0.6590211,0.5852982,-0.5993819,0.2918252,0.461525,
1,9,25.777,0.3031585,1.149091,-0.655174,0.5863839,-0.5940524,0.2878608,0.4694591,
1,9,25.779,0.3031585,1.149091,-0.655174,0.5863839,-0.5940524,0.2878608,0.4694591,
1,9,25.781,0.3031585,1.149091,-0.655174,0.5863839,-0.5940524,0.2878608,0.4694591,
1,9,25.783,0.3031585,1.149091,-0.655174,0.5863839,-0.5940524,0.2878608,0.4694591,
1,9,25.785,0.3021783,1.148384,-0.6517783,0.5868071,-0.5892628,0.2841918,0.4771393,
1,9,25.787,0.3021783,1.148384,-0.6517783,0.5868071,-0.5892628,0.2841918,0.4771393,
1,9,25.789,0.3021783,1.148384,-0.6517783,0.5868071,-0.5892628,0.2841918,0.4771393,
1,9,25.791,0.3021783,1.148384,-0.6517783,0.5868071,-0.5892628,0.2841918,0.4771393,
1,9,25.793,0.301419,1.147647,-0.6485081,0.5867822,-0.5848331,0.2811238,0.4843823,
1,9,25.795,0.301419,1.147647,-0.6485081,0.5867822,-0.5848331,0.2811238,0.4843823,
1,9,25.797,0.301419,1.147647,-0.6485081,0.5867822,-0.5848331,0.2811238,0.4843823,
1,9,25.799,0.301419,1.147647,-0.6485081,0.5867822,-0.5848331,0.2811238,0.4843823,
1,9,25.801,0.3006858,1.147041,-0.6455225,0.5866296,-0.580453,0.2785258,0.4912875,
1,9,25.803,0.3006858,1.147041,-0.6455225,0.5866296,-0.580453,0.2785258,0.4912875,
1,9,25.805,0.3006858,1.147041,-0.6455225,0.5866296,-0.580453,0.2785258,0.4912875,
1,9,25.807,0.3006858,1.147041,-0.6455225,0.5866296,-0.580453,0.2785258,0.4912875,
1,9,25.809,0.3001493,1.146438,-0.6430234,0.5863597,-0.5766588,0.2759642,0.4974843,
1,9,25.811,0.3001493,1.146438,-0.6430234,0.5863597,-0.5766588,0.2759642,0.4974843,
1,9,25.813,0.3001493,1.146438,-0.6430234,0.5863597,-0.5766588,0.2759642,0.4974843,
1,9,25.815,0.3001493,1.146438,-0.6430234,0.5863597,-0.5766588,0.2759642,0.4974843,
1,9,25.817,0.3001493,1.146438,-0.6430234,0.5863597,-0.5766588,0.2759642,0.4974843,
1,9,25.819,0.2996274,1.14558,-0.6412069,0.5861199,-0.5737282,0.2729292,0.5028013,
1,9,25.821,0.2996274,1.14558,-0.6412069,0.5861199,-0.5737282,0.2729292,0.5028013,
1,9,25.823,0.2996274,1.14558,-0.6412069,0.5861199,-0.5737282,0.2729292,0.5028013,
1,9,25.825,0.2996274,1.14558,-0.6412069,0.5861199,-0.5737282,0.2729292,0.5028013,
1,9,25.827,0.2991616,1.145063,-0.6399128,0.5863127,-0.5713751,0.2698772,0.5068868,
1,9,25.829,0.2991616,1.145063,-0.6399128,0.5863127,-0.5713751,0.2698772,0.5068868,
1,9,25.831,0.2991616,1.145063,-0.6399128,0.5863127,-0.5713751,0.2698772,0.5068868,
1,9,25.833,0.2991616,1.145063,-0.6399128,0.5863127,-0.5713751,0.2698772,0.5068868,
1,9,25.835,0.2988481,1.14461,-0.6386842,0.5867619,-0.5702707,0.2664903,0.5093964,
1,9,25.837,0.2988481,1.14461,-0.6386842,0.5867619,-0.5702707,0.2664903,0.5093964,
1,9,25.839,0.2988481,1.14461,-0.6386842,0.5867619,-0.5702707,0.2664903,0.5093964,
1,9,25.841,0.2988481,1.14461,-0.6386842,0.5867619,-0.5702707,0.2664903,0.5093964,
1,9,25.843,0.2986135,1.144521,-0.6379429,0.5876678,-0.5702696,0.2627628,0.5102891,
1,9,25.845,0.2986135,1.144521,-0.6379429,0.5876678,-0.5702696,0.2627628,0.5102891,
1,9,25.847,0.2986135,1.144521,-0.6379429,0.5876678,-0.5702696,0.2627628,0.5102891,
1,9,25.849,0.2986135,1.144521,-0.6379429,0.5876678,-0.5702696,0.2627628,0.5102891,
1,9,25.851,0.2985687,1.144807,-0.6373209,0.5890048,-0.5710757,0.2592274,0.5096539,
1,9,25.853,0.2985687,1.144807,-0.6373209,0.5890048,-0.5710757,0.2592274,0.5096539,
1,9,25.855,0.2985687,1.144807,-0.6373209,0.5890048,-0.5710757,0.2592274,0.5096539,
1,9,25.857,0.2985687,1.144807,-0.6373209,0.5890048,-0.5710757,0.2592274,0.5096539,
1,9,25.859,0.2983708,1.145074,-0.6372395,0.5903332,-0.5722525,0.2557591,0.5085481,
1,9,25.861,0.2983708,1.145074,-0.6372395,0.5903332,-0.5722525,0.2557591,0.5085481,
1,9,25.863,0.2983708,1.145074,-0.6372395,0.5903332,-0.5722525,0.2557591,0.5085481,
1,9,25.865,0.2983708,1.145074,-0.6372395,0.5903332,-0.5722525,0.2557591,0.5085481,
1,9,25.867,0.2983708,1.145074,-0.6372395,0.5903332,-0.5722525,0.2557591,0.5085481,
1,9,25.869,0.298241,1.145477,-0.6372223,0.591526,-0.5733392,0.2533169,0.5071585,
1,9,25.871,0.298241,1.145477,-0.6372223,0.591526,-0.5733392,0.2533169,0.5071585,
1,9,25.873,0.298241,1.145477,-0.6372223,0.591526,-0.5733392,0.2533169,0.5071585,
1,9,25.875,0.298241,1.145477,-0.6372223,0.591526,-0.5733392,0.2533169,0.5071585,
1,9,25.877,0.2983156,1.146035,-0.6368666,0.592382,-0.5742155,0.2524081,0.5056188,
1,9,25.879,0.2983156,1.146035,-0.6368666,0.592382,-0.5742155,0.2524081,0.5056188,
1,9,25.881,0.2983156,1.146035,-0.6368666,0.592382,-0.5742155,0.2524081,0.5056188,
1,9,25.883,0.2983156,1.146035,-0.6368666,0.592382,-0.5742155,0.2524081,0.5056188,
1,9,25.885,0.2983003,1.146504,-0.6370056,0.5927964,-0.5746306,0.2524883,0.5046206,
1,9,25.887,0.2983003,1.146504,-0.6370056,0.5927964,-0.5746306,0.2524883,0.5046206,
1,9,25.889,0.2983003,1.146504,-0.6370056,0.5927964,-0.5746306,0.2524883,0.5046206,
1,9,25.891,0.2983003,1.146504,-0.6370056,0.5927964,-0.5746306,0.2524883,0.5046206,
1,9,25.893,0.2982285,1.146698,-0.6371731,0.5926228,-0.5747586,0.2535394,0.5041515,
1,9,25.895,0.2982285,1.146698,-0.6371731,0.5926228,-0.5747586,0.2535394,0.5041515,
1,9,25.897,0.2982285,1.146698,-0.6371731,0.5926228,-0.5747586,0.2535394,0.5041515,
1,9,25.899,0.2982285,1.146698,-0.6371731,0.5926228,-0.5747586,0.2535394,0.5041515,
1,9,25.901,0.2983118,1.146914,-0.6369631,0.5920968,-0.5746596,0.2558746,0.5037023,
1,9,25.903,0.2983118,1.146914,-0.6369631,0.5920968,-0.5746596,0.2558746,0.5037023,
1,9,25.905,0.2983118,1.146914,-0.6369631,0.5920968,-0.5746596,0.2558746,0.5037023,
1,9,25.907,0.2983118,1.146914,-0.6369631,0.5920968,-0.5746596,0.2558746,0.5037023,
1,9,25.909,0.2985256,1.147088,-0.6368616,0.5913534,-0.574193,0.2589713,0.503525,
1,9,25.911,0.2985256,1.147088,-0.6368616,0.5913534,-0.574193,0.2589713,0.503525,
1,9,25.913,0.2985256,1.147088,-0.6368616,0.5913534,-0.574193,0.2589713,0.503525,
1,9,25.915,0.2985256,1.147088,-0.6368616,0.5913534,-0.574193,0.2589713,0.503525,
1,9,25.917,0.2985256,1.147088,-0.6368616,0.5913534,-0.574193,0.2589713,0.503525,
1,9,25.919,0.2986459,1.147483,-0.6368894,0.5906983,-0.5736368,0.2623908,0.5031576,
1,9,25.921,0.2986459,1.147483,-0.6368894,0.5906983,-0.5736368,0.2623908,0.5031576,
1,9,25.923,0.2986459,1.147483,-0.6368894,0.5906983,-0.5736368,0.2623908,0.5031576,
1,9,25.925,0.2986459,1.147483,-0.6368894,0.5906983,-0.5736368,0.2623908,0.5031576,
1,9,25.927,0.2987125,1.147224,-0.6375795,0.5897079,-0.5734726,0.2653526,0.5029531,
1,9,25.929,0.2987125,1.147224,-0.6375795,0.5897079,-0.5734726,0.2653526,0.5029531,
1,9,25.931,0.2987125,1.147224,-0.6375795,0.5897079,-0.5734726,0.2653526,0.5029531,
1,9,25.933,0.2987125,1.147224,-0.6375795,0.5897079,-0.5734726,0.2653526,0.5029531,
1,9,25.935,0.2989047,1.147043,-0.6379697,0.5889398,-0.5735068,0.2684492,0.5021702,
1,9,25.937,0.2989047,1.147043,-0.6379697,0.5889398,-0.5735068,0.2684492,0.5021702,
1,9,25.939,0.2989047,1.147043,-0.6379697,0.5889398,-0.5735068,0.2684492,0.5021702,
1,9,25.941,0.2989047,1.147043,-0.6379697,0.5889398,-0.5735068,0.2684492,0.5021702,
1,9,25.943,0.2991314,1.147034,-0.6388673,0.5885467,-0.5737309,0.2710995,0.5009498,
1,9,25.945,0.2991314,1.147034,-0.6388673,0.5885467,-0.5737309,0.2710995,0.5009498,
1,9,25.947,0.2991314,1.147034,-0.6388673,0.5885467,-0.5737309,0.2710995,0.5009498,
1,9,25.949,0.2991314,1.147034,-0.6388673,0.5885467,-0.5737309,0.2710995,0.5009498,
1,9,25.951,0.2996107,1.146875,-0.6395749,0.5880855,-0.5743189,0.2737946,0.4993494,
1,9,25.953,0.2996107,1.146875,-0.6395749,0.5880855,-0.5743189,0.2737946,0.4993494,
1,9,25.955,0.2996107,1.146875,-0.6395749,0.5880855,-0.5743189,0.2737946,0.4993494,
1,9,25.957,0.2996107,1.146875,-0.6395749,0.5880855,-0.5743189,0.2737946,0.4993494,
1,9,25.959,0.3000885,1.146863,-0.6406914,0.5878726,-0.5749742,0.2761095,0.4975682,
1,9,25.961,0.3000885,1.146863,-0.6406914,0.5878726,-0.5749742,0.2761095,0.4975682,
1,9,25.963,0.3000885,1.146863,-0.6406914,0.5878726,-0.5749742,0.2761095,0.4975682,
1,9,25.965,0.3000885,1.146863,-0.6406914,0.5878726,-0.5749742,0.2761095,0.4975682,
1,9,25.967,0.3000885,1.146863,-0.6406914,0.5878726,-0.5749742,0.2761095,0.4975682,
1,9,25.969,0.3004331,1.146882,-0.6419945,0.5877193,-0.5755091,0.2783766,0.4958647,
1,9,25.971,0.3004331,1.146882,-0.6419945,0.5877193,-0.5755091,0.2783766,0.4958647,
1,9,25.973,0.3004331,1.146882,-0.6419945,0.5877193,-0.5755091,0.2783766,0.4958647,
1,9,25.975,0.3004331,1.146882,-0.6419945,0.5877193,-0.5755091,0.2783766,0.4958647,
1,9,25.977,0.3009763,1.146814,-0.6432436,0.5875326,-0.5762331,0.2806742,0.4939463,
1,9,25.979,0.3009763,1.146814,-0.6432436,0.5875326,-0.5762331,0.2806742,0.4939463,
1,9,25.981,0.3009763,1.146814,-0.6432436,0.5875326,-0.5762331,0.2806742,0.4939463,
1,9,25.983,0.3009763,1.146814,-0.6432436,0.5875326,-0.5762331,0.2806742,0.4939463,
1,9,25.985,0.3014136,1.146529,-0.6445813,0.5873044,-0.577214,0.2826102,0.4919645,
1,9,25.987,0.3014136,1.146529,-0.6445813,0.5873044,-0.577214,0.2826102,0.4919645,
1,9,25.989,0.3014136,1.146529,-0.6445813,0.5873044,-0.577214,0.2826102,0.4919645,
1,9,25.991,0.3014136,1.146529,-0.6445813,0.5873044,-0.577214,0.2826102,0.4919645,
1,9,25.993,0.3019954,1.146372,-0.645698,0.5871491,-0.5782326,0.284744,0.4897183,
1,9,25.995,0.3019954,1.146372,-0.645698,0.5871491,-0.5782326,0.284744,0.4897183,
1,9,25.997,0.3019954,1.146372,-0.645698,0.5871491,-0.5782326,0.284744,0.4897183,
1,9,25.999,0.3019954,1.146372,-0.645698,0.5871491,-0.5782326,0.284744,0.4897183,
1,9,26.001,0.3025375,1.145965,-0.6471331,0.5867847,-0.5792614,0.2867748,0.4877501,
1,9,26.003,0.3025375,1.145965,-0.6471331,0.5867847,-0.5792614,0.2867748,0.4877501,
1,9,26.005,0.3025375,1.145965,-0.6471331,0.5867847,-0.5792614,0.2867748,0.4877501,
1,9,26.007,0.3025375,1.145965,-0.6471331,0.5867847,-0.5792614,0.2867748,0.4877501,
1,9,26.009,0.3030662,1.145434,-0.6485242,0.5863897,-0.5803988,0.2887012,0.4857324,
1,9,26.011,0.3030662,1.145434,-0.6485242,0.5863897,-0.5803988,0.2887012,0.4857324,
1,9,26.013,0.3030662,1.145434,-0.6485242,0.5863897,-0.5803988,0.2887012,0.4857324,
1,9,26.015,0.3030662,1.145434,-0.6485242,0.5863897,-0.5803988,0.2887012,0.4857324,
1,9,26.017,0.3030662,1.145434,-0.6485242,0.5863897,-0.5803988,0.2887012,0.4857324,
1,9,26.019,0.3035461,1.145218,-0.6495186,0.5859565,-0.581257,0.2912347,0.4837125,
1,9,26.021,0.3035461,1.145218,-0.6495186,0.5859565,-0.581257,0.2912347,0.4837125,
1,9,26.023,0.3035461,1.145218,-0.6495186,0.5859565,-0.581257,0.2912347,0.4837125,
1,9,26.025,0.3035461,1.145218,-0.6495186,0.5859565,-0.581257,0.2912347,0.4837125,
1,9,26.027,0.3039356,1.144829,-0.6508931,0.5854932,-0.5819001,0.2937405,0.4819818,
1,9,26.029,0.3039356,1.144829,-0.6508931,0.5854932,-0.5819001,0.2937405,0.4819818,
1,9,26.031,0.3039356,1.144829,-0.6508931,0.5854932,-0.5819001,0.2937405,0.4819818,
1,9,26.033,0.3039356,1.144829,-0.6508931,0.5854932,-0.5819001,0.2937405,0.4819818,
1,9,26.035,0.3042139,1.143816,-0.6524513,0.5847794,-0.5827693,0.2958634,0.4804974,
1,9,26.037,0.3042139,1.143816,-0.6524513,0.5847794,-0.5827693,0.2958634,0.4804974,
1,9,26.039,0.3042139,1.143816,-0.6524513,0.5847794,-0.5827693,0.2958634,0.4804974,
1,9,26.041,0.3042139,1.143816,-0.6524513,0.5847794,-0.5827693,0.2958634,0.4804974,
1,9,26.043,0.3046205,1.143524,-0.6535021,0.5842481,-0.5832583,0.2988241,0.4787151,
1,9,26.045,0.3046205,1.143524,-0.6535021,0.5842481,-0.5832583,0.2988241,0.4787151,
1,9,26.047,0.3046205,1.143524,-0.6535021,0.5842481,-0.5832583,0.2988241,0.4787151,
1,9,26.049,0.3046205,1.143524,-0.6535021,0.5842481,-0.5832583,0.2988241,0.4787151,
1,9,26.051,0.3051331,1.143403,-0.6543958,0.5839117,-0.5837418,0.3016913,0.4767337,
1,9,26.053,0.3051331,1.143403,-0.6543958,0.5839117,-0.5837418,0.3016913,0.4767337,
1,9,26.055,0.3051331,1.143403,-0.6543958,0.5839117,-0.5837418,0.3016913,0.4767337,
1,9,26.057,0.3051331,1.143403,-0.6543958,0.5839117,-0.5837418,0.3016913,0.4767337,
1,9,26.059,0.3053937,1.143025,-0.6554491,0.5833727,-0.5842172,0.3044481,0.4750558,
1,9,26.061,0.3053937,1.143025,-0.6554491,0.5833727,-0.5842172,0.3044481,0.4750558,
1,9,26.063,0.3053937,1.143025,-0.6554491,0.5833727,-0.5842172,0.3044481,0.4750558,
1,9,26.065,0.3053937,1.143025,-0.6554491,0.5833727,-0.5842172,0.3044481,0.4750558,
1,9,26.067,0.3053937,1.143025,-0.6554491,0.5833727,-0.5842172,0.3044481,0.4750558,
1,9,26.069,0.3057778,1.142667,-0.6562728,0.5828678,-0.5846473,0.3073251,0.4732906,
1,9,26.071,0.3057778,1.142667,-0.6562728,0.5828678,-0.5846473,0.3073251,0.4732906,
1,9,26.073,0.3057778,1.142667,-0.6562728,0.5828678,-0.5846473,0.3073251,0.4732906,
1,9,26.075,0.3057778,1.142667,-0.6562728,0.5828678,-0.5846473,0.3073251,0.4732906,
1,9,26.077,0.3059276,1.142181,-0.6573587,0.5824087,-0.585025,0.3098051,0.4717699,
1,9,26.079,0.3059276,1.142181,-0.6573587,0.5824087,-0.585025,0.3098051,0.4717699,
1,9,26.081,0.3059276,1.142181,-0.6573587,0.5824087,-0.585025,0.3098051,0.4717699,CourtEnter
1,9,26.083,0.3059276,1.142181,-0.6573587,0.5824087,-0.585025,0.3098051,0.4717699,
1,9,26.085,0.3061664,1.141683,-0.6582549,0.5818715,-0.5852782,0.3124683,0.4703602,
1,9,26.087,0.3061664,1.141683,-0.6582549,0.5818715,-0.5852782,0.3124683,0.4703602,
1,9,26.089,0.3061664,1.141683,-0.6582549,0.5818715,-0.5852782,0.3124683,0.4703602,
1,9,26.091,0.3061664,1.141683,-0.6582549,0.5818715,-0.5852782,0.3124683,0.4703602,CourtExit
1,9,26.093,0.3065715,1.141412,-0.6591201,0.5814291,-0.5852813,0.3151631,0.4691038,
1,9,26.095,0.3065715,1.141412,-0.6591201,0.5814291,-0.5852813,0.3151631,0.4691038,
1,9,26.097,0.3065715,1.141412,-0.6591201,0.5814291,-0.5852813,0.3151631,0.4691038,
1,9,26.099,0.3065715,1.141412,-0.6591201,0.5814291,-0.5852813,0.3151631,0.4691038,
1,9,26.101,0.3069359,1.141054,-0.6597846,0.5809259,-0.5854014,0.3177627,0.4678218,
1,9,26.103,0.3069359,1.141054,-0.6597846,0.5809259,-0.5854014,0.3177627,0.4678218,
1,9,26.105,0.3069359,1.141054,-0.6597846,0.5809259,-0.5854014,0.3177627,0.4678218,
1,9,26.107,0.3069359,1.141054,-0.6597846,0.5809259,-0.5854014,0.3177627,0.4678218,
1,9,26.109,0.3072876,1.140743,-0.6607209,0.5804909,-0.5852339,0.3201379,0.4669513,
1,9,26.111,0.3072876,1.140743,-0.6607209,0.5804909,-0.5852339,0.3201379,0.4669513,
1,9,26.113,0.3072876,1.140743,-0.6607209,0.5804909,-0.5852339,0.3201379,0.4669513,
1,9,26.115,0.3072876,1.140743,-0.6607209,0.5804909,-0.5852339,0.3201379,0.4669513,
1,9,26.117,0.3072876,1.140743,-0.6607209,0.5804909,-0.5852339,0.3201379,0.4669513,
1,9,26.119,0.3076313,1.140846,-0.6615391,0.580572,-0.5850247,0.3222335,0.4656692,
1,9,26.121,0.3076313,1.140846,-0.6615391,0.580572,-0.5850247,0.3222335,0.4656692,
1,9,26.123,0.3076313,1.140846,-0.6615391,0.580572,-0.5850247,0.3222335,0.4656692,
1,9,26.125,0.3076313,1.140846,-0.6615391,0.580572,-0.5850247,0.3222335,0.4656692,
1,9,26.127,0.307872,1.140638,-0.6626121,0.5806341,-0.5852578,0.3235644,0.4643742,
1,9,26.129,0.307872,1.140638,-0.6626121,0.5806341,-0.5852578,0.3235644,0.4643742,
1,9,26.131,0.307872,1.140638,-0.6626121,0.5806341,-0.5852578,0.3235644,0.4643742,
1,9,26.133,0.307872,1.140638,-0.6626121,0.5806341,-0.5852578,0.3235644,0.4643742,
1,9,26.135,0.308204,1.140591,-0.6635202,0.580861,-0.5855128,0.3247321,0.4629519,
1,9,26.137,0.308204,1.140591,-0.6635202,0.580861,-0.5855128,0.3247321,0.4629519,
1,9,26.139,0.308204,1.140591,-0.6635202,0.580861,-0.5855128,0.3247321,0.4629519,
1,9,26.141,0.308204,1.140591,-0.6635202,0.580861,-0.5855128,0.3247321,0.4629519,
1,9,26.143,0.3083943,1.140416,-0.6645257,0.5811582,-0.5859458,0.3255366,0.4614635,
1,9,26.145,0.3083943,1.140416,-0.6645257,0.5811582,-0.5859458,0.3255366,0.4614635,
1,9,26.147,0.3083943,1.140416,-0.6645257,0.5811582,-0.5859458,0.3255366,0.4614635,
1,9,26.149,0.3083943,1.140416,-0.6645257,0.5811582,-0.5859458,0.3255366,0.4614635,
1,9,26.151,0.3084442,1.139996,-0.6655211,0.5813796,-0.5865541,0.3257943,0.4602285,
1,9,26.153,0.3084442,1.139996,-0.6655211,0.5813796,-0.5865541,0.3257943,0.4602285,
1,9,26.155,0.3084442,1.139996,-0.6655211,0.5813796,-0.5865541,0.3257943,0.4602285,
1,9,26.157,0.3084442,1.139996,-0.6655211,0.5813796,-0.5865541,0.3257943,0.4602285,
1,9,26.159,0.3087337,1.140033,-0.6661186,0.5815409,-0.5867767,0.3268133,0.4590167,
1,9,26.161,0.3087337,1.140033,-0.6661186,0.5815409,-0.5867767,0.3268133,0.4590167,
1,9,26.163,0.3087337,1.140033,-0.6661186,0.5815409,-0.5867767,0.3268133,0.4590167,
1,9,26.165,0.3087337,1.140033,-0.6661186,0.5815409,-0.5867767,0.3268133,0.4590167,
1,9,26.167,0.3087337,1.140033,-0.6661186,0.5815409,-0.5867767,0.3268133,0.4590167,
1,9,26.169,0.3088358,1.140108,-0.6668313,0.5817186,-0.5868962,0.3276272,0.4580576,
1,9,26.171,0.3088358,1.140108,-0.6668313,0.5817186,-0.5868962,0.3276272,0.4580576,
1,9,26.173,0.3088358,1.140108,-0.6668313,0.5817186,-0.5868962,0.3276272,0.4580576,
1,9,26.175,0.3088358,1.140108,-0.6668313,0.5817186,-0.5868962,0.3276272,0.4580576,
1,9,26.177,0.3088433,1.140062,-0.6676579,0.5818475,-0.5870179,0.3281608,0.4573554,
1,9,26.179,0.3088433,1.140062,-0.6676579,0.5818475,-0.5870179,0.3281608,0.4573554,
1,9,26.181,0.3088433,1.140062,-0.6676579,0.5818475,-0.5870179,0.3281608,0.4573554,
1,9,26.183,0.3088433,1.140062,-0.6676579,0.5818475,-0.5870179,0.3281608,0.4573554,
1,9,26.185,0.3088492,1.140024,-0.6684355,0.5818999,-0.587263,0.3285438,0.4566987,
1,9,26.187,0.3088492,1.140024,-0.6684355,0.5818999,-0.587263,0.3285438,0.4566987,
1,9,26.189,0.3088492,1.140024,-0.6684355,0.5818999,-0.587263,0.3285438,0.4566987,
1,9,26.191,0.3088492,1.140024,-0.6684355,0.5818999,-0.587263,0.3285438,0.4566987,
1,9,26.193,0.3089147,1.140116,-0.6689119,0.5818833,-0.587393,0.3291371,0.456125,
1,9,26.195,0.3089147,1.140116,-0.6689119,0.5818833,-0.587393,0.3291371,0.456125,
1,9,26.197,0.3089147,1.140116,-0.6689119,0.5818833,-0.587393,0.3291371,0.456125,
1,9,26.199,0.3089147,1.140116,-0.6689119,0.5818833,-0.587393,0.3291371,0.456125,
1,9,26.201,0.3089853,1.140352,-0.6692728,0.5818026,-0.5873464,0.3299865,0.4556742,
1,9,26.203,0.3089853,1.140352,-0.6692728,0.5818026,-0.5873464,0.3299865,0.4556742,
1,9,26.205,0.3089853,1.140352,-0.6692728,0.5818026,-0.5873464,0.3299865,0.4556742,
1,9,26.207,0.3089853,1.140352,-0.6692728,0.5818026,-0.5873464,0.3299865,0.4556742,
1,9,26.209,0.3090026,1.140579,-0.66977,0.5817216,-0.5874183,0.3305166,0.4553005,
1,9,26.211,0.3090026,1.140579,-0.66977,0.5817216,-0.5874183,0.3305166,0.4553005,
1,9,26.213,0.3090026,1.140579,-0.66977,0.5817216,-0.5874183,0.3305166,0.4553005,
1,9,26.215,0.3090026,1.140579,-0.66977,0.5817216,-0.5874183,0.3305166,0.4553005,
1,9,26.217,0.3090026,1.140579,-0.66977,0.5817216,-0.5874183,0.3305166,0.4553005,
1,9,26.219,0.3089567,1.140538,-0.6702753,0.5815048,-0.5876782,0.330708,0.4551031,
1,9,26.221,0.3089567,1.140538,-0.6702753,0.5815048,-0.5876782,0.330708,0.4551031,
1,9,26.223,0.3089567,1.140538,-0.6702753,0.5815048,-0.5876782,0.330708,0.4551031,
1,9,26.225,0.3089567,1.140538,-0.6702753,0.5815048,-0.5876782,0.330708,0.4551031,
1,9,26.227,0.3088188,1.140361,-0.670743,0.5812328,-0.5881623,0.330597,0.4549058,
1,9,26.229,0.3088188,1.140361,-0.670743,0.5812328,-0.5881623,0.330597,0.4549058,
1,9,26.231,0.3088188,1.140361,-0.670743,0.5812328,-0.5881623,0.330597,0.4549058,
1,9,26.233,0.3088188,1.140361,-0.670743,0.5812328,-0.5881623,0.330597,0.4549058,
1,9,26.235,0.3087999,1.140418,-0.671143,0.5809669,-0.5884669,0.3307122,0.4547677,
1,9,26.237,0.3087999,1.140418,-0.671143,0.5809669,-0.5884669,0.3307122,0.4547677,
1,9,26.239,0.3087999,1.140418,-0.671143,0.5809669,-0.5884669,0.3307122,0.4547677,
1,9,26.241,0.3087999,1.140418,-0.671143,0.5809669,-0.5884669,0.3307122,0.4547677,
1,9,26.243,0.3087848,1.140474,-0.6714976,0.5806105,-0.5887592,0.330875,0.4547262,
1,9,26.245,0.3087848,1.140474,-0.6714976,0.5806105,-0.5887592,0.330875,0.4547262,
1,9,26.247,0.3087848,1.140474,-0.6714976,0.5806105,-0.5887592,0.330875,0.4547262,
1,9,26.249,0.3087848,1.140474,-0.6714976,0.5806105,-0.5887592,0.330875,0.4547262,
1,9,26.251,0.308817,1.140655,-0.6716733,0.5802196,-0.5891078,0.3311581,0.4545673,
1,9,26.253,0.308817,1.140655,-0.6716733,0.5802196,-0.5891078,0.3311581,0.4545673,
1,9,26.255,0.308817,1.140655,-0.6716733,0.5802196,-0.5891078,0.3311581,0.4545673,
1,9,26.257,0.308817,1.140655,-0.6716733,0.5802196,-0.5891078,0.3311581,0.4545673,
1,9,26.259,0.3088368,1.140654,-0.6717886,0.5797152,-0.5895537,0.3313589,0.4544867,
1,9,26.261,0.3088368,1.140654,-0.6717886,0.5797152,-0.5895537,0.3313589,0.4544867,
1,9,26.263,0.3088368,1.140654,-0.6717886,0.5797152,-0.5895537,0.3313589,0.4544867,
1,9,26.265,0.3088368,1.140654,-0.6717886,0.5797152,-0.5895537,0.3313589,0.4544867,
1,9,26.267,0.3088368,1.140654,-0.6717886,0.5797152,-0.5895537,0.3313589,0.4544867,
1,9,26.269,0.3088619,1.140721,-0.6720048,0.5791705,-0.5899058,0.3315534,0.4545822,
1,9,26.271,0.3088619,1.140721,-0.6720048,0.5791705,-0.5899058,0.3315534,0.4545822,
1,9,26.273,0.3088619,1.140721,-0.6720048,0.5791705,-0.5899058,0.3315534,0.4545822,
1,9,26.275,0.3088619,1.140721,-0.6720048,0.5791705,-0.5899058,0.3315534,0.4545822,
1,9,26.277,0.3088699,1.140718,-0.6720895,0.5785433,-0.5903733,0.3317619,0.454622,
1,9,26.279,0.3088699,1.140718,-0.6720895,0.5785433,-0.5903733,0.3317619,0.454622,
1,9,26.281,0.3088699,1.140718,-0.6720895,0.5785433,-0.5903733,0.3317619,0.454622,
1,9,26.283,0.3088699,1.140718,-0.6720895,0.5785433,-0.5903733,0.3317619,0.454622,
1,9,26.285,0.308802,1.140611,-0.6722183,0.5779514,-0.5908179,0.331883,0.4547087,
1,9,26.287,0.308802,1.140611,-0.6722183,0.5779514,-0.5908179,0.331883,0.4547087,
1,9,26.289,0.308802,1.140611,-0.6722183,0.5779514,-0.5908179,0.331883,0.4547087,
1,9,26.291,0.308802,1.140611,-0.6722183,0.5779514,-0.5908179,0.331883,0.4547087,
1,9,26.293,0.3087205,1.140481,-0.6723623,0.5773657,-0.5912093,0.3319972,0.4548608,
1,9,26.295,0.3087205,1.140481,-0.6723623,0.5773657,-0.5912093,0.3319972,0.4548608,
1,9,26.297,0.3087205,1.140481,-0.6723623,0.5773657,-0.5912093,0.3319972,0.4548608,
1,9,26.299,0.3087205,1.140481,-0.6723623,0.5773657,-0.5912093,0.3319972,0.4548608,
1,9,26.301,0.3086594,1.140282,-0.6723157,0.576627,-0.5916445,0.3322928,0.4550161,
1,9,26.303,0.3086594,1.140282,-0.6723157,0.576627,-0.5916445,0.3322928,0.4550161,
1,9,26.305,0.3086594,1.140282,-0.6723157,0.576627,-0.5916445,0.3322928,0.4550161,
1,9,26.307,0.3086594,1.140282,-0.6723157,0.576627,-0.5916445,0.3322928,0.4550161,
1,9,26.309,0.3085708,1.139827,-0.672408,0.5758249,-0.5920919,0.3323803,0.4553859,
1,9,26.311,0.3085708,1.139827,-0.672408,0.5758249,-0.5920919,0.3323803,0.4553859,
1,9,26.313,0.3085708,1.139827,-0.672408,0.5758249,-0.5920919,0.3323803,0.4553859,
1,9,26.315,0.3085708,1.139827,-0.672408,0.5758249,-0.5920919,0.3323803,0.4553859,
1,9,26.317,0.3085708,1.139827,-0.672408,0.5758249,-0.5920919,0.3323803,0.4553859,
1,9,26.319,0.3085768,1.139788,-0.6725345,0.5752845,-0.5921341,0.332831,0.4556848,
1,9,26.321,0.3085768,1.139788,-0.6725345,0.5752845,-0.5921341,0.332831,0.4556848,
1,9,26.323,0.3085768,1.139788,-0.6725345,0.5752845,-0.5921341,0.332831,0.4556848,
1,9,26.325,0.3085768,1.139788,-0.6725345,0.5752845,-0.5921341,0.332831,0.4556848,
1,9,26.327,0.3086418,1.139807,-0.6726013,0.5748773,-0.5921525,0.3333403,0.4558025,
1,9,26.329,0.3086418,1.139807,-0.6726013,0.5748773,-0.5921525,0.3333403,0.4558025,
1,9,26.331,0.3086418,1.139807,-0.6726013,0.5748773,-0.5921525,0.3333403,0.4558025,
1,9,26.333,0.3086418,1.139807,-0.6726013,0.5748773,-0.5921525,0.3333403,0.4558025,
1,9,26.335,0.3086823,1.139787,-0.6727182,0.5745595,-0.5922505,0.3336824,0.4558255,
1,9,26.337,0.3086823,1.139787,-0.6727182,0.5745595,-0.5922505,0.3336824,0.4558255,
1,9,26.339,0.3086823,1.139787,-0.6727182,0.5745595,-0.5922505,0.3336824,0.4558255,
1,9,26.341,0.3086823,1.139787,-0.6727182,0.5745595,-0.5922505,0.3336824,0.4558255,
1,9,26.343,0.3087646,1.139801,-0.6727834,0.5743682,-0.5924134,0.3339669,0.4556464,
1,9,26.345,0.3087646,1.139801,-0.6727834,0.5743682,-0.5924134,0.3339669,0.4556464,
1,9,26.347,0.3087646,1.139801,-0.6727834,0.5743682,-0.5924134,0.3339669,0.4556464,
1,9,26.349,0.3087646,1.139801,-0.6727834,0.5743682,-0.5924134,0.3339669,0.4556464,
1,9,26.351,0.3088132,1.139893,-0.6728542,0.5743282,-0.5925581,0.3342115,0.4553292,
1,9,26.353,0.3088132,1.139893,-0.6728542,0.5743282,-0.5925581,0.3342115,0.4553292,
1,9,26.355,0.3088132,1.139893,-0.6728542,0.5743282,-0.5925581,0.3342115,0.4553292,
1,9,26.357,0.3088132,1.139893,-0.6728542,0.5743282,-0.5925581,0.3342115,0.4553292,
1,9,26.359,0.308881,1.139975,-0.6729678,0.5744348,-0.5927418,0.3343127,0.4548813,
1,9,26.361,0.308881,1.139975,-0.6729678,0.5744348,-0.5927418,0.3343127,0.4548813,
1,9,26.363,0.308881,1.139975,-0.6729678,0.5744348,-0.5927418,0.3343127,0.4548813,
1,9,26.365,0.308881,1.139975,-0.6729678,0.5744348,-0.5927418,0.3343127,0.4548813,
1,9,26.367,0.308881,1.139975,-0.6729678,0.5744348,-0.5927418,0.3343127,0.4548813,
1,9,26.369,0.3089786,1.13987,-0.6730299,0.5744784,-0.5929912,0.3343873,0.4544461,
1,9,26.371,0.3089786,1.13987,-0.6730299,0.5744784,-0.5929912,0.3343873,0.4544461,
1,9,26.373,0.3089786,1.13987,-0.6730299,0.5744784,-0.5929912,0.3343873,0.4544461,
1,9,26.375,0.3089786,1.13987,-0.6730299,0.5744784,-0.5929912,0.3343873,0.4544461,
1,9,26.377,0.3090959,1.139817,-0.6730921,0.5745466,-0.5931319,0.3345787,0.4540351,
1,9,26.379,0.3090959,1.139817,-0.6730921,0.5745466,-0.5931319,0.3345787,0.4540351,
1,9,26.381,0.3090959,1.139817,-0.6730921,0.5745466,-0.5931319,0.3345787,0.4540351,
1,9,26.383,0.3090959,1.139817,-0.6730921,0.5745466,-0.5931319,0.3345787,0.4540351,
1,9,26.385,0.3092381,1.139799,-0.6731321,0.5746158,-0.5931591,0.3348867,0.4536848,
1,9,26.387,0.3092381,1.139799,-0.6731321,0.5746158,-0.5931591,0.3348867,0.4536848,
1,9,26.389,0.3092381,1.139799,-0.6731321,0.5746158,-0.5931591,0.3348867,0.4536848,
1,9,26.391,0.3092381,1.139799,-0.6731321,0.5746158,-0.5931591,0.3348867,0.4536848,
1,9,26.393,0.3093607,1.139627,-0.6731619,0.5745758,-0.5932229,0.3352096,0.4534134,
1,9,26.395,0.3093607,1.139627,-0.6731619,0.5745758,-0.5932229,0.3352096,0.4534134,
1,9,26.397,0.3093607,1.139627,-0.6731619,0.5745758,-0.5932229,0.3352096,0.4534134,
1,9,26.399,0.3093607,1.139627,-0.6731619,0.5745758,-0.5932229,0.3352096,0.4534134,
1,9,26.401,0.3096229,1.139672,-0.6731088,0.574672,-0.5931658,0.3359082,0.452849,
1,9,26.403,0.3096229,1.139672,-0.6731088,0.574672,-0.5931658,0.3359082,0.452849,
1,9,26.405,0.3096229,1.139672,-0.6731088,0.574672,-0.5931658,0.3359082,0.452849,
1,9,26.407,0.3096229,1.139672,-0.6731088,0.574672,-0.5931658,0.3359082,0.452849,
1,9,26.409,0.3097413,1.13958,-0.6731361,0.5746329,-0.5931419,0.3362836,0.4526512,
1,9,26.411,0.3097413,1.13958,-0.6731361,0.5746329,-0.5931419,0.3362836,0.4526512,
1,9,26.413,0.3097413,1.13958,-0.6731361,0.5746329,-0.5931419,0.3362836,0.4526512,
1,9,26.415,0.3097413,1.13958,-0.6731361,0.5746329,-0.5931419,0.3362836,0.4526512,
1,9,26.417,0.3097413,1.13958,-0.6731361,0.5746329,-0.5931419,0.3362836,0.4526512,
1,9,26.419,0.3098987,1.139394,-0.6729992,0.5743869,-0.5931698,0.3367653,0.4525687,
1,9,26.421,0.3098987,1.139394,-0.6729992,0.5743869,-0.5931698,0.3367653,0.4525687,
1,9,26.423,0.3098987,1.139394,-0.6729992,0.5743869,-0.5931698,0.3367653,0.4525687,
1,9,26.425,0.3098987,1.139394,-0.6729992,0.5743869,-0.5931698,0.3367653,0.4525687,
1,9,26.427,0.3099555,1.13897,-0.6731555,0.574189,-0.5931351,0.3370959,0.4526193,
1,9,26.429,0.3099555,1.13897,-0.6731555,0.574189,-0.5931351,0.3370959,0.4526193,
1,9,26.431,0.3099555,1.13897,-0.6731555,0.574189,-0.5931351,0.3370959,0.4526193,
1,9,26.433,0.3099555,1.13897,-0.6731555,0.574189,-0.5931351,0.3370959,0.4526193,
1,9,26.435,0.3100374,1.138719,-0.673075,0.5739574,-0.5929765,0.3376943,0.4526747,
1,9,26.437,0.3100374,1.138719,-0.673075,0.5739574,-0.5929765,0.3376943,0.4526747,
1,9,26.439,0.3100374,1.138719,-0.673075,0.5739574,-0.5929765,0.3376943,0.4526747,
1,9,26.441,0.3100374,1.138719,-0.673075,0.5739574,-0.5929765,0.3376943,0.4526747,
1,9,26.443,0.3100999,1.138548,-0.6729891,0.5737529,-0.5927212,0.3383714,0.4527628,
1,9,26.445,0.3100999,1.138548,-0.6729891,0.5737529,-0.5927212,0.3383714,0.4527628,
1,9,26.447,0.3100999,1.138548,-0.6729891,0.5737529,-0.5927212,0.3383714,0.4527628,
1,9,26.449,0.3100999,1.138548,-0.6729891,0.5737529,-0.5927212,0.3383714,0.4527628,
1,9,26.451,0.3102438,1.138462,-0.6727343,0.5734687,-0.5923232,0.339356,0.4529066,
1,9,26.453,0.3102438,1.138462,-0.6727343,0.5734687,-0.5923232,0.339356,0.4529066,
1,9,26.455,0.3102438,1.138462,-0.6727343,0.5734687,-0.5923232,0.339356,0.4529066,
1,9,26.457,0.3102438,1.138462,-0.6727343,0.5734687,-0.5923232,0.339356,0.4529066,
1,9,26.459,0.3103622,1.13816,-0.6725404,0.5731292,-0.5921019,0.3400728,0.4530881,
1,9,26.461,0.3103622,1.13816,-0.6725404,0.5731292,-0.5921019,0.3400728,0.4530881,
1,9,26.463,0.3103622,1.13816,-0.6725404,0.5731292,-0.5921019,0.3400728,0.4530881,
1,9,26.465,0.3103622,1.13816,-0.6725404,0.5731292,-0.5921019,0.3400728,0.4530881,
1,9,26.467,0.3103622,1.13816,-0.6725404,0.5731292,-0.5921019,0.3400728,0.4530881,
1,9,26.469,0.3104878,1.138028,-0.6723109,0.5729441,-0.5919328,0.3406584,0.4531034,
1,9,26.471,0.3104878,1.138028,-0.6723109,0.5729441,-0.5919328,0.3406584,0.4531034,
1,9,26.473,0.3104878,1.138028,-0.6723109,0.5729441,-0.5919328,0.3406584,0.4531034,
1,9,26.475,0.3104878,1.138028,-0.6723109,0.5729441,-0.5919328,0.3406584,0.4531034,
1,9,26.477,0.3106887,1.137837,-0.672039,0.5727977,-0.5917296,0.3413063,0.4530663,
1,9,26.479,0.3106887,1.137837,-0.672039,0.5727977,-0.5917296,0.3413063,0.4530663,
1,9,26.481,0.3106887,1.137837,-0.672039,0.5727977,-0.5917296,0.3413063,0.4530663,
1,9,26.483,0.3106887,1.137837,-0.672039,0.5727977,-0.5917296,0.3413063,0.4530663,
1,9,26.485,0.310808,1.137652,-0.671946,0.572729,-0.5916651,0.3415516,0.4530525,
1,9,26.487,0.310808,1.137652,-0.671946,0.572729,-0.5916651,0.3415516,0.4530525,
1,9,26.489,0.310808,1.137652,-0.671946,0.572729,-0.5916651,0.3415516,0.4530525,
1,9,26.491,0.310808,1.137652,-0.671946,0.572729,-0.5916651,0.3415516,0.4530525,
1,9,26.493,0.3109944,1.137909,-0.6715564,0.5727603,-0.5914966,0.3421023,0.4528173,
1,9,26.495,0.3109944,1.137909,-0.6715564,0.5727603,-0.5914966,0.3421023,0.4528173,
1,9,26.497,0.3109944,1.137909,-0.6715564,0.5727603,-0.5914966,0.3421023,0.4528173,
1,9,26.499,0.3109944,1.137909,-0.6715564,0.5727603,-0.5914966,0.3421023,0.4528173,
1,9,26.501,0.3112584,1.138568,-0.6709754,0.5729337,-0.5911611,0.3429415,0.452401,
1,9,26.503,0.3112584,1.138568,-0.6709754,0.5729337,-0.5911611,0.3429415,0.452401,
1,9,26.505,0.3112584,1.138568,-0.6709754,0.5729337,-0.5911611,0.3429415,0.452401,
1,9,26.507,0.3112584,1.138568,-0.6709754,0.5729337,-0.5911611,0.3429415,0.452401,
1,9,26.509,0.3114098,1.13866,-0.6708201,0.5730186,-0.5910658,0.3432308,0.4521987,
1,9,26.511,0.3114098,1.13866,-0.6708201,0.5730186,-0.5910658,0.3432308,0.4521987,
1,9,26.513,0.3114098,1.13866,-0.6708201,0.5730186,-0.5910658,0.3432308,0.4521987,
1,9,26.515,0.3114098,1.13866,-0.6708201,0.5730186,-0.5910658,0.3432308,0.4521987,
1,9,26.517,0.3114098,1.13866,-0.6708201,0.5730186,-0.5910658,0.3432308,0.4521987,
1,9,26.519,0.3115157,1.138513,-0.6708173,0.5730634,-0.5910946,0.3432764,0.4520696,
1,9,26.521,0.3115157,1.138513,-0.6708173,0.5730634,-0.5910946,0.3432764,0.4520696,
1,9,26.523,0.3115157,1.138513,-0.6708173,0.5730634,-0.5910946,0.3432764,0.4520696,
1,9,26.525,0.3115157,1.138513,-0.6708173,0.5730634,-0.5910946,0.3432764,0.4520696,
1,9,26.527,0.3117066,1.138545,-0.6705116,0.573029,-0.5910761,0.343673,0.4518358,
1,9,26.529,0.3117066,1.138545,-0.6705116,0.573029,-0.5910761,0.343673,0.4518358,
1,9,26.531,0.3117066,1.138545,-0.6705116,0.573029,-0.5910761,0.343673,0.4518358,
1,9,26.533,0.3117066,1.138545,-0.6705116,0.573029,-0.5910761,0.343673,0.4518358,
1,9,26.535,0.3118417,1.138541,-0.67037,0.5730739,-0.5910758,0.3439014,0.4516056,
1,9,26.537,0.3118417,1.138541,-0.67037,0.5730739,-0.5910758,0.3439014,0.4516056,
1,9,26.539,0.3118417,1.138541,-0.67037,0.5730739,-0.5910758,0.3439014,0.4516056,
1,9,26.541,0.3118417,1.138541,-0.67037,0.5730739,-0.5910758,0.3439014,0.4516056,
1,9,26.543,0.3119168,1.138591,-0.6702471,0.5731425,-0.5910715,0.3440913,0.4513794,
1,9,26.545,0.3119168,1.138591,-0.6702471,0.5731425,-0.5910715,0.3440913,0.4513794,
1,9,26.547,0.3119168,1.138591,-0.6702471,0.5731425,-0.5910715,0.3440913,0.4513794,
1,9,26.549,0.3119168,1.138591,-0.6702471,0.5731425,-0.5910715,0.3440913,0.4513794,
1,9,26.551,0.3120199,1.138699,-0.670007,0.5731489,-0.5909977,0.3444719,0.4511777,
1,9,26.553,0.3120199,1.138699,-0.670007,0.5731489,-0.5909977,0.3444719,0.4511777,
1,9,26.555,0.3120199,1.138699,-0.670007,0.5731489,-0.5909977,0.3444719,0.4511777,
1,9,26.557,0.3120199,1.138699,-0.670007,0.5731489,-0.5909977,0.3444719,0.4511777,
1,9,26.559,0.3120915,1.138714,-0.6698794,0.5730965,-0.5909927,0.3446395,0.4511225,
1,9,26.561,0.3120915,1.138714,-0.6698794,0.5730965,-0.5909927,0.3446395,0.4511225,
1,9,26.563,0.3120915,1.138714,-0.6698794,0.5730965,-0.5909927,0.3446395,0.4511225,
1,9,26.565,0.3120915,1.138714,-0.6698794,0.5730965,-0.5909927,0.3446395,0.4511225,
1,9,26.567,0.3120915,1.138714,-0.6698794,0.5730965,-0.5909927,0.3446395,0.4511225,
1,9,26.569,0.3121551,1.138765,-0.6697617,0.5730258,-0.5909582,0.3448105,0.4511271,
1,9,26.571,0.3121551,1.138765,-0.6697617,0.5730258,-0.5909582,0.3448105,0.4511271,
1,9,26.573,0.3121551,1.138765,-0.6697617,0.5730258,-0.5909582,0.3448105,0.4511271,
1,9,26.575,0.3121551,1.138765,-0.6697617,0.5730258,-0.5909582,0.3448105,0.4511271,
1,9,26.577,0.3121572,1.138697,-0.6697656,0.5729039,-0.5909364,0.344806,0.4513138,
1,9,26.579,0.3121572,1.138697,-0.6697656,0.5729039,-0.5909364,0.344806,0.4513138,
1,9,26.581,0.3121572,1.138697,-0.6697656,0.5729039,-0.5909364,0.344806,0.4513138,
1,9,26.583,0.3121572,1.138697,-0.6697656,0.5729039,-0.5909364,0.344806,0.4513138,
1,9,26.585,0.3122766,1.138694,-0.6694673,0.572674,-0.5909868,0.3449754,0.4514101,
1,9,26.587,0.3122766,1.138694,-0.6694673,0.572674,-0.5909868,0.3449754,0.4514101,
1,9,26.589,0.3122766,1.138694,-0.6694673,0.572674,-0.5909868,0.3449754,0.4514101,
1,9,26.591,0.3122766,1.138694,-0.6694673,0.572674,-0.5909868,0.3449754,0.4514101,
1,9,26.593,0.3123778,1.138663,-0.6693221,0.572517,-0.5910535,0.3449416,0.4515477,
1,9,26.595,0.3123778,1.138663,-0.6693221,0.572517,-0.5910535,0.3449416,0.4515477,
1,9,26.597,0.3123778,1.138663,-0.6693221,0.572517,-0.5910535,0.3449416,0.4515477,
1,9,26.599,0.3123778,1.138663,-0.6693221,0.572517,-0.5910535,0.3449416,0.4515477,
1,9,26.601,0.3125056,1.138682,-0.6690828,0.5723218,-0.5910782,0.3449945,0.4517225,
1,9,26.603,0.3125056,1.138682,-0.6690828,0.5723218,-0.5910782,0.3449945,0.4517225,
1,9,26.605,0.3125056,1.138682,-0.6690828,0.5723218,-0.5910782,0.3449945,0.4517225,
1,9,26.607,0.3125056,1.138682,-0.6690828,0.5723218,-0.5910782,0.3449945,0.4517225,
1,9,26.609,0.3125192,1.138573,-0.6690816,0.572132,-0.5910971,0.3448192,0.4520716,
1,9,26.611,0.3125192,1.138573,-0.6690816,0.572132,-0.5910971,0.3448192,0.4520716,
1,9,26.613,0.3125192,1.138573,-0.6690816,0.572132,-0.5910971,0.3448192,0.4520716,
1,9,26.615,0.3125192,1.138573,-0.6690816,0.572132,-0.5910971,0.3448192,0.4520716,
1,9,26.617,0.3125192,1.138573,-0.6690816,0.572132,-0.5910971,0.3448192,0.4520716,
1,9,26.619,0.3125752,1.138352,-0.6689993,0.5717856,-0.5910619,0.3447979,0.4525721,
1,9,26.621,0.3125752,1.138352,-0.6689993,0.5717856,-0.5910619,0.3447979,0.4525721,
1,9,26.623,0.3125752,1.138352,-0.6689993,0.5717856,-0.5910619,0.3447979,0.4525721,
1,9,26.625,0.3125752,1.138352,-0.6689993,0.5717856,-0.5910619,0.3447979,0.4525721,
1,9,26.627,0.3127274,1.138174,-0.6687349,0.5712574,-0.5908161,0.3450596,0.4533598,
1,9,26.629,0.3127274,1.138174,-0.6687349,0.5712574,-0.5908161,0.3450596,0.4533598,
1,9,26.631,0.3127274,1.138174,-0.6687349,0.5712574,-0.5908161,0.3450596,0.4533598,
1,9,26.633,0.3127274,1.138174,-0.6687349,0.5712574,-0.5908161,0.3450596,0.4533598,
1,9,26.635,0.3127996,1.138111,-0.6685382,0.5709375,-0.5905708,0.3453263,0.4538791,
1,9,26.637,0.3127996,1.138111,-0.6685382,0.5709375,-0.5905708,0.3453263,0.4538791,
1,9,26.639,0.3127996,1.138111,-0.6685382,0.5709375,-0.5905708,0.3453263,0.4538791,
1,9,26.641,0.3127996,1.138111,-0.6685382,0.5709375,-0.5905708,0.3453263,0.4538791,
1,9,26.643,0.3128587,1.137997,-0.6684035,0.5706768,-0.5903518,0.3455059,0.4543549,
1,9,26.645,0.3128587,1.137997,-0.6684035,0.5706768,-0.5903518,0.3455059,0.4543549,
1,9,26.647,0.3128587,1.137997,-0.6684035,0.5706768,-0.5903518,0.3455059,0.4543549,
1,9,26.649,0.3128587,1.137997,-0.6684035,0.5706768,-0.5903518,0.3455059,0.4543549,
1,9,26.651,0.3128711,1.137813,-0.6683591,0.5705168,-0.5902582,0.34546,0.4547122,
1,9,26.653,0.3128711,1.137813,-0.6683591,0.5705168,-0.5902582,0.34546,0.4547122,
1,9,26.655,0.3128711,1.137813,-0.6683591,0.5705168,-0.5902582,0.34546,0.4547122,
1,9,26.657,0.3128711,1.137813,-0.6683591,0.5705168,-0.5902582,0.34546,0.4547122,
1,9,26.659,0.3128865,1.13764,-0.6682935,0.5704486,-0.5902332,0.345332,0.4549275,
1,9,26.661,0.3128865,1.13764,-0.6682935,0.5704486,-0.5902332,0.345332,0.4549275,
1,9,26.663,0.3128865,1.13764,-0.6682935,0.5704486,-0.5902332,0.345332,0.4549275,
1,9,26.665,0.3128865,1.13764,-0.6682935,0.5704486,-0.5902332,0.345332,0.4549275,
1,9,26.667,0.3128865,1.13764,-0.6682935,0.5704486,-0.5902332,0.345332,0.4549275,
1,9,26.669,0.3129109,1.137545,-0.6682783,0.5705347,-0.5902093,0.3451242,0.4550083,
1,9,26.671,0.3129109,1.137545,-0.6682783,0.5705347,-0.5902093,0.3451242,0.4550083,
1,9,26.673,0.3129109,1.137545,-0.6682783,0.5705347,-0.5902093,0.3451242,0.4550083,
1,9,26.675,0.3129109,1.137545,-0.6682783,0.5705347,-0.5902093,0.3451242,0.4550083,
1,9,26.677,0.3128995,1.137448,-0.6681888,0.5706295,-0.5901861,0.344979,0.4550295,
1,9,26.679,0.3128995,1.137448,-0.6681888,0.5706295,-0.5901861,0.344979,0.4550295,
1,9,26.681,0.3128995,1.137448,-0.6681888,0.5706295,-0.5901861,0.344979,0.4550295,
1,9,26.683,0.3128995,1.137448,-0.6681888,0.5706295,-0.5901861,0.344979,0.4550295,
1,9,26.685,0.3128839,1.137457,-0.6681516,0.5708449,-0.5901237,0.3448046,0.4549725,
1,9,26.687,0.3128839,1.137457,-0.6681516,0.5708449,-0.5901237,0.3448046,0.4549725,
1,9,26.689,0.3128839,1.137457,-0.6681516,0.5708449,-0.5901237,0.3448046,0.4549725,
1,9,26.691,0.3128839,1.137457,-0.6681516,0.5708449,-0.5901237,0.3448046,0.4549725,
1,9,26.693,0.3128558,1.137489,-0.6681484,0.57113,-0.5900356,0.3446187,0.4548699,
1,9,26.695,0.3128558,1.137489,-0.6681484,0.57113,-0.5900356,0.3446187,0.4548699,
1,9,26.697,0.3128558,1.137489,-0.6681484,0.57113,-0.5900356,0.3446187,0.4548699,
1,9,26.699,0.3128558,1.137489,-0.6681484,0.57113,-0.5900356,0.3446187,0.4548699,
1,9,26.701,0.3128166,1.137658,-0.6680887,0.5716277,-0.5899231,0.3444009,0.4545552,
1,9,26.703,0.3128166,1.137658,-0.6680887,0.5716277,-0.5899231,0.3444009,0.4545552,
1,9,26.705,0.3128166,1.137658,-0.6680887,0.5716277,-0.5899231,0.3444009,0.4545552,
1,9,26.707,0.3128166,1.137658,-0.6680887,0.5716277,-0.5899231,0.3444009,0.4545552,
1,9,26.709,0.3127515,1.137722,-0.6680954,0.5718479,-0.5898244,0.3442874,0.4544925,
1,9,26.711,0.3127515,1.137722,-0.6680954,0.5718479,-0.5898244,0.3442874,0.4544925,
1,9,26.713,0.3127515,1.137722,-0.6680954,0.5718479,-0.5898244,0.3442874,0.4544925,
1,9,26.715,0.3127515,1.137722,-0.6680954,0.5718479,-0.5898244,0.3442874,0.4544925,
1,9,26.717,0.3127515,1.137722,-0.6680954,0.5718479,-0.5898244,0.3442874,0.4544925,
1,9,26.719,0.312724,1.137773,-0.6681629,0.5720333,-0.5897109,0.3441827,0.4544857,
1,9,26.721,0.312724,1.137773,-0.6681629,0.5720333,-0.5897109,0.3441827,0.4544857,
1,9,26.723,0.312724,1.137773,-0.6681629,0.5720333,-0.5897109,0.3441827,0.4544857,
1,9,26.725,0.312724,1.137773,-0.6681629,0.5720333,-0.5897109,0.3441827,0.4544857,
1,9,26.727,0.312735,1.137836,-0.6682554,0.57219,-0.5895784,0.3440902,0.4545304,
1,9,26.729,0.312735,1.137836,-0.6682554,0.57219,-0.5895784,0.3440902,0.4545304,
1,9,26.731,0.312735,1.137836,-0.6682554,0.57219,-0.5895784,0.3440902,0.4545304,
1,9,26.733,0.312735,1.137836,-0.6682554,0.57219,-0.5895784,0.3440902,0.4545304,
1,9,26.735,0.3127989,1.137871,-0.668322,0.5722557,-0.5894901,0.3440275,0.4546098,
1,9,26.737,0.3127989,1.137871,-0.668322,0.5722557,-0.5894901,0.3440275,0.4546098,
1,9,26.739,0.3127989,1.137871,-0.668322,0.5722557,-0.5894901,0.3440275,0.4546098,
1,9,26.741,0.3127989,1.137871,-0.668322,0.5722557,-0.5894901,0.3440275,0.4546098,
1,9,26.743,0.3128753,1.137864,-0.6684638,0.5722763,-0.5894355,0.3439137,0.4547406,
1,9,26.745,0.3128753,1.137864,-0.6684638,0.5722763,-0.5894355,0.3439137,0.4547406,
1,9,26.747,0.3128753,1.137864,-0.6684638,0.5722763,-0.5894355,0.3439137,0.4547406,
1,9,26.749,0.3128753,1.137864,-0.6684638,0.5722763,-0.5894355,0.3439137,0.4547406,
1,9,26.751,0.3129778,1.137849,-0.6686116,0.5722373,-0.5894472,0.3438237,0.4548425,
1,9,26.753,0.3129778,1.137849,-0.6686116,0.5722373,-0.5894472,0.3438237,0.4548425,
1,9,26.755,0.3129778,1.137849,-0.6686116,0.5722373,-0.5894472,0.3438237,0.4548425,CourtEnter
1,9,26.757,0.3129778,1.137849,-0.6686116,0.5722373,-0.5894472,0.3438237,0.4548425,
1,9,26.759,0.3130692,1.13775,-0.6687216,0.5720652,-0.5895131,0.3438074,0.4549859,
1,9,26.761,0.3130692,1.13775,-0.6687216,0.5720652,-0.5895131,0.3438074,0.4549859,
1,9,26.763,0.3130692,1.13775,-0.6687216,0.5720652,-0.5895131,0.3438074,0.4549859,
1,9,26.765,0.3130692,1.13775,-0.6687216,0.5720652,-0.5895131,0.3438074,0.4549859,
1,9,26.767,0.3130692,1.13775,-0.6687216,0.5720652,-0.5895131,0.3438074,0.4549859,CourtExit
1,9,26.769,0.3132057,1.137745,-0.6688573,0.5719141,-0.5895851,0.3438763,0.4550307,
1,9,26.771,0.3132057,1.137745,-0.6688573,0.5719141,-0.5895851,0.3438763,0.4550307,
1,9,26.773,0.3132057,1.137745,-0.6688573,0.5719141,-0.5895851,0.3438763,0.4550307,
1,9,26.775,0.3132057,1.137745,-0.6688573,0.5719141,-0.5895851,0.3438763,0.4550307,
1,9,26.777,0.3133428,1.137672,-0.6689789,0.5713888,-0.5896941,0.344264,0.4552561,
1,9,26.779,0.3133428,1.137672,-0.6689789,0.5713888,-0.5896941,0.344264,0.4552561,
1,9,26.781,0.3133428,1.137672,-0.6689789,0.5713888,-0.5896941,0.344264,0.4552561,
1,9,26.783,0.3133428,1.137672,-0.6689789,0.5713888,-0.5896941,0.344264,0.4552561,
1,9,26.785,0.3134075,1.137574,-0.6690745,0.5708631,-0.5897204,0.3446953,0.455555,
1,9,26.787,0.3134075,1.137574,-0.6690745,0.5708631,-0.5897204,0.3446953,0.455555,
1,9,26.789,0.3134075,1.137574,-0.6690745,0.5708631,-0.5897204,0.3446953,0.455555,
1,9,26.791,0.3134075,1.137574,-0.6690745,0.5708631,-0.5897204,0.3446953,0.455555,
1,9,26.793,0.3134556,1.137548,-0.6692368,0.5703576,-0.5897008,0.3451713,0.455853,
1,9,26.795,0.3134556,1.137548,-0.6692368,0.5703576,-0.5897008,0.3451713,0.455853,
1,9,26.797,0.3134556,1.137548,-0.6692368,0.5703576,-0.5897008,0.3451713,0.455853,
1,9,26.799,0.3134556,1.137548,-0.6692368,0.5703576,-0.5897008,0.3451713,0.455853,
1,9,26.801,0.3135391,1.13753,-0.6693563,0.5697731,-0.5896937,0.3457442,0.4561588,
1,9,26.803,0.3135391,1.13753,-0.6693563,0.5697731,-0.5896937,0.3457442,0.4561588,
1,9,26.805,0.3135391,1.13753,-0.6693563,0.5697731,-0.5896937,0.3457442,0.4561588,
1,9,26.807,0.3135391,1.13753,-0.6693563,0.5697731,-0.5896937,0.3457442,0.4561588,
1,9,26.809,0.3135969,1.13753,-0.669417,0.5691921,-0.5897809,0.3463209,0.4563341,
1,9,26.811,0.3135969,1.13753,-0.669417,0.5691921,-0.5897809,0.3463209,0.4563341,
1,9,26.813,0.3135969,1.13753,-0.669417,0.5691921,-0.5897809,0.3463209,0.4563341,
1,9,26.815,0.3135969,1.13753,-0.669417,0.5691921,-0.5897809,0.3463209,0.4563341,
1,9,26.817,0.3135969,1.13753,-0.669417,0.5691921,-0.5897809,0.3463209,0.4563341,
1,9,26.819,0.3137023,1.137484,-0.6694279,0.5685624,-0.5900971,0.3468044,0.4563432,
1,9,26.821,0.3137023,1.137484,-0.6694279,0.5685624,-0.5900971,0.3468044,0.4563432,
1,9,26.823,0.3137023,1.137484,-0.6694279,0.5685624,-0.5900971,0.3468044,0.4563432,
1,9,26.825,0.3137023,1.137484,-0.6694279,0.5685624,-0.5900971,0.3468044,0.4563432,
1,9,26.827,0.313723,1.137086,-0.6695563,0.5678731,-0.5907109,0.3468769,0.4563521,
1,9,26.829,0.313723,1.137086,-0.6695563,0.5678731,-0.5907109,0.3468769,0.4563521,
1,9,26.831,0.313723,1.137086,-0.6695563,0.5678731,-0.5907109,0.3468769,0.4563521,
1,9,26.833,0.313723,1.137086,-0.6695563,0.5678731,-0.5907109,0.3468769,0.4563521,
1,9,26.835,0.3137778,1.136909,-0.6699201,0.5673766,-0.5911466,0.3468938,0.4563927,
1,9,26.837,0.3137778,1.136909,-0.6699201,0.5673766,-0.5911466,0.3468938,0.4563927,
1,9,26.839,0.3137778,1.136909,-0.6699201,0.5673766,-0.5911466,0.3468938,0.4563927,
1,9,26.841,0.3137778,1.136909,-0.6699201,0.5673766,-0.5911466,0.3468938,0.4563927,
1,9,26.843,0.3139116,1.136919,-0.6702176,0.5669262,-0.5914931,0.3470261,0.4564028,
1,9,26.845,0.3139116,1.136919,-0.6702176,0.5669262,-0.5914931,0.3470261,0.4564028,
1,9,26.847,0.3139116,1.136919,-0.6702176,0.5669262,-0.5914931,0.3470261,0.4564028,
1,9,26.849,0.3139116,1.136919,-0.6702176,0.5669262,-0.5914931,0.3470261,0.4564028,
1,9,26.851,0.3140787,1.137128,-0.6705036,0.5661295,-0.5918346,0.347559,0.4565434,
1,9,26.853,0.3140787,1.137128,-0.6705036,0.5661295,-0.5918346,0.347559,0.4565434,
1,9,26.855,0.3140787,1.137128,-0.6705036,0.5661295,-0.5918346,0.347559,0.4565434,
1,9,26.857,0.3140787,1.137128,-0.6705036,0.5661295,-0.5918346,0.347559,0.4565434,
1,9,26.859,0.3142408,1.137403,-0.670417,0.5655419,-0.5920925,0.3481647,0.4564758,
1,9,26.861,0.3142408,1.137403,-0.670417,0.5655419,-0.5920925,0.3481647,0.4564758,
1,9,26.863,0.3142408,1.137403,-0.670417,0.5655419,-0.5920925,0.3481647,0.4564758,
1,9,26.865,0.3142408,1.137403,-0.670417,0.5655419,-0.5920925,0.3481647,0.4564758,
1,9,26.867,0.3142408,1.137403,-0.670417,0.5655419,-0.5920925,0.3481647,0.4564758,
1,9,26.869,0.3143755,1.137519,-0.6704888,0.5649129,-0.5923773,0.3485458,0.4565944,
1,9,26.871,0.3143755,1.137519,-0.6704888,0.5649129,-0.5923773,0.3485458,0.4565944,
1,9,26.873,0.3143755,1.137519,-0.6704888,0.5649129,-0.5923773,0.3485458,0.4565944,
1,9,26.875,0.3143755,1.137519,-0.6704888,0.5649129,-0.5923773,0.3485458,0.4565944,
1,9,26.877,0.3144664,1.137604,-0.6706642,0.5643774,-0.5926049,0.3487725,0.456788,
1,9,26.879,0.3144664,1.137604,-0.6706642,0.5643774,-0.5926049,0.3487725,0.456788,
1,9,26.881,0.3144664,1.137604,-0.6706642,0.5643774,-0.5926049,0.3487725,0.456788,
1,9,26.883,0.3144664,1.137604,-0.6706642,0.5643774,-0.5926049,0.3487725,0.456788,
1,9,26.885,0.3145385,1.137537,-0.6708857,0.5637512,-0.59289,0.3488695,0.4571172,
1,9,26.887,0.3145385,1.137537,-0.6708857,0.5637512,-0.59289,0.3488695,0.4571172,
1,9,26.889,0.3145385,1.137537,-0.6708857,0.5637512,-0.59289,0.3488695,0.4571172,
1,9,26.891,0.3145385,1.137537,-0.6708857,0.5637512,-0.59289,0.3488695,0.4571172,
1,9,26.893,0.3146268,1.137494,-0.6710447,0.5630667,-0.5932891,0.3489543,0.4573783,
1,9,26.895,0.3146268,1.137494,-0.6710447,0.5630667,-0.5932891,0.3489543,0.4573783,
1,9,26.897,0.3146268,1.137494,-0.6710447,0.5630667,-0.5932891,0.3489543,0.4573783,
1,9,26.899,0.3146268,1.137494,-0.6710447,0.5630667,-0.5932891,0.3489543,0.4573783,
1,9,26.901,0.3146657,1.137641,-0.6712177,0.562462,-0.5934772,0.3491307,0.4577433,
1,9,26.903,0.3146657,1.137641,-0.6712177,0.562462,-0.5934772,0.3491307,0.4577433,
1,9,26.905,0.3146657,1.137641,-0.6712177,0.562462,-0.5934772,0.3491307,0.4577433,
1,9,26.907,0.3146657,1.137641,-0.6712177,0.562462,-0.5934772,0.3491307,0.4577433,
1,9,26.909,0.3147358,1.137839,-0.6713216,0.5618494,-0.5935606,0.3494061,0.4581775,
1,9,26.911,0.3147358,1.137839,-0.6713216,0.5618494,-0.5935606,0.3494061,0.4581775,
1,9,26.913,0.3147358,1.137839,-0.6713216,0.5618494,-0.5935606,0.3494061,0.4581775,
1,9,26.915,0.3147358,1.137839,-0.6713216,0.5618494,-0.5935606,0.3494061,0.4581775,
1,9,26.917,0.3147358,1.137839,-0.6713216,0.5618494,-0.5935606,0.3494061,0.4581775,
1,9,26.919,0.3147146,1.137771,-0.6713982,0.5611075,-0.5938107,0.3495409,0.4586595,
1,9,26.921,0.3147146,1.137771,-0.6713982,0.5611075,-0.5938107,0.3495409,0.4586595,
1,9,26.923,0.3147146,1.137771,-0.6713982,0.5611075,-0.5938107,0.3495409,0.4586595,
1,9,26.925,0.3147146,1.137771,-0.6713982,0.5611075,-0.5938107,0.3495409,0.4586595,
1,9,26.927,0.3146924,1.137627,-0.6715326,0.5601256,-0.5941615,0.3495912,0.4593664,
1,9,26.929,0.3146924,1.137627,-0.6715326,0.5601256,-0.5941615,0.3495912,0.4593664,
1,9,26.931,0.3146924,1.137627,-0.6715326,0.5601256,-0.5941615,0.3495912,0.4593664,
1,9,26.933,0.3146924,1.137627,-0.6715326,0.5601256,-0.5941615,0.3495912,0.4593664,
1,9,26.935,0.3146529,1.13756,-0.6717028,0.5596698,-0.5944138,0.3494141,0.4597302,
1,9,26.937,0.3146529,1.13756,-0.6717028,0.5596698,-0.5944138,0.3494141,0.4597302,
1,9,26.939,0.3146529,1.13756,-0.6717028,0.5596698,-0.5944138,0.3494141,0.4597302,
1,9,26.941,0.3146529,1.13756,-0.6717028,0.5596698,-0.5944138,0.3494141,0.4597302,
1,9,26.943,0.314669,1.137624,-0.6717995,0.5592837,-0.5946278,0.349292,0.4600158,
1,9,26.945,0.314669,1.137624,-0.6717995,0.5592837,-0.5946278,0.349292,0.4600158,
1,9,26.947,0.314669,1.137624,-0.6717995,0.5592837,-0.5946278,0.349292,0.4600158,
1,9,26.949,0.314669,1.137624,-0.6717995,0.5592837,-0.5946278,0.349292,0.4600158,
1,9,26.951,0.3146762,1.137663,-0.6718833,0.5589383,-0.5948856,0.3490873,0.4602578,
1,9,26.953,0.3146762,1.137663,-0.6718833,0.5589383,-0.5948856,0.3490873,0.4602578,
1,9,26.955,0.3146762,1.137663,-0.6718833,0.5589383,-0.5948856,0.3490873,0.4602578,
1,9,26.957,0.3146762,1.137663,-0.6718833,0.5589383,-0.5948856,0.3490873,0.4602578,
1,9,26.959,0.3146676,1.137872,-0.6720133,0.558649,-0.5950007,0.3489833,0.460539,
1,9,26.961,0.3146676,1.137872,-0.6720133,0.558649,-0.5950007,0.3489833,0.460539,
1,9,26.963,0.3146676,1.137872,-0.6720133,0.558649,-0.5950007,0.3489833,0.460539,
1,9,26.965,0.3146676,1.137872,-0.6720133,0.558649,-0.5950007,0.3489833,0.460539,
1,9,26.967,0.3146676,1.137872,-0.6720133,0.558649,-0.5950007,0.3489833,0.460539,
1,9,26.969,0.3146213,1.138051,-0.6721461,0.5584446,-0.5951855,0.3487718,0.4607083,
1,9,26.971,0.3146213,1.138051,-0.6721461,0.5584446,-0.5951855,0.3487718,0.4607083,
1,9,26.973,0.3146213,1.138051,-0.6721461,0.5584446,-0.5951855,0.3487718,0.4607083,
1,9,26.975,0.3146213,1.138051,-0.6721461,0.5584446,-0.5951855,0.3487718,0.4607083,
1,9,26.977,0.3146088,1.138273,-0.6723105,0.5583447,-0.5953557,0.3485183,0.4608012,
1,9,26.979,0.3146088,1.138273,-0.6723105,0.5583447,-0.5953557,0.3485183,0.4608012,
1,9,26.981,0.3146088,1.138273,-0.6723105,0.5583447,-0.5953557,0.3485183,0.4608012,
1,9,26.983,0.3146088,1.138273,-0.6723105,0.5583447,-0.5953557,0.3485183,0.4608012,
1,9,26.985,0.3146035,1.138407,-0.6723992,0.5581905,-0.5955911,0.3482809,0.4608635,
1,9,26.987,0.3146035,1.138407,-0.6723992,0.5581905,-0.5955911,0.3482809,0.4608635,
1,9,26.989,0.3146035,1.138407,-0.6723992,0.5581905,-0.5955911,0.3482809,0.4608635,
1,9,26.991,0.3146035,1.138407,-0.6723992,0.5581905,-0.5955911,0.3482809,0.4608635,
1,9,26.993,0.3145961,1.138481,-0.6725306,0.5579749,-0.5957567,0.3481363,0.4610197,
1,9,26.995,0.3145961,1.138481,-0.6725306,0.5579749,-0.5957567,0.3481363,0.4610197,
1,9,26.997,0.3145961,1.138481,-0.6725306,0.5579749,-0.5957567,0.3481363,0.4610197,
1,9,26.999,0.3145961,1.138481,-0.6725306,0.5579749,-0.5957567,0.3481363,0.4610197,
1,10,27.001,0.3145663,1.138431,-0.6727834,0.5576154,-0.5960616,0.3478712,0.4612605,TrialStart
1,10,27.003,0.3145663,1.138431,-0.6727834,0.5576154,-0.5960616,0.3478712,0.4612605,
1,10,27.005,0.3145663,1.138431,-0.6727834,0.5576154,-0.5960616,0.3478712,0.4612605,
1,10,27.007,0.3145663,1.138431,-0.6727834,0.5576154,-0.5960616,0.3478712,0.4612605,
1,10,27.009,0.3145365,1.138315,-0.6729575,0.557347,-0.5962301,0.3477555,0.4614544,
1,10,27.011,0.3145365,1.138315,-0.6729575,0.557347,-0.5962301,0.3477555,0.4614544,
1,10,27.013,0.3145365,1.138315,-0.6729575,0.557347,-0.5962301,0.3477555,0.4614544,
1,10,27.015,0.3145365,1.138315,-0.6729575,0.557347,-0.5962301,0.3477555,0.4614544,
1,10,27.017,0.3145365,1.138315,-0.6729575,0.557347,-0.5962301,0.3477555,0.4614544,
1,10,27.019,0.3145486,1.138243,-0.6731604,0.5570779,-0.5962973,0.3477625,0.461687,
1,10,27.021,0.3145486,1.138243,-0.6731604,0.5570779,-0.5962973,0.3477625,0.461687,
1,10,27.023,0.3145486,1.138243,-0.6731604,0.5570779,-0.5962973,0.3477625,0.461687,
1,10,27.025,0.3145486,1.138243,-0.6731604,0.5570779,-0.5962973,0.3477625,0.461687,
1,10,27.027,0.3145752,1.138127,-0.6733223,0.5567783,-0.5963249,0.3478832,0.4619218,
1,10,27.029,0.3145752,1.138127,-0.6733223,0.5567783,-0.5963249,0.3478832,0.4619218,
1,10,27.031,0.3145752,1.138127,-0.6733223,0.5567783,-0.5963249,0.3478832,0.4619218,
1,10,27.033,0.3145752,1.138127,-0.6733223,0.5567783,-0.5963249,0.3478832,0.4619218,
1,10,27.035,0.3146064,1.138051,-0.6734452,0.556433,-0.5962711,0.3482013,0.4621678,
1,10,27.037,0.3146064,1.138051,-0.6734452,0.556433,-0.5962711,0.3482013,0.4621678,
1,10,27.039,0.3146064,1.138051,-0.6734452,0.556433,-0.5962711,0.3482013,0.4621678,
1,10,27.041,0.3146064,1.138051,-0.6734452,0.556433,-0.5962711,0.3482013,0.4621678,
1,10,27.043,0.3146103,1.137949,-0.6736351,0.5561373,-0.5962072,0.3485337,0.4623554,
1,10,27.045,0.3146103,1.137949,-0.6736351,0.5561373,-0.5962072,0.3485337,0.4623554,
1,10,27.047,0.3146103,1.137949,-0.6736351,0.5561373,-0.5962072,0.3485337,0.4623554,
1,10,27.049,0.3146103,1.137949,-0.6736351,0.5561373,-0.5962072,0.3485337,0.4623554,
1,10,27.051,0.3146103,1.137891,-0.6737607,0.5559013,-0.5961755,0.3489261,0.4623841,
1,10,27.053,0.3146103,1.137891,-0.6737607,0.5559013,-0.5961755,0.3489261,0.4623841,
1,10,27.055,0.3146103,1.137891,-0.6737607,0.5559013,-0.5961755,0.3489261,0.4623841,
1,10,27.057,0.3146103,1.137891,-0.6737607,0.5559013,-0.5961755,0.3489261,0.4623841,
1,10,27.059,0.3146144,1.137801,-0.6737996,0.5556839,-0.5961974,0.3493559,0.4622928,
1,10,27.061,0.3146144,1.137801,-0.6737996,0.5556839,-0.5961974,0.3493559,0.4622928,
1,10,27.063,0.3146144,1.137801,-0.6737996,0.5556839,-0.5961974,0.3493559,0.4622928,
1,10,27.065,0.3146144,1.137801,-0.6737996,0.5556839,-0.5961974,0.3493559,0.4622928,
1,10,27.067,0.3146144,1.137801,-0.6737996,0.5556839,-0.5961974,0.3493559,0.4622928,
1,10,27.069,0.3146391,1.137864,-0.6737766,0.5556331,-0.5962763,0.3498188,0.4619017,
1,10,27.071,0.3146391,1.137864,-0.6737766,0.5556331,-0.5962763,0.3498188,0.4619017,
1,10,27.073,0.3146391,1.137864,-0.6737766,0.5556331,-0.5962763,0.3498188,0.4619017,
1,10,27.075,0.3146391,1.137864,-0.6737766,0.5556331,-0.5962763,0.3498188,0.4619017,
1,10,27.077,0.3146154,1.137634,-0.6737256,0.5552604,-0.596383,0.3505419,0.4616642,
1,10,27.079,0.3146154,1.137634,-0.6737256,0.5552604,-0.596383,0.3505419,0.4616642,
1,10,27.081,0.3146154,1.137634,-0.6737256,0.5552604,-0.596383,0.3505419,0.4616642,
1,10,27.083,0.3146154,1.137634,-0.6737256,0.5552604,-0.596383,0.3505419,0.4616642,
1,10,27.085,0.3145407,1.137448,-0.6738602,0.5550538,-0.5962876,0.3509593,0.4617186,
1,10,27.087,0.3145407,1.137448,-0.6738602,0.5550538,-0.5962876,0.3509593,0.4617186,
1,10,27.089,0.3145407,1.137448,-0.6738602,0.5550538,-0.5962876,0.3509593,0.4617186,
1,10,27.091,0.3145407,1.137448,-0.6738602,0.5550538,-0.5962876,0.3509593,0.4617186,
1,10,27.093,0.3144545,1.137307,-0.6739822,0.5548738,-0.5961578,0.3513795,0.461783,
1,10,27.095,0.3144545,1.137307,-0.6739822,0.5548738,-0.5961578,0.3513795,0.461783,
1,10,27.097,0.3144545,1.137307,-0.6739822,0.5548738,-0.5961578,0.3513795,0.461783,
1,10,27.099,0.3144545,1.137307,-0.6739822,0.5548738,-0.5961578,0.3513795,0.461783,
1,10,27.101,0.3143963,1.137225,-0.6740921,0.5547313,-0.5959805,0.3518073,0.4618573,
1,10,27.103,0.3143963,1.137225,-0.6740921,0.5547313,-0.5959805,0.3518073,0.4618573,
1,10,27.105,0.3143963,1.137225,-0.6740921,0.5547313,-0.5959805,0.3518073,0.4618573,
1,10,27.107,0.3143963,1.137225,-0.6740921,0.5547313,-0.5959805,0.3518073,0.4618573,
1,10,27.109,0.3143783,1.137301,-0.6741376,0.5547112,-0.5958077,0.3522033,0.4618024,
1,10,27.111,0.3143783,1.137301,-0.6741376,0.5547112,-0.5958077,0.3522033,0.4618024,
1,10,27.113,0.3143783,1.137301,-0.6741376,0.5547112,-0.5958077,0.3522033,0.4618024,
1,10,27.115,0.3143783,1.137301,-0.6741376,0.5547112,-0.5958077,0.3522033,0.4618024,
1,10,27.117,0.3143783,1.137301,-0.6741376,0.5547112,-0.5958077,0.3522033,0.4618024,
1,10,27.119,0.3143333,1.13739,-0.6742094,0.5547403,-0.5956997,0.3524343,0.4617306,
1,10,27.121,0.3143333,1.13739,-0.6742094,0.5547403,-0.5956997,0.3524343,0.4617306,
1,10,27.123,0.3143333,1.13739,-0.6742094,0.5547403,-0.5956997,0.3524343,0.4617306,
1,10,27.125,0.3143333,1.13739,-0.6742094,0.5547403,-0.5956997,0.3524343,0.4617306,
1,10,27.127,0.3142998,1.137522,-0.6743547,0.5548325,-0.5956393,0.3525199,0.4616325,
1,10,27.129,0.3142998,1.137522,-0.6743547,0.5548325,-0.5956393,0.3525199,0.4616325,
1,10,27.131,0.3142998,1.137522,-0.6743547,0.5548325,-0.5956393,0.3525199,0.4616325,
1,10,27.133,0.3142998,1.137522,-0.6743547,0.5548325,-0.5956393,0.3525199,0.4616325,
1,10,27.135,0.3142676,1.137583,-0.6745054,0.5549569,-0.5956773,0.3524411,0.461494,
1,10,27.137,0.3142676,1.137583,-0.6745054,0.5549569,-0.5956773,0.3524411,0.461494,
1,10,27.139,0.3142676,1.137583,-0.6745054,0.5549569,-0.5956773,0.3524411,0.461494,
1,10,27.141,0.3142676,1.137583,-0.6745054,0.5549569,-0.5956773,0.3524411,0.461494,
1,10,27.143,0.3142109,1.137709,-0.6746398,0.5550557,-0.5957071,0.3523596,0.461399,
1,10,27.145,0.3142109,1.137709,-0.6746398,0.5550557,-0.5957071,0.3523596,0.461399,
1,10,27.147,0.3142109,1.137709,-0.6746398,0.5550557,-0.5957071,0.3523596,0.461399,
1,10,27.149,0.3142109,1.137709,-0.6746398,0.5550557,-0.5957071,0.3523596,0.461399,
1,10,27.151,0.3141705,1.137901,-0.6748928,0.5551635,-0.5957547,0.352196,0.4613326,
1,10,27.153,0.3141705,1.137901,-0.6748928,0.5551635,-0.5957547,0.352196,0.4613326,
1,10,27.155,0.3141705,1.137901,-0.6748928,0.5551635,-0.5957547,0.352196,0.4613326,
1,10,27.157,0.3141705,1.137901,-0.6748928,0.5551635,-0.5957547,0.352196,0.4613326,
1,10,27.159,0.3141499,1.138036,-0.6751567,0.555203,-0.5958012,0.3520249,0.4613558,
1,10,27.161,0.3141499,1.138036,-0.6751567,0.555203,-0.5958012,0.3520249,0.4613558,
1,10,27.163,0.3141499,1.138036,-0.6751567,0.555203,-0.5958012,0.3520249,0.4613558,
1,10,27.165,0.3141499,1.138036,-0.6751567,0.555203,-0.5958012,0.3520249,0.4613558,
1,10,27.167,0.3141499,1.138036,-0.6751567,0.555203,-0.5958012,0.3520249,0.4613558,
1,10,27.169,0.3141618,1.13814,-0.6753657,0.5551835,-0.5959082,0.3518571,0.461369,
1,10,27.171,0.3141618,1.13814,-0.6753657,0.5551835,-0.5959082,0.3518571,0.461369,
1,10,27.173,0.3141618,1.13814,-0.6753657,0.5551835,-0.5959082,0.3518571,0.461369,
1,10,27.175,0.3141618,1.13814,-0.6753657,0.5551835,-0.5959082,0.3518571,0.461369,
1,10,27.177,0.3141851,1.138278,-0.6755739,0.5551177,-0.5960401,0.3517309,0.4613738,
1,10,27.179,0.3141851,1.138278,-0.6755739,0.5551177,-0.5960401,0.3517309,0.4613738,
1,10,27.181,0.3141851,1.138278,-0.6755739,0.5551177,-0.5960401,0.3517309,0.4613738,
1,10,27.183,0.3141851,1.138278,-0.6755739,0.5551177,-0.5960401,0.3517309,0.4613738,
1,10,27.185,0.314161,1.138522,-0.6758719,0.5550631,-0.5961615,0.3516319,0.4613583,
1,10,27.187,0.314161,1.138522,-0.6758719,0.5550631,-0.5961615,0.3516319,0.4613583,
1,10,27.189,0.314161,1.138522,-0.6758719,0.5550631,-0.5961615,0.3516319,0.4613583,
1,10,27.191,0.314161,1.138522,-0.6758719,0.5550631,-0.5961615,0.3516319,0.4613583,
1,10,27.193,0.3141652,1.138602,-0.6760777,0.5548297,-0.5964413,0.3515671,0.4613267,
1,10,27.195,0.3141652,1.138602,-0.6760777,0.5548297,-0.5964413,0.3515671,0.4613267,
1,10,27.197,0.3141652,1.138602,-0.6760777,0.5548297,-0.5964413,0.3515671,0.4613267,
1,10,27.199,0.3141652,1.138602,-0.6760777,0.5548297,-0.5964413,0.3515671,0.4613267,
1,10,27.201,0.3141901,1.138659,-0.6761719,0.5545097,-0.5967699,0.3515962,0.4612644,
1,10,27.203,0.3141901,1.138659,-0.6761719,0.5545097,-0.5967699,0.3515962,0.4612644,
1,10,27.205,0.3141901,1.138659,-0.6761719,0.5545097,-0.5967699,0.3515962,0.4612644,
1,10,27.207,0.3141901,1.138659,-0.6761719,0.5545097,-0.5967699,0.3515962,0.4612644,
1,10,27.209,0.314221,1.138752,-0.6763497,0.5541775,-0.5970432,0.3516704,0.4612536,
1,10,27.211,0.314221,1.138752,-0.6763497,0.5541775,-0.5970432,0.3516704,0.4612536,
1,10,27.213,0.314221,1.138752,-0.6763497,0.5541775,-0.5970432,0.3516704,0.4612536,
1,10,27.215,0.314221,1.138752,-0.6763497,0.5541775,-0.5970432,0.3516704,0.4612536,
1,10,27.217,0.314221,1.138752,-0.6763497,0.5541775,-0.5970432,0.3516704,0.4612536,
1,10,27.219,0.3142959,1.138687,-0.6764704,0.5536889,-0.5973495,0.3518569,0.4613014,
1,10,27.221,0.3142959,1.138687,-0.6764704,0.5536889,-0.5973495,0.3518569,0.4613014,
1,10,27.223,0.3142959,1.138687,-0.6764704,0.5536889,-0.5973495,0.3518569,0.4613014,
1,10,27.225,0.3142959,1.138687,-0.6764704,0.5536889,-0.5973495,0.3518569,0.4613014,
1,10,27.227,0.3142983,1.138213,-0.6765829,0.5526891,-0.5979852,0.3521895,0.4614229,
1,10,27.229,0.3142983,1.138213,-0.6765829,0.5526891,-0.5979852,0.3521895,0.4614229,
1,10,27.231,0.3142983,1.138213,-0.6765829,0.5526891,-0.5979852,0.3521895,0.4614229,
1,10,27.233,0.3142983,1.138213,-0.6765829,0.5526891,-0.5979852,0.3521895,0.4614229,
1,10,27.235,0.3144138,1.137904,-0.6765034,0.5519608,-0.5984287,0.3526721,0.4613511,
1,10,27.237,0.3144138,1.137904,-0.6765034,0.5519608,-0.5984287,0.3526721,0.4613511,
1,10,27.239,0.3144138,1.137904,-0.6765034,0.5519608,-0.5984287,0.3526721,0.4613511,
1,10,27.241,0.3144138,1.137904,-0.6765034,0.5519608,-0.5984287,0.3526721,0.4613511,
1,10,27.243,0.3144175,1.137626,-0.6766002,0.5514132,-0.5987942,0.3530917,0.4612107,
1,10,27.245,0.3144175,1.137626,-0.6766002,0.5514132,-0.5987942,0.3530917,0.4612107,
1,10,27.247,0.3144175,1.137626,-0.6766002,0.5514132,-0.5987942,0.3530917,0.4612107,
1,10,27.249,0.3144175,1.137626,-0.6766002,0.5514132,-0.5987942,0.3530917,0.4612107,
1,10,27.251,0.3143891,1.137388,-0.6765341,0.5508468,-0.5991194,0.3537095,0.460992,
1,10,27.253,0.3143891,1.137388,-0.6765341,0.5508468,-0.5991194,0.3537095,0.460992,
1,10,27.255,0.3143891,1.137388,-0.6765341,0.5508468,-0.5991194,0.3537095,0.460992,
1,10,27.257,0.3143891,1.137388,-0.6765341,0.5508468,-0.5991194,0.3537095,0.460992,
1,10,27.259,0.3144557,1.137208,-0.6763605,0.5503291,-0.5992838,0.3545653,0.4607389,
1,10,27.261,0.3144557,1.137208,-0.6763605,0.5503291,-0.5992838,0.3545653,0.4607389,
1,10,27.263,0.3144557,1.137208,-0.6763605,0.5503291,-0.5992838,0.3545653,0.4607389,
1,10,27.265,0.3144557,1.137208,-0.6763605,0.5503291,-0.5992838,0.3545653,0.4607389,
1,10,27.267,0.3144557,1.137208,-0.6763605,0.5503291,-0.5992838,0.3545653,0.4607389,
1,10,27.269,0.3144633,1.137037,-0.6763049,0.5499464,-0.5993186,0.3554422,0.460475,
1,10,27.271,0.3144633,1.137037,-0.6763049,0.5499464,-0.5993186,0.3554422,0.460475,
1,10,27.273,0.3144633,1.137037,-0.6763049,0.5499464,-0.5993186,0.3554422,0.460475,
1,10,27.275,0.3144633,1.137037,-0.6763049,0.5499464,-0.5993186,0.3554422,0.460475,
1,10,27.277,0.3144513,1.136832,-0.6764386,0.5497016,-0.5992969,0.3561836,0.4602226,
1,10,27.279,0.3144513,1.136832,-0.6764386,0.5497016,-0.5992969,0.3561836,0.4602226,
1,10,27.281,0.3144513,1.136832,-0.6764386,0.5497016,-0.5992969,0.3561836,0.4602226,
1,10,27.283,0.3144513,1.136832,-0.6764386,0.5497016,-0.5992969,0.3561836,0.4602226,
1,10,27.285,0.3144068,1.136531,-0.6766395,0.549532,-0.5993651,0.3567151,0.4599243,
1,10,27.287,0.3144068,1.136531,-0.6766395,0.549532,-0.5993651,0.3567151,0.4599243,
1,10,27.289,0.3144068,1.136531,-0.6766395,0.549532,-0.5993651,0.3567151,0.4599243,
1,10,27.291,0.3144068,1.136531,-0.6766395,0.549532,-0.5993651,0.3567151,0.4599243,
1,10,27.293,0.3143204,1.136192,-0.6768923,0.5494769,-0.5994194,0.3571138,0.4596099,
1,10,27.295,0.3143204,1.136192,-0.6768923,0.5494769,-0.5994194,0.3571138,0.4596099,
1,10,27.297,0.3143204,1.136192,-0.6768923,0.5494769,-0.5994194,0.3571138,0.4596099,
1,10,27.299,0.3143204,1.136192,-0.6768923,0.5494769,-0.5994194,0.3571138,0.4596099,
1,10,27.301,0.3142429,1.136044,-0.6772,0.549683,-0.599412,0.3574757,0.4590916,
1,10,27.303,0.3142429,1.136044,-0.6772,0.549683,-0.599412,0.3574757,0.4590916,
1,10,27.305,0.3142429,1.136044,-0.6772,0.549683,-0.599412,0.3574757,0.4590916,
1,10,27.307,0.3142429,1.136044,-0.6772,0.549683,-0.599412,0.3574757,0.4590916,
1,10,27.309,0.3142114,1.136136,-0.677547,0.5500891,-0.5992346,0.3578077,0.4585778,
1,10,27.311,0.3142114,1.136136,-0.677547,0.5500891,-0.5992346,0.3578077,0.4585778,
1,10,27.313,0.3142114,1.136136,-0.677547,0.5500891,-0.5992346,0.3578077,0.4585778,
1,10,27.315,0.3142114,1.136136,-0.677547,0.5500891,-0.5992346,0.3578077,0.4585778,
1,10,27.317,0.3142114,1.136136,-0.677547,0.5500891,-0.5992346,0.3578077,0.4585778,
1,10,27.319,0.3142157,1.136099,-0.6778051,0.550483,-0.5990887,0.3580754,0.4580866,
1,10,27.321,0.3142157,1.136099,-0.6778051,0.550483,-0.5990887,0.3580754,0.4580866,
1,10,27.323,0.3142157,1.136099,-0.6778051,0.550483,-0.5990887,0.3580754,0.4580866,
1,10,27.325,0.3142157,1.136099,-0.6778051,0.550483,-0.5990887,0.3580754,0.4580866,
1,10,27.327,0.3141621,1.136035,-0.6780576,0.5509615,-0.5990655,0.3581402,0.4574906,
1,10,27.329,0.3141621,1.136035,-0.6780576,0.5509615,-0.5990655,0.3581402,0.4574906,
1,10,27.331,0.3141621,1.136035,-0.6780576,0.5509615,-0.5990655,0.3581402,0.4574906,
1,10,27.333,0.3141621,1.136035,-0.6780576,0.5509615,-0.5990655,0.3581402,0.4574906,
1,10,27.335,0.3141755,1.135888,-0.6781522,0.5512975,-0.5990823,0.3582758,0.4569571,
1,10,27.337,0.3141755,1.135888,-0.6781522,0.5512975,-0.5990823,0.3582758,0.4569571,
1,10,27.339,0.3141755,1.135888,-0.6781522,0.5512975,-0.5990823,0.3582758,0.4569571,
1,10,27.341,0.3141755,1.135888,-0.6781522,0.5512975,-0.5990823,0.3582758,0.4569571,
1,10,27.343,0.3141657,1.135884,-0.6785116,0.551708,-0.5988618,0.3583867,0.4566638,
1,10,27.345,0.3141657,1.135884,-0.6785116,0.551708,-0.5988618,0.3583867,0.4566638,
1,10,27.347,0.3141657,1.135884,-0.6785116,0.551708,-0.5988618,0.3583867,0.4566638,
1,10,27.349,0.3141657,1.135884,-0.6785116,0.551708,-0.5988618,0.3583867,0.4566638,
1,10,27.351,0.3140888,1.135787,-0.6789826,0.5520329,-0.5986804,0.358344,0.4565426,
1,10,27.353,0.3140888,1.135787,-0.6789826,0.5520329,-0.5986804,0.358344,0.4565426,
1,10,27.355,0.3140888,1.135787,-0.6789826,0.5520329,-0.5986804,0.358344,0.4565426,
1,10,27.357,0.3140888,1.135787,-0.6789826,0.5520329,-0.5986804,0.358344,0.4565426,
1,10,27.359,0.3139744,1.13558,-0.6792762,0.5521748,-0.5986507,0.3582958,0.4564477,
1,10,27.361,0.3139744,1.13558,-0.6792762,0.5521748,-0.5986507,0.3582958,0.4564477,
1,10,27.363,0.3139744,1.13558,-0.6792762,0.5521748,-0.5986507,0.3582958,0.4564477,
1,10,27.365,0.3139744,1.13558,-0.6792762,0.5521748,-0.5986507,0.3582958,0.4564477,
1,10,27.367,0.3139744,1.13558,-0.6792762,0.5521748,-0.5986507,0.3582958,0.4564477,
1,10,27.369,0.3138369,1.135398,-0.6795304,0.5522841,-0.5986216,0.3582852,0.4563619,
1,10,27.371,0.3138369,1.135398,-0.6795304,0.5522841,-0.5986216,0.3582852,0.4563619,
1,10,27.373,0.3138369,1.135398,-0.6795304,0.5522841,-0.5986216,0.3582852,0.4563619,
1,10,27.375,0.3138369,1.135398,-0.6795304,0.5522841,-0.5986216,0.3582852,0.4563619,
1,10,27.377,0.3137195,1.135333,-0.6797554,0.5524413,-0.598597,0.3582991,0.456193,
1,10,27.379,0.3137195,1.135333,-0.6797554,0.5524413,-0.598597,0.3582991,0.456193,
1,10,27.381,0.3137195,1.135333,-0.6797554,0.5524413,-0.598597,0.3582991,0.456193,
1,10,27.383,0.3137195,1.135333,-0.6797554,0.5524413,-0.598597,0.3582991,0.456193,
1,10,27.385,0.3134618,1.135216,-0.6800257,0.5525826,-0.5986485,0.3583094,0.4559461,
1,10,27.387,0.3134618,1.135216,-0.6800257,0.5525826,-0.5986485,0.3583094,0.4559461,
1,10,27.389,0.3134618,1.135216,-0.6800257,0.5525826,-0.5986485,0.3583094,0.4559461,
1,10,27.391,0.3134618,1.135216,-0.6800257,0.5525826,-0.5986485,0.3583094,0.4559461,
1,10,27.393,0.3132694,1.135213,-0.6802078,0.5526571,-0.5986892,0.3583478,0.4557722,
1,10,27.395,0.3132694,1.135213,-0.6802078,0.5526571,-0.5986892,0.3583478,0.4557722,
1,10,27.397,0.3132694,1.135213,-0.6802078,0.5526571,-0.5986892,0.3583478,0.4557722,
1,10,27.399,0.3132694,1.135213,-0.6802078,0.5526571,-0.5986892,0.3583478,0.4557722,
1,10,27.401,0.3130742,1.135294,-0.6804149,0.552766,-0.5987341,0.3583721,0.4555619,
1,10,27.403,0.3130742,1.135294,-0.6804149,0.552766,-0.5987341,0.3583721,0.4555619,
1,10,27.405,0.3130742,1.135294,-0.6804149,0.552766,-0.5987341,0.3583721,0.4555619,
1,10,27.407,0.3130742,1.135294,-0.6804149,0.552766,-0.5987341,0.3583721,0.4555619,
1,10,27.409,0.3128333,1.13538,-0.6805758,0.5527802,-0.5987956,0.3584495,0.4554029,
1,10,27.411,0.3128333,1.13538,-0.6805758,0.5527802,-0.5987956,0.3584495,0.4554029,
1,10,27.413,0.3128333,1.13538,-0.6805758,0.5527802,-0.5987956,0.3584495,0.4554029,
1,10,27.415,0.3128333,1.13538,-0.6805758,0.5527802,-0.5987956,0.3584495,0.4554029,
1,10,27.417,0.3128333,1.13538,-0.6805758,0.5527802,-0.5987956,0.3584495,0.4554029,
1,10,27.419,0.3125938,1.135519,-0.6807564,0.5527943,-0.5988412,0.3585089,0.4552792,
1,10,27.421,0.3125938,1.135519,-0.6807564,0.5527943,-0.5988412,0.3585089,0.4552792,
1,10,27.423,0.3125938,1.135519,-0.6807564,0.5527943,-0.5988412,0.3585089,0.4552792,
1,10,27.425,0.3125938,1.135519,-0.6807564,0.5527943,-0.5988412,0.3585089,0.4552792,
1,10,27.427,0.3123231,1.135703,-0.680907,0.5527123,-0.5989065,0.3586202,0.4552052,
1,10,27.429,0.3123231,1.135703,-0.680907,0.5527123,-0.5989065,0.3586202,0.4552052,
1,10,27.431,0.3123231,1.135703,-0.680907,0.5527123,-0.5989065,0.3586202,0.4552052,
1,10,27.433,0.3123231,1.135703,-0.680907,0.5527123,-0.5989065,0.3586202,0.4552052,
1,10,27.435,0.312012,1.135854,-0.6810004,0.5524788,-0.5989693,0.3587622,0.4552939,
1,10,27.437,0.312012,1.135854,-0.6810004,0.5524788,-0.5989693,0.3587622,0.4552939,
1,10,27.439,0.312012,1.135854,-0.6810004,0.5524788,-0.5989693,0.3587622,0.4552939,
1,10,27.441,0.312012,1.135854,-0.6810004,0.5524788,-0.5989693,0.3587622,0.4552939,
1,10,27.443,0.3116918,1.135946,-0.6810723,0.5521958,-0.5990618,0.3588377,0.4554562,
1,10,27.445,0.3116918,1.135946,-0.6810723,0.5521958,-0.5990618,0.3588377,0.4554562,
1,10,27.447,0.3116918,1.135946,-0.6810723,0.5521958,-0.5990618,0.3588377,0.4554562,
1,10,27.449,0.3116918,1.135946,-0.6810723,0.5521958,-0.5990618,0.3588377,0.4554562,
1,10,27.451,0.3114008,1.136014,-0.6810384,0.5518484,-0.5991779,0.3588895,0.4556836,
1,10,27.453,0.3114008,1.136014,-0.6810384,0.5518484,-0.5991779,0.3588895,0.4556836,
1,10,27.455,0.3114008,1.136014,-0.6810384,0.5518484,-0.5991779,0.3588895,0.4556836,
1,10,27.457,0.3114008,1.136014,-0.6810384,0.5518484,-0.5991779,0.3588895,0.4556836,
1,10,27.459,0.3109709,1.136133,-0.6810392,0.5514624,-0.599353,0.3587176,0.4560558,
1,10,27.461,0.3109709,1.136133,-0.6810392,0.5514624,-0.599353,0.3587176,0.4560558,
1,10,27.463,0.3109709,1.136133,-0.6810392,0.5514624,-0.599353,0.3587176,0.4560558,
1,10,27.465,0.3109709,1.136133,-0.6810392,0.5514624,-0.599353,0.3587176,0.4560558,
1,10,27.467,0.3109709,1.136133,-0.6810392,0.5514624,-0.599353,0.3587176,0.4560558,
1,10,27.469,0.3107218,1.136195,-0.6810323,0.551308,-0.5994986,0.358468,0.4562472,
1,10,27.471,0.3107218,1.136195,-0.6810323,0.551308,-0.5994986,0.358468,0.4562472,
1,10,27.473,0.3107218,1.136195,-0.6810323,0.551308,-0.5994986,0.358468,0.4562472,
1,10,27.475,0.3107218,1.136195,-0.6810323,0.551308,-0.5994986,0.358468,0.4562472,
1,10,27.477,0.3105178,1.136306,-0.6809334,0.5512987,-0.5996824,0.3581394,0.4562751,
1,10,27.479,0.3105178,1.136306,-0.6809334,0.5512987,-0.5996824,0.3581394,0.4562751,
1,10,27.481,0.3105178,1.136306,-0.6809334,0.5512987,-0.5996824,0.3581394,0.4562751,
1,10,27.483,0.3105178,1.136306,-0.6809334,0.5512987,-0.5996824,0.3581394,0.4562751,
1,10,27.485,0.3103103,1.136468,-0.6808015,0.5513798,-0.5997809,0.3578042,0.4563106,
1,10,27.487,0.3103103,1.136468,-0.6808015,0.5513798,-0.5997809,0.3578042,0.4563106,
1,10,27.489,0.3103103,1.136468,-0.6808015,0.5513798,-0.5997809,0.3578042,0.4563106,
1,10,27.491,0.3103103,1.136468,-0.6808015,0.5513798,-0.5997809,0.3578042,0.4563106,
1,10,27.493,0.3100128,1.136586,-0.6809356,0.5515557,-0.5997703,0.3573128,0.456497,
1,10,27.495,0.3100128,1.136586,-0.6809356,0.5515557,-0.5997703,0.3573128,0.456497,
1,10,27.497,0.3100128,1.136586,-0.6809356,0.5515557,-0.5997703,0.3573128,0.456497,
1,10,27.499,0.3100128,1.136586,-0.6809356,0.5515557,-0.5997703,0.3573128,0.456497,
1,10,27.501,0.3097355,1.136497,-0.6810263,0.5516387,-0.5997443,0.3568024,0.4568301,
1,10,27.503,0.3097355,1.136497,-0.6810263,0.5516387,-0.5997443,0.3568024,0.4568301,
1,10,27.505,0.3097355,1.136497,-0.6810263,0.5516387,-0.5997443,0.3568024,0.4568301,
1,10,27.507,0.3097355,1.136497,-0.6810263,0.5516387,-0.5997443,0.3568024,0.4568301,
1,10,27.509,0.3094389,1.136317,-0.6811456,0.5517823,-0.599718,0.3562033,0.4571583,
1,10,27.511,0.3094389,1.136317,-0.6811456,0.5517823,-0.599718,0.3562033,0.4571583,
1,10,27.513,0.3094389,1.136317,-0.6811456,0.5517823,-0.599718,0.3562033,0.4571583,
1,10,27.515,0.3094389,1.136317,-0.6811456,0.5517823,-0.599718,0.3562033,0.4571583,
1,10,27.517,0.3094389,1.136317,-0.6811456,0.5517823,-0.599718,0.3562033,0.4571583,
1,10,27.519,0.3092245,1.136201,-0.6810346,0.5519564,-0.5996103,0.3558514,0.4573638,
1,10,27.521,0.3092245,1.136201,-0.6810346,0.5519564,-0.5996103,0.3558514,0.4573638,
1,10,27.523,0.3092245,1.136201,-0.6810346,0.5519564,-0.5996103,0.3558514,0.4573638,
1,10,27.525,0.3092245,1.136201,-0.6810346,0.5519564,-0.5996103,0.3558514,0.4573638,
1,10,27.527,0.3089906,1.136143,-0.6810355,0.5522355,-0.5993964,0.3555176,0.4575667,
1,10,27.529,0.3089906,1.136143,-0.6810355,0.5522355,-0.5993964,0.3555176,0.4575667,
1,10,27.531,0.3089906,1.136143,-0.6810355,0.5522355,-0.5993964,0.3555176,0.4575667,
1,10,27.533,0.3089906,1.136143,-0.6810355,0.5522355,-0.5993964,0.3555176,0.4575667,
1,10,27.535,0.3086867,1.136062,-0.6810767,0.5528396,-0.598981,0.355031,0.4577588,
1,10,27.537,0.3086867,1.136062,-0.6810767,0.5528396,-0.598981,0.355031,0.4577588,
1,10,27.539,0.3086867,1.136062,-0.6810767,0.5528396,-0.598981,0.355031,0.4577588,
1,10,27.541,0.3086867,1.136062,-0.6810767,0.5528396,-0.598981,0.355031,0.4577588,
1,10,27.543,0.3083968,1.136116,-0.6812134,0.5534981,-0.5987038,0.354574,0.4576798,
1,10,27.545,0.3083968,1.136116,-0.6812134,0.5534981,-0.5987038,0.354574,0.4576798,
1,10,27.547,0.3083968,1.136116,-0.6812134,0.5534981,-0.5987038,0.354574,0.4576798,
1,10,27.549,0.3083968,1.136116,-0.6812134,0.5534981,-0.5987038,0.354574,0.4576798,
1,10,27.551,0.3081287,1.136134,-0.6814384,0.5543179,-0.598521,0.3539095,0.4574412,
1,10,27.553,0.3081287,1.136134,-0.6814384,0.5543179,-0.598521,0.3539095,0.4574412,
1,10,27.555,0.3081287,1.136134,-0.6814384,0.5543179,-0.598521,0.3539095,0.4574412,
1,10,27.557,0.3081287,1.136134,-0.6814384,0.5543179,-0.598521,0.3539095,0.4574412,
1,10,27.559,0.3078284,1.136219,-0.6815158,0.5550445,-0.5982563,0.3535084,0.4572164,
1,10,27.561,0.3078284,1.136219,-0.6815158,0.5550445,-0.5982563,0.3535084,0.4572164,
1,10,27.563,0.3078284,1.136219,-0.6815158,0.5550445,-0.5982563,0.3535084,0.4572164,
1,10,27.565,0.3078284,1.136219,-0.6815158,0.5550445,-0.5982563,0.3535084,0.4572164,
1,10,27.567,0.3078284,1.136219,-0.6815158,0.5550445,-0.5982563,0.3535084,0.4572164,
1,10,27.569,0.3075274,1.136151,-0.6815581,0.5556996,-0.5979886,0.3531363,0.4570584,
1,10,27.571,0.3075274,1.136151,-0.6815581,0.5556996,-0.5979886,0.3531363,0.4570584,
1,10,27.573,0.3075274,1.136151,-0.6815581,0.5556996,-0.5979886,0.3531363,0.4570584,
1,10,27.575,0.3075274,1.136151,-0.6815581,0.5556996,-0.5979886,0.3531363,0.4570584,
1,10,27.577,0.3072961,1.135912,-0.6815331,0.5561446,-0.5977463,0.3528712,0.4570388,
1,10,27.579,0.3072961,1.135912,-0.6815331,0.5561446,-0.5977463,0.3528712,0.4570388,
1,10,27.581,0.3072961,1.135912,-0.6815331,0.5561446,-0.5977463,0.3528712,0.4570388,
1,10,27.583,0.3072961,1.135912,-0.6815331,0.5561446,-0.5977463,0.3528712,0.4570388,
1,10,27.585,0.3071534,1.135811,-0.6815812,0.5565999,-0.5973194,0.3527606,0.4571282,
1,10,27.587,0.3071534,1.135811,-0.6815812,0.5565999,-0.5973194,0.3527606,0.4571282,
1,10,27.589,0.3071534,1.135811,-0.6815812,0.5565999,-0.5973194,0.3527606,0.4571282,
1,10,27.591,0.3071534,1.135811,-0.6815812,0.5565999,-0.5973194,0.3527606,0.4571282,
1,10,27.593,0.3070298,1.135738,-0.6815618,0.5569796,-0.5968567,0.3527626,0.4572683,
1,10,27.595,0.3070298,1.135738,-0.6815618,0.5569796,-0.5968567,0.3527626,0.4572683,
1,10,27.597,0.3070298,1.135738,-0.6815618,0.5569796,-0.5968567,0.3527626,0.4572683,
1,10,27.599,0.3070298,1.135738,-0.6815618,0.5569796,-0.5968567,0.3527626,0.4572683,
1,10,27.601,0.3069347,1.135725,-0.6816571,0.5575004,-0.5964558,0.35263,0.457259,
1,10,27.603,0.3069347,1.135725,-0.6816571,0.5575004,-0.5964558,0.35263,0.457259,
1,10,27.605,0.3069347,1.135725,-0.6816571,0.5575004,-0.5964558,0.35263,0.457259,
1,10,27.607,0.3069347,1.135725,-0.6816571,0.5575004,-0.5964558,0.35263,0.457259,
1,10,27.609,0.3067993,1.13575,-0.6818252,0.5584651,-0.5960631,0.3522055,0.456921,
1,10,27.611,0.3067993,1.13575,-0.6818252,0.5584651,-0.5960631,0.3522055,0.456921,
1,10,27.613,0.3067993,1.13575,-0.6818252,0.5584651,-0.5960631,0.3522055,0.456921,
1,10,27.615,0.3067993,1.13575,-0.6818252,0.5584651,-0.5960631,0.3522055,0.456921,
1,10,27.617,0.3067993,1.13575,-0.6818252,0.5584651,-0.5960631,0.3522055,0.456921,
1,10,27.619,0.3066975,1.135602,-0.6818306,0.5590351,-0.5960476,0.351814,0.4565458,
1,10,27.621,0.3066975,1.135602,-0.6818306,0.5590351,-0.5960476,0.351814,0.4565458,
1,10,27.623,0.3066975,1.135602,-0.6818306,0.5590351,-0.5960476,0.351814,0.4565458,
1,10,27.625,0.3066975,1.135602,-0.6818306,0.5590351,-0.5960476,0.351814,0.4565458,
1,10,27.627,0.3065685,1.13541,-0.6818689,0.559427,-0.5960135,0.35152,0.4563366,
1,10,27.629,0.3065685,1.13541,-0.6818689,0.559427,-0.5960135,0.35152,0.4563366,
1,10,27.631,0.3065685,1.13541,-0.6818689,0.559427,-0.5960135,0.35152,0.4563366,
1,10,27.633,0.3065685,1.13541,-0.6818689,0.559427,-0.5960135,0.35152,0.4563366,
1,10,27.635,0.3064673,1.135215,-0.6818385,0.5595989,-0.5958516,0.3515037,0.4563496,
1,10,27.637,0.3064673,1.135215,-0.6818385,0.5595989,-0.5958516,0.3515037,0.4563496,
1,10,27.639,0.3064673,1.135215,-0.6818385,0.5595989,-0.5958516,0.3515037,0.4563496,
1,10,27.641,0.3064673,1.135215,-0.6818385,0.5595989,-0.5958516,0.3515037,0.4563496,
1,10,27.643,0.3063484,1.135027,-0.681775,0.5597086,-0.5956259,0.3515726,0.4564568,
1,10,27.645,0.3063484,1.135027,-0.681775,0.5597086,-0.5956259,0.3515726,0.4564568,
1,10,27.647,0.3063484,1.135027,-0.681775,0.5597086,-0.5956259,0.3515726,0.4564568,
1,10,27.649,0.3063484,1.135027,-0.681775,0.5597086,-0.5956259,0.3515726,0.4564568,
1,10,27.651,0.3062759,1.134937,-0.6816729,0.5598421,-0.5952889,0.3517669,0.456583,
1,10,27.653,0.3062759,1.134937,-0.6816729,0.5598421,-0.5952889,0.3517669,0.456583,
1,10,27.655,0.3062759,1.134937,-0.6816729,0.5598421,-0.5952889,0.3517669,0.456583,
1,10,27.657,0.3062759,1.134937,-0.6816729,0.5598421,-0.5952889,0.3517669,0.456583,
1,10,27.659,0.3061962,1.134931,-0.6815953,0.5599991,-0.5949562,0.3519234,0.4567037,
1,10,27.661,0.3061962,1.134931,-0.6815953,0.5599991,-0.5949562,0.3519234,0.4567037,
1,10,27.663,0.3061962,1.134931,-0.6815953,0.5599991,-0.5949562,0.3519234,0.4567037,
1,10,27.665,0.3061962,1.134931,-0.6815953,0.5599991,-0.5949562,0.3519234,0.4567037,
1,10,27.667,0.3061962,1.134931,-0.6815953,0.5599991,-0.5949562,0.3519234,0.4567037,
1,10,27.669,0.3061445,1.134935,-0.6814759,0.560167,-0.5946948,0.3520086,0.4567725,
1,10,27.671,0.3061445,1.134935,-0.6814759,0.560167,-0.5946948,0.3520086,0.4567725,
1,10,27.673,0.3061445,1.134935,-0.6814759,0.560167,-0.5946948,0.3520086,0.4567725,
1,10,27.675,0.3061445,1.134935,-0.6814759,0.560167,-0.5946948,0.3520086,0.4567725,
1,10,27.677,0.3060934,1.134959,-0.6813298,0.5603838,-0.5945088,0.3519726,0.4567764,
1,10,27.679,0.3060934,1.134959,-0.6813298,0.5603838,-0.5945088,0.3519726,0.4567764,
1,10,27.681,0.3060934,1.134959,-0.6813298,0.5603838,-0.5945088,0.3519726,0.4567764,
1,10,27.683,0.3060934,1.134959,-0.6813298,0.5603838,-0.5945088,0.3519726,0.4567764,
1,10,27.685,0.3059029,1.135088,-0.681115,0.5607683,-0.5940852,0.3518809,0.4569263,
1,10,27.687,0.3059029,1.135088,-0.681115,0.5607683,-0.5940852,0.3518809,0.4569263,
1,10,27.689,0.3059029,1.135088,-0.681115,0.5607683,-0.5940852,0.3518809,0.4569263,
1,10,27.691,0.3059029,1.135088,-0.681115,0.5607683,-0.5940852,0.3518809,0.4569263,
1,10,27.693,0.3058248,1.134964,-0.6808614,0.5607885,-0.5938235,0.3518369,0.4572753,
1,10,27.695,0.3058248,1.134964,-0.6808614,0.5607885,-0.5938235,0.3518369,0.4572753,
1,10,27.697,0.3058248,1.134964,-0.6808614,0.5607885,-0.5938235,0.3518369,0.4572753,
1,10,27.699,0.3058248,1.134964,-0.6808614,0.5607885,-0.5938235,0.3518369,0.4572753,
1,10,27.701,0.3057467,1.13488,-0.6805732,0.5608689,-0.5935534,0.351791,0.4575627,
1,10,27.703,0.3057467,1.13488,-0.6805732,0.5608689,-0.5935534,0.351791,0.4575627,
1,10,27.705,0.3057467,1.13488,-0.6805732,0.5608689,-0.5935534,0.351791,0.4575627,
1,10,27.707,0.3057467,1.13488,-0.6805732,0.5608689,-0.5935534,0.351791,0.4575627,
1,10,27.709,0.3056635,1.134899,-0.6802477,0.5610559,-0.5932534,0.3517021,0.4577906,
1,10,27.711,0.3056635,1.134899,-0.6802477,0.5610559,-0.5932534,0.3517021,0.4577906,
1,10,27.713,0.3056635,1.134899,-0.6802477,0.5610559,-0.5932534,0.3517021,0.4577906,
1,10,27.715,0.3056635,1.134899,-0.6802477,0.5610559,-0.5932534,0.3517021,0.4577906,
1,10,27.717,0.3056635,1.134899,-0.6802477,0.5610559,-0.5932534,0.3517021,0.4577906,
1,10,27.719,0.3055454,1.134867,-0.6799617,0.5613441,-0.5930178,0.3513809,0.4579894,
1,10,27.721,0.3055454,1.134867,-0.6799617,0.5613441,-0.5930178,0.3513809,0.4579894,
1,10,27.723,0.3055454,1.134867,-0.6799617,0.5613441,-0.5930178,0.3513809,0.4579894,
1,10,27.725,0.3055454,1.134867,-0.6799617,0.5613441,-0.5930178,0.3513809,0.4579894,
1,10,27.727,0.3054071,1.134818,-0.6797388,0.5617591,-0.5928295,0.3508446,0.4581355,
1,10,27.729,0.3054071,1.134818,-0.6797388,0.5617591,-0.5928295,0.3508446,0.4581355,
1,10,27.731,0.3054071,1.134818,-0.6797388,0.5617591,-0.5928295,0.3508446,0.4581355,
1,10,27.733,0.3054071,1.134818,-0.6797388,0.5617591,-0.5928295,0.3508446,0.4581355,
1,10,27.735,0.3052813,1.134772,-0.6796119,0.5623484,-0.5925593,0.350109,0.4583249,
1,10,27.737,0.3052813,1.134772,-0.6796119,0.5623484,-0.5925593,0.350109,0.4583249,
1,10,27.739,0.3052813,1.134772,-0.6796119,0.5623484,-0.5925593,0.350109,0.4583249,
1,10,27.741,0.3052813,1.134772,-0.6796119,0.5623484,-0.5925593,0.350109,0.4583249,
1,10,27.743,0.3051952,1.135015,-0.6795495,0.5631859,-0.5920199,0.3494661,0.4584841,
1,10,27.745,0.3051952,1.135015,-0.6795495,0.5631859,-0.5920199,0.3494661,0.4584841,
1,10,27.747,0.3051952,1.135015,-0.6795495,0.5631859,-0.5920199,0.3494661,0.4584841,
1,10,27.749,0.3051952,1.135015,-0.6795495,0.5631859,-0.5920199,0.3494661,0.4584841,
1,10,27.751,0.305041,1.134916,-0.6793027,0.5636789,-0.5917103,0.3488787,0.4587251,
1,10,27.753,0.305041,1.134916,-0.6793027,0.5636789,-0.5917103,0.3488787,0.4587251,
1,10,27.755,0.305041,1.134916,-0.6793027,0.5636789,-0.5917103,0.3488787,0.4587251,
1,10,27.757,0.305041,1.134916,-0.6793027,0.5636789,-0.5917103,0.3488787,0.4587251,
1,10,27.759,0.3046526,1.134521,-0.6793082,0.5643613,-0.5910457,0.3477745,0.4595807,
1,10,27.761,0.3046526,1.134521,-0.6793082,0.5643613,-0.5910457,0.3477745,0.4595807,
1,10,27.763,0.3046526,1.134521,-0.6793082,0.5643613,-0.5910457,0.3477745,0.4595807,
1,10,27.765,0.3046526,1.134521,-0.6793082,0.5643613,-0.5910457,0.3477745,0.4595807,
1,10,27.767,0.3046526,1.134521,-0.6793082,0.5643613,-0.5910457,0.3477745,0.4595807,
1,10,27.769,0.3046404,1.134268,-0.6789364,0.5648456,-0.5906512,0.3472743,0.4598708,
1,10,27.771,0.3046404,1.134268,-0.6789364,0.5648456,-0.5906512,0.3472743,0.4598708,
1,10,27.773,0.3046404,1.134268,-0.6789364,0.5648456,-0.5906512,0.3472743,0.4598708,
1,10,27.775,0.3046404,1.134268,-0.6789364,0.5648456,-0.5906512,0.3472743,0.4598708,
1,10,27.777,0.3045624,1.134341,-0.6782808,0.5654999,-0.5901551,0.3470389,0.4598813,
1,10,27.779,0.3045624,1.134341,-0.6782808,0.5654999,-0.5901551,0.3470389,0.4598813,
1,10,27.781,0.3045624,1.134341,-0.6782808,0.5654999,-0.5901551,0.3470389,0.4598813,
1,10,27.783,0.3045624,1.134341,-0.6782808,0.5654999,-0.5901551,0.3470389,0.4598813,
1,10,27.785,0.3043895,1.134519,-0.6780163,0.5664093,-0.5895247,0.3465377,0.4599487,
1,10,27.787,0.3043895,1.134519,-0.6780163,0.5664093,-0.5895247,0.3465377,0.4599487,
1,10,27.789,0.3043895,1.134519,-0.6780163,0.5664093,-0.5895247,0.3465377,0.4599487,
1,10,27.791,0.3043895,1.134519,-0.6780163,0.5664093,-0.5895247,0.3465377,0.4599487,
1,10,27.793,0.3041359,1.134601,-0.6779543,0.5674009,-0.5889685,0.3457753,0.4600129,
1,10,27.795,0.3041359,1.134601,-0.6779543,0.5674009,-0.5889685,0.3457753,0.4600129,
1,10,27.797,0.3041359,1.134601,-0.6779543,0.5674009,-0.5889685,0.3457753,0.4600129,
1,10,27.799,0.3041359,1.134601,-0.6779543,0.5674009,-0.5889685,0.3457753,0.4600129,
1,10,27.801,0.303882,1.134536,-0.6778797,0.5683616,-0.5885524,0.3448597,0.4600469,
1,10,27.803,0.303882,1.134536,-0.6778797,0.5683616,-0.5885524,0.3448597,0.4600469,
1,10,27.805,0.303882,1.134536,-0.6778797,0.5683616,-0.5885524,0.3448597,0.4600469,
1,10,27.807,0.303882,1.134536,-0.6778797,0.5683616,-0.5885524,0.3448597,0.4600469,
1,10,27.809,0.3036566,1.134505,-0.6778262,0.5693299,-0.5880984,0.3439724,0.4600943,
1,10,27.811,0.3036566,1.134505,-0.6778262,0.5693299,-0.5880984,0.3439724,0.4600943,
1,10,27.813,0.3036566,1.134505,-0.6778262,0.5693299,-0.5880984,0.3439724,0.4600943,
1,10,27.815,0.3036566,1.134505,-0.6778262,0.5693299,-0.5880984,0.3439724,0.4600943,
1,10,27.817,0.3036566,1.134505,-0.6778262,0.5693299,-0.5880984,0.3439724,0.4600943,
1,10,27.819,0.3035137,1.134689,-0.6777175,0.5705109,-0.5876315,0.3431417,0.4598484,
1,10,27.821,0.3035137,1.134689,-0.6777175,0.5705109,-0.5876315,0.3431417,0.4598484,
1,10,27.823,0.3035137,1.134689,-0.6777175,0.5705109,-0.5876315,0.3431417,0.4598484,
1,10,27.825,0.3035137,1.134689,-0.6777175,0.5705109,-0.5876315,0.3431417,0.4598484,
1,10,27.827,0.3033803,1.135051,-0.6774904,0.5718358,-0.5871651,0.3423318,0.4594018,
1,10,27.829,0.3033803,1.135051,-0.6774904,0.5718358,-0.5871651,0.3423318,0.4594018,
1,10,27.831,0.3033803,1.135051,-0.6774904,0.5718358,-0.5871651,0.3423318,0.4594018,
1,10,27.833,0.3033803,1.135051,-0.6774904,0.5718358,-0.5871651,0.3423318,0.4594018,
1,10,27.835,0.3030825,1.135519,-0.6773533,0.5737431,-0.5863423,0.3410668,0.4590153,
1,10,27.837,0.3030825,1.135519,-0.6773533,0.5737431,-0.5863423,0.3410668,0.4590153,
1,10,27.839,0.3030825,1.135519,-0.6773533,0.5737431,-0.5863423,0.3410668,0.4590153,
1,10,27.841,0.3030825,1.135519,-0.6773533,0.5737431,-0.5863423,0.3410668,0.4590153,
1,10,27.843,0.3029448,1.135821,-0.6774089,0.5748882,-0.5857927,0.3403183,0.4588398,
1,10,27.845,0.3029448,1.135821,-0.6774089,0.5748882,-0.5857927,0.3403183,0.4588398,
1,10,27.847,0.3029448,1.135821,-0.6774089,0.5748882,-0.5857927,0.3403183,0.4588398,
1,10,27.849,0.3029448,1.135821,-0.6774089,0.5748882,-0.5857927,0.3403183,0.4588398,
1,10,27.851,0.3029169,1.136178,-0.6771833,0.5759449,-0.5852366,0.3398498,0.4585715,
1,10,27.853,0.3029169,1.136178,-0.6771833,0.5759449,-0.5852366,0.3398498,0.4585715,
1,10,27.855,0.3029169,1.136178,-0.6771833,0.5759449,-0.5852366,0.3398498,0.4585715,
1,10,27.857,0.3029169,1.136178,-0.6771833,0.5759449,-0.5852366,0.3398498,0.4585715,
1,10,27.859,0.3028655,1.13652,-0.6768482,0.5768859,-0.5846632,0.3394716,0.4584001,
1,10,27.861,0.3028655,1.13652,-0.6768482,0.5768859,-0.5846632,0.3394716,0.4584001,
1,10,27.863,0.3028655,1.13652,-0.6768482,0.5768859,-0.5846632,0.3394716,0.4584001,
1,10,27.865,0.3028655,1.13652,-0.6768482,0.5768859,-0.5846632,0.3394716,0.4584001,
1,10,27.867,0.3028655,1.13652,-0.6768482,0.5768859,-0.5846632,0.3394716,0.4584001,
1,10,27.869,0.3027182,1.136549,-0.6766942,0.5775972,-0.584229,0.3388973,0.458483,
1,10,27.871,0.3027182,1.136549,-0.6766942,0.5775972,-0.584229,0.3388973,0.458483,
1,10,27.873,0.3027182,1.136549,-0.6766942,0.5775972,-0.584229,0.3388973,0.458483,
1,10,27.875,0.3027182,1.136549,-0.6766942,0.5775972,-0.584229,0.3388973,0.458483,
1,10,27.877,0.3024923,1.13658,-0.6768277,0.5783548,-0.5837359,0.3381491,0.4587083,
1,10,27.879,0.3024923,1.13658,-0.6768277,0.5783548,-0.5837359,0.3381491,0.4587083,
1,10,27.881,0.3024923,1.13658,-0.6768277,0.5783548,-0.5837359,0.3381491,0.4587083,
1,10,27.883,0.3024923,1.13658,-0.6768277,0.5783548,-0.5837359,0.3381491,0.4587083,
1,10,27.885,0.3023399,1.136411,-0.6768583,0.5789057,-0.5834677,0.3373443,0.4589472,
1,10,27.887,0.3023399,1.136411,-0.6768583,0.5789057,-0.5834677,0.3373443,0.4589472,
1,10,27.889,0.3023399,1.136411,-0.6768583,0.5789057,-0.5834677,0.3373443,0.4589472,
1,10,27.891,0.3023399,1.136411,-0.6768583,0.5789057,-0.5834677,0.3373443,0.4589472,
1,10,27.893,0.3022442,1.136282,-0.6765951,0.5793401,-0.5832788,0.3366997,0.4591124,
1,10,27.895,0.3022442,1.136282,-0.6765951,0.5793401,-0.5832788,0.3366997,0.4591124,
1,10,27.897,0.3022442,1.136282,-0.6765951,0.5793401,-0.5832788,0.3366997,0.4591124,
1,10,27.899,0.3022442,1.136282,-0.6765951,0.5793401,-0.5832788,0.3366997,0.4591124,
1,10,27.901,0.3023189,1.136485,-0.6761165,0.5797361,-0.5829419,0.3364786,0.4592026,
1,10,27.903,0.3023189,1.136485,-0.6761165,0.5797361,-0.5829419,0.3364786,0.4592026,
1,10,27.905,0.3023189,1.136485,-0.6761165,0.5797361,-0.5829419,0.3364786,0.4592026,
1,10,27.907,0.3023189,1.136485,-0.6761165,0.5797361,-0.5829419,0.3364786,0.4592026,
1,10,27.909,0.3023382,1.136641,-0.6754058,0.580076,-0.5826351,0.3361235,0.4594228,
1,10,27.911,0.3023382,1.136641,-0.6754058,0.580076,-0.5826351,0.3361235,0.4594228,
1,10,27.913,0.3023382,1.136641,-0.6754058,0.580076,-0.5826351,0.3361235,0.4594228,
1,10,27.915,0.3023382,1.136641,-0.6754058,0.580076,-0.5826351,0.3361235,0.4594228,
1,10,27.917,0.3023382,1.136641,-0.6754058,0.580076,-0.5826351,0.3361235,0.4594228,
1,10,27.919,0.3022943,1.136549,-0.6749828,0.5800664,-0.5824758,0.3358669,0.4598244,
1,10,27.921,0.3022943,1.136549,-0.6749828,0.5800664,-0.5824758,0.3358669,0.4598244,
1,10,27.923,0.3022943,1.136549,-0.6749828,0.5800664,-0.5824758,0.3358669,0.4598244,
1,10,27.925,0.3022943,1.136549,-0.6749828,0.5800664,-0.5824758,0.3358669,0.4598244,
1,10,27.927,0.3021922,1.136304,-0.6748687,0.5799496,-0.5821357,0.3355317,0.4606462,
1,10,27.929,0.3021922,1.136304,-0.6748687,0.5799496,-0.5821357,0.3355317,0.4606462,
1,10,27.931,0.3021922,1.136304,-0.6748687,0.5799496,-0.5821357,0.3355317,0.4606462,
1,10,27.933,0.3021922,1.136304,-0.6748687,0.5799496,-0.5821357,0.3355317,0.4606462,
1,10,27.935,0.3021324,1.136014,-0.6746846,0.5796858,-0.5817114,0.3354398,0.4615804,
1,10,27.937,0.3021324,1.136014,-0.6746846,0.5796858,-0.5817114,0.3354398,0.4615804,
1,10,27.939,0.3021324,1.136014,-0.6746846,0.5796858,-0.5817114,0.3354398,0.4615804,
1,10,27.941,0.3021324,1.136014,-0.6746846,0.5796858,-0.5817114,0.3354398,0.4615804,
1,10,27.943,0.3021119,1.13587,-0.6743555,0.5795159,-0.5813645,0.3354537,0.4622201,
1,10,27.945,0.3021119,1.13587,-0.6743555,0.5795159,-0.5813645,0.3354537,0.4622201,
1,10,27.947,0.3021119,1.13587,-0.6743555,0.5795159,-0.5813645,0.3354537,0.4622201,
1,10,27.949,0.3021119,1.13587,-0.6743555,0.5795159,-0.5813645,0.3354537,0.4622201,
1,10,27.951,0.3021457,1.135789,-0.6740552,0.5794389,-0.5810728,0.3354504,0.4626859,
1,10,27.953,0.3021457,1.135789,-0.6740552,0.5794389,-0.5810728,0.3354504,0.4626859,
1,10,27.955,0.3021457,1.135789,-0.6740552,0.5794389,-0.5810728,0.3354504,0.4626859,
1,10,27.957,0.3021457,1.135789,-0.6740552,0.5794389,-0.5810728,0.3354504,0.4626859,
1,10,27.959,0.3021625,1.135765,-0.6737984,0.5795511,-0.5809446,0.3352479,0.4628529,
1,10,27.961,0.3021625,1.135765,-0.6737984,0.5795511,-0.5809446,0.3352479,0.4628529,
1,10,27.963,0.3021625,1.135765,-0.6737984,0.5795511,-0.5809446,0.3352479,0.4628529,
1,10,27.965,0.3021625,1.135765,-0.6737984,0.5795511,-0.5809446,0.3352479,0.4628529,
1,10,27.967,0.3021625,1.135765,-0.6737984,0.5795511,-0.5809446,0.3352479,0.4628529,
1,10,27.969,0.3021868,1.135677,-0.6735161,0.5797484,-0.5810452,0.3348817,0.4627446,
1,10,27.971,0.3021868,1.135677,-0.6735161,0.5797484,-0.5810452,0.3348817,0.4627446,
1,10,27.973,0.3021868,1.135677,-0.6735161,0.5797484,-0.5810452,0.3348817,0.4627446,
1,10,27.975,0.3021868,1.135677,-0.6735161,0.5797484,-0.5810452,0.3348817,0.4627446,
1,10,27.977,0.3022411,1.135593,-0.6731315,0.5799648,-0.5812081,0.3345962,0.4624754,
1,10,27.979,0.3022411,1.135593,-0.6731315,0.5799648,-0.5812081,0.3345962,0.4624754,
1,10,27.981,0.3022411,1.135593,-0.6731315,0.5799648,-0.5812081,0.3345962,0.4624754,
1,10,27.983,0.3022411,1.135593,-0.6731315,0.5799648,-0.5812081,0.3345962,0.4624754,
1,10,27.985,0.3024101,1.135711,-0.6725876,0.5802804,-0.581153,0.3346767,0.4620902,
1,10,27.987,0.3024101,1.135711,-0.6725876,0.5802804,-0.581153,0.3346767,0.4620902,
1,10,27.989,0.3024101,1.135711,-0.6725876,0.5802804,-0.581153,0.3346767,0.4620902,
1,10,27.991,0.3024101,1.135711,-0.6725876,0.5802804,-0.581153,0.3346767,0.4620902,
1,10,27.993,0.3025154,1.135795,-0.6721843,0.5806258,-0.58104,0.3346835,0.4617935,
1,10,27.995,0.3025154,1.135795,-0.6721843,0.5806258,-0.58104,0.3346835,0.4617935,
1,10,27.997,0.3025154,1.135795,-0.6721843,0.5806258,-0.58104,0.3346835,0.4617935,
1,10,27.999,0.3025154,1.135795,-0.6721843,0.5806258,-0.58104,0.3346835,0.4617935,
1,10,28.001,0.3026379,1.135763,-0.6717628,0.580838,-0.5808386,0.3348176,0.4616829,
1,10,28.003,0.3026379,1.135763,-0.6717628,0.580838,-0.5808386,0.3348176,0.4616829,
1,10,28.005,0.3026379,1.135763,-0.6717628,0.580838,-0.5808386,0.3348176,0.4616829,
1,10,28.007,0.3026379,1.135763,-0.6717628,0.580838,-0.5808386,0.3348176,0.4616829,
1,10,28.009,0.3027297,1.135651,-0.671284,0.5809804,-0.580573,0.3350289,0.4616844,
1,10,28.011,0.3027297,1.135651,-0.671284,0.5809804,-0.580573,0.3350289,0.4616844,
1,10,28.013,0.3027297,1.135651,-0.671284,0.5809804,-0.580573,0.3350289,0.4616844,
1,10,28.015,0.3027297,1.135651,-0.671284,0.5809804,-0.580573,0.3350289,0.4616844,
1,10,28.017,0.3027297,1.135651,-0.671284,0.5809804,-0.580573,0.3350289,0.4616844,
1,10,28.019,0.3028384,1.135656,-0.6708707,0.5812024,-0.5801719,0.3353213,0.4616969,
1,10,28.021,0.3028384,1.135656,-0.6708707,0.5812024,-0.5801719,0.3353213,0.4616969,
1,10,28.023,0.3028384,1.135656,-0.6708707,0.5812024,-0.5801719,0.3353213,0.4616969,
1,10,28.025,0.3028384,1.135656,-0.6708707,0.5812024,-0.5801719,0.3353213,0.4616969,
1,10,28.027,0.3029694,1.135601,-0.6704584,0.5814022,-0.5797389,0.3356107,0.4617788,
1,10,28.029,0.3029694,1.135601,-0.6704584,0.5814022,-0.5797389,0.3356107,0.4617788,
1,10,28.031,0.3029694,1.135601,-0.6704584,0.5814022,-0.5797389,0.3356107,0.4617788,
1,10,28.033,0.3029694,1.135601,-0.6704584,0.5814022,-0.5797389,0.3356107,0.4617788,
1,10,28.035,0.3031262,1.135607,-0.6702048,0.5817339,-0.5792193,0.3357661,0.4619003,
1,10,28.037,0.3031262,1.135607,-0.6702048,0.5817339,-0.5792193,0.3357661,0.4619003,
1,10,28.039,0.3031262,1.135607,-0.6702048,0.5817339,-0.5792193,0.3357661,0.4619003,
1,10,28.041,0.3031262,1.135607,-0.6702048,0.5817339,-0.5792193,0.3357661,0.4619003,
1,10,28.043,0.3032734,1.135489,-0.6699111,0.5820914,-0.5788425,0.3356972,0.4619724,
1,10,28.045,0.3032734,1.135489,-0.6699111,0.5820914,-0.5788425,0.3356972,0.4619724,
1,10,28.047,0.3032734,1.135489,-0.6699111,0.5820914,-0.5788425,0.3356972,0.4619724,
1,10,28.049,0.3032734,1.135489,-0.6699111,0.5820914,-0.5788425,0.3356972,0.4619724,
1,10,28.051,0.3033913,1.135361,-0.6696481,0.5825435,-0.5784978,0.3354673,0.4620011,
1,10,28.053,0.3033913,1.135361,-0.6696481,0.5825435,-0.5784978,0.3354673,0.4620011,
1,10,28.055,0.3033913,1.135361,-0.6696481,0.5825435,-0.5784978,0.3354673,0.4620011,
1,10,28.057,0.3033913,1.135361,-0.6696481,0.5825435,-0.5784978,0.3354673,0.4620011,
1,10,28.059,0.303452,1.135086,-0.6694119,0.5829015,-0.5782664,0.3351412,0.4620759,
1,10,28.061,0.303452,1.135086,-0.6694119,0.5829015,-0.5782664,0.3351412,0.4620759,
1,10,28.063,0.303452,1.135086,-0.6694119,0.5829015,-0.5782664,0.3351412,0.4620759,
1,10,28.065,0.303452,1.135086,-0.6694119,0.5829015,-0.5782664,0.3351412,0.4620759,
1,10,28.067,0.303452,1.135086,-0.6694119,0.5829015,-0.5782664,0.3351412,0.4620759,
1,10,28.069,0.3035939,1.134848,-0.6689313,0.5832096,-0.5780501,0.334935,0.4621073,
1,10,28.071,0.3035939,1.134848,-0.6689313,0.5832096,-0.5780501,0.334935,0.4621073,
1,10,28.073,0.3035939,1.134848,-0.6689313,0.5832096,-0.5780501,0.334935,0.4621073,
1,10,28.075,0.3035939,1.134848,-0.6689313,0.5832096,-0.5780501,0.334935,0.4621073,
1,10,28.077,0.3037699,1.134836,-0.6684785,0.583592,-0.5776691,0.3348589,0.4621561,
1,10,28.079,0.3037699,1.134836,-0.6684785,0.583592,-0.5776691,0.3348589,0.4621561,
1,10,28.081,0.3037699,1.134836,-0.6684785,0.583592,-0.5776691,0.3348589,0.4621561,
1,10,28.083,0.3037699,1.134836,-0.6684785,0.583592,-0.5776691,0.3348589,0.4621561,
1,10,28.085,0.3038909,1.134842,-0.6681445,0.5839798,-0.5771639,0.3347659,0.4623649,
1,10,28.087,0.3038909,1.134842,-0.6681445,0.5839798,-0.5771639,0.3347659,0.4623649,
1,10,28.089,0.3038909,1.134842,-0.6681445,0.5839798,-0.5771639,0.3347659,0.4623649,
1,10,28.091,0.3038909,1.134842,-0.6681445,0.5839798,-0.5771639,0.3347659,0.4623649,
1,10,28.093,0.3039976,1.134862,-0.6678514,0.5843434,-0.5766298,0.3346983,0.4626206,
1,10,28.095,0.3039976,1.134862,-0.6678514,0.5843434,-0.5766298,0.3346983,0.4626206,
1,10,28.097,0.3039976,1.134862,-0.6678514,0.5843434,-0.5766298,0.3346983,0.4626206,
1,10,28.099,0.3039976,1.134862,-0.6678514,0.5843434,-0.5766298,0.3346983,0.4626206,
1,10,28.101,0.3039744,1.134727,-0.6676079,0.5846279,-0.5762258,0.3343744,0.4629989,
1,10,28.103,0.3039744,1.134727,-0.6676079,0.5846279,-0.5762258,0.3343744,0.4629989,
1,10,28.105,0.3039744,1.134727,-0.6676079,0.5846279,-0.5762258,0.3343744,0.4629989,
1,10,28.107,0.3039744,1.134727,-0.6676079,0.5846279,-0.5762258,0.3343744,0.4629989,
1,10,28.109,0.3039558,1.13461,-0.6673132,0.5848386,-0.5759145,0.3340476,0.4633557,
1,10,28.111,0.3039558,1.13461,-0.6673132,0.5848386,-0.5759145,0.3340476,0.4633557,
1,10,28.113,0.3039558,1.13461,-0.6673132,0.5848386,-0.5759145,0.3340476,0.4633557,
1,10,28.115,0.3039558,1.13461,-0.6673132,0.5848386,-0.5759145,0.3340476,0.4633557,
1,10,28.117,0.3039558,1.13461,-0.6673132,0.5848386,-0.5759145,0.3340476,0.4633557,
1,10,28.119,0.3039991,1.134744,-0.6671107,0.5851275,-0.5754689,0.3337539,0.4637562,
1,10,28.121,0.3039991,1.134744,-0.6671107,0.5851275,-0.5754689,0.3337539,0.4637562,
1,10,28.123,0.3039991,1.134744,-0.6671107,0.5851275,-0.5754689,0.3337539,0.4637562,
1,10,28.125,0.3039991,1.134744,-0.6671107,0.5851275,-0.5754689,0.3337539,0.4637562,
1,10,28.127,0.3039924,1.134884,-0.6670402,0.5854043,-0.5750937,0.3332294,0.4642491,
1,10,28.129,0.3039924,1.134884,-0.6670402,0.5854043,-0.5750937,0.3332294,0.4642491,
1,10,28.131,0.3039924,1.134884,-0.6670402,0.5854043,-0.5750937,0.3332294,0.4642491,
1,10,28.133,0.3039924,1.134884,-0.6670402,0.5854043,-0.5750937,0.3332294,0.4642491,
1,10,28.135,0.304029,1.135157,-0.6665782,0.5855631,-0.5749283,0.3329243,0.4644725,
1,10,28.137,0.304029,1.135157,-0.6665782,0.5855631,-0.5749283,0.3329243,0.4644725,
1,10,28.139,0.304029,1.135157,-0.6665782,0.5855631,-0.5749283,0.3329243,0.4644725,
1,10,28.141,0.304029,1.135157,-0.6665782,0.5855631,-0.5749283,0.3329243,0.4644725,
1,10,28.143,0.3039876,1.135153,-0.6662034,0.5855098,-0.574937,0.3324712,0.4648532,
1,10,28.145,0.3039876,1.135153,-0.6662034,0.5855098,-0.574937,0.3324712,0.4648532,
1,10,28.147,0.3039876,1.135153,-0.6662034,0.5855098,-0.574937,0.3324712,0.4648532,
1,10,28.149,0.3039876,1.135153,-0.6662034,0.5855098,-0.574937,0.3324712,0.4648532,
1,10,28.151,0.3040341,1.135314,-0.6656308,0.5853256,-0.5748592,0.3324525,0.4651949,
1,10,28.153,0.3040341,1.135314,-0.6656308,0.5853256,-0.5748592,0.3324525,0.4651949,
1,10,28.155,0.3040341,1.135314,-0.6656308,0.5853256,-0.5748592,0.3324525,0.4651949,
1,10,28.157,0.3040341,1.135314,-0.6656308,0.5853256,-0.5748592,0.3324525,0.4651949,
1,10,28.159,0.3041007,1.13553,-0.6650711,0.5849737,-0.5745911,0.3326102,0.4658556,
1,10,28.161,0.3041007,1.13553,-0.6650711,0.5849737,-0.5745911,0.3326102,0.4658556,
1,10,28.163,0.3041007,1.13553,-0.6650711,0.5849737,-0.5745911,0.3326102,0.4658556,
1,10,28.165,0.3041007,1.13553,-0.6650711,0.5849737,-0.5745911,0.3326102,0.4658556,
1,10,28.167,0.3041007,1.13553,-0.6650711,0.5849737,-0.5745911,0.3326102,0.4658556,
1,10,28.169,0.3041937,1.135829,-0.6647591,0.5846031,-0.5741846,0.3328123,0.4666771,
1,10,28.171,0.3041937,1.135829,-0.6647591,0.5846031,-0.5741846,0.3328123,0.4666771,
1,10,28.173,0.3041937,1.135829,-0.6647591,0.5846031,-0.5741846,0.3328123,0.4666771,
1,10,28.175,0.3041937,1.135829,-0.6647591,0.5846031,-0.5741846,0.3328123,0.4666771,
1,10,28.177,0.3042312,1.136189,-0.6644706,0.584271,-0.5739357,0.3328001,0.467407,
1,10,28.179,0.3042312,1.136189,-0.6644706,0.584271,-0.5739357,0.3328001,0.467407,
1,10,28.181,0.3042312,1.136189,-0.6644706,0.584271,-0.5739357,0.3328001,0.467407,CourtEnter
1,10,28.183,0.3042312,1.136189,-0.6644706,0.584271,-0.5739357,0.3328001,0.467407,
1,10,28.185,0.3042592,1.136429,-0.6641803,0.5839076,-0.5739848,0.3325819,0.4679558,
1,10,28.187,0.3042592,1.136429,-0.6641803,0.5839076,-0.5739848,0.3325819,0.4679558,
1,10,28.189,0.3042592,1.136429,-0.6641803,0.5839076,-0.5739848,0.3325819,0.4679558,CourtExit
1,10,28.191,0.3042592,1.136429,-0.6641803,0.5839076,-0.5739848,0.3325819,0.4679558,
1,10,28.193,0.3043228,1.136636,-0.6639172,0.5835391,-0.5740492,0.3324227,0.4684494,
1,10,28.195,0.3043228,1.136636,-0.6639172,0.5835391,-0.5740492,0.3324227,0.4684494,
1,10,28.197,0.3043228,1.136636,-0.6639172,0.5835391,-0.5740492,0.3324227,0.4684494,
1,10,28.199,0.3043228,1.136636,-0.6639172,0.5835391,-0.5740492,0.3324227,0.4684494,
1,10,28.201,0.304301,1.136684,-0.663738,0.5831042,-0.5741306,0.3322552,0.4690096,
1,10,28.203,0.304301,1.136684,-0.663738,0.5831042,-0.5741306,0.3322552,0.4690096,
1,10,28.205,0.304301,1.136684,-0.663738,0.5831042,-0.5741306,0.3322552,0.4690096,
1,10,28.207,0.304301,1.136684,-0.663738,0.5831042,-0.5741306,0.3322552,0.4690096,
1,10,28.209,0.3043127,1.136474,-0.6636528,0.5824914,-0.5743191,0.3319781,0.4697361,
1,10,28.211,0.3043127,1.136474,-0.6636528,0.5824914,-0.5743191,0.3319781,0.4697361,
1,10,28.213,0.3043127,1.136474,-0.6636528,0.5824914,-0.5743191,0.3319781,0.4697361,
1,10,28.215,0.3043127,1.136474,-0.6636528,0.5824914,-0.5743191,0.3319781,0.4697361,
1,10,28.217,0.3043127,1.136474,-0.6636528,0.5824914,-0.5743191,0.3319781,0.4697361,
1,10,28.219,0.3043412,1.136264,-0.6635748,0.5818394,-0.574479,0.3318334,0.4704502,
1,10,28.221,0.3043412,1.136264,-0.6635748,0.5818394,-0.574479,0.3318334,0.4704502,
1,10,28.223,0.3043412,1.136264,-0.6635748,0.5818394,-0.574479,0.3318334,0.4704502,
1,10,28.225,0.3043412,1.136264,-0.6635748,0.5818394,-0.574479,0.3318334,0.4704502,
1,10,28.227,0.3044887,1.136211,-0.6633244,0.581048,-0.5745375,0.3320266,0.47122,
1,10,28.229,0.3044887,1.136211,-0.6633244,0.581048,-0.5745375,0.3320266,0.47122,
1,10,28.231,0.3044887,1.136211,-0.6633244,0.581048,-0.5745375,0.3320266,0.47122,
1,10,28.233,0.3044887,1.136211,-0.6633244,0.581048,-0.5745375,0.3320266,0.47122,
1,10,28.235,0.3046086,1.136303,-0.66322,0.5807225,-0.5745332,0.3321879,0.4715128,
1,10,28.237,0.3046086,1.136303,-0.66322,0.5807225,-0.5745332,0.3321879,0.4715128,
1,10,28.239,0.3046086,1.136303,-0.66322,0.5807225,-0.5745332,0.3321879,0.4715128,
1,10,28.241,0.3046086,1.136303,-0.66322,0.5807225,-0.5745332,0.3321879,0.4715128,
1,10,28.243,0.3047154,1.136331,-0.6631366,0.5804315,-0.574636,0.3323126,0.471658,
1,10,28.245,0.3047154,1.136331,-0.6631366,0.5804315,-0.574636,0.3323126,0.471658,
1,10,28.247,0.3047154,1.136331,-0.6631366,0.5804315,-0.574636,0.3323126,0.471658,
1,10,28.249,0.3047154,1.136331,-0.6631366,0.5804315,-0.574636,0.3323126,0.471658,
1,10,28.251,0.3047935,1.136372,-0.6630862,0.5802066,-0.5747643,0.3324361,0.4716911,
1,10,28.253,0.3047935,1.136372,-0.6630862,0.5802066,-0.5747643,0.3324361,0.4716911,
1,10,28.255,0.3047935,1.136372,-0.6630862,0.5802066,-0.5747643,0.3324361,0.4716911,
1,10,28.257,0.3047935,1.136372,-0.6630862,0.5802066,-0.5747643,0.3324361,0.4716911,
1,10,28.259,0.3048925,1.13644,-0.6630892,0.5800424,-0.5748668,0.3325971,0.4716547,
1,10,28.261,0.3048925,1.13644,-0.6630892,0.5800424,-0.5748668,0.3325971,0.4716547,
1,10,28.263,0.3048925,1.13644,-0.6630892,0.5800424,-0.5748668,0.3325971,0.4716547,
1,10,28.265,0.3048925,1.13644,-0.6630892,0.5800424,-0.5748668,0.3325971,0.4716547,
1,10,28.267,0.3048925,1.13644,-0.6630892,0.5800424,-0.5748668,0.3325971,0.4716547,
1,10,28.269,0.3050111,1.136468,-0.663031,0.5798327,-0.5749361,0.3328955,0.4716176,
1,10,28.271,0.3050111,1.136468,-0.663031,0.5798327,-0.5749361,0.3328955,0.4716176,
1,10,28.273,0.3050111,1.136468,-0.663031,0.5798327,-0.5749361,0.3328955,0.4716176,
1,10,28.275,0.3050111,1.136468,-0.663031,0.5798327,-0.5749361,0.3328955,0.4716176,
1,10,28.277,0.3051127,1.136452,-0.6629934,0.579605,-0.5749617,0.3332809,0.471594,
1,10,28.279,0.3051127,1.136452,-0.6629934,0.579605,-0.5749617,0.3332809,0.471594,
1,10,28.281,0.3051127,1.136452,-0.6629934,0.579605,-0.5749617,0.3332809,0.471594,
1,10,28.283,0.3051127,1.136452,-0.6629934,0.579605,-0.5749617,0.3332809,0.471594,
1,10,28.285,0.3051876,1.136351,-0.663035,0.5793321,-0.5749809,0.3336664,0.4716336,
1,10,28.287,0.3051876,1.136351,-0.663035,0.5793321,-0.5749809,0.3336664,0.4716336,
1,10,28.289,0.3051876,1.136351,-0.663035,0.5793321,-0.5749809,0.3336664,0.4716336,
1,10,28.291,0.3051876,1.136351,-0.663035,0.5793321,-0.5749809,0.3336664,0.4716336,
1,10,28.293,0.3053331,1.136383,-0.6630474,0.5790806,-0.57489,0.3342125,0.4716664,
1,10,28.295,0.3053331,1.136383,-0.6630474,0.5790806,-0.57489,0.3342125,0.4716664,
1,10,28.297,0.3053331,1.136383,-0.6630474,0.5790806,-0.57489,0.3342125,0.4716664,
1,10,28.299,0.3053331,1.136383,-0.6630474,0.5790806,-0.57489,0.3342125,0.4716664,
1,10,28.301,0.305656,1.136481,-0.6627862,0.5785397,-0.5747502,0.3353159,0.4717173,
1,10,28.303,0.305656,1.136481,-0.6627862,0.5785397,-0.5747502,0.3353159,0.4717173,
1,10,28.305,0.305656,1.136481,-0.6627862,0.5785397,-0.5747502,0.3353159,0.4717173,
1,10,28.307,0.305656,1.136481,-0.6627862,0.5785397,-0.5747502,0.3353159,0.4717173,
1,10,28.309,0.3058206,1.136341,-0.6626812,0.5780953,-0.5747886,0.3358633,0.4718261,
1,10,28.311,0.3058206,1.136341,-0.6626812,0.5780953,-0.5747886,0.3358633,0.4718261,
1,10,28.313,0.3058206,1.136341,-0.6626812,0.5780953,-0.5747886,0.3358633,0.4718261,
1,10,28.315,0.3058206,1.136341,-0.6626812,0.5780953,-0.5747886,0.3358633,0.4718261,
1,10,28.317,0.3058206,1.136341,-0.6626812,0.5780953,-0.5747886,0.3358633,0.4718261,
1,10,28.319,0.3059906,1.136106,-0.6626662,0.5777209,-0.5749908,0.3361804,0.4718123,
1,10,28.321,0.3059906,1.136106,-0.6626662,0.5777209,-0.5749908,0.3361804,0.4718123,
1,10,28.323,0.3059906,1.136106,-0.6626662,0.5777209,-0.5749908,0.3361804,0.4718123,
1,10,28.325,0.3059906,1.136106,-0.6626662,0.5777209,-0.5749908,0.3361804,0.4718123,
1,10,28.327,0.3061725,1.13591,-0.6626293,0.5773348,-0.5751403,0.3365625,0.4718304,
1,10,28.329,0.3061725,1.13591,-0.6626293,0.5773348,-0.5751403,0.3365625,0.4718304,
1,10,28.331,0.3061725,1.13591,-0.6626293,0.5773348,-0.5751403,0.3365625,0.4718304,
1,10,28.333,0.3061725,1.13591,-0.6626293,0.5773348,-0.5751403,0.3365625,0.4718304,
1,10,28.335,0.3063878,1.135782,-0.6625218,0.5769278,-0.5751915,0.3370667,0.4719059,
1,10,28.337,0.3063878,1.135782,-0.6625218,0.5769278,-0.5751915,0.3370667,0.4719059,
1,10,28.339,0.3063878,1.135782,-0.6625218,0.5769278,-0.5751915,0.3370667,0.4719059,
1,10,28.341,0.3063878,1.135782,-0.6625218,0.5769278,-0.5751915,0.3370667,0.4719059,
1,10,28.343,0.3065599,1.135607,-0.6625784,0.576498,-0.5751398,0.3375289,0.4721638,
1,10,28.345,0.3065599,1.135607,-0.6625784,0.576498,-0.5751398,0.3375289,0.4721638,
1,10,28.347,0.3065599,1.135607,-0.6625784,0.576498,-0.5751398,0.3375289,0.4721638,
1,10,28.349,0.3065599,1.135607,-0.6625784,0.576498,-0.5751398,0.3375289,0.4721638,
1,10,28.351,0.3067177,1.135431,-0.6626909,0.5760927,-0.5750311,0.3379641,0.4724796,
1,10,28.353,0.3067177,1.135431,-0.6626909,0.5760927,-0.5750311,0.3379641,0.4724796,
1,10,28.355,0.3067177,1.135431,-0.6626909,0.5760927,-0.5750311,0.3379641,0.4724796,
1,10,28.357,0.3067177,1.135431,-0.6626909,0.5760927,-0.5750311,0.3379641,0.4724796,
1,10,28.359,0.3068913,1.135373,-0.6626494,0.5756701,-0.5749032,0.3385925,0.4727001,
1,10,28.361,0.3068913,1.135373,-0.6626494,0.5756701,-0.5749032,0.3385925,0.4727001,
1,10,28.363,0.3068913,1.135373,-0.6626494,0.5756701,-0.5749032,0.3385925,0.4727001,
1,10,28.365,0.3068913,1.135373,-0.6626494,0.5756701,-0.5749032,0.3385925,0.4727001,
1,10,28.367,0.3068913,1.135373,-0.6626494,0.5756701,-0.5749032,0.3385925,0.4727001,
1,10,28.369,0.3070387,1.135305,-0.66272,0.5754008,-0.5748734,0.3389453,0.4728113,
1,10,28.371,0.3070387,1.135305,-0.66272,0.5754008,-0.5748734,0.3389453,0.4728113,
1,10,28.373,0.3070387,1.135305,-0.66272,0.5754008,-0.5748734,0.3389453,0.4728113,
1,10,28.375,0.3070387,1.135305,-0.66272,0.5754008,-0.5748734,0.3389453,0.4728113,
1,10,28.377,0.3071411,1.135253,-0.6630974,0.5751886,-0.5748446,0.3392188,0.4729085,
1,10,28.379,0.3071411,1.135253,-0.6630974,0.5751886,-0.5748446,0.3392188,0.4729085,
1,10,28.381,0.3071411,1.135253,-0.6630974,0.5751886,-0.5748446,0.3392188,0.4729085,
1,10,28.383,0.3071411,1.135253,-0.6630974,0.5751886,-0.5748446,0.3392188,0.4729085,
1,10,28.385,0.3071831,1.135288,-0.6633284,0.5751472,-0.574919,0.3393072,0.4728048,
1,10,28.387,0.3071831,1.135288,-0.6633284,0.5751472,-0.574919,0.3393072,0.4728048,
1,10,28.389,0.3071831,1.135288,-0.6633284,0.5751472,-0.574919,0.3393072,0.4728048,
1,10,28.391,0.3071831,1.135288,-0.6633284,0.5751472,-0.574919,0.3393072,0.4728048,
1,10,28.393,0.307218,1.135305,-0.6635291,0.5751198,-0.575056,0.3393468,0.4726432,
1,10,28.395,0.307218,1.135305,-0.6635291,0.5751198,-0.575056,0.3393468,0.4726432,
1,10,28.397,0.307218,1.135305,-0.6635291,0.5751198,-0.575056,0.3393468,0.4726432,
1,10,28.399,0.307218,1.135305,-0.6635291,0.5751198,-0.575056,0.3393468,0.4726432,
1,10,28.401,0.3072023,1.1354,-0.6637605,0.575186,-0.5752059,0.3393272,0.4723942,
1,10,28.403,0.3072023,1.1354,-0.6637605,0.575186,-0.5752059,0.3393272,0.4723942,
1,10,28.405,0.3072023,1.1354,-0.6637605,0.575186,-0.5752059,0.3393272,0.4723942,
1,10,28.407,0.3072023,1.1354,-0.6637605,0.575186,-0.5752059,0.3393272,0.4723942,
1,10,28.409,0.3072219,1.135499,-0.6640341,0.5751877,-0.5753302,0.3393601,0.4722172,
1,10,28.411,0.3072219,1.135499,-0.6640341,0.5751877,-0.5753302,0.3393601,0.4722172,
1,10,28.413,0.3072219,1.135499,-0.6640341,0.5751877,-0.5753302,0.3393601,0.4722172,
1,10,28.415,0.3072219,1.135499,-0.6640341,0.5751877,-0.5753302,0.3393601,0.4722172,
1,10,28.417,0.3072219,1.135499,-0.6640341,0.5751877,-0.5753302,0.3393601,0.4722172,
1,10,28.419,0.3072132,1.135535,-0.6643326,0.5751265,-0.5754918,0.3393402,0.4721091,
1,10,28.421,0.3072132,1.135535,-0.6643326,0.5751265,-0.5754918,0.3393402,0.4721091,
1,10,28.423,0.3072132,1.135535,-0.6643326,0.5751265,-0.5754918,0.3393402,0.4721091,
1,10,28.425,0.3072132,1.135535,-0.6643326,0.5751265,-0.5754918,0.3393402,0.4721091,
1,10,28.427,0.3072313,1.135572,-0.664656,0.5749904,-0.5756065,0.3393981,0.4720933,
1,10,28.429,0.3072313,1.135572,-0.664656,0.5749904,-0.5756065,0.3393981,0.4720933,
1,10,28.431,0.3072313,1.135572,-0.664656,0.5749904,-0.5756065,0.3393981,0.4720933,
1,10,28.433,0.3072313,1.135572,-0.664656,0.5749904,-0.5756065,0.3393981,0.4720933,
1,10,28.435,0.3072652,1.135619,-0.6648941,0.5748302,-0.5757278,0.3395285,0.4720468,
1,10,28.437,0.3072652,1.135619,-0.6648941,0.5748302,-0.5757278,0.3395285,0.4720468,
1,10,28.439,0.3072652,1.135619,-0.6648941,0.5748302,-0.5757278,0.3395285,0.4720468,
1,10,28.441,0.3072652,1.135619,-0.6648941,0.5748302,-0.5757278,0.3395285,0.4720468,
1,10,28.443,0.3072842,1.135689,-0.6651644,0.5746465,-0.5758632,0.3396526,0.472016,
1,10,28.445,0.3072842,1.135689,-0.6651644,0.5746465,-0.5758632,0.3396526,0.472016,
1,10,28.447,0.3072842,1.135689,-0.6651644,0.5746465,-0.5758632,0.3396526,0.472016,
1,10,28.449,0.3072842,1.135689,-0.6651644,0.5746465,-0.5758632,0.3396526,0.472016,
1,10,28.451,0.3073064,1.135673,-0.6655359,0.5743151,-0.576283,0.3396837,0.4718846,
1,10,28.453,0.3073064,1.135673,-0.6655359,0.5743151,-0.576283,0.3396837,0.4718846,
1,10,28.455,0.3073064,1.135673,-0.6655359,0.5743151,-0.576283,0.3396837,0.4718846,
1,10,28.457,0.3073064,1.135673,-0.6655359,0.5743151,-0.576283,0.3396837,0.4718846,
1,10,28.459,0.3073286,1.135735,-0.6657547,0.5741069,-0.5765162,0.3397543,0.4718022,
1,10,28.461,0.3073286,1.135735,-0.6657547,0.5741069,-0.5765162,0.3397543,0.4718022,
1,10,28.463,0.3073286,1.135735,-0.6657547,0.5741069,-0.5765162,0.3397543,0.4718022,
1,10,28.465,0.3073286,1.135735,-0.6657547,0.5741069,-0.5765162,0.3397543,0.4718022,
1,10,28.467,0.3073286,1.135735,-0.6657547,0.5741069,-0.5765162,0.3397543,0.4718022,
1,10,28.469,0.3073311,1.135685,-0.6660209,0.5737875,-0.576822,0.3398165,0.4717722,
1,10,28.471,0.3073311,1.135685,-0.6660209,0.5737875,-0.576822,0.3398165,0.4717722,
1,10,28.473,0.3073311,1.135685,-0.6660209,0.5737875,-0.576822,0.3398165,0.4717722,
1,10,28.475,0.3073311,1.135685,-0.6660209,0.5737875,-0.576822,0.3398165,0.4717722,
1,10,28.477,0.3073246,1.135569,-0.6663594,0.5734065,-0.577109,0.3398819,0.4718373,
1,10,28.479,0.3073246,1.135569,-0.6663594,0.5734065,-0.577109,0.3398819,0.4718373,
1,10,28.481,0.3073246,1.135569,-0.6663594,0.5734065,-0.577109,0.3398819,0.4718373,
1,10,28.483,0.3073246,1.135569,-0.6663594,0.5734065,-0.577109,0.3398819,0.4718373,
1,10,28.485,0.3074361,1.135525,-0.6664816,0.5729553,-0.5773305,0.3402473,0.4718511,
1,10,28.487,0.3074361,1.135525,-0.6664816,0.5729553,-0.5773305,0.3402473,0.4718511,
1,10,28.489,0.3074361,1.135525,-0.6664816,0.5729553,-0.5773305,0.3402473,0.4718511,
1,10,28.491,0.3074361,1.135525,-0.6664816,0.5729553,-0.5773305,0.3402473,0.4718511,
1,10,28.493,0.3075033,1.135411,-0.6666041,0.5724113,-0.5774772,0.340696,0.4720083,
1,10,28.495,0.3075033,1.135411,-0.6666041,0.5724113,-0.5774772,0.340696,0.4720083,
1,10,28.497,0.3075033,1.135411,-0.6666041,0.5724113,-0.5774772,0.340696,0.4720083,
1,10,28.499,0.3075033,1.135411,-0.6666041,0.5724113,-0.5774772,0.340696,0.4720083,
1,10,28.501,0.3075756,1.135379,-0.6666973,0.5718901,-0.5775326,0.3412499,0.4721719,
1,10,28.503,0.3075756,1.135379,-0.6666973,0.5718901,-0.5775326,0.3412499,0.4721719,
1,10,28.505,0.3075756,1.135379,-0.6666973,0.5718901,-0.5775326,0.3412499,0.4721719,
1,10,28.507,0.3075756,1.135379,-0.6666973,0.5718901,-0.5775326,0.3412499,0.4721719,
1,10,28.509,0.3076211,1.135363,-0.666829,0.5715087,-0.5776192,0.3416694,0.4722244,
1,10,28.511,0.3076211,1.135363,-0.666829,0.5715087,-0.5776192,0.3416694,0.4722244,
1,10,28.513,0.3076211,1.135363,-0.666829,0.5715087,-0.5776192,0.3416694,0.4722244,
1,10,28.515,0.3076211,1.135363,-0.666829,0.5715087,-0.5776192,0.3416694,0.4722244,
1,10,28.517,0.3076211,1.135363,-0.666829,0.5715087,-0.5776192,0.3416694,0.4722244,
1,10,28.519,0.3075373,1.135252,-0.6672057,0.5712562,-0.5778787,0.3417188,0.4721768,
1,10,28.521,0.3075373,1.135252,-0.6672057,0.5712562,-0.5778787,0.3417188,0.4721768,
1,10,28.523,0.3075373,1.135252,-0.6672057,0.5712562,-0.5778787,0.3417188,0.4721768,
1,10,28.525,0.3075373,1.135252,-0.6672057,0.5712562,-0.5778787,0.3417188,0.4721768,
1,10,28.527,0.3075367,1.135311,-0.6677875,0.5711284,-0.5781277,0.3419442,0.4718632,
1,10,28.529,0.3075367,1.135311,-0.6677875,0.5711284,-0.5781277,0.3419442,0.4718632,
1,10,28.531,0.3075367,1.135311,-0.6677875,0.5711284,-0.5781277,0.3419442,0.4718632,
1,10,28.533,0.3075367,1.135311,-0.6677875,0.5711284,-0.5781277,0.3419442,0.4718632,
1,10,28.535,0.3075373,1.135143,-0.6681268,0.5709882,-0.5784225,0.3420081,0.4716252,
1,10,28.537,0.3075373,1.135143,-0.6681268,0.5709882,-0.5784225,0.3420081,0.4716252,
1,10,28.539,0.3075373,1.135143,-0.6681268,0.5709882,-0.5784225,0.3420081,0.4716252,
1,10,28.541,0.3075373,1.135143,-0.6681268,0.5709882,-0.5784225,0.3420081,0.4716252,
1,10,28.543,0.3075279,1.135,-0.6685231,0.5709154,-0.5787419,0.3420143,0.4713169,
1,10,28.545,0.3075279,1.135,-0.6685231,0.5709154,-0.5787419,0.3420143,0.4713169,
1,10,28.547,0.3075279,1.135,-0.6685231,0.5709154,-0.5787419,0.3420143,0.4713169,
1,10,28.549,0.3075279,1.135,-0.6685231,0.5709154,-0.5787419,0.3420143,0.4713169,
1,10,28.551,0.3075262,1.135011,-0.6688728,0.5709418,-0.5789593,0.3421316,0.4709326,
1,10,28.553,0.3075262,1.135011,-0.6688728,0.5709418,-0.5789593,0.3421316,0.4709326,
1,10,28.555,0.3075262,1.135011,-0.6688728,0.5709418,-0.5789593,0.3421316,0.4709326,
1,10,28.557,0.3075262,1.135011,-0.6688728,0.5709418,-0.5789593,0.3421316,0.4709326,
1,10,28.559,0.3075822,1.135044,-0.6690233,0.5708869,-0.5790446,0.3425338,0.470602,
1,10,28.561,0.3075822,1.135044,-0.6690233,0.5708869,-0.5790446,0.3425338,0.470602,
1,10,28.563,0.3075822,1.135044,-0.6690233,0.5708869,-0.5790446,0.3425338,0.470602,
1,10,28.565,0.3075822,1.135044,-0.6690233,0.5708869,-0.5790446,0.3425338,0.470602,
1,10,28.567,0.3075822,1.135044,-0.6690233,0.5708869,-0.5790446,0.3425338,0.470602,
1,10,28.569,0.3076056,1.134901,-0.6692353,0.5707251,-0.5790972,0.342913,0.4704573,
1,10,28.571,0.3076056,1.134901,-0.6692353,0.5707251,-0.5790972,0.342913,0.4704573,
1,10,28.573,0.3076056,1.134901,-0.6692353,0.5707251,-0.5790972,0.342913,0.4704573,
1,10,28.575,0.3076056,1.134901,-0.6692353,0.5707251,-0.5790972,0.342913,0.4704573,
1,10,28.577,0.3075735,1.134701,-0.6694753,0.5705506,-0.5791709,0.3432372,0.4703415,
1,10,28.579,0.3075735,1.134701,-0.6694753,0.5705506,-0.5791709,0.3432372,0.4703415,
1,10,28.581,0.3075735,1.134701,-0.6694753,0.5705506,-0.5791709,0.3432372,0.4703415,
1,10,28.583,0.3075735,1.134701,-0.6694753,0.5705506,-0.5791709,0.3432372,0.4703415,
1,10,28.585,0.3075017,1.134502,-0.66966,0.5704149,-0.5792484,0.3435503,0.4701823,
1,10,28.587,0.3075017,1.134502,-0.66966,0.5704149,-0.5792484,0.3435503,0.4701823,
1,10,28.589,0.3075017,1.134502,-0.66966,0.5704149,-0.5792484,0.3435503,0.4701823,
1,10,28.591,0.3075017,1.134502,-0.66966,0.5704149,-0.5792484,0.3435503,0.4701823,
1,10,28.593,0.3074011,1.134065,-0.66979,0.5701433,-0.5795165,0.343704,0.470069,
1,10,28.595,0.3074011,1.134065,-0.66979,0.5701433,-0.5795165,0.343704,0.470069,
1,10,28.597,0.3074011,1.134065,-0.66979,0.5701433,-0.5795165,0.343704,0.470069,
1,10,28.599,0.3074011,1.134065,-0.66979,0.5701433,-0.5795165,0.343704,0.470069,
1,10,28.601,0.3073012,1.133844,-0.6699508,0.570055,-0.5795001,0.3441625,0.4698607,
1,10,28.603,0.3073012,1.133844,-0.6699508,0.570055,-0.5795001,0.3441625,0.4698607,
1,10,28.605,0.3073012,1.133844,-0.6699508,0.570055,-0.5795001,0.3441625,0.4698607,
1,10,28.607,0.3073012,1.133844,-0.6699508,0.570055,-0.5795001,0.3441625,0.4698607,
1,10,28.609,0.3072765,1.133957,-0.6700404,0.5701088,-0.5792617,0.3446596,0.469725,
1,10,28.611,0.3072765,1.133957,-0.6700404,0.5701088,-0.5792617,0.3446596,0.469725,
1,10,28.613,0.3072765,1.133957,-0.6700404,0.5701088,-0.5792617,0.3446596,0.469725,
1,10,28.615,0.3072765,1.133957,-0.6700404,0.5701088,-0.5792617,0.3446596,0.469725,
1,10,28.617,0.3072765,1.133957,-0.6700404,0.5701088,-0.5792617,0.3446596,0.469725,
1,10,28.619,0.3072866,1.134045,-0.6698877,0.5701215,-0.579068,0.3452825,0.4694909,
1,10,28.621,0.3072866,1.134045,-0.6698877,0.5701215,-0.579068,0.3452825,0.4694909,
1,10,28.623,0.3072866,1.134045,-0.6698877,0.5701215,-0.579068,0.3452825,0.4694909,
1,10,28.625,0.3072866,1.134045,-0.6698877,0.5701215,-0.579068,0.3452825,0.4694909,
1,10,28.627,0.3071741,1.134139,-0.6698322,0.5701644,-0.5789199,0.345765,0.4692663,
1,10,28.629,0.3071741,1.134139,-0.6698322,0.5701644,-0.5789199,0.345765,0.4692663,
1,10,28.631,0.3071741,1.134139,-0.6698322,0.5701644,-0.5789199,0.345765,0.4692663,
1,10,28.633,0.3071741,1.134139,-0.6698322,0.5701644,-0.5789199,0.345765,0.4692663,
1,10,28.635,0.3070596,1.133953,-0.6698225,0.5700705,-0.5788962,0.3460272,0.4692163,
1,10,28.637,0.3070596,1.133953,-0.6698225,0.5700705,-0.5788962,0.3460272,0.4692163,
1,10,28.639,0.3070596,1.133953,-0.6698225,0.5700705,-0.5788962,0.3460272,0.4692163,
1,10,28.641,0.3070596,1.133953,-0.6698225,0.5700705,-0.5788962,0.3460272,0.4692163,
1,10,28.643,0.3069014,1.133714,-0.6699144,0.5699785,-0.5788998,0.3461598,0.4692259,
1,10,28.645,0.3069014,1.133714,-0.6699144,0.5699785,-0.5788998,0.3461598,0.4692259,
1,10,28.647,0.3069014,1.133714,-0.6699144,0.5699785,-0.5788998,0.3461598,0.4692259,
1,10,28.649,0.3069014,1.133714,-0.6699144,0.5699785,-0.5788998,0.3461598,0.4692259,
1,10,28.651,0.3067146,1.133503,-0.6701077,0.5699438,-0.5789018,0.3461598,0.4692657,
1,10,28.653,0.3067146,1.133503,-0.6701077,0.5699438,-0.5789018,0.3461598,0.4692657,
1,10,28.655,0.3067146,1.133503,-0.6701077,0.5699438,-0.5789018,0.3461598,0.4692657,
1,10,28.657,0.3067146,1.133503,-0.6701077,0.5699438,-0.5789018,0.3461598,0.4692657,
1,10,28.659,0.3065443,1.1333,-0.670339,0.5699649,-0.5789084,0.3460821,0.4692892,
1,10,28.661,0.3065443,1.1333,-0.670339,0.5699649,-0.5789084,0.3460821,0.4692892,
1,10,28.663,0.3065443,1.1333,-0.670339,0.5699649,-0.5789084,0.3460821,0.4692892,
1,10,28.665,0.3065443,1.1333,-0.670339,0.5699649,-0.5789084,0.3460821,0.4692892,
1,10,28.667,0.3065443,1.1333,-0.670339,0.5699649,-0.5789084,0.3460821,0.4692892,
1,10,28.669,0.3063892,1.133082,-0.6706053,0.5699734,-0.5789382,0.3459574,0.4693339,
1,10,28.671,0.3063892,1.133082,-0.6706053,0.5699734,-0.5789382,0.3459574,0.4693339,
1,10,28.673,0.3063892,1.133082,-0.6706053,0.5699734,-0.5789382,0.3459574,0.4693339,
1,10,28.675,0.3063892,1.133082,-0.6706053,0.5699734,-0.5789382,0.3459574,0.4693339,
1,10,28.677,0.3062133,1.132854,-0.6708736,0.5699999,-0.5790396,0.3458733,0.4692387,
1,10,28.679,0.3062133,1.132854,-0.6708736,0.5699999,-0.5790396,0.3458733,0.4692387,
1,10,28.681,0.3062133,1.132854,-0.6708736,0.5699999,-0.5790396,0.3458733,0.4692387,
1,10,28.683,0.3062133,1.132854,-0.6708736,0.5699999,-0.5790396,0.3458733,0.4692387,
1,10,28.685,0.3061271,1.132691,-0.6711599,0.5699556,-0.5791019,0.3458411,0.4692393,
1,10,28.687,0.3061271,1.132691,-0.6711599,0.5699556,-0.5791019,0.3458411,0.4692393,
1,10,28.689,0.3061271,1.132691,-0.6711599,0.5699556,-0.5791019,0.3458411,0.4692393,
1,10,28.691,0.3061271,1.132691,-0.6711599,0.5699556,-0.5791019,0.3458411,0.4692393,
1,10,28.693,0.305988,1.132575,-0.6713431,0.5698892,-0.5792331,0.3458944,0.4691188,
1,10,28.695,0.305988,1.132575,-0.6713431,0.5698892,-0.5792331,0.3458944,0.4691188,
1,10,28.697,0.305988,1.132575,-0.6713431,0.5698892,-0.5792331,0.3458944,0.4691188,
1,10,28.699,0.305988,1.132575,-0.6713431,0.5698892,-0.5792331,0.3458944,0.4691188,
1,10,28.701,0.305878,1.13248,-0.6714025,0.5697676,-0.5794486,0.3460871,0.4688582,
1,10,28.703,0.305878,1.13248,-0.6714025,0.5697676,-0.5794486,0.3460871,0.4688582,
1,10,28.705,0.305878,1.13248,-0.6714025,0.5697676,-0.5794486,0.3460871,0.4688582,
1,10,28.707,0.305878,1.13248,-0.6714025,0.5697676,-0.5794486,0.3460871,0.4688582,
1,10,28.709,0.3057385,1.132448,-0.671399,0.5696068,-0.5796067,0.3464383,0.4685986,
1,10,28.711,0.3057385,1.132448,-0.671399,0.5696068,-0.5796067,0.3464383,0.4685986,
1,10,28.713,0.3057385,1.132448,-0.671399,0.5696068,-0.5796067,0.3464383,0.4685986,
1,10,28.715,0.3057385,1.132448,-0.671399,0.5696068,-0.5796067,0.3464383,0.4685986,
1,10,28.717,0.3057385,1.132448,-0.671399,0.5696068,-0.5796067,0.3464383,0.4685986,
1,10,28.719,0.3056216,1.132508,-0.6715065,0.5693833,-0.579581,0.3470104,0.4684786,
1,10,28.721,0.3056216,1.132508,-0.6715065,0.5693833,-0.579581,0.3470104,0.4684786,
1,10,28.723,0.3056216,1.132508,-0.6715065,0.5693833,-0.579581,0.3470104,0.4684786,
1,10,28.725,0.3056216,1.132508,-0.6715065,0.5693833,-0.579581,0.3470104,0.4684786,
1,10,28.727,0.3054853,1.132566,-0.6714799,0.5689475,-0.5794228,0.3479337,0.468519,
1,10,28.729,0.3054853,1.132566,-0.6714799,0.5689475,-0.5794228,0.3479337,0.468519,
1,10,28.731,0.3054853,1.132566,-0.6714799,0.5689475,-0.5794228,0.3479337,0.468519,
1,10,28.733,0.3054853,1.132566,-0.6714799,0.5689475,-0.5794228,0.3479337,0.468519,
1,10,28.735,0.3054159,1.132646,-0.6713736,0.5683773,-0.5791672,0.3491356,0.4686331,
1,10,28.737,0.3054159,1.132646,-0.6713736,0.5683773,-0.5791672,0.3491356,0.4686331,
1,10,28.739,0.3054159,1.132646,-0.6713736,0.5683773,-0.5791672,0.3491356,0.4686331,
1,10,28.741,0.3054159,1.132646,-0.6713736,0.5683773,-0.5791672,0.3491356,0.4686331,
1,10,28.743,0.3052945,1.132579,-0.671221,0.5676404,-0.5789982,0.3504005,0.468791,
1,10,28.745,0.3052945,1.132579,-0.671221,0.5676404,-0.5789982,0.3504005,0.468791,
1,10,28.747,0.3052945,1.132579,-0.671221,0.5676404,-0.5789982,0.3504005,0.468791,
1,10,28.749,0.3052945,1.132579,-0.671221,0.5676404,-0.5789982,0.3504005,0.468791,
1,10,28.751,0.3051333,1.132311,-0.6709895,0.5666791,-0.5791289,0.351831,0.4687214,
1,10,28.753,0.3051333,1.132311,-0.6709895,0.5666791,-0.5791289,0.351831,0.4687214,
1,10,28.755,0.3051333,1.132311,-0.6709895,0.5666791,-0.5791289,0.351831,0.4687214,
1,10,28.757,0.3051333,1.132311,-0.6709895,0.5666791,-0.5791289,0.351831,0.4687214,
1,10,28.759,0.3050061,1.132057,-0.6709508,0.5661942,-0.579459,0.3523632,0.4684992,
1,10,28.761,0.3050061,1.132057,-0.6709508,0.5661942,-0.579459,0.3523632,0.4684992,
1,10,28.763,0.3050061,1.132057,-0.6709508,0.5661942,-0.579459,0.3523632,0.4684992,
1,10,28.765,0.3050061,1.132057,-0.6709508,0.5661942,-0.579459,0.3523632,0.4684992,
1,10,28.767,0.3050061,1.132057,-0.6709508,0.5661942,-0.579459,0.3523632,0.4684992,
1,10,28.769,0.304867,1.131853,-0.6709024,0.5658399,-0.5799069,0.3528188,0.46803,
1,10,28.771,0.304867,1.131853,-0.6709024,0.5658399,-0.5799069,0.3528188,0.46803,
1,10,28.773,0.304867,1.131853,-0.6709024,0.5658399,-0.5799069,0.3528188,0.46803,
1,10,28.775,0.304867,1.131853,-0.6709024,0.5658399,-0.5799069,0.3528188,0.46803,
1,10,28.777,0.3048255,1.131975,-0.6706916,0.565551,-0.5801225,0.3536279,0.4675012,
1,10,28.779,0.3048255,1.131975,-0.6706916,0.565551,-0.5801225,0.3536279,0.4675012,
1,10,28.781,0.3048255,1.131975,-0.6706916,0.565551,-0.5801225,0.3536279,0.4675012,
1,10,28.783,0.3048255,1.131975,-0.6706916,0.565551,-0.5801225,0.3536279,0.4675012,
1,10,28.785,0.3047905,1.131984,-0.6705741,0.5652179,-0.5802203,0.3544044,0.4671944,
1,10,28.787,0.3047905,1.131984,-0.6705741,0.5652179,-0.5802203,0.3544044,0.4671944,
1,10,28.789,0.3047905,1.131984,-0.6705741,0.5652179,-0.5802203,0.3544044,0.4671944,
1,10,28.791,0.3047905,1.131984,-0.6705741,0.5652179,-0.5802203,0.3544044,0.4671944,
1,10,28.793,0.3047482,1.131875,-0.6705392,0.5648953,-0.5802938,0.3550456,0.4670066,
1,10,28.795,0.3047482,1.131875,-0.6705392,0.5648953,-0.5802938,0.3550456,0.4670066,
1,10,28.797,0.3047482,1.131875,-0.6705392,0.5648953,-0.5802938,0.3550456,0.4670066,
1,10,28.799,0.3047482,1.131875,-0.6705392,0.5648953,-0.5802938,0.3550456,0.4670066,
1,10,28.801,0.3046896,1.131822,-0.6705287,0.5646614,-0.5803308,0.3555734,0.4668418,
1,10,28.803,0.3046896,1.131822,-0.6705287,0.5646614,-0.5803308,0.3555734,0.4668418,
1,10,28.805,0.3046896,1.131822,-0.6705287,0.5646614,-0.5803308,0.3555734,0.4668418,
1,10,28.807,0.3046896,1.131822,-0.6705287,0.5646614,-0.5803308,0.3555734,0.4668418,
1,10,28.809,0.3046985,1.1318,-0.6706204,0.5644143,-0.5803149,0.3560271,0.4668147,
1,10,28.811,0.3046985,1.1318,-0.6706204,0.5644143,-0.5803149,0.3560271,0.4668147,
1,10,28.813,0.3046985,1.1318,-0.6706204,0.5644143,-0.5803149,0.3560271,0.4668147,
1,10,28.815,0.3046985,1.1318,-0.6706204,0.5644143,-0.5803149,0.3560271,0.4668147,
1,10,28.817,0.3046985,1.1318,-0.6706204,0.5644143,-0.5803149,0.3560271,0.4668147,
1,10,28.819,0.3046796,1.131763,-0.6706534,0.5641931,-0.5803854,0.3563579,0.4667419,
1,10,28.821,0.3046796,1.131763,-0.6706534,0.5641931,-0.5803854,0.3563579,0.4667419,
1,10,28.823,0.3046796,1.131763,-0.6706534,0.5641931,-0.5803854,0.3563579,0.4667419,
1,10,28.825,0.3046796,1.131763,-0.6706534,0.5641931,-0.5803854,0.3563579,0.4667419,
1,10,28.827,0.3045484,1.131625,-0.6705251,0.5638655,-0.5806953,0.3566549,0.4665253,
1,10,28.829,0.3045484,1.131625,-0.6705251,0.5638655,-0.5806953,0.3566549,0.4665253,
1,10,28.831,0.3045484,1.131625,-0.6705251,0.5638655,-0.5806953,0.3566549,0.4665253,
1,10,28.833,0.3045484,1.131625,-0.6705251,0.5638655,-0.5806953,0.3566549,0.4665253,
1,10,28.835,0.304428,1.131578,-0.6703371,0.5636594,-0.5808853,0.3568015,0.4664259,
1,10,28.837,0.304428,1.131578,-0.6703371,0.5636594,-0.5808853,0.3568015,0.4664259,
1,10,28.839,0.304428,1.131578,-0.6703371,0.5636594,-0.5808853,0.3568015,0.4664259,
1,10,28.841,0.304428,1.131578,-0.6703371,0.5636594,-0.5808853,0.3568015,0.4664259,
1,10,28.843,0.3043187,1.131455,-0.6700504,0.563337,-0.5809864,0.3569368,0.466586,
1,10,28.845,0.3043187,1.131455,-0.6700504,0.563337,-0.5809864,0.3569368,0.466586,
1,10,28.847,0.3043187,1.131455,-0.6700504,0.563337,-0.5809864,0.3569368,0.466586,
1,10,28.849,0.3043187,1.131455,-0.6700504,0.563337,-0.5809864,0.3569368,0.466586,
1,10,28.851,0.3041986,1.131287,-0.6696733,0.5628475,-0.5809054,0.3571531,0.4671116,
1,10,28.853,0.3041986,1.131287,-0.6696733,0.5628475,-0.5809054,0.3571531,0.4671116,
1,10,28.855,0.3041986,1.131287,-0.6696733,0.5628475,-0.5809054,0.3571531,0.4671116,
1,10,28.857,0.3041986,1.131287,-0.6696733,0.5628475,-0.5809054,0.3571531,0.4671116,
1,10,28.859,0.3040803,1.131172,-0.6693661,0.5623433,-0.580592,0.3572667,0.4680208,
1,10,28.861,0.3040803,1.131172,-0.6693661,0.5623433,-0.580592,0.3572667,0.4680208,
1,10,28.863,0.3040803,1.131172,-0.6693661,0.5623433,-0.580592,0.3572667,0.4680208,
1,10,28.865,0.3040803,1.131172,-0.6693661,0.5623433,-0.580592,0.3572667,0.4680208,
1,10,28.867,0.3040803,1.131172,-0.6693661,0.5623433,-0.580592,0.3572667,0.4680208,
1,10,28.869,0.3039291,1.131079,-0.6690959,0.5619193,-0.5801705,0.3571036,0.4691759,
1,10,28.871,0.3039291,1.131079,-0.6690959,0.5619193,-0.5801705,0.3571036,0.4691759,
1,10,28.873,0.3039291,1.131079,-0.6690959,0.5619193,-0.5801705,0.3571036,0.4691759,
1,10,28.875,0.3039291,1.131079,-0.6690959,0.5619193,-0.5801705,0.3571036,0.4691759,
1,10,28.877,0.3036895,1.130696,-0.6688981,0.5615328,-0.5800284,0.3562924,0.4704293,
1,10,28.879,0.3036895,1.130696,-0.6688981,0.5615328,-0.5800284,0.3562924,0.4704293,
1,10,28.881,0.3036895,1.130696,-0.6688981,0.5615328,-0.5800284,0.3562924,0.4704293,
1,10,28.883,0.3036895,1.130696,-0.6688981,0.5615328,-0.5800284,0.3562924,0.4704293,
1,10,28.885,0.3034717,1.130564,-0.6686649,0.5614822,-0.579697,0.3552975,0.4716492,
1,10,28.887,0.3034717,1.130564,-0.6686649,0.5614822,-0.579697,0.3552975,0.4716492,
1,10,28.889,0.3034717,1.130564,-0.6686649,0.5614822,-0.579697,0.3552975,0.4716492,
1,10,28.891,0.3034717,1.130564,-0.6686649,0.5614822,-0.579697,0.3552975,0.4716492,
1,10,28.893,0.3031316,1.130684,-0.6684436,0.5618803,-0.5792788,0.3538945,0.4727425,
1,10,28.895,0.3031316,1.130684,-0.6684436,0.5618803,-0.5792788,0.3538945,0.4727425,
1,10,28.897,0.3031316,1.130684,-0.6684436,0.5618803,-0.5792788,0.3538945,0.4727425,
1,10,28.899,0.3031316,1.130684,-0.6684436,0.5618803,-0.5792788,0.3538945,0.4727425,
1,10,28.901,0.3025592,1.130513,-0.6679167,0.5625458,-0.5790758,0.3507332,0.4745521,
1,10,28.903,0.3025592,1.130513,-0.6679167,0.5625458,-0.5790758,0.3507332,0.4745521,
1,10,28.905,0.3025592,1.130513,-0.6679167,0.5625458,-0.5790758,0.3507332,0.4745521,
1,10,28.907,0.3025592,1.130513,-0.6679167,0.5625458,-0.5790758,0.3507332,0.4745521,
1,10,28.909,0.3021382,1.130798,-0.6675541,0.5634063,-0.5783517,0.3484571,0.4760888,
1,10,28.911,0.3021382,1.130798,-0.6675541,0.5634063,-0.5783517,0.3484571,0.4760888,
1,10,28.913,0.3021382,1.130798,-0.6675541,0.5634063,-0.5783517,0.3484571,0.4760888,
1,10,28.915,0.3021382,1.130798,-0.6675541,0.5634063,-0.5783517,0.3484571,0.4760888,
1,10,28.917,0.3021382,1.130798,-0.6675541,0.5634063,-0.5783517,0.3484571,0.4760888,
1,10,28.919,0.3018001,1.130769,-0.6673161,0.5640808,-0.5773295,0.3459335,0.4783655,
1,10,28.921,0.3018001,1.130769,-0.6673161,0.5640808,-0.5773295,0.3459335,0.4783655,
1,10,28.923,0.3018001,1.130769,-0.6673161,0.5640808,-0.5773295,0.3459335,0.4783655,
1,10,28.925,0.3018001,1.130769,-0.6673161,0.5640808,-0.5773295,0.3459335,0.4783655,
1,10,28.927,0.3013839,1.1307,-0.6671848,0.564926,-0.5760042,0.342923,0.4811253,
1,10,28.929,0.3013839,1.1307,-0.6671848,0.564926,-0.5760042,0.342923,0.4811253,
1,10,28.931,0.3013839,1.1307,-0.6671848,0.564926,-0.5760042,0.342923,0.4811253,
1,10,28.933,0.3013839,1.1307,-0.6671848,0.564926,-0.5760042,0.342923,0.4811253,
1,10,28.935,0.3009937,1.130919,-0.6672499,0.5660893,-0.5741481,0.3396457,0.484291,
1,10,28.937,0.3009937,1.130919,-0.6672499,0.5660893,-0.5741481,0.3396457,0.484291,
1,10,28.939,0.3009937,1.130919,-0.6672499,0.5660893,-0.5741481,0.3396457,0.484291,
1,10,28.941,0.3009937,1.130919,-0.6672499,0.5660893,-0.5741481,0.3396457,0.484291,
1,10,28.943,0.3006614,1.130916,-0.6674657,0.567443,-0.5723192,0.335584,0.4876913,
1,10,28.945,0.3006614,1.130916,-0.6674657,0.567443,-0.5723192,0.335584,0.4876913,
1,10,28.947,0.3006614,1.130916,-0.6674657,0.567443,-0.5723192,0.335584,0.4876913,
1,10,28.949,0.3006614,1.130916,-0.6674657,0.567443,-0.5723192,0.335584,0.4876913,
1,10,28.951,0.3003069,1.130978,-0.6677268,0.5691921,-0.5705639,0.3308081,0.4909617,
1,10,28.953,0.3003069,1.130978,-0.6677268,0.5691921,-0.5705639,0.3308081,0.4909617,
1,10,28.955,0.3003069,1.130978,-0.6677268,0.5691921,-0.5705639,0.3308081,0.4909617,
1,10,28.957,0.3003069,1.130978,-0.6677268,0.5691921,-0.5705639,0.3308081,0.4909617,
1,10,28.959,0.3001706,1.13053,-0.6682459,0.5709553,-0.5692141,0.3250634,0.4943067,
1,10,28.961,0.3001706,1.13053,-0.6682459,0.5709553,-0.5692141,0.3250634,0.4943067,
1,10,28.963,0.3001706,1.13053,-0.6682459,0.5709553,-0.5692141,0.3250634,0.4943067,
1,10,28.965,0.3001706,1.13053,-0.6682459,0.5709553,-0.5692141,0.3250634,0.4943067,
1,10,28.967,0.3001706,1.13053,-0.6682459,0.5709553,-0.5692141,0.3250634,0.4943067,
1,10,28.969,0.300065,1.130266,-0.6689126,0.5730975,-0.5674993,0.3190465,0.4977079,
1,10,28.971,0.300065,1.130266,-0.6689126,0.5730975,-0.5674993,0.3190465,0.4977079,
1,10,28.973,0.300065,1.130266,-0.6689126,0.5730975,-0.5674993,0.3190465,0.4977079,
1,10,28.975,0.300065,1.130266,-0.6689126,0.5730975,-0.5674993,0.3190465,0.4977079,
1,10,28.977,0.3004144,1.129864,-0.6703996,0.5763807,-0.564121,0.3099054,0.5034992,
1,10,28.979,0.3004144,1.129864,-0.6703996,0.5763807,-0.564121,0.3099054,0.5034992,
1,10,28.981,0.3004144,1.129864,-0.6703996,0.5763807,-0.564121,0.3099054,0.5034992,
1,10,28.983,0.3004144,1.129864,-0.6703996,0.5763807,-0.564121,0.3099054,0.5034992,
1,10,28.985,0.3009678,1.129547,-0.6718072,0.5783802,-0.5611107,0.3038278,0.5082518,
1,10,28.987,0.3009678,1.129547,-0.6718072,0.5783802,-0.5611107,0.3038278,0.5082518,
1,10,28.989,0.3009678,1.129547,-0.6718072,0.5783802,-0.5611107,0.3038278,0.5082518,
1,10,28.991,0.3009678,1.129547,-0.6718072,0.5783802,-0.5611107,0.3038278,0.5082518,
1,10,28.993,0.301858,1.129101,-0.673135,0.5798904,-0.5572196,0.2982689,0.5140711,
1,10,28.995,0.301858,1.129101,-0.673135,0.5798904,-0.5572196,0.2982689,0.5140711,
1,10,28.997,0.301858,1.129101,-0.673135,0.5798904,-0.5572196,0.2982689,0.5140711,
1,10,28.999,0.301858,1.129101,-0.673135,0.5798904,-0.5572196,0.2982689,0.5140711,
1,10,29.001,0.3031399,1.128395,-0.6749789,0.581045,-0.5526359,0.29269,0.5208769,
1,10,29.003,0.3031399,1.128395,-0.6749789,0.581045,-0.5526359,0.29269,0.5208769,
1,10,29.005,0.3031399,1.128395,-0.6749789,0.581045,-0.5526359,0.29269,0.5208769,
1,10,29.007,0.3031399,1.128395,-0.6749789,0.581045,-0.5526359,0.29269,0.5208769,
1,10,29.009,0.3045333,1.12744,-0.676861,0.5820182,-0.5478894,0.2868673,0.5279954,
1,10,29.011,0.3045333,1.12744,-0.676861,0.5820182,-0.5478894,0.2868673,0.5279954,
1,10,29.013,0.3045333,1.12744,-0.676861,0.5820182,-0.5478894,0.2868673,0.5279954,
1,10,29.015,0.3045333,1.12744,-0.676861,0.5820182,-0.5478894,0.2868673,0.5279954,
1,10,29.017,0.3045333,1.12744,-0.676861,0.5820182,-0.5478894,0.2868673,0.5279954,
1,10,29.019,0.30585,1.126545,-0.6787247,0.583185,-0.5437064,0.2803147,0.5345114,
1,10,29.021,0.30585,1.126545,-0.6787247,0.583185,-0.5437064,0.2803147,0.5345114,
1,10,29.023,0.30585,1.126545,-0.6787247,0.583185,-0.5437064,0.2803147,0.5345114,
1,10,29.025,0.30585,1.126545,-0.6787247,0.583185,-0.5437064,0.2803147,0.5345114,
1,10,29.027,0.3070415,1.125588,-0.6808288,0.5846208,-0.5400581,0.2730297,0.5403801,
1,10,29.029,0.3070415,1.125588,-0.6808288,0.5846208,-0.5400581,0.2730297,0.5403801,
1,10,29.031,0.3070415,1.125588,-0.6808288,0.5846208,-0.5400581,0.2730297,0.5403801,
1,10,29.033,0.3070415,1.125588,-0.6808288,0.5846208,-0.5400581,0.2730297,0.5403801,
1,10,29.035,0.3079886,1.12458,-0.6826345,0.5862667,-0.5375495,0.2648888,0.5451292,
1,10,29.037,0.3079886,1.12458,-0.6826345,0.5862667,-0.5375495,0.2648888,0.5451292,
1,10,29.039,0.3079886,1.12458,-0.6826345,0.5862667,-0.5375495,0.2648888,0.5451292,
1,10,29.041,0.3079886,1.12458,-0.6826345,0.5862667,-0.5375495,0.2648888,0.5451292,
1,10,29.043,0.3085095,1.123299,-0.6841633,0.5877821,-0.5359812,0.2562401,0.5491607,
1,10,29.045,0.3085095,1.123299,-0.6841633,0.5877821,-0.5359812,0.2562401,0.5491607,
1,10,29.047,0.3085095,1.123299,-0.6841633,0.5877821,-0.5359812,0.2562401,0.5491607,
1,10,29.049,0.3085095,1.123299,-0.6841633,0.5877821,-0.5359812,0.2562401,0.5491607,
1,10,29.051,0.3082708,1.12205,-0.6854353,0.5898107,-0.5346735,0.2435823,0.5539992,
1,10,29.053,0.3082708,1.12205,-0.6854353,0.5898107,-0.5346735,0.2435823,0.5539992,
1,10,29.055,0.3082708,1.12205,-0.6854353,0.5898107,-0.5346735,0.2435823,0.5539992,
1,10,29.057,0.3082708,1.12205,-0.6854353,0.5898107,-0.5346735,0.2435823,0.5539992,
1,10,29.059,0.3074666,1.121393,-0.685903,0.590551,-0.5336383,0.236024,0.5574696,
1,10,29.061,0.3074666,1.121393,-0.685903,0.590551,-0.5336383,0.236024,0.5574696,
1,10,29.063,0.3074666,1.121393,-0.685903,0.590551,-0.5336383,0.236024,0.5574696,
1,10,29.065,0.3074666,1.121393,-0.685903,0.590551,-0.5336383,0.236024,0.5574696,
1,10,29.067,0.3074666,1.121393,-0.685903,0.590551,-0.5336383,0.236024,0.5574696,
1,10,29.069,0.3062779,1.120683,-0.685725,0.5905252,-0.5318182,0.2298684,0.5617918,
1,10,29.071,0.3062779,1.120683,-0.685725,0.5905252,-0.5318182,0.2298684,0.5617918,
1,10,29.073,0.3062779,1.120683,-0.685725,0.5905252,-0.5318182,0.2298684,0.5617918,
1,10,29.075,0.3062779,1.120683,-0.685725,0.5905252,-0.5318182,0.2298684,0.5617918,
1,10,29.077,0.3046978,1.119916,-0.6849933,0.5897712,-0.5296713,0.2247492,0.5666624,
1,10,29.079,0.3046978,1.119916,-0.6849933,0.5897712,-0.5296713,0.2247492,0.5666624,
1,10,29.081,0.3046978,1.119916,-0.6849933,0.5897712,-0.5296713,0.2247492,0.5666624,CourtEnter
1,10,29.083,0.3046978,1.119916,-0.6849933,0.5897712,-0.5296713,0.2247492,0.5666624,
1,10,29.085,0.3030036,1.119579,-0.6839805,0.5887796,-0.5270052,0.2206221,0.5717779,
1,10,29.087,0.3030036,1.119579,-0.6839805,0.5887796,-0.5270052,0.2206221,0.5717779,
1,10,29.089,0.3030036,1.119579,-0.6839805,0.5887796,-0.5270052,0.2206221,0.5717779,
1,10,29.091,0.3030036,1.119579,-0.6839805,0.5887796,-0.5270052,0.2206221,0.5717779,CourtExit
1,10,29.093,0.3008632,1.119386,-0.6830472,0.5876414,-0.523991,0.2165928,0.5772336,
1,10,29.095,0.3008632,1.119386,-0.6830472,0.5876414,-0.523991,0.2165928,0.5772336,
1,10,29.097,0.3008632,1.119386,-0.6830472,0.5876414,-0.523991,0.2165928,0.5772336,
1,10,29.099,0.3008632,1.119386,-0.6830472,0.5876414,-0.523991,0.2165928,0.5772336,
1,10,29.101,0.2985356,1.119164,-0.6820726,0.5865194,-0.5213441,0.2120267,0.5824432,
1,10,29.103,0.2985356,1.119164,-0.6820726,0.5865194,-0.5213441,0.2120267,0.5824432,
1,10,29.105,0.2985356,1.119164,-0.6820726,0.5865194,-0.5213441,0.2120267,0.5824432,
1,10,29.107,0.2985356,1.119164,-0.6820726,0.5865194,-0.5213441,0.2120267,0.5824432,
1,10,29.109,0.296397,1.119449,-0.6810758,0.5857528,-0.5191144,0.207138,0.5869479,
1,10,29.111,0.296397,1.119449,-0.6810758,0.5857528,-0.5191144,0.207138,0.5869479,
1,10,29.113,0.296397,1.119449,-0.6810758,0.5857528,-0.5191144,0.207138,0.5869479,
1,10,29.115,0.296397,1.119449,-0.6810758,0.5857528,-0.5191144,0.207138,0.5869479,
1,10,29.117,0.296397,1.119449,-0.6810758,0.5857528,-0.5191144,0.207138,0.5869479,
1,10,29.119,0.2941607,1.119459,-0.6800652,0.5851719,-0.5178706,0.2010021,0.590747,
1,10,29.121,0.2941607,1.119459,-0.6800652,0.5851719,-0.5178706,0.2010021,0.590747,
1,10,29.123,0.2941607,1.119459,-0.6800652,0.5851719,-0.5178706,0.2010021,0.590747,
1,10,29.125,0.2941607,1.119459,-0.6800652,0.5851719,-0.5178706,0.2010021,0.590747,
1,10,29.127,0.2919725,1.119979,-0.6794062,0.585068,-0.5169555,0.1942081,0.5939156,
1,10,29.129,0.2919725,1.119979,-0.6794062,0.585068,-0.5169555,0.1942081,0.5939156,
1,10,29.131,0.2919725,1.119979,-0.6794062,0.585068,-0.5169555,0.1942081,0.5939156,
1,10,29.133,0.2919725,1.119979,-0.6794062,0.585068,-0.5169555,0.1942081,0.5939156,
1,10,29.135,0.2898763,1.120878,-0.6789812,0.5855173,-0.5162493,0.18695,0.5964109,
1,10,29.137,0.2898763,1.120878,-0.6789812,0.5855173,-0.5162493,0.18695,0.5964109,
1,10,29.139,0.2898763,1.120878,-0.6789812,0.5855173,-0.5162493,0.18695,0.5964109,
1,10,29.141,0.2898763,1.120878,-0.6789812,0.5855173,-0.5162493,0.18695,0.5964109,
1,10,29.143,0.2877144,1.12189,-0.6790715,0.5863249,-0.5158988,0.1788407,0.5984042,
1,10,29.145,0.2877144,1.12189,-0.6790715,0.5863249,-0.5158988,0.1788407,0.5984042,
1,10,29.147,0.2877144,1.12189,-0.6790715,0.5863249,-0.5158988,0.1788407,0.5984042,
1,10,29.149,0.2877144,1.12189,-0.6790715,0.5863249,-0.5158988,0.1788407,0.5984042,
1,10,29.151,0.2857687,1.123205,-0.6792471,0.5874243,-0.5158461,0.1707628,0.5997296,
1,10,29.153,0.2857687,1.123205,-0.6792471,0.5874243,-0.5158461,0.1707628,0.5997296,
1,10,29.155,0.2857687,1.123205,-0.6792471,0.5874243,-0.5158461,0.1707628,0.5997296,
1,10,29.157,0.2857687,1.123205,-0.6792471,0.5874243,-0.5158461,0.1707628,0.5997296,
1,10,29.159,0.2840702,1.124758,-0.679518,0.5887903,-0.5159675,0.1627071,0.6005248,
1,10,29.161,0.2840702,1.124758,-0.679518,0.5887903,-0.5159675,0.1627071,0.6005248,
1,10,29.163,0.2840702,1.124758,-0.679518,0.5887903,-0.5159675,0.1627071,0.6005248,
1,10,29.165,0.2840702,1.124758,-0.679518,0.5887903,-0.5159675,0.1627071,0.6005248,
1,10,29.167,0.2840702,1.124758,-0.679518,0.5887903,-0.5159675,0.1627071,0.6005248,
1,10,29.169,0.282625,1.126337,-0.6795784,0.5901685,-0.5161641,0.155218,0.6009852,
1,10,29.171,0.282625,1.126337,-0.6795784,0.5901685,-0.5161641,0.155218,0.6009852,
1,10,29.173,0.282625,1.126337,-0.6795784,0.5901685,-0.5161641,0.155218,0.6009852,
1,10,29.175,0.282625,1.126337,-0.6795784,0.5901685,-0.5161641,0.155218,0.6009852,
1,10,29.177,0.2810564,1.127789,-0.679831,0.5914718,-0.5163192,0.1480677,0.6013749,
1,10,29.179,0.2810564,1.127789,-0.679831,0.5914718,-0.5163192,0.1480677,0.6013749,
1,10,29.181,0.2810564,1.127789,-0.679831,0.5914718,-0.5163192,0.1480677,0.6013749,
1,10,29.183,0.2810564,1.127789,-0.679831,0.5914718,-0.5163192,0.1480677,0.6013749,
1,10,29.185,0.2796889,1.129371,-0.6799241,0.5926899,-0.5161206,0.141847,0.6018453,
1,10,29.187,0.2796889,1.129371,-0.6799241,0.5926899,-0.5161206,0.141847,0.6018453,
1,10,29.189,0.2796889,1.129371,-0.6799241,0.5926899,-0.5161206,0.141847,0.6018453,
1,10,29.191,0.2796889,1.129371,-0.6799241,0.5926899,-0.5161206,0.141847,0.6018453,
1,10,29.193,0.2780836,1.130554,-0.6800921,0.5936469,-0.516037,0.1360027,0.6023225,
1,10,29.195,0.2780836,1.130554,-0.6800921,0.5936469,-0.516037,0.1360027,0.6023225,
1,10,29.197,0.2780836,1.130554,-0.6800921,0.5936469,-0.516037,0.1360027,0.6023225,
1,10,29.199,0.2780836,1.130554,-0.6800921,0.5936469,-0.516037,0.1360027,0.6023225,
1,10,29.201,0.2767723,1.13195,-0.6800885,0.5947183,-0.5157641,0.1311837,0.6025681,
1,10,29.203,0.2767723,1.13195,-0.6800885,0.5947183,-0.5157641,0.1311837,0.6025681,
1,10,29.205,0.2767723,1.13195,-0.6800885,0.5947183,-0.5157641,0.1311837,0.6025681,
1,10,29.207,0.2767723,1.13195,-0.6800885,0.5947183,-0.5157641,0.1311837,0.6025681,
1,10,29.209,0.2753595,1.133158,-0.6798995,0.5957117,-0.5162796,0.1265662,0.6021329,
1,10,29.211,0.2753595,1.133158,-0.6798995,0.5957117,-0.5162796,0.1265662,0.6021329,
1,10,29.213,0.2753595,1.133158,-0.6798995,0.5957117,-0.5162796,0.1265662,0.6021329,
1,10,29.215,0.2753595,1.133158,-0.6798995,0.5957117,-0.5162796,0.1265662,0.6021329,
1,10,29.217,0.2753595,1.133158,-0.6798995,0.5957117,-0.5162796,0.1265662,0.6021329,
1,10,29.219,0.2740464,1.134113,-0.6795948,0.5964645,-0.5165024,0.123056,0.6019242,
1,10,29.221,0.2740464,1.134113,-0.6795948,0.5964645,-0.5165024,0.123056,0.6019242,
1,10,29.223,0.2740464,1.134113,-0.6795948,0.5964645,-0.5165024,0.123056,0.6019242,
1,10,29.225,0.2740464,1.134113,-0.6795948,0.5964645,-0.5165024,0.123056,0.6019242,
1,10,29.227,0.2731078,1.13532,-0.678867,0.5972037,-0.5158814,0.1209924,0.602142,
1,10,29.229,0.2731078,1.13532,-0.678867,0.5972037,-0.5158814,0.1209924,0.602142,
1,10,29.231,0.2731078,1.13532,-0.678867,0.5972037,-0.5158814,0.1209924,0.602142,
1,10,29.233,0.2731078,1.13532,-0.678867,0.5972037,-0.5158814,0.1209924,0.602142,
1,10,29.235,0.2718444,1.136354,-0.6781895,0.5980157,-0.5155716,0.1188944,0.6020194,
1,10,29.237,0.2718444,1.136354,-0.6781895,0.5980157,-0.5155716,0.1188944,0.6020194,
1,10,29.239,0.2718444,1.136354,-0.6781895,0.5980157,-0.5155716,0.1188944,0.6020194,
1,10,29.241,0.2718444,1.136354,-0.6781895,0.5980157,-0.5155716,0.1188944,0.6020194,
1,10,29.243,0.2709773,1.137369,-0.6772681,0.5988573,-0.5153815,0.1172397,0.60167,
1,10,29.245,0.2709773,1.137369,-0.6772681,0.5988573,-0.5153815,0.1172397,0.60167,
1,10,29.247,0.2709773,1.137369,-0.6772681,0.5988573,-0.5153815,0.1172397,0.60167,
1,10,29.249,0.2709773,1.137369,-0.6772681,0.5988573,-0.5153815,0.1172397,0.60167,
1,10,29.251,0.2700854,1.138386,-0.6763664,0.5998756,-0.5152494,0.1154902,0.6011068,
1,10,29.253,0.2700854,1.138386,-0.6763664,0.5998756,-0.5152494,0.1154902,0.6011068,
1,10,29.255,0.2700854,1.138386,-0.6763664,0.5998756,-0.5152494,0.1154902,0.6011068,
1,10,29.257,0.2700854,1.138386,-0.6763664,0.5998756,-0.5152494,0.1154902,0.6011068,
1,10,29.259,0.2692119,1.139149,-0.6753851,0.6008415,-0.5154295,0.1135034,0.6003658,
1,10,29.261,0.2692119,1.139149,-0.6753851,0.6008415,-0.5154295,0.1135034,0.6003658,
1,10,29.263,0.2692119,1.139149,-0.6753851,0.6008415,-0.5154295,0.1135034,0.6003658,
1,10,29.265,0.2692119,1.139149,-0.6753851,0.6008415,-0.5154295,0.1135034,0.6003658,
1,10,29.267,0.2692119,1.139149,-0.6753851,0.6008415,-0.5154295,0.1135034,0.6003658,
1,10,29.269,0.2683235,1.139786,-0.6743814,0.601869,-0.5155669,0.1113889,0.5996141,
1,10,29.271,0.2683235,1.139786,-0.6743814,0.601869,-0.5155669,0.1113889,0.5996141,
1,10,29.273,0.2683235,1.139786,-0.6743814,0.601869,-0.5155669,0.1113889,0.5996141,
1,10,29.275,0.2683235,1.139786,-0.6743814,0.601869,-0.5155669,0.1113889,0.5996141,
1,10,29.277,0.2675813,1.140431,-0.6732346,0.6029487,-0.5150566,0.1099893,0.5992263,
1,10,29.279,0.2675813,1.140431,-0.6732346,0.6029487,-0.5150566,0.1099893,0.5992263,
1,10,29.281,0.2675813,1.140431,-0.6732346,0.6029487,-0.5150566,0.1099893,0.5992263,
1,10,29.283,0.2675813,1.140431,-0.6732346,0.6029487,-0.5150566,0.1099893,0.5992263,
1,10,29.285,0.2666965,1.140888,-0.672234,0.604086,-0.5142678,0.1082806,0.5990693,
1,10,29.287,0.2666965,1.140888,-0.672234,0.604086,-0.5142678,0.1082806,0.5990693,
1,10,29.289,0.2666965,1.140888,-0.672234,0.604086,-0.5142678,0.1082806,0.5990693,
1,10,29.291,0.2666965,1.140888,-0.672234,0.604086,-0.5142678,0.1082806,0.5990693,
1,10,29.293,0.2660185,1.141264,-0.6710725,0.6052402,-0.5132094,0.10673,0.5990902,
1,10,29.295,0.2660185,1.141264,-0.6710725,0.6052402,-0.5132094,0.10673,0.5990902,
1,10,29.297,0.2660185,1.141264,-0.6710725,0.6052402,-0.5132094,0.10673,0.5990902,
1,10,29.299,0.2660185,1.141264,-0.6710725,0.6052402,-0.5132094,0.10673,0.5990902,
1,10,29.301,0.2652811,1.141671,-0.6700662,0.6065947,-0.5120454,0.1049228,0.5990356,
1,10,29.303,0.2652811,1.141671,-0.6700662,0.6065947,-0.5120454,0.1049228,0.5990356,
1,10,29.305,0.2652811,1.141671,-0.6700662,0.6065947,-0.5120454,0.1049228,0.5990356,
1,10,29.307,0.2652811,1.141671,-0.6700662,0.6065947,-0.5120454,0.1049228,0.5990356,
1,10,29.309,0.2644331,1.14193,-0.6690561,0.6080439,-0.5110449,0.1025203,0.5988367,
1,10,29.311,0.2644331,1.14193,-0.6690561,0.6080439,-0.5110449,0.1025203,0.5988367,
1,10,29.313,0.2644331,1.14193,-0.6690561,0.6080439,-0.5110449,0.1025203,0.5988367,
1,10,29.315,0.2644331,1.14193,-0.6690561,0.6080439,-0.5110449,0.1025203,0.5988367,
1,10,29.317,0.2644331,1.14193,-0.6690561,0.6080439,-0.5110449,0.1025203,0.5988367,
1,10,29.319,0.2635849,1.142132,-0.6683028,0.6097354,-0.5101905,0.09955237,0.5983459,
1,10,29.321,0.2635849,1.142132,-0.6683028,0.6097354,-0.5101905,0.09955237,0.5983459,
1,10,29.323,0.2635849,1.142132,-0.6683028,0.6097354,-0.5101905,0.09955237,0.5983459,
1,10,29.325,0.2635849,1.142132,-0.6683028,0.6097354,-0.5101905,0.09955237,0.5983459,
1,10,29.327,0.2629057,1.142448,-0.667503,0.6116623,-0.5094457,0.09652567,0.5975091,
1,10,29.329,0.2629057,1.142448,-0.667503,0.6116623,-0.5094457,0.09652567,0.5975091,
1,10,29.331,0.2629057,1.142448,-0.667503,0.6116623,-0.5094457,0.09652567,0.5975091,
1,10,29.333,0.2629057,1.142448,-0.667503,0.6116623,-0.5094457,0.09652567,0.5975091,
1,10,29.335,0.2621579,1.142669,-0.6668968,0.6136893,-0.5086921,0.09339345,0.5965697,
1,10,29.337,0.2621579,1.142669,-0.6668968,0.6136893,-0.5086921,0.09339345,0.5965697,
1,10,29.339,0.2621579,1.142669,-0.6668968,0.6136893,-0.5086921,0.09339345,0.5965697,
1,10,29.341,0.2621579,1.142669,-0.6668968,0.6136893,-0.5086921,0.09339345,0.5965697,
1,10,29.343,0.2613035,1.14283,-0.6665216,0.6157501,-0.5079734,0.09020498,0.5955485,
1,10,29.345,0.2613035,1.14283,-0.6665216,0.6157501,-0.5079734,0.09020498,0.5955485,
1,10,29.347,0.2613035,1.14283,-0.6665216,0.6157501,-0.5079734,0.09020498,0.5955485,
1,10,29.349,0.2613035,1.14283,-0.6665216,0.6157501,-0.5079734,0.09020498,0.5955485,
1,10,29.351,0.2607414,1.143107,-0.6658763,0.6179377,-0.5070736,0.08766804,0.5944272,
1,10,29.353,0.2607414,1.143107,-0.6658763,0.6179377,-0.5070736,0.08766804,0.5944272,
1,10,29.355,0.2607414,1.143107,-0.6658763,0.6179377,-0.5070736,0.08766804,0.5944272,
1,10,29.357,0.2607414,1.143107,-0.6658763,0.6179377,-0.5070736,0.08766804,0.5944272,
1,10,29.359,0.2603535,1.143502,-0.6652681,0.6201891,-0.5059441,0.08554697,0.593353,
1,10,29.361,0.2603535,1.143502,-0.6652681,0.6201891,-0.5059441,0.08554697,0.593353,
1,10,29.363,0.2603535,1.143502,-0.6652681,0.6201891,-0.5059441,0.08554697,0.593353,
1,10,29.365,0.2603535,1.143502,-0.6652681,0.6201891,-0.5059441,0.08554697,0.593353,
1,10,29.367,0.2603535,1.143502,-0.6652681,0.6201891,-0.5059441,0.08554697,0.593353,
1,10,29.369,0.259979,1.143796,-0.6646782,0.622328,-0.5046758,0.08389051,0.5924294,
1,10,29.371,0.259979,1.143796,-0.6646782,0.622328,-0.5046758,0.08389051,0.5924294,
1,10,29.373,0.259979,1.143796,-0.6646782,0.622328,-0.5046758,0.08389051,0.5924294,
1,10,29.375,0.259979,1.143796,-0.6646782,0.622328,-0.5046758,0.08389051,0.5924294,
1,10,29.377,0.2596699,1.143876,-0.6641343,0.6242492,-0.5034716,0.08261912,0.591611,
1,10,29.379,0.2596699,1.143876,-0.6641343,0.6242492,-0.5034716,0.08261912,0.591611,
1,10,29.381,0.2596699,1.143876,-0.6641343,0.6242492,-0.5034716,0.08261912,0.591611,
1,10,29.383,0.2596699,1.143876,-0.6641343,0.6242492,-0.5034716,0.08261912,0.591611,
1,10,29.385,0.2593445,1.143766,-0.6636187,0.62596,-0.5022982,0.08151679,0.5909531,
1,10,29.387,0.2593445,1.143766,-0.6636187,0.62596,-0.5022982,0.08151679,0.5909531,
1,10,29.389,0.2593445,1.143766,-0.6636187,0.62596,-0.5022982,0.08151679,0.5909531,
1,10,29.391,0.2593445,1.143766,-0.6636187,0.62596,-0.5022982,0.08151679,0.5909531,
1,10,29.393,0.2591171,1.143638,-0.662914,0.6275628,-0.5011701,0.0809742,0.5902852,
1,10,29.395,0.2591171,1.143638,-0.662914,0.6275628,-0.5011701,0.0809742,0.5902852,
1,10,29.397,0.2591171,1.143638,-0.662914,0.6275628,-0.5011701,0.0809742,0.5902852,
1,10,29.399,0.2591171,1.143638,-0.662914,0.6275628,-0.5011701,0.0809742,0.5902852,
1,10,29.401,0.2588716,1.143385,-0.6622964,0.6289023,-0.4999164,0.080791,0.5899477,
1,10,29.403,0.2588716,1.143385,-0.6622964,0.6289023,-0.4999164,0.080791,0.5899477,
1,10,29.405,0.2588716,1.143385,-0.6622964,0.6289023,-0.4999164,0.080791,0.5899477,
1,10,29.407,0.2588716,1.143385,-0.6622964,0.6289023,-0.4999164,0.080791,0.5899477,
1,10,29.409,0.2588424,1.143215,-0.6615795,0.6302309,-0.4984361,0.08120047,0.5897263,
1,10,29.411,0.2588424,1.143215,-0.6615795,0.6302309,-0.4984361,0.08120047,0.5897263,
1,10,29.413,0.2588424,1.143215,-0.6615795,0.6302309,-0.4984361,0.08120047,0.5897263,
1,10,29.415,0.2588424,1.143215,-0.6615795,0.6302309,-0.4984361,0.08120047,0.5897263,
1,10,29.417,0.2588424,1.143215,-0.6615795,0.6302309,-0.4984361,0.08120047,0.5897263,
1,10,29.419,0.2590382,1.142988,-0.6607162,0.6312853,-0.4971468,0.0820343,0.5895714,
1,10,29.421,0.2590382,1.142988,-0.6607162,0.6312853,-0.4971468,0.0820343,0.5895714,
1,10,29.423,0.2590382,1.142988,-0.6607162,0.6312853,-0.4971468,0.0820343,0.5895714,
1,10,29.425,0.2590382,1.142988,-0.6607162,0.6312853,-0.4971468,0.0820343,0.5895714,
1,10,29.427,0.2591679,1.142702,-0.6600107,0.6322005,-0.4959989,0.08268212,0.5894669,
1,10,29.429,0.2591679,1.142702,-0.6600107,0.6322005,-0.4959989,0.08268212,0.5894669,
1,10,29.431,0.2591679,1.142702,-0.6600107,0.6322005,-0.4959989,0.08268212,0.5894669,
1,10,29.433,0.2591679,1.142702,-0.6600107,0.6322005,-0.4959989,0.08268212,0.5894669,
1,10,29.435,0.2591951,1.142571,-0.6593839,0.6331314,-0.4947844,0.0832855,0.5894036,
1,10,29.437,0.2591951,1.142571,-0.6593839,0.6331314,-0.4947844,0.0832855,0.5894036,
1,10,29.439,0.2591951,1.142571,-0.6593839,0.6331314,-0.4947844,0.0832855,0.5894036,
1,10,29.441,0.2591951,1.142571,-0.6593839,0.6331314,-0.4947844,0.0832855,0.5894036,
1,10,29.443,0.2592072,1.142141,-0.6587585,0.6337637,-0.4939177,0.08364378,0.5894002,
1,10,29.445,0.2592072,1.142141,-0.6587585,0.6337637,-0.4939177,0.08364378,0.5894002,
1,10,29.447,0.2592072,1.142141,-0.6587585,0.6337637,-0.4939177,0.08364378,0.5894002,
1,10,29.449,0.2592072,1.142141,-0.6587585,0.6337637,-0.4939177,0.08364378,0.5894002,
1,10,29.451,0.2594218,1.141945,-0.6581175,0.6343644,-0.4929541,0.0841466,0.5894893,
1,10,29.453,0.2594218,1.141945,-0.6581175,0.6343644,-0.4929541,0.0841466,0.5894893,
1,10,29.455,0.2594218,1.141945,-0.6581175,0.6343644,-0.4929541,0.0841466,0.5894893,
1,10,29.457,0.2594218,1.141945,-0.6581175,0.6343644,-0.4929541,0.0841466,0.5894893,
1,10,29.459,0.2594985,1.141514,-0.6576346,0.63468,-0.4922085,0.08428546,0.5897527,
1,10,29.461,0.2594985,1.141514,-0.6576346,0.63468,-0.4922085,0.08428546,0.5897527,
1,10,29.463,0.2594985,1.141514,-0.6576346,0.63468,-0.4922085,0.08428546,0.5897527,
1,10,29.465,0.2594985,1.141514,-0.6576346,0.63468,-0.4922085,0.08428546,0.5897527,
1,10,29.467,0.2594985,1.141514,-0.6576346,0.63468,-0.4922085,0.08428546,0.5897527,
1,10,29.469,0.2594938,1.14107,-0.6572011,0.6349232,-0.4916863,0.0840389,0.5899616,
1,10,29.471,0.2594938,1.14107,-0.6572011,0.6349232,-0.4916863,0.0840389,0.5899616,
1,10,29.473,0.2594938,1.14107,-0.6572011,0.6349232,-0.4916863,0.0840389,0.5899616,
1,10,29.475,0.2594938,1.14107,-0.6572011,0.6349232,-0.4916863,0.0840389,0.5899616,
1,10,29.477,0.2595283,1.140714,-0.6567485,0.6350471,-0.4912589,0.08375604,0.5902245,
1,10,29.479,0.2595283,1.140714,-0.6567485,0.6350471,-0.4912589,0.08375604,0.5902245,
1,10,29.481,0.2595283,1.140714,-0.6567485,0.6350471,-0.4912589,0.08375604,0.5902245,
1,10,29.483,0.2595283,1.140714,-0.6567485,0.6350471,-0.4912589,0.08375604,0.5902245,
1,10,29.485,0.2595997,1.140505,-0.6562712,0.6351283,-0.4908141,0.0835899,0.5905306,
1,10,29.487,0.2595997,1.140505,-0.6562712,0.6351283,-0.4908141,0.0835899,0.5905306,
1,10,29.489,0.2595997,1.140505,-0.6562712,0.6351283,-0.4908141,0.0835899,0.5905306,
1,10,29.491,0.2595997,1.140505,-0.6562712,0.6351283,-0.4908141,0.0835899,0.5905306,
1,10,29.493,0.259673,1.140256,-0.6557531,0.6351221,-0.4905005,0.0834773,0.5908137,
1,10,29.495,0.259673,1.140256,-0.6557531,0.6351221,-0.4905005,0.0834773,0.5908137,
1,10,29.497,0.259673,1.140256,-0.6557531,0.6351221,-0.4905005,0.0834773,0.5908137,
1,10,29.499,0.259673,1.140256,-0.6557531,0.6351221,-0.4905005,0.0834773,0.5908137,
1,10,29.501,0.2596886,1.140118,-0.6553149,0.6351091,-0.490069,0.08334843,0.5912038,
1,10,29.503,0.2596886,1.140118,-0.6553149,0.6351091,-0.490069,0.08334843,0.5912038,
1,10,29.505,0.2596886,1.140118,-0.6553149,0.6351091,-0.490069,0.08334843,0.5912038,
1,10,29.507,0.2596886,1.140118,-0.6553149,0.6351091,-0.490069,0.08334843,0.5912038,
1,10,29.509,0.259643,1.140042,-0.6549441,0.6350763,-0.4897286,0.08303711,0.5915648,
1,10,29.511,0.259643,1.140042,-0.6549441,0.6350763,-0.4897286,0.08303711,0.5915648,
1,10,29.513,0.259643,1.140042,-0.6549441,0.6350763,-0.4897286,0.08303711,0.5915648,
1,10,29.515,0.259643,1.140042,-0.6549441,0.6350763,-0.4897286,0.08303711,0.5915648,
1,10,29.517,0.259643,1.140042,-0.6549441,0.6350763,-0.4897286,0.08303711,0.5915648,
1,10,29.519,0.2595295,1.140061,-0.6545595,0.6350155,-0.4894497,0.08267112,0.591912,
1,10,29.521,0.2595295,1.140061,-0.6545595,0.6350155,-0.4894497,0.08267112,0.591912,
1,10,29.523,0.2595295,1.140061,-0.6545595,0.6350155,-0.4894497,0.08267112,0.591912,
1,10,29.525,0.2595295,1.140061,-0.6545595,0.6350155,-0.4894497,0.08267112,0.591912,
1,10,29.527,0.2593028,1.140003,-0.6542066,0.6348607,-0.4894751,0.08199845,0.5921507,
1,10,29.529,0.2593028,1.140003,-0.6542066,0.6348607,-0.4894751,0.08199845,0.5921507,
1,10,29.531,0.2593028,1.140003,-0.6542066,0.6348607,-0.4894751,0.08199845,0.5921507,
1,10,29.533,0.2593028,1.140003,-0.6542066,0.6348607,-0.4894751,0.08199845,0.5921507,
1,10,29.535,0.2590849,1.139967,-0.6538268,0.6346943,-0.4896827,0.08124344,0.5922614,
1,10,29.537,0.2590849,1.139967,-0.6538268,0.6346943,-0.4896827,0.08124344,0.5922614,
1,10,29.539,0.2590849,1.139967,-0.6538268,0.6346943,-0.4896827,0.08124344,0.5922614,
1,10,29.541,0.2590849,1.139967,-0.6538268,0.6346943,-0.4896827,0.08124344,0.5922614,
1,10,29.543,0.2589382,1.140076,-0.6534368,0.6345618,-0.4898475,0.08067489,0.5923448,
1,10,29.545,0.2589382,1.140076,-0.6534368,0.6345618,-0.4898475,0.08067489,0.5923448,
1,10,29.547,0.2589382,1.140076,-0.6534368,0.6345618,-0.4898475,0.08067489,0.5923448,
1,10,29.549,0.2589382,1.140076,-0.6534368,0.6345618,-0.4898475,0.08067489,0.5923448,
1,10,29.551,0.2588363,1.140255,-0.653055,0.6344578,-0.4900101,0.08022339,0.5923831,
1,10,29.553,0.2588363,1.140255,-0.653055,0.6344578,-0.4900101,0.08022339,0.5923831,
1,10,29.555,0.2588363,1.140255,-0.653055,0.6344578,-0.4900101,0.08022339,0.5923831,
1,10,29.557,0.2588363,1.140255,-0.653055,0.6344578,-0.4900101,0.08022339,0.5923831,
1,10,29.559,0.258788,1.14046,-0.6526797,0.6343647,-0.4902304,0.07987371,0.5923477,
1,10,29.561,0.258788,1.14046,-0.6526797,0.6343647,-0.4902304,0.07987371,0.5923477,
1,10,29.563,0.258788,1.14046,-0.6526797,0.6343647,-0.4902304,0.07987371,0.5923477,
1,10,29.565,0.258788,1.14046,-0.6526797,0.6343647,-0.4902304,0.07987371,0.5923477,
1,10,29.567,0.258788,1.14046,-0.6526797,0.6343647,-0.4902304,0.07987371,0.5923477,
1,10,29.569,0.2588133,1.140854,-0.6523116,0.6343588,-0.490483,0.07953993,0.5921897,
1,10,29.571,0.2588133,1.140854,-0.6523116,0.6343588,-0.490483,0.07953993,0.5921897,
1,10,29.573,0.2588133,1.140854,-0.6523116,0.6343588,-0.490483,0.07953993,0.5921897,
1,10,29.575,0.2588133,1.140854,-0.6523116,0.6343588,-0.490483,0.07953993,0.5921897,
1,10,29.577,0.2587898,1.141147,-0.6520429,0.6342794,-0.4907564,0.07920212,0.5920937,
1,10,29.579,0.2587898,1.141147,-0.6520429,0.6342794,-0.4907564,0.07920212,0.5920937,
1,10,29.581,0.2587898,1.141147,-0.6520429,0.6342794,-0.4907564,0.07920212,0.5920937,
1,10,29.583,0.2587898,1.141147,-0.6520429,0.6342794,-0.4907564,0.07920212,0.5920937,
1,10,29.585,0.2588285,1.141403,-0.6517467,0.6341315,-0.4909911,0.07908678,0.592073,
1,10,29.587,0.2588285,1.141403,-0.6517467,0.6341315,-0.4909911,0.07908678,0.592073,
1,10,29.589,0.2588285,1.141403,-0.6517467,0.6341315,-0.4909911,0.07908678,0.592073,
1,10,29.591,0.2588285,1.141403,-0.6517467,0.6341315,-0.4909911,0.07908678,0.592073,
1,10,29.593,0.2588541,1.141576,-0.6515129,0.6339005,-0.4911987,0.07909274,0.5921474,
1,10,29.595,0.2588541,1.141576,-0.6515129,0.6339005,-0.4911987,0.07909274,0.5921474,
1,10,29.597,0.2588541,1.141576,-0.6515129,0.6339005,-0.4911987,0.07909274,0.5921474,
1,10,29.599,0.2588541,1.141576,-0.6515129,0.6339005,-0.4911987,0.07909274,0.5921474,
1,10,29.601,0.2588608,1.141579,-0.6513035,0.6335717,-0.4914994,0.07907758,0.5922517,
1,10,29.603,0.2588608,1.141579,-0.6513035,0.6335717,-0.4914994,0.07907758,0.5922517,
1,10,29.605,0.2588608,1.141579,-0.6513035,0.6335717,-0.4914994,0.07907758,0.5922517,
1,10,29.607,0.2588608,1.141579,-0.6513035,0.6335717,-0.4914994,0.07907758,0.5922517,
1,10,29.609,0.2588762,1.141579,-0.6511576,0.6331121,-0.4915906,0.07936027,0.5926296,
1,10,29.611,0.2588762,1.141579,-0.6511576,0.6331121,-0.4915906,0.07936027,0.5926296,
1,10,29.613,0.2588762,1.141579,-0.6511576,0.6331121,-0.4915906,0.07936027,0.5926296,
1,10,29.615,0.2588762,1.141579,-0.6511576,0.6331121,-0.4915906,0.07936027,0.5926296,
1,10,29.617,0.2588762,1.141579,-0.6511576,0.6331121,-0.4915906,0.07936027,0.5926296,
1,10,29.619,0.2588882,1.141463,-0.6510366,0.6325747,-0.4917553,0.07966738,0.5930254,
1,10,29.621,0.2588882,1.141463,-0.6510366,0.6325747,-0.4917553,0.07966738,0.5930254,
1,10,29.623,0.2588882,1.141463,-0.6510366,0.6325747,-0.4917553,0.07966738,0.5930254,
1,10,29.625,0.2588882,1.141463,-0.6510366,0.6325747,-0.4917553,0.07966738,0.5930254,
1,10,29.627,0.2589763,1.141311,-0.6509409,0.6320731,-0.4919659,0.08003445,0.5933359,
1,10,29.629,0.2589763,1.141311,-0.6509409,0.6320731,-0.4919659,0.08003445,0.5933359,
1,10,29.631,0.2589763,1.141311,-0.6509409,0.6320731,-0.4919659,0.08003445,0.5933359,
1,10,29.633,0.2589763,1.141311,-0.6509409,0.6320731,-0.4919659,0.08003445,0.5933359,
1,10,29.635,0.2591253,1.141153,-0.6508743,0.631588,-0.492188,0.08045626,0.5936112,
1,10,29.637,0.2591253,1.141153,-0.6508743,0.631588,-0.492188,0.08045626,0.5936112,
1,10,29.639,0.2591253,1.141153,-0.6508743,0.631588,-0.492188,0.08045626,0.5936112,
1,10,29.641,0.2591253,1.141153,-0.6508743,0.631588,-0.492188,0.08045626,0.5936112,
1,10,29.643,0.2593243,1.141056,-0.650839,0.6312142,-0.4924321,0.08083559,0.5937548,
1,10,29.645,0.2593243,1.141056,-0.650839,0.6312142,-0.4924321,0.08083559,0.5937548,
1,10,29.647,0.2593243,1.141056,-0.650839,0.6312142,-0.4924321,0.08083559,0.5937548,
1,10,29.649,0.2593243,1.141056,-0.650839,0.6312142,-0.4924321,0.08083559,0.5937548,
1,10,29.651,0.2595703,1.140987,-0.6508126,0.6309113,-0.4927329,0.0811987,0.5937778,
1,10,29.653,0.2595703,1.140987,-0.6508126,0.6309113,-0.4927329,0.0811987,0.5937778,
1,10,29.655,0.2595703,1.140987,-0.6508126,0.6309113,-0.4927329,0.0811987,0.5937778,
1,10,29.657,0.2595703,1.140987,-0.6508126,0.6309113,-0.4927329,0.0811987,0.5937778,
1,10,29.659,0.2597227,1.140929,-0.6508567,0.6306549,-0.4930721,0.0814639,0.5937322,
1,10,29.661,0.2597227,1.140929,-0.6508567,0.6306549,-0.4930721,0.0814639,0.5937322,
1,10,29.663,0.2597227,1.140929,-0.6508567,0.6306549,-0.4930721,0.0814639,0.5937322,
1,10,29.665,0.2597227,1.140929,-0.6508567,0.6306549,-0.4930721,0.0814639,0.5937322,
1,10,29.667,0.2597227,1.140929,-0.6508567,0.6306549,-0.4930721,0.0814639,0.5937322,
1,10,29.669,0.2598771,1.140847,-0.6509562,0.6304064,-0.4934206,0.08175955,0.5936658,
1,10,29.671,0.2598771,1.140847,-0.6509562,0.6304064,-0.4934206,0.08175955,0.5936658,
1,10,29.673,0.2598771,1.140847,-0.6509562,0.6304064,-0.4934206,0.08175955,0.5936658,
1,10,29.675,0.2598771,1.140847,-0.6509562,0.6304064,-0.4934206,0.08175955,0.5936658,
1,10,29.677,0.2600595,1.140669,-0.6511327,0.6300881,-0.4939392,0.08231677,0.5934957,
1,10,29.679,0.2600595,1.140669,-0.6511327,0.6300881,-0.4939392,0.08231677,0.5934957,
1,10,29.681,0.2600595,1.140669,-0.6511327,0.6300881,-0.4939392,0.08231677,0.5934957,
1,10,29.683,0.2600595,1.140669,-0.6511327,0.6300881,-0.4939392,0.08231677,0.5934957,
1,10,29.685,0.2602206,1.140569,-0.6512389,0.6299163,-0.4941639,0.08296227,0.5934011,
1,10,29.687,0.2602206,1.140569,-0.6512389,0.6299163,-0.4941639,0.08296227,0.5934011,
1,10,29.689,0.2602206,1.140569,-0.6512389,0.6299163,-0.4941639,0.08296227,0.5934011,
1,10,29.691,0.2602206,1.140569,-0.6512389,0.6299163,-0.4941639,0.08296227,0.5934011,
1,10,29.693,0.2603781,1.140472,-0.6513616,0.6297957,-0.4944299,0.0836174,0.5932155,
1,10,29.695,0.2603781,1.140472,-0.6513616,0.6297957,-0.4944299,0.0836174,0.5932155,
1,10,29.697,0.2603781,1.140472,-0.6513616,0.6297957,-0.4944299,0.0836174,0.5932155,
1,10,29.699,0.2603781,1.140472,-0.6513616,0.6297957,-0.4944299,0.0836174,0.5932155,
1,10,29.701,0.2606523,1.140529,-0.6514627,0.6298384,-0.4945943,0.08443129,0.5929177,
1,10,29.703,0.2606523,1.140529,-0.6514627,0.6298384,-0.4945943,0.08443129,0.5929177,
1,10,29.705,0.2606523,1.140529,-0.6514627,0.6298384,-0.4945943,0.08443129,0.5929177,
1,10,29.707,0.2606523,1.140529,-0.6514627,0.6298384,-0.4945943,0.08443129,0.5929177,
1,10,29.709,0.2608644,1.140603,-0.6515629,0.6299735,-0.4948681,0.08511002,0.5924486,
1,10,29.711,0.2608644,1.140603,-0.6515629,0.6299735,-0.4948681,0.08511002,0.5924486,
1,10,29.713,0.2608644,1.140603,-0.6515629,0.6299735,-0.4948681,0.08511002,0.5924486,
1,10,29.715,0.2608644,1.140603,-0.6515629,0.6299735,-0.4948681,0.08511002,0.5924486,
1,10,29.717,0.2608644,1.140603,-0.6515629,0.6299735,-0.4948681,0.08511002,0.5924486,
1,10,29.719,0.2610806,1.140643,-0.6516749,0.6301681,-0.4953243,0.08574306,0.5917687,
1,10,29.721,0.2610806,1.140643,-0.6516749,0.6301681,-0.4953243,0.08574306,0.5917687,
1,10,29.723,0.2610806,1.140643,-0.6516749,0.6301681,-0.4953243,0.08574306,0.5917687,
1,10,29.725,0.2610806,1.140643,-0.6516749,0.6301681,-0.4953243,0.08574306,0.5917687,
1,10,29.727,0.2613338,1.140644,-0.6517631,0.6303309,-0.4958142,0.08640745,0.5910881,
1,10,29.729,0.2613338,1.140644,-0.6517631,0.6303309,-0.4958142,0.08640745,0.5910881,
1,10,29.731,0.2613338,1.140644,-0.6517631,0.6303309,-0.4958142,0.08640745,0.5910881,
1,10,29.733,0.2613338,1.140644,-0.6517631,0.6303309,-0.4958142,0.08640745,0.5910881,
1,10,29.735,0.261512,1.140501,-0.6519195,0.6303954,-0.4962596,0.08706569,0.5905485,
1,10,29.737,0.261512,1.140501,-0.6519195,0.6303954,-0.4962596,0.08706569,0.5905485,
1,10,29.739,0.261512,1.140501,-0.6519195,0.6303954,-0.4962596,0.08706569,0.5905485,
1,10,29.741,0.261512,1.140501,-0.6519195,0.6303954,-0.4962596,0.08706569,0.5905485,
1,10,29.743,0.2617095,1.140357,-0.6520447,0.6304985,-0.4965847,0.08784262,0.59005,
1,10,29.745,0.2617095,1.140357,-0.6520447,0.6304985,-0.4965847,0.08784262,0.59005,
1,10,29.747,0.2617095,1.140357,-0.6520447,0.6304985,-0.4965847,0.08784262,0.59005,
1,10,29.749,0.2617095,1.140357,-0.6520447,0.6304985,-0.4965847,0.08784262,0.59005,
1,10,29.751,0.2618745,1.140079,-0.6523032,0.6307058,-0.4967419,0.0891746,0.5894961,
1,10,29.753,0.2618745,1.140079,-0.6523032,0.6307058,-0.4967419,0.0891746,0.5894961,
1,10,29.755,0.2618745,1.140079,-0.6523032,0.6307058,-0.4967419,0.0891746,0.5894961,CourtEnter
1,10,29.757,0.2618745,1.140079,-0.6523032,0.6307058,-0.4967419,0.0891746,0.5894961,
1,10,29.759,0.2621001,1.14003,-0.6523464,0.6309927,-0.4966906,0.09036578,0.5890508,
1,10,29.761,0.2621001,1.14003,-0.6523464,0.6309927,-0.4966906,0.09036578,0.5890508,
1,10,29.763,0.2621001,1.14003,-0.6523464,0.6309927,-0.4966906,0.09036578,0.5890508,
1,10,29.765,0.2621001,1.14003,-0.6523464,0.6309927,-0.4966906,0.09036578,0.5890508,
1,10,29.767,0.2621001,1.14003,-0.6523464,0.6309927,-0.4966906,0.09036578,0.5890508,CourtExit
1,10,29.769,0.2623092,1.139883,-0.652405,0.6311894,-0.4967571,0.09132535,0.5886357,
1,10,29.771,0.2623092,1.139883,-0.652405,0.6311894,-0.4967571,0.09132535,0.5886357,
1,10,29.773,0.2623092,1.139883,-0.652405,0.6311894,-0.4967571,0.09132535,0.5886357,
1,10,29.775,0.2623092,1.139883,-0.652405,0.6311894,-0.4967571,0.09132535,0.5886357,
1,10,29.777,0.262463,1.139683,-0.6525044,0.6313919,-0.4969007,0.09208056,0.5881796,
1,10,29.779,0.262463,1.139683,-0.6525044,0.6313919,-0.4969007,0.09208056,0.5881796,
1,10,29.781,0.262463,1.139683,-0.6525044,0.6313919,-0.4969007,0.09208056,0.5881796,
1,10,29.783,0.262463,1.139683,-0.6525044,0.6313919,-0.4969007,0.09208056,0.5881796,
1,10,29.785,0.2626857,1.139635,-0.6526245,0.6317662,-0.4970127,0.0928867,0.5875559,
1,10,29.787,0.2626857,1.139635,-0.6526245,0.6317662,-0.4970127,0.0928867,0.5875559,
1,10,29.789,0.2626857,1.139635,-0.6526245,0.6317662,-0.4970127,0.0928867,0.5875559,
1,10,29.791,0.2626857,1.139635,-0.6526245,0.6317662,-0.4970127,0.0928867,0.5875559,
1,10,29.793,0.26295,1.139684,-0.6527656,0.6322835,-0.4970556,0.09369888,0.5868337,
1,10,29.795,0.26295,1.139684,-0.6527656,0.6322835,-0.4970556,0.09369888,0.5868337,
1,10,29.797,0.26295,1.139684,-0.6527656,0.6322835,-0.4970556,0.09369888,0.5868337,
1,10,29.799,0.26295,1.139684,-0.6527656,0.6322835,-0.4970556,0.09369888,0.5868337,
1,10,29.801,0.263089,1.139699,-0.6530601,0.6328092,-0.4972786,0.09408072,0.5860164,
1,10,29.803,0.263089,1.139699,-0.6530601,0.6328092,-0.4972786,0.09408072,0.5860164,
1,10,29.805,0.263089,1.139699,-0.6530601,0.6328092,-0.4972786,0.09408072,0.5860164,
1,10,29.807,0.263089,1.139699,-0.6530601,0.6328092,-0.4972786,0.09408072,0.5860164,
1,10,29.809,0.2633722,1.139862,-0.6533377,0.6334171,-0.4973033,0.09470075,0.5852385,
1,10,29.811,0.2633722,1.139862,-0.6533377,0.6334171,-0.4973033,0.09470075,0.5852385,
1,10,29.813,0.2633722,1.139862,-0.6533377,0.6334171,-0.4973033,0.09470075,0.5852385,
1,10,29.815,0.2633722,1.139862,-0.6533377,0.6334171,-0.4973033,0.09470075,0.5852385,
1,10,29.817,0.2633722,1.139862,-0.6533377,0.6334171,-0.4973033,0.09470075,0.5852385,
1,10,29.819,0.2636589,1.139976,-0.65355,0.633937,-0.4974709,0.09526995,0.5844401,
1,10,29.821,0.2636589,1.139976,-0.65355,0.633937,-0.4974709,0.09526995,0.5844401,
1,10,29.823,0.2636589,1.139976,-0.65355,0.633937,-0.4974709,0.09526995,0.5844401,
1,10,29.825,0.2636589,1.139976,-0.65355,0.633937,-0.4974709,0.09526995,0.5844401,
1,10,29.827,0.2641554,1.140162,-0.6538345,0.6350754,-0.498232,0.09618494,0.5824023,
1,10,29.829,0.2641554,1.140162,-0.6538345,0.6350754,-0.498232,0.09618494,0.5824023,
1,10,29.831,0.2641554,1.140162,-0.6538345,0.6350754,-0.498232,0.09618494,0.5824023,
1,10,29.833,0.2641554,1.140162,-0.6538345,0.6350754,-0.498232,0.09618494,0.5824023,
1,10,29.835,0.2643465,1.139981,-0.6540577,0.6353131,-0.4985411,0.09664394,0.5818025,
1,10,29.837,0.2643465,1.139981,-0.6540577,0.6353131,-0.4985411,0.09664394,0.5818025,
1,10,29.839,0.2643465,1.139981,-0.6540577,0.6353131,-0.4985411,0.09664394,0.5818025,
1,10,29.841,0.2643465,1.139981,-0.6540577,0.6353131,-0.4985411,0.09664394,0.5818025,
1,10,29.843,0.2646311,1.139978,-0.6541793,0.6356006,-0.4987872,0.09731261,0.5811657,
1,10,29.845,0.2646311,1.139978,-0.6541793,0.6356006,-0.4987872,0.09731261,0.5811657,
1,10,29.847,0.2646311,1.139978,-0.6541793,0.6356006,-0.4987872,0.09731261,0.5811657,
1,10,29.849,0.2646311,1.139978,-0.6541793,0.6356006,-0.4987872,0.09731261,0.5811657,
1,10,29.851,0.2648659,1.139915,-0.6543893,0.6357956,-0.4991876,0.09779987,0.5805264,
1,10,29.853,0.2648659,1.139915,-0.6543893,0.6357956,-0.4991876,0.09779987,0.5805264,
1,10,29.855,0.2648659,1.139915,-0.6543893,0.6357956,-0.4991876,0.09779987,0.5805264,
1,10,29.857,0.2648659,1.139915,-0.6543893,0.6357956,-0.4991876,0.09779987,0.5805264,
1,10,29.859,0.2650789,1.139792,-0.6545205,0.6358806,-0.4996774,0.09836404,0.5799163,
1,10,29.861,0.2650789,1.139792,-0.6545205,0.6358806,-0.4996774,0.09836404,0.5799163,
1,10,29.863,0.2650789,1.139792,-0.6545205,0.6358806,-0.4996774,0.09836404,0.5799163,
1,10,29.865,0.2650789,1.139792,-0.6545205,0.6358806,-0.4996774,0.09836404,0.5799163,
1,10,29.867,0.2650789,1.139792,-0.6545205,0.6358806,-0.4996774,0.09836404,0.5799163,
1,10,29.869,0.2652671,1.139565,-0.6545872,0.6358572,-0.5001932,0.09893373,0.5794001,
1,10,29.871,0.2652671,1.139565,-0.6545872,0.6358572,-0.5001932,0.09893373,0.5794001,
1,10,29.873,0.2652671,1.139565,-0.6545872,0.6358572,-0.5001932,0.09893373,0.5794001,
1,10,29.875,0.2652671,1.139565,-0.6545872,0.6358572,-0.5001932,0.09893373,0.5794001,
1,10,29.877,0.2654026,1.139349,-0.6546153,0.635767,-0.5005428,0.09966961,0.579071,
1,10,29.879,0.2654026,1.139349,-0.6546153,0.635767,-0.5005428,0.09966961,0.579071,
1,10,29.881,0.2654026,1.139349,-0.6546153,0.635767,-0.5005428,0.09966961,0.579071,
1,10,29.883,0.2654026,1.139349,-0.6546153,0.635767,-0.5005428,0.09966961,0.579071,
1,10,29.885,0.2656059,1.139206,-0.6546276,0.6356664,-0.5007598,0.1005438,0.5788428,
1,10,29.887,0.2656059,1.139206,-0.6546276,0.6356664,-0.5007598,0.1005438,0.5788428,
1,10,29.889,0.2656059,1.139206,-0.6546276,0.6356664,-0.5007598,0.1005438,0.5788428,
1,10,29.891,0.2656059,1.139206,-0.6546276,0.6356664,-0.5007598,0.1005438,0.5788428,
1,10,29.893,0.2658927,1.138992,-0.6546628,0.6354377,-0.5011449,0.1017341,0.5785525,
1,10,29.895,0.2658927,1.138992,-0.6546628,0.6354377,-0.5011449,0.1017341,0.5785525,
1,10,29.897,0.2658927,1.138992,-0.6546628,0.6354377,-0.5011449,0.1017341,0.5785525,
1,10,29.899,0.2658927,1.138992,-0.6546628,0.6354377,-0.5011449,0.1017341,0.5785525,
1,10,29.901,0.266051,1.138882,-0.654781,0.6353226,-0.5014035,0.1023442,0.5783472,
1,10,29.903,0.266051,1.138882,-0.654781,0.6353226,-0.5014035,0.1023442,0.5783472,
1,10,29.905,0.266051,1.138882,-0.654781,0.6353226,-0.5014035,0.1023442,0.5783472,
1,10,29.907,0.266051,1.138882,-0.654781,0.6353226,-0.5014035,0.1023442,0.5783472,
1,10,29.909,0.266183,1.138824,-0.6548497,0.6352636,-0.5017775,0.1028154,0.5780039,
1,10,29.911,0.266183,1.138824,-0.6548497,0.6352636,-0.5017775,0.1028154,0.5780039,
1,10,29.913,0.266183,1.138824,-0.6548497,0.6352636,-0.5017775,0.1028154,0.5780039,
1,10,29.915,0.266183,1.138824,-0.6548497,0.6352636,-0.5017775,0.1028154,0.5780039,
1,10,29.917,0.266183,1.138824,-0.6548497,0.6352636,-0.5017775,0.1028154,0.5780039,
1,10,29.919,0.2663785,1.138752,-0.6547722,0.6352312,-0.5022853,0.1032406,0.5775225,
1,10,29.921,0.2663785,1.138752,-0.6547722,0.6352312,-0.5022853,0.1032406,0.5775225,
1,10,29.923,0.2663785,1.138752,-0.6547722,0.6352312,-0.5022853,0.1032406,0.5775225,
1,10,29.925,0.2663785,1.138752,-0.6547722,0.6352312,-0.5022853,0.1032406,0.5775225,
1,10,29.927,0.2664988,1.138711,-0.6547645,0.6352817,-0.5028138,0.103421,0.5769745,
1,10,29.929,0.2664988,1.138711,-0.6547645,0.6352817,-0.5028138,0.103421,0.5769745,
1,10,29.931,0.2664988,1.138711,-0.6547645,0.6352817,-0.5028138,0.103421,0.5769745,
1,10,29.933,0.2664988,1.138711,-0.6547645,0.6352817,-0.5028138,0.103421,0.5769745,
1,10,29.935,0.2665181,1.138574,-0.6547905,0.6353101,-0.5034326,0.1033821,0.5764104,
1,10,29.937,0.2665181,1.138574,-0.6547905,0.6353101,-0.5034326,0.1033821,0.5764104,
1,10,29.939,0.2665181,1.138574,-0.6547905,0.6353101,-0.5034326,0.1033821,0.5764104,
1,10,29.941,0.2665181,1.138574,-0.6547905,0.6353101,-0.5034326,0.1033821,0.5764104,
1,10,29.943,0.2665855,1.138501,-0.6548165,0.6353517,-0.5036103,0.1036818,0.5761554,
1,10,29.945,0.2665855,1.138501,-0.6548165,0.6353517,-0.5036103,0.1036818,0.5761554,
1,10,29.947,0.2665855,1.138501,-0.6548165,0.6353517,-0.5036103,0.1036818,0.5761554,
1,10,29.949,0.2665855,1.138501,-0.6548165,0.6353517,-0.5036103,0.1036818,0.5761554,
1,10,29.951,0.2666033,1.13834,-0.6549214,0.6353832,-0.5037342,0.1039693,0.5759605,
1,10,29.953,0.2666033,1.13834,-0.6549214,0.6353832,-0.5037342,0.1039693,0.5759605,
1,10,29.955,0.2666033,1.13834,-0.6549214,0.6353832,-0.5037342,0.1039693,0.5759605,
1,10,29.957,0.2666033,1.13834,-0.6549214,0.6353832,-0.5037342,0.1039693,0.5759605,
1,10,29.959,0.2666026,1.138213,-0.655023,0.6354711,-0.5036898,0.104369,0.5758301,
1,10,29.961,0.2666026,1.138213,-0.655023,0.6354711,-0.5036898,0.104369,0.5758301,
1,10,29.963,0.2666026,1.138213,-0.655023,0.6354711,-0.5036898,0.104369,0.5758301,
1,10,29.965,0.2666026,1.138213,-0.655023,0.6354711,-0.5036898,0.104369,0.5758301,
1,10,29.967,0.2666026,1.138213,-0.655023,0.6354711,-0.5036898,0.104369,0.5758301,
1,10,29.969,0.2666066,1.138026,-0.6551496,0.6355616,-0.5036337,0.1047675,0.5757069,
1,10,29.971,0.2666066,1.138026,-0.6551496,0.6355616,-0.5036337,0.1047675,0.5757069,
1,10,29.973,0.2666066,1.138026,-0.6551496,0.6355616,-0.5036337,0.1047675,0.5757069,
1,10,29.975,0.2666066,1.138026,-0.6551496,0.6355616,-0.5036337,0.1047675,0.5757069,
1,10,29.977,0.2665936,1.137855,-0.6552547,0.6357281,-0.5037079,0.1050534,0.5754058,
1,10,29.979,0.2665936,1.137855,-0.6552547,0.6357281,-0.5037079,0.1050534,0.5754058,
1,10,29.981,0.2665936,1.137855,-0.6552547,0.6357281,-0.5037079,0.1050534,0.5754058,
1,10,29.983,0.2665936,1.137855,-0.6552547,0.6357281,-0.5037079,0.1050534,0.5754058,
1,10,29.985,0.2665834,1.13773,-0.6553967,0.6360075,-0.5038435,0.1052282,0.5749462,
1,10,29.987,0.2665834,1.13773,-0.6553967,0.6360075,-0.5038435,0.1052282,0.5749462,
1,10,29.989,0.2665834,1.13773,-0.6553967,0.6360075,-0.5038435,0.1052282,0.5749462,
1,10,29.991,0.2665834,1.13773,-0.6553967,0.6360075,-0.5038435,0.1052282,0.5749462,
1,10,29.993,0.2664704,1.137647,-0.6556178,0.6364617,-0.5041804,0.1051433,0.5741634,
1,10,29.995,0.2664704,1.137647,-0.6556178,0.6364617,-0.5041804,0.1051433,0.5741634,
1,10,29.997,0.2664704,1.137647,-0.6556178,0.6364617,-0.5041804,0.1051433,0.5741634,
1,10,29.999,0.2664704,1.137647,-0.6556178,0.6364617,-0.5041804,0.1051433,0.5741634,
1,11,30.001,0.2665383,1.137861,-0.6556702,0.6371712,-0.5044178,0.1053171,0.5731351,CourtExit
1,11,30.003,0.2665383,1.137861,-0.6556702,0.6371712,-0.5044178,0.1053171,0.5731351,
1,11,30.005,0.2665383,1.137861,-0.6556702,0.6371712,-0.5044178,0.1053171,0.5731351,
1,11,30.007,0.2665383,1.137861,-0.6556702,0.6371712,-0.5044178,0.1053171,0.5731351,
1,11,30.009,0.2667545,1.138313,-0.6556302,0.638013,-0.5043195,0.105988,0.5721607,
1,11,30.011,0.2667545,1.138313,-0.6556302,0.638013,-0.5043195,0.105988,0.5721607,
1,11,30.013,0.2667545,1.138313,-0.6556302,0.638013,-0.5043195,0.105988,0.5721607,
1,11,30.015,0.2667545,1.138313,-0.6556302,0.638013,-0.5043195,0.105988,0.5721607,
1,11,30.017,0.2667545,1.138313,-0.6556302,0.638013,-0.5043195,0.105988,0.5721607,
1,11,30.019,0.26659,1.138314,-0.6558378,0.6386502,-0.5047283,0.1059374,0.5710977,
1,11,30.021,0.26659,1.138314,-0.6558378,0.6386502,-0.5047283,0.1059374,0.5710977,
1,11,30.023,0.26659,1.138314,-0.6558378,0.6386502,-0.5047283,0.1059374,0.5710977,
1,11,30.025,0.26659,1.138314,-0.6558378,0.6386502,-0.5047283,0.1059374,0.5710977,
1,11,30.027,0.2665291,1.138325,-0.6559262,0.6392546,-0.5050933,0.1061506,0.5700582,
1,11,30.029,0.2665291,1.138325,-0.6559262,0.6392546,-0.5050933,0.1061506,0.5700582,
1,11,30.031,0.2665291,1.138325,-0.6559262,0.6392546,-0.5050933,0.1061506,0.5700582,
1,11,30.033,0.2665291,1.138325,-0.6559262,0.6392546,-0.5050933,0.1061506,0.5700582,
1,11,30.035,0.2667087,1.138688,-0.6558516,0.6399996,-0.5048827,0.1071442,0.5692226,
1,11,30.037,0.2667087,1.138688,-0.6558516,0.6399996,-0.5048827,0.1071442,0.5692226,
1,11,30.039,0.2667087,1.138688,-0.6558516,0.6399996,-0.5048827,0.1071442,0.5692226,
1,11,30.041,0.2667087,1.138688,-0.6558516,0.6399996,-0.5048827,0.1071442,0.5692226,
1,11,30.043,0.2667886,1.13882,-0.655861,0.6405217,-0.5047494,0.1081395,0.5685648,
1,11,30.045,0.2667886,1.13882,-0.655861,0.6405217,-0.5047494,0.1081395,0.5685648,
1,11,30.047,0.2667886,1.13882,-0.655861,0.6405217,-0.5047494,0.1081395,0.5685648,
1,11,30.049,0.2667886,1.13882,-0.655861,0.6405217,-0.5047494,0.1081395,0.5685648,
1,11,30.051,0.2667823,1.138788,-0.6558535,0.6409237,-0.5048005,0.109055,0.5678912,
1,11,30.053,0.2667823,1.138788,-0.6558535,0.6409237,-0.5048005,0.109055,0.5678912,
1,11,30.055,0.2667823,1.138788,-0.6558535,0.6409237,-0.5048005,0.109055,0.5678912,
1,11,30.057,0.2667823,1.138788,-0.6558535,0.6409237,-0.5048005,0.109055,0.5678912,
1,11,30.059,0.2667461,1.13877,-0.6559289,0.6413014,-0.5047252,0.109983,0.5673525,
1,11,30.061,0.2667461,1.13877,-0.6559289,0.6413014,-0.5047252,0.109983,0.5673525,
1,11,30.063,0.2667461,1.13877,-0.6559289,0.6413014,-0.5047252,0.109983,0.5673525,
1,11,30.065,0.2667461,1.13877,-0.6559289,0.6413014,-0.5047252,0.109983,0.5673525,
1,11,30.067,0.2667461,1.13877,-0.6559289,0.6413014,-0.5047252,0.109983,0.5673525,
1,11,30.069,0.2667172,1.138726,-0.6559893,0.6416352,-0.5047335,0.1108734,0.5667941,
1,11,30.071,0.2667172,1.138726,-0.6559893,0.6416352,-0.5047335,0.1108734,0.5667941,
1,11,30.073,0.2667172,1.138726,-0.6559893,0.6416352,-0.5047335,0.1108734,0.5667941,
1,11,30.075,0.2667172,1.138726,-0.6559893,0.6416352,-0.5047335,0.1108734,0.5667941,
1,11,30.077,0.2667332,1.138575,-0.6561474,0.6418095,-0.5048697,0.1115372,0.5663452,
1,11,30.079,0.2667332,1.138575,-0.6561474,0.6418095,-0.5048697,0.1115372,0.5663452,
1,11,30.081,0.2667332,1.138575,-0.6561474,0.6418095,-0.5048697,0.1115372,0.5663452,
1,11,30.083,0.2667332,1.138575,-0.6561474,0.6418095,-0.5048697,0.1115372,0.5663452,
1,11,30.085,0.2668665,1.13852,-0.6562155,0.6419681,-0.5048558,0.1125642,0.5659744,
1,11,30.087,0.2668665,1.13852,-0.6562155,0.6419681,-0.5048558,0.1125642,0.5659744,
1,11,30.089,0.2668665,1.13852,-0.6562155,0.6419681,-0.5048558,0.1125642,0.5659744,
1,11,30.091,0.2668665,1.13852,-0.6562155,0.6419681,-0.5048558,0.1125642,0.5659744,
1,11,30.093,0.2671468,1.138677,-0.6561481,0.6421791,-0.504583,0.1138883,0.5657132,
1,11,30.095,0.2671468,1.138677,-0.6561481,0.6421791,-0.504583,0.1138883,0.5657132,
1,11,30.097,0.2671468,1.138677,-0.6561481,0.6421791,-0.504583,0.1138883,0.5657132,
1,11,30.099,0.2671468,1.138677,-0.6561481,0.6421791,-0.504583,0.1138883,0.5657132,
1,11,30.101,0.2673778,1.138617,-0.6560749,0.6422068,-0.5046395,0.1148943,0.5654279,
1,11,30.103,0.2673778,1.138617,-0.6560749,0.6422068,-0.5046395,0.1148943,0.5654279,
1,11,30.105,0.2673778,1.138617,-0.6560749,0.6422068,-0.5046395,0.1148943,0.5654279,
1,11,30.107,0.2673778,1.138617,-0.6560749,0.6422068,-0.5046395,0.1148943,0.5654279,
1,11,30.109,0.2676954,1.138532,-0.6559163,0.6421214,-0.5046421,0.1160167,0.5652934,
1,11,30.111,0.2676954,1.138532,-0.6559163,0.6421214,-0.5046421,0.1160167,0.5652934,
1,11,30.113,0.2676954,1.138532,-0.6559163,0.6421214,-0.5046421,0.1160167,0.5652934,
1,11,30.115,0.2676954,1.138532,-0.6559163,0.6421214,-0.5046421,0.1160167,0.5652934,
1,11,30.117,0.2676954,1.138532,-0.6559163,0.6421214,-0.5046421,0.1160167,0.5652934,
1,11,30.119,0.2678743,1.138224,-0.6558568,0.6418738,-0.5048316,0.1167397,0.5652566,
1,11,30.121,0.2678743,1.138224,-0.6558568,0.6418738,-0.5048316,0.1167397,0.5652566,
1,11,30.123,0.2678743,1.138224,-0.6558568,0.6418738,-0.5048316,0.1167397,0.5652566,
1,11,30.125,0.2678743,1.138224,-0.6558568,0.6418738,-0.5048316,0.1167397,0.5652566,
1,11,30.127,0.2680908,1.138007,-0.6557844,0.6416197,-0.5048969,0.1174872,0.5653318,
1,11,30.129,0.2680908,1.138007,-0.6557844,0.6416197,-0.5048969,0.1174872,0.5653318,
1,11,30.131,0.2680908,1.138007,-0.6557844,0.6416197,-0.5048969,0.1174872,0.5653318,
1,11,30.133,0.2680908,1.138007,-0.6557844,0.6416197,-0.5048969,0.1174872,0.5653318,
1,11,30.135,0.2682113,1.137443,-0.6557925,0.6411175,-0.5055419,0.1178932,0.5652406,
1,11,30.137,0.2682113,1.137443,-0.6557925,0.6411175,-0.5055419,0.1178932,0.5652406,
1,11,30.139,0.2682113,1.137443,-0.6557925,0.6411175,-0.5055419,0.1178932,0.5652406,
1,11,30.141,0.2682113,1.137443,-0.6557925,0.6411175,-0.5055419,0.1178932,0.5652406,
1,11,30.143,0.2683372,1.137255,-0.6557655,0.6408099,-0.5058315,0.118211,0.565264,
1,11,30.145,0.2683372,1.137255,-0.6557655,0.6408099,-0.5058315,0.118211,0.565264,
1,11,30.147,0.2683372,1.137255,-0.6557655,0.6408099,-0.5058315,0.118211,0.565264,
1,11,30.149,0.2683372,1.137255,-0.6557655,0.6408099,-0.5058315,0.118211,0.565264,
1,11,30.151,0.2684457,1.137074,-0.6557205,0.6404662,-0.5061291,0.1184894,0.5653288,
1,11,30.153,0.2684457,1.137074,-0.6557205,0.6404662,-0.5061291,0.1184894,0.5653288,
1,11,30.155,0.2684457,1.137074,-0.6557205,0.6404662,-0.5061291,0.1184894,0.5653288,
1,11,30.157,0.2684457,1.137074,-0.6557205,0.6404662,-0.5061291,0.1184894,0.5653288,
1,11,30.159,0.2685477,1.136885,-0.6556516,0.6400724,-0.5063791,0.1188062,0.5654844,
1,11,30.161,0.2685477,1.136885,-0.6556516,0.6400724,-0.5063791,0.1188062,0.5654844,
1,11,30.163,0.2685477,1.136885,-0.6556516,0.6400724,-0.5063791,0.1188062,0.5654844,
1,11,30.165,0.2685477,1.136885,-0.6556516,0.6400724,-0.5063791,0.1188062,0.5654844,
1,11,30.167,0.2685477,1.136885,-0.6556516,0.6400724,-0.5063791,0.1188062,0.5654844,
1,11,30.169,0.2686783,1.136748,-0.6555009,0.6396792,-0.5065448,0.1192573,0.565686,
1,11,30.171,0.2686783,1.136748,-0.6555009,0.6396792,-0.5065448,0.1192573,0.565686,
1,11,30.173,0.2686783,1.136748,-0.6555009,0.6396792,-0.5065448,0.1192573,0.565686,
1,11,30.175,0.2686783,1.136748,-0.6555009,0.6396792,-0.5065448,0.1192573,0.565686,
1,11,30.177,0.2686608,1.136484,-0.6553818,0.6391891,-0.506784,0.1194788,0.5659789,
1,11,30.179,0.2686608,1.136484,-0.6553818,0.6391891,-0.506784,0.1194788,0.5659789,
1,11,30.181,0.2686608,1.136484,-0.6553818,0.6391891,-0.506784,0.1194788,0.5659789,
1,11,30.183,0.2686608,1.136484,-0.6553818,0.6391891,-0.506784,0.1194788,0.5659789,
1,11,30.185,0.2686634,1.136359,-0.6552331,0.6388493,-0.5069658,0.1197485,0.5661429,
1,11,30.187,0.2686634,1.136359,-0.6552331,0.6388493,-0.5069658,0.1197485,0.5661429,
1,11,30.189,0.2686634,1.136359,-0.6552331,0.6388493,-0.5069658,0.1197485,0.5661429,
1,11,30.191,0.2686634,1.136359,-0.6552331,0.6388493,-0.5069658,0.1197485,0.5661429,
1,11,30.193,0.2686533,1.136222,-0.6550915,0.6385175,-0.5071798,0.1199614,0.5662804,
1,11,30.195,0.2686533,1.136222,-0.6550915,0.6385175,-0.5071798,0.1199614,0.5662804,
1,11,30.197,0.2686533,1.136222,-0.6550915,0.6385175,-0.5071798,0.1199614,0.5662804,
1,11,30.199,0.2686533,1.136222,-0.6550915,0.6385175,-0.5071798,0.1199614,0.5662804,
1,11,30.201,0.2686451,1.136088,-0.6549031,0.6382182,-0.5072936,0.1202323,0.5664583,
1,11,30.203,0.2686451,1.136088,-0.6549031,0.6382182,-0.5072936,0.1202323,0.5664583,
1,11,30.205,0.2686451,1.136088,-0.6549031,0.6382182,-0.5072936,0.1202323,0.5664583,
1,11,30.207,0.2686451,1.136088,-0.6549031,0.6382182,-0.5072936,0.1202323,0.5664583,
1,11,30.209,0.2686456,1.135827,-0.654604,0.6377738,-0.5073417,0.1207339,0.5668089,
1,11,30.211,0.2686456,1.135827,-0.654604,0.6377738,-0.5073417,0.1207339,0.5668089,
1,11,30.213,0.2686456,1.135827,-0.654604,0.6377738,-0.5073417,0.1207339,0.5668089,
1,11,30.215,0.2686456,1.135827,-0.654604,0.6377738,-0.5073417,0.1207339,0.5668089,
1,11,30.217,0.2686456,1.135827,-0.654604,0.6377738,-0.5073417,0.1207339,0.5668089,
1,11,30.219,0.2686656,1.135634,-0.6544515,0.6375363,-0.5072365,0.1210795,0.5670965,
1,11,30.221,0.2686656,1.135634,-0.6544515,0.6375363,-0.5072365,0.1210795,0.5670965,
1,11,30.223,0.2686656,1.135634,-0.6544515,0.6375363,-0.5072365,0.1210795,0.5670965,
1,11,30.225,0.2686656,1.135634,-0.6544515,0.6375363,-0.5072365,0.1210795,0.5670965,
1,11,30.227,0.2686668,1.135365,-0.654317,0.6373203,-0.507084,0.1214185,0.5674031,
1,11,30.229,0.2686668,1.135365,-0.654317,0.6373203,-0.507084,0.1214185,0.5674031,
1,11,30.231,0.2686668,1.135365,-0.654317,0.6373203,-0.507084,0.1214185,0.5674031,
1,11,30.233,0.2686668,1.135365,-0.654317,0.6373203,-0.507084,0.1214185,0.5674031,
1,11,30.235,0.268724,1.135051,-0.6541839,0.6371405,-0.5069426,0.1217509,0.56766,
1,11,30.237,0.268724,1.135051,-0.6541839,0.6371405,-0.5069426,0.1217509,0.56766,
1,11,30.239,0.268724,1.135051,-0.6541839,0.6371405,-0.5069426,0.1217509,0.56766,
1,11,30.241,0.268724,1.135051,-0.6541839,0.6371405,-0.5069426,0.1217509,0.56766,
1,11,30.243,0.2687857,1.134792,-0.6540604,0.6370659,-0.5066839,0.1221321,0.5678928,
1,11,30.245,0.2687857,1.134792,-0.6540604,0.6370659,-0.5066839,0.1221321,0.5678928,
1,11,30.247,0.2687857,1.134792,-0.6540604,0.6370659,-0.5066839,0.1221321,0.5678928,
1,11,30.249,0.2687857,1.134792,-0.6540604,0.6370659,-0.5066839,0.1221321,0.5678928,
1,11,30.251,0.2688859,1.134575,-0.6539348,0.6371137,-0.5064176,0.122497,0.5679979,
1,11,30.253,0.2688859,1.134575,-0.6539348,0.6371137,-0.5064176,0.122497,0.5679979,
1,11,30.255,0.2688859,1.134575,-0.6539348,0.6371137,-0.5064176,0.122497,0.5679979,
1,11,30.257,0.2688859,1.134575,-0.6539348,0.6371137,-0.5064176,0.122497,0.5679979,
1,11,30.259,0.2689537,1.13439,-0.6538398,0.6372763,-0.5062071,0.1226882,0.5679621,
1,11,30.261,0.2689537,1.13439,-0.6538398,0.6372763,-0.5062071,0.1226882,0.5679621,
1,11,30.263,0.2689537,1.13439,-0.6538398,0.6372763,-0.5062071,0.1226882,0.5679621,
1,11,30.265,0.2689537,1.13439,-0.6538398,0.6372763,-0.5062071,0.1226882,0.5679621,
1,11,30.267,0.2689537,1.13439,-0.6538398,0.6372763,-0.5062071,0.1226882,0.5679621,
1,11,30.269,0.2690615,1.134336,-0.6537604,0.6376402,-0.5060738,0.1226783,0.5676745,
1,11,30.271,0.2690615,1.134336,-0.6537604,0.6376402,-0.5060738,0.1226783,0.5676745,
1,11,30.273,0.2690615,1.134336,-0.6537604,0.6376402,-0.5060738,0.1226783,0.5676745,
1,11,30.275,0.2690615,1.134336,-0.6537604,0.6376402,-0.5060738,0.1226783,0.5676745,
1,11,30.277,0.2691424,1.134329,-0.6537382,0.6381204,-0.506067,0.1223874,0.5672038,
1,11,30.279,0.2691424,1.134329,-0.6537382,0.6381204,-0.506067,0.1223874,0.5672038,
1,11,30.281,0.2691424,1.134329,-0.6537382,0.6381204,-0.506067,0.1223874,0.5672038,
1,11,30.283,0.2691424,1.134329,-0.6537382,0.6381204,-0.506067,0.1223874,0.5672038,
1,11,30.285,0.2691898,1.134333,-0.6537479,0.6386415,-0.5060964,0.121979,0.5666786,
1,11,30.287,0.2691898,1.134333,-0.6537479,0.6386415,-0.5060964,0.121979,0.5666786,
1,11,30.289,0.2691898,1.134333,-0.6537479,0.6386415,-0.5060964,0.121979,0.5666786,
1,11,30.291,0.2691898,1.134333,-0.6537479,0.6386415,-0.5060964,0.121979,0.5666786,
1,11,30.293,0.2692068,1.134371,-0.6537081,0.639173,-0.5060279,0.1216364,0.566214,
1,11,30.295,0.2692068,1.134371,-0.6537081,0.639173,-0.5060279,0.1216364,0.566214,
1,11,30.297,0.2692068,1.134371,-0.6537081,0.639173,-0.5060279,0.1216364,0.566214,
1,11,30.299,0.2692068,1.134371,-0.6537081,0.639173,-0.5060279,0.1216364,0.566214,
1,11,30.301,0.269276,1.134411,-0.6536292,0.6396779,-0.5058757,0.1214842,0.5658125,
1,11,30.303,0.269276,1.134411,-0.6536292,0.6396779,-0.5058757,0.1214842,0.5658125,
1,11,30.305,0.269276,1.134411,-0.6536292,0.6396779,-0.5058757,0.1214842,0.5658125,
1,11,30.307,0.269276,1.134411,-0.6536292,0.6396779,-0.5058757,0.1214842,0.5658125,
1,11,30.309,0.2693599,1.134568,-0.6535982,0.6401991,-0.5054992,0.1215171,0.5655522,
1,11,30.311,0.2693599,1.134568,-0.6535982,0.6401991,-0.5054992,0.1215171,0.5655522,
1,11,30.313,0.2693599,1.134568,-0.6535982,0.6401991,-0.5054992,0.1215171,0.5655522,
1,11,30.315,0.2693599,1.134568,-0.6535982,0.6401991,-0.5054992,0.1215171,0.5655522,
1,11,30.317,0.2693599,1.134568,-0.6535982,0.6401991,-0.5054992,0.1215171,0.5655522,
1,11,30.319,0.2693532,1.134602,-0.6535956,0.6406665,-0.5052078,0.1214071,0.5653068,
1,11,30.321,0.2693532,1.134602,-0.6535956,0.6406665,-0.5052078,0.1214071,0.5653068,
1,11,30.323,0.2693532,1.134602,-0.6535956,0.6406665,-0.5052078,0.1214071,0.5653068,
1,11,30.325,0.2693532,1.134602,-0.6535956,0.6406665,-0.5052078,0.1214071,0.5653068,
1,11,30.327,0.2693634,1.134658,-0.6535766,0.6411414,-0.5049888,0.1212396,0.565,
1,11,30.329,0.2693634,1.134658,-0.6535766,0.6411414,-0.5049888,0.1212396,0.565,
1,11,30.331,0.2693634,1.134658,-0.6535766,0.6411414,-0.5049888,0.1212396,0.565,
1,11,30.333,0.2693634,1.134658,-0.6535766,0.6411414,-0.5049888,0.1212396,0.565,
1,11,30.335,0.2693418,1.13465,-0.6535571,0.641518,-0.5049388,0.1209424,0.5646807,
1,11,30.337,0.2693418,1.13465,-0.6535571,0.641518,-0.5049388,0.1209424,0.5646807,
1,11,30.339,0.2693418,1.13465,-0.6535571,0.641518,-0.5049388,0.1209424,0.5646807,
1,11,30.341,0.2693418,1.13465,-0.6535571,0.641518,-0.5049388,0.1209424,0.5646807,
1,11,30.343,0.2692788,1.134495,-0.6536127,0.6417488,-0.5048968,0.1205881,0.564532,
1,11,30.345,0.2692788,1.134495,-0.6536127,0.6417488,-0.5048968,0.1205881,0.564532,
1,11,30.347,0.2692788,1.134495,-0.6536127,0.6417488,-0.5048968,0.1205881,0.564532,
1,11,30.349,0.2692788,1.134495,-0.6536127,0.6417488,-0.5048968,0.1205881,0.564532,
1,11,30.351,0.2692808,1.134455,-0.6535213,0.6419581,-0.5048054,0.1204576,0.5644035,
1,11,30.353,0.2692808,1.134455,-0.6535213,0.6419581,-0.5048054,0.1204576,0.5644035,
1,11,30.355,0.2692808,1.134455,-0.6535213,0.6419581,-0.5048054,0.1204576,0.5644035,
1,11,30.357,0.2692808,1.134455,-0.6535213,0.6419581,-0.5048054,0.1204576,0.5644035,
1,11,30.359,0.2692519,1.134462,-0.6534936,0.6421053,-0.5046592,0.1203204,0.5643961,
1,11,30.361,0.2692519,1.134462,-0.6534936,0.6421053,-0.5046592,0.1203204,0.5643961,
1,11,30.363,0.2692519,1.134462,-0.6534936,0.6421053,-0.5046592,0.1203204,0.5643961,
1,11,30.365,0.2692519,1.134462,-0.6534936,0.6421053,-0.5046592,0.1203204,0.5643961,
1,11,30.367,0.2692519,1.134462,-0.6534936,0.6421053,-0.5046592,0.1203204,0.5643961,
1,11,30.369,0.2692217,1.134457,-0.6534617,0.6421397,-0.5043421,0.1202636,0.5646524,
1,11,30.371,0.2692217,1.134457,-0.6534617,0.6421397,-0.5043421,0.1202636,0.5646524,
1,11,30.373,0.2692217,1.134457,-0.6534617,0.6421397,-0.5043421,0.1202636,0.5646524,
1,11,30.375,0.2692217,1.134457,-0.6534617,0.6421397,-0.5043421,0.1202636,0.5646524,
1,11,30.377,0.2692297,1.134439,-0.6534126,0.6420654,-0.504241,0.1202308,0.5648342,
1,11,30.379,0.2692297,1.134439,-0.6534126,0.6420654,-0.504241,0.1202308,0.5648342,
1,11,30.381,0.2692297,1.134439,-0.6534126,0.6420654,-0.504241,0.1202308,0.5648342,
1,11,30.383,0.2692297,1.134439,-0.6534126,0.6420654,-0.504241,0.1202308,0.5648342,
1,11,30.385,0.2692744,1.13442,-0.6534045,0.6419425,-0.5042673,0.1201263,0.5649728,
1,11,30.387,0.2692744,1.13442,-0.6534045,0.6419425,-0.5042673,0.1201263,0.5649728,
1,11,30.389,0.2692744,1.13442,-0.6534045,0.6419425,-0.5042673,0.1201263,0.5649728,
1,11,30.391,0.2692744,1.13442,-0.6534045,0.6419425,-0.5042673,0.1201263,0.5649728,
1,11,30.393,0.2693718,1.134492,-0.6532974,0.6418095,-0.5043917,0.1200803,0.5650225,
1,11,30.395,0.2693718,1.134492,-0.6532974,0.6418095,-0.5043917,0.1200803,0.5650225,
1,11,30.397,0.2693718,1.134492,-0.6532974,0.6418095,-0.5043917,0.1200803,0.5650225,
1,11,30.399,0.2693718,1.134492,-0.6532974,0.6418095,-0.5043917,0.1200803,0.5650225,
1,11,30.401,0.2694814,1.134566,-0.6532881,0.6416454,-0.5044876,0.1200622,0.5651271,
1,11,30.403,0.2694814,1.134566,-0.6532881,0.6416454,-0.5044876,0.1200622,0.5651271,
1,11,30.405,0.2694814,1.134566,-0.6532881,0.6416454,-0.5044876,0.1200622,0.5651271,
1,11,30.407,0.2694814,1.134566,-0.6532881,0.6416454,-0.5044876,0.1200622,0.5651271,
1,11,30.409,0.2695309,1.134544,-0.6533263,0.6413719,-0.5046622,0.1200029,0.5652942,
1,11,30.411,0.2695309,1.134544,-0.6533263,0.6413719,-0.5046622,0.1200029,0.5652942,
1,11,30.413,0.2695309,1.134544,-0.6533263,0.6413719,-0.5046622,0.1200029,0.5652942,
1,11,30.415,0.2695309,1.134544,-0.6533263,0.6413719,-0.5046622,0.1200029,0.5652942,
1,11,30.417,0.2695309,1.134544,-0.6533263,0.6413719,-0.5046622,0.1200029,0.5652942,
1,11,30.419,0.2696359,1.134537,-0.6533095,0.6410672,-0.5048252,0.1200945,0.5654747,
1,11,30.421,0.2696359,1.134537,-0.6533095,0.6410672,-0.5048252,0.1200945,0.5654747,
1,11,30.423,0.2696359,1.134537,-0.6533095,0.6410672,-0.5048252,0.1200945,0.5654747,
1,11,30.425,0.2696359,1.134537,-0.6533095,0.6410672,-0.5048252,0.1200945,0.5654747,
1,11,30.427,0.2696753,1.134455,-0.6533284,0.6406617,-0.5050008,0.1202638,0.5657415,
1,11,30.429,0.2696753,1.134455,-0.6533284,0.6406617,-0.5050008,0.1202638,0.5657415,
1,11,30.431,0.2696753,1.134455,-0.6533284,0.6406617,-0.5050008,0.1202638,0.5657415,
1,11,30.433,0.2696753,1.134455,-0.6533284,0.6406617,-0.5050008,0.1202638,0.5657415,
1,11,30.435,0.2697555,1.134354,-0.6532834,0.6402099,-0.5050969,0.1206519,0.5660844,
1,11,30.437,0.2697555,1.134354,-0.6532834,0.6402099,-0.5050969,0.1206519,0.5660844,
1,11,30.439,0.2697555,1.134354,-0.6532834,0.6402099,-0.5050969,0.1206519,0.5660844,
1,11,30.441,0.2697555,1.134354,-0.6532834,0.6402099,-0.5050969,0.1206519,0.5660844,
1,11,30.443,0.2698672,1.13434,-0.6532383,0.6396706,-0.5051385,0.121392,0.5664985,
1,11,30.445,0.2698672,1.13434,-0.6532383,0.6396706,-0.5051385,0.121392,0.5664985,
1,11,30.447,0.2698672,1.13434,-0.6532383,0.6396706,-0.5051385,0.121392,0.5664985,
1,11,30.449,0.2698672,1.13434,-0.6532383,0.6396706,-0.5051385,0.121392,0.5664985,
1,11,30.451,0.2699845,1.134376,-0.6531458,0.6393567,-0.5052285,0.1219686,0.5666489,
1,11,30.453,0.2699845,1.134376,-0.6531458,0.6393567,-0.5052285,0.1219686,0.5666489,
1,11,30.455,0.2699845,1.134376,-0.6531458,0.6393567,-0.5052285,0.1219686,0.5666489,
1,11,30.457,0.2699845,1.134376,-0.6531458,0.6393567,-0.5052285,0.1219686,0.5666489,
1,11,30.459,0.2699444,1.134303,-0.6531256,0.6390866,-0.505565,0.1221865,0.5666065,
1,11,30.461,0.2699444,1.134303,-0.6531256,0.6390866,-0.505565,0.1221865,0.5666065,
1,11,30.463,0.2699444,1.134303,-0.6531256,0.6390866,-0.505565,0.1221865,0.5666065,
1,11,30.465,0.2699444,1.134303,-0.6531256,0.6390866,-0.505565,0.1221865,0.5666065,
1,11,30.467,0.2699444,1.134303,-0.6531256,0.6390866,-0.505565,0.1221865,0.5666065,
1,11,30.469,0.2699661,1.134253,-0.6531048,0.6388569,-0.5059733,0.122332,0.5664695,
1,11,30.471,0.2699661,1.134253,-0.6531048,0.6388569,-0.5059733,0.122332,0.5664695,
1,11,30.473,0.2699661,1.134253,-0.6531048,0.6388569,-0.5059733,0.122332,0.5664695,
1,11,30.475,0.2699661,1.134253,-0.6531048,0.6388569,-0.5059733,0.122332,0.5664695,
1,11,30.477,0.269961,1.134214,-0.6530789,0.6386545,-0.5063017,0.1225082,0.5663664,
1,11,30.479,0.269961,1.134214,-0.6530789,0.6386545,-0.5063017,0.1225082,0.5663664,
1,11,30.481,0.269961,1.134214,-0.6530789,0.6386545,-0.5063017,0.1225082,0.5663664,
1,11,30.483,0.269961,1.134214,-0.6530789,0.6386545,-0.5063017,0.1225082,0.5663664,
1,11,30.485,0.2699949,1.134261,-0.6530142,0.6385186,-0.5064903,0.1228138,0.5662847,
1,11,30.487,0.2699949,1.134261,-0.6530142,0.6385186,-0.5064903,0.1228138,0.5662847,
1,11,30.489,0.2699949,1.134261,-0.6530142,0.6385186,-0.5064903,0.1228138,0.5662847,
1,11,30.491,0.2699949,1.134261,-0.6530142,0.6385186,-0.5064903,0.1228138,0.5662847,
1,11,30.493,0.2700057,1.134257,-0.6529555,0.6383867,-0.5066903,0.1230326,0.5662071,
1,11,30.495,0.2700057,1.134257,-0.6529555,0.6383867,-0.5066903,0.1230326,0.5662071,
1,11,30.497,0.2700057,1.134257,-0.6529555,0.6383867,-0.5066903,0.1230326,0.5662071,
1,11,30.499,0.2700057,1.134257,-0.6529555,0.6383867,-0.5066903,0.1230326,0.5662071,
1,11,30.501,0.2700216,1.134241,-0.6529277,0.638284,-0.5068961,0.1231876,0.566105,
1,11,30.503,0.2700216,1.134241,-0.6529277,0.638284,-0.5068961,0.1231876,0.566105,
1,11,30.505,0.2700216,1.134241,-0.6529277,0.638284,-0.5068961,0.1231876,0.566105,
1,11,30.507,0.2700216,1.134241,-0.6529277,0.638284,-0.5068961,0.1231876,0.566105,
1,11,30.509,0.2700102,1.134184,-0.6529321,0.6382311,-0.5071167,0.1231977,0.5659647,
1,11,30.511,0.2700102,1.134184,-0.6529321,0.6382311,-0.5071167,0.1231977,0.5659647,
1,11,30.513,0.2700102,1.134184,-0.6529321,0.6382311,-0.5071167,0.1231977,0.5659647,
1,11,30.515,0.2700102,1.134184,-0.6529321,0.6382311,-0.5071167,0.1231977,0.5659647,
1,11,30.517,0.2700102,1.134184,-0.6529321,0.6382311,-0.5071167,0.1231977,0.5659647,
1,11,30.519,0.2699853,1.134165,-0.6529301,0.6382183,-0.5072458,0.1231948,0.5658641,
1,11,30.521,0.2699853,1.134165,-0.6529301,0.6382183,-0.5072458,0.1231948,0.5658641,
1,11,30.523,0.2699853,1.134165,-0.6529301,0.6382183,-0.5072458,0.1231948,0.5658641,
1,11,30.525,0.2699853,1.134165,-0.6529301,0.6382183,-0.5072458,0.1231948,0.5658641,
1,11,30.527,0.2700151,1.134192,-0.6528305,0.6382819,-0.5072705,0.1233206,0.565743,
1,11,30.529,0.2700151,1.134192,-0.6528305,0.6382819,-0.5072705,0.1233206,0.565743,
1,11,30.531,0.2700151,1.134192,-0.6528305,0.6382819,-0.5072705,0.1233206,0.565743,
1,11,30.533,0.2700151,1.134192,-0.6528305,0.6382819,-0.5072705,0.1233206,0.565743,
1,11,30.535,0.2700144,1.134259,-0.6527659,0.6383718,-0.5072343,0.1233834,0.5656602,
1,11,30.537,0.2700144,1.134259,-0.6527659,0.6383718,-0.5072343,0.1233834,0.5656602,
1,11,30.539,0.2700144,1.134259,-0.6527659,0.6383718,-0.5072343,0.1233834,0.5656602,
1,11,30.541,0.2700144,1.134259,-0.6527659,0.6383718,-0.5072343,0.1233834,0.5656602,
1,11,30.543,0.2699897,1.134231,-0.6526783,0.6384162,-0.5071343,0.1234689,0.5656811,
1,11,30.545,0.2699897,1.134231,-0.6526783,0.6384162,-0.5071343,0.1234689,0.5656811,
1,11,30.547,0.2699897,1.134231,-0.6526783,0.6384162,-0.5071343,0.1234689,0.5656811,
1,11,30.549,0.2699897,1.134231,-0.6526783,0.6384162,-0.5071343,0.1234689,0.5656811,
1,11,30.551,0.2699943,1.134278,-0.6525628,0.6384992,-0.5069023,0.1236196,0.5657623,
1,11,30.553,0.2699943,1.134278,-0.6525628,0.6384992,-0.5069023,0.1236196,0.5657623,
1,11,30.555,0.2699943,1.134278,-0.6525628,0.6384992,-0.5069023,0.1236196,0.5657623,
1,11,30.557,0.2699943,1.134278,-0.6525628,0.6384992,-0.5069023,0.1236196,0.5657623,
1,11,30.559,0.2699617,1.134234,-0.6524605,0.6385492,-0.5067078,0.1236499,0.5658736,
1,11,30.561,0.2699617,1.134234,-0.6524605,0.6385492,-0.5067078,0.1236499,0.5658736,
1,11,30.563,0.2699617,1.134234,-0.6524605,0.6385492,-0.5067078,0.1236499,0.5658736,
1,11,30.565,0.2699617,1.134234,-0.6524605,0.6385492,-0.5067078,0.1236499,0.5658736,
1,11,30.567,0.2699617,1.134234,-0.6524605,0.6385492,-0.5067078,0.1236499,0.5658736,
1,11,30.569,0.269892,1.134179,-0.6523693,0.6386227,-0.5064794,0.1236133,0.566003,
1,11,30.571,0.269892,1.134179,-0.6523693,0.6386227,-0.5064794,0.1236133,0.566003,
1,11,30.573,0.269892,1.134179,-0.6523693,0.6386227,-0.5064794,0.1236133,0.566003,
1,11,30.575,0.269892,1.134179,-0.6523693,0.6386227,-0.5064794,0.1236133,0.566003,
1,11,30.577,0.2698287,1.134201,-0.6523013,0.6387756,-0.506251,0.1234644,0.5660675,
1,11,30.579,0.2698287,1.134201,-0.6523013,0.6387756,-0.506251,0.1234644,0.5660675,
1,11,30.581,0.2698287,1.134201,-0.6523013,0.6387756,-0.506251,0.1234644,0.5660675,
1,11,30.583,0.2698287,1.134201,-0.6523013,0.6387756,-0.506251,0.1234644,0.5660675,
1,11,30.585,0.2697838,1.134257,-0.6522539,0.6389693,-0.5060125,0.1232587,0.5661069,
1,11,30.587,0.2697838,1.134257,-0.6522539,0.6389693,-0.5060125,0.1232587,0.5661069,
1,11,30.589,0.2697838,1.134257,-0.6522539,0.6389693,-0.5060125,0.1232587,0.5661069,
1,11,30.591,0.2697838,1.134257,-0.6522539,0.6389693,-0.5060125,0.1232587,0.5661069,
1,11,30.593,0.2696725,1.134226,-0.6521938,0.6390913,-0.5058765,0.1229203,0.5661643,
1,11,30.595,0.2696725,1.134226,-0.6521938,0.6390913,-0.5058765,0.1229203,0.5661643,
1,11,30.597,0.2696725,1.134226,-0.6521938,0.6390913,-0.5058765,0.1229203,0.5661643,
1,11,30.599,0.2696725,1.134226,-0.6521938,0.6390913,-0.5058765,0.1229203,0.5661643,
1,11,30.601,0.2695856,1.134245,-0.6521698,0.6392722,-0.5057539,0.1225267,0.5661548,
1,11,30.603,0.2695856,1.134245,-0.6521698,0.6392722,-0.5057539,0.1225267,0.5661548,
1,11,30.605,0.2695856,1.134245,-0.6521698,0.6392722,-0.5057539,0.1225267,0.5661548,
1,11,30.607,0.2695856,1.134245,-0.6521698,0.6392722,-0.5057539,0.1225267,0.5661548,
1,11,30.609,0.2695308,1.134343,-0.6520854,0.6394622,-0.505565,0.1222083,0.5661778,
1,11,30.611,0.2695308,1.134343,-0.6520854,0.6394622,-0.505565,0.1222083,0.5661778,
1,11,30.613,0.2695308,1.134343,-0.6520854,0.6394622,-0.505565,0.1222083,0.5661778,
1,11,30.615,0.2695308,1.134343,-0.6520854,0.6394622,-0.505565,0.1222083,0.5661778,
1,11,30.617,0.2695308,1.134343,-0.6520854,0.6394622,-0.505565,0.1222083,0.5661778,
1,11,30.619,0.2694161,1.13439,-0.6520778,0.6396003,-0.5053452,0.1219069,0.5662829,
1,11,30.621,0.2694161,1.13439,-0.6520778,0.6396003,-0.5053452,0.1219069,0.5662829,
1,11,30.623,0.2694161,1.13439,-0.6520778,0.6396003,-0.5053452,0.1219069,0.5662829,
1,11,30.625,0.2694161,1.13439,-0.6520778,0.6396003,-0.5053452,0.1219069,0.5662829,
1,11,30.627,0.2693306,1.134452,-0.6520395,0.6397715,-0.5052164,0.1216083,0.5662687,
1,11,30.629,0.2693306,1.134452,-0.6520395,0.6397715,-0.5052164,0.1216083,0.5662687,
1,11,30.631,0.2693306,1.134452,-0.6520395,0.6397715,-0.5052164,0.1216083,0.5662687,
1,11,30.633,0.2693306,1.134452,-0.6520395,0.6397715,-0.5052164,0.1216083,0.5662687,
1,11,30.635,0.269172,1.134476,-0.6521003,0.6399297,-0.5050625,0.1213082,0.5662916,
1,11,30.637,0.269172,1.134476,-0.6521003,0.6399297,-0.5050625,0.1213082,0.5662916,
1,11,30.639,0.269172,1.134476,-0.6521003,0.6399297,-0.5050625,0.1213082,0.5662916,
1,11,30.641,0.269172,1.134476,-0.6521003,0.6399297,-0.5050625,0.1213082,0.5662916,
1,11,30.643,0.2689761,1.13444,-0.6521639,0.6400551,-0.50499,0.1209872,0.5662832,
1,11,30.645,0.2689761,1.13444,-0.6521639,0.6400551,-0.50499,0.1209872,0.5662832,
1,11,30.647,0.2689761,1.13444,-0.6521639,0.6400551,-0.50499,0.1209872,0.5662832,
1,11,30.649,0.2689761,1.13444,-0.6521639,0.6400551,-0.50499,0.1209872,0.5662832,
1,11,30.651,0.2688595,1.134527,-0.6521727,0.6402194,-0.5049824,0.1207805,0.5661484,
1,11,30.653,0.2688595,1.134527,-0.6521727,0.6402194,-0.5049824,0.1207805,0.5661484,
1,11,30.655,0.2688595,1.134527,-0.6521727,0.6402194,-0.5049824,0.1207805,0.5661484,
1,11,30.657,0.2688595,1.134527,-0.6521727,0.6402194,-0.5049824,0.1207805,0.5661484,
1,11,30.659,0.2687779,1.134681,-0.652203,0.6404332,-0.5050296,0.1206445,0.5658934,
1,11,30.661,0.2687779,1.134681,-0.652203,0.6404332,-0.5050296,0.1206445,0.5658934,
1,11,30.663,0.2687779,1.134681,-0.652203,0.6404332,-0.5050296,0.1206445,0.5658934,
1,11,30.665,0.2687779,1.134681,-0.652203,0.6404332,-0.5050296,0.1206445,0.5658934,
1,11,30.667,0.2687779,1.134681,-0.652203,0.6404332,-0.5050296,0.1206445,0.5658934,
1,11,30.669,0.2687015,1.134736,-0.6522173,0.6406094,-0.5053098,0.1204305,0.5654894,
1,11,30.671,0.2687015,1.134736,-0.6522173,0.6406094,-0.5053098,0.1204305,0.5654894,
1,11,30.673,0.2687015,1.134736,-0.6522173,0.6406094,-0.5053098,0.1204305,0.5654894,
1,11,30.675,0.2687015,1.134736,-0.6522173,0.6406094,-0.5053098,0.1204305,0.5654894,
1,11,30.677,0.2687078,1.13478,-0.6521982,0.6407392,-0.5056249,0.1203496,0.5650777,
1,11,30.679,0.2687078,1.13478,-0.6521982,0.6407392,-0.5056249,0.1203496,0.5650777,
1,11,30.681,0.2687078,1.13478,-0.6521982,0.6407392,-0.5056249,0.1203496,0.5650777,
1,11,30.683,0.2687078,1.13478,-0.6521982,0.6407392,-0.5056249,0.1203496,0.5650777,
1,11,30.685,0.2688364,1.134909,-0.6521534,0.640851,-0.5056946,0.1206701,0.5648202,
1,11,30.687,0.2688364,1.134909,-0.6521534,0.640851,-0.5056946,0.1206701,0.5648202,
1,11,30.689,0.2688364,1.134909,-0.6521534,0.640851,-0.5056946,0.1206701,0.5648202,
1,11,30.691,0.2688364,1.134909,-0.6521534,0.640851,-0.5056946,0.1206701,0.5648202,
1,11,30.693,0.2690243,1.135057,-0.6521026,0.6408834,-0.505587,0.1213145,0.5647416,
1,11,30.695,0.2690243,1.135057,-0.6521026,0.6408834,-0.505587,0.1213145,0.5647416,
1,11,30.697,0.2690243,1.135057,-0.6521026,0.6408834,-0.505587,0.1213145,0.5647416,
1,11,30.699,0.2690243,1.135057,-0.6521026,0.6408834,-0.505587,0.1213145,0.5647416,
1,11,30.701,0.2690776,1.134954,-0.652113,0.6408121,-0.505744,0.1217205,0.5645945,
1,11,30.703,0.2690776,1.134954,-0.652113,0.6408121,-0.505744,0.1217205,0.5645945,
1,11,30.705,0.2690776,1.134954,-0.652113,0.6408121,-0.505744,0.1217205,0.5645945,
1,11,30.707,0.2690776,1.134954,-0.652113,0.6408121,-0.505744,0.1217205,0.5645945,
1,11,30.709,0.269231,1.13497,-0.6520756,0.6407573,-0.5058045,0.122328,0.5644711,
1,11,30.711,0.269231,1.13497,-0.6520756,0.6407573,-0.5058045,0.122328,0.5644711,
1,11,30.713,0.269231,1.13497,-0.6520756,0.6407573,-0.5058045,0.122328,0.5644711,
1,11,30.715,0.269231,1.13497,-0.6520756,0.6407573,-0.5058045,0.122328,0.5644711,
1,11,30.717,0.269231,1.13497,-0.6520756,0.6407573,-0.5058045,0.122328,0.5644711,
1,11,30.719,0.2693783,1.13492,-0.6520203,0.6406418,-0.5058947,0.1229772,0.5643803,
1,11,30.721,0.2693783,1.13492,-0.6520203,0.6406418,-0.5058947,0.1229772,0.5643803,
1,11,30.723,0.2693783,1.13492,-0.6520203,0.6406418,-0.5058947,0.1229772,0.5643803,
1,11,30.725,0.2693783,1.13492,-0.6520203,0.6406418,-0.5058947,0.1229772,0.5643803,
1,11,30.727,0.2695259,1.134802,-0.6519461,0.6405051,-0.5060443,0.1236074,0.564264,
1,11,30.729,0.2695259,1.134802,-0.6519461,0.6405051,-0.5060443,0.1236074,0.564264,
1,11,30.731,0.2695259,1.134802,-0.6519461,0.6405051,-0.5060443,0.1236074,0.564264,
1,11,30.733,0.2695259,1.134802,-0.6519461,0.6405051,-0.5060443,0.1236074,0.564264,
1,11,30.735,0.2696113,1.134625,-0.6519246,0.640317,-0.5062055,0.1241252,0.564219,
1,11,30.737,0.2696113,1.134625,-0.6519246,0.640317,-0.5062055,0.1241252,0.564219,
1,11,30.739,0.2696113,1.134625,-0.6519246,0.640317,-0.5062055,0.1241252,0.564219,
1,11,30.741,0.2696113,1.134625,-0.6519246,0.640317,-0.5062055,0.1241252,0.564219,
1,11,30.743,0.2696663,1.134329,-0.6519229,0.640096,-0.5064781,0.1244819,0.5641465,
1,11,30.745,0.2696663,1.134329,-0.6519229,0.640096,-0.5064781,0.1244819,0.5641465,
1,11,30.747,0.2696663,1.134329,-0.6519229,0.640096,-0.5064781,0.1244819,0.5641465,
1,11,30.749,0.2696663,1.134329,-0.6519229,0.640096,-0.5064781,0.1244819,0.5641465,
1,11,30.751,0.2696511,1.133976,-0.6520743,0.6398782,-0.5066744,0.1247376,0.5641609,
1,11,30.753,0.2696511,1.133976,-0.6520743,0.6398782,-0.5066744,0.1247376,0.5641609,
1,11,30.755,0.2696511,1.133976,-0.6520743,0.6398782,-0.5066744,0.1247376,0.5641609,
1,11,30.757,0.2696511,1.133976,-0.6520743,0.6398782,-0.5066744,0.1247376,0.5641609,
1,11,30.759,0.2697253,1.133883,-0.6520982,0.6397333,-0.5066168,0.1253134,0.5642493,
1,11,30.761,0.2697253,1.133883,-0.6520982,0.6397333,-0.5066168,0.1253134,0.5642493,
1,11,30.763,0.2697253,1.133883,-0.6520982,0.6397333,-0.5066168,0.1253134,0.5642493,
1,11,30.765,0.2697253,1.133883,-0.6520982,0.6397333,-0.5066168,0.1253134,0.5642493,
1,11,30.767,0.2697253,1.133883,-0.6520982,0.6397333,-0.5066168,0.1253134,0.5642493,
1,11,30.769,0.2698462,1.133911,-0.6520898,0.6397043,-0.5064961,0.1259082,0.5642582,
1,11,30.771,0.2698462,1.133911,-0.6520898,0.6397043,-0.5064961,0.1259082,0.5642582,
1,11,30.773,0.2698462,1.133911,-0.6520898,0.6397043,-0.5064961,0.1259082,0.5642582,
1,11,30.775,0.2698462,1.133911,-0.6520898,0.6397043,-0.5064961,0.1259082,0.5642582,
1,11,30.777,0.2698978,1.133943,-0.6520767,0.6397492,-0.5064323,0.1263465,0.5641665,
1,11,30.779,0.2698978,1.133943,-0.6520767,0.6397492,-0.5064323,0.1263465,0.5641665,
1,11,30.781,0.2698978,1.133943,-0.6520767,0.6397492,-0.5064323,0.1263465,0.5641665,
1,11,30.783,0.2698978,1.133943,-0.6520767,0.6397492,-0.5064323,0.1263465,0.5641665,
1,11,30.785,0.26995,1.133953,-0.6521018,0.6398194,-0.5064269,0.1266419,0.5640255,
1,11,30.787,0.26995,1.133953,-0.6521018,0.6398194,-0.5064269,0.1266419,0.5640255,
1,11,30.789,0.26995,1.133953,-0.6521018,0.6398194,-0.5064269,0.1266419,0.5640255,
1,11,30.791,0.26995,1.133953,-0.6521018,0.6398194,-0.5064269,0.1266419,0.5640255,
1,11,30.793,0.2700534,1.133992,-0.6520232,0.639921,-0.5064842,0.1269258,0.5637951,
1,11,30.795,0.2700534,1.133992,-0.6520232,0.639921,-0.5064842,0.1269258,0.5637951,
1,11,30.797,0.2700534,1.133992,-0.6520232,0.639921,-0.5064842,0.1269258,0.5637951,
1,11,30.799,0.2700534,1.133992,-0.6520232,0.639921,-0.5064842,0.1269258,0.5637951,
1,11,30.801,0.2701031,1.134088,-0.6520097,0.6400952,-0.506477,0.1271504,0.563553,
1,11,30.803,0.2701031,1.134088,-0.6520097,0.6400952,-0.506477,0.1271504,0.563553,
1,11,30.805,0.2701031,1.134088,-0.6520097,0.6400952,-0.506477,0.1271504,0.563553,
1,11,30.807,0.2701031,1.134088,-0.6520097,0.6400952,-0.506477,0.1271504,0.563553,
1,11,30.809,0.2701253,1.134126,-0.6520056,0.6402436,-0.5065053,0.1273092,0.5633231,
1,11,30.811,0.2701253,1.134126,-0.6520056,0.6402436,-0.5065053,0.1273092,0.5633231,
1,11,30.813,0.2701253,1.134126,-0.6520056,0.6402436,-0.5065053,0.1273092,0.5633231,
1,11,30.815,0.2701253,1.134126,-0.6520056,0.6402436,-0.5065053,0.1273092,0.5633231,
1,11,30.817,0.2701253,1.134126,-0.6520056,0.6402436,-0.5065053,0.1273092,0.5633231,
1,11,30.819,0.2701109,1.134063,-0.6520138,0.640298,-0.506512,0.1274296,0.5632281,
1,11,30.821,0.2701109,1.134063,-0.6520138,0.640298,-0.506512,0.1274296,0.5632281,
1,11,30.823,0.2701109,1.134063,-0.6520138,0.640298,-0.506512,0.1274296,0.5632281,
1,11,30.825,0.2701109,1.134063,-0.6520138,0.640298,-0.506512,0.1274296,0.5632281,
1,11,30.827,0.2701296,1.134053,-0.652069,0.6403886,-0.5063393,0.12766,0.5632281,
1,11,30.829,0.2701296,1.134053,-0.652069,0.6403886,-0.5063393,0.12766,0.5632281,
1,11,30.831,0.2701296,1.134053,-0.652069,0.6403886,-0.5063393,0.12766,0.5632281,
1,11,30.833,0.2701296,1.134053,-0.652069,0.6403886,-0.5063393,0.12766,0.5632281,
1,11,30.835,0.2701248,1.134014,-0.6521469,0.6404824,-0.5061796,0.1278185,0.563229,
1,11,30.837,0.2701248,1.134014,-0.6521469,0.6404824,-0.5061796,0.1278185,0.563229,
1,11,30.839,0.2701248,1.134014,-0.6521469,0.6404824,-0.5061796,0.1278185,0.563229,
1,11,30.841,0.2701248,1.134014,-0.6521469,0.6404824,-0.5061796,0.1278185,0.563229,
1,11,30.843,0.2701399,1.13395,-0.6522183,0.6406119,-0.5060866,0.1279443,0.5631368,
1,11,30.845,0.2701399,1.13395,-0.6522183,0.6406119,-0.5060866,0.1279443,0.5631368,
1,11,30.847,0.2701399,1.13395,-0.6522183,0.6406119,-0.5060866,0.1279443,0.5631368,
1,11,30.849,0.2701399,1.13395,-0.6522183,0.6406119,-0.5060866,0.1279443,0.5631368,
1,11,30.851,0.2701287,1.133886,-0.6522645,0.6407009,-0.5061581,0.1278873,0.5629843,
1,11,30.853,0.2701287,1.133886,-0.6522645,0.6407009,-0.5061581,0.1278873,0.5629843,
1,11,30.855,0.2701287,1.133886,-0.6522645,0.6407009,-0.5061581,0.1278873,0.5629843,
1,11,30.857,0.2701287,1.133886,-0.6522645,0.6407009,-0.5061581,0.1278873,0.5629843,
1,11,30.859,0.2700958,1.133818,-0.6523883,0.6408097,-0.5062021,0.1277664,0.5628484,
1,11,30.861,0.2700958,1.133818,-0.6523883,0.6408097,-0.5062021,0.1277664,0.5628484,
1,11,30.863,0.2700958,1.133818,-0.6523883,0.6408097,-0.5062021,0.1277664,0.5628484,
1,11,30.865,0.2700958,1.133818,-0.6523883,0.6408097,-0.5062021,0.1277664,0.5628484,
1,11,30.867,0.2700958,1.133818,-0.6523883,0.6408097,-0.5062021,0.1277664,0.5628484,
1,11,30.869,0.2700831,1.133778,-0.6524469,0.6409309,-0.5062428,0.1277323,0.5626813,
1,11,30.871,0.2700831,1.133778,-0.6524469,0.6409309,-0.5062428,0.1277323,0.5626813,
1,11,30.873,0.2700831,1.133778,-0.6524469,0.6409309,-0.5062428,0.1277323,0.5626813,
1,11,30.875,0.2700831,1.133778,-0.6524469,0.6409309,-0.5062428,0.1277323,0.5626813,
1,11,30.877,0.270051,1.133691,-0.6525655,0.641034,-0.5062505,0.1277322,0.562557,
1,11,30.879,0.270051,1.133691,-0.6525655,0.641034,-0.5062505,0.1277322,0.562557,
1,11,30.881,0.270051,1.133691,-0.6525655,0.641034,-0.5062505,0.1277322,0.562557,
1,11,30.883,0.270051,1.133691,-0.6525655,0.641034,-0.5062505,0.1277322,0.562557,
1,11,30.885,0.2700046,1.133599,-0.6526083,0.6411387,-0.5062546,0.1278771,0.5624011,
1,11,30.887,0.2700046,1.133599,-0.6526083,0.6411387,-0.5062546,0.1278771,0.5624011,
1,11,30.889,0.2700046,1.133599,-0.6526083,0.6411387,-0.5062546,0.1278771,0.5624011,
1,11,30.891,0.2700046,1.133599,-0.6526083,0.6411387,-0.5062546,0.1278771,0.5624011,
1,11,30.893,0.2698513,1.133483,-0.6527909,0.6413664,-0.506175,0.1281409,0.562153,
1,11,30.895,0.2698513,1.133483,-0.6527909,0.6413664,-0.506175,0.1281409,0.562153,
1,11,30.897,0.2698513,1.133483,-0.6527909,0.6413664,-0.506175,0.1281409,0.562153,
1,11,30.899,0.2698513,1.133483,-0.6527909,0.6413664,-0.506175,0.1281409,0.562153,
1,11,30.901,0.2697574,1.133482,-0.6528159,0.6416436,-0.5060943,0.1284873,0.5618303,
1,11,30.903,0.2697574,1.133482,-0.6528159,0.6416436,-0.5060943,0.1284873,0.5618303,
1,11,30.905,0.2697574,1.133482,-0.6528159,0.6416436,-0.5060943,0.1284873,0.5618303,
1,11,30.907,0.2697574,1.133482,-0.6528159,0.6416436,-0.5060943,0.1284873,0.5618303,
1,11,30.909,0.269672,1.133711,-0.6527307,0.6420239,-0.5059583,0.1290513,0.5613889,
1,11,30.911,0.269672,1.133711,-0.6527307,0.6420239,-0.5059583,0.1290513,0.5613889,
1,11,30.913,0.269672,1.133711,-0.6527307,0.6420239,-0.5059583,0.1290513,0.5613889,
1,11,30.915,0.269672,1.133711,-0.6527307,0.6420239,-0.5059583,0.1290513,0.5613889,
1,11,30.917,0.269672,1.133711,-0.6527307,0.6420239,-0.5059583,0.1290513,0.5613889,
1,11,30.919,0.2693777,1.133787,-0.6527984,0.6423237,-0.5058416,0.1295012,0.5610473,
1,11,30.921,0.2693777,1.133787,-0.6527984,0.6423237,-0.5058416,0.1295012,0.5610473,
1,11,30.923,0.2693777,1.133787,-0.6527984,0.6423237,-0.5058416,0.1295012,0.5610473,
1,11,30.925,0.2693777,1.133787,-0.6527984,0.6423237,-0.5058416,0.1295012,0.5610473,
1,11,30.927,0.2688625,1.133858,-0.6528994,0.6426675,-0.505753,0.1299459,0.5606304,
1,11,30.929,0.2688625,1.133858,-0.6528994,0.6426675,-0.505753,0.1299459,0.5606304,
1,11,30.931,0.2688625,1.133858,-0.6528994,0.6426675,-0.505753,0.1299459,0.5606304,
1,11,30.933,0.2688625,1.133858,-0.6528994,0.6426675,-0.505753,0.1299459,0.5606304,
1,11,30.935,0.268307,1.134026,-0.6529435,0.6431499,-0.5056553,0.1306063,0.5600116,
1,11,30.937,0.268307,1.134026,-0.6529435,0.6431499,-0.5056553,0.1306063,0.5600116,
1,11,30.939,0.268307,1.134026,-0.6529435,0.6431499,-0.5056553,0.1306063,0.5600116,
1,11,30.941,0.268307,1.134026,-0.6529435,0.6431499,-0.5056553,0.1306063,0.5600116,
1,11,30.943,0.2676783,1.134658,-0.6529464,0.6439337,-0.5052598,0.1317775,0.559193,
1,11,30.945,0.2676783,1.134658,-0.6529464,0.6439337,-0.5052598,0.1317775,0.559193,
1,11,30.947,0.2676783,1.134658,-0.6529464,0.6439337,-0.5052598,0.1317775,0.559193,
1,11,30.949,0.2676783,1.134658,-0.6529464,0.6439337,-0.5052598,0.1317775,0.559193,
1,11,30.951,0.26643,1.135119,-0.6532685,0.6446538,-0.5050163,0.1325393,0.5584025,
1,11,30.953,0.26643,1.135119,-0.6532685,0.6446538,-0.5050163,0.1325393,0.5584025,
1,11,30.955,0.26643,1.135119,-0.6532685,0.6446538,-0.5050163,0.1325393,0.5584025,
1,11,30.957,0.26643,1.135119,-0.6532685,0.6446538,-0.5050163,0.1325393,0.5584025,
1,11,30.959,0.2646886,1.135545,-0.6535159,0.6454362,-0.5051751,0.1331043,0.5572196,
1,11,30.961,0.2646886,1.135545,-0.6535159,0.6454362,-0.5051751,0.1331043,0.5572196,
1,11,30.963,0.2646886,1.135545,-0.6535159,0.6454362,-0.5051751,0.1331043,0.5572196,
1,11,30.965,0.2646886,1.135545,-0.6535159,0.6454362,-0.5051751,0.1331043,0.5572196,
1,11,30.967,0.2646886,1.135545,-0.6535159,0.6454362,-0.5051751,0.1331043,0.5572196,
1,11,30.969,0.2614256,1.136746,-0.6537877,0.6465531,-0.5050693,0.1349778,0.5555673,
1,11,30.971,0.2614256,1.136746,-0.6537877,0.6465531,-0.5050693,0.1349778,0.5555673,
1,11,30.973,0.2614256,1.136746,-0.6537877,0.6465531,-0.5050693,0.1349778,0.5555673,
1,11,30.975,0.2614256,1.136746,-0.6537877,0.6465531,-0.5050693,0.1349778,0.5555673,
1,11,30.977,0.2591353,1.138294,-0.6534283,0.6474597,-0.5050535,0.1372452,0.5539681,
1,11,30.979,0.2591353,1.138294,-0.6534283,0.6474597,-0.5050535,0.1372452,0.5539681,
1,11,30.981,0.2591353,1.138294,-0.6534283,0.6474597,-0.5050535,0.1372452,0.5539681,
1,11,30.983,0.2591353,1.138294,-0.6534283,0.6474597,-0.5050535,0.1372452,0.5539681,
1,11,30.985,0.2564863,1.140018,-0.6533474,0.6481889,-0.5049294,0.1400179,0.5525328,
1,11,30.987,0.2564863,1.140018,-0.6533474,0.6481889,-0.5049294,0.1400179,0.5525328,
1,11,30.989,0.2564863,1.140018,-0.6533474,0.6481889,-0.5049294,0.1400179,0.5525328,
1,11,30.991,0.2564863,1.140018,-0.6533474,0.6481889,-0.5049294,0.1400179,0.5525328,
1,11,30.993,0.2536944,1.141895,-0.6530572,0.6484377,-0.5043303,0.1439717,0.5517713,
1,11,30.995,0.2536944,1.141895,-0.6530572,0.6484377,-0.5043303,0.1439717,0.5517713,
1,11,30.997,0.2536944,1.141895,-0.6530572,0.6484377,-0.5043303,0.1439717,0.5517713,
1,11,30.999,0.2536944,1.141895,-0.6530572,0.6484377,-0.5043303,0.1439717,0.5517713,
1,11,31.001,0.2507033,1.143955,-0.6529839,0.6483962,-0.503522,0.1483589,0.5513961,
1,11,31.003,0.2507033,1.143955,-0.6529839,0.6483962,-0.503522,0.1483589,0.5513961,
1,11,31.005,0.2507033,1.143955,-0.6529839,0.6483962,-0.503522,0.1483589,0.5513961,
1,11,31.007,0.2507033,1.143955,-0.6529839,0.6483962,-0.503522,0.1483589,0.5513961,
1,11,31.009,0.2474531,1.146411,-0.6530077,0.6482304,-0.5024611,0.1530099,0.5512878,
1,11,31.011,0.2474531,1.146411,-0.6530077,0.6482304,-0.5024611,0.1530099,0.5512878,
1,11,31.013,0.2474531,1.146411,-0.6530077,0.6482304,-0.5024611,0.1530099,0.5512878,
1,11,31.015,0.2474531,1.146411,-0.6530077,0.6482304,-0.5024611,0.1530099,0.5512878,
1,11,31.017,0.2474531,1.146411,-0.6530077,0.6482304,-0.5024611,0.1530099,0.5512878,
1,11,31.019,0.2437758,1.14878,-0.653205,0.6477805,-0.501721,0.1569687,0.5513776,
1,11,31.021,0.2437758,1.14878,-0.653205,0.6477805,-0.501721,0.1569687,0.5513776,
1,11,31.023,0.2437758,1.14878,-0.653205,0.6477805,-0.501721,0.1569687,0.5513776,
1,11,31.025,0.2437758,1.14878,-0.653205,0.6477805,-0.501721,0.1569687,0.5513776,
1,11,31.027,0.2394241,1.151216,-0.6538123,0.6472595,-0.5012708,0.1599348,0.5515467,
1,11,31.029,0.2394241,1.151216,-0.6538123,0.6472595,-0.5012708,0.1599348,0.5515467,
1,11,31.031,0.2394241,1.151216,-0.6538123,0.6472595,-0.5012708,0.1599348,0.5515467,
1,11,31.033,0.2394241,1.151216,-0.6538123,0.6472595,-0.5012708,0.1599348,0.5515467,
1,11,31.035,0.2346044,1.153592,-0.6546446,0.6466601,-0.5011052,0.1621289,0.5517594,
1,11,31.037,0.2346044,1.153592,-0.6546446,0.6466601,-0.5011052,0.1621289,0.5517594,
1,11,31.039,0.2346044,1.153592,-0.6546446,0.6466601,-0.5011052,0.1621289,0.5517594,
1,11,31.041,0.2346044,1.153592,-0.6546446,0.6466601,-0.5011052,0.1621289,0.5517594,
1,11,31.043,0.2268337,1.157,-0.6565112,0.6454113,-0.5013027,0.1639131,0.5525146,
1,11,31.045,0.2268337,1.157,-0.6565112,0.6454113,-0.5013027,0.1639131,0.5525146,
1,11,31.047,0.2268337,1.157,-0.6565112,0.6454113,-0.5013027,0.1639131,0.5525146,
1,11,31.049,0.2268337,1.157,-0.6565112,0.6454113,-0.5013027,0.1639131,0.5525146,
1,11,31.051,0.221544,1.159133,-0.6576648,0.6442213,-0.5016457,0.1646854,0.5533618,
1,11,31.053,0.221544,1.159133,-0.6576648,0.6442213,-0.5016457,0.1646854,0.5533618,
1,11,31.055,0.221544,1.159133,-0.6576648,0.6442213,-0.5016457,0.1646854,0.5533618,
1,11,31.057,0.221544,1.159133,-0.6576648,0.6442213,-0.5016457,0.1646854,0.5533618,
1,11,31.059,0.2161328,1.161099,-0.659134,0.6428335,-0.5017406,0.1652359,0.5547238,
1,11,31.061,0.2161328,1.161099,-0.659134,0.6428335,-0.5017406,0.1652359,0.5547238,
1,11,31.063,0.2161328,1.161099,-0.659134,0.6428335,-0.5017406,0.1652359,0.5547238,
1,11,31.065,0.2161328,1.161099,-0.659134,0.6428335,-0.5017406,0.1652359,0.5547238,
1,11,31.067,0.2161328,1.161099,-0.659134,0.6428335,-0.5017406,0.1652359,0.5547238,
1,11,31.069,0.2105016,1.162585,-0.6607046,0.6410071,-0.5015641,0.1658264,0.5568168,
1,11,31.071,0.2105016,1.162585,-0.6607046,0.6410071,-0.5015641,0.1658264,0.5568168,
1,11,31.073,0.2105016,1.162585,-0.6607046,0.6410071,-0.5015641,0.1658264,0.5568168,
1,11,31.075,0.2105016,1.162585,-0.6607046,0.6410071,-0.5015641,0.1658264,0.5568168,
1,11,31.077,0.2046544,1.16407,-0.6624992,0.6391176,-0.5007386,0.166843,0.559422,
1,11,31.079,0.2046544,1.16407,-0.6624992,0.6391176,-0.5007386,0.166843,0.559422,
1,11,31.081,0.2046544,1.16407,-0.6624992,0.6391176,-0.5007386,0.166843,0.559422,
1,11,31.083,0.2046544,1.16407,-0.6624992,0.6391176,-0.5007386,0.166843,0.559422,
1,11,31.085,0.198712,1.165033,-0.6642768,0.6370171,-0.5000083,0.1679119,0.5621445,
1,11,31.087,0.198712,1.165033,-0.6642768,0.6370171,-0.5000083,0.1679119,0.5621445,
1,11,31.089,0.198712,1.165033,-0.6642768,0.6370171,-0.5000083,0.1679119,0.5621445,
1,11,31.091,0.198712,1.165033,-0.6642768,0.6370171,-0.5000083,0.1679119,0.5621445,
1,11,31.093,0.1928365,1.166117,-0.6659297,0.6348786,-0.49888,0.1695498,0.5650671,
1,11,31.095,0.1928365,1.166117,-0.6659297,0.6348786,-0.49888,0.1695498,0.5650671,
1,11,31.097,0.1928365,1.166117,-0.6659297,0.6348786,-0.49888,0.1695498,0.5650671,
1,11,31.099,0.1928365,1.166117,-0.6659297,0.6348786,-0.49888,0.1695498,0.5650671,
1,11,31.101,0.1871078,1.167003,-0.6676028,0.6325808,-0.4976146,0.1714491,0.5681783,
1,11,31.103,0.1871078,1.167003,-0.6676028,0.6325808,-0.4976146,0.1714491,0.5681783,
1,11,31.105,0.1871078,1.167003,-0.6676028,0.6325808,-0.4976146,0.1714491,0.5681783,
1,11,31.107,0.1871078,1.167003,-0.6676028,0.6325808,-0.4976146,0.1714491,0.5681783,
1,11,31.109,0.1818392,1.16836,-0.6691747,0.6306633,-0.4960564,0.1738296,0.5709424,
1,11,31.111,0.1818392,1.16836,-0.6691747,0.6306633,-0.4960564,0.1738296,0.5709424,
1,11,31.113,0.1818392,1.16836,-0.6691747,0.6306633,-0.4960564,0.1738296,0.5709424,
1,11,31.115,0.1818392,1.16836,-0.6691747,0.6306633,-0.4960564,0.1738296,0.5709424,
1,11,31.117,0.1818392,1.16836,-0.6691747,0.6306633,-0.4960564,0.1738296,0.5709424,
1,11,31.119,0.1768562,1.169667,-0.6707456,0.6288298,-0.4947003,0.1760594,0.5734525,
1,11,31.121,0.1768562,1.169667,-0.6707456,0.6288298,-0.4947003,0.1760594,0.5734525,
1,11,31.123,0.1768562,1.169667,-0.6707456,0.6288298,-0.4947003,0.1760594,0.5734525,
1,11,31.125,0.1768562,1.169667,-0.6707456,0.6288298,-0.4947003,0.1760594,0.5734525,
1,11,31.127,0.1726201,1.171092,-0.672102,0.6272324,-0.4939412,0.1782052,0.5751908,
1,11,31.129,0.1726201,1.171092,-0.672102,0.6272324,-0.4939412,0.1782052,0.5751908,
1,11,31.131,0.1726201,1.171092,-0.672102,0.6272324,-0.4939412,0.1782052,0.5751908,
1,11,31.133,0.1726201,1.171092,-0.672102,0.6272324,-0.4939412,0.1782052,0.5751908,
1,11,31.135,0.1691119,1.172692,-0.6732838,0.6259837,-0.4937822,0.1801948,0.5760671,
1,11,31.137,0.1691119,1.172692,-0.6732838,0.6259837,-0.4937822,0.1801948,0.5760671,
1,11,31.139,0.1691119,1.172692,-0.6732838,0.6259837,-0.4937822,0.1801948,0.5760671,
1,11,31.141,0.1691119,1.172692,-0.6732838,0.6259837,-0.4937822,0.1801948,0.5760671,
1,11,31.143,0.1662691,1.174608,-0.6745355,0.625121,-0.4936176,0.182105,0.5765442,
1,11,31.145,0.1662691,1.174608,-0.6745355,0.625121,-0.4936176,0.182105,0.5765442,
1,11,31.147,0.1662691,1.174608,-0.6745355,0.625121,-0.4936176,0.182105,0.5765442,
1,11,31.149,0.1662691,1.174608,-0.6745355,0.625121,-0.4936176,0.182105,0.5765442,
1,11,31.151,0.1640694,1.176439,-0.6756653,0.6245063,-0.4943085,0.1833093,0.5762368,
1,11,31.153,0.1640694,1.176439,-0.6756653,0.6245063,-0.4943085,0.1833093,0.5762368,
1,11,31.155,0.1640694,1.176439,-0.6756653,0.6245063,-0.4943085,0.1833093,0.5762368,
1,11,31.157,0.1640694,1.176439,-0.6756653,0.6245063,-0.4943085,0.1833093,0.5762368,
1,11,31.159,0.1624554,1.178343,-0.6768892,0.6241395,-0.4952675,0.1840894,0.5755616,
1,11,31.161,0.1624554,1.178343,-0.6768892,0.6241395,-0.4952675,0.1840894,0.5755616,
1,11,31.163,0.1624554,1.178343,-0.6768892,0.6241395,-0.4952675,0.1840894,0.5755616,
1,11,31.165,0.1624554,1.178343,-0.6768892,0.6241395,-0.4952675,0.1840894,0.5755616,
1,11,31.167,0.1624554,1.178343,-0.6768892,0.6241395,-0.4952675,0.1840894,0.5755616,
1,11,31.169,0.1613594,1.180076,-0.6781104,0.6238064,-0.496919,0.1840899,0.5744981,
1,11,31.171,0.1613594,1.180076,-0.6781104,0.6238064,-0.496919,0.1840899,0.5744981,
1,11,31.173,0.1613594,1.180076,-0.6781104,0.6238064,-0.496919,0.1840899,0.5744981,
1,11,31.175,0.1613594,1.180076,-0.6781104,0.6238064,-0.496919,0.1840899,0.5744981,
1,11,31.177,0.1607197,1.181677,-0.6793743,0.6236119,-0.4990989,0.1834414,0.5730251,
1,11,31.179,0.1607197,1.181677,-0.6793743,0.6236119,-0.4990989,0.1834414,0.5730251,
1,11,31.181,0.1607197,1.181677,-0.6793743,0.6236119,-0.4990989,0.1834414,0.5730251,CourtEnter
1,11,31.183,0.1607197,1.181677,-0.6793743,0.6236119,-0.4990989,0.1834414,0.5730251,
1,11,31.185,0.160527,1.182792,-0.6804718,0.6232907,-0.5017984,0.1824138,0.5713426,
1,11,31.187,0.160527,1.182792,-0.6804718,0.6232907,-0.5017984,0.1824138,0.5713426,
1,11,31.189,0.160527,1.182792,-0.6804718,0.6232907,-0.5017984,0.1824138,0.5713426,CourtExit
1,11,31.191,0.160527,1.182792,-0.6804718,0.6232907,-0.5017984,0.1824138,0.5713426,
1,11,31.193,0.161036,1.183743,-0.6814823,0.6229357,-0.5045466,0.1814451,0.5696152,
1,11,31.195,0.161036,1.183743,-0.6814823,0.6229357,-0.5045466,0.1814451,0.5696152,
1,11,31.197,0.161036,1.183743,-0.6814823,0.6229357,-0.5045466,0.1814451,0.5696152,
1,11,31.199,0.161036,1.183743,-0.6814823,0.6229357,-0.5045466,0.1814451,0.5696152,
1,11,31.201,0.1617452,1.184234,-0.6824517,0.6221569,-0.5069299,0.1809482,0.5685074,
1,11,31.203,0.1617452,1.184234,-0.6824517,0.6221569,-0.5069299,0.1809482,0.5685074,
1,11,31.205,0.1617452,1.184234,-0.6824517,0.6221569,-0.5069299,0.1809482,0.5685074,
1,11,31.207,0.1617452,1.184234,-0.6824517,0.6221569,-0.5069299,0.1809482,0.5685074,
1,11,31.209,0.1626872,1.184237,-0.6835486,0.6211771,-0.5091105,0.1805086,0.5677697,
1,11,31.211,0.1626872,1.184237,-0.6835486,0.6211771,-0.5091105,0.1805086,0.5677697,
1,11,31.213,0.1626872,1.184237,-0.6835486,0.6211771,-0.5091105,0.1805086,0.5677697,
1,11,31.215,0.1626872,1.184237,-0.6835486,0.6211771,-0.5091105,0.1805086,0.5677697,
1,11,31.217,0.1626872,1.184237,-0.6835486,0.6211771,-0.5091105,0.1805086,0.5677697,
1,11,31.219,0.163947,1.183956,-0.6845337,0.6200882,-0.5111653,0.1803848,0.5671526,
1,11,31.221,0.163947,1.183956,-0.6845337,0.6200882,-0.5111653,0.1803848,0.5671526,
1,11,31.223,0.163947,1.183956,-0.6845337,0.6200882,-0.5111653,0.1803848,0.5671526,
1,11,31.225,0.163947,1.183956,-0.6845337,0.6200882,-0.5111653,0.1803848,0.5671526,
1,11,31.227,0.1650178,1.183151,-0.6855206,0.6187407,-0.5128305,0.1804733,0.5670928,
1,11,31.229,0.1650178,1.183151,-0.6855206,0.6187407,-0.5128305,0.1804733,0.5670928,
1,11,31.231,0.1650178,1.183151,-0.6855206,0.6187407,-0.5128305,0.1804733,0.5670928,
1,11,31.233,0.1650178,1.183151,-0.6855206,0.6187407,-0.5128305,0.1804733,0.5670928,
1,11,31.235,0.1661333,1.182142,-0.6865638,0.6173003,-0.5141249,0.180911,0.567351,
1,11,31.237,0.1661333,1.182142,-0.6865638,0.6173003,-0.5141249,0.180911,0.567351,
1,11,31.239,0.1661333,1.182142,-0.6865638,0.6173003,-0.5141249,0.180911,0.567351,
1,11,31.241,0.1661333,1.182142,-0.6865638,0.6173003,-0.5141249,0.180911,0.567351,
1,11,31.243,0.1672957,1.180805,-0.6874388,0.6158259,-0.5153441,0.1814924,0.5676614,
1,11,31.245,0.1672957,1.180805,-0.6874388,0.6158259,-0.5153441,0.1814924,0.5676614,
1,11,31.247,0.1672957,1.180805,-0.6874388,0.6158259,-0.5153441,0.1814924,0.5676614,
1,11,31.249,0.1672957,1.180805,-0.6874388,0.6158259,-0.5153441,0.1814924,0.5676614,
1,11,31.251,0.1682785,1.179333,-0.6880292,0.614298,-0.5163538,0.1825362,0.5680645,
1,11,31.253,0.1682785,1.179333,-0.6880292,0.614298,-0.5163538,0.1825362,0.5680645,
1,11,31.255,0.1682785,1.179333,-0.6880292,0.614298,-0.5163538,0.1825362,0.5680645,
1,11,31.257,0.1682785,1.179333,-0.6880292,0.614298,-0.5163538,0.1825362,0.5680645,
1,11,31.259,0.1691506,1.177903,-0.6888775,0.6129621,-0.5168887,0.1838866,0.5685853,
1,11,31.261,0.1691506,1.177903,-0.6888775,0.6129621,-0.5168887,0.1838866,0.5685853,
1,11,31.263,0.1691506,1.177903,-0.6888775,0.6129621,-0.5168887,0.1838866,0.5685853,
1,11,31.265,0.1691506,1.177903,-0.6888775,0.6129621,-0.5168887,0.1838866,0.5685853,
1,11,31.267,0.1691506,1.177903,-0.6888775,0.6129621,-0.5168887,0.1838866,0.5685853,
1,11,31.269,0.1700744,1.176717,-0.6894762,0.6118835,-0.5168144,0.1858335,0.5691814,
1,11,31.271,0.1700744,1.176717,-0.6894762,0.6118835,-0.5168144,0.1858335,0.5691814,
1,11,31.273,0.1700744,1.176717,-0.6894762,0.6118835,-0.5168144,0.1858335,0.5691814,
1,11,31.275,0.1700744,1.176717,-0.6894762,0.6118835,-0.5168144,0.1858335,0.5691814,
1,11,31.277,0.1708955,1.175627,-0.6901385,0.6110512,-0.5165806,0.1877961,0.5696433,
1,11,31.279,0.1708955,1.175627,-0.6901385,0.6110512,-0.5165806,0.1877961,0.5696433,
1,11,31.281,0.1708955,1.175627,-0.6901385,0.6110512,-0.5165806,0.1877961,0.5696433,
1,11,31.283,0.1708955,1.175627,-0.6901385,0.6110512,-0.5165806,0.1877961,0.5696433,
1,11,31.285,0.1717273,1.174479,-0.6905935,0.6103235,-0.5164217,0.1898402,0.56989,
1,11,31.287,0.1717273,1.174479,-0.6905935,0.6103235,-0.5164217,0.1898402,0.56989,
1,11,31.289,0.1717273,1.174479,-0.6905935,0.6103235,-0.5164217,0.1898402,0.56989,
1,11,31.291,0.1717273,1.174479,-0.6905935,0.6103235,-0.5164217,0.1898402,0.56989,
1,11,31.293,0.1724856,1.173717,-0.6910916,0.6100832,-0.5162076,0.1916896,0.5697222,
1,11,31.295,0.1724856,1.173717,-0.6910916,0.6100832,-0.5162076,0.1916896,0.5697222,
1,11,31.297,0.1724856,1.173717,-0.6910916,0.6100832,-0.5162076,0.1916896,0.5697222,
1,11,31.299,0.1724856,1.173717,-0.6910916,0.6100832,-0.5162076,0.1916896,0.5697222,
1,11,31.301,0.1733324,1.173222,-0.6913625,0.6103088,-0.5163253,0.1932507,0.5688459,
1,11,31.303,0.1733324,1.173222,-0.6913625,0.6103088,-0.5163253,0.1932507,0.5688459,
1,11,31.305,0.1733324,1.173222,-0.6913625,0.6103088,-0.5163253,0.1932507,0.5688459,
1,11,31.307,0.1733324,1.173222,-0.6913625,0.6103088,-0.5163253,0.1932507,0.5688459,
1,11,31.309,0.1739164,1.172807,-0.691751,0.610903,-0.5170217,0.1939169,0.5673468,
1,11,31.311,0.1739164,1.172807,-0.691751,0.610903,-0.5170217,0.1939169,0.5673468,
1,11,31.313,0.1739164,1.172807,-0.691751,0.610903,-0.5170217,0.1939169,0.5673468,
1,11,31.315,0.1739164,1.172807,-0.691751,0.610903,-0.5170217,0.1939169,0.5673468,
1,11,31.317,0.1739164,1.172807,-0.691751,0.610903,-0.5170217,0.1939169,0.5673468,
1,11,31.319,0.1745145,1.172601,-0.6920536,0.6117274,-0.51784,0.194423,0.5655361,
1,11,31.321,0.1745145,1.172601,-0.6920536,0.6117274,-0.51784,0.194423,0.5655361,
1,11,31.323,0.1745145,1.172601,-0.6920536,0.6117274,-0.51784,0.194423,0.5655361,
1,11,31.325,0.1745145,1.172601,-0.6920536,0.6117274,-0.51784,0.194423,0.5655361,
1,11,31.327,0.1751335,1.172932,-0.6924001,0.6129344,-0.5184097,0.1949829,0.563511,
1,11,31.329,0.1751335,1.172932,-0.6924001,0.6129344,-0.5184097,0.1949829,0.563511,
1,11,31.331,0.1751335,1.172932,-0.6924001,0.6129344,-0.5184097,0.1949829,0.563511,
1,11,31.333,0.1751335,1.172932,-0.6924001,0.6129344,-0.5184097,0.1949829,0.563511,
1,11,31.335,0.1754644,1.173115,-0.6927738,0.6140834,-0.519153,0.1950751,0.5615402,
1,11,31.337,0.1754644,1.173115,-0.6927738,0.6140834,-0.519153,0.1950751,0.5615402,
1,11,31.339,0.1754644,1.173115,-0.6927738,0.6140834,-0.519153,0.1950751,0.5615402,
1,11,31.341,0.1754644,1.173115,-0.6927738,0.6140834,-0.519153,0.1950751,0.5615402,
1,11,31.343,0.1758225,1.173128,-0.6929333,0.6150278,-0.5198396,0.1953922,0.5597584,
1,11,31.345,0.1758225,1.173128,-0.6929333,0.6150278,-0.5198396,0.1953922,0.5597584,
1,11,31.347,0.1758225,1.173128,-0.6929333,0.6150278,-0.5198396,0.1953922,0.5597584,
1,11,31.349,0.1758225,1.173128,-0.6929333,0.6150278,-0.5198396,0.1953922,0.5597584,
1,11,31.351,0.1761744,1.173013,-0.6928577,0.6155862,-0.5201502,0.1961851,0.5585777,
1,11,31.353,0.1761744,1.173013,-0.6928577,0.6155862,-0.5201502,0.1961851,0.5585777,
1,11,31.355,0.1761744,1.173013,-0.6928577,0.6155862,-0.5201502,0.1961851,0.5585777,
1,11,31.357,0.1761744,1.173013,-0.6928577,0.6155862,-0.5201502,0.1961851,0.5585777,
1,11,31.359,0.1764177,1.173033,-0.6927717,0.6160515,-0.5201273,0.1971469,0.5577466,
1,11,31.361,0.1764177,1.173033,-0.6927717,0.6160515,-0.5201273,0.1971469,0.5577466,
1,11,31.363,0.1764177,1.173033,-0.6927717,0.6160515,-0.5201273,0.1971469,0.5577466,
1,11,31.365,0.1764177,1.173033,-0.6927717,0.6160515,-0.5201273,0.1971469,0.5577466,
1,11,31.367,0.1764177,1.173033,-0.6927717,0.6160515,-0.5201273,0.1971469,0.5577466,
1,11,31.369,0.1766365,1.173004,-0.6927314,0.6163797,-0.5197716,0.1982633,0.5573198,
1,11,31.371,0.1766365,1.173004,-0.6927314,0.6163797,-0.5197716,0.1982633,0.5573198,
1,11,31.373,0.1766365,1.173004,-0.6927314,0.6163797,-0.5197716,0.1982633,0.5573198,
1,11,31.375,0.1766365,1.173004,-0.6927314,0.6163797,-0.5197716,0.1982633,0.5573198,
1,11,31.377,0.1767681,1.172941,-0.6926881,0.6164584,-0.5192261,0.1994908,0.5573032,
1,11,31.379,0.1767681,1.172941,-0.6926881,0.6164584,-0.5192261,0.1994908,0.5573032,
1,11,31.381,0.1767681,1.172941,-0.6926881,0.6164584,-0.5192261,0.1994908,0.5573032,
1,11,31.383,0.1767681,1.172941,-0.6926881,0.6164584,-0.5192261,0.1994908,0.5573032,
1,11,31.385,0.1768551,1.172842,-0.6926173,0.6164478,-0.5187983,0.2004709,0.5573614,
1,11,31.387,0.1768551,1.172842,-0.6926173,0.6164478,-0.5187983,0.2004709,0.5573614,
1,11,31.389,0.1768551,1.172842,-0.6926173,0.6164478,-0.5187983,0.2004709,0.5573614,
1,11,31.391,0.1768551,1.172842,-0.6926173,0.6164478,-0.5187983,0.2004709,0.5573614,
1,11,31.393,0.1770556,1.172652,-0.6922856,0.6163027,-0.5186335,0.2012531,0.5573935,
1,11,31.395,0.1770556,1.172652,-0.6922856,0.6163027,-0.5186335,0.2012531,0.5573935,
1,11,31.397,0.1770556,1.172652,-0.6922856,0.6163027,-0.5186335,0.2012531,0.5573935,
1,11,31.399,0.1770556,1.172652,-0.6922856,0.6163027,-0.5186335,0.2012531,0.5573935,
1,11,31.401,0.1770832,1.17241,-0.6922114,0.6160624,-0.5186583,0.2015159,0.5575411,
1,11,31.403,0.1770832,1.17241,-0.6922114,0.6160624,-0.5186583,0.2015159,0.5575411,
1,11,31.405,0.1770832,1.17241,-0.6922114,0.6160624,-0.5186583,0.2015159,0.5575411,
1,11,31.407,0.1770832,1.17241,-0.6922114,0.6160624,-0.5186583,0.2015159,0.5575411,
1,11,31.409,0.1771884,1.172129,-0.6920924,0.615712,-0.5187212,0.2017068,0.5578006,
1,11,31.411,0.1771884,1.172129,-0.6920924,0.615712,-0.5187212,0.2017068,0.5578006,
1,11,31.413,0.1771884,1.172129,-0.6920924,0.615712,-0.5187212,0.2017068,0.5578006,
1,11,31.415,0.1771884,1.172129,-0.6920924,0.615712,-0.5187212,0.2017068,0.5578006,
1,11,31.417,0.1771884,1.172129,-0.6920924,0.615712,-0.5187212,0.2017068,0.5578006,
1,11,31.419,0.1773079,1.171915,-0.6918012,0.6153127,-0.5188782,0.2017955,0.558063,
1,11,31.421,0.1773079,1.171915,-0.6918012,0.6153127,-0.5188782,0.2017955,0.558063,
1,11,31.423,0.1773079,1.171915,-0.6918012,0.6153127,-0.5188782,0.2017955,0.558063,
1,11,31.425,0.1773079,1.171915,-0.6918012,0.6153127,-0.5188782,0.2017955,0.558063,
1,11,31.427,0.1773506,1.171507,-0.6914319,0.6147484,-0.5192637,0.2015673,0.5584087,
1,11,31.429,0.1773506,1.171507,-0.6914319,0.6147484,-0.5192637,0.2015673,0.5584087,
1,11,31.431,0.1773506,1.171507,-0.6914319,0.6147484,-0.5192637,0.2015673,0.5584087,
1,11,31.433,0.1773506,1.171507,-0.6914319,0.6147484,-0.5192637,0.2015673,0.5584087,
1,11,31.435,0.1772334,1.171017,-0.6910408,0.613862,-0.5197462,0.2010053,0.5591371,
1,11,31.437,0.1772334,1.171017,-0.6910408,0.613862,-0.5197462,0.2010053,0.5591371,
1,11,31.439,0.1772334,1.171017,-0.6910408,0.613862,-0.5197462,0.2010053,0.5591371,
1,11,31.441,0.1772334,1.171017,-0.6910408,0.613862,-0.5197462,0.2010053,0.5591371,
1,11,31.443,0.177314,1.17063,-0.6905849,0.6130922,-0.5200397,0.2008106,0.5597784,
1,11,31.445,0.177314,1.17063,-0.6905849,0.6130922,-0.5200397,0.2008106,0.5597784,
1,11,31.447,0.177314,1.17063,-0.6905849,0.6130922,-0.5200397,0.2008106,0.5597784,
1,11,31.449,0.177314,1.17063,-0.6905849,0.6130922,-0.5200397,0.2008106,0.5597784,
1,11,31.451,0.1773117,1.170382,-0.6902096,0.6124445,-0.520341,0.200402,0.5603535,
1,11,31.453,0.1773117,1.170382,-0.6902096,0.6124445,-0.520341,0.200402,0.5603535,
1,11,31.455,0.1773117,1.170382,-0.6902096,0.6124445,-0.520341,0.200402,0.5603535,
1,11,31.457,0.1773117,1.170382,-0.6902096,0.6124445,-0.520341,0.200402,0.5603535,
1,11,31.459,0.1773791,1.170277,-0.6897978,0.6118516,-0.5206217,0.2001049,0.5608467,
1,11,31.461,0.1773791,1.170277,-0.6897978,0.6118516,-0.5206217,0.2001049,0.5608467,
1,11,31.463,0.1773791,1.170277,-0.6897978,0.6118516,-0.5206217,0.2001049,0.5608467,
1,11,31.465,0.1773791,1.170277,-0.6897978,0.6118516,-0.5206217,0.2001049,0.5608467,
1,11,31.467,0.1773791,1.170277,-0.6897978,0.6118516,-0.5206217,0.2001049,0.5608467,
1,11,31.469,0.1775079,1.170213,-0.6893042,0.6113378,-0.5209687,0.1997879,0.5611975,
1,11,31.471,0.1775079,1.170213,-0.6893042,0.6113378,-0.5209687,0.1997879,0.5611975,
1,11,31.473,0.1775079,1.170213,-0.6893042,0.6113378,-0.5209687,0.1997879,0.5611975,
1,11,31.475,0.1775079,1.170213,-0.6893042,0.6113378,-0.5209687,0.1997879,0.5611975,
1,11,31.477,0.1779473,1.170409,-0.6886494,0.6108248,-0.5214022,0.1996531,0.5614014,
1,11,31.479,0.1779473,1.170409,-0.6886494,0.6108248,-0.5214022,0.1996531,0.5614014,
1,11,31.481,0.1779473,1.170409,-0.6886494,0.6108248,-0.5214022,0.1996531,0.5614014,
1,11,31.483,0.1779473,1.170409,-0.6886494,0.6108248,-0.5214022,0.1996531,0.5614014,
1,11,31.485,0.1784638,1.170626,-0.6880963,0.610335,-0.5224369,0.1989677,0.5612155,
1,11,31.487,0.1784638,1.170626,-0.6880963,0.610335,-0.5224369,0.1989677,0.5612155,
1,11,31.489,0.1784638,1.170626,-0.6880963,0.610335,-0.5224369,0.1989677,0.5612155,
1,11,31.491,0.1784638,1.170626,-0.6880963,0.610335,-0.5224369,0.1989677,0.5612155,
1,11,31.493,0.1790403,1.170595,-0.6875233,0.6096379,-0.5238018,0.1981272,0.5609981,
1,11,31.495,0.1790403,1.170595,-0.6875233,0.6096379,-0.5238018,0.1981272,0.5609981,
1,11,31.497,0.1790403,1.170595,-0.6875233,0.6096379,-0.5238018,0.1981272,0.5609981,
1,11,31.499,0.1790403,1.170595,-0.6875233,0.6096379,-0.5238018,0.1981272,0.5609981,
1,11,31.501,0.1800363,1.170585,-0.6866506,0.60875,-0.5253967,0.197675,0.5606303,
1,11,31.503,0.1800363,1.170585,-0.6866506,0.60875,-0.5253967,0.197675,0.5606303,
1,11,31.505,0.1800363,1.170585,-0.6866506,0.60875,-0.5253967,0.197675,0.5606303,
1,11,31.507,0.1800363,1.170585,-0.6866506,0.60875,-0.5253967,0.197675,0.5606303,
1,11,31.509,0.1819656,1.170684,-0.6852226,0.6070322,-0.528051,0.1970927,0.5602041,
1,11,31.511,0.1819656,1.170684,-0.6852226,0.6070322,-0.528051,0.1970927,0.5602041,
1,11,31.513,0.1819656,1.170684,-0.6852226,0.6070322,-0.528051,0.1970927,0.5602041,
1,11,31.515,0.1819656,1.170684,-0.6852226,0.6070322,-0.528051,0.1970927,0.5602041,
1,11,31.517,0.1819656,1.170684,-0.6852226,0.6070322,-0.528051,0.1970927,0.5602041,
1,11,31.519,0.183614,1.170416,-0.6839781,0.6051798,-0.5297772,0.197408,0.5604675,
1,11,31.521,0.183614,1.170416,-0.6839781,0.6051798,-0.5297772,0.197408,0.5604675,
1,11,31.523,0.183614,1.170416,-0.6839781,0.6051798,-0.5297772,0.197408,0.5604675,
1,11,31.525,0.183614,1.170416,-0.6839781,0.6051798,-0.5297772,0.197408,0.5604675,
1,11,31.527,0.18548,1.169656,-0.6825316,0.6028727,-0.5319506,0.1973606,0.5609115,
1,11,31.529,0.18548,1.169656,-0.6825316,0.6028727,-0.5319506,0.1973606,0.5609115,
1,11,31.531,0.18548,1.169656,-0.6825316,0.6028727,-0.5319506,0.1973606,0.5609115,
1,11,31.533,0.18548,1.169656,-0.6825316,0.6028727,-0.5319506,0.1973606,0.5609115,
1,11,31.535,0.1875485,1.168767,-0.6809603,0.6000844,-0.5339703,0.1978215,0.5618195,
1,11,31.537,0.1875485,1.168767,-0.6809603,0.6000844,-0.5339703,0.1978215,0.5618195,
1,11,31.539,0.1875485,1.168767,-0.6809603,0.6000844,-0.5339703,0.1978215,0.5618195,
1,11,31.541,0.1875485,1.168767,-0.6809603,0.6000844,-0.5339703,0.1978215,0.5618195,
1,11,31.543,0.1899976,1.167586,-0.6793424,0.5968277,-0.5359722,0.1984858,0.5631464,
1,11,31.545,0.1899976,1.167586,-0.6793424,0.5968277,-0.5359722,0.1984858,0.5631464,
1,11,31.547,0.1899976,1.167586,-0.6793424,0.5968277,-0.5359722,0.1984858,0.5631464,
1,11,31.549,0.1899976,1.167586,-0.6793424,0.5968277,-0.5359722,0.1984858,0.5631464,
1,11,31.551,0.1926723,1.165952,-0.6775392,0.5931348,-0.5384597,0.1988623,0.5645408,
1,11,31.553,0.1926723,1.165952,-0.6775392,0.5931348,-0.5384597,0.1988623,0.5645408,
1,11,31.555,0.1926723,1.165952,-0.6775392,0.5931348,-0.5384597,0.1988623,0.5645408,
1,11,31.557,0.1926723,1.165952,-0.6775392,0.5931348,-0.5384597,0.1988623,0.5645408,
1,11,31.559,0.1954267,1.164139,-0.6758023,0.589204,-0.5406051,0.1996051,0.5663414,
1,11,31.561,0.1954267,1.164139,-0.6758023,0.589204,-0.5406051,0.1996051,0.5663414,
1,11,31.563,0.1954267,1.164139,-0.6758023,0.589204,-0.5406051,0.1996051,0.5663414,
1,11,31.565,0.1954267,1.164139,-0.6758023,0.589204,-0.5406051,0.1996051,0.5663414,
1,11,31.567,0.1954267,1.164139,-0.6758023,0.589204,-0.5406051,0.1996051,0.5663414,
1,11,31.569,0.1986758,1.162292,-0.6738011,0.5851392,-0.5432566,0.2002051,0.5678048,
1,11,31.571,0.1986758,1.162292,-0.6738011,0.5851392,-0.5432566,0.2002051,0.5678048,
1,11,31.573,0.1986758,1.162292,-0.6738011,0.5851392,-0.5432566,0.2002051,0.5678048,
1,11,31.575,0.1986758,1.162292,-0.6738011,0.5851392,-0.5432566,0.2002051,0.5678048,
1,11,31.577,0.2017632,1.159762,-0.6718578,0.580696,-0.5465313,0.2003263,0.5691794,
1,11,31.579,0.2017632,1.159762,-0.6718578,0.580696,-0.5465313,0.2003263,0.5691794,
1,11,31.581,0.2017632,1.159762,-0.6718578,0.580696,-0.5465313,0.2003263,0.5691794,
1,11,31.583,0.2017632,1.159762,-0.6718578,0.580696,-0.5465313,0.2003263,0.5691794,
1,11,31.585,0.2050753,1.156909,-0.6696187,0.5759141,-0.5504274,0.200514,0.5702165,
1,11,31.587,0.2050753,1.156909,-0.6696187,0.5759141,-0.5504274,0.200514,0.5702165,
1,11,31.589,0.2050753,1.156909,-0.6696187,0.5759141,-0.5504274,0.200514,0.5702165,
1,11,31.591,0.2050753,1.156909,-0.6696187,0.5759141,-0.5504274,0.200514,0.5702165,
1,11,31.593,0.208439,1.153972,-0.6674733,0.5709874,-0.5544743,0.2011185,0.5710369,
1,11,31.595,0.208439,1.153972,-0.6674733,0.5709874,-0.5544743,0.2011185,0.5710369,
1,11,31.597,0.208439,1.153972,-0.6674733,0.5709874,-0.5544743,0.2011185,0.5710369,
1,11,31.599,0.208439,1.153972,-0.6674733,0.5709874,-0.5544743,0.2011185,0.5710369,
1,11,31.601,0.2119837,1.150766,-0.6648384,0.5656308,-0.5592309,0.2021831,0.5713533,
1,11,31.603,0.2119837,1.150766,-0.6648384,0.5656308,-0.5592309,0.2021831,0.5713533,
1,11,31.605,0.2119837,1.150766,-0.6648384,0.5656308,-0.5592309,0.2021831,0.5713533,
1,11,31.607,0.2119837,1.150766,-0.6648384,0.5656308,-0.5592309,0.2021831,0.5713533,
1,11,31.609,0.2154639,1.147673,-0.6619587,0.5599875,-0.5636293,0.2045485,0.5717481,
1,11,31.611,0.2154639,1.147673,-0.6619587,0.5599875,-0.5636293,0.2045485,0.5717481,
1,11,31.613,0.2154639,1.147673,-0.6619587,0.5599875,-0.5636293,0.2045485,0.5717481,
1,11,31.615,0.2154639,1.147673,-0.6619587,0.5599875,-0.5636293,0.2045485,0.5717481,
1,11,31.617,0.2154639,1.147673,-0.6619587,0.5599875,-0.5636293,0.2045485,0.5717481,
1,11,31.619,0.2188303,1.1443,-0.6590565,0.5536833,-0.5684624,0.2077242,0.5719579,
1,11,31.621,0.2188303,1.1443,-0.6590565,0.5536833,-0.5684624,0.2077242,0.5719579,
1,11,31.623,0.2188303,1.1443,-0.6590565,0.5536833,-0.5684624,0.2077242,0.5719579,
1,11,31.625,0.2188303,1.1443,-0.6590565,0.5536833,-0.5684624,0.2077242,0.5719579,
1,11,31.627,0.2219646,1.141281,-0.6559001,0.5470306,-0.5733291,0.2123968,0.5717856,
1,11,31.629,0.2219646,1.141281,-0.6559001,0.5470306,-0.5733291,0.2123968,0.5717856,
1,11,31.631,0.2219646,1.141281,-0.6559001,0.5470306,-0.5733291,0.2123968,0.5717856,
1,11,31.633,0.2219646,1.141281,-0.6559001,0.5470306,-0.5733291,0.2123968,0.5717856,
1,11,31.635,0.2247861,1.138618,-0.6525083,0.5401802,-0.5786908,0.2182967,0.5706741,
1,11,31.637,0.2247861,1.138618,-0.6525083,0.5401802,-0.5786908,0.2182967,0.5706741,
1,11,31.639,0.2247861,1.138618,-0.6525083,0.5401802,-0.5786908,0.2182967,0.5706741,
1,11,31.641,0.2247861,1.138618,-0.6525083,0.5401802,-0.5786908,0.2182967,0.5706741,
1,11,31.643,0.2270273,1.136176,-0.6487944,0.5330021,-0.5843301,0.2256944,0.5687963,
1,11,31.645,0.2270273,1.136176,-0.6487944,0.5330021,-0.5843301,0.2256944,0.5687963,
1,11,31.647,0.2270273,1.136176,-0.6487944,0.5330021,-0.5843301,0.2256944,0.5687963,
1,11,31.649,0.2270273,1.136176,-0.6487944,0.5330021,-0.5843301,0.2256944,0.5687963,
1,11,31.651,0.2288986,1.134389,-0.6450408,0.5255703,-0.5896059,0.2350691,0.5664657,
1,11,31.653,0.2288986,1.134389,-0.6450408,0.5255703,-0.5896059,0.2350691,0.5664657,
1,11,31.655,0.2288986,1.134389,-0.6450408,0.5255703,-0.5896059,0.2350691,0.5664657,
1,11,31.657,0.2288986,1.134389,-0.6450408,0.5255703,-0.5896059,0.2350691,0.5664657,
1,11,31.659,0.2302471,1.13295,-0.6409869,0.5179026,-0.5949039,0.245808,0.5634223,
1,11,31.661,0.2302471,1.13295,-0.6409869,0.5179026,-0.5949039,0.245808,0.5634223,
1,11,31.663,0.2302471,1.13295,-0.6409869,0.5179026,-0.5949039,0.245808,0.5634223,
1,11,31.665,0.2302471,1.13295,-0.6409869,0.5179026,-0.5949039,0.245808,0.5634223,
1,11,31.667,0.2302471,1.13295,-0.6409869,0.5179026,-0.5949039,0.245808,0.5634223,
1,11,31.669,0.2307567,1.131674,-0.6373801,0.5098904,-0.5999557,0.2575033,0.5601403,
1,11,31.671,0.2307567,1.131674,-0.6373801,0.5098904,-0.5999557,0.2575033,0.5601403,
1,11,31.673,0.2307567,1.131674,-0.6373801,0.5098904,-0.5999557,0.2575033,0.5601403,
1,11,31.675,0.2307567,1.131674,-0.6373801,0.5098904,-0.5999557,0.2575033,0.5601403,
1,11,31.677,0.2310444,1.131112,-0.6336093,0.501678,-0.6041538,0.2711729,0.5565814,
1,11,31.679,0.2310444,1.131112,-0.6336093,0.501678,-0.6041538,0.2711729,0.5565814,
1,11,31.681,0.2310444,1.131112,-0.6336093,0.501678,-0.6041538,0.2711729,0.5565814,
1,11,31.683,0.2310444,1.131112,-0.6336093,0.501678,-0.6041538,0.2711729,0.5565814,
1,11,31.685,0.230853,1.131045,-0.629733,0.4938501,-0.6086007,0.2858013,0.5513936,
1,11,31.687,0.230853,1.131045,-0.629733,0.4938501,-0.6086007,0.2858013,0.5513936,
1,11,31.689,0.230853,1.131045,-0.629733,0.4938501,-0.6086007,0.2858013,0.5513936,
1,11,31.691,0.230853,1.131045,-0.629733,0.4938501,-0.6086007,0.2858013,0.5513936,
1,11,31.693,0.2302567,1.131591,-0.6263969,0.4862927,-0.6128585,0.3008882,0.5453349,
1,11,31.695,0.2302567,1.131591,-0.6263969,0.4862927,-0.6128585,0.3008882,0.5453349,
1,11,31.697,0.2302567,1.131591,-0.6263969,0.4862927,-0.6128585,0.3008882,0.5453349,
1,11,31.699,0.2302567,1.131591,-0.6263969,0.4862927,-0.6128585,0.3008882,0.5453349,
1,11,31.701,0.2296301,1.132988,-0.6231859,0.4795629,-0.6164539,0.3166421,0.5382768,
1,11,31.703,0.2296301,1.132988,-0.6231859,0.4795629,-0.6164539,0.3166421,0.5382768,
1,11,31.705,0.2296301,1.132988,-0.6231859,0.4795629,-0.6164539,0.3166421,0.5382768,
1,11,31.707,0.2296301,1.132988,-0.6231859,0.4795629,-0.6164539,0.3166421,0.5382768,
1,11,31.709,0.2283969,1.134686,-0.6204478,0.4730754,-0.6196702,0.332581,0.5306587,
1,11,31.711,0.2283969,1.134686,-0.6204478,0.4730754,-0.6196702,0.332581,0.5306587,
1,11,31.713,0.2283969,1.134686,-0.6204478,0.4730754,-0.6196702,0.332581,0.5306587,
1,11,31.715,0.2283969,1.134686,-0.6204478,0.4730754,-0.6196702,0.332581,0.5306587,
1,11,31.717,0.2283969,1.134686,-0.6204478,0.4730754,-0.6196702,0.332581,0.5306587,
1,11,31.719,0.2271804,1.136519,-0.6179803,0.4671554,-0.6228404,0.3482732,0.5220551,
1,11,31.721,0.2271804,1.136519,-0.6179803,0.4671554,-0.6228404,0.3482732,0.5220551,
1,11,31.723,0.2271804,1.136519,-0.6179803,0.4671554,-0.6228404,0.3482732,0.5220551,
1,11,31.725,0.2271804,1.136519,-0.6179803,0.4671554,-0.6228404,0.3482732,0.5220551,
1,11,31.727,0.2257719,1.139007,-0.6158234,0.4620467,-0.6257068,0.36403,0.512334,
1,11,31.729,0.2257719,1.139007,-0.6158234,0.4620467,-0.6257068,0.36403,0.512334,
1,11,31.731,0.2257719,1.139007,-0.6158234,0.4620467,-0.6257068,0.36403,0.512334,
1,11,31.733,0.2257719,1.139007,-0.6158234,0.4620467,-0.6257068,0.36403,0.512334,
1,11,31.735,0.2241254,1.142196,-0.6143132,0.4580145,-0.6282218,0.3797262,0.5013662,
1,11,31.737,0.2241254,1.142196,-0.6143132,0.4580145,-0.6282218,0.3797262,0.5013662,
1,11,31.739,0.2241254,1.142196,-0.6143132,0.4580145,-0.6282218,0.3797262,0.5013662,
1,11,31.741,0.2241254,1.142196,-0.6143132,0.4580145,-0.6282218,0.3797262,0.5013662,
1,11,31.743,0.2224672,1.145616,-0.613052,0.4547422,-0.6308048,0.3950819,0.489086,
1,11,31.745,0.2224672,1.145616,-0.613052,0.4547422,-0.6308048,0.3950819,0.489086,
1,11,31.747,0.2224672,1.145616,-0.613052,0.4547422,-0.6308048,0.3950819,0.489086,
1,11,31.749,0.2224672,1.145616,-0.613052,0.4547422,-0.6308048,0.3950819,0.489086,
1,11,31.751,0.2203733,1.149202,-0.611823,0.4515782,-0.6330959,0.4101937,0.4764534,
1,11,31.753,0.2203733,1.149202,-0.611823,0.4515782,-0.6330959,0.4101937,0.4764534,
1,11,31.755,0.2203733,1.149202,-0.611823,0.4515782,-0.6330959,0.4101937,0.4764534,
1,11,31.757,0.2203733,1.149202,-0.611823,0.4515782,-0.6330959,0.4101937,0.4764534,
1,11,31.759,0.2181057,1.152543,-0.6112802,0.4485659,-0.6350837,0.4246381,0.4638318,
1,11,31.761,0.2181057,1.152543,-0.6112802,0.4485659,-0.6350837,0.4246381,0.4638318,
1,11,31.763,0.2181057,1.152543,-0.6112802,0.4485659,-0.6350837,0.4246381,0.4638318,
1,11,31.765,0.2181057,1.152543,-0.6112802,0.4485659,-0.6350837,0.4246381,0.4638318,
1,11,31.767,0.2181057,1.152543,-0.6112802,0.4485659,-0.6350837,0.4246381,0.4638318,
1,11,31.769,0.2156527,1.155926,-0.6109139,0.4449898,-0.636007,0.4393816,0.4521318,
1,11,31.771,0.2156527,1.155926,-0.6109139,0.4449898,-0.636007,0.4393816,0.4521318,
1,11,31.773,0.2156527,1.155926,-0.6109139,0.4449898,-0.636007,0.4393816,0.4521318,
1,11,31.775,0.2156527,1.155926,-0.6109139,0.4449898,-0.636007,0.4393816,0.4521318,
1,11,31.777,0.212813,1.159204,-0.6112455,0.4408628,-0.6360402,0.4542168,0.4413389,
1,11,31.779,0.212813,1.159204,-0.6112455,0.4408628,-0.6360402,0.4542168,0.4413389,
1,11,31.781,0.212813,1.159204,-0.6112455,0.4408628,-0.6360402,0.4542168,0.4413389,
1,11,31.783,0.212813,1.159204,-0.6112455,0.4408628,-0.6360402,0.4542168,0.4413389,
1,11,31.785,0.2096096,1.162683,-0.6113829,0.4361154,-0.635549,0.4691431,0.4310285,
1,11,31.787,0.2096096,1.162683,-0.6113829,0.4361154,-0.635549,0.4691431,0.4310285,
1,11,31.789,0.2096096,1.162683,-0.6113829,0.4361154,-0.635549,0.4691431,0.4310285,
1,11,31.791,0.2096096,1.162683,-0.6113829,0.4361154,-0.635549,0.4691431,0.4310285,
1,11,31.793,0.206139,1.165105,-0.6122469,0.4320171,-0.6360998,0.4816554,0.4204121,
1,11,31.795,0.206139,1.165105,-0.6122469,0.4320171,-0.6360998,0.4816554,0.4204121,
1,11,31.797,0.206139,1.165105,-0.6122469,0.4320171,-0.6360998,0.4816554,0.4204121,
1,11,31.799,0.206139,1.165105,-0.6122469,0.4320171,-0.6360998,0.4816554,0.4204121,
1,11,31.801,0.2027344,1.167101,-0.613495,0.4271346,-0.6364298,0.4933129,0.4112854,
1,11,31.803,0.2027344,1.167101,-0.613495,0.4271346,-0.6364298,0.4933129,0.4112854,
1,11,31.805,0.2027344,1.167101,-0.613495,0.4271346,-0.6364298,0.4933129,0.4112854,
1,11,31.807,0.2027344,1.167101,-0.613495,0.4271346,-0.6364298,0.4933129,0.4112854,
1,11,31.809,0.1994779,1.168777,-0.6149592,0.4198768,-0.6350102,0.505735,0.4058298,
1,11,31.811,0.1994779,1.168777,-0.6149592,0.4198768,-0.6350102,0.505735,0.4058298,
1,11,31.813,0.1994779,1.168777,-0.6149592,0.4198768,-0.6350102,0.505735,0.4058298,
1,11,31.815,0.1994779,1.168777,-0.6149592,0.4198768,-0.6350102,0.505735,0.4058298,
1,11,31.817,0.1994779,1.168777,-0.6149592,0.4198768,-0.6350102,0.505735,0.4058298,
1,11,31.819,0.1964686,1.1701,-0.6169337,0.4097322,-0.632006,0.5188863,0.4042831,
1,11,31.821,0.1964686,1.1701,-0.6169337,0.4097322,-0.632006,0.5188863,0.4042831,
1,11,31.823,0.1964686,1.1701,-0.6169337,0.4097322,-0.632006,0.5188863,0.4042831,
1,11,31.825,0.1964686,1.1701,-0.6169337,0.4097322,-0.632006,0.5188863,0.4042831,
1,11,31.827,0.1935661,1.171736,-0.618872,0.3971907,-0.6278473,0.532725,0.4052795,
1,11,31.829,0.1935661,1.171736,-0.618872,0.3971907,-0.6278473,0.532725,0.4052795,
1,11,31.831,0.1935661,1.171736,-0.618872,0.3971907,-0.6278473,0.532725,0.4052795,
1,11,31.833,0.1935661,1.171736,-0.618872,0.3971907,-0.6278473,0.532725,0.4052795,
1,11,31.835,0.1888947,1.173551,-0.6211851,0.3760266,-0.6230028,0.5514944,0.4078303,
1,11,31.837,0.1888947,1.173551,-0.6211851,0.3760266,-0.6230028,0.5514944,0.4078303,
1,11,31.839,0.1888947,1.173551,-0.6211851,0.3760266,-0.6230028,0.5514944,0.4078303,
1,11,31.841,0.1888947,1.173551,-0.6211851,0.3760266,-0.6230028,0.5514944,0.4078303,
1,11,31.843,0.1840532,1.17451,-0.6234342,0.3563049,-0.6230198,0.5646632,0.4074906,
1,11,31.845,0.1840532,1.17451,-0.6234342,0.3563049,-0.6230198,0.5646632,0.4074906,
1,11,31.847,0.1840532,1.17451,-0.6234342,0.3563049,-0.6230198,0.5646632,0.4074906,
1,11,31.849,0.1840532,1.17451,-0.6234342,0.3563049,-0.6230198,0.5646632,0.4074906,
1,11,31.851,0.1803918,1.174887,-0.6246904,0.3457858,-0.6268553,0.5700083,0.403206,
1,11,31.853,0.1803918,1.174887,-0.6246904,0.3457858,-0.6268553,0.5700083,0.403206,
1,11,31.855,0.1803918,1.174887,-0.6246904,0.3457858,-0.6268553,0.5700083,0.403206,
1,11,31.857,0.1803918,1.174887,-0.6246904,0.3457858,-0.6268553,0.5700083,0.403206,
1,11,31.859,0.1774012,1.173927,-0.6260576,0.3391609,-0.6328279,0.5712923,0.3976477,
1,11,31.861,0.1774012,1.173927,-0.6260576,0.3391609,-0.6328279,0.5712923,0.3976477,
1,11,31.863,0.1774012,1.173927,-0.6260576,0.3391609,-0.6328279,0.5712923,0.3976477,
1,11,31.865,0.1774012,1.173927,-0.6260576,0.3391609,-0.6328279,0.5712923,0.3976477,
1,11,31.867,0.1774012,1.173927,-0.6260576,0.3391609,-0.6328279,0.5712923,0.3976477,
1,11,31.869,0.174319,1.173253,-0.6273067,0.3318837,-0.6387612,0.5727655,0.392144,
1,11,31.871,0.174319,1.173253,-0.6273067,0.3318837,-0.6387612,0.5727655,0.392144,
1,11,31.873,0.174319,1.173253,-0.6273067,0.3318837,-0.6387612,0.5727655,0.392144,
1,11,31.875,0.174319,1.173253,-0.6273067,0.3318837,-0.6387612,0.5727655,0.392144,
1,11,31.877,0.1717156,1.171992,-0.6291497,0.3239793,-0.6439522,0.5741369,0.3882393,
1,11,31.879,0.1717156,1.171992,-0.6291497,0.3239793,-0.6439522,0.5741369,0.3882393,
1,11,31.881,0.1717156,1.171992,-0.6291497,0.3239793,-0.6439522,0.5741369,0.3882393,
1,11,31.883,0.1717156,1.171992,-0.6291497,0.3239793,-0.6439522,0.5741369,0.3882393,
1,11,31.885,0.1692292,1.170906,-0.6311423,0.3149971,-0.6474264,0.5763656,0.3865469,
1,11,31.887,0.1692292,1.170906,-0.6311423,0.3149971,-0.6474264,0.5763656,0.3865469,
1,11,31.889,0.1692292,1.170906,-0.6311423,0.3149971,-0.6474264,0.5763656,0.3865469,
1,11,31.891,0.1692292,1.170906,-0.6311423,0.3149971,-0.6474264,0.5763656,0.3865469,
1,11,31.893,0.1669164,1.170302,-0.6329764,0.3048945,-0.6496993,0.5797106,0.3858313,
1,11,31.895,0.1669164,1.170302,-0.6329764,0.3048945,-0.6496993,0.5797106,0.3858313,
1,11,31.897,0.1669164,1.170302,-0.6329764,0.3048945,-0.6496993,0.5797106,0.3858313,
1,11,31.899,0.1669164,1.170302,-0.6329764,0.3048945,-0.6496993,0.5797106,0.3858313,
1,11,31.901,0.1647508,1.170111,-0.6345718,0.2953214,-0.6509504,0.583466,0.3855081,
1,11,31.903,0.1647508,1.170111,-0.6345718,0.2953214,-0.6509504,0.583466,0.3855081,
1,11,31.905,0.1647508,1.170111,-0.6345718,0.2953214,-0.6509504,0.583466,0.3855081,
1,11,31.907,0.1647508,1.170111,-0.6345718,0.2953214,-0.6509504,0.583466,0.3855081,
1,11,31.909,0.1629533,1.17054,-0.6361341,0.287342,-0.6515899,0.587199,0.3847891,
1,11,31.911,0.1629533,1.17054,-0.6361341,0.287342,-0.6515899,0.587199,0.3847891,
1,11,31.913,0.1629533,1.17054,-0.6361341,0.287342,-0.6515899,0.587199,0.3847891,
1,11,31.915,0.1629533,1.17054,-0.6361341,0.287342,-0.6515899,0.587199,0.3847891,
1,11,31.917,0.1629533,1.17054,-0.6361341,0.287342,-0.6515899,0.587199,0.3847891,
1,11,31.919,0.1612806,1.171289,-0.6377934,0.2808838,-0.652707,0.5906656,0.3823507,
1,11,31.921,0.1612806,1.171289,-0.6377934,0.2808838,-0.652707,0.5906656,0.3823507,
1,11,31.923,0.1612806,1.171289,-0.6377934,0.2808838,-0.652707,0.5906656,0.3823507,
1,11,31.925,0.1612806,1.171289,-0.6377934,0.2808838,-0.652707,0.5906656,0.3823507,
1,11,31.927,0.1602291,1.172399,-0.6397693,0.2773828,-0.6543241,0.5932756,0.3780779,
1,11,31.929,0.1602291,1.172399,-0.6397693,0.2773828,-0.6543241,0.5932756,0.3780779,
1,11,31.931,0.1602291,1.172399,-0.6397693,0.2773828,-0.6543241,0.5932756,0.3780779,
1,11,31.933,0.1602291,1.172399,-0.6397693,0.2773828,-0.6543241,0.5932756,0.3780779,
1,11,31.935,0.1595456,1.17374,-0.6418853,0.2762865,-0.6567488,0.5949604,0.3719799,
1,11,31.937,0.1595456,1.17374,-0.6418853,0.2762865,-0.6567488,0.5949604,0.3719799,
1,11,31.939,0.1595456,1.17374,-0.6418853,0.2762865,-0.6567488,0.5949604,0.3719799,
1,11,31.941,0.1595456,1.17374,-0.6418853,0.2762865,-0.6567488,0.5949604,0.3719799,
1,11,31.943,0.1593764,1.175006,-0.6443012,0.2772102,-0.6595209,0.5957,0.3651414,
1,11,31.945,0.1593764,1.175006,-0.6443012,0.2772102,-0.6595209,0.5957,0.3651414,
1,11,31.947,0.1593764,1.175006,-0.6443012,0.2772102,-0.6595209,0.5957,0.3651414,
1,11,31.949,0.1593764,1.175006,-0.6443012,0.2772102,-0.6595209,0.5957,0.3651414,
1,11,31.951,0.1594263,1.176191,-0.6468149,0.2792392,-0.6624899,0.595907,0.3578092,
1,11,31.953,0.1594263,1.176191,-0.6468149,0.2792392,-0.6624899,0.595907,0.3578092,
1,11,31.955,0.1594263,1.176191,-0.6468149,0.2792392,-0.6624899,0.595907,0.3578092,
1,11,31.957,0.1594263,1.176191,-0.6468149,0.2792392,-0.6624899,0.595907,0.3578092,
1,11,31.959,0.1597198,1.177486,-0.6492405,0.281448,-0.6648923,0.5960324,0.3513553,
1,11,31.961,0.1597198,1.177486,-0.6492405,0.281448,-0.6648923,0.5960324,0.3513553,
1,11,31.963,0.1597198,1.177486,-0.6492405,0.281448,-0.6648923,0.5960324,0.3513553,
1,11,31.965,0.1597198,1.177486,-0.6492405,0.281448,-0.6648923,0.5960324,0.3513553,
1,11,31.967,0.1597198,1.177486,-0.6492405,0.281448,-0.6648923,0.5960324,0.3513553,
1,11,31.969,0.1601973,1.178498,-0.6518271,0.2836617,-0.6669004,0.5959897,0.345798,
1,11,31.971,0.1601973,1.178498,-0.6518271,0.2836617,-0.6669004,0.5959897,0.345798,
1,11,31.973,0.1601973,1.178498,-0.6518271,0.2836617,-0.6669004,0.5959897,0.345798,
1,11,31.975,0.1601973,1.178498,-0.6518271,0.2836617,-0.6669004,0.5959897,0.345798,
1,11,31.977,0.1604879,1.1795,-0.6541628,0.2850794,-0.6682905,0.5962799,0.3414205,
1,11,31.979,0.1604879,1.1795,-0.6541628,0.2850794,-0.6682905,0.5962799,0.3414205,
1,11,31.981,0.1604879,1.1795,-0.6541628,0.2850794,-0.6682905,0.5962799,0.3414205,
1,11,31.983,0.1604879,1.1795,-0.6541628,0.2850794,-0.6682905,0.5962799,0.3414205,
1,11,31.985,0.1611595,1.180371,-0.6566061,0.2862563,-0.6689749,0.5966032,0.3385184,
1,11,31.987,0.1611595,1.180371,-0.6566061,0.2862563,-0.6689749,0.5966032,0.3385184,
1,11,31.989,0.1611595,1.180371,-0.6566061,0.2862563,-0.6689749,0.5966032,0.3385184,
1,11,31.991,0.1611595,1.180371,-0.6566061,0.2862563,-0.6689749,0.5966032,0.3385184,
1,11,31.993,0.1618414,1.180695,-0.6590216,0.2870888,-0.6694034,0.5966774,0.3368313,
1,11,31.995,0.1618414,1.180695,-0.6590216,0.2870888,-0.6694034,0.5966774,0.3368313,
1,11,31.997,0.1618414,1.180695,-0.6590216,0.2870888,-0.6694034,0.5966774,0.3368313,
1,11,31.999,0.1618414,1.180695,-0.6590216,0.2870888,-0.6694034,0.5966774,0.3368313,
1,11,32.001,0.1621365,1.181024,-0.6612338,0.2874745,-0.6694893,0.5969093,0.3359191,
1,11,32.003,0.1621365,1.181024,-0.6612338,0.2874745,-0.6694893,0.5969093,0.3359191,
1,11,32.005,0.1621365,1.181024,-0.6612338,0.2874745,-0.6694893,0.5969093,0.3359191,
1,11,32.007,0.1621365,1.181024,-0.6612338,0.2874745,-0.6694893,0.5969093,0.3359191,
1,11,32.009,0.1623068,1.181195,-0.6631615,0.2877461,-0.6693914,0.5970632,0.3356083,
1,11,32.011,0.1623068,1.181195,-0.6631615,0.2877461,-0.6693914,0.5970632,0.3356083,
1,11,32.013,0.1623068,1.181195,-0.6631615,0.2877461,-0.6693914,0.5970632,0.3356083,
1,11,32.015,0.1623068,1.181195,-0.6631615,0.2877461,-0.6693914,0.5970632,0.3356083,
1,11,32.017,0.1623068,1.181195,-0.6631615,0.2877461,-0.6693914,0.5970632,0.3356083,
1,11,32.019,0.1625118,1.181257,-0.6651649,0.2885737,-0.6693088,0.5968653,0.3354146,
1,11,32.021,0.1625118,1.181257,-0.6651649,0.2885737,-0.6693088,0.5968653,0.3354146,
1,11,32.023,0.1625118,1.181257,-0.6651649,0.2885737,-0.6693088,0.5968653,0.3354146,
1,11,32.025,0.1625118,1.181257,-0.6651649,0.2885737,-0.6693088,0.5968653,0.3354146,
1,11,32.027,0.1625463,1.18146,-0.6671594,0.2899456,-0.6690931,0.5965126,0.3352891,
1,11,32.029,0.1625463,1.18146,-0.6671594,0.2899456,-0.6690931,0.5965126,0.3352891,
1,11,32.031,0.1625463,1.18146,-0.6671594,0.2899456,-0.6690931,0.5965126,0.3352891,
1,11,32.033,0.1625463,1.18146,-0.6671594,0.2899456,-0.6690931,0.5965126,0.3352891,
1,11,32.035,0.1624196,1.181848,-0.6689742,0.2922074,-0.6690439,0.5958283,0.3346399,
1,11,32.037,0.1624196,1.181848,-0.6689742,0.2922074,-0.6690439,0.5958283,0.3346399,
1,11,32.039,0.1624196,1.181848,-0.6689742,0.2922074,-0.6690439,0.5958283,0.3346399,
1,11,32.041,0.1624196,1.181848,-0.6689742,0.2922074,-0.6690439,0.5958283,0.3346399,
1,11,32.043,0.1620744,1.182438,-0.6706761,0.2955284,-0.6691585,0.5948777,0.3331823,
1,11,32.045,0.1620744,1.182438,-0.6706761,0.2955284,-0.6691585,0.5948777,0.3331823,
1,11,32.047,0.1620744,1.182438,-0.6706761,0.2955284,-0.6691585,0.5948777,0.3331823,
1,11,32.049,0.1620744,1.182438,-0.6706761,0.2955284,-0.6691585,0.5948777,0.3331823,
1,11,32.051,0.1614779,1.182764,-0.6722014,0.300081,-0.6699667,0.5930349,0.3307652,
1,11,32.053,0.1614779,1.182764,-0.6722014,0.300081,-0.6699667,0.5930349,0.3307652,
1,11,32.055,0.1614779,1.182764,-0.6722014,0.300081,-0.6699667,0.5930349,0.3307652,
1,11,32.057,0.1614779,1.182764,-0.6722014,0.300081,-0.6699667,0.5930349,0.3307652,
1,11,32.059,0.1606899,1.183478,-0.6736207,0.3050658,-0.6705295,0.5912089,0.3283249,
1,11,32.061,0.1606899,1.183478,-0.6736207,0.3050658,-0.6705295,0.5912089,0.3283249,
1,11,32.063,0.1606899,1.183478,-0.6736207,0.3050658,-0.6705295,0.5912089,0.3283249,
1,11,32.065,0.1606899,1.183478,-0.6736207,0.3050658,-0.6705295,0.5912089,0.3283249,
1,11,32.067,0.1606899,1.183478,-0.6736207,0.3050658,-0.6705295,0.5912089,0.3283249,
1,11,32.069,0.1595293,1.184541,-0.6745606,0.3094801,-0.6704143,0.589909,0.3267631,
1,11,32.071,0.1595293,1.184541,-0.6745606,0.3094801,-0.6704143,0.589909,0.3267631,
1,11,32.073,0.1595293,1.184541,-0.6745606,0.3094801,-0.6704143,0.589909,0.3267631,
1,11,32.075,0.1595293,1.184541,-0.6745606,0.3094801,-0.6704143,0.589909,0.3267631,
1,11,32.077,0.1586983,1.185466,-0.6757786,0.3140841,-0.6699084,0.5883908,0.3261445,
1,11,32.079,0.1586983,1.185466,-0.6757786,0.3140841,-0.6699084,0.5883908,0.3261445,
1,11,32.081,0.1586983,1.185466,-0.6757786,0.3140841,-0.6699084,0.5883908,0.3261445,
1,11,32.083,0.1586983,1.185466,-0.6757786,0.3140841,-0.6699084,0.5883908,0.3261445,CourtEnter
1,11,32.085,0.1581595,1.186342,-0.6772504,0.3186456,-0.6689512,0.5868484,0.3264633,
1,11,32.087,0.1581595,1.186342,-0.6772504,0.3186456,-0.6689512,0.5868484,0.3264633,
1,11,32.089,0.1581595,1.186342,-0.6772504,0.3186456,-0.6689512,0.5868484,0.3264633,
1,11,32.091,0.1581595,1.186342,-0.6772504,0.3186456,-0.6689512,0.5868484,0.3264633,CourtExit
1,11,32.093,0.1570451,1.187598,-0.6781131,0.3215002,-0.6671414,0.5864013,0.328167,
1,11,32.095,0.1570451,1.187598,-0.6781131,0.3215002,-0.6671414,0.5864013,0.328167,
1,11,32.097,0.1570451,1.187598,-0.6781131,0.3215002,-0.6671414,0.5864013,0.328167,
1,11,32.099,0.1570451,1.187598,-0.6781131,0.3215002,-0.6671414,0.5864013,0.328167,
1,11,32.101,0.1557937,1.18942,-0.6788089,0.3236412,-0.6646648,0.5866314,0.3306672,
1,11,32.103,0.1557937,1.18942,-0.6788089,0.3236412,-0.6646648,0.5866314,0.3306672,
1,11,32.105,0.1557937,1.18942,-0.6788089,0.3236412,-0.6646648,0.5866314,0.3306672,
1,11,32.107,0.1557937,1.18942,-0.6788089,0.3236412,-0.6646648,0.5866314,0.3306672,
1,11,32.109,0.1543772,1.191159,-0.6794155,0.3262062,-0.6627053,0.5864506,0.3323956,
1,11,32.111,0.1543772,1.191159,-0.6794155,0.3262062,-0.6627053,0.5864506,0.3323956,
1,11,32.113,0.1543772,1.191159,-0.6794155,0.3262062,-0.6627053,0.5864506,0.3323956,
1,11,32.115,0.1543772,1.191159,-0.6794155,0.3262062,-0.6627053,0.5864506,0.3323956,
1,11,32.117,0.1543772,1.191159,-0.6794155,0.3262062,-0.6627053,0.5864506,0.3323956,
1,11,32.119,0.1528919,1.192924,-0.6796913,0.3295386,-0.6616418,0.5855885,0.332747,
1,11,32.121,0.1528919,1.192924,-0.6796913,0.3295386,-0.6616418,0.5855885,0.332747,
1,11,32.123,0.1528919,1.192924,-0.6796913,0.3295386,-0.6616418,0.5855885,0.332747,
1,11,32.125,0.1528919,1.192924,-0.6796913,0.3295386,-0.6616418,0.5855885,0.332747,
1,11,32.127,0.1513297,1.195074,-0.6797959,0.3336734,-0.6610424,0.5843684,0.3319617,
1,11,32.129,0.1513297,1.195074,-0.6797959,0.3336734,-0.6610424,0.5843684,0.3319617,
1,11,32.131,0.1513297,1.195074,-0.6797959,0.3336734,-0.6610424,0.5843684,0.3319617,
1,11,32.133,0.1513297,1.195074,-0.6797959,0.3336734,-0.6610424,0.5843684,0.3319617,
1,11,32.135,0.1497392,1.196969,-0.6796113,0.3390185,-0.6616552,0.5820942,0.3293102,
1,11,32.137,0.1497392,1.196969,-0.6796113,0.3390185,-0.6616552,0.5820942,0.3293102,
1,11,32.139,0.1497392,1.196969,-0.6796113,0.3390185,-0.6616552,0.5820942,0.3293102,
1,11,32.141,0.1497392,1.196969,-0.6796113,0.3390185,-0.6616552,0.5820942,0.3293102,
1,11,32.143,0.1481157,1.199146,-0.6794932,0.3448467,-0.662487,0.5794281,0.326274,
1,11,32.145,0.1481157,1.199146,-0.6794932,0.3448467,-0.662487,0.5794281,0.326274,
1,11,32.147,0.1481157,1.199146,-0.6794932,0.3448467,-0.662487,0.5794281,0.326274,
1,11,32.149,0.1481157,1.199146,-0.6794932,0.3448467,-0.662487,0.5794281,0.326274,
1,11,32.151,0.1463647,1.201812,-0.678888,0.3499838,-0.6629025,0.5772983,0.3237258,
1,11,32.153,0.1463647,1.201812,-0.678888,0.3499838,-0.6629025,0.5772983,0.3237258,
1,11,32.155,0.1463647,1.201812,-0.678888,0.3499838,-0.6629025,0.5772983,0.3237258,
1,11,32.157,0.1463647,1.201812,-0.678888,0.3499838,-0.6629025,0.5772983,0.3237258,
1,11,32.159,0.1448213,1.20441,-0.6782401,0.3546273,-0.6632686,0.5751454,0.3217485,
1,11,32.161,0.1448213,1.20441,-0.6782401,0.3546273,-0.6632686,0.5751454,0.3217485,
1,11,32.163,0.1448213,1.20441,-0.6782401,0.3546273,-0.6632686,0.5751454,0.3217485,
1,11,32.165,0.1448213,1.20441,-0.6782401,0.3546273,-0.6632686,0.5751454,0.3217485,
1,11,32.167,0.1448213,1.20441,-0.6782401,0.3546273,-0.6632686,0.5751454,0.3217485,
1,11,32.169,0.1433802,1.206756,-0.6775626,0.3589534,-0.6636006,0.5729785,0.3201289,
1,11,32.171,0.1433802,1.206756,-0.6775626,0.3589534,-0.6636006,0.5729785,0.3201289,
1,11,32.173,0.1433802,1.206756,-0.6775626,0.3589534,-0.6636006,0.5729785,0.3201289,
1,11,32.175,0.1433802,1.206756,-0.6775626,0.3589534,-0.6636006,0.5729785,0.3201289,
1,11,32.177,0.14228,1.208583,-0.6771835,0.362527,-0.6637546,0.5707048,0.3198437,
1,11,32.179,0.14228,1.208583,-0.6771835,0.362527,-0.6637546,0.5707048,0.3198437,
1,11,32.181,0.14228,1.208583,-0.6771835,0.362527,-0.6637546,0.5707048,0.3198437,
1,11,32.183,0.14228,1.208583,-0.6771835,0.362527,-0.6637546,0.5707048,0.3198437,
1,11,32.185,0.141219,1.210348,-0.676729,0.3652155,-0.6636343,0.5687559,0.3205058,
1,11,32.187,0.141219,1.210348,-0.676729,0.3652155,-0.6636343,0.5687559,0.3205058,
1,11,32.189,0.141219,1.210348,-0.676729,0.3652155,-0.6636343,0.5687559,0.3205058,
1,11,32.191,0.141219,1.210348,-0.676729,0.3652155,-0.6636343,0.5687559,0.3205058,
1,11,32.193,0.1403397,1.211707,-0.6764574,0.3671914,-0.6635491,0.5668832,0.3217401,
1,11,32.195,0.1403397,1.211707,-0.6764574,0.3671914,-0.6635491,0.5668832,0.3217401,
1,11,32.197,0.1403397,1.211707,-0.6764574,0.3671914,-0.6635491,0.5668832,0.3217401,
1,11,32.199,0.1403397,1.211707,-0.6764574,0.3671914,-0.6635491,0.5668832,0.3217401,
1,11,32.201,0.1396663,1.212772,-0.6760252,0.3688934,-0.663576,0.5649776,0.3230864,
1,11,32.203,0.1396663,1.212772,-0.6760252,0.3688934,-0.663576,0.5649776,0.3230864,
1,11,32.205,0.1396663,1.212772,-0.6760252,0.3688934,-0.663576,0.5649776,0.3230864,
1,11,32.207,0.1396663,1.212772,-0.6760252,0.3688934,-0.663576,0.5649776,0.3230864,
1,11,32.209,0.1390102,1.214036,-0.6756523,0.3701453,-0.6634618,0.5634967,0.3244724,
1,11,32.211,0.1390102,1.214036,-0.6756523,0.3701453,-0.6634618,0.5634967,0.3244724,
1,11,32.213,0.1390102,1.214036,-0.6756523,0.3701453,-0.6634618,0.5634967,0.3244724,
1,11,32.215,0.1390102,1.214036,-0.6756523,0.3701453,-0.6634618,0.5634967,0.3244724,
1,11,32.217,0.1390102,1.214036,-0.6756523,0.3701453,-0.6634618,0.5634967,0.3244724,
1,11,32.219,0.1383819,1.215286,-0.6751764,0.3709393,-0.6632467,0.5623801,0.3259397,
1,11,32.221,0.1383819,1.215286,-0.6751764,0.3709393,-0.6632467,0.5623801,0.3259397,
1,11,32.223,0.1383819,1.215286,-0.6751764,0.3709393,-0.6632467,0.5623801,0.3259397,
1,11,32.225,0.1383819,1.215286,-0.6751764,0.3709393,-0.6632467,0.5623801,0.3259397,
1,11,32.227,0.1378102,1.216272,-0.6745502,0.3718933,-0.6635106,0.5611635,0.3264119,
1,11,32.229,0.1378102,1.216272,-0.6745502,0.3718933,-0.6635106,0.5611635,0.3264119,
1,11,32.231,0.1378102,1.216272,-0.6745502,0.3718933,-0.6635106,0.5611635,0.3264119,
1,11,32.233,0.1378102,1.216272,-0.6745502,0.3718933,-0.6635106,0.5611635,0.3264119,
1,11,32.235,0.1375147,1.216888,-0.6741382,0.3734271,-0.6641719,0.5594532,0.3262513,
1,11,32.237,0.1375147,1.216888,-0.6741382,0.3734271,-0.6641719,0.5594532,0.3262513,
1,11,32.239,0.1375147,1.216888,-0.6741382,0.3734271,-0.6641719,0.5594532,0.3262513,
1,11,32.241,0.1375147,1.216888,-0.6741382,0.3734271,-0.6641719,0.5594532,0.3262513,
1,11,32.243,0.1371536,1.217216,-0.6735361,0.3751463,-0.6652759,0.5575317,0.3253179,
1,11,32.245,0.1371536,1.217216,-0.6735361,0.3751463,-0.6652759,0.5575317,0.3253179,
1,11,32.247,0.1371536,1.217216,-0.6735361,0.3751463,-0.6652759,0.5575317,0.3253179,
1,11,32.249,0.1371536,1.217216,-0.6735361,0.3751463,-0.6652759,0.5575317,0.3253179,
1,11,32.251,0.1368006,1.217752,-0.6729998,0.3767711,-0.6661716,0.5560844,0.3240822,
1,11,32.253,0.1368006,1.217752,-0.6729998,0.3767711,-0.6661716,0.5560844,0.3240822,
1,11,32.255,0.1368006,1.217752,-0.6729998,0.3767711,-0.6661716,0.5560844,0.3240822,
1,11,32.257,0.1368006,1.217752,-0.6729998,0.3767711,-0.6661716,0.5560844,0.3240822,
1,11,32.259,0.1366141,1.218152,-0.6724656,0.3779658,-0.6666742,0.5550998,0.3233444,
1,11,32.261,0.1366141,1.218152,-0.6724656,0.3779658,-0.6666742,0.5550998,0.3233444,
1,11,32.263,0.1366141,1.218152,-0.6724656,0.3779658,-0.6666742,0.5550998,0.3233444,
1,11,32.265,0.1366141,1.218152,-0.6724656,0.3779658,-0.6666742,0.5550998,0.3233444,
1,11,32.267,0.1366141,1.218152,-0.6724656,0.3779658,-0.6666742,0.5550998,0.3233444,
1,11,32.269,0.1365235,1.218526,-0.6719412,0.3787374,-0.6667854,0.5546765,0.3229386,
1,11,32.271,0.1365235,1.218526,-0.6719412,0.3787374,-0.6667854,0.5546765,0.3229386,
1,11,32.273,0.1365235,1.218526,-0.6719412,0.3787374,-0.6667854,0.5546765,0.3229386,
1,11,32.275,0.1365235,1.218526,-0.6719412,0.3787374,-0.6667854,0.5546765,0.3229386,
1,11,32.277,0.1364304,1.218915,-0.6714264,0.3790148,-0.6664628,0.5548688,0.3229485,
1,11,32.279,0.1364304,1.218915,-0.6714264,0.3790148,-0.6664628,0.5548688,0.3229485,
1,11,32.281,0.1364304,1.218915,-0.6714264,0.3790148,-0.6664628,0.5548688,0.3229485,
1,11,32.283,0.1364304,1.218915,-0.6714264,0.3790148,-0.6664628,0.5548688,0.3229485,
1,11,32.285,0.1362498,1.219434,-0.6708748,0.3787614,-0.6656328,0.5557816,0.3233877,
1,11,32.287,0.1362498,1.219434,-0.6708748,0.3787614,-0.6656328,0.5557816,0.3233877,
1,11,32.289,0.1362498,1.219434,-0.6708748,0.3787614,-0.6656328,0.5557816,0.3233877,
1,11,32.291,0.1362498,1.219434,-0.6708748,0.3787614,-0.6656328,0.5557816,0.3233877,
1,11,32.293,0.1360731,1.220033,-0.6703822,0.3783375,-0.6645905,0.5569831,0.3239601,
1,11,32.295,0.1360731,1.220033,-0.6703822,0.3783375,-0.6645905,0.5569831,0.3239601,
1,11,32.297,0.1360731,1.220033,-0.6703822,0.3783375,-0.6645905,0.5569831,0.3239601,
1,11,32.299,0.1360731,1.220033,-0.6703822,0.3783375,-0.6645905,0.5569831,0.3239601,
1,11,32.301,0.1359244,1.22051,-0.6699921,0.3778014,-0.6635838,0.5581949,0.3245631,
1,11,32.303,0.1359244,1.22051,-0.6699921,0.3778014,-0.6635838,0.5581949,0.3245631,
1,11,32.305,0.1359244,1.22051,-0.6699921,0.3778014,-0.6635838,0.5581949,0.3245631,
1,11,32.307,0.1359244,1.22051,-0.6699921,0.3778014,-0.6635838,0.5581949,0.3245631,
1,11,32.309,0.1358103,1.220911,-0.6696872,0.3773128,-0.6626493,0.5593506,0.3250505,
1,11,32.311,0.1358103,1.220911,-0.6696872,0.3773128,-0.6626493,0.5593506,0.3250505,
1,11,32.313,0.1358103,1.220911,-0.6696872,0.3773128,-0.6626493,0.5593506,0.3250505,
1,11,32.315,0.1358103,1.220911,-0.6696872,0.3773128,-0.6626493,0.5593506,0.3250505,
1,11,32.317,0.1358103,1.220911,-0.6696872,0.3773128,-0.6626493,0.5593506,0.3250505,
1,11,32.319,0.1358768,1.220975,-0.6696494,0.3773251,-0.6620385,0.5600312,0.3251089,
1,11,32.321,0.1358768,1.220975,-0.6696494,0.3773251,-0.6620385,0.5600312,0.3251089,
1,11,32.323,0.1358768,1.220975,-0.6696494,0.3773251,-0.6620385,0.5600312,0.3251089,
1,11,32.325,0.1358768,1.220975,-0.6696494,0.3773251,-0.6620385,0.5600312,0.3251089,
1,11,32.327,0.1358531,1.221199,-0.6695428,0.3769231,-0.6613269,0.5609779,0.3253914,
1,11,32.329,0.1358531,1.221199,-0.6695428,0.3769231,-0.6613269,0.5609779,0.3253914,
1,11,32.331,0.1358531,1.221199,-0.6695428,0.3769231,-0.6613269,0.5609779,0.3253914,
1,11,32.333,0.1358531,1.221199,-0.6695428,0.3769231,-0.6613269,0.5609779,0.3253914,
1,11,32.335,0.1358413,1.221531,-0.6693923,0.3762375,-0.6605244,0.5621052,0.3258691,
1,11,32.337,0.1358413,1.221531,-0.6693923,0.3762375,-0.6605244,0.5621052,0.3258691,
1,11,32.339,0.1358413,1.221531,-0.6693923,0.3762375,-0.6605244,0.5621052,0.3258691,
1,11,32.341,0.1358413,1.221531,-0.6693923,0.3762375,-0.6605244,0.5621052,0.3258691,
1,11,32.343,0.1358678,1.221841,-0.6693321,0.3756221,-0.6598685,0.5630445,0.3262858,
1,11,32.345,0.1358678,1.221841,-0.6693321,0.3756221,-0.6598685,0.5630445,0.3262858,
1,11,32.347,0.1358678,1.221841,-0.6693321,0.3756221,-0.6598685,0.5630445,0.3262858,
1,11,32.349,0.1358678,1.221841,-0.6693321,0.3756221,-0.6598685,0.5630445,0.3262858,
1,11,32.351,0.135954,1.222145,-0.6693596,0.3751601,-0.6593722,0.5637375,0.326624,
1,11,32.353,0.135954,1.222145,-0.6693596,0.3751601,-0.6593722,0.5637375,0.326624,
1,11,32.355,0.135954,1.222145,-0.6693596,0.3751601,-0.6593722,0.5637375,0.326624,
1,11,32.357,0.135954,1.222145,-0.6693596,0.3751601,-0.6593722,0.5637375,0.326624,
1,11,32.359,0.1361202,1.222371,-0.6695282,0.3749388,-0.659173,0.5640432,0.3267525,
1,11,32.361,0.1361202,1.222371,-0.6695282,0.3749388,-0.659173,0.5640432,0.3267525,
1,11,32.363,0.1361202,1.222371,-0.6695282,0.3749388,-0.659173,0.5640432,0.3267525,
1,11,32.365,0.1361202,1.222371,-0.6695282,0.3749388,-0.659173,0.5640432,0.3267525,
1,11,32.367,0.1361202,1.222371,-0.6695282,0.3749388,-0.659173,0.5640432,0.3267525,
1,11,32.369,0.1363115,1.222626,-0.6697216,0.3748909,-0.6591403,0.5641103,0.3267573,
1,11,32.371,0.1363115,1.222626,-0.6697216,0.3748909,-0.6591403,0.5641103,0.3267573,
1,11,32.373,0.1363115,1.222626,-0.6697216,0.3748909,-0.6591403,0.5641103,0.3267573,
1,11,32.375,0.1363115,1.222626,-0.6697216,0.3748909,-0.6591403,0.5641103,0.3267573,
1,11,32.377,0.1364925,1.222865,-0.6698927,0.3749025,-0.6592583,0.5639961,0.3267033,
1,11,32.379,0.1364925,1.222865,-0.6698927,0.3749025,-0.6592583,0.5639961,0.3267033,
1,11,32.381,0.1364925,1.222865,-0.6698927,0.3749025,-0.6592583,0.5639961,0.3267033,
1,11,32.383,0.1364925,1.222865,-0.6698927,0.3749025,-0.6592583,0.5639961,0.3267033,
1,11,32.385,0.1367489,1.222867,-0.6701273,0.3751851,-0.6596552,0.5634887,0.3264534,
1,11,32.387,0.1367489,1.222867,-0.6701273,0.3751851,-0.6596552,0.5634887,0.3264534,
1,11,32.389,0.1367489,1.222867,-0.6701273,0.3751851,-0.6596552,0.5634887,0.3264534,
1,11,32.391,0.1367489,1.222867,-0.6701273,0.3751851,-0.6596552,0.5634887,0.3264534,
1,11,32.393,0.1371185,1.222749,-0.6704597,0.3757805,-0.6602871,0.5626229,0.3259838,
1,11,32.395,0.1371185,1.222749,-0.6704597,0.3757805,-0.6602871,0.5626229,0.3259838,
1,11,32.397,0.1371185,1.222749,-0.6704597,0.3757805,-0.6602871,0.5626229,0.3259838,
1,11,32.399,0.1371185,1.222749,-0.6704597,0.3757805,-0.6602871,0.5626229,0.3259838,
1,11,32.401,0.1374733,1.222637,-0.6708077,0.3763541,-0.6609703,0.5617026,0.3255241,
1,11,32.403,0.1374733,1.222637,-0.6708077,0.3763541,-0.6609703,0.5617026,0.3255241,
1,11,32.405,0.1374733,1.222637,-0.6708077,0.3763541,-0.6609703,0.5617026,0.3255241,
1,11,32.407,0.1374733,1.222637,-0.6708077,0.3763541,-0.6609703,0.5617026,0.3255241,
1,11,32.409,0.1378917,1.222548,-0.6710294,0.3768386,-0.6616009,0.5608702,0.3251178,
1,11,32.411,0.1378917,1.222548,-0.6710294,0.3768386,-0.6616009,0.5608702,0.3251178,
1,11,32.413,0.1378917,1.222548,-0.6710294,0.3768386,-0.6616009,0.5608702,0.3251178,
1,11,32.415,0.1378917,1.222548,-0.6710294,0.3768386,-0.6616009,0.5608702,0.3251178,
1,11,32.417,0.1378917,1.222548,-0.6710294,0.3768386,-0.6616009,0.5608702,0.3251178,
1,11,32.419,0.1383041,1.222439,-0.6713238,0.3773935,-0.6622019,0.5599914,0.3247654,
1,11,32.421,0.1383041,1.222439,-0.6713238,0.3773935,-0.6622019,0.5599914,0.3247654,
1,11,32.423,0.1383041,1.222439,-0.6713238,0.3773935,-0.6622019,0.5599914,0.3247654,
1,11,32.425,0.1383041,1.222439,-0.6713238,0.3773935,-0.6622019,0.5599914,0.3247654,
1,11,32.427,0.1386443,1.222245,-0.671543,0.3778787,-0.6628138,0.5591676,0.324372,
1,11,32.429,0.1386443,1.222245,-0.671543,0.3778787,-0.6628138,0.5591676,0.324372,
1,11,32.431,0.1386443,1.222245,-0.671543,0.3778787,-0.6628138,0.5591676,0.324372,
1,11,32.433,0.1386443,1.222245,-0.671543,0.3778787,-0.6628138,0.5591676,0.324372,
1,11,32.435,0.1390133,1.222118,-0.6716925,0.3783482,-0.663336,0.558461,0.3239743,
1,11,32.437,0.1390133,1.222118,-0.6716925,0.3783482,-0.663336,0.558461,0.3239743,
1,11,32.439,0.1390133,1.222118,-0.6716925,0.3783482,-0.663336,0.558461,0.3239743,
1,11,32.441,0.1390133,1.222118,-0.6716925,0.3783482,-0.663336,0.558461,0.3239743,
1,11,32.443,0.1394005,1.221956,-0.6718408,0.3787581,-0.6637495,0.5578598,0.3236842,
1,11,32.445,0.1394005,1.221956,-0.6718408,0.3787581,-0.6637495,0.5578598,0.3236842,
1,11,32.447,0.1394005,1.221956,-0.6718408,0.3787581,-0.6637495,0.5578598,0.3236842,
1,11,32.449,0.1394005,1.221956,-0.6718408,0.3787581,-0.6637495,0.5578598,0.3236842,
1,11,32.451,0.1397339,1.221819,-0.6719809,0.3790642,-0.6639893,0.5574505,0.323539,
1,11,32.453,0.1397339,1.221819,-0.6719809,0.3790642,-0.6639893,0.5574505,0.323539,
1,11,32.455,0.1397339,1.221819,-0.6719809,0.3790642,-0.6639893,0.5574505,0.323539,
1,11,32.457,0.1397339,1.221819,-0.6719809,0.3790642,-0.6639893,0.5574505,0.323539,
1,11,32.459,0.1400704,1.22163,-0.6721382,0.3792063,-0.6640763,0.5572077,0.3236121,
1,11,32.461,0.1400704,1.22163,-0.6721382,0.3792063,-0.6640763,0.5572077,0.3236121,
1,11,32.463,0.1400704,1.22163,-0.6721382,0.3792063,-0.6640763,0.5572077,0.3236121,
1,11,32.465,0.1400704,1.22163,-0.6721382,0.3792063,-0.6640763,0.5572077,0.3236121,
1,11,32.467,0.1400704,1.22163,-0.6721382,0.3792063,-0.6640763,0.5572077,0.3236121,
1,11,32.469,0.1403756,1.221454,-0.6722857,0.3793353,-0.6640263,0.5571331,0.3236922,
1,11,32.471,0.1403756,1.221454,-0.6722857,0.3793353,-0.6640263,0.5571331,0.3236922,
1,11,32.473,0.1403756,1.221454,-0.6722857,0.3793353,-0.6640263,0.5571331,0.3236922,
1,11,32.475,0.1403756,1.221454,-0.6722857,0.3793353,-0.6640263,0.5571331,0.3236922,
1,11,32.477,0.1406596,1.221243,-0.6724023,0.3795505,-0.6639783,0.557075,0.3236384,
1,11,32.479,0.1406596,1.221243,-0.6724023,0.3795505,-0.6639783,0.557075,0.3236384,
1,11,32.481,0.1406596,1.221243,-0.6724023,0.3795505,-0.6639783,0.557075,0.3236384,
1,11,32.483,0.1406596,1.221243,-0.6724023,0.3795505,-0.6639783,0.557075,0.3236384,
1,11,32.485,0.1409357,1.220977,-0.6725323,0.3798521,-0.6639479,0.5570236,0.3234351,
1,11,32.487,0.1409357,1.220977,-0.6725323,0.3798521,-0.6639479,0.5570236,0.3234351,
1,11,32.489,0.1409357,1.220977,-0.6725323,0.3798521,-0.6639479,0.5570236,0.3234351,
1,11,32.491,0.1409357,1.220977,-0.6725323,0.3798521,-0.6639479,0.5570236,0.3234351,
1,11,32.493,0.141154,1.220691,-0.6725948,0.3801202,-0.6638966,0.5570487,0.3231819,
1,11,32.495,0.141154,1.220691,-0.6725948,0.3801202,-0.6638966,0.5570487,0.3231819,
1,11,32.497,0.141154,1.220691,-0.6725948,0.3801202,-0.6638966,0.5570487,0.3231819,
1,11,32.499,0.141154,1.220691,-0.6725948,0.3801202,-0.6638966,0.5570487,0.3231819,
1,11,32.501,0.1414106,1.220185,-0.6728133,0.3804532,-0.6638894,0.5569437,0.3229861,
1,11,32.503,0.1414106,1.220185,-0.6728133,0.3804532,-0.6638894,0.5569437,0.3229861,
1,11,32.505,0.1414106,1.220185,-0.6728133,0.3804532,-0.6638894,0.5569437,0.3229861,
1,11,32.507,0.1414106,1.220185,-0.6728133,0.3804532,-0.6638894,0.5569437,0.3229861,
1,11,32.509,0.1416039,1.219752,-0.6727734,0.3804547,-0.6637789,0.557102,0.3229384,
1,11,32.511,0.1416039,1.219752,-0.6727734,0.3804547,-0.6637789,0.557102,0.3229384,
1,11,32.513,0.1416039,1.219752,-0.6727734,0.3804547,-0.6637789,0.557102,0.3229384,
1,11,32.515,0.1416039,1.219752,-0.6727734,0.3804547,-0.6637789,0.557102,0.3229384,
1,11,32.517,0.1416039,1.219752,-0.6727734,0.3804547,-0.6637789,0.557102,0.3229384,
1,11,32.519,0.1417788,1.219601,-0.6726136,0.3802466,-0.6634219,0.5576304,0.3230055,
1,11,32.521,0.1417788,1.219601,-0.6726136,0.3802466,-0.6634219,0.5576304,0.3230055,
1,11,32.523,0.1417788,1.219601,-0.6726136,0.3802466,-0.6634219,0.5576304,0.3230055,
1,11,32.525,0.1417788,1.219601,-0.6726136,0.3802466,-0.6634219,0.5576304,0.3230055,
1,11,32.527,0.1419234,1.219581,-0.6723847,0.3799441,-0.6629045,0.5583497,0.3231807,
1,11,32.529,0.1419234,1.219581,-0.6723847,0.3799441,-0.6629045,0.5583497,0.3231807,
1,11,32.531,0.1419234,1.219581,-0.6723847,0.3799441,-0.6629045,0.5583497,0.3231807,
1,11,32.533,0.1419234,1.219581,-0.6723847,0.3799441,-0.6629045,0.5583497,0.3231807,
1,11,32.535,0.1421236,1.219417,-0.6722094,0.3797917,-0.6625241,0.5588773,0.3232278,
1,11,32.537,0.1421236,1.219417,-0.6722094,0.3797917,-0.6625241,0.5588773,0.3232278,
1,11,32.539,0.1421236,1.219417,-0.6722094,0.3797917,-0.6625241,0.5588773,0.3232278,
1,11,32.541,0.1421236,1.219417,-0.6722094,0.3797917,-0.6625241,0.5588773,0.3232278,
1,11,32.543,0.1423224,1.219142,-0.6720643,0.3797731,-0.66229,0.5592396,0.323103,
1,11,32.545,0.1423224,1.219142,-0.6720643,0.3797731,-0.66229,0.5592396,0.323103,
1,11,32.547,0.1423224,1.219142,-0.6720643,0.3797731,-0.66229,0.5592396,0.323103,
1,11,32.549,0.1423224,1.219142,-0.6720643,0.3797731,-0.66229,0.5592396,0.323103,
1,11,32.551,0.1425053,1.218764,-0.6718569,0.3797635,-0.6621042,0.559554,0.3229503,
1,11,32.553,0.1425053,1.218764,-0.6718569,0.3797635,-0.6621042,0.559554,0.3229503,
1,11,32.555,0.1425053,1.218764,-0.6718569,0.3797635,-0.6621042,0.559554,0.3229503,
1,11,32.557,0.1425053,1.218764,-0.6718569,0.3797635,-0.6621042,0.559554,0.3229503,
1,11,32.559,0.1426385,1.218139,-0.6716628,0.3797369,-0.6621089,0.5596606,0.3227875,
1,11,32.561,0.1426385,1.218139,-0.6716628,0.3797369,-0.6621089,0.5596606,0.3227875,
1,11,32.563,0.1426385,1.218139,-0.6716628,0.3797369,-0.6621089,0.5596606,0.3227875,
1,11,32.565,0.1426385,1.218139,-0.6716628,0.3797369,-0.6621089,0.5596606,0.3227875,
1,11,32.567,0.1426385,1.218139,-0.6716628,0.3797369,-0.6621089,0.5596606,0.3227875,
1,11,32.569,0.142797,1.217565,-0.6715261,0.3798418,-0.6620562,0.5597183,0.322672,
1,11,32.571,0.142797,1.217565,-0.6715261,0.3798418,-0.6620562,0.5597183,0.322672,
1,11,32.573,0.142797,1.217565,-0.6715261,0.3798418,-0.6620562,0.5597183,0.322672,
1,11,32.575,0.142797,1.217565,-0.6715261,0.3798418,-0.6620562,0.5597183,0.322672,
1,11,32.577,0.1429649,1.216806,-0.6713586,0.3799897,-0.6620911,0.55964,0.3225623,
1,11,32.579,0.1429649,1.216806,-0.6713586,0.3799897,-0.6620911,0.55964,0.3225623,
1,11,32.581,0.1429649,1.216806,-0.6713586,0.3799897,-0.6620911,0.55964,0.3225623,
1,11,32.583,0.1429649,1.216806,-0.6713586,0.3799897,-0.6620911,0.55964,0.3225623,
1,11,32.585,0.14311,1.216179,-0.6711441,0.3802214,-0.6620536,0.5596068,0.3224238,
1,11,32.587,0.14311,1.216179,-0.6711441,0.3802214,-0.6620536,0.5596068,0.3224238,
1,11,32.589,0.14311,1.216179,-0.6711441,0.3802214,-0.6620536,0.5596068,0.3224238,
1,11,32.591,0.14311,1.216179,-0.6711441,0.3802214,-0.6620536,0.5596068,0.3224238,
1,11,32.593,0.1431548,1.215981,-0.6710401,0.3803933,-0.6616501,0.5599017,0.3225371,
1,11,32.595,0.1431548,1.215981,-0.6710401,0.3803933,-0.6616501,0.5599017,0.3225371,
1,11,32.597,0.1431548,1.215981,-0.6710401,0.3803933,-0.6616501,0.5599017,0.3225371,
1,11,32.599,0.1431548,1.215981,-0.6710401,0.3803933,-0.6616501,0.5599017,0.3225371,
1,11,32.601,0.1433111,1.215772,-0.6709545,0.3807518,-0.6612363,0.5600721,0.3226669,
1,11,32.603,0.1433111,1.215772,-0.6709545,0.3807518,-0.6612363,0.5600721,0.3226669,
1,11,32.605,0.1433111,1.215772,-0.6709545,0.3807518,-0.6612363,0.5600721,0.3226669,
1,11,32.607,0.1433111,1.215772,-0.6709545,0.3807518,-0.6612363,0.5600721,0.3226669,
1,11,32.609,0.1435541,1.21557,-0.6708932,0.381322,-0.6608996,0.5600808,0.3226681,
1,11,32.611,0.1435541,1.21557,-0.6708932,0.381322,-0.6608996,0.5600808,0.3226681,
1,11,32.613,0.1435541,1.21557,-0.6708932,0.381322,-0.6608996,0.5600808,0.3226681,
1,11,32.615,0.1435541,1.21557,-0.6708932,0.381322,-0.6608996,0.5600808,0.3226681,
1,11,32.617,0.1435541,1.21557,-0.6708932,0.381322,-0.6608996,0.5600808,0.3226681,
1,11,32.619,0.1436323,1.215296,-0.6707076,0.38172,-0.6606818,0.5600738,0.3226559,
1,11,32.621,0.1436323,1.215296,-0.6707076,0.38172,-0.6606818,0.5600738,0.3226559,
1,11,32.623,0.1436323,1.215296,-0.6707076,0.38172,-0.6606818,0.5600738,0.3226559,
1,11,32.625,0.1436323,1.215296,-0.6707076,0.38172,-0.6606818,0.5600738,0.3226559,
1,11,32.627,0.143697,1.215081,-0.670543,0.3820719,-0.6603975,0.5600845,0.3228026,
1,11,32.629,0.143697,1.215081,-0.670543,0.3820719,-0.6603975,0.5600845,0.3228026,
1,11,32.631,0.143697,1.215081,-0.670543,0.3820719,-0.6603975,0.5600845,0.3228026,
1,11,32.633,0.143697,1.215081,-0.670543,0.3820719,-0.6603975,0.5600845,0.3228026,
1,11,32.635,0.1436742,1.214846,-0.6703436,0.3823866,-0.6601858,0.5600309,0.3229563,
1,11,32.637,0.1436742,1.214846,-0.6703436,0.3823866,-0.6601858,0.5600309,0.3229563,
1,11,32.639,0.1436742,1.214846,-0.6703436,0.3823866,-0.6601858,0.5600309,0.3229563,
1,11,32.641,0.1436742,1.214846,-0.6703436,0.3823866,-0.6601858,0.5600309,0.3229563,
1,11,32.643,0.1436424,1.214323,-0.6701871,0.3827932,-0.6601558,0.559691,0.3231249,
1,11,32.645,0.1436424,1.214323,-0.6701871,0.3827932,-0.6601558,0.559691,0.3231249,
1,11,32.647,0.1436424,1.214323,-0.6701871,0.3827932,-0.6601558,0.559691,0.3231249,
1,11,32.649,0.1436424,1.214323,-0.6701871,0.3827932,-0.6601558,0.559691,0.3231249,
1,11,32.651,0.1436839,1.21391,-0.6701394,0.3831416,-0.659963,0.559432,0.3235542,
1,11,32.653,0.1436839,1.21391,-0.6701394,0.3831416,-0.659963,0.559432,0.3235542,
1,11,32.655,0.1436839,1.21391,-0.6701394,0.3831416,-0.659963,0.559432,0.3235542,
1,11,32.657,0.1436839,1.21391,-0.6701394,0.3831416,-0.659963,0.559432,0.3235542,
1,11,32.659,0.1437534,1.21358,-0.6701247,0.3834589,-0.6597061,0.5592102,0.3240851,
1,11,32.661,0.1437534,1.21358,-0.6701247,0.3834589,-0.6597061,0.5592102,0.3240851,
1,11,32.663,0.1437534,1.21358,-0.6701247,0.3834589,-0.6597061,0.5592102,0.3240851,
1,11,32.665,0.1437534,1.21358,-0.6701247,0.3834589,-0.6597061,0.5592102,0.3240851,
1,11,32.667,0.1437534,1.21358,-0.6701247,0.3834589,-0.6597061,0.5592102,0.3240851,
1,11,32.669,0.1438341,1.213253,-0.6702024,0.383917,-0.6593642,0.558938,0.3247077,
1,11,32.671,0.1438341,1.213253,-0.6702024,0.383917,-0.6593642,0.558938,0.3247077,
1,11,32.673,0.1438341,1.213253,-0.6702024,0.383917,-0.6593642,0.558938,0.3247077,
1,11,32.675,0.1438341,1.213253,-0.6702024,0.383917,-0.6593642,0.558938,0.3247077,
1,11,32.677,0.1438586,1.212984,-0.6702303,0.3842728,-0.6590113,0.5587158,0.3253848,
1,11,32.679,0.1438586,1.212984,-0.6702303,0.3842728,-0.6590113,0.5587158,0.3253848,
1,11,32.681,0.1438586,1.212984,-0.6702303,0.3842728,-0.6590113,0.5587158,0.3253848,
1,11,32.683,0.1438586,1.212984,-0.6702303,0.3842728,-0.6590113,0.5587158,0.3253848,
1,11,32.685,0.1438178,1.212899,-0.6700542,0.3847934,-0.6587356,0.5584947,0.325707,
1,11,32.687,0.1438178,1.212899,-0.6700542,0.3847934,-0.6587356,0.5584947,0.325707,
1,11,32.689,0.1438178,1.212899,-0.6700542,0.3847934,-0.6587356,0.5584947,0.325707,
1,11,32.691,0.1438178,1.212899,-0.6700542,0.3847934,-0.6587356,0.5584947,0.325707,
1,11,32.693,0.1438354,1.212816,-0.6701638,0.3855731,-0.6584725,0.5580993,0.3259947,
1,11,32.695,0.1438354,1.212816,-0.6701638,0.3855731,-0.6584725,0.5580993,0.3259947,
1,11,32.697,0.1438354,1.212816,-0.6701638,0.3855731,-0.6584725,0.5580993,0.3259947,
1,11,32.699,0.1438354,1.212816,-0.6701638,0.3855731,-0.6584725,0.5580993,0.3259947,
1,11,32.701,0.1438225,1.212664,-0.6702229,0.3864134,-0.6583462,0.5575839,0.3261366,
1,11,32.703,0.1438225,1.212664,-0.6702229,0.3864134,-0.6583462,0.5575839,0.3261366,
1,11,32.705,0.1438225,1.212664,-0.6702229,0.3864134,-0.6583462,0.5575839,0.3261366,
1,11,32.707,0.1438225,1.212664,-0.6702229,0.3864134,-0.6583462,0.5575839,0.3261366,
1,11,32.709,0.1438013,1.212392,-0.6702529,0.387411,-0.6583812,0.5568815,0.3260825,
1,11,32.711,0.1438013,1.212392,-0.6702529,0.387411,-0.6583812,0.5568815,0.3260825,
1,11,32.713,0.1438013,1.212392,-0.6702529,0.387411,-0.6583812,0.5568815,0.3260825,
1,11,32.715,0.1438013,1.212392,-0.6702529,0.387411,-0.6583812,0.5568815,0.3260825,
1,11,32.717,0.1438013,1.212392,-0.6702529,0.387411,-0.6583812,0.5568815,0.3260825,
1,11,32.719,0.1437813,1.212057,-0.6702662,0.3884484,-0.658507,0.556103,0.3259233,
1,11,32.721,0.1437813,1.212057,-0.6702662,0.3884484,-0.658507,0.556103,0.3259233,
1,11,32.723,0.1437813,1.212057,-0.6702662,0.3884484,-0.658507,0.556103,0.3259233,
1,11,32.725,0.1437813,1.212057,-0.6702662,0.3884484,-0.658507,0.556103,0.3259233,
1,11,32.727,0.1437172,1.211755,-0.6703358,0.3893474,-0.6585583,0.5554213,0.3259091,
1,11,32.729,0.1437172,1.211755,-0.6703358,0.3893474,-0.6585583,0.5554213,0.3259091,
1,11,32.731,0.1437172,1.211755,-0.6703358,0.3893474,-0.6585583,0.5554213,0.3259091,
1,11,32.733,0.1437172,1.211755,-0.6703358,0.3893474,-0.6585583,0.5554213,0.3259091,
1,11,32.735,0.1437099,1.211199,-0.670524,0.390075,-0.6586004,0.554711,0.3261638,
1,11,32.737,0.1437099,1.211199,-0.670524,0.390075,-0.6586004,0.554711,0.3261638,
1,11,32.739,0.1437099,1.211199,-0.670524,0.390075,-0.6586004,0.554711,0.3261638,
1,11,32.741,0.1437099,1.211199,-0.670524,0.390075,-0.6586004,0.554711,0.3261638,
1,11,32.743,0.1437041,1.210939,-0.6705195,0.3906774,-0.6585094,0.5542654,0.3263841,
1,11,32.745,0.1437041,1.210939,-0.6705195,0.3906774,-0.6585094,0.5542654,0.3263841,
1,11,32.747,0.1437041,1.210939,-0.6705195,0.3906774,-0.6585094,0.5542654,0.3263841,
1,11,32.749,0.1437041,1.210939,-0.6705195,0.3906774,-0.6585094,0.5542654,0.3263841,
1,11,32.751,0.1435981,1.210882,-0.6702477,0.3909239,-0.6582749,0.5542056,0.3266632,
1,11,32.753,0.1435981,1.210882,-0.6702477,0.3909239,-0.6582749,0.5542056,0.3266632,
1,11,32.755,0.1435981,1.210882,-0.6702477,0.3909239,-0.6582749,0.5542056,0.3266632,CourtEnter
1,11,32.757,0.1435981,1.210882,-0.6702477,0.3909239,-0.6582749,0.5542056,0.3266632,
1,11,32.759,0.1434701,1.210933,-0.6699471,0.3908379,-0.6579126,0.554408,0.3271524,
1,11,32.761,0.1434701,1.210933,-0.6699471,0.3908379,-0.6579126,0.554408,0.3271524,
1,11,32.763,0.1434701,1.210933,-0.6699471,0.3908379,-0.6579126,0.554408,0.3271524,
1,11,32.765,0.1434701,1.210933,-0.6699471,0.3908379,-0.6579126,0.554408,0.3271524,
1,11,32.767,0.1434701,1.210933,-0.6699471,0.3908379,-0.6579126,0.554408,0.3271524,CourtExit
1,11,32.769,0.143422,1.210777,-0.6698602,0.3902707,-0.6571345,0.5548418,0.3286545,
1,11,32.771,0.143422,1.210777,-0.6698602,0.3902707,-0.6571345,0.5548418,0.3286545,
1,11,32.773,0.143422,1.210777,-0.6698602,0.3902707,-0.6571345,0.5548418,0.3286545,
1,11,32.775,0.143422,1.210777,-0.6698602,0.3902707,-0.6571345,0.5548418,0.3286545,
1,11,32.777,0.1433973,1.210481,-0.6698432,0.389879,-0.6567125,0.5550608,0.3295918,
1,11,32.779,0.1433973,1.210481,-0.6698432,0.389879,-0.6567125,0.5550608,0.3295918,
1,11,32.781,0.1433973,1.210481,-0.6698432,0.389879,-0.6567125,0.5550608,0.3295918,
1,11,32.783,0.1433973,1.210481,-0.6698432,0.389879,-0.6567125,0.5550608,0.3295918,
1,11,32.785,0.1433735,1.210207,-0.6697462,0.3895425,-0.6563942,0.555266,0.3302773,
1,11,32.787,0.1433735,1.210207,-0.6697462,0.3895425,-0.6563942,0.555266,0.3302773,
1,11,32.789,0.1433735,1.210207,-0.6697462,0.3895425,-0.6563942,0.555266,0.3302773,
1,11,32.791,0.1433735,1.210207,-0.6697462,0.3895425,-0.6563942,0.555266,0.3302773,
1,11,32.793,0.1434332,1.210012,-0.6697726,0.3892052,-0.6559861,0.5555865,0.330946,
1,11,32.795,0.1434332,1.210012,-0.6697726,0.3892052,-0.6559861,0.5555865,0.330946,
1,11,32.797,0.1434332,1.210012,-0.6697726,0.3892052,-0.6559861,0.5555865,0.330946,
1,11,32.799,0.1434332,1.210012,-0.6697726,0.3892052,-0.6559861,0.5555865,0.330946,
1,11,32.801,0.1434685,1.209937,-0.6697315,0.388804,-0.6556004,0.5560188,0.3314555,
1,11,32.803,0.1434685,1.209937,-0.6697315,0.388804,-0.6556004,0.5560188,0.3314555,
1,11,32.805,0.1434685,1.209937,-0.6697315,0.388804,-0.6556004,0.5560188,0.3314555,
1,11,32.807,0.1434685,1.209937,-0.6697315,0.388804,-0.6556004,0.5560188,0.3314555,
1,11,32.809,0.1435121,1.209762,-0.6696332,0.3883786,-0.6553827,0.55639,0.3317617,
1,11,32.811,0.1435121,1.209762,-0.6696332,0.3883786,-0.6553827,0.55639,0.3317617,
1,11,32.813,0.1435121,1.209762,-0.6696332,0.3883786,-0.6553827,0.55639,0.3317617,
1,11,32.815,0.1435121,1.209762,-0.6696332,0.3883786,-0.6553827,0.55639,0.3317617,
1,11,32.817,0.1435121,1.209762,-0.6696332,0.3883786,-0.6553827,0.55639,0.3317617,
1,11,32.819,0.1436048,1.209606,-0.6695846,0.3881125,-0.6552674,0.5566755,0.3318219,
1,11,32.821,0.1436048,1.209606,-0.6695846,0.3881125,-0.6552674,0.5566755,0.3318219,
1,11,32.823,0.1436048,1.209606,-0.6695846,0.3881125,-0.6552674,0.5566755,0.3318219,
1,11,32.825,0.1436048,1.209606,-0.6695846,0.3881125,-0.6552674,0.5566755,0.3318219,
1,11,32.827,0.1437095,1.209409,-0.6696011,0.3878832,-0.6552514,0.5569029,0.3317398,
1,11,32.829,0.1437095,1.209409,-0.6696011,0.3878832,-0.6552514,0.5569029,0.3317398,
1,11,32.831,0.1437095,1.209409,-0.6696011,0.3878832,-0.6552514,0.5569029,0.3317398,
1,11,32.833,0.1437095,1.209409,-0.6696011,0.3878832,-0.6552514,0.5569029,0.3317398,
1,11,32.835,0.1437701,1.209227,-0.6695644,0.3875797,-0.6553395,0.5571775,0.3314595,
1,11,32.837,0.1437701,1.209227,-0.6695644,0.3875797,-0.6553395,0.5571775,0.3314595,
1,11,32.839,0.1437701,1.209227,-0.6695644,0.3875797,-0.6553395,0.5571775,0.3314595,
1,11,32.841,0.1437701,1.209227,-0.6695644,0.3875797,-0.6553395,0.5571775,0.3314595,
1,11,32.843,0.1437165,1.208902,-0.6692885,0.38671,-0.6554539,0.5578734,0.3310784,
1,11,32.845,0.1437165,1.208902,-0.6692885,0.38671,-0.6554539,0.5578734,0.3310784,
1,11,32.847,0.1437165,1.208902,-0.6692885,0.38671,-0.6554539,0.5578734,0.3310784,
1,11,32.849,0.1437165,1.208902,-0.6692885,0.38671,-0.6554539,0.5578734,0.3310784,
1,11,32.851,0.1437456,1.208482,-0.6692271,0.3859409,-0.6555634,0.5582788,0.3310758,
1,11,32.853,0.1437456,1.208482,-0.6692271,0.3859409,-0.6555634,0.5582788,0.3310758,
1,11,32.855,0.1437456,1.208482,-0.6692271,0.3859409,-0.6555634,0.5582788,0.3310758,
1,11,32.857,0.1437456,1.208482,-0.6692271,0.3859409,-0.6555634,0.5582788,0.3310758,
1,11,32.859,0.143733,1.208314,-0.6690836,0.3850514,-0.6555732,0.5588921,0.3310575,
1,11,32.861,0.143733,1.208314,-0.6690836,0.3850514,-0.6555732,0.5588921,0.3310575,
1,11,32.863,0.143733,1.208314,-0.6690836,0.3850514,-0.6555732,0.5588921,0.3310575,
1,11,32.865,0.143733,1.208314,-0.6690836,0.3850514,-0.6555732,0.5588921,0.3310575,
1,11,32.867,0.143733,1.208314,-0.6690836,0.3850514,-0.6555732,0.5588921,0.3310575,
1,11,32.869,0.1436935,1.208282,-0.6688542,0.384097,-0.6555709,0.559612,0.3309542,
1,11,32.871,0.1436935,1.208282,-0.6688542,0.384097,-0.6555709,0.559612,0.3309542,
1,11,32.873,0.1436935,1.208282,-0.6688542,0.384097,-0.6555709,0.559612,0.3309542,
1,11,32.875,0.1436935,1.208282,-0.6688542,0.384097,-0.6555709,0.559612,0.3309542,
1,11,32.877,0.143901,1.207938,-0.6689757,0.3833082,-0.6556982,0.5599965,0.3309664,
1,11,32.879,0.143901,1.207938,-0.6689757,0.3833082,-0.6556982,0.5599965,0.3309664,
1,11,32.881,0.143901,1.207938,-0.6689757,0.3833082,-0.6556982,0.5599965,0.3309664,
1,11,32.883,0.143901,1.207938,-0.6689757,0.3833082,-0.6556982,0.5599965,0.3309664,
1,11,32.885,0.144085,1.207699,-0.6691004,0.3824202,-0.6557252,0.5605035,0.3310815,
1,11,32.887,0.144085,1.207699,-0.6691004,0.3824202,-0.6557252,0.5605035,0.3310815,
1,11,32.889,0.144085,1.207699,-0.6691004,0.3824202,-0.6557252,0.5605035,0.3310815,
1,11,32.891,0.144085,1.207699,-0.6691004,0.3824202,-0.6557252,0.5605035,0.3310815,
1,11,32.893,0.1442482,1.207775,-0.6692521,0.3815044,-0.6555922,0.5612058,0.3312119,
1,11,32.895,0.1442482,1.207775,-0.6692521,0.3815044,-0.6555922,0.5612058,0.3312119,
1,11,32.897,0.1442482,1.207775,-0.6692521,0.3815044,-0.6555922,0.5612058,0.3312119,
1,11,32.899,0.1442482,1.207775,-0.6692521,0.3815044,-0.6555922,0.5612058,0.3312119,
1,11,32.901,0.1443114,1.207862,-0.6692038,0.3803821,-0.6555406,0.5619745,0.3313017,
1,11,32.903,0.1443114,1.207862,-0.6692038,0.3803821,-0.6555406,0.5619745,0.3313017,
1,11,32.905,0.1443114,1.207862,-0.6692038,0.3803821,-0.6555406,0.5619745,0.3313017,
1,11,32.907,0.1443114,1.207862,-0.6692038,0.3803821,-0.6555406,0.5619745,0.3313017,
1,11,32.909,0.1443766,1.207908,-0.6692483,0.379223,-0.6555555,0.56267,0.3314204,
1,11,32.911,0.1443766,1.207908,-0.6692483,0.379223,-0.6555555,0.56267,0.3314204,
1,11,32.913,0.1443766,1.207908,-0.6692483,0.379223,-0.6555555,0.56267,0.3314204,
1,11,32.915,0.1443766,1.207908,-0.6692483,0.379223,-0.6555555,0.56267,0.3314204,
1,11,32.917,0.1443766,1.207908,-0.6692483,0.379223,-0.6555555,0.56267,0.3314204,
1,11,32.919,0.1444045,1.208187,-0.6689836,0.3773598,-0.6556018,0.5638792,0.3314005,
1,11,32.921,0.1444045,1.208187,-0.6689836,0.3773598,-0.6556018,0.5638792,0.3314005,
1,11,32.923,0.1444045,1.208187,-0.6689836,0.3773598,-0.6556018,0.5638792,0.3314005,
1,11,32.925,0.1444045,1.208187,-0.6689836,0.3773598,-0.6556018,0.5638792,0.3314005,
1,11,32.927,0.1445033,1.20827,-0.6690071,0.3763812,-0.6558341,0.564354,0.3312452,
1,11,32.929,0.1445033,1.20827,-0.6690071,0.3763812,-0.6558341,0.564354,0.3312452,
1,11,32.931,0.1445033,1.20827,-0.6690071,0.3763812,-0.6558341,0.564354,0.3312452,
1,11,32.933,0.1445033,1.20827,-0.6690071,0.3763812,-0.6558341,0.564354,0.3312452,
1,11,32.935,0.144567,1.208248,-0.6690142,0.3753622,-0.6562552,0.5646954,0.3309853,
1,11,32.937,0.144567,1.208248,-0.6690142,0.3753622,-0.6562552,0.5646954,0.3309853,
1,11,32.939,0.144567,1.208248,-0.6690142,0.3753622,-0.6562552,0.5646954,0.3309853,
1,11,32.941,0.144567,1.208248,-0.6690142,0.3753622,-0.6562552,0.5646954,0.3309853,
1,11,32.943,0.1445961,1.208135,-0.6689951,0.3743347,-0.6567653,0.5649267,0.3307427,
1,11,32.945,0.1445961,1.208135,-0.6689951,0.3743347,-0.6567653,0.5649267,0.3307427,
1,11,32.947,0.1445961,1.208135,-0.6689951,0.3743347,-0.6567653,0.5649267,0.3307427,
1,11,32.949,0.1445961,1.208135,-0.6689951,0.3743347,-0.6567653,0.5649267,0.3307427,
1,11,32.951,0.144697,1.20793,-0.6691411,0.3731974,-0.6572463,0.565074,0.3308211,
1,11,32.953,0.144697,1.20793,-0.6691411,0.3731974,-0.6572463,0.565074,0.3308211,
1,11,32.955,0.144697,1.20793,-0.6691411,0.3731974,-0.6572463,0.565074,0.3308211,
1,11,32.957,0.144697,1.20793,-0.6691411,0.3731974,-0.6572463,0.565074,0.3308211,
1,11,32.959,0.1447211,1.208025,-0.6691262,0.3717659,-0.6575089,0.565539,0.3311161,
1,11,32.961,0.1447211,1.208025,-0.6691262,0.3717659,-0.6575089,0.565539,0.3311161,
1,11,32.963,0.1447211,1.208025,-0.6691262,0.3717659,-0.6575089,0.565539,0.3311161,
1,11,32.965,0.1447211,1.208025,-0.6691262,0.3717659,-0.6575089,0.565539,0.3311161,
1,11,32.967,0.1447211,1.208025,-0.6691262,0.3717659,-0.6575089,0.565539,0.3311161,
1,11,32.969,0.1446837,1.208124,-0.6689932,0.3700754,-0.6577615,0.5661004,0.3315486,
1,11,32.971,0.1446837,1.208124,-0.6689932,0.3700754,-0.6577615,0.5661004,0.3315486,
1,11,32.973,0.1446837,1.208124,-0.6689932,0.3700754,-0.6577615,0.5661004,0.3315486,
1,11,32.975,0.1446837,1.208124,-0.6689932,0.3700754,-0.6577615,0.5661004,0.3315486,
1,11,32.977,0.1446494,1.208216,-0.6689075,0.3683959,-0.6579469,0.5666947,0.3320354,
1,11,32.979,0.1446494,1.208216,-0.6689075,0.3683959,-0.6579469,0.5666947,0.3320354,
1,11,32.981,0.1446494,1.208216,-0.6689075,0.3683959,-0.6579469,0.5666947,0.3320354,
1,11,32.983,0.1446494,1.208216,-0.6689075,0.3683959,-0.6579469,0.5666947,0.3320354,
1,11,32.985,0.1448523,1.207996,-0.6691426,0.3675584,-0.6584818,0.5665956,0.3320725,
1,11,32.987,0.1448523,1.207996,-0.6691426,0.3675584,-0.6584818,0.5665956,0.3320725,
1,11,32.989,0.1448523,1.207996,-0.6691426,0.3675584,-0.6584818,0.5665956,0.3320725,
1,11,32.991,0.1448523,1.207996,-0.6691426,0.3675584,-0.6584818,0.5665956,0.3320725,
1,11,32.993,0.1450345,1.207908,-0.6692938,0.3667811,-0.6589276,0.5665018,0.3322077,
1,11,32.995,0.1450345,1.207908,-0.6692938,0.3667811,-0.6589276,0.5665018,0.3322077,
1,11,32.997,0.1450345,1.207908,-0.6692938,0.3667811,-0.6589276,0.5665018,0.3322077,
1,11,32.999,0.1450345,1.207908,-0.6692938,0.3667811,-0.6589276,0.5665018,0.3322077,
1,12,33.001,0.1451942,1.207872,-0.6693963,0.3659751,-0.6594282,0.5664111,0.3322575,CourtExit
1,12,33.003,0.1451942,1.207872,-0.6693963,0.3659751,-0.6594282,0.5664111,0.3322575,
1,12,33.005,0.1451942,1.207872,-0.6693963,0.3659751,-0.6594282,0.5664111,0.3322575,
1,12,33.007,0.1451942,1.207872,-0.6693963,0.3659751,-0.6594282,0.5664111,0.3322575,
1,12,33.009,0.1452561,1.207823,-0.6694402,0.3650545,-0.659934,0.566332,0.332401,
1,12,33.011,0.1452561,1.207823,-0.6694402,0.3650545,-0.659934,0.566332,0.332401,
1,12,33.013,0.1452561,1.207823,-0.6694402,0.3650545,-0.659934,0.566332,0.332401,
1,12,33.015,0.1452561,1.207823,-0.6694402,0.3650545,-0.659934,0.566332,0.332401,
1,12,33.017,0.1452561,1.207823,-0.6694402,0.3650545,-0.659934,0.566332,0.332401,
1,12,33.019,0.1452047,1.207766,-0.669497,0.3641834,-0.6604199,0.5662442,0.3325412,
1,12,33.021,0.1452047,1.207766,-0.669497,0.3641834,-0.6604199,0.5662442,0.3325412,
1,12,33.023,0.1452047,1.207766,-0.669497,0.3641834,-0.6604199,0.5662442,0.3325412,
1,12,33.025,0.1452047,1.207766,-0.669497,0.3641834,-0.6604199,0.5662442,0.3325412,
1,12,33.027,0.1452272,1.207734,-0.6696196,0.3636327,-0.6608347,0.5660899,0.3325825,
1,12,33.029,0.1452272,1.207734,-0.6696196,0.3636327,-0.6608347,0.5660899,0.3325825,
1,12,33.031,0.1452272,1.207734,-0.6696196,0.3636327,-0.6608347,0.5660899,0.3325825,
1,12,33.033,0.1452272,1.207734,-0.6696196,0.3636327,-0.6608347,0.5660899,0.3325825,
1,12,33.035,0.1453382,1.207712,-0.6698002,0.3632611,-0.6611554,0.5659385,0.3326088,
1,12,33.037,0.1453382,1.207712,-0.6698002,0.3632611,-0.6611554,0.5659385,0.3326088,
1,12,33.039,0.1453382,1.207712,-0.6698002,0.3632611,-0.6611554,0.5659385,0.3326088,
1,12,33.041,0.1453382,1.207712,-0.6698002,0.3632611,-0.6611554,0.5659385,0.3326088,
1,12,33.043,0.1454627,1.207688,-0.6700584,0.3631174,-0.6614093,0.5657416,0.332596,
1,12,33.045,0.1454627,1.207688,-0.6700584,0.3631174,-0.6614093,0.5657416,0.332596,
1,12,33.047,0.1454627,1.207688,-0.6700584,0.3631174,-0.6614093,0.5657416,0.332596,
1,12,33.049,0.1454627,1.207688,-0.6700584,0.3631174,-0.6614093,0.5657416,0.332596,
1,12,33.051,0.1455854,1.207661,-0.6703575,0.3631238,-0.6615658,0.5655417,0.3326176,
1,12,33.053,0.1455854,1.207661,-0.6703575,0.3631238,-0.6615658,0.5655417,0.3326176,
1,12,33.055,0.1455854,1.207661,-0.6703575,0.3631238,-0.6615658,0.5655417,0.3326176,
1,12,33.057,0.1455854,1.207661,-0.6703575,0.3631238,-0.6615658,0.5655417,0.3326176,
1,12,33.059,0.1457155,1.207599,-0.6706741,0.3632631,-0.6617423,0.5652745,0.3325686,
1,12,33.061,0.1457155,1.207599,-0.6706741,0.3632631,-0.6617423,0.5652745,0.3325686,
1,12,33.063,0.1457155,1.207599,-0.6706741,0.3632631,-0.6617423,0.5652745,0.3325686,
1,12,33.065,0.1457155,1.207599,-0.6706741,0.3632631,-0.6617423,0.5652745,0.3325686,
1,12,33.067,0.1457155,1.207599,-0.6706741,0.3632631,-0.6617423,0.5652745,0.3325686,
1,12,33.069,0.1458603,1.207654,-0.6710521,0.3637365,-0.6619143,0.5649241,0.3323041,
1,12,33.071,0.1458603,1.207654,-0.6710521,0.3637365,-0.6619143,0.5649241,0.3323041,
1,12,33.073,0.1458603,1.207654,-0.6710521,0.3637365,-0.6619143,0.5649241,0.3323041,
1,12,33.075,0.1458603,1.207654,-0.6710521,0.3637365,-0.6619143,0.5649241,0.3323041,
1,12,33.077,0.1459883,1.207644,-0.6713423,0.3642695,-0.6620482,0.564589,0.3320231,
1,12,33.079,0.1459883,1.207644,-0.6713423,0.3642695,-0.6620482,0.564589,0.3320231,
1,12,33.081,0.1459883,1.207644,-0.6713423,0.3642695,-0.6620482,0.564589,0.3320231,
1,12,33.083,0.1459883,1.207644,-0.6713423,0.3642695,-0.6620482,0.564589,0.3320231,
1,12,33.085,0.1460791,1.207664,-0.6715841,0.3648881,-0.6621696,0.5642622,0.331657,
1,12,33.087,0.1460791,1.207664,-0.6715841,0.3648881,-0.6621696,0.5642622,0.331657,
1,12,33.089,0.1460791,1.207664,-0.6715841,0.3648881,-0.6621696,0.5642622,0.331657,
1,12,33.091,0.1460791,1.207664,-0.6715841,0.3648881,-0.6621696,0.5642622,0.331657,
1,12,33.093,0.1461468,1.207617,-0.6718585,0.3654884,-0.6622708,0.5639201,0.3313756,
1,12,33.095,0.1461468,1.207617,-0.6718585,0.3654884,-0.6622708,0.5639201,0.3313756,
1,12,33.097,0.1461468,1.207617,-0.6718585,0.3654884,-0.6622708,0.5639201,0.3313756,
1,12,33.099,0.1461468,1.207617,-0.6718585,0.3654884,-0.6622708,0.5639201,0.3313756,
1,12,33.101,0.1461579,1.207536,-0.6720341,0.365889,-0.6622676,0.5637428,0.3312418,
1,12,33.103,0.1461579,1.207536,-0.6720341,0.365889,-0.6622676,0.5637428,0.3312418,
1,12,33.105,0.1461579,1.207536,-0.6720341,0.365889,-0.6622676,0.5637428,0.3312418,
1,12,33.107,0.1461579,1.207536,-0.6720341,0.365889,-0.6622676,0.5637428,0.3312418,
1,12,33.109,0.1461594,1.207444,-0.6722373,0.3662572,-0.6621916,0.5636242,0.3311884,
1,12,33.111,0.1461594,1.207444,-0.6722373,0.3662572,-0.6621916,0.5636242,0.3311884,
1,12,33.113,0.1461594,1.207444,-0.6722373,0.3662572,-0.6621916,0.5636242,0.3311884,
1,12,33.115,0.1461594,1.207444,-0.6722373,0.3662572,-0.6621916,0.5636242,0.3311884,
1,12,33.117,0.1461594,1.207444,-0.6722373,0.3662572,-0.6621916,0.5636242,0.3311884,
1,12,33.119,0.1460828,1.207357,-0.6722476,0.3665709,-0.6621047,0.5635983,0.3310595,
1,12,33.121,0.1460828,1.207357,-0.6722476,0.3665709,-0.6621047,0.5635983,0.3310595,
1,12,33.123,0.1460828,1.207357,-0.6722476,0.3665709,-0.6621047,0.5635983,0.3310595,
1,12,33.125,0.1460828,1.207357,-0.6722476,0.3665709,-0.6621047,0.5635983,0.3310595,
1,12,33.127,0.1460375,1.207213,-0.6723199,0.3671135,-0.6620704,0.5634389,0.3307977,
1,12,33.129,0.1460375,1.207213,-0.6723199,0.3671135,-0.6620704,0.5634389,0.3307977,
1,12,33.131,0.1460375,1.207213,-0.6723199,0.3671135,-0.6620704,0.5634389,0.3307977,
1,12,33.133,0.1460375,1.207213,-0.6723199,0.3671135,-0.6620704,0.5634389,0.3307977,
1,12,33.135,0.1461651,1.206862,-0.6725389,0.3682785,-0.6623111,0.5628264,0.3300629,
1,12,33.137,0.1461651,1.206862,-0.6725389,0.3682785,-0.6623111,0.5628264,0.3300629,
1,12,33.139,0.1461651,1.206862,-0.6725389,0.3682785,-0.6623111,0.5628264,0.3300629,
1,12,33.141,0.1461651,1.206862,-0.6725389,0.3682785,-0.6623111,0.5628264,0.3300629,
1,12,33.143,0.146236,1.206261,-0.6729145,0.3701513,-0.6627924,0.56174,0.3288502,
1,12,33.145,0.146236,1.206261,-0.6729145,0.3701513,-0.6627924,0.56174,0.3288502,
1,12,33.147,0.146236,1.206261,-0.6729145,0.3701513,-0.6627924,0.56174,0.3288502,
1,12,33.149,0.146236,1.206261,-0.6729145,0.3701513,-0.6627924,0.56174,0.3288502,
1,12,33.151,0.1461549,1.206095,-0.6729106,0.3708161,-0.6627505,0.5615372,0.3285319,
1,12,33.153,0.1461549,1.206095,-0.6729106,0.3708161,-0.6627505,0.5615372,0.3285319,
1,12,33.155,0.1461549,1.206095,-0.6729106,0.3708161,-0.6627505,0.5615372,0.3285319,
1,12,33.157,0.1461549,1.206095,-0.6729106,0.3708161,-0.6627505,0.5615372,0.3285319,
1,12,33.159,0.1461133,1.206165,-0.6728607,0.3711627,-0.6622971,0.5617507,0.32869,
1,12,33.161,0.1461133,1.206165,-0.6728607,0.3711627,-0.6622971,0.5617507,0.32869,
1,12,33.163,0.1461133,1.206165,-0.6728607,0.3711627,-0.6622971,0.5617507,0.32869,
1,12,33.165,0.1461133,1.206165,-0.6728607,0.3711627,-0.6622971,0.5617507,0.32869,
1,12,33.167,0.1461133,1.206165,-0.6728607,0.3711627,-0.6622971,0.5617507,0.32869,
1,12,33.169,0.1460322,1.206142,-0.672956,0.3715676,-0.6619064,0.5618332,0.3288783,
1,12,33.171,0.1460322,1.206142,-0.672956,0.3715676,-0.6619064,0.5618332,0.3288783,
1,12,33.173,0.1460322,1.206142,-0.672956,0.3715676,-0.6619064,0.5618332,0.3288783,
1,12,33.175,0.1460322,1.206142,-0.672956,0.3715676,-0.6619064,0.5618332,0.3288783,
1,12,33.177,0.1459967,1.205889,-0.6730813,0.3720265,-0.6616728,0.5617092,0.3290414,
1,12,33.179,0.1459967,1.205889,-0.6730813,0.3720265,-0.6616728,0.5617092,0.3290414,
1,12,33.181,0.1459967,1.205889,-0.6730813,0.3720265,-0.6616728,0.5617092,0.3290414,
1,12,33.183,0.1459967,1.205889,-0.6730813,0.3720265,-0.6616728,0.5617092,0.3290414,
1,12,33.185,0.1459453,1.205708,-0.6732163,0.3724889,-0.6614343,0.5616197,0.3291506,
1,12,33.187,0.1459453,1.205708,-0.6732163,0.3724889,-0.6614343,0.5616197,0.3291506,
1,12,33.189,0.1459453,1.205708,-0.6732163,0.3724889,-0.6614343,0.5616197,0.3291506,
1,12,33.191,0.1459453,1.205708,-0.6732163,0.3724889,-0.6614343,0.5616197,0.3291506,
1,12,33.193,0.1457845,1.20549,-0.673269,0.3728845,-0.6612893,0.5615253,0.3291549,
1,12,33.195,0.1457845,1.20549,-0.673269,0.3728845,-0.6612893,0.5615253,0.3291549,
1,12,33.197,0.1457845,1.20549,-0.673269,0.3728845,-0.6612893,0.5615253,0.3291549,
1,12,33.199,0.1457845,1.20549,-0.673269,0.3728845,-0.6612893,0.5615253,0.3291549,
1,12,33.201,0.1456686,1.205323,-0.6733448,0.3734649,-0.6611701,0.5613583,0.3290213,
1,12,33.203,0.1456686,1.205323,-0.6733448,0.3734649,-0.6611701,0.5613583,0.3290213,
1,12,33.205,0.1456686,1.205323,-0.6733448,0.3734649,-0.6611701,0.5613583,0.3290213,
1,12,33.207,0.1456686,1.205323,-0.6733448,0.3734649,-0.6611701,0.5613583,0.3290213,
1,12,33.209,0.1455827,1.204986,-0.6735187,0.3741808,-0.6611874,0.5609547,0.3288614,
1,12,33.211,0.1455827,1.204986,-0.6735187,0.3741808,-0.6611874,0.5609547,0.3288614,
1,12,33.213,0.1455827,1.204986,-0.6735187,0.3741808,-0.6611874,0.5609547,0.3288614,
1,12,33.215,0.1455827,1.204986,-0.6735187,0.3741808,-0.6611874,0.5609547,0.3288614,
1,12,33.217,0.1455827,1.204986,-0.6735187,0.3741808,-0.6611874,0.5609547,0.3288614,
1,12,33.219,0.1454667,1.204739,-0.6737248,0.3750638,-0.6609755,0.5606614,0.3287818,
1,12,33.221,0.1454667,1.204739,-0.6737248,0.3750638,-0.6609755,0.5606614,0.3287818,
1,12,33.223,0.1454667,1.204739,-0.6737248,0.3750638,-0.6609755,0.5606614,0.3287818,
1,12,33.225,0.1454667,1.204739,-0.6737248,0.3750638,-0.6609755,0.5606614,0.3287818,
1,12,33.227,0.1454201,1.204641,-0.673861,0.3755278,-0.6607497,0.5605304,0.3289293,
1,12,33.229,0.1454201,1.204641,-0.673861,0.3755278,-0.6607497,0.5605304,0.3289293,
1,12,33.231,0.1454201,1.204641,-0.673861,0.3755278,-0.6607497,0.5605304,0.3289293,
1,12,33.233,0.1454201,1.204641,-0.673861,0.3755278,-0.6607497,0.5605304,0.3289293,
1,12,33.235,0.1453644,1.20458,-0.6739708,0.3758518,-0.6605424,0.5604392,0.3291311,
1,12,33.237,0.1453644,1.20458,-0.6739708,0.3758518,-0.6605424,0.5604392,0.3291311,
1,12,33.239,0.1453644,1.20458,-0.6739708,0.3758518,-0.6605424,0.5604392,0.3291311,
1,12,33.241,0.1453644,1.20458,-0.6739708,0.3758518,-0.6605424,0.5604392,0.3291311,
1,12,33.243,0.1452013,1.204651,-0.6739439,0.3758889,-0.6602498,0.560554,0.3294799,
1,12,33.245,0.1452013,1.204651,-0.6739439,0.3758889,-0.6602498,0.560554,0.3294799,
1,12,33.247,0.1452013,1.204651,-0.6739439,0.3758889,-0.6602498,0.560554,0.3294799,
1,12,33.249,0.1452013,1.204651,-0.6739439,0.3758889,-0.6602498,0.560554,0.3294799,
1,12,33.251,0.1451069,1.20469,-0.6739618,0.3759563,-0.6599995,0.5606042,0.3298189,
1,12,33.253,0.1451069,1.20469,-0.6739618,0.3759563,-0.6599995,0.5606042,0.3298189,
1,12,33.255,0.1451069,1.20469,-0.6739618,0.3759563,-0.6599995,0.5606042,0.3298189,
1,12,33.257,0.1451069,1.20469,-0.6739618,0.3759563,-0.6599995,0.5606042,0.3298189,
1,12,33.259,0.1450348,1.204616,-0.6740552,0.3761666,-0.6599079,0.5604458,0.3300316,
1,12,33.261,0.1450348,1.204616,-0.6740552,0.3761666,-0.6599079,0.5604458,0.3300316,
1,12,33.263,0.1450348,1.204616,-0.6740552,0.3761666,-0.6599079,0.5604458,0.3300316,
1,12,33.265,0.1450348,1.204616,-0.6740552,0.3761666,-0.6599079,0.5604458,0.3300316,
1,12,33.267,0.1450348,1.204616,-0.6740552,0.3761666,-0.6599079,0.5604458,0.3300316,
1,12,33.269,0.1449617,1.204516,-0.6741398,0.3763383,-0.6598772,0.5602331,0.3302581,
1,12,33.271,0.1449617,1.204516,-0.6741398,0.3763383,-0.6598772,0.5602331,0.3302581,
1,12,33.273,0.1449617,1.204516,-0.6741398,0.3763383,-0.6598772,0.5602331,0.3302581,
1,12,33.275,0.1449617,1.204516,-0.6741398,0.3763383,-0.6598772,0.5602331,0.3302581,
1,12,33.277,0.1449092,1.204557,-0.6742489,0.3764271,-0.6597555,0.5601165,0.3305977,
1,12,33.279,0.1449092,1.204557,-0.6742489,0.3764271,-0.6597555,0.5601165,0.3305977,
1,12,33.281,0.1449092,1.204557,-0.6742489,0.3764271,-0.6597555,0.5601165,0.3305977,
1,12,33.283,0.1449092,1.204557,-0.6742489,0.3764271,-0.6597555,0.5601165,0.3305977,
1,12,33.285,0.1448237,1.204551,-0.6743779,0.3763906,-0.6596742,0.559976,0.3310395,
1,12,33.287,0.1448237,1.204551,-0.6743779,0.3763906,-0.6596742,0.559976,0.3310395,
1,12,33.289,0.1448237,1.204551,-0.6743779,0.3763906,-0.6596742,0.559976,0.3310395,
1,12,33.291,0.1448237,1.204551,-0.6743779,0.3763906,-0.6596742,0.559976,0.3310395,
1,12,33.293,0.1447681,1.204521,-0.674619,0.3764135,-0.6596315,0.5596521,0.3316456,
1,12,33.295,0.1447681,1.204521,-0.674619,0.3764135,-0.6596315,0.5596521,0.3316456,
1,12,33.297,0.1447681,1.204521,-0.674619,0.3764135,-0.6596315,0.5596521,0.3316456,
1,12,33.299,0.1447681,1.204521,-0.674619,0.3764135,-0.6596315,0.5596521,0.3316456,
1,12,33.301,0.1446372,1.204562,-0.6747203,0.3763637,-0.6596901,0.559445,0.3319346,
1,12,33.303,0.1446372,1.204562,-0.6747203,0.3763637,-0.6596901,0.559445,0.3319346,
1,12,33.305,0.1446372,1.204562,-0.6747203,0.3763637,-0.6596901,0.559445,0.3319346,
1,12,33.307,0.1446372,1.204562,-0.6747203,0.3763637,-0.6596901,0.559445,0.3319346,
1,12,33.309,0.1445444,1.204735,-0.6748164,0.3764057,-0.6597217,0.5592635,0.3321301,
1,12,33.311,0.1445444,1.204735,-0.6748164,0.3764057,-0.6597217,0.5592635,0.3321301,
1,12,33.313,0.1445444,1.204735,-0.6748164,0.3764057,-0.6597217,0.5592635,0.3321301,
1,12,33.315,0.1445444,1.204735,-0.6748164,0.3764057,-0.6597217,0.5592635,0.3321301,
1,12,33.317,0.1445444,1.204735,-0.6748164,0.3764057,-0.6597217,0.5592635,0.3321301,
1,12,33.319,0.1444508,1.204834,-0.674939,0.3765327,-0.6599025,0.5589383,0.3321744,
1,12,33.321,0.1444508,1.204834,-0.674939,0.3765327,-0.6599025,0.5589383,0.3321744,
1,12,33.323,0.1444508,1.204834,-0.674939,0.3765327,-0.6599025,0.5589383,0.3321744,
1,12,33.325,0.1444508,1.204834,-0.674939,0.3765327,-0.6599025,0.5589383,0.3321744,
1,12,33.327,0.1444305,1.204983,-0.675109,0.3768361,-0.6601001,0.558548,0.3320944,
1,12,33.329,0.1444305,1.204983,-0.675109,0.3768361,-0.6601001,0.558548,0.3320944,
1,12,33.331,0.1444305,1.204983,-0.675109,0.3768361,-0.6601001,0.558548,0.3320944,
1,12,33.333,0.1444305,1.204983,-0.675109,0.3768361,-0.6601001,0.558548,0.3320944,
1,12,33.335,0.1444252,1.205138,-0.6753451,0.377268,-0.6603386,0.5580834,0.3319107,
1,12,33.337,0.1444252,1.205138,-0.6753451,0.377268,-0.6603386,0.5580834,0.3319107,
1,12,33.339,0.1444252,1.205138,-0.6753451,0.377268,-0.6603386,0.5580834,0.3319107,
1,12,33.341,0.1444252,1.205138,-0.6753451,0.377268,-0.6603386,0.5580834,0.3319107,
1,12,33.343,0.1444511,1.20534,-0.6756126,0.3777716,-0.6605522,0.5576388,0.3316601,
1,12,33.345,0.1444511,1.20534,-0.6756126,0.3777716,-0.6605522,0.5576388,0.3316601,
1,12,33.347,0.1444511,1.20534,-0.6756126,0.3777716,-0.6605522,0.5576388,0.3316601,
1,12,33.349,0.1444511,1.20534,-0.6756126,0.3777716,-0.6605522,0.5576388,0.3316601,
1,12,33.351,0.1443746,1.205697,-0.675737,0.3780547,-0.6606089,0.5574455,0.3315496,
1,12,33.353,0.1443746,1.205697,-0.675737,0.3780547,-0.6606089,0.5574455,0.3315496,
1,12,33.355,0.1443746,1.205697,-0.675737,0.3780547,-0.6606089,0.5574455,0.3315496,
1,12,33.357,0.1443746,1.205697,-0.675737,0.3780547,-0.6606089,0.5574455,0.3315496,
1,12,33.359,0.144377,1.205996,-0.6759471,0.3784243,-0.6606582,0.5571954,0.3314501,
1,12,33.361,0.144377,1.205996,-0.6759471,0.3784243,-0.6606582,0.5571954,0.3314501,
1,12,33.363,0.144377,1.205996,-0.6759471,0.3784243,-0.6606582,0.5571954,0.3314501,
1,12,33.365,0.144377,1.205996,-0.6759471,0.3784243,-0.6606582,0.5571954,0.3314501,
1,12,33.367,0.144377,1.205996,-0.6759471,0.3784243,-0.6606582,0.5571954,0.3314501,
1,12,33.369,0.1444375,1.206169,-0.6764294,0.3789007,-0.6607372,0.5566784,0.3316173,
1,12,33.371,0.1444375,1.206169,-0.6764294,0.3789007,-0.6607372,0.5566784,0.3316173,
1,12,33.373,0.1444375,1.206169,-0.6764294,0.3789007,-0.6607372,0.5566784,0.3316173,
1,12,33.375,0.1444375,1.206169,-0.6764294,0.3789007,-0.6607372,0.5566784,0.3316173,
1,12,33.377,0.1444756,1.206371,-0.6767928,0.3789704,-0.6605774,0.5565273,0.3321092,
1,12,33.379,0.1444756,1.206371,-0.6767928,0.3789704,-0.6605774,0.5565273,0.3321092,
1,12,33.381,0.1444756,1.206371,-0.6767928,0.3789704,-0.6605774,0.5565273,0.3321092,
1,12,33.383,0.1444756,1.206371,-0.6767928,0.3789704,-0.6605774,0.5565273,0.3321092,
1,12,33.385,0.1444915,1.206568,-0.6771478,0.3789065,-0.6603454,0.5564489,0.332774,
1,12,33.387,0.1444915,1.206568,-0.6771478,0.3789065,-0.6603454,0.5564489,0.332774,
1,12,33.389,0.1444915,1.206568,-0.6771478,0.3789065,-0.6603454,0.5564489,0.332774,
1,12,33.391,0.1444915,1.206568,-0.6771478,0.3789065,-0.6603454,0.5564489,0.332774,
1,12,33.393,0.1445948,1.206739,-0.6775011,0.3788745,-0.6600975,0.5563284,0.3335028,
1,12,33.395,0.1445948,1.206739,-0.6775011,0.3788745,-0.6600975,0.5563284,0.3335028,
1,12,33.397,0.1445948,1.206739,-0.6775011,0.3788745,-0.6600975,0.5563284,0.3335028,
1,12,33.399,0.1445948,1.206739,-0.6775011,0.3788745,-0.6600975,0.5563284,0.3335028,
1,12,33.401,0.1446016,1.206947,-0.6778854,0.3789124,-0.6599095,0.5561614,0.3341097,
1,12,33.403,0.1446016,1.206947,-0.6778854,0.3789124,-0.6599095,0.5561614,0.3341097,
1,12,33.405,0.1446016,1.206947,-0.6778854,0.3789124,-0.6599095,0.5561614,0.3341097,
1,12,33.407,0.1446016,1.206947,-0.6778854,0.3789124,-0.6599095,0.5561614,0.3341097,
1,12,33.409,0.1445616,1.207198,-0.678097,0.3790509,-0.6598063,0.5559683,0.3344779,
1,12,33.411,0.1445616,1.207198,-0.678097,0.3790509,-0.6598063,0.5559683,0.3344779,
1,12,33.413,0.1445616,1.207198,-0.678097,0.3790509,-0.6598063,0.5559683,0.3344779,
1,12,33.415,0.1445616,1.207198,-0.678097,0.3790509,-0.6598063,0.5559683,0.3344779,
1,12,33.417,0.1445616,1.207198,-0.678097,0.3790509,-0.6598063,0.5559683,0.3344779,
1,12,33.419,0.1445296,1.207456,-0.6785357,0.3793785,-0.659678,0.5556838,0.334832,
1,12,33.421,0.1445296,1.207456,-0.6785357,0.3793785,-0.659678,0.5556838,0.334832,
1,12,33.423,0.1445296,1.207456,-0.6785357,0.3793785,-0.659678,0.5556838,0.334832,
1,12,33.425,0.1445296,1.207456,-0.6785357,0.3793785,-0.659678,0.5556838,0.334832,
1,12,33.427,0.1445037,1.207604,-0.6789826,0.379829,-0.6596543,0.555257,0.3350759,
1,12,33.429,0.1445037,1.207604,-0.6789826,0.379829,-0.6596543,0.555257,0.3350759,
1,12,33.431,0.1445037,1.207604,-0.6789826,0.379829,-0.6596543,0.555257,0.3350759,
1,12,33.433,0.1445037,1.207604,-0.6789826,0.379829,-0.6596543,0.555257,0.3350759,
1,12,33.435,0.1445642,1.207802,-0.6796008,0.3805624,-0.6595731,0.5547767,0.3351993,
1,12,33.437,0.1445642,1.207802,-0.6796008,0.3805624,-0.6595731,0.5547767,0.3351993,
1,12,33.439,0.1445642,1.207802,-0.6796008,0.3805624,-0.6595731,0.5547767,0.3351993,
1,12,33.441,0.1445642,1.207802,-0.6796008,0.3805624,-0.6595731,0.5547767,0.3351993,
1,12,33.443,0.144555,1.207985,-0.6804856,0.3817871,-0.6595029,0.5540739,0.3351071,
1,12,33.445,0.144555,1.207985,-0.6804856,0.3817871,-0.6595029,0.5540739,0.3351071,
1,12,33.447,0.144555,1.207985,-0.6804856,0.3817871,-0.6595029,0.5540739,0.3351071,
1,12,33.449,0.144555,1.207985,-0.6804856,0.3817871,-0.6595029,0.5540739,0.3351071,
1,12,33.451,0.1445639,1.2082,-0.6810687,0.3826688,-0.6593324,0.553764,0.3349493,
1,12,33.453,0.1445639,1.2082,-0.6810687,0.3826688,-0.6593324,0.553764,0.3349493,
1,12,33.455,0.1445639,1.2082,-0.6810687,0.3826688,-0.6593324,0.553764,0.3349493,
1,12,33.457,0.1445639,1.2082,-0.6810687,0.3826688,-0.6593324,0.553764,0.3349493,
1,12,33.459,0.1445311,1.208514,-0.681584,0.3835101,-0.659076,0.5536179,0.3347328,
1,12,33.461,0.1445311,1.208514,-0.681584,0.3835101,-0.659076,0.5536179,0.3347328,
1,12,33.463,0.1445311,1.208514,-0.681584,0.3835101,-0.659076,0.5536179,0.3347328,
1,12,33.465,0.1445311,1.208514,-0.681584,0.3835101,-0.659076,0.5536179,0.3347328,
1,12,33.467,0.1445311,1.208514,-0.681584,0.3835101,-0.659076,0.5536179,0.3347328,
1,12,33.469,0.144497,1.208768,-0.6821684,0.3843715,-0.6588225,0.5534477,0.3345252,
1,12,33.471,0.144497,1.208768,-0.6821684,0.3843715,-0.6588225,0.5534477,0.3345252,
1,12,33.473,0.144497,1.208768,-0.6821684,0.3843715,-0.6588225,0.5534477,0.3345252,
1,12,33.475,0.144497,1.208768,-0.6821684,0.3843715,-0.6588225,0.5534477,0.3345252,
1,12,33.477,0.1444578,1.209,-0.6826371,0.3852218,-0.6585783,0.5533186,0.3342411,
1,12,33.479,0.1444578,1.209,-0.6826371,0.3852218,-0.6585783,0.5533186,0.3342411,
1,12,33.481,0.1444578,1.209,-0.6826371,0.3852218,-0.6585783,0.5533186,0.3342411,
1,12,33.483,0.1444578,1.209,-0.6826371,0.3852218,-0.6585783,0.5533186,0.3342411,
1,12,33.485,0.1444408,1.209369,-0.683123,0.386017,-0.6581127,0.5534049,0.3340983,
1,12,33.487,0.1444408,1.209369,-0.683123,0.386017,-0.6581127,0.5534049,0.3340983,
1,12,33.489,0.1444408,1.209369,-0.683123,0.386017,-0.6581127,0.5534049,0.3340983,
1,12,33.491,0.1444408,1.209369,-0.683123,0.386017,-0.6581127,0.5534049,0.3340983,
1,12,33.493,0.1444041,1.209859,-0.6835322,0.3866731,-0.6574575,0.5537229,0.3341027,
1,12,33.495,0.1444041,1.209859,-0.6835322,0.3866731,-0.6574575,0.5537229,0.3341027,
1,12,33.497,0.1444041,1.209859,-0.6835322,0.3866731,-0.6574575,0.5537229,0.3341027,
1,12,33.499,0.1444041,1.209859,-0.6835322,0.3866731,-0.6574575,0.5537229,0.3341027,
1,12,33.501,0.1444825,1.210267,-0.6840686,0.3873771,-0.6566941,0.5540403,0.3342623,
1,12,33.503,0.1444825,1.210267,-0.6840686,0.3873771,-0.6566941,0.5540403,0.3342623,
1,12,33.505,0.1444825,1.210267,-0.6840686,0.3873771,-0.6566941,0.5540403,0.3342623,
1,12,33.507,0.1444825,1.210267,-0.6840686,0.3873771,-0.6566941,0.5540403,0.3342623,
1,12,33.509,0.144609,1.210627,-0.6846376,0.3880474,-0.6558616,0.5543649,0.3345808,
1,12,33.511,0.144609,1.210627,-0.6846376,0.3880474,-0.6558616,0.5543649,0.3345808,
1,12,33.513,0.144609,1.210627,-0.6846376,0.3880474,-0.6558616,0.5543649,0.3345808,
1,12,33.515,0.144609,1.210627,-0.6846376,0.3880474,-0.6558616,0.5543649,0.3345808,
1,12,33.517,0.144609,1.210627,-0.6846376,0.3880474,-0.6558616,0.5543649,0.3345808,
1,12,33.519,0.1447676,1.21111,-0.6851468,0.3885335,-0.6547223,0.5549273,0.3353152,
1,12,33.521,0.1447676,1.21111,-0.6851468,0.3885335,-0.6547223,0.5549273,0.3353152,
1,12,33.523,0.1447676,1.21111,-0.6851468,0.3885335,-0.6547223,0.5549273,0.3353152,
1,12,33.525,0.1447676,1.21111,-0.6851468,0.3885335,-0.6547223,0.5549273,0.3353152,
1,12,33.527,0.1449543,1.211907,-0.6856167,0.3884471,-0.6529256,0.5560672,0.3370256,
1,12,33.529,0.1449543,1.211907,-0.6856167,0.3884471,-0.6529256,0.5560672,0.3370256,
1,12,33.531,0.1449543,1.211907,-0.6856167,0.3884471,-0.6529256,0.5560672,0.3370256,
1,12,33.533,0.1449543,1.211907,-0.6856167,0.3884471,-0.6529256,0.5560672,0.3370256,
1,12,33.535,0.1455659,1.212194,-0.6864341,0.3882326,-0.6508281,0.5569111,0.339924,
1,12,33.537,0.1455659,1.212194,-0.6864341,0.3882326,-0.6508281,0.5569111,0.339924,
1,12,33.539,0.1455659,1.212194,-0.6864341,0.3882326,-0.6508281,0.5569111,0.339924,
1,12,33.541,0.1455659,1.212194,-0.6864341,0.3882326,-0.6508281,0.5569111,0.339924,
1,12,33.543,0.1464521,1.212557,-0.6875358,0.3874676,-0.6479738,0.5580897,0.3442889,
1,12,33.545,0.1464521,1.212557,-0.6875358,0.3874676,-0.6479738,0.5580897,0.3442889,
1,12,33.547,0.1464521,1.212557,-0.6875358,0.3874676,-0.6479738,0.5580897,0.3442889,
1,12,33.549,0.1464521,1.212557,-0.6875358,0.3874676,-0.6479738,0.5580897,0.3442889,
1,12,33.551,0.1473537,1.21293,-0.6887888,0.385904,-0.6443671,0.559791,0.3500046,
1,12,33.553,0.1473537,1.21293,-0.6887888,0.385904,-0.6443671,0.559791,0.3500046,
1,12,33.555,0.1473537,1.21293,-0.6887888,0.385904,-0.6443671,0.559791,0.3500046,
1,12,33.557,0.1473537,1.21293,-0.6887888,0.385904,-0.6443671,0.559791,0.3500046,
1,12,33.559,0.1483393,1.213668,-0.6900052,0.3839043,-0.6402125,0.5617977,0.3565513,
1,12,33.561,0.1483393,1.213668,-0.6900052,0.3839043,-0.6402125,0.5617977,0.3565513,
1,12,33.563,0.1483393,1.213668,-0.6900052,0.3839043,-0.6402125,0.5617977,0.3565513,
1,12,33.565,0.1483393,1.213668,-0.6900052,0.3839043,-0.6402125,0.5617977,0.3565513,
1,12,33.567,0.1483393,1.213668,-0.6900052,0.3839043,-0.6402125,0.5617977,0.3565513,
1,12,33.569,0.1492767,1.214574,-0.691037,0.3822182,-0.636044,0.5636582,0.3628314,
1,12,33.571,0.1492767,1.214574,-0.691037,0.3822182,-0.636044,0.5636582,0.3628314,
1,12,33.573,0.1492767,1.214574,-0.691037,0.3822182,-0.636044,0.5636582,0.3628314,
1,12,33.575,0.1492767,1.214574,-0.691037,0.3822182,-0.636044,0.5636582,0.3628314,
1,12,33.577,0.1503793,1.215335,-0.6922402,0.3810769,-0.6319764,0.5648622,0.3692114,
1,12,33.579,0.1503793,1.215335,-0.6922402,0.3810769,-0.6319764,0.5648622,0.3692114,
1,12,33.581,0.1503793,1.215335,-0.6922402,0.3810769,-0.6319764,0.5648622,0.3692114,
1,12,33.583,0.1503793,1.215335,-0.6922402,0.3810769,-0.6319764,0.5648622,0.3692114,
1,12,33.585,0.151646,1.215956,-0.6935582,0.3808688,-0.6281062,0.5652376,0.3754037,
1,12,33.587,0.151646,1.215956,-0.6935582,0.3808688,-0.6281062,0.5652376,0.3754037,
1,12,33.589,0.151646,1.215956,-0.6935582,0.3808688,-0.6281062,0.5652376,0.3754037,
1,12,33.591,0.151646,1.215956,-0.6935582,0.3808688,-0.6281062,0.5652376,0.3754037,
1,12,33.593,0.1530925,1.216601,-0.6947261,0.382399,-0.6249073,0.5644135,0.3803934,
1,12,33.595,0.1530925,1.216601,-0.6947261,0.382399,-0.6249073,0.5644135,0.3803934,
1,12,33.597,0.1530925,1.216601,-0.6947261,0.382399,-0.6249073,0.5644135,0.3803934,
1,12,33.599,0.1530925,1.216601,-0.6947261,0.382399,-0.6249073,0.5644135,0.3803934,
1,12,33.601,0.1550437,1.217447,-0.6963472,0.3861984,-0.6222552,0.5622271,0.3841226,
1,12,33.603,0.1550437,1.217447,-0.6963472,0.3861984,-0.6222552,0.5622271,0.3841226,
1,12,33.605,0.1550437,1.217447,-0.6963472,0.3861984,-0.6222552,0.5622271,0.3841226,
1,12,33.607,0.1550437,1.217447,-0.6963472,0.3861984,-0.6222552,0.5622271,0.3841226,
1,12,33.609,0.1570538,1.218233,-0.6979328,0.3918515,-0.6202803,0.5587987,0.3865862,
1,12,33.611,0.1570538,1.218233,-0.6979328,0.3918515,-0.6202803,0.5587987,0.3865862,
1,12,33.613,0.1570538,1.218233,-0.6979328,0.3918515,-0.6202803,0.5587987,0.3865862,
1,12,33.615,0.1570538,1.218233,-0.6979328,0.3918515,-0.6202803,0.5587987,0.3865862,
1,12,33.617,0.1570538,1.218233,-0.6979328,0.3918515,-0.6202803,0.5587987,0.3865862,
1,12,33.619,0.1590946,1.218592,-0.6994171,0.3989643,-0.6192734,0.5540289,0.3877888,
1,12,33.621,0.1590946,1.218592,-0.6994171,0.3989643,-0.6192734,0.5540289,0.3877888,
1,12,33.623,0.1590946,1.218592,-0.6994171,0.3989643,-0.6192734,0.5540289,0.3877888,
1,12,33.625,0.1590946,1.218592,-0.6994171,0.3989643,-0.6192734,0.5540289,0.3877888,
1,12,33.627,0.1612303,1.218992,-0.7011597,0.4072664,-0.6183143,0.5485449,0.3884842,
1,12,33.629,0.1612303,1.218992,-0.7011597,0.4072664,-0.6183143,0.5485449,0.3884842,
1,12,33.631,0.1612303,1.218992,-0.7011597,0.4072664,-0.6183143,0.5485449,0.3884842,
1,12,33.633,0.1612303,1.218992,-0.7011597,0.4072664,-0.6183143,0.5485449,0.3884842,
1,12,33.635,0.163241,1.219846,-0.7026647,0.4160021,-0.6172075,0.5430355,0.3887285,
1,12,33.637,0.163241,1.219846,-0.7026647,0.4160021,-0.6172075,0.5430355,0.3887285,
1,12,33.639,0.163241,1.219846,-0.7026647,0.4160021,-0.6172075,0.5430355,0.3887285,
1,12,33.641,0.163241,1.219846,-0.7026647,0.4160021,-0.6172075,0.5430355,0.3887285,
1,12,33.643,0.165079,1.220267,-0.7040713,0.4249068,-0.6162745,0.5370342,0.3889143,
1,12,33.645,0.165079,1.220267,-0.7040713,0.4249068,-0.6162745,0.5370342,0.3889143,
1,12,33.647,0.165079,1.220267,-0.7040713,0.4249068,-0.6162745,0.5370342,0.3889143,
1,12,33.649,0.165079,1.220267,-0.7040713,0.4249068,-0.6162745,0.5370342,0.3889143,
1,12,33.651,0.1665624,1.220829,-0.7052718,0.4332201,-0.6149191,0.5314506,0.3895577,
1,12,33.653,0.1665624,1.220829,-0.7052718,0.4332201,-0.6149191,0.5314506,0.3895577,
1,12,33.655,0.1665624,1.220829,-0.7052718,0.4332201,-0.6149191,0.5314506,0.3895577,
1,12,33.657,0.1665624,1.220829,-0.7052718,0.4332201,-0.6149191,0.5314506,0.3895577,
1,12,33.659,0.1675956,1.220744,-0.705891,0.4406439,-0.6134691,0.5260906,0.3907906,
1,12,33.661,0.1675956,1.220744,-0.705891,0.4406439,-0.6134691,0.5260906,0.3907906,
1,12,33.663,0.1675956,1.220744,-0.705891,0.4406439,-0.6134691,0.5260906,0.3907906,
1,12,33.665,0.1675956,1.220744,-0.705891,0.4406439,-0.6134691,0.5260906,0.3907906,
1,12,33.667,0.1675956,1.220744,-0.705891,0.4406439,-0.6134691,0.5260906,0.3907906,
1,12,33.669,0.168511,1.220371,-0.7064939,0.4474298,-0.611725,0.5209758,0.392662,
1,12,33.671,0.168511,1.220371,-0.7064939,0.4474298,-0.611725,0.5209758,0.392662,
1,12,33.673,0.168511,1.220371,-0.7064939,0.4474298,-0.611725,0.5209758,0.392662,
1,12,33.675,0.168511,1.220371,-0.7064939,0.4474298,-0.611725,0.5209758,0.392662,
1,12,33.677,0.169255,1.220122,-0.707093,0.4532904,-0.6092814,0.5166295,0.395472,
1,12,33.679,0.169255,1.220122,-0.707093,0.4532904,-0.6092814,0.5166295,0.395472,
1,12,33.681,0.169255,1.220122,-0.707093,0.4532904,-0.6092814,0.5166295,0.395472,
1,12,33.683,0.169255,1.220122,-0.707093,0.4532904,-0.6092814,0.5166295,0.395472,
1,12,33.685,0.1696998,1.219074,-0.7075725,0.4580832,-0.6067823,0.5125712,0.3990562,
1,12,33.687,0.1696998,1.219074,-0.7075725,0.4580832,-0.6067823,0.5125712,0.3990562,
1,12,33.689,0.1696998,1.219074,-0.7075725,0.4580832,-0.6067823,0.5125712,0.3990562,
1,12,33.691,0.1696998,1.219074,-0.7075725,0.4580832,-0.6067823,0.5125712,0.3990562,
1,12,33.693,0.169895,1.218383,-0.7078276,0.4622769,-0.6041076,0.509119,0.4026811,
1,12,33.695,0.169895,1.218383,-0.7078276,0.4622769,-0.6041076,0.509119,0.4026811,
1,12,33.697,0.169895,1.218383,-0.7078276,0.4622769,-0.6041076,0.509119,0.4026811,
1,12,33.699,0.169895,1.218383,-0.7078276,0.4622769,-0.6041076,0.509119,0.4026811,
1,12,33.701,0.1697075,1.217775,-0.707825,0.4660382,-0.6016815,0.5060492,0.405835,
1,12,33.703,0.1697075,1.217775,-0.707825,0.4660382,-0.6016815,0.5060492,0.405835,
1,12,33.705,0.1697075,1.217775,-0.707825,0.4660382,-0.6016815,0.5060492,0.405835,
1,12,33.707,0.1697075,1.217775,-0.707825,0.4660382,-0.6016815,0.5060492,0.405835,
1,12,33.709,0.1691783,1.216753,-0.7074353,0.469426,-0.6000931,0.5028477,0.4082546,
1,12,33.711,0.1691783,1.216753,-0.7074353,0.469426,-0.6000931,0.5028477,0.4082546,
1,12,33.713,0.1691783,1.216753,-0.7074353,0.469426,-0.6000931,0.5028477,0.4082546,
1,12,33.715,0.1691783,1.216753,-0.7074353,0.469426,-0.6000931,0.5028477,0.4082546,
1,12,33.717,0.1691783,1.216753,-0.7074353,0.469426,-0.6000931,0.5028477,0.4082546,
1,12,33.719,0.1685221,1.216214,-0.7070506,0.4727458,-0.5987496,0.4999282,0.4099782,
1,12,33.721,0.1685221,1.216214,-0.7070506,0.4727458,-0.5987496,0.4999282,0.4099782,
1,12,33.723,0.1685221,1.216214,-0.7070506,0.4727458,-0.5987496,0.4999282,0.4099782,
1,12,33.725,0.1685221,1.216214,-0.7070506,0.4727458,-0.5987496,0.4999282,0.4099782,
1,12,33.727,0.1677039,1.215492,-0.706241,0.4758958,-0.5980396,0.4970528,0.4108655,
1,12,33.729,0.1677039,1.215492,-0.706241,0.4758958,-0.5980396,0.4970528,0.4108655,
1,12,33.731,0.1677039,1.215492,-0.706241,0.4758958,-0.5980396,0.4970528,0.4108655,
1,12,33.733,0.1677039,1.215492,-0.706241,0.4758958,-0.5980396,0.4970528,0.4108655,
1,12,33.735,0.1668221,1.214873,-0.7051212,0.4782336,-0.597173,0.4949899,0.4119006,
1,12,33.737,0.1668221,1.214873,-0.7051212,0.4782336,-0.597173,0.4949899,0.4119006,
1,12,33.739,0.1668221,1.214873,-0.7051212,0.4782336,-0.597173,0.4949899,0.4119006,
1,12,33.741,0.1668221,1.214873,-0.7051212,0.4782336,-0.597173,0.4949899,0.4119006,
1,12,33.743,0.1659027,1.214386,-0.7039718,0.4794056,-0.5954511,0.4940548,0.4141476,
1,12,33.745,0.1659027,1.214386,-0.7039718,0.4794056,-0.5954511,0.4940548,0.4141476,
1,12,33.747,0.1659027,1.214386,-0.7039718,0.4794056,-0.5954511,0.4940548,0.4141476,
1,12,33.749,0.1659027,1.214386,-0.7039718,0.4794056,-0.5954511,0.4940548,0.4141476,
1,12,33.751,0.1650866,1.214298,-0.7029353,0.4798212,-0.5925486,0.4942055,0.4176347,
1,12,33.753,0.1650866,1.214298,-0.7029353,0.4798212,-0.5925486,0.4942055,0.4176347,
1,12,33.755,0.1650866,1.214298,-0.7029353,0.4798212,-0.5925486,0.4942055,0.4176347,
1,12,33.757,0.1650866,1.214298,-0.7029353,0.4798212,-0.5925486,0.4942055,0.4176347,
1,12,33.759,0.1644741,1.214471,-0.7016006,0.4799633,-0.589022,0.4948676,0.4216568,
1,12,33.761,0.1644741,1.214471,-0.7016006,0.4799633,-0.589022,0.4948676,0.4216568,
1,12,33.763,0.1644741,1.214471,-0.7016006,0.4799633,-0.589022,0.4948676,0.4216568,
1,12,33.765,0.1644741,1.214471,-0.7016006,0.4799633,-0.589022,0.4948676,0.4216568,
1,12,33.767,0.1644741,1.214471,-0.7016006,0.4799633,-0.589022,0.4948676,0.4216568,
1,12,33.769,0.1640598,1.215276,-0.7008144,0.4802895,-0.5845404,0.4957887,0.4264132,
1,12,33.771,0.1640598,1.215276,-0.7008144,0.4802895,-0.5845404,0.4957887,0.4264132,
1,12,33.773,0.1640598,1.215276,-0.7008144,0.4802895,-0.5845404,0.4957887,0.4264132,
1,12,33.775,0.1640598,1.215276,-0.7008144,0.4802895,-0.5845404,0.4957887,0.4264132,
1,12,33.777,0.1637503,1.215625,-0.700829,0.4817936,-0.5805307,0.4950772,0.4309961,
1,12,33.779,0.1637503,1.215625,-0.700829,0.4817936,-0.5805307,0.4950772,0.4309961,
1,12,33.781,0.1637503,1.215625,-0.700829,0.4817936,-0.5805307,0.4950772,0.4309961,
1,12,33.783,0.1637503,1.215625,-0.700829,0.4817936,-0.5805307,0.4950772,0.4309961,
1,12,33.785,0.1635834,1.216209,-0.7015195,0.4850734,-0.577059,0.4926973,0.4346907,
1,12,33.787,0.1635834,1.216209,-0.7015195,0.4850734,-0.577059,0.4926973,0.4346907,
1,12,33.789,0.1635834,1.216209,-0.7015195,0.4850734,-0.577059,0.4926973,0.4346907,
1,12,33.791,0.1635834,1.216209,-0.7015195,0.4850734,-0.577059,0.4926973,0.4346907,
1,12,33.793,0.163482,1.217422,-0.7024386,0.4902991,-0.5744568,0.4886273,0.4368634,
1,12,33.795,0.163482,1.217422,-0.7024386,0.4902991,-0.5744568,0.4886273,0.4368634,
1,12,33.797,0.163482,1.217422,-0.7024386,0.4902991,-0.5744568,0.4886273,0.4368634,
1,12,33.799,0.163482,1.217422,-0.7024386,0.4902991,-0.5744568,0.4886273,0.4368634,
1,12,33.801,0.1633548,1.219149,-0.7037876,0.4971708,-0.5728457,0.4828423,0.4376441,
1,12,33.803,0.1633548,1.219149,-0.7037876,0.4971708,-0.5728457,0.4828423,0.4376441,
1,12,33.805,0.1633548,1.219149,-0.7037876,0.4971708,-0.5728457,0.4828423,0.4376441,
1,12,33.807,0.1633548,1.219149,-0.7037876,0.4971708,-0.5728457,0.4828423,0.4376441,
1,12,33.809,0.1631499,1.221166,-0.7053685,0.5055285,-0.5726176,0.4751523,0.4367841,
1,12,33.811,0.1631499,1.221166,-0.7053685,0.5055285,-0.5726176,0.4751523,0.4367841,
1,12,33.813,0.1631499,1.221166,-0.7053685,0.5055285,-0.5726176,0.4751523,0.4367841,
1,12,33.815,0.1631499,1.221166,-0.7053685,0.5055285,-0.5726176,0.4751523,0.4367841,
1,12,33.817,0.1631499,1.221166,-0.7053685,0.5055285,-0.5726176,0.4751523,0.4367841,
1,12,33.819,0.1629508,1.222835,-0.7073924,0.5155516,-0.5743829,0.464675,0.4340137,
1,12,33.821,0.1629508,1.222835,-0.7073924,0.5155516,-0.5743829,0.464675,0.4340137,
1,12,33.823,0.1629508,1.222835,-0.7073924,0.5155516,-0.5743829,0.464675,0.4340137,
1,12,33.825,0.1629508,1.222835,-0.7073924,0.5155516,-0.5743829,0.464675,0.4340137,
1,12,33.827,0.1626399,1.22478,-0.7094238,0.5258741,-0.5771104,0.453082,0.430252,
1,12,33.829,0.1626399,1.22478,-0.7094238,0.5258741,-0.5771104,0.453082,0.430252,
1,12,33.831,0.1626399,1.22478,-0.7094238,0.5258741,-0.5771104,0.453082,0.430252,
1,12,33.833,0.1626399,1.22478,-0.7094238,0.5258741,-0.5771104,0.453082,0.430252,
1,12,33.835,0.1623006,1.226665,-0.7114989,0.5357026,-0.5805777,0.4407412,0.4262623,
1,12,33.837,0.1623006,1.226665,-0.7114989,0.5357026,-0.5805777,0.4407412,0.4262623,
1,12,33.839,0.1623006,1.226665,-0.7114989,0.5357026,-0.5805777,0.4407412,0.4262623,
1,12,33.841,0.1623006,1.226665,-0.7114989,0.5357026,-0.5805777,0.4407412,0.4262623,
1,12,33.843,0.1619141,1.228781,-0.713413,0.5444354,-0.5841704,0.4286174,0.422637,
1,12,33.845,0.1619141,1.228781,-0.713413,0.5444354,-0.5841704,0.4286174,0.422637,
1,12,33.847,0.1619141,1.228781,-0.713413,0.5444354,-0.5841704,0.4286174,0.422637,
1,12,33.849,0.1619141,1.228781,-0.713413,0.5444354,-0.5841704,0.4286174,0.422637,
1,12,33.851,0.1614983,1.230206,-0.7150522,0.5511279,-0.5879466,0.4173017,0.420043,
1,12,33.853,0.1614983,1.230206,-0.7150522,0.5511279,-0.5879466,0.4173017,0.420043,
1,12,33.855,0.1614983,1.230206,-0.7150522,0.5511279,-0.5879466,0.4173017,0.420043,
1,12,33.857,0.1614983,1.230206,-0.7150522,0.5511279,-0.5879466,0.4173017,0.420043,
1,12,33.859,0.161132,1.231275,-0.7167204,0.5561459,-0.5916849,0.4068013,0.4184775,
1,12,33.861,0.161132,1.231275,-0.7167204,0.5561459,-0.5916849,0.4068013,0.4184775,
1,12,33.863,0.161132,1.231275,-0.7167204,0.5561459,-0.5916849,0.4068013,0.4184775,
1,12,33.865,0.161132,1.231275,-0.7167204,0.5561459,-0.5916849,0.4068013,0.4184775,
1,12,33.867,0.161132,1.231275,-0.7167204,0.5561459,-0.5916849,0.4068013,0.4184775,
1,12,33.869,0.1606354,1.23176,-0.7179781,0.5588561,-0.5949131,0.3980786,0.4186786,
1,12,33.871,0.1606354,1.23176,-0.7179781,0.5588561,-0.5949131,0.3980786,0.4186786,
1,12,33.873,0.1606354,1.23176,-0.7179781,0.5588561,-0.5949131,0.3980786,0.4186786,
1,12,33.875,0.1606354,1.23176,-0.7179781,0.5588561,-0.5949131,0.3980786,0.4186786,
1,12,33.877,0.1602663,1.232363,-0.7188726,0.5598152,-0.5972512,0.3915853,0.4201891,
1,12,33.879,0.1602663,1.232363,-0.7188726,0.5598152,-0.5972512,0.3915853,0.4201891,
1,12,33.881,0.1602663,1.232363,-0.7188726,0.5598152,-0.5972512,0.3915853,0.4201891,
1,12,33.883,0.1602663,1.232363,-0.7188726,0.5598152,-0.5972512,0.3915853,0.4201891,
1,12,33.885,0.1599527,1.232241,-0.7198183,0.5594853,-0.5992777,0.3861727,0.4227448,
1,12,33.887,0.1599527,1.232241,-0.7198183,0.5594853,-0.5992777,0.3861727,0.4227448,
1,12,33.889,0.1599527,1.232241,-0.7198183,0.5594853,-0.5992777,0.3861727,0.4227448,
1,12,33.891,0.1599527,1.232241,-0.7198183,0.5594853,-0.5992777,0.3861727,0.4227448,
1,12,33.893,0.1596528,1.232275,-0.720462,0.5582393,-0.6005982,0.3822131,0.426103,
1,12,33.895,0.1596528,1.232275,-0.720462,0.5582393,-0.6005982,0.3822131,0.426103,
1,12,33.897,0.1596528,1.232275,-0.720462,0.5582393,-0.6005982,0.3822131,0.426103,
1,12,33.899,0.1596528,1.232275,-0.720462,0.5582393,-0.6005982,0.3822131,0.426103,
1,12,33.901,0.1596646,1.23263,-0.7207906,0.5566715,-0.6013956,0.3793467,0.4295769,
1,12,33.903,0.1596646,1.23263,-0.7207906,0.5566715,-0.6013956,0.3793467,0.4295769,
1,12,33.905,0.1596646,1.23263,-0.7207906,0.5566715,-0.6013956,0.3793467,0.4295769,
1,12,33.907,0.1596646,1.23263,-0.7207906,0.5566715,-0.6013956,0.3793467,0.4295769,
1,12,33.909,0.1597266,1.232915,-0.7213596,0.5553941,-0.6026331,0.3760585,0.4323781,
1,12,33.911,0.1597266,1.232915,-0.7213596,0.5553941,-0.6026331,0.3760585,0.4323781,
1,12,33.913,0.1597266,1.232915,-0.7213596,0.5553941,-0.6026331,0.3760585,0.4323781,
1,12,33.915,0.1597266,1.232915,-0.7213596,0.5553941,-0.6026331,0.3760585,0.4323781,
1,12,33.917,0.1597266,1.232915,-0.7213596,0.5553941,-0.6026331,0.3760585,0.4323781,
1,12,33.919,0.1599396,1.233567,-0.7217262,0.5549071,-0.6046101,0.3723139,0.4334828,
1,12,33.921,0.1599396,1.233567,-0.7217262,0.5549071,-0.6046101,0.3723139,0.4334828,
1,12,33.923,0.1599396,1.233567,-0.7217262,0.5549071,-0.6046101,0.3723139,0.4334828,
1,12,33.925,0.1599396,1.233567,-0.7217262,0.5549071,-0.6046101,0.3723139,0.4334828,
1,12,33.927,0.1601796,1.234409,-0.7219939,0.5551258,-0.6075159,0.3678916,0.4329152,
1,12,33.929,0.1601796,1.234409,-0.7219939,0.5551258,-0.6075159,0.3678916,0.4329152,
1,12,33.931,0.1601796,1.234409,-0.7219939,0.5551258,-0.6075159,0.3678916,0.4329152,
1,12,33.933,0.1601796,1.234409,-0.7219939,0.5551258,-0.6075159,0.3678916,0.4329152,
1,12,33.935,0.1605827,1.235277,-0.7222549,0.5561786,-0.6114769,0.3624495,0.4305713,
1,12,33.937,0.1605827,1.235277,-0.7222549,0.5561786,-0.6114769,0.3624495,0.4305713,
1,12,33.939,0.1605827,1.235277,-0.7222549,0.5561786,-0.6114769,0.3624495,0.4305713,
1,12,33.941,0.1605827,1.235277,-0.7222549,0.5561786,-0.6114769,0.3624495,0.4305713,
1,12,33.943,0.1610252,1.2355,-0.7232179,0.5575548,-0.6162436,0.3558373,0.4275001,
1,12,33.945,0.1610252,1.2355,-0.7232179,0.5575548,-0.6162436,0.3558373,0.4275001,
1,12,33.947,0.1610252,1.2355,-0.7232179,0.5575548,-0.6162436,0.3558373,0.4275001,
1,12,33.949,0.1610252,1.2355,-0.7232179,0.5575548,-0.6162436,0.3558373,0.4275001,
1,12,33.951,0.1615537,1.23658,-0.7236674,0.5591316,-0.6206965,0.3500444,0.4237649,
1,12,33.953,0.1615537,1.23658,-0.7236674,0.5591316,-0.6206965,0.3500444,0.4237649,
1,12,33.955,0.1615537,1.23658,-0.7236674,0.5591316,-0.6206965,0.3500444,0.4237649,
1,12,33.957,0.1615537,1.23658,-0.7236674,0.5591316,-0.6206965,0.3500444,0.4237649,
1,12,33.959,0.162244,1.23779,-0.723765,0.5602253,-0.624707,0.3453153,0.4202932,
1,12,33.961,0.162244,1.23779,-0.723765,0.5602253,-0.624707,0.3453153,0.4202932,
1,12,33.963,0.162244,1.23779,-0.723765,0.5602253,-0.624707,0.3453153,0.4202932,
1,12,33.965,0.162244,1.23779,-0.723765,0.5602253,-0.624707,0.3453153,0.4202932,
1,12,33.967,0.162244,1.23779,-0.723765,0.5602253,-0.624707,0.3453153,0.4202932,
1,12,33.969,0.1629902,1.239143,-0.7237597,0.560822,-0.6279574,0.3417504,0.4175583,
1,12,33.971,0.1629902,1.239143,-0.7237597,0.560822,-0.6279574,0.3417504,0.4175583,
1,12,33.973,0.1629902,1.239143,-0.7237597,0.560822,-0.6279574,0.3417504,0.4175583,
1,12,33.975,0.1629902,1.239143,-0.7237597,0.560822,-0.6279574,0.3417504,0.4175583,
1,12,33.977,0.1637089,1.240629,-0.7236325,0.5609031,-0.6301015,0.3397216,0.4158716,
1,12,33.979,0.1637089,1.240629,-0.7236325,0.5609031,-0.6301015,0.3397216,0.4158716,
1,12,33.981,0.1637089,1.240629,-0.7236325,0.5609031,-0.6301015,0.3397216,0.4158716,
1,12,33.983,0.1637089,1.240629,-0.7236325,0.5609031,-0.6301015,0.3397216,0.4158716,
1,12,33.985,0.1642694,1.242246,-0.7236031,0.5606031,-0.6315102,0.3386976,0.4149736,
1,12,33.987,0.1642694,1.242246,-0.7236031,0.5606031,-0.6315102,0.3386976,0.4149736,
1,12,33.989,0.1642694,1.242246,-0.7236031,0.5606031,-0.6315102,0.3386976,0.4149736,
1,12,33.991,0.1642694,1.242246,-0.7236031,0.5606031,-0.6315102,0.3386976,0.4149736,
1,12,33.993,0.1645828,1.243933,-0.7232648,0.559891,-0.6320885,0.3388782,0.414907,
1,12,33.995,0.1645828,1.243933,-0.7232648,0.559891,-0.6320885,0.3388782,0.414907,
1,12,33.997,0.1645828,1.243933,-0.7232648,0.559891,-0.6320885,0.3388782,0.414907,
1,12,33.999,0.1645828,1.243933,-0.7232648,0.559891,-0.6320885,0.3388782,0.414907,
1,12,34.001,0.1647503,1.245819,-0.7234015,0.5596237,-0.6322306,0.3390784,0.4148876,
1,12,34.003,0.1647503,1.245819,-0.7234015,0.5596237,-0.6322306,0.3390784,0.4148876,
1,12,34.005,0.1647503,1.245819,-0.7234015,0.5596237,-0.6322306,0.3390784,0.4148876,
1,12,34.007,0.1647503,1.245819,-0.7234015,0.5596237,-0.6322306,0.3390784,0.4148876,
1,12,34.009,0.1646521,1.248063,-0.7231775,0.5597177,-0.6322803,0.3395485,0.4143002,
1,12,34.011,0.1646521,1.248063,-0.7231775,0.5597177,-0.6322803,0.3395485,0.4143002,
1,12,34.013,0.1646521,1.248063,-0.7231775,0.5597177,-0.6322803,0.3395485,0.4143002,
1,12,34.015,0.1646521,1.248063,-0.7231775,0.5597177,-0.6322803,0.3395485,0.4143002,
1,12,34.017,0.1646521,1.248063,-0.7231775,0.5597177,-0.6322803,0.3395485,0.4143002,
1,12,34.019,0.1642856,1.250168,-0.7235503,0.5607354,-0.6328642,0.3387024,0.4127219,
1,12,34.021,0.1642856,1.250168,-0.7235503,0.5607354,-0.6328642,0.3387024,0.4127219,
1,12,34.023,0.1642856,1.250168,-0.7235503,0.5607354,-0.6328642,0.3387024,0.4127219,
1,12,34.025,0.1642856,1.250168,-0.7235503,0.5607354,-0.6328642,0.3387024,0.4127219,
1,12,34.027,0.1637086,1.253121,-0.7234461,0.5625012,-0.6335871,0.3376733,0.4100446,
1,12,34.029,0.1637086,1.253121,-0.7234461,0.5625012,-0.6335871,0.3376733,0.4100446,
1,12,34.031,0.1637086,1.253121,-0.7234461,0.5625012,-0.6335871,0.3376733,0.4100446,
1,12,34.033,0.1637086,1.253121,-0.7234461,0.5625012,-0.6335871,0.3376733,0.4100446,
1,12,34.035,0.1628236,1.256231,-0.7235062,0.5652113,-0.6349904,0.3353039,0.4060725,
1,12,34.037,0.1628236,1.256231,-0.7235062,0.5652113,-0.6349904,0.3353039,0.4060725,
1,12,34.039,0.1628236,1.256231,-0.7235062,0.5652113,-0.6349904,0.3353039,0.4060725,
1,12,34.041,0.1628236,1.256231,-0.7235062,0.5652113,-0.6349904,0.3353039,0.4060725,
1,12,34.043,0.1619336,1.259624,-0.7232293,0.5685545,-0.6367112,0.332324,0.4011301,
1,12,34.045,0.1619336,1.259624,-0.7232293,0.5685545,-0.6367112,0.332324,0.4011301,
1,12,34.047,0.1619336,1.259624,-0.7232293,0.5685545,-0.6367112,0.332324,0.4011301,
1,12,34.049,0.1619336,1.259624,-0.7232293,0.5685545,-0.6367112,0.332324,0.4011301,
1,12,34.051,0.1609008,1.263233,-0.7230147,0.5722862,-0.638409,0.3289112,0.3959041,
1,12,34.053,0.1609008,1.263233,-0.7230147,0.5722862,-0.638409,0.3289112,0.3959041,
1,12,34.055,0.1609008,1.263233,-0.7230147,0.5722862,-0.638409,0.3289112,0.3959041,
1,12,34.057,0.1609008,1.263233,-0.7230147,0.5722862,-0.638409,0.3289112,0.3959041,
1,12,34.059,0.1597903,1.266869,-0.7227223,0.5761794,-0.6397994,0.3253604,0.3909151,
1,12,34.061,0.1597903,1.266869,-0.7227223,0.5761794,-0.6397994,0.3253604,0.3909151,
1,12,34.063,0.1597903,1.266869,-0.7227223,0.5761794,-0.6397994,0.3253604,0.3909151,
1,12,34.065,0.1597903,1.266869,-0.7227223,0.5761794,-0.6397994,0.3253604,0.3909151,
1,12,34.067,0.1597903,1.266869,-0.7227223,0.5761794,-0.6397994,0.3253604,0.3909151,
1,12,34.069,0.1588005,1.270735,-0.7223322,0.5799271,-0.6404011,0.3223403,0.3868694,
1,12,34.071,0.1588005,1.270735,-0.7223322,0.5799271,-0.6404011,0.3223403,0.3868694,
1,12,34.073,0.1588005,1.270735,-0.7223322,0.5799271,-0.6404011,0.3223403,0.3868694,
1,12,34.075,0.1588005,1.270735,-0.7223322,0.5799271,-0.6404011,0.3223403,0.3868694,
1,12,34.077,0.1579291,1.274554,-0.7217404,0.5831791,-0.6403294,0.3200245,0.3840113,
1,12,34.079,0.1579291,1.274554,-0.7217404,0.5831791,-0.6403294,0.3200245,0.3840113,
1,12,34.081,0.1579291,1.274554,-0.7217404,0.5831791,-0.6403294,0.3200245,0.3840113,
1,12,34.083,0.1579291,1.274554,-0.7217404,0.5831791,-0.6403294,0.3200245,0.3840113,
1,12,34.085,0.1570114,1.27802,-0.7213008,0.5860638,-0.6396819,0.3179258,0.3824389,
1,12,34.087,0.1570114,1.27802,-0.7213008,0.5860638,-0.6396819,0.3179258,0.3824389,
1,12,34.089,0.1570114,1.27802,-0.7213008,0.5860638,-0.6396819,0.3179258,0.3824389,
1,12,34.091,0.1570114,1.27802,-0.7213008,0.5860638,-0.6396819,0.3179258,0.3824389,
1,12,34.093,0.156247,1.281286,-0.7211598,0.5887074,-0.6385681,0.3159487,0.381878,
1,12,34.095,0.156247,1.281286,-0.7211598,0.5887074,-0.6385681,0.3159487,0.381878,
1,12,34.097,0.156247,1.281286,-0.7211598,0.5887074,-0.6385681,0.3159487,0.381878,
1,12,34.099,0.156247,1.281286,-0.7211598,0.5887074,-0.6385681,0.3159487,0.381878,
1,12,34.101,0.15552,1.284149,-0.721117,0.5909932,-0.6371461,0.3140977,0.3822494,
1,12,34.103,0.15552,1.284149,-0.721117,0.5909932,-0.6371461,0.3140977,0.3822494,
1,12,34.105,0.15552,1.284149,-0.721117,0.5909932,-0.6371461,0.3140977,0.3822494,
1,12,34.107,0.15552,1.284149,-0.721117,0.5909932,-0.6371461,0.3140977,0.3822494,
1,12,34.109,0.154816,1.286768,-0.7209398,0.5931305,-0.63555,0.3123316,0.3830423,
1,12,34.111,0.154816,1.286768,-0.7209398,0.5931305,-0.63555,0.3123316,0.3830423,
1,12,34.113,0.154816,1.286768,-0.7209398,0.5931305,-0.63555,0.3123316,0.3830423,
1,12,34.115,0.154816,1.286768,-0.7209398,0.5931305,-0.63555,0.3123316,0.3830423,
1,12,34.117,0.154816,1.286768,-0.7209398,0.5931305,-0.63555,0.3123316,0.3830423,
1,12,34.119,0.1543249,1.288835,-0.7207143,0.5949876,-0.6340504,0.3106857,0.3839849,
1,12,34.121,0.1543249,1.288835,-0.7207143,0.5949876,-0.6340504,0.3106857,0.3839849,
1,12,34.123,0.1543249,1.288835,-0.7207143,0.5949876,-0.6340504,0.3106857,0.3839849,
1,12,34.125,0.1543249,1.288835,-0.7207143,0.5949876,-0.6340504,0.3106857,0.3839849,
1,12,34.127,0.1541132,1.291108,-0.7204645,0.5974395,-0.6324353,0.3087955,0.3843658,
1,12,34.129,0.1541132,1.291108,-0.7204645,0.5974395,-0.6324353,0.3087955,0.3843658,
1,12,34.131,0.1541132,1.291108,-0.7204645,0.5974395,-0.6324353,0.3087955,0.3843658,
1,12,34.133,0.1541132,1.291108,-0.7204645,0.5974395,-0.6324353,0.3087955,0.3843658,
1,12,34.135,0.1539909,1.293211,-0.7201702,0.6003304,-0.6312071,0.306262,0.383907,
1,12,34.137,0.1539909,1.293211,-0.7201702,0.6003304,-0.6312071,0.306262,0.383907,
1,12,34.139,0.1539909,1.293211,-0.7201702,0.6003304,-0.6312071,0.306262,0.383907,
1,12,34.141,0.1539909,1.293211,-0.7201702,0.6003304,-0.6312071,0.306262,0.383907,
1,12,34.143,0.1541118,1.29512,-0.7199573,0.6034561,-0.6302081,0.3032798,0.3830141,
1,12,34.145,0.1541118,1.29512,-0.7199573,0.6034561,-0.6302081,0.3032798,0.3830141,
1,12,34.147,0.1541118,1.29512,-0.7199573,0.6034561,-0.6302081,0.3032798,0.3830141,
1,12,34.149,0.1541118,1.29512,-0.7199573,0.6034561,-0.6302081,0.3032798,0.3830141,
1,12,34.151,0.1543638,1.2967,-0.7200705,0.6064685,-0.6290594,0.3002142,0.3825593,
1,12,34.153,0.1543638,1.2967,-0.7200705,0.6064685,-0.6290594,0.3002142,0.3825593,
1,12,34.155,0.1543638,1.2967,-0.7200705,0.6064685,-0.6290594,0.3002142,0.3825593,
1,12,34.157,0.1543638,1.2967,-0.7200705,0.6064685,-0.6290594,0.3002142,0.3825593,
1,12,34.159,0.1547045,1.298053,-0.7203932,0.6091157,-0.6271496,0.2979775,0.3832374,
1,12,34.161,0.1547045,1.298053,-0.7203932,0.6091157,-0.6271496,0.2979775,0.3832374,
1,12,34.163,0.1547045,1.298053,-0.7203932,0.6091157,-0.6271496,0.2979775,0.3832374,
1,12,34.165,0.1547045,1.298053,-0.7203932,0.6091157,-0.6271496,0.2979775,0.3832374,
1,12,34.167,0.1547045,1.298053,-0.7203932,0.6091157,-0.6271496,0.2979775,0.3832374,
1,12,34.169,0.1553128,1.299017,-0.7207524,0.6109329,-0.6239361,0.2977096,0.3857897,
1,12,34.171,0.1553128,1.299017,-0.7207524,0.6109329,-0.6239361,0.2977096,0.3857897,
1,12,34.173,0.1553128,1.299017,-0.7207524,0.6109329,-0.6239361,0.2977096,0.3857897,
1,12,34.175,0.1553128,1.299017,-0.7207524,0.6109329,-0.6239361,0.2977096,0.3857897,
1,12,34.177,0.1566051,1.299064,-0.7209809,0.6113748,-0.6198755,0.2995211,0.3902081,
1,12,34.179,0.1566051,1.299064,-0.7209809,0.6113748,-0.6198755,0.2995211,0.3902081,
1,12,34.181,0.1566051,1.299064,-0.7209809,0.6113748,-0.6198755,0.2995211,0.3902081,CourtEnter
1,12,34.183,0.1566051,1.299064,-0.7209809,0.6113748,-0.6198755,0.2995211,0.3902081,
1,12,34.185,0.1581821,1.298515,-0.7209176,0.6108113,-0.6151614,0.3029563,0.395858,
1,12,34.187,0.1581821,1.298515,-0.7209176,0.6108113,-0.6151614,0.3029563,0.395858,
1,12,34.189,0.1581821,1.298515,-0.7209176,0.6108113,-0.6151614,0.3029563,0.395858,CourtExit
1,12,34.191,0.1581821,1.298515,-0.7209176,0.6108113,-0.6151614,0.3029563,0.395858,
1,12,34.193,0.1599418,1.297181,-0.7209858,0.6095773,-0.6102709,0.3071128,0.4020781,
1,12,34.195,0.1599418,1.297181,-0.7209858,0.6095773,-0.6102709,0.3071128,0.4020781,
1,12,34.197,0.1599418,1.297181,-0.7209858,0.6095773,-0.6102709,0.3071128,0.4020781,
1,12,34.199,0.1599418,1.297181,-0.7209858,0.6095773,-0.6102709,0.3071128,0.4020781,
1,12,34.201,0.1621817,1.295488,-0.7204651,0.6082035,-0.6057271,0.3116329,0.4075144,
1,12,34.203,0.1621817,1.295488,-0.7204651,0.6082035,-0.6057271,0.3116329,0.4075144,
1,12,34.205,0.1621817,1.295488,-0.7204651,0.6082035,-0.6057271,0.3116329,0.4075144,
1,12,34.207,0.1621817,1.295488,-0.7204651,0.6082035,-0.6057271,0.3116329,0.4075144,
1,12,34.209,0.1645693,1.293349,-0.7202994,0.6074029,-0.602029,0.3149208,0.4116404,
1,12,34.211,0.1645693,1.293349,-0.7202994,0.6074029,-0.602029,0.3149208,0.4116404,
1,12,34.213,0.1645693,1.293349,-0.7202994,0.6074029,-0.602029,0.3149208,0.4116404,
1,12,34.215,0.1645693,1.293349,-0.7202994,0.6074029,-0.602029,0.3149208,0.4116404,
1,12,34.217,0.1645693,1.293349,-0.7202994,0.6074029,-0.602029,0.3149208,0.4116404,
1,12,34.219,0.1673105,1.290923,-0.7197298,0.6073035,-0.5996211,0.3168458,0.4138185,
1,12,34.221,0.1673105,1.290923,-0.7197298,0.6073035,-0.5996211,0.3168458,0.4138185,
1,12,34.223,0.1673105,1.290923,-0.7197298,0.6073035,-0.5996211,0.3168458,0.4138185,
1,12,34.225,0.1673105,1.290923,-0.7197298,0.6073035,-0.5996211,0.3168458,0.4138185,
1,12,34.227,0.1704559,1.287369,-0.7190729,0.6074514,-0.5994651,0.3165663,0.4140414,
1,12,34.229,0.1704559,1.287369,-0.7190729,0.6074514,-0.5994651,0.3165663,0.4140414,
1,12,34.231,0.1704559,1.287369,-0.7190729,0.6074514,-0.5994651,0.3165663,0.4140414,
1,12,34.233,0.1704559,1.287369,-0.7190729,0.6074514,-0.5994651,0.3165663,0.4140414,
1,12,34.235,0.1739182,1.283202,-0.7181237,0.6083209,-0.6010526,0.3143771,0.412127,
1,12,34.237,0.1739182,1.283202,-0.7181237,0.6083209,-0.6010526,0.3143771,0.412127,
1,12,34.239,0.1739182,1.283202,-0.7181237,0.6083209,-0.6010526,0.3143771,0.412127,
1,12,34.241,0.1739182,1.283202,-0.7181237,0.6083209,-0.6010526,0.3143771,0.412127,
1,12,34.243,0.1776015,1.27868,-0.7176903,0.609675,-0.6029019,0.3112732,0.409774,
1,12,34.245,0.1776015,1.27868,-0.7176903,0.609675,-0.6029019,0.3112732,0.409774,
1,12,34.247,0.1776015,1.27868,-0.7176903,0.609675,-0.6029019,0.3112732,0.409774,
1,12,34.249,0.1776015,1.27868,-0.7176903,0.609675,-0.6029019,0.3112732,0.409774,
1,12,34.251,0.1816067,1.273933,-0.7169803,0.6109207,-0.6050939,0.3081998,0.4070015,
1,12,34.253,0.1816067,1.273933,-0.7169803,0.6109207,-0.6050939,0.3081998,0.4070015,
1,12,34.255,0.1816067,1.273933,-0.7169803,0.6109207,-0.6050939,0.3081998,0.4070015,
1,12,34.257,0.1816067,1.273933,-0.7169803,0.6109207,-0.6050939,0.3081998,0.4070015,
1,12,34.259,0.1856678,1.269111,-0.7165716,0.6124616,-0.6068916,0.305138,0.404307,
1,12,34.261,0.1856678,1.269111,-0.7165716,0.6124616,-0.6068916,0.305138,0.404307,
1,12,34.263,0.1856678,1.269111,-0.7165716,0.6124616,-0.6068916,0.305138,0.404307,
1,12,34.265,0.1856678,1.269111,-0.7165716,0.6124616,-0.6068916,0.305138,0.404307,
1,12,34.267,0.1856678,1.269111,-0.7165716,0.6124616,-0.6068916,0.305138,0.404307,
1,12,34.269,0.1897244,1.263608,-0.716271,0.6130524,-0.6084725,0.302904,0.4027123,
1,12,34.271,0.1897244,1.263608,-0.716271,0.6130524,-0.6084725,0.302904,0.4027123,
1,12,34.273,0.1897244,1.263608,-0.716271,0.6130524,-0.6084725,0.302904,0.4027123,
1,12,34.275,0.1897244,1.263608,-0.716271,0.6130524,-0.6084725,0.302904,0.4027123,
1,12,34.277,0.1934646,1.258333,-0.7157887,0.6132401,-0.6090952,0.3020488,0.402127,
1,12,34.279,0.1934646,1.258333,-0.7157887,0.6132401,-0.6090952,0.3020488,0.402127,
1,12,34.281,0.1934646,1.258333,-0.7157887,0.6132401,-0.6090952,0.3020488,0.402127,
1,12,34.283,0.1934646,1.258333,-0.7157887,0.6132401,-0.6090952,0.3020488,0.402127,
1,12,34.285,0.1970976,1.253125,-0.7155648,0.6130163,-0.6086287,0.3024848,0.4028462,
1,12,34.287,0.1970976,1.253125,-0.7155648,0.6130163,-0.6086287,0.3024848,0.4028462,
1,12,34.289,0.1970976,1.253125,-0.7155648,0.6130163,-0.6086287,0.3024848,0.4028462,
1,12,34.291,0.1970976,1.253125,-0.7155648,0.6130163,-0.6086287,0.3024848,0.4028462,
1,12,34.293,0.2003653,1.248331,-0.7152334,0.6126255,-0.6075092,0.3039934,0.4039934,
1,12,34.295,0.2003653,1.248331,-0.7152334,0.6126255,-0.6075092,0.3039934,0.4039934,
1,12,34.297,0.2003653,1.248331,-0.7152334,0.6126255,-0.6075092,0.3039934,0.4039934,
1,12,34.299,0.2003653,1.248331,-0.7152334,0.6126255,-0.6075092,0.3039934,0.4039934,
1,12,34.301,0.203195,1.243841,-0.7150478,0.612035,-0.6058525,0.3060173,0.4058441,
1,12,34.303,0.203195,1.243841,-0.7150478,0.612035,-0.6058525,0.3060173,0.4058441,
1,12,34.305,0.203195,1.243841,-0.7150478,0.612035,-0.6058525,0.3060173,0.4058441,
1,12,34.307,0.203195,1.243841,-0.7150478,0.612035,-0.6058525,0.3060173,0.4058441,
1,12,34.309,0.2056579,1.239825,-0.7147191,0.6114904,-0.6041024,0.308306,0.4075381,
1,12,34.311,0.2056579,1.239825,-0.7147191,0.6114904,-0.6041024,0.308306,0.4075381,
1,12,34.313,0.2056579,1.239825,-0.7147191,0.6114904,-0.6041024,0.308306,0.4075381,
1,12,34.315,0.2056579,1.239825,-0.7147191,0.6114904,-0.6041024,0.308306,0.4075381,
1,12,34.317,0.2056579,1.239825,-0.7147191,0.6114904,-0.6041024,0.308306,0.4075381,
1,12,34.319,0.2076297,1.236773,-0.7148761,0.6118103,-0.6020821,0.3101124,0.4086753,
1,12,34.321,0.2076297,1.236773,-0.7148761,0.6118103,-0.6020821,0.3101124,0.4086753,
1,12,34.323,0.2076297,1.236773,-0.7148761,0.6118103,-0.6020821,0.3101124,0.4086753,
1,12,34.325,0.2076297,1.236773,-0.7148761,0.6118103,-0.6020821,0.3101124,0.4086753,
1,12,34.327,0.2090715,1.234735,-0.7148772,0.6125776,-0.6000033,0.3117704,0.4093215,
1,12,34.329,0.2090715,1.234735,-0.7148772,0.6125776,-0.6000033,0.3117704,0.4093215,
1,12,34.331,0.2090715,1.234735,-0.7148772,0.6125776,-0.6000033,0.3117704,0.4093215,
1,12,34.333,0.2090715,1.234735,-0.7148772,0.6125776,-0.6000033,0.3117704,0.4093215,
1,12,34.335,0.2102211,1.232976,-0.714806,0.6132222,-0.5986587,0.3128985,0.4094641,
1,12,34.337,0.2102211,1.232976,-0.714806,0.6132222,-0.5986587,0.3128985,0.4094641,
1,12,34.339,0.2102211,1.232976,-0.714806,0.6132222,-0.5986587,0.3128985,0.4094641,
1,12,34.341,0.2102211,1.232976,-0.714806,0.6132222,-0.5986587,0.3128985,0.4094641,
1,12,34.343,0.2110313,1.23188,-0.7144414,0.6140813,-0.5976421,0.313805,0.4089676,
1,12,34.345,0.2110313,1.23188,-0.7144414,0.6140813,-0.5976421,0.313805,0.4089676,
1,12,34.347,0.2110313,1.23188,-0.7144414,0.6140813,-0.5976421,0.313805,0.4089676,
1,12,34.349,0.2110313,1.23188,-0.7144414,0.6140813,-0.5976421,0.313805,0.4089676,
1,12,34.351,0.2115034,1.231286,-0.7141777,0.6150128,-0.597107,0.3140958,0.4081253,
1,12,34.353,0.2115034,1.231286,-0.7141777,0.6150128,-0.597107,0.3140958,0.4081253,
1,12,34.355,0.2115034,1.231286,-0.7141777,0.6150128,-0.597107,0.3140958,0.4081253,
1,12,34.357,0.2115034,1.231286,-0.7141777,0.6150128,-0.597107,0.3140958,0.4081253,
1,12,34.359,0.2118021,1.231284,-0.713648,0.6159479,-0.5968362,0.3143092,0.4069453,
1,12,34.361,0.2118021,1.231284,-0.713648,0.6159479,-0.5968362,0.3143092,0.4069453,
1,12,34.363,0.2118021,1.231284,-0.713648,0.6159479,-0.5968362,0.3143092,0.4069453,
1,12,34.365,0.2118021,1.231284,-0.713648,0.6159479,-0.5968362,0.3143092,0.4069453,
1,12,34.367,0.2118021,1.231284,-0.713648,0.6159479,-0.5968362,0.3143092,0.4069453,
1,12,34.369,0.2119326,1.231822,-0.7132912,0.6170027,-0.5967456,0.3140646,0.4056672,
1,12,34.371,0.2119326,1.231822,-0.7132912,0.6170027,-0.5967456,0.3140646,0.4056672,
1,12,34.373,0.2119326,1.231822,-0.7132912,0.6170027,-0.5967456,0.3140646,0.4056672,
1,12,34.375,0.2119326,1.231822,-0.7132912,0.6170027,-0.5967456,0.3140646,0.4056672,
1,12,34.377,0.2118914,1.232665,-0.7129803,0.6178524,-0.5970616,0.3134668,0.4043691,
1,12,34.379,0.2118914,1.232665,-0.7129803,0.6178524,-0.5970616,0.3134668,0.4043691,
1,12,34.381,0.2118914,1.232665,-0.7129803,0.6178524,-0.5970616,0.3134668,0.4043691,
1,12,34.383,0.2118914,1.232665,-0.7129803,0.6178524,-0.5970616,0.3134668,0.4043691,
1,12,34.385,0.2116731,1.233855,-0.7125874,0.618488,-0.5977352,0.312648,0.403034,
1,12,34.387,0.2116731,1.233855,-0.7125874,0.618488,-0.5977352,0.312648,0.403034,
1,12,34.389,0.2116731,1.233855,-0.7125874,0.618488,-0.5977352,0.312648,0.403034,
1,12,34.391,0.2116731,1.233855,-0.7125874,0.618488,-0.5977352,0.312648,0.403034,
1,12,34.393,0.2114064,1.235246,-0.7120751,0.6188679,-0.5988952,0.3115174,0.4016019,
1,12,34.395,0.2114064,1.235246,-0.7120751,0.6188679,-0.5988952,0.3115174,0.4016019,
1,12,34.397,0.2114064,1.235246,-0.7120751,0.6188679,-0.5988952,0.3115174,0.4016019,
1,12,34.399,0.2114064,1.235246,-0.7120751,0.6188679,-0.5988952,0.3115174,0.4016019,
1,12,34.401,0.2110267,1.236569,-0.7116156,0.618862,-0.6004032,0.3101862,0.4003876,
1,12,34.403,0.2110267,1.236569,-0.7116156,0.618862,-0.6004032,0.3101862,0.4003876,
1,12,34.405,0.2110267,1.236569,-0.7116156,0.618862,-0.6004032,0.3101862,0.4003876,
1,12,34.407,0.2110267,1.236569,-0.7116156,0.618862,-0.6004032,0.3101862,0.4003876,
1,12,34.409,0.2104116,1.238144,-0.7113487,0.6185571,-0.6017736,0.3090386,0.3996884,
1,12,34.411,0.2104116,1.238144,-0.7113487,0.6185571,-0.6017736,0.3090386,0.3996884,
1,12,34.413,0.2104116,1.238144,-0.7113487,0.6185571,-0.6017736,0.3090386,0.3996884,
1,12,34.415,0.2104116,1.238144,-0.7113487,0.6185571,-0.6017736,0.3090386,0.3996884,
1,12,34.417,0.2104116,1.238144,-0.7113487,0.6185571,-0.6017736,0.3090386,0.3996884,
1,12,34.419,0.2099433,1.239753,-0.7107506,0.617536,-0.6031417,0.3086141,0.3995333,
1,12,34.421,0.2099433,1.239753,-0.7107506,0.617536,-0.6031417,0.3086141,0.3995333,
1,12,34.423,0.2099433,1.239753,-0.7107506,0.617536,-0.6031417,0.3086141,0.3995333,
1,12,34.425,0.2099433,1.239753,-0.7107506,0.617536,-0.6031417,0.3086141,0.3995333,
1,12,34.427,0.2093094,1.241484,-0.7102393,0.6161699,-0.6043081,0.3085047,0.3999641,
1,12,34.429,0.2093094,1.241484,-0.7102393,0.6161699,-0.6043081,0.3085047,0.3999641,
1,12,34.431,0.2093094,1.241484,-0.7102393,0.6161699,-0.6043081,0.3085047,0.3999641,
1,12,34.433,0.2093094,1.241484,-0.7102393,0.6161699,-0.6043081,0.3085047,0.3999641,
1,12,34.435,0.2086169,1.242812,-0.7096599,0.6141168,-0.6057973,0.3084534,0.4009075,
1,12,34.437,0.2086169,1.242812,-0.7096599,0.6141168,-0.6057973,0.3084534,0.4009075,
1,12,34.439,0.2086169,1.242812,-0.7096599,0.6141168,-0.6057973,0.3084534,0.4009075,
1,12,34.441,0.2086169,1.242812,-0.7096599,0.6141168,-0.6057973,0.3084534,0.4009075,
1,12,34.443,0.2079815,1.2443,-0.7091641,0.6120982,-0.6072529,0.3083103,0.4019011,
1,12,34.445,0.2079815,1.2443,-0.7091641,0.6120982,-0.6072529,0.3083103,0.4019011,
1,12,34.447,0.2079815,1.2443,-0.7091641,0.6120982,-0.6072529,0.3083103,0.4019011,
1,12,34.449,0.2079815,1.2443,-0.7091641,0.6120982,-0.6072529,0.3083103,0.4019011,
1,12,34.451,0.2073368,1.245584,-0.7087543,0.6101302,-0.6090863,0.3076921,0.4025925,
1,12,34.453,0.2073368,1.245584,-0.7087543,0.6101302,-0.6090863,0.3076921,0.4025925,
1,12,34.455,0.2073368,1.245584,-0.7087543,0.6101302,-0.6090863,0.3076921,0.4025925,
1,12,34.457,0.2073368,1.245584,-0.7087543,0.6101302,-0.6090863,0.3076921,0.4025925,
1,12,34.459,0.2066883,1.247085,-0.7082192,0.6084343,-0.611207,0.3068056,0.4026216,
1,12,34.461,0.2066883,1.247085,-0.7082192,0.6084343,-0.611207,0.3068056,0.4026216,
1,12,34.463,0.2066883,1.247085,-0.7082192,0.6084343,-0.611207,0.3068056,0.4026216,
1,12,34.465,0.2066883,1.247085,-0.7082192,0.6084343,-0.611207,0.3068056,0.4026216,
1,12,34.467,0.2066883,1.247085,-0.7082192,0.6084343,-0.611207,0.3068056,0.4026216,
1,12,34.469,0.2059788,1.248399,-0.7080863,0.6070594,-0.6135246,0.3053647,0.4022673,
1,12,34.471,0.2059788,1.248399,-0.7080863,0.6070594,-0.6135246,0.3053647,0.4022673,
1,12,34.473,0.2059788,1.248399,-0.7080863,0.6070594,-0.6135246,0.3053647,0.4022673,
1,12,34.475,0.2059788,1.248399,-0.7080863,0.6070594,-0.6135246,0.3053647,0.4022673,
1,12,34.477,0.2052928,1.24965,-0.7076538,0.6055636,-0.6158491,0.3042871,0.401786,
1,12,34.479,0.2052928,1.24965,-0.7076538,0.6055636,-0.6158491,0.3042871,0.401786,
1,12,34.481,0.2052928,1.24965,-0.7076538,0.6055636,-0.6158491,0.3042871,0.401786,
1,12,34.483,0.2052928,1.24965,-0.7076538,0.6055636,-0.6158491,0.3042871,0.401786,
1,12,34.485,0.2046076,1.251029,-0.7071862,0.6040027,-0.6177152,0.3039827,0.4015015,
1,12,34.487,0.2046076,1.251029,-0.7071862,0.6040027,-0.6177152,0.3039827,0.4015015,
1,12,34.489,0.2046076,1.251029,-0.7071862,0.6040027,-0.6177152,0.3039827,0.4015015,
1,12,34.491,0.2046076,1.251029,-0.7071862,0.6040027,-0.6177152,0.3039827,0.4015015,
1,12,34.493,0.2038747,1.252127,-0.7068355,0.6022819,-0.6191757,0.3042595,0.4016269,
1,12,34.495,0.2038747,1.252127,-0.7068355,0.6022819,-0.6191757,0.3042595,0.4016269,
1,12,34.497,0.2038747,1.252127,-0.7068355,0.6022819,-0.6191757,0.3042595,0.4016269,
1,12,34.499,0.2038747,1.252127,-0.7068355,0.6022819,-0.6191757,0.3042595,0.4016269,
1,12,34.501,0.2032205,1.253462,-0.7062111,0.6006041,-0.6202541,0.305315,0.4016745,
1,12,34.503,0.2032205,1.253462,-0.7062111,0.6006041,-0.6202541,0.305315,0.4016745,
1,12,34.505,0.2032205,1.253462,-0.7062111,0.6006041,-0.6202541,0.305315,0.4016745,
1,12,34.507,0.2032205,1.253462,-0.7062111,0.6006041,-0.6202541,0.305315,0.4016745,
1,12,34.509,0.2025377,1.254708,-0.7059147,0.5992149,-0.6211066,0.306388,0.401615,
1,12,34.511,0.2025377,1.254708,-0.7059147,0.5992149,-0.6211066,0.306388,0.401615,
1,12,34.513,0.2025377,1.254708,-0.7059147,0.5992149,-0.6211066,0.306388,0.401615,
1,12,34.515,0.2025377,1.254708,-0.7059147,0.5992149,-0.6211066,0.306388,0.401615,
1,12,34.517,0.2025377,1.254708,-0.7059147,0.5992149,-0.6211066,0.306388,0.401615,
1,12,34.519,0.2017431,1.255643,-0.7055926,0.598027,-0.6219993,0.3074548,0.4011884,
1,12,34.521,0.2017431,1.255643,-0.7055926,0.598027,-0.6219993,0.3074548,0.4011884,
1,12,34.523,0.2017431,1.255643,-0.7055926,0.598027,-0.6219993,0.3074548,0.4011884,
1,12,34.525,0.2017431,1.255643,-0.7055926,0.598027,-0.6219993,0.3074548,0.4011884,
1,12,34.527,0.2009083,1.256679,-0.7054492,0.5973198,-0.622856,0.3083593,0.4002176,
1,12,34.529,0.2009083,1.256679,-0.7054492,0.5973198,-0.622856,0.3083593,0.4002176,
1,12,34.531,0.2009083,1.256679,-0.7054492,0.5973198,-0.622856,0.3083593,0.4002176,
1,12,34.533,0.2009083,1.256679,-0.7054492,0.5973198,-0.622856,0.3083593,0.4002176,
1,12,34.535,0.2000797,1.257751,-0.7052701,0.5968887,-0.6236039,0.3093619,0.3989202,
1,12,34.537,0.2000797,1.257751,-0.7052701,0.5968887,-0.6236039,0.3093619,0.3989202,
1,12,34.539,0.2000797,1.257751,-0.7052701,0.5968887,-0.6236039,0.3093619,0.3989202,
1,12,34.541,0.2000797,1.257751,-0.7052701,0.5968887,-0.6236039,0.3093619,0.3989202,
1,12,34.543,0.1992019,1.25891,-0.7050672,0.5966552,-0.6240187,0.31063,0.3976332,
1,12,34.545,0.1992019,1.25891,-0.7050672,0.5966552,-0.6240187,0.31063,0.3976332,
1,12,34.547,0.1992019,1.25891,-0.7050672,0.5966552,-0.6240187,0.31063,0.3976332,
1,12,34.549,0.1992019,1.25891,-0.7050672,0.5966552,-0.6240187,0.31063,0.3976332,
1,12,34.551,0.1981791,1.259853,-0.704832,0.5965243,-0.6244715,0.3119603,0.3960745,
1,12,34.553,0.1981791,1.259853,-0.704832,0.5965243,-0.6244715,0.3119603,0.3960745,
1,12,34.555,0.1981791,1.259853,-0.704832,0.5965243,-0.6244715,0.3119603,0.3960745,
1,12,34.557,0.1981791,1.259853,-0.704832,0.5965243,-0.6244715,0.3119603,0.3960745,
1,12,34.559,0.197101,1.260823,-0.7049066,0.5968308,-0.6246774,0.3131542,0.3943421,
1,12,34.561,0.197101,1.260823,-0.7049066,0.5968308,-0.6246774,0.3131542,0.3943421,
1,12,34.563,0.197101,1.260823,-0.7049066,0.5968308,-0.6246774,0.3131542,0.3943421,
1,12,34.565,0.197101,1.260823,-0.7049066,0.5968308,-0.6246774,0.3131542,0.3943421,
1,12,34.567,0.197101,1.260823,-0.7049066,0.5968308,-0.6246774,0.3131542,0.3943421,
1,12,34.569,0.1960656,1.261799,-0.704897,0.5973546,-0.6249064,0.3143023,0.3922673,
1,12,34.571,0.1960656,1.261799,-0.704897,0.5973546,-0.6249064,0.3143023,0.3922673,
1,12,34.573,0.1960656,1.261799,-0.704897,0.5973546,-0.6249064,0.3143023,0.3922673,
1,12,34.575,0.1960656,1.261799,-0.704897,0.5973546,-0.6249064,0.3143023,0.3922673,
1,12,34.577,0.1949814,1.26282,-0.7048107,0.5977657,-0.6249273,0.3157859,0.3904117,
1,12,34.579,0.1949814,1.26282,-0.7048107,0.5977657,-0.6249273,0.3157859,0.3904117,
1,12,34.581,0.1949814,1.26282,-0.7048107,0.5977657,-0.6249273,0.3157859,0.3904117,
1,12,34.583,0.1949814,1.26282,-0.7048107,0.5977657,-0.6249273,0.3157859,0.3904117,
1,12,34.585,0.1939337,1.263922,-0.7046666,0.598009,-0.6245078,0.3179255,0.3889712,
1,12,34.587,0.1939337,1.263922,-0.7046666,0.598009,-0.6245078,0.3179255,0.3889712,
1,12,34.589,0.1939337,1.263922,-0.7046666,0.598009,-0.6245078,0.3179255,0.3889712,
1,12,34.591,0.1939337,1.263922,-0.7046666,0.598009,-0.6245078,0.3179255,0.3889712,
1,12,34.593,0.1928388,1.264651,-0.7047947,0.5978421,-0.6238623,0.3203352,0.3882861,
1,12,34.595,0.1928388,1.264651,-0.7047947,0.5978421,-0.6238623,0.3203352,0.3882861,
1,12,34.597,0.1928388,1.264651,-0.7047947,0.5978421,-0.6238623,0.3203352,0.3882861,
1,12,34.599,0.1928388,1.264651,-0.7047947,0.5978421,-0.6238623,0.3203352,0.3882861,
1,12,34.601,0.1917023,1.265349,-0.7049173,0.5972417,-0.6226117,0.3235416,0.3885587,
1,12,34.603,0.1917023,1.265349,-0.7049173,0.5972417,-0.6226117,0.3235416,0.3885587,
1,12,34.605,0.1917023,1.265349,-0.7049173,0.5972417,-0.6226117,0.3235416,0.3885587,
1,12,34.607,0.1917023,1.265349,-0.7049173,0.5972417,-0.6226117,0.3235416,0.3885587,
1,12,34.609,0.1906951,1.266174,-0.7049884,0.5965416,-0.6210507,0.3271517,0.3891093,
1,12,34.611,0.1906951,1.266174,-0.7049884,0.5965416,-0.6210507,0.3271517,0.3891093,
1,12,34.613,0.1906951,1.266174,-0.7049884,0.5965416,-0.6210507,0.3271517,0.3891093,
1,12,34.615,0.1906951,1.266174,-0.7049884,0.5965416,-0.6210507,0.3271517,0.3891093,
1,12,34.617,0.1906951,1.266174,-0.7049884,0.5965416,-0.6210507,0.3271517,0.3891093,
1,12,34.619,0.1897883,1.267073,-0.704694,0.5960758,-0.6196718,0.3305263,0.3891697,
1,12,34.621,0.1897883,1.267073,-0.704694,0.5960758,-0.6196718,0.3305263,0.3891697,
1,12,34.623,0.1897883,1.267073,-0.704694,0.5960758,-0.6196718,0.3305263,0.3891697,
1,12,34.625,0.1897883,1.267073,-0.704694,0.5960758,-0.6196718,0.3305263,0.3891697,
1,12,34.627,0.1888074,1.267685,-0.7053037,0.5960297,-0.618481,0.3326664,0.3893107,
1,12,34.629,0.1888074,1.267685,-0.7053037,0.5960297,-0.618481,0.3326664,0.3893107,
1,12,34.631,0.1888074,1.267685,-0.7053037,0.5960297,-0.618481,0.3326664,0.3893107,
1,12,34.633,0.1888074,1.267685,-0.7053037,0.5960297,-0.618481,0.3326664,0.3893107,
1,12,34.635,0.1881861,1.268389,-0.7059163,0.5963004,-0.6173288,0.3343218,0.3893071,
1,12,34.637,0.1881861,1.268389,-0.7059163,0.5963004,-0.6173288,0.3343218,0.3893071,
1,12,34.639,0.1881861,1.268389,-0.7059163,0.5963004,-0.6173288,0.3343218,0.3893071,
1,12,34.641,0.1881861,1.268389,-0.7059163,0.5963004,-0.6173288,0.3343218,0.3893071,
1,12,34.643,0.1879396,1.269484,-0.7062767,0.5969062,-0.6161175,0.3357742,0.3890473,
1,12,34.645,0.1879396,1.269484,-0.7062767,0.5969062,-0.6161175,0.3357742,0.3890473,
1,12,34.647,0.1879396,1.269484,-0.7062767,0.5969062,-0.6161175,0.3357742,0.3890473,
1,12,34.649,0.1879396,1.269484,-0.7062767,0.5969062,-0.6161175,0.3357742,0.3890473,
1,12,34.651,0.1878882,1.270432,-0.7067085,0.5975571,-0.6149771,0.3369472,0.3888384,
1,12,34.653,0.1878882,1.270432,-0.7067085,0.5975571,-0.6149771,0.3369472,0.3888384,
1,12,34.655,0.1878882,1.270432,-0.7067085,0.5975571,-0.6149771,0.3369472,0.3888384,
1,12,34.657,0.1878882,1.270432,-0.7067085,0.5975571,-0.6149771,0.3369472,0.3888384,
1,12,34.659,0.1877548,1.270371,-0.7077978,0.5980264,-0.614414,0.3368703,0.3890735,
1,12,34.661,0.1877548,1.270371,-0.7077978,0.5980264,-0.614414,0.3368703,0.3890735,
1,12,34.663,0.1877548,1.270371,-0.7077978,0.5980264,-0.614414,0.3368703,0.3890735,
1,12,34.665,0.1877548,1.270371,-0.7077978,0.5980264,-0.614414,0.3368703,0.3890735,
1,12,34.667,0.1877548,1.270371,-0.7077978,0.5980264,-0.614414,0.3368703,0.3890735,
1,12,34.669,0.1876552,1.270109,-0.7087933,0.5983341,-0.6140024,0.3366976,0.3893996,
1,12,34.671,0.1876552,1.270109,-0.7087933,0.5983341,-0.6140024,0.3366976,0.3893996,
1,12,34.673,0.1876552,1.270109,-0.7087933,0.5983341,-0.6140024,0.3366976,0.3893996,
1,12,34.675,0.1876552,1.270109,-0.7087933,0.5983341,-0.6140024,0.3366976,0.3893996,
1,12,34.677,0.1876244,1.269763,-0.7097028,0.5985864,-0.6137481,0.3364301,0.389644,
1,12,34.679,0.1876244,1.269763,-0.7097028,0.5985864,-0.6137481,0.3364301,0.389644,
1,12,34.681,0.1876244,1.269763,-0.7097028,0.5985864,-0.6137481,0.3364301,0.389644,
1,12,34.683,0.1876244,1.269763,-0.7097028,0.5985864,-0.6137481,0.3364301,0.389644,
1,12,34.685,0.1875909,1.268913,-0.710694,0.5986004,-0.6137309,0.3359781,0.3900392,
1,12,34.687,0.1875909,1.268913,-0.710694,0.5986004,-0.6137309,0.3359781,0.3900392,
1,12,34.689,0.1875909,1.268913,-0.710694,0.5986004,-0.6137309,0.3359781,0.3900392,
1,12,34.691,0.1875909,1.268913,-0.710694,0.5986004,-0.6137309,0.3359781,0.3900392,
1,12,34.693,0.187575,1.267715,-0.7116572,0.5982737,-0.6137841,0.3356742,0.3907178,
1,12,34.695,0.187575,1.267715,-0.7116572,0.5982737,-0.6137841,0.3356742,0.3907178,
1,12,34.697,0.187575,1.267715,-0.7116572,0.5982737,-0.6137841,0.3356742,0.3907178,
1,12,34.699,0.187575,1.267715,-0.7116572,0.5982737,-0.6137841,0.3356742,0.3907178,
1,12,34.701,0.1874644,1.266325,-0.71275,0.59762,-0.6135647,0.3357846,0.3919662,
1,12,34.703,0.1874644,1.266325,-0.71275,0.59762,-0.6135647,0.3357846,0.3919662,
1,12,34.705,0.1874644,1.266325,-0.71275,0.59762,-0.6135647,0.3357846,0.3919662,
1,12,34.707,0.1874644,1.266325,-0.71275,0.59762,-0.6135647,0.3357846,0.3919662,
1,12,34.709,0.1873982,1.265189,-0.7134563,0.5965429,-0.6127729,0.3370854,0.3937251,
1,12,34.711,0.1873982,1.265189,-0.7134563,0.5965429,-0.6127729,0.3370854,0.3937251,
1,12,34.713,0.1873982,1.265189,-0.7134563,0.5965429,-0.6127729,0.3370854,0.3937251,
1,12,34.715,0.1873982,1.265189,-0.7134563,0.5965429,-0.6127729,0.3370854,0.3937251,
1,12,34.717,0.1873982,1.265189,-0.7134563,0.5965429,-0.6127729,0.3370854,0.3937251,
1,12,34.719,0.1873856,1.263864,-0.714105,0.5951273,-0.6119796,0.3386877,0.3957209,
1,12,34.721,0.1873856,1.263864,-0.714105,0.5951273,-0.6119796,0.3386877,0.3957209,
1,12,34.723,0.1873856,1.263864,-0.714105,0.5951273,-0.6119796,0.3386877,0.3957209,
1,12,34.725,0.1873856,1.263864,-0.714105,0.5951273,-0.6119796,0.3386877,0.3957209,
1,12,34.727,0.1873273,1.262348,-0.7147379,0.5934566,-0.611038,0.3406596,0.3979861,
1,12,34.729,0.1873273,1.262348,-0.7147379,0.5934566,-0.611038,0.3406596,0.3979861,
1,12,34.731,0.1873273,1.262348,-0.7147379,0.5934566,-0.611038,0.3406596,0.3979861,
1,12,34.733,0.1873273,1.262348,-0.7147379,0.5934566,-0.611038,0.3406596,0.3979861,
1,12,34.735,0.1874169,1.260875,-0.7150401,0.591554,-0.6098948,0.3432211,0.4003642,
1,12,34.737,0.1874169,1.260875,-0.7150401,0.591554,-0.6098948,0.3432211,0.4003642,
1,12,34.739,0.1874169,1.260875,-0.7150401,0.591554,-0.6098948,0.3432211,0.4003642,
1,12,34.741,0.1874169,1.260875,-0.7150401,0.591554,-0.6098948,0.3432211,0.4003642,
1,12,34.743,0.1875634,1.259576,-0.7152415,0.589798,-0.6088749,0.3457171,0.402355,
1,12,34.745,0.1875634,1.259576,-0.7152415,0.589798,-0.6088749,0.3457171,0.402355,
1,12,34.747,0.1875634,1.259576,-0.7152415,0.589798,-0.6088749,0.3457171,0.402355,
1,12,34.749,0.1875634,1.259576,-0.7152415,0.589798,-0.6088749,0.3457171,0.402355,
1,12,34.751,0.1877441,1.258316,-0.7154527,0.5881951,-0.6080381,0.3479537,0.4040352,
1,12,34.753,0.1877441,1.258316,-0.7154527,0.5881951,-0.6080381,0.3479537,0.4040352,
1,12,34.755,0.1877441,1.258316,-0.7154527,0.5881951,-0.6080381,0.3479537,0.4040352,
1,12,34.757,0.1877441,1.258316,-0.7154527,0.5881951,-0.6080381,0.3479537,0.4040352,
1,12,34.759,0.1879037,1.257295,-0.7156279,0.5868422,-0.6073784,0.3499222,0.4052928,
1,12,34.761,0.1879037,1.257295,-0.7156279,0.5868422,-0.6073784,0.3499222,0.4052928,
1,12,34.763,0.1879037,1.257295,-0.7156279,0.5868422,-0.6073784,0.3499222,0.4052928,
1,12,34.765,0.1879037,1.257295,-0.7156279,0.5868422,-0.6073784,0.3499222,0.4052928,
1,12,34.767,0.1879037,1.257295,-0.7156279,0.5868422,-0.6073784,0.3499222,0.4052928,
1,12,34.769,0.1880518,1.256469,-0.7156518,0.5857583,-0.6070703,0.3515925,0.4058764,
1,12,34.771,0.1880518,1.256469,-0.7156518,0.5857583,-0.6070703,0.3515925,0.4058764,
1,12,34.773,0.1880518,1.256469,-0.7156518,0.5857583,-0.6070703,0.3515925,0.4058764,
1,12,34.775,0.1880518,1.256469,-0.7156518,0.5857583,-0.6070703,0.3515925,0.4058764,
1,12,34.777,0.1881784,1.255582,-0.7157584,0.5847414,-0.6068858,0.3530781,0.4063286,
1,12,34.779,0.1881784,1.255582,-0.7157584,0.5847414,-0.6068858,0.3530781,0.4063286,
1,12,34.781,0.1881784,1.255582,-0.7157584,0.5847414,-0.6068858,0.3530781,0.4063286,
1,12,34.783,0.1881784,1.255582,-0.7157584,0.5847414,-0.6068858,0.3530781,0.4063286,
1,12,34.785,0.1882223,1.254757,-0.7157484,0.5835679,-0.6067895,0.3545942,0.4068391,
1,12,34.787,0.1882223,1.254757,-0.7157484,0.5835679,-0.6067895,0.3545942,0.4068391,
1,12,34.789,0.1882223,1.254757,-0.7157484,0.5835679,-0.6067895,0.3545942,0.4068391,
1,12,34.791,0.1882223,1.254757,-0.7157484,0.5835679,-0.6067895,0.3545942,0.4068391,
1,12,34.793,0.1882308,1.254177,-0.7156938,0.5824271,-0.6066059,0.3562048,0.4073403,
1,12,34.795,0.1882308,1.254177,-0.7156938,0.5824271,-0.6066059,0.3562048,0.4073403,
1,12,34.797,0.1882308,1.254177,-0.7156938,0.5824271,-0.6066059,0.3562048,0.4073403,
1,12,34.799,0.1882308,1.254177,-0.7156938,0.5824271,-0.6066059,0.3562048,0.4073403,
1,12,34.801,0.1881464,1.25382,-0.7155032,0.5812941,-0.6063611,0.3579622,0.4077826,
1,12,34.803,0.1881464,1.25382,-0.7155032,0.5812941,-0.6063611,0.3579622,0.4077826,
1,12,34.805,0.1881464,1.25382,-0.7155032,0.5812941,-0.6063611,0.3579622,0.4077826,
1,12,34.807,0.1881464,1.25382,-0.7155032,0.5812941,-0.6063611,0.3579622,0.4077826,
1,12,34.809,0.1880337,1.253597,-0.7150681,0.5800059,-0.6060765,0.3599814,0.4082619,
1,12,34.811,0.1880337,1.253597,-0.7150681,0.5800059,-0.6060765,0.3599814,0.4082619,
1,12,34.813,0.1880337,1.253597,-0.7150681,0.5800059,-0.6060765,0.3599814,0.4082619,
1,12,34.815,0.1880337,1.253597,-0.7150681,0.5800059,-0.6060765,0.3599814,0.4082619,
1,12,34.817,0.1880337,1.253597,-0.7150681,0.5800059,-0.6060765,0.3599814,0.4082619,
1,12,34.819,0.1877611,1.253395,-0.7147043,0.578683,-0.6058929,0.3617902,0.4088126,
1,12,34.821,0.1877611,1.253395,-0.7147043,0.578683,-0.6058929,0.3617902,0.4088126,
1,12,34.823,0.1877611,1.253395,-0.7147043,0.578683,-0.6058929,0.3617902,0.4088126,
1,12,34.825,0.1877611,1.253395,-0.7147043,0.578683,-0.6058929,0.3617902,0.4088126,
1,12,34.827,0.1874579,1.253281,-0.7145271,0.5775641,-0.6056848,0.3631991,0.4094534,
1,12,34.829,0.1874579,1.253281,-0.7145271,0.5775641,-0.6056848,0.3631991,0.4094534,
1,12,34.831,0.1874579,1.253281,-0.7145271,0.5775641,-0.6056848,0.3631991,0.4094534,
1,12,34.833,0.1874579,1.253281,-0.7145271,0.5775641,-0.6056848,0.3631991,0.4094534,
1,12,34.835,0.1870757,1.253436,-0.7143329,0.5764802,-0.6054084,0.364583,0.4101592,
1,12,34.837,0.1870757,1.253436,-0.7143329,0.5764802,-0.6054084,0.364583,0.4101592,
1,12,34.839,0.1870757,1.253436,-0.7143329,0.5764802,-0.6054084,0.364583,0.4101592,
1,12,34.841,0.1870757,1.253436,-0.7143329,0.5764802,-0.6054084,0.364583,0.4101592,
1,12,34.843,0.1866729,1.2535,-0.7140256,0.5752319,-0.6053452,0.3658259,0.4108976,
1,12,34.845,0.1866729,1.2535,-0.7140256,0.5752319,-0.6053452,0.3658259,0.4108976,
1,12,34.847,0.1866729,1.2535,-0.7140256,0.5752319,-0.6053452,0.3658259,0.4108976,
1,12,34.849,0.1866729,1.2535,-0.7140256,0.5752319,-0.6053452,0.3658259,0.4108976,
1,12,34.851,0.18628,1.253533,-0.7137708,0.5741239,-0.6054131,0.3667555,0.4115182,
1,12,34.853,0.18628,1.253533,-0.7137708,0.5741239,-0.6054131,0.3667555,0.4115182,
1,12,34.855,0.18628,1.253533,-0.7137708,0.5741239,-0.6054131,0.3667555,0.4115182,
1,12,34.857,0.18628,1.253533,-0.7137708,0.5741239,-0.6054131,0.3667555,0.4115182,
1,12,34.859,0.1859508,1.253697,-0.713599,0.5732598,-0.605476,0.3675145,0.4119527,
1,12,34.861,0.1859508,1.253697,-0.713599,0.5732598,-0.605476,0.3675145,0.4119527,
1,12,34.863,0.1859508,1.253697,-0.713599,0.5732598,-0.605476,0.3675145,0.4119527,
1,12,34.865,0.1859508,1.253697,-0.713599,0.5732598,-0.605476,0.3675145,0.4119527,
1,12,34.867,0.1859508,1.253697,-0.713599,0.5732598,-0.605476,0.3675145,0.4119527,
1,12,34.869,0.1856243,1.253945,-0.713384,0.5723498,-0.6055423,0.3684067,0.4123238,
1,12,34.871,0.1856243,1.253945,-0.713384,0.5723498,-0.6055423,0.3684067,0.4123238,
1,12,34.873,0.1856243,1.253945,-0.713384,0.5723498,-0.6055423,0.3684067,0.4123238,
1,12,34.875,0.1856243,1.253945,-0.713384,0.5723498,-0.6055423,0.3684067,0.4123238,
1,12,34.877,0.1853998,1.254682,-0.7127653,0.5714965,-0.6054026,0.3698446,0.4124251,
1,12,34.879,0.1853998,1.254682,-0.7127653,0.5714965,-0.6054026,0.3698446,0.4124251,
1,12,34.881,0.1853998,1.254682,-0.7127653,0.5714965,-0.6054026,0.3698446,0.4124251,
1,12,34.883,0.1853998,1.254682,-0.7127653,0.5714965,-0.6054026,0.3698446,0.4124251,
1,12,34.885,0.1853372,1.255694,-0.712033,0.5709686,-0.6052268,0.3713209,0.4120877,
1,12,34.887,0.1853372,1.255694,-0.712033,0.5709686,-0.6052268,0.3713209,0.4120877,
1,12,34.889,0.1853372,1.255694,-0.712033,0.5709686,-0.6052268,0.3713209,0.4120877,
1,12,34.891,0.1853372,1.255694,-0.712033,0.5709686,-0.6052268,0.3713209,0.4120877,
1,12,34.893,0.1852278,1.256378,-0.7118478,0.5708103,-0.6053665,0.3720465,0.4114468,
1,12,34.895,0.1852278,1.256378,-0.7118478,0.5708103,-0.6053665,0.3720465,0.4114468,
1,12,34.897,0.1852278,1.256378,-0.7118478,0.5708103,-0.6053665,0.3720465,0.4114468,
1,12,34.899,0.1852278,1.256378,-0.7118478,0.5708103,-0.6053665,0.3720465,0.4114468,
1,12,34.901,0.1851908,1.257351,-0.7116284,0.5709527,-0.6056033,0.3726451,0.4103576,
1,12,34.903,0.1851908,1.257351,-0.7116284,0.5709527,-0.6056033,0.3726451,0.4103576,
1,12,34.905,0.1851908,1.257351,-0.7116284,0.5709527,-0.6056033,0.3726451,0.4103576,
1,12,34.907,0.1851908,1.257351,-0.7116284,0.5709527,-0.6056033,0.3726451,0.4103576,
1,12,34.909,0.1850244,1.258097,-0.7113475,0.5712711,-0.6063113,0.37284,0.4086885,
1,12,34.911,0.1850244,1.258097,-0.7113475,0.5712711,-0.6063113,0.37284,0.4086885,
1,12,34.913,0.1850244,1.258097,-0.7113475,0.5712711,-0.6063113,0.37284,0.4086885,
1,12,34.915,0.1850244,1.258097,-0.7113475,0.5712711,-0.6063113,0.37284,0.4086885,
1,12,34.917,0.1850244,1.258097,-0.7113475,0.5712711,-0.6063113,0.37284,0.4086885,
1,12,34.919,0.1848282,1.258524,-0.7114912,0.5717187,-0.6070989,0.3725919,0.4071168,
1,12,34.921,0.1848282,1.258524,-0.7114912,0.5717187,-0.6070989,0.3725919,0.4071168,
1,12,34.923,0.1848282,1.258524,-0.7114912,0.5717187,-0.6070989,0.3725919,0.4071168,
1,12,34.925,0.1848282,1.258524,-0.7114912,0.5717187,-0.6070989,0.3725919,0.4071168,
1,12,34.927,0.1847172,1.258582,-0.7121623,0.5721949,-0.6079245,0.3720298,0.4057273,
1,12,34.929,0.1847172,1.258582,-0.7121623,0.5721949,-0.6079245,0.3720298,0.4057273,
1,12,34.931,0.1847172,1.258582,-0.7121623,0.5721949,-0.6079245,0.3720298,0.4057273,
1,12,34.933,0.1847172,1.258582,-0.7121623,0.5721949,-0.6079245,0.3720298,0.4057273,
1,12,34.935,0.1845912,1.258426,-0.712534,0.5722975,-0.6086205,0.3719238,0.4046349,
1,12,34.937,0.1845912,1.258426,-0.712534,0.5722975,-0.6086205,0.3719238,0.4046349,
1,12,34.939,0.1845912,1.258426,-0.712534,0.5722975,-0.6086205,0.3719238,0.4046349,
1,12,34.941,0.1845912,1.258426,-0.712534,0.5722975,-0.6086205,0.3719238,0.4046349,
1,12,34.943,0.1844565,1.258321,-0.7128034,0.5721214,-0.6089861,0.3723774,0.4039161,
1,12,34.945,0.1844565,1.258321,-0.7128034,0.5721214,-0.6089861,0.3723774,0.4039161,
1,12,34.947,0.1844565,1.258321,-0.7128034,0.5721214,-0.6089861,0.3723774,0.4039161,
1,12,34.949,0.1844565,1.258321,-0.7128034,0.5721214,-0.6089861,0.3723774,0.4039161,
1,12,34.951,0.1841813,1.257649,-0.7134265,0.5715095,-0.6091595,0.3729535,0.4039893,
1,12,34.953,0.1841813,1.257649,-0.7134265,0.5715095,-0.6091595,0.3729535,0.4039893,
1,12,34.955,0.1841813,1.257649,-0.7134265,0.5715095,-0.6091595,0.3729535,0.4039893,
1,12,34.957,0.1841813,1.257649,-0.7134265,0.5715095,-0.6091595,0.3729535,0.4039893,
1,12,34.959,0.1840243,1.257168,-0.7140481,0.5707047,-0.608883,0.3740918,0.404491,
1,12,34.961,0.1840243,1.257168,-0.7140481,0.5707047,-0.608883,0.3740918,0.404491,
1,12,34.963,0.1840243,1.257168,-0.7140481,0.5707047,-0.608883,0.3740918,0.404491,
1,12,34.965,0.1840243,1.257168,-0.7140481,0.5707047,-0.608883,0.3740918,0.404491,
1,12,34.967,0.1840243,1.257168,-0.7140481,0.5707047,-0.608883,0.3740918,0.404491,
1,12,34.969,0.1838616,1.256773,-0.714425,0.5698026,-0.6083372,0.3756519,0.4051378,
1,12,34.971,0.1838616,1.256773,-0.714425,0.5698026,-0.6083372,0.3756519,0.4051378,
1,12,34.973,0.1838616,1.256773,-0.714425,0.5698026,-0.6083372,0.3756519,0.4051378,
1,12,34.975,0.1838616,1.256773,-0.714425,0.5698026,-0.6083372,0.3756519,0.4051378,
1,12,34.977,0.183923,1.257328,-0.7139502,0.5689371,-0.6073306,0.3783068,0.4053936,
1,12,34.979,0.183923,1.257328,-0.7139502,0.5689371,-0.6073306,0.3783068,0.4053936,
1,12,34.981,0.183923,1.257328,-0.7139502,0.5689371,-0.6073306,0.3783068,0.4053936,
1,12,34.983,0.183923,1.257328,-0.7139502,0.5689371,-0.6073306,0.3783068,0.4053936,
1,12,34.985,0.1839808,1.257739,-0.7138648,0.5683324,-0.6066045,0.3803775,0.4053917,
1,12,34.987,0.1839808,1.257739,-0.7138648,0.5683324,-0.6066045,0.3803775,0.4053917,
1,12,34.989,0.1839808,1.257739,-0.7138648,0.5683324,-0.6066045,0.3803775,0.4053917,
1,12,34.991,0.1839808,1.257739,-0.7138648,0.5683324,-0.6066045,0.3803775,0.4053917,
1,12,34.993,0.1839841,1.257457,-0.7144917,0.5679129,-0.606439,0.3814003,0.405266,
1,12,34.995,0.1839841,1.257457,-0.7144917,0.5679129,-0.606439,0.3814003,0.405266,
1,12,34.997,0.1839841,1.257457,-0.7144917,0.5679129,-0.606439,0.3814003,0.405266,
1,12,34.999,0.1839841,1.257457,-0.7144917,0.5679129,-0.606439,0.3814003,0.405266,
1,12,35.001,0.1840969,1.257119,-0.7152349,0.5676882,-0.6062692,0.3821487,0.4051299,
1,12,35.003,0.1840969,1.257119,-0.7152349,0.5676882,-0.6062692,0.3821487,0.4051299,
1,12,35.005,0.1840969,1.257119,-0.7152349,0.5676882,-0.6062692,0.3821487,0.4051299,
1,12,35.007,0.1840969,1.257119,-0.7152349,0.5676882,-0.6062692,0.3821487,0.4051299,
1,12,35.009,0.1842742,1.257098,-0.7156954,0.5674346,-0.6060905,0.3831537,0.404803,
1,12,35.011,0.1842742,1.257098,-0.7156954,0.5674346,-0.6060905,0.3831537,0.404803,
1,12,35.013,0.1842742,1.257098,-0.7156954,0.5674346,-0.6060905,0.3831537,0.404803,
1,12,35.015,0.1842742,1.257098,-0.7156954,0.5674346,-0.6060905,0.3831537,0.404803,
1,12,35.017,0.1842742,1.257098,-0.7156954,0.5674346,-0.6060905,0.3831537,0.404803,
1,12,35.019,0.1844933,1.256701,-0.7169012,0.56732,-0.6060587,0.3835899,0.4045982,
1,12,35.021,0.1844933,1.256701,-0.7169012,0.56732,-0.6060587,0.3835899,0.4045982,
1,12,35.023,0.1844933,1.256701,-0.7169012,0.56732,-0.6060587,0.3835899,0.4045982,
1,12,35.025,0.1844933,1.256701,-0.7169012,0.56732,-0.6060587,0.3835899,0.4045982,
1,12,35.027,0.1847884,1.256492,-0.717706,0.5668587,-0.6056739,0.3847178,0.4047501,
1,12,35.029,0.1847884,1.256492,-0.717706,0.5668587,-0.6056739,0.3847178,0.4047501,
1,12,35.031,0.1847884,1.256492,-0.717706,0.5668587,-0.6056739,0.3847178,0.4047501,
1,12,35.033,0.1847884,1.256492,-0.717706,0.5668587,-0.6056739,0.3847178,0.4047501,
1,12,35.035,0.185068,1.256132,-0.7181777,0.5660969,-0.605478,0.3859639,0.404923,
1,12,35.037,0.185068,1.256132,-0.7181777,0.5660969,-0.605478,0.3859639,0.404923,
1,12,35.039,0.185068,1.256132,-0.7181777,0.5660969,-0.605478,0.3859639,0.404923,
1,12,35.041,0.185068,1.256132,-0.7181777,0.5660969,-0.605478,0.3859639,0.404923,
1,12,35.043,0.1853273,1.255642,-0.7188014,0.5653155,-0.6054731,0.3869771,0.4050548,
1,12,35.045,0.1853273,1.255642,-0.7188014,0.5653155,-0.6054731,0.3869771,0.4050548,
1,12,35.047,0.1853273,1.255642,-0.7188014,0.5653155,-0.6054731,0.3869771,0.4050548,
1,12,35.049,0.1853273,1.255642,-0.7188014,0.5653155,-0.6054731,0.3869771,0.4050548,
1,12,35.051,0.1855479,1.255457,-0.7193733,0.5644493,-0.605186,0.3884053,0.4053249,
1,12,35.053,0.1855479,1.255457,-0.7193733,0.5644493,-0.605186,0.3884053,0.4053249,
1,12,35.055,0.1855479,1.255457,-0.7193733,0.5644493,-0.605186,0.3884053,0.4053249,
1,12,35.057,0.1855479,1.255457,-0.7193733,0.5644493,-0.605186,0.3884053,0.4053249,
1,12,35.059,0.1858253,1.255111,-0.7199029,0.5634464,-0.6049674,0.3898972,0.4056142,
1,12,35.061,0.1858253,1.255111,-0.7199029,0.5634464,-0.6049674,0.3898972,0.4056142,
1,12,35.063,0.1858253,1.255111,-0.7199029,0.5634464,-0.6049674,0.3898972,0.4056142,
1,12,35.065,0.1858253,1.255111,-0.7199029,0.5634464,-0.6049674,0.3898972,0.4056142,
1,12,35.067,0.1858253,1.255111,-0.7199029,0.5634464,-0.6049674,0.3898972,0.4056142,
1,12,35.069,0.1861338,1.254508,-0.720503,0.562288,-0.6049201,0.3911801,0.4060566,
1,12,35.071,0.1861338,1.254508,-0.720503,0.562288,-0.6049201,0.3911801,0.4060566,
1,12,35.073,0.1861338,1.254508,-0.720503,0.562288,-0.6049201,0.3911801,0.4060566,
1,12,35.075,0.1861338,1.254508,-0.720503,0.562288,-0.6049201,0.3911801,0.4060566,
1,12,35.077,0.1863883,1.253836,-0.7210656,0.5610126,-0.604828,0.3926269,0.4065613,
1,12,35.079,0.1863883,1.253836,-0.7210656,0.5610126,-0.604828,0.3926269,0.4065613,
1,12,35.081,0.1863883,1.253836,-0.7210656,0.5610126,-0.604828,0.3926269,0.4065613,
1,12,35.083,0.1863883,1.253836,-0.7210656,0.5610126,-0.604828,0.3926269,0.4065613,CourtEnter
1,12,35.085,0.1866269,1.2536,-0.7211599,0.5597634,-0.6044686,0.394626,0.406882,
1,12,35.087,0.1866269,1.2536,-0.7211599,0.5597634,-0.6044686,0.394626,0.406882,
1,12,35.089,0.1866269,1.2536,-0.7211599,0.5597634,-0.6044686,0.394626,0.406882,
1,12,35.091,0.1866269,1.2536,-0.7211599,0.5597634,-0.6044686,0.394626,0.406882,CourtExit
1,12,35.093,0.1867826,1.252871,-0.7219548,0.5588027,-0.6045762,0.3955674,0.4071284,
1,12,35.095,0.1867826,1.252871,-0.7219548,0.5588027,-0.6045762,0.3955674,0.4071284,
1,12,35.097,0.1867826,1.252871,-0.7219548,0.5588027,-0.6045762,0.3955674,0.4071284,
1,12,35.099,0.1867826,1.252871,-0.7219548,0.5588027,-0.6045762,0.3955674,0.4071284,
1,12,35.101,0.1869193,1.252525,-0.7223887,0.5580832,-0.6048192,0.3965961,0.4067535,
1,12,35.103,0.1869193,1.252525,-0.7223887,0.5580832,-0.6048192,0.3965961,0.4067535,
1,12,35.105,0.1869193,1.252525,-0.7223887,0.5580832,-0.6048192,0.3965961,0.4067535,
1,12,35.107,0.1869193,1.252525,-0.7223887,0.5580832,-0.6048192,0.3965961,0.4067535,
1,12,35.109,0.1872833,1.252562,-0.7225164,0.5577821,-0.604879,0.3977365,0.4059634,
1,12,35.111,0.1872833,1.252562,-0.7225164,0.5577821,-0.604879,0.3977365,0.4059634,
1,12,35.113,0.1872833,1.252562,-0.7225164,0.5577821,-0.604879,0.3977365,0.4059634,
1,12,35.115,0.1872833,1.252562,-0.7225164,0.5577821,-0.604879,0.3977365,0.4059634,
1,12,35.117,0.1872833,1.252562,-0.7225164,0.5577821,-0.604879,0.3977365,0.4059634,
1,12,35.119,0.1874895,1.252746,-0.7222927,0.5574832,-0.6051764,0.3989031,0.4047843,
1,12,35.121,0.1874895,1.252746,-0.7222927,0.5574832,-0.6051764,0.3989031,0.4047843,
1,12,35.123,0.1874895,1.252746,-0.7222927,0.5574832,-0.6051764,0.3989031,0.4047843,
1,12,35.125,0.1874895,1.252746,-0.7222927,0.5574832,-0.6051764,0.3989031,0.4047843,
1,12,35.127,0.1877018,1.252684,-0.7224043,0.5572712,-0.6054882,0.3996793,0.403843,
1,12,35.129,0.1877018,1.252684,-0.7224043,0.5572712,-0.6054882,0.3996793,0.403843,
1,12,35.131,0.1877018,1.252684,-0.7224043,0.5572712,-0.6054882,0.3996793,0.403843,
1,12,35.133,0.1877018,1.252684,-0.7224043,0.5572712,-0.6054882,0.3996793,0.403843,
1,12,35.135,0.1878969,1.252711,-0.7224222,0.5569419,-0.6055613,0.4006829,0.4031929,
1,12,35.137,0.1878969,1.252711,-0.7224222,0.5569419,-0.6055613,0.4006829,0.4031929,
1,12,35.139,0.1878969,1.252711,-0.7224222,0.5569419,-0.6055613,0.4006829,0.4031929,
1,12,35.141,0.1878969,1.252711,-0.7224222,0.5569419,-0.6055613,0.4006829,0.4031929,
1,12,35.143,0.1880166,1.252603,-0.7224147,0.5563876,-0.6055903,0.4017622,0.4028406,
1,12,35.145,0.1880166,1.252603,-0.7224147,0.5563876,-0.6055903,0.4017622,0.4028406,
1,12,35.147,0.1880166,1.252603,-0.7224147,0.5563876,-0.6055903,0.4017622,0.4028406,
1,12,35.149,0.1880166,1.252603,-0.7224147,0.5563876,-0.6055903,0.4017622,0.4028406,
1,12,35.151,0.1881585,1.252051,-0.722904,0.555889,-0.6057791,0.4022481,0.4027601,
1,12,35.153,0.1881585,1.252051,-0.722904,0.555889,-0.6057791,0.4022481,0.4027601,
1,12,35.155,0.1881585,1.252051,-0.722904,0.555889,-0.6057791,0.4022481,0.4027601,
1,12,35.157,0.1881585,1.252051,-0.722904,0.555889,-0.6057791,0.4022481,0.4027601,
1,12,35.159,0.1881926,1.25184,-0.7228941,0.5550667,-0.6055363,0.4034214,0.4030854,
1,12,35.161,0.1881926,1.25184,-0.7228941,0.5550667,-0.6055363,0.4034214,0.4030854,
1,12,35.163,0.1881926,1.25184,-0.7228941,0.5550667,-0.6055363,0.4034214,0.4030854,
1,12,35.165,0.1881926,1.25184,-0.7228941,0.5550667,-0.6055363,0.4034214,0.4030854,
1,12,35.167,0.1881926,1.25184,-0.7228941,0.5550667,-0.6055363,0.4034214,0.4030854,
1,12,35.169,0.1883242,1.251518,-0.7229068,0.5543553,-0.6052974,0.4044814,0.4033608,
1,12,35.171,0.1883242,1.251518,-0.7229068,0.5543553,-0.6052974,0.4044814,0.4033608,
1,12,35.173,0.1883242,1.251518,-0.7229068,0.5543553,-0.6052974,0.4044814,0.4033608,
1,12,35.175,0.1883242,1.251518,-0.7229068,0.5543553,-0.6052974,0.4044814,0.4033608,
1,12,35.177,0.1884499,1.25125,-0.7229387,0.5537108,-0.604986,0.4054918,0.4036989,
1,12,35.179,0.1884499,1.25125,-0.7229387,0.5537108,-0.604986,0.4054918,0.4036989,
1,12,35.181,0.1884499,1.25125,-0.7229387,0.5537108,-0.604986,0.4054918,0.4036989,
1,12,35.183,0.1884499,1.25125,-0.7229387,0.5537108,-0.604986,0.4054918,0.4036989,
1,12,35.185,0.1886352,1.250873,-0.7230972,0.5532745,-0.604781,0.406112,0.4039808,
1,12,35.187,0.1886352,1.250873,-0.7230972,0.5532745,-0.604781,0.406112,0.4039808,
1,12,35.189,0.1886352,1.250873,-0.7230972,0.5532745,-0.604781,0.406112,0.4039808,
1,12,35.191,0.1886352,1.250873,-0.7230972,0.5532745,-0.604781,0.406112,0.4039808,
1,12,35.193,0.1887782,1.250802,-0.7231759,0.5529626,-0.6044981,0.4067474,0.4041919,
1,12,35.195,0.1887782,1.250802,-0.7231759,0.5529626,-0.6044981,0.4067474,0.4041919,
1,12,35.197,0.1887782,1.250802,-0.7231759,0.5529626,-0.6044981,0.4067474,0.4041919,
1,12,35.199,0.1887782,1.250802,-0.7231759,0.5529626,-0.6044981,0.4067474,0.4041919,
1,12,35.201,0.188898,1.250365,-0.7233449,0.5527639,-0.6045292,0.4068968,0.4042667,
1,12,35.203,0.188898,1.250365,-0.7233449,0.5527639,-0.6045292,0.4068968,0.4042667,
1,12,35.205,0.188898,1.250365,-0.7233449,0.5527639,-0.6045292,0.4068968,0.4042667,
1,12,35.207,0.188898,1.250365,-0.7233449,0.5527639,-0.6045292,0.4068968,0.4042667,
1,12,35.209,0.1889309,1.249961,-0.7233836,0.5525073,-0.6045908,0.4071117,0.404309,
1,12,35.211,0.1889309,1.249961,-0.7233836,0.5525073,-0.6045908,0.4071117,0.404309,
1,12,35.213,0.1889309,1.249961,-0.7233836,0.5525073,-0.6045908,0.4071117,0.404309,
1,12,35.215,0.1889309,1.249961,-0.7233836,0.5525073,-0.6045908,0.4071117,0.404309,
1,12,35.217,0.1889309,1.249961,-0.7233836,0.5525073,-0.6045908,0.4071117,0.404309,
1,12,35.219,0.1889783,1.249457,-0.7236598,0.5524559,-0.6046817,0.4070132,0.4043425,
1,12,35.221,0.1889783,1.249457,-0.7236598,0.5524559,-0.6046817,0.4070132,0.4043425,
1,12,35.223,0.1889783,1.249457,-0.7236598,0.5524559,-0.6046817,0.4070132,0.4043425,
1,12,35.225,0.1889783,1.249457,-0.7236598,0.5524559,-0.6046817,0.4070132,0.4043425,
1,12,35.227,0.1889618,1.248827,-0.7238356,0.5524355,-0.6048563,0.4068345,0.404289,
1,12,35.229,0.1889618,1.248827,-0.7238356,0.5524355,-0.6048563,0.4068345,0.404289,
1,12,35.231,0.1889618,1.248827,-0.7238356,0.5524355,-0.6048563,0.4068345,0.404289,
1,12,35.233,0.1889618,1.248827,-0.7238356,0.5524355,-0.6048563,0.4068345,0.404289,
1,12,35.235,0.1889231,1.248467,-0.7237474,0.5523479,-0.6047716,0.4070609,0.4043076,
1,12,35.237,0.1889231,1.248467,-0.7237474,0.5523479,-0.6047716,0.4070609,0.4043076,
1,12,35.239,0.1889231,1.248467,-0.7237474,0.5523479,-0.6047716,0.4070609,0.4043076,
1,12,35.241,0.1889231,1.248467,-0.7237474,0.5523479,-0.6047716,0.4070609,0.4043076,
1,12,35.243,0.1888708,1.248268,-0.7237285,0.5523131,-0.6045097,0.4074292,0.4043758,
1,12,35.245,0.1888708,1.248268,-0.7237285,0.5523131,-0.6045097,0.4074292,0.4043758,
1,12,35.247,0.1888708,1.248268,-0.7237285,0.5523131,-0.6045097,0.4074292,0.4043758,
1,12,35.249,0.1888708,1.248268,-0.7237285,0.5523131,-0.6045097,0.4074292,0.4043758,
1,12,35.251,0.1888371,1.24779,-0.7235998,0.5522841,-0.6044261,0.4076033,0.4043651,
1,12,35.253,0.1888371,1.24779,-0.7235998,0.5522841,-0.6044261,0.4076033,0.4043651,
1,12,35.255,0.1888371,1.24779,-0.7235998,0.5522841,-0.6044261,0.4076033,0.4043651,
1,12,35.257,0.1888371,1.24779,-0.7235998,0.5522841,-0.6044261,0.4076033,0.4043651,
1,12,35.259,0.1888044,1.247613,-0.7235707,0.5524212,-0.6042103,0.4078134,0.4042885,
1,12,35.261,0.1888044,1.247613,-0.7235707,0.5524212,-0.6042103,0.4078134,0.4042885,
1,12,35.263,0.1888044,1.247613,-0.7235707,0.5524212,-0.6042103,0.4078134,0.4042885,
1,12,35.265,0.1888044,1.247613,-0.7235707,0.5524212,-0.6042103,0.4078134,0.4042885,
1,12,35.267,0.1888044,1.247613,-0.7235707,0.5524212,-0.6042103,0.4078134,0.4042885,
1,12,35.269,0.1887213,1.247731,-0.7232947,0.5524973,-0.603752,0.4084191,0.4042577,
1,12,35.271,0.1887213,1.247731,-0.7232947,0.5524973,-0.603752,0.4084191,0.4042577,
1,12,35.273,0.1887213,1.247731,-0.7232947,0.5524973,-0.603752,0.4084191,0.4042577,
1,12,35.275,0.1887213,1.247731,-0.7232947,0.5524973,-0.603752,0.4084191,0.4042577,
1,12,35.277,0.1886007,1.247433,-0.7235712,0.5530934,-0.603503,0.4082362,0.4039987,
1,12,35.279,0.1886007,1.247433,-0.7235712,0.5530934,-0.603503,0.4082362,0.4039987,
1,12,35.281,0.1886007,1.247433,-0.7235712,0.5530934,-0.603503,0.4082362,0.4039987,
1,12,35.283,0.1886007,1.247433,-0.7235712,0.5530934,-0.603503,0.4082362,0.4039987,
1,12,35.285,0.188555,1.246986,-0.7238566,0.5535546,-0.6035039,0.4078065,0.4037997,
1,12,35.287,0.188555,1.246986,-0.7238566,0.5535546,-0.6035039,0.4078065,0.4037997,
1,12,35.289,0.188555,1.246986,-0.7238566,0.5535546,-0.6035039,0.4078065,0.4037997,
1,12,35.291,0.188555,1.246986,-0.7238566,0.5535546,-0.6035039,0.4078065,0.4037997,
1,12,35.293,0.1884671,1.246706,-0.7238703,0.5539401,-0.6034237,0.4076254,0.403574,
1,12,35.295,0.1884671,1.246706,-0.7238703,0.5539401,-0.6034237,0.4076254,0.403574,
1,12,35.297,0.1884671,1.246706,-0.7238703,0.5539401,-0.6034237,0.4076254,0.403574,
1,12,35.299,0.1884671,1.246706,-0.7238703,0.5539401,-0.6034237,0.4076254,0.403574,
1,12,35.301,0.1884307,1.246751,-0.7237368,0.5542297,-0.60311,0.4078691,0.4033988,
1,12,35.303,0.1884307,1.246751,-0.7237368,0.5542297,-0.60311,0.4078691,0.4033988,
1,12,35.305,0.1884307,1.246751,-0.7237368,0.5542297,-0.60311,0.4078691,0.4033988,
1,12,35.307,0.1884307,1.246751,-0.7237368,0.5542297,-0.60311,0.4078691,0.4033988,
1,12,35.309,0.1883231,1.246398,-0.7235443,0.5542966,-0.602976,0.4080194,0.4033552,
1,12,35.311,0.1883231,1.246398,-0.7235443,0.5542966,-0.602976,0.4080194,0.4033552,
1,12,35.313,0.1883231,1.246398,-0.7235443,0.5542966,-0.602976,0.4080194,0.4033552,
1,12,35.315,0.1883231,1.246398,-0.7235443,0.5542966,-0.602976,0.4080194,0.4033552,
1,12,35.317,0.1883231,1.246398,-0.7235443,0.5542966,-0.602976,0.4080194,0.4033552,
1,12,35.319,0.1882638,1.245894,-0.7235958,0.5544958,-0.6028313,0.4079098,0.4034087,
1,12,35.321,0.1882638,1.245894,-0.7235958,0.5544958,-0.6028313,0.4079098,0.4034087,
1,12,35.323,0.1882638,1.245894,-0.7235958,0.5544958,-0.6028313,0.4079098,0.4034087,
1,12,35.325,0.1882638,1.245894,-0.7235958,0.5544958,-0.6028313,0.4079098,0.4034087,
1,12,35.327,0.1882353,1.245618,-0.7236982,0.5545289,-0.6023382,0.4081839,0.4038222,
1,12,35.329,0.1882353,1.245618,-0.7236982,0.5545289,-0.6023382,0.4081839,0.4038222,
1,12,35.331,0.1882353,1.245618,-0.7236982,0.5545289,-0.6023382,0.4081839,0.4038222,
1,12,35.333,0.1882353,1.245618,-0.7236982,0.5545289,-0.6023382,0.4081839,0.4038222,
1,12,35.335,0.1882229,1.245221,-0.7237177,0.5543249,-0.6018152,0.4086047,0.4044558,
1,12,35.337,0.1882229,1.245221,-0.7237177,0.5543249,-0.6018152,0.4086047,0.4044558,
1,12,35.339,0.1882229,1.245221,-0.7237177,0.5543249,-0.6018152,0.4086047,0.4044558,
1,12,35.341,0.1882229,1.245221,-0.7237177,0.5543249,-0.6018152,0.4086047,0.4044558,
1,12,35.343,0.1881809,1.244901,-0.7235073,0.5539094,-0.6012533,0.4092932,0.4051642,
1,12,35.345,0.1881809,1.244901,-0.7235073,0.5539094,-0.6012533,0.4092932,0.4051642,
1,12,35.347,0.1881809,1.244901,-0.7235073,0.5539094,-0.6012533,0.4092932,0.4051642,
1,12,35.349,0.1881809,1.244901,-0.7235073,0.5539094,-0.6012533,0.4092932,0.4051642,
1,12,35.351,0.1880726,1.244328,-0.7233679,0.5535388,-0.600816,0.4097495,0.4058576,
1,12,35.353,0.1880726,1.244328,-0.7233679,0.5535388,-0.600816,0.4097495,0.4058576,
1,12,35.355,0.1880726,1.244328,-0.7233679,0.5535388,-0.600816,0.4097495,0.4058576,
1,12,35.357,0.1880726,1.244328,-0.7233679,0.5535388,-0.600816,0.4097495,0.4058576,
1,12,35.359,0.1880134,1.244015,-0.7232779,0.5534562,-0.600722,0.4098379,0.40602,
1,12,35.361,0.1880134,1.244015,-0.7232779,0.5534562,-0.600722,0.4098379,0.40602,
1,12,35.363,0.1880134,1.244015,-0.7232779,0.5534562,-0.600722,0.4098379,0.40602,
1,12,35.365,0.1880134,1.244015,-0.7232779,0.5534562,-0.600722,0.4098379,0.40602,
1,12,35.367,0.1880134,1.244015,-0.7232779,0.5534562,-0.600722,0.4098379,0.40602,
1,12,35.369,0.1879332,1.243776,-0.7231321,0.5534514,-0.6006989,0.4098579,0.4060406,
1,12,35.371,0.1879332,1.243776,-0.7231321,0.5534514,-0.6006989,0.4098579,0.4060406,
1,12,35.373,0.1879332,1.243776,-0.7231321,0.5534514,-0.6006989,0.4098579,0.4060406,
1,12,35.375,0.1879332,1.243776,-0.7231321,0.5534514,-0.6006989,0.4098579,0.4060406,
1,12,35.377,0.1877828,1.243707,-0.7227342,0.5532998,-0.6006816,0.4101094,0.406019,
1,12,35.379,0.1877828,1.243707,-0.7227342,0.5532998,-0.6006816,0.4101094,0.406019,
1,12,35.381,0.1877828,1.243707,-0.7227342,0.5532998,-0.6006816,0.4101094,0.406019,
1,12,35.383,0.1877828,1.243707,-0.7227342,0.5532998,-0.6006816,0.4101094,0.406019,
1,12,35.385,0.1876849,1.243415,-0.7226801,0.5533217,-0.6008081,0.4099251,0.4059879,
1,12,35.387,0.1876849,1.243415,-0.7226801,0.5533217,-0.6008081,0.4099251,0.4059879,
1,12,35.389,0.1876849,1.243415,-0.7226801,0.5533217,-0.6008081,0.4099251,0.4059879,
1,12,35.391,0.1876849,1.243415,-0.7226801,0.5533217,-0.6008081,0.4099251,0.4059879,
1,12,35.393,0.1875959,1.243197,-0.7226683,0.5533251,-0.6008153,0.4097701,0.4061292,
1,12,35.395,0.1875959,1.243197,-0.7226683,0.5533251,-0.6008153,0.4097701,0.4061292,
1,12,35.397,0.1875959,1.243197,-0.7226683,0.5533251,-0.6008153,0.4097701,0.4061292,
1,12,35.399,0.1875959,1.243197,-0.7226683,0.5533251,-0.6008153,0.4097701,0.4061292,
1,12,35.401,0.1874812,1.24308,-0.722535,0.5530932,-0.6006889,0.4099184,0.4064822,
1,12,35.403,0.1874812,1.24308,-0.722535,0.5530932,-0.6006889,0.4099184,0.4064822,
1,12,35.405,0.1874812,1.24308,-0.722535,0.5530932,-0.6006889,0.4099184,0.4064822,
1,12,35.407,0.1874812,1.24308,-0.722535,0.5530932,-0.6006889,0.4099184,0.4064822,
1,12,35.409,0.1873801,1.243077,-0.7222239,0.5527076,-0.600441,0.4103108,0.4069768,
1,12,35.411,0.1873801,1.243077,-0.7222239,0.5527076,-0.600441,0.4103108,0.4069768,
1,12,35.413,0.1873801,1.243077,-0.7222239,0.5527076,-0.600441,0.4103108,0.4069768,
1,12,35.415,0.1873801,1.243077,-0.7222239,0.5527076,-0.600441,0.4103108,0.4069768,
1,12,35.417,0.1873801,1.243077,-0.7222239,0.5527076,-0.600441,0.4103108,0.4069768,
1,12,35.419,0.1873306,1.243035,-0.7220604,0.5523818,-0.6002614,0.4105272,0.4074655,
1,12,35.421,0.1873306,1.243035,-0.7220604,0.5523818,-0.6002614,0.4105272,0.4074655,
1,12,35.423,0.1873306,1.243035,-0.7220604,0.5523818,-0.6002614,0.4105272,0.4074655,
1,12,35.425,0.1873306,1.243035,-0.7220604,0.5523818,-0.6002614,0.4105272,0.4074655,
1,12,35.427,0.1871971,1.243084,-0.7218312,0.5518572,-0.6000937,0.4107638,0.4081842,
1,12,35.429,0.1871971,1.243084,-0.7218312,0.5518572,-0.6000937,0.4107638,0.4081842,
1,12,35.431,0.1871971,1.243084,-0.7218312,0.5518572,-0.6000937,0.4107638,0.4081842,
1,12,35.433,0.1871971,1.243084,-0.7218312,0.5518572,-0.6000937,0.4107638,0.4081842,
1,12,35.435,0.1870751,1.242971,-0.7217219,0.5515498,-0.6002239,0.4105726,0.4086004,
1,12,35.437,0.1870751,1.242971,-0.7217219,0.5515498,-0.6002239,0.4105726,0.4086004,
1,12,35.439,0.1870751,1.242971,-0.7217219,0.5515498,-0.6002239,0.4105726,0.4086004,
1,12,35.441,0.1870751,1.242971,-0.7217219,0.5515498,-0.6002239,0.4105726,0.4086004,
1,12,35.443,0.1869931,1.242754,-0.7217935,0.5513932,-0.6005148,0.4100463,0.408913,
1,12,35.445,0.1869931,1.242754,-0.7217935,0.5513932,-0.6005148,0.4100463,0.408913,
1,12,35.447,0.1869931,1.242754,-0.7217935,0.5513932,-0.6005148,0.4100463,0.408913,
1,12,35.449,0.1869931,1.242754,-0.7217935,0.5513932,-0.6005148,0.4100463,0.408913,
1,12,35.451,0.186888,1.242601,-0.7218056,0.5511932,-0.6007421,0.4096163,0.4092792,
1,12,35.453,0.186888,1.242601,-0.7218056,0.5511932,-0.6007421,0.4096163,0.4092792,
1,12,35.455,0.186888,1.242601,-0.7218056,0.5511932,-0.6007421,0.4096163,0.4092792,
1,12,35.457,0.186888,1.242601,-0.7218056,0.5511932,-0.6007421,0.4096163,0.4092792,
1,12,35.459,0.186803,1.24247,-0.7218483,0.5510401,-0.6009485,0.4091932,0.4096056,
1,12,35.461,0.186803,1.24247,-0.7218483,0.5510401,-0.6009485,0.4091932,0.4096056,
1,12,35.463,0.186803,1.24247,-0.7218483,0.5510401,-0.6009485,0.4091932,0.4096056,
1,12,35.465,0.186803,1.24247,-0.7218483,0.5510401,-0.6009485,0.4091932,0.4096056,
1,12,35.467,0.186803,1.24247,-0.7218483,0.5510401,-0.6009485,0.4091932,0.4096056,
1,12,35.469,0.1866824,1.243016,-0.7211601,0.5504152,-0.6006364,0.4099232,0.4101731,
1,12,35.471,0.1866824,1.243016,-0.7211601,0.5504152,-0.6006364,0.4099232,0.4101731,
1,12,35.473,0.1866824,1.243016,-0.7211601,0.5504152,-0.6006364,0.4099232,0.4101731,
1,12,35.475,0.1866824,1.243016,-0.7211601,0.5504152,-0.6006364,0.4099232,0.4101731,
1,12,35.477,0.1865783,1.243233,-0.7208276,0.549943,-0.6005206,0.4101736,0.4107254,
1,12,35.479,0.1865783,1.243233,-0.7208276,0.549943,-0.6005206,0.4101736,0.4107254,
1,12,35.481,0.1865783,1.243233,-0.7208276,0.549943,-0.6005206,0.4101736,0.4107254,
1,12,35.483,0.1865783,1.243233,-0.7208276,0.549943,-0.6005206,0.4101736,0.4107254,
1,12,35.485,0.18649,1.243253,-0.7206551,0.5496008,-0.6005851,0.4100307,0.4112316,
1,12,35.487,0.18649,1.243253,-0.7206551,0.5496008,-0.6005851,0.4100307,0.4112316,
1,12,35.489,0.18649,1.243253,-0.7206551,0.5496008,-0.6005851,0.4100307,0.4112316,
1,12,35.491,0.18649,1.243253,-0.7206551,0.5496008,-0.6005851,0.4100307,0.4112316,
1,12,35.493,0.1864058,1.243142,-0.7206936,0.5493766,-0.6007473,0.4095806,0.4117423,
1,12,35.495,0.1864058,1.243142,-0.7206936,0.5493766,-0.6007473,0.4095806,0.4117423,
1,12,35.497,0.1864058,1.243142,-0.7206936,0.5493766,-0.6007473,0.4095806,0.4117423,
1,12,35.499,0.1864058,1.243142,-0.7206936,0.5493766,-0.6007473,0.4095806,0.4117423,
1,12,35.501,0.1863367,1.243293,-0.720896,0.5494089,-0.6009148,0.408868,0.412163,
1,12,35.503,0.1863367,1.243293,-0.720896,0.5494089,-0.6009148,0.408868,0.412163,
1,12,35.505,0.1863367,1.243293,-0.720896,0.5494089,-0.6009148,0.408868,0.412163,
1,12,35.507,0.1863367,1.243293,-0.720896,0.5494089,-0.6009148,0.408868,0.412163,
1,12,35.509,0.1862497,1.243404,-0.7209379,0.5493742,-0.6010348,0.4085448,0.4123547,
1,12,35.511,0.1862497,1.243404,-0.7209379,0.5493742,-0.6010348,0.4085448,0.4123547,
1,12,35.513,0.1862497,1.243404,-0.7209379,0.5493742,-0.6010348,0.4085448,0.4123547,
1,12,35.515,0.1862497,1.243404,-0.7209379,0.5493742,-0.6010348,0.4085448,0.4123547,
1,12,35.517,0.1862497,1.243404,-0.7209379,0.5493742,-0.6010348,0.4085448,0.4123547,
1,12,35.519,0.1861328,1.24333,-0.7208637,0.5492022,-0.6012427,0.4082346,0.4125878,
1,12,35.521,0.1861328,1.24333,-0.7208637,0.5492022,-0.6012427,0.4082346,0.4125878,
1,12,35.523,0.1861328,1.24333,-0.7208637,0.5492022,-0.6012427,0.4082346,0.4125878,
1,12,35.525,0.1861328,1.24333,-0.7208637,0.5492022,-0.6012427,0.4082346,0.4125878,
1,12,35.527,0.1860368,1.243067,-0.7209844,0.5490422,-0.6015676,0.4076961,0.4128596,
1,12,35.529,0.1860368,1.243067,-0.7209844,0.5490422,-0.6015676,0.4076961,0.4128596,
1,12,35.531,0.1860368,1.243067,-0.7209844,0.5490422,-0.6015676,0.4076961,0.4128596,
1,12,35.533,0.1860368,1.243067,-0.7209844,0.5490422,-0.6015676,0.4076961,0.4128596,
1,12,35.535,0.1859375,1.242981,-0.7209527,0.5487623,-0.6017573,0.407471,0.4131774,
1,12,35.537,0.1859375,1.242981,-0.7209527,0.5487623,-0.6017573,0.407471,0.4131774,
1,12,35.539,0.1859375,1.242981,-0.7209527,0.5487623,-0.6017573,0.407471,0.4131774,
1,12,35.541,0.1859375,1.242981,-0.7209527,0.5487623,-0.6017573,0.407471,0.4131774,
1,12,35.543,0.1858748,1.242891,-0.721086,0.5486909,-0.6020032,0.4070744,0.413305,
1,12,35.545,0.1858748,1.242891,-0.721086,0.5486909,-0.6020032,0.4070744,0.413305,
1,12,35.547,0.1858748,1.242891,-0.721086,0.5486909,-0.6020032,0.4070744,0.413305,
1,12,35.549,0.1858748,1.242891,-0.721086,0.5486909,-0.6020032,0.4070744,0.413305,
1,12,35.551,0.1857975,1.243093,-0.7209567,0.5485653,-0.6020564,0.4070918,0.4133768,
1,12,35.553,0.1857975,1.243093,-0.7209567,0.5485653,-0.6020564,0.4070918,0.4133768,
1,12,35.555,0.1857975,1.243093,-0.7209567,0.5485653,-0.6020564,0.4070918,0.4133768,
1,12,35.557,0.1857975,1.243093,-0.7209567,0.5485653,-0.6020564,0.4070918,0.4133768,
1,12,35.559,0.1857026,1.243111,-0.7209579,0.5484868,-0.602234,0.4069678,0.4133445,
1,12,35.561,0.1857026,1.243111,-0.7209579,0.5484868,-0.602234,0.4069678,0.4133445,
1,12,35.563,0.1857026,1.243111,-0.7209579,0.5484868,-0.602234,0.4069678,0.4133445,
1,12,35.565,0.1857026,1.243111,-0.7209579,0.5484868,-0.602234,0.4069678,0.4133445,
1,12,35.567,0.1857026,1.243111,-0.7209579,0.5484868,-0.602234,0.4069678,0.4133445,
1,12,35.569,0.1856494,1.243009,-0.7211336,0.5485679,-0.6025057,0.4066363,0.4131674,
1,12,35.571,0.1856494,1.243009,-0.7211336,0.5485679,-0.6025057,0.4066363,0.4131674,
1,12,35.573,0.1856494,1.243009,-0.7211336,0.5485679,-0.6025057,0.4066363,0.4131674,
1,12,35.575,0.1856494,1.243009,-0.7211336,0.5485679,-0.6025057,0.4066363,0.4131674,
1,12,35.577,0.1855146,1.243186,-0.7211083,0.5486025,-0.6025956,0.4067287,0.4128991,
1,12,35.579,0.1855146,1.243186,-0.7211083,0.5486025,-0.6025956,0.4067287,0.4128991,
1,12,35.581,0.1855146,1.243186,-0.7211083,0.5486025,-0.6025956,0.4067287,0.4128991,
1,12,35.583,0.1855146,1.243186,-0.7211083,0.5486025,-0.6025956,0.4067287,0.4128991,
1,12,35.585,0.1855302,1.243109,-0.7208467,0.5484898,-0.6026977,0.4069938,0.4126385,
1,12,35.587,0.1855302,1.243109,-0.7208467,0.5484898,-0.6026977,0.4069938,0.4126385,
1,12,35.589,0.1855302,1.243109,-0.7208467,0.5484898,-0.6026977,0.4069938,0.4126385,
1,12,35.591,0.1855302,1.243109,-0.7208467,0.5484898,-0.6026977,0.4069938,0.4126385,
1,12,35.593,0.1854978,1.243301,-0.7211306,0.5488188,-0.6026269,0.4070242,0.4122744,
1,12,35.595,0.1854978,1.243301,-0.7211306,0.5488188,-0.6026269,0.4070242,0.4122744,
1,12,35.597,0.1854978,1.243301,-0.7211306,0.5488188,-0.6026269,0.4070242,0.4122744,
1,12,35.599,0.1854978,1.243301,-0.7211306,0.5488188,-0.6026269,0.4070242,0.4122744,
1,12,35.601,0.1855659,1.243331,-0.7208695,0.5488379,-0.6025489,0.4074635,0.4119289,
1,12,35.603,0.1855659,1.243331,-0.7208695,0.5488379,-0.6025489,0.4074635,0.4119289,
1,12,35.605,0.1855659,1.243331,-0.7208695,0.5488379,-0.6025489,0.4074635,0.4119289,
1,12,35.607,0.1855659,1.243331,-0.7208695,0.5488379,-0.6025489,0.4074635,0.4119289,
1,12,35.609,0.1856411,1.243426,-0.7208177,0.5491462,-0.6025537,0.4076496,0.4113263,
1,12,35.611,0.1856411,1.243426,-0.7208177,0.5491462,-0.6025537,0.4076496,0.4113263,
1,12,35.613,0.1856411,1.243426,-0.7208177,0.5491462,-0.6025537,0.4076496,0.4113263,
1,12,35.615,0.1856411,1.243426,-0.7208177,0.5491462,-0.6025537,0.4076496,0.4113263,
1,12,35.617,0.1856411,1.243426,-0.7208177,0.5491462,-0.6025537,0.4076496,0.4113263,
1,12,35.619,0.185751,1.243598,-0.7206908,0.5494422,-0.6024877,0.4079075,0.4107716,
1,12,35.621,0.185751,1.243598,-0.7206908,0.5494422,-0.6024877,0.4079075,0.4107716,
1,12,35.623,0.185751,1.243598,-0.7206908,0.5494422,-0.6024877,0.4079075,0.4107716,
1,12,35.625,0.185751,1.243598,-0.7206908,0.5494422,-0.6024877,0.4079075,0.4107716,
1,12,35.627,0.1858161,1.243667,-0.7205817,0.5496962,-0.6025596,0.4080489,0.4101856,
1,12,35.629,0.1858161,1.243667,-0.7205817,0.5496962,-0.6025596,0.4080489,0.4101856,
1,12,35.631,0.1858161,1.243667,-0.7205817,0.5496962,-0.6025596,0.4080489,0.4101856,
1,12,35.633,0.1858161,1.243667,-0.7205817,0.5496962,-0.6025596,0.4080489,0.4101856,
1,12,35.635,0.1859601,1.243661,-0.7204577,0.5498854,-0.6025804,0.4082209,0.4097301,
1,12,35.637,0.1859601,1.243661,-0.7204577,0.5498854,-0.6025804,0.4082209,0.4097301,
1,12,35.639,0.1859601,1.243661,-0.7204577,0.5498854,-0.6025804,0.4082209,0.4097301,
1,12,35.641,0.1859601,1.243661,-0.7204577,0.5498854,-0.6025804,0.4082209,0.4097301,
1,12,35.643,0.1860849,1.243634,-0.7204028,0.5499563,-0.602552,0.4084927,0.4094056,
1,12,35.645,0.1860849,1.243634,-0.7204028,0.5499563,-0.602552,0.4084927,0.4094056,
1,12,35.647,0.1860849,1.243634,-0.7204028,0.5499563,-0.602552,0.4084927,0.4094056,
1,12,35.649,0.1860849,1.243634,-0.7204028,0.5499563,-0.602552,0.4084927,0.4094056,
1,12,35.651,0.1863961,1.243168,-0.7205389,0.5499867,-0.6026441,0.4086221,0.4090999,
1,12,35.653,0.1863961,1.243168,-0.7205389,0.5499867,-0.6026441,0.4086221,0.4090999,
1,12,35.655,0.1863961,1.243168,-0.7205389,0.5499867,-0.6026441,0.4086221,0.4090999,
1,12,35.657,0.1863961,1.243168,-0.7205389,0.5499867,-0.6026441,0.4086221,0.4090999,
1,12,35.659,0.1865675,1.243032,-0.7205458,0.5499319,-0.6026173,0.4089335,0.4089018,
1,12,35.661,0.1865675,1.243032,-0.7205458,0.5499319,-0.6026173,0.4089335,0.4089018,
1,12,35.663,0.1865675,1.243032,-0.7205458,0.5499319,-0.6026173,0.4089335,0.4089018,
1,12,35.665,0.1865675,1.243032,-0.7205458,0.5499319,-0.6026173,0.4089335,0.4089018,
1,12,35.667,0.1865675,1.243032,-0.7205458,0.5499319,-0.6026173,0.4089335,0.4089018,
1,12,35.669,0.1867155,1.24287,-0.7207232,0.5498734,-0.6026037,0.4091975,0.4087364,
1,12,35.671,0.1867155,1.24287,-0.7207232,0.5498734,-0.6026037,0.4091975,0.4087364,
1,12,35.673,0.1867155,1.24287,-0.7207232,0.5498734,-0.6026037,0.4091975,0.4087364,
1,12,35.675,0.1867155,1.24287,-0.7207232,0.5498734,-0.6026037,0.4091975,0.4087364,
1,12,35.677,0.1868591,1.24246,-0.7211068,0.5498306,-0.6027266,0.409201,0.4086092,
1,12,35.679,0.1868591,1.24246,-0.7211068,0.5498306,-0.6027266,0.409201,0.4086092,
1,12,35.681,0.1868591,1.24246,-0.7211068,0.5498306,-0.6027266,0.409201,0.4086092,
1,12,35.683,0.1868591,1.24246,-0.7211068,0.5498306,-0.6027266,0.409201,0.4086092,
1,12,35.685,0.1869894,1.24202,-0.7214513,0.5497201,-0.6028467,0.4092797,0.408502,
1,12,35.687,0.1869894,1.24202,-0.7214513,0.5497201,-0.6028467,0.4092797,0.408502,
1,12,35.689,0.1869894,1.24202,-0.7214513,0.5497201,-0.6028467,0.4092797,0.408502,
1,12,35.691,0.1869894,1.24202,-0.7214513,0.5497201,-0.6028467,0.4092797,0.408502,
1,12,35.693,0.1872458,1.241397,-0.7222552,0.550027,-0.6031429,0.4087778,0.4081539,
1,12,35.695,0.1872458,1.241397,-0.7222552,0.550027,-0.6031429,0.4087778,0.4081539,
1,12,35.697,0.1872458,1.241397,-0.7222552,0.550027,-0.6031429,0.4087778,0.4081539,
1,12,35.699,0.1872458,1.241397,-0.7222552,0.550027,-0.6031429,0.4087778,0.4081539,
1,12,35.701,0.1874578,1.241255,-0.7225872,0.5500707,-0.6031585,0.4089801,0.4078693,
1,12,35.703,0.1874578,1.241255,-0.7225872,0.5500707,-0.6031585,0.4089801,0.4078693,
1,12,35.705,0.1874578,1.241255,-0.7225872,0.5500707,-0.6031585,0.4089801,0.4078693,
1,12,35.707,0.1874578,1.241255,-0.7225872,0.5500707,-0.6031585,0.4089801,0.4078693,
1,12,35.709,0.1875928,1.241312,-0.722574,0.5498787,-0.6031685,0.4096038,0.4074873,
1,12,35.711,0.1875928,1.241312,-0.722574,0.5498787,-0.6031685,0.4096038,0.4074873,
1,12,35.713,0.1875928,1.241312,-0.722574,0.5498787,-0.6031685,0.4096038,0.4074873,
1,12,35.715,0.1875928,1.241312,-0.722574,0.5498787,-0.6031685,0.4096038,0.4074873,
1,12,35.717,0.1875928,1.241312,-0.722574,0.5498787,-0.6031685,0.4096038,0.4074873,
1,12,35.719,0.1878014,1.241144,-0.722846,0.5499763,-0.6034219,0.4096855,0.406898,
1,12,35.721,0.1878014,1.241144,-0.722846,0.5499763,-0.6034219,0.4096855,0.406898,
1,12,35.723,0.1878014,1.241144,-0.722846,0.5499763,-0.6034219,0.4096855,0.406898,
1,12,35.725,0.1878014,1.241144,-0.722846,0.5499763,-0.6034219,0.4096855,0.406898,
1,12,35.727,0.187989,1.241402,-0.7225564,0.5496178,-0.6033955,0.4106227,0.4064767,
1,12,35.729,0.187989,1.241402,-0.7225564,0.5496178,-0.6033955,0.4106227,0.4064767,
1,12,35.731,0.187989,1.241402,-0.7225564,0.5496178,-0.6033955,0.4106227,0.4064767,
1,12,35.733,0.187989,1.241402,-0.7225564,0.5496178,-0.6033955,0.4106227,0.4064767,
1,12,35.735,0.1881787,1.241467,-0.7226086,0.5491797,-0.6034261,0.4113792,0.4062583,
1,12,35.737,0.1881787,1.241467,-0.7226086,0.5491797,-0.6034261,0.4113792,0.4062583,
1,12,35.739,0.1881787,1.241467,-0.7226086,0.5491797,-0.6034261,0.4113792,0.4062583,
1,12,35.741,0.1881787,1.241467,-0.7226086,0.5491797,-0.6034261,0.4113792,0.4062583,
1,12,35.743,0.1883846,1.241313,-0.7228621,0.5486307,-0.6034666,0.4119761,0.4063351,
1,12,35.745,0.1883846,1.241313,-0.7228621,0.5486307,-0.6034666,0.4119761,0.4063351,
1,12,35.747,0.1883846,1.241313,-0.7228621,0.5486307,-0.6034666,0.4119761,0.4063351,
1,12,35.749,0.1883846,1.241313,-0.7228621,0.5486307,-0.6034666,0.4119761,0.4063351,
1,12,35.751,0.1886305,1.241066,-0.7231076,0.548004,-0.60353,0.4125549,0.4064991,
1,12,35.753,0.1886305,1.241066,-0.7231076,0.548004,-0.60353,0.4125549,0.4064991,
1,12,35.755,0.1886305,1.241066,-0.7231076,0.548004,-0.60353,0.4125549,0.4064991,CourtEnter
1,12,35.757,0.1886305,1.241066,-0.7231076,0.548004,-0.60353,0.4125549,0.4064991,
1,12,35.759,0.1888425,1.240889,-0.7233216,0.5473341,-0.6036199,0.4131744,0.406639,
1,12,35.761,0.1888425,1.240889,-0.7233216,0.5473341,-0.6036199,0.4131744,0.406639,
1,12,35.763,0.1888425,1.240889,-0.7233216,0.5473341,-0.6036199,0.4131744,0.406639,
1,12,35.765,0.1888425,1.240889,-0.7233216,0.5473341,-0.6036199,0.4131744,0.406639,
1,12,35.767,0.1888425,1.240889,-0.7233216,0.5473341,-0.6036199,0.4131744,0.406639,CourtExit
1,12,35.769,0.1891131,1.240828,-0.7233536,0.5467418,-0.6037971,0.4137715,0.4065656,
1,12,35.771,0.1891131,1.240828,-0.7233536,0.5467418,-0.6037971,0.4137715,0.4065656,
1,12,35.773,0.1891131,1.240828,-0.7233536,0.5467418,-0.6037971,0.4137715,0.4065656,
1,12,35.775,0.1891131,1.240828,-0.7233536,0.5467418,-0.6037971,0.4137715,0.4065656,
1,12,35.777,0.1893746,1.240881,-0.7235075,0.5462136,-0.6040309,0.4142807,0.4064099,
1,12,35.779,0.1893746,1.240881,-0.7235075,0.5462136,-0.6040309,0.4142807,0.4064099,
1,12,35.781,0.1893746,1.240881,-0.7235075,0.5462136,-0.6040309,0.4142807,0.4064099,
1,12,35.783,0.1893746,1.240881,-0.7235075,0.5462136,-0.6040309,0.4142807,0.4064099,
1,12,35.785,0.1896527,1.240587,-0.7240681,0.5459139,-0.6045485,0.4141433,0.4061827,
1,12,35.787,0.1896527,1.240587,-0.7240681,0.5459139,-0.6045485,0.4141433,0.4061827,
1,12,35.789,0.1896527,1.240587,-0.7240681,0.5459139,-0.6045485,0.4141433,0.4061827,
1,12,35.791,0.1896527,1.240587,-0.7240681,0.5459139,-0.6045485,0.4141433,0.4061827,
1,12,35.793,0.1899395,1.240951,-0.7243986,0.5454925,-0.6045828,0.4147772,0.4060511,
1,12,35.795,0.1899395,1.240951,-0.7243986,0.5454925,-0.6045828,0.4147772,0.4060511,
1,12,35.797,0.1899395,1.240951,-0.7243986,0.5454925,-0.6045828,0.4147772,0.4060511,
1,12,35.799,0.1899395,1.240951,-0.7243986,0.5454925,-0.6045828,0.4147772,0.4060511,
1,12,35.801,0.190269,1.241184,-0.7243997,0.5447633,-0.6050492,0.4156183,0.4054751,
1,12,35.803,0.190269,1.241184,-0.7243997,0.5447633,-0.6050492,0.4156183,0.4054751,
1,12,35.805,0.190269,1.241184,-0.7243997,0.5447633,-0.6050492,0.4156183,0.4054751,
1,12,35.807,0.190269,1.241184,-0.7243997,0.5447633,-0.6050492,0.4156183,0.4054751,
1,12,35.809,0.1904222,1.241368,-0.7243874,0.5443666,-0.6053867,0.4161107,0.4049986,
1,12,35.811,0.1904222,1.241368,-0.7243874,0.5443666,-0.6053867,0.4161107,0.4049986,
1,12,35.813,0.1904222,1.241368,-0.7243874,0.5443666,-0.6053867,0.4161107,0.4049986,
1,12,35.815,0.1904222,1.241368,-0.7243874,0.5443666,-0.6053867,0.4161107,0.4049986,
1,12,35.817,0.1904222,1.241368,-0.7243874,0.5443666,-0.6053867,0.4161107,0.4049986,
1,12,35.819,0.1905529,1.241519,-0.7242975,0.5439104,-0.6057258,0.4165937,0.4046077,
1,12,35.821,0.1905529,1.241519,-0.7242975,0.5439104,-0.6057258,0.4165937,0.4046077,
1,12,35.823,0.1905529,1.241519,-0.7242975,0.5439104,-0.6057258,0.4165937,0.4046077,
1,12,35.825,0.1905529,1.241519,-0.7242975,0.5439104,-0.6057258,0.4165937,0.4046077,
1,12,35.827,0.1906659,1.241558,-0.7242039,0.5435082,-0.6061315,0.4169611,0.4041621,
1,12,35.829,0.1906659,1.241558,-0.7242039,0.5435082,-0.6061315,0.4169611,0.4041621,
1,12,35.831,0.1906659,1.241558,-0.7242039,0.5435082,-0.6061315,0.4169611,0.4041621,
1,12,35.833,0.1906659,1.241558,-0.7242039,0.5435082,-0.6061315,0.4169611,0.4041621,
1,12,35.835,0.1908587,1.241418,-0.7243736,0.5434757,-0.6066453,0.4168563,0.4035423,
1,12,35.837,0.1908587,1.241418,-0.7243736,0.5434757,-0.6066453,0.4168563,0.4035423,
1,12,35.839,0.1908587,1.241418,-0.7243736,0.5434757,-0.6066453,0.4168563,0.4035423,
1,12,35.841,0.1908587,1.241418,-0.7243736,0.5434757,-0.6066453,0.4168563,0.4035423,
1,12,35.843,0.1909818,1.241568,-0.7244886,0.5434998,-0.6069365,0.4169743,0.40295,
1,12,35.845,0.1909818,1.241568,-0.7244886,0.5434998,-0.6069365,0.4169743,0.40295,
1,12,35.847,0.1909818,1.241568,-0.7244886,0.5434998,-0.6069365,0.4169743,0.40295,
1,12,35.849,0.1909818,1.241568,-0.7244886,0.5434998,-0.6069365,0.4169743,0.40295,
1,12,35.851,0.1910202,1.241463,-0.7245502,0.543561,-0.6073661,0.4168712,0.402326,
1,12,35.853,0.1910202,1.241463,-0.7245502,0.543561,-0.6073661,0.4168712,0.402326,
1,12,35.855,0.1910202,1.241463,-0.7245502,0.543561,-0.6073661,0.4168712,0.402326,
1,12,35.857,0.1910202,1.241463,-0.7245502,0.543561,-0.6073661,0.4168712,0.402326,
1,12,35.859,0.191067,1.241472,-0.7245612,0.5438526,-0.6077392,0.4167114,0.4015334,
1,12,35.861,0.191067,1.241472,-0.7245612,0.5438526,-0.6077392,0.4167114,0.4015334,
1,12,35.863,0.191067,1.241472,-0.7245612,0.5438526,-0.6077392,0.4167114,0.4015334,
1,12,35.865,0.191067,1.241472,-0.7245612,0.5438526,-0.6077392,0.4167114,0.4015334,
1,12,35.867,0.191067,1.241472,-0.7245612,0.5438526,-0.6077392,0.4167114,0.4015334,
1,12,35.869,0.1911714,1.2413,-0.72495,0.5444837,-0.6081786,0.4160576,0.40069,
1,12,35.871,0.1911714,1.2413,-0.72495,0.5444837,-0.6081786,0.4160576,0.40069,
1,12,35.873,0.1911714,1.2413,-0.72495,0.5444837,-0.6081786,0.4160576,0.40069,
1,12,35.875,0.1911714,1.2413,-0.72495,0.5444837,-0.6081786,0.4160576,0.40069,
1,12,35.877,0.191293,1.241467,-0.7249875,0.5452355,-0.6082191,0.4158663,0.3998038,
1,12,35.879,0.191293,1.241467,-0.7249875,0.5452355,-0.6082191,0.4158663,0.3998038,
1,12,35.881,0.191293,1.241467,-0.7249875,0.5452355,-0.6082191,0.4158663,0.3998038,
1,12,35.883,0.191293,1.241467,-0.7249875,0.5452355,-0.6082191,0.4158663,0.3998038,
1,12,35.885,0.1913857,1.241715,-0.7249874,0.5458918,-0.6080896,0.4157532,0.3992224,
1,12,35.887,0.1913857,1.241715,-0.7249874,0.5458918,-0.6080896,0.4157532,0.3992224,
1,12,35.889,0.1913857,1.241715,-0.7249874,0.5458918,-0.6080896,0.4157532,0.3992224,
1,12,35.891,0.1913857,1.241715,-0.7249874,0.5458918,-0.6080896,0.4157532,0.3992224,
1,12,35.893,0.1914836,1.241859,-0.7249492,0.5465518,-0.6080228,0.4155445,0.398638,
1,12,35.895,0.1914836,1.241859,-0.7249492,0.5465518,-0.6080228,0.4155445,0.398638,
1,12,35.897,0.1914836,1.241859,-0.7249492,0.5465518,-0.6080228,0.4155445,0.398638,
1,12,35.899,0.1914836,1.241859,-0.7249492,0.5465518,-0.6080228,0.4155445,0.398638,
1,12,35.901,0.1916069,1.242157,-0.7249094,0.5473847,-0.6079144,0.415292,0.3979231,
1,12,35.903,0.1916069,1.242157,-0.7249094,0.5473847,-0.6079144,0.415292,0.3979231,
1,12,35.905,0.1916069,1.242157,-0.7249094,0.5473847,-0.6079144,0.415292,0.3979231,
1,12,35.907,0.1916069,1.242157,-0.7249094,0.5473847,-0.6079144,0.415292,0.3979231,
1,12,35.909,0.191682,1.242265,-0.7248726,0.5482705,-0.6078605,0.4148618,0.397234,
1,12,35.911,0.191682,1.242265,-0.7248726,0.5482705,-0.6078605,0.4148618,0.397234,
1,12,35.913,0.191682,1.242265,-0.7248726,0.5482705,-0.6078605,0.4148618,0.397234,
1,12,35.915,0.191682,1.242265,-0.7248726,0.5482705,-0.6078605,0.4148618,0.397234,
1,12,35.917,0.191682,1.242265,-0.7248726,0.5482705,-0.6078605,0.4148618,0.397234,
1,12,35.919,0.1917708,1.24235,-0.724843,0.5491266,-0.6077089,0.4144259,0.3967381,
1,12,35.921,0.1917708,1.24235,-0.724843,0.5491266,-0.6077089,0.4144259,0.3967381,
1,12,35.923,0.1917708,1.24235,-0.724843,0.5491266,-0.6077089,0.4144259,0.3967381,
1,12,35.925,0.1917708,1.24235,-0.724843,0.5491266,-0.6077089,0.4144259,0.3967381,
1,12,35.927,0.1918141,1.242186,-0.7247695,0.5498199,-0.607584,0.4139551,0.3964604,
1,12,35.929,0.1918141,1.242186,-0.7247695,0.5498199,-0.607584,0.4139551,0.3964604,
1,12,35.931,0.1918141,1.242186,-0.7247695,0.5498199,-0.607584,0.4139551,0.3964604,
1,12,35.933,0.1918141,1.242186,-0.7247695,0.5498199,-0.607584,0.4139551,0.3964604,
1,12,35.935,0.1917969,1.241894,-0.7247734,0.5502871,-0.6074842,0.4134979,0.3964424,
1,12,35.937,0.1917969,1.241894,-0.7247734,0.5502871,-0.6074842,0.4134979,0.3964424,
1,12,35.939,0.1917969,1.241894,-0.7247734,0.5502871,-0.6074842,0.4134979,0.3964424,
1,12,35.941,0.1917969,1.241894,-0.7247734,0.5502871,-0.6074842,0.4134979,0.3964424,
1,12,35.943,0.1917851,1.241656,-0.7247664,0.5506573,-0.6072935,0.4132033,0.3965277,
1,12,35.945,0.1917851,1.241656,-0.7247664,0.5506573,-0.6072935,0.4132033,0.3965277,
1,12,35.947,0.1917851,1.241656,-0.7247664,0.5506573,-0.6072935,0.4132033,0.3965277,
1,12,35.949,0.1917851,1.241656,-0.7247664,0.5506573,-0.6072935,0.4132033,0.3965277,
1,12,35.951,0.1918004,1.24165,-0.7244437,0.5509976,-0.6069111,0.4132493,0.3965928,
1,12,35.953,0.1918004,1.24165,-0.7244437,0.5509976,-0.6069111,0.4132493,0.3965928,
1,12,35.955,0.1918004,1.24165,-0.7244437,0.5509976,-0.6069111,0.4132493,0.3965928,
1,12,35.957,0.1918004,1.24165,-0.7244437,0.5509976,-0.6069111,0.4132493,0.3965928,
1,12,35.959,0.1917981,1.241476,-0.7243533,0.5513418,-0.6066157,0.4131016,0.39672,
1,12,35.961,0.1917981,1.241476,-0.7243533,0.5513418,-0.6066157,0.4131016,0.39672,
1,12,35.963,0.1917981,1.241476,-0.7243533,0.5513418,-0.6066157,0.4131016,0.39672,
1,12,35.965,0.1917981,1.241476,-0.7243533,0.5513418,-0.6066157,0.4131016,0.39672,
1,12,35.967,0.1917981,1.241476,-0.7243533,0.5513418,-0.6066157,0.4131016,0.39672,
1,12,35.969,0.1917549,1.241412,-0.7241641,0.5515878,-0.6062715,0.4131126,0.3968926,
1,12,35.971,0.1917549,1.241412,-0.7241641,0.5515878,-0.6062715,0.4131126,0.3968926,
1,12,35.973,0.1917549,1.241412,-0.7241641,0.5515878,-0.6062715,0.4131126,0.3968926,
1,12,35.975,0.1917549,1.241412,-0.7241641,0.5515878,-0.6062715,0.4131126,0.3968926,
1,12,35.977,0.1917711,1.241233,-0.7241122,0.5519777,-0.6061041,0.4128149,0.3969162,
1,12,35.979,0.1917711,1.241233,-0.7241122,0.5519777,-0.6061041,0.4128149,0.3969162,
1,12,35.981,0.1917711,1.241233,-0.7241122,0.5519777,-0.6061041,0.4128149,0.3969162,
1,12,35.983,0.1917711,1.241233,-0.7241122,0.5519777,-0.6061041,0.4128149,0.3969162,
1,12,35.985,0.1918475,1.241098,-0.7240726,0.552361,-0.6059053,0.4125356,0.3969766,
1,12,35.987,0.1918475,1.241098,-0.7240726,0.552361,-0.6059053,0.4125356,0.3969766,
1,12,35.989,0.1918475,1.241098,-0.7240726,0.552361,-0.6059053,0.4125356,0.3969766,
1,12,35.991,0.1918475,1.241098,-0.7240726,0.552361,-0.6059053,0.4125356,0.3969766,
1,12,35.993,0.1919438,1.241243,-0.7237952,0.5526656,-0.6056728,0.4124845,0.3969605,
1,12,35.995,0.1919438,1.241243,-0.7237952,0.5526656,-0.6056728,0.4124845,0.3969605,
1,12,35.997,0.1919438,1.241243,-0.7237952,0.5526656,-0.6056728,0.4124845,0.3969605,
1,12,35.999,0.1919438,1.241243,-0.7237952,0.5526656,-0.6056728,0.4124845,0.3969605,
1,13,36.001,0.1920245,1.241166,-0.7236898,0.552982,-0.605661,0.4121366,0.3968995,CourtExit
1,13,36.003,0.1920245,1.241166,-0.7236898,0.552982,-0.605661,0.4121366,0.3968995,
1,13,36.005,0.1920245,1.241166,-0.7236898,0.552982,-0.605661,0.4121366,0.3968995,
1,13,36.007,0.1920245,1.241166,-0.7236898,0.552982,-0.605661,0.4121366,0.3968995,
1,13,36.009,0.192099,1.240941,-0.7235785,0.5531583,-0.6056978,0.4118098,0.3969369,
1,13,36.011,0.192099,1.240941,-0.7235785,0.5531583,-0.6056978,0.4118098,0.3969369,
1,13,36.013,0.192099,1.240941,-0.7235785,0.5531583,-0.6056978,0.4118098,0.3969369,
1,13,36.015,0.192099,1.240941,-0.7235785,0.5531583,-0.6056978,0.4118098,0.3969369,
1,13,36.017,0.192099,1.240941,-0.7235785,0.5531583,-0.6056978,0.4118098,0.3969369,
1,13,36.019,0.1921787,1.241068,-0.7233959,0.5532652,-0.6054823,0.4118591,0.3970654,
1,13,36.021,0.1921787,1.241068,-0.7233959,0.5532652,-0.6054823,0.4118591,0.3970654,
1,13,36.023,0.1921787,1.241068,-0.7233959,0.5532652,-0.6054823,0.4118591,0.3970654,
1,13,36.025,0.1921787,1.241068,-0.7233959,0.5532652,-0.6054823,0.4118591,0.3970654,
1,13,36.027,0.192289,1.240726,-0.7232843,0.5532441,-0.6053169,0.4117809,0.3974279,
1,13,36.029,0.192289,1.240726,-0.7232843,0.5532441,-0.6053169,0.4117809,0.3974279,
1,13,36.031,0.192289,1.240726,-0.7232843,0.5532441,-0.6053169,0.4117809,0.3974279,
1,13,36.033,0.192289,1.240726,-0.7232843,0.5532441,-0.6053169,0.4117809,0.3974279,
1,13,36.035,0.1923958,1.2407,-0.7231587,0.5532091,-0.6051079,0.4119412,0.3976288,
1,13,36.037,0.1923958,1.2407,-0.7231587,0.5532091,-0.6051079,0.4119412,0.3976288,
1,13,36.039,0.1923958,1.2407,-0.7231587,0.5532091,-0.6051079,0.4119412,0.3976288,
1,13,36.041,0.1923958,1.2407,-0.7231587,0.5532091,-0.6051079,0.4119412,0.3976288,
1,13,36.043,0.1925079,1.240822,-0.7229677,0.5531915,-0.6048409,0.4122078,0.3977831,
1,13,36.045,0.1925079,1.240822,-0.7229677,0.5531915,-0.6048409,0.4122078,0.3977831,
1,13,36.047,0.1925079,1.240822,-0.7229677,0.5531915,-0.6048409,0.4122078,0.3977831,
1,13,36.049,0.1925079,1.240822,-0.7229677,0.5531915,-0.6048409,0.4122078,0.3977831,
1,13,36.051,0.192604,1.240772,-0.7227913,0.5531795,-0.6048356,0.412242,0.3977726,
1,13,36.053,0.192604,1.240772,-0.7227913,0.5531795,-0.6048356,0.412242,0.3977726,
1,13,36.055,0.192604,1.240772,-0.7227913,0.5531795,-0.6048356,0.412242,0.3977726,
1,13,36.057,0.192604,1.240772,-0.7227913,0.5531795,-0.6048356,0.412242,0.3977726,
1,13,36.059,0.1927202,1.240599,-0.7228163,0.5533805,-0.6050987,0.4118294,0.39752,
1,13,36.061,0.1927202,1.240599,-0.7228163,0.5533805,-0.6050987,0.4118294,0.39752,
1,13,36.063,0.1927202,1.240599,-0.7228163,0.5533805,-0.6050987,0.4118294,0.39752,
1,13,36.065,0.1927202,1.240599,-0.7228163,0.5533805,-0.6050987,0.4118294,0.39752,
1,13,36.067,0.1927202,1.240599,-0.7228163,0.5533805,-0.6050987,0.4118294,0.39752,
1,13,36.069,0.1928219,1.240662,-0.7227926,0.5535944,-0.6053614,0.4115017,0.3971615,
1,13,36.071,0.1928219,1.240662,-0.7227926,0.5535944,-0.6053614,0.4115017,0.3971615,
1,13,36.073,0.1928219,1.240662,-0.7227926,0.5535944,-0.6053614,0.4115017,0.3971615,
1,13,36.075,0.1928219,1.240662,-0.7227926,0.5535944,-0.6053614,0.4115017,0.3971615,
1,13,36.077,0.1929311,1.240824,-0.7226162,0.5536644,-0.6055872,0.4113626,0.3968635,
1,13,36.079,0.1929311,1.240824,-0.7226162,0.5536644,-0.6055872,0.4113626,0.3968635,
1,13,36.081,0.1929311,1.240824,-0.7226162,0.5536644,-0.6055872,0.4113626,0.3968635,
1,13,36.083,0.1929311,1.240824,-0.7226162,0.5536644,-0.6055872,0.4113626,0.3968635,
1,13,36.085,0.1930757,1.24104,-0.7223014,0.5536025,-0.6057226,0.4114155,0.3966885,
1,13,36.087,0.1930757,1.24104,-0.7223014,0.5536025,-0.6057226,0.4114155,0.3966885,
1,13,36.089,0.1930757,1.24104,-0.7223014,0.5536025,-0.6057226,0.4114155,0.3966885,
1,13,36.091,0.1930757,1.24104,-0.7223014,0.5536025,-0.6057226,0.4114155,0.3966885,
1,13,36.093,0.1932023,1.241119,-0.722108,0.553361,-0.6058169,0.4115335,0.396759,
1,13,36.095,0.1932023,1.241119,-0.722108,0.553361,-0.6058169,0.4115335,0.396759,
1,13,36.097,0.1932023,1.241119,-0.722108,0.553361,-0.6058169,0.4115335,0.396759,
1,13,36.099,0.1932023,1.241119,-0.722108,0.553361,-0.6058169,0.4115335,0.396759,
1,13,36.101,0.1933265,1.240933,-0.7221795,0.5529667,-0.6060044,0.4114577,0.3971009,
1,13,36.103,0.1933265,1.240933,-0.7221795,0.5529667,-0.6060044,0.4114577,0.3971009,
1,13,36.105,0.1933265,1.240933,-0.7221795,0.5529667,-0.6060044,0.4114577,0.3971009,
1,13,36.107,0.1933265,1.240933,-0.7221795,0.5529667,-0.6060044,0.4114577,0.3971009,
1,13,36.109,0.1933275,1.241047,-0.7219145,0.5525748,-0.6059887,0.4117589,0.3973579,
1,13,36.111,0.1933275,1.241047,-0.7219145,0.5525748,-0.6059887,0.4117589,0.3973579,
1,13,36.113,0.1933275,1.241047,-0.7219145,0.5525748,-0.6059887,0.4117589,0.3973579,
1,13,36.115,0.1933275,1.241047,-0.7219145,0.5525748,-0.6059887,0.4117589,0.3973579,
1,13,36.117,0.1933275,1.241047,-0.7219145,0.5525748,-0.6059887,0.4117589,0.3973579,
1,13,36.119,0.193352,1.241051,-0.721822,0.552378,-0.6060866,0.4117682,0.3974728,
1,13,36.121,0.193352,1.241051,-0.721822,0.552378,-0.6060866,0.4117682,0.3974728,
1,13,36.123,0.193352,1.241051,-0.721822,0.552378,-0.6060866,0.4117682,0.3974728,
1,13,36.125,0.193352,1.241051,-0.721822,0.552378,-0.6060866,0.4117682,0.3974728,
1,13,36.127,0.1933863,1.24102,-0.721742,0.5524287,-0.6062854,0.4114973,0.3973797,
1,13,36.129,0.1933863,1.24102,-0.721742,0.5524287,-0.6062854,0.4114973,0.3973797,
1,13,36.131,0.1933863,1.24102,-0.721742,0.5524287,-0.6062854,0.4114973,0.3973797,
1,13,36.133,0.1933863,1.24102,-0.721742,0.5524287,-0.6062854,0.4114973,0.3973797,
1,13,36.135,0.1934076,1.241355,-0.7214385,0.5525082,-0.6062698,0.4115458,0.3972425,
1,13,36.137,0.1934076,1.241355,-0.7214385,0.5525082,-0.6062698,0.4115458,0.3972425,
1,13,36.139,0.1934076,1.241355,-0.7214385,0.5525082,-0.6062698,0.4115458,0.3972425,
1,13,36.141,0.1934076,1.241355,-0.7214385,0.5525082,-0.6062698,0.4115458,0.3972425,
1,13,36.143,0.1934897,1.241339,-0.7214966,0.5529571,-0.6065649,0.4108299,0.3969086,
1,13,36.145,0.1934897,1.241339,-0.7214966,0.5529571,-0.6065649,0.4108299,0.3969086,
1,13,36.147,0.1934897,1.241339,-0.7214966,0.5529571,-0.6065649,0.4108299,0.3969086,
1,13,36.149,0.1934897,1.241339,-0.7214966,0.5529571,-0.6065649,0.4108299,0.3969086,
1,13,36.151,0.1935301,1.241509,-0.7213463,0.5533839,-0.6067784,0.4102849,0.396551,
1,13,36.153,0.1935301,1.241509,-0.7213463,0.5533839,-0.6067784,0.4102849,0.396551,
1,13,36.155,0.1935301,1.241509,-0.7213463,0.5533839,-0.6067784,0.4102849,0.396551,
1,13,36.157,0.1935301,1.241509,-0.7213463,0.5533839,-0.6067784,0.4102849,0.396551,
1,13,36.159,0.1936197,1.241977,-0.7209324,0.5538355,-0.6067589,0.4100687,0.3961736,
1,13,36.161,0.1936197,1.241977,-0.7209324,0.5538355,-0.6067589,0.4100687,0.3961736,
1,13,36.163,0.1936197,1.241977,-0.7209324,0.5538355,-0.6067589,0.4100687,0.3961736,
1,13,36.165,0.1936197,1.241977,-0.7209324,0.5538355,-0.6067589,0.4100687,0.3961736,
1,13,36.167,0.1936197,1.241977,-0.7209324,0.5538355,-0.6067589,0.4100687,0.3961736,
1,13,36.169,0.1936367,1.242642,-0.7206662,0.5545272,-0.606614,0.4097919,0.3957141,
1,13,36.171,0.1936367,1.242642,-0.7206662,0.5545272,-0.606614,0.4097919,0.3957141,
1,13,36.173,0.1936367,1.242642,-0.7206662,0.5545272,-0.606614,0.4097919,0.3957141,
1,13,36.175,0.1936367,1.242642,-0.7206662,0.5545272,-0.606614,0.4097919,0.3957141,
1,13,36.177,0.1936511,1.242725,-0.7207378,0.5551752,-0.6066794,0.4090949,0.3954263,
1,13,36.179,0.1936511,1.242725,-0.7207378,0.5551752,-0.6066794,0.4090949,0.3954263,
1,13,36.181,0.1936511,1.242725,-0.7207378,0.5551752,-0.6066794,0.4090949,0.3954263,
1,13,36.183,0.1936511,1.242725,-0.7207378,0.5551752,-0.6066794,0.4090949,0.3954263,
1,13,36.185,0.1936662,1.242865,-0.7205606,0.5556686,-0.6066505,0.4086965,0.3951896,
1,13,36.187,0.1936662,1.242865,-0.7205606,0.5556686,-0.6066505,0.4086965,0.3951896,
1,13,36.189,0.1936662,1.242865,-0.7205606,0.5556686,-0.6066505,0.4086965,0.3951896,
1,13,36.191,0.1936662,1.242865,-0.7205606,0.5556686,-0.6066505,0.4086965,0.3951896,
1,13,36.193,0.193718,1.242871,-0.720621,0.5563419,-0.6066918,0.4080295,0.3948679,
1,13,36.195,0.193718,1.242871,-0.720621,0.5563419,-0.6066918,0.4080295,0.3948679,
1,13,36.197,0.193718,1.242871,-0.720621,0.5563419,-0.6066918,0.4080295,0.3948679,
1,13,36.199,0.193718,1.242871,-0.720621,0.5563419,-0.6066918,0.4080295,0.3948679,
1,13,36.201,0.1937205,1.242723,-0.7203708,0.5566906,-0.6067111,0.4077359,0.3946502,
1,13,36.203,0.1937205,1.242723,-0.7203708,0.5566906,-0.6067111,0.4077359,0.3946502,
1,13,36.205,0.1937205,1.242723,-0.7203708,0.5566906,-0.6067111,0.4077359,0.3946502,
1,13,36.207,0.1937205,1.242723,-0.7203708,0.5566906,-0.6067111,0.4077359,0.3946502,
1,13,36.209,0.1936979,1.242502,-0.7200037,0.557012,-0.6067575,0.4075001,0.3943685,
1,13,36.211,0.1936979,1.242502,-0.7200037,0.557012,-0.6067575,0.4075001,0.3943685,
1,13,36.213,0.1936979,1.242502,-0.7200037,0.557012,-0.6067575,0.4075001,0.3943685,
1,13,36.215,0.1936979,1.242502,-0.7200037,0.557012,-0.6067575,0.4075001,0.3943685,
1,13,36.217,0.1936979,1.242502,-0.7200037,0.557012,-0.6067575,0.4075001,0.3943685,
1,13,36.219,0.193673,1.242392,-0.7195964,0.5574199,-0.6065606,0.4074516,0.3941453,
1,13,36.221,0.193673,1.242392,-0.7195964,0.5574199,-0.6065606,0.4074516,0.3941453,
1,13,36.223,0.193673,1.242392,-0.7195964,0.5574199,-0.6065606,0.4074516,0.3941453,
1,13,36.225,0.193673,1.242392,-0.7195964,0.5574199,-0.6065606,0.4074516,0.3941453,
1,13,36.227,0.193729,1.242141,-0.71932,0.5577987,-0.6062441,0.4074376,0.3941107,
1,13,36.229,0.193729,1.242141,-0.71932,0.5577987,-0.6062441,0.4074376,0.3941107,
1,13,36.231,0.193729,1.242141,-0.71932,0.5577987,-0.6062441,0.4074376,0.3941107,
1,13,36.233,0.193729,1.242141,-0.71932,0.5577987,-0.6062441,0.4074376,0.3941107,
1,13,36.235,0.1938127,1.2419,-0.7192292,0.558239,-0.6057556,0.4074562,0.3942194,
1,13,36.237,0.1938127,1.2419,-0.7192292,0.558239,-0.6057556,0.4074562,0.3942194,
1,13,36.239,0.1938127,1.2419,-0.7192292,0.558239,-0.6057556,0.4074562,0.3942194,
1,13,36.241,0.1938127,1.2419,-0.7192292,0.558239,-0.6057556,0.4074562,0.3942194,
1,13,36.243,0.1939345,1.241799,-0.7191656,0.5588653,-0.6051074,0.4075265,0.3942549,
1,13,36.245,0.1939345,1.241799,-0.7191656,0.5588653,-0.6051074,0.4075265,0.3942549,
1,13,36.247,0.1939345,1.241799,-0.7191656,0.5588653,-0.6051074,0.4075265,0.3942549,
1,13,36.249,0.1939345,1.241799,-0.7191656,0.5588653,-0.6051074,0.4075265,0.3942549,
1,13,36.251,0.1940574,1.241654,-0.7192999,0.5597072,-0.6045597,0.4073273,0.3941066,
1,13,36.253,0.1940574,1.241654,-0.7192999,0.5597072,-0.6045597,0.4073273,0.3941066,
1,13,36.255,0.1940574,1.241654,-0.7192999,0.5597072,-0.6045597,0.4073273,0.3941066,
1,13,36.257,0.1940574,1.241654,-0.7192999,0.5597072,-0.6045597,0.4073273,0.3941066,
1,13,36.259,0.1941404,1.241366,-0.7191325,0.5604175,-0.6042337,0.407109,0.3938224,
1,13,36.261,0.1941404,1.241366,-0.7191325,0.5604175,-0.6042337,0.407109,0.3938224,
1,13,36.263,0.1941404,1.241366,-0.7191325,0.5604175,-0.6042337,0.407109,0.3938224,
1,13,36.265,0.1941404,1.241366,-0.7191325,0.5604175,-0.6042337,0.407109,0.3938224,
1,13,36.267,0.1941404,1.241366,-0.7191325,0.5604175,-0.6042337,0.407109,0.3938224,
1,13,36.269,0.1941942,1.241116,-0.7190722,0.56132,-0.6040468,0.4066755,0.3932715,
1,13,36.271,0.1941942,1.241116,-0.7190722,0.56132,-0.6040468,0.4066755,0.3932715,
1,13,36.273,0.1941942,1.241116,-0.7190722,0.56132,-0.6040468,0.4066755,0.3932715,
1,13,36.275,0.1941942,1.241116,-0.7190722,0.56132,-0.6040468,0.4066755,0.3932715,
1,13,36.277,0.1943355,1.241184,-0.7187033,0.562252,-0.6036452,0.4065479,0.3926882,
1,13,36.279,0.1943355,1.241184,-0.7187033,0.562252,-0.6036452,0.4065479,0.3926882,
1,13,36.281,0.1943355,1.241184,-0.7187033,0.562252,-0.6036452,0.4065479,0.3926882,
1,13,36.283,0.1943355,1.241184,-0.7187033,0.562252,-0.6036452,0.4065479,0.3926882,
1,13,36.285,0.1945162,1.241275,-0.7186361,0.5632691,-0.6030998,0.4062853,0.3923402,
1,13,36.287,0.1945162,1.241275,-0.7186361,0.5632691,-0.6030998,0.4062853,0.3923402,
1,13,36.289,0.1945162,1.241275,-0.7186361,0.5632691,-0.6030998,0.4062853,0.3923402,
1,13,36.291,0.1945162,1.241275,-0.7186361,0.5632691,-0.6030998,0.4062853,0.3923402,
1,13,36.293,0.1946771,1.240893,-0.7186859,0.5640574,-0.6027916,0.4058095,0.3921739,
1,13,36.295,0.1946771,1.240893,-0.7186859,0.5640574,-0.6027916,0.4058095,0.3921739,
1,13,36.297,0.1946771,1.240893,-0.7186859,0.5640574,-0.6027916,0.4058095,0.3921739,
1,13,36.299,0.1946771,1.240893,-0.7186859,0.5640574,-0.6027916,0.4058095,0.3921739,
1,13,36.301,0.194811,1.240424,-0.7187291,0.5647109,-0.6026986,0.4052882,0.3919153,
1,13,36.303,0.194811,1.240424,-0.7187291,0.5647109,-0.6026986,0.4052882,0.3919153,
1,13,36.305,0.194811,1.240424,-0.7187291,0.5647109,-0.6026986,0.4052882,0.3919153,
1,13,36.307,0.194811,1.240424,-0.7187291,0.5647109,-0.6026986,0.4052882,0.3919153,
1,13,36.309,0.1949186,1.240575,-0.7186467,0.5652689,-0.60215,0.4054244,0.3918131,
1,13,36.311,0.1949186,1.240575,-0.7186467,0.5652689,-0.60215,0.4054244,0.3918131,
1,13,36.313,0.1949186,1.240575,-0.7186467,0.5652689,-0.60215,0.4054244,0.3918131,
1,13,36.315,0.1949186,1.240575,-0.7186467,0.5652689,-0.60215,0.4054244,0.3918131,
1,13,36.317,0.1949186,1.240575,-0.7186467,0.5652689,-0.60215,0.4054244,0.3918131,
1,13,36.319,0.1950624,1.240416,-0.718497,0.5656055,-0.6018201,0.4054687,0.3917884,
1,13,36.321,0.1950624,1.240416,-0.718497,0.5656055,-0.6018201,0.4054687,0.3917884,
1,13,36.323,0.1950624,1.240416,-0.718497,0.5656055,-0.6018201,0.4054687,0.3917884,
1,13,36.325,0.1950624,1.240416,-0.718497,0.5656055,-0.6018201,0.4054687,0.3917884,
1,13,36.327,0.1951901,1.240147,-0.7184669,0.5658418,-0.601685,0.4053401,0.3917877,
1,13,36.329,0.1951901,1.240147,-0.7184669,0.5658418,-0.601685,0.4053401,0.3917877,
1,13,36.331,0.1951901,1.240147,-0.7184669,0.5658418,-0.601685,0.4053401,0.3917877,
1,13,36.333,0.1951901,1.240147,-0.7184669,0.5658418,-0.601685,0.4053401,0.3917877,
1,13,36.335,0.1953112,1.240056,-0.7184388,0.566092,-0.6015435,0.4052338,0.3917537,
1,13,36.337,0.1953112,1.240056,-0.7184388,0.566092,-0.6015435,0.4052338,0.3917537,
1,13,36.339,0.1953112,1.240056,-0.7184388,0.566092,-0.6015435,0.4052338,0.3917537,
1,13,36.341,0.1953112,1.240056,-0.7184388,0.566092,-0.6015435,0.4052338,0.3917537,
1,13,36.343,0.1954563,1.240044,-0.7183604,0.5662833,-0.6014953,0.4051024,0.3916869,
1,13,36.345,0.1954563,1.240044,-0.7183604,0.5662833,-0.6014953,0.4051024,0.3916869,
1,13,36.347,0.1954563,1.240044,-0.7183604,0.5662833,-0.6014953,0.4051024,0.3916869,
1,13,36.349,0.1954563,1.240044,-0.7183604,0.5662833,-0.6014953,0.4051024,0.3916869,
1,13,36.351,0.1955359,1.240075,-0.7182047,0.5663458,-0.6015912,0.4050118,0.3915433,
1,13,36.353,0.1955359,1.240075,-0.7182047,0.5663458,-0.6015912,0.4050118,0.3915433,
1,13,36.355,0.1955359,1.240075,-0.7182047,0.5663458,-0.6015912,0.4050118,0.3915433,
1,13,36.357,0.1955359,1.240075,-0.7182047,0.5663458,-0.6015912,0.4050118,0.3915433,
1,13,36.359,0.1956678,1.240183,-0.7180171,0.5663583,-0.601666,0.4049832,0.3914395,
1,13,36.361,0.1956678,1.240183,-0.7180171,0.5663583,-0.601666,0.4049832,0.3914395,
1,13,36.363,0.1956678,1.240183,-0.7180171,0.5663583,-0.601666,0.4049832,0.3914395,
1,13,36.365,0.1956678,1.240183,-0.7180171,0.5663583,-0.601666,0.4049832,0.3914395,
1,13,36.367,0.1956678,1.240183,-0.7180171,0.5663583,-0.601666,0.4049832,0.3914395,
1,13,36.369,0.1957535,1.240116,-0.7180389,0.5661683,-0.6018506,0.4048886,0.3915284,
1,13,36.371,0.1957535,1.240116,-0.7180389,0.5661683,-0.6018506,0.4048886,0.3915284,
1,13,36.373,0.1957535,1.240116,-0.7180389,0.5661683,-0.6018506,0.4048886,0.3915284,
1,13,36.375,0.1957535,1.240116,-0.7180389,0.5661683,-0.6018506,0.4048886,0.3915284,
1,13,36.377,0.1958188,1.240109,-0.7179298,0.5657313,-0.6019135,0.4051037,0.391841,
1,13,36.379,0.1958188,1.240109,-0.7179298,0.5657313,-0.6019135,0.4051037,0.391841,
1,13,36.381,0.1958188,1.240109,-0.7179298,0.5657313,-0.6019135,0.4051037,0.391841,
1,13,36.383,0.1958188,1.240109,-0.7179298,0.5657313,-0.6019135,0.4051037,0.391841,
1,13,36.385,0.19591,1.240124,-0.7177383,0.5651637,-0.6019221,0.4054739,0.3922634,
1,13,36.387,0.19591,1.240124,-0.7177383,0.5651637,-0.6019221,0.4054739,0.3922634,
1,13,36.389,0.19591,1.240124,-0.7177383,0.5651637,-0.6019221,0.4054739,0.3922634,
1,13,36.391,0.19591,1.240124,-0.7177383,0.5651637,-0.6019221,0.4054739,0.3922634,
1,13,36.393,0.1959692,1.240127,-0.7176238,0.5644988,-0.6019255,0.4058999,0.3927747,
1,13,36.395,0.1959692,1.240127,-0.7176238,0.5644988,-0.6019255,0.4058999,0.3927747,
1,13,36.397,0.1959692,1.240127,-0.7176238,0.5644988,-0.6019255,0.4058999,0.3927747,
1,13,36.399,0.1959692,1.240127,-0.7176238,0.5644988,-0.6019255,0.4058999,0.3927747,
1,13,36.401,0.1960683,1.239947,-0.7175292,0.563778,-0.602069,0.4061595,0.3933214,
1,13,36.403,0.1960683,1.239947,-0.7175292,0.563778,-0.602069,0.4061595,0.3933214,
1,13,36.405,0.1960683,1.239947,-0.7175292,0.563778,-0.602069,0.4061595,0.3933214,
1,13,36.407,0.1960683,1.239947,-0.7175292,0.563778,-0.602069,0.4061595,0.3933214,
1,13,36.409,0.1960889,1.239909,-0.7173102,0.562481,-0.6021366,0.4069764,0.3942296,
1,13,36.411,0.1960889,1.239909,-0.7173102,0.562481,-0.6021366,0.4069764,0.3942296,
1,13,36.413,0.1960889,1.239909,-0.7173102,0.562481,-0.6021366,0.4069764,0.3942296,
1,13,36.415,0.1960889,1.239909,-0.7173102,0.562481,-0.6021366,0.4069764,0.3942296,
1,13,36.417,0.1960889,1.239909,-0.7173102,0.562481,-0.6021366,0.4069764,0.3942296,
1,13,36.419,0.1962027,1.240389,-0.7171754,0.5618567,-0.6019009,0.4076991,0.3947325,
1,13,36.421,0.1962027,1.240389,-0.7171754,0.5618567,-0.6019009,0.4076991,0.3947325,
1,13,36.423,0.1962027,1.240389,-0.7171754,0.5618567,-0.6019009,0.4076991,0.3947325,
1,13,36.425,0.1962027,1.240389,-0.7171754,0.5618567,-0.6019009,0.4076991,0.3947325,
1,13,36.427,0.1962489,1.240596,-0.7168481,0.5611516,-0.6020107,0.4081925,0.3950583,
1,13,36.429,0.1962489,1.240596,-0.7168481,0.5611516,-0.6020107,0.4081925,0.3950583,
1,13,36.431,0.1962489,1.240596,-0.7168481,0.5611516,-0.6020107,0.4081925,0.3950583,
1,13,36.433,0.1962489,1.240596,-0.7168481,0.5611516,-0.6020107,0.4081925,0.3950583,
1,13,36.435,0.1963274,1.24076,-0.7169449,0.5606775,-0.6022466,0.4082533,0.3953087,
1,13,36.437,0.1963274,1.24076,-0.7169449,0.5606775,-0.6022466,0.4082533,0.3953087,
1,13,36.439,0.1963274,1.24076,-0.7169449,0.5606775,-0.6022466,0.4082533,0.3953087,
1,13,36.441,0.1963274,1.24076,-0.7169449,0.5606775,-0.6022466,0.4082533,0.3953087,
1,13,36.443,0.1963944,1.241041,-0.7167971,0.5601616,-0.6024383,0.4084569,0.3955378,
1,13,36.445,0.1963944,1.241041,-0.7167971,0.5601616,-0.6024383,0.4084569,0.3955378,
1,13,36.447,0.1963944,1.241041,-0.7167971,0.5601616,-0.6024383,0.4084569,0.3955378,
1,13,36.449,0.1963944,1.241041,-0.7167971,0.5601616,-0.6024383,0.4084569,0.3955378,
1,13,36.451,0.196483,1.241223,-0.7166042,0.5596183,-0.6027339,0.4085949,0.3957138,
1,13,36.453,0.196483,1.241223,-0.7166042,0.5596183,-0.6027339,0.4085949,0.3957138,
1,13,36.455,0.196483,1.241223,-0.7166042,0.5596183,-0.6027339,0.4085949,0.3957138,
1,13,36.457,0.196483,1.241223,-0.7166042,0.5596183,-0.6027339,0.4085949,0.3957138,
1,13,36.459,0.1965418,1.241364,-0.7165777,0.5591258,-0.6031022,0.4085815,0.3958627,
1,13,36.461,0.1965418,1.241364,-0.7165777,0.5591258,-0.6031022,0.4085815,0.3958627,
1,13,36.463,0.1965418,1.241364,-0.7165777,0.5591258,-0.6031022,0.4085815,0.3958627,
1,13,36.465,0.1965418,1.241364,-0.7165777,0.5591258,-0.6031022,0.4085815,0.3958627,
1,13,36.467,0.1965418,1.241364,-0.7165777,0.5591258,-0.6031022,0.4085815,0.3958627,
1,13,36.469,0.1966181,1.241471,-0.716695,0.5586925,-0.6034489,0.4084487,0.3960834,
1,13,36.471,0.1966181,1.241471,-0.716695,0.5586925,-0.6034489,0.4084487,0.3960834,
1,13,36.473,0.1966181,1.241471,-0.716695,0.5586925,-0.6034489,0.4084487,0.3960834,
1,13,36.475,0.1966181,1.241471,-0.716695,0.5586925,-0.6034489,0.4084487,0.3960834,
1,13,36.477,0.1966412,1.24149,-0.7166915,0.5581245,-0.6037401,0.4084611,0.3964274,
1,13,36.479,0.1966412,1.24149,-0.7166915,0.5581245,-0.6037401,0.4084611,0.3964274,
1,13,36.481,0.1966412,1.24149,-0.7166915,0.5581245,-0.6037401,0.4084611,0.3964274,
1,13,36.483,0.1966412,1.24149,-0.7166915,0.5581245,-0.6037401,0.4084611,0.3964274,
1,13,36.485,0.1966752,1.241638,-0.7166499,0.5571958,-0.6040026,0.4087609,0.3970243,
1,13,36.487,0.1966752,1.241638,-0.7166499,0.5571958,-0.6040026,0.4087609,0.3970243,
1,13,36.489,0.1966752,1.241638,-0.7166499,0.5571958,-0.6040026,0.4087609,0.3970243,
1,13,36.491,0.1966752,1.241638,-0.7166499,0.5571958,-0.6040026,0.4087609,0.3970243,
1,13,36.493,0.1967469,1.241889,-0.7167354,0.5566866,-0.6039783,0.409053,0.3974743,
1,13,36.495,0.1967469,1.241889,-0.7167354,0.5566866,-0.6039783,0.409053,0.3974743,
1,13,36.497,0.1967469,1.241889,-0.7167354,0.5566866,-0.6039783,0.409053,0.3974743,
1,13,36.499,0.1967469,1.241889,-0.7167354,0.5566866,-0.6039783,0.409053,0.3974743,
1,13,36.501,0.1967776,1.242064,-0.716789,0.5560107,-0.603934,0.4094688,0.3980592,
1,13,36.503,0.1967776,1.242064,-0.716789,0.5560107,-0.603934,0.4094688,0.3980592,
1,13,36.505,0.1967776,1.242064,-0.716789,0.5560107,-0.603934,0.4094688,0.3980592,
1,13,36.507,0.1967776,1.242064,-0.716789,0.5560107,-0.603934,0.4094688,0.3980592,
1,13,36.509,0.1967997,1.241954,-0.7169553,0.5553555,-0.6040679,0.4095798,0.3986561,
1,13,36.511,0.1967997,1.241954,-0.7169553,0.5553555,-0.6040679,0.4095798,0.3986561,
1,13,36.513,0.1967997,1.241954,-0.7169553,0.5553555,-0.6040679,0.4095798,0.3986561,
1,13,36.515,0.1967997,1.241954,-0.7169553,0.5553555,-0.6040679,0.4095798,0.3986561,
1,13,36.517,0.1967997,1.241954,-0.7169553,0.5553555,-0.6040679,0.4095798,0.3986561,
1,13,36.519,0.1968524,1.241881,-0.7169522,0.5546191,-0.6040992,0.4098521,0.3993535,
1,13,36.521,0.1968524,1.241881,-0.7169522,0.5546191,-0.6040992,0.4098521,0.3993535,
1,13,36.523,0.1968524,1.241881,-0.7169522,0.5546191,-0.6040992,0.4098521,0.3993535,
1,13,36.525,0.1968524,1.241881,-0.7169522,0.5546191,-0.6040992,0.4098521,0.3993535,
1,13,36.527,0.1969481,1.241573,-0.717048,0.5540242,-0.6043504,0.4097596,0.3998939,
1,13,36.529,0.1969481,1.241573,-0.717048,0.5540242,-0.6043504,0.4097596,0.3998939,
1,13,36.531,0.1969481,1.241573,-0.717048,0.5540242,-0.6043504,0.4097596,0.3998939,
1,13,36.533,0.1969481,1.241573,-0.717048,0.5540242,-0.6043504,0.4097596,0.3998939,
1,13,36.535,0.1970178,1.241538,-0.7172856,0.5534211,-0.6043864,0.4098713,0.4005594,
1,13,36.537,0.1970178,1.241538,-0.7172856,0.5534211,-0.6043864,0.4098713,0.4005594,
1,13,36.539,0.1970178,1.241538,-0.7172856,0.5534211,-0.6043864,0.4098713,0.4005594,
1,13,36.541,0.1970178,1.241538,-0.7172856,0.5534211,-0.6043864,0.4098713,0.4005594,
1,13,36.543,0.1971105,1.241362,-0.7174593,0.5528272,-0.6045466,0.4098609,0.4011479,
1,13,36.545,0.1971105,1.241362,-0.7174593,0.5528272,-0.6045466,0.4098609,0.4011479,
1,13,36.547,0.1971105,1.241362,-0.7174593,0.5528272,-0.6045466,0.4098609,0.4011479,
1,13,36.549,0.1971105,1.241362,-0.7174593,0.5528272,-0.6045466,0.4098609,0.4011479,
1,13,36.551,0.1972058,1.241625,-0.7171709,0.5520778,-0.6044629,0.410451,0.4017025,
1,13,36.553,0.1972058,1.241625,-0.7171709,0.5520778,-0.6044629,0.410451,0.4017025,
1,13,36.555,0.1972058,1.241625,-0.7171709,0.5520778,-0.6044629,0.410451,0.4017025,
1,13,36.557,0.1972058,1.241625,-0.7171709,0.5520778,-0.6044629,0.410451,0.4017025,
1,13,36.559,0.1973982,1.241778,-0.7172021,0.5514277,-0.604571,0.4106426,0.4022365,
1,13,36.561,0.1973982,1.241778,-0.7172021,0.5514277,-0.604571,0.4106426,0.4022365,
1,13,36.563,0.1973982,1.241778,-0.7172021,0.5514277,-0.604571,0.4106426,0.4022365,
1,13,36.565,0.1973982,1.241778,-0.7172021,0.5514277,-0.604571,0.4106426,0.4022365,
1,13,36.567,0.1973982,1.241778,-0.7172021,0.5514277,-0.604571,0.4106426,0.4022365,
1,13,36.569,0.197481,1.24194,-0.7171121,0.5510554,-0.6047279,0.41078,0.4023706,
1,13,36.571,0.197481,1.24194,-0.7171121,0.5510554,-0.6047279,0.41078,0.4023706,
1,13,36.573,0.197481,1.24194,-0.7171121,0.5510554,-0.6047279,0.41078,0.4023706,
1,13,36.575,0.197481,1.24194,-0.7171121,0.5510554,-0.6047279,0.41078,0.4023706,
1,13,36.577,0.1975443,1.241815,-0.7170954,0.5506083,-0.6050248,0.4107718,0.4025444,
1,13,36.579,0.1975443,1.241815,-0.7170954,0.5506083,-0.6050248,0.4107718,0.4025444,
1,13,36.581,0.1975443,1.241815,-0.7170954,0.5506083,-0.6050248,0.4107718,0.4025444,
1,13,36.583,0.1975443,1.241815,-0.7170954,0.5506083,-0.6050248,0.4107718,0.4025444,
1,13,36.585,0.197634,1.241783,-0.7170593,0.5501978,-0.6051854,0.4108692,0.4027649,
1,13,36.587,0.197634,1.241783,-0.7170593,0.5501978,-0.6051854,0.4108692,0.4027649,
1,13,36.589,0.197634,1.241783,-0.7170593,0.5501978,-0.6051854,0.4108692,0.4027649,
1,13,36.591,0.197634,1.241783,-0.7170593,0.5501978,-0.6051854,0.4108692,0.4027649,
1,13,36.593,0.1976972,1.241666,-0.7171051,0.5498024,-0.6052448,0.411027,0.4030545,
1,13,36.595,0.1976972,1.241666,-0.7171051,0.5498024,-0.6052448,0.411027,0.4030545,
1,13,36.597,0.1976972,1.241666,-0.7171051,0.5498024,-0.6052448,0.411027,0.4030545,
1,13,36.599,0.1976972,1.241666,-0.7171051,0.5498024,-0.6052448,0.411027,0.4030545,
1,13,36.601,0.1977459,1.241763,-0.717026,0.5495121,-0.6051604,0.4113517,0.4032457,
1,13,36.603,0.1977459,1.241763,-0.717026,0.5495121,-0.6051604,0.4113517,0.4032457,
1,13,36.605,0.1977459,1.241763,-0.717026,0.5495121,-0.6051604,0.4113517,0.4032457,
1,13,36.607,0.1977459,1.241763,-0.717026,0.5495121,-0.6051604,0.4113517,0.4032457,
1,13,36.609,0.1977929,1.241885,-0.7169303,0.5493816,-0.6050998,0.411599,0.4032622,
1,13,36.611,0.1977929,1.241885,-0.7169303,0.5493816,-0.6050998,0.411599,0.4032622,
1,13,36.613,0.1977929,1.241885,-0.7169303,0.5493816,-0.6050998,0.411599,0.4032622,
1,13,36.615,0.1977929,1.241885,-0.7169303,0.5493816,-0.6050998,0.411599,0.4032622,
1,13,36.617,0.1977929,1.241885,-0.7169303,0.5493816,-0.6050998,0.411599,0.4032622,
1,13,36.619,0.1978284,1.241934,-0.7168816,0.5494428,-0.605172,0.4115915,0.4030779,
1,13,36.621,0.1978284,1.241934,-0.7168816,0.5494428,-0.605172,0.4115915,0.4030779,
1,13,36.623,0.1978284,1.241934,-0.7168816,0.5494428,-0.605172,0.4115915,0.4030779,
1,13,36.625,0.1978284,1.241934,-0.7168816,0.5494428,-0.605172,0.4115915,0.4030779,
1,13,36.627,0.1978623,1.242131,-0.7167506,0.5495842,-0.6051696,0.4116245,0.4028553,
1,13,36.629,0.1978623,1.242131,-0.7167506,0.5495842,-0.6051696,0.4116245,0.4028553,
1,13,36.631,0.1978623,1.242131,-0.7167506,0.5495842,-0.6051696,0.4116245,0.4028553,
1,13,36.633,0.1978623,1.242131,-0.7167506,0.5495842,-0.6051696,0.4116245,0.4028553,
1,13,36.635,0.1979168,1.242291,-0.7165179,0.54971,-0.6051505,0.4116942,0.4026409,
1,13,36.637,0.1979168,1.242291,-0.7165179,0.54971,-0.6051505,0.4116942,0.4026409,
1,13,36.639,0.1979168,1.242291,-0.7165179,0.54971,-0.6051505,0.4116942,0.4026409,
1,13,36.641,0.1979168,1.242291,-0.7165179,0.54971,-0.6051505,0.4116942,0.4026409,
1,13,36.643,0.1979854,1.242323,-0.7164682,0.5499179,-0.6051664,0.4115567,0.4024736,
1,13,36.645,0.1979854,1.242323,-0.7164682,0.5499179,-0.6051664,0.4115567,0.4024736,
1,13,36.647,0.1979854,1.242323,-0.7164682,0.5499179,-0.6051664,0.4115567,0.4024736,
1,13,36.649,0.1979854,1.242323,-0.7164682,0.5499179,-0.6051664,0.4115567,0.4024736,
1,13,36.651,0.1980306,1.242466,-0.7161782,0.5499803,-0.6050634,0.4116746,0.4024228,
1,13,36.653,0.1980306,1.242466,-0.7161782,0.5499803,-0.6050634,0.4116746,0.4024228,
1,13,36.655,0.1980306,1.242466,-0.7161782,0.5499803,-0.6050634,0.4116746,0.4024228,
1,13,36.657,0.1980306,1.242466,-0.7161782,0.5499803,-0.6050634,0.4116746,0.4024228,
1,13,36.659,0.1980742,1.242458,-0.7160376,0.5500818,-0.605014,0.4115936,0.4024411,
1,13,36.661,0.1980742,1.242458,-0.7160376,0.5500818,-0.605014,0.4115936,0.4024411,
1,13,36.663,0.1980742,1.242458,-0.7160376,0.5500818,-0.605014,0.4115936,0.4024411,
1,13,36.665,0.1980742,1.242458,-0.7160376,0.5500818,-0.605014,0.4115936,0.4024411,
1,13,36.667,0.1980742,1.242458,-0.7160376,0.5500818,-0.605014,0.4115936,0.4024411,
1,13,36.669,0.1980827,1.242337,-0.7159895,0.55015,-0.6049699,0.4114358,0.4025756,
1,13,36.671,0.1980827,1.242337,-0.7159895,0.55015,-0.6049699,0.4114358,0.4025756,
1,13,36.673,0.1980827,1.242337,-0.7159895,0.55015,-0.6049699,0.4114358,0.4025756,
1,13,36.675,0.1980827,1.242337,-0.7159895,0.55015,-0.6049699,0.4114358,0.4025756,
1,13,36.677,0.1981066,1.242329,-0.7157364,0.5501935,-0.6048574,0.4114121,0.4027092,
1,13,36.679,0.1981066,1.242329,-0.7157364,0.5501935,-0.6048574,0.4114121,0.4027092,
1,13,36.681,0.1981066,1.242329,-0.7157364,0.5501935,-0.6048574,0.4114121,0.4027092,
1,13,36.683,0.1981066,1.242329,-0.7157364,0.5501935,-0.6048574,0.4114121,0.4027092,
1,13,36.685,0.198109,1.242315,-0.7153612,0.5501279,-0.6046951,0.4115105,0.4029419,
1,13,36.687,0.198109,1.242315,-0.7153612,0.5501279,-0.6046951,0.4115105,0.4029419,
1,13,36.689,0.198109,1.242315,-0.7153612,0.5501279,-0.6046951,0.4115105,0.4029419,
1,13,36.691,0.198109,1.242315,-0.7153612,0.5501279,-0.6046951,0.4115105,0.4029419,
1,13,36.693,0.1980879,1.242098,-0.7152911,0.5502154,-0.6046444,0.4112828,0.403131,
1,13,36.695,0.1980879,1.242098,-0.7152911,0.5502154,-0.6046444,0.4112828,0.403131,
1,13,36.697,0.1980879,1.242098,-0.7152911,0.5502154,-0.6046444,0.4112828,0.403131,
1,13,36.699,0.1980879,1.242098,-0.7152911,0.5502154,-0.6046444,0.4112828,0.403131,
1,13,36.701,0.1980237,1.24196,-0.7151055,0.5503135,-0.6045287,0.4111376,0.4033188,
1,13,36.703,0.1980237,1.24196,-0.7151055,0.5503135,-0.6045287,0.4111376,0.4033188,
1,13,36.705,0.1980237,1.24196,-0.7151055,0.5503135,-0.6045287,0.4111376,0.4033188,
1,13,36.707,0.1980237,1.24196,-0.7151055,0.5503135,-0.6045287,0.4111376,0.4033188,
1,13,36.709,0.1979606,1.241868,-0.7147499,0.5503938,-0.6043254,0.4111364,0.403515,
1,13,36.711,0.1979606,1.241868,-0.7147499,0.5503938,-0.6043254,0.4111364,0.403515,
1,13,36.713,0.1979606,1.241868,-0.7147499,0.5503938,-0.6043254,0.4111364,0.403515,
1,13,36.715,0.1979606,1.241868,-0.7147499,0.5503938,-0.6043254,0.4111364,0.403515,
1,13,36.717,0.1979606,1.241868,-0.7147499,0.5503938,-0.6043254,0.4111364,0.403515,
1,13,36.719,0.1978843,1.241782,-0.7143948,0.5504262,-0.6040959,0.4111815,0.4037684,
1,13,36.721,0.1978843,1.241782,-0.7143948,0.5504262,-0.6040959,0.4111815,0.4037684,
1,13,36.723,0.1978843,1.241782,-0.7143948,0.5504262,-0.6040959,0.4111815,0.4037684,
1,13,36.725,0.1978843,1.241782,-0.7143948,0.5504262,-0.6040959,0.4111815,0.4037684,
1,13,36.727,0.1977899,1.241637,-0.7139798,0.5503589,-0.603875,0.4112777,0.4040923,
1,13,36.729,0.1977899,1.241637,-0.7139798,0.5503589,-0.603875,0.4112777,0.4040923,
1,13,36.731,0.1977899,1.241637,-0.7139798,0.5503589,-0.603875,0.4112777,0.4040923,
1,13,36.733,0.1977899,1.241637,-0.7139798,0.5503589,-0.603875,0.4112777,0.4040923,
1,13,36.735,0.1977322,1.24154,-0.713807,0.5505763,-0.6036073,0.4111403,0.4043359,
1,13,36.737,0.1977322,1.24154,-0.713807,0.5505763,-0.6036073,0.4111403,0.4043359,
1,13,36.739,0.1977322,1.24154,-0.713807,0.5505763,-0.6036073,0.4111403,0.4043359,
1,13,36.741,0.1977322,1.24154,-0.713807,0.5505763,-0.6036073,0.4111403,0.4043359,
1,13,36.743,0.1976904,1.241426,-0.7136919,0.5508796,-0.6034009,0.410888,0.4044877,
1,13,36.745,0.1976904,1.241426,-0.7136919,0.5508796,-0.6034009,0.410888,0.4044877,
1,13,36.747,0.1976904,1.241426,-0.7136919,0.5508796,-0.6034009,0.410888,0.4044877,
1,13,36.749,0.1976904,1.241426,-0.7136919,0.5508796,-0.6034009,0.410888,0.4044877,
1,13,36.751,0.197669,1.241289,-0.713754,0.5512578,-0.6032279,0.4105007,0.4046234,
1,13,36.753,0.197669,1.241289,-0.713754,0.5512578,-0.6032279,0.4105007,0.4046234,
1,13,36.755,0.197669,1.241289,-0.713754,0.5512578,-0.6032279,0.4105007,0.4046234,
1,13,36.757,0.197669,1.241289,-0.713754,0.5512578,-0.6032279,0.4105007,0.4046234,
1,13,36.759,0.19765,1.241296,-0.7137317,0.5516798,-0.6030091,0.410203,0.4046764,
1,13,36.761,0.19765,1.241296,-0.7137317,0.5516798,-0.6030091,0.410203,0.4046764,
1,13,36.763,0.19765,1.241296,-0.7137317,0.5516798,-0.6030091,0.410203,0.4046764,
1,13,36.765,0.19765,1.241296,-0.7137317,0.5516798,-0.6030091,0.410203,0.4046764,
1,13,36.767,0.19765,1.241296,-0.7137317,0.5516798,-0.6030091,0.410203,0.4046764,
1,13,36.769,0.1976354,1.241281,-0.7137784,0.5521191,-0.6028393,0.4098586,0.4046792,
1,13,36.771,0.1976354,1.241281,-0.7137784,0.5521191,-0.6028393,0.4098586,0.4046792,
1,13,36.773,0.1976354,1.241281,-0.7137784,0.5521191,-0.6028393,0.4098586,0.4046792,
1,13,36.775,0.1976354,1.241281,-0.7137784,0.5521191,-0.6028393,0.4098586,0.4046792,
1,13,36.777,0.1976149,1.24115,-0.7139806,0.5526155,-0.602817,0.4092882,0.4046121,
1,13,36.779,0.1976149,1.24115,-0.7139806,0.5526155,-0.602817,0.4092882,0.4046121,
1,13,36.781,0.1976149,1.24115,-0.7139806,0.5526155,-0.602817,0.4092882,0.4046121,
1,13,36.783,0.1976149,1.24115,-0.7139806,0.5526155,-0.602817,0.4092882,0.4046121,
1,13,36.785,0.1975656,1.241412,-0.7139686,0.553005,-0.602554,0.4091573,0.4046041,
1,13,36.787,0.1975656,1.241412,-0.7139686,0.553005,-0.602554,0.4091573,0.4046041,
1,13,36.789,0.1975656,1.241412,-0.7139686,0.553005,-0.602554,0.4091573,0.4046041,
1,13,36.791,0.1975656,1.241412,-0.7139686,0.553005,-0.602554,0.4091573,0.4046041,
1,13,36.793,0.197516,1.241308,-0.7140998,0.5533066,-0.6025631,0.4087548,0.4045852,
1,13,36.795,0.197516,1.241308,-0.7140998,0.5533066,-0.6025631,0.4087548,0.4045852,
1,13,36.797,0.197516,1.241308,-0.7140998,0.5533066,-0.6025631,0.4087548,0.4045852,
1,13,36.799,0.197516,1.241308,-0.7140998,0.5533066,-0.6025631,0.4087548,0.4045852,
1,13,36.801,0.1974786,1.241382,-0.7139545,0.5533854,-0.6024554,0.4086497,0.4047439,
1,13,36.803,0.1974786,1.241382,-0.7139545,0.5533854,-0.6024554,0.4086497,0.4047439,
1,13,36.805,0.1974786,1.241382,-0.7139545,0.5533854,-0.6024554,0.4086497,0.4047439,
1,13,36.807,0.1974786,1.241382,-0.7139545,0.5533854,-0.6024554,0.4086497,0.4047439,
1,13,36.809,0.1974724,1.241457,-0.7139469,0.5532858,-0.6023149,0.4086891,0.4050493,
1,13,36.811,0.1974724,1.241457,-0.7139469,0.5532858,-0.6023149,0.4086891,0.4050493,
1,13,36.813,0.1974724,1.241457,-0.7139469,0.5532858,-0.6023149,0.4086891,0.4050493,
1,13,36.815,0.1974724,1.241457,-0.7139469,0.5532858,-0.6023149,0.4086891,0.4050493,
1,13,36.817,0.1974724,1.241457,-0.7139469,0.5532858,-0.6023149,0.4086891,0.4050493,
1,13,36.819,0.1975076,1.241418,-0.7140244,0.5531503,-0.6022943,0.408605,0.4053496,
1,13,36.821,0.1975076,1.241418,-0.7140244,0.5531503,-0.6022943,0.408605,0.4053496,
1,13,36.823,0.1975076,1.241418,-0.7140244,0.5531503,-0.6022943,0.408605,0.4053496,
1,13,36.825,0.1975076,1.241418,-0.7140244,0.5531503,-0.6022943,0.408605,0.4053496,
1,13,36.827,0.1975115,1.241444,-0.7139656,0.5528416,-0.6022979,0.4087119,0.4056575,
1,13,36.829,0.1975115,1.241444,-0.7139656,0.5528416,-0.6022979,0.4087119,0.4056575,
1,13,36.831,0.1975115,1.241444,-0.7139656,0.5528416,-0.6022979,0.4087119,0.4056575,
1,13,36.833,0.1975115,1.241444,-0.7139656,0.5528416,-0.6022979,0.4087119,0.4056575,
1,13,36.835,0.197547,1.241304,-0.7140463,0.5525582,-0.6024287,0.4086135,0.4059486,
1,13,36.837,0.197547,1.241304,-0.7140463,0.5525582,-0.6024287,0.4086135,0.4059486,
1,13,36.839,0.197547,1.241304,-0.7140463,0.5525582,-0.6024287,0.4086135,0.4059486,
1,13,36.841,0.197547,1.241304,-0.7140463,0.5525582,-0.6024287,0.4086135,0.4059486,
1,13,36.843,0.1975732,1.241028,-0.7141009,0.5522177,-0.6026907,0.4084457,0.4061916,
1,13,36.845,0.1975732,1.241028,-0.7141009,0.5522177,-0.6026907,0.4084457,0.4061916,
1,13,36.847,0.1975732,1.241028,-0.7141009,0.5522177,-0.6026907,0.4084457,0.4061916,
1,13,36.849,0.1975732,1.241028,-0.7141009,0.5522177,-0.6026907,0.4084457,0.4061916,
1,13,36.851,0.1975709,1.240761,-0.7141905,0.5518419,-0.6030223,0.4083125,0.4063444,
1,13,36.853,0.1975709,1.240761,-0.7141905,0.5518419,-0.6030223,0.4083125,0.4063444,
1,13,36.855,0.1975709,1.240761,-0.7141905,0.5518419,-0.6030223,0.4083125,0.4063444,
1,13,36.857,0.1975709,1.240761,-0.7141905,0.5518419,-0.6030223,0.4083125,0.4063444,
1,13,36.859,0.197611,1.240593,-0.7142264,0.551496,-0.6033331,0.4082536,0.4064117,
1,13,36.861,0.197611,1.240593,-0.7142264,0.551496,-0.6033331,0.4082536,0.4064117,
1,13,36.863,0.197611,1.240593,-0.7142264,0.551496,-0.6033331,0.4082536,0.4064117,
1,13,36.865,0.197611,1.240593,-0.7142264,0.551496,-0.6033331,0.4082536,0.4064117,
1,13,36.867,0.197611,1.240593,-0.7142264,0.551496,-0.6033331,0.4082536,0.4064117,
1,13,36.869,0.1976303,1.240434,-0.7142282,0.5511462,-0.6036335,0.4082848,0.4064086,
1,13,36.871,0.1976303,1.240434,-0.7142282,0.5511462,-0.6036335,0.4082848,0.4064086,
1,13,36.873,0.1976303,1.240434,-0.7142282,0.5511462,-0.6036335,0.4082848,0.4064086,
1,13,36.875,0.1976303,1.240434,-0.7142282,0.5511462,-0.6036335,0.4082848,0.4064086,
1,13,36.877,0.1977501,1.240054,-0.7144464,0.5505938,-0.6039863,0.4083642,0.4065536,
1,13,36.879,0.1977501,1.240054,-0.7144464,0.5505938,-0.6039863,0.4083642,0.4065536,
1,13,36.881,0.1977501,1.240054,-0.7144464,0.5505938,-0.6039863,0.4083642,0.4065536,
1,13,36.883,0.1977501,1.240054,-0.7144464,0.5505938,-0.6039863,0.4083642,0.4065536,
1,13,36.885,0.1978314,1.2399,-0.7144204,0.5500889,-0.6040869,0.4087646,0.4066851,
1,13,36.887,0.1978314,1.2399,-0.7144204,0.5500889,-0.6040869,0.4087646,0.4066851,
1,13,36.889,0.1978314,1.2399,-0.7144204,0.5500889,-0.6040869,0.4087646,0.4066851,
1,13,36.891,0.1978314,1.2399,-0.7144204,0.5500889,-0.6040869,0.4087646,0.4066851,
1,13,36.893,0.1978994,1.239896,-0.7141481,0.5495399,-0.6040918,0.4094543,0.4067263,
1,13,36.895,0.1978994,1.239896,-0.7141481,0.5495399,-0.6040918,0.4094543,0.4067263,
1,13,36.897,0.1978994,1.239896,-0.7141481,0.5495399,-0.6040918,0.4094543,0.4067263,
1,13,36.899,0.1978994,1.239896,-0.7141481,0.5495399,-0.6040918,0.4094543,0.4067263,
1,13,36.901,0.1979911,1.239815,-0.71427,0.5492669,-0.6041719,0.4097784,0.4066494,
1,13,36.903,0.1979911,1.239815,-0.71427,0.5492669,-0.6041719,0.4097784,0.4066494,
1,13,36.905,0.1979911,1.239815,-0.71427,0.5492669,-0.6041719,0.4097784,0.4066494,
1,13,36.907,0.1979911,1.239815,-0.71427,0.5492669,-0.6041719,0.4097784,0.4066494,
1,13,36.909,0.1980876,1.239741,-0.7143571,0.5490398,-0.6042793,0.4100735,0.4064994,
1,13,36.911,0.1980876,1.239741,-0.7143571,0.5490398,-0.6042793,0.4100735,0.4064994,
1,13,36.913,0.1980876,1.239741,-0.7143571,0.5490398,-0.6042793,0.4100735,0.4064994,
1,13,36.915,0.1980876,1.239741,-0.7143571,0.5490398,-0.6042793,0.4100735,0.4064994,
1,13,36.917,0.1980876,1.239741,-0.7143571,0.5490398,-0.6042793,0.4100735,0.4064994,
1,13,36.919,0.1981925,1.239656,-0.7143273,0.5488216,-0.6044469,0.4103929,0.4062221,
1,13,36.921,0.1981925,1.239656,-0.7143273,0.5488216,-0.6044469,0.4103929,0.4062221,
1,13,36.923,0.1981925,1.239656,-0.7143273,0.5488216,-0.6044469,0.4103929,0.4062221,
1,13,36.925,0.1981925,1.239656,-0.7143273,0.5488216,-0.6044469,0.4103929,0.4062221,
1,13,36.927,0.1983384,1.239662,-0.7142597,0.5486034,-0.6045154,0.4108114,0.405992,
1,13,36.929,0.1983384,1.239662,-0.7142597,0.5486034,-0.6045154,0.4108114,0.405992,
1,13,36.931,0.1983384,1.239662,-0.7142597,0.5486034,-0.6045154,0.4108114,0.405992,
1,13,36.933,0.1983384,1.239662,-0.7142597,0.5486034,-0.6045154,0.4108114,0.405992,
1,13,36.935,0.1985094,1.239517,-0.714381,0.5484586,-0.6046624,0.4110184,0.4057592,
1,13,36.937,0.1985094,1.239517,-0.714381,0.5484586,-0.6046624,0.4110184,0.4057592,
1,13,36.939,0.1985094,1.239517,-0.714381,0.5484586,-0.6046624,0.4110184,0.4057592,
1,13,36.941,0.1985094,1.239517,-0.714381,0.5484586,-0.6046624,0.4110184,0.4057592,
1,13,36.943,0.1986907,1.23933,-0.7145303,0.5482684,-0.6048157,0.4112026,0.4056013,
1,13,36.945,0.1986907,1.23933,-0.7145303,0.5482684,-0.6048157,0.4112026,0.4056013,
1,13,36.947,0.1986907,1.23933,-0.7145303,0.5482684,-0.6048157,0.4112026,0.4056013,
1,13,36.949,0.1986907,1.23933,-0.7145303,0.5482684,-0.6048157,0.4112026,0.4056013,
1,13,36.951,0.1989524,1.239022,-0.7149117,0.5480303,-0.6049488,0.4114536,0.4054699,
1,13,36.953,0.1989524,1.239022,-0.7149117,0.5480303,-0.6049488,0.4114536,0.4054699,
1,13,36.955,0.1989524,1.239022,-0.7149117,0.5480303,-0.6049488,0.4114536,0.4054699,
1,13,36.957,0.1989524,1.239022,-0.7149117,0.5480303,-0.6049488,0.4114536,0.4054699,
1,13,36.959,0.1990893,1.238701,-0.7151304,0.547633,-0.605023,0.4117308,0.4056143,
1,13,36.961,0.1990893,1.238701,-0.7151304,0.547633,-0.605023,0.4117308,0.4056143,
1,13,36.963,0.1990893,1.238701,-0.7151304,0.547633,-0.605023,0.4117308,0.4056143,
1,13,36.965,0.1990893,1.238701,-0.7151304,0.547633,-0.605023,0.4117308,0.4056143,
1,13,36.967,0.1990893,1.238701,-0.7151304,0.547633,-0.605023,0.4117308,0.4056143,
1,13,36.969,0.1992036,1.238269,-0.715223,0.5470451,-0.6050677,0.4121751,0.4058897,
1,13,36.971,0.1992036,1.238269,-0.715223,0.5470451,-0.6050677,0.4121751,0.4058897,
1,13,36.973,0.1992036,1.238269,-0.715223,0.5470451,-0.6050677,0.4121751,0.4058897,
1,13,36.975,0.1992036,1.238269,-0.715223,0.5470451,-0.6050677,0.4121751,0.4058897,
1,13,36.977,0.1992995,1.237933,-0.7152529,0.5463642,-0.6050019,0.4128342,0.4062351,
1,13,36.979,0.1992995,1.237933,-0.7152529,0.5463642,-0.6050019,0.4128342,0.4062351,
1,13,36.981,0.1992995,1.237933,-0.7152529,0.5463642,-0.6050019,0.4128342,0.4062351,
1,13,36.983,0.1992995,1.237933,-0.7152529,0.5463642,-0.6050019,0.4128342,0.4062351,
1,13,36.985,0.1993789,1.237504,-0.7154403,0.5457518,-0.6049441,0.4133361,0.4066336,
1,13,36.987,0.1993789,1.237504,-0.7154403,0.5457518,-0.6049441,0.4133361,0.4066336,
1,13,36.989,0.1993789,1.237504,-0.7154403,0.5457518,-0.6049441,0.4133361,0.4066336,
1,13,36.991,0.1993789,1.237504,-0.7154403,0.5457518,-0.6049441,0.4133361,0.4066336,
1,13,36.993,0.1994404,1.237247,-0.7155359,0.5452525,-0.6048324,0.413887,0.4069092,
1,13,36.995,0.1994404,1.237247,-0.7155359,0.5452525,-0.6048324,0.413887,0.4069092,
1,13,36.997,0.1994404,1.237247,-0.7155359,0.5452525,-0.6048324,0.413887,0.4069092,
1,13,36.999,0.1994404,1.237247,-0.7155359,0.5452525,-0.6048324,0.413887,0.4069092,
1,13,37.001,0.1995069,1.237135,-0.715573,0.5449119,-0.6046832,0.4144352,0.4070292,
1,13,37.003,0.1995069,1.237135,-0.715573,0.5449119,-0.6046832,0.4144352,0.4070292,
1,13,37.005,0.1995069,1.237135,-0.715573,0.5449119,-0.6046832,0.4144352,0.4070292,
1,13,37.007,0.1995069,1.237135,-0.715573,0.5449119,-0.6046832,0.4144352,0.4070292,
1,13,37.009,0.1995603,1.237083,-0.7155676,0.5446562,-0.6045628,0.414958,0.4070176,
1,13,37.011,0.1995603,1.237083,-0.7155676,0.5446562,-0.6045628,0.414958,0.4070176,
1,13,37.013,0.1995603,1.237083,-0.7155676,0.5446562,-0.6045628,0.414958,0.4070176,
1,13,37.015,0.1995603,1.237083,-0.7155676,0.5446562,-0.6045628,0.414958,0.4070176,
1,13,37.017,0.1995603,1.237083,-0.7155676,0.5446562,-0.6045628,0.414958,0.4070176,
1,13,37.019,0.1996241,1.237172,-0.7155873,0.5445603,-0.6044078,0.4154864,0.406837,
1,13,37.021,0.1996241,1.237172,-0.7155873,0.5445603,-0.6044078,0.4154864,0.406837,
1,13,37.023,0.1996241,1.237172,-0.7155873,0.5445603,-0.6044078,0.4154864,0.406837,
1,13,37.025,0.1996241,1.237172,-0.7155873,0.5445603,-0.6044078,0.4154864,0.406837,
1,13,37.027,0.1996658,1.237137,-0.715831,0.5448502,-0.6045216,0.4156846,0.4060768,
1,13,37.029,0.1996658,1.237137,-0.715831,0.5448502,-0.6045216,0.4156846,0.4060768,
1,13,37.031,0.1996658,1.237137,-0.715831,0.5448502,-0.6045216,0.4156846,0.4060768,
1,13,37.033,0.1996658,1.237137,-0.715831,0.5448502,-0.6045216,0.4156846,0.4060768,
1,13,37.035,0.1996805,1.237471,-0.7159768,0.5452496,-0.6044359,0.4159354,0.4054109,
1,13,37.037,0.1996805,1.237471,-0.7159768,0.5452496,-0.6044359,0.4159354,0.4054109,
1,13,37.039,0.1996805,1.237471,-0.7159768,0.5452496,-0.6044359,0.4159354,0.4054109,
1,13,37.041,0.1996805,1.237471,-0.7159768,0.5452496,-0.6044359,0.4159354,0.4054109,
1,13,37.043,0.1996953,1.237671,-0.7160999,0.5456247,-0.6043871,0.4161251,0.4047837,
1,13,37.045,0.1996953,1.237671,-0.7160999,0.5456247,-0.6043871,0.4161251,0.4047837,
1,13,37.047,0.1996953,1.237671,-0.7160999,0.5456247,-0.6043871,0.4161251,0.4047837,
1,13,37.049,0.1996953,1.237671,-0.7160999,0.5456247,-0.6043871,0.4161251,0.4047837,
1,13,37.051,0.1997057,1.237826,-0.7160742,0.5458003,-0.6043012,0.4164765,0.4043135,
1,13,37.053,0.1997057,1.237826,-0.7160742,0.5458003,-0.6043012,0.4164765,0.4043135,
1,13,37.055,0.1997057,1.237826,-0.7160742,0.5458003,-0.6043012,0.4164765,0.4043135,
1,13,37.057,0.1997057,1.237826,-0.7160742,0.5458003,-0.6043012,0.4164765,0.4043135,
1,13,37.059,0.1997357,1.237998,-0.7160781,0.5459296,-0.6042085,0.4167866,0.4039578,
1,13,37.061,0.1997357,1.237998,-0.7160781,0.5459296,-0.6042085,0.4167866,0.4039578,
1,13,37.063,0.1997357,1.237998,-0.7160781,0.5459296,-0.6042085,0.4167866,0.4039578,
1,13,37.065,0.1997357,1.237998,-0.7160781,0.5459296,-0.6042085,0.4167866,0.4039578,
1,13,37.067,0.1997357,1.237998,-0.7160781,0.5459296,-0.6042085,0.4167866,0.4039578,
1,13,37.069,0.1997432,1.238158,-0.7160094,0.5459745,-0.6041259,0.417136,0.40366,
1,13,37.071,0.1997432,1.238158,-0.7160094,0.5459745,-0.6041259,0.417136,0.40366,
1,13,37.073,0.1997432,1.238158,-0.7160094,0.5459745,-0.6041259,0.417136,0.40366,
1,13,37.075,0.1997432,1.238158,-0.7160094,0.5459745,-0.6041259,0.417136,0.40366,
1,13,37.077,0.1997481,1.23816,-0.7160221,0.5459914,-0.6041641,0.4172976,0.4034128,
1,13,37.079,0.1997481,1.23816,-0.7160221,0.5459914,-0.6041641,0.4172976,0.4034128,
1,13,37.081,0.1997481,1.23816,-0.7160221,0.5459914,-0.6041641,0.4172976,0.4034128,
1,13,37.083,0.1997481,1.23816,-0.7160221,0.5459914,-0.6041641,0.4172976,0.4034128,
1,13,37.085,0.199754,1.238248,-0.7159018,0.5458953,-0.6041565,0.4175965,0.403245,
1,13,37.087,0.199754,1.238248,-0.7159018,0.5458953,-0.6041565,0.4175965,0.403245,
1,13,37.089,0.199754,1.238248,-0.7159018,0.5458953,-0.6041565,0.4175965,0.403245,
1,13,37.091,0.199754,1.238248,-0.7159018,0.5458953,-0.6041565,0.4175965,0.403245,
1,13,37.093,0.1997184,1.238222,-0.7157901,0.5456968,-0.6042114,0.4178153,0.4032045,
1,13,37.095,0.1997184,1.238222,-0.7157901,0.5456968,-0.6042114,0.4178153,0.4032045,
1,13,37.097,0.1997184,1.238222,-0.7157901,0.5456968,-0.6042114,0.4178153,0.4032045,
1,13,37.099,0.1997184,1.238222,-0.7157901,0.5456968,-0.6042114,0.4178153,0.4032045,
1,13,37.101,0.1996533,1.238152,-0.7155733,0.545296,-0.6041882,0.418214,0.4033684,
1,13,37.103,0.1996533,1.238152,-0.7155733,0.545296,-0.6041882,0.418214,0.4033684,
1,13,37.105,0.1996533,1.238152,-0.7155733,0.545296,-0.6041882,0.418214,0.4033684,
1,13,37.107,0.1996533,1.238152,-0.7155733,0.545296,-0.6041882,0.418214,0.4033684,
1,13,37.109,0.1995861,1.237987,-0.7154315,0.5449538,-0.6041558,0.4184594,0.4036248,
1,13,37.111,0.1995861,1.237987,-0.7154315,0.5449538,-0.6041558,0.4184594,0.4036248,
1,13,37.113,0.1995861,1.237987,-0.7154315,0.5449538,-0.6041558,0.4184594,0.4036248,
1,13,37.115,0.1995861,1.237987,-0.7154315,0.5449538,-0.6041558,0.4184594,0.4036248,
1,13,37.117,0.1995861,1.237987,-0.7154315,0.5449538,-0.6041558,0.4184594,0.4036248,
1,13,37.119,0.1995253,1.237986,-0.7152388,0.5445892,-0.6038815,0.41888,0.4040908,
1,13,37.121,0.1995253,1.237986,-0.7152388,0.5445892,-0.6038815,0.41888,0.4040908,
1,13,37.123,0.1995253,1.237986,-0.7152388,0.5445892,-0.6038815,0.41888,0.4040908,
1,13,37.125,0.1995253,1.237986,-0.7152388,0.5445892,-0.6038815,0.41888,0.4040908,
1,13,37.127,0.1994727,1.238049,-0.7150171,0.5442974,-0.603534,0.4192529,0.404616,
1,13,37.129,0.1994727,1.238049,-0.7150171,0.5442974,-0.603534,0.4192529,0.404616,
1,13,37.131,0.1994727,1.238049,-0.7150171,0.5442974,-0.603534,0.4192529,0.404616,
1,13,37.133,0.1994727,1.238049,-0.7150171,0.5442974,-0.603534,0.4192529,0.404616,
1,13,37.135,0.1993676,1.238219,-0.7148352,0.544188,-0.603194,0.4194683,0.4050468,
1,13,37.137,0.1993676,1.238219,-0.7148352,0.544188,-0.603194,0.4194683,0.4050468,
1,13,37.139,0.1993676,1.238219,-0.7148352,0.544188,-0.603194,0.4194683,0.4050468,
1,13,37.141,0.1993676,1.238219,-0.7148352,0.544188,-0.603194,0.4194683,0.4050468,
1,13,37.143,0.199241,1.238387,-0.7147282,0.5443075,-0.6030365,0.419356,0.4052368,
1,13,37.145,0.199241,1.238387,-0.7147282,0.5443075,-0.6030365,0.419356,0.4052368,
1,13,37.147,0.199241,1.238387,-0.7147282,0.5443075,-0.6030365,0.419356,0.4052368,
1,13,37.149,0.199241,1.238387,-0.7147282,0.5443075,-0.6030365,0.419356,0.4052368,
1,13,37.151,0.1990679,1.23857,-0.7146587,0.5446754,-0.6030375,0.4189306,0.405181,
1,13,37.153,0.1990679,1.23857,-0.7146587,0.5446754,-0.6030375,0.4189306,0.405181,
1,13,37.155,0.1990679,1.23857,-0.7146587,0.5446754,-0.6030375,0.4189306,0.405181,
1,13,37.157,0.1990679,1.23857,-0.7146587,0.5446754,-0.6030375,0.4189306,0.405181,
1,13,37.159,0.1988483,1.238826,-0.7144014,0.5450066,-0.6030507,0.4185427,0.405117,
1,13,37.161,0.1988483,1.238826,-0.7144014,0.5450066,-0.6030507,0.4185427,0.405117,
1,13,37.163,0.1988483,1.238826,-0.7144014,0.5450066,-0.6030507,0.4185427,0.405117,
1,13,37.165,0.1988483,1.238826,-0.7144014,0.5450066,-0.6030507,0.4185427,0.405117,
1,13,37.167,0.1988483,1.238826,-0.7144014,0.5450066,-0.6030507,0.4185427,0.405117,
1,13,37.169,0.1985863,1.238814,-0.7143968,0.5453944,-0.6032443,0.4177436,0.4051316,
1,13,37.171,0.1985863,1.238814,-0.7143968,0.5453944,-0.6032443,0.4177436,0.4051316,
1,13,37.173,0.1985863,1.238814,-0.7143968,0.5453944,-0.6032443,0.4177436,0.4051316,
1,13,37.175,0.1985863,1.238814,-0.7143968,0.5453944,-0.6032443,0.4177436,0.4051316,
1,13,37.177,0.1980961,1.239191,-0.7142934,0.5457187,-0.603066,0.4170912,0.4056323,
1,13,37.179,0.1980961,1.239191,-0.7142934,0.5457187,-0.603066,0.4170912,0.4056323,
1,13,37.181,0.1980961,1.239191,-0.7142934,0.5457187,-0.603066,0.4170912,0.4056323,CourtEnter
1,13,37.183,0.1980961,1.239191,-0.7142934,0.5457187,-0.603066,0.4170912,0.4056323,
1,13,37.185,0.1978371,1.239437,-0.7142526,0.54579,-0.6027866,0.416861,0.4061878,
1,13,37.187,0.1978371,1.239437,-0.7142526,0.54579,-0.6027866,0.416861,0.4061878,
1,13,37.189,0.1978371,1.239437,-0.7142526,0.54579,-0.6027866,0.416861,0.4061878,CourtExit
1,13,37.191,0.1978371,1.239437,-0.7142526,0.54579,-0.6027866,0.416861,0.4061878,
1,13,37.193,0.1975414,1.239659,-0.7141035,0.5456908,-0.6024707,0.4168519,0.4067987,
1,13,37.195,0.1975414,1.239659,-0.7141035,0.5456908,-0.6024707,0.4168519,0.4067987,
1,13,37.197,0.1975414,1.239659,-0.7141035,0.5456908,-0.6024707,0.4168519,0.4067987,
1,13,37.199,0.1975414,1.239659,-0.7141035,0.5456908,-0.6024707,0.4168519,0.4067987,
1,13,37.201,0.1972291,1.239621,-0.714035,0.5455188,-0.6023331,0.4166385,0.4074515,
1,13,37.203,0.1972291,1.239621,-0.714035,0.5455188,-0.6023331,0.4166385,0.4074515,
1,13,37.205,0.1972291,1.239621,-0.714035,0.5455188,-0.6023331,0.4166385,0.4074515,
1,13,37.207,0.1972291,1.239621,-0.714035,0.5455188,-0.6023331,0.4166385,0.4074515,
1,13,37.209,0.1968986,1.239434,-0.7139424,0.5452311,-0.6023124,0.4163332,0.4081784,
1,13,37.211,0.1968986,1.239434,-0.7139424,0.5452311,-0.6023124,0.4163332,0.4081784,
1,13,37.213,0.1968986,1.239434,-0.7139424,0.5452311,-0.6023124,0.4163332,0.4081784,
1,13,37.215,0.1968986,1.239434,-0.7139424,0.5452311,-0.6023124,0.4163332,0.4081784,
1,13,37.217,0.1968986,1.239434,-0.7139424,0.5452311,-0.6023124,0.4163332,0.4081784,
1,13,37.219,0.1965725,1.239327,-0.7136794,0.5447692,-0.602234,0.4162921,0.408952,
1,13,37.221,0.1965725,1.239327,-0.7136794,0.5447692,-0.602234,0.4162921,0.408952,
1,13,37.223,0.1965725,1.239327,-0.7136794,0.5447692,-0.602234,0.4162921,0.408952,
1,13,37.225,0.1965725,1.239327,-0.7136794,0.5447692,-0.602234,0.4162921,0.408952,
1,13,37.227,0.1963009,1.239123,-0.713512,0.5442651,-0.6021064,0.4163069,0.4097951,
1,13,37.229,0.1963009,1.239123,-0.713512,0.5442651,-0.6021064,0.4163069,0.4097951,
1,13,37.231,0.1963009,1.239123,-0.713512,0.5442651,-0.6021064,0.4163069,0.4097951,
1,13,37.233,0.1963009,1.239123,-0.713512,0.5442651,-0.6021064,0.4163069,0.4097951,
1,13,37.235,0.1959899,1.238906,-0.7133573,0.5437151,-0.6019672,0.4164153,0.4106187,
1,13,37.237,0.1959899,1.238906,-0.7133573,0.5437151,-0.6019672,0.4164153,0.4106187,
1,13,37.239,0.1959899,1.238906,-0.7133573,0.5437151,-0.6019672,0.4164153,0.4106187,
1,13,37.241,0.1959899,1.238906,-0.7133573,0.5437151,-0.6019672,0.4164153,0.4106187,
1,13,37.243,0.1956584,1.238899,-0.713138,0.5429459,-0.6015844,0.4169938,0.4116094,
1,13,37.245,0.1956584,1.238899,-0.713138,0.5429459,-0.6015844,0.4169938,0.4116094,
1,13,37.247,0.1956584,1.238899,-0.713138,0.5429459,-0.6015844,0.4169938,0.4116094,
1,13,37.249,0.1956584,1.238899,-0.713138,0.5429459,-0.6015844,0.4169938,0.4116094,
1,13,37.251,0.1952088,1.238906,-0.7126812,0.5416307,-0.6009039,0.4181712,0.4131387,
1,13,37.253,0.1952088,1.238906,-0.7126812,0.5416307,-0.6009039,0.4181712,0.4131387,
1,13,37.255,0.1952088,1.238906,-0.7126812,0.5416307,-0.6009039,0.4181712,0.4131387,
1,13,37.257,0.1952088,1.238906,-0.7126812,0.5416307,-0.6009039,0.4181712,0.4131387,
1,13,37.259,0.1949917,1.238804,-0.7126095,0.5409366,-0.6005661,0.4186428,0.4140606,
1,13,37.261,0.1949917,1.238804,-0.7126095,0.5409366,-0.6005661,0.4186428,0.4140606,
1,13,37.263,0.1949917,1.238804,-0.7126095,0.5409366,-0.6005661,0.4186428,0.4140606,
1,13,37.265,0.1949917,1.238804,-0.7126095,0.5409366,-0.6005661,0.4186428,0.4140606,
1,13,37.267,0.1949917,1.238804,-0.7126095,0.5409366,-0.6005661,0.4186428,0.4140606,
1,13,37.269,0.1948062,1.238512,-0.7125595,0.5403509,-0.6004876,0.418813,0.4147667,
1,13,37.271,0.1948062,1.238512,-0.7125595,0.5403509,-0.6004876,0.418813,0.4147667,
1,13,37.273,0.1948062,1.238512,-0.7125595,0.5403509,-0.6004876,0.418813,0.4147667,
1,13,37.275,0.1948062,1.238512,-0.7125595,0.5403509,-0.6004876,0.418813,0.4147667,
1,13,37.277,0.1946334,1.238218,-0.7123961,0.5398381,-0.6005641,0.4188763,0.4152596,
1,13,37.279,0.1946334,1.238218,-0.7123961,0.5398381,-0.6005641,0.4188763,0.4152596,
1,13,37.281,0.1946334,1.238218,-0.7123961,0.5398381,-0.6005641,0.4188763,0.4152596,
1,13,37.283,0.1946334,1.238218,-0.7123961,0.5398381,-0.6005641,0.4188763,0.4152596,
1,13,37.285,0.1945184,1.237703,-0.7122972,0.5394329,-0.600877,0.4185844,0.4156276,
1,13,37.287,0.1945184,1.237703,-0.7122972,0.5394329,-0.600877,0.4185844,0.4156276,
1,13,37.289,0.1945184,1.237703,-0.7122972,0.5394329,-0.600877,0.4185844,0.4156276,
1,13,37.291,0.1945184,1.237703,-0.7122972,0.5394329,-0.600877,0.4185844,0.4156276,
1,13,37.293,0.1943784,1.237202,-0.7120353,0.538884,-0.6012198,0.418413,0.4160162,
1,13,37.295,0.1943784,1.237202,-0.7120353,0.538884,-0.6012198,0.418413,0.4160162,
1,13,37.297,0.1943784,1.237202,-0.7120353,0.538884,-0.6012198,0.418413,0.4160162,
1,13,37.299,0.1943784,1.237202,-0.7120353,0.538884,-0.6012198,0.418413,0.4160162,
1,13,37.301,0.1942429,1.236297,-0.7118262,0.5382403,-0.6016789,0.418054,0.4165463,
1,13,37.303,0.1942429,1.236297,-0.7118262,0.5382403,-0.6016789,0.418054,0.4165463,
1,13,37.305,0.1942429,1.236297,-0.7118262,0.5382403,-0.6016789,0.418054,0.4165463,
1,13,37.307,0.1942429,1.236297,-0.7118262,0.5382403,-0.6016789,0.418054,0.4165463,
1,13,37.309,0.1941693,1.235279,-0.7116023,0.5374064,-0.6019638,0.4179149,0.4173504,
1,13,37.311,0.1941693,1.235279,-0.7116023,0.5374064,-0.6019638,0.4179149,0.4173504,
1,13,37.313,0.1941693,1.235279,-0.7116023,0.5374064,-0.6019638,0.4179149,0.4173504,
1,13,37.315,0.1941693,1.235279,-0.7116023,0.5374064,-0.6019638,0.4179149,0.4173504,
1,13,37.317,0.1941693,1.235279,-0.7116023,0.5374064,-0.6019638,0.4179149,0.4173504,
1,13,37.319,0.1941344,1.234264,-0.7112976,0.5361936,-0.6018074,0.4183959,0.4186518,
1,13,37.321,0.1941344,1.234264,-0.7112976,0.5361936,-0.6018074,0.4183959,0.4186518,
1,13,37.323,0.1941344,1.234264,-0.7112976,0.5361936,-0.6018074,0.4183959,0.4186518,
1,13,37.325,0.1941344,1.234264,-0.7112976,0.5361936,-0.6018074,0.4183959,0.4186518,
1,13,37.327,0.194151,1.232264,-0.7110727,0.5338261,-0.6010806,0.4195226,0.4215835,
1,13,37.329,0.194151,1.232264,-0.7110727,0.5338261,-0.6010806,0.4195226,0.4215835,
1,13,37.331,0.194151,1.232264,-0.7110727,0.5338261,-0.6010806,0.4195226,0.4215835,
1,13,37.333,0.194151,1.232264,-0.7110727,0.5338261,-0.6010806,0.4195226,0.4215835,
1,13,37.335,0.1941745,1.23063,-0.7109783,0.5322326,-0.6006385,0.420233,0.4235163,
1,13,37.337,0.1941745,1.23063,-0.7109783,0.5322326,-0.6006385,0.420233,0.4235163,
1,13,37.339,0.1941745,1.23063,-0.7109783,0.5322326,-0.6006385,0.420233,0.4235163,
1,13,37.341,0.1941745,1.23063,-0.7109783,0.5322326,-0.6006385,0.420233,0.4235163,
1,13,37.343,0.1942614,1.229263,-0.7106884,0.5310066,-0.6003273,0.420875,0.4248569,
1,13,37.345,0.1942614,1.229263,-0.7106884,0.5310066,-0.6003273,0.420875,0.4248569,
1,13,37.347,0.1942614,1.229263,-0.7106884,0.5310066,-0.6003273,0.420875,0.4248569,
1,13,37.349,0.1942614,1.229263,-0.7106884,0.5310066,-0.6003273,0.420875,0.4248569,
1,13,37.351,0.1944365,1.228158,-0.7103351,0.5303096,-0.6002755,0.4212339,0.4254447,
1,13,37.353,0.1944365,1.228158,-0.7103351,0.5303096,-0.6002755,0.4212339,0.4254447,
1,13,37.355,0.1944365,1.228158,-0.7103351,0.5303096,-0.6002755,0.4212339,0.4254447,
1,13,37.357,0.1944365,1.228158,-0.7103351,0.5303096,-0.6002755,0.4212339,0.4254447,
1,13,37.359,0.1946675,1.227057,-0.7097839,0.5299783,-0.60065,0.4212613,0.4253017,
1,13,37.361,0.1946675,1.227057,-0.7097839,0.5299783,-0.60065,0.4212613,0.4253017,
1,13,37.363,0.1946675,1.227057,-0.7097839,0.5299783,-0.60065,0.4212613,0.4253017,
1,13,37.365,0.1946675,1.227057,-0.7097839,0.5299783,-0.60065,0.4212613,0.4253017,
1,13,37.367,0.1946675,1.227057,-0.7097839,0.5299783,-0.60065,0.4212613,0.4253017,
1,13,37.369,0.1949652,1.226139,-0.709197,0.5299563,-0.6011452,0.4211703,0.4247191,
1,13,37.371,0.1949652,1.226139,-0.709197,0.5299563,-0.6011452,0.4211703,0.4247191,
1,13,37.373,0.1949652,1.226139,-0.709197,0.5299563,-0.6011452,0.4211703,0.4247191,
1,13,37.375,0.1949652,1.226139,-0.709197,0.5299563,-0.6011452,0.4211703,0.4247191,
1,13,37.377,0.195324,1.225532,-0.7086293,0.5302173,-0.6015575,0.4211066,0.423872,
1,13,37.379,0.195324,1.225532,-0.7086293,0.5302173,-0.6015575,0.4211066,0.423872,
1,13,37.381,0.195324,1.225532,-0.7086293,0.5302173,-0.6015575,0.4211066,0.423872,
1,13,37.383,0.195324,1.225532,-0.7086293,0.5302173,-0.6015575,0.4211066,0.423872,
1,13,37.385,0.1957373,1.224988,-0.7080246,0.530369,-0.6018375,0.4212207,0.4231709,
1,13,37.387,0.1957373,1.224988,-0.7080246,0.530369,-0.6018375,0.4212207,0.4231709,
1,13,37.389,0.1957373,1.224988,-0.7080246,0.530369,-0.6018375,0.4212207,0.4231709,
1,13,37.391,0.1957373,1.224988,-0.7080246,0.530369,-0.6018375,0.4212207,0.4231709,
1,13,37.393,0.1961624,1.224297,-0.7074137,0.5301822,-0.6020085,0.4214775,0.4229057,
1,13,37.395,0.1961624,1.224297,-0.7074137,0.5301822,-0.6020085,0.4214775,0.4229057,
1,13,37.397,0.1961624,1.224297,-0.7074137,0.5301822,-0.6020085,0.4214775,0.4229057,
1,13,37.399,0.1961624,1.224297,-0.7074137,0.5301822,-0.6020085,0.4214775,0.4229057,
1,13,37.401,0.1969059,1.223404,-0.706293,0.5294105,-0.6018232,0.4224506,0.4231654,
1,13,37.403,0.1969059,1.223404,-0.706293,0.5294105,-0.6018232,0.4224506,0.4231654,
1,13,37.405,0.1969059,1.223404,-0.706293,0.5294105,-0.6018232,0.4224506,0.4231654,
1,13,37.407,0.1969059,1.223404,-0.706293,0.5294105,-0.6018232,0.4224506,0.4231654,
1,13,37.409,0.1975125,1.223019,-0.7056297,0.5289398,-0.6014856,0.4231052,0.4235799,
1,13,37.411,0.1975125,1.223019,-0.7056297,0.5289398,-0.6014856,0.4231052,0.4235799,
1,13,37.413,0.1975125,1.223019,-0.7056297,0.5289398,-0.6014856,0.4231052,0.4235799,
1,13,37.415,0.1975125,1.223019,-0.7056297,0.5289398,-0.6014856,0.4231052,0.4235799,
1,13,37.417,0.1975125,1.223019,-0.7056297,0.5289398,-0.6014856,0.4231052,0.4235799,
1,13,37.419,0.1981614,1.222819,-0.7048686,0.5285497,-0.6011637,0.4236586,0.4239705,
1,13,37.421,0.1981614,1.222819,-0.7048686,0.5285497,-0.6011637,0.4236586,0.4239705,
1,13,37.423,0.1981614,1.222819,-0.7048686,0.5285497,-0.6011637,0.4236586,0.4239705,
1,13,37.425,0.1981614,1.222819,-0.7048686,0.5285497,-0.6011637,0.4236586,0.4239705,
1,13,37.427,0.1988298,1.222723,-0.7041928,0.528393,-0.6009884,0.4238735,0.4241994,
1,13,37.429,0.1988298,1.222723,-0.7041928,0.528393,-0.6009884,0.4238735,0.4241994,
1,13,37.431,0.1988298,1.222723,-0.7041928,0.528393,-0.6009884,0.4238735,0.4241994,
1,13,37.433,0.1988298,1.222723,-0.7041928,0.528393,-0.6009884,0.4238735,0.4241994,
1,13,37.435,0.1995106,1.222847,-0.7035404,0.5285983,-0.6010365,0.4236951,0.4240536,
1,13,37.437,0.1995106,1.222847,-0.7035404,0.5285983,-0.6010365,0.4236951,0.4240536,
1,13,37.439,0.1995106,1.222847,-0.7035404,0.5285983,-0.6010365,0.4236951,0.4240536,
1,13,37.441,0.1995106,1.222847,-0.7035404,0.5285983,-0.6010365,0.4236951,0.4240536,
1,13,37.443,0.2001641,1.222973,-0.7029105,0.5290466,-0.6013598,0.4231175,0.4236126,
1,13,37.445,0.2001641,1.222973,-0.7029105,0.5290466,-0.6013598,0.4231175,0.4236126,
1,13,37.447,0.2001641,1.222973,-0.7029105,0.5290466,-0.6013598,0.4231175,0.4236126,
1,13,37.449,0.2001641,1.222973,-0.7029105,0.5290466,-0.6013598,0.4231175,0.4236126,
1,13,37.451,0.2007577,1.222915,-0.7022085,0.5296783,-0.6021081,0.4220272,0.4228473,
1,13,37.453,0.2007577,1.222915,-0.7022085,0.5296783,-0.6021081,0.4220272,0.4228473,
1,13,37.455,0.2007577,1.222915,-0.7022085,0.5296783,-0.6021081,0.4220272,0.4228473,
1,13,37.457,0.2007577,1.222915,-0.7022085,0.5296783,-0.6021081,0.4220272,0.4228473,
1,13,37.459,0.2012894,1.222927,-0.701543,0.5306517,-0.6031423,0.4205243,0.4216486,
1,13,37.461,0.2012894,1.222927,-0.701543,0.5306517,-0.6031423,0.4205243,0.4216486,
1,13,37.463,0.2012894,1.222927,-0.701543,0.5306517,-0.6031423,0.4205243,0.4216486,
1,13,37.465,0.2012894,1.222927,-0.701543,0.5306517,-0.6031423,0.4205243,0.4216486,
1,13,37.467,0.2012894,1.222927,-0.701543,0.5306517,-0.6031423,0.4205243,0.4216486,
1,13,37.469,0.2018991,1.223233,-0.7007393,0.5320609,-0.6043524,0.4188165,0.4198359,
1,13,37.471,0.2018991,1.223233,-0.7007393,0.5320609,-0.6043524,0.4188165,0.4198359,
1,13,37.473,0.2018991,1.223233,-0.7007393,0.5320609,-0.6043524,0.4188165,0.4198359,
1,13,37.475,0.2018991,1.223233,-0.7007393,0.5320609,-0.6043524,0.4188165,0.4198359,
1,13,37.477,0.2027695,1.224435,-0.6994496,0.5348898,-0.605944,0.4163194,0.4164169,
1,13,37.479,0.2027695,1.224435,-0.6994496,0.5348898,-0.605944,0.4163194,0.4164169,
1,13,37.481,0.2027695,1.224435,-0.6994496,0.5348898,-0.605944,0.4163194,0.4164169,
1,13,37.483,0.2027695,1.224435,-0.6994496,0.5348898,-0.605944,0.4163194,0.4164169,
1,13,37.485,0.2032723,1.225427,-0.698351,0.5368302,-0.6070405,0.4147838,0.4138471,
1,13,37.487,0.2032723,1.225427,-0.698351,0.5368302,-0.6070405,0.4147838,0.4138471,
1,13,37.489,0.2032723,1.225427,-0.698351,0.5368302,-0.6070405,0.4147838,0.4138471,
1,13,37.491,0.2032723,1.225427,-0.698351,0.5368302,-0.6070405,0.4147838,0.4138471,
1,13,37.493,0.2037272,1.226355,-0.6975417,0.5388671,-0.607969,0.4132006,0.4114138,
1,13,37.495,0.2037272,1.226355,-0.6975417,0.5388671,-0.607969,0.4132006,0.4114138,
1,13,37.497,0.2037272,1.226355,-0.6975417,0.5388671,-0.607969,0.4132006,0.4114138,
1,13,37.499,0.2037272,1.226355,-0.6975417,0.5388671,-0.607969,0.4132006,0.4114138,
1,13,37.501,0.2041462,1.22753,-0.6963887,0.5410212,-0.6089301,0.4117948,0.4085649,
1,13,37.503,0.2041462,1.22753,-0.6963887,0.5410212,-0.6089301,0.4117948,0.4085649,
1,13,37.505,0.2041462,1.22753,-0.6963887,0.5410212,-0.6089301,0.4117948,0.4085649,
1,13,37.507,0.2041462,1.22753,-0.6963887,0.5410212,-0.6089301,0.4117948,0.4085649,
1,13,37.509,0.2044314,1.228365,-0.6954532,0.5432742,-0.6101797,0.410003,0.4055015,
1,13,37.511,0.2044314,1.228365,-0.6954532,0.5432742,-0.6101797,0.410003,0.4055015,
1,13,37.513,0.2044314,1.228365,-0.6954532,0.5432742,-0.6101797,0.410003,0.4055015,
1,13,37.515,0.2044314,1.228365,-0.6954532,0.5432742,-0.6101797,0.410003,0.4055015,
1,13,37.517,0.2044314,1.228365,-0.6954532,0.5432742,-0.6101797,0.410003,0.4055015,
1,13,37.519,0.2045579,1.229232,-0.6944432,0.5456567,-0.6115038,0.4082012,0.4021115,
1,13,37.521,0.2045579,1.229232,-0.6944432,0.5456567,-0.6115038,0.4082012,0.4021115,
1,13,37.523,0.2045579,1.229232,-0.6944432,0.5456567,-0.6115038,0.4082012,0.4021115,
1,13,37.525,0.2045579,1.229232,-0.6944432,0.5456567,-0.6115038,0.4082012,0.4021115,
1,13,37.527,0.2046594,1.230251,-0.6934083,0.5480788,-0.6125102,0.4067623,0.3987297,
1,13,37.529,0.2046594,1.230251,-0.6934083,0.5480788,-0.6125102,0.4067623,0.3987297,
1,13,37.531,0.2046594,1.230251,-0.6934083,0.5480788,-0.6125102,0.4067623,0.3987297,
1,13,37.533,0.2046594,1.230251,-0.6934083,0.5480788,-0.6125102,0.4067623,0.3987297,
1,13,37.535,0.2046784,1.231079,-0.6922609,0.5501314,-0.6134148,0.4056151,0.3956692,
1,13,37.537,0.2046784,1.231079,-0.6922609,0.5501314,-0.6134148,0.4056151,0.3956692,
1,13,37.539,0.2046784,1.231079,-0.6922609,0.5501314,-0.6134148,0.4056151,0.3956692,
1,13,37.541,0.2046784,1.231079,-0.6922609,0.5501314,-0.6134148,0.4056151,0.3956692,
1,13,37.543,0.2046776,1.231807,-0.6911804,0.5517919,-0.6140335,0.4048531,0.3931699,
1,13,37.545,0.2046776,1.231807,-0.6911804,0.5517919,-0.6140335,0.4048531,0.3931699,
1,13,37.547,0.2046776,1.231807,-0.6911804,0.5517919,-0.6140335,0.4048531,0.3931699,
1,13,37.549,0.2046776,1.231807,-0.6911804,0.5517919,-0.6140335,0.4048531,0.3931699,
1,13,37.551,0.2046821,1.232677,-0.69023,0.5535297,-0.6142569,0.4043383,0.3909015,
1,13,37.553,0.2046821,1.232677,-0.69023,0.5535297,-0.6142569,0.4043383,0.3909015,
1,13,37.555,0.2046821,1.232677,-0.69023,0.5535297,-0.6142569,0.4043383,0.3909015,
1,13,37.557,0.2046821,1.232677,-0.69023,0.5535297,-0.6142569,0.4043383,0.3909015,
1,13,37.559,0.2046754,1.233463,-0.6892977,0.5548902,-0.614069,0.4043009,0.3893034,
1,13,37.561,0.2046754,1.233463,-0.6892977,0.5548902,-0.614069,0.4043009,0.3893034,
1,13,37.563,0.2046754,1.233463,-0.6892977,0.5548902,-0.614069,0.4043009,0.3893034,
1,13,37.565,0.2046754,1.233463,-0.6892977,0.5548902,-0.614069,0.4043009,0.3893034,
1,13,37.567,0.2046754,1.233463,-0.6892977,0.5548902,-0.614069,0.4043009,0.3893034,
1,13,37.569,0.2046376,1.23376,-0.688298,0.5555404,-0.6138232,0.4045529,0.3885008,
1,13,37.571,0.2046376,1.23376,-0.688298,0.5555404,-0.6138232,0.4045529,0.3885008,
1,13,37.573,0.2046376,1.23376,-0.688298,0.5555404,-0.6138232,0.4045529,0.3885008,
1,13,37.575,0.2046376,1.23376,-0.688298,0.5555404,-0.6138232,0.4045529,0.3885008,
1,13,37.577,0.2045242,1.233847,-0.6871533,0.5557453,-0.6134765,0.4050875,0.3881983,
1,13,37.579,0.2045242,1.233847,-0.6871533,0.5557453,-0.6134765,0.4050875,0.3881983,
1,13,37.581,0.2045242,1.233847,-0.6871533,0.5557453,-0.6134765,0.4050875,0.3881983,
1,13,37.583,0.2045242,1.233847,-0.6871533,0.5557453,-0.6134765,0.4050875,0.3881983,
1,13,37.585,0.2044129,1.233986,-0.6863711,0.5559378,-0.6128988,0.4055887,0.388312,
1,13,37.587,0.2044129,1.233986,-0.6863711,0.5559378,-0.6128988,0.4055887,0.388312,
1,13,37.589,0.2044129,1.233986,-0.6863711,0.5559378,-0.6128988,0.4055887,0.388312,
1,13,37.591,0.2044129,1.233986,-0.6863711,0.5559378,-0.6128988,0.4055887,0.388312,
1,13,37.593,0.2043387,1.234186,-0.6857158,0.5562303,-0.6122323,0.4059715,0.3885444,
1,13,37.595,0.2043387,1.234186,-0.6857158,0.5562303,-0.6122323,0.4059715,0.3885444,
1,13,37.597,0.2043387,1.234186,-0.6857158,0.5562303,-0.6122323,0.4059715,0.3885444,
1,13,37.599,0.2043387,1.234186,-0.6857158,0.5562303,-0.6122323,0.4059715,0.3885444,
1,13,37.601,0.2043507,1.234542,-0.6851076,0.5568025,-0.6115618,0.4061378,0.3886066,
1,13,37.603,0.2043507,1.234542,-0.6851076,0.5568025,-0.6115618,0.4061378,0.3886066,
1,13,37.605,0.2043507,1.234542,-0.6851076,0.5568025,-0.6115618,0.4061378,0.3886066,
1,13,37.607,0.2043507,1.234542,-0.6851076,0.5568025,-0.6115618,0.4061378,0.3886066,
1,13,37.609,0.2043007,1.234756,-0.6845448,0.5573721,-0.6111946,0.4059415,0.3885731,
1,13,37.611,0.2043007,1.234756,-0.6845448,0.5573721,-0.6111946,0.4059415,0.3885731,
1,13,37.613,0.2043007,1.234756,-0.6845448,0.5573721,-0.6111946,0.4059415,0.3885731,
1,13,37.615,0.2043007,1.234756,-0.6845448,0.5573721,-0.6111946,0.4059415,0.3885731,
1,13,37.617,0.2043007,1.234756,-0.6845448,0.5573721,-0.6111946,0.4059415,0.3885731,
1,13,37.619,0.2042762,1.234919,-0.6839516,0.5580091,-0.6110451,0.4054241,0.3884341,
1,13,37.621,0.2042762,1.234919,-0.6839516,0.5580091,-0.6110451,0.4054241,0.3884341,
1,13,37.623,0.2042762,1.234919,-0.6839516,0.5580091,-0.6110451,0.4054241,0.3884341,
1,13,37.625,0.2042762,1.234919,-0.6839516,0.5580091,-0.6110451,0.4054241,0.3884341,
1,13,37.627,0.2042737,1.235226,-0.6834036,0.5586067,-0.6107839,0.4049692,0.3884606,
1,13,37.629,0.2042737,1.235226,-0.6834036,0.5586067,-0.6107839,0.4049692,0.3884606,
1,13,37.631,0.2042737,1.235226,-0.6834036,0.5586067,-0.6107839,0.4049692,0.3884606,
1,13,37.633,0.2042737,1.235226,-0.6834036,0.5586067,-0.6107839,0.4049692,0.3884606,
1,13,37.635,0.204242,1.235485,-0.6827918,0.5589373,-0.6106188,0.4045848,0.3886451,
1,13,37.637,0.204242,1.235485,-0.6827918,0.5589373,-0.6106188,0.4045848,0.3886451,
1,13,37.639,0.204242,1.235485,-0.6827918,0.5589373,-0.6106188,0.4045848,0.3886451,
1,13,37.641,0.204242,1.235485,-0.6827918,0.5589373,-0.6106188,0.4045848,0.3886451,
1,13,37.643,0.2041892,1.235642,-0.6821148,0.5590298,-0.6105234,0.4042159,0.3890456,
1,13,37.645,0.2041892,1.235642,-0.6821148,0.5590298,-0.6105234,0.4042159,0.3890456,
1,13,37.647,0.2041892,1.235642,-0.6821148,0.5590298,-0.6105234,0.4042159,0.3890456,
1,13,37.649,0.2041892,1.235642,-0.6821148,0.5590298,-0.6105234,0.4042159,0.3890456,
1,13,37.651,0.2042557,1.23588,-0.6816071,0.5590221,-0.6101421,0.4039772,0.3899017,
1,13,37.653,0.2042557,1.23588,-0.6816071,0.5590221,-0.6101421,0.4039772,0.3899017,
1,13,37.655,0.2042557,1.23588,-0.6816071,0.5590221,-0.6101421,0.4039772,0.3899017,
1,13,37.657,0.2042557,1.23588,-0.6816071,0.5590221,-0.6101421,0.4039772,0.3899017,
1,13,37.659,0.2042291,1.236236,-0.6814044,0.5588584,-0.6095179,0.4038599,0.391232,
1,13,37.661,0.2042291,1.236236,-0.6814044,0.5588584,-0.6095179,0.4038599,0.391232,
1,13,37.663,0.2042291,1.236236,-0.6814044,0.5588584,-0.6095179,0.4038599,0.391232,
1,13,37.665,0.2042291,1.236236,-0.6814044,0.5588584,-0.6095179,0.4038599,0.391232,
1,13,37.667,0.2042291,1.236236,-0.6814044,0.5588584,-0.6095179,0.4038599,0.391232,
1,13,37.669,0.204175,1.23657,-0.6812973,0.5585193,-0.6089708,0.4036834,0.3927476,
1,13,37.671,0.204175,1.23657,-0.6812973,0.5585193,-0.6089708,0.4036834,0.3927476,
1,13,37.673,0.204175,1.23657,-0.6812973,0.5585193,-0.6089708,0.4036834,0.3927476,
1,13,37.675,0.204175,1.23657,-0.6812973,0.5585193,-0.6089708,0.4036834,0.3927476,
1,13,37.677,0.2042307,1.236816,-0.6805447,0.5578111,-0.6085852,0.403827,0.3942012,
1,13,37.679,0.2042307,1.236816,-0.6805447,0.5578111,-0.6085852,0.403827,0.3942012,
1,13,37.681,0.2042307,1.236816,-0.6805447,0.5578111,-0.6085852,0.403827,0.3942012,
1,13,37.683,0.2042307,1.236816,-0.6805447,0.5578111,-0.6085852,0.403827,0.3942012,
1,13,37.685,0.2043388,1.237155,-0.6802051,0.5573789,-0.6083421,0.4034208,0.3956011,
1,13,37.687,0.2043388,1.237155,-0.6802051,0.5573789,-0.6083421,0.4034208,0.3956011,
1,13,37.689,0.2043388,1.237155,-0.6802051,0.5573789,-0.6083421,0.4034208,0.3956011,
1,13,37.691,0.2043388,1.237155,-0.6802051,0.5573789,-0.6083421,0.4034208,0.3956011,
1,13,37.693,0.2043447,1.237154,-0.6798341,0.5568361,-0.6085228,0.4027076,0.3968126,
1,13,37.695,0.2043447,1.237154,-0.6798341,0.5568361,-0.6085228,0.4027076,0.3968126,
1,13,37.697,0.2043447,1.237154,-0.6798341,0.5568361,-0.6085228,0.4027076,0.3968126,
1,13,37.699,0.2043447,1.237154,-0.6798341,0.5568361,-0.6085228,0.4027076,0.3968126,
1,13,37.701,0.2043624,1.237039,-0.6796795,0.5562346,-0.6088402,0.4017833,0.3981042,
1,13,37.703,0.2043624,1.237039,-0.6796795,0.5562346,-0.6088402,0.4017833,0.3981042,
1,13,37.705,0.2043624,1.237039,-0.6796795,0.5562346,-0.6088402,0.4017833,0.3981042,
1,13,37.707,0.2043624,1.237039,-0.6796795,0.5562346,-0.6088402,0.4017833,0.3981042,
1,13,37.709,0.2044775,1.236945,-0.6794072,0.5554218,-0.6090192,0.4011129,0.3996383,
1,13,37.711,0.2044775,1.236945,-0.6794072,0.5554218,-0.6090192,0.4011129,0.3996383,
1,13,37.713,0.2044775,1.236945,-0.6794072,0.5554218,-0.6090192,0.4011129,0.3996383,
1,13,37.715,0.2044775,1.236945,-0.6794072,0.5554218,-0.6090192,0.4011129,0.3996383,
1,13,37.717,0.2044775,1.236945,-0.6794072,0.5554218,-0.6090192,0.4011129,0.3996383,
1,13,37.719,0.2045164,1.237081,-0.6792467,0.5544693,-0.6089446,0.4008142,0.4013704,
1,13,37.721,0.2045164,1.237081,-0.6792467,0.5544693,-0.6089446,0.4008142,0.4013704,
1,13,37.723,0.2045164,1.237081,-0.6792467,0.5544693,-0.6089446,0.4008142,0.4013704,
1,13,37.725,0.2045164,1.237081,-0.6792467,0.5544693,-0.6089446,0.4008142,0.4013704,
1,13,37.727,0.2044885,1.236769,-0.6787309,0.5529943,-0.6090131,0.4008842,0.4032273,
1,13,37.729,0.2044885,1.236769,-0.6787309,0.5529943,-0.6090131,0.4008842,0.4032273,
1,13,37.731,0.2044885,1.236769,-0.6787309,0.5529943,-0.6090131,0.4008842,0.4032273,
1,13,37.733,0.2044885,1.236769,-0.6787309,0.5529943,-0.6090131,0.4008842,0.4032273,
1,13,37.735,0.2043544,1.236538,-0.6785018,0.5514773,-0.6087916,0.4011306,0.4053886,
1,13,37.737,0.2043544,1.236538,-0.6785018,0.5514773,-0.6087916,0.4011306,0.4053886,
1,13,37.739,0.2043544,1.236538,-0.6785018,0.5514773,-0.6087916,0.4011306,0.4053886,
1,13,37.741,0.2043544,1.236538,-0.6785018,0.5514773,-0.6087916,0.4011306,0.4053886,
1,13,37.743,0.2041598,1.236537,-0.6783043,0.5502056,-0.6085157,0.4014366,0.4072236,
1,13,37.745,0.2041598,1.236537,-0.6783043,0.5502056,-0.6085157,0.4014366,0.4072236,
1,13,37.747,0.2041598,1.236537,-0.6783043,0.5502056,-0.6085157,0.4014366,0.4072236,
1,13,37.749,0.2041598,1.236537,-0.6783043,0.5502056,-0.6085157,0.4014366,0.4072236,
1,13,37.751,0.2040392,1.236967,-0.6780053,0.5495656,-0.6082855,0.4016505,0.4082197,
1,13,37.753,0.2040392,1.236967,-0.6780053,0.5495656,-0.6082855,0.4016505,0.4082197,
1,13,37.755,0.2040392,1.236967,-0.6780053,0.5495656,-0.6082855,0.4016505,0.4082197,
1,13,37.757,0.2040392,1.236967,-0.6780053,0.5495656,-0.6082855,0.4016505,0.4082197,
1,13,37.759,0.2038576,1.237565,-0.6777564,0.5492939,-0.6082155,0.401633,0.4087066,
1,13,37.761,0.2038576,1.237565,-0.6777564,0.5492939,-0.6082155,0.401633,0.4087066,
1,13,37.763,0.2038576,1.237565,-0.6777564,0.5492939,-0.6082155,0.401633,0.4087066,
1,13,37.765,0.2038576,1.237565,-0.6777564,0.5492939,-0.6082155,0.401633,0.4087066,
1,13,37.767,0.2038576,1.237565,-0.6777564,0.5492939,-0.6082155,0.401633,0.4087066,
1,13,37.769,0.2036579,1.238147,-0.6775516,0.5493211,-0.6084017,0.4013209,0.4086994,
1,13,37.771,0.2036579,1.238147,-0.6775516,0.5493211,-0.6084017,0.4013209,0.4086994,
1,13,37.773,0.2036579,1.238147,-0.6775516,0.5493211,-0.6084017,0.4013209,0.4086994,
1,13,37.775,0.2036579,1.238147,-0.6775516,0.5493211,-0.6084017,0.4013209,0.4086994,
1,13,37.777,0.203463,1.238846,-0.6773036,0.5497248,-0.6087989,0.4007773,0.4080982,
1,13,37.779,0.203463,1.238846,-0.6773036,0.5497248,-0.6087989,0.4007773,0.4080982,
1,13,37.781,0.203463,1.238846,-0.6773036,0.5497248,-0.6087989,0.4007773,0.4080982,
1,13,37.783,0.203463,1.238846,-0.6773036,0.5497248,-0.6087989,0.4007773,0.4080982,
1,13,37.785,0.2033256,1.240049,-0.6770442,0.5506066,-0.609154,0.4002132,0.4069313,
1,13,37.787,0.2033256,1.240049,-0.6770442,0.5506066,-0.609154,0.4002132,0.4069313,
1,13,37.789,0.2033256,1.240049,-0.6770442,0.5506066,-0.609154,0.4002132,0.4069313,
1,13,37.791,0.2033256,1.240049,-0.6770442,0.5506066,-0.609154,0.4002132,0.4069313,
1,13,37.793,0.2031572,1.241203,-0.676833,0.5515863,-0.6095155,0.3996374,0.4056271,
1,13,37.795,0.2031572,1.241203,-0.676833,0.5515863,-0.6095155,0.3996374,0.4056271,
1,13,37.797,0.2031572,1.241203,-0.676833,0.5515863,-0.6095155,0.3996374,0.4056271,
1,13,37.799,0.2031572,1.241203,-0.676833,0.5515863,-0.6095155,0.3996374,0.4056271,
1,13,37.801,0.2029796,1.242316,-0.6766386,0.5524944,-0.6098809,0.3991114,0.404358,
1,13,37.803,0.2029796,1.242316,-0.6766386,0.5524944,-0.6098809,0.3991114,0.404358,
1,13,37.805,0.2029796,1.242316,-0.6766386,0.5524944,-0.6098809,0.3991114,0.404358,
1,13,37.807,0.2029796,1.242316,-0.6766386,0.5524944,-0.6098809,0.3991114,0.404358,
1,13,37.809,0.2028216,1.243356,-0.676432,0.5531557,-0.6102048,0.3987423,0.4033282,
1,13,37.811,0.2028216,1.243356,-0.676432,0.5531557,-0.6102048,0.3987423,0.4033282,
1,13,37.813,0.2028216,1.243356,-0.676432,0.5531557,-0.6102048,0.3987423,0.4033282,
1,13,37.815,0.2028216,1.243356,-0.676432,0.5531557,-0.6102048,0.3987423,0.4033282,
1,13,37.817,0.2028216,1.243356,-0.676432,0.5531557,-0.6102048,0.3987423,0.4033282,
1,13,37.819,0.202653,1.244195,-0.6763446,0.5536221,-0.6105404,0.3983524,0.4025647,
1,13,37.821,0.202653,1.244195,-0.6763446,0.5536221,-0.6105404,0.3983524,0.4025647,
1,13,37.823,0.202653,1.244195,-0.6763446,0.5536221,-0.6105404,0.3983524,0.4025647,
1,13,37.825,0.202653,1.244195,-0.6763446,0.5536221,-0.6105404,0.3983524,0.4025647,
1,13,37.827,0.2024925,1.24476,-0.6763291,0.5538415,-0.6109496,0.3979253,0.4020642,
1,13,37.829,0.2024925,1.24476,-0.6763291,0.5538415,-0.6109496,0.3979253,0.4020642,
1,13,37.831,0.2024925,1.24476,-0.6763291,0.5538415,-0.6109496,0.3979253,0.4020642,
1,13,37.833,0.2024925,1.24476,-0.6763291,0.5538415,-0.6109496,0.3979253,0.4020642,
1,13,37.835,0.2023086,1.245112,-0.6763821,0.5539083,-0.6113768,0.3974951,0.4017484,
1,13,37.837,0.2023086,1.245112,-0.6763821,0.5539083,-0.6113768,0.3974951,0.4017484,
1,13,37.839,0.2023086,1.245112,-0.6763821,0.5539083,-0.6113768,0.3974951,0.4017484,
1,13,37.841,0.2023086,1.245112,-0.6763821,0.5539083,-0.6113768,0.3974951,0.4017484,
1,13,37.843,0.2022255,1.245254,-0.6764421,0.5538794,-0.611837,0.397041,0.4015365,
1,13,37.845,0.2022255,1.245254,-0.6764421,0.5538794,-0.611837,0.397041,0.4015365,
1,13,37.847,0.2022255,1.245254,-0.6764421,0.5538794,-0.611837,0.397041,0.4015365,
1,13,37.849,0.2022255,1.245254,-0.6764421,0.5538794,-0.611837,0.397041,0.4015365,
1,13,37.851,0.2021323,1.245412,-0.6765222,0.5537897,-0.6121575,0.3967357,0.4014735,
1,13,37.853,0.2021323,1.245412,-0.6765222,0.5537897,-0.6121575,0.3967357,0.4014735,
1,13,37.855,0.2021323,1.245412,-0.6765222,0.5537897,-0.6121575,0.3967357,0.4014735,
1,13,37.857,0.2021323,1.245412,-0.6765222,0.5537897,-0.6121575,0.3967357,0.4014735,
1,13,37.859,0.2020488,1.245357,-0.6767429,0.5536034,-0.6123839,0.3964727,0.401645,
1,13,37.861,0.2020488,1.245357,-0.6767429,0.5536034,-0.6123839,0.3964727,0.401645,
1,13,37.863,0.2020488,1.245357,-0.6767429,0.5536034,-0.6123839,0.3964727,0.401645,
1,13,37.865,0.2020488,1.245357,-0.6767429,0.5536034,-0.6123839,0.3964727,0.401645,
1,13,37.867,0.2020488,1.245357,-0.6767429,0.5536034,-0.6123839,0.3964727,0.401645,
1,13,37.869,0.2019857,1.245222,-0.6769335,0.5532568,-0.6125029,0.3964355,0.4019776,
1,13,37.871,0.2019857,1.245222,-0.6769335,0.5532568,-0.6125029,0.3964355,0.4019776,
1,13,37.873,0.2019857,1.245222,-0.6769335,0.5532568,-0.6125029,0.3964355,0.4019776,
1,13,37.875,0.2019857,1.245222,-0.6769335,0.5532568,-0.6125029,0.3964355,0.4019776,
1,13,37.877,0.2019401,1.244929,-0.6771225,0.552786,-0.6125991,0.3965394,0.402376,
1,13,37.879,0.2019401,1.244929,-0.6771225,0.552786,-0.6125991,0.3965394,0.402376,
1,13,37.881,0.2019401,1.244929,-0.6771225,0.552786,-0.6125991,0.3965394,0.402376,
1,13,37.883,0.2019401,1.244929,-0.6771225,0.552786,-0.6125991,0.3965394,0.402376,
1,13,37.885,0.2018545,1.24443,-0.6773192,0.5522328,-0.6127008,0.3966966,0.4028257,
1,13,37.887,0.2018545,1.24443,-0.6773192,0.5522328,-0.6127008,0.3966966,0.4028257,
1,13,37.889,0.2018545,1.24443,-0.6773192,0.5522328,-0.6127008,0.3966966,0.4028257,
1,13,37.891,0.2018545,1.24443,-0.6773192,0.5522328,-0.6127008,0.3966966,0.4028257,
1,13,37.893,0.2017725,1.243823,-0.6775196,0.5516922,-0.6127381,0.3969781,0.4032321,
1,13,37.895,0.2017725,1.243823,-0.6775196,0.5516922,-0.6127381,0.3969781,0.4032321,
1,13,37.897,0.2017725,1.243823,-0.6775196,0.5516922,-0.6127381,0.3969781,0.4032321,
1,13,37.899,0.2017725,1.243823,-0.6775196,0.5516922,-0.6127381,0.3969781,0.4032321,
1,13,37.901,0.2017624,1.243338,-0.6775898,0.5511982,-0.6126088,0.3975745,0.4035164,
1,13,37.903,0.2017624,1.243338,-0.6775898,0.5511982,-0.6126088,0.3975745,0.4035164,
1,13,37.905,0.2017624,1.243338,-0.6775898,0.5511982,-0.6126088,0.3975745,0.4035164,
1,13,37.907,0.2017624,1.243338,-0.6775898,0.5511982,-0.6126088,0.3975745,0.4035164,
1,13,37.909,0.2016867,1.242845,-0.6778033,0.5508283,-0.6121784,0.3984391,0.4038218,
1,13,37.911,0.2016867,1.242845,-0.6778033,0.5508283,-0.6121784,0.3984391,0.4038218,
1,13,37.913,0.2016867,1.242845,-0.6778033,0.5508283,-0.6121784,0.3984391,0.4038218,
1,13,37.915,0.2016867,1.242845,-0.6778033,0.5508283,-0.6121784,0.3984391,0.4038218,
1,13,37.917,0.2016867,1.242845,-0.6778033,0.5508283,-0.6121784,0.3984391,0.4038218,
1,13,37.919,0.2016164,1.242331,-0.6782712,0.5507579,-0.6116504,0.3991882,0.4039781,
1,13,37.921,0.2016164,1.242331,-0.6782712,0.5507579,-0.6116504,0.3991882,0.4039781,
1,13,37.923,0.2016164,1.242331,-0.6782712,0.5507579,-0.6116504,0.3991882,0.4039781,
1,13,37.925,0.2016164,1.242331,-0.6782712,0.5507579,-0.6116504,0.3991882,0.4039781,
1,13,37.927,0.2015452,1.241674,-0.6787667,0.5508283,-0.6113102,0.3997473,0.4038442,
1,13,37.929,0.2015452,1.241674,-0.6787667,0.5508283,-0.6113102,0.3997473,0.4038442,
1,13,37.931,0.2015452,1.241674,-0.6787667,0.5508283,-0.6113102,0.3997473,0.4038442,
1,13,37.933,0.2015452,1.241674,-0.6787667,0.5508283,-0.6113102,0.3997473,0.4038442,
1,13,37.935,0.2015044,1.24122,-0.6788117,0.5511413,-0.6109944,0.4006292,0.4030203,
1,13,37.937,0.2015044,1.24122,-0.6788117,0.5511413,-0.6109944,0.4006292,0.4030203,
1,13,37.939,0.2015044,1.24122,-0.6788117,0.5511413,-0.6109944,0.4006292,0.4030203,
1,13,37.941,0.2015044,1.24122,-0.6788117,0.5511413,-0.6109944,0.4006292,0.4030203,
1,13,37.943,0.201494,1.240957,-0.678848,0.5516595,-0.6104633,0.4016539,0.4020954,
1,13,37.945,0.201494,1.240957,-0.678848,0.5516595,-0.6104633,0.4016539,0.4020954,
1,13,37.947,0.201494,1.240957,-0.678848,0.5516595,-0.6104633,0.4016539,0.4020954,
1,13,37.949,0.201494,1.240957,-0.678848,0.5516595,-0.6104633,0.4016539,0.4020954,
1,13,37.951,0.2013775,1.240664,-0.6791753,0.5522192,-0.6098076,0.4026925,0.4012826,
1,13,37.953,0.2013775,1.240664,-0.6791753,0.5522192,-0.6098076,0.4026925,0.4012826,
1,13,37.955,0.2013775,1.240664,-0.6791753,0.5522192,-0.6098076,0.4026925,0.4012826,
1,13,37.957,0.2013775,1.240664,-0.6791753,0.5522192,-0.6098076,0.4026925,0.4012826,
1,13,37.959,0.2013182,1.240527,-0.6793734,0.5528761,-0.6092271,0.4036988,0.4002471,
1,13,37.961,0.2013182,1.240527,-0.6793734,0.5528761,-0.6092271,0.4036988,0.4002471,
1,13,37.963,0.2013182,1.240527,-0.6793734,0.5528761,-0.6092271,0.4036988,0.4002471,
1,13,37.965,0.2013182,1.240527,-0.6793734,0.5528761,-0.6092271,0.4036988,0.4002471,
1,13,37.967,0.2013182,1.240527,-0.6793734,0.5528761,-0.6092271,0.4036988,0.4002471,
1,13,37.969,0.2012971,1.240767,-0.6796754,0.5536458,-0.6082339,0.4050385,0.399339,
1,13,37.971,0.2012971,1.240767,-0.6796754,0.5536458,-0.6082339,0.4050385,0.399339,
1,13,37.973,0.2012971,1.240767,-0.6796754,0.5536458,-0.6082339,0.4050385,0.399339,
1,13,37.975,0.2012971,1.240767,-0.6796754,0.5536458,-0.6082339,0.4050385,0.399339,
1,13,37.977,0.2013008,1.240909,-0.680101,0.5544351,-0.6073772,0.4061974,0.3983697,
1,13,37.979,0.2013008,1.240909,-0.680101,0.5544351,-0.6073772,0.4061974,0.3983697,
1,13,37.981,0.2013008,1.240909,-0.680101,0.5544351,-0.6073772,0.4061974,0.3983697,
1,13,37.983,0.2013008,1.240909,-0.680101,0.5544351,-0.6073772,0.4061974,0.3983697,
1,13,37.985,0.2012174,1.24074,-0.6806411,0.5551119,-0.6069715,0.4068452,0.3973831,
1,13,37.987,0.2012174,1.24074,-0.6806411,0.5551119,-0.6069715,0.4068452,0.3973831,
1,13,37.989,0.2012174,1.24074,-0.6806411,0.5551119,-0.6069715,0.4068452,0.3973831,
1,13,37.991,0.2012174,1.24074,-0.6806411,0.5551119,-0.6069715,0.4068452,0.3973831,
1,13,37.993,0.2011513,1.240803,-0.681023,0.5557798,-0.6066175,0.4075303,0.3962869,
1,13,37.995,0.2011513,1.240803,-0.681023,0.5557798,-0.6066175,0.4075303,0.3962869,
1,13,37.997,0.2011513,1.240803,-0.681023,0.5557798,-0.6066175,0.4075303,0.3962869,
1,13,37.999,0.2011513,1.240803,-0.681023,0.5557798,-0.6066175,0.4075303,0.3962869,
1,13,38.001,0.2011488,1.241038,-0.6813335,0.5565917,-0.6064966,0.4079571,0.3948906,
1,13,38.003,0.2011488,1.241038,-0.6813335,0.5565917,-0.6064966,0.4079571,0.3948906,
1,13,38.005,0.2011488,1.241038,-0.6813335,0.5565917,-0.6064966,0.4079571,0.3948906,
1,13,38.007,0.2011488,1.241038,-0.6813335,0.5565917,-0.6064966,0.4079571,0.3948906,
1,13,38.009,0.2011247,1.241647,-0.6814843,0.5573164,-0.6063483,0.408518,0.3935138,
1,13,38.011,0.2011247,1.241647,-0.6814843,0.5573164,-0.6063483,0.408518,0.3935138,
1,13,38.013,0.2011247,1.241647,-0.6814843,0.5573164,-0.6063483,0.408518,0.3935138,
1,13,38.015,0.2011247,1.241647,-0.6814843,0.5573164,-0.6063483,0.408518,0.3935138,
1,13,38.017,0.2011247,1.241647,-0.6814843,0.5573164,-0.6063483,0.408518,0.3935138,
1,13,38.019,0.2010376,1.241942,-0.6818282,0.5577536,-0.6063866,0.4087783,0.3925641,
1,13,38.021,0.2010376,1.241942,-0.6818282,0.5577536,-0.6063866,0.4087783,0.3925641,
1,13,38.023,0.2010376,1.241942,-0.6818282,0.5577536,-0.6063866,0.4087783,0.3925641,
1,13,38.025,0.2010376,1.241942,-0.6818282,0.5577536,-0.6063866,0.4087783,0.3925641,
1,13,38.027,0.2009845,1.241811,-0.6821507,0.5577798,-0.606584,0.4089692,0.3920226,
1,13,38.029,0.2009845,1.241811,-0.6821507,0.5577798,-0.606584,0.4089692,0.3920226,
1,13,38.031,0.2009845,1.241811,-0.6821507,0.5577798,-0.606584,0.4089692,0.3920226,
1,13,38.033,0.2009845,1.241811,-0.6821507,0.5577798,-0.606584,0.4089692,0.3920226,
1,13,38.035,0.2009582,1.241867,-0.6825134,0.5575289,-0.6066375,0.4093544,0.3918948,
1,13,38.037,0.2009582,1.241867,-0.6825134,0.5575289,-0.6066375,0.4093544,0.3918948,
1,13,38.039,0.2009582,1.241867,-0.6825134,0.5575289,-0.6066375,0.4093544,0.3918948,
1,13,38.041,0.2009582,1.241867,-0.6825134,0.5575289,-0.6066375,0.4093544,0.3918948,
1,13,38.043,0.2008979,1.24192,-0.6827648,0.5568604,-0.6066375,0.4099714,0.3922001,
1,13,38.045,0.2008979,1.24192,-0.6827648,0.5568604,-0.6066375,0.4099714,0.3922001,
1,13,38.047,0.2008979,1.24192,-0.6827648,0.5568604,-0.6066375,0.4099714,0.3922001,
1,13,38.049,0.2008979,1.24192,-0.6827648,0.5568604,-0.6066375,0.4099714,0.3922001,
1,13,38.051,0.2007996,1.241774,-0.6829426,0.5558968,-0.6067693,0.4105647,0.3927423,
1,13,38.053,0.2007996,1.241774,-0.6829426,0.5558968,-0.6067693,0.4105647,0.3927423,
1,13,38.055,0.2007996,1.241774,-0.6829426,0.5558968,-0.6067693,0.4105647,0.3927423,
1,13,38.057,0.2007996,1.241774,-0.6829426,0.5558968,-0.6067693,0.4105647,0.3927423,
1,13,38.059,0.2006387,1.241604,-0.6831975,0.5548847,-0.6069869,0.41103,0.3933502,
1,13,38.061,0.2006387,1.241604,-0.6831975,0.5548847,-0.6069869,0.41103,0.3933502,
1,13,38.063,0.2006387,1.241604,-0.6831975,0.5548847,-0.6069869,0.41103,0.3933502,
1,13,38.065,0.2006387,1.241604,-0.6831975,0.5548847,-0.6069869,0.41103,0.3933502,
1,13,38.067,0.2006387,1.241604,-0.6831975,0.5548847,-0.6069869,0.41103,0.3933502,
1,13,38.069,0.2004353,1.241673,-0.6831683,0.5537843,-0.6071792,0.4116589,0.3939458,
1,13,38.071,0.2004353,1.241673,-0.6831683,0.5537843,-0.6071792,0.4116589,0.3939458,
1,13,38.073,0.2004353,1.241673,-0.6831683,0.5537843,-0.6071792,0.4116589,0.3939458,
1,13,38.075,0.2004353,1.241673,-0.6831683,0.5537843,-0.6071792,0.4116589,0.3939458,
1,13,38.077,0.2002699,1.241594,-0.6837223,0.5530781,-0.6076714,0.4114926,0.3943529,
1,13,38.079,0.2002699,1.241594,-0.6837223,0.5530781,-0.6076714,0.4114926,0.3943529,
1,13,38.081,0.2002699,1.241594,-0.6837223,0.5530781,-0.6076714,0.4114926,0.3943529,
1,13,38.083,0.2002699,1.241594,-0.6837223,0.5530781,-0.6076714,0.4114926,0.3943529,CourtEnter
1,13,38.085,0.1999848,1.241828,-0.6840468,0.5523531,-0.608101,0.4115055,0.3946931,
1,13,38.087,0.1999848,1.241828,-0.6840468,0.5523531,-0.608101,0.4115055,0.3946931,
1,13,38.089,0.1999848,1.241828,-0.6840468,0.5523531,-0.608101,0.4115055,0.3946931,
1,13,38.091,0.1999848,1.241828,-0.6840468,0.5523531,-0.608101,0.4115055,0.3946931,CourtExit
1,13,38.093,0.1996679,1.242005,-0.6842996,0.5515408,-0.6085846,0.4115371,0.3950505,
1,13,38.095,0.1996679,1.242005,-0.6842996,0.5515408,-0.6085846,0.4115371,0.3950505,
1,13,38.097,0.1996679,1.242005,-0.6842996,0.5515408,-0.6085846,0.4115371,0.3950505,
1,13,38.099,0.1996679,1.242005,-0.6842996,0.5515408,-0.6085846,0.4115371,0.3950505,
1,13,38.101,0.1993467,1.242491,-0.6844644,0.5507643,-0.6088031,0.4118643,0.3954558,
1,13,38.103,0.1993467,1.242491,-0.6844644,0.5507643,-0.6088031,0.4118643,0.3954558,
1,13,38.105,0.1993467,1.242491,-0.6844644,0.5507643,-0.6088031,0.4118643,0.3954558,
1,13,38.107,0.1993467,1.242491,-0.6844644,0.5507643,-0.6088031,0.4118643,0.3954558,
1,13,38.109,0.1990609,1.243093,-0.6848429,0.5501992,-0.6089865,0.412028,0.3957895,
1,13,38.111,0.1990609,1.243093,-0.6848429,0.5501992,-0.6089865,0.412028,0.3957895,
1,13,38.113,0.1990609,1.243093,-0.6848429,0.5501992,-0.6089865,0.412028,0.3957895,
1,13,38.115,0.1990609,1.243093,-0.6848429,0.5501992,-0.6089865,0.412028,0.3957895,
1,13,38.117,0.1990609,1.243093,-0.6848429,0.5501992,-0.6089865,0.412028,0.3957895,
1,13,38.119,0.1987894,1.24338,-0.6850734,0.5493848,-0.6093426,0.4120736,0.3963248,
1,13,38.121,0.1987894,1.24338,-0.6850734,0.5493848,-0.6093426,0.4120736,0.3963248,
1,13,38.123,0.1987894,1.24338,-0.6850734,0.5493848,-0.6093426,0.4120736,0.3963248,
1,13,38.125,0.1987894,1.24338,-0.6850734,0.5493848,-0.6093426,0.4120736,0.3963248,
1,13,38.127,0.1984652,1.243546,-0.6853268,0.5486465,-0.6098156,0.4119194,0.39678,
1,13,38.129,0.1984652,1.243546,-0.6853268,0.5486465,-0.6098156,0.4119194,0.39678,
1,13,38.131,0.1984652,1.243546,-0.6853268,0.5486465,-0.6098156,0.4119194,0.39678,
1,13,38.133,0.1984652,1.243546,-0.6853268,0.5486465,-0.6098156,0.4119194,0.39678,
1,13,38.135,0.1981462,1.243624,-0.6856932,0.5480087,-0.6104468,0.4115425,0.3970818,
1,13,38.137,0.1981462,1.243624,-0.6856932,0.5480087,-0.6104468,0.4115425,0.3970818,
1,13,38.139,0.1981462,1.243624,-0.6856932,0.5480087,-0.6104468,0.4115425,0.3970818,
1,13,38.141,0.1981462,1.243624,-0.6856932,0.5480087,-0.6104468,0.4115425,0.3970818,
1,13,38.143,0.197817,1.243959,-0.6860331,0.5475973,-0.6108499,0.4112676,0.3973144,
1,13,38.145,0.197817,1.243959,-0.6860331,0.5475973,-0.6108499,0.4112676,0.3973144,
1,13,38.147,0.197817,1.243959,-0.6860331,0.5475973,-0.6108499,0.4112676,0.3973144,
1,13,38.149,0.197817,1.243959,-0.6860331,0.5475973,-0.6108499,0.4112676,0.3973144,
1,13,38.151,0.1974764,1.244482,-0.6865508,0.547412,-0.6110821,0.4109349,0.3975566,
1,13,38.153,0.1974764,1.244482,-0.6865508,0.547412,-0.6110821,0.4109349,0.3975566,
1,13,38.155,0.1974764,1.244482,-0.6865508,0.547412,-0.6110821,0.4109349,0.3975566,
1,13,38.157,0.1974764,1.244482,-0.6865508,0.547412,-0.6110821,0.4109349,0.3975566,
1,13,38.159,0.1972001,1.244773,-0.6869094,0.5470214,-0.6115044,0.4106077,0.3977831,
1,13,38.161,0.1972001,1.244773,-0.6869094,0.5470214,-0.6115044,0.4106077,0.3977831,
1,13,38.163,0.1972001,1.244773,-0.6869094,0.5470214,-0.6115044,0.4106077,0.3977831,
1,13,38.165,0.1972001,1.244773,-0.6869094,0.5470214,-0.6115044,0.4106077,0.3977831,
1,13,38.167,0.1972001,1.244773,-0.6869094,0.5470214,-0.6115044,0.4106077,0.3977831,
1,13,38.169,0.1968705,1.244784,-0.6871896,0.5463715,-0.6120338,0.4103019,0.3981774,
1,13,38.171,0.1968705,1.244784,-0.6871896,0.5463715,-0.6120338,0.4103019,0.3981774,
1,13,38.173,0.1968705,1.244784,-0.6871896,0.5463715,-0.6120338,0.4103019,0.3981774,
1,13,38.175,0.1968705,1.244784,-0.6871896,0.5463715,-0.6120338,0.4103019,0.3981774,
1,13,38.177,0.1966182,1.245216,-0.6873704,0.5458659,-0.6121833,0.4104048,0.3985347,
1,13,38.179,0.1966182,1.245216,-0.6873704,0.5458659,-0.6121833,0.4104048,0.3985347,
1,13,38.181,0.1966182,1.245216,-0.6873704,0.5458659,-0.6121833,0.4104048,0.3985347,
1,13,38.183,0.1966182,1.245216,-0.6873704,0.5458659,-0.6121833,0.4104048,0.3985347,
1,13,38.185,0.1963707,1.245476,-0.687618,0.5454656,-0.6123477,0.410408,0.3988271,
1,13,38.187,0.1963707,1.245476,-0.687618,0.5454656,-0.6123477,0.410408,0.3988271,
1,13,38.189,0.1963707,1.245476,-0.687618,0.5454656,-0.6123477,0.410408,0.3988271,
1,13,38.191,0.1963707,1.245476,-0.687618,0.5454656,-0.6123477,0.410408,0.3988271,
1,13,38.193,0.1960812,1.245595,-0.6879997,0.5450251,-0.6125066,0.4103488,0.3992457,
1,13,38.195,0.1960812,1.245595,-0.6879997,0.5450251,-0.6125066,0.4103488,0.3992457,
1,13,38.197,0.1960812,1.245595,-0.6879997,0.5450251,-0.6125066,0.4103488,0.3992457,
1,13,38.199,0.1960812,1.245595,-0.6879997,0.5450251,-0.6125066,0.4103488,0.3992457,
1,13,38.201,0.1957763,1.245808,-0.6884057,0.5444968,-0.6124087,0.4105491,0.3999105,
1,13,38.203,0.1957763,1.245808,-0.6884057,0.5444968,-0.6124087,0.4105491,0.3999105,
1,13,38.205,0.1957763,1.245808,-0.6884057,0.5444968,-0.6124087,0.4105491,0.3999105,
1,13,38.207,0.1957763,1.245808,-0.6884057,0.5444968,-0.6124087,0.4105491,0.3999105,
1,13,38.209,0.1955028,1.24583,-0.6887146,0.5438881,-0.612334,0.4108033,0.4005917,
1,13,38.211,0.1955028,1.24583,-0.6887146,0.5438881,-0.612334,0.4108033,0.4005917,
1,13,38.213,0.1955028,1.24583,-0.6887146,0.5438881,-0.612334,0.4108033,0.4005917,
1,13,38.215,0.1955028,1.24583,-0.6887146,0.5438881,-0.612334,0.4108033,0.4005917,
1,13,38.217,0.1955028,1.24583,-0.6887146,0.5438881,-0.612334,0.4108033,0.4005917,
1,13,38.219,0.1952118,1.245697,-0.6889569,0.5431709,-0.612245,0.4111417,0.4013527,
1,13,38.221,0.1952118,1.245697,-0.6889569,0.5431709,-0.612245,0.4111417,0.4013527,
1,13,38.223,0.1952118,1.245697,-0.6889569,0.5431709,-0.612245,0.4111417,0.4013527,
1,13,38.225,0.1952118,1.245697,-0.6889569,0.5431709,-0.612245,0.4111417,0.4013527,
1,13,38.227,0.1949145,1.245537,-0.6891924,0.5424649,-0.6121194,0.4115465,0.4020837,
1,13,38.229,0.1949145,1.245537,-0.6891924,0.5424649,-0.6121194,0.4115465,0.4020837,
1,13,38.231,0.1949145,1.245537,-0.6891924,0.5424649,-0.6121194,0.4115465,0.4020837,
1,13,38.233,0.1949145,1.245537,-0.6891924,0.5424649,-0.6121194,0.4115465,0.4020837,
1,13,38.235,0.194628,1.245365,-0.6894382,0.541904,-0.6120222,0.411893,0.4026329,
1,13,38.237,0.194628,1.245365,-0.6894382,0.541904,-0.6120222,0.411893,0.4026329,
1,13,38.239,0.194628,1.245365,-0.6894382,0.541904,-0.6120222,0.411893,0.4026329,
1,13,38.241,0.194628,1.245365,-0.6894382,0.541904,-0.6120222,0.411893,0.4026329,
1,13,38.243,0.1943717,1.245101,-0.6896514,0.5414516,-0.6119488,0.4121808,0.4030583,
1,13,38.245,0.1943717,1.245101,-0.6896514,0.5414516,-0.6119488,0.4121808,0.4030583,
1,13,38.247,0.1943717,1.245101,-0.6896514,0.5414516,-0.6119488,0.4121808,0.4030583,
1,13,38.249,0.1943717,1.245101,-0.6896514,0.5414516,-0.6119488,0.4121808,0.4030583,
1,13,38.251,0.194127,1.244895,-0.6898439,0.5412319,-0.6119087,0.4123997,0.4031901,
1,13,38.253,0.194127,1.244895,-0.6898439,0.5412319,-0.6119087,0.4123997,0.4031901,
1,13,38.255,0.194127,1.244895,-0.6898439,0.5412319,-0.6119087,0.4123997,0.4031901,
1,13,38.257,0.194127,1.244895,-0.6898439,0.5412319,-0.6119087,0.4123997,0.4031901,
1,13,38.259,0.1938313,1.244527,-0.6899636,0.5411122,-0.6119854,0.4124985,0.4031333,
1,13,38.261,0.1938313,1.244527,-0.6899636,0.5411122,-0.6119854,0.4124985,0.4031333,
1,13,38.263,0.1938313,1.244527,-0.6899636,0.5411122,-0.6119854,0.4124985,0.4031333,
1,13,38.265,0.1938313,1.244527,-0.6899636,0.5411122,-0.6119854,0.4124985,0.4031333,
1,13,38.267,0.1938313,1.244527,-0.6899636,0.5411122,-0.6119854,0.4124985,0.4031333,
1,13,38.269,0.1935848,1.244271,-0.6903266,0.5412892,-0.6120206,0.4124023,0.4029408,
1,13,38.271,0.1935848,1.244271,-0.6903266,0.5412892,-0.6120206,0.4124023,0.4029408,
1,13,38.273,0.1935848,1.244271,-0.6903266,0.5412892,-0.6120206,0.4124023,0.4029408,
1,13,38.275,0.1935848,1.244271,-0.6903266,0.5412892,-0.6120206,0.4124023,0.4029408,
1,13,38.277,0.1933608,1.244131,-0.6906779,0.5415975,-0.6120249,0.4123114,0.4026127,
1,13,38.279,0.1933608,1.244131,-0.6906779,0.5415975,-0.6120249,0.4123114,0.4026127,
1,13,38.281,0.1933608,1.244131,-0.6906779,0.5415975,-0.6120249,0.4123114,0.4026127,
1,13,38.283,0.1933608,1.244131,-0.6906779,0.5415975,-0.6120249,0.4123114,0.4026127,
1,13,38.285,0.1931691,1.243862,-0.6910752,0.5419115,-0.6121125,0.4120951,0.4022784,
1,13,38.287,0.1931691,1.243862,-0.6910752,0.5419115,-0.6121125,0.4120951,0.4022784,
1,13,38.289,0.1931691,1.243862,-0.6910752,0.5419115,-0.6121125,0.4120951,0.4022784,
1,13,38.291,0.1931691,1.243862,-0.6910752,0.5419115,-0.6121125,0.4120951,0.4022784,
1,13,38.293,0.1929987,1.243715,-0.6914779,0.542226,-0.6120653,0.4120477,0.401975,
1,13,38.295,0.1929987,1.243715,-0.6914779,0.542226,-0.6120653,0.4120477,0.401975,
1,13,38.297,0.1929987,1.243715,-0.6914779,0.542226,-0.6120653,0.4120477,0.401975,
1,13,38.299,0.1929987,1.243715,-0.6914779,0.542226,-0.6120653,0.4120477,0.401975,
1,13,38.301,0.1928945,1.243742,-0.6916677,0.5424739,-0.6118692,0.4123502,0.4016286,
1,13,38.303,0.1928945,1.243742,-0.6916677,0.5424739,-0.6118692,0.4123502,0.4016286,
1,13,38.305,0.1928945,1.243742,-0.6916677,0.5424739,-0.6118692,0.4123502,0.4016286,
1,13,38.307,0.1928945,1.243742,-0.6916677,0.5424739,-0.6118692,0.4123502,0.4016286,
1,13,38.309,0.1927812,1.243763,-0.6918106,0.5426198,-0.6115593,0.4128079,0.4014331,
1,13,38.311,0.1927812,1.243763,-0.6918106,0.5426198,-0.6115593,0.4128079,0.4014331,
1,13,38.313,0.1927812,1.243763,-0.6918106,0.5426198,-0.6115593,0.4128079,0.4014331,
1,13,38.315,0.1927812,1.243763,-0.6918106,0.5426198,-0.6115593,0.4128079,0.4014331,
1,13,38.317,0.1927812,1.243763,-0.6918106,0.5426198,-0.6115593,0.4128079,0.4014331,
1,13,38.319,0.1926783,1.243607,-0.6921245,0.5426959,-0.6113023,0.4131299,0.4013907,
1,13,38.321,0.1926783,1.243607,-0.6921245,0.5426959,-0.6113023,0.4131299,0.4013907,
1,13,38.323,0.1926783,1.243607,-0.6921245,0.5426959,-0.6113023,0.4131299,0.4013907,
1,13,38.325,0.1926783,1.243607,-0.6921245,0.5426959,-0.6113023,0.4131299,0.4013907,
1,13,38.327,0.1925537,1.243207,-0.6924665,0.5426525,-0.6111308,0.4133986,0.4014339,
1,13,38.329,0.1925537,1.243207,-0.6924665,0.5426525,-0.6111308,0.4133986,0.4014339,
1,13,38.331,0.1925537,1.243207,-0.6924665,0.5426525,-0.6111308,0.4133986,0.4014339,
1,13,38.333,0.1925537,1.243207,-0.6924665,0.5426525,-0.6111308,0.4133986,0.4014339,
1,13,38.335,0.1924225,1.242667,-0.6928042,0.542529,-0.6109784,0.4137374,0.4014836,
1,13,38.337,0.1924225,1.242667,-0.6928042,0.542529,-0.6109784,0.4137374,0.4014836,
1,13,38.339,0.1924225,1.242667,-0.6928042,0.542529,-0.6109784,0.4137374,0.4014836,
1,13,38.341,0.1924225,1.242667,-0.6928042,0.542529,-0.6109784,0.4137374,0.4014836,
1,13,38.343,0.1922994,1.242157,-0.6930644,0.5423574,-0.6107668,0.4142347,0.4015246,
1,13,38.345,0.1922994,1.242157,-0.6930644,0.5423574,-0.6107668,0.4142347,0.4015246,
1,13,38.347,0.1922994,1.242157,-0.6930644,0.5423574,-0.6107668,0.4142347,0.4015246,
1,13,38.349,0.1922994,1.242157,-0.6930644,0.5423574,-0.6107668,0.4142347,0.4015246,
1,13,38.351,0.1920433,1.241299,-0.6932608,0.5419312,-0.6105019,0.4150361,0.4016753,
1,13,38.353,0.1920433,1.241299,-0.6932608,0.5419312,-0.6105019,0.4150361,0.4016753,
1,13,38.355,0.1920433,1.241299,-0.6932608,0.5419312,-0.6105019,0.4150361,0.4016753,
1,13,38.357,0.1920433,1.241299,-0.6932608,0.5419312,-0.6105019,0.4150361,0.4016753,
1,13,38.359,0.1919676,1.240842,-0.6932504,0.5415834,-0.6103569,0.4156961,0.4016824,
1,13,38.361,0.1919676,1.240842,-0.6932504,0.5415834,-0.6103569,0.4156961,0.4016824,
1,13,38.363,0.1919676,1.240842,-0.6932504,0.5415834,-0.6103569,0.4156961,0.4016824,
1,13,38.365,0.1919676,1.240842,-0.6932504,0.5415834,-0.6103569,0.4156961,0.4016824,
1,13,38.367,0.1919676,1.240842,-0.6932504,0.5415834,-0.6103569,0.4156961,0.4016824,
1,13,38.369,0.1918522,1.240491,-0.6931085,0.5412052,-0.6101626,0.4165446,0.4016082,
1,13,38.371,0.1918522,1.240491,-0.6931085,0.5412052,-0.6101626,0.4165446,0.4016082,
1,13,38.373,0.1918522,1.240491,-0.6931085,0.5412052,-0.6101626,0.4165446,0.4016082,
1,13,38.375,0.1918522,1.240491,-0.6931085,0.5412052,-0.6101626,0.4165446,0.4016082,
1,13,38.377,0.1917883,1.240157,-0.6931463,0.5410704,-0.6098993,0.4172519,0.4014556,
1,13,38.379,0.1917883,1.240157,-0.6931463,0.5410704,-0.6098993,0.4172519,0.4014556,
1,13,38.381,0.1917883,1.240157,-0.6931463,0.5410704,-0.6098993,0.4172519,0.4014556,
1,13,38.383,0.1917883,1.240157,-0.6931463,0.5410704,-0.6098993,0.4172519,0.4014556,
1,13,38.385,0.1917644,1.239856,-0.6934113,0.541177,-0.6096242,0.417674,0.4012908,
1,13,38.387,0.1917644,1.239856,-0.6934113,0.541177,-0.6096242,0.417674,0.4012908,
1,13,38.389,0.1917644,1.239856,-0.6934113,0.541177,-0.6096242,0.417674,0.4012908,
1,13,38.391,0.1917644,1.239856,-0.6934113,0.541177,-0.6096242,0.417674,0.4012908,
1,13,38.393,0.1917643,1.239595,-0.6936428,0.5412937,-0.6092926,0.4181461,0.4011454,
1,13,38.395,0.1917643,1.239595,-0.6936428,0.5412937,-0.6092926,0.4181461,0.4011454,
1,13,38.397,0.1917643,1.239595,-0.6936428,0.5412937,-0.6092926,0.4181461,0.4011454,
1,13,38.399,0.1917643,1.239595,-0.6936428,0.5412937,-0.6092926,0.4181461,0.4011454,
1,13,38.401,0.1917934,1.239331,-0.6937073,0.5414151,-0.6090875,0.4185804,0.4008397,
1,13,38.403,0.1917934,1.239331,-0.6937073,0.5414151,-0.6090875,0.4185804,0.4008397,
1,13,38.405,0.1917934,1.239331,-0.6937073,0.5414151,-0.6090875,0.4185804,0.4008397,
1,13,38.407,0.1917934,1.239331,-0.6937073,0.5414151,-0.6090875,0.4185804,0.4008397,
1,13,38.409,0.1917903,1.239176,-0.6936092,0.5415914,-0.608896,0.4190342,0.4004182,
1,13,38.411,0.1917903,1.239176,-0.6936092,0.5415914,-0.608896,0.4190342,0.4004182,
1,13,38.413,0.1917903,1.239176,-0.6936092,0.5415914,-0.608896,0.4190342,0.4004182,
1,13,38.415,0.1917903,1.239176,-0.6936092,0.5415914,-0.608896,0.4190342,0.4004182,
1,13,38.417,0.1917903,1.239176,-0.6936092,0.5415914,-0.608896,0.4190342,0.4004182,
1,13,38.419,0.1918207,1.239079,-0.693603,0.5418239,-0.6086243,0.4194225,0.4001101,
1,13,38.421,0.1918207,1.239079,-0.693603,0.5418239,-0.6086243,0.4194225,0.4001101,
1,13,38.423,0.1918207,1.239079,-0.693603,0.5418239,-0.6086243,0.4194225,0.4001101,
1,13,38.425,0.1918207,1.239079,-0.693603,0.5418239,-0.6086243,0.4194225,0.4001101,
1,13,38.427,0.191853,1.238521,-0.6936862,0.5419955,-0.6084762,0.4196707,0.3998428,
1,13,38.429,0.191853,1.238521,-0.6936862,0.5419955,-0.6084762,0.4196707,0.3998428,
1,13,38.431,0.191853,1.238521,-0.6936862,0.5419955,-0.6084762,0.4196707,0.3998428,
1,13,38.433,0.191853,1.238521,-0.6936862,0.5419955,-0.6084762,0.4196707,0.3998428,
1,13,38.435,0.1918572,1.238232,-0.6937448,0.5420861,-0.6083429,0.4198718,0.3997115,
1,13,38.437,0.1918572,1.238232,-0.6937448,0.5420861,-0.6083429,0.4198718,0.3997115,
1,13,38.439,0.1918572,1.238232,-0.6937448,0.5420861,-0.6083429,0.4198718,0.3997115,
1,13,38.441,0.1918572,1.238232,-0.6937448,0.5420861,-0.6083429,0.4198718,0.3997115,
1,13,38.443,0.1918658,1.237867,-0.6936626,0.5420988,-0.6082762,0.4200633,0.3995945,
1,13,38.445,0.1918658,1.237867,-0.6936626,0.5420988,-0.6082762,0.4200633,0.3995945,
1,13,38.447,0.1918658,1.237867,-0.6936626,0.5420988,-0.6082762,0.4200633,0.3995945,
1,13,38.449,0.1918658,1.237867,-0.6936626,0.5420988,-0.6082762,0.4200633,0.3995945,
1,13,38.451,0.1918557,1.237538,-0.6936483,0.5421801,-0.6082628,0.420126,0.3994388,
1,13,38.453,0.1918557,1.237538,-0.6936483,0.5421801,-0.6082628,0.420126,0.3994388,
1,13,38.455,0.1918557,1.237538,-0.6936483,0.5421801,-0.6082628,0.420126,0.3994388,
1,13,38.457,0.1918557,1.237538,-0.6936483,0.5421801,-0.6082628,0.420126,0.3994388,
1,13,38.459,0.1918049,1.237327,-0.6936178,0.5422178,-0.60817,0.4202626,0.3993853,
1,13,38.461,0.1918049,1.237327,-0.6936178,0.5422178,-0.60817,0.4202626,0.3993853,
1,13,38.463,0.1918049,1.237327,-0.6936178,0.5422178,-0.60817,0.4202626,0.3993853,
1,13,38.465,0.1918049,1.237327,-0.6936178,0.5422178,-0.60817,0.4202626,0.3993853,
1,13,38.467,0.1918049,1.237327,-0.6936178,0.5422178,-0.60817,0.4202626,0.3993853,
1,13,38.469,0.191794,1.237231,-0.6936493,0.5423331,-0.6080452,0.4203596,0.3993166,
1,13,38.471,0.191794,1.237231,-0.6936493,0.5423331,-0.6080452,0.4203596,0.3993166,
1,13,38.473,0.191794,1.237231,-0.6936493,0.5423331,-0.6080452,0.4203596,0.3993166,
1,13,38.475,0.191794,1.237231,-0.6936493,0.5423331,-0.6080452,0.4203596,0.3993166,
1,13,38.477,0.1917514,1.237179,-0.6935877,0.5423751,-0.607884,0.4205469,0.3993077,
1,13,38.479,0.1917514,1.237179,-0.6935877,0.5423751,-0.607884,0.4205469,0.3993077,
1,13,38.481,0.1917514,1.237179,-0.6935877,0.5423751,-0.607884,0.4205469,0.3993077,
1,13,38.483,0.1917514,1.237179,-0.6935877,0.5423751,-0.607884,0.4205469,0.3993077,
1,13,38.485,0.1916845,1.237021,-0.6934806,0.5423275,-0.6077788,0.4206931,0.3993783,
1,13,38.487,0.1916845,1.237021,-0.6934806,0.5423275,-0.6077788,0.4206931,0.3993783,
1,13,38.489,0.1916845,1.237021,-0.6934806,0.5423275,-0.6077788,0.4206931,0.3993783,
1,13,38.491,0.1916845,1.237021,-0.6934806,0.5423275,-0.6077788,0.4206931,0.3993783,
1,13,38.493,0.1916047,1.236922,-0.6934985,0.5422887,-0.6076214,0.4208086,0.3995491,
1,13,38.495,0.1916047,1.236922,-0.6934985,0.5422887,-0.6076214,0.4208086,0.3995491,
1,13,38.497,0.1916047,1.236922,-0.6934985,0.5422887,-0.6076214,0.4208086,0.3995491,
1,13,38.499,0.1916047,1.236922,-0.6934985,0.5422887,-0.6076214,0.4208086,0.3995491,
1,13,38.501,0.1915359,1.236903,-0.6934177,0.5422248,-0.6074368,0.4210115,0.3997026,
1,13,38.503,0.1915359,1.236903,-0.6934177,0.5422248,-0.6074368,0.4210115,0.3997026,
1,13,38.505,0.1915359,1.236903,-0.6934177,0.5422248,-0.6074368,0.4210115,0.3997026,
1,13,38.507,0.1915359,1.236903,-0.6934177,0.5422248,-0.6074368,0.4210115,0.3997026,
1,13,38.509,0.1914778,1.236872,-0.6932533,0.5421824,-0.6073558,0.4211327,0.3997557,
1,13,38.511,0.1914778,1.236872,-0.6932533,0.5421824,-0.6073558,0.4211327,0.3997557,
1,13,38.513,0.1914778,1.236872,-0.6932533,0.5421824,-0.6073558,0.4211327,0.3997557,
1,13,38.515,0.1914778,1.236872,-0.6932533,0.5421824,-0.6073558,0.4211327,0.3997557,
1,13,38.517,0.1914778,1.236872,-0.6932533,0.5421824,-0.6073558,0.4211327,0.3997557,
1,13,38.519,0.1914217,1.236824,-0.6931508,0.5421823,-0.6073497,0.4211373,0.3997599,
1,13,38.521,0.1914217,1.236824,-0.6931508,0.5421823,-0.6073497,0.4211373,0.3997599,
1,13,38.523,0.1914217,1.236824,-0.6931508,0.5421823,-0.6073497,0.4211373,0.3997599,
1,13,38.525,0.1914217,1.236824,-0.6931508,0.5421823,-0.6073497,0.4211373,0.3997599,
1,13,38.527,0.1913676,1.236849,-0.6930432,0.5422411,-0.6073489,0.4211082,0.3997121,
1,13,38.529,0.1913676,1.236849,-0.6930432,0.5422411,-0.6073489,0.4211082,0.3997121,
1,13,38.531,0.1913676,1.236849,-0.6930432,0.5422411,-0.6073489,0.4211082,0.3997121,
1,13,38.533,0.1913676,1.236849,-0.6930432,0.5422411,-0.6073489,0.4211082,0.3997121,
1,13,38.535,0.1913066,1.236813,-0.6928816,0.5422371,-0.6074167,0.4210562,0.3996692,
1,13,38.537,0.1913066,1.236813,-0.6928816,0.5422371,-0.6074167,0.4210562,0.3996692,
1,13,38.539,0.1913066,1.236813,-0.6928816,0.5422371,-0.6074167,0.4210562,0.3996692,
1,13,38.541,0.1913066,1.236813,-0.6928816,0.5422371,-0.6074167,0.4210562,0.3996692,
1,13,38.543,0.1912455,1.23675,-0.6927869,0.5422336,-0.6075,0.4209303,0.3996798,
1,13,38.545,0.1912455,1.23675,-0.6927869,0.5422336,-0.6075,0.4209303,0.3996798,
1,13,38.547,0.1912455,1.23675,-0.6927869,0.5422336,-0.6075,0.4209303,0.3996798,
1,13,38.549,0.1912455,1.23675,-0.6927869,0.5422336,-0.6075,0.4209303,0.3996798,
1,13,38.551,0.1911819,1.236519,-0.6925675,0.542105,-0.6076953,0.4207714,0.3997249,
1,13,38.553,0.1911819,1.236519,-0.6925675,0.542105,-0.6076953,0.4207714,0.3997249,
1,13,38.555,0.1911819,1.236519,-0.6925675,0.542105,-0.6076953,0.4207714,0.3997249,
1,13,38.557,0.1911819,1.236519,-0.6925675,0.542105,-0.6076953,0.4207714,0.3997249,
1,13,38.559,0.1910999,1.236231,-0.6924115,0.5418699,-0.6078371,0.4206642,0.3999409,
1,13,38.561,0.1910999,1.236231,-0.6924115,0.5418699,-0.6078371,0.4206642,0.3999409,
1,13,38.563,0.1910999,1.236231,-0.6924115,0.5418699,-0.6078371,0.4206642,0.3999409,
1,13,38.565,0.1910999,1.236231,-0.6924115,0.5418699,-0.6078371,0.4206642,0.3999409,
1,13,38.567,0.1910999,1.236231,-0.6924115,0.5418699,-0.6078371,0.4206642,0.3999409,
1,13,38.569,0.191023,1.236063,-0.6923345,0.5415874,-0.6077909,0.4207527,0.4003007,
1,13,38.571,0.191023,1.236063,-0.6923345,0.5415874,-0.6077909,0.4207527,0.4003007,
1,13,38.573,0.191023,1.236063,-0.6923345,0.5415874,-0.6077909,0.4207527,0.4003007,
1,13,38.575,0.191023,1.236063,-0.6923345,0.5415874,-0.6077909,0.4207527,0.4003007,
1,13,38.577,0.1909414,1.235884,-0.6922541,0.5412818,-0.6076759,0.4209275,0.4007046,
1,13,38.579,0.1909414,1.235884,-0.6922541,0.5412818,-0.6076759,0.4209275,0.4007046,
1,13,38.581,0.1909414,1.235884,-0.6922541,0.5412818,-0.6076759,0.4209275,0.4007046,
1,13,38.583,0.1909414,1.235884,-0.6922541,0.5412818,-0.6076759,0.4209275,0.4007046,
1,13,38.585,0.1908601,1.235624,-0.6921536,0.5409986,-0.6075104,0.4211286,0.4011264,
1,13,38.587,0.1908601,1.235624,-0.6921536,0.5409986,-0.6075104,0.4211286,0.4011264,
1,13,38.589,0.1908601,1.235624,-0.6921536,0.5409986,-0.6075104,0.4211286,0.4011264,
1,13,38.591,0.1908601,1.235624,-0.6921536,0.5409986,-0.6075104,0.4211286,0.4011264,
1,13,38.593,0.1908185,1.23543,-0.6921476,0.5409029,-0.6074356,0.421212,0.4012812,
1,13,38.595,0.1908185,1.23543,-0.6921476,0.5409029,-0.6074356,0.421212,0.4012812,
1,13,38.597,0.1908185,1.23543,-0.6921476,0.5409029,-0.6074356,0.421212,0.4012812,
1,13,38.599,0.1908185,1.23543,-0.6921476,0.5409029,-0.6074356,0.421212,0.4012812,
1,13,38.601,0.1907757,1.235241,-0.6922276,0.5409694,-0.6073984,0.4211596,0.4013028,
1,13,38.603,0.1907757,1.235241,-0.6922276,0.5409694,-0.6073984,0.4211596,0.4013028,
1,13,38.605,0.1907757,1.235241,-0.6922276,0.5409694,-0.6073984,0.4211596,0.4013028,
1,13,38.607,0.1907757,1.235241,-0.6922276,0.5409694,-0.6073984,0.4211596,0.4013028,
1,13,38.609,0.1907479,1.235125,-0.6922622,0.5410556,-0.6073223,0.4211898,0.40127,
1,13,38.611,0.1907479,1.235125,-0.6922622,0.5410556,-0.6073223,0.4211898,0.40127,
1,13,38.613,0.1907479,1.235125,-0.6922622,0.5410556,-0.6073223,0.4211898,0.40127,
1,13,38.615,0.1907479,1.235125,-0.6922622,0.5410556,-0.6073223,0.4211898,0.40127,
1,13,38.617,0.1907479,1.235125,-0.6922622,0.5410556,-0.6073223,0.4211898,0.40127,
1,13,38.619,0.1906956,1.234885,-0.6924141,0.5411795,-0.6073419,0.4210765,0.4011922,
1,13,38.621,0.1906956,1.234885,-0.6924141,0.5411795,-0.6073419,0.4210765,0.4011922,
1,13,38.623,0.1906956,1.234885,-0.6924141,0.5411795,-0.6073419,0.4210765,0.4011922,
1,13,38.625,0.1906956,1.234885,-0.6924141,0.5411795,-0.6073419,0.4210765,0.4011922,
1,13,38.627,0.1906309,1.234643,-0.6925139,0.5412638,-0.607361,0.4210015,0.4011283,
1,13,38.629,0.1906309,1.234643,-0.6925139,0.5412638,-0.607361,0.4210015,0.4011283,
1,13,38.631,0.1906309,1.234643,-0.6925139,0.5412638,-0.607361,0.4210015,0.4011283,
1,13,38.633,0.1906309,1.234643,-0.6925139,0.5412638,-0.607361,0.4210015,0.4011283,
1,13,38.635,0.1905856,1.234532,-0.6926441,0.5414476,-0.6073682,0.4209558,0.4009172,
1,13,38.637,0.1905856,1.234532,-0.6926441,0.5414476,-0.6073682,0.4209558,0.4009172,
1,13,38.639,0.1905856,1.234532,-0.6926441,0.5414476,-0.6073682,0.4209558,0.4009172,
1,13,38.641,0.1905856,1.234532,-0.6926441,0.5414476,-0.6073682,0.4209558,0.4009172,
1,13,38.643,0.1905567,1.234489,-0.6928151,0.5416774,-0.6073818,0.4209115,0.4006327,
1,13,38.645,0.1905567,1.234489,-0.6928151,0.5416774,-0.6073818,0.4209115,0.4006327,
1,13,38.647,0.1905567,1.234489,-0.6928151,0.5416774,-0.6073818,0.4209115,0.4006327,
1,13,38.649,0.1905567,1.234489,-0.6928151,0.5416774,-0.6073818,0.4209115,0.4006327,
1,13,38.651,0.1904986,1.234444,-0.6928549,0.5418333,-0.6074143,0.4209593,0.4003221,
1,13,38.653,0.1904986,1.234444,-0.6928549,0.5418333,-0.6074143,0.4209593,0.4003221,
1,13,38.655,0.1904986,1.234444,-0.6928549,0.5418333,-0.6074143,0.4209593,0.4003221,
1,13,38.657,0.1904986,1.234444,-0.6928549,0.5418333,-0.6074143,0.4209593,0.4003221,
1,13,38.659,0.1904777,1.234524,-0.6929649,0.5421255,-0.6074018,0.4211029,0.3997941,
1,13,38.661,0.1904777,1.234524,-0.6929649,0.5421255,-0.6074018,0.4211029,0.3997941,
1,13,38.663,0.1904777,1.234524,-0.6929649,0.5421255,-0.6074018,0.4211029,0.3997941,
1,13,38.665,0.1904777,1.234524,-0.6929649,0.5421255,-0.6074018,0.4211029,0.3997941,
1,13,38.667,0.1904777,1.234524,-0.6929649,0.5421255,-0.6074018,0.4211029,0.3997941,
1,13,38.669,0.1904324,1.234511,-0.693111,0.5422989,-0.6074386,0.4211546,0.3994485,
1,13,38.671,0.1904324,1.234511,-0.693111,0.5422989,-0.6074386,0.4211546,0.3994485,
1,13,38.673,0.1904324,1.234511,-0.693111,0.5422989,-0.6074386,0.4211546,0.3994485,
1,13,38.675,0.1904324,1.234511,-0.693111,0.5422989,-0.6074386,0.4211546,0.3994485,
1,13,38.677,0.1903572,1.234494,-0.6931596,0.5424014,-0.6075006,0.4212858,0.3990766,
1,13,38.679,0.1903572,1.234494,-0.6931596,0.5424014,-0.6075006,0.4212858,0.3990766,
1,13,38.681,0.1903572,1.234494,-0.6931596,0.5424014,-0.6075006,0.4212858,0.3990766,
1,13,38.683,0.1903572,1.234494,-0.6931596,0.5424014,-0.6075006,0.4212858,0.3990766,
1,13,38.685,0.1903096,1.234479,-0.69324,0.5424795,-0.6075161,0.4214684,0.3987539,
1,13,38.687,0.1903096,1.234479,-0.69324,0.5424795,-0.6075161,0.4214684,0.3987539,
1,13,38.689,0.1903096,1.234479,-0.69324,0.5424795,-0.6075161,0.4214684,0.3987539,
1,13,38.691,0.1903096,1.234479,-0.69324,0.5424795,-0.6075161,0.4214684,0.3987539,
1,13,38.693,0.1901954,1.234325,-0.6934434,0.5424836,-0.6075552,0.4215656,0.3985861,
1,13,38.695,0.1901954,1.234325,-0.6934434,0.5424836,-0.6075552,0.4215656,0.3985861,
1,13,38.697,0.1901954,1.234325,-0.6934434,0.5424836,-0.6075552,0.4215656,0.3985861,
1,13,38.699,0.1901954,1.234325,-0.6934434,0.5424836,-0.6075552,0.4215656,0.3985861,
1,13,38.701,0.1900771,1.234131,-0.6935603,0.5422923,-0.6074517,0.4219261,0.3986225,
1,13,38.703,0.1900771,1.234131,-0.6935603,0.5422923,-0.6074517,0.4219261,0.3986225,
1,13,38.705,0.1900771,1.234131,-0.6935603,0.5422923,-0.6074517,0.4219261,0.3986225,
1,13,38.707,0.1900771,1.234131,-0.6935603,0.5422923,-0.6074517,0.4219261,0.3986225,
1,13,38.709,0.1900024,1.23389,-0.693812,0.5420942,-0.6072966,0.4222527,0.3987824,
1,13,38.711,0.1900024,1.23389,-0.693812,0.5420942,-0.6072966,0.4222527,0.3987824,
1,13,38.713,0.1900024,1.23389,-0.693812,0.5420942,-0.6072966,0.4222527,0.3987824,
1,13,38.715,0.1900024,1.23389,-0.693812,0.5420942,-0.6072966,0.4222527,0.3987824,
1,13,38.717,0.1900024,1.23389,-0.693812,0.5420942,-0.6072966,0.4222527,0.3987824,
1,13,38.719,0.1899365,1.233835,-0.6939619,0.5419363,-0.6070094,0.422707,0.3989531,
1,13,38.721,0.1899365,1.233835,-0.6939619,0.5419363,-0.6070094,0.422707,0.3989531,
1,13,38.723,0.1899365,1.233835,-0.6939619,0.5419363,-0.6070094,0.422707,0.3989531,
1,13,38.725,0.1899365,1.233835,-0.6939619,0.5419363,-0.6070094,0.422707,0.3989531,
1,13,38.727,0.1898699,1.233645,-0.6941645,0.5418898,-0.6069046,0.4228916,0.3989799,
1,13,38.729,0.1898699,1.233645,-0.6941645,0.5418898,-0.6069046,0.4228916,0.3989799,
1,13,38.731,0.1898699,1.233645,-0.6941645,0.5418898,-0.6069046,0.4228916,0.3989799,
1,13,38.733,0.1898699,1.233645,-0.6941645,0.5418898,-0.6069046,0.4228916,0.3989799,
1,13,38.735,0.1896936,1.233488,-0.6945174,0.5421489,-0.6069416,0.4228401,0.398626,
1,13,38.737,0.1896936,1.233488,-0.6945174,0.5421489,-0.6069416,0.4228401,0.398626,
1,13,38.739,0.1896936,1.233488,-0.6945174,0.5421489,-0.6069416,0.4228401,0.398626,
1,13,38.741,0.1896936,1.233488,-0.6945174,0.5421489,-0.6069416,0.4228401,0.398626,
1,13,38.743,0.1895844,1.233401,-0.6948093,0.5426758,-0.6071557,0.4224405,0.3980062,
1,13,38.745,0.1895844,1.233401,-0.6948093,0.5426758,-0.6071557,0.4224405,0.3980062,
1,13,38.747,0.1895844,1.233401,-0.6948093,0.5426758,-0.6071557,0.4224405,0.3980062,
1,13,38.749,0.1895844,1.233401,-0.6948093,0.5426758,-0.6071557,0.4224405,0.3980062,
1,13,38.751,0.1894457,1.23346,-0.6949791,0.5430649,-0.6072544,0.4223021,0.3974714,
1,13,38.753,0.1894457,1.23346,-0.6949791,0.5430649,-0.6072544,0.4223021,0.3974714,
1,13,38.755,0.1894457,1.23346,-0.6949791,0.5430649,-0.6072544,0.4223021,0.3974714,CourtEnter
1,13,38.757,0.1894457,1.23346,-0.6949791,0.5430649,-0.6072544,0.4223021,0.3974714,
1,13,38.759,0.1893235,1.233516,-0.6951478,0.5433707,-0.6072673,0.42227,0.3970676,
1,13,38.761,0.1893235,1.233516,-0.6951478,0.5433707,-0.6072673,0.42227,0.3970676,
1,13,38.763,0.1893235,1.233516,-0.6951478,0.5433707,-0.6072673,0.42227,0.3970676,
1,13,38.765,0.1893235,1.233516,-0.6951478,0.5433707,-0.6072673,0.42227,0.3970676,
1,13,38.767,0.1893235,1.233516,-0.6951478,0.5433707,-0.6072673,0.42227,0.3970676,CourtExit
1,13,38.769,0.1892,1.233672,-0.6952299,0.5435582,-0.6071329,0.4224573,0.3968171,
1,13,38.771,0.1892,1.233672,-0.6952299,0.5435582,-0.6071329,0.4224573,0.3968171,
1,13,38.773,0.1892,1.233672,-0.6952299,0.5435582,-0.6071329,0.4224573,0.3968171,
1,13,38.775,0.1892,1.233672,-0.6952299,0.5435582,-0.6071329,0.4224573,0.3968171,
1,13,38.777,0.1891083,1.233722,-0.6954322,0.5437119,-0.6070188,0.4225749,0.3966559,
1,13,38.779,0.1891083,1.233722,-0.6954322,0.5437119,-0.6070188,0.4225749,0.3966559,
1,13,38.781,0.1891083,1.233722,-0.6954322,0.5437119,-0.6070188,0.4225749,0.3966559,
1,13,38.783,0.1891083,1.233722,-0.6954322,0.5437119,-0.6070188,0.4225749,0.3966559,
1,13,38.785,0.1889352,1.233917,-0.6956512,0.5439578,-0.6068842,0.4226885,0.3964038,
1,13,38.787,0.1889352,1.233917,-0.6956512,0.5439578,-0.6068842,0.4226885,0.3964038,
1,13,38.789,0.1889352,1.233917,-0.6956512,0.5439578,-0.6068842,0.4226885,0.3964038,
1,13,38.791,0.1889352,1.233917,-0.6956512,0.5439578,-0.6068842,0.4226885,0.3964038,
1,13,38.793,0.1888132,1.233959,-0.6958241,0.5441499,-0.6068823,0.4226796,0.3961524,
1,13,38.795,0.1888132,1.233959,-0.6958241,0.5441499,-0.6068823,0.4226796,0.3961524,
1,13,38.797,0.1888132,1.233959,-0.6958241,0.5441499,-0.6068823,0.4226796,0.3961524,
1,13,38.799,0.1888132,1.233959,-0.6958241,0.5441499,-0.6068823,0.4226796,0.3961524,
1,13,38.801,0.1886125,1.234039,-0.6961541,0.5445183,-0.6069395,0.4223977,0.3958592,
1,13,38.803,0.1886125,1.234039,-0.6961541,0.5445183,-0.6069395,0.4223977,0.3958592,
1,13,38.805,0.1886125,1.234039,-0.6961541,0.5445183,-0.6069395,0.4223977,0.3958592,
1,13,38.807,0.1886125,1.234039,-0.6961541,0.5445183,-0.6069395,0.4223977,0.3958592,
1,13,38.809,0.1884184,1.234146,-0.6962134,0.5446298,-0.6069134,0.4223241,0.3958243,
1,13,38.811,0.1884184,1.234146,-0.6962134,0.5446298,-0.6069134,0.4223241,0.3958243,
1,13,38.813,0.1884184,1.234146,-0.6962134,0.5446298,-0.6069134,0.4223241,0.3958243,
1,13,38.815,0.1884184,1.234146,-0.6962134,0.5446298,-0.6069134,0.4223241,0.3958243,
1,13,38.817,0.1884184,1.234146,-0.6962134,0.5446298,-0.6069134,0.4223241,0.3958243,
1,13,38.819,0.188209,1.234436,-0.6960244,0.5444866,-0.6066017,0.4225886,0.3962168,
1,13,38.821,0.188209,1.234436,-0.6960244,0.5444866,-0.6066017,0.4225886,0.3962168,
1,13,38.823,0.188209,1.234436,-0.6960244,0.5444866,-0.6066017,0.4225886,0.3962168,
1,13,38.825,0.188209,1.234436,-0.6960244,0.5444866,-0.6066017,0.4225886,0.3962168,
1,13,38.827,0.188024,1.234407,-0.6959872,0.544457,-0.6064314,0.4223246,0.3967991,
1,13,38.829,0.188024,1.234407,-0.6959872,0.544457,-0.6064314,0.4223246,0.3967991,
1,13,38.831,0.188024,1.234407,-0.6959872,0.544457,-0.6064314,0.4223246,0.3967991,
1,13,38.833,0.188024,1.234407,-0.6959872,0.544457,-0.6064314,0.4223246,0.3967991,
1,13,38.835,0.1878853,1.233994,-0.6962085,0.5444778,-0.6063889,0.4214692,0.3977438,
1,13,38.837,0.1878853,1.233994,-0.6962085,0.5444778,-0.6063889,0.4214692,0.3977438,
1,13,38.839,0.1878853,1.233994,-0.6962085,0.5444778,-0.6063889,0.4214692,0.3977438,
1,13,38.841,0.1878853,1.233994,-0.6962085,0.5444778,-0.6063889,0.4214692,0.3977438,
1,13,38.843,0.1877893,1.23396,-0.6961359,0.5444263,-0.6058322,0.4210079,0.3991488,
1,13,38.845,0.1877893,1.23396,-0.6961359,0.5444263,-0.6058322,0.4210079,0.3991488,
1,13,38.847,0.1877893,1.23396,-0.6961359,0.5444263,-0.6058322,0.4210079,0.3991488,
1,13,38.849,0.1877893,1.23396,-0.6961359,0.5444263,-0.6058322,0.4210079,0.3991488,
1,13,38.851,0.1877605,1.233722,-0.6963273,0.5444635,-0.6051709,0.420244,0.4009022,
1,13,38.853,0.1877605,1.233722,-0.6963273,0.5444635,-0.6051709,0.420244,0.4009022,
1,13,38.855,0.1877605,1.233722,-0.6963273,0.5444635,-0.6051709,0.420244,0.4009022,
1,13,38.857,0.1877605,1.233722,-0.6963273,0.5444635,-0.6051709,0.420244,0.4009022,
1,13,38.859,0.187863,1.233443,-0.696641,0.5449114,-0.6045418,0.4188946,0.4026513,
1,13,38.861,0.187863,1.233443,-0.696641,0.5449114,-0.6045418,0.4188946,0.4026513,
1,13,38.863,0.187863,1.233443,-0.696641,0.5449114,-0.6045418,0.4188946,0.4026513,
1,13,38.865,0.187863,1.233443,-0.696641,0.5449114,-0.6045418,0.4188946,0.4026513,
1,13,38.867,0.187863,1.233443,-0.696641,0.5449114,-0.6045418,0.4188946,0.4026513,
1,13,38.869,0.188075,1.233228,-0.6969936,0.5457665,-0.6040791,0.4171535,0.4039931,
1,13,38.871,0.188075,1.233228,-0.6969936,0.5457665,-0.6040791,0.4171535,0.4039931,
1,13,38.873,0.188075,1.233228,-0.6969936,0.5457665,-0.6040791,0.4171535,0.4039931,
1,13,38.875,0.188075,1.233228,-0.6969936,0.5457665,-0.6040791,0.4171535,0.4039931,
1,13,38.877,0.1881595,1.233269,-0.6973062,0.5469654,-0.6036207,0.4152344,0.4050327,
1,13,38.879,0.1881595,1.233269,-0.6973062,0.5469654,-0.6036207,0.4152344,0.4050327,
1,13,38.881,0.1881595,1.233269,-0.6973062,0.5469654,-0.6036207,0.4152344,0.4050327,
1,13,38.883,0.1881595,1.233269,-0.6973062,0.5469654,-0.6036207,0.4152344,0.4050327,
1,13,38.885,0.1882623,1.232597,-0.6977498,0.5489484,-0.6038983,0.4112456,0.4060044,
1,13,38.887,0.1882623,1.232597,-0.6977498,0.5489484,-0.6038983,0.4112456,0.4060044,
1,13,38.889,0.1882623,1.232597,-0.6977498,0.5489484,-0.6038983,0.4112456,0.4060044,
1,13,38.891,0.1882623,1.232597,-0.6977498,0.5489484,-0.6038983,0.4112456,0.4060044,
1,13,38.893,0.1884996,1.232244,-0.6981698,0.5503623,-0.6039191,0.4088008,0.4065279,
1,13,38.895,0.1884996,1.232244,-0.6981698,0.5503623,-0.6039191,0.4088008,0.4065279,
1,13,38.897,0.1884996,1.232244,-0.6981698,0.5503623,-0.6039191,0.4088008,0.4065279,
1,13,38.899,0.1884996,1.232244,-0.6981698,0.5503623,-0.6039191,0.4088008,0.4065279,
1,13,38.901,0.1886794,1.232003,-0.6985069,0.5516965,-0.6037917,0.4066439,0.4070718,
1,13,38.903,0.1886794,1.232003,-0.6985069,0.5516965,-0.6037917,0.4066439,0.4070718,
1,13,38.905,0.1886794,1.232003,-0.6985069,0.5516965,-0.6037917,0.4066439,0.4070718,
1,13,38.907,0.1886794,1.232003,-0.6985069,0.5516965,-0.6037917,0.4066439,0.4070718,
1,13,38.909,0.1887753,1.231694,-0.698727,0.5528933,-0.6037026,0.4047746,0.4074429,
1,13,38.911,0.1887753,1.231694,-0.698727,0.5528933,-0.6037026,0.4047746,0.4074429,
1,13,38.913,0.1887753,1.231694,-0.698727,0.5528933,-0.6037026,0.4047746,0.4074429,
1,13,38.915,0.1887753,1.231694,-0.698727,0.5528933,-0.6037026,0.4047746,0.4074429,
1,13,38.917,0.1887753,1.231694,-0.698727,0.5528933,-0.6037026,0.4047746,0.4074429,
1,13,38.919,0.1888233,1.23137,-0.6986914,0.5538105,-0.6034095,0.4034228,0.4079717,
1,13,38.921,0.1888233,1.23137,-0.6986914,0.5538105,-0.6034095,0.4034228,0.4079717,
1,13,38.923,0.1888233,1.23137,-0.6986914,0.5538105,-0.6034095,0.4034228,0.4079717,
1,13,38.925,0.1888233,1.23137,-0.6986914,0.5538105,-0.6034095,0.4034228,0.4079717,
1,13,38.927,0.1888803,1.231151,-0.698702,0.5545767,-0.6030865,0.4024185,0.4084002,
1,13,38.929,0.1888803,1.231151,-0.698702,0.5545767,-0.6030865,0.4024185,0.4084002,
1,13,38.931,0.1888803,1.231151,-0.698702,0.5545767,-0.6030865,0.4024185,0.4084002,
1,13,38.933,0.1888803,1.231151,-0.698702,0.5545767,-0.6030865,0.4024185,0.4084002,
1,13,38.935,0.1890002,1.231099,-0.698511,0.5552328,-0.6025687,0.4019017,0.4087818,
1,13,38.937,0.1890002,1.231099,-0.698511,0.5552328,-0.6025687,0.4019017,0.4087818,
1,13,38.939,0.1890002,1.231099,-0.698511,0.5552328,-0.6025687,0.4019017,0.4087818,
1,13,38.941,0.1890002,1.231099,-0.698511,0.5552328,-0.6025687,0.4019017,0.4087818,
1,13,38.943,0.1891284,1.230821,-0.6982463,0.5556391,-0.6021896,0.4015592,0.4091249,
1,13,38.945,0.1891284,1.230821,-0.6982463,0.5556391,-0.6021896,0.4015592,0.4091249,
1,13,38.947,0.1891284,1.230821,-0.6982463,0.5556391,-0.6021896,0.4015592,0.4091249,
1,13,38.949,0.1891284,1.230821,-0.6982463,0.5556391,-0.6021896,0.4015592,0.4091249,
1,13,38.951,0.18934,1.230359,-0.6981102,0.5562335,-0.6019956,0.4010246,0.4091271,
1,13,38.953,0.18934,1.230359,-0.6981102,0.5562335,-0.6019956,0.4010246,0.4091271,
1,13,38.955,0.18934,1.230359,-0.6981102,0.5562335,-0.6019956,0.4010246,0.4091271,
1,13,38.957,0.18934,1.230359,-0.6981102,0.5562335,-0.6019956,0.4010246,0.4091271,
1,13,38.959,0.1895751,1.230208,-0.6974012,0.5570176,-0.6015123,0.4012462,0.4085535,
1,13,38.961,0.1895751,1.230208,-0.6974012,0.5570176,-0.6015123,0.4012462,0.4085535,
1,13,38.963,0.1895751,1.230208,-0.6974012,0.5570176,-0.6015123,0.4012462,0.4085535,
1,13,38.965,0.1895751,1.230208,-0.6974012,0.5570176,-0.6015123,0.4012462,0.4085535,
1,13,38.967,0.1895751,1.230208,-0.6974012,0.5570176,-0.6015123,0.4012462,0.4085535,
1,13,38.969,0.1897709,1.230111,-0.6969875,0.5574749,-0.6012287,0.4015004,0.4080971,
1,13,38.971,0.1897709,1.230111,-0.6969875,0.5574749,-0.6012287,0.4015004,0.4080971,
1,13,38.973,0.1897709,1.230111,-0.6969875,0.5574749,-0.6012287,0.4015004,0.4080971,
1,13,38.975,0.1897709,1.230111,-0.6969875,0.5574749,-0.6012287,0.4015004,0.4080971,
1,13,38.977,0.1899012,1.229881,-0.6966633,0.5577104,-0.6010013,0.4018635,0.4077528,
1,13,38.979,0.1899012,1.229881,-0.6966633,0.5577104,-0.6010013,0.4018635,0.4077528,
1,13,38.981,0.1899012,1.229881,-0.6966633,0.5577104,-0.6010013,0.4018635,0.4077528,
1,13,38.983,0.1899012,1.229881,-0.6966633,0.5577104,-0.6010013,0.4018635,0.4077528,
1,13,38.985,0.1900254,1.229477,-0.6962873,0.5578254,-0.6008803,0.4022394,0.4074029,
1,13,38.987,0.1900254,1.229477,-0.6962873,0.5578254,-0.6008803,0.4022394,0.4074029,
1,13,38.989,0.1900254,1.229477,-0.6962873,0.5578254,-0.6008803,0.4022394,0.4074029,
1,13,38.991,0.1900254,1.229477,-0.6962873,0.5578254,-0.6008803,0.4022394,0.4074029,
1,13,38.993,0.1901824,1.229246,-0.6957459,0.5578224,-0.6006141,0.4029597,0.4070877,
1,13,38.995,0.1901824,1.229246,-0.6957459,0.5578224,-0.6006141,0.4029597,0.4070877,
1,13,38.997,0.1901824,1.229246,-0.6957459,0.5578224,-0.6006141,0.4029597,0.4070877,
1,13,38.999,0.1901824,1.229246,-0.6957459,0.5578224,-0.6006141,0.4029597,0.4070877,
1,14,39.001,0.1903947,1.229184,-0.6951879,0.5578113,-0.6002147,0.4039039,0.4067561,CourtExit
1,14,39.003,0.1903947,1.229184,-0.6951879,0.5578113,-0.6002147,0.4039039,0.4067561,
1,14,39.005,0.1903947,1.229184,-0.6951879,0.5578113,-0.6002147,0.4039039,0.4067561,
1,14,39.007,0.1903947,1.229184,-0.6951879,0.5578113,-0.6002147,0.4039039,0.4067561,
1,14,39.009,0.1905819,1.229017,-0.6946042,0.5576513,-0.599916,0.4048554,0.4064703,
1,14,39.011,0.1905819,1.229017,-0.6946042,0.5576513,-0.599916,0.4048554,0.4064703,
1,14,39.013,0.1905819,1.229017,-0.6946042,0.5576513,-0.599916,0.4048554,0.4064703,
1,14,39.015,0.1905819,1.229017,-0.6946042,0.5576513,-0.599916,0.4048554,0.4064703,
1,14,39.017,0.1905819,1.229017,-0.6946042,0.5576513,-0.599916,0.4048554,0.4064703,
1,14,39.019,0.1908129,1.228885,-0.6938695,0.5575093,-0.599667,0.405792,0.4060982,
1,14,39.021,0.1908129,1.228885,-0.6938695,0.5575093,-0.599667,0.405792,0.4060982,
1,14,39.023,0.1908129,1.228885,-0.6938695,0.5575093,-0.599667,0.405792,0.4060982,
1,14,39.025,0.1908129,1.228885,-0.6938695,0.5575093,-0.599667,0.405792,0.4060982,
1,14,39.027,0.1910492,1.228631,-0.693532,0.5575702,-0.5995944,0.4062254,0.4056884,
1,14,39.029,0.1910492,1.228631,-0.693532,0.5575702,-0.5995944,0.4062254,0.4056884,
1,14,39.031,0.1910492,1.228631,-0.693532,0.5575702,-0.5995944,0.4062254,0.4056884,
1,14,39.033,0.1910492,1.228631,-0.693532,0.5575702,-0.5995944,0.4062254,0.4056884,
1,14,39.035,0.1915,1.228262,-0.6931003,0.5577857,-0.5995796,0.4066125,0.4050254,
1,14,39.037,0.1915,1.228262,-0.6931003,0.5577857,-0.5995796,0.4066125,0.4050254,
1,14,39.039,0.1915,1.228262,-0.6931003,0.5577857,-0.5995796,0.4066125,0.4050254,
1,14,39.041,0.1915,1.228262,-0.6931003,0.5577857,-0.5995796,0.4066125,0.4050254,
1,14,39.043,0.1918243,1.227927,-0.6929479,0.5579893,-0.5997121,0.4065966,0.4045648,
1,14,39.045,0.1918243,1.227927,-0.6929479,0.5579893,-0.5997121,0.4065966,0.4045648,
1,14,39.047,0.1918243,1.227927,-0.6929479,0.5579893,-0.5997121,0.4065966,0.4045648,
1,14,39.049,0.1918243,1.227927,-0.6929479,0.5579893,-0.5997121,0.4065966,0.4045648,
1,14,39.051,0.192181,1.227621,-0.6925676,0.5580541,-0.5998017,0.4067164,0.4042219,
1,14,39.053,0.192181,1.227621,-0.6925676,0.5580541,-0.5998017,0.4067164,0.4042219,
1,14,39.055,0.192181,1.227621,-0.6925676,0.5580541,-0.5998017,0.4067164,0.4042219,
1,14,39.057,0.192181,1.227621,-0.6925676,0.5580541,-0.5998017,0.4067164,0.4042219,
1,14,39.059,0.1925177,1.227297,-0.6923697,0.558099,-0.5998361,0.4067854,0.4040394,
1,14,39.061,0.1925177,1.227297,-0.6923697,0.558099,-0.5998361,0.4067854,0.4040394,
1,14,39.063,0.1925177,1.227297,-0.6923697,0.558099,-0.5998361,0.4067854,0.4040394,
1,14,39.065,0.1925177,1.227297,-0.6923697,0.558099,-0.5998361,0.4067854,0.4040394,
1,14,39.067,0.1925177,1.227297,-0.6923697,0.558099,-0.5998361,0.4067854,0.4040394,
1,14,39.069,0.1928451,1.226967,-0.6921115,0.5579488,-0.59974,0.4070241,0.4041492,
1,14,39.071,0.1928451,1.226967,-0.6921115,0.5579488,-0.59974,0.4070241,0.4041492,
1,14,39.073,0.1928451,1.226967,-0.6921115,0.5579488,-0.59974,0.4070241,0.4041492,
1,14,39.075,0.1928451,1.226967,-0.6921115,0.5579488,-0.59974,0.4070241,0.4041492,
1,14,39.077,0.1931684,1.226664,-0.6920109,0.5578528,-0.599655,0.4071575,0.4042734,
1,14,39.079,0.1931684,1.226664,-0.6920109,0.5578528,-0.599655,0.4071575,0.4042734,
1,14,39.081,0.1931684,1.226664,-0.6920109,0.5578528,-0.599655,0.4071575,0.4042734,
1,14,39.083,0.1931684,1.226664,-0.6920109,0.5578528,-0.599655,0.4071575,0.4042734,
1,14,39.085,0.1934703,1.226357,-0.6919741,0.5577542,-0.5996398,0.4072096,0.4043796,
1,14,39.087,0.1934703,1.226357,-0.6919741,0.5577542,-0.5996398,0.4072096,0.4043796,
1,14,39.089,0.1934703,1.226357,-0.6919741,0.5577542,-0.5996398,0.4072096,0.4043796,
1,14,39.091,0.1934703,1.226357,-0.6919741,0.5577542,-0.5996398,0.4072096,0.4043796,
1,14,39.093,0.1937748,1.226096,-0.6919741,0.5576963,-0.599652,0.4072331,0.4044176,
1,14,39.095,0.1937748,1.226096,-0.6919741,0.5576963,-0.599652,0.4072331,0.4044176,
1,14,39.097,0.1937748,1.226096,-0.6919741,0.5576963,-0.599652,0.4072331,0.4044176,
1,14,39.099,0.1937748,1.226096,-0.6919741,0.5576963,-0.599652,0.4072331,0.4044176,
1,14,39.101,0.1940491,1.225883,-0.6919464,0.5576496,-0.5997084,0.4072815,0.4043496,
1,14,39.103,0.1940491,1.225883,-0.6919464,0.5576496,-0.5997084,0.4072815,0.4043496,
1,14,39.105,0.1940491,1.225883,-0.6919464,0.5576496,-0.5997084,0.4072815,0.4043496,
1,14,39.107,0.1940491,1.225883,-0.6919464,0.5576496,-0.5997084,0.4072815,0.4043496,
1,14,39.109,0.194392,1.225551,-0.6920308,0.5575457,-0.5998429,0.4073747,0.4041995,
1,14,39.111,0.194392,1.225551,-0.6920308,0.5575457,-0.5998429,0.4073747,0.4041995,
1,14,39.113,0.194392,1.225551,-0.6920308,0.5575457,-0.5998429,0.4073747,0.4041995,
1,14,39.115,0.194392,1.225551,-0.6920308,0.5575457,-0.5998429,0.4073747,0.4041995,
1,14,39.117,0.194392,1.225551,-0.6920308,0.5575457,-0.5998429,0.4073747,0.4041995,
1,14,39.119,0.1946004,1.225235,-0.6922026,0.5575457,-0.6000087,0.4072803,0.4040485,
1,14,39.121,0.1946004,1.225235,-0.6922026,0.5575457,-0.6000087,0.4072803,0.4040485,
1,14,39.123,0.1946004,1.225235,-0.6922026,0.5575457,-0.6000087,0.4072803,0.4040485,
1,14,39.125,0.1946004,1.225235,-0.6922026,0.5575457,-0.6000087,0.4072803,0.4040485,
1,14,39.127,0.1948044,1.225107,-0.6921517,0.5574015,-0.600012,0.4075604,0.4039599,
1,14,39.129,0.1948044,1.225107,-0.6921517,0.5574015,-0.600012,0.4075604,0.4039599,
1,14,39.131,0.1948044,1.225107,-0.6921517,0.5574015,-0.600012,0.4075604,0.4039599,
1,14,39.133,0.1948044,1.225107,-0.6921517,0.5574015,-0.600012,0.4075604,0.4039599,
1,14,39.135,0.1950009,1.225025,-0.6921697,0.557283,-0.5999291,0.407892,0.4039119,
1,14,39.137,0.1950009,1.225025,-0.6921697,0.557283,-0.5999291,0.407892,0.4039119,
1,14,39.139,0.1950009,1.225025,-0.6921697,0.557283,-0.5999291,0.407892,0.4039119,
1,14,39.141,0.1950009,1.225025,-0.6921697,0.557283,-0.5999291,0.407892,0.4039119,
1,14,39.143,0.1951693,1.224897,-0.6922939,0.5572476,-0.5999206,0.4081013,0.4037619,
1,14,39.145,0.1951693,1.224897,-0.6922939,0.5572476,-0.5999206,0.4081013,0.4037619,
1,14,39.147,0.1951693,1.224897,-0.6922939,0.5572476,-0.5999206,0.4081013,0.4037619,
1,14,39.149,0.1951693,1.224897,-0.6922939,0.5572476,-0.5999206,0.4081013,0.4037619,
1,14,39.151,0.1953539,1.224863,-0.6923504,0.5572501,-0.5999102,0.408406,0.4034657,
1,14,39.153,0.1953539,1.224863,-0.6923504,0.5572501,-0.5999102,0.408406,0.4034657,
1,14,39.155,0.1953539,1.224863,-0.6923504,0.5572501,-0.5999102,0.408406,0.4034657,
1,14,39.157,0.1953539,1.224863,-0.6923504,0.5572501,-0.5999102,0.408406,0.4034657,
1,14,39.159,0.1955179,1.224901,-0.6922135,0.557218,-0.5998956,0.4088703,0.4030615,
1,14,39.161,0.1955179,1.224901,-0.6922135,0.557218,-0.5998956,0.4088703,0.4030615,
1,14,39.163,0.1955179,1.224901,-0.6922135,0.557218,-0.5998956,0.4088703,0.4030615,
1,14,39.165,0.1955179,1.224901,-0.6922135,0.557218,-0.5998956,0.4088703,0.4030615,
1,14,39.167,0.1955179,1.224901,-0.6922135,0.557218,-0.5998956,0.4088703,0.4030615,
1,14,39.169,0.1956318,1.225021,-0.6921041,0.5572299,-0.5998667,0.40933,0.4026212,
1,14,39.171,0.1956318,1.225021,-0.6921041,0.5572299,-0.5998667,0.40933,0.4026212,
1,14,39.173,0.1956318,1.225021,-0.6921041,0.5572299,-0.5998667,0.40933,0.4026212,
1,14,39.175,0.1956318,1.225021,-0.6921041,0.5572299,-0.5998667,0.40933,0.4026212,
1,14,39.177,0.1957754,1.225016,-0.6921111,0.5573246,-0.5999314,0.4095339,0.4021859,
1,14,39.179,0.1957754,1.225016,-0.6921111,0.5573246,-0.5999314,0.4095339,0.4021859,
1,14,39.181,0.1957754,1.225016,-0.6921111,0.5573246,-0.5999314,0.4095339,0.4021859,
1,14,39.183,0.1957754,1.225016,-0.6921111,0.5573246,-0.5999314,0.4095339,0.4021859,
1,14,39.185,0.1960728,1.224827,-0.6921134,0.5572938,-0.6000944,0.4098706,0.4016419,
1,14,39.187,0.1960728,1.224827,-0.6921134,0.5572938,-0.6000944,0.4098706,0.4016419,
1,14,39.189,0.1960728,1.224827,-0.6921134,0.5572938,-0.6000944,0.4098706,0.4016419,
1,14,39.191,0.1960728,1.224827,-0.6921134,0.5572938,-0.6000944,0.4098706,0.4016419,
1,14,39.193,0.1962221,1.224812,-0.692095,0.5572805,-0.6001709,0.410073,0.4013397,
1,14,39.195,0.1962221,1.224812,-0.692095,0.5572805,-0.6001709,0.410073,0.4013397,
1,14,39.197,0.1962221,1.224812,-0.692095,0.5572805,-0.6001709,0.410073,0.4013397,
1,14,39.199,0.1962221,1.224812,-0.692095,0.5572805,-0.6001709,0.410073,0.4013397,
1,14,39.201,0.1963251,1.224837,-0.6920113,0.5572321,-0.6001843,0.410235,0.4012213,
1,14,39.203,0.1963251,1.224837,-0.6920113,0.5572321,-0.6001843,0.410235,0.4012213,
1,14,39.205,0.1963251,1.224837,-0.6920113,0.5572321,-0.6001843,0.410235,0.4012213,
1,14,39.207,0.1963251,1.224837,-0.6920113,0.5572321,-0.6001843,0.410235,0.4012213,
1,14,39.209,0.1964523,1.22483,-0.6920498,0.5571973,-0.6001571,0.4103304,0.4012128,
1,14,39.211,0.1964523,1.22483,-0.6920498,0.5571973,-0.6001571,0.4103304,0.4012128,
1,14,39.213,0.1964523,1.22483,-0.6920498,0.5571973,-0.6001571,0.4103304,0.4012128,
1,14,39.215,0.1964523,1.22483,-0.6920498,0.5571973,-0.6001571,0.4103304,0.4012128,
1,14,39.217,0.1964523,1.22483,-0.6920498,0.5571973,-0.6001571,0.4103304,0.4012128,
1,14,39.219,0.1965927,1.224642,-0.6922484,0.5572667,-0.6002297,0.4101286,0.4012138,
1,14,39.221,0.1965927,1.224642,-0.6922484,0.5572667,-0.6002297,0.4101286,0.4012138,
1,14,39.223,0.1965927,1.224642,-0.6922484,0.5572667,-0.6002297,0.4101286,0.4012138,
1,14,39.225,0.1965927,1.224642,-0.6922484,0.5572667,-0.6002297,0.4101286,0.4012138,
1,14,39.227,0.1967386,1.224621,-0.6923463,0.5573736,-0.6001895,0.410032,0.4012244,
1,14,39.229,0.1967386,1.224621,-0.6923463,0.5573736,-0.6001895,0.410032,0.4012244,
1,14,39.231,0.1967386,1.224621,-0.6923463,0.5573736,-0.6001895,0.410032,0.4012244,
1,14,39.233,0.1967386,1.224621,-0.6923463,0.5573736,-0.6001895,0.410032,0.4012244,
1,14,39.235,0.1968618,1.22468,-0.6922688,0.5574422,-0.6001464,0.4100612,0.4011637,
1,14,39.237,0.1968618,1.22468,-0.6922688,0.5574422,-0.6001464,0.4100612,0.4011637,
1,14,39.239,0.1968618,1.22468,-0.6922688,0.5574422,-0.6001464,0.4100612,0.4011637,
1,14,39.241,0.1968618,1.22468,-0.6922688,0.5574422,-0.6001464,0.4100612,0.4011637,
1,14,39.243,0.1970195,1.224551,-0.6925198,0.5577719,-0.6003067,0.4095889,0.400948,
1,14,39.245,0.1970195,1.224551,-0.6925198,0.5577719,-0.6003067,0.4095889,0.400948,
1,14,39.247,0.1970195,1.224551,-0.6925198,0.5577719,-0.6003067,0.4095889,0.400948,
1,14,39.249,0.1970195,1.224551,-0.6925198,0.5577719,-0.6003067,0.4095889,0.400948,
1,14,39.251,0.1971112,1.224557,-0.6925892,0.5580539,-0.6004272,0.4093099,0.40066,
1,14,39.253,0.1971112,1.224557,-0.6925892,0.5580539,-0.6004272,0.4093099,0.40066,
1,14,39.255,0.1971112,1.224557,-0.6925892,0.5580539,-0.6004272,0.4093099,0.40066,
1,14,39.257,0.1971112,1.224557,-0.6925892,0.5580539,-0.6004272,0.4093099,0.40066,
1,14,39.259,0.1972059,1.22464,-0.6924621,0.558253,-0.6004627,0.4092571,0.4003834,
1,14,39.261,0.1972059,1.22464,-0.6924621,0.558253,-0.6004627,0.4092571,0.4003834,
1,14,39.263,0.1972059,1.22464,-0.6924621,0.558253,-0.6004627,0.4092571,0.4003834,
1,14,39.265,0.1972059,1.22464,-0.6924621,0.558253,-0.6004627,0.4092571,0.4003834,
1,14,39.267,0.1972059,1.22464,-0.6924621,0.558253,-0.6004627,0.4092571,0.4003834,
1,14,39.269,0.1972809,1.224597,-0.6924667,0.5584636,-0.6005155,0.4091181,0.4001524,
1,14,39.271,0.1972809,1.224597,-0.6924667,0.5584636,-0.6005155,0.4091181,0.4001524,
1,14,39.273,0.1972809,1.224597,-0.6924667,0.5584636,-0.6005155,0.4091181,0.4001524,
1,14,39.275,0.1972809,1.224597,-0.6924667,0.5584636,-0.6005155,0.4091181,0.4001524,
1,14,39.277,0.1973889,1.22441,-0.6926681,0.5587491,-0.6006074,0.4087862,0.3999552,
1,14,39.279,0.1973889,1.22441,-0.6926681,0.5587491,-0.6006074,0.4087862,0.3999552,
1,14,39.281,0.1973889,1.22441,-0.6926681,0.5587491,-0.6006074,0.4087862,0.3999552,
1,14,39.283,0.1973889,1.22441,-0.6926681,0.5587491,-0.6006074,0.4087862,0.3999552,
1,14,39.285,0.1974774,1.224259,-0.6928668,0.5589343,-0.6005476,0.4086845,0.3998901,
1,14,39.287,0.1974774,1.224259,-0.6928668,0.5589343,-0.6005476,0.4086845,0.3998901,
1,14,39.289,0.1974774,1.224259,-0.6928668,0.5589343,-0.6005476,0.4086845,0.3998901,
1,14,39.291,0.1974774,1.224259,-0.6928668,0.5589343,-0.6005476,0.4086845,0.3998901,
1,14,39.293,0.1975454,1.224283,-0.6927742,0.5589693,-0.6002918,0.4089774,0.3999258,
1,14,39.295,0.1975454,1.224283,-0.6927742,0.5589693,-0.6002918,0.4089774,0.3999258,
1,14,39.297,0.1975454,1.224283,-0.6927742,0.5589693,-0.6002918,0.4089774,0.3999258,
1,14,39.299,0.1975454,1.224283,-0.6927742,0.5589693,-0.6002918,0.4089774,0.3999258,
1,14,39.301,0.1976459,1.224271,-0.6928731,0.5590484,-0.6000222,0.4091944,0.3999979,
1,14,39.303,0.1976459,1.224271,-0.6928731,0.5590484,-0.6000222,0.4091944,0.3999979,
1,14,39.305,0.1976459,1.224271,-0.6928731,0.5590484,-0.6000222,0.4091944,0.3999979,
1,14,39.307,0.1976459,1.224271,-0.6928731,0.5590484,-0.6000222,0.4091944,0.3999979,
1,14,39.309,0.1977505,1.224335,-0.6929163,0.5591723,-0.5998006,0.4093894,0.3999575,
1,14,39.311,0.1977505,1.224335,-0.6929163,0.5591723,-0.5998006,0.4093894,0.3999575,
1,14,39.313,0.1977505,1.224335,-0.6929163,0.5591723,-0.5998006,0.4093894,0.3999575,
1,14,39.315,0.1977505,1.224335,-0.6929163,0.5591723,-0.5998006,0.4093894,0.3999575,
1,14,39.317,0.1977505,1.224335,-0.6929163,0.5591723,-0.5998006,0.4093894,0.3999575,
1,14,39.319,0.1979594,1.224716,-0.6930705,0.5597217,-0.5998835,0.4093919,0.399061,
1,14,39.321,0.1979594,1.224716,-0.6930705,0.5597217,-0.5998835,0.4093919,0.399061,
1,14,39.323,0.1979594,1.224716,-0.6930705,0.5597217,-0.5998835,0.4093919,0.399061,
1,14,39.325,0.1979594,1.224716,-0.6930705,0.5597217,-0.5998835,0.4093919,0.399061,
1,14,39.327,0.1980479,1.225036,-0.6928615,0.559971,-0.6000882,0.4093851,0.3984098,
1,14,39.329,0.1980479,1.225036,-0.6928615,0.559971,-0.6000882,0.4093851,0.3984098,
1,14,39.331,0.1980479,1.225036,-0.6928615,0.559971,-0.6000882,0.4093851,0.3984098,
1,14,39.333,0.1980479,1.225036,-0.6928615,0.559971,-0.6000882,0.4093851,0.3984098,
1,14,39.335,0.1982794,1.225275,-0.6929222,0.5602174,-0.6005729,0.4091083,0.3976168,
1,14,39.337,0.1982794,1.225275,-0.6929222,0.5602174,-0.6005729,0.4091083,0.3976168,
1,14,39.339,0.1982794,1.225275,-0.6929222,0.5602174,-0.6005729,0.4091083,0.3976168,
1,14,39.341,0.1982794,1.225275,-0.6929222,0.5602174,-0.6005729,0.4091083,0.3976168,
1,14,39.343,0.1984614,1.225487,-0.692872,0.5602165,-0.6007757,0.4090975,0.3973227,
1,14,39.345,0.1984614,1.225487,-0.692872,0.5602165,-0.6007757,0.4090975,0.3973227,
1,14,39.347,0.1984614,1.225487,-0.692872,0.5602165,-0.6007757,0.4090975,0.3973227,
1,14,39.349,0.1984614,1.225487,-0.692872,0.5602165,-0.6007757,0.4090975,0.3973227,
1,14,39.351,0.1986428,1.225615,-0.6928148,0.5599833,-0.6009194,0.409257,0.3972701,
1,14,39.353,0.1986428,1.225615,-0.6928148,0.5599833,-0.6009194,0.409257,0.3972701,
1,14,39.355,0.1986428,1.225615,-0.6928148,0.5599833,-0.6009194,0.409257,0.3972701,
1,14,39.357,0.1986428,1.225615,-0.6928148,0.5599833,-0.6009194,0.409257,0.3972701,
1,14,39.359,0.1988367,1.225707,-0.6927853,0.559552,-0.6010018,0.4095273,0.3974744,
1,14,39.361,0.1988367,1.225707,-0.6927853,0.559552,-0.6010018,0.4095273,0.3974744,
1,14,39.363,0.1988367,1.225707,-0.6927853,0.559552,-0.6010018,0.4095273,0.3974744,
1,14,39.365,0.1988367,1.225707,-0.6927853,0.559552,-0.6010018,0.4095273,0.3974744,
1,14,39.367,0.1988367,1.225707,-0.6927853,0.559552,-0.6010018,0.4095273,0.3974744,
1,14,39.369,0.1990077,1.225909,-0.6927123,0.5589352,-0.6009362,0.41002,0.3979332,
1,14,39.371,0.1990077,1.225909,-0.6927123,0.5589352,-0.6009362,0.41002,0.3979332,
1,14,39.373,0.1990077,1.225909,-0.6927123,0.5589352,-0.6009362,0.41002,0.3979332,
1,14,39.375,0.1990077,1.225909,-0.6927123,0.5589352,-0.6009362,0.41002,0.3979332,
1,14,39.377,0.1991858,1.225742,-0.6927936,0.5583395,-0.601089,0.4101219,0.3984333,
1,14,39.379,0.1991858,1.225742,-0.6927936,0.5583395,-0.601089,0.4101219,0.3984333,
1,14,39.381,0.1991858,1.225742,-0.6927936,0.5583395,-0.601089,0.4101219,0.3984333,
1,14,39.383,0.1991858,1.225742,-0.6927936,0.5583395,-0.601089,0.4101219,0.3984333,
1,14,39.385,0.1992936,1.225463,-0.692876,0.5577153,-0.6013281,0.4101306,0.3989374,
1,14,39.387,0.1992936,1.225463,-0.692876,0.5577153,-0.6013281,0.4101306,0.3989374,
1,14,39.389,0.1992936,1.225463,-0.692876,0.5577153,-0.6013281,0.4101306,0.3989374,
1,14,39.391,0.1992936,1.225463,-0.692876,0.5577153,-0.6013281,0.4101306,0.3989374,
1,14,39.393,0.1993201,1.225476,-0.6928107,0.5571084,-0.6013942,0.4104205,0.3993872,
1,14,39.395,0.1993201,1.225476,-0.6928107,0.5571084,-0.6013942,0.4104205,0.3993872,
1,14,39.397,0.1993201,1.225476,-0.6928107,0.5571084,-0.6013942,0.4104205,0.3993872,
1,14,39.399,0.1993201,1.225476,-0.6928107,0.5571084,-0.6013942,0.4104205,0.3993872,
1,14,39.401,0.1993786,1.225623,-0.6926443,0.5567299,-0.6013913,0.4106507,0.399683,
1,14,39.403,0.1993786,1.225623,-0.6926443,0.5567299,-0.6013913,0.4106507,0.399683,
1,14,39.405,0.1993786,1.225623,-0.6926443,0.5567299,-0.6013913,0.4106507,0.399683,
1,14,39.407,0.1993786,1.225623,-0.6926443,0.5567299,-0.6013913,0.4106507,0.399683,
1,14,39.409,0.1995213,1.225726,-0.6928485,0.5567163,-0.6015679,0.4103059,0.3997901,
1,14,39.411,0.1995213,1.225726,-0.6928485,0.5567163,-0.6015679,0.4103059,0.3997901,
1,14,39.413,0.1995213,1.225726,-0.6928485,0.5567163,-0.6015679,0.4103059,0.3997901,
1,14,39.415,0.1995213,1.225726,-0.6928485,0.5567163,-0.6015679,0.4103059,0.3997901,
1,14,39.417,0.1995213,1.225726,-0.6928485,0.5567163,-0.6015679,0.4103059,0.3997901,
1,14,39.419,0.1995919,1.226171,-0.69285,0.5569002,-0.6015849,0.4101468,0.3996717,
1,14,39.421,0.1995919,1.226171,-0.69285,0.5569002,-0.6015849,0.4101468,0.3996717,
1,14,39.423,0.1995919,1.226171,-0.69285,0.5569002,-0.6015849,0.4101468,0.3996717,
1,14,39.425,0.1995919,1.226171,-0.69285,0.5569002,-0.6015849,0.4101468,0.3996717,
1,14,39.427,0.1997017,1.226511,-0.6928171,0.5572625,-0.6017039,0.4097443,0.3994002,
1,14,39.429,0.1997017,1.226511,-0.6928171,0.5572625,-0.6017039,0.4097443,0.3994002,
1,14,39.431,0.1997017,1.226511,-0.6928171,0.5572625,-0.6017039,0.4097443,0.3994002,
1,14,39.433,0.1997017,1.226511,-0.6928171,0.5572625,-0.6017039,0.4097443,0.3994002,
1,14,39.435,0.1998365,1.226961,-0.6925324,0.557536,-0.6017436,0.409583,0.3991239,
1,14,39.437,0.1998365,1.226961,-0.6925324,0.557536,-0.6017436,0.409583,0.3991239,
1,14,39.439,0.1998365,1.226961,-0.6925324,0.557536,-0.6017436,0.409583,0.3991239,
1,14,39.441,0.1998365,1.226961,-0.6925324,0.557536,-0.6017436,0.409583,0.3991239,
1,14,39.443,0.1999043,1.226988,-0.6927137,0.5579718,-0.6020967,0.4087715,0.3988145,
1,14,39.445,0.1999043,1.226988,-0.6927137,0.5579718,-0.6020967,0.4087715,0.3988145,
1,14,39.447,0.1999043,1.226988,-0.6927137,0.5579718,-0.6020967,0.4087715,0.3988145,
1,14,39.449,0.1999043,1.226988,-0.6927137,0.5579718,-0.6020967,0.4087715,0.3988145,
1,14,39.451,0.2000409,1.227133,-0.6928051,0.5583492,-0.6023228,0.4081044,0.398628,
1,14,39.453,0.2000409,1.227133,-0.6928051,0.5583492,-0.6023228,0.4081044,0.398628,
1,14,39.455,0.2000409,1.227133,-0.6928051,0.5583492,-0.6023228,0.4081044,0.398628,
1,14,39.457,0.2000409,1.227133,-0.6928051,0.5583492,-0.6023228,0.4081044,0.398628,
1,14,39.459,0.200124,1.227098,-0.6928636,0.558562,-0.6025869,0.4074439,0.3986062,
1,14,39.461,0.200124,1.227098,-0.6928636,0.558562,-0.6025869,0.4074439,0.3986062,
1,14,39.463,0.200124,1.227098,-0.6928636,0.558562,-0.6025869,0.4074439,0.3986062,
1,14,39.465,0.200124,1.227098,-0.6928636,0.558562,-0.6025869,0.4074439,0.3986062,
1,14,39.467,0.200124,1.227098,-0.6928636,0.558562,-0.6025869,0.4074439,0.3986062,
1,14,39.469,0.2002066,1.227136,-0.6928367,0.5586131,-0.6027356,0.4070454,0.3987169,
1,14,39.471,0.2002066,1.227136,-0.6928367,0.5586131,-0.6027356,0.4070454,0.3987169,
1,14,39.473,0.2002066,1.227136,-0.6928367,0.5586131,-0.6027356,0.4070454,0.3987169,
1,14,39.475,0.2002066,1.227136,-0.6928367,0.5586131,-0.6027356,0.4070454,0.3987169,
1,14,39.477,0.2002734,1.227093,-0.6930398,0.5586633,-0.6028703,0.4065675,0.3989307,
1,14,39.479,0.2002734,1.227093,-0.6930398,0.5586633,-0.6028703,0.4065675,0.3989307,
1,14,39.481,0.2002734,1.227093,-0.6930398,0.5586633,-0.6028703,0.4065675,0.3989307,
1,14,39.483,0.2002734,1.227093,-0.6930398,0.5586633,-0.6028703,0.4065675,0.3989307,
1,14,39.485,0.2003384,1.227081,-0.693,0.5585478,-0.6029152,0.4063604,0.3992354,
1,14,39.487,0.2003384,1.227081,-0.693,0.5585478,-0.6029152,0.4063604,0.3992354,
1,14,39.489,0.2003384,1.227081,-0.693,0.5585478,-0.6029152,0.4063604,0.3992354,
1,14,39.491,0.2003384,1.227081,-0.693,0.5585478,-0.6029152,0.4063604,0.3992354,
1,14,39.493,0.200408,1.227153,-0.692799,0.5582799,-0.6028773,0.4064541,0.399572,
1,14,39.495,0.200408,1.227153,-0.692799,0.5582799,-0.6028773,0.4064541,0.399572,
1,14,39.497,0.200408,1.227153,-0.692799,0.5582799,-0.6028773,0.4064541,0.399572,
1,14,39.499,0.200408,1.227153,-0.692799,0.5582799,-0.6028773,0.4064541,0.399572,
1,14,39.501,0.2004994,1.227174,-0.6925979,0.5581958,-0.6029912,0.406324,0.3996496,
1,14,39.503,0.2004994,1.227174,-0.6925979,0.5581958,-0.6029912,0.406324,0.3996496,
1,14,39.505,0.2004994,1.227174,-0.6925979,0.5581958,-0.6029912,0.406324,0.3996496,
1,14,39.507,0.2004994,1.227174,-0.6925979,0.5581958,-0.6029912,0.406324,0.3996496,
1,14,39.509,0.2005698,1.227378,-0.6925088,0.5582956,-0.6030643,0.4061826,0.3995437,
1,14,39.511,0.2005698,1.227378,-0.6925088,0.5582956,-0.6030643,0.4061826,0.3995437,
1,14,39.513,0.2005698,1.227378,-0.6925088,0.5582956,-0.6030643,0.4061826,0.3995437,
1,14,39.515,0.2005698,1.227378,-0.6925088,0.5582956,-0.6030643,0.4061826,0.3995437,
1,14,39.517,0.2005698,1.227378,-0.6925088,0.5582956,-0.6030643,0.4061826,0.3995437,
1,14,39.519,0.2006642,1.227627,-0.6924003,0.5585752,-0.6032525,0.405909,0.3991466,
1,14,39.521,0.2006642,1.227627,-0.6924003,0.5585752,-0.6032525,0.405909,0.3991466,
1,14,39.523,0.2006642,1.227627,-0.6924003,0.5585752,-0.6032525,0.405909,0.3991466,
1,14,39.525,0.2006642,1.227627,-0.6924003,0.5585752,-0.6032525,0.405909,0.3991466,
1,14,39.527,0.2007895,1.227889,-0.6924151,0.5589621,-0.6034702,0.4055505,0.39864,
1,14,39.529,0.2007895,1.227889,-0.6924151,0.5589621,-0.6034702,0.4055505,0.39864,
1,14,39.531,0.2007895,1.227889,-0.6924151,0.5589621,-0.6034702,0.4055505,0.39864,
1,14,39.533,0.2007895,1.227889,-0.6924151,0.5589621,-0.6034702,0.4055505,0.39864,
1,14,39.535,0.2009417,1.228184,-0.6923142,0.5592405,-0.6035094,0.4054274,0.3983155,
1,14,39.537,0.2009417,1.228184,-0.6923142,0.5592405,-0.6035094,0.4054274,0.3983155,
1,14,39.539,0.2009417,1.228184,-0.6923142,0.5592405,-0.6035094,0.4054274,0.3983155,
1,14,39.541,0.2009417,1.228184,-0.6923142,0.5592405,-0.6035094,0.4054274,0.3983155,
1,14,39.543,0.2011116,1.228286,-0.6921735,0.5594285,-0.6036078,0.4052808,0.3980514,
1,14,39.545,0.2011116,1.228286,-0.6921735,0.5594285,-0.6036078,0.4052808,0.3980514,
1,14,39.547,0.2011116,1.228286,-0.6921735,0.5594285,-0.6036078,0.4052808,0.3980514,
1,14,39.549,0.2011116,1.228286,-0.6921735,0.5594285,-0.6036078,0.4052808,0.3980514,
1,14,39.551,0.2012705,1.228306,-0.6920816,0.5595791,-0.603707,0.4051163,0.3978567,
1,14,39.553,0.2012705,1.228306,-0.6920816,0.5595791,-0.603707,0.4051163,0.3978567,
1,14,39.555,0.2012705,1.228306,-0.6920816,0.5595791,-0.603707,0.4051163,0.3978567,
1,14,39.557,0.2012705,1.228306,-0.6920816,0.5595791,-0.603707,0.4051163,0.3978567,
1,14,39.559,0.2013835,1.228249,-0.692073,0.5595605,-0.6037492,0.4050943,0.3978412,
1,14,39.561,0.2013835,1.228249,-0.692073,0.5595605,-0.6037492,0.4050943,0.3978412,
1,14,39.563,0.2013835,1.228249,-0.692073,0.5595605,-0.6037492,0.4050943,0.3978412,
1,14,39.565,0.2013835,1.228249,-0.692073,0.5595605,-0.6037492,0.4050943,0.3978412,
1,14,39.567,0.2013835,1.228249,-0.692073,0.5595605,-0.6037492,0.4050943,0.3978412,
1,14,39.569,0.2015306,1.22814,-0.691943,0.5593752,-0.6036761,0.4053268,0.397976,
1,14,39.571,0.2015306,1.22814,-0.691943,0.5593752,-0.6036761,0.4053268,0.397976,
1,14,39.573,0.2015306,1.22814,-0.691943,0.5593752,-0.6036761,0.4053268,0.397976,
1,14,39.575,0.2015306,1.22814,-0.691943,0.5593752,-0.6036761,0.4053268,0.397976,
1,14,39.577,0.2016568,1.228043,-0.6918462,0.5592475,-0.6035993,0.4055303,0.3980646,
1,14,39.579,0.2016568,1.228043,-0.6918462,0.5592475,-0.6035993,0.4055303,0.3980646,
1,14,39.581,0.2016568,1.228043,-0.6918462,0.5592475,-0.6035993,0.4055303,0.3980646,
1,14,39.583,0.2016568,1.228043,-0.6918462,0.5592475,-0.6035993,0.4055303,0.3980646,
1,14,39.585,0.2018028,1.227893,-0.6918136,0.5592076,-0.6035729,0.4056141,0.3980753,
1,14,39.587,0.2018028,1.227893,-0.6918136,0.5592076,-0.6035729,0.4056141,0.3980753,
1,14,39.589,0.2018028,1.227893,-0.6918136,0.5592076,-0.6035729,0.4056141,0.3980753,
1,14,39.591,0.2018028,1.227893,-0.6918136,0.5592076,-0.6035729,0.4056141,0.3980753,
1,14,39.593,0.2019445,1.227795,-0.6919199,0.5592336,-0.6035237,0.4056512,0.3980754,
1,14,39.595,0.2019445,1.227795,-0.6919199,0.5592336,-0.6035237,0.4056512,0.3980754,
1,14,39.597,0.2019445,1.227795,-0.6919199,0.5592336,-0.6035237,0.4056512,0.3980754,
1,14,39.599,0.2019445,1.227795,-0.6919199,0.5592336,-0.6035237,0.4056512,0.3980754,
1,14,39.601,0.2021467,1.227626,-0.6919817,0.5594054,-0.6035968,0.4054886,0.3978888,
1,14,39.603,0.2021467,1.227626,-0.6919817,0.5594054,-0.6035968,0.4054886,0.3978888,
1,14,39.605,0.2021467,1.227626,-0.6919817,0.5594054,-0.6035968,0.4054886,0.3978888,
1,14,39.607,0.2021467,1.227626,-0.6919817,0.5594054,-0.6035968,0.4054886,0.3978888,
1,14,39.609,0.2023168,1.227535,-0.6920574,0.5596333,-0.6037084,0.4053194,0.3975712,
1,14,39.611,0.2023168,1.227535,-0.6920574,0.5596333,-0.6037084,0.4053194,0.3975712,
1,14,39.613,0.2023168,1.227535,-0.6920574,0.5596333,-0.6037084,0.4053194,0.3975712,
1,14,39.615,0.2023168,1.227535,-0.6920574,0.5596333,-0.6037084,0.4053194,0.3975712,
1,14,39.617,0.2023168,1.227535,-0.6920574,0.5596333,-0.6037084,0.4053194,0.3975712,
1,14,39.619,0.2025035,1.227412,-0.6921342,0.559863,-0.6038429,0.4051504,0.3972158,
1,14,39.621,0.2025035,1.227412,-0.6921342,0.559863,-0.6038429,0.4051504,0.3972158,
1,14,39.623,0.2025035,1.227412,-0.6921342,0.559863,-0.6038429,0.4051504,0.3972158,
1,14,39.625,0.2025035,1.227412,-0.6921342,0.559863,-0.6038429,0.4051504,0.3972158,
1,14,39.627,0.2026749,1.227469,-0.6920859,0.5600131,-0.6038066,0.4052816,0.3969255,
1,14,39.629,0.2026749,1.227469,-0.6920859,0.5600131,-0.6038066,0.4052816,0.3969255,
1,14,39.631,0.2026749,1.227469,-0.6920859,0.5600131,-0.6038066,0.4052816,0.3969255,
1,14,39.633,0.2026749,1.227469,-0.6920859,0.5600131,-0.6038066,0.4052816,0.3969255,
1,14,39.635,0.2028763,1.227452,-0.6921685,0.5601735,-0.6037472,0.4053496,0.3967201,
1,14,39.637,0.2028763,1.227452,-0.6921685,0.5601735,-0.6037472,0.4053496,0.3967201,
1,14,39.639,0.2028763,1.227452,-0.6921685,0.5601735,-0.6037472,0.4053496,0.3967201,
1,14,39.641,0.2028763,1.227452,-0.6921685,0.5601735,-0.6037472,0.4053496,0.3967201,
1,14,39.643,0.2031219,1.227755,-0.6921911,0.5603481,-0.6034255,0.4058493,0.3964519,
1,14,39.645,0.2031219,1.227755,-0.6921911,0.5603481,-0.6034255,0.4058493,0.3964519,
1,14,39.647,0.2031219,1.227755,-0.6921911,0.5603481,-0.6034255,0.4058493,0.3964519,
1,14,39.649,0.2031219,1.227755,-0.6921911,0.5603481,-0.6034255,0.4058493,0.3964519,
1,14,39.651,0.2032417,1.227933,-0.6924062,0.5606562,-0.6034027,0.4058348,0.3960656,
1,14,39.653,0.2032417,1.227933,-0.6924062,0.5606562,-0.6034027,0.4058348,0.3960656,
1,14,39.655,0.2032417,1.227933,-0.6924062,0.5606562,-0.6034027,0.4058348,0.3960656,
1,14,39.657,0.2032417,1.227933,-0.6924062,0.5606562,-0.6034027,0.4058348,0.3960656,
1,14,39.659,0.2033353,1.228287,-0.6923636,0.5609407,-0.6033924,0.4059641,0.3955455,
1,14,39.661,0.2033353,1.228287,-0.6923636,0.5609407,-0.6033924,0.4059641,0.3955455,
1,14,39.663,0.2033353,1.228287,-0.6923636,0.5609407,-0.6033924,0.4059641,0.3955455,
1,14,39.665,0.2033353,1.228287,-0.6923636,0.5609407,-0.6033924,0.4059641,0.3955455,
1,14,39.667,0.2033353,1.228287,-0.6923636,0.5609407,-0.6033924,0.4059641,0.3955455,
1,14,39.669,0.2033944,1.2286,-0.6922951,0.561152,-0.6035,0.4060557,0.3949874,
1,14,39.671,0.2033944,1.2286,-0.6922951,0.561152,-0.6035,0.4060557,0.3949874,
1,14,39.673,0.2033944,1.2286,-0.6922951,0.561152,-0.6035,0.4060557,0.3949874,
1,14,39.675,0.2033944,1.2286,-0.6922951,0.561152,-0.6035,0.4060557,0.3949874,
1,14,39.677,0.2034935,1.228793,-0.6924505,0.5615027,-0.6037354,0.4057953,0.3943962,
1,14,39.679,0.2034935,1.228793,-0.6924505,0.5615027,-0.6037354,0.4057953,0.3943962,
1,14,39.681,0.2034935,1.228793,-0.6924505,0.5615027,-0.6037354,0.4057953,0.3943962,
1,14,39.683,0.2034935,1.228793,-0.6924505,0.5615027,-0.6037354,0.4057953,0.3943962,
1,14,39.685,0.2035735,1.229155,-0.692477,0.5616539,-0.603788,0.4058866,0.3940068,
1,14,39.687,0.2035735,1.229155,-0.692477,0.5616539,-0.603788,0.4058866,0.3940068,
1,14,39.689,0.2035735,1.229155,-0.692477,0.5616539,-0.603788,0.4058866,0.3940068,
1,14,39.691,0.2035735,1.229155,-0.692477,0.5616539,-0.603788,0.4058866,0.3940068,
1,14,39.693,0.2037646,1.229079,-0.6925468,0.5617031,-0.6041233,0.4056235,0.3936931,
1,14,39.695,0.2037646,1.229079,-0.6925468,0.5617031,-0.6041233,0.4056235,0.3936931,
1,14,39.697,0.2037646,1.229079,-0.6925468,0.5617031,-0.6041233,0.4056235,0.3936931,
1,14,39.699,0.2037646,1.229079,-0.6925468,0.5617031,-0.6041233,0.4056235,0.3936931,
1,14,39.701,0.2039134,1.229302,-0.6925303,0.5615399,-0.6042791,0.4057098,0.3935979,
1,14,39.703,0.2039134,1.229302,-0.6925303,0.5615399,-0.6042791,0.4057098,0.3935979,
1,14,39.705,0.2039134,1.229302,-0.6925303,0.5615399,-0.6042791,0.4057098,0.3935979,
1,14,39.707,0.2039134,1.229302,-0.6925303,0.5615399,-0.6042791,0.4057098,0.3935979,
1,14,39.709,0.2041681,1.229597,-0.6929675,0.5615861,-0.6043707,0.4055103,0.3935969,
1,14,39.711,0.2041681,1.229597,-0.6929675,0.5615861,-0.6043707,0.4055103,0.3935969,
1,14,39.713,0.2041681,1.229597,-0.6929675,0.5615861,-0.6043707,0.4055103,0.3935969,
1,14,39.715,0.2041681,1.229597,-0.6929675,0.5615861,-0.6043707,0.4055103,0.3935969,
1,14,39.717,0.2041681,1.229597,-0.6929675,0.5615861,-0.6043707,0.4055103,0.3935969,
1,14,39.719,0.2043614,1.229835,-0.6932181,0.5615359,-0.6045958,0.4053055,0.3935336,
1,14,39.721,0.2043614,1.229835,-0.6932181,0.5615359,-0.6045958,0.4053055,0.3935336,
1,14,39.723,0.2043614,1.229835,-0.6932181,0.5615359,-0.6045958,0.4053055,0.3935336,
1,14,39.725,0.2043614,1.229835,-0.6932181,0.5615359,-0.6045958,0.4053055,0.3935336,
1,14,39.727,0.2045062,1.230046,-0.6932765,0.5612691,-0.604969,0.4051978,0.3934518,
1,14,39.729,0.2045062,1.230046,-0.6932765,0.5612691,-0.604969,0.4051978,0.3934518,
1,14,39.731,0.2045062,1.230046,-0.6932765,0.5612691,-0.604969,0.4051978,0.3934518,
1,14,39.733,0.2045062,1.230046,-0.6932765,0.5612691,-0.604969,0.4051978,0.3934518,
1,14,39.735,0.2046246,1.229784,-0.6933044,0.5608143,-0.6057155,0.4047855,0.3933763,
1,14,39.737,0.2046246,1.229784,-0.6933044,0.5608143,-0.6057155,0.4047855,0.3933763,
1,14,39.739,0.2046246,1.229784,-0.6933044,0.5608143,-0.6057155,0.4047855,0.3933763,
1,14,39.741,0.2046246,1.229784,-0.6933044,0.5608143,-0.6057155,0.4047855,0.3933763,
1,14,39.743,0.2047397,1.229862,-0.6930056,0.5602247,-0.6062393,0.4048477,0.3933456,
1,14,39.745,0.2047397,1.229862,-0.6930056,0.5602247,-0.6062393,0.4048477,0.3933456,
1,14,39.747,0.2047397,1.229862,-0.6930056,0.5602247,-0.6062393,0.4048477,0.3933456,
1,14,39.749,0.2047397,1.229862,-0.6930056,0.5602247,-0.6062393,0.4048477,0.3933456,
1,14,39.751,0.2048467,1.229878,-0.6928716,0.5596058,-0.6066845,0.4049495,0.3934352,
1,14,39.753,0.2048467,1.229878,-0.6928716,0.5596058,-0.6066845,0.4049495,0.3934352,
1,14,39.755,0.2048467,1.229878,-0.6928716,0.5596058,-0.6066845,0.4049495,0.3934352,
1,14,39.757,0.2048467,1.229878,-0.6928716,0.5596058,-0.6066845,0.4049495,0.3934352,
1,14,39.759,0.204983,1.229832,-0.6926957,0.5589654,-0.607016,0.405147,0.3936308,
1,14,39.761,0.204983,1.229832,-0.6926957,0.5589654,-0.607016,0.405147,0.3936308,
1,14,39.763,0.204983,1.229832,-0.6926957,0.5589654,-0.607016,0.405147,0.3936308,
1,14,39.765,0.204983,1.229832,-0.6926957,0.5589654,-0.607016,0.405147,0.3936308,
1,14,39.767,0.204983,1.229832,-0.6926957,0.5589654,-0.607016,0.405147,0.3936308,
1,14,39.769,0.2050918,1.229612,-0.6927397,0.5583611,-0.6072916,0.4052323,0.3939755,
1,14,39.771,0.2050918,1.229612,-0.6927397,0.5583611,-0.6072916,0.4052323,0.3939755,
1,14,39.773,0.2050918,1.229612,-0.6927397,0.5583611,-0.6072916,0.4052323,0.3939755,
1,14,39.775,0.2050918,1.229612,-0.6927397,0.5583611,-0.6072916,0.4052323,0.3939755,
1,14,39.777,0.2051688,1.229582,-0.6927802,0.5579005,-0.6074106,0.4054325,0.3942382,
1,14,39.779,0.2051688,1.229582,-0.6927802,0.5579005,-0.6074106,0.4054325,0.3942382,
1,14,39.781,0.2051688,1.229582,-0.6927802,0.5579005,-0.6074106,0.4054325,0.3942382,
1,14,39.783,0.2051688,1.229582,-0.6927802,0.5579005,-0.6074106,0.4054325,0.3942382,
1,14,39.785,0.2053073,1.229658,-0.6925505,0.5574824,-0.6074293,0.4058394,0.3943824,
1,14,39.787,0.2053073,1.229658,-0.6925505,0.5574824,-0.6074293,0.4058394,0.3943824,
1,14,39.789,0.2053073,1.229658,-0.6925505,0.5574824,-0.6074293,0.4058394,0.3943824,
1,14,39.791,0.2053073,1.229658,-0.6925505,0.5574824,-0.6074293,0.4058394,0.3943824,
1,14,39.793,0.2055706,1.229709,-0.6925749,0.5573775,-0.6075784,0.4059007,0.394238,
1,14,39.795,0.2055706,1.229709,-0.6925749,0.5573775,-0.6075784,0.4059007,0.394238,
1,14,39.797,0.2055706,1.229709,-0.6925749,0.5573775,-0.6075784,0.4059007,0.394238,
1,14,39.799,0.2055706,1.229709,-0.6925749,0.5573775,-0.6075784,0.4059007,0.394238,
1,14,39.801,0.2057778,1.229983,-0.6925475,0.5575576,-0.607585,0.4059317,0.3939411,
1,14,39.803,0.2057778,1.229983,-0.6925475,0.5575576,-0.607585,0.4059317,0.3939411,
1,14,39.805,0.2057778,1.229983,-0.6925475,0.5575576,-0.607585,0.4059317,0.3939411,
1,14,39.807,0.2057778,1.229983,-0.6925475,0.5575576,-0.607585,0.4059317,0.3939411,
1,14,39.809,0.2060045,1.229854,-0.6926014,0.5577545,-0.6078579,0.4056357,0.3935461,
1,14,39.811,0.2060045,1.229854,-0.6926014,0.5577545,-0.6078579,0.4056357,0.3935461,
1,14,39.813,0.2060045,1.229854,-0.6926014,0.5577545,-0.6078579,0.4056357,0.3935461,
1,14,39.815,0.2060045,1.229854,-0.6926014,0.5577545,-0.6078579,0.4056357,0.3935461,
1,14,39.817,0.2060045,1.229854,-0.6926014,0.5577545,-0.6078579,0.4056357,0.3935461,
1,14,39.819,0.2062117,1.229713,-0.6925722,0.5578239,-0.6079965,0.4055478,0.393324,
1,14,39.821,0.2062117,1.229713,-0.6925722,0.5578239,-0.6079965,0.4055478,0.393324,
1,14,39.823,0.2062117,1.229713,-0.6925722,0.5578239,-0.6079965,0.4055478,0.393324,
1,14,39.825,0.2062117,1.229713,-0.6925722,0.5578239,-0.6079965,0.4055478,0.393324,
1,14,39.827,0.2064494,1.229473,-0.6926355,0.5579748,-0.6081451,0.4053695,0.3930639,
1,14,39.829,0.2064494,1.229473,-0.6926355,0.5579748,-0.6081451,0.4053695,0.3930639,
1,14,39.831,0.2064494,1.229473,-0.6926355,0.5579748,-0.6081451,0.4053695,0.3930639,
1,14,39.833,0.2064494,1.229473,-0.6926355,0.5579748,-0.6081451,0.4053695,0.3930639,
1,14,39.835,0.2065699,1.229038,-0.6924437,0.5577973,-0.6082734,0.4054776,0.3930057,
1,14,39.837,0.2065699,1.229038,-0.6924437,0.5577973,-0.6082734,0.4054776,0.3930057,
1,14,39.839,0.2065699,1.229038,-0.6924437,0.5577973,-0.6082734,0.4054776,0.3930057,
1,14,39.841,0.2065699,1.229038,-0.6924437,0.5577973,-0.6082734,0.4054776,0.3930057,
1,14,39.843,0.2066902,1.228723,-0.6922309,0.557614,-0.6081955,0.4058313,0.3930211,
1,14,39.845,0.2066902,1.228723,-0.6922309,0.557614,-0.6081955,0.4058313,0.3930211,
1,14,39.847,0.2066902,1.228723,-0.6922309,0.557614,-0.6081955,0.4058313,0.3930211,
1,14,39.849,0.2066902,1.228723,-0.6922309,0.557614,-0.6081955,0.4058313,0.3930211,
1,14,39.851,0.2068098,1.228474,-0.6922205,0.5575696,-0.60806,0.4061506,0.3929644,
1,14,39.853,0.2068098,1.228474,-0.6922205,0.5575696,-0.60806,0.4061506,0.3929644,
1,14,39.855,0.2068098,1.228474,-0.6922205,0.5575696,-0.60806,0.4061506,0.3929644,
1,14,39.857,0.2068098,1.228474,-0.6922205,0.5575696,-0.60806,0.4061506,0.3929644,
1,14,39.859,0.206854,1.228376,-0.6919422,0.5575132,-0.6077796,0.4067629,0.3928449,
1,14,39.861,0.206854,1.228376,-0.6919422,0.5575132,-0.6077796,0.4067629,0.3928449,
1,14,39.863,0.206854,1.228376,-0.6919422,0.5575132,-0.6077796,0.4067629,0.3928449,
1,14,39.865,0.206854,1.228376,-0.6919422,0.5575132,-0.6077796,0.4067629,0.3928449,
1,14,39.867,0.206854,1.228376,-0.6919422,0.5575132,-0.6077796,0.4067629,0.3928449,
1,14,39.869,0.2070431,1.228389,-0.6914951,0.5578222,-0.6074106,0.4074395,0.3922755,
1,14,39.871,0.2070431,1.228389,-0.6914951,0.5578222,-0.6074106,0.4074395,0.3922755,
1,14,39.873,0.2070431,1.228389,-0.6914951,0.5578222,-0.6074106,0.4074395,0.3922755,
1,14,39.875,0.2070431,1.228389,-0.6914951,0.5578222,-0.6074106,0.4074395,0.3922755,
1,14,39.877,0.2071694,1.228416,-0.6912525,0.558231,-0.6072711,0.4075883,0.3917547,
1,14,39.879,0.2071694,1.228416,-0.6912525,0.558231,-0.6072711,0.4075883,0.3917547,
1,14,39.881,0.2071694,1.228416,-0.6912525,0.558231,-0.6072711,0.4075883,0.3917547,
1,14,39.883,0.2071694,1.228416,-0.6912525,0.558231,-0.6072711,0.4075883,0.3917547,
1,14,39.885,0.2073362,1.22834,-0.6913576,0.5589151,-0.6072212,0.4072415,0.3912171,
1,14,39.887,0.2073362,1.22834,-0.6913576,0.5589151,-0.6072212,0.4072415,0.3912171,
1,14,39.889,0.2073362,1.22834,-0.6913576,0.5589151,-0.6072212,0.4072415,0.3912171,
1,14,39.891,0.2073362,1.22834,-0.6913576,0.5589151,-0.6072212,0.4072415,0.3912171,
1,14,39.893,0.2073335,1.228522,-0.6911535,0.5592923,-0.6069945,0.4073907,0.3908743,
1,14,39.895,0.2073335,1.228522,-0.6911535,0.5592923,-0.6069945,0.4073907,0.3908743,
1,14,39.897,0.2073335,1.228522,-0.6911535,0.5592923,-0.6069945,0.4073907,0.3908743,
1,14,39.899,0.2073335,1.228522,-0.6911535,0.5592923,-0.6069945,0.4073907,0.3908743,
1,14,39.901,0.2074457,1.228642,-0.691,0.5597833,-0.6068102,0.4073261,0.3905246,
1,14,39.903,0.2074457,1.228642,-0.691,0.5597833,-0.6068102,0.4073261,0.3905246,
1,14,39.905,0.2074457,1.228642,-0.691,0.5597833,-0.6068102,0.4073261,0.3905246,
1,14,39.907,0.2074457,1.228642,-0.691,0.5597833,-0.6068102,0.4073261,0.3905246,
1,14,39.909,0.2075679,1.228763,-0.6908149,0.5601712,-0.6066365,0.4073055,0.3902597,
1,14,39.911,0.2075679,1.228763,-0.6908149,0.5601712,-0.6066365,0.4073055,0.3902597,
1,14,39.913,0.2075679,1.228763,-0.6908149,0.5601712,-0.6066365,0.4073055,0.3902597,
1,14,39.915,0.2075679,1.228763,-0.6908149,0.5601712,-0.6066365,0.4073055,0.3902597,
1,14,39.917,0.2075679,1.228763,-0.6908149,0.5601712,-0.6066365,0.4073055,0.3902597,
1,14,39.919,0.207649,1.228803,-0.6905875,0.5603924,-0.6065441,0.4072674,0.3901255,
1,14,39.921,0.207649,1.228803,-0.6905875,0.5603924,-0.6065441,0.4072674,0.3901255,
1,14,39.923,0.207649,1.228803,-0.6905875,0.5603924,-0.6065441,0.4072674,0.3901255,
1,14,39.925,0.207649,1.228803,-0.6905875,0.5603924,-0.6065441,0.4072674,0.3901255,
1,14,39.927,0.2077051,1.228752,-0.6903917,0.5604682,-0.6064792,0.4072245,0.3901623,
1,14,39.929,0.2077051,1.228752,-0.6903917,0.5604682,-0.6064792,0.4072245,0.3901623,
1,14,39.931,0.2077051,1.228752,-0.6903917,0.5604682,-0.6064792,0.4072245,0.3901623,
1,14,39.933,0.2077051,1.228752,-0.6903917,0.5604682,-0.6064792,0.4072245,0.3901623,
1,14,39.935,0.2078033,1.228646,-0.6902469,0.5605077,-0.60641,0.407103,0.3903399,
1,14,39.937,0.2078033,1.228646,-0.6902469,0.5605077,-0.60641,0.407103,0.3903399,
1,14,39.939,0.2078033,1.228646,-0.6902469,0.5605077,-0.60641,0.407103,0.3903399,
1,14,39.941,0.2078033,1.228646,-0.6902469,0.5605077,-0.60641,0.407103,0.3903399,
1,14,39.943,0.2078637,1.228542,-0.6901869,0.5604851,-0.6063662,0.4069732,0.3905757,
1,14,39.945,0.2078637,1.228542,-0.6901869,0.5604851,-0.6063662,0.4069732,0.3905757,
1,14,39.947,0.2078637,1.228542,-0.6901869,0.5604851,-0.6063662,0.4069732,0.3905757,
1,14,39.949,0.2078637,1.228542,-0.6901869,0.5604851,-0.6063662,0.4069732,0.3905757,
1,14,39.951,0.207919,1.228497,-0.6899792,0.5604165,-0.606274,0.4069462,0.3908454,
1,14,39.953,0.207919,1.228497,-0.6899792,0.5604165,-0.606274,0.4069462,0.3908454,
1,14,39.955,0.207919,1.228497,-0.6899792,0.5604165,-0.606274,0.4069462,0.3908454,
1,14,39.957,0.207919,1.228497,-0.6899792,0.5604165,-0.606274,0.4069462,0.3908454,
1,14,39.959,0.2080509,1.228303,-0.6899512,0.5604699,-0.6063426,0.4065987,0.3910238,
1,14,39.961,0.2080509,1.228303,-0.6899512,0.5604699,-0.6063426,0.4065987,0.3910238,
1,14,39.963,0.2080509,1.228303,-0.6899512,0.5604699,-0.6063426,0.4065987,0.3910238,
1,14,39.965,0.2080509,1.228303,-0.6899512,0.5604699,-0.6063426,0.4065987,0.3910238,
1,14,39.967,0.2080509,1.228303,-0.6899512,0.5604699,-0.6063426,0.4065987,0.3910238,
1,14,39.969,0.2081144,1.228404,-0.6896759,0.5604311,-0.6062498,0.4066634,0.3911561,
1,14,39.971,0.2081144,1.228404,-0.6896759,0.5604311,-0.6062498,0.4066634,0.3911561,
1,14,39.973,0.2081144,1.228404,-0.6896759,0.5604311,-0.6062498,0.4066634,0.3911561,
1,14,39.975,0.2081144,1.228404,-0.6896759,0.5604311,-0.6062498,0.4066634,0.3911561,
1,14,39.977,0.2081824,1.228458,-0.6894049,0.5604105,-0.6061815,0.4067037,0.3912496,
1,14,39.979,0.2081824,1.228458,-0.6894049,0.5604105,-0.6061815,0.4067037,0.3912496,
1,14,39.981,0.2081824,1.228458,-0.6894049,0.5604105,-0.6061815,0.4067037,0.3912496,
1,14,39.983,0.2081824,1.228458,-0.6894049,0.5604105,-0.6061815,0.4067037,0.3912496,
1,14,39.985,0.208219,1.228606,-0.6890969,0.5603647,-0.6060687,0.4068601,0.3913274,
1,14,39.987,0.208219,1.228606,-0.6890969,0.5603647,-0.6060687,0.4068601,0.3913274,
1,14,39.989,0.208219,1.228606,-0.6890969,0.5603647,-0.6060687,0.4068601,0.3913274,
1,14,39.991,0.208219,1.228606,-0.6890969,0.5603647,-0.6060687,0.4068601,0.3913274,
1,14,39.993,0.208277,1.228751,-0.6888048,0.5604701,-0.6060073,0.4068918,0.3912384,
1,14,39.995,0.208277,1.228751,-0.6888048,0.5604701,-0.6060073,0.4068918,0.3912384,
1,14,39.997,0.208277,1.228751,-0.6888048,0.5604701,-0.6060073,0.4068918,0.3912384,
1,14,39.999,0.208277,1.228751,-0.6888048,0.5604701,-0.6060073,0.4068918,0.3912384,
1,14,40.001,0.2083278,1.228875,-0.6886268,0.5606639,-0.6059926,0.4067803,0.3910995,
1,14,40.003,0.2083278,1.228875,-0.6886268,0.5606639,-0.6059926,0.4067803,0.3910995,
1,14,40.005,0.2083278,1.228875,-0.6886268,0.5606639,-0.6059926,0.4067803,0.3910995,
1,14,40.007,0.2083278,1.228875,-0.6886268,0.5606639,-0.6059926,0.4067803,0.3910995,
1,14,40.009,0.2083385,1.228952,-0.6884506,0.560927,-0.6060337,0.4065434,0.3909046,
1,14,40.011,0.2083385,1.228952,-0.6884506,0.560927,-0.6060337,0.4065434,0.3909046,
1,14,40.013,0.2083385,1.228952,-0.6884506,0.560927,-0.6060337,0.4065434,0.3909046,
1,14,40.015,0.2083385,1.228952,-0.6884506,0.560927,-0.6060337,0.4065434,0.3909046,
1,14,40.017,0.2083385,1.228952,-0.6884506,0.560927,-0.6060337,0.4065434,0.3909046,
1,14,40.019,0.2083596,1.229081,-0.6882257,0.5611461,-0.6060565,0.4063735,0.3907317,
1,14,40.021,0.2083596,1.229081,-0.6882257,0.5611461,-0.6060565,0.4063735,0.3907317,
1,14,40.023,0.2083596,1.229081,-0.6882257,0.5611461,-0.6060565,0.4063735,0.3907317,
1,14,40.025,0.2083596,1.229081,-0.6882257,0.5611461,-0.6060565,0.4063735,0.3907317,
1,14,40.027,0.2083148,1.229237,-0.6878899,0.5611299,-0.6060171,0.4064571,0.3907291,
1,14,40.029,0.2083148,1.229237,-0.6878899,0.5611299,-0.6060171,0.4064571,0.3907291,
1,14,40.031,0.2083148,1.229237,-0.6878899,0.5611299,-0.6060171,0.4064571,0.3907291,
1,14,40.033,0.2083148,1.229237,-0.6878899,0.5611299,-0.6060171,0.4064571,0.3907291,
1,14,40.035,0.2083522,1.229152,-0.6877256,0.5611865,-0.6060954,0.4062125,0.3907807,
1,14,40.037,0.2083522,1.229152,-0.6877256,0.5611865,-0.6060954,0.4062125,0.3907807,
1,14,40.039,0.2083522,1.229152,-0.6877256,0.5611865,-0.6060954,0.4062125,0.3907807,
1,14,40.041,0.2083522,1.229152,-0.6877256,0.5611865,-0.6060954,0.4062125,0.3907807,
1,14,40.043,0.2084195,1.229051,-0.6877131,0.5612909,-0.606214,0.4058179,0.3908567,
1,14,40.045,0.2084195,1.229051,-0.6877131,0.5612909,-0.606214,0.4058179,0.3908567,
1,14,40.047,0.2084195,1.229051,-0.6877131,0.5612909,-0.606214,0.4058179,0.3908567,
1,14,40.049,0.2084195,1.229051,-0.6877131,0.5612909,-0.606214,0.4058179,0.3908567,
1,14,40.051,0.2084412,1.229131,-0.6875034,0.5612139,-0.6061568,0.4057811,0.3910941,
1,14,40.053,0.2084412,1.229131,-0.6875034,0.5612139,-0.6061568,0.4057811,0.3910941,
1,14,40.055,0.2084412,1.229131,-0.6875034,0.5612139,-0.6061568,0.4057811,0.3910941,
1,14,40.057,0.2084412,1.229131,-0.6875034,0.5612139,-0.6061568,0.4057811,0.3910941,
1,14,40.059,0.2085244,1.229135,-0.6873348,0.561186,-0.6061667,0.4056007,0.3913058,
1,14,40.061,0.2085244,1.229135,-0.6873348,0.561186,-0.6061667,0.4056007,0.3913058,
1,14,40.063,0.2085244,1.229135,-0.6873348,0.561186,-0.6061667,0.4056007,0.3913058,
1,14,40.065,0.2085244,1.229135,-0.6873348,0.561186,-0.6061667,0.4056007,0.3913058,
1,14,40.067,0.2085244,1.229135,-0.6873348,0.561186,-0.6061667,0.4056007,0.3913058,
1,14,40.069,0.2086319,1.229062,-0.6872953,0.5611948,-0.6062741,0.4052546,0.3914854,
1,14,40.071,0.2086319,1.229062,-0.6872953,0.5611948,-0.6062741,0.4052546,0.3914854,
1,14,40.073,0.2086319,1.229062,-0.6872953,0.5611948,-0.6062741,0.4052546,0.3914854,
1,14,40.075,0.2086319,1.229062,-0.6872953,0.5611948,-0.6062741,0.4052546,0.3914854,
1,14,40.077,0.2087064,1.229136,-0.6870761,0.5611071,-0.6062828,0.4051417,0.3917146,
1,14,40.079,0.2087064,1.229136,-0.6870761,0.5611071,-0.6062828,0.4051417,0.3917146,
1,14,40.081,0.2087064,1.229136,-0.6870761,0.5611071,-0.6062828,0.4051417,0.3917146,
1,14,40.083,0.2087064,1.229136,-0.6870761,0.5611071,-0.6062828,0.4051417,0.3917146,
1,14,40.085,0.2088166,1.22916,-0.686909,0.5610425,-0.6062794,0.4049591,0.3920009,
1,14,40.087,0.2088166,1.22916,-0.686909,0.5610425,-0.6062794,0.4049591,0.3920009,
1,14,40.089,0.2088166,1.22916,-0.686909,0.5610425,-0.6062794,0.4049591,0.3920009,
1,14,40.091,0.2088166,1.22916,-0.686909,0.5610425,-0.6062794,0.4049591,0.3920009,
1,14,40.093,0.2088622,1.229205,-0.6867775,0.5608994,-0.6063138,0.4048485,0.3922667,
1,14,40.095,0.2088622,1.229205,-0.6867775,0.5608994,-0.6063138,0.4048485,0.3922667,
1,14,40.097,0.2088622,1.229205,-0.6867775,0.5608994,-0.6063138,0.4048485,0.3922667,
1,14,40.099,0.2088622,1.229205,-0.6867775,0.5608994,-0.6063138,0.4048485,0.3922667,
1,14,40.101,0.2088958,1.229413,-0.686613,0.5606933,-0.6061915,0.4050001,0.3925938,
1,14,40.103,0.2088958,1.229413,-0.686613,0.5606933,-0.6061915,0.4050001,0.3925938,
1,14,40.105,0.2088958,1.229413,-0.686613,0.5606933,-0.6061915,0.4050001,0.3925938,
1,14,40.107,0.2088958,1.229413,-0.686613,0.5606933,-0.6061915,0.4050001,0.3925938,
1,14,40.109,0.2089621,1.229463,-0.686586,0.5605372,-0.6061242,0.4049661,0.3929556,
1,14,40.111,0.2089621,1.229463,-0.686586,0.5605372,-0.6061242,0.4049661,0.3929556,
1,14,40.113,0.2089621,1.229463,-0.686586,0.5605372,-0.6061242,0.4049661,0.3929556,
1,14,40.115,0.2089621,1.229463,-0.686586,0.5605372,-0.6061242,0.4049661,0.3929556,
1,14,40.117,0.2089621,1.229463,-0.686586,0.5605372,-0.6061242,0.4049661,0.3929556,
1,14,40.119,0.2090514,1.229313,-0.68659,0.5602752,-0.6061774,0.4048538,0.3933626,
1,14,40.121,0.2090514,1.229313,-0.68659,0.5602752,-0.6061774,0.4048538,0.3933626,
1,14,40.123,0.2090514,1.229313,-0.68659,0.5602752,-0.6061774,0.4048538,0.3933626,
1,14,40.125,0.2090514,1.229313,-0.68659,0.5602752,-0.6061774,0.4048538,0.3933626,
1,14,40.127,0.2091012,1.229194,-0.6864177,0.559873,-0.606236,0.4049391,0.3937571,
1,14,40.129,0.2091012,1.229194,-0.6864177,0.559873,-0.606236,0.4049391,0.3937571,
1,14,40.131,0.2091012,1.229194,-0.6864177,0.559873,-0.606236,0.4049391,0.3937571,
1,14,40.133,0.2091012,1.229194,-0.6864177,0.559873,-0.606236,0.4049391,0.3937571,
1,14,40.135,0.2092035,1.229094,-0.6862599,0.5596145,-0.6063229,0.4049309,0.393999,
1,14,40.137,0.2092035,1.229094,-0.6862599,0.5596145,-0.6063229,0.4049309,0.393999,
1,14,40.139,0.2092035,1.229094,-0.6862599,0.5596145,-0.6063229,0.4049309,0.393999,
1,14,40.141,0.2092035,1.229094,-0.6862599,0.5596145,-0.6063229,0.4049309,0.393999,
1,14,40.143,0.2092981,1.229067,-0.6860622,0.5593547,-0.6064198,0.4049724,0.3941759,
1,14,40.145,0.2092981,1.229067,-0.6860622,0.5593547,-0.6064198,0.4049724,0.3941759,
1,14,40.147,0.2092981,1.229067,-0.6860622,0.5593547,-0.6064198,0.4049724,0.3941759,
1,14,40.149,0.2092981,1.229067,-0.6860622,0.5593547,-0.6064198,0.4049724,0.3941759,
1,14,40.151,0.2094209,1.228999,-0.6860116,0.5591958,-0.6065301,0.4049024,0.3943036,
1,14,40.153,0.2094209,1.228999,-0.6860116,0.5591958,-0.6065301,0.4049024,0.3943036,
1,14,40.155,0.2094209,1.228999,-0.6860116,0.5591958,-0.6065301,0.4049024,0.3943036,
1,14,40.157,0.2094209,1.228999,-0.6860116,0.5591958,-0.6065301,0.4049024,0.3943036,
1,14,40.159,0.2095229,1.229009,-0.6857364,0.5588589,-0.6065344,0.4051448,0.3945258,
1,14,40.161,0.2095229,1.229009,-0.6857364,0.5588589,-0.6065344,0.4051448,0.3945258,
1,14,40.163,0.2095229,1.229009,-0.6857364,0.5588589,-0.6065344,0.4051448,0.3945258,
1,14,40.165,0.2095229,1.229009,-0.6857364,0.5588589,-0.6065344,0.4051448,0.3945258,
1,14,40.167,0.2095229,1.229009,-0.6857364,0.5588589,-0.6065344,0.4051448,0.3945258,
1,14,40.169,0.2096566,1.228859,-0.6856113,0.5585571,-0.6066213,0.4052337,0.3947284,
1,14,40.171,0.2096566,1.228859,-0.6856113,0.5585571,-0.6066213,0.4052337,0.3947284,
1,14,40.173,0.2096566,1.228859,-0.6856113,0.5585571,-0.6066213,0.4052337,0.3947284,
1,14,40.175,0.2096566,1.228859,-0.6856113,0.5585571,-0.6066213,0.4052337,0.3947284,
1,14,40.177,0.2097831,1.228841,-0.685379,0.5581615,-0.6065634,0.4056001,0.3950002,
1,14,40.179,0.2097831,1.228841,-0.685379,0.5581615,-0.6065634,0.4056001,0.3950002,
1,14,40.181,0.2097831,1.228841,-0.685379,0.5581615,-0.6065634,0.4056001,0.3950002,CourtEnter
1,14,40.183,0.2097831,1.228841,-0.685379,0.5581615,-0.6065634,0.4056001,0.3950002,
1,14,40.185,0.209897,1.228588,-0.6851912,0.5573912,-0.6064183,0.4061958,0.3956982,
1,14,40.187,0.209897,1.228588,-0.6851912,0.5573912,-0.6064183,0.4061958,0.3956982,
1,14,40.189,0.209897,1.228588,-0.6851912,0.5573912,-0.6064183,0.4061958,0.3956982,CourtExit
1,14,40.191,0.209897,1.228588,-0.6851912,0.5573912,-0.6064183,0.4061958,0.3956982,
1,14,40.193,0.2099873,1.228512,-0.6848962,0.5568132,-0.6062019,0.4067962,0.3962262,
1,14,40.195,0.2099873,1.228512,-0.6848962,0.5568132,-0.6062019,0.4067962,0.3962262,
1,14,40.197,0.2099873,1.228512,-0.6848962,0.5568132,-0.6062019,0.4067962,0.3962262,
1,14,40.199,0.2099873,1.228512,-0.6848962,0.5568132,-0.6062019,0.4067962,0.3962262,
1,14,40.201,0.2101301,1.228378,-0.6848149,0.5564662,-0.6060979,0.4071171,0.396543,
1,14,40.203,0.2101301,1.228378,-0.6848149,0.5564662,-0.6060979,0.4071171,0.396543,
1,14,40.205,0.2101301,1.228378,-0.6848149,0.5564662,-0.6060979,0.4071171,0.396543,
1,14,40.207,0.2101301,1.228378,-0.6848149,0.5564662,-0.6060979,0.4071171,0.396543,
1,14,40.209,0.2102278,1.228243,-0.6846913,0.5561542,-0.6060328,0.4074062,0.3967832,
1,14,40.211,0.2102278,1.228243,-0.6846913,0.5561542,-0.6060328,0.4074062,0.3967832,
1,14,40.213,0.2102278,1.228243,-0.6846913,0.5561542,-0.6060328,0.4074062,0.3967832,
1,14,40.215,0.2102278,1.228243,-0.6846913,0.5561542,-0.6060328,0.4074062,0.3967832,
1,14,40.217,0.2102278,1.228243,-0.6846913,0.5561542,-0.6060328,0.4074062,0.3967832,
1,14,40.219,0.2102929,1.228193,-0.6845155,0.555878,-0.6059494,0.4077537,0.3969406,
1,14,40.221,0.2102929,1.228193,-0.6845155,0.555878,-0.6059494,0.4077537,0.3969406,
1,14,40.223,0.2102929,1.228193,-0.6845155,0.555878,-0.6059494,0.4077537,0.3969406,
1,14,40.225,0.2102929,1.228193,-0.6845155,0.555878,-0.6059494,0.4077537,0.3969406,
1,14,40.227,0.210358,1.228121,-0.6844372,0.5557455,-0.6059231,0.4079676,0.3969467,
1,14,40.229,0.210358,1.228121,-0.6844372,0.5557455,-0.6059231,0.4079676,0.3969467,
1,14,40.231,0.210358,1.228121,-0.6844372,0.5557455,-0.6059231,0.4079676,0.3969467,
1,14,40.233,0.210358,1.228121,-0.6844372,0.5557455,-0.6059231,0.4079676,0.3969467,
1,14,40.235,0.2104576,1.228034,-0.6842899,0.555708,-0.6059059,0.4081328,0.3968556,
1,14,40.237,0.2104576,1.228034,-0.6842899,0.555708,-0.6059059,0.4081328,0.3968556,
1,14,40.239,0.2104576,1.228034,-0.6842899,0.555708,-0.6059059,0.4081328,0.3968556,
1,14,40.241,0.2104576,1.228034,-0.6842899,0.555708,-0.6059059,0.4081328,0.3968556,
1,14,40.243,0.2105095,1.22806,-0.684077,0.5555927,-0.6057488,0.4085419,0.3968359,
1,14,40.245,0.2105095,1.22806,-0.684077,0.5555927,-0.6057488,0.4085419,0.3968359,
1,14,40.247,0.2105095,1.22806,-0.684077,0.5555927,-0.6057488,0.4085419,0.3968359,
1,14,40.249,0.2105095,1.22806,-0.684077,0.5555927,-0.6057488,0.4085419,0.3968359,
1,14,40.251,0.2106288,1.227955,-0.6840774,0.5557179,-0.6056754,0.408609,0.3967034,
1,14,40.253,0.2106288,1.227955,-0.6840774,0.5557179,-0.6056754,0.408609,0.3967034,
1,14,40.255,0.2106288,1.227955,-0.6840774,0.5557179,-0.6056754,0.408609,0.3967034,
1,14,40.257,0.2106288,1.227955,-0.6840774,0.5557179,-0.6056754,0.408609,0.3967034,
1,14,40.259,0.210737,1.22804,-0.6837572,0.555692,-0.6054108,0.409126,0.3966107,
1,14,40.261,0.210737,1.22804,-0.6837572,0.555692,-0.6054108,0.409126,0.3966107,
1,14,40.263,0.210737,1.22804,-0.6837572,0.555692,-0.6054108,0.409126,0.3966107,
1,14,40.265,0.210737,1.22804,-0.6837572,0.555692,-0.6054108,0.409126,0.3966107,
1,14,40.267,0.210737,1.22804,-0.6837572,0.555692,-0.6054108,0.409126,0.3966107,
1,14,40.269,0.2108739,1.228015,-0.6837317,0.5558895,-0.6053413,0.4091563,0.3964089,
1,14,40.271,0.2108739,1.228015,-0.6837317,0.5558895,-0.6053413,0.4091563,0.3964089,
1,14,40.273,0.2108739,1.228015,-0.6837317,0.5558895,-0.6053413,0.4091563,0.3964089,
1,14,40.275,0.2108739,1.228015,-0.6837317,0.5558895,-0.6053413,0.4091563,0.3964089,
1,14,40.277,0.2109625,1.228071,-0.6835904,0.5560219,-0.605234,0.4092905,0.3962483,
1,14,40.279,0.2109625,1.228071,-0.6835904,0.5560219,-0.605234,0.4092905,0.3962483,
1,14,40.281,0.2109625,1.228071,-0.6835904,0.5560219,-0.605234,0.4092905,0.3962483,
1,14,40.283,0.2109625,1.228071,-0.6835904,0.5560219,-0.605234,0.4092905,0.3962483,
1,14,40.285,0.2110883,1.228112,-0.6834697,0.5560253,-0.6050968,0.4095334,0.3962021,
1,14,40.287,0.2110883,1.228112,-0.6834697,0.5560253,-0.6050968,0.4095334,0.3962021,
1,14,40.289,0.2110883,1.228112,-0.6834697,0.5560253,-0.6050968,0.4095334,0.3962021,
1,14,40.291,0.2110883,1.228112,-0.6834697,0.5560253,-0.6050968,0.4095334,0.3962021,
1,14,40.293,0.211207,1.228085,-0.6834704,0.5560988,-0.6049836,0.4095711,0.3962329,
1,14,40.295,0.211207,1.228085,-0.6834704,0.5560988,-0.6049836,0.4095711,0.3962329,
1,14,40.297,0.211207,1.228085,-0.6834704,0.5560988,-0.6049836,0.4095711,0.3962329,
1,14,40.299,0.211207,1.228085,-0.6834704,0.5560988,-0.6049836,0.4095711,0.3962329,
1,14,40.301,0.2113505,1.228079,-0.6833613,0.5561115,-0.6049414,0.4096274,0.3962213,
1,14,40.303,0.2113505,1.228079,-0.6833613,0.5561115,-0.6049414,0.4096274,0.3962213,
1,14,40.305,0.2113505,1.228079,-0.6833613,0.5561115,-0.6049414,0.4096274,0.3962213,
1,14,40.307,0.2113505,1.228079,-0.6833613,0.5561115,-0.6049414,0.4096274,0.3962213,
1,14,40.309,0.211498,1.228036,-0.6832417,0.5560609,-0.6049593,0.4096512,0.3962402,
1,14,40.311,0.211498,1.228036,-0.6832417,0.5560609,-0.6049593,0.4096512,0.3962402,
1,14,40.313,0.211498,1.228036,-0.6832417,0.5560609,-0.6049593,0.4096512,0.3962402,
1,14,40.315,0.211498,1.228036,-0.6832417,0.5560609,-0.6049593,0.4096512,0.3962402,
1,14,40.317,0.211498,1.228036,-0.6832417,0.5560609,-0.6049593,0.4096512,0.3962402,
1,14,40.319,0.2116407,1.228026,-0.6830915,0.5560166,-0.605004,0.4096509,0.3962347,
1,14,40.321,0.2116407,1.228026,-0.6830915,0.5560166,-0.605004,0.4096509,0.3962347,
1,14,40.323,0.2116407,1.228026,-0.6830915,0.5560166,-0.605004,0.4096509,0.3962347,
1,14,40.325,0.2116407,1.228026,-0.6830915,0.5560166,-0.605004,0.4096509,0.3962347,
1,14,40.327,0.2117469,1.228006,-0.6829646,0.555895,-0.6050585,0.4096555,0.3963172,
1,14,40.329,0.2117469,1.228006,-0.6829646,0.555895,-0.6050585,0.4096555,0.3963172,
1,14,40.331,0.2117469,1.228006,-0.6829646,0.555895,-0.6050585,0.4096555,0.3963172,
1,14,40.333,0.2117469,1.228006,-0.6829646,0.555895,-0.6050585,0.4096555,0.3963172,
1,14,40.335,0.2119043,1.227899,-0.6828213,0.5556179,-0.6051863,0.4096578,0.3965082,
1,14,40.337,0.2119043,1.227899,-0.6828213,0.5556179,-0.6051863,0.4096578,0.3965082,
1,14,40.339,0.2119043,1.227899,-0.6828213,0.5556179,-0.6051863,0.4096578,0.3965082,
1,14,40.341,0.2119043,1.227899,-0.6828213,0.5556179,-0.6051863,0.4096578,0.3965082,
1,14,40.343,0.2120225,1.227811,-0.6828711,0.5555292,-0.6053126,0.4094785,0.3966248,
1,14,40.345,0.2120225,1.227811,-0.6828711,0.5555292,-0.6053126,0.4094785,0.3966248,
1,14,40.347,0.2120225,1.227811,-0.6828711,0.5555292,-0.6053126,0.4094785,0.3966248,
1,14,40.349,0.2120225,1.227811,-0.6828711,0.5555292,-0.6053126,0.4094785,0.3966248,
1,14,40.351,0.2120815,1.227718,-0.6828973,0.5554613,-0.6055531,0.4092298,0.3966095,
1,14,40.353,0.2120815,1.227718,-0.6828973,0.5554613,-0.6055531,0.4092298,0.3966095,
1,14,40.355,0.2120815,1.227718,-0.6828973,0.5554613,-0.6055531,0.4092298,0.3966095,
1,14,40.357,0.2120815,1.227718,-0.6828973,0.5554613,-0.6055531,0.4092298,0.3966095,
1,14,40.359,0.212135,1.227715,-0.6827504,0.5553077,-0.6057746,0.4091637,0.3965548,
1,14,40.361,0.212135,1.227715,-0.6827504,0.5553077,-0.6057746,0.4091637,0.3965548,
1,14,40.363,0.212135,1.227715,-0.6827504,0.5553077,-0.6057746,0.4091637,0.3965548,
1,14,40.365,0.212135,1.227715,-0.6827504,0.5553077,-0.6057746,0.4091637,0.3965548,
1,14,40.367,0.212135,1.227715,-0.6827504,0.5553077,-0.6057746,0.4091637,0.3965548,
1,14,40.369,0.2122268,1.22779,-0.6824573,0.5552305,-0.6060329,0.4091181,0.3963151,
1,14,40.371,0.2122268,1.22779,-0.6824573,0.5552305,-0.6060329,0.4091181,0.3963151,
1,14,40.373,0.2122268,1.22779,-0.6824573,0.5552305,-0.6060329,0.4091181,0.3963151,
1,14,40.375,0.2122268,1.22779,-0.6824573,0.5552305,-0.6060329,0.4091181,0.3963151,
1,14,40.377,0.212285,1.227809,-0.6823521,0.5551164,-0.6062819,0.4090594,0.3961544,
1,14,40.379,0.212285,1.227809,-0.6823521,0.5551164,-0.6062819,0.4090594,0.3961544,
1,14,40.381,0.212285,1.227809,-0.6823521,0.5551164,-0.6062819,0.4090594,0.3961544,
1,14,40.383,0.212285,1.227809,-0.6823521,0.5551164,-0.6062819,0.4090594,0.3961544,
1,14,40.385,0.2123568,1.227499,-0.6823438,0.5549239,-0.606624,0.4088328,0.3961346,
1,14,40.387,0.2123568,1.227499,-0.6823438,0.5549239,-0.606624,0.4088328,0.3961346,
1,14,40.389,0.2123568,1.227499,-0.6823438,0.5549239,-0.606624,0.4088328,0.3961346,
1,14,40.391,0.2123568,1.227499,-0.6823438,0.5549239,-0.606624,0.4088328,0.3961346,
1,14,40.393,0.2124442,1.227537,-0.6822296,0.5547566,-0.6067006,0.4089633,0.396117,
1,14,40.395,0.2124442,1.227537,-0.6822296,0.5547566,-0.6067006,0.4089633,0.396117,
1,14,40.397,0.2124442,1.227537,-0.6822296,0.5547566,-0.6067006,0.4089633,0.396117,
1,14,40.399,0.2124442,1.227537,-0.6822296,0.5547566,-0.6067006,0.4089633,0.396117,
1,14,40.401,0.2125561,1.227157,-0.6824836,0.5547248,-0.6069568,0.408648,0.3960942,
1,14,40.403,0.2125561,1.227157,-0.6824836,0.5547248,-0.6069568,0.408648,0.3960942,
1,14,40.405,0.2125561,1.227157,-0.6824836,0.5547248,-0.6069568,0.408648,0.3960942,
1,14,40.407,0.2125561,1.227157,-0.6824836,0.5547248,-0.6069568,0.408648,0.3960942,
1,14,40.409,0.2126214,1.227186,-0.6826394,0.5547562,-0.6069307,0.4087263,0.3960096,
1,14,40.411,0.2126214,1.227186,-0.6826394,0.5547562,-0.6069307,0.4087263,0.3960096,
1,14,40.413,0.2126214,1.227186,-0.6826394,0.5547562,-0.6069307,0.4087263,0.3960096,
1,14,40.415,0.2126214,1.227186,-0.6826394,0.5547562,-0.6069307,0.4087263,0.3960096,
1,14,40.417,0.2126214,1.227186,-0.6826394,0.5547562,-0.6069307,0.4087263,0.3960096,
1,14,40.419,0.2127123,1.227217,-0.6827049,0.5548631,-0.6068669,0.4088989,0.3957793,
1,14,40.421,0.2127123,1.227217,-0.6827049,0.5548631,-0.6068669,0.4088989,0.3957793,
1,14,40.423,0.2127123,1.227217,-0.6827049,0.5548631,-0.6068669,0.4088989,0.3957793,
1,14,40.425,0.2127123,1.227217,-0.6827049,0.5548631,-0.6068669,0.4088989,0.3957793,
1,14,40.427,0.2127612,1.227115,-0.6827638,0.5549927,-0.6069086,0.4090238,0.3954043,
1,14,40.429,0.2127612,1.227115,-0.6827638,0.5549927,-0.6069086,0.4090238,0.3954043,
1,14,40.431,0.2127612,1.227115,-0.6827638,0.5549927,-0.6069086,0.4090238,0.3954043,
1,14,40.433,0.2127612,1.227115,-0.6827638,0.5549927,-0.6069086,0.4090238,0.3954043,
1,14,40.435,0.2127949,1.227094,-0.6829747,0.5551912,-0.6068896,0.4092286,0.3949428,
1,14,40.437,0.2127949,1.227094,-0.6829747,0.5551912,-0.6068896,0.4092286,0.3949428,
1,14,40.439,0.2127949,1.227094,-0.6829747,0.5551912,-0.6068896,0.4092286,0.3949428,
1,14,40.441,0.2127949,1.227094,-0.6829747,0.5551912,-0.6068896,0.4092286,0.3949428,
1,14,40.443,0.212808,1.227263,-0.6829345,0.5553608,-0.6067716,0.4097379,0.3943569,
1,14,40.445,0.212808,1.227263,-0.6829345,0.5553608,-0.6067716,0.4097379,0.3943569,
1,14,40.447,0.212808,1.227263,-0.6829345,0.5553608,-0.6067716,0.4097379,0.3943569,
1,14,40.449,0.212808,1.227263,-0.6829345,0.5553608,-0.6067716,0.4097379,0.3943569,
1,14,40.451,0.2128405,1.227414,-0.6830968,0.5556172,-0.6066113,0.4101454,0.3938185,
1,14,40.453,0.2128405,1.227414,-0.6830968,0.5556172,-0.6066113,0.4101454,0.3938185,
1,14,40.455,0.2128405,1.227414,-0.6830968,0.5556172,-0.6066113,0.4101454,0.3938185,
1,14,40.457,0.2128405,1.227414,-0.6830968,0.5556172,-0.6066113,0.4101454,0.3938185,
1,14,40.459,0.212921,1.227325,-0.6834221,0.5559444,-0.6065642,0.4103274,0.3932392,
1,14,40.461,0.212921,1.227325,-0.6834221,0.5559444,-0.6065642,0.4103274,0.3932392,
1,14,40.463,0.212921,1.227325,-0.6834221,0.5559444,-0.6065642,0.4103274,0.3932392,
1,14,40.465,0.212921,1.227325,-0.6834221,0.5559444,-0.6065642,0.4103274,0.3932392,
1,14,40.467,0.212921,1.227325,-0.6834221,0.5559444,-0.6065642,0.4103274,0.3932392,
1,14,40.469,0.2130629,1.227292,-0.6835689,0.5563304,-0.6065872,0.4105615,0.3924125,
1,14,40.471,0.2130629,1.227292,-0.6835689,0.5563304,-0.6065872,0.4105615,0.3924125,
1,14,40.473,0.2130629,1.227292,-0.6835689,0.5563304,-0.6065872,0.4105615,0.3924125,
1,14,40.475,0.2130629,1.227292,-0.6835689,0.5563304,-0.6065872,0.4105615,0.3924125,
1,14,40.477,0.2131951,1.227117,-0.6839663,0.5568112,-0.6067125,0.4104887,0.3916126,
1,14,40.479,0.2131951,1.227117,-0.6839663,0.5568112,-0.6067125,0.4104887,0.3916126,
1,14,40.481,0.2131951,1.227117,-0.6839663,0.5568112,-0.6067125,0.4104887,0.3916126,
1,14,40.483,0.2131951,1.227117,-0.6839663,0.5568112,-0.6067125,0.4104887,0.3916126,
1,14,40.485,0.2132526,1.226959,-0.6842403,0.557134,-0.6068743,0.4105791,0.3908071,
1,14,40.487,0.2132526,1.226959,-0.6842403,0.557134,-0.6068743,0.4105791,0.3908071,
1,14,40.489,0.2132526,1.226959,-0.6842403,0.557134,-0.6068743,0.4105791,0.3908071,
1,14,40.491,0.2132526,1.226959,-0.6842403,0.557134,-0.6068743,0.4105791,0.3908071,
1,14,40.493,0.2132877,1.226778,-0.684258,0.5571626,-0.6070573,0.4109674,0.3900732,
1,14,40.495,0.2132877,1.226778,-0.684258,0.5571626,-0.6070573,0.4109674,0.3900732,
1,14,40.497,0.2132877,1.226778,-0.684258,0.5571626,-0.6070573,0.4109674,0.3900732,
1,14,40.499,0.2132877,1.226778,-0.684258,0.5571626,-0.6070573,0.4109674,0.3900732,
1,14,40.501,0.2133164,1.226733,-0.6841629,0.5570748,-0.6071995,0.4115074,0.3894074,
1,14,40.503,0.2133164,1.226733,-0.6841629,0.5570748,-0.6071995,0.4115074,0.3894074,
1,14,40.505,0.2133164,1.226733,-0.6841629,0.5570748,-0.6071995,0.4115074,0.3894074,
1,14,40.507,0.2133164,1.226733,-0.6841629,0.5570748,-0.6071995,0.4115074,0.3894074,
1,14,40.509,0.2134017,1.226727,-0.6840606,0.5570045,-0.6072774,0.4119984,0.388867,
1,14,40.511,0.2134017,1.226727,-0.6840606,0.5570045,-0.6072774,0.4119984,0.388867,
1,14,40.513,0.2134017,1.226727,-0.6840606,0.5570045,-0.6072774,0.4119984,0.388867,
1,14,40.515,0.2134017,1.226727,-0.6840606,0.5570045,-0.6072774,0.4119984,0.388867,
1,14,40.517,0.2134017,1.226727,-0.6840606,0.5570045,-0.6072774,0.4119984,0.388867,
1,14,40.519,0.2134717,1.226782,-0.6840763,0.5569138,-0.6073591,0.4124589,0.3883807,
1,14,40.521,0.2134717,1.226782,-0.6840763,0.5569138,-0.6073591,0.4124589,0.3883807,
1,14,40.523,0.2134717,1.226782,-0.6840763,0.5569138,-0.6073591,0.4124589,0.3883807,
1,14,40.525,0.2134717,1.226782,-0.6840763,0.5569138,-0.6073591,0.4124589,0.3883807,
1,14,40.527,0.2135649,1.226558,-0.6840909,0.5567253,-0.6075607,0.412741,0.3880357,
1,14,40.529,0.2135649,1.226558,-0.6840909,0.5567253,-0.6075607,0.412741,0.3880357,
1,14,40.531,0.2135649,1.226558,-0.6840909,0.5567253,-0.6075607,0.412741,0.3880357,
1,14,40.533,0.2135649,1.226558,-0.6840909,0.5567253,-0.6075607,0.412741,0.3880357,
1,14,40.535,0.213589,1.22647,-0.6838961,0.5562581,-0.6076298,0.4133795,0.3879182,
1,14,40.537,0.213589,1.22647,-0.6838961,0.5562581,-0.6076298,0.4133795,0.3879182,
1,14,40.539,0.213589,1.22647,-0.6838961,0.5562581,-0.6076298,0.4133795,0.3879182,
1,14,40.541,0.213589,1.22647,-0.6838961,0.5562581,-0.6076298,0.4133795,0.3879182,
1,14,40.543,0.2136219,1.226323,-0.683595,0.5557824,-0.6077024,0.4139557,0.3878714,
1,14,40.545,0.2136219,1.226323,-0.683595,0.5557824,-0.6077024,0.4139557,0.3878714,
1,14,40.547,0.2136219,1.226323,-0.683595,0.5557824,-0.6077024,0.4139557,0.3878714,
1,14,40.549,0.2136219,1.226323,-0.683595,0.5557824,-0.6077024,0.4139557,0.3878714,
1,14,40.551,0.2136096,1.226205,-0.6833557,0.5552912,-0.607728,0.414519,0.3879334,
1,14,40.553,0.2136096,1.226205,-0.6833557,0.5552912,-0.607728,0.414519,0.3879334,
1,14,40.555,0.2136096,1.226205,-0.6833557,0.5552912,-0.607728,0.414519,0.3879334,
1,14,40.557,0.2136096,1.226205,-0.6833557,0.5552912,-0.607728,0.414519,0.3879334,
1,14,40.559,0.2135805,1.225976,-0.6831502,0.5548496,-0.6078011,0.4148908,0.3880533,
1,14,40.561,0.2135805,1.225976,-0.6831502,0.5548496,-0.6078011,0.4148908,0.3880533,
1,14,40.563,0.2135805,1.225976,-0.6831502,0.5548496,-0.6078011,0.4148908,0.3880533,
1,14,40.565,0.2135805,1.225976,-0.6831502,0.5548496,-0.6078011,0.4148908,0.3880533,
1,14,40.567,0.2135805,1.225976,-0.6831502,0.5548496,-0.6078011,0.4148908,0.3880533,
1,14,40.569,0.2135244,1.225757,-0.6829291,0.5543859,-0.6077906,0.4153191,0.3882743,
1,14,40.571,0.2135244,1.225757,-0.6829291,0.5543859,-0.6077906,0.4153191,0.3882743,
1,14,40.573,0.2135244,1.225757,-0.6829291,0.5543859,-0.6077906,0.4153191,0.3882743,
1,14,40.575,0.2135244,1.225757,-0.6829291,0.5543859,-0.6077906,0.4153191,0.3882743,
1,14,40.577,0.2134576,1.22562,-0.6826581,0.55404,-0.6077223,0.4157248,0.3884407,
1,14,40.579,0.2134576,1.22562,-0.6826581,0.55404,-0.6077223,0.4157248,0.3884407,
1,14,40.581,0.2134576,1.22562,-0.6826581,0.55404,-0.6077223,0.4157248,0.3884407,
1,14,40.583,0.2134576,1.22562,-0.6826581,0.55404,-0.6077223,0.4157248,0.3884407,
1,14,40.585,0.2133954,1.225412,-0.6824601,0.5538849,-0.6077099,0.4158428,0.3885549,
1,14,40.587,0.2133954,1.225412,-0.6824601,0.5538849,-0.6077099,0.4158428,0.3885549,
1,14,40.589,0.2133954,1.225412,-0.6824601,0.5538849,-0.6077099,0.4158428,0.3885549,
1,14,40.591,0.2133954,1.225412,-0.6824601,0.5538849,-0.6077099,0.4158428,0.3885549,
1,14,40.593,0.2133243,1.224937,-0.6826056,0.5539682,-0.6078572,0.4154256,0.3886523,
1,14,40.595,0.2133243,1.224937,-0.6826056,0.5539682,-0.6078572,0.4154256,0.3886523,
1,14,40.597,0.2133243,1.224937,-0.6826056,0.5539682,-0.6078572,0.4154256,0.3886523,
1,14,40.599,0.2133243,1.224937,-0.6826056,0.5539682,-0.6078572,0.4154256,0.3886523,
1,14,40.601,0.2131879,1.224746,-0.6823915,0.5539259,-0.6077271,0.4155329,0.3888011,
1,14,40.603,0.2131879,1.224746,-0.6823915,0.5539259,-0.6077271,0.4155329,0.3888011,
1,14,40.605,0.2131879,1.224746,-0.6823915,0.5539259,-0.6077271,0.4155329,0.3888011,
1,14,40.607,0.2131879,1.224746,-0.6823915,0.5539259,-0.6077271,0.4155329,0.3888011,
1,14,40.609,0.2130533,1.224712,-0.6826735,0.5542438,-0.6073968,0.4154409,0.3889626,
1,14,40.611,0.2130533,1.224712,-0.6826735,0.5542438,-0.6073968,0.4154409,0.3889626,
1,14,40.613,0.2130533,1.224712,-0.6826735,0.5542438,-0.6073968,0.4154409,0.3889626,
1,14,40.615,0.2130533,1.224712,-0.6826735,0.5542438,-0.6073968,0.4154409,0.3889626,
1,14,40.617,0.2130533,1.224712,-0.6826735,0.5542438,-0.6073968,0.4154409,0.3889626,
1,14,40.619,0.2128786,1.224719,-0.6827499,0.5545697,-0.6070194,0.4154742,0.3890515,
1,14,40.621,0.2128786,1.224719,-0.6827499,0.5545697,-0.6070194,0.4154742,0.3890515,
1,14,40.623,0.2128786,1.224719,-0.6827499,0.5545697,-0.6070194,0.4154742,0.3890515,
1,14,40.625,0.2128786,1.224719,-0.6827499,0.5545697,-0.6070194,0.4154742,0.3890515,
1,14,40.627,0.2126797,1.224495,-0.6826711,0.554837,-0.6068239,0.4154395,0.3890124,
1,14,40.629,0.2126797,1.224495,-0.6826711,0.554837,-0.6068239,0.4154395,0.3890124,
1,14,40.631,0.2126797,1.224495,-0.6826711,0.554837,-0.6068239,0.4154395,0.3890124,
1,14,40.633,0.2126797,1.224495,-0.6826711,0.554837,-0.6068239,0.4154395,0.3890124,
1,14,40.635,0.2125643,1.22403,-0.6826603,0.5553316,-0.6069058,0.4149973,0.388651,
1,14,40.637,0.2125643,1.22403,-0.6826603,0.5553316,-0.6069058,0.4149973,0.388651,
1,14,40.639,0.2125643,1.22403,-0.6826603,0.5553316,-0.6069058,0.4149973,0.388651,
1,14,40.641,0.2125643,1.22403,-0.6826603,0.5553316,-0.6069058,0.4149973,0.388651,
1,14,40.643,0.2123801,1.223923,-0.6826231,0.5558345,-0.6067742,0.4148312,0.3883146,
1,14,40.645,0.2123801,1.223923,-0.6826231,0.5558345,-0.6067742,0.4148312,0.3883146,
1,14,40.647,0.2123801,1.223923,-0.6826231,0.5558345,-0.6067742,0.4148312,0.3883146,
1,14,40.649,0.2123801,1.223923,-0.6826231,0.5558345,-0.6067742,0.4148312,0.3883146,
1,14,40.651,0.2122065,1.223883,-0.6826758,0.5563856,-0.606562,0.4146865,0.3880113,
1,14,40.653,0.2122065,1.223883,-0.6826758,0.5563856,-0.606562,0.4146865,0.3880113,
1,14,40.655,0.2122065,1.223883,-0.6826758,0.5563856,-0.606562,0.4146865,0.3880113,
1,14,40.657,0.2122065,1.223883,-0.6826758,0.5563856,-0.606562,0.4146865,0.3880113,
1,14,40.659,0.2120238,1.223919,-0.6827599,0.5569451,-0.6062832,0.4146353,0.3876989,
1,14,40.661,0.2120238,1.223919,-0.6827599,0.5569451,-0.6062832,0.4146353,0.3876989,
1,14,40.663,0.2120238,1.223919,-0.6827599,0.5569451,-0.6062832,0.4146353,0.3876989,
1,14,40.665,0.2120238,1.223919,-0.6827599,0.5569451,-0.6062832,0.4146353,0.3876989,
1,14,40.667,0.2120238,1.223919,-0.6827599,0.5569451,-0.6062832,0.4146353,0.3876989,
1,14,40.669,0.211817,1.223611,-0.6829037,0.5573382,-0.606192,0.4144498,0.387475,
1,14,40.671,0.211817,1.223611,-0.6829037,0.5573382,-0.606192,0.4144498,0.387475,
1,14,40.673,0.211817,1.223611,-0.6829037,0.5573382,-0.606192,0.4144498,0.387475,
1,14,40.675,0.211817,1.223611,-0.6829037,0.5573382,-0.606192,0.4144498,0.387475,
1,14,40.677,0.2116693,1.223486,-0.6830235,0.5576898,-0.6060712,0.4143756,0.3872373,
1,14,40.679,0.2116693,1.223486,-0.6830235,0.5576898,-0.6060712,0.4143756,0.3872373,
1,14,40.681,0.2116693,1.223486,-0.6830235,0.5576898,-0.6060712,0.4143756,0.3872373,
1,14,40.683,0.2116693,1.223486,-0.6830235,0.5576898,-0.6060712,0.4143756,0.3872373,
1,14,40.685,0.2115155,1.223416,-0.6830537,0.5578971,-0.6058894,0.4145037,0.387086,
1,14,40.687,0.2115155,1.223416,-0.6830537,0.5578971,-0.6058894,0.4145037,0.387086,
1,14,40.689,0.2115155,1.223416,-0.6830537,0.5578971,-0.6058894,0.4145037,0.387086,
1,14,40.691,0.2115155,1.223416,-0.6830537,0.5578971,-0.6058894,0.4145037,0.387086,
1,14,40.693,0.2113741,1.223505,-0.683061,0.5581879,-0.6056029,0.4147698,0.38683,
1,14,40.695,0.2113741,1.223505,-0.683061,0.5581879,-0.6056029,0.4147698,0.38683,
1,14,40.697,0.2113741,1.223505,-0.683061,0.5581879,-0.6056029,0.4147698,0.38683,
1,14,40.699,0.2113741,1.223505,-0.683061,0.5581879,-0.6056029,0.4147698,0.38683,
1,14,40.701,0.2112468,1.223786,-0.6830429,0.5584932,-0.6052904,0.4151021,0.386522,
1,14,40.703,0.2112468,1.223786,-0.6830429,0.5584932,-0.6052904,0.4151021,0.386522,
1,14,40.705,0.2112468,1.223786,-0.6830429,0.5584932,-0.6052904,0.4151021,0.386522,
1,14,40.707,0.2112468,1.223786,-0.6830429,0.5584932,-0.6052904,0.4151021,0.386522,
1,14,40.709,0.2111285,1.224218,-0.6830969,0.5588392,-0.6049646,0.4154202,0.3861901,
1,14,40.711,0.2111285,1.224218,-0.6830969,0.5588392,-0.6049646,0.4154202,0.3861901,
1,14,40.713,0.2111285,1.224218,-0.6830969,0.5588392,-0.6049646,0.4154202,0.3861901,
1,14,40.715,0.2111285,1.224218,-0.6830969,0.5588392,-0.6049646,0.4154202,0.3861901,
1,14,40.717,0.2111285,1.224218,-0.6830969,0.5588392,-0.6049646,0.4154202,0.3861901,
1,14,40.719,0.2110276,1.224597,-0.683259,0.5592063,-0.6047419,0.4155845,0.3858304,
1,14,40.721,0.2110276,1.224597,-0.683259,0.5592063,-0.6047419,0.4155845,0.3858304,
1,14,40.723,0.2110276,1.224597,-0.683259,0.5592063,-0.6047419,0.4155845,0.3858304,
1,14,40.725,0.2110276,1.224597,-0.683259,0.5592063,-0.6047419,0.4155845,0.3858304,
1,14,40.727,0.2108916,1.224874,-0.6833723,0.5593747,-0.6046316,0.4157513,0.3855793,
1,14,40.729,0.2108916,1.224874,-0.6833723,0.5593747,-0.6046316,0.4157513,0.3855793,
1,14,40.731,0.2108916,1.224874,-0.6833723,0.5593747,-0.6046316,0.4157513,0.3855793,
1,14,40.733,0.2108916,1.224874,-0.6833723,0.5593747,-0.6046316,0.4157513,0.3855793,
1,14,40.735,0.2107998,1.225084,-0.6834937,0.5594168,-0.6045681,0.4158982,0.3854595,
1,14,40.737,0.2107998,1.225084,-0.6834937,0.5594168,-0.6045681,0.4158982,0.3854595,
1,14,40.739,0.2107998,1.225084,-0.6834937,0.5594168,-0.6045681,0.4158982,0.3854595,
1,14,40.741,0.2107998,1.225084,-0.6834937,0.5594168,-0.6045681,0.4158982,0.3854595,
1,14,40.743,0.2107135,1.225134,-0.6837095,0.559307,-0.604618,0.4159464,0.3854885,
1,14,40.745,0.2107135,1.225134,-0.6837095,0.559307,-0.604618,0.4159464,0.3854885,
1,14,40.747,0.2107135,1.225134,-0.6837095,0.559307,-0.604618,0.4159464,0.3854885,
1,14,40.749,0.2107135,1.225134,-0.6837095,0.559307,-0.604618,0.4159464,0.3854885,
1,14,40.751,0.2106836,1.225103,-0.6838384,0.5590977,-0.6047918,0.4159296,0.3855375,
1,14,40.753,0.2106836,1.225103,-0.6838384,0.5590977,-0.6047918,0.4159296,0.3855375,
1,14,40.755,0.2106836,1.225103,-0.6838384,0.5590977,-0.6047918,0.4159296,0.3855375,
1,14,40.757,0.2106836,1.225103,-0.6838384,0.5590977,-0.6047918,0.4159296,0.3855375,
1,14,40.759,0.2106844,1.225268,-0.6839826,0.5588574,-0.6049005,0.416036,0.3856005,
1,14,40.761,0.2106844,1.225268,-0.6839826,0.5588574,-0.6049005,0.416036,0.3856005,
1,14,40.763,0.2106844,1.225268,-0.6839826,0.5588574,-0.6049005,0.416036,0.3856005,
1,14,40.765,0.2106844,1.225268,-0.6839826,0.5588574,-0.6049005,0.416036,0.3856005,
1,14,40.767,0.2106844,1.225268,-0.6839826,0.5588574,-0.6049005,0.416036,0.3856005,
1,14,40.769,0.2107054,1.225236,-0.6841457,0.558504,-0.6051,0.4160341,0.3858016,
1,14,40.771,0.2107054,1.225236,-0.6841457,0.558504,-0.6051,0.4160341,0.3858016,
1,14,40.773,0.2107054,1.225236,-0.6841457,0.558504,-0.6051,0.4160341,0.3858016,
1,14,40.775,0.2107054,1.225236,-0.6841457,0.558504,-0.6051,0.4160341,0.3858016,
1,14,40.777,0.2107623,1.22525,-0.6843539,0.5580944,-0.6052835,0.4160503,0.386089,
1,14,40.779,0.2107623,1.22525,-0.6843539,0.5580944,-0.6052835,0.4160503,0.386089,
1,14,40.781,0.2107623,1.22525,-0.6843539,0.5580944,-0.6052835,0.4160503,0.386089,
1,14,40.783,0.2107623,1.22525,-0.6843539,0.5580944,-0.6052835,0.4160503,0.386089,
1,14,40.785,0.2108066,1.225209,-0.6846334,0.5576093,-0.6055259,0.4159891,0.3864759,
1,14,40.787,0.2108066,1.225209,-0.6846334,0.5576093,-0.6055259,0.4159891,0.3864759,
1,14,40.789,0.2108066,1.225209,-0.6846334,0.5576093,-0.6055259,0.4159891,0.3864759,
1,14,40.791,0.2108066,1.225209,-0.6846334,0.5576093,-0.6055259,0.4159891,0.3864759,
1,14,40.793,0.2108139,1.225033,-0.6850293,0.5570561,-0.6059022,0.4157788,0.3869095,
1,14,40.795,0.2108139,1.225033,-0.6850293,0.5570561,-0.6059022,0.4157788,0.3869095,
1,14,40.797,0.2108139,1.225033,-0.6850293,0.5570561,-0.6059022,0.4157788,0.3869095,
1,14,40.799,0.2108139,1.225033,-0.6850293,0.5570561,-0.6059022,0.4157788,0.3869095,
1,14,40.801,0.2108735,1.225253,-0.6852849,0.5566384,-0.6060212,0.415849,0.3872488,
1,14,40.803,0.2108735,1.225253,-0.6852849,0.5566384,-0.6060212,0.415849,0.3872488,
1,14,40.805,0.2108735,1.225253,-0.6852849,0.5566384,-0.6060212,0.415849,0.3872488,
1,14,40.807,0.2108735,1.225253,-0.6852849,0.5566384,-0.6060212,0.415849,0.3872488,
1,14,40.809,0.2107904,1.225579,-0.6852741,0.5560243,-0.6060381,0.4162892,0.3876316,
1,14,40.811,0.2107904,1.225579,-0.6852741,0.5560243,-0.6060381,0.4162892,0.3876316,
1,14,40.813,0.2107904,1.225579,-0.6852741,0.5560243,-0.6060381,0.4162892,0.3876316,
1,14,40.815,0.2107904,1.225579,-0.6852741,0.5560243,-0.6060381,0.4162892,0.3876316,
1,14,40.817,0.2107904,1.225579,-0.6852741,0.5560243,-0.6060381,0.4162892,0.3876316,
1,14,40.819,0.2107532,1.225734,-0.685252,0.5552636,-0.606122,0.4167538,0.3880911,
1,14,40.821,0.2107532,1.225734,-0.685252,0.5552636,-0.606122,0.4167538,0.3880911,
1,14,40.823,0.2107532,1.225734,-0.685252,0.5552636,-0.606122,0.4167538,0.3880911,
1,14,40.825,0.2107532,1.225734,-0.685252,0.5552636,-0.606122,0.4167538,0.3880911,
1,14,40.827,0.2107171,1.225477,-0.6852598,0.5544713,-0.6064846,0.4168616,0.3885414,
1,14,40.829,0.2107171,1.225477,-0.6852598,0.5544713,-0.6064846,0.4168616,0.3885414,
1,14,40.831,0.2107171,1.225477,-0.6852598,0.5544713,-0.6064846,0.4168616,0.3885414,
1,14,40.833,0.2107171,1.225477,-0.6852598,0.5544713,-0.6064846,0.4168616,0.3885414,
1,14,40.835,0.2107656,1.225694,-0.6852193,0.5540205,-0.6066997,0.416969,0.3887334,
1,14,40.837,0.2107656,1.225694,-0.6852193,0.5540205,-0.6066997,0.416969,0.3887334,
1,14,40.839,0.2107656,1.225694,-0.6852193,0.5540205,-0.6066997,0.416969,0.3887334,
1,14,40.841,0.2107656,1.225694,-0.6852193,0.5540205,-0.6066997,0.416969,0.3887334,
1,14,40.843,0.2107551,1.22619,-0.685359,0.5537181,-0.6066433,0.4171748,0.3890315,
1,14,40.845,0.2107551,1.22619,-0.685359,0.5537181,-0.6066433,0.4171748,0.3890315,
1,14,40.847,0.2107551,1.22619,-0.685359,0.5537181,-0.6066433,0.4171748,0.3890315,
1,14,40.849,0.2107551,1.22619,-0.685359,0.5537181,-0.6066433,0.4171748,0.3890315,
1,14,40.851,0.2107046,1.226616,-0.6854488,0.5534491,-0.606681,0.4173003,0.3892205,
1,14,40.853,0.2107046,1.226616,-0.6854488,0.5534491,-0.606681,0.4173003,0.3892205,
1,14,40.855,0.2107046,1.226616,-0.6854488,0.5534491,-0.606681,0.4173003,0.3892205,
1,14,40.857,0.2107046,1.226616,-0.6854488,0.5534491,-0.606681,0.4173003,0.3892205,
1,14,40.859,0.2106534,1.226694,-0.6856678,0.5532403,-0.6069449,0.4170715,0.3893513,
1,14,40.861,0.2106534,1.226694,-0.6856678,0.5532403,-0.6069449,0.4170715,0.3893513,
1,14,40.863,0.2106534,1.226694,-0.6856678,0.5532403,-0.6069449,0.4170715,0.3893513,
1,14,40.865,0.2106534,1.226694,-0.6856678,0.5532403,-0.6069449,0.4170715,0.3893513,
1,14,40.867,0.2106534,1.226694,-0.6856678,0.5532403,-0.6069449,0.4170715,0.3893513,
1,14,40.869,0.2104212,1.226663,-0.6852374,0.5524421,-0.6071907,0.4174416,0.3897045,
1,14,40.871,0.2104212,1.226663,-0.6852374,0.5524421,-0.6071907,0.4174416,0.3897045,
1,14,40.873,0.2104212,1.226663,-0.6852374,0.5524421,-0.6071907,0.4174416,0.3897045,
1,14,40.875,0.2104212,1.226663,-0.6852374,0.5524421,-0.6071907,0.4174416,0.3897045,
1,14,40.877,0.2104381,1.226611,-0.6854401,0.5522636,-0.6073959,0.4172284,0.3898662,
1,14,40.879,0.2104381,1.226611,-0.6854401,0.5522636,-0.6073959,0.4172284,0.3898662,
1,14,40.881,0.2104381,1.226611,-0.6854401,0.5522636,-0.6073959,0.4172284,0.3898662,
1,14,40.883,0.2104381,1.226611,-0.6854401,0.5522636,-0.6073959,0.4172284,0.3898662,
1,14,40.885,0.2103708,1.226818,-0.6854572,0.5520481,-0.6074117,0.417363,0.3900029,
1,14,40.887,0.2103708,1.226818,-0.6854572,0.5520481,-0.6074117,0.417363,0.3900029,
1,14,40.889,0.2103708,1.226818,-0.6854572,0.5520481,-0.6074117,0.417363,0.3900029,
1,14,40.891,0.2103708,1.226818,-0.6854572,0.5520481,-0.6074117,0.417363,0.3900029,
1,14,40.893,0.2103525,1.226998,-0.6858206,0.5519283,-0.6074322,0.4172706,0.3902391,
1,14,40.895,0.2103525,1.226998,-0.6858206,0.5519283,-0.6074322,0.4172706,0.3902391,
1,14,40.897,0.2103525,1.226998,-0.6858206,0.5519283,-0.6074322,0.4172706,0.3902391,
1,14,40.899,0.2103525,1.226998,-0.6858206,0.5519283,-0.6074322,0.4172706,0.3902391,
1,14,40.901,0.2103197,1.227237,-0.6859215,0.5518005,-0.6073626,0.4173954,0.3903947,
1,14,40.903,0.2103197,1.227237,-0.6859215,0.5518005,-0.6073626,0.4173954,0.3903947,
1,14,40.905,0.2103197,1.227237,-0.6859215,0.5518005,-0.6073626,0.4173954,0.3903947,
1,14,40.907,0.2103197,1.227237,-0.6859215,0.5518005,-0.6073626,0.4173954,0.3903947,
1,14,40.909,0.2103466,1.227406,-0.6861375,0.5519005,-0.6074442,0.4172246,0.390309,
1,14,40.911,0.2103466,1.227406,-0.6861375,0.5519005,-0.6074442,0.4172246,0.390309,
1,14,40.913,0.2103466,1.227406,-0.6861375,0.5519005,-0.6074442,0.4172246,0.390309,
1,14,40.915,0.2103466,1.227406,-0.6861375,0.5519005,-0.6074442,0.4172246,0.390309,
1,14,40.917,0.2103466,1.227406,-0.6861375,0.5519005,-0.6074442,0.4172246,0.390309,
1,14,40.919,0.2103715,1.227569,-0.6864078,0.5521877,-0.6076355,0.4168576,0.3899969,
1,14,40.921,0.2103715,1.227569,-0.6864078,0.5521877,-0.6076355,0.4168576,0.3899969,
1,14,40.923,0.2103715,1.227569,-0.6864078,0.5521877,-0.6076355,0.4168576,0.3899969,
1,14,40.925,0.2103715,1.227569,-0.6864078,0.5521877,-0.6076355,0.4168576,0.3899969,
1,14,40.927,0.210356,1.227721,-0.6866438,0.552337,-0.6077999,0.416644,0.3897577,
1,14,40.929,0.210356,1.227721,-0.6866438,0.552337,-0.6077999,0.416644,0.3897577,
1,14,40.931,0.210356,1.227721,-0.6866438,0.552337,-0.6077999,0.416644,0.3897577,
1,14,40.933,0.210356,1.227721,-0.6866438,0.552337,-0.6077999,0.416644,0.3897577,
1,14,40.935,0.2103699,1.227853,-0.6867923,0.5523828,-0.6078918,0.4165862,0.3896112,
1,14,40.937,0.2103699,1.227853,-0.6867923,0.5523828,-0.6078918,0.4165862,0.3896112,
1,14,40.939,0.2103699,1.227853,-0.6867923,0.5523828,-0.6078918,0.4165862,0.3896112,
1,14,40.941,0.2103699,1.227853,-0.6867923,0.5523828,-0.6078918,0.4165862,0.3896112,
1,14,40.943,0.2103971,1.228042,-0.6869684,0.5523239,-0.6078641,0.4167149,0.3896001,
1,14,40.945,0.2103971,1.228042,-0.6869684,0.5523239,-0.6078641,0.4167149,0.3896001,
1,14,40.947,0.2103971,1.228042,-0.6869684,0.5523239,-0.6078641,0.4167149,0.3896001,
1,14,40.949,0.2103971,1.228042,-0.6869684,0.5523239,-0.6078641,0.4167149,0.3896001,
1,14,40.951,0.2104684,1.228106,-0.6871917,0.5522543,-0.6078931,0.4167472,0.3896193,
1,14,40.953,0.2104684,1.228106,-0.6871917,0.5522543,-0.6078931,0.4167472,0.3896193,
1,14,40.955,0.2104684,1.228106,-0.6871917,0.5522543,-0.6078931,0.4167472,0.3896193,
1,14,40.957,0.2104684,1.228106,-0.6871917,0.5522543,-0.6078931,0.4167472,0.3896193,
1,14,40.959,0.2105356,1.228166,-0.6873667,0.5521859,-0.6079618,0.4167677,0.3895867,
1,14,40.961,0.2105356,1.228166,-0.6873667,0.5521859,-0.6079618,0.4167677,0.3895867,
1,14,40.963,0.2105356,1.228166,-0.6873667,0.5521859,-0.6079618,0.4167677,0.3895867,
1,14,40.965,0.2105356,1.228166,-0.6873667,0.5521859,-0.6079618,0.4167677,0.3895867,
1,14,40.967,0.2105356,1.228166,-0.6873667,0.5521859,-0.6079618,0.4167677,0.3895867,
1,14,40.969,0.2106391,1.228571,-0.6878567,0.5521518,-0.607884,0.4168921,0.3896234,
1,14,40.971,0.2106391,1.228571,-0.6878567,0.5521518,-0.607884,0.4168921,0.3896234,
1,14,40.973,0.2106391,1.228571,-0.6878567,0.5521518,-0.607884,0.4168921,0.3896234,
1,14,40.975,0.2106391,1.228571,-0.6878567,0.5521518,-0.607884,0.4168921,0.3896234,
1,14,40.977,0.2107826,1.228572,-0.6878728,0.5518677,-0.6080264,0.4170388,0.3896465,
1,14,40.979,0.2107826,1.228572,-0.6878728,0.5518677,-0.6080264,0.4170388,0.3896465,
1,14,40.981,0.2107826,1.228572,-0.6878728,0.5518677,-0.6080264,0.4170388,0.3896465,
1,14,40.983,0.2107826,1.228572,-0.6878728,0.5518677,-0.6080264,0.4170388,0.3896465,
1,14,40.985,0.2109047,1.228423,-0.6881279,0.5516014,-0.6081787,0.4170468,0.3897776,
1,14,40.987,0.2109047,1.228423,-0.6881279,0.5516014,-0.6081787,0.4170468,0.3897776,
1,14,40.989,0.2109047,1.228423,-0.6881279,0.5516014,-0.6081787,0.4170468,0.3897776,
1,14,40.991,0.2109047,1.228423,-0.6881279,0.5516014,-0.6081787,0.4170468,0.3897776,
1,14,40.993,0.211008,1.228149,-0.6885034,0.551155,-0.6082692,0.4171619,0.3901447,
1,14,40.995,0.211008,1.228149,-0.6885034,0.551155,-0.6082692,0.4171619,0.3901447,
1,14,40.997,0.211008,1.228149,-0.6885034,0.551155,-0.6082692,0.4171619,0.3901447,
1,14,40.999,0.211008,1.228149,-0.6885034,0.551155,-0.6082692,0.4171619,0.3901447,
1,14,41.001,0.2112693,1.227944,-0.6887207,0.5506162,-0.6082293,0.4175508,0.3905513,
1,14,41.003,0.2112693,1.227944,-0.6887207,0.5506162,-0.6082293,0.4175508,0.3905513,
1,14,41.005,0.2112693,1.227944,-0.6887207,0.5506162,-0.6082293,0.4175508,0.3905513,
1,14,41.007,0.2112693,1.227944,-0.6887207,0.5506162,-0.6082293,0.4175508,0.3905513,
1,14,41.009,0.2115327,1.227707,-0.6889448,0.5500219,-0.6081547,0.4180404,0.3909809,
1,14,41.011,0.2115327,1.227707,-0.6889448,0.5500219,-0.6081547,0.4180404,0.3909809,
1,14,41.013,0.2115327,1.227707,-0.6889448,0.5500219,-0.6081547,0.4180404,0.3909809,
1,14,41.015,0.2115327,1.227707,-0.6889448,0.5500219,-0.6081547,0.4180404,0.3909809,
1,14,41.017,0.2115327,1.227707,-0.6889448,0.5500219,-0.6081547,0.4180404,0.3909809,
1,14,41.019,0.2119443,1.227532,-0.6890833,0.5495962,-0.6081398,0.4184785,0.3911342,
1,14,41.021,0.2119443,1.227532,-0.6890833,0.5495962,-0.6081398,0.4184785,0.3911342,
1,14,41.023,0.2119443,1.227532,-0.6890833,0.5495962,-0.6081398,0.4184785,0.3911342,
1,14,41.025,0.2119443,1.227532,-0.6890833,0.5495962,-0.6081398,0.4184785,0.3911342,
1,14,41.027,0.2123335,1.227545,-0.6892775,0.5492378,-0.6079711,0.4190744,0.3912615,
1,14,41.029,0.2123335,1.227545,-0.6892775,0.5492378,-0.6079711,0.4190744,0.3912615,
1,14,41.031,0.2123335,1.227545,-0.6892775,0.5492378,-0.6079711,0.4190744,0.3912615,
1,14,41.033,0.2123335,1.227545,-0.6892775,0.5492378,-0.6079711,0.4190744,0.3912615,
1,14,41.035,0.2129113,1.22743,-0.6897743,0.5492679,-0.6080421,0.4191144,0.3910661,
1,14,41.037,0.2129113,1.22743,-0.6897743,0.5492679,-0.6080421,0.4191144,0.3910661,
1,14,41.039,0.2129113,1.22743,-0.6897743,0.5492679,-0.6080421,0.4191144,0.3910661,
1,14,41.041,0.2129113,1.22743,-0.6897743,0.5492679,-0.6080421,0.4191144,0.3910661,
1,14,41.043,0.2135613,1.227429,-0.6902803,0.5493481,-0.6081182,0.419189,0.390755,
1,14,41.045,0.2135613,1.227429,-0.6902803,0.5493481,-0.6081182,0.419189,0.390755,
1,14,41.047,0.2135613,1.227429,-0.6902803,0.5493481,-0.6081182,0.419189,0.390755,
1,14,41.049,0.2135613,1.227429,-0.6902803,0.5493481,-0.6081182,0.419189,0.390755,
1,14,41.051,0.2143774,1.227589,-0.6907331,0.5496356,-0.6082751,0.4191984,0.390096,
1,14,41.053,0.2143774,1.227589,-0.6907331,0.5496356,-0.6082751,0.4191984,0.390096,
1,14,41.055,0.2143774,1.227589,-0.6907331,0.5496356,-0.6082751,0.4191984,0.390096,
1,14,41.057,0.2143774,1.227589,-0.6907331,0.5496356,-0.6082751,0.4191984,0.390096,
1,14,41.059,0.2152558,1.227828,-0.6909044,0.5497288,-0.6084031,0.4195446,0.3893922,
1,14,41.061,0.2152558,1.227828,-0.6909044,0.5497288,-0.6084031,0.4195446,0.3893922,
1,14,41.063,0.2152558,1.227828,-0.6909044,0.5497288,-0.6084031,0.4195446,0.3893922,
1,14,41.065,0.2152558,1.227828,-0.6909044,0.5497288,-0.6084031,0.4195446,0.3893922,
1,14,41.067,0.2152558,1.227828,-0.6909044,0.5497288,-0.6084031,0.4195446,0.3893922,
1,14,41.069,0.2162054,1.227712,-0.6912035,0.5499469,-0.6088216,0.4194279,0.388555,
1,14,41.071,0.2162054,1.227712,-0.6912035,0.5499469,-0.6088216,0.4194279,0.388555,
1,14,41.073,0.2162054,1.227712,-0.6912035,0.5499469,-0.6088216,0.4194279,0.388555,
1,14,41.075,0.2162054,1.227712,-0.6912035,0.5499469,-0.6088216,0.4194279,0.388555,
1,14,41.077,0.2172626,1.227424,-0.6920701,0.5508089,-0.6094863,0.418398,0.3874007,
1,14,41.079,0.2172626,1.227424,-0.6920701,0.5508089,-0.6094863,0.418398,0.3874007,
1,14,41.081,0.2172626,1.227424,-0.6920701,0.5508089,-0.6094863,0.418398,0.3874007,
1,14,41.083,0.2172626,1.227424,-0.6920701,0.5508089,-0.6094863,0.418398,0.3874007,CourtEnter
1,14,41.085,0.2181916,1.227975,-0.6923509,0.5516422,-0.6098461,0.4179743,0.3861038,
1,14,41.087,0.2181916,1.227975,-0.6923509,0.5516422,-0.6098461,0.4179743,0.3861038,
1,14,41.089,0.2181916,1.227975,-0.6923509,0.5516422,-0.6098461,0.4179743,0.3861038,
1,14,41.091,0.2181916,1.227975,-0.6923509,0.5516422,-0.6098461,0.4179743,0.3861038,CourtExit
1,14,41.093,0.2190994,1.228474,-0.6922829,0.5523561,-0.6104054,0.4174679,0.3847449,
1,14,41.095,0.2190994,1.228474,-0.6922829,0.5523561,-0.6104054,0.4174679,0.3847449,
1,14,41.097,0.2190994,1.228474,-0.6922829,0.5523561,-0.6104054,0.4174679,0.3847449,
1,14,41.099,0.2190994,1.228474,-0.6922829,0.5523561,-0.6104054,0.4174679,0.3847449,
1,14,41.101,0.2200247,1.229169,-0.6920699,0.5534441,-0.611092,0.4164594,0.383181,
1,14,41.103,0.2200247,1.229169,-0.6920699,0.5534441,-0.611092,0.4164594,0.383181,
1,14,41.105,0.2200247,1.229169,-0.6920699,0.5534441,-0.611092,0.4164594,0.383181,
1,14,41.107,0.2200247,1.229169,-0.6920699,0.5534441,-0.611092,0.4164594,0.383181,
1,14,41.109,0.220864,1.229856,-0.6917413,0.5546741,-0.6119752,0.4148858,0.3816972,
1,14,41.111,0.220864,1.229856,-0.6917413,0.5546741,-0.6119752,0.4148858,0.3816972,
1,14,41.113,0.220864,1.229856,-0.6917413,0.5546741,-0.6119752,0.4148858,0.3816972,
1,14,41.115,0.220864,1.229856,-0.6917413,0.5546741,-0.6119752,0.4148858,0.3816972,
1,14,41.117,0.220864,1.229856,-0.6917413,0.5546741,-0.6119752,0.4148858,0.3816972,
1,14,41.119,0.2215807,1.230435,-0.6913025,0.5556359,-0.6128471,0.4130034,0.3809403,
1,14,41.121,0.2215807,1.230435,-0.6913025,0.5556359,-0.6128471,0.4130034,0.3809403,
1,14,41.123,0.2215807,1.230435,-0.6913025,0.5556359,-0.6128471,0.4130034,0.3809403,
1,14,41.125,0.2215807,1.230435,-0.6913025,0.5556359,-0.6128471,0.4130034,0.3809403,
1,14,41.127,0.2221976,1.230401,-0.6907928,0.5562416,-0.61388,0.4105437,0.3810519,
1,14,41.129,0.2221976,1.230401,-0.6907928,0.5562416,-0.61388,0.4105437,0.3810519,
1,14,41.131,0.2221976,1.230401,-0.6907928,0.5562416,-0.61388,0.4105437,0.3810519,
1,14,41.133,0.2221976,1.230401,-0.6907928,0.5562416,-0.61388,0.4105437,0.3810519,
1,14,41.135,0.2227876,1.230754,-0.6901603,0.5567717,-0.614509,0.4079636,0.3820336,
1,14,41.137,0.2227876,1.230754,-0.6901603,0.5567717,-0.614509,0.4079636,0.3820336,
1,14,41.139,0.2227876,1.230754,-0.6901603,0.5567717,-0.614509,0.4079636,0.3820336,
1,14,41.141,0.2227876,1.230754,-0.6901603,0.5567717,-0.614509,0.4079636,0.3820336,
1,14,41.143,0.2232062,1.231101,-0.6893446,0.5570676,-0.6149585,0.4051172,0.3839035,
1,14,41.145,0.2232062,1.231101,-0.6893446,0.5570676,-0.6149585,0.4051172,0.3839035,
1,14,41.147,0.2232062,1.231101,-0.6893446,0.5570676,-0.6149585,0.4051172,0.3839035,
1,14,41.149,0.2232062,1.231101,-0.6893446,0.5570676,-0.6149585,0.4051172,0.3839035,
1,14,41.151,0.2235955,1.231117,-0.6881919,0.5571256,-0.6154566,0.4016769,0.3866264,
1,14,41.153,0.2235955,1.231117,-0.6881919,0.5571256,-0.6154566,0.4016769,0.3866264,
1,14,41.155,0.2235955,1.231117,-0.6881919,0.5571256,-0.6154566,0.4016769,0.3866264,
1,14,41.157,0.2235955,1.231117,-0.6881919,0.5571256,-0.6154566,0.4016769,0.3866264,
1,14,41.159,0.2239243,1.231119,-0.6869509,0.5573034,-0.6156955,0.3977668,0.3900174,
1,14,41.161,0.2239243,1.231119,-0.6869509,0.5573034,-0.6156955,0.3977668,0.3900174,
1,14,41.163,0.2239243,1.231119,-0.6869509,0.5573034,-0.6156955,0.3977668,0.3900174,
1,14,41.165,0.2239243,1.231119,-0.6869509,0.5573034,-0.6156955,0.3977668,0.3900174,
1,14,41.167,0.2239243,1.231119,-0.6869509,0.5573034,-0.6156955,0.3977668,0.3900174,
1,14,41.169,0.2242751,1.230887,-0.6855493,0.5576207,-0.6157835,0.3929389,0.3942957,
1,14,41.171,0.2242751,1.230887,-0.6855493,0.5576207,-0.6157835,0.3929389,0.3942957,
1,14,41.173,0.2242751,1.230887,-0.6855493,0.5576207,-0.6157835,0.3929389,0.3942957,
1,14,41.175,0.2242751,1.230887,-0.6855493,0.5576207,-0.6157835,0.3929389,0.3942957,
1,14,41.177,0.2246749,1.230838,-0.6839035,0.5579671,-0.6151377,0.3879704,0.3996966,
1,14,41.179,0.2246749,1.230838,-0.6839035,0.5579671,-0.6151377,0.3879704,0.3996966,
1,14,41.181,0.2246749,1.230838,-0.6839035,0.5579671,-0.6151377,0.3879704,0.3996966,
1,14,41.183,0.2246749,1.230838,-0.6839035,0.5579671,-0.6151377,0.3879704,0.3996966,
1,14,41.185,0.2251069,1.229714,-0.6833124,0.558691,-0.6143449,0.3810859,0.4064704,
1,14,41.187,0.2251069,1.229714,-0.6833124,0.558691,-0.6143449,0.3810859,0.4064704,
1,14,41.189,0.2251069,1.229714,-0.6833124,0.558691,-0.6143449,0.3810859,0.4064704,
1,14,41.191,0.2251069,1.229714,-0.6833124,0.558691,-0.6143449,0.3810859,0.4064704,
1,14,41.193,0.2255804,1.228784,-0.6822731,0.5598643,-0.6132632,0.3735639,0.4134129,
1,14,41.195,0.2255804,1.228784,-0.6822731,0.5598643,-0.6132632,0.3735639,0.4134129,
1,14,41.197,0.2255804,1.228784,-0.6822731,0.5598643,-0.6132632,0.3735639,0.4134129,
1,14,41.199,0.2255804,1.228784,-0.6822731,0.5598643,-0.6132632,0.3735639,0.4134129,
1,14,41.201,0.2260275,1.228141,-0.6813049,0.5615129,-0.6114823,0.3655454,0.4209148,
1,14,41.203,0.2260275,1.228141,-0.6813049,0.5615129,-0.6114823,0.3655454,0.4209148,
1,14,41.205,0.2260275,1.228141,-0.6813049,0.5615129,-0.6114823,0.3655454,0.4209148,
1,14,41.207,0.2260275,1.228141,-0.6813049,0.5615129,-0.6114823,0.3655454,0.4209148,
1,14,41.209,0.2265399,1.227756,-0.6796344,0.5634673,-0.6094636,0.3570937,0.4284191,
1,14,41.211,0.2265399,1.227756,-0.6796344,0.5634673,-0.6094636,0.3570937,0.4284191,
1,14,41.213,0.2265399,1.227756,-0.6796344,0.5634673,-0.6094636,0.3570937,0.4284191,
1,14,41.215,0.2265399,1.227756,-0.6796344,0.5634673,-0.6094636,0.3570937,0.4284191,
1,14,41.217,0.2265399,1.227756,-0.6796344,0.5634673,-0.6094636,0.3570937,0.4284191,
1,14,41.219,0.2270708,1.22698,-0.6782165,0.5656738,-0.6069903,0.3475487,0.4367904,
1,14,41.221,0.2270708,1.22698,-0.6782165,0.5656738,-0.6069903,0.3475487,0.4367904,
1,14,41.223,0.2270708,1.22698,-0.6782165,0.5656738,-0.6069903,0.3475487,0.4367904,
1,14,41.225,0.2270708,1.22698,-0.6782165,0.5656738,-0.6069903,0.3475487,0.4367904,
1,14,41.227,0.227762,1.226417,-0.6765549,0.5678202,-0.6033632,0.3381584,0.4462982,
1,14,41.229,0.227762,1.226417,-0.6765549,0.5678202,-0.6033632,0.3381584,0.4462982,
1,14,41.231,0.227762,1.226417,-0.6765549,0.5678202,-0.6033632,0.3381584,0.4462982,
1,14,41.233,0.227762,1.226417,-0.6765549,0.5678202,-0.6033632,0.3381584,0.4462982,
1,14,41.235,0.2286032,1.225483,-0.6752726,0.5699162,-0.5987051,0.3283066,0.4571243,
1,14,41.237,0.2286032,1.225483,-0.6752726,0.5699162,-0.5987051,0.3283066,0.4571243,
1,14,41.239,0.2286032,1.225483,-0.6752726,0.5699162,-0.5987051,0.3283066,0.4571243,
1,14,41.241,0.2286032,1.225483,-0.6752726,0.5699162,-0.5987051,0.3283066,0.4571243,
1,14,41.243,0.2292039,1.224181,-0.6744501,0.5720418,-0.5931945,0.3176117,0.4690537,
1,14,41.245,0.2292039,1.224181,-0.6744501,0.5720418,-0.5931945,0.3176117,0.4690537,
1,14,41.247,0.2292039,1.224181,-0.6744501,0.5720418,-0.5931945,0.3176117,0.4690537,
1,14,41.249,0.2292039,1.224181,-0.6744501,0.5720418,-0.5931945,0.3176117,0.4690537,
1,14,41.251,0.2300028,1.222654,-0.6736112,0.5741554,-0.5870756,0.3065355,0.481377,
1,14,41.253,0.2300028,1.222654,-0.6736112,0.5741554,-0.5870756,0.3065355,0.481377,
1,14,41.255,0.2300028,1.222654,-0.6736112,0.5741554,-0.5870756,0.3065355,0.481377,
1,14,41.257,0.2300028,1.222654,-0.6736112,0.5741554,-0.5870756,0.3065355,0.481377,
1,14,41.259,0.2308697,1.221313,-0.6729691,0.5765182,-0.5799958,0.2951956,0.494056,
1,14,41.261,0.2308697,1.221313,-0.6729691,0.5765182,-0.5799958,0.2951956,0.494056,
1,14,41.263,0.2308697,1.221313,-0.6729691,0.5765182,-0.5799958,0.2951956,0.494056,
1,14,41.265,0.2308697,1.221313,-0.6729691,0.5765182,-0.5799958,0.2951956,0.494056,
1,14,41.267,0.2308697,1.221313,-0.6729691,0.5765182,-0.5799958,0.2951956,0.494056,
1,14,41.269,0.2316863,1.219554,-0.6727565,0.5790162,-0.5725907,0.2830226,0.5067329,
1,14,41.271,0.2316863,1.219554,-0.6727565,0.5790162,-0.5725907,0.2830226,0.5067329,
1,14,41.273,0.2316863,1.219554,-0.6727565,0.5790162,-0.5725907,0.2830226,0.5067329,
1,14,41.275,0.2316863,1.219554,-0.6727565,0.5790162,-0.5725907,0.2830226,0.5067329,
1,14,41.277,0.2322287,1.217019,-0.6730076,0.5814887,-0.5653248,0.2696949,0.5191756,
1,14,41.279,0.2322287,1.217019,-0.6730076,0.5814887,-0.5653248,0.2696949,0.5191756,
1,14,41.281,0.2322287,1.217019,-0.6730076,0.5814887,-0.5653248,0.2696949,0.5191756,
1,14,41.283,0.2322287,1.217019,-0.6730076,0.5814887,-0.5653248,0.2696949,0.5191756,
1,14,41.285,0.2327478,1.21469,-0.673351,0.5844502,-0.5583676,0.2556861,0.5303473,
1,14,41.287,0.2327478,1.21469,-0.673351,0.5844502,-0.5583676,0.2556861,0.5303473,
1,14,41.289,0.2327478,1.21469,-0.673351,0.5844502,-0.5583676,0.2556861,0.5303473,
1,14,41.291,0.2327478,1.21469,-0.673351,0.5844502,-0.5583676,0.2556861,0.5303473,
1,14,41.293,0.2329083,1.212337,-0.6738096,0.5876798,-0.5520905,0.240946,0.5401607,
1,14,41.295,0.2329083,1.212337,-0.6738096,0.5876798,-0.5520905,0.240946,0.5401607,
1,14,41.297,0.2329083,1.212337,-0.6738096,0.5876798,-0.5520905,0.240946,0.5401607,
1,14,41.299,0.2329083,1.212337,-0.6738096,0.5876798,-0.5520905,0.240946,0.5401607,
1,14,41.301,0.2325628,1.210563,-0.674724,0.5915949,-0.5460743,0.2257735,0.5484933,
1,14,41.303,0.2325628,1.210563,-0.674724,0.5915949,-0.5460743,0.2257735,0.5484933,
1,14,41.305,0.2325628,1.210563,-0.674724,0.5915949,-0.5460743,0.2257735,0.5484933,
1,14,41.307,0.2325628,1.210563,-0.674724,0.5915949,-0.5460743,0.2257735,0.5484933,
1,14,41.309,0.2318848,1.208834,-0.6753047,0.5956344,-0.5411521,0.2105201,0.5550274,
1,14,41.311,0.2318848,1.208834,-0.6753047,0.5956344,-0.5411521,0.2105201,0.5550274,
1,14,41.313,0.2318848,1.208834,-0.6753047,0.5956344,-0.5411521,0.2105201,0.5550274,
1,14,41.315,0.2318848,1.208834,-0.6753047,0.5956344,-0.5411521,0.2105201,0.5550274,
1,14,41.317,0.2318848,1.208834,-0.6753047,0.5956344,-0.5411521,0.2105201,0.5550274,
1,14,41.319,0.2309919,1.207487,-0.6756549,0.6002628,-0.5378367,0.1949193,0.5589478,
1,14,41.321,0.2309919,1.207487,-0.6756549,0.6002628,-0.5378367,0.1949193,0.5589478,
1,14,41.323,0.2309919,1.207487,-0.6756549,0.6002628,-0.5378367,0.1949193,0.5589478,
1,14,41.325,0.2309919,1.207487,-0.6756549,0.6002628,-0.5378367,0.1949193,0.5589478,
1,14,41.327,0.2301674,1.206441,-0.675427,0.6049442,-0.5359594,0.1800077,0.5607026,
1,14,41.329,0.2301674,1.206441,-0.675427,0.6049442,-0.5359594,0.1800077,0.5607026,
1,14,41.331,0.2301674,1.206441,-0.675427,0.6049442,-0.5359594,0.1800077,0.5607026,
1,14,41.333,0.2301674,1.206441,-0.675427,0.6049442,-0.5359594,0.1800077,0.5607026,
1,14,41.335,0.2292083,1.206152,-0.6752458,0.6097274,-0.5341911,0.166797,0.5612942,
1,14,41.337,0.2292083,1.206152,-0.6752458,0.6097274,-0.5341911,0.166797,0.5612942,
1,14,41.339,0.2292083,1.206152,-0.6752458,0.6097274,-0.5341911,0.166797,0.5612942,
1,14,41.341,0.2292083,1.206152,-0.6752458,0.6097274,-0.5341911,0.166797,0.5612942,
1,14,41.343,0.2282078,1.206136,-0.6748126,0.6141304,-0.5323602,0.1555394,0.5614659,
1,14,41.345,0.2282078,1.206136,-0.6748126,0.6141304,-0.5323602,0.1555394,0.5614659,
1,14,41.347,0.2282078,1.206136,-0.6748126,0.6141304,-0.5323602,0.1555394,0.5614659,
1,14,41.349,0.2282078,1.206136,-0.6748126,0.6141304,-0.5323602,0.1555394,0.5614659,
1,14,41.351,0.2273053,1.20648,-0.6741536,0.6181855,-0.5298938,0.1470135,0.5616461,
1,14,41.353,0.2273053,1.20648,-0.6741536,0.6181855,-0.5298938,0.1470135,0.5616461,
1,14,41.355,0.2273053,1.20648,-0.6741536,0.6181855,-0.5298938,0.1470135,0.5616461,
1,14,41.357,0.2273053,1.20648,-0.6741536,0.6181855,-0.5298938,0.1470135,0.5616461,
1,14,41.359,0.2264587,1.207221,-0.6733462,0.621864,-0.526493,0.1412362,0.5622658,
1,14,41.361,0.2264587,1.207221,-0.6733462,0.621864,-0.526493,0.1412362,0.5622658,
1,14,41.363,0.2264587,1.207221,-0.6733462,0.621864,-0.526493,0.1412362,0.5622658,
1,14,41.365,0.2264587,1.207221,-0.6733462,0.621864,-0.526493,0.1412362,0.5622658,
1,14,41.367,0.2264587,1.207221,-0.6733462,0.621864,-0.526493,0.1412362,0.5622658,
1,14,41.369,0.2258589,1.207903,-0.6723372,0.6250451,-0.5229696,0.1375586,0.562938,
1,14,41.371,0.2258589,1.207903,-0.6723372,0.6250451,-0.5229696,0.1375586,0.562938,
1,14,41.373,0.2258589,1.207903,-0.6723372,0.6250451,-0.5229696,0.1375586,0.562938,
1,14,41.375,0.2258589,1.207903,-0.6723372,0.6250451,-0.5229696,0.1375586,0.562938,
1,14,41.377,0.2253716,1.208912,-0.6711295,0.6280098,-0.5190834,0.135862,0.5636468,
1,14,41.379,0.2253716,1.208912,-0.6711295,0.6280098,-0.5190834,0.135862,0.5636468,
1,14,41.381,0.2253716,1.208912,-0.6711295,0.6280098,-0.5190834,0.135862,0.5636468,
1,14,41.383,0.2253716,1.208912,-0.6711295,0.6280098,-0.5190834,0.135862,0.5636468,
1,14,41.385,0.2250139,1.209909,-0.6698716,0.630692,-0.5155882,0.135172,0.5640258,
1,14,41.387,0.2250139,1.209909,-0.6698716,0.630692,-0.5155882,0.135172,0.5640258,
1,14,41.389,0.2250139,1.209909,-0.6698716,0.630692,-0.5155882,0.135172,0.5640258,
1,14,41.391,0.2250139,1.209909,-0.6698716,0.630692,-0.5155882,0.135172,0.5640258,
1,14,41.393,0.2249225,1.210989,-0.6687635,0.6333343,-0.5125669,0.1349331,0.5638758,
1,14,41.395,0.2249225,1.210989,-0.6687635,0.6333343,-0.5125669,0.1349331,0.5638758,
1,14,41.397,0.2249225,1.210989,-0.6687635,0.6333343,-0.5125669,0.1349331,0.5638758,
1,14,41.399,0.2249225,1.210989,-0.6687635,0.6333343,-0.5125669,0.1349331,0.5638758,
1,14,41.401,0.224979,1.211949,-0.6678376,0.6358251,-0.5104629,0.1345453,0.5630735,
1,14,41.403,0.224979,1.211949,-0.6678376,0.6358251,-0.5104629,0.1345453,0.5630735,
1,14,41.405,0.224979,1.211949,-0.6678376,0.6358251,-0.5104629,0.1345453,0.5630735,
1,14,41.407,0.224979,1.211949,-0.6678376,0.6358251,-0.5104629,0.1345453,0.5630735,
1,14,41.409,0.2249882,1.212726,-0.6672682,0.6382222,-0.5090446,0.1337224,0.5618402,
1,14,41.411,0.2249882,1.212726,-0.6672682,0.6382222,-0.5090446,0.1337224,0.5618402,
1,14,41.413,0.2249882,1.212726,-0.6672682,0.6382222,-0.5090446,0.1337224,0.5618402,
1,14,41.415,0.2249882,1.212726,-0.6672682,0.6382222,-0.5090446,0.1337224,0.5618402,
1,14,41.417,0.2249882,1.212726,-0.6672682,0.6382222,-0.5090446,0.1337224,0.5618402,
1,14,41.419,0.2251678,1.213473,-0.6668881,0.6405427,-0.5081716,0.1328343,0.560198,
1,14,41.421,0.2251678,1.213473,-0.6668881,0.6405427,-0.5081716,0.1328343,0.560198,
1,14,41.423,0.2251678,1.213473,-0.6668881,0.6405427,-0.5081716,0.1328343,0.560198,
1,14,41.425,0.2251678,1.213473,-0.6668881,0.6405427,-0.5081716,0.1328343,0.560198,
1,14,41.427,0.2255818,1.214034,-0.6666838,0.6426987,-0.5078297,0.1318045,0.5582786,
1,14,41.429,0.2255818,1.214034,-0.6666838,0.6426987,-0.5078297,0.1318045,0.5582786,
1,14,41.431,0.2255818,1.214034,-0.6666838,0.6426987,-0.5078297,0.1318045,0.5582786,
1,14,41.433,0.2255818,1.214034,-0.6666838,0.6426987,-0.5078297,0.1318045,0.5582786,
1,14,41.435,0.2260632,1.214294,-0.6667165,0.6446169,-0.5077926,0.1307826,0.5563377,
1,14,41.437,0.2260632,1.214294,-0.6667165,0.6446169,-0.5077926,0.1307826,0.5563377,
1,14,41.439,0.2260632,1.214294,-0.6667165,0.6446169,-0.5077926,0.1307826,0.5563377,
1,14,41.441,0.2260632,1.214294,-0.6667165,0.6446169,-0.5077926,0.1307826,0.5563377,
1,14,41.443,0.2267826,1.214374,-0.666839,0.6462749,-0.507887,0.1300819,0.5544892,
1,14,41.445,0.2267826,1.214374,-0.666839,0.6462749,-0.507887,0.1300819,0.5544892,
1,14,41.447,0.2267826,1.214374,-0.666839,0.6462749,-0.507887,0.1300819,0.5544892,
1,14,41.449,0.2267826,1.214374,-0.666839,0.6462749,-0.507887,0.1300819,0.5544892,
1,14,41.451,0.2274831,1.214158,-0.6672539,0.6477144,-0.5079417,0.1296328,0.5528624,
1,14,41.453,0.2274831,1.214158,-0.6672539,0.6477144,-0.5079417,0.1296328,0.5528624,
1,14,41.455,0.2274831,1.214158,-0.6672539,0.6477144,-0.5079417,0.1296328,0.5528624,
1,14,41.457,0.2274831,1.214158,-0.6672539,0.6477144,-0.5079417,0.1296328,0.5528624,
1,14,41.459,0.2282269,1.213879,-0.6678598,0.648939,-0.5078216,0.1296961,0.5515201,
1,14,41.461,0.2282269,1.213879,-0.6678598,0.648939,-0.5078216,0.1296961,0.5515201,
1,14,41.463,0.2282269,1.213879,-0.6678598,0.648939,-0.5078216,0.1296961,0.5515201,
1,14,41.465,0.2282269,1.213879,-0.6678598,0.648939,-0.5078216,0.1296961,0.5515201,
1,14,41.467,0.2282269,1.213879,-0.6678598,0.648939,-0.5078216,0.1296961,0.5515201,
1,14,41.469,0.2290416,1.213127,-0.668511,0.6497364,-0.5080478,0.1299604,0.5503094,
1,14,41.471,0.2290416,1.213127,-0.668511,0.6497364,-0.5080478,0.1299604,0.5503094,
1,14,41.473,0.2290416,1.213127,-0.668511,0.6497364,-0.5080478,0.1299604,0.5503094,
1,14,41.475,0.2290416,1.213127,-0.668511,0.6497364,-0.5080478,0.1299604,0.5503094,
1,14,41.477,0.2299926,1.212327,-0.6689997,0.650378,-0.508371,0.1308212,0.5490475,
1,14,41.479,0.2299926,1.212327,-0.6689997,0.650378,-0.508371,0.1308212,0.5490475,
1,14,41.481,0.2299926,1.212327,-0.6689997,0.650378,-0.508371,0.1308212,0.5490475,
1,14,41.483,0.2299926,1.212327,-0.6689997,0.650378,-0.508371,0.1308212,0.5490475,
1,14,41.485,0.2307804,1.211277,-0.6696243,0.650739,-0.5088029,0.131875,0.5479666,
1,14,41.487,0.2307804,1.211277,-0.6696243,0.650739,-0.5088029,0.131875,0.5479666,
1,14,41.489,0.2307804,1.211277,-0.6696243,0.650739,-0.5088029,0.131875,0.5479666,
1,14,41.491,0.2307804,1.211277,-0.6696243,0.650739,-0.5088029,0.131875,0.5479666,
1,14,41.493,0.2315685,1.210289,-0.6703272,0.6510372,-0.5088007,0.1338204,0.5471423,
1,14,41.495,0.2315685,1.210289,-0.6703272,0.6510372,-0.5088007,0.1338204,0.5471423,
1,14,41.497,0.2315685,1.210289,-0.6703272,0.6510372,-0.5088007,0.1338204,0.5471423,
1,14,41.499,0.2315685,1.210289,-0.6703272,0.6510372,-0.5088007,0.1338204,0.5471423,
1,14,41.501,0.2326722,1.209588,-0.670845,0.6513695,-0.5085943,0.1366281,0.546244,
1,14,41.503,0.2326722,1.209588,-0.670845,0.6513695,-0.5085943,0.1366281,0.546244,
1,14,41.505,0.2326722,1.209588,-0.670845,0.6513695,-0.5085943,0.1366281,0.546244,
1,14,41.507,0.2326722,1.209588,-0.670845,0.6513695,-0.5085943,0.1366281,0.546244,
1,14,41.509,0.2335793,1.208567,-0.6715801,0.6514624,-0.5087226,0.1393006,0.5453379,
1,14,41.511,0.2335793,1.208567,-0.6715801,0.6514624,-0.5087226,0.1393006,0.5453379,
1,14,41.513,0.2335793,1.208567,-0.6715801,0.6514624,-0.5087226,0.1393006,0.5453379,
1,14,41.515,0.2335793,1.208567,-0.6715801,0.6514624,-0.5087226,0.1393006,0.5453379,
1,14,41.517,0.2335793,1.208567,-0.6715801,0.6514624,-0.5087226,0.1393006,0.5453379,
1,14,41.519,0.2345206,1.207706,-0.6721412,0.6514531,-0.5087806,0.1424474,0.5444813,
1,14,41.521,0.2345206,1.207706,-0.6721412,0.6514531,-0.5087806,0.1424474,0.5444813,
1,14,41.523,0.2345206,1.207706,-0.6721412,0.6514531,-0.5087806,0.1424474,0.5444813,
1,14,41.525,0.2345206,1.207706,-0.6721412,0.6514531,-0.5087806,0.1424474,0.5444813,
1,14,41.527,0.2354996,1.207104,-0.6726447,0.6515878,-0.5090213,0.1455906,0.5432624,
1,14,41.529,0.2354996,1.207104,-0.6726447,0.6515878,-0.5090213,0.1455906,0.5432624,
1,14,41.531,0.2354996,1.207104,-0.6726447,0.6515878,-0.5090213,0.1455906,0.5432624,
1,14,41.533,0.2354996,1.207104,-0.6726447,0.6515878,-0.5090213,0.1455906,0.5432624,
1,14,41.535,0.2364069,1.206413,-0.6732154,0.6517179,-0.5097908,0.1484387,0.5416116,
1,14,41.537,0.2364069,1.206413,-0.6732154,0.6517179,-0.5097908,0.1484387,0.5416116,
1,14,41.539,0.2364069,1.206413,-0.6732154,0.6517179,-0.5097908,0.1484387,0.5416116,
1,14,41.541,0.2364069,1.206413,-0.6732154,0.6517179,-0.5097908,0.1484387,0.5416116,
1,14,41.543,0.2372895,1.205927,-0.6737177,0.6519064,-0.510778,0.1511461,0.5397025,
1,14,41.545,0.2372895,1.205927,-0.6737177,0.6519064,-0.510778,0.1511461,0.5397025,
1,14,41.547,0.2372895,1.205927,-0.6737177,0.6519064,-0.510778,0.1511461,0.5397025,
1,14,41.549,0.2372895,1.205927,-0.6737177,0.6519064,-0.510778,0.1511461,0.5397025,
1,14,41.551,0.2381732,1.205558,-0.6740671,0.6520367,-0.5118061,0.1541533,0.5377169,
1,14,41.553,0.2381732,1.205558,-0.6740671,0.6520367,-0.5118061,0.1541533,0.5377169,
1,14,41.555,0.2381732,1.205558,-0.6740671,0.6520367,-0.5118061,0.1541533,0.5377169,
1,14,41.557,0.2381732,1.205558,-0.6740671,0.6520367,-0.5118061,0.1541533,0.5377169,
1,14,41.559,0.2389664,1.205025,-0.6744815,0.6519712,-0.5128081,0.157212,0.5359532,
1,14,41.561,0.2389664,1.205025,-0.6744815,0.6519712,-0.5128081,0.157212,0.5359532,
1,14,41.563,0.2389664,1.205025,-0.6744815,0.6519712,-0.5128081,0.157212,0.5359532,
1,14,41.565,0.2389664,1.205025,-0.6744815,0.6519712,-0.5128081,0.157212,0.5359532,
1,14,41.567,0.2389664,1.205025,-0.6744815,0.6519712,-0.5128081,0.157212,0.5359532,
1,14,41.569,0.2397504,1.20461,-0.6747938,0.6518338,-0.5135481,0.1606058,0.5344034,
1,14,41.571,0.2397504,1.20461,-0.6747938,0.6518338,-0.5135481,0.1606058,0.5344034,
1,14,41.573,0.2397504,1.20461,-0.6747938,0.6518338,-0.5135481,0.1606058,0.5344034,
1,14,41.575,0.2397504,1.20461,-0.6747938,0.6518338,-0.5135481,0.1606058,0.5344034,
1,14,41.577,0.2404415,1.204258,-0.6751968,0.6516786,-0.5140631,0.1641801,0.5330093,
1,14,41.579,0.2404415,1.204258,-0.6751968,0.6516786,-0.5140631,0.1641801,0.5330093,
1,14,41.581,0.2404415,1.204258,-0.6751968,0.6516786,-0.5140631,0.1641801,0.5330093,
1,14,41.583,0.2404415,1.204258,-0.6751968,0.6516786,-0.5140631,0.1641801,0.5330093,
1,14,41.585,0.2412566,1.204054,-0.6754811,0.6514677,-0.5144006,0.1679913,0.5317525,
1,14,41.587,0.2412566,1.204054,-0.6754811,0.6514677,-0.5144006,0.1679913,0.5317525,
1,14,41.589,0.2412566,1.204054,-0.6754811,0.6514677,-0.5144006,0.1679913,0.5317525,
1,14,41.591,0.2412566,1.204054,-0.6754811,0.6514677,-0.5144006,0.1679913,0.5317525,
1,14,41.593,0.2418942,1.203711,-0.6757338,0.6511709,-0.5147743,0.1716217,0.5305939,
1,14,41.595,0.2418942,1.203711,-0.6757338,0.6511709,-0.5147743,0.1716217,0.5305939,
1,14,41.597,0.2418942,1.203711,-0.6757338,0.6511709,-0.5147743,0.1716217,0.5305939,
1,14,41.599,0.2418942,1.203711,-0.6757338,0.6511709,-0.5147743,0.1716217,0.5305939,
1,14,41.601,0.2425323,1.203279,-0.67597,0.6508146,-0.5151466,0.1750529,0.5295479,
1,14,41.603,0.2425323,1.203279,-0.67597,0.6508146,-0.5151466,0.1750529,0.5295479,
1,14,41.605,0.2425323,1.203279,-0.67597,0.6508146,-0.5151466,0.1750529,0.5295479,
1,14,41.607,0.2425323,1.203279,-0.67597,0.6508146,-0.5151466,0.1750529,0.5295479,
1,14,41.609,0.2431155,1.203038,-0.676229,0.6505944,-0.5155355,0.1781307,0.5284123,
1,14,41.611,0.2431155,1.203038,-0.676229,0.6505944,-0.5155355,0.1781307,0.5284123,
1,14,41.613,0.2431155,1.203038,-0.676229,0.6505944,-0.5155355,0.1781307,0.5284123,
1,14,41.615,0.2431155,1.203038,-0.676229,0.6505944,-0.5155355,0.1781307,0.5284123,
1,14,41.617,0.2431155,1.203038,-0.676229,0.6505944,-0.5155355,0.1781307,0.5284123,
1,14,41.619,0.2437714,1.202769,-0.6763492,0.6503971,-0.5160092,0.1810668,0.5271937,
1,14,41.621,0.2437714,1.202769,-0.6763492,0.6503971,-0.5160092,0.1810668,0.5271937,
1,14,41.623,0.2437714,1.202769,-0.6763492,0.6503971,-0.5160092,0.1810668,0.5271937,
1,14,41.625,0.2437714,1.202769,-0.6763492,0.6503971,-0.5160092,0.1810668,0.5271937,
1,14,41.627,0.2443296,1.202494,-0.6766216,0.6502088,-0.5163929,0.1835442,0.5261924,
1,14,41.629,0.2443296,1.202494,-0.6766216,0.6502088,-0.5163929,0.1835442,0.5261924,
1,14,41.631,0.2443296,1.202494,-0.6766216,0.6502088,-0.5163929,0.1835442,0.5261924,
1,14,41.633,0.2443296,1.202494,-0.6766216,0.6502088,-0.5163929,0.1835442,0.5261924,
1,14,41.635,0.2447429,1.202296,-0.6770745,0.6501605,-0.5166022,0.1857481,0.5252725,
1,14,41.637,0.2447429,1.202296,-0.6770745,0.6501605,-0.5166022,0.1857481,0.5252725,
1,14,41.639,0.2447429,1.202296,-0.6770745,0.6501605,-0.5166022,0.1857481,0.5252725,
1,14,41.641,0.2447429,1.202296,-0.6770745,0.6501605,-0.5166022,0.1857481,0.5252725,
1,14,41.643,0.2450957,1.202012,-0.6774868,0.6500872,-0.5169823,0.1873417,0.5244227,
1,14,41.645,0.2450957,1.202012,-0.6774868,0.6500872,-0.5169823,0.1873417,0.5244227,
1,14,41.647,0.2450957,1.202012,-0.6774868,0.6500872,-0.5169823,0.1873417,0.5244227,
1,14,41.649,0.2450957,1.202012,-0.6774868,0.6500872,-0.5169823,0.1873417,0.5244227,
1,14,41.651,0.2454853,1.201843,-0.6777542,0.6501455,-0.5174758,0.1886448,0.5233954,
1,14,41.653,0.2454853,1.201843,-0.6777542,0.6501455,-0.5174758,0.1886448,0.5233954,
1,14,41.655,0.2454853,1.201843,-0.6777542,0.6501455,-0.5174758,0.1886448,0.5233954,
1,14,41.657,0.2454853,1.201843,-0.6777542,0.6501455,-0.5174758,0.1886448,0.5233954,
1,14,41.659,0.2457301,1.20161,-0.6781583,0.6502689,-0.5178265,0.1894737,0.5225953,
1,14,41.661,0.2457301,1.20161,-0.6781583,0.6502689,-0.5178265,0.1894737,0.5225953,
1,14,41.663,0.2457301,1.20161,-0.6781583,0.6502689,-0.5178265,0.1894737,0.5225953,
1,14,41.665,0.2457301,1.20161,-0.6781583,0.6502689,-0.5178265,0.1894737,0.5225953,
1,14,41.667,0.2457301,1.20161,-0.6781583,0.6502689,-0.5178265,0.1894737,0.5225953,
1,14,41.669,0.2458337,1.201205,-0.6785433,0.6504372,-0.5184394,0.1896769,0.5217037,
1,14,41.671,0.2458337,1.201205,-0.6785433,0.6504372,-0.5184394,0.1896769,0.5217037,
1,14,41.673,0.2458337,1.201205,-0.6785433,0.6504372,-0.5184394,0.1896769,0.5217037,
1,14,41.675,0.2458337,1.201205,-0.6785433,0.6504372,-0.5184394,0.1896769,0.5217037,
1,14,41.677,0.2459963,1.20111,-0.6787822,0.6507533,-0.5188292,0.1898438,0.5208606,
1,14,41.679,0.2459963,1.20111,-0.6787822,0.6507533,-0.5188292,0.1898438,0.5208606,
1,14,41.681,0.2459963,1.20111,-0.6787822,0.6507533,-0.5188292,0.1898438,0.5208606,
1,14,41.683,0.2459963,1.20111,-0.6787822,0.6507533,-0.5188292,0.1898438,0.5208606,
1,14,41.685,0.2460917,1.201202,-0.6791216,0.6511598,-0.5189145,0.189919,0.5202401,
1,14,41.687,0.2460917,1.201202,-0.6791216,0.6511598,-0.5189145,0.189919,0.5202401,
1,14,41.689,0.2460917,1.201202,-0.6791216,0.6511598,-0.5189145,0.189919,0.5202401,
1,14,41.691,0.2460917,1.201202,-0.6791216,0.6511598,-0.5189145,0.189919,0.5202401,
1,14,41.693,0.2460873,1.201149,-0.6795061,0.6515613,-0.5191044,0.1895269,0.5196903,
1,14,41.695,0.2460873,1.201149,-0.6795061,0.6515613,-0.5191044,0.1895269,0.5196903,
1,14,41.697,0.2460873,1.201149,-0.6795061,0.6515613,-0.5191044,0.1895269,0.5196903,
1,14,41.699,0.2460873,1.201149,-0.6795061,0.6515613,-0.5191044,0.1895269,0.5196903,
1,14,41.701,0.2460252,1.201187,-0.6798384,0.6520595,-0.5193387,0.1888127,0.5190911,
1,14,41.703,0.2460252,1.201187,-0.6798384,0.6520595,-0.5193387,0.1888127,0.5190911,
1,14,41.705,0.2460252,1.201187,-0.6798384,0.6520595,-0.5193387,0.1888127,0.5190911,
1,14,41.707,0.2460252,1.201187,-0.6798384,0.6520595,-0.5193387,0.1888127,0.5190911,
1,14,41.709,0.2459208,1.201285,-0.6800482,0.6526099,-0.5195879,0.1879265,0.5184712,
1,14,41.711,0.2459208,1.201285,-0.6800482,0.6526099,-0.5195879,0.1879265,0.5184712,
1,14,41.713,0.2459208,1.201285,-0.6800482,0.6526099,-0.5195879,0.1879265,0.5184712,
1,14,41.715,0.2459208,1.201285,-0.6800482,0.6526099,-0.5195879,0.1879265,0.5184712,
1,14,41.717,0.2459208,1.201285,-0.6800482,0.6526099,-0.5195879,0.1879265,0.5184712,
1,14,41.719,0.2458444,1.201471,-0.6801533,0.6531995,-0.5198552,0.1869094,0.5178282,
1,14,41.721,0.2458444,1.201471,-0.6801533,0.6531995,-0.5198552,0.1869094,0.5178282,
1,14,41.723,0.2458444,1.201471,-0.6801533,0.6531995,-0.5198552,0.1869094,0.5178282,
1,14,41.725,0.2458444,1.201471,-0.6801533,0.6531995,-0.5198552,0.1869094,0.5178282,
1,14,41.727,0.2456949,1.201619,-0.6802869,0.6537825,-0.5201845,0.185647,0.5172154,
1,14,41.729,0.2456949,1.201619,-0.6802869,0.6537825,-0.5201845,0.185647,0.5172154,
1,14,41.731,0.2456949,1.201619,-0.6802869,0.6537825,-0.5201845,0.185647,0.5172154,
1,14,41.733,0.2456949,1.201619,-0.6802869,0.6537825,-0.5201845,0.185647,0.5172154,
1,14,41.735,0.2455569,1.201841,-0.6802821,0.6543439,-0.520525,0.1844193,0.5166016,
1,14,41.737,0.2455569,1.201841,-0.6802821,0.6543439,-0.520525,0.1844193,0.5166016,
1,14,41.739,0.2455569,1.201841,-0.6802821,0.6543439,-0.520525,0.1844193,0.5166016,
1,14,41.741,0.2455569,1.201841,-0.6802821,0.6543439,-0.520525,0.1844193,0.5166016,
1,14,41.743,0.2453507,1.201985,-0.6802857,0.654834,-0.5208054,0.1832124,0.5161274,
1,14,41.745,0.2453507,1.201985,-0.6802857,0.654834,-0.5208054,0.1832124,0.5161274,
1,14,41.747,0.2453507,1.201985,-0.6802857,0.654834,-0.5208054,0.1832124,0.5161274,
1,14,41.749,0.2453507,1.201985,-0.6802857,0.654834,-0.5208054,0.1832124,0.5161274,
1,14,41.751,0.2451714,1.202184,-0.6802337,0.6552618,-0.5209154,0.1822122,0.5158275,
1,14,41.753,0.2451714,1.202184,-0.6802337,0.6552618,-0.5209154,0.1822122,0.5158275,
1,14,41.755,0.2451714,1.202184,-0.6802337,0.6552618,-0.5209154,0.1822122,0.5158275,CourtEnter
1,14,41.757,0.2451714,1.202184,-0.6802337,0.6552618,-0.5209154,0.1822122,0.5158275,
1,14,41.759,0.2449874,1.202328,-0.6801437,0.6555735,-0.5209625,0.1813849,0.5156754,
1,14,41.761,0.2449874,1.202328,-0.6801437,0.6555735,-0.5209625,0.1813849,0.5156754,
1,14,41.763,0.2449874,1.202328,-0.6801437,0.6555735,-0.5209625,0.1813849,0.5156754,
1,14,41.765,0.2449874,1.202328,-0.6801437,0.6555735,-0.5209625,0.1813849,0.5156754,
1,14,41.767,0.2449874,1.202328,-0.6801437,0.6555735,-0.5209625,0.1813849,0.5156754,CourtExit
1,14,41.769,0.2448326,1.202392,-0.6799948,0.6557605,-0.520993,0.1806839,0.5156529,
1,14,41.771,0.2448326,1.202392,-0.6799948,0.6557605,-0.520993,0.1806839,0.5156529,
1,14,41.773,0.2448326,1.202392,-0.6799948,0.6557605,-0.520993,0.1806839,0.5156529,
1,14,41.775,0.2448326,1.202392,-0.6799948,0.6557605,-0.520993,0.1806839,0.5156529,
1,14,41.777,0.2447392,1.202432,-0.6797506,0.6558083,-0.5209874,0.1802172,0.5157608,
1,14,41.779,0.2447392,1.202432,-0.6797506,0.6558083,-0.5209874,0.1802172,0.5157608,
1,14,41.781,0.2447392,1.202432,-0.6797506,0.6558083,-0.5209874,0.1802172,0.5157608,
1,14,41.783,0.2447392,1.202432,-0.6797506,0.6558083,-0.5209874,0.1802172,0.5157608,
1,14,41.785,0.2446119,1.202385,-0.6795213,0.6557409,-0.5210092,0.1797523,0.5159868,
1,14,41.787,0.2446119,1.202385,-0.6795213,0.6557409,-0.5210092,0.1797523,0.5159868,
1,14,41.789,0.2446119,1.202385,-0.6795213,0.6557409,-0.5210092,0.1797523,0.5159868,
1,14,41.791,0.2446119,1.202385,-0.6795213,0.6557409,-0.5210092,0.1797523,0.5159868,
1,14,41.793,0.2445211,1.202178,-0.6793114,0.6555054,-0.5212168,0.1792496,0.5162514,
1,14,41.795,0.2445211,1.202178,-0.6793114,0.6555054,-0.5212168,0.1792496,0.5162514,
1,14,41.797,0.2445211,1.202178,-0.6793114,0.6555054,-0.5212168,0.1792496,0.5162514,
1,14,41.799,0.2445211,1.202178,-0.6793114,0.6555054,-0.5212168,0.1792496,0.5162514,
1,14,41.801,0.244402,1.20184,-0.6791309,0.6551195,-0.5215561,0.1787659,0.5165661,
1,14,41.803,0.244402,1.20184,-0.6791309,0.6551195,-0.5215561,0.1787659,0.5165661,
1,14,41.805,0.244402,1.20184,-0.6791309,0.6551195,-0.5215561,0.1787659,0.5165661,
1,14,41.807,0.244402,1.20184,-0.6791309,0.6551195,-0.5215561,0.1787659,0.5165661,
1,14,41.809,0.2442911,1.20147,-0.6790044,0.654644,-0.5218799,0.1784493,0.5169512,
1,14,41.811,0.2442911,1.20147,-0.6790044,0.654644,-0.5218799,0.1784493,0.5169512,
1,14,41.813,0.2442911,1.20147,-0.6790044,0.654644,-0.5218799,0.1784493,0.5169512,
1,14,41.815,0.2442911,1.20147,-0.6790044,0.654644,-0.5218799,0.1784493,0.5169512,
1,14,41.817,0.2442911,1.20147,-0.6790044,0.654644,-0.5218799,0.1784493,0.5169512,
1,14,41.819,0.244242,1.201089,-0.6787363,0.6539831,-0.5221149,0.1786425,0.5174835,
1,14,41.821,0.244242,1.201089,-0.6787363,0.6539831,-0.5221149,0.1786425,0.5174835,
1,14,41.823,0.244242,1.201089,-0.6787363,0.6539831,-0.5221149,0.1786425,0.5174835,
1,14,41.825,0.244242,1.201089,-0.6787363,0.6539831,-0.5221149,0.1786425,0.5174835,
1,14,41.827,0.2442784,1.200717,-0.6783284,0.6531262,-0.5221643,0.1794119,0.5182489,
1,14,41.829,0.2442784,1.200717,-0.6783284,0.6531262,-0.5221643,0.1794119,0.5182489,
1,14,41.831,0.2442784,1.200717,-0.6783284,0.6531262,-0.5221643,0.1794119,0.5182489,
1,14,41.833,0.2442784,1.200717,-0.6783284,0.6531262,-0.5221643,0.1794119,0.5182489,
1,14,41.835,0.2442808,1.200063,-0.6777993,0.6515797,-0.5220571,0.1811219,0.5197067,
1,14,41.837,0.2442808,1.200063,-0.6777993,0.6515797,-0.5220571,0.1811219,0.5197067,
1,14,41.839,0.2442808,1.200063,-0.6777993,0.6515797,-0.5220571,0.1811219,0.5197067,
1,14,41.841,0.2442808,1.200063,-0.6777993,0.6515797,-0.5220571,0.1811219,0.5197067,
1,14,41.843,0.2442951,1.199545,-0.6774662,0.6504205,-0.5219287,0.1825592,0.5207838,
1,14,41.845,0.2442951,1.199545,-0.6774662,0.6504205,-0.5219287,0.1825592,0.5207838,
1,14,41.847,0.2442951,1.199545,-0.6774662,0.6504205,-0.5219287,0.1825592,0.5207838,
1,14,41.849,0.2442951,1.199545,-0.6774662,0.6504205,-0.5219287,0.1825592,0.5207838,
1,14,41.851,0.2443094,1.199008,-0.6770791,0.6491985,-0.5217754,0.1842191,0.5218765,
1,14,41.853,0.2443094,1.199008,-0.6770791,0.6491985,-0.5217754,0.1842191,0.5218765,
1,14,41.855,0.2443094,1.199008,-0.6770791,0.6491985,-0.5217754,0.1842191,0.5218765,
1,14,41.857,0.2443094,1.199008,-0.6770791,0.6491985,-0.5217754,0.1842191,0.5218765,
1,14,41.859,0.2443156,1.198449,-0.6767016,0.6480286,-0.5217037,0.1858293,0.5228305,
1,14,41.861,0.2443156,1.198449,-0.6767016,0.6480286,-0.5217037,0.1858293,0.5228305,
1,14,41.863,0.2443156,1.198449,-0.6767016,0.6480286,-0.5217037,0.1858293,0.5228305,
1,14,41.865,0.2443156,1.198449,-0.6767016,0.6480286,-0.5217037,0.1858293,0.5228305,
1,14,41.867,0.2443156,1.198449,-0.6767016,0.6480286,-0.5217037,0.1858293,0.5228305,
1,14,41.869,0.2442624,1.197849,-0.6763896,0.6469651,-0.5217385,0.1872512,0.5236049,
1,14,41.871,0.2442624,1.197849,-0.6763896,0.6469651,-0.5217385,0.1872512,0.5236049,
1,14,41.873,0.2442624,1.197849,-0.6763896,0.6469651,-0.5217385,0.1872512,0.5236049,
1,14,41.875,0.2442624,1.197849,-0.6763896,0.6469651,-0.5217385,0.1872512,0.5236049,
1,14,41.877,0.2442717,1.197349,-0.6760844,0.6460315,-0.5219105,0.1886757,0.5240747,
1,14,41.879,0.2442717,1.197349,-0.6760844,0.6460315,-0.5219105,0.1886757,0.5240747,
1,14,41.881,0.2442717,1.197349,-0.6760844,0.6460315,-0.5219105,0.1886757,0.5240747,
1,14,41.883,0.2442717,1.197349,-0.6760844,0.6460315,-0.5219105,0.1886757,0.5240747,
1,14,41.885,0.2442993,1.196899,-0.6757734,0.6452047,-0.5220112,0.1901345,0.5244655,
1,14,41.887,0.2442993,1.196899,-0.6757734,0.6452047,-0.5220112,0.1901345,0.5244655,
1,14,41.889,0.2442993,1.196899,-0.6757734,0.6452047,-0.5220112,0.1901345,0.5244655,
1,14,41.891,0.2442993,1.196899,-0.6757734,0.6452047,-0.5220112,0.1901345,0.5244655,
1,14,41.893,0.244322,1.196556,-0.6755086,0.6445332,-0.5220736,0.1914637,0.5247455,
1,14,41.895,0.244322,1.196556,-0.6755086,0.6445332,-0.5220736,0.1914637,0.5247455,
1,14,41.897,0.244322,1.196556,-0.6755086,0.6445332,-0.5220736,0.1914637,0.5247455,
1,14,41.899,0.244322,1.196556,-0.6755086,0.6445332,-0.5220736,0.1914637,0.5247455,
1,14,41.901,0.2443475,1.196389,-0.675348,0.644061,-0.5220176,0.1927711,0.5249023,
1,14,41.903,0.2443475,1.196389,-0.675348,0.644061,-0.5220176,0.1927711,0.5249023,
1,14,41.905,0.2443475,1.196389,-0.675348,0.644061,-0.5220176,0.1927711,0.5249023,
1,14,41.907,0.2443475,1.196389,-0.675348,0.644061,-0.5220176,0.1927711,0.5249023,
1,14,41.909,0.2443021,1.1962,-0.675289,0.6435506,-0.5218858,0.194496,0.525023,
1,14,41.911,0.2443021,1.1962,-0.675289,0.6435506,-0.5218858,0.194496,0.525023,
1,14,41.913,0.2443021,1.1962,-0.675289,0.6435506,-0.5218858,0.194496,0.525023,
1,14,41.915,0.2443021,1.1962,-0.675289,0.6435506,-0.5218858,0.194496,0.525023,
1,14,41.917,0.2443021,1.1962,-0.675289,0.6435506,-0.5218858,0.194496,0.525023,
1,14,41.919,0.2442559,1.196079,-0.6753649,0.6433758,-0.5220069,0.1952181,0.5248488,
1,14,41.921,0.2442559,1.196079,-0.6753649,0.6433758,-0.5220069,0.1952181,0.5248488,
1,14,41.923,0.2442559,1.196079,-0.6753649,0.6433758,-0.5220069,0.1952181,0.5248488,
1,14,41.925,0.2442559,1.196079,-0.6753649,0.6433758,-0.5220069,0.1952181,0.5248488,
1,14,41.927,0.2441763,1.195965,-0.6754458,0.6433015,-0.5224254,0.1955906,0.5243846,
1,14,41.929,0.2441763,1.195965,-0.6754458,0.6433015,-0.5224254,0.1955906,0.5243846,
1,14,41.931,0.2441763,1.195965,-0.6754458,0.6433015,-0.5224254,0.1955906,0.5243846,
1,14,41.933,0.2441763,1.195965,-0.6754458,0.6433015,-0.5224254,0.1955906,0.5243846,
1,14,41.935,0.2441901,1.19603,-0.6754524,0.6433808,-0.5229287,0.1959665,0.5236449,
1,14,41.937,0.2441901,1.19603,-0.6754524,0.6433808,-0.5229287,0.1959665,0.5236449,
1,14,41.939,0.2441901,1.19603,-0.6754524,0.6433808,-0.5229287,0.1959665,0.5236449,
1,14,41.941,0.2441901,1.19603,-0.6754524,0.6433808,-0.5229287,0.1959665,0.5236449,
1,14,41.943,0.2442218,1.196196,-0.6753634,0.6434988,-0.5234433,0.1963599,0.5228376,
1,14,41.945,0.2442218,1.196196,-0.6753634,0.6434988,-0.5234433,0.1963599,0.5228376,
1,14,41.947,0.2442218,1.196196,-0.6753634,0.6434988,-0.5234433,0.1963599,0.5228376,
1,14,41.949,0.2442218,1.196196,-0.6753634,0.6434988,-0.5234433,0.1963599,0.5228376,
1,14,41.951,0.2442042,1.196407,-0.6753194,0.6436157,-0.5239317,0.1967057,0.522074,
1,14,41.953,0.2442042,1.196407,-0.6753194,0.6436157,-0.5239317,0.1967057,0.522074,
1,14,41.955,0.2442042,1.196407,-0.6753194,0.6436157,-0.5239317,0.1967057,0.522074,
1,14,41.957,0.2442042,1.196407,-0.6753194,0.6436157,-0.5239317,0.1967057,0.522074,
1,14,41.959,0.2441713,1.196682,-0.6753643,0.6436638,-0.5242738,0.197185,0.5214903,
1,14,41.961,0.2441713,1.196682,-0.6753643,0.6436638,-0.5242738,0.197185,0.5214903,
1,14,41.963,0.2441713,1.196682,-0.6753643,0.6436638,-0.5242738,0.197185,0.5214903,
1,14,41.965,0.2441713,1.196682,-0.6753643,0.6436638,-0.5242738,0.197185,0.5214903,
1,14,41.967,0.2441713,1.196682,-0.6753643,0.6436638,-0.5242738,0.197185,0.5214903,
1,14,41.969,0.2440114,1.196779,-0.6754946,0.6435652,-0.5245996,0.1975741,0.5211368,
1,14,41.971,0.2440114,1.196779,-0.6754946,0.6435652,-0.5245996,0.1975741,0.5211368,
1,14,41.973,0.2440114,1.196779,-0.6754946,0.6435652,-0.5245996,0.1975741,0.5211368,
1,14,41.975,0.2440114,1.196779,-0.6754946,0.6435652,-0.5245996,0.1975741,0.5211368,
1,14,41.977,0.2437946,1.196837,-0.6757928,0.6433924,-0.5247855,0.1979535,0.5210192,
1,14,41.979,0.2437946,1.196837,-0.6757928,0.6433924,-0.5247855,0.1979535,0.5210192,
1,14,41.981,0.2437946,1.196837,-0.6757928,0.6433924,-0.5247855,0.1979535,0.5210192,
1,14,41.983,0.2437946,1.196837,-0.6757928,0.6433924,-0.5247855,0.1979535,0.5210192,
1,14,41.985,0.2435768,1.196797,-0.6759822,0.6428398,-0.5251612,0.1988286,0.5209894,
1,14,41.987,0.2435768,1.196797,-0.6759822,0.6428398,-0.5251612,0.1988286,0.5209894,
1,14,41.989,0.2435768,1.196797,-0.6759822,0.6428398,-0.5251612,0.1988286,0.5209894,
1,14,41.991,0.2435768,1.196797,-0.6759822,0.6428398,-0.5251612,0.1988286,0.5209894,
1,14,41.993,0.2435391,1.196879,-0.6759977,0.6425061,-0.5253251,0.1994805,0.5209865,
1,14,41.995,0.2435391,1.196879,-0.6759977,0.6425061,-0.5253251,0.1994805,0.5209865,
1,14,41.997,0.2435391,1.196879,-0.6759977,0.6425061,-0.5253251,0.1994805,0.5209865,
1,14,41.999,0.2435391,1.196879,-0.6759977,0.6425061,-0.5253251,0.1994805,0.5209865,
1,15,42.001,0.2434759,1.196714,-0.6760045,0.642042,-0.5257456,0.1998147,0.5210065,CourtExit
1,15,42.003,0.2434759,1.196714,-0.6760045,0.642042,-0.5257456,0.1998147,0.5210065,
1,15,42.005,0.2434759,1.196714,-0.6760045,0.642042,-0.5257456,0.1998147,0.5210065,
1,15,42.007,0.2434759,1.196714,-0.6760045,0.642042,-0.5257456,0.1998147,0.5210065,
1,15,42.009,0.2435306,1.196712,-0.6759595,0.6414976,-0.5260386,0.2003247,0.5211856,
1,15,42.011,0.2435306,1.196712,-0.6759595,0.6414976,-0.5260386,0.2003247,0.5211856,
1,15,42.013,0.2435306,1.196712,-0.6759595,0.6414976,-0.5260386,0.2003247,0.5211856,
1,15,42.015,0.2435306,1.196712,-0.6759595,0.6414976,-0.5260386,0.2003247,0.5211856,
1,15,42.017,0.2435306,1.196712,-0.6759595,0.6414976,-0.5260386,0.2003247,0.5211856,
1,15,42.019,0.2434914,1.19667,-0.6760746,0.6409566,-0.5262493,0.2006405,0.5215167,
1,15,42.021,0.2434914,1.19667,-0.6760746,0.6409566,-0.5262493,0.2006405,0.5215167,
1,15,42.023,0.2434914,1.19667,-0.6760746,0.6409566,-0.5262493,0.2006405,0.5215167,
1,15,42.025,0.2434914,1.19667,-0.6760746,0.6409566,-0.5262493,0.2006405,0.5215167,
1,15,42.027,0.2434906,1.196539,-0.6761141,0.6403649,-0.5265737,0.2008894,0.5218203,
1,15,42.029,0.2434906,1.196539,-0.6761141,0.6403649,-0.5265737,0.2008894,0.5218203,
1,15,42.031,0.2434906,1.196539,-0.6761141,0.6403649,-0.5265737,0.2008894,0.5218203,
1,15,42.033,0.2434906,1.196539,-0.6761141,0.6403649,-0.5265737,0.2008894,0.5218203,
1,15,42.035,0.2434535,1.196378,-0.6762058,0.6397707,-0.5269059,0.2010832,0.522139,
1,15,42.037,0.2434535,1.196378,-0.6762058,0.6397707,-0.5269059,0.2010832,0.522139,
1,15,42.039,0.2434535,1.196378,-0.6762058,0.6397707,-0.5269059,0.2010832,0.522139,
1,15,42.041,0.2434535,1.196378,-0.6762058,0.6397707,-0.5269059,0.2010832,0.522139,
1,15,42.043,0.2434477,1.196244,-0.6762418,0.639047,-0.5270057,0.2015528,0.5227432,
1,15,42.045,0.2434477,1.196244,-0.6762418,0.639047,-0.5270057,0.2015528,0.5227432,
1,15,42.047,0.2434477,1.196244,-0.6762418,0.639047,-0.5270057,0.2015528,0.5227432,
1,15,42.049,0.2434477,1.196244,-0.6762418,0.639047,-0.5270057,0.2015528,0.5227432,
1,15,42.051,0.24342,1.19606,-0.6763865,0.6382953,-0.5269276,0.2021066,0.523526,
1,15,42.053,0.24342,1.19606,-0.6763865,0.6382953,-0.5269276,0.2021066,0.523526,
1,15,42.055,0.24342,1.19606,-0.6763865,0.6382953,-0.5269276,0.2021066,0.523526,
1,15,42.057,0.24342,1.19606,-0.6763865,0.6382953,-0.5269276,0.2021066,0.523526,
1,15,42.059,0.2433459,1.195924,-0.6765115,0.6372538,-0.5267488,0.2029761,0.524637,
1,15,42.061,0.2433459,1.195924,-0.6765115,0.6372538,-0.5267488,0.2029761,0.524637,
1,15,42.063,0.2433459,1.195924,-0.6765115,0.6372538,-0.5267488,0.2029761,0.524637,
1,15,42.065,0.2433459,1.195924,-0.6765115,0.6372538,-0.5267488,0.2029761,0.524637,
1,15,42.067,0.2433459,1.195924,-0.6765115,0.6372538,-0.5267488,0.2029761,0.524637,
1,15,42.069,0.2432371,1.195748,-0.6766694,0.6366954,-0.5269002,0.2031748,0.5250859,
1,15,42.071,0.2432371,1.195748,-0.6766694,0.6366954,-0.5269002,0.2031748,0.5250859,
1,15,42.073,0.2432371,1.195748,-0.6766694,0.6366954,-0.5269002,0.2031748,0.5250859,
1,15,42.075,0.2432371,1.195748,-0.6766694,0.6366954,-0.5269002,0.2031748,0.5250859,
1,15,42.077,0.2430607,1.195584,-0.6768928,0.6362529,-0.5271363,0.2031502,0.5253948,
1,15,42.079,0.2430607,1.195584,-0.6768928,0.6362529,-0.5271363,0.2031502,0.5253948,
1,15,42.081,0.2430607,1.195584,-0.6768928,0.6362529,-0.5271363,0.2031502,0.5253948,
1,15,42.083,0.2430607,1.195584,-0.6768928,0.6362529,-0.5271363,0.2031502,0.5253948,
1,15,42.085,0.2428311,1.195378,-0.6771585,0.6359127,-0.5275173,0.2029507,0.5255014,
1,15,42.087,0.2428311,1.195378,-0.6771585,0.6359127,-0.5275173,0.2029507,0.5255014,
1,15,42.089,0.2428311,1.195378,-0.6771585,0.6359127,-0.5275173,0.2029507,0.5255014,
1,15,42.091,0.2428311,1.195378,-0.6771585,0.6359127,-0.5275173,0.2029507,0.5255014,
1,15,42.093,0.2426093,1.195271,-0.6774063,0.6356351,-0.5277413,0.2029067,0.5256293,
1,15,42.095,0.2426093,1.195271,-0.6774063,0.6356351,-0.5277413,0.2029067,0.5256293,
1,15,42.097,0.2426093,1.195271,-0.6774063,0.6356351,-0.5277413,0.2029067,0.5256293,
1,15,42.099,0.2426093,1.195271,-0.6774063,0.6356351,-0.5277413,0.2029067,0.5256293,
1,15,42.101,0.2423855,1.195176,-0.6776291,0.6353743,-0.5278447,0.203031,0.5257926,
1,15,42.103,0.2423855,1.195176,-0.6776291,0.6353743,-0.5278447,0.203031,0.5257926,
1,15,42.105,0.2423855,1.195176,-0.6776291,0.6353743,-0.5278447,0.203031,0.5257926,
1,15,42.107,0.2423855,1.195176,-0.6776291,0.6353743,-0.5278447,0.203031,0.5257926,
1,15,42.109,0.2421513,1.195127,-0.6778669,0.6351855,-0.5278535,0.2032821,0.5259148,
1,15,42.111,0.2421513,1.195127,-0.6778669,0.6351855,-0.5278535,0.2032821,0.5259148,
1,15,42.113,0.2421513,1.195127,-0.6778669,0.6351855,-0.5278535,0.2032821,0.5259148,
1,15,42.115,0.2421513,1.195127,-0.6778669,0.6351855,-0.5278535,0.2032821,0.5259148,
1,15,42.117,0.2421513,1.195127,-0.6778669,0.6351855,-0.5278535,0.2032821,0.5259148,
1,15,42.119,0.2419236,1.19505,-0.6780757,0.6350226,-0.5278894,0.20356,0.5259681,
1,15,42.121,0.2419236,1.19505,-0.6780757,0.6350226,-0.5278894,0.20356,0.5259681,
1,15,42.123,0.2419236,1.19505,-0.6780757,0.6350226,-0.5278894,0.20356,0.5259681,
1,15,42.125,0.2419236,1.19505,-0.6780757,0.6350226,-0.5278894,0.20356,0.5259681,
1,15,42.127,0.2417132,1.194947,-0.6782489,0.6348916,-0.5279704,0.2038851,0.5259191,
1,15,42.129,0.2417132,1.194947,-0.6782489,0.6348916,-0.5279704,0.2038851,0.5259191,
1,15,42.131,0.2417132,1.194947,-0.6782489,0.6348916,-0.5279704,0.2038851,0.5259191,
1,15,42.133,0.2417132,1.194947,-0.6782489,0.6348916,-0.5279704,0.2038851,0.5259191,
1,15,42.135,0.2414437,1.194923,-0.678518,0.6348905,-0.5281515,0.2043003,0.5255772,
1,15,42.137,0.2414437,1.194923,-0.678518,0.6348905,-0.5281515,0.2043003,0.5255772,
1,15,42.139,0.2414437,1.194923,-0.678518,0.6348905,-0.5281515,0.2043003,0.5255772,
1,15,42.141,0.2414437,1.194923,-0.678518,0.6348905,-0.5281515,0.2043003,0.5255772,
1,15,42.143,0.2412473,1.194877,-0.6787401,0.6349642,-0.5283482,0.2044968,0.525214,
1,15,42.145,0.2412473,1.194877,-0.6787401,0.6349642,-0.5283482,0.2044968,0.525214,
1,15,42.147,0.2412473,1.194877,-0.6787401,0.6349642,-0.5283482,0.2044968,0.525214,
1,15,42.149,0.2412473,1.194877,-0.6787401,0.6349642,-0.5283482,0.2044968,0.525214,
1,15,42.151,0.2410915,1.194772,-0.6789602,0.6350608,-0.5285869,0.2046646,0.5247914,
1,15,42.153,0.2410915,1.194772,-0.6789602,0.6350608,-0.5285869,0.2046646,0.5247914,
1,15,42.155,0.2410915,1.194772,-0.6789602,0.6350608,-0.5285869,0.2046646,0.5247914,
1,15,42.157,0.2410915,1.194772,-0.6789602,0.6350608,-0.5285869,0.2046646,0.5247914,
1,15,42.159,0.2409306,1.194691,-0.6792245,0.6351397,-0.5285614,0.2050582,0.5245682,
1,15,42.161,0.2409306,1.194691,-0.6792245,0.6351397,-0.5285614,0.2050582,0.5245682,
1,15,42.163,0.2409306,1.194691,-0.6792245,0.6351397,-0.5285614,0.2050582,0.5245682,
1,15,42.165,0.2409306,1.194691,-0.6792245,0.6351397,-0.5285614,0.2050582,0.5245682,
1,15,42.167,0.2409306,1.194691,-0.6792245,0.6351397,-0.5285614,0.2050582,0.5245682,
1,15,42.169,0.2408296,1.194616,-0.6795099,0.6351862,-0.5284605,0.2055857,0.5244069,
1,15,42.171,0.2408296,1.194616,-0.6795099,0.6351862,-0.5284605,0.2055857,0.5244069,
1,15,42.173,0.2408296,1.194616,-0.6795099,0.6351862,-0.5284605,0.2055857,0.5244069,
1,15,42.175,0.2408296,1.194616,-0.6795099,0.6351862,-0.5284605,0.2055857,0.5244069,
1,15,42.177,0.2407233,1.194458,-0.6798109,0.6351746,-0.5284115,0.2059925,0.5243107,
1,15,42.179,0.2407233,1.194458,-0.6798109,0.6351746,-0.5284115,0.2059925,0.5243107,
1,15,42.181,0.2407233,1.194458,-0.6798109,0.6351746,-0.5284115,0.2059925,0.5243107,
1,15,42.183,0.2407233,1.194458,-0.6798109,0.6351746,-0.5284115,0.2059925,0.5243107,
1,15,42.185,0.2406123,1.19422,-0.680115,0.6350695,-0.5283675,0.2064049,0.5243201,
1,15,42.187,0.2406123,1.19422,-0.680115,0.6350695,-0.5283675,0.2064049,0.5243201,
1,15,42.189,0.2406123,1.19422,-0.680115,0.6350695,-0.5283675,0.2064049,0.5243201,
1,15,42.191,0.2406123,1.19422,-0.680115,0.6350695,-0.5283675,0.2064049,0.5243201,
1,15,42.193,0.2405122,1.194013,-0.6803586,0.6349657,-0.528354,0.2069244,0.5242549,
1,15,42.195,0.2405122,1.194013,-0.6803586,0.6349657,-0.528354,0.2069244,0.5242549,
1,15,42.197,0.2405122,1.194013,-0.6803586,0.6349657,-0.528354,0.2069244,0.5242549,
1,15,42.199,0.2405122,1.194013,-0.6803586,0.6349657,-0.528354,0.2069244,0.5242549,
1,15,42.201,0.2404326,1.193772,-0.6805509,0.6348426,-0.5283824,0.2075047,0.5241459,
1,15,42.203,0.2404326,1.193772,-0.6805509,0.6348426,-0.5283824,0.2075047,0.5241459,
1,15,42.205,0.2404326,1.193772,-0.6805509,0.6348426,-0.5283824,0.2075047,0.5241459,
1,15,42.207,0.2404326,1.193772,-0.6805509,0.6348426,-0.5283824,0.2075047,0.5241459,
1,15,42.209,0.2403187,1.193473,-0.6808723,0.6345546,-0.5281482,0.2086723,0.5242672,
1,15,42.211,0.2403187,1.193473,-0.6808723,0.6345546,-0.5281482,0.2086723,0.5242672,
1,15,42.213,0.2403187,1.193473,-0.6808723,0.6345546,-0.5281482,0.2086723,0.5242672,
1,15,42.215,0.2403187,1.193473,-0.6808723,0.6345546,-0.5281482,0.2086723,0.5242672,
1,15,42.217,0.2403187,1.193473,-0.6808723,0.6345546,-0.5281482,0.2086723,0.5242672,
1,15,42.219,0.2402209,1.193091,-0.6811202,0.6341689,-0.5279915,0.2095377,0.5245464,
1,15,42.221,0.2402209,1.193091,-0.6811202,0.6341689,-0.5279915,0.2095377,0.5245464,
1,15,42.223,0.2402209,1.193091,-0.6811202,0.6341689,-0.5279915,0.2095377,0.5245464,
1,15,42.225,0.2402209,1.193091,-0.6811202,0.6341689,-0.5279915,0.2095377,0.5245464,
1,15,42.227,0.2400963,1.192671,-0.6813521,0.6337988,-0.5279809,0.210204,0.5247375,
1,15,42.229,0.2400963,1.192671,-0.6813521,0.6337988,-0.5279809,0.210204,0.5247375,
1,15,42.231,0.2400963,1.192671,-0.6813521,0.6337988,-0.5279809,0.210204,0.5247375,
1,15,42.233,0.2400963,1.192671,-0.6813521,0.6337988,-0.5279809,0.210204,0.5247375,
1,15,42.235,0.2399642,1.192176,-0.6816102,0.6333957,-0.5280391,0.2107443,0.524949,
1,15,42.237,0.2399642,1.192176,-0.6816102,0.6333957,-0.5280391,0.2107443,0.524949,
1,15,42.239,0.2399642,1.192176,-0.6816102,0.6333957,-0.5280391,0.2107443,0.524949,
1,15,42.241,0.2399642,1.192176,-0.6816102,0.6333957,-0.5280391,0.2107443,0.524949,
1,15,42.243,0.2397629,1.19179,-0.6820517,0.6331227,-0.5279588,0.2111834,0.5251827,
1,15,42.245,0.2397629,1.19179,-0.6820517,0.6331227,-0.5279588,0.2111834,0.5251827,
1,15,42.247,0.2397629,1.19179,-0.6820517,0.6331227,-0.5279588,0.2111834,0.5251827,
1,15,42.249,0.2397629,1.19179,-0.6820517,0.6331227,-0.5279588,0.2111834,0.5251827,
1,15,42.251,0.2395652,1.191562,-0.6824939,0.6329141,-0.5277311,0.2117973,0.5254158,
1,15,42.253,0.2395652,1.191562,-0.6824939,0.6329141,-0.5277311,0.2117973,0.5254158,
1,15,42.255,0.2395652,1.191562,-0.6824939,0.6329141,-0.5277311,0.2117973,0.5254158,
1,15,42.257,0.2395652,1.191562,-0.6824939,0.6329141,-0.5277311,0.2117973,0.5254158,
1,15,42.259,0.2394313,1.19142,-0.6829131,0.6327668,-0.5275007,0.21243,0.525569,
1,15,42.261,0.2394313,1.19142,-0.6829131,0.6327668,-0.5275007,0.21243,0.525569,
1,15,42.263,0.2394313,1.19142,-0.6829131,0.6327668,-0.5275007,0.21243,0.525569,
1,15,42.265,0.2394313,1.19142,-0.6829131,0.6327668,-0.5275007,0.21243,0.525569,
1,15,42.267,0.2394313,1.19142,-0.6829131,0.6327668,-0.5275007,0.21243,0.525569,
1,15,42.269,0.2391895,1.191219,-0.6834121,0.6326492,-0.527431,0.2128159,0.5256245,
1,15,42.271,0.2391895,1.191219,-0.6834121,0.6326492,-0.527431,0.2128159,0.5256245,
1,15,42.273,0.2391895,1.191219,-0.6834121,0.6326492,-0.527431,0.2128159,0.5256245,
1,15,42.275,0.2391895,1.191219,-0.6834121,0.6326492,-0.527431,0.2128159,0.5256245,
1,15,42.277,0.2390669,1.191174,-0.6838021,0.6325655,-0.5273578,0.2132939,0.5256048,
1,15,42.279,0.2390669,1.191174,-0.6838021,0.6325655,-0.5273578,0.2132939,0.5256048,
1,15,42.281,0.2390669,1.191174,-0.6838021,0.6325655,-0.5273578,0.2132939,0.5256048,
1,15,42.283,0.2390669,1.191174,-0.6838021,0.6325655,-0.5273578,0.2132939,0.5256048,
1,15,42.285,0.2387614,1.191105,-0.6844403,0.6325204,-0.5275882,0.213625,0.5252934,
1,15,42.287,0.2387614,1.191105,-0.6844403,0.6325204,-0.5275882,0.213625,0.5252934,
1,15,42.289,0.2387614,1.191105,-0.6844403,0.6325204,-0.5275882,0.213625,0.5252934,
1,15,42.291,0.2387614,1.191105,-0.6844403,0.6325204,-0.5275882,0.213625,0.5252934,
1,15,42.293,0.2384985,1.191048,-0.6848274,0.6324798,-0.5278706,0.2136841,0.5250342,
1,15,42.295,0.2384985,1.191048,-0.6848274,0.6324798,-0.5278706,0.2136841,0.5250342,
1,15,42.297,0.2384985,1.191048,-0.6848274,0.6324798,-0.5278706,0.2136841,0.5250342,
1,15,42.299,0.2384985,1.191048,-0.6848274,0.6324798,-0.5278706,0.2136841,0.5250342,
1,15,42.301,0.2382138,1.19102,-0.6852121,0.6324155,-0.5280706,0.2137956,0.5248655,
1,15,42.303,0.2382138,1.19102,-0.6852121,0.6324155,-0.5280706,0.2137956,0.5248655,
1,15,42.305,0.2382138,1.19102,-0.6852121,0.6324155,-0.5280706,0.2137956,0.5248655,
1,15,42.307,0.2382138,1.19102,-0.6852121,0.6324155,-0.5280706,0.2137956,0.5248655,
1,15,42.309,0.2379252,1.191144,-0.685645,0.6323447,-0.5280271,0.2140927,0.5248734,
1,15,42.311,0.2379252,1.191144,-0.685645,0.6323447,-0.5280271,0.2140927,0.5248734,
1,15,42.313,0.2379252,1.191144,-0.685645,0.6323447,-0.5280271,0.2140927,0.5248734,
1,15,42.315,0.2379252,1.191144,-0.685645,0.6323447,-0.5280271,0.2140927,0.5248734,
1,15,42.317,0.2379252,1.191144,-0.685645,0.6323447,-0.5280271,0.2140927,0.5248734,
1,15,42.319,0.237602,1.191433,-0.686165,0.6323524,-0.5277805,0.2145061,0.5249432,
1,15,42.321,0.237602,1.191433,-0.686165,0.6323524,-0.5277805,0.2145061,0.5249432,
1,15,42.323,0.237602,1.191433,-0.686165,0.6323524,-0.5277805,0.2145061,0.5249432,
1,15,42.325,0.237602,1.191433,-0.686165,0.6323524,-0.5277805,0.2145061,0.5249432,
1,15,42.327,0.2372833,1.191635,-0.6865989,0.6323237,-0.5276598,0.2148283,0.5249674,
1,15,42.329,0.2372833,1.191635,-0.6865989,0.6323237,-0.5276598,0.2148283,0.5249674,
1,15,42.331,0.2372833,1.191635,-0.6865989,0.6323237,-0.5276598,0.2148283,0.5249674,
1,15,42.333,0.2372833,1.191635,-0.6865989,0.6323237,-0.5276598,0.2148283,0.5249674,
1,15,42.335,0.2370134,1.191671,-0.686924,0.6321797,-0.5278055,0.2149528,0.5249434,
1,15,42.337,0.2370134,1.191671,-0.686924,0.6321797,-0.5278055,0.2149528,0.5249434,
1,15,42.339,0.2370134,1.191671,-0.686924,0.6321797,-0.5278055,0.2149528,0.5249434,
1,15,42.341,0.2370134,1.191671,-0.686924,0.6321797,-0.5278055,0.2149528,0.5249434,
1,15,42.343,0.2366793,1.191738,-0.6873515,0.6321822,-0.5279481,0.2147601,0.5248757,
1,15,42.345,0.2366793,1.191738,-0.6873515,0.6321822,-0.5279481,0.2147601,0.5248757,
1,15,42.347,0.2366793,1.191738,-0.6873515,0.6321822,-0.5279481,0.2147601,0.5248757,
1,15,42.349,0.2366793,1.191738,-0.6873515,0.6321822,-0.5279481,0.2147601,0.5248757,
1,15,42.351,0.2363008,1.191951,-0.6878122,0.6323301,-0.5281745,0.2143275,0.5246468,
1,15,42.353,0.2363008,1.191951,-0.6878122,0.6323301,-0.5281745,0.2143275,0.5246468,
1,15,42.355,0.2363008,1.191951,-0.6878122,0.6323301,-0.5281745,0.2143275,0.5246468,
1,15,42.357,0.2363008,1.191951,-0.6878122,0.6323301,-0.5281745,0.2143275,0.5246468,
1,15,42.359,0.2358046,1.192426,-0.6883701,0.6326365,-0.5285069,0.2135451,0.5242615,
1,15,42.361,0.2358046,1.192426,-0.6883701,0.6326365,-0.5285069,0.2135451,0.5242615,
1,15,42.363,0.2358046,1.192426,-0.6883701,0.6326365,-0.5285069,0.2135451,0.5242615,
1,15,42.365,0.2358046,1.192426,-0.6883701,0.6326365,-0.5285069,0.2135451,0.5242615,
1,15,42.367,0.2358046,1.192426,-0.6883701,0.6326365,-0.5285069,0.2135451,0.5242615,
1,15,42.369,0.2355386,1.192713,-0.6887169,0.6327158,-0.528448,0.2132074,0.5243626,
1,15,42.371,0.2355386,1.192713,-0.6887169,0.6327158,-0.528448,0.2132074,0.5243626,
1,15,42.373,0.2355386,1.192713,-0.6887169,0.6327158,-0.528448,0.2132074,0.5243626,
1,15,42.375,0.2355386,1.192713,-0.6887169,0.6327158,-0.528448,0.2132074,0.5243626,
1,15,42.377,0.2353073,1.192887,-0.6890358,0.6326202,-0.5281478,0.2130679,0.5248367,
1,15,42.379,0.2353073,1.192887,-0.6890358,0.6326202,-0.5281478,0.2130679,0.5248367,
1,15,42.381,0.2353073,1.192887,-0.6890358,0.6326202,-0.5281478,0.2130679,0.5248367,
1,15,42.383,0.2353073,1.192887,-0.6890358,0.6326202,-0.5281478,0.2130679,0.5248367,
1,15,42.385,0.2351307,1.193049,-0.6893674,0.6324961,-0.5276992,0.2129671,0.5254784,
1,15,42.387,0.2351307,1.193049,-0.6893674,0.6324961,-0.5276992,0.2129671,0.5254784,
1,15,42.389,0.2351307,1.193049,-0.6893674,0.6324961,-0.5276992,0.2129671,0.5254784,
1,15,42.391,0.2351307,1.193049,-0.6893674,0.6324961,-0.5276992,0.2129671,0.5254784,
1,15,42.393,0.2349944,1.193135,-0.6896668,0.63241,-0.5273646,0.2126632,0.5260403,
1,15,42.395,0.2349944,1.193135,-0.6896668,0.63241,-0.5273646,0.2126632,0.5260403,
1,15,42.397,0.2349944,1.193135,-0.6896668,0.63241,-0.5273646,0.2126632,0.5260403,
1,15,42.399,0.2349944,1.193135,-0.6896668,0.63241,-0.5273646,0.2126632,0.5260403,
1,15,42.401,0.2348023,1.19309,-0.6900747,0.6323813,-0.5271817,0.2120088,0.5265223,
1,15,42.403,0.2348023,1.19309,-0.6900747,0.6323813,-0.5271817,0.2120088,0.5265223,
1,15,42.405,0.2348023,1.19309,-0.6900747,0.6323813,-0.5271817,0.2120088,0.5265223,
1,15,42.407,0.2348023,1.19309,-0.6900747,0.6323813,-0.5271817,0.2120088,0.5265223,
1,15,42.409,0.2346167,1.192939,-0.690495,0.6324471,-0.52733,0.2109875,0.5267049,
1,15,42.411,0.2346167,1.192939,-0.690495,0.6324471,-0.52733,0.2109875,0.5267049,
1,15,42.413,0.2346167,1.192939,-0.690495,0.6324471,-0.52733,0.2109875,0.5267049,
1,15,42.415,0.2346167,1.192939,-0.690495,0.6324471,-0.52733,0.2109875,0.5267049,
1,15,42.417,0.2346167,1.192939,-0.690495,0.6324471,-0.52733,0.2109875,0.5267049,
1,15,42.419,0.2344133,1.192801,-0.6909459,0.6326419,-0.5277245,0.2097435,0.5265726,
1,15,42.421,0.2344133,1.192801,-0.6909459,0.6326419,-0.5277245,0.2097435,0.5265726,
1,15,42.423,0.2344133,1.192801,-0.6909459,0.6326419,-0.5277245,0.2097435,0.5265726,
1,15,42.425,0.2344133,1.192801,-0.6909459,0.6326419,-0.5277245,0.2097435,0.5265726,
1,15,42.427,0.234235,1.192562,-0.6913635,0.6328352,-0.5282993,0.2084594,0.5262738,
1,15,42.429,0.234235,1.192562,-0.6913635,0.6328352,-0.5282993,0.2084594,0.5262738,
1,15,42.431,0.234235,1.192562,-0.6913635,0.6328352,-0.5282993,0.2084594,0.5262738,
1,15,42.433,0.234235,1.192562,-0.6913635,0.6328352,-0.5282993,0.2084594,0.5262738,
1,15,42.435,0.2340136,1.192254,-0.691888,0.6330513,-0.5288442,0.207311,0.5259202,
1,15,42.437,0.2340136,1.192254,-0.691888,0.6330513,-0.5288442,0.207311,0.5259202,
1,15,42.439,0.2340136,1.192254,-0.691888,0.6330513,-0.5288442,0.207311,0.5259202,
1,15,42.441,0.2340136,1.192254,-0.691888,0.6330513,-0.5288442,0.207311,0.5259202,
1,15,42.443,0.233915,1.192009,-0.6921499,0.6331191,-0.5289192,0.2071899,0.5258108,
1,15,42.445,0.233915,1.192009,-0.6921499,0.6331191,-0.5289192,0.2071899,0.5258108,
1,15,42.447,0.233915,1.192009,-0.6921499,0.6331191,-0.5289192,0.2071899,0.5258108,
1,15,42.449,0.233915,1.192009,-0.6921499,0.6331191,-0.5289192,0.2071899,0.5258108,
1,15,42.451,0.2338939,1.191674,-0.6922498,0.6330346,-0.5288272,0.2075891,0.5258476,
1,15,42.453,0.2338939,1.191674,-0.6922498,0.6330346,-0.5288272,0.2075891,0.5258476,
1,15,42.455,0.2338939,1.191674,-0.6922498,0.6330346,-0.5288272,0.2075891,0.5258476,
1,15,42.457,0.2338939,1.191674,-0.6922498,0.6330346,-0.5288272,0.2075891,0.5258476,
1,15,42.459,0.2338841,1.1915,-0.6923237,0.632955,-0.5285687,0.2083265,0.5259117,
1,15,42.461,0.2338841,1.1915,-0.6923237,0.632955,-0.5285687,0.2083265,0.5259117,
1,15,42.463,0.2338841,1.1915,-0.6923237,0.632955,-0.5285687,0.2083265,0.5259117,
1,15,42.465,0.2338841,1.1915,-0.6923237,0.632955,-0.5285687,0.2083265,0.5259117,
1,15,42.467,0.2338841,1.1915,-0.6923237,0.632955,-0.5285687,0.2083265,0.5259117,
1,15,42.469,0.2338129,1.191235,-0.6925211,0.6329094,-0.528541,0.2088857,0.5257728,
1,15,42.471,0.2338129,1.191235,-0.6925211,0.6329094,-0.528541,0.2088857,0.5257728,
1,15,42.473,0.2338129,1.191235,-0.6925211,0.6329094,-0.528541,0.2088857,0.5257728,
1,15,42.475,0.2338129,1.191235,-0.6925211,0.6329094,-0.528541,0.2088857,0.5257728,
1,15,42.477,0.233797,1.190951,-0.69269,0.6328936,-0.5285074,0.2094876,0.5255859,
1,15,42.479,0.233797,1.190951,-0.69269,0.6328936,-0.5285074,0.2094876,0.5255859,
1,15,42.481,0.233797,1.190951,-0.69269,0.6328936,-0.5285074,0.2094876,0.5255859,
1,15,42.483,0.233797,1.190951,-0.69269,0.6328936,-0.5285074,0.2094876,0.5255859,
1,15,42.485,0.2338341,1.190811,-0.6927986,0.6329662,-0.5285683,0.2101761,0.5251623,
1,15,42.487,0.2338341,1.190811,-0.6927986,0.6329662,-0.5285683,0.2101761,0.5251623,
1,15,42.489,0.2338341,1.190811,-0.6927986,0.6329662,-0.5285683,0.2101761,0.5251623,
1,15,42.491,0.2338341,1.190811,-0.6927986,0.6329662,-0.5285683,0.2101761,0.5251623,
1,15,42.493,0.2339342,1.190845,-0.692957,0.633136,-0.5285086,0.2110641,0.5246614,
1,15,42.495,0.2339342,1.190845,-0.692957,0.633136,-0.5285086,0.2110641,0.5246614,
1,15,42.497,0.2339342,1.190845,-0.692957,0.633136,-0.5285086,0.2110641,0.5246614,
1,15,42.499,0.2339342,1.190845,-0.692957,0.633136,-0.5285086,0.2110641,0.5246614,
1,15,42.501,0.2341078,1.190777,-0.6929333,0.6332411,-0.5285554,0.2119518,0.5241293,
1,15,42.503,0.2341078,1.190777,-0.6929333,0.6332411,-0.5285554,0.2119518,0.5241293,
1,15,42.505,0.2341078,1.190777,-0.6929333,0.6332411,-0.5285554,0.2119518,0.5241293,
1,15,42.507,0.2341078,1.190777,-0.6929333,0.6332411,-0.5285554,0.2119518,0.5241293,
1,15,42.509,0.2342324,1.190347,-0.6931071,0.6333652,-0.5287352,0.2128625,0.5234285,
1,15,42.511,0.2342324,1.190347,-0.6931071,0.6333652,-0.5287352,0.2128625,0.5234285,
1,15,42.513,0.2342324,1.190347,-0.6931071,0.6333652,-0.5287352,0.2128625,0.5234285,
1,15,42.515,0.2342324,1.190347,-0.6931071,0.6333652,-0.5287352,0.2128625,0.5234285,
1,15,42.517,0.2342324,1.190347,-0.6931071,0.6333652,-0.5287352,0.2128625,0.5234285,
1,15,42.519,0.2343003,1.190032,-0.6932427,0.6333991,-0.5288234,0.2135119,0.5230336,
1,15,42.521,0.2343003,1.190032,-0.6932427,0.6333991,-0.5288234,0.2135119,0.5230336,
1,15,42.523,0.2343003,1.190032,-0.6932427,0.6333991,-0.5288234,0.2135119,0.5230336,
1,15,42.525,0.2343003,1.190032,-0.6932427,0.6333991,-0.5288234,0.2135119,0.5230336,
1,15,42.527,0.234375,1.189909,-0.6933753,0.6335239,-0.5287414,0.2143209,0.5226345,
1,15,42.529,0.234375,1.189909,-0.6933753,0.6335239,-0.5287414,0.2143209,0.5226345,
1,15,42.531,0.234375,1.189909,-0.6933753,0.6335239,-0.5287414,0.2143209,0.5226345,
1,15,42.533,0.234375,1.189909,-0.6933753,0.6335239,-0.5287414,0.2143209,0.5226345,
1,15,42.535,0.2345921,1.18961,-0.6932799,0.633514,-0.5288116,0.2151564,0.5222318,
1,15,42.537,0.2345921,1.18961,-0.6932799,0.633514,-0.5288116,0.2151564,0.5222318,
1,15,42.539,0.2345921,1.18961,-0.6932799,0.633514,-0.5288116,0.2151564,0.5222318,
1,15,42.541,0.2345921,1.18961,-0.6932799,0.633514,-0.5288116,0.2151564,0.5222318,
1,15,42.543,0.234562,1.189351,-0.6935561,0.6335903,-0.5288628,0.2155173,0.5219385,
1,15,42.545,0.234562,1.189351,-0.6935561,0.6335903,-0.5288628,0.2155173,0.5219385,
1,15,42.547,0.234562,1.189351,-0.6935561,0.6335903,-0.5288628,0.2155173,0.5219385,
1,15,42.549,0.234562,1.189351,-0.6935561,0.6335903,-0.5288628,0.2155173,0.5219385,
1,15,42.551,0.2345164,1.189002,-0.6937807,0.6336738,-0.5289079,0.2158039,0.521673,
1,15,42.553,0.2345164,1.189002,-0.6937807,0.6336738,-0.5289079,0.2158039,0.521673,
1,15,42.555,0.2345164,1.189002,-0.6937807,0.6336738,-0.5289079,0.2158039,0.521673,
1,15,42.557,0.2345164,1.189002,-0.6937807,0.6336738,-0.5289079,0.2158039,0.521673,
1,15,42.559,0.2346203,1.188615,-0.6938888,0.6337107,-0.5288568,0.2164314,0.52142,
1,15,42.561,0.2346203,1.188615,-0.6938888,0.6337107,-0.5288568,0.2164314,0.52142,
1,15,42.563,0.2346203,1.188615,-0.6938888,0.6337107,-0.5288568,0.2164314,0.52142,
1,15,42.565,0.2346203,1.188615,-0.6938888,0.6337107,-0.5288568,0.2164314,0.52142,
1,15,42.567,0.2346203,1.188615,-0.6938888,0.6337107,-0.5288568,0.2164314,0.52142,
1,15,42.569,0.2347614,1.18829,-0.6938849,0.6337796,-0.5287367,0.2171222,0.5211707,
1,15,42.571,0.2347614,1.18829,-0.6938849,0.6337796,-0.5287367,0.2171222,0.5211707,
1,15,42.573,0.2347614,1.18829,-0.6938849,0.6337796,-0.5287367,0.2171222,0.5211707,
1,15,42.575,0.2347614,1.18829,-0.6938849,0.6337796,-0.5287367,0.2171222,0.5211707,
1,15,42.577,0.2348459,1.187972,-0.6940634,0.6339144,-0.5288078,0.2174094,0.5208147,
1,15,42.579,0.2348459,1.187972,-0.6940634,0.6339144,-0.5288078,0.2174094,0.5208147,
1,15,42.581,0.2348459,1.187972,-0.6940634,0.6339144,-0.5288078,0.2174094,0.5208147,
1,15,42.583,0.2348459,1.187972,-0.6940634,0.6339144,-0.5288078,0.2174094,0.5208147,
1,15,42.585,0.2349221,1.187656,-0.6942382,0.6340896,-0.5290304,0.2174744,0.5203482,
1,15,42.587,0.2349221,1.187656,-0.6942382,0.6340896,-0.5290304,0.2174744,0.5203482,
1,15,42.589,0.2349221,1.187656,-0.6942382,0.6340896,-0.5290304,0.2174744,0.5203482,
1,15,42.591,0.2349221,1.187656,-0.6942382,0.6340896,-0.5290304,0.2174744,0.5203482,
1,15,42.593,0.2350063,1.187658,-0.6945208,0.634575,-0.5291303,0.2174715,0.5196555,
1,15,42.595,0.2350063,1.187658,-0.6945208,0.634575,-0.5291303,0.2174715,0.5196555,
1,15,42.597,0.2350063,1.187658,-0.6945208,0.634575,-0.5291303,0.2174715,0.5196555,
1,15,42.599,0.2350063,1.187658,-0.6945208,0.634575,-0.5291303,0.2174715,0.5196555,
1,15,42.601,0.2350111,1.187752,-0.6947356,0.6351821,-0.5292678,0.2173432,0.5188267,
1,15,42.603,0.2350111,1.187752,-0.6947356,0.6351821,-0.5292678,0.2173432,0.5188267,
1,15,42.605,0.2350111,1.187752,-0.6947356,0.6351821,-0.5292678,0.2173432,0.5188267,
1,15,42.607,0.2350111,1.187752,-0.6947356,0.6351821,-0.5292678,0.2173432,0.5188267,
1,15,42.609,0.2350977,1.18773,-0.6949779,0.6356373,-0.5294528,0.2172752,0.5181085,
1,15,42.611,0.2350977,1.18773,-0.6949779,0.6356373,-0.5294528,0.2172752,0.5181085,
1,15,42.613,0.2350977,1.18773,-0.6949779,0.6356373,-0.5294528,0.2172752,0.5181085,
1,15,42.615,0.2350977,1.18773,-0.6949779,0.6356373,-0.5294528,0.2172752,0.5181085,
1,15,42.617,0.2350977,1.18773,-0.6949779,0.6356373,-0.5294528,0.2172752,0.5181085,
1,15,42.619,0.2351595,1.187505,-0.6951778,0.6359169,-0.529627,0.2173864,0.5175404,
1,15,42.621,0.2351595,1.187505,-0.6951778,0.6359169,-0.529627,0.2173864,0.5175404,
1,15,42.623,0.2351595,1.187505,-0.6951778,0.6359169,-0.529627,0.2173864,0.5175404,
1,15,42.625,0.2351595,1.187505,-0.6951778,0.6359169,-0.529627,0.2173864,0.5175404,
1,15,42.627,0.2351677,1.18724,-0.6953636,0.636095,-0.5296987,0.2175598,0.5171752,
1,15,42.629,0.2351677,1.18724,-0.6953636,0.636095,-0.5296987,0.2175598,0.5171752,
1,15,42.631,0.2351677,1.18724,-0.6953636,0.636095,-0.5296987,0.2175598,0.5171752,
1,15,42.633,0.2351677,1.18724,-0.6953636,0.636095,-0.5296987,0.2175598,0.5171752,
1,15,42.635,0.2352932,1.187068,-0.6955277,0.6362676,-0.5296882,0.2179609,0.5168046,
1,15,42.637,0.2352932,1.187068,-0.6955277,0.6362676,-0.5296882,0.2179609,0.5168046,
1,15,42.639,0.2352932,1.187068,-0.6955277,0.6362676,-0.5296882,0.2179609,0.5168046,
1,15,42.641,0.2352932,1.187068,-0.6955277,0.6362676,-0.5296882,0.2179609,0.5168046,
1,15,42.643,0.2353961,1.186909,-0.6957338,0.6363754,-0.5297282,0.2183926,0.5164486,
1,15,42.645,0.2353961,1.186909,-0.6957338,0.6363754,-0.5297282,0.2183926,0.5164486,
1,15,42.647,0.2353961,1.186909,-0.6957338,0.6363754,-0.5297282,0.2183926,0.5164486,
1,15,42.649,0.2353961,1.186909,-0.6957338,0.6363754,-0.5297282,0.2183926,0.5164486,
1,15,42.651,0.2354764,1.186773,-0.6959819,0.6364582,-0.5297539,0.2188077,0.5161444,
1,15,42.653,0.2354764,1.186773,-0.6959819,0.6364582,-0.5297539,0.2188077,0.5161444,
1,15,42.655,0.2354764,1.186773,-0.6959819,0.6364582,-0.5297539,0.2188077,0.5161444,
1,15,42.657,0.2354764,1.186773,-0.6959819,0.6364582,-0.5297539,0.2188077,0.5161444,
1,15,42.659,0.235553,1.186542,-0.696322,0.6364501,-0.5299581,0.2193266,0.5157244,
1,15,42.661,0.235553,1.186542,-0.696322,0.6364501,-0.5299581,0.2193266,0.5157244,
1,15,42.663,0.235553,1.186542,-0.696322,0.6364501,-0.5299581,0.2193266,0.5157244,
1,15,42.665,0.235553,1.186542,-0.696322,0.6364501,-0.5299581,0.2193266,0.5157244,
1,15,42.667,0.235553,1.186542,-0.696322,0.6364501,-0.5299581,0.2193266,0.5157244,
1,15,42.669,0.2357386,1.186493,-0.6963931,0.6363817,-0.5301511,0.2199457,0.5153466,
1,15,42.671,0.2357386,1.186493,-0.6963931,0.6363817,-0.5301511,0.2199457,0.5153466,
1,15,42.673,0.2357386,1.186493,-0.6963931,0.6363817,-0.5301511,0.2199457,0.5153466,
1,15,42.675,0.2357386,1.186493,-0.6963931,0.6363817,-0.5301511,0.2199457,0.5153466,
1,15,42.677,0.2358315,1.186513,-0.6965774,0.636327,-0.5303195,0.2205198,0.5149955,
1,15,42.679,0.2358315,1.186513,-0.6965774,0.636327,-0.5303195,0.2205198,0.5149955,
1,15,42.681,0.2358315,1.186513,-0.6965774,0.636327,-0.5303195,0.2205198,0.5149955,
1,15,42.683,0.2358315,1.186513,-0.6965774,0.636327,-0.5303195,0.2205198,0.5149955,
1,15,42.685,0.235895,1.186432,-0.696782,0.6361836,-0.5305728,0.2210304,0.5146926,
1,15,42.687,0.235895,1.186432,-0.696782,0.6361836,-0.5305728,0.2210304,0.5146926,
1,15,42.689,0.235895,1.186432,-0.696782,0.6361836,-0.5305728,0.2210304,0.5146926,
1,15,42.691,0.235895,1.186432,-0.696782,0.6361836,-0.5305728,0.2210304,0.5146926,
1,15,42.693,0.2359635,1.186304,-0.6970466,0.6360016,-0.5308354,0.2214203,0.5144793,
1,15,42.695,0.2359635,1.186304,-0.6970466,0.6360016,-0.5308354,0.2214203,0.5144793,
1,15,42.697,0.2359635,1.186304,-0.6970466,0.6360016,-0.5308354,0.2214203,0.5144793,
1,15,42.699,0.2359635,1.186304,-0.6970466,0.6360016,-0.5308354,0.2214203,0.5144793,
1,15,42.701,0.2361349,1.186323,-0.697102,0.6358117,-0.5311022,0.2219857,0.5141949,
1,15,42.703,0.2361349,1.186323,-0.697102,0.6358117,-0.5311022,0.2219857,0.5141949,
1,15,42.705,0.2361349,1.186323,-0.697102,0.6358117,-0.5311022,0.2219857,0.5141949,
1,15,42.707,0.2361349,1.186323,-0.697102,0.6358117,-0.5311022,0.2219857,0.5141949,
1,15,42.709,0.236244,1.18644,-0.6972739,0.6356688,-0.5313752,0.2223966,0.5139118,
1,15,42.711,0.236244,1.18644,-0.6972739,0.6356688,-0.5313752,0.2223966,0.5139118,
1,15,42.713,0.236244,1.18644,-0.6972739,0.6356688,-0.5313752,0.2223966,0.5139118,
1,15,42.715,0.236244,1.18644,-0.6972739,0.6356688,-0.5313752,0.2223966,0.5139118,
1,15,42.717,0.236244,1.18644,-0.6972739,0.6356688,-0.5313752,0.2223966,0.5139118,
1,15,42.719,0.236435,1.186579,-0.6973518,0.6354946,-0.5317608,0.2227657,0.5135684,
1,15,42.721,0.236435,1.186579,-0.6973518,0.6354946,-0.5317608,0.2227657,0.5135684,
1,15,42.723,0.236435,1.186579,-0.6973518,0.6354946,-0.5317608,0.2227657,0.5135684,
1,15,42.725,0.236435,1.186579,-0.6973518,0.6354946,-0.5317608,0.2227657,0.5135684,
1,15,42.727,0.2366383,1.186383,-0.6974545,0.635152,-0.5323341,0.2229166,0.5133328,
1,15,42.729,0.2366383,1.186383,-0.6974545,0.635152,-0.5323341,0.2229166,0.5133328,
1,15,42.731,0.2366383,1.186383,-0.6974545,0.635152,-0.5323341,0.2229166,0.5133328,
1,15,42.733,0.2366383,1.186383,-0.6974545,0.635152,-0.5323341,0.2229166,0.5133328,
1,15,42.735,0.2369072,1.186572,-0.6976809,0.6348853,-0.532914,0.2232223,0.5129279,
1,15,42.737,0.2369072,1.186572,-0.6976809,0.6348853,-0.532914,0.2232223,0.5129279,
1,15,42.739,0.2369072,1.186572,-0.6976809,0.6348853,-0.532914,0.2232223,0.5129279,
1,15,42.741,0.2369072,1.186572,-0.6976809,0.6348853,-0.532914,0.2232223,0.5129279,
1,15,42.743,0.2370459,1.18659,-0.6979511,0.6346263,-0.533292,0.2233244,0.5128114,
1,15,42.745,0.2370459,1.18659,-0.6979511,0.6346263,-0.533292,0.2233244,0.5128114,
1,15,42.747,0.2370459,1.18659,-0.6979511,0.6346263,-0.533292,0.2233244,0.5128114,
1,15,42.749,0.2370459,1.18659,-0.6979511,0.6346263,-0.533292,0.2233244,0.5128114,
1,15,42.751,0.23726,1.186574,-0.6980538,0.6342648,-0.533752,0.2235651,0.5126749,
1,15,42.753,0.23726,1.186574,-0.6980538,0.6342648,-0.533752,0.2235651,0.5126749,
1,15,42.755,0.23726,1.186574,-0.6980538,0.6342648,-0.533752,0.2235651,0.5126749,
1,15,42.757,0.23726,1.186574,-0.6980538,0.6342648,-0.533752,0.2235651,0.5126749,
1,15,42.759,0.2374425,1.186742,-0.6979712,0.6339176,-0.5340494,0.2240409,0.5125871,
1,15,42.761,0.2374425,1.186742,-0.6979712,0.6339176,-0.5340494,0.2240409,0.5125871,
1,15,42.763,0.2374425,1.186742,-0.6979712,0.6339176,-0.5340494,0.2240409,0.5125871,
1,15,42.765,0.2374425,1.186742,-0.6979712,0.6339176,-0.5340494,0.2240409,0.5125871,
1,15,42.767,0.2374425,1.186742,-0.6979712,0.6339176,-0.5340494,0.2240409,0.5125871,
1,15,42.769,0.2375367,1.186815,-0.6979764,0.6335956,-0.534297,0.2244494,0.5125484,
1,15,42.771,0.2375367,1.186815,-0.6979764,0.6335956,-0.534297,0.2244494,0.5125484,
1,15,42.773,0.2375367,1.186815,-0.6979764,0.6335956,-0.534297,0.2244494,0.5125484,
1,15,42.775,0.2375367,1.186815,-0.6979764,0.6335956,-0.534297,0.2244494,0.5125484,
1,15,42.777,0.237545,1.18677,-0.6980318,0.6332843,-0.5345895,0.2246529,0.5125389,
1,15,42.779,0.237545,1.18677,-0.6980318,0.6332843,-0.5345895,0.2246529,0.5125389,
1,15,42.781,0.237545,1.18677,-0.6980318,0.6332843,-0.5345895,0.2246529,0.5125389,
1,15,42.783,0.237545,1.18677,-0.6980318,0.6332843,-0.5345895,0.2246529,0.5125389,
1,15,42.785,0.2374969,1.186699,-0.6979403,0.633013,-0.5349779,0.2247746,0.5124156,
1,15,42.787,0.2374969,1.186699,-0.6979403,0.633013,-0.5349779,0.2247746,0.5124156,
1,15,42.789,0.2374969,1.186699,-0.6979403,0.633013,-0.5349779,0.2247746,0.5124156,
1,15,42.791,0.2374969,1.186699,-0.6979403,0.633013,-0.5349779,0.2247746,0.5124156,
1,15,42.793,0.2373718,1.186744,-0.6978079,0.6328924,-0.5352827,0.2248356,0.5122193,
1,15,42.795,0.2373718,1.186744,-0.6978079,0.6328924,-0.5352827,0.2248356,0.5122193,
1,15,42.797,0.2373718,1.186744,-0.6978079,0.6328924,-0.5352827,0.2248356,0.5122193,
1,15,42.799,0.2373718,1.186744,-0.6978079,0.6328924,-0.5352827,0.2248356,0.5122193,
1,15,42.801,0.2372288,1.186931,-0.697665,0.632894,-0.5353453,0.2249478,0.5121025,
1,15,42.803,0.2372288,1.186931,-0.697665,0.632894,-0.5353453,0.2249478,0.5121025,
1,15,42.805,0.2372288,1.186931,-0.697665,0.632894,-0.5353453,0.2249478,0.5121025,
1,15,42.807,0.2372288,1.186931,-0.697665,0.632894,-0.5353453,0.2249478,0.5121025,
1,15,42.809,0.2371041,1.187176,-0.6973134,0.6329581,-0.5351738,0.2251827,0.5120995,
1,15,42.811,0.2371041,1.187176,-0.6973134,0.6329581,-0.5351738,0.2251827,0.5120995,
1,15,42.813,0.2371041,1.187176,-0.6973134,0.6329581,-0.5351738,0.2251827,0.5120995,
1,15,42.815,0.2371041,1.187176,-0.6973134,0.6329581,-0.5351738,0.2251827,0.5120995,
1,15,42.817,0.2371041,1.187176,-0.6973134,0.6329581,-0.5351738,0.2251827,0.5120995,
1,15,42.819,0.2370779,1.187503,-0.6969908,0.6332106,-0.5350516,0.2251256,0.5119401,
1,15,42.821,0.2370779,1.187503,-0.6969908,0.6332106,-0.5350516,0.2251256,0.5119401,
1,15,42.823,0.2370779,1.187503,-0.6969908,0.6332106,-0.5350516,0.2251256,0.5119401,
1,15,42.825,0.2370779,1.187503,-0.6969908,0.6332106,-0.5350516,0.2251256,0.5119401,
1,15,42.827,0.2371165,1.187752,-0.696653,0.6335628,-0.5350097,0.2248215,0.5116817,
1,15,42.829,0.2371165,1.187752,-0.696653,0.6335628,-0.5350097,0.2248215,0.5116817,
1,15,42.831,0.2371165,1.187752,-0.696653,0.6335628,-0.5350097,0.2248215,0.5116817,
1,15,42.833,0.2371165,1.187752,-0.696653,0.6335628,-0.5350097,0.2248215,0.5116817,
1,15,42.835,0.2370798,1.18796,-0.6964777,0.634088,-0.5351306,0.2239224,0.5112988,
1,15,42.837,0.2370798,1.18796,-0.6964777,0.634088,-0.5351306,0.2239224,0.5112988,
1,15,42.839,0.2370798,1.18796,-0.6964777,0.634088,-0.5351306,0.2239224,0.5112988,
1,15,42.841,0.2370798,1.18796,-0.6964777,0.634088,-0.5351306,0.2239224,0.5112988,
1,15,42.843,0.2371474,1.188263,-0.696122,0.6347494,-0.535327,0.222893,0.510722,
1,15,42.845,0.2371474,1.188263,-0.696122,0.6347494,-0.535327,0.222893,0.510722,
1,15,42.847,0.2371474,1.188263,-0.696122,0.6347494,-0.535327,0.222893,0.510722,
1,15,42.849,0.2371474,1.188263,-0.696122,0.6347494,-0.535327,0.222893,0.510722,
1,15,42.851,0.2370709,1.188535,-0.6960275,0.6355231,-0.5355601,0.2213851,0.5101711,
1,15,42.853,0.2370709,1.188535,-0.6960275,0.6355231,-0.5355601,0.2213851,0.5101711,
1,15,42.855,0.2370709,1.188535,-0.6960275,0.6355231,-0.5355601,0.2213851,0.5101711,
1,15,42.857,0.2370709,1.188535,-0.6960275,0.6355231,-0.5355601,0.2213851,0.5101711,
1,15,42.859,0.2369725,1.188768,-0.6958698,0.6362613,-0.535688,0.2199813,0.5097235,
1,15,42.861,0.2369725,1.188768,-0.6958698,0.6362613,-0.535688,0.2199813,0.5097235,
1,15,42.863,0.2369725,1.188768,-0.6958698,0.6362613,-0.535688,0.2199813,0.5097235,
1,15,42.865,0.2369725,1.188768,-0.6958698,0.6362613,-0.535688,0.2199813,0.5097235,
1,15,42.867,0.2369725,1.188768,-0.6958698,0.6362613,-0.535688,0.2199813,0.5097235,
1,15,42.869,0.2369231,1.188659,-0.6956044,0.6367665,-0.5357878,0.2186218,0.5095729,
1,15,42.871,0.2369231,1.188659,-0.6956044,0.6367665,-0.5357878,0.2186218,0.5095729,
1,15,42.873,0.2369231,1.188659,-0.6956044,0.6367665,-0.5357878,0.2186218,0.5095729,
1,15,42.875,0.2369231,1.188659,-0.6956044,0.6367665,-0.5357878,0.2186218,0.5095729,
1,15,42.877,0.2368531,1.188424,-0.6955028,0.6371195,-0.5356447,0.2174087,0.509801,
1,15,42.879,0.2368531,1.188424,-0.6955028,0.6371195,-0.5356447,0.2174087,0.509801,
1,15,42.881,0.2368531,1.188424,-0.6955028,0.6371195,-0.5356447,0.2174087,0.509801,
1,15,42.883,0.2368531,1.188424,-0.6955028,0.6371195,-0.5356447,0.2174087,0.509801,
1,15,42.885,0.2366981,1.18828,-0.6952708,0.6377009,-0.5349569,0.2160847,0.5103588,
1,15,42.887,0.2366981,1.18828,-0.6952708,0.6377009,-0.5349569,0.2160847,0.5103588,
1,15,42.889,0.2366981,1.18828,-0.6952708,0.6377009,-0.5349569,0.2160847,0.5103588,
1,15,42.891,0.2366981,1.18828,-0.6952708,0.6377009,-0.5349569,0.2160847,0.5103588,
1,15,42.893,0.2365628,1.188191,-0.695002,0.63811,-0.5342692,0.2153838,0.5108639,
1,15,42.895,0.2365628,1.188191,-0.695002,0.63811,-0.5342692,0.2153838,0.5108639,
1,15,42.897,0.2365628,1.188191,-0.695002,0.63811,-0.5342692,0.2153838,0.5108639,
1,15,42.899,0.2365628,1.188191,-0.695002,0.63811,-0.5342692,0.2153838,0.5108639,
1,15,42.901,0.2364363,1.188042,-0.6946762,0.6385645,-0.5337446,0.2146261,0.5111631,
1,15,42.903,0.2364363,1.188042,-0.6946762,0.6385645,-0.5337446,0.2146261,0.5111631,
1,15,42.905,0.2364363,1.188042,-0.6946762,0.6385645,-0.5337446,0.2146261,0.5111631,
1,15,42.907,0.2364363,1.188042,-0.6946762,0.6385645,-0.5337446,0.2146261,0.5111631,
1,15,42.909,0.2362922,1.188027,-0.6944218,0.6391016,-0.5331235,0.2138769,0.5114541,
1,15,42.911,0.2362922,1.188027,-0.6944218,0.6391016,-0.5331235,0.2138769,0.5114541,
1,15,42.913,0.2362922,1.188027,-0.6944218,0.6391016,-0.5331235,0.2138769,0.5114541,
1,15,42.915,0.2362922,1.188027,-0.6944218,0.6391016,-0.5331235,0.2138769,0.5114541,
1,15,42.917,0.2362922,1.188027,-0.6944218,0.6391016,-0.5331235,0.2138769,0.5114541,
1,15,42.919,0.2363004,1.188128,-0.6939929,0.6397645,-0.5325182,0.2132246,0.5115281,
1,15,42.921,0.2363004,1.188128,-0.6939929,0.6397645,-0.5325182,0.2132246,0.5115281,
1,15,42.923,0.2363004,1.188128,-0.6939929,0.6397645,-0.5325182,0.2132246,0.5115281,
1,15,42.925,0.2363004,1.188128,-0.6939929,0.6397645,-0.5325182,0.2132246,0.5115281,
1,15,42.927,0.2362632,1.188258,-0.6936222,0.6406377,-0.5320866,0.212286,0.5112748,
1,15,42.929,0.2362632,1.188258,-0.6936222,0.6406377,-0.5320866,0.212286,0.5112748,
1,15,42.931,0.2362632,1.188258,-0.6936222,0.6406377,-0.5320866,0.212286,0.5112748,
1,15,42.933,0.2362632,1.188258,-0.6936222,0.6406377,-0.5320866,0.212286,0.5112748,
1,15,42.935,0.2362699,1.188188,-0.6932315,0.6414974,-0.5318933,0.2111856,0.5108536,
1,15,42.937,0.2362699,1.188188,-0.6932315,0.6414974,-0.5318933,0.2111856,0.5108536,
1,15,42.939,0.2362699,1.188188,-0.6932315,0.6414974,-0.5318933,0.2111856,0.5108536,
1,15,42.941,0.2362699,1.188188,-0.6932315,0.6414974,-0.5318933,0.2111856,0.5108536,
1,15,42.943,0.236316,1.188039,-0.6929135,0.642213,-0.5315627,0.2103537,0.5106416,
1,15,42.945,0.236316,1.188039,-0.6929135,0.642213,-0.5315627,0.2103537,0.5106416,
1,15,42.947,0.236316,1.188039,-0.6929135,0.642213,-0.5315627,0.2103537,0.5106416,
1,15,42.949,0.236316,1.188039,-0.6929135,0.642213,-0.5315627,0.2103537,0.5106416,
1,15,42.951,0.2363728,1.187842,-0.6924832,0.6428755,-0.5311385,0.209716,0.5105119,
1,15,42.953,0.2363728,1.187842,-0.6924832,0.6428755,-0.5311385,0.209716,0.5105119,
1,15,42.955,0.2363728,1.187842,-0.6924832,0.6428755,-0.5311385,0.209716,0.5105119,
1,15,42.957,0.2363728,1.187842,-0.6924832,0.6428755,-0.5311385,0.209716,0.5105119,
1,15,42.959,0.236558,1.18764,-0.6917891,0.6438279,-0.5303456,0.2091543,0.5103661,
1,15,42.961,0.236558,1.18764,-0.6917891,0.6438279,-0.5303456,0.2091543,0.5103661,
1,15,42.963,0.236558,1.18764,-0.6917891,0.6438279,-0.5303456,0.2091543,0.5103661,
1,15,42.965,0.236558,1.18764,-0.6917891,0.6438279,-0.5303456,0.2091543,0.5103661,
1,15,42.967,0.236558,1.18764,-0.6917891,0.6438279,-0.5303456,0.2091543,0.5103661,
1,15,42.969,0.2366549,1.187413,-0.6913097,0.6443503,-0.5295746,0.2090176,0.5105636,
1,15,42.971,0.2366549,1.187413,-0.6913097,0.6443503,-0.5295746,0.2090176,0.5105636,
1,15,42.973,0.2366549,1.187413,-0.6913097,0.6443503,-0.5295746,0.2090176,0.5105636,
1,15,42.975,0.2366549,1.187413,-0.6913097,0.6443503,-0.5295746,0.2090176,0.5105636,
1,15,42.977,0.2367255,1.187074,-0.6908192,0.6447113,-0.5286251,0.2091134,0.5110523,
1,15,42.979,0.2367255,1.187074,-0.6908192,0.6447113,-0.5286251,0.2091134,0.5110523,
1,15,42.981,0.2367255,1.187074,-0.6908192,0.6447113,-0.5286251,0.2091134,0.5110523,
1,15,42.983,0.2367255,1.187074,-0.6908192,0.6447113,-0.5286251,0.2091134,0.5110523,
1,15,42.985,0.2367778,1.186741,-0.6904908,0.6450577,-0.5273943,0.2093237,0.5118001,
1,15,42.987,0.2367778,1.186741,-0.6904908,0.6450577,-0.5273943,0.2093237,0.5118001,
1,15,42.989,0.2367778,1.186741,-0.6904908,0.6450577,-0.5273943,0.2093237,0.5118001,
1,15,42.991,0.2367778,1.186741,-0.6904908,0.6450577,-0.5273943,0.2093237,0.5118001,
1,15,42.993,0.2369173,1.186571,-0.6901037,0.6455004,-0.52597,0.2097397,0.5125368,
1,15,42.995,0.2369173,1.186571,-0.6901037,0.6455004,-0.52597,0.2097397,0.5125368,
1,15,42.997,0.2369173,1.186571,-0.6901037,0.6455004,-0.52597,0.2097397,0.5125368,
1,15,42.999,0.2369173,1.186571,-0.6901037,0.6455004,-0.52597,0.2097397,0.5125368,
1,15,43.001,0.2370391,1.186289,-0.6896886,0.645809,-0.5242826,0.2101789,0.5136959,
1,15,43.003,0.2370391,1.186289,-0.6896886,0.645809,-0.5242826,0.2101789,0.5136959,
1,15,43.005,0.2370391,1.186289,-0.6896886,0.645809,-0.5242826,0.2101789,0.5136959,
1,15,43.007,0.2370391,1.186289,-0.6896886,0.645809,-0.5242826,0.2101789,0.5136959,
1,15,43.009,0.2372107,1.185927,-0.6892911,0.6459981,-0.5221261,0.210854,0.5153751,
1,15,43.011,0.2372107,1.185927,-0.6892911,0.6459981,-0.5221261,0.210854,0.5153751,
1,15,43.013,0.2372107,1.185927,-0.6892911,0.6459981,-0.5221261,0.210854,0.5153751,
1,15,43.015,0.2372107,1.185927,-0.6892911,0.6459981,-0.5221261,0.210854,0.5153751,
1,15,43.017,0.2372107,1.185927,-0.6892911,0.6459981,-0.5221261,0.210854,0.5153751,
1,15,43.019,0.2375322,1.18583,-0.6888618,0.6461465,-0.5190791,0.2120748,0.5177605,
1,15,43.021,0.2375322,1.18583,-0.6888618,0.6461465,-0.5190791,0.2120748,0.5177605,
1,15,43.023,0.2375322,1.18583,-0.6888618,0.6461465,-0.5190791,0.2120748,0.5177605,
1,15,43.025,0.2375322,1.18583,-0.6888618,0.6461465,-0.5190791,0.2120748,0.5177605,
1,15,43.027,0.2378511,1.185693,-0.6885237,0.6463397,-0.5155635,0.2130751,0.5206134,
1,15,43.029,0.2378511,1.185693,-0.6885237,0.6463397,-0.5155635,0.2130751,0.5206134,
1,15,43.031,0.2378511,1.185693,-0.6885237,0.6463397,-0.5155635,0.2130751,0.5206134,
1,15,43.033,0.2378511,1.185693,-0.6885237,0.6463397,-0.5155635,0.2130751,0.5206134,
1,15,43.035,0.2382403,1.185192,-0.688563,0.6466845,-0.5098341,0.2132443,0.5257331,
1,15,43.037,0.2382403,1.185192,-0.688563,0.6466845,-0.5098341,0.2132443,0.5257331,
1,15,43.039,0.2382403,1.185192,-0.688563,0.6466845,-0.5098341,0.2132443,0.5257331,
1,15,43.041,0.2382403,1.185192,-0.688563,0.6466845,-0.5098341,0.2132443,0.5257331,
1,15,43.043,0.2386239,1.185002,-0.6887465,0.6472359,-0.5056371,0.2124938,0.5293989,
1,15,43.045,0.2386239,1.185002,-0.6887465,0.6472359,-0.5056371,0.2124938,0.5293989,
1,15,43.047,0.2386239,1.185002,-0.6887465,0.6472359,-0.5056371,0.2124938,0.5293989,
1,15,43.049,0.2386239,1.185002,-0.6887465,0.6472359,-0.5056371,0.2124938,0.5293989,
1,15,43.051,0.2387661,1.184879,-0.6896296,0.6483037,-0.5018637,0.2097409,0.53277,
1,15,43.053,0.2387661,1.184879,-0.6896296,0.6483037,-0.5018637,0.2097409,0.53277,
1,15,43.055,0.2387661,1.184879,-0.6896296,0.6483037,-0.5018637,0.2097409,0.53277,
1,15,43.057,0.2387661,1.184879,-0.6896296,0.6483037,-0.5018637,0.2097409,0.53277,
1,15,43.059,0.2388302,1.184718,-0.6907206,0.6499835,-0.4992135,0.2045641,0.5352205,
1,15,43.061,0.2388302,1.184718,-0.6907206,0.6499835,-0.4992135,0.2045641,0.5352205,
1,15,43.063,0.2388302,1.184718,-0.6907206,0.6499835,-0.4992135,0.2045641,0.5352205,
1,15,43.065,0.2388302,1.184718,-0.6907206,0.6499835,-0.4992135,0.2045641,0.5352205,
1,15,43.067,0.2388302,1.184718,-0.6907206,0.6499835,-0.4992135,0.2045641,0.5352205,
1,15,43.069,0.2389291,1.185036,-0.6919372,0.6523622,-0.4974666,0.1977062,0.5365285,
1,15,43.071,0.2389291,1.185036,-0.6919372,0.6523622,-0.4974666,0.1977062,0.5365285,
1,15,43.073,0.2389291,1.185036,-0.6919372,0.6523622,-0.4974666,0.1977062,0.5365285,
1,15,43.075,0.2389291,1.185036,-0.6919372,0.6523622,-0.4974666,0.1977062,0.5365285,
1,15,43.077,0.23893,1.185422,-0.693267,0.6552088,-0.4969366,0.1886754,0.5368027,
1,15,43.079,0.23893,1.185422,-0.693267,0.6552088,-0.4969366,0.1886754,0.5368027,
1,15,43.081,0.23893,1.185422,-0.693267,0.6552088,-0.4969366,0.1886754,0.5368027,
1,15,43.083,0.23893,1.185422,-0.693267,0.6552088,-0.4969366,0.1886754,0.5368027,
1,15,43.085,0.2388255,1.185881,-0.694665,0.6581684,-0.4972112,0.178387,0.5364452,
1,15,43.087,0.2388255,1.185881,-0.694665,0.6581684,-0.4972112,0.178387,0.5364452,
1,15,43.089,0.2388255,1.185881,-0.694665,0.6581684,-0.4972112,0.178387,0.5364452,
1,15,43.091,0.2388255,1.185881,-0.694665,0.6581684,-0.4972112,0.178387,0.5364452,
1,15,43.093,0.2384349,1.186178,-0.6962153,0.6607692,-0.4976425,0.1678912,0.5362356,
1,15,43.095,0.2384349,1.186178,-0.6962153,0.6607692,-0.4976425,0.1678912,0.5362356,
1,15,43.097,0.2384349,1.186178,-0.6962153,0.6607692,-0.4976425,0.1678912,0.5362356,
1,15,43.099,0.2384349,1.186178,-0.6962153,0.6607692,-0.4976425,0.1678912,0.5362356,
1,15,43.101,0.238112,1.186319,-0.6975125,0.6628001,-0.4978691,0.1579562,0.5365373,
1,15,43.103,0.238112,1.186319,-0.6975125,0.6628001,-0.4978691,0.1579562,0.5365373,
1,15,43.105,0.238112,1.186319,-0.6975125,0.6628001,-0.4978691,0.1579562,0.5365373,
1,15,43.107,0.238112,1.186319,-0.6975125,0.6628001,-0.4978691,0.1579562,0.5365373,
1,15,43.109,0.2378305,1.186366,-0.6984457,0.6641538,-0.49724,0.1494052,0.5378943,
1,15,43.111,0.2378305,1.186366,-0.6984457,0.6641538,-0.49724,0.1494052,0.5378943,
1,15,43.113,0.2378305,1.186366,-0.6984457,0.6641538,-0.49724,0.1494052,0.5378943,
1,15,43.115,0.2378305,1.186366,-0.6984457,0.6641538,-0.49724,0.1494052,0.5378943,
1,15,43.117,0.2378305,1.186366,-0.6984457,0.6641538,-0.49724,0.1494052,0.5378943,
1,15,43.119,0.2373428,1.186447,-0.6992455,0.6648869,-0.4958173,0.1420778,0.540282,
1,15,43.121,0.2373428,1.186447,-0.6992455,0.6648869,-0.4958173,0.1420778,0.540282,
1,15,43.123,0.2373428,1.186447,-0.6992455,0.6648869,-0.4958173,0.1420778,0.540282,
1,15,43.125,0.2373428,1.186447,-0.6992455,0.6648869,-0.4958173,0.1420778,0.540282,
1,15,43.127,0.2366147,1.186388,-0.6998876,0.6649832,-0.4935271,0.1361845,0.5437667,
1,15,43.129,0.2366147,1.186388,-0.6998876,0.6649832,-0.4935271,0.1361845,0.5437667,
1,15,43.131,0.2366147,1.186388,-0.6998876,0.6649832,-0.4935271,0.1361845,0.5437667,
1,15,43.133,0.2366147,1.186388,-0.6998876,0.6649832,-0.4935271,0.1361845,0.5437667,
1,15,43.135,0.2359074,1.186289,-0.7001728,0.6645941,-0.4907538,0.1313547,0.5479246,
1,15,43.137,0.2359074,1.186289,-0.7001728,0.6645941,-0.4907538,0.1313547,0.5479246,
1,15,43.139,0.2359074,1.186289,-0.7001728,0.6645941,-0.4907538,0.1313547,0.5479246,
1,15,43.141,0.2359074,1.186289,-0.7001728,0.6645941,-0.4907538,0.1313547,0.5479246,
1,15,43.143,0.2349953,1.185921,-0.7003493,0.6636757,-0.4878185,0.1268882,0.5526907,
1,15,43.145,0.2349953,1.185921,-0.7003493,0.6636757,-0.4878185,0.1268882,0.5526907,
1,15,43.147,0.2349953,1.185921,-0.7003493,0.6636757,-0.4878185,0.1268882,0.5526907,
1,15,43.149,0.2349953,1.185921,-0.7003493,0.6636757,-0.4878185,0.1268882,0.5526907,
1,15,43.151,0.2342903,1.185678,-0.7002858,0.6624109,-0.4846069,0.1230489,0.5578772,
1,15,43.153,0.2342903,1.185678,-0.7002858,0.6624109,-0.4846069,0.1230489,0.5578772,
1,15,43.155,0.2342903,1.185678,-0.7002858,0.6624109,-0.4846069,0.1230489,0.5578772,
1,15,43.157,0.2342903,1.185678,-0.7002858,0.6624109,-0.4846069,0.1230489,0.5578772,
1,15,43.159,0.2333637,1.185329,-0.7002536,0.6609346,-0.4819083,0.1185802,0.5629109,
1,15,43.161,0.2333637,1.185329,-0.7002536,0.6609346,-0.4819083,0.1185802,0.5629109,
1,15,43.163,0.2333637,1.185329,-0.7002536,0.6609346,-0.4819083,0.1185802,0.5629109,
1,15,43.165,0.2333637,1.185329,-0.7002536,0.6609346,-0.4819083,0.1185802,0.5629109,
1,15,43.167,0.2333637,1.185329,-0.7002536,0.6609346,-0.4819083,0.1185802,0.5629109,
1,15,43.169,0.2323223,1.185112,-0.7002375,0.6594781,-0.4798761,0.1133633,0.5674121,
1,15,43.171,0.2323223,1.185112,-0.7002375,0.6594781,-0.4798761,0.1133633,0.5674121,
1,15,43.173,0.2323223,1.185112,-0.7002375,0.6594781,-0.4798761,0.1133633,0.5674121,
1,15,43.175,0.2323223,1.185112,-0.7002375,0.6594781,-0.4798761,0.1133633,0.5674121,
1,15,43.177,0.2313363,1.185018,-0.7001749,0.6580929,-0.4791469,0.1069104,0.5708784,
1,15,43.179,0.2313363,1.185018,-0.7001749,0.6580929,-0.4791469,0.1069104,0.5708784,
1,15,43.181,0.2313363,1.185018,-0.7001749,0.6580929,-0.4791469,0.1069104,0.5708784,CourtEnter
1,15,43.183,0.2313363,1.185018,-0.7001749,0.6580929,-0.4791469,0.1069104,0.5708784,
1,15,43.185,0.230195,1.184682,-0.7002171,0.6565329,-0.4798903,0.09917694,0.5734403,
1,15,43.187,0.230195,1.184682,-0.7002171,0.6565329,-0.4798903,0.09917694,0.5734403,
1,15,43.189,0.230195,1.184682,-0.7002171,0.6565329,-0.4798903,0.09917694,0.5734403,CourtExit
1,15,43.191,0.230195,1.184682,-0.7002171,0.6565329,-0.4798903,0.09917694,0.5734403,
1,15,43.193,0.2293751,1.185112,-0.7001268,0.6553863,-0.4810787,0.09167512,0.5750025,
1,15,43.195,0.2293751,1.185112,-0.7001268,0.6553863,-0.4810787,0.09167512,0.5750025,
1,15,43.197,0.2293751,1.185112,-0.7001268,0.6553863,-0.4810787,0.09167512,0.5750025,
1,15,43.199,0.2293751,1.185112,-0.7001268,0.6553863,-0.4810787,0.09167512,0.5750025,
1,15,43.201,0.2285059,1.185354,-0.6999409,0.6539537,-0.4831554,0.08381549,0.5760907,
1,15,43.203,0.2285059,1.185354,-0.6999409,0.6539537,-0.4831554,0.08381549,0.5760907,
1,15,43.205,0.2285059,1.185354,-0.6999409,0.6539537,-0.4831554,0.08381549,0.5760907,
1,15,43.207,0.2285059,1.185354,-0.6999409,0.6539537,-0.4831554,0.08381549,0.5760907,
1,15,43.209,0.227588,1.185939,-0.699831,0.6525138,-0.4850249,0.07684354,0.5771236,
1,15,43.211,0.227588,1.185939,-0.699831,0.6525138,-0.4850249,0.07684354,0.5771236,
1,15,43.213,0.227588,1.185939,-0.699831,0.6525138,-0.4850249,0.07684354,0.5771236,
1,15,43.215,0.227588,1.185939,-0.699831,0.6525138,-0.4850249,0.07684354,0.5771236,
1,15,43.217,0.227588,1.185939,-0.699831,0.6525138,-0.4850249,0.07684354,0.5771236,
1,15,43.219,0.2269506,1.186477,-0.6995323,0.650905,-0.4864063,0.07129528,0.5784882,
1,15,43.221,0.2269506,1.186477,-0.6995323,0.650905,-0.4864063,0.07129528,0.5784882,
1,15,43.223,0.2269506,1.186477,-0.6995323,0.650905,-0.4864063,0.07129528,0.5784882,
1,15,43.225,0.2269506,1.186477,-0.6995323,0.650905,-0.4864063,0.07129528,0.5784882,
1,15,43.227,0.2263905,1.187168,-0.6991785,0.6491978,-0.4874719,0.06693021,0.5800291,
1,15,43.229,0.2263905,1.187168,-0.6991785,0.6491978,-0.4874719,0.06693021,0.5800291,
1,15,43.231,0.2263905,1.187168,-0.6991785,0.6491978,-0.4874719,0.06693021,0.5800291,
1,15,43.233,0.2263905,1.187168,-0.6991785,0.6491978,-0.4874719,0.06693021,0.5800291,
1,15,43.235,0.2257691,1.187923,-0.6987448,0.647507,-0.4880239,0.06372461,0.5818131,
1,15,43.237,0.2257691,1.187923,-0.6987448,0.647507,-0.4880239,0.06372461,0.5818131,
1,15,43.239,0.2257691,1.187923,-0.6987448,0.647507,-0.4880239,0.06372461,0.5818131,
1,15,43.241,0.2257691,1.187923,-0.6987448,0.647507,-0.4880239,0.06372461,0.5818131,
1,15,43.243,0.2251006,1.189196,-0.6983303,0.6460962,-0.4882523,0.06141346,0.5834361,
1,15,43.245,0.2251006,1.189196,-0.6983303,0.6460962,-0.4882523,0.06141346,0.5834361,
1,15,43.247,0.2251006,1.189196,-0.6983303,0.6460962,-0.4882523,0.06141346,0.5834361,
1,15,43.249,0.2251006,1.189196,-0.6983303,0.6460962,-0.4882523,0.06141346,0.5834361,
1,15,43.251,0.2244326,1.190377,-0.6978528,0.644739,-0.4887882,0.05924282,0.5847119,
1,15,43.253,0.2244326,1.190377,-0.6978528,0.644739,-0.4887882,0.05924282,0.5847119,
1,15,43.255,0.2244326,1.190377,-0.6978528,0.644739,-0.4887882,0.05924282,0.5847119,
1,15,43.257,0.2244326,1.190377,-0.6978528,0.644739,-0.4887882,0.05924282,0.5847119,
1,15,43.259,0.2240657,1.1922,-0.6971687,0.6438763,-0.4894121,0.05770723,0.5852939,
1,15,43.261,0.2240657,1.1922,-0.6971687,0.6438763,-0.4894121,0.05770723,0.5852939,
1,15,43.263,0.2240657,1.1922,-0.6971687,0.6438763,-0.4894121,0.05770723,0.5852939,
1,15,43.265,0.2240657,1.1922,-0.6971687,0.6438763,-0.4894121,0.05770723,0.5852939,
1,15,43.267,0.2240657,1.1922,-0.6971687,0.6438763,-0.4894121,0.05770723,0.5852939,
1,15,43.269,0.2235212,1.193998,-0.6965286,0.6431727,-0.4904413,0.05596203,0.5853755,
1,15,43.271,0.2235212,1.193998,-0.6965286,0.6431727,-0.4904413,0.05596203,0.5853755,
1,15,43.273,0.2235212,1.193998,-0.6965286,0.6431727,-0.4904413,0.05596203,0.5853755,
1,15,43.275,0.2235212,1.193998,-0.6965286,0.6431727,-0.4904413,0.05596203,0.5853755,
1,15,43.277,0.2228182,1.195766,-0.6958282,0.6424982,-0.4917334,0.05410659,0.5852067,
1,15,43.279,0.2228182,1.195766,-0.6958282,0.6424982,-0.4917334,0.05410659,0.5852067,
1,15,43.281,0.2228182,1.195766,-0.6958282,0.6424982,-0.4917334,0.05410659,0.5852067,
1,15,43.283,0.2228182,1.195766,-0.6958282,0.6424982,-0.4917334,0.05410659,0.5852067,
1,15,43.285,0.2223382,1.197757,-0.6950852,0.6420507,-0.4927062,0.05281531,0.5849974,
1,15,43.287,0.2223382,1.197757,-0.6950852,0.6420507,-0.4927062,0.05281531,0.5849974,
1,15,43.289,0.2223382,1.197757,-0.6950852,0.6420507,-0.4927062,0.05281531,0.5849974,
1,15,43.291,0.2223382,1.197757,-0.6950852,0.6420507,-0.4927062,0.05281531,0.5849974,
1,15,43.293,0.221815,1.199767,-0.6943123,0.641735,-0.4934656,0.05165431,0.5848074,
1,15,43.295,0.221815,1.199767,-0.6943123,0.641735,-0.4934656,0.05165431,0.5848074,
1,15,43.297,0.221815,1.199767,-0.6943123,0.641735,-0.4934656,0.05165431,0.5848074,
1,15,43.299,0.221815,1.199767,-0.6943123,0.641735,-0.4934656,0.05165431,0.5848074,
1,15,43.301,0.2213103,1.20179,-0.6936462,0.6416277,-0.4941538,0.05034806,0.5844579,
1,15,43.303,0.2213103,1.20179,-0.6936462,0.6416277,-0.4941538,0.05034806,0.5844579,
1,15,43.305,0.2213103,1.20179,-0.6936462,0.6416277,-0.4941538,0.05034806,0.5844579,
1,15,43.307,0.2213103,1.20179,-0.6936462,0.6416277,-0.4941538,0.05034806,0.5844579,
1,15,43.309,0.2208372,1.203805,-0.6931037,0.6416184,-0.4945685,0.0490575,0.5842271,
1,15,43.311,0.2208372,1.203805,-0.6931037,0.6416184,-0.4945685,0.0490575,0.5842271,
1,15,43.313,0.2208372,1.203805,-0.6931037,0.6416184,-0.4945685,0.0490575,0.5842271,
1,15,43.315,0.2208372,1.203805,-0.6931037,0.6416184,-0.4945685,0.0490575,0.5842271,
1,15,43.317,0.2208372,1.203805,-0.6931037,0.6416184,-0.4945685,0.0490575,0.5842271,
1,15,43.319,0.2205699,1.205866,-0.6924409,0.6417958,-0.4949675,0.04775494,0.5838021,
1,15,43.321,0.2205699,1.205866,-0.6924409,0.6417958,-0.4949675,0.04775494,0.5838021,
1,15,43.323,0.2205699,1.205866,-0.6924409,0.6417958,-0.4949675,0.04775494,0.5838021,
1,15,43.325,0.2205699,1.205866,-0.6924409,0.6417958,-0.4949675,0.04775494,0.5838021,
1,15,43.327,0.2201755,1.207564,-0.6918125,0.6419097,-0.4954011,0.04616262,0.5834371,
1,15,43.329,0.2201755,1.207564,-0.6918125,0.6419097,-0.4954011,0.04616262,0.5834371,
1,15,43.331,0.2201755,1.207564,-0.6918125,0.6419097,-0.4954011,0.04616262,0.5834371,
1,15,43.333,0.2201755,1.207564,-0.6918125,0.6419097,-0.4954011,0.04616262,0.5834371,
1,15,43.335,0.2198578,1.209045,-0.6911293,0.6419783,-0.4958781,0.04424576,0.5831048,
1,15,43.337,0.2198578,1.209045,-0.6911293,0.6419783,-0.4958781,0.04424576,0.5831048,
1,15,43.339,0.2198578,1.209045,-0.6911293,0.6419783,-0.4958781,0.04424576,0.5831048,
1,15,43.341,0.2198578,1.209045,-0.6911293,0.6419783,-0.4958781,0.04424576,0.5831048,
1,15,43.343,0.2194807,1.210376,-0.6905706,0.6421874,-0.4959384,0.04224527,0.5829716,
1,15,43.345,0.2194807,1.210376,-0.6905706,0.6421874,-0.4959384,0.04224527,0.5829716,
1,15,43.347,0.2194807,1.210376,-0.6905706,0.6421874,-0.4959384,0.04224527,0.5829716,
1,15,43.349,0.2194807,1.210376,-0.6905706,0.6421874,-0.4959384,0.04224527,0.5829716,
1,15,43.351,0.2190368,1.211521,-0.690079,0.6424354,-0.4957573,0.03990702,0.5830171,
1,15,43.353,0.2190368,1.211521,-0.690079,0.6424354,-0.4957573,0.03990702,0.5830171,
1,15,43.355,0.2190368,1.211521,-0.690079,0.6424354,-0.4957573,0.03990702,0.5830171,
1,15,43.357,0.2190368,1.211521,-0.690079,0.6424354,-0.4957573,0.03990702,0.5830171,
1,15,43.359,0.2186715,1.212569,-0.6895854,0.6428061,-0.4955751,0.03726628,0.5829382,
1,15,43.361,0.2186715,1.212569,-0.6895854,0.6428061,-0.4955751,0.03726628,0.5829382,
1,15,43.363,0.2186715,1.212569,-0.6895854,0.6428061,-0.4955751,0.03726628,0.5829382,
1,15,43.365,0.2186715,1.212569,-0.6895854,0.6428061,-0.4955751,0.03726628,0.5829382,
1,15,43.367,0.2186715,1.212569,-0.6895854,0.6428061,-0.4955751,0.03726628,0.5829382,
1,15,43.369,0.2183345,1.21357,-0.6889391,0.6433058,-0.4955389,0.03408881,0.5826121,
1,15,43.371,0.2183345,1.21357,-0.6889391,0.6433058,-0.4955389,0.03408881,0.5826121,
1,15,43.373,0.2183345,1.21357,-0.6889391,0.6433058,-0.4955389,0.03408881,0.5826121,
1,15,43.375,0.2183345,1.21357,-0.6889391,0.6433058,-0.4955389,0.03408881,0.5826121,
1,15,43.377,0.2177732,1.214646,-0.6885084,0.6440518,-0.495102,0.03057601,0.5823544,
1,15,43.379,0.2177732,1.214646,-0.6885084,0.6440518,-0.495102,0.03057601,0.5823544,
1,15,43.381,0.2177732,1.214646,-0.6885084,0.6440518,-0.495102,0.03057601,0.5823544,
1,15,43.383,0.2177732,1.214646,-0.6885084,0.6440518,-0.495102,0.03057601,0.5823544,
1,15,43.385,0.2170671,1.21556,-0.6879671,0.6448194,-0.4948728,0.02624561,0.5819108,
1,15,43.387,0.2170671,1.21556,-0.6879671,0.6448194,-0.4948728,0.02624561,0.5819108,
1,15,43.389,0.2170671,1.21556,-0.6879671,0.6448194,-0.4948728,0.02624561,0.5819108,
1,15,43.391,0.2170671,1.21556,-0.6879671,0.6448194,-0.4948728,0.02624561,0.5819108,
1,15,43.393,0.2161996,1.216336,-0.6873165,0.6457103,-0.4943268,0.02180688,0.58157,
1,15,43.395,0.2161996,1.216336,-0.6873165,0.6457103,-0.4943268,0.02180688,0.58157,
1,15,43.397,0.2161996,1.216336,-0.6873165,0.6457103,-0.4943268,0.02180688,0.58157,
1,15,43.399,0.2161996,1.216336,-0.6873165,0.6457103,-0.4943268,0.02180688,0.58157,
1,15,43.401,0.2151293,1.217013,-0.6866338,0.6467807,-0.4933848,0.01710944,0.5813377,
1,15,43.403,0.2151293,1.217013,-0.6866338,0.6467807,-0.4933848,0.01710944,0.5813377,
1,15,43.405,0.2151293,1.217013,-0.6866338,0.6467807,-0.4933848,0.01710944,0.5813377,
1,15,43.407,0.2151293,1.217013,-0.6866338,0.6467807,-0.4933848,0.01710944,0.5813377,
1,15,43.409,0.2139534,1.218071,-0.6859494,0.6482689,-0.4918095,0.01227951,0.5811368,
1,15,43.411,0.2139534,1.218071,-0.6859494,0.6482689,-0.4918095,0.01227951,0.5811368,
1,15,43.413,0.2139534,1.218071,-0.6859494,0.6482689,-0.4918095,0.01227951,0.5811368,
1,15,43.415,0.2139534,1.218071,-0.6859494,0.6482689,-0.4918095,0.01227951,0.5811368,
1,15,43.417,0.2139534,1.218071,-0.6859494,0.6482689,-0.4918095,0.01227951,0.5811368,
1,15,43.419,0.21254,1.218958,-0.685314,0.6498635,-0.4901401,0.006860942,0.5808555,
1,15,43.421,0.21254,1.218958,-0.685314,0.6498635,-0.4901401,0.006860942,0.5808555,
1,15,43.423,0.21254,1.218958,-0.685314,0.6498635,-0.4901401,0.006860942,0.5808555,
1,15,43.425,0.21254,1.218958,-0.685314,0.6498635,-0.4901401,0.006860942,0.5808555,
1,15,43.427,0.2112378,1.220341,-0.6845552,0.6519413,-0.4881881,0.001189068,0.5802099,
1,15,43.429,0.2112378,1.220341,-0.6845552,0.6519413,-0.4881881,0.001189068,0.5802099,
1,15,43.431,0.2112378,1.220341,-0.6845552,0.6519413,-0.4881881,0.001189068,0.5802099,
1,15,43.433,0.2112378,1.220341,-0.6845552,0.6519413,-0.4881881,0.001189068,0.5802099,
1,15,43.435,0.2097577,1.221839,-0.6839789,0.6542491,-0.4864168,-0.005613014,0.5790728,
1,15,43.437,0.2097577,1.221839,-0.6839789,0.6542491,-0.4864168,-0.005613014,0.5790728,
1,15,43.439,0.2097577,1.221839,-0.6839789,0.6542491,-0.4864168,-0.005613014,0.5790728,
1,15,43.441,0.2097577,1.221839,-0.6839789,0.6542491,-0.4864168,-0.005613014,0.5790728,
1,15,43.443,0.2083005,1.223764,-0.6833204,0.6569335,-0.4850318,-0.01333025,0.5770658,
1,15,43.445,0.2083005,1.223764,-0.6833204,0.6569335,-0.4850318,-0.01333025,0.5770658,
1,15,43.447,0.2083005,1.223764,-0.6833204,0.6569335,-0.4850318,-0.01333025,0.5770658,
1,15,43.449,0.2083005,1.223764,-0.6833204,0.6569335,-0.4850318,-0.01333025,0.5770658,
1,15,43.451,0.2067865,1.225748,-0.682744,0.6596588,-0.483992,-0.0216922,0.5745708,
1,15,43.453,0.2067865,1.225748,-0.682744,0.6596588,-0.483992,-0.0216922,0.5745708,
1,15,43.455,0.2067865,1.225748,-0.682744,0.6596588,-0.483992,-0.0216922,0.5745708,
1,15,43.457,0.2067865,1.225748,-0.682744,0.6596588,-0.483992,-0.0216922,0.5745708,
1,15,43.459,0.2053506,1.22759,-0.6819884,0.6622025,-0.4832501,-0.03043506,0.5718663,
1,15,43.461,0.2053506,1.22759,-0.6819884,0.6622025,-0.4832501,-0.03043506,0.5718663,
1,15,43.463,0.2053506,1.22759,-0.6819884,0.6622025,-0.4832501,-0.03043506,0.5718663,
1,15,43.465,0.2053506,1.22759,-0.6819884,0.6622025,-0.4832501,-0.03043506,0.5718663,
1,15,43.467,0.2053506,1.22759,-0.6819884,0.6622025,-0.4832501,-0.03043506,0.5718663,
1,15,43.469,0.2038518,1.229441,-0.6812251,0.6645409,-0.4825611,-0.03911583,0.5692013,
1,15,43.471,0.2038518,1.229441,-0.6812251,0.6645409,-0.4825611,-0.03911583,0.5692013,
1,15,43.473,0.2038518,1.229441,-0.6812251,0.6645409,-0.4825611,-0.03911583,0.5692013,
1,15,43.475,0.2038518,1.229441,-0.6812251,0.6645409,-0.4825611,-0.03911583,0.5692013,
1,15,43.477,0.2023865,1.231209,-0.6803933,0.6666195,-0.4815233,-0.04726871,0.5670266,
1,15,43.479,0.2023865,1.231209,-0.6803933,0.6666195,-0.4815233,-0.04726871,0.5670266,
1,15,43.481,0.2023865,1.231209,-0.6803933,0.6666195,-0.4815233,-0.04726871,0.5670266,
1,15,43.483,0.2023865,1.231209,-0.6803933,0.6666195,-0.4815233,-0.04726871,0.5670266,
1,15,43.485,0.2008662,1.23266,-0.6795268,0.6682019,-0.4801613,-0.05459107,0.5656599,
1,15,43.487,0.2008662,1.23266,-0.6795268,0.6682019,-0.4801613,-0.05459107,0.5656599,
1,15,43.489,0.2008662,1.23266,-0.6795268,0.6682019,-0.4801613,-0.05459107,0.5656599,
1,15,43.491,0.2008662,1.23266,-0.6795268,0.6682019,-0.4801613,-0.05459107,0.5656599,
1,15,43.493,0.1994415,1.233644,-0.6784652,0.6693166,-0.4784552,-0.06065283,0.56517,
1,15,43.495,0.1994415,1.233644,-0.6784652,0.6693166,-0.4784552,-0.06065283,0.56517,
1,15,43.497,0.1994415,1.233644,-0.6784652,0.6693166,-0.4784552,-0.06065283,0.56517,
1,15,43.499,0.1994415,1.233644,-0.6784652,0.6693166,-0.4784552,-0.06065283,0.56517,
1,15,43.501,0.1979878,1.234175,-0.6773819,0.6698816,-0.4763736,-0.06570817,0.5656937,
1,15,43.503,0.1979878,1.234175,-0.6773819,0.6698816,-0.4763736,-0.06570817,0.5656937,
1,15,43.505,0.1979878,1.234175,-0.6773819,0.6698816,-0.4763736,-0.06570817,0.5656937,
1,15,43.507,0.1979878,1.234175,-0.6773819,0.6698816,-0.4763736,-0.06570817,0.5656937,
1,15,43.509,0.1966668,1.234376,-0.6762227,0.6700256,-0.4740905,-0.06943823,0.5669941,
1,15,43.511,0.1966668,1.234376,-0.6762227,0.6700256,-0.4740905,-0.06943823,0.5669941,
1,15,43.513,0.1966668,1.234376,-0.6762227,0.6700256,-0.4740905,-0.06943823,0.5669941,
1,15,43.515,0.1966668,1.234376,-0.6762227,0.6700256,-0.4740905,-0.06943823,0.5669941,
1,15,43.517,0.1966668,1.234376,-0.6762227,0.6700256,-0.4740905,-0.06943823,0.5669941,
1,15,43.519,0.1954786,1.234215,-0.6750608,0.6698216,-0.471618,-0.07209182,0.5689625,
1,15,43.521,0.1954786,1.234215,-0.6750608,0.6698216,-0.471618,-0.07209182,0.5689625,
1,15,43.523,0.1954786,1.234215,-0.6750608,0.6698216,-0.471618,-0.07209182,0.5689625,
1,15,43.525,0.1954786,1.234215,-0.6750608,0.6698216,-0.471618,-0.07209182,0.5689625,
1,15,43.527,0.1944361,1.233699,-0.6738986,0.6692758,-0.4690482,-0.07373279,0.5715132,
1,15,43.529,0.1944361,1.233699,-0.6738986,0.6692758,-0.4690482,-0.07373279,0.5715132,
1,15,43.531,0.1944361,1.233699,-0.6738986,0.6692758,-0.4690482,-0.07373279,0.5715132,
1,15,43.533,0.1944361,1.233699,-0.6738986,0.6692758,-0.4690482,-0.07373279,0.5715132,
1,15,43.535,0.1935614,1.233074,-0.6727389,0.6685408,-0.4669858,-0.07512039,0.5738769,
1,15,43.537,0.1935614,1.233074,-0.6727389,0.6685408,-0.4669858,-0.07512039,0.5738769,
1,15,43.539,0.1935614,1.233074,-0.6727389,0.6685408,-0.4669858,-0.07512039,0.5738769,
1,15,43.541,0.1935614,1.233074,-0.6727389,0.6685408,-0.4669858,-0.07512039,0.5738769,
1,15,43.543,0.1930597,1.232383,-0.6717175,0.667657,-0.4656003,-0.07619314,0.5758864,
1,15,43.545,0.1930597,1.232383,-0.6717175,0.667657,-0.4656003,-0.07619314,0.5758864,
1,15,43.547,0.1930597,1.232383,-0.6717175,0.667657,-0.4656003,-0.07619314,0.5758864,
1,15,43.549,0.1930597,1.232383,-0.6717175,0.667657,-0.4656003,-0.07619314,0.5758864,
1,15,43.551,0.1926712,1.23186,-0.6708282,0.6668576,-0.4649017,-0.07754781,0.5771946,
1,15,43.553,0.1926712,1.23186,-0.6708282,0.6668576,-0.4649017,-0.07754781,0.5771946,
1,15,43.555,0.1926712,1.23186,-0.6708282,0.6668576,-0.4649017,-0.07754781,0.5771946,
1,15,43.557,0.1926712,1.23186,-0.6708282,0.6668576,-0.4649017,-0.07754781,0.5771946,
1,15,43.559,0.192567,1.231368,-0.6699636,0.6659818,-0.465168,-0.07901197,0.5777925,
1,15,43.561,0.192567,1.231368,-0.6699636,0.6659818,-0.465168,-0.07901197,0.5777925,
1,15,43.563,0.192567,1.231368,-0.6699636,0.6659818,-0.465168,-0.07901197,0.5777925,
1,15,43.565,0.192567,1.231368,-0.6699636,0.6659818,-0.465168,-0.07901197,0.5777925,
1,15,43.567,0.192567,1.231368,-0.6699636,0.6659818,-0.465168,-0.07901197,0.5777925,
1,15,43.569,0.1926335,1.23054,-0.6691822,0.6647842,-0.4663112,-0.08036725,0.5780632,
1,15,43.571,0.1926335,1.23054,-0.6691822,0.6647842,-0.4663112,-0.08036725,0.5780632,
1,15,43.573,0.1926335,1.23054,-0.6691822,0.6647842,-0.4663112,-0.08036725,0.5780632,
1,15,43.575,0.1926335,1.23054,-0.6691822,0.6647842,-0.4663112,-0.08036725,0.5780632,
1,15,43.577,0.1926338,1.229745,-0.6686441,0.6636685,-0.4673507,-0.08111298,0.5784014,
1,15,43.579,0.1926338,1.229745,-0.6686441,0.6636685,-0.4673507,-0.08111298,0.5784014,
1,15,43.581,0.1926338,1.229745,-0.6686441,0.6636685,-0.4673507,-0.08111298,0.5784014,
1,15,43.583,0.1926338,1.229745,-0.6686441,0.6636685,-0.4673507,-0.08111298,0.5784014,
1,15,43.585,0.1928258,1.229109,-0.6681367,0.6627651,-0.4681792,-0.08075278,0.5788174,
1,15,43.587,0.1928258,1.229109,-0.6681367,0.6627651,-0.4681792,-0.08075278,0.5788174,
1,15,43.589,0.1928258,1.229109,-0.6681367,0.6627651,-0.4681792,-0.08075278,0.5788174,
1,15,43.591,0.1928258,1.229109,-0.6681367,0.6627651,-0.4681792,-0.08075278,0.5788174,
1,15,43.593,0.1930902,1.228298,-0.6677454,0.6617685,-0.4687263,-0.07926849,0.5797194,
1,15,43.595,0.1930902,1.228298,-0.6677454,0.6617685,-0.4687263,-0.07926849,0.5797194,
1,15,43.597,0.1930902,1.228298,-0.6677454,0.6617685,-0.4687263,-0.07926849,0.5797194,
1,15,43.599,0.1930902,1.228298,-0.6677454,0.6617685,-0.4687263,-0.07926849,0.5797194,
1,15,43.601,0.1935323,1.227353,-0.6673594,0.6607681,-0.4690414,-0.07670146,0.5809497,
1,15,43.603,0.1935323,1.227353,-0.6673594,0.6607681,-0.4690414,-0.07670146,0.5809497,
1,15,43.605,0.1935323,1.227353,-0.6673594,0.6607681,-0.4690414,-0.07670146,0.5809497,
1,15,43.607,0.1935323,1.227353,-0.6673594,0.6607681,-0.4690414,-0.07670146,0.5809497,
1,15,43.609,0.1938165,1.226174,-0.6672884,0.6595218,-0.46926,-0.07364819,0.5825824,
1,15,43.611,0.1938165,1.226174,-0.6672884,0.6595218,-0.46926,-0.07364819,0.5825824,
1,15,43.613,0.1938165,1.226174,-0.6672884,0.6595218,-0.46926,-0.07364819,0.5825824,
1,15,43.615,0.1938165,1.226174,-0.6672884,0.6595218,-0.46926,-0.07364819,0.5825824,
1,15,43.617,0.1938165,1.226174,-0.6672884,0.6595218,-0.46926,-0.07364819,0.5825824,
1,15,43.619,0.1942013,1.225147,-0.6673661,0.658385,-0.4695054,-0.07015388,0.5840997,
1,15,43.621,0.1942013,1.225147,-0.6673661,0.658385,-0.4695054,-0.07015388,0.5840997,
1,15,43.623,0.1942013,1.225147,-0.6673661,0.658385,-0.4695054,-0.07015388,0.5840997,
1,15,43.625,0.1942013,1.225147,-0.6673661,0.658385,-0.4695054,-0.07015388,0.5840997,
1,15,43.627,0.1945987,1.224173,-0.6676324,0.6571938,-0.4703021,-0.06694236,0.5851761,
1,15,43.629,0.1945987,1.224173,-0.6676324,0.6571938,-0.4703021,-0.06694236,0.5851761,
1,15,43.631,0.1945987,1.224173,-0.6676324,0.6571938,-0.4703021,-0.06694236,0.5851761,
1,15,43.633,0.1945987,1.224173,-0.6676324,0.6571938,-0.4703021,-0.06694236,0.5851761,
1,15,43.635,0.1950028,1.223305,-0.6680211,0.6560103,-0.4720605,-0.06428126,0.5853864,
1,15,43.637,0.1950028,1.223305,-0.6680211,0.6560103,-0.4720605,-0.06428126,0.5853864,
1,15,43.639,0.1950028,1.223305,-0.6680211,0.6560103,-0.4720605,-0.06428126,0.5853864,
1,15,43.641,0.1950028,1.223305,-0.6680211,0.6560103,-0.4720605,-0.06428126,0.5853864,
1,15,43.643,0.1947949,1.222013,-0.6690251,0.6544913,-0.4751791,-0.06271486,0.5847331,
1,15,43.645,0.1947949,1.222013,-0.6690251,0.6544913,-0.4751791,-0.06271486,0.5847331,
1,15,43.647,0.1947949,1.222013,-0.6690251,0.6544913,-0.4751791,-0.06271486,0.5847331,
1,15,43.649,0.1947949,1.222013,-0.6690251,0.6544913,-0.4751791,-0.06271486,0.5847331,
1,15,43.651,0.1943674,1.220637,-0.6701221,0.6532418,-0.4793201,-0.06119984,0.5829082,
1,15,43.653,0.1943674,1.220637,-0.6701221,0.6532418,-0.4793201,-0.06119984,0.5829082,
1,15,43.655,0.1943674,1.220637,-0.6701221,0.6532418,-0.4793201,-0.06119984,0.5829082,
1,15,43.657,0.1943674,1.220637,-0.6701221,0.6532418,-0.4793201,-0.06119984,0.5829082,
1,15,43.659,0.1937837,1.21907,-0.6713659,0.6521928,-0.4841662,-0.05879755,0.5803193,
1,15,43.661,0.1937837,1.21907,-0.6713659,0.6521928,-0.4841662,-0.05879755,0.5803193,
1,15,43.663,0.1937837,1.21907,-0.6713659,0.6521928,-0.4841662,-0.05879755,0.5803193,
1,15,43.665,0.1937837,1.21907,-0.6713659,0.6521928,-0.4841662,-0.05879755,0.5803193,
1,15,43.667,0.1937837,1.21907,-0.6713659,0.6521928,-0.4841662,-0.05879755,0.5803193,
1,15,43.669,0.1934064,1.217918,-0.6721487,0.6521956,-0.4891864,-0.05376031,0.5765826,
1,15,43.671,0.1934064,1.217918,-0.6721487,0.6521956,-0.4891864,-0.05376031,0.5765826,
1,15,43.673,0.1934064,1.217918,-0.6721487,0.6521956,-0.4891864,-0.05376031,0.5765826,
1,15,43.675,0.1934064,1.217918,-0.6721487,0.6521956,-0.4891864,-0.05376031,0.5765826,
1,15,43.677,0.1933254,1.21677,-0.6721855,0.6528874,-0.493909,-0.04472637,0.5725307,
1,15,43.679,0.1933254,1.21677,-0.6721855,0.6528874,-0.493909,-0.04472637,0.5725307,
1,15,43.681,0.1933254,1.21677,-0.6721855,0.6528874,-0.493909,-0.04472637,0.5725307,
1,15,43.683,0.1933254,1.21677,-0.6721855,0.6528874,-0.493909,-0.04472637,0.5725307,
1,15,43.685,0.1933837,1.215833,-0.6715175,0.6541019,-0.4982843,-0.03173781,0.5682044,
1,15,43.687,0.1933837,1.215833,-0.6715175,0.6541019,-0.4982843,-0.03173781,0.5682044,
1,15,43.689,0.1933837,1.215833,-0.6715175,0.6541019,-0.4982843,-0.03173781,0.5682044,
1,15,43.691,0.1933837,1.215833,-0.6715175,0.6541019,-0.4982843,-0.03173781,0.5682044,
1,15,43.693,0.1932121,1.214808,-0.6704433,0.6555775,-0.5018517,-0.01460499,0.5640476,
1,15,43.695,0.1932121,1.214808,-0.6704433,0.6555775,-0.5018517,-0.01460499,0.5640476,
1,15,43.697,0.1932121,1.214808,-0.6704433,0.6555775,-0.5018517,-0.01460499,0.5640476,
1,15,43.699,0.1932121,1.214808,-0.6704433,0.6555775,-0.5018517,-0.01460499,0.5640476,
1,15,43.701,0.1929496,1.214146,-0.6688509,0.657115,-0.5042107,0.006339118,0.5602958,
1,15,43.703,0.1929496,1.214146,-0.6688509,0.657115,-0.5042107,0.006339118,0.5602958,
1,15,43.705,0.1929496,1.214146,-0.6688509,0.657115,-0.5042107,0.006339118,0.5602958,
1,15,43.707,0.1929496,1.214146,-0.6688509,0.657115,-0.5042107,0.006339118,0.5602958,
1,15,43.709,0.1928975,1.213747,-0.6665729,0.6584969,-0.5065874,0.03042547,0.5557206,
1,15,43.711,0.1928975,1.213747,-0.6665729,0.6584969,-0.5065874,0.03042547,0.5557206,
1,15,43.713,0.1928975,1.213747,-0.6665729,0.6584969,-0.5065874,0.03042547,0.5557206,
1,15,43.715,0.1928975,1.213747,-0.6665729,0.6584969,-0.5065874,0.03042547,0.5557206,
1,15,43.717,0.1928975,1.213747,-0.6665729,0.6584969,-0.5065874,0.03042547,0.5557206,
1,15,43.719,0.1927941,1.213537,-0.663605,0.659242,-0.5092597,0.05636694,0.5503431,
1,15,43.721,0.1927941,1.213537,-0.663605,0.659242,-0.5092597,0.05636694,0.5503431,
1,15,43.723,0.1927941,1.213537,-0.663605,0.659242,-0.5092597,0.05636694,0.5503431,
1,15,43.725,0.1927941,1.213537,-0.663605,0.659242,-0.5092597,0.05636694,0.5503431,
1,15,43.727,0.1926687,1.213273,-0.6599204,0.6590634,-0.5127144,0.08320147,0.5439089,
1,15,43.729,0.1926687,1.213273,-0.6599204,0.6590634,-0.5127144,0.08320147,0.5439089,
1,15,43.731,0.1926687,1.213273,-0.6599204,0.6590634,-0.5127144,0.08320147,0.5439089,
1,15,43.733,0.1926687,1.213273,-0.6599204,0.6590634,-0.5127144,0.08320147,0.5439089,
1,15,43.735,0.1925739,1.21313,-0.6557895,0.6580031,-0.5161036,0.110852,0.5370111,
1,15,43.737,0.1925739,1.21313,-0.6557895,0.6580031,-0.5161036,0.110852,0.5370111,
1,15,43.739,0.1925739,1.21313,-0.6557895,0.6580031,-0.5161036,0.110852,0.5370111,
1,15,43.741,0.1925739,1.21313,-0.6557895,0.6580031,-0.5161036,0.110852,0.5370111,
1,15,43.743,0.1925785,1.212851,-0.6511973,0.6558965,-0.5193642,0.1390566,0.5298337,
1,15,43.745,0.1925785,1.212851,-0.6511973,0.6558965,-0.5193642,0.1390566,0.5298337,
1,15,43.747,0.1925785,1.212851,-0.6511973,0.6558965,-0.5193642,0.1390566,0.5298337,
1,15,43.749,0.1925785,1.212851,-0.6511973,0.6558965,-0.5193642,0.1390566,0.5298337,
1,15,43.751,0.1927793,1.212951,-0.6466774,0.65303,-0.5223292,0.166827,0.5223914,
1,15,43.753,0.1927793,1.212951,-0.6466774,0.65303,-0.5223292,0.166827,0.5223914,
1,15,43.755,0.1927793,1.212951,-0.6466774,0.65303,-0.5223292,0.166827,0.5223914,
1,15,43.757,0.1927793,1.212951,-0.6466774,0.65303,-0.5223292,0.166827,0.5223914,
1,15,43.759,0.1931745,1.21334,-0.6419889,0.6494614,-0.5247403,0.1945771,0.5147691,
1,15,43.761,0.1931745,1.21334,-0.6419889,0.6494614,-0.5247403,0.1945771,0.5147691,
1,15,43.763,0.1931745,1.21334,-0.6419889,0.6494614,-0.5247403,0.1945771,0.5147691,
1,15,43.765,0.1931745,1.21334,-0.6419889,0.6494614,-0.5247403,0.1945771,0.5147691,
1,15,43.767,0.1931745,1.21334,-0.6419889,0.6494614,-0.5247403,0.1945771,0.5147691,
1,15,43.769,0.1937627,1.213314,-0.6372341,0.6447992,-0.5273825,0.2212097,0.5071174,
1,15,43.771,0.1937627,1.213314,-0.6372341,0.6447992,-0.5273825,0.2212097,0.5071174,
1,15,43.773,0.1937627,1.213314,-0.6372341,0.6447992,-0.5273825,0.2212097,0.5071174,
1,15,43.775,0.1937627,1.213314,-0.6372341,0.6447992,-0.5273825,0.2212097,0.5071174,
1,15,43.777,0.193895,1.213325,-0.6331891,0.6401473,-0.5309306,0.2447923,0.4983983,
1,15,43.779,0.193895,1.213325,-0.6331891,0.6401473,-0.5309306,0.2447923,0.4983983,
1,15,43.781,0.193895,1.213325,-0.6331891,0.6401473,-0.5309306,0.2447923,0.4983983,
1,15,43.783,0.193895,1.213325,-0.6331891,0.6401473,-0.5309306,0.2447923,0.4983983,
1,15,43.785,0.1941066,1.213209,-0.6294782,0.6351535,-0.5352749,0.2665861,0.488869,
1,15,43.787,0.1941066,1.213209,-0.6294782,0.6351535,-0.5352749,0.2665861,0.488869,
1,15,43.789,0.1941066,1.213209,-0.6294782,0.6351535,-0.5352749,0.2665861,0.488869,
1,15,43.791,0.1941066,1.213209,-0.6294782,0.6351535,-0.5352749,0.2665861,0.488869,
1,15,43.793,0.1944194,1.212767,-0.6259204,0.6299046,-0.5408002,0.2860977,0.4784385,
1,15,43.795,0.1944194,1.212767,-0.6259204,0.6299046,-0.5408002,0.2860977,0.4784385,
1,15,43.797,0.1944194,1.212767,-0.6259204,0.6299046,-0.5408002,0.2860977,0.4784385,
1,15,43.799,0.1944194,1.212767,-0.6259204,0.6299046,-0.5408002,0.2860977,0.4784385,
1,15,43.801,0.1948409,1.212117,-0.6222511,0.6238444,-0.5462407,0.3052609,0.4682468,
1,15,43.803,0.1948409,1.212117,-0.6222511,0.6238444,-0.5462407,0.3052609,0.4682468,
1,15,43.805,0.1948409,1.212117,-0.6222511,0.6238444,-0.5462407,0.3052609,0.4682468,
1,15,43.807,0.1948409,1.212117,-0.6222511,0.6238444,-0.5462407,0.3052609,0.4682468,
1,15,43.809,0.1952713,1.211683,-0.6185087,0.6171306,-0.5514432,0.3240636,0.4583045,
1,15,43.811,0.1952713,1.211683,-0.6185087,0.6171306,-0.5514432,0.3240636,0.4583045,
1,15,43.813,0.1952713,1.211683,-0.6185087,0.6171306,-0.5514432,0.3240636,0.4583045,
1,15,43.815,0.1952713,1.211683,-0.6185087,0.6171306,-0.5514432,0.3240636,0.4583045,
1,15,43.817,0.1952713,1.211683,-0.6185087,0.6171306,-0.5514432,0.3240636,0.4583045,
1,15,43.819,0.1958322,1.211146,-0.6148003,0.6098174,-0.5571687,0.3417761,0.4481907,
1,15,43.821,0.1958322,1.211146,-0.6148003,0.6098174,-0.5571687,0.3417761,0.4481907,
1,15,43.823,0.1958322,1.211146,-0.6148003,0.6098174,-0.5571687,0.3417761,0.4481907,
1,15,43.825,0.1958322,1.211146,-0.6148003,0.6098174,-0.5571687,0.3417761,0.4481907,
1,15,43.827,0.1964644,1.210474,-0.6109205,0.6019424,-0.5633159,0.3578582,0.4384953,
1,15,43.829,0.1964644,1.210474,-0.6109205,0.6019424,-0.5633159,0.3578582,0.4384953,
1,15,43.831,0.1964644,1.210474,-0.6109205,0.6019424,-0.5633159,0.3578582,0.4384953,
1,15,43.833,0.1964644,1.210474,-0.6109205,0.6019424,-0.5633159,0.3578582,0.4384953,
1,15,43.835,0.197565,1.209782,-0.6076421,0.5934392,-0.5691406,0.3733475,0.4295588,
1,15,43.837,0.197565,1.209782,-0.6076421,0.5934392,-0.5691406,0.3733475,0.4295588,
1,15,43.839,0.197565,1.209782,-0.6076421,0.5934392,-0.5691406,0.3733475,0.4295588,
1,15,43.841,0.197565,1.209782,-0.6076421,0.5934392,-0.5691406,0.3733475,0.4295588,
1,15,43.843,0.1986455,1.208246,-0.6053909,0.5832943,-0.5740498,0.3887214,0.4232379,
1,15,43.845,0.1986455,1.208246,-0.6053909,0.5832943,-0.5740498,0.3887214,0.4232379,
1,15,43.847,0.1986455,1.208246,-0.6053909,0.5832943,-0.5740498,0.3887214,0.4232379,
1,15,43.849,0.1986455,1.208246,-0.6053909,0.5832943,-0.5740498,0.3887214,0.4232379,
1,15,43.851,0.1998752,1.206695,-0.6031904,0.5711668,-0.5777406,0.4053892,0.419099,
1,15,43.853,0.1998752,1.206695,-0.6031904,0.5711668,-0.5777406,0.4053892,0.419099,
1,15,43.855,0.1998752,1.206695,-0.6031904,0.5711668,-0.5777406,0.4053892,0.419099,
1,15,43.857,0.1998752,1.206695,-0.6031904,0.5711668,-0.5777406,0.4053892,0.419099,
1,15,43.859,0.2010501,1.205332,-0.6007762,0.5563557,-0.579788,0.4240031,0.4177746,
1,15,43.861,0.2010501,1.205332,-0.6007762,0.5563557,-0.579788,0.4240031,0.4177746,
1,15,43.863,0.2010501,1.205332,-0.6007762,0.5563557,-0.579788,0.4240031,0.4177746,
1,15,43.865,0.2010501,1.205332,-0.6007762,0.5563557,-0.579788,0.4240031,0.4177746,
1,15,43.867,0.2010501,1.205332,-0.6007762,0.5563557,-0.579788,0.4240031,0.4177746,
1,15,43.869,0.2021075,1.203419,-0.5985511,0.5392941,-0.5811164,0.4428973,0.4186978,
1,15,43.871,0.2021075,1.203419,-0.5985511,0.5392941,-0.5811164,0.4428973,0.4186978,
1,15,43.873,0.2021075,1.203419,-0.5985511,0.5392941,-0.5811164,0.4428973,0.4186978,
1,15,43.875,0.2021075,1.203419,-0.5985511,0.5392941,-0.5811164,0.4428973,0.4186978,
1,15,43.877,0.2030228,1.201172,-0.5965109,0.5205021,-0.5819525,0.4615744,0.4211388,
1,15,43.879,0.2030228,1.201172,-0.5965109,0.5205021,-0.5819525,0.4615744,0.4211388,
1,15,43.881,0.2030228,1.201172,-0.5965109,0.5205021,-0.5819525,0.4615744,0.4211388,
1,15,43.883,0.2030228,1.201172,-0.5965109,0.5205021,-0.5819525,0.4615744,0.4211388,
1,15,43.885,0.2038268,1.199977,-0.5939471,0.5005495,-0.581691,0.4806905,0.4242904,
1,15,43.887,0.2038268,1.199977,-0.5939471,0.5005495,-0.581691,0.4806905,0.4242904,
1,15,43.889,0.2038268,1.199977,-0.5939471,0.5005495,-0.581691,0.4806905,0.4242904,
1,15,43.891,0.2038268,1.199977,-0.5939471,0.5005495,-0.581691,0.4806905,0.4242904,
1,15,43.893,0.2044446,1.198626,-0.5919194,0.4805668,-0.5815099,0.4984547,0.4271354,
1,15,43.895,0.2044446,1.198626,-0.5919194,0.4805668,-0.5815099,0.4984547,0.4271354,
1,15,43.897,0.2044446,1.198626,-0.5919194,0.4805668,-0.5815099,0.4984547,0.4271354,
1,15,43.899,0.2044446,1.198626,-0.5919194,0.4805668,-0.5815099,0.4984547,0.4271354,
1,15,43.901,0.2046539,1.197514,-0.5896518,0.4609132,-0.5817834,0.5149552,0.4288452,
1,15,43.903,0.2046539,1.197514,-0.5896518,0.4609132,-0.5817834,0.5149552,0.4288452,
1,15,43.905,0.2046539,1.197514,-0.5896518,0.4609132,-0.5817834,0.5149552,0.4288452,
1,15,43.907,0.2046539,1.197514,-0.5896518,0.4609132,-0.5817834,0.5149552,0.4288452,
1,15,43.909,0.2046276,1.197006,-0.5877799,0.4431827,-0.5829794,0.529245,0.4285136,
1,15,43.911,0.2046276,1.197006,-0.5877799,0.4431827,-0.5829794,0.529245,0.4285136,
1,15,43.913,0.2046276,1.197006,-0.5877799,0.4431827,-0.5829794,0.529245,0.4285136,
1,15,43.915,0.2046276,1.197006,-0.5877799,0.4431827,-0.5829794,0.529245,0.4285136,
1,15,43.917,0.2046276,1.197006,-0.5877799,0.4431827,-0.5829794,0.529245,0.4285136,
1,15,43.919,0.204641,1.196808,-0.5867613,0.4278728,-0.5848265,0.5410431,0.4268199,
1,15,43.921,0.204641,1.196808,-0.5867613,0.4278728,-0.5848265,0.5410431,0.4268199,
1,15,43.923,0.204641,1.196808,-0.5867613,0.4278728,-0.5848265,0.5410431,0.4268199,
1,15,43.925,0.204641,1.196808,-0.5867613,0.4278728,-0.5848265,0.5410431,0.4268199,
1,15,43.927,0.2049191,1.197588,-0.586459,0.4147844,-0.5863537,0.5514991,0.4242547,
1,15,43.929,0.2049191,1.197588,-0.586459,0.4147844,-0.5863537,0.5514991,0.4242547,
1,15,43.931,0.2049191,1.197588,-0.586459,0.4147844,-0.5863537,0.5514991,0.4242547,
1,15,43.933,0.2049191,1.197588,-0.586459,0.4147844,-0.5863537,0.5514991,0.4242547,
1,15,43.935,0.2052329,1.198887,-0.5870045,0.402509,-0.5868102,0.561386,0.4224762,
1,15,43.937,0.2052329,1.198887,-0.5870045,0.402509,-0.5868102,0.561386,0.4224762,
1,15,43.939,0.2052329,1.198887,-0.5870045,0.402509,-0.5868102,0.561386,0.4224762,
1,15,43.941,0.2052329,1.198887,-0.5870045,0.402509,-0.5868102,0.561386,0.4224762,
1,15,43.943,0.2056675,1.200881,-0.5882912,0.3910077,-0.5863033,0.5708727,0.4212669,
1,15,43.945,0.2056675,1.200881,-0.5882912,0.3910077,-0.5863033,0.5708727,0.4212669,
1,15,43.947,0.2056675,1.200881,-0.5882912,0.3910077,-0.5863033,0.5708727,0.4212669,
1,15,43.949,0.2056675,1.200881,-0.5882912,0.3910077,-0.5863033,0.5708727,0.4212669,
1,15,43.951,0.2061458,1.2035,-0.5903513,0.3809319,-0.5854781,0.5794284,0.4199632,
1,15,43.953,0.2061458,1.2035,-0.5903513,0.3809319,-0.5854781,0.5794284,0.4199632,
1,15,43.955,0.2061458,1.2035,-0.5903513,0.3809319,-0.5854781,0.5794284,0.4199632,
1,15,43.957,0.2061458,1.2035,-0.5903513,0.3809319,-0.5854781,0.5794284,0.4199632,
1,15,43.959,0.2062687,1.206933,-0.5929074,0.3724911,-0.5849742,0.5870376,0.4176631,
1,15,43.961,0.2062687,1.206933,-0.5929074,0.3724911,-0.5849742,0.5870376,0.4176631,
1,15,43.963,0.2062687,1.206933,-0.5929074,0.3724911,-0.5849742,0.5870376,0.4176631,
1,15,43.965,0.2062687,1.206933,-0.5929074,0.3724911,-0.5849742,0.5870376,0.4176631,
1,15,43.967,0.2062687,1.206933,-0.5929074,0.3724911,-0.5849742,0.5870376,0.4176631,
1,15,43.969,0.206264,1.210548,-0.5958853,0.3659672,-0.5851592,0.5931307,0.4145512,
1,15,43.971,0.206264,1.210548,-0.5958853,0.3659672,-0.5851592,0.5931307,0.4145512,
1,15,43.973,0.206264,1.210548,-0.5958853,0.3659672,-0.5851592,0.5931307,0.4145512,
1,15,43.975,0.206264,1.210548,-0.5958853,0.3659672,-0.5851592,0.5931307,0.4145512,
1,15,43.977,0.2058813,1.214522,-0.5989678,0.3618034,-0.5867193,0.5975597,0.4096111,
1,15,43.979,0.2058813,1.214522,-0.5989678,0.3618034,-0.5867193,0.5975597,0.4096111,
1,15,43.981,0.2058813,1.214522,-0.5989678,0.3618034,-0.5867193,0.5975597,0.4096111,
1,15,43.983,0.2058813,1.214522,-0.5989678,0.3618034,-0.5867193,0.5975597,0.4096111,
1,15,43.985,0.2053241,1.218472,-0.6027019,0.3606953,-0.5898214,0.5997774,0.4028359,
1,15,43.987,0.2053241,1.218472,-0.6027019,0.3606953,-0.5898214,0.5997774,0.4028359,
1,15,43.989,0.2053241,1.218472,-0.6027019,0.3606953,-0.5898214,0.5997774,0.4028359,
1,15,43.991,0.2053241,1.218472,-0.6027019,0.3606953,-0.5898214,0.5997774,0.4028359,
1,15,43.993,0.2042951,1.222518,-0.6064209,0.3625163,-0.5945007,0.5999069,0.3940338,
1,15,43.995,0.2042951,1.222518,-0.6064209,0.3625163,-0.5945007,0.5999069,0.3940338,
1,15,43.997,0.2042951,1.222518,-0.6064209,0.3625163,-0.5945007,0.5999069,0.3940338,
1,15,43.999,0.2042951,1.222518,-0.6064209,0.3625163,-0.5945007,0.5999069,0.3940338,
1,15,44.001,0.2033172,1.226163,-0.6105566,0.3669594,-0.6003896,0.5979391,0.3838516,
1,15,44.003,0.2033172,1.226163,-0.6105566,0.3669594,-0.6003896,0.5979391,0.3838516,
1,15,44.005,0.2033172,1.226163,-0.6105566,0.3669594,-0.6003896,0.5979391,0.3838516,
1,15,44.007,0.2033172,1.226163,-0.6105566,0.3669594,-0.6003896,0.5979391,0.3838516,
1,15,44.009,0.2025546,1.22977,-0.615607,0.3715258,-0.6051887,0.595593,0.3754788,
1,15,44.011,0.2025546,1.22977,-0.615607,0.3715258,-0.6051887,0.595593,0.3754788,
1,15,44.013,0.2025546,1.22977,-0.615607,0.3715258,-0.6051887,0.595593,0.3754788,
1,15,44.015,0.2025546,1.22977,-0.615607,0.3715258,-0.6051887,0.595593,0.3754788,
1,15,44.017,0.2025546,1.22977,-0.615607,0.3715258,-0.6051887,0.595593,0.3754788,
1,15,44.019,0.2016738,1.233746,-0.6210949,0.3736086,-0.6077216,0.5946631,0.3707653,
1,15,44.021,0.2016738,1.233746,-0.6210949,0.3736086,-0.6077216,0.5946631,0.3707653,
1,15,44.023,0.2016738,1.233746,-0.6210949,0.3736086,-0.6077216,0.5946631,0.3707653,
1,15,44.025,0.2016738,1.233746,-0.6210949,0.3736086,-0.6077216,0.5946631,0.3707653,
1,15,44.027,0.2007857,1.237417,-0.6267927,0.3726587,-0.6082214,0.5952557,0.3699499,
1,15,44.029,0.2007857,1.237417,-0.6267927,0.3726587,-0.6082214,0.5952557,0.3699499,
1,15,44.031,0.2007857,1.237417,-0.6267927,0.3726587,-0.6082214,0.5952557,0.3699499,
1,15,44.033,0.2007857,1.237417,-0.6267927,0.3726587,-0.6082214,0.5952557,0.3699499,
1,15,44.035,0.1993678,1.241467,-0.6324073,0.3681203,-0.6066524,0.5980831,0.3725009,
1,15,44.037,0.1993678,1.241467,-0.6324073,0.3681203,-0.6066524,0.5980831,0.3725009,
1,15,44.039,0.1993678,1.241467,-0.6324073,0.3681203,-0.6066524,0.5980831,0.3725009,
1,15,44.041,0.1993678,1.241467,-0.6324073,0.3681203,-0.6066524,0.5980831,0.3725009,
1,15,44.043,0.1973034,1.245595,-0.6380742,0.3608605,-0.6038526,0.6022272,0.3774444,
1,15,44.045,0.1973034,1.245595,-0.6380742,0.3608605,-0.6038526,0.6022272,0.3774444,
1,15,44.047,0.1973034,1.245595,-0.6380742,0.3608605,-0.6038526,0.6022272,0.3774444,
1,15,44.049,0.1973034,1.245595,-0.6380742,0.3608605,-0.6038526,0.6022272,0.3774444,
1,15,44.051,0.1948377,1.2498,-0.6438065,0.3526274,-0.6009893,0.6065676,0.3828075,
1,15,44.053,0.1948377,1.2498,-0.6438065,0.3526274,-0.6009893,0.6065676,0.3828075,
1,15,44.055,0.1948377,1.2498,-0.6438065,0.3526274,-0.6009893,0.6065676,0.3828075,
1,15,44.057,0.1948377,1.2498,-0.6438065,0.3526274,-0.6009893,0.6065676,0.3828075,
1,15,44.059,0.1915413,1.254304,-0.6490195,0.3440177,-0.5985302,0.6108316,0.3876832,
1,15,44.061,0.1915413,1.254304,-0.6490195,0.3440177,-0.5985302,0.6108316,0.3876832,
1,15,44.063,0.1915413,1.254304,-0.6490195,0.3440177,-0.5985302,0.6108316,0.3876832,
1,15,44.065,0.1915413,1.254304,-0.6490195,0.3440177,-0.5985302,0.6108316,0.3876832,
1,15,44.067,0.1915413,1.254304,-0.6490195,0.3440177,-0.5985302,0.6108316,0.3876832,
1,15,44.069,0.188008,1.258834,-0.6546148,0.3375703,-0.5977323,0.6133413,0.3906084,
1,15,44.071,0.188008,1.258834,-0.6546148,0.3375703,-0.5977323,0.6133413,0.3906084,
1,15,44.073,0.188008,1.258834,-0.6546148,0.3375703,-0.5977323,0.6133413,0.3906084,
1,15,44.075,0.188008,1.258834,-0.6546148,0.3375703,-0.5977323,0.6133413,0.3906084,
1,15,44.077,0.1843065,1.263234,-0.6601905,0.3340701,-0.599315,0.6136205,0.3907537,
1,15,44.079,0.1843065,1.263234,-0.6601905,0.3340701,-0.599315,0.6136205,0.3907537,
1,15,44.081,0.1843065,1.263234,-0.6601905,0.3340701,-0.599315,0.6136205,0.3907537,
1,15,44.083,0.1843065,1.263234,-0.6601905,0.3340701,-0.599315,0.6136205,0.3907537,CourtEnter
1,15,44.085,0.1807932,1.266984,-0.6658914,0.332119,-0.6022336,0.6121081,0.3903017,
1,15,44.087,0.1807932,1.266984,-0.6658914,0.332119,-0.6022336,0.6121081,0.3903017,
1,15,44.089,0.1807932,1.266984,-0.6658914,0.332119,-0.6022336,0.6121081,0.3903017,
1,15,44.091,0.1807932,1.266984,-0.6658914,0.332119,-0.6022336,0.6121081,0.3903017,CourtExit
1,15,44.093,0.1777063,1.270168,-0.6720524,0.3290786,-0.6047606,0.6100827,0.3921364,
1,15,44.095,0.1777063,1.270168,-0.6720524,0.3290786,-0.6047606,0.6100827,0.3921364,
1,15,44.097,0.1777063,1.270168,-0.6720524,0.3290786,-0.6047606,0.6100827,0.3921364,
1,15,44.099,0.1777063,1.270168,-0.6720524,0.3290786,-0.6047606,0.6100827,0.3921364,
1,15,44.101,0.1749947,1.272689,-0.677971,0.3230749,-0.6057974,0.6086608,0.3976988,
1,15,44.103,0.1749947,1.272689,-0.677971,0.3230749,-0.6057974,0.6086608,0.3976988,
1,15,44.105,0.1749947,1.272689,-0.677971,0.3230749,-0.6057974,0.6086608,0.3976988,
1,15,44.107,0.1749947,1.272689,-0.677971,0.3230749,-0.6057974,0.6086608,0.3976988,
1,15,44.109,0.1724719,1.275093,-0.6841079,0.3145392,-0.6053326,0.6080033,0.4061646,
1,15,44.111,0.1724719,1.275093,-0.6841079,0.3145392,-0.6053326,0.6080033,0.4061646,
1,15,44.113,0.1724719,1.275093,-0.6841079,0.3145392,-0.6053326,0.6080033,0.4061646,
1,15,44.115,0.1724719,1.275093,-0.6841079,0.3145392,-0.6053326,0.6080033,0.4061646,
1,15,44.117,0.1724719,1.275093,-0.6841079,0.3145392,-0.6053326,0.6080033,0.4061646,
1,15,44.119,0.1697015,1.277516,-0.6898676,0.3045445,-0.6040158,0.6077737,0.4159673,
1,15,44.121,0.1697015,1.277516,-0.6898676,0.3045445,-0.6040158,0.6077737,0.4159673,
1,15,44.123,0.1697015,1.277516,-0.6898676,0.3045445,-0.6040158,0.6077737,0.4159673,
1,15,44.125,0.1697015,1.277516,-0.6898676,0.3045445,-0.6040158,0.6077737,0.4159673,
1,15,44.127,0.1671807,1.279692,-0.6955835,0.2947085,-0.6027958,0.6070857,0.4257124,
1,15,44.129,0.1671807,1.279692,-0.6955835,0.2947085,-0.6027958,0.6070857,0.4257124,
1,15,44.131,0.1671807,1.279692,-0.6955835,0.2947085,-0.6027958,0.6070857,0.4257124,
1,15,44.133,0.1671807,1.279692,-0.6955835,0.2947085,-0.6027958,0.6070857,0.4257124,
1,15,44.135,0.1648208,1.281588,-0.7008582,0.286212,-0.6024493,0.6056066,0.4340256,
1,15,44.137,0.1648208,1.281588,-0.7008582,0.286212,-0.6024493,0.6056066,0.4340256,
1,15,44.139,0.1648208,1.281588,-0.7008582,0.286212,-0.6024493,0.6056066,0.4340256,
1,15,44.141,0.1648208,1.281588,-0.7008582,0.286212,-0.6024493,0.6056066,0.4340256,
1,15,44.143,0.1627247,1.283103,-0.706017,0.2803696,-0.6037812,0.6027487,0.4399264,
1,15,44.145,0.1627247,1.283103,-0.706017,0.2803696,-0.6037812,0.6027487,0.4399264,
1,15,44.147,0.1627247,1.283103,-0.706017,0.2803696,-0.6037812,0.6027487,0.4399264,
1,15,44.149,0.1627247,1.283103,-0.706017,0.2803696,-0.6037812,0.6027487,0.4399264,
1,15,44.151,0.1604284,1.284873,-0.7107282,0.277438,-0.6067999,0.5992249,0.4424384,
1,15,44.153,0.1604284,1.284873,-0.7107282,0.277438,-0.6067999,0.5992249,0.4424384,
1,15,44.155,0.1604284,1.284873,-0.7107282,0.277438,-0.6067999,0.5992249,0.4424384,
1,15,44.157,0.1604284,1.284873,-0.7107282,0.277438,-0.6067999,0.5992249,0.4424384,
1,15,44.159,0.15854,1.286432,-0.7151066,0.278635,-0.6120527,0.5946134,0.4406686,
1,15,44.161,0.15854,1.286432,-0.7151066,0.278635,-0.6120527,0.5946134,0.4406686,
1,15,44.163,0.15854,1.286432,-0.7151066,0.278635,-0.6120527,0.5946134,0.4406686,
1,15,44.165,0.15854,1.286432,-0.7151066,0.278635,-0.6120527,0.5946134,0.4406686,
1,15,44.167,0.15854,1.286432,-0.7151066,0.278635,-0.6120527,0.5946134,0.4406686,
1,15,44.169,0.1570829,1.287453,-0.718995,0.2834789,-0.6192104,0.5893286,0.4346378,
1,15,44.171,0.1570829,1.287453,-0.718995,0.2834789,-0.6192104,0.5893286,0.4346378,
1,15,44.173,0.1570829,1.287453,-0.718995,0.2834789,-0.6192104,0.5893286,0.4346378,
1,15,44.175,0.1570829,1.287453,-0.718995,0.2834789,-0.6192104,0.5893286,0.4346378,
1,15,44.177,0.1561913,1.288131,-0.7230071,0.2914137,-0.6268664,0.583813,0.425769,
1,15,44.179,0.1561913,1.288131,-0.7230071,0.2914137,-0.6268664,0.583813,0.425769,
1,15,44.181,0.1561913,1.288131,-0.7230071,0.2914137,-0.6268664,0.583813,0.425769,
1,15,44.183,0.1561913,1.288131,-0.7230071,0.2914137,-0.6268664,0.583813,0.425769,
1,15,44.185,0.1557018,1.288674,-0.726651,0.3006397,-0.633938,0.5791303,0.4151464,
1,15,44.187,0.1557018,1.288674,-0.726651,0.3006397,-0.633938,0.5791303,0.4151464,
1,15,44.189,0.1557018,1.288674,-0.726651,0.3006397,-0.633938,0.5791303,0.4151464,
1,15,44.191,0.1557018,1.288674,-0.726651,0.3006397,-0.633938,0.5791303,0.4151464,
1,15,44.193,0.1559795,1.288597,-0.7301806,0.3099564,-0.6395984,0.5755665,0.4044307,
1,15,44.195,0.1559795,1.288597,-0.7301806,0.3099564,-0.6395984,0.5755665,0.4044307,
1,15,44.197,0.1559795,1.288597,-0.7301806,0.3099564,-0.6395984,0.5755665,0.4044307,
1,15,44.199,0.1559795,1.288597,-0.7301806,0.3099564,-0.6395984,0.5755665,0.4044307,
1,15,44.201,0.1568396,1.288555,-0.7332593,0.3178533,-0.642126,0.5745772,0.3956067,
1,15,44.203,0.1568396,1.288555,-0.7332593,0.3178533,-0.642126,0.5745772,0.3956067,
1,15,44.205,0.1568396,1.288555,-0.7332593,0.3178533,-0.642126,0.5745772,0.3956067,
1,15,44.207,0.1568396,1.288555,-0.7332593,0.3178533,-0.642126,0.5745772,0.3956067,
1,15,44.209,0.157834,1.288892,-0.7366318,0.3230798,-0.6404591,0.5769423,0.3906011,
1,15,44.211,0.157834,1.288892,-0.7366318,0.3230798,-0.6404591,0.5769423,0.3906011,
1,15,44.213,0.157834,1.288892,-0.7366318,0.3230798,-0.6404591,0.5769423,0.3906011,
1,15,44.215,0.157834,1.288892,-0.7366318,0.3230798,-0.6404591,0.5769423,0.3906011,
1,15,44.217,0.157834,1.288892,-0.7366318,0.3230798,-0.6404591,0.5769423,0.3906011,
1,15,44.219,0.1593456,1.289242,-0.7405331,0.3260842,-0.6351922,0.5819039,0.3893428,
1,15,44.221,0.1593456,1.289242,-0.7405331,0.3260842,-0.6351922,0.5819039,0.3893428,
1,15,44.223,0.1593456,1.289242,-0.7405331,0.3260842,-0.6351922,0.5819039,0.3893428,
1,15,44.225,0.1593456,1.289242,-0.7405331,0.3260842,-0.6351922,0.5819039,0.3893428,
1,15,44.227,0.1615274,1.289329,-0.7445853,0.3269122,-0.627155,0.5888818,0.3911819,
1,15,44.229,0.1615274,1.289329,-0.7445853,0.3269122,-0.627155,0.5888818,0.3911819,
1,15,44.231,0.1615274,1.289329,-0.7445853,0.3269122,-0.627155,0.5888818,0.3911819,
1,15,44.233,0.1615274,1.289329,-0.7445853,0.3269122,-0.627155,0.5888818,0.3911819,
1,15,44.235,0.1641448,1.289851,-0.7482775,0.327058,-0.6178533,0.5971277,0.3933561,
1,15,44.237,0.1641448,1.289851,-0.7482775,0.327058,-0.6178533,0.5971277,0.3933561,
1,15,44.239,0.1641448,1.289851,-0.7482775,0.327058,-0.6178533,0.5971277,0.3933561,
1,15,44.241,0.1641448,1.289851,-0.7482775,0.327058,-0.6178533,0.5971277,0.3933561,
1,15,44.243,0.1664931,1.290543,-0.7520948,0.3283337,-0.6088896,0.6054028,0.3936215,
1,15,44.245,0.1664931,1.290543,-0.7520948,0.3283337,-0.6088896,0.6054028,0.3936215,
1,15,44.247,0.1664931,1.290543,-0.7520948,0.3283337,-0.6088896,0.6054028,0.3936215,
1,15,44.249,0.1664931,1.290543,-0.7520948,0.3283337,-0.6088896,0.6054028,0.3936215,
1,15,44.251,0.1687506,1.290787,-0.7558274,0.3317118,-0.6018582,0.612158,0.3911478,
1,15,44.253,0.1687506,1.290787,-0.7558274,0.3317118,-0.6018582,0.612158,0.3911478,
1,15,44.255,0.1687506,1.290787,-0.7558274,0.3317118,-0.6018582,0.612158,0.3911478,
1,15,44.257,0.1687506,1.290787,-0.7558274,0.3317118,-0.6018582,0.612158,0.3911478,
1,15,44.259,0.1710461,1.290675,-0.7590564,0.3381134,-0.5973125,0.6170223,0.3849424,
1,15,44.261,0.1710461,1.290675,-0.7590564,0.3381134,-0.5973125,0.6170223,0.3849424,
1,15,44.263,0.1710461,1.290675,-0.7590564,0.3381134,-0.5973125,0.6170223,0.3849424,
1,15,44.265,0.1710461,1.290675,-0.7590564,0.3381134,-0.5973125,0.6170223,0.3849424,
1,15,44.267,0.1710461,1.290675,-0.7590564,0.3381134,-0.5973125,0.6170223,0.3849424,
1,15,44.269,0.1733563,1.290372,-0.7618835,0.3480743,-0.5954651,0.6195373,0.3747523,
1,15,44.271,0.1733563,1.290372,-0.7618835,0.3480743,-0.5954651,0.6195373,0.3747523,
1,15,44.273,0.1733563,1.290372,-0.7618835,0.3480743,-0.5954651,0.6195373,0.3747523,
1,15,44.275,0.1733563,1.290372,-0.7618835,0.3480743,-0.5954651,0.6195373,0.3747523,
1,15,44.277,0.1763041,1.290284,-0.7646499,0.3624032,-0.5958717,0.6194713,0.3603558,
1,15,44.279,0.1763041,1.290284,-0.7646499,0.3624032,-0.5958717,0.6194713,0.3603558,
1,15,44.281,0.1763041,1.290284,-0.7646499,0.3624032,-0.5958717,0.6194713,0.3603558,
1,15,44.283,0.1763041,1.290284,-0.7646499,0.3624032,-0.5958717,0.6194713,0.3603558,
1,15,44.285,0.1788524,1.291351,-0.766965,0.3803246,-0.5974885,0.6176898,0.3417896,
1,15,44.287,0.1788524,1.291351,-0.766965,0.3803246,-0.5974885,0.6176898,0.3417896,
1,15,44.289,0.1788524,1.291351,-0.766965,0.3803246,-0.5974885,0.6176898,0.3417896,
1,15,44.291,0.1788524,1.291351,-0.766965,0.3803246,-0.5974885,0.6176898,0.3417896,
1,15,44.293,0.1814124,1.292452,-0.7688171,0.4012567,-0.6007183,0.6132815,0.3194001,
1,15,44.295,0.1814124,1.292452,-0.7688171,0.4012567,-0.6007183,0.6132815,0.3194001,
1,15,44.297,0.1814124,1.292452,-0.7688171,0.4012567,-0.6007183,0.6132815,0.3194001,
1,15,44.299,0.1814124,1.292452,-0.7688171,0.4012567,-0.6007183,0.6132815,0.3194001,
1,15,44.301,0.183559,1.293709,-0.7703898,0.4223284,-0.6039386,0.6076226,0.2961279,
1,15,44.303,0.183559,1.293709,-0.7703898,0.4223284,-0.6039386,0.6076226,0.2961279,
1,15,44.305,0.183559,1.293709,-0.7703898,0.4223284,-0.6039386,0.6076226,0.2961279,
1,15,44.307,0.183559,1.293709,-0.7703898,0.4223284,-0.6039386,0.6076226,0.2961279,
1,15,44.309,0.1849844,1.295266,-0.7713774,0.4412975,-0.6059842,0.6022956,0.2743714,
1,15,44.311,0.1849844,1.295266,-0.7713774,0.4412975,-0.6059842,0.6022956,0.2743714,
1,15,44.313,0.1849844,1.295266,-0.7713774,0.4412975,-0.6059842,0.6022956,0.2743714,
1,15,44.315,0.1849844,1.295266,-0.7713774,0.4412975,-0.6059842,0.6022956,0.2743714,
1,15,44.317,0.1849844,1.295266,-0.7713774,0.4412975,-0.6059842,0.6022956,0.2743714,
1,15,44.319,0.1861293,1.296403,-0.7719529,0.4572238,-0.6071187,0.5975302,0.2555603,
1,15,44.321,0.1861293,1.296403,-0.7719529,0.4572238,-0.6071187,0.5975302,0.2555603,
1,15,44.323,0.1861293,1.296403,-0.7719529,0.4572238,-0.6071187,0.5975302,0.2555603,
1,15,44.325,0.1861293,1.296403,-0.7719529,0.4572238,-0.6071187,0.5975302,0.2555603,
1,15,44.327,0.1868591,1.297479,-0.7725618,0.4689826,-0.6064671,0.594801,0.2417952,
1,15,44.329,0.1868591,1.297479,-0.7725618,0.4689826,-0.6064671,0.594801,0.2417952,
1,15,44.331,0.1868591,1.297479,-0.7725618,0.4689826,-0.6064671,0.594801,0.2417952,
1,15,44.333,0.1868591,1.297479,-0.7725618,0.4689826,-0.6064671,0.594801,0.2417952,
1,15,44.335,0.1877897,1.297889,-0.7733098,0.4760779,-0.6044483,0.5942113,0.2343179,
1,15,44.337,0.1877897,1.297889,-0.7733098,0.4760779,-0.6044483,0.5942113,0.2343179,
1,15,44.339,0.1877897,1.297889,-0.7733098,0.4760779,-0.6044483,0.5942113,0.2343179,
1,15,44.341,0.1877897,1.297889,-0.7733098,0.4760779,-0.6044483,0.5942113,0.2343179,
1,15,44.343,0.1889941,1.29743,-0.7741355,0.4789124,-0.6014841,0.5955921,0.2326584,
1,15,44.345,0.1889941,1.29743,-0.7741355,0.4789124,-0.6014841,0.5955921,0.2326584,
1,15,44.347,0.1889941,1.29743,-0.7741355,0.4789124,-0.6014841,0.5955921,0.2326584,
1,15,44.349,0.1889941,1.29743,-0.7741355,0.4789124,-0.6014841,0.5955921,0.2326584,
1,15,44.351,0.1904555,1.296445,-0.7751616,0.4784483,-0.5976288,0.5986897,0.2355797,
1,15,44.353,0.1904555,1.296445,-0.7751616,0.4784483,-0.5976288,0.5986897,0.2355797,
1,15,44.355,0.1904555,1.296445,-0.7751616,0.4784483,-0.5976288,0.5986897,0.2355797,
1,15,44.357,0.1904555,1.296445,-0.7751616,0.4784483,-0.5976288,0.5986897,0.2355797,
1,15,44.359,0.1919764,1.294717,-0.7762246,0.4750479,-0.5935525,0.6027741,0.2422565,
1,15,44.361,0.1919764,1.294717,-0.7762246,0.4750479,-0.5935525,0.6027741,0.2422565,
1,15,44.363,0.1919764,1.294717,-0.7762246,0.4750479,-0.5935525,0.6027741,0.2422565,
1,15,44.365,0.1919764,1.294717,-0.7762246,0.4750479,-0.5935525,0.6027741,0.2422565,
1,15,44.367,0.1919764,1.294717,-0.7762246,0.4750479,-0.5935525,0.6027741,0.2422565,
1,15,44.369,0.1934476,1.292436,-0.7773118,0.4697582,-0.5891917,0.6074735,0.2513092,
1,15,44.371,0.1934476,1.292436,-0.7773118,0.4697582,-0.5891917,0.6074735,0.2513092,
1,15,44.373,0.1934476,1.292436,-0.7773118,0.4697582,-0.5891917,0.6074735,0.2513092,
1,15,44.375,0.1934476,1.292436,-0.7773118,0.4697582,-0.5891917,0.6074735,0.2513092,
1,15,44.377,0.194579,1.290599,-0.7784938,0.4635812,-0.5842835,0.61262,0.2615379,
1,15,44.379,0.194579,1.290599,-0.7784938,0.4635812,-0.5842835,0.61262,0.2615379,
1,15,44.381,0.194579,1.290599,-0.7784938,0.4635812,-0.5842835,0.61262,0.2615379,
1,15,44.383,0.194579,1.290599,-0.7784938,0.4635812,-0.5842835,0.61262,0.2615379,
1,15,44.385,0.1956266,1.288296,-0.7790946,0.4574182,-0.5803537,0.6168247,0.271082,
1,15,44.387,0.1956266,1.288296,-0.7790946,0.4574182,-0.5803537,0.6168247,0.271082,
1,15,44.389,0.1956266,1.288296,-0.7790946,0.4574182,-0.5803537,0.6168247,0.271082,
1,15,44.391,0.1956266,1.288296,-0.7790946,0.4574182,-0.5803537,0.6168247,0.271082,
1,15,44.393,0.1963311,1.286237,-0.7794864,0.4522521,-0.5771908,0.6199913,0.2791589,
1,15,44.395,0.1963311,1.286237,-0.7794864,0.4522521,-0.5771908,0.6199913,0.2791589,
1,15,44.397,0.1963311,1.286237,-0.7794864,0.4522521,-0.5771908,0.6199913,0.2791589,
1,15,44.399,0.1963311,1.286237,-0.7794864,0.4522521,-0.5771908,0.6199913,0.2791589,
1,15,44.401,0.1966379,1.284735,-0.7796917,0.4485798,-0.5747272,0.6222283,0.2851261,
1,15,44.403,0.1966379,1.284735,-0.7796917,0.4485798,-0.5747272,0.6222283,0.2851261,
1,15,44.405,0.1966379,1.284735,-0.7796917,0.4485798,-0.5747272,0.6222283,0.2851261,
1,15,44.407,0.1966379,1.284735,-0.7796917,0.4485798,-0.5747272,0.6222283,0.2851261,
1,15,44.409,0.1966722,1.283157,-0.7793067,0.4462526,-0.5739162,0.6230199,0.2886606,
1,15,44.411,0.1966722,1.283157,-0.7793067,0.4462526,-0.5739162,0.6230199,0.2886606,
1,15,44.413,0.1966722,1.283157,-0.7793067,0.4462526,-0.5739162,0.6230199,0.2886606,
1,15,44.415,0.1966722,1.283157,-0.7793067,0.4462526,-0.5739162,0.6230199,0.2886606,
1,15,44.417,0.1966722,1.283157,-0.7793067,0.4462526,-0.5739162,0.6230199,0.2886606,
1,15,44.419,0.1963974,1.28191,-0.7786033,0.4451591,-0.5738406,0.6230725,0.2903807,
1,15,44.421,0.1963974,1.28191,-0.7786033,0.4451591,-0.5738406,0.6230725,0.2903807,
1,15,44.423,0.1963974,1.28191,-0.7786033,0.4451591,-0.5738406,0.6230725,0.2903807,
1,15,44.425,0.1963974,1.28191,-0.7786033,0.4451591,-0.5738406,0.6230725,0.2903807,
1,15,44.427,0.1958979,1.28137,-0.7777281,0.4448596,-0.5738916,0.6230137,0.2908648,
1,15,44.429,0.1958979,1.28137,-0.7777281,0.4448596,-0.5738916,0.6230137,0.2908648,
1,15,44.431,0.1958979,1.28137,-0.7777281,0.4448596,-0.5738916,0.6230137,0.2908648,
1,15,44.433,0.1958979,1.28137,-0.7777281,0.4448596,-0.5738916,0.6230137,0.2908648,
1,15,44.435,0.1953391,1.281057,-0.7765352,0.4446079,-0.5742716,0.6229358,0.2906666,
1,15,44.437,0.1953391,1.281057,-0.7765352,0.4446079,-0.5742716,0.6229358,0.2906666,
1,15,44.439,0.1953391,1.281057,-0.7765352,0.4446079,-0.5742716,0.6229358,0.2906666,
1,15,44.441,0.1953391,1.281057,-0.7765352,0.4446079,-0.5742716,0.6229358,0.2906666,
1,15,44.443,0.1948009,1.280982,-0.7753254,0.444262,-0.5746962,0.6229811,0.2902589,
1,15,44.445,0.1948009,1.280982,-0.7753254,0.444262,-0.5746962,0.6229811,0.2902589,
1,15,44.447,0.1948009,1.280982,-0.7753254,0.444262,-0.5746962,0.6229811,0.2902589,
1,15,44.449,0.1948009,1.280982,-0.7753254,0.444262,-0.5746962,0.6229811,0.2902589,
1,15,44.451,0.1942161,1.281151,-0.7739183,0.4434231,-0.57507,0.6234518,0.2897905,
1,15,44.453,0.1942161,1.281151,-0.7739183,0.4434231,-0.57507,0.6234518,0.2897905,
1,15,44.455,0.1942161,1.281151,-0.7739183,0.4434231,-0.57507,0.6234518,0.2897905,
1,15,44.457,0.1942161,1.281151,-0.7739183,0.4434231,-0.57507,0.6234518,0.2897905,
1,15,44.459,0.1935664,1.281776,-0.7724633,0.4419231,-0.5750875,0.6245672,0.2896452,
1,15,44.461,0.1935664,1.281776,-0.7724633,0.4419231,-0.5750875,0.6245672,0.2896452,
1,15,44.463,0.1935664,1.281776,-0.7724633,0.4419231,-0.5750875,0.6245672,0.2896452,
1,15,44.465,0.1935664,1.281776,-0.7724633,0.4419231,-0.5750875,0.6245672,0.2896452,
1,15,44.467,0.1935664,1.281776,-0.7724633,0.4419231,-0.5750875,0.6245672,0.2896452,
1,15,44.469,0.1930311,1.28241,-0.7708822,0.4396177,-0.5752246,0.625937,0.2899239,
1,15,44.471,0.1930311,1.28241,-0.7708822,0.4396177,-0.5752246,0.625937,0.2899239,
1,15,44.473,0.1930311,1.28241,-0.7708822,0.4396177,-0.5752246,0.625937,0.2899239,
1,15,44.475,0.1930311,1.28241,-0.7708822,0.4396177,-0.5752246,0.625937,0.2899239,
1,15,44.477,0.1925329,1.282699,-0.7692524,0.4363443,-0.575695,0.6274182,0.2907324,
1,15,44.479,0.1925329,1.282699,-0.7692524,0.4363443,-0.575695,0.6274182,0.2907324,
1,15,44.481,0.1925329,1.282699,-0.7692524,0.4363443,-0.575695,0.6274182,0.2907324,
1,15,44.483,0.1925329,1.282699,-0.7692524,0.4363443,-0.575695,0.6274182,0.2907324,
1,15,44.485,0.1919717,1.283528,-0.7676905,0.4324264,-0.5757071,0.6294956,0.2920688,
1,15,44.487,0.1919717,1.283528,-0.7676905,0.4324264,-0.5757071,0.6294956,0.2920688,
1,15,44.489,0.1919717,1.283528,-0.7676905,0.4324264,-0.5757071,0.6294956,0.2920688,
1,15,44.491,0.1919717,1.283528,-0.7676905,0.4324264,-0.5757071,0.6294956,0.2920688,
1,15,44.493,0.1914715,1.284206,-0.766178,0.4281503,-0.576116,0.631292,0.2936802,
1,15,44.495,0.1914715,1.284206,-0.766178,0.4281503,-0.576116,0.631292,0.2936802,
1,15,44.497,0.1914715,1.284206,-0.766178,0.4281503,-0.576116,0.631292,0.2936802,
1,15,44.499,0.1914715,1.284206,-0.766178,0.4281503,-0.576116,0.631292,0.2936802,
1,15,44.501,0.1909177,1.284577,-0.7646152,0.4233335,-0.5770438,0.6328186,0.29555,
1,15,44.503,0.1909177,1.284577,-0.7646152,0.4233335,-0.5770438,0.6328186,0.29555,
1,15,44.505,0.1909177,1.284577,-0.7646152,0.4233335,-0.5770438,0.6328186,0.29555,
1,15,44.507,0.1909177,1.284577,-0.7646152,0.4233335,-0.5770438,0.6328186,0.29555,
1,15,44.509,0.1903554,1.285058,-0.7631315,0.4187482,-0.5783807,0.6338628,0.2972268,
1,15,44.511,0.1903554,1.285058,-0.7631315,0.4187482,-0.5783807,0.6338628,0.2972268,
1,15,44.513,0.1903554,1.285058,-0.7631315,0.4187482,-0.5783807,0.6338628,0.2972268,
1,15,44.515,0.1903554,1.285058,-0.7631315,0.4187482,-0.5783807,0.6338628,0.2972268,
1,15,44.517,0.1903554,1.285058,-0.7631315,0.4187482,-0.5783807,0.6338628,0.2972268,
1,15,44.519,0.1898859,1.285833,-0.7616448,0.4145544,-0.5797008,0.6346852,0.2987744,
1,15,44.521,0.1898859,1.285833,-0.7616448,0.4145544,-0.5797008,0.6346852,0.2987744,
1,15,44.523,0.1898859,1.285833,-0.7616448,0.4145544,-0.5797008,0.6346852,0.2987744,
1,15,44.525,0.1898859,1.285833,-0.7616448,0.4145544,-0.5797008,0.6346852,0.2987744,
1,15,44.527,0.1889625,1.287834,-0.7591974,0.4070545,-0.5828865,0.6351555,0.3018735,
1,15,44.529,0.1889625,1.287834,-0.7591974,0.4070545,-0.5828865,0.6351555,0.3018735,
1,15,44.531,0.1889625,1.287834,-0.7591974,0.4070545,-0.5828865,0.6351555,0.3018735,
1,15,44.533,0.1889625,1.287834,-0.7591974,0.4070545,-0.5828865,0.6351555,0.3018735,
1,15,44.535,0.1889701,1.288354,-0.758257,0.4038443,-0.5848716,0.6344975,0.3037236,
1,15,44.537,0.1889701,1.288354,-0.758257,0.4038443,-0.5848716,0.6344975,0.3037236,
1,15,44.539,0.1889701,1.288354,-0.758257,0.4038443,-0.5848716,0.6344975,0.3037236,
1,15,44.541,0.1889701,1.288354,-0.758257,0.4038443,-0.5848716,0.6344975,0.3037236,
1,15,44.543,0.1887641,1.288951,-0.7571807,0.4001102,-0.5869524,0.6339333,0.3058221,
1,15,44.545,0.1887641,1.288951,-0.7571807,0.4001102,-0.5869524,0.6339333,0.3058221,
1,15,44.547,0.1887641,1.288951,-0.7571807,0.4001102,-0.5869524,0.6339333,0.3058221,
1,15,44.549,0.1887641,1.288951,-0.7571807,0.4001102,-0.5869524,0.6339333,0.3058221,
1,15,44.551,0.1888927,1.289639,-0.7563699,0.3966624,-0.5886699,0.6333297,0.3082536,
1,15,44.553,0.1888927,1.289639,-0.7563699,0.3966624,-0.5886699,0.6333297,0.3082536,
1,15,44.555,0.1888927,1.289639,-0.7563699,0.3966624,-0.5886699,0.6333297,0.3082536,
1,15,44.557,0.1888927,1.289639,-0.7563699,0.3966624,-0.5886699,0.6333297,0.3082536,
1,15,44.559,0.1888297,1.290792,-0.7558014,0.39369,-0.5900886,0.6327974,0.310437,
1,15,44.561,0.1888297,1.290792,-0.7558014,0.39369,-0.5900886,0.6327974,0.310437,
1,15,44.563,0.1888297,1.290792,-0.7558014,0.39369,-0.5900886,0.6327974,0.310437,
1,15,44.565,0.1888297,1.290792,-0.7558014,0.39369,-0.5900886,0.6327974,0.310437,
1,15,44.567,0.1888297,1.290792,-0.7558014,0.39369,-0.5900886,0.6327974,0.310437,
1,15,44.569,0.1887791,1.291862,-0.7552717,0.3909543,-0.5917177,0.6319887,0.3124343,
1,15,44.571,0.1887791,1.291862,-0.7552717,0.3909543,-0.5917177,0.6319887,0.3124343,
1,15,44.573,0.1887791,1.291862,-0.7552717,0.3909543,-0.5917177,0.6319887,0.3124343,
1,15,44.575,0.1887791,1.291862,-0.7552717,0.3909543,-0.5917177,0.6319887,0.3124343,
1,15,44.577,0.1886211,1.292949,-0.7546517,0.3889804,-0.593637,0.6307873,0.3136825,
1,15,44.579,0.1886211,1.292949,-0.7546517,0.3889804,-0.593637,0.6307873,0.3136825,
1,15,44.581,0.1886211,1.292949,-0.7546517,0.3889804,-0.593637,0.6307873,0.3136825,
1,15,44.583,0.1886211,1.292949,-0.7546517,0.3889804,-0.593637,0.6307873,0.3136825,
1,15,44.585,0.1885242,1.293915,-0.7540285,0.388097,-0.5958043,0.6290289,0.3141984,
1,15,44.587,0.1885242,1.293915,-0.7540285,0.388097,-0.5958043,0.6290289,0.3141984,
1,15,44.589,0.1885242,1.293915,-0.7540285,0.388097,-0.5958043,0.6290289,0.3141984,
1,15,44.591,0.1885242,1.293915,-0.7540285,0.388097,-0.5958043,0.6290289,0.3141984,
1,15,44.593,0.1883667,1.296643,-0.7533712,0.3888489,-0.59947,0.6251245,0.3140888,
1,15,44.595,0.1883667,1.296643,-0.7533712,0.3888489,-0.59947,0.6251245,0.3140888,
1,15,44.597,0.1883667,1.296643,-0.7533712,0.3888489,-0.59947,0.6251245,0.3140888,
1,15,44.599,0.1883667,1.296643,-0.7533712,0.3888489,-0.59947,0.6251245,0.3140888,
1,15,44.601,0.1880714,1.298233,-0.7528477,0.3891825,-0.6008962,0.6235839,0.3140127,
1,15,44.603,0.1880714,1.298233,-0.7528477,0.3891825,-0.6008962,0.6235839,0.3140127,
1,15,44.605,0.1880714,1.298233,-0.7528477,0.3891825,-0.6008962,0.6235839,0.3140127,
1,15,44.607,0.1880714,1.298233,-0.7528477,0.3891825,-0.6008962,0.6235839,0.3140127,
1,15,44.609,0.1881072,1.299007,-0.7526523,0.3897573,-0.6023479,0.6216331,0.3143864,
1,15,44.611,0.1881072,1.299007,-0.7526523,0.3897573,-0.6023479,0.6216331,0.3143864,
1,15,44.613,0.1881072,1.299007,-0.7526523,0.3897573,-0.6023479,0.6216331,0.3143864,
1,15,44.615,0.1881072,1.299007,-0.7526523,0.3897573,-0.6023479,0.6216331,0.3143864,
1,15,44.617,0.1881072,1.299007,-0.7526523,0.3897573,-0.6023479,0.6216331,0.3143864,
1,15,44.619,0.1880263,1.299556,-0.7524663,0.3891141,-0.6030969,0.620486,0.3160088,
1,15,44.621,0.1880263,1.299556,-0.7524663,0.3891141,-0.6030969,0.620486,0.3160088,
1,15,44.623,0.1880263,1.299556,-0.7524663,0.3891141,-0.6030969,0.620486,0.3160088,
1,15,44.625,0.1880263,1.299556,-0.7524663,0.3891141,-0.6030969,0.620486,0.3160088,
1,15,44.627,0.1877616,1.300802,-0.752079,0.3879023,-0.6028933,0.6204395,0.3179724,
1,15,44.629,0.1877616,1.300802,-0.752079,0.3879023,-0.6028933,0.6204395,0.3179724,
1,15,44.631,0.1877616,1.300802,-0.752079,0.3879023,-0.6028933,0.6204395,0.3179724,
1,15,44.633,0.1877616,1.300802,-0.752079,0.3879023,-0.6028933,0.6204395,0.3179724,
1,15,44.635,0.1875849,1.301867,-0.7518911,0.3864681,-0.6021956,0.6207631,0.3203999,
1,15,44.637,0.1875849,1.301867,-0.7518911,0.3864681,-0.6021956,0.6207631,0.3203999,
1,15,44.639,0.1875849,1.301867,-0.7518911,0.3864681,-0.6021956,0.6207631,0.3203999,
1,15,44.641,0.1875849,1.301867,-0.7518911,0.3864681,-0.6021956,0.6207631,0.3203999,
1,15,44.643,0.187384,1.302894,-0.7517369,0.3850857,-0.6013411,0.621225,0.3227651,
1,15,44.645,0.187384,1.302894,-0.7517369,0.3850857,-0.6013411,0.621225,0.3227651,
1,15,44.647,0.187384,1.302894,-0.7517369,0.3850857,-0.6013411,0.621225,0.3227651,
1,15,44.649,0.187384,1.302894,-0.7517369,0.3850857,-0.6013411,0.621225,0.3227651,
1,15,44.651,0.1871689,1.303325,-0.7515369,0.3839878,-0.6010567,0.6211091,0.3248196,
1,15,44.653,0.1871689,1.303325,-0.7515369,0.3839878,-0.6010567,0.6211091,0.3248196,
1,15,44.655,0.1871689,1.303325,-0.7515369,0.3839878,-0.6010567,0.6211091,0.3248196,
1,15,44.657,0.1871689,1.303325,-0.7515369,0.3839878,-0.6010567,0.6211091,0.3248196,
1,15,44.659,0.1868771,1.30339,-0.7511915,0.3839725,-0.6013147,0.6203067,0.3258918,
1,15,44.661,0.1868771,1.30339,-0.7511915,0.3839725,-0.6013147,0.6203067,0.3258918,
1,15,44.663,0.1868771,1.30339,-0.7511915,0.3839725,-0.6013147,0.6203067,0.3258918,
1,15,44.665,0.1868771,1.30339,-0.7511915,0.3839725,-0.6013147,0.6203067,0.3258918,
1,15,44.667,0.1868771,1.30339,-0.7511915,0.3839725,-0.6013147,0.6203067,0.3258918,
1,15,44.669,0.1866052,1.303912,-0.7509187,0.3846182,-0.6013871,0.6195167,0.3264986,
1,15,44.671,0.1866052,1.303912,-0.7509187,0.3846182,-0.6013871,0.6195167,0.3264986,
1,15,44.673,0.1866052,1.303912,-0.7509187,0.3846182,-0.6013871,0.6195167,0.3264986,
1,15,44.675,0.1866052,1.303912,-0.7509187,0.3846182,-0.6013871,0.6195167,0.3264986,
1,15,44.677,0.1863855,1.304674,-0.7506804,0.3855864,-0.601338,0.6188217,0.3267652,
1,15,44.679,0.1863855,1.304674,-0.7506804,0.3855864,-0.601338,0.6188217,0.3267652,
1,15,44.681,0.1863855,1.304674,-0.7506804,0.3855864,-0.601338,0.6188217,0.3267652,
1,15,44.683,0.1863855,1.304674,-0.7506804,0.3855864,-0.601338,0.6188217,0.3267652,
1,15,44.685,0.1861896,1.305233,-0.7503724,0.3865356,-0.6015196,0.6179661,0.3269289,
1,15,44.687,0.1861896,1.305233,-0.7503724,0.3865356,-0.6015196,0.6179661,0.3269289,
1,15,44.689,0.1861896,1.305233,-0.7503724,0.3865356,-0.6015196,0.6179661,0.3269289,
1,15,44.691,0.1861896,1.305233,-0.7503724,0.3865356,-0.6015196,0.6179661,0.3269289,
1,15,44.693,0.185723,1.305892,-0.7498702,0.3866942,-0.6013932,0.6176724,0.3275281,
1,15,44.695,0.185723,1.305892,-0.7498702,0.3866942,-0.6013932,0.6176724,0.3275281,
1,15,44.697,0.185723,1.305892,-0.7498702,0.3866942,-0.6013932,0.6176724,0.3275281,
1,15,44.699,0.185723,1.305892,-0.7498702,0.3866942,-0.6013932,0.6176724,0.3275281,
1,15,44.701,0.1853082,1.306141,-0.7493064,0.3868113,-0.6013958,0.6172389,0.3282018,
1,15,44.703,0.1853082,1.306141,-0.7493064,0.3868113,-0.6013958,0.6172389,0.3282018,
1,15,44.705,0.1853082,1.306141,-0.7493064,0.3868113,-0.6013958,0.6172389,0.3282018,
1,15,44.707,0.1853082,1.306141,-0.7493064,0.3868113,-0.6013958,0.6172389,0.3282018,
1,15,44.709,0.1851731,1.30612,-0.7488725,0.3872129,-0.60137,0.6165792,0.3290145,
1,15,44.711,0.1851731,1.30612,-0.7488725,0.3872129,-0.60137,0.6165792,0.3290145,
1,15,44.713,0.1851731,1.30612,-0.7488725,0.3872129,-0.60137,0.6165792,0.3290145,
1,15,44.715,0.1851731,1.30612,-0.7488725,0.3872129,-0.60137,0.6165792,0.3290145,
1,15,44.717,0.1851731,1.30612,-0.7488725,0.3872129,-0.60137,0.6165792,0.3290145,
1,15,44.719,0.1850551,1.306164,-0.7485406,0.387966,-0.6013638,0.6158962,0.3294175,
1,15,44.721,0.1850551,1.306164,-0.7485406,0.387966,-0.6013638,0.6158962,0.3294175,
1,15,44.723,0.1850551,1.306164,-0.7485406,0.387966,-0.6013638,0.6158962,0.3294175,
1,15,44.725,0.1850551,1.306164,-0.7485406,0.387966,-0.6013638,0.6158962,0.3294175,
1,15,44.727,0.1849499,1.306013,-0.7482191,0.3889109,-0.6014025,0.6150917,0.3297359,
1,15,44.729,0.1849499,1.306013,-0.7482191,0.3889109,-0.6014025,0.6150917,0.3297359,
1,15,44.731,0.1849499,1.306013,-0.7482191,0.3889109,-0.6014025,0.6150917,0.3297359,
1,15,44.733,0.1849499,1.306013,-0.7482191,0.3889109,-0.6014025,0.6150917,0.3297359,
1,15,44.735,0.1848516,1.305691,-0.7479907,0.3901106,-0.6013762,0.6141512,0.3301194,
1,15,44.737,0.1848516,1.305691,-0.7479907,0.3901106,-0.6013762,0.6141512,0.3301194,
1,15,44.739,0.1848516,1.305691,-0.7479907,0.3901106,-0.6013762,0.6141512,0.3301194,
1,15,44.741,0.1848516,1.305691,-0.7479907,0.3901106,-0.6013762,0.6141512,0.3301194,
1,15,44.743,0.1848798,1.304952,-0.747671,0.3916602,-0.6017014,0.6129504,0.3299235,
1,15,44.745,0.1848798,1.304952,-0.747671,0.3916602,-0.6017014,0.6129504,0.3299235,
1,15,44.747,0.1848798,1.304952,-0.747671,0.3916602,-0.6017014,0.6129504,0.3299235,
1,15,44.749,0.1848798,1.304952,-0.747671,0.3916602,-0.6017014,0.6129504,0.3299235,
1,15,44.751,0.1849238,1.304695,-0.7472529,0.3937382,-0.6009793,0.6123142,0.3299474,
1,15,44.753,0.1849238,1.304695,-0.7472529,0.3937382,-0.6009793,0.6123142,0.3299474,
1,15,44.755,0.1849238,1.304695,-0.7472529,0.3937382,-0.6009793,0.6123142,0.3299474,CourtEnter
1,15,44.757,0.1849238,1.304695,-0.7472529,0.3937382,-0.6009793,0.6123142,0.3299474,
1,15,44.759,0.1848822,1.304834,-0.7468306,0.3950825,-0.5998447,0.6125426,0.3299814,
1,15,44.761,0.1848822,1.304834,-0.7468306,0.3950825,-0.5998447,0.6125426,0.3299814,
1,15,44.763,0.1848822,1.304834,-0.7468306,0.3950825,-0.5998447,0.6125426,0.3299814,
1,15,44.765,0.1848822,1.304834,-0.7468306,0.3950825,-0.5998447,0.6125426,0.3299814,
1,15,44.767,0.1848822,1.304834,-0.7468306,0.3950825,-0.5998447,0.6125426,0.3299814,CourtExit
1,15,44.769,0.1846457,1.304579,-0.7462037,0.3961496,-0.5990669,0.6126866,0.3298478,
1,15,44.771,0.1846457,1.304579,-0.7462037,0.3961496,-0.5990669,0.6126866,0.3298478,
1,15,44.773,0.1846457,1.304579,-0.7462037,0.3961496,-0.5990669,0.6126866,0.3298478,
1,15,44.775,0.1846457,1.304579,-0.7462037,0.3961496,-0.5990669,0.6126866,0.3298478,
1,15,44.777,0.1847925,1.303898,-0.7460207,0.3981467,-0.598123,0.6123524,0.3297765,
1,15,44.779,0.1847925,1.303898,-0.7460207,0.3981467,-0.598123,0.6123524,0.3297765,
1,15,44.781,0.1847925,1.303898,-0.7460207,0.3981467,-0.598123,0.6123524,0.3297765,
1,15,44.783,0.1847925,1.303898,-0.7460207,0.3981467,-0.598123,0.6123524,0.3297765,
1,15,44.785,0.1847084,1.303707,-0.7456759,0.40039,-0.5969572,0.6124346,0.3290197,
1,15,44.787,0.1847084,1.303707,-0.7456759,0.40039,-0.5969572,0.6124346,0.3290197,
1,15,44.789,0.1847084,1.303707,-0.7456759,0.40039,-0.5969572,0.6124346,0.3290197,
1,15,44.791,0.1847084,1.303707,-0.7456759,0.40039,-0.5969572,0.6124346,0.3290197,
1,15,44.793,0.1845364,1.303977,-0.7451422,0.4029611,-0.5955986,0.6126491,0.3279418,
1,15,44.795,0.1845364,1.303977,-0.7451422,0.4029611,-0.5955986,0.6126491,0.3279418,
1,15,44.797,0.1845364,1.303977,-0.7451422,0.4029611,-0.5955986,0.6126491,0.3279418,
1,15,44.799,0.1845364,1.303977,-0.7451422,0.4029611,-0.5955986,0.6126491,0.3279418,
1,15,44.801,0.1843843,1.303582,-0.7446811,0.4053514,-0.5944927,0.6125738,0.3271421,
1,15,44.803,0.1843843,1.303582,-0.7446811,0.4053514,-0.5944927,0.6125738,0.3271421,
1,15,44.805,0.1843843,1.303582,-0.7446811,0.4053514,-0.5944927,0.6125738,0.3271421,
1,15,44.807,0.1843843,1.303582,-0.7446811,0.4053514,-0.5944927,0.6125738,0.3271421,
1,15,44.809,0.1843179,1.302429,-0.7442685,0.4078122,-0.5936087,0.6121444,0.3264921,
1,15,44.811,0.1843179,1.302429,-0.7442685,0.4078122,-0.5936087,0.6121444,0.3264921,
1,15,44.813,0.1843179,1.302429,-0.7442685,0.4078122,-0.5936087,0.6121444,0.3264921,
1,15,44.815,0.1843179,1.302429,-0.7442685,0.4078122,-0.5936087,0.6121444,0.3264921,
1,15,44.817,0.1843179,1.302429,-0.7442685,0.4078122,-0.5936087,0.6121444,0.3264921,
1,15,44.819,0.1843247,1.301803,-0.7439463,0.4103531,-0.5922849,0.6120053,0.325973,
1,15,44.821,0.1843247,1.301803,-0.7439463,0.4103531,-0.5922849,0.6120053,0.325973,
1,15,44.823,0.1843247,1.301803,-0.7439463,0.4103531,-0.5922849,0.6120053,0.325973,
1,15,44.825,0.1843247,1.301803,-0.7439463,0.4103531,-0.5922849,0.6120053,0.325973,
1,15,44.827,0.183768,1.300623,-0.7433557,0.4130326,-0.5900386,0.612323,0.3260661,
1,15,44.829,0.183768,1.300623,-0.7433557,0.4130326,-0.5900386,0.612323,0.3260661,
1,15,44.831,0.183768,1.300623,-0.7433557,0.4130326,-0.5900386,0.612323,0.3260661,
1,15,44.833,0.183768,1.300623,-0.7433557,0.4130326,-0.5900386,0.612323,0.3260661,
1,15,44.835,0.1835864,1.29982,-0.7432967,0.4151754,-0.5885059,0.6123747,0.3260176,
1,15,44.837,0.1835864,1.29982,-0.7432967,0.4151754,-0.5885059,0.6123747,0.3260176,
1,15,44.839,0.1835864,1.29982,-0.7432967,0.4151754,-0.5885059,0.6123747,0.3260176,
1,15,44.841,0.1835864,1.29982,-0.7432967,0.4151754,-0.5885059,0.6123747,0.3260176,
1,15,44.843,0.1831279,1.298786,-0.7428176,0.416267,-0.5870346,0.6128452,0.3263938,
1,15,44.845,0.1831279,1.298786,-0.7428176,0.416267,-0.5870346,0.6128452,0.3263938,
1,15,44.847,0.1831279,1.298786,-0.7428176,0.416267,-0.5870346,0.6128452,0.3263938,
1,15,44.849,0.1831279,1.298786,-0.7428176,0.416267,-0.5870346,0.6128452,0.3263938,
1,15,44.851,0.1826124,1.297863,-0.7423273,0.4172944,-0.5852062,0.6135788,0.3269864,
1,15,44.853,0.1826124,1.297863,-0.7423273,0.4172944,-0.5852062,0.6135788,0.3269864,
1,15,44.855,0.1826124,1.297863,-0.7423273,0.4172944,-0.5852062,0.6135788,0.3269864,
1,15,44.857,0.1826124,1.297863,-0.7423273,0.4172944,-0.5852062,0.6135788,0.3269864,
1,15,44.859,0.1821997,1.297093,-0.7420993,0.4183219,-0.5833361,0.6144026,0.3274683,
1,15,44.861,0.1821997,1.297093,-0.7420993,0.4183219,-0.5833361,0.6144026,0.3274683,
1,15,44.863,0.1821997,1.297093,-0.7420993,0.4183219,-0.5833361,0.6144026,0.3274683,
1,15,44.865,0.1821997,1.297093,-0.7420993,0.4183219,-0.5833361,0.6144026,0.3274683,
1,15,44.867,0.1821997,1.297093,-0.7420993,0.4183219,-0.5833361,0.6144026,0.3274683,
1,15,44.869,0.1816405,1.295885,-0.7416421,0.4190191,-0.5819928,0.6149433,0.3279514,
1,15,44.871,0.1816405,1.295885,-0.7416421,0.4190191,-0.5819928,0.6149433,0.3279514,
1,15,44.873,0.1816405,1.295885,-0.7416421,0.4190191,-0.5819928,0.6149433,0.3279514,
1,15,44.875,0.1816405,1.295885,-0.7416421,0.4190191,-0.5819928,0.6149433,0.3279514,
1,15,44.877,0.1808166,1.294847,-0.7411468,0.4193974,-0.5804246,0.6158955,0.3284598,
1,15,44.879,0.1808166,1.294847,-0.7411468,0.4193974,-0.5804246,0.6158955,0.3284598,
1,15,44.881,0.1808166,1.294847,-0.7411468,0.4193974,-0.5804246,0.6158955,0.3284598,
1,15,44.883,0.1808166,1.294847,-0.7411468,0.4193974,-0.5804246,0.6158955,0.3284598,
1,15,44.885,0.18005,1.294146,-0.7407384,0.4198908,-0.5787727,0.6169307,0.3288016,
1,15,44.887,0.18005,1.294146,-0.7407384,0.4198908,-0.5787727,0.6169307,0.3288016,
1,15,44.889,0.18005,1.294146,-0.7407384,0.4198908,-0.5787727,0.6169307,0.3288016,
1,15,44.891,0.18005,1.294146,-0.7407384,0.4198908,-0.5787727,0.6169307,0.3288016,
1,15,44.893,0.179451,1.292682,-0.7401245,0.4204286,-0.5777475,0.6173924,0.3290507,
1,15,44.895,0.179451,1.292682,-0.7401245,0.4204286,-0.5777475,0.6173924,0.3290507,
1,15,44.897,0.179451,1.292682,-0.7401245,0.4204286,-0.5777475,0.6173924,0.3290507,
1,15,44.899,0.179451,1.292682,-0.7401245,0.4204286,-0.5777475,0.6173924,0.3290507,
1,15,44.901,0.1785421,1.291725,-0.7398283,0.4209858,-0.5764794,0.6180612,0.3293068,
1,15,44.903,0.1785421,1.291725,-0.7398283,0.4209858,-0.5764794,0.6180612,0.3293068,
1,15,44.905,0.1785421,1.291725,-0.7398283,0.4209858,-0.5764794,0.6180612,0.3293068,
1,15,44.907,0.1785421,1.291725,-0.7398283,0.4209858,-0.5764794,0.6180612,0.3293068,
1,15,44.909,0.1776931,1.291369,-0.7396525,0.4219823,-0.5749345,0.6188452,0.3292596,
1,15,44.911,0.1776931,1.291369,-0.7396525,0.4219823,-0.5749345,0.6188452,0.3292596,
1,15,44.913,0.1776931,1.291369,-0.7396525,0.4219823,-0.5749345,0.6188452,0.3292596,
1,15,44.915,0.1776931,1.291369,-0.7396525,0.4219823,-0.5749345,0.6188452,0.3292596,
1,15,44.917,0.1776931,1.291369,-0.7396525,0.4219823,-0.5749345,0.6188452,0.3292596,
1,15,44.919,0.1767932,1.29066,-0.7392172,0.4226685,-0.5737776,0.619469,0.3292246,
1,15,44.921,0.1767932,1.29066,-0.7392172,0.4226685,-0.5737776,0.619469,0.3292246,
1,15,44.923,0.1767932,1.29066,-0.7392172,0.4226685,-0.5737776,0.619469,0.3292246,
1,15,44.925,0.1767932,1.29066,-0.7392172,0.4226685,-0.5737776,0.619469,0.3292246,
1,15,44.927,0.1758688,1.28981,-0.739136,0.4233645,-0.5727906,0.6198694,0.3292954,
1,15,44.929,0.1758688,1.28981,-0.739136,0.4233645,-0.5727906,0.6198694,0.3292954,
1,15,44.931,0.1758688,1.28981,-0.739136,0.4233645,-0.5727906,0.6198694,0.3292954,
1,15,44.933,0.1758688,1.28981,-0.739136,0.4233645,-0.5727906,0.6198694,0.3292954,
1,15,44.935,0.1749016,1.28904,-0.739079,0.4238172,-0.5717633,0.6203387,0.3296145,
1,15,44.937,0.1749016,1.28904,-0.739079,0.4238172,-0.5717633,0.6203387,0.3296145,
1,15,44.939,0.1749016,1.28904,-0.739079,0.4238172,-0.5717633,0.6203387,0.3296145,
1,15,44.941,0.1749016,1.28904,-0.739079,0.4238172,-0.5717633,0.6203387,0.3296145,
1,15,44.943,0.1736606,1.288825,-0.7387707,0.4231119,-0.5704434,0.6216261,0.3303813,
1,15,44.945,0.1736606,1.288825,-0.7387707,0.4231119,-0.5704434,0.6216261,0.3303813,
1,15,44.947,0.1736606,1.288825,-0.7387707,0.4231119,-0.5704434,0.6216261,0.3303813,
1,15,44.949,0.1736606,1.288825,-0.7387707,0.4231119,-0.5704434,0.6216261,0.3303813,
1,15,44.951,0.1722673,1.288841,-0.7382874,0.4219182,-0.5690269,0.6232559,0.3312788,
1,15,44.953,0.1722673,1.288841,-0.7382874,0.4219182,-0.5690269,0.6232559,0.3312788,
1,15,44.955,0.1722673,1.288841,-0.7382874,0.4219182,-0.5690269,0.6232559,0.3312788,
1,15,44.957,0.1722673,1.288841,-0.7382874,0.4219182,-0.5690269,0.6232559,0.3312788,
1,15,44.959,0.1710002,1.288258,-0.7377807,0.4206962,-0.5682466,0.6243868,0.3320417,
1,15,44.961,0.1710002,1.288258,-0.7377807,0.4206962,-0.5682466,0.6243868,0.3320417,
1,15,44.963,0.1710002,1.288258,-0.7377807,0.4206962,-0.5682466,0.6243868,0.3320417,
1,15,44.965,0.1710002,1.288258,-0.7377807,0.4206962,-0.5682466,0.6243868,0.3320417,
1,15,44.967,0.1710002,1.288258,-0.7377807,0.4206962,-0.5682466,0.6243868,0.3320417,
1,15,44.969,0.1700388,1.287127,-0.7375962,0.4197737,-0.5681903,0.6247532,0.3326159,
1,15,44.971,0.1700388,1.287127,-0.7375962,0.4197737,-0.5681903,0.6247532,0.3326159,
1,15,44.973,0.1700388,1.287127,-0.7375962,0.4197737,-0.5681903,0.6247532,0.3326159,
1,15,44.975,0.1700388,1.287127,-0.7375962,0.4197737,-0.5681903,0.6247532,0.3326159,
1,15,44.977,0.1683222,1.286538,-0.7370174,0.4169772,-0.5676793,0.6264954,0.3337273,
1,15,44.979,0.1683222,1.286538,-0.7370174,0.4169772,-0.5676793,0.6264954,0.3337273,
1,15,44.981,0.1683222,1.286538,-0.7370174,0.4169772,-0.5676793,0.6264954,0.3337273,
1,15,44.983,0.1683222,1.286538,-0.7370174,0.4169772,-0.5676793,0.6264954,0.3337273,
1,15,44.985,0.1670356,1.286395,-0.7364361,0.414243,-0.5674589,0.6281214,0.3344499,
1,15,44.987,0.1670356,1.286395,-0.7364361,0.414243,-0.5674589,0.6281214,0.3344499,
1,15,44.989,0.1670356,1.286395,-0.7364361,0.414243,-0.5674589,0.6281214,0.3344499,
1,15,44.991,0.1670356,1.286395,-0.7364361,0.414243,-0.5674589,0.6281214,0.3344499,
1,15,44.993,0.1656225,1.28608,-0.7356831,0.4110466,-0.5676996,0.6297953,0.3348371,
1,15,44.995,0.1656225,1.28608,-0.7356831,0.4110466,-0.5676996,0.6297953,0.3348371,
1,15,44.997,0.1656225,1.28608,-0.7356831,0.4110466,-0.5676996,0.6297953,0.3348371,
1,15,44.999,0.1656225,1.28608,-0.7356831,0.4110466,-0.5676996,0.6297953,0.3348371,
1,16,45.001,0.1640529,1.286021,-0.734872,0.4073876,-0.5679713,0.6317556,0.335155,CourtExit
1,16,45.003,0.1640529,1.286021,-0.734872,0.4073876,-0.5679713,0.6317556,0.335155,
1,16,45.005,0.1640529,1.286021,-0.734872,0.4073876,-0.5679713,0.6317556,0.335155,
1,16,45.007,0.1640529,1.286021,-0.734872,0.4073876,-0.5679713,0.6317556,0.335155,
1,16,45.009,0.1622962,1.286507,-0.7338352,0.4033135,-0.5681454,0.6341895,0.3351906,
1,16,45.011,0.1622962,1.286507,-0.7338352,0.4033135,-0.5681454,0.6341895,0.3351906,
1,16,45.013,0.1622962,1.286507,-0.7338352,0.4033135,-0.5681454,0.6341895,0.3351906,
1,16,45.015,0.1622962,1.286507,-0.7338352,0.4033135,-0.5681454,0.6341895,0.3351906,
1,16,45.017,0.1622962,1.286507,-0.7338352,0.4033135,-0.5681454,0.6341895,0.3351906,
1,16,45.019,0.1607455,1.286947,-0.7327961,0.400451,-0.5690772,0.6357878,0.3340121,
1,16,45.021,0.1607455,1.286947,-0.7327961,0.400451,-0.5690772,0.6357878,0.3340121,
1,16,45.023,0.1607455,1.286947,-0.7327961,0.400451,-0.5690772,0.6357878,0.3340121,
1,16,45.025,0.1607455,1.286947,-0.7327961,0.400451,-0.5690772,0.6357878,0.3340121,
1,16,45.027,0.1591609,1.287399,-0.7318336,0.3981396,-0.5703679,0.6369385,0.3323774,
1,16,45.029,0.1591609,1.287399,-0.7318336,0.3981396,-0.5703679,0.6369385,0.3323774,
1,16,45.031,0.1591609,1.287399,-0.7318336,0.3981396,-0.5703679,0.6369385,0.3323774,
1,16,45.033,0.1591609,1.287399,-0.7318336,0.3981396,-0.5703679,0.6369385,0.3323774,
1,16,45.035,0.1578363,1.287822,-0.7310224,0.3961818,-0.5718362,0.637704,0.3307217,
1,16,45.037,0.1578363,1.287822,-0.7310224,0.3961818,-0.5718362,0.637704,0.3307217,
1,16,45.039,0.1578363,1.287822,-0.7310224,0.3961818,-0.5718362,0.637704,0.3307217,
1,16,45.041,0.1578363,1.287822,-0.7310224,0.3961818,-0.5718362,0.637704,0.3307217,
1,16,45.043,0.1565156,1.28899,-0.73025,0.3938738,-0.5724429,0.6390683,0.3297945,
1,16,45.045,0.1565156,1.28899,-0.73025,0.3938738,-0.5724429,0.6390683,0.3297945,
1,16,45.047,0.1565156,1.28899,-0.73025,0.3938738,-0.5724429,0.6390683,0.3297945,
1,16,45.049,0.1565156,1.28899,-0.73025,0.3938738,-0.5724429,0.6390683,0.3297945,
1,16,45.051,0.1548672,1.290582,-0.7295366,0.3902779,-0.5729175,0.6408974,0.3296957,
1,16,45.053,0.1548672,1.290582,-0.7295366,0.3902779,-0.5729175,0.6408974,0.3296957,
1,16,45.055,0.1548672,1.290582,-0.7295366,0.3902779,-0.5729175,0.6408974,0.3296957,
1,16,45.057,0.1548672,1.290582,-0.7295366,0.3902779,-0.5729175,0.6408974,0.3296957,
1,16,45.059,0.1541529,1.291728,-0.7296237,0.3875828,-0.5725332,0.6421852,0.331034,
1,16,45.061,0.1541529,1.291728,-0.7296237,0.3875828,-0.5725332,0.6421852,0.331034,
1,16,45.063,0.1541529,1.291728,-0.7296237,0.3875828,-0.5725332,0.6421852,0.331034,
1,16,45.065,0.1541529,1.291728,-0.7296237,0.3875828,-0.5725332,0.6421852,0.331034,
1,16,45.067,0.1541529,1.291728,-0.7296237,0.3875828,-0.5725332,0.6421852,0.331034,
1,16,45.069,0.1536058,1.292614,-0.7298742,0.3847288,-0.5721006,0.6432604,0.3330176,
1,16,45.071,0.1536058,1.292614,-0.7298742,0.3847288,-0.5721006,0.6432604,0.3330176,
1,16,45.073,0.1536058,1.292614,-0.7298742,0.3847288,-0.5721006,0.6432604,0.3330176,
1,16,45.075,0.1536058,1.292614,-0.7298742,0.3847288,-0.5721006,0.6432604,0.3330176,
1,16,45.077,0.1531435,1.29329,-0.7300871,0.3815298,-0.5716565,0.6441777,0.3356771,
1,16,45.079,0.1531435,1.29329,-0.7300871,0.3815298,-0.5716565,0.6441777,0.3356771,
1,16,45.081,0.1531435,1.29329,-0.7300871,0.3815298,-0.5716565,0.6441777,0.3356771,
1,16,45.083,0.1531435,1.29329,-0.7300871,0.3815298,-0.5716565,0.6441777,0.3356771,
1,16,45.085,0.1528644,1.293947,-0.7305913,0.3783915,-0.571018,0.6449332,0.3388502,
1,16,45.087,0.1528644,1.293947,-0.7305913,0.3783915,-0.571018,0.6449332,0.3388502,
1,16,45.089,0.1528644,1.293947,-0.7305913,0.3783915,-0.571018,0.6449332,0.3388502,
1,16,45.091,0.1528644,1.293947,-0.7305913,0.3783915,-0.571018,0.6449332,0.3388502,
1,16,45.093,0.1525581,1.294696,-0.7311744,0.3752268,-0.5702337,0.6456615,0.3422861,
1,16,45.095,0.1525581,1.294696,-0.7311744,0.3752268,-0.5702337,0.6456615,0.3422861,
1,16,45.097,0.1525581,1.294696,-0.7311744,0.3752268,-0.5702337,0.6456615,0.3422861,
1,16,45.099,0.1525581,1.294696,-0.7311744,0.3752268,-0.5702337,0.6456615,0.3422861,
1,16,45.101,0.1525604,1.295178,-0.7319121,0.3726397,-0.5699176,0.6456993,0.3455519,
1,16,45.103,0.1525604,1.295178,-0.7319121,0.3726397,-0.5699176,0.6456993,0.3455519,
1,16,45.105,0.1525604,1.295178,-0.7319121,0.3726397,-0.5699176,0.6456993,0.3455519,
1,16,45.107,0.1525604,1.295178,-0.7319121,0.3726397,-0.5699176,0.6456993,0.3455519,
1,16,45.109,0.1524171,1.295856,-0.7326003,0.370889,-0.569906,0.6454451,0.3479212,
1,16,45.111,0.1524171,1.295856,-0.7326003,0.370889,-0.569906,0.6454451,0.3479212,
1,16,45.113,0.1524171,1.295856,-0.7326003,0.370889,-0.569906,0.6454451,0.3479212,
1,16,45.115,0.1524171,1.295856,-0.7326003,0.370889,-0.569906,0.6454451,0.3479212,
1,16,45.117,0.1524171,1.295856,-0.7326003,0.370889,-0.569906,0.6454451,0.3479212,
1,16,45.119,0.1525893,1.296257,-0.7335667,0.3705624,-0.5706717,0.6441891,0.3493388,
1,16,45.121,0.1525893,1.296257,-0.7335667,0.3705624,-0.5706717,0.6441891,0.3493388,
1,16,45.123,0.1525893,1.296257,-0.7335667,0.3705624,-0.5706717,0.6441891,0.3493388,
1,16,45.125,0.1525893,1.296257,-0.7335667,0.3705624,-0.5706717,0.6441891,0.3493388,
1,16,45.127,0.1525695,1.297176,-0.7347833,0.3711517,-0.5721883,0.6421259,0.3500305,
1,16,45.129,0.1525695,1.297176,-0.7347833,0.3711517,-0.5721883,0.6421259,0.3500305,
1,16,45.131,0.1525695,1.297176,-0.7347833,0.3711517,-0.5721883,0.6421259,0.3500305,
1,16,45.133,0.1525695,1.297176,-0.7347833,0.3711517,-0.5721883,0.6421259,0.3500305,
1,16,45.135,0.1525814,1.297112,-0.735252,0.3723293,-0.5743753,0.6398792,0.3493115,
1,16,45.137,0.1525814,1.297112,-0.735252,0.3723293,-0.5743753,0.6398792,0.3493115,
1,16,45.139,0.1525814,1.297112,-0.735252,0.3723293,-0.5743753,0.6398792,0.3493115,
1,16,45.141,0.1525814,1.297112,-0.735252,0.3723293,-0.5743753,0.6398792,0.3493115,
1,16,45.143,0.1526747,1.29721,-0.7358458,0.3738931,-0.576035,0.6379512,0.3484335,
1,16,45.145,0.1526747,1.29721,-0.7358458,0.3738931,-0.576035,0.6379512,0.3484335,
1,16,45.147,0.1526747,1.29721,-0.7358458,0.3738931,-0.576035,0.6379512,0.3484335,
1,16,45.149,0.1526747,1.29721,-0.7358458,0.3738931,-0.576035,0.6379512,0.3484335,
1,16,45.151,0.1528133,1.297459,-0.7364382,0.3753805,-0.5774062,0.6363339,0.347521,
1,16,45.153,0.1528133,1.297459,-0.7364382,0.3753805,-0.5774062,0.6363339,0.347521,
1,16,45.155,0.1528133,1.297459,-0.7364382,0.3753805,-0.5774062,0.6363339,0.347521,
1,16,45.157,0.1528133,1.297459,-0.7364382,0.3753805,-0.5774062,0.6363339,0.347521,
1,16,45.159,0.1529098,1.29736,-0.7367332,0.3762387,-0.5786445,0.6350918,0.3468046,
1,16,45.161,0.1529098,1.29736,-0.7367332,0.3762387,-0.5786445,0.6350918,0.3468046,
1,16,45.163,0.1529098,1.29736,-0.7367332,0.3762387,-0.5786445,0.6350918,0.3468046,
1,16,45.165,0.1529098,1.29736,-0.7367332,0.3762387,-0.5786445,0.6350918,0.3468046,
1,16,45.167,0.1529098,1.29736,-0.7367332,0.3762387,-0.5786445,0.6350918,0.3468046,
1,16,45.169,0.1530795,1.297176,-0.7370719,0.3767923,-0.579357,0.6343118,0.3464413,
1,16,45.171,0.1530795,1.297176,-0.7370719,0.3767923,-0.579357,0.6343118,0.3464413,
1,16,45.173,0.1530795,1.297176,-0.7370719,0.3767923,-0.579357,0.6343118,0.3464413,
1,16,45.175,0.1530795,1.297176,-0.7370719,0.3767923,-0.579357,0.6343118,0.3464413,
1,16,45.177,0.153209,1.296888,-0.7374438,0.3770322,-0.5795987,0.6339884,0.346368,
1,16,45.179,0.153209,1.296888,-0.7374438,0.3770322,-0.5795987,0.6339884,0.346368,
1,16,45.181,0.153209,1.296888,-0.7374438,0.3770322,-0.5795987,0.6339884,0.346368,
1,16,45.183,0.153209,1.296888,-0.7374438,0.3770322,-0.5795987,0.6339884,0.346368,
1,16,45.185,0.1533667,1.296509,-0.7378035,0.3772245,-0.5795045,0.6339276,0.3464274,
1,16,45.187,0.1533667,1.296509,-0.7378035,0.3772245,-0.5795045,0.6339276,0.3464274,
1,16,45.189,0.1533667,1.296509,-0.7378035,0.3772245,-0.5795045,0.6339276,0.3464274,
1,16,45.191,0.1533667,1.296509,-0.7378035,0.3772245,-0.5795045,0.6339276,0.3464274,
1,16,45.193,0.1535434,1.296046,-0.7381291,0.3776142,-0.5791996,0.6340352,0.346316,
1,16,45.195,0.1535434,1.296046,-0.7381291,0.3776142,-0.5791996,0.6340352,0.346316,
1,16,45.197,0.1535434,1.296046,-0.7381291,0.3776142,-0.5791996,0.6340352,0.346316,
1,16,45.199,0.1535434,1.296046,-0.7381291,0.3776142,-0.5791996,0.6340352,0.346316,
1,16,45.201,0.153709,1.295478,-0.7384428,0.378225,-0.5781804,0.6347489,0.3460448,
1,16,45.203,0.153709,1.295478,-0.7384428,0.378225,-0.5781804,0.6347489,0.3460448,
1,16,45.205,0.153709,1.295478,-0.7384428,0.378225,-0.5781804,0.6347489,0.3460448,
1,16,45.207,0.153709,1.295478,-0.7384428,0.378225,-0.5781804,0.6347489,0.3460448,
1,16,45.209,0.1539655,1.295205,-0.7388277,0.379007,-0.5772276,0.6353198,0.3457324,
1,16,45.211,0.1539655,1.295205,-0.7388277,0.379007,-0.5772276,0.6353198,0.3457324,
1,16,45.213,0.1539655,1.295205,-0.7388277,0.379007,-0.5772276,0.6353198,0.3457324,
1,16,45.215,0.1539655,1.295205,-0.7388277,0.379007,-0.5772276,0.6353198,0.3457324,
1,16,45.217,0.1539655,1.295205,-0.7388277,0.379007,-0.5772276,0.6353198,0.3457324,
1,16,45.219,0.1540572,1.294793,-0.739182,0.380105,-0.5762608,0.6358793,0.3451106,
1,16,45.221,0.1540572,1.294793,-0.739182,0.380105,-0.5762608,0.6358793,0.3451106,
1,16,45.223,0.1540572,1.294793,-0.739182,0.380105,-0.5762608,0.6358793,0.3451106,
1,16,45.225,0.1540572,1.294793,-0.739182,0.380105,-0.5762608,0.6358793,0.3451106,
1,16,45.227,0.1540919,1.294614,-0.7394338,0.3811235,-0.5749669,0.636769,0.3445044,
1,16,45.229,0.1540919,1.294614,-0.7394338,0.3811235,-0.5749669,0.636769,0.3445044,
1,16,45.231,0.1540919,1.294614,-0.7394338,0.3811235,-0.5749669,0.636769,0.3445044,
1,16,45.233,0.1540919,1.294614,-0.7394338,0.3811235,-0.5749669,0.636769,0.3445044,
1,16,45.235,0.1541866,1.294303,-0.7396824,0.3825599,-0.5738907,0.6373382,0.3436528,
1,16,45.237,0.1541866,1.294303,-0.7396824,0.3825599,-0.5738907,0.6373382,0.3436528,
1,16,45.239,0.1541866,1.294303,-0.7396824,0.3825599,-0.5738907,0.6373382,0.3436528,
1,16,45.241,0.1541866,1.294303,-0.7396824,0.3825599,-0.5738907,0.6373382,0.3436528,
1,16,45.243,0.1541542,1.293866,-0.7397838,0.3842823,-0.5730743,0.6377114,0.342399,
1,16,45.245,0.1541542,1.293866,-0.7397838,0.3842823,-0.5730743,0.6377114,0.342399,
1,16,45.247,0.1541542,1.293866,-0.7397838,0.3842823,-0.5730743,0.6377114,0.342399,
1,16,45.249,0.1541542,1.293866,-0.7397838,0.3842823,-0.5730743,0.6377114,0.342399,
1,16,45.251,0.1542184,1.293721,-0.7401767,0.3861592,-0.5719824,0.6380731,0.3414379,
1,16,45.253,0.1542184,1.293721,-0.7401767,0.3861592,-0.5719824,0.6380731,0.3414379,
1,16,45.255,0.1542184,1.293721,-0.7401767,0.3861592,-0.5719824,0.6380731,0.3414379,
1,16,45.257,0.1542184,1.293721,-0.7401767,0.3861592,-0.5719824,0.6380731,0.3414379,
1,16,45.259,0.1542466,1.293501,-0.740558,0.3885904,-0.5712084,0.6380845,0.339951,
1,16,45.261,0.1542466,1.293501,-0.740558,0.3885904,-0.5712084,0.6380845,0.339951,
1,16,45.263,0.1542466,1.293501,-0.740558,0.3885904,-0.5712084,0.6380845,0.339951,
1,16,45.265,0.1542466,1.293501,-0.740558,0.3885904,-0.5712084,0.6380845,0.339951,
1,16,45.267,0.1542466,1.293501,-0.740558,0.3885904,-0.5712084,0.6380845,0.339951,
1,16,45.269,0.1541505,1.293267,-0.7408249,0.3902562,-0.5702216,0.6383849,0.3391346,
1,16,45.271,0.1541505,1.293267,-0.7408249,0.3902562,-0.5702216,0.6383849,0.3391346,
1,16,45.273,0.1541505,1.293267,-0.7408249,0.3902562,-0.5702216,0.6383849,0.3391346,
1,16,45.275,0.1541505,1.293267,-0.7408249,0.3902562,-0.5702216,0.6383849,0.3391346,
1,16,45.277,0.1542175,1.292636,-0.7410982,0.3915587,-0.5693661,0.6385695,0.3387228,
1,16,45.279,0.1542175,1.292636,-0.7410982,0.3915587,-0.5693661,0.6385695,0.3387228,
1,16,45.281,0.1542175,1.292636,-0.7410982,0.3915587,-0.5693661,0.6385695,0.3387228,
1,16,45.283,0.1542175,1.292636,-0.7410982,0.3915587,-0.5693661,0.6385695,0.3387228,
1,16,45.285,0.154225,1.292261,-0.7414677,0.3927863,-0.568449,0.6387812,0.3384423,
1,16,45.287,0.154225,1.292261,-0.7414677,0.3927863,-0.568449,0.6387812,0.3384423,
1,16,45.289,0.154225,1.292261,-0.7414677,0.3927863,-0.568449,0.6387812,0.3384423,
1,16,45.291,0.154225,1.292261,-0.7414677,0.3927863,-0.568449,0.6387812,0.3384423,
1,16,45.293,0.1540657,1.291946,-0.7416677,0.3929601,-0.5672826,0.6394827,0.3388727,
1,16,45.295,0.1540657,1.291946,-0.7416677,0.3929601,-0.5672826,0.6394827,0.3388727,
1,16,45.297,0.1540657,1.291946,-0.7416677,0.3929601,-0.5672826,0.6394827,0.3388727,
1,16,45.299,0.1540657,1.291946,-0.7416677,0.3929601,-0.5672826,0.6394827,0.3388727,
1,16,45.301,0.1538756,1.291331,-0.7418468,0.3925995,-0.5662377,0.6401954,0.3396917,
1,16,45.303,0.1538756,1.291331,-0.7418468,0.3925995,-0.5662377,0.6401954,0.3396917,
1,16,45.305,0.1538756,1.291331,-0.7418468,0.3925995,-0.5662377,0.6401954,0.3396917,
1,16,45.307,0.1538756,1.291331,-0.7418468,0.3925995,-0.5662377,0.6401954,0.3396917,
1,16,45.309,0.1538101,1.290909,-0.7421665,0.392314,-0.5652385,0.6408035,0.3405379,
1,16,45.311,0.1538101,1.290909,-0.7421665,0.392314,-0.5652385,0.6408035,0.3405379,
1,16,45.313,0.1538101,1.290909,-0.7421665,0.392314,-0.5652385,0.6408035,0.3405379,
1,16,45.315,0.1538101,1.290909,-0.7421665,0.392314,-0.5652385,0.6408035,0.3405379,
1,16,45.317,0.1538101,1.290909,-0.7421665,0.392314,-0.5652385,0.6408035,0.3405379,
1,16,45.319,0.1538811,1.290347,-0.7423726,0.3924972,-0.5648296,0.6408477,0.340922,
1,16,45.321,0.1538811,1.290347,-0.7423726,0.3924972,-0.5648296,0.6408477,0.340922,
1,16,45.323,0.1538811,1.290347,-0.7423726,0.3924972,-0.5648296,0.6408477,0.340922,
1,16,45.325,0.1538811,1.290347,-0.7423726,0.3924972,-0.5648296,0.6408477,0.340922,
1,16,45.327,0.1539379,1.289739,-0.7425783,0.3930409,-0.5646535,0.6405713,0.3411065,
1,16,45.329,0.1539379,1.289739,-0.7425783,0.3930409,-0.5646535,0.6405713,0.3411065,
1,16,45.331,0.1539379,1.289739,-0.7425783,0.3930409,-0.5646535,0.6405713,0.3411065,
1,16,45.333,0.1539379,1.289739,-0.7425783,0.3930409,-0.5646535,0.6405713,0.3411065,
1,16,45.335,0.1539337,1.289373,-0.7428775,0.3934124,-0.5643222,0.6404266,0.3414982,
1,16,45.337,0.1539337,1.289373,-0.7428775,0.3934124,-0.5643222,0.6404266,0.3414982,
1,16,45.339,0.1539337,1.289373,-0.7428775,0.3934124,-0.5643222,0.6404266,0.3414982,
1,16,45.341,0.1539337,1.289373,-0.7428775,0.3934124,-0.5643222,0.6404266,0.3414982,
1,16,45.343,0.1539654,1.288819,-0.7429288,0.3935969,-0.5643537,0.6401435,0.3417642,
1,16,45.345,0.1539654,1.288819,-0.7429288,0.3935969,-0.5643537,0.6401435,0.3417642,
1,16,45.347,0.1539654,1.288819,-0.7429288,0.3935969,-0.5643537,0.6401435,0.3417642,
1,16,45.349,0.1539654,1.288819,-0.7429288,0.3935969,-0.5643537,0.6401435,0.3417642,
1,16,45.351,0.1540257,1.288582,-0.7430104,0.3938403,-0.5643171,0.6399277,0.3419483,
1,16,45.353,0.1540257,1.288582,-0.7430104,0.3938403,-0.5643171,0.6399277,0.3419483,
1,16,45.355,0.1540257,1.288582,-0.7430104,0.3938403,-0.5643171,0.6399277,0.3419483,
1,16,45.357,0.1540257,1.288582,-0.7430104,0.3938403,-0.5643171,0.6399277,0.3419483,
1,16,45.359,0.1541638,1.288532,-0.7430879,0.3941968,-0.5643928,0.6396886,0.3418599,
1,16,45.361,0.1541638,1.288532,-0.7430879,0.3941968,-0.5643928,0.6396886,0.3418599,
1,16,45.363,0.1541638,1.288532,-0.7430879,0.3941968,-0.5643928,0.6396886,0.3418599,
1,16,45.365,0.1541638,1.288532,-0.7430879,0.3941968,-0.5643928,0.6396886,0.3418599,
1,16,45.367,0.1541638,1.288532,-0.7430879,0.3941968,-0.5643928,0.6396886,0.3418599,
1,16,45.369,0.1543499,1.288429,-0.743075,0.3945016,-0.5646699,0.639368,0.3416505,
1,16,45.371,0.1543499,1.288429,-0.743075,0.3945016,-0.5646699,0.639368,0.3416505,
1,16,45.373,0.1543499,1.288429,-0.743075,0.3945016,-0.5646699,0.639368,0.3416505,
1,16,45.375,0.1543499,1.288429,-0.743075,0.3945016,-0.5646699,0.639368,0.3416505,
1,16,45.377,0.1545735,1.288403,-0.7430396,0.3947858,-0.5649407,0.6390751,0.3414225,
1,16,45.379,0.1545735,1.288403,-0.7430396,0.3947858,-0.5649407,0.6390751,0.3414225,
1,16,45.381,0.1545735,1.288403,-0.7430396,0.3947858,-0.5649407,0.6390751,0.3414225,
1,16,45.383,0.1545735,1.288403,-0.7430396,0.3947858,-0.5649407,0.6390751,0.3414225,
1,16,45.385,0.1547638,1.288281,-0.742798,0.3947671,-0.5653934,0.6388323,0.3411492,
1,16,45.387,0.1547638,1.288281,-0.742798,0.3947671,-0.5653934,0.6388323,0.3411492,
1,16,45.389,0.1547638,1.288281,-0.742798,0.3947671,-0.5653934,0.6388323,0.3411492,
1,16,45.391,0.1547638,1.288281,-0.742798,0.3947671,-0.5653934,0.6388323,0.3411492,
1,16,45.393,0.1549539,1.288157,-0.7425458,0.3946727,-0.5657961,0.6386504,0.340931,
1,16,45.395,0.1549539,1.288157,-0.7425458,0.3946727,-0.5657961,0.6386504,0.340931,
1,16,45.397,0.1549539,1.288157,-0.7425458,0.3946727,-0.5657961,0.6386504,0.340931,
1,16,45.399,0.1549539,1.288157,-0.7425458,0.3946727,-0.5657961,0.6386504,0.340931,
1,16,45.401,0.1550909,1.287793,-0.7420806,0.3940712,-0.5662641,0.638644,0.3408619,
1,16,45.403,0.1550909,1.287793,-0.7420806,0.3940712,-0.5662641,0.638644,0.3408619,
1,16,45.405,0.1550909,1.287793,-0.7420806,0.3940712,-0.5662641,0.638644,0.3408619,
1,16,45.407,0.1550909,1.287793,-0.7420806,0.3940712,-0.5662641,0.638644,0.3408619,
1,16,45.409,0.1551952,1.287066,-0.7415531,0.3931288,-0.5668229,0.6386272,0.3410526,
1,16,45.411,0.1551952,1.287066,-0.7415531,0.3931288,-0.5668229,0.6386272,0.3410526,
1,16,45.413,0.1551952,1.287066,-0.7415531,0.3931288,-0.5668229,0.6386272,0.3410526,
1,16,45.415,0.1551952,1.287066,-0.7415531,0.3931288,-0.5668229,0.6386272,0.3410526,
1,16,45.417,0.1551952,1.287066,-0.7415531,0.3931288,-0.5668229,0.6386272,0.3410526,
1,16,45.419,0.1554539,1.286597,-0.7411535,0.3924825,-0.5672057,0.6386486,0.3411204,
1,16,45.421,0.1554539,1.286597,-0.7411535,0.3924825,-0.5672057,0.6386486,0.3411204,
1,16,45.423,0.1554539,1.286597,-0.7411535,0.3924825,-0.5672057,0.6386486,0.3411204,
1,16,45.425,0.1554539,1.286597,-0.7411535,0.3924825,-0.5672057,0.6386486,0.3411204,
1,16,45.427,0.1556992,1.285863,-0.7402611,0.390915,-0.5675297,0.6390871,0.3415598,
1,16,45.429,0.1556992,1.285863,-0.7402611,0.390915,-0.5675297,0.6390871,0.3415598,
1,16,45.431,0.1556992,1.285863,-0.7402611,0.390915,-0.5675297,0.6390871,0.3415598,
1,16,45.433,0.1556992,1.285863,-0.7402611,0.390915,-0.5675297,0.6390871,0.3415598,
1,16,45.435,0.1558,1.285407,-0.7396349,0.3898083,-0.567509,0.6395481,0.3419961,
1,16,45.437,0.1558,1.285407,-0.7396349,0.3898083,-0.567509,0.6395481,0.3419961,
1,16,45.439,0.1558,1.285407,-0.7396349,0.3898083,-0.567509,0.6395481,0.3419961,
1,16,45.441,0.1558,1.285407,-0.7396349,0.3898083,-0.567509,0.6395481,0.3419961,
1,16,45.443,0.155986,1.284866,-0.739237,0.3890933,-0.5673945,0.6398436,0.3424473,
1,16,45.445,0.155986,1.284866,-0.739237,0.3890933,-0.5673945,0.6398436,0.3424473,
1,16,45.447,0.155986,1.284866,-0.739237,0.3890933,-0.5673945,0.6398436,0.3424473,
1,16,45.449,0.155986,1.284866,-0.739237,0.3890933,-0.5673945,0.6398436,0.3424473,
1,16,45.451,0.1562417,1.284407,-0.738836,0.3886975,-0.5672144,0.6400768,0.3427592,
1,16,45.453,0.1562417,1.284407,-0.738836,0.3886975,-0.5672144,0.6400768,0.3427592,
1,16,45.455,0.1562417,1.284407,-0.738836,0.3886975,-0.5672144,0.6400768,0.3427592,
1,16,45.457,0.1562417,1.284407,-0.738836,0.3886975,-0.5672144,0.6400768,0.3427592,
1,16,45.459,0.1565204,1.283971,-0.7384828,0.3886251,-0.5670621,0.6402155,0.3428342,
1,16,45.461,0.1565204,1.283971,-0.7384828,0.3886251,-0.5670621,0.6402155,0.3428342,
1,16,45.463,0.1565204,1.283971,-0.7384828,0.3886251,-0.5670621,0.6402155,0.3428342,
1,16,45.465,0.1565204,1.283971,-0.7384828,0.3886251,-0.5670621,0.6402155,0.3428342,
1,16,45.467,0.1565204,1.283971,-0.7384828,0.3886251,-0.5670621,0.6402155,0.3428342,
1,16,45.469,0.1568838,1.28361,-0.7382226,0.3889972,-0.5668442,0.6402662,0.3426776,
1,16,45.471,0.1568838,1.28361,-0.7382226,0.3889972,-0.5668442,0.6402662,0.3426776,
1,16,45.473,0.1568838,1.28361,-0.7382226,0.3889972,-0.5668442,0.6402662,0.3426776,
1,16,45.475,0.1568838,1.28361,-0.7382226,0.3889972,-0.5668442,0.6402662,0.3426776,
1,16,45.477,0.1572046,1.283331,-0.7379459,0.3896444,-0.5665815,0.6403326,0.3422525,
1,16,45.479,0.1572046,1.283331,-0.7379459,0.3896444,-0.5665815,0.6403326,0.3422525,
1,16,45.481,0.1572046,1.283331,-0.7379459,0.3896444,-0.5665815,0.6403326,0.3422525,
1,16,45.483,0.1572046,1.283331,-0.7379459,0.3896444,-0.5665815,0.6403326,0.3422525,
1,16,45.485,0.1572658,1.283207,-0.7376422,0.3901641,-0.5661236,0.6406531,0.3418181,
1,16,45.487,0.1572658,1.283207,-0.7376422,0.3901641,-0.5661236,0.6406531,0.3418181,
1,16,45.489,0.1572658,1.283207,-0.7376422,0.3901641,-0.5661236,0.6406531,0.3418181,
1,16,45.491,0.1572658,1.283207,-0.7376422,0.3901641,-0.5661236,0.6406531,0.3418181,
1,16,45.493,0.1575053,1.282445,-0.7374237,0.3910474,-0.5662631,0.640328,0.3411862,
1,16,45.495,0.1575053,1.282445,-0.7374237,0.3910474,-0.5662631,0.640328,0.3411862,
1,16,45.497,0.1575053,1.282445,-0.7374237,0.3910474,-0.5662631,0.640328,0.3411862,
1,16,45.499,0.1575053,1.282445,-0.7374237,0.3910474,-0.5662631,0.640328,0.3411862,
1,16,45.501,0.1577573,1.282214,-0.7373381,0.3920962,-0.5660858,0.6402237,0.3404719,
1,16,45.503,0.1577573,1.282214,-0.7373381,0.3920962,-0.5660858,0.6402237,0.3404719,
1,16,45.505,0.1577573,1.282214,-0.7373381,0.3920962,-0.5660858,0.6402237,0.3404719,
1,16,45.507,0.1577573,1.282214,-0.7373381,0.3920962,-0.5660858,0.6402237,0.3404719,
1,16,45.509,0.1579745,1.282063,-0.7373229,0.3929801,-0.5656469,0.6403216,0.339998,
1,16,45.511,0.1579745,1.282063,-0.7373229,0.3929801,-0.5656469,0.6403216,0.339998,
1,16,45.513,0.1579745,1.282063,-0.7373229,0.3929801,-0.5656469,0.6403216,0.339998,
1,16,45.515,0.1579745,1.282063,-0.7373229,0.3929801,-0.5656469,0.6403216,0.339998,
1,16,45.517,0.1579745,1.282063,-0.7373229,0.3929801,-0.5656469,0.6403216,0.339998,
1,16,45.519,0.1580217,1.282053,-0.7373508,0.3934166,-0.5648196,0.6408213,0.3399268,
1,16,45.521,0.1580217,1.282053,-0.7373508,0.3934166,-0.5648196,0.6408213,0.3399268,
1,16,45.523,0.1580217,1.282053,-0.7373508,0.3934166,-0.5648196,0.6408213,0.3399268,
1,16,45.525,0.1580217,1.282053,-0.7373508,0.3934166,-0.5648196,0.6408213,0.3399268,
1,16,45.527,0.1580757,1.281761,-0.7373251,0.3934287,-0.5641631,0.6412687,0.3401593,
1,16,45.529,0.1580757,1.281761,-0.7373251,0.3934287,-0.5641631,0.6412687,0.3401593,
1,16,45.531,0.1580757,1.281761,-0.7373251,0.3934287,-0.5641631,0.6412687,0.3401593,
1,16,45.533,0.1580757,1.281761,-0.7373251,0.3934287,-0.5641631,0.6412687,0.3401593,
1,16,45.535,0.1582736,1.281134,-0.7373401,0.3938513,-0.5639197,0.6412531,0.3401032,
1,16,45.537,0.1582736,1.281134,-0.7373401,0.3938513,-0.5639197,0.6412531,0.3401032,
1,16,45.539,0.1582736,1.281134,-0.7373401,0.3938513,-0.5639197,0.6412531,0.3401032,
1,16,45.541,0.1582736,1.281134,-0.7373401,0.3938513,-0.5639197,0.6412531,0.3401032,
1,16,45.543,0.1584956,1.280541,-0.7374325,0.3944345,-0.5637356,0.6411153,0.3399923,
1,16,45.545,0.1584956,1.280541,-0.7374325,0.3944345,-0.5637356,0.6411153,0.3399923,
1,16,45.547,0.1584956,1.280541,-0.7374325,0.3944345,-0.5637356,0.6411153,0.3399923,
1,16,45.549,0.1584956,1.280541,-0.7374325,0.3944345,-0.5637356,0.6411153,0.3399923,
1,16,45.551,0.1587614,1.280157,-0.7376117,0.3949426,-0.5634444,0.6410504,0.3400076,
1,16,45.553,0.1587614,1.280157,-0.7376117,0.3949426,-0.5634444,0.6410504,0.3400076,
1,16,45.555,0.1587614,1.280157,-0.7376117,0.3949426,-0.5634444,0.6410504,0.3400076,
1,16,45.557,0.1587614,1.280157,-0.7376117,0.3949426,-0.5634444,0.6410504,0.3400076,
1,16,45.559,0.1590228,1.280238,-0.737811,0.3955023,-0.5630357,0.6411356,0.3398733,
1,16,45.561,0.1590228,1.280238,-0.737811,0.3955023,-0.5630357,0.6411356,0.3398733,
1,16,45.563,0.1590228,1.280238,-0.737811,0.3955023,-0.5630357,0.6411356,0.3398733,
1,16,45.565,0.1590228,1.280238,-0.737811,0.3955023,-0.5630357,0.6411356,0.3398733,
1,16,45.567,0.1590228,1.280238,-0.737811,0.3955023,-0.5630357,0.6411356,0.3398733,
1,16,45.569,0.159224,1.280308,-0.7379813,0.3960272,-0.5626726,0.6412303,0.3396845,
1,16,45.571,0.159224,1.280308,-0.7379813,0.3960272,-0.5626726,0.6412303,0.3396845,
1,16,45.573,0.159224,1.280308,-0.7379813,0.3960272,-0.5626726,0.6412303,0.3396845,
1,16,45.575,0.159224,1.280308,-0.7379813,0.3960272,-0.5626726,0.6412303,0.3396845,
1,16,45.577,0.159572,1.279964,-0.738106,0.39669,-0.5625851,0.6410729,0.3393534,
1,16,45.579,0.159572,1.279964,-0.738106,0.39669,-0.5625851,0.6410729,0.3393534,
1,16,45.581,0.159572,1.279964,-0.738106,0.39669,-0.5625851,0.6410729,0.3393534,
1,16,45.583,0.159572,1.279964,-0.738106,0.39669,-0.5625851,0.6410729,0.3393534,
1,16,45.585,0.1598626,1.279669,-0.7382386,0.3970107,-0.5626436,0.6409032,0.339202,
1,16,45.587,0.1598626,1.279669,-0.7382386,0.3970107,-0.5626436,0.6409032,0.339202,
1,16,45.589,0.1598626,1.279669,-0.7382386,0.3970107,-0.5626436,0.6409032,0.339202,
1,16,45.591,0.1598626,1.279669,-0.7382386,0.3970107,-0.5626436,0.6409032,0.339202,
1,16,45.593,0.1601058,1.279445,-0.7383377,0.3970975,-0.5626755,0.6408596,0.3391295,
1,16,45.595,0.1601058,1.279445,-0.7383377,0.3970975,-0.5626755,0.6408596,0.3391295,
1,16,45.597,0.1601058,1.279445,-0.7383377,0.3970975,-0.5626755,0.6408596,0.3391295,
1,16,45.599,0.1601058,1.279445,-0.7383377,0.3970975,-0.5626755,0.6408596,0.3391295,
1,16,45.601,0.1603174,1.279277,-0.7384158,0.3968574,-0.5626348,0.6410055,0.3392024,
1,16,45.603,0.1603174,1.279277,-0.7384158,0.3968574,-0.5626348,0.6410055,0.3392024,
1,16,45.605,0.1603174,1.279277,-0.7384158,0.3968574,-0.5626348,0.6410055,0.3392024,
1,16,45.607,0.1603174,1.279277,-0.7384158,0.3968574,-0.5626348,0.6410055,0.3392024,
1,16,45.609,0.1605003,1.279167,-0.7384548,0.3964623,-0.5625798,0.6412306,0.3393303,
1,16,45.611,0.1605003,1.279167,-0.7384548,0.3964623,-0.5625798,0.6412306,0.3393303,
1,16,45.613,0.1605003,1.279167,-0.7384548,0.3964623,-0.5625798,0.6412306,0.3393303,
1,16,45.615,0.1605003,1.279167,-0.7384548,0.3964623,-0.5625798,0.6412306,0.3393303,
1,16,45.617,0.1605003,1.279167,-0.7384548,0.3964623,-0.5625798,0.6412306,0.3393303,
1,16,45.619,0.1606971,1.278993,-0.7384652,0.3960311,-0.5626197,0.6414017,0.339444,
1,16,45.621,0.1606971,1.278993,-0.7384652,0.3960311,-0.5626197,0.6414017,0.339444,
1,16,45.623,0.1606971,1.278993,-0.7384652,0.3960311,-0.5626197,0.6414017,0.339444,
1,16,45.625,0.1606971,1.278993,-0.7384652,0.3960311,-0.5626197,0.6414017,0.339444,
1,16,45.627,0.1609107,1.278832,-0.7384479,0.395642,-0.5627047,0.6415318,0.339511,
1,16,45.629,0.1609107,1.278832,-0.7384479,0.395642,-0.5627047,0.6415318,0.339511,
1,16,45.631,0.1609107,1.278832,-0.7384479,0.395642,-0.5627047,0.6415318,0.339511,
1,16,45.633,0.1609107,1.278832,-0.7384479,0.395642,-0.5627047,0.6415318,0.339511,
1,16,45.635,0.161184,1.278706,-0.7384725,0.3953726,-0.5628544,0.6415589,0.3395257,
1,16,45.637,0.161184,1.278706,-0.7384725,0.3953726,-0.5628544,0.6415589,0.3395257,
1,16,45.639,0.161184,1.278706,-0.7384725,0.3953726,-0.5628544,0.6415589,0.3395257,
1,16,45.641,0.161184,1.278706,-0.7384725,0.3953726,-0.5628544,0.6415589,0.3395257,
1,16,45.643,0.1614158,1.278661,-0.7384383,0.395167,-0.5630173,0.6415747,0.339465,
1,16,45.645,0.1614158,1.278661,-0.7384383,0.395167,-0.5630173,0.6415747,0.339465,
1,16,45.647,0.1614158,1.278661,-0.7384383,0.395167,-0.5630173,0.6415747,0.339465,
1,16,45.649,0.1614158,1.278661,-0.7384383,0.395167,-0.5630173,0.6415747,0.339465,
1,16,45.651,0.1616661,1.278667,-0.7384186,0.3950045,-0.5631785,0.6415622,0.3394102,
1,16,45.653,0.1616661,1.278667,-0.7384186,0.3950045,-0.5631785,0.6415622,0.3394102,
1,16,45.655,0.1616661,1.278667,-0.7384186,0.3950045,-0.5631785,0.6415622,0.3394102,
1,16,45.657,0.1616661,1.278667,-0.7384186,0.3950045,-0.5631785,0.6415622,0.3394102,
1,16,45.659,0.1618524,1.278517,-0.7383221,0.3945352,-0.5633631,0.641601,0.3395763,
1,16,45.661,0.1618524,1.278517,-0.7383221,0.3945352,-0.5633631,0.641601,0.3395763,
1,16,45.663,0.1618524,1.278517,-0.7383221,0.3945352,-0.5633631,0.641601,0.3395763,
1,16,45.665,0.1618524,1.278517,-0.7383221,0.3945352,-0.5633631,0.641601,0.3395763,
1,16,45.667,0.1618524,1.278517,-0.7383221,0.3945352,-0.5633631,0.641601,0.3395763,
1,16,45.669,0.1620902,1.278686,-0.7383863,0.3941224,-0.5634472,0.6417031,0.3397235,
1,16,45.671,0.1620902,1.278686,-0.7383863,0.3941224,-0.5634472,0.6417031,0.3397235,
1,16,45.673,0.1620902,1.278686,-0.7383863,0.3941224,-0.5634472,0.6417031,0.3397235,
1,16,45.675,0.1620902,1.278686,-0.7383863,0.3941224,-0.5634472,0.6417031,0.3397235,
1,16,45.677,0.1623931,1.278954,-0.7383655,0.3938366,-0.5636077,0.6417457,0.3397081,
1,16,45.679,0.1623931,1.278954,-0.7383655,0.3938366,-0.5636077,0.6417457,0.3397081,
1,16,45.681,0.1623931,1.278954,-0.7383655,0.3938366,-0.5636077,0.6417457,0.3397081,
1,16,45.683,0.1623931,1.278954,-0.7383655,0.3938366,-0.5636077,0.6417457,0.3397081,
1,16,45.685,0.1626029,1.279164,-0.7383107,0.3936011,-0.5639358,0.6416753,0.3395695,
1,16,45.687,0.1626029,1.279164,-0.7383107,0.3936011,-0.5639358,0.6416753,0.3395695,
1,16,45.689,0.1626029,1.279164,-0.7383107,0.3936011,-0.5639358,0.6416753,0.3395695,
1,16,45.691,0.1626029,1.279164,-0.7383107,0.3936011,-0.5639358,0.6416753,0.3395695,
1,16,45.693,0.162755,1.279299,-0.7382398,0.393426,-0.5643801,0.64148,0.3394032,
1,16,45.695,0.162755,1.279299,-0.7382398,0.393426,-0.5643801,0.64148,0.3394032,
1,16,45.697,0.162755,1.279299,-0.7382398,0.393426,-0.5643801,0.64148,0.3394032,
1,16,45.699,0.162755,1.279299,-0.7382398,0.393426,-0.5643801,0.64148,0.3394032,
1,16,45.701,0.1628282,1.279488,-0.7380968,0.3932374,-0.5648803,0.6412894,0.3391501,
1,16,45.703,0.1628282,1.279488,-0.7380968,0.3932374,-0.5648803,0.6412894,0.3391501,
1,16,45.705,0.1628282,1.279488,-0.7380968,0.3932374,-0.5648803,0.6412894,0.3391501,
1,16,45.707,0.1628282,1.279488,-0.7380968,0.3932374,-0.5648803,0.6412894,0.3391501,
1,16,45.709,0.1628712,1.279599,-0.7379168,0.3929457,-0.5655284,0.6410244,0.3389087,
1,16,45.711,0.1628712,1.279599,-0.7379168,0.3929457,-0.5655284,0.6410244,0.3389087,
1,16,45.713,0.1628712,1.279599,-0.7379168,0.3929457,-0.5655284,0.6410244,0.3389087,
1,16,45.715,0.1628712,1.279599,-0.7379168,0.3929457,-0.5655284,0.6410244,0.3389087,
1,16,45.717,0.1628712,1.279599,-0.7379168,0.3929457,-0.5655284,0.6410244,0.3389087,
1,16,45.719,0.1629685,1.279974,-0.7379062,0.3927672,-0.565807,0.6409228,0.3388427,
1,16,45.721,0.1629685,1.279974,-0.7379062,0.3927672,-0.565807,0.6409228,0.3388427,
1,16,45.723,0.1629685,1.279974,-0.7379062,0.3927672,-0.565807,0.6409228,0.3388427,
1,16,45.725,0.1629685,1.279974,-0.7379062,0.3927672,-0.565807,0.6409228,0.3388427,
1,16,45.727,0.1630084,1.279981,-0.7376055,0.3923699,-0.5666584,0.6404971,0.338685,
1,16,45.729,0.1630084,1.279981,-0.7376055,0.3923699,-0.5666584,0.6404971,0.338685,
1,16,45.731,0.1630084,1.279981,-0.7376055,0.3923699,-0.5666584,0.6404971,0.338685,
1,16,45.733,0.1630084,1.279981,-0.7376055,0.3923699,-0.5666584,0.6404971,0.338685,
1,16,45.735,0.1630552,1.279919,-0.7374347,0.3921543,-0.5672228,0.6401202,0.3387027,
1,16,45.737,0.1630552,1.279919,-0.7374347,0.3921543,-0.5672228,0.6401202,0.3387027,
1,16,45.739,0.1630552,1.279919,-0.7374347,0.3921543,-0.5672228,0.6401202,0.3387027,
1,16,45.741,0.1630552,1.279919,-0.7374347,0.3921543,-0.5672228,0.6401202,0.3387027,
1,16,45.743,0.163107,1.280128,-0.7372813,0.3920845,-0.5675698,0.6398656,0.3386831,
1,16,45.745,0.163107,1.280128,-0.7372813,0.3920845,-0.5675698,0.6398656,0.3386831,
1,16,45.747,0.163107,1.280128,-0.7372813,0.3920845,-0.5675698,0.6398656,0.3386831,
1,16,45.749,0.163107,1.280128,-0.7372813,0.3920845,-0.5675698,0.6398656,0.3386831,
1,16,45.751,0.1630921,1.280187,-0.7370813,0.3919379,-0.5679053,0.6396078,0.3387774,
1,16,45.753,0.1630921,1.280187,-0.7370813,0.3919379,-0.5679053,0.6396078,0.3387774,
1,16,45.755,0.1630921,1.280187,-0.7370813,0.3919379,-0.5679053,0.6396078,0.3387774,
1,16,45.757,0.1630921,1.280187,-0.7370813,0.3919379,-0.5679053,0.6396078,0.3387774,
1,16,45.759,0.1631834,1.280405,-0.7369649,0.3921373,-0.5682676,0.6392008,0.3387072,
1,16,45.761,0.1631834,1.280405,-0.7369649,0.3921373,-0.5682676,0.6392008,0.3387072,
1,16,45.763,0.1631834,1.280405,-0.7369649,0.3921373,-0.5682676,0.6392008,0.3387072,
1,16,45.765,0.1631834,1.280405,-0.7369649,0.3921373,-0.5682676,0.6392008,0.3387072,
1,16,45.767,0.1631834,1.280405,-0.7369649,0.3921373,-0.5682676,0.6392008,0.3387072,
1,16,45.769,0.1632373,1.28074,-0.7369127,0.392457,-0.5684521,0.6388624,0.3386661,
1,16,45.771,0.1632373,1.28074,-0.7369127,0.392457,-0.5684521,0.6388624,0.3386661,
1,16,45.773,0.1632373,1.28074,-0.7369127,0.392457,-0.5684521,0.6388624,0.3386661,
1,16,45.775,0.1632373,1.28074,-0.7369127,0.392457,-0.5684521,0.6388624,0.3386661,
1,16,45.777,0.163348,1.280879,-0.7368279,0.3927888,-0.568678,0.6384277,0.3387217,
1,16,45.779,0.163348,1.280879,-0.7368279,0.3927888,-0.568678,0.6384277,0.3387217,
1,16,45.781,0.163348,1.280879,-0.7368279,0.3927888,-0.568678,0.6384277,0.3387217,
1,16,45.783,0.163348,1.280879,-0.7368279,0.3927888,-0.568678,0.6384277,0.3387217,
1,16,45.785,0.163381,1.280982,-0.7367358,0.393056,-0.5689142,0.6380269,0.3387704,
1,16,45.787,0.163381,1.280982,-0.7367358,0.393056,-0.5689142,0.6380269,0.3387704,
1,16,45.789,0.163381,1.280982,-0.7367358,0.393056,-0.5689142,0.6380269,0.3387704,
1,16,45.791,0.163381,1.280982,-0.7367358,0.393056,-0.5689142,0.6380269,0.3387704,
1,16,45.793,0.1634104,1.281137,-0.7365927,0.3933232,-0.5690532,0.6376979,0.3388462,
1,16,45.795,0.1634104,1.281137,-0.7365927,0.3933232,-0.5690532,0.6376979,0.3388462,
1,16,45.797,0.1634104,1.281137,-0.7365927,0.3933232,-0.5690532,0.6376979,0.3388462,
1,16,45.799,0.1634104,1.281137,-0.7365927,0.3933232,-0.5690532,0.6376979,0.3388462,
1,16,45.801,0.1635495,1.281066,-0.7364041,0.3939363,-0.569371,0.6370131,0.3388881,
1,16,45.803,0.1635495,1.281066,-0.7364041,0.3939363,-0.569371,0.6370131,0.3388881,
1,16,45.805,0.1635495,1.281066,-0.7364041,0.3939363,-0.569371,0.6370131,0.3388881,
1,16,45.807,0.1635495,1.281066,-0.7364041,0.3939363,-0.569371,0.6370131,0.3388881,
1,16,45.809,0.1636301,1.281142,-0.7362791,0.3943428,-0.5693586,0.6367164,0.3389936,
1,16,45.811,0.1636301,1.281142,-0.7362791,0.3943428,-0.5693586,0.6367164,0.3389936,
1,16,45.813,0.1636301,1.281142,-0.7362791,0.3943428,-0.5693586,0.6367164,0.3389936,
1,16,45.815,0.1636301,1.281142,-0.7362791,0.3943428,-0.5693586,0.6367164,0.3389936,
1,16,45.817,0.1636301,1.281142,-0.7362791,0.3943428,-0.5693586,0.6367164,0.3389936,
1,16,45.819,0.1636118,1.281177,-0.7361025,0.3945277,-0.5693065,0.6365513,0.3391762,
1,16,45.821,0.1636118,1.281177,-0.7361025,0.3945277,-0.5693065,0.6365513,0.3391762,
1,16,45.823,0.1636118,1.281177,-0.7361025,0.3945277,-0.5693065,0.6365513,0.3391762,
1,16,45.825,0.1636118,1.281177,-0.7361025,0.3945277,-0.5693065,0.6365513,0.3391762,
1,16,45.827,0.1634594,1.281259,-0.7358391,0.3944521,-0.5691332,0.6366158,0.3394339,
1,16,45.829,0.1634594,1.281259,-0.7358391,0.3944521,-0.5691332,0.6366158,0.3394339,
1,16,45.831,0.1634594,1.281259,-0.7358391,0.3944521,-0.5691332,0.6366158,0.3394339,
1,16,45.833,0.1634594,1.281259,-0.7358391,0.3944521,-0.5691332,0.6366158,0.3394339,
1,16,45.835,0.1635043,1.281153,-0.7356054,0.3948137,-0.5691714,0.6363755,0.3393997,
1,16,45.837,0.1635043,1.281153,-0.7356054,0.3948137,-0.5691714,0.6363755,0.3393997,
1,16,45.839,0.1635043,1.281153,-0.7356054,0.3948137,-0.5691714,0.6363755,0.3393997,
1,16,45.841,0.1635043,1.281153,-0.7356054,0.3948137,-0.5691714,0.6363755,0.3393997,
1,16,45.843,0.1635518,1.281054,-0.7354654,0.3953878,-0.5691865,0.6360712,0.3392768,
1,16,45.845,0.1635518,1.281054,-0.7354654,0.3953878,-0.5691865,0.6360712,0.3392768,
1,16,45.847,0.1635518,1.281054,-0.7354654,0.3953878,-0.5691865,0.6360712,0.3392768,
1,16,45.849,0.1635518,1.281054,-0.7354654,0.3953878,-0.5691865,0.6360712,0.3392768,
1,16,45.851,0.1636394,1.280946,-0.7354025,0.3959297,-0.5690416,0.6358514,0.3392999,
1,16,45.853,0.1636394,1.280946,-0.7354025,0.3959297,-0.5690416,0.6358514,0.3392999,
1,16,45.855,0.1636394,1.280946,-0.7354025,0.3959297,-0.5690416,0.6358514,0.3392999,
1,16,45.857,0.1636394,1.280946,-0.7354025,0.3959297,-0.5690416,0.6358514,0.3392999,
1,16,45.859,0.1636321,1.280775,-0.7352262,0.3962227,-0.5689283,0.635765,0.3393095,
1,16,45.861,0.1636321,1.280775,-0.7352262,0.3962227,-0.5689283,0.635765,0.3393095,
1,16,45.863,0.1636321,1.280775,-0.7352262,0.3962227,-0.5689283,0.635765,0.3393095,
1,16,45.865,0.1636321,1.280775,-0.7352262,0.3962227,-0.5689283,0.635765,0.3393095,
1,16,45.867,0.1636321,1.280775,-0.7352262,0.3962227,-0.5689283,0.635765,0.3393095,
1,16,45.869,0.1636242,1.280632,-0.7349861,0.3963872,-0.5686735,0.6357952,0.3394881,
1,16,45.871,0.1636242,1.280632,-0.7349861,0.3963872,-0.5686735,0.6357952,0.3394881,
1,16,45.873,0.1636242,1.280632,-0.7349861,0.3963872,-0.5686735,0.6357952,0.3394881,
1,16,45.875,0.1636242,1.280632,-0.7349861,0.3963872,-0.5686735,0.6357952,0.3394881,
1,16,45.877,0.163632,1.280427,-0.734733,0.3964079,-0.5683634,0.6359171,0.3397549,
1,16,45.879,0.163632,1.280427,-0.734733,0.3964079,-0.5683634,0.6359171,0.3397549,
1,16,45.881,0.163632,1.280427,-0.734733,0.3964079,-0.5683634,0.6359171,0.3397549,
1,16,45.883,0.163632,1.280427,-0.734733,0.3964079,-0.5683634,0.6359171,0.3397549,
1,16,45.885,0.1636686,1.280145,-0.7344698,0.3962954,-0.5680194,0.6361115,0.3400971,
1,16,45.887,0.1636686,1.280145,-0.7344698,0.3962954,-0.5680194,0.6361115,0.3400971,
1,16,45.889,0.1636686,1.280145,-0.7344698,0.3962954,-0.5680194,0.6361115,0.3400971,
1,16,45.891,0.1636686,1.280145,-0.7344698,0.3962954,-0.5680194,0.6361115,0.3400971,
1,16,45.893,0.1637402,1.279976,-0.7341923,0.3963532,-0.5676827,0.6363102,0.3402203,
1,16,45.895,0.1637402,1.279976,-0.7341923,0.3963532,-0.5676827,0.6363102,0.3402203,
1,16,45.897,0.1637402,1.279976,-0.7341923,0.3963532,-0.5676827,0.6363102,0.3402203,
1,16,45.899,0.1637402,1.279976,-0.7341923,0.3963532,-0.5676827,0.6363102,0.3402203,
1,16,45.901,0.1638934,1.279907,-0.7340289,0.3967532,-0.5673332,0.6364399,0.3400943,
1,16,45.903,0.1638934,1.279907,-0.7340289,0.3967532,-0.5673332,0.6364399,0.3400943,
1,16,45.905,0.1638934,1.279907,-0.7340289,0.3967532,-0.5673332,0.6364399,0.3400943,
1,16,45.907,0.1638934,1.279907,-0.7340289,0.3967532,-0.5673332,0.6364399,0.3400943,
1,16,45.909,0.1641007,1.279647,-0.7339711,0.397128,-0.5670109,0.6365089,0.3400652,
1,16,45.911,0.1641007,1.279647,-0.7339711,0.397128,-0.5670109,0.6365089,0.3400652,
1,16,45.913,0.1641007,1.279647,-0.7339711,0.397128,-0.5670109,0.6365089,0.3400652,
1,16,45.915,0.1641007,1.279647,-0.7339711,0.397128,-0.5670109,0.6365089,0.3400652,
1,16,45.917,0.1641007,1.279647,-0.7339711,0.397128,-0.5670109,0.6365089,0.3400652,
1,16,45.919,0.16417,1.27933,-0.7338115,0.3970045,-0.5666227,0.6368185,0.340277,
1,16,45.921,0.16417,1.27933,-0.7338115,0.3970045,-0.5666227,0.6368185,0.340277,
1,16,45.923,0.16417,1.27933,-0.7338115,0.3970045,-0.5666227,0.6368185,0.340277,
1,16,45.925,0.16417,1.27933,-0.7338115,0.3970045,-0.5666227,0.6368185,0.340277,
1,16,45.927,0.1643585,1.279198,-0.7336451,0.3971854,-0.5664048,0.6369965,0.3400952,
1,16,45.929,0.1643585,1.279198,-0.7336451,0.3971854,-0.5664048,0.6369965,0.3400952,
1,16,45.931,0.1643585,1.279198,-0.7336451,0.3971854,-0.5664048,0.6369965,0.3400952,
1,16,45.933,0.1643585,1.279198,-0.7336451,0.3971854,-0.5664048,0.6369965,0.3400952,
1,16,45.935,0.1646304,1.278941,-0.7335169,0.3975172,-0.5663669,0.6370064,0.339752,
1,16,45.937,0.1646304,1.278941,-0.7335169,0.3975172,-0.5663669,0.6370064,0.339752,
1,16,45.939,0.1646304,1.278941,-0.7335169,0.3975172,-0.5663669,0.6370064,0.339752,
1,16,45.941,0.1646304,1.278941,-0.7335169,0.3975172,-0.5663669,0.6370064,0.339752,
1,16,45.943,0.1648909,1.278576,-0.733408,0.3978208,-0.5664127,0.6369665,0.3393951,
1,16,45.945,0.1648909,1.278576,-0.733408,0.3978208,-0.5664127,0.6369665,0.3393951,
1,16,45.947,0.1648909,1.278576,-0.733408,0.3978208,-0.5664127,0.6369665,0.3393951,
1,16,45.949,0.1648909,1.278576,-0.733408,0.3978208,-0.5664127,0.6369665,0.3393951,
1,16,45.951,0.165362,1.277776,-0.7331859,0.3982057,-0.5667495,0.6367554,0.338777,
1,16,45.953,0.165362,1.277776,-0.7331859,0.3982057,-0.5667495,0.6367554,0.338777,
1,16,45.955,0.165362,1.277776,-0.7331859,0.3982057,-0.5667495,0.6367554,0.338777,
1,16,45.957,0.165362,1.277776,-0.7331859,0.3982057,-0.5667495,0.6367554,0.338777,
1,16,45.959,0.1655572,1.277688,-0.7331166,0.3982889,-0.566667,0.6369774,0.3383996,
1,16,45.961,0.1655572,1.277688,-0.7331166,0.3982889,-0.566667,0.6369774,0.3383996,
1,16,45.963,0.1655572,1.277688,-0.7331166,0.3982889,-0.566667,0.6369774,0.3383996,
1,16,45.965,0.1655572,1.277688,-0.7331166,0.3982889,-0.566667,0.6369774,0.3383996,
1,16,45.967,0.1655572,1.277688,-0.7331166,0.3982889,-0.566667,0.6369774,0.3383996,
1,16,45.969,0.1657912,1.277471,-0.7330055,0.3981304,-0.5665931,0.63724,0.3382154,
1,16,45.971,0.1657912,1.277471,-0.7330055,0.3981304,-0.5665931,0.63724,0.3382154,
1,16,45.973,0.1657912,1.277471,-0.7330055,0.3981304,-0.5665931,0.63724,0.3382154,
1,16,45.975,0.1657912,1.277471,-0.7330055,0.3981304,-0.5665931,0.63724,0.3382154,
1,16,45.977,0.1659904,1.277325,-0.7329156,0.3977756,-0.5664399,0.637642,0.3381318,
1,16,45.979,0.1659904,1.277325,-0.7329156,0.3977756,-0.5664399,0.637642,0.3381318,
1,16,45.981,0.1659904,1.277325,-0.7329156,0.3977756,-0.5664399,0.637642,0.3381318,
1,16,45.983,0.1659904,1.277325,-0.7329156,0.3977756,-0.5664399,0.637642,0.3381318,
1,16,45.985,0.1661429,1.277258,-0.7328119,0.397379,-0.5662528,0.638109,0.3380305,
1,16,45.987,0.1661429,1.277258,-0.7328119,0.397379,-0.5662528,0.638109,0.3380305,
1,16,45.989,0.1661429,1.277258,-0.7328119,0.397379,-0.5662528,0.638109,0.3380305,
1,16,45.991,0.1661429,1.277258,-0.7328119,0.397379,-0.5662528,0.638109,0.3380305,
1,16,45.993,0.1662406,1.277243,-0.7326933,0.3970107,-0.5661014,0.6385471,0.3378897,
1,16,45.995,0.1662406,1.277243,-0.7326933,0.3970107,-0.5661014,0.6385471,0.3378897,
1,16,45.997,0.1662406,1.277243,-0.7326933,0.3970107,-0.5661014,0.6385471,0.3378897,
1,16,45.999,0.1662406,1.277243,-0.7326933,0.3970107,-0.5661014,0.6385471,0.3378897,
1,16,46.001,0.1663603,1.277315,-0.7326431,0.3967245,-0.5659469,0.6389009,0.3378156,
1,16,46.003,0.1663603,1.277315,-0.7326431,0.3967245,-0.5659469,0.6389009,0.3378156,
1,16,46.005,0.1663603,1.277315,-0.7326431,0.3967245,-0.5659469,0.6389009,0.3378156,
1,16,46.007,0.1663603,1.277315,-0.7326431,0.3967245,-0.5659469,0.6389009,0.3378156,
1,16,46.009,0.1664824,1.277373,-0.7326095,0.3965797,-0.5659078,0.6390839,0.3377051,
1,16,46.011,0.1664824,1.277373,-0.7326095,0.3965797,-0.5659078,0.6390839,0.3377051,
1,16,46.013,0.1664824,1.277373,-0.7326095,0.3965797,-0.5659078,0.6390839,0.3377051,
1,16,46.015,0.1664824,1.277373,-0.7326095,0.3965797,-0.5659078,0.6390839,0.3377051,
1,16,46.017,0.1664824,1.277373,-0.7326095,0.3965797,-0.5659078,0.6390839,0.3377051,
1,16,46.019,0.1666156,1.277541,-0.7325849,0.3965317,-0.5659088,0.6391844,0.3375697,
1,16,46.021,0.1666156,1.277541,-0.7325849,0.3965317,-0.5659088,0.6391844,0.3375697,
1,16,46.023,0.1666156,1.277541,-0.7325849,0.3965317,-0.5659088,0.6391844,0.3375697,
1,16,46.025,0.1666156,1.277541,-0.7325849,0.3965317,-0.5659088,0.6391844,0.3375697,
1,16,46.027,0.1668687,1.277856,-0.732628,0.3965563,-0.5660498,0.6391231,0.3374204,
1,16,46.029,0.1668687,1.277856,-0.732628,0.3965563,-0.5660498,0.6391231,0.3374204,
1,16,46.031,0.1668687,1.277856,-0.732628,0.3965563,-0.5660498,0.6391231,0.3374204,
1,16,46.033,0.1668687,1.277856,-0.732628,0.3965563,-0.5660498,0.6391231,0.3374204,
1,16,46.035,0.1670609,1.278118,-0.7327203,0.3965296,-0.5661759,0.6390184,0.3374385,
1,16,46.037,0.1670609,1.278118,-0.7327203,0.3965296,-0.5661759,0.6390184,0.3374385,
1,16,46.039,0.1670609,1.278118,-0.7327203,0.3965296,-0.5661759,0.6390184,0.3374385,
1,16,46.041,0.1670609,1.278118,-0.7327203,0.3965296,-0.5661759,0.6390184,0.3374385,
1,16,46.043,0.1671984,1.278157,-0.7327173,0.3961892,-0.5663684,0.6389212,0.337699,
1,16,46.045,0.1671984,1.278157,-0.7327173,0.3961892,-0.5663684,0.6389212,0.337699,
1,16,46.047,0.1671984,1.278157,-0.7327173,0.3961892,-0.5663684,0.6389212,0.337699,
1,16,46.049,0.1671984,1.278157,-0.7327173,0.3961892,-0.5663684,0.6389212,0.337699,
1,16,46.051,0.1675329,1.27843,-0.7328807,0.3962171,-0.5666059,0.6386331,0.337813,
1,16,46.053,0.1675329,1.27843,-0.7328807,0.3962171,-0.5666059,0.6386331,0.337813,
1,16,46.055,0.1675329,1.27843,-0.7328807,0.3962171,-0.5666059,0.6386331,0.337813,
1,16,46.057,0.1675329,1.27843,-0.7328807,0.3962171,-0.5666059,0.6386331,0.337813,
1,16,46.059,0.1678124,1.278534,-0.7330468,0.3963288,-0.5671174,0.6381075,0.3378166,
1,16,46.061,0.1678124,1.278534,-0.7330468,0.3963288,-0.5671174,0.6381075,0.3378166,
1,16,46.063,0.1678124,1.278534,-0.7330468,0.3963288,-0.5671174,0.6381075,0.3378166,
1,16,46.065,0.1678124,1.278534,-0.7330468,0.3963288,-0.5671174,0.6381075,0.3378166,
1,16,46.067,0.1678124,1.278534,-0.7330468,0.3963288,-0.5671174,0.6381075,0.3378166,
1,16,46.069,0.1680557,1.278648,-0.7332001,0.3963926,-0.5676666,0.6375993,0.3377791,
1,16,46.071,0.1680557,1.278648,-0.7332001,0.3963926,-0.5676666,0.6375993,0.3377791,
1,16,46.073,0.1680557,1.278648,-0.7332001,0.3963926,-0.5676666,0.6375993,0.3377791,
1,16,46.075,0.1680557,1.278648,-0.7332001,0.3963926,-0.5676666,0.6375993,0.3377791,
1,16,46.077,0.1682549,1.278829,-0.7332821,0.3961635,-0.5681566,0.6372415,0.3378992,
1,16,46.079,0.1682549,1.278829,-0.7332821,0.3961635,-0.5681566,0.6372415,0.3378992,
1,16,46.081,0.1682549,1.278829,-0.7332821,0.3961635,-0.5681566,0.6372415,0.3378992,
1,16,46.083,0.1682549,1.278829,-0.7332821,0.3961635,-0.5681566,0.6372415,0.3378992,
1,16,46.085,0.1682819,1.279357,-0.7332037,0.3951085,-0.5681719,0.6375561,0.3385147,
1,16,46.087,0.1682819,1.279357,-0.7332037,0.3951085,-0.5681719,0.6375561,0.3385147,
1,16,46.089,0.1682819,1.279357,-0.7332037,0.3951085,-0.5681719,0.6375561,0.3385147,
1,16,46.091,0.1682819,1.279357,-0.7332037,0.3951085,-0.5681719,0.6375561,0.3385147,
1,16,46.093,0.1684278,1.279501,-0.7331448,0.3942883,-0.5685078,0.6375322,0.3389518,
1,16,46.095,0.1684278,1.279501,-0.7331448,0.3942883,-0.5685078,0.6375322,0.3389518,
1,16,46.097,0.1684278,1.279501,-0.7331448,0.3942883,-0.5685078,0.6375322,0.3389518,
1,16,46.099,0.1684278,1.279501,-0.7331448,0.3942883,-0.5685078,0.6375322,0.3389518,
1,16,46.101,0.1685675,1.279425,-0.7328756,0.3931274,-0.5692068,0.6374211,0.3393358,
1,16,46.103,0.1685675,1.279425,-0.7328756,0.3931274,-0.5692068,0.6374211,0.3393358,
1,16,46.105,0.1685675,1.279425,-0.7328756,0.3931274,-0.5692068,0.6374211,0.3393358,
1,16,46.107,0.1685675,1.279425,-0.7328756,0.3931274,-0.5692068,0.6374211,0.3393358,
1,16,46.109,0.1687242,1.279661,-0.7327757,0.3927671,-0.5695552,0.6373311,0.3393375,
1,16,46.111,0.1687242,1.279661,-0.7327757,0.3927671,-0.5695552,0.6373311,0.3393375,
1,16,46.113,0.1687242,1.279661,-0.7327757,0.3927671,-0.5695552,0.6373311,0.3393375,
1,16,46.115,0.1687242,1.279661,-0.7327757,0.3927671,-0.5695552,0.6373311,0.3393375,
1,16,46.117,0.1687242,1.279661,-0.7327757,0.3927671,-0.5695552,0.6373311,0.3393375,
1,16,46.119,0.1688403,1.280054,-0.7326983,0.3926774,-0.5698947,0.6372262,0.3390684,
1,16,46.121,0.1688403,1.280054,-0.7326983,0.3926774,-0.5698947,0.6372262,0.3390684,
1,16,46.123,0.1688403,1.280054,-0.7326983,0.3926774,-0.5698947,0.6372262,0.3390684,
1,16,46.125,0.1688403,1.280054,-0.7326983,0.3926774,-0.5698947,0.6372262,0.3390684,
1,16,46.127,0.1689393,1.280228,-0.7325956,0.3925408,-0.5702663,0.6371083,0.3388233,
1,16,46.129,0.1689393,1.280228,-0.7325956,0.3925408,-0.5702663,0.6371083,0.3388233,
1,16,46.131,0.1689393,1.280228,-0.7325956,0.3925408,-0.5702663,0.6371083,0.3388233,
1,16,46.133,0.1689393,1.280228,-0.7325956,0.3925408,-0.5702663,0.6371083,0.3388233,
1,16,46.135,0.1690061,1.280182,-0.7324716,0.3924164,-0.5707052,0.6369179,0.338586,
1,16,46.137,0.1690061,1.280182,-0.7324716,0.3924164,-0.5707052,0.6369179,0.338586,
1,16,46.139,0.1690061,1.280182,-0.7324716,0.3924164,-0.5707052,0.6369179,0.338586,
1,16,46.141,0.1690061,1.280182,-0.7324716,0.3924164,-0.5707052,0.6369179,0.338586,
1,16,46.143,0.1691338,1.27997,-0.7323599,0.3925817,-0.5713311,0.6365208,0.3380853,
1,16,46.145,0.1691338,1.27997,-0.7323599,0.3925817,-0.5713311,0.6365208,0.3380853,
1,16,46.147,0.1691338,1.27997,-0.7323599,0.3925817,-0.5713311,0.6365208,0.3380853,
1,16,46.149,0.1691338,1.27997,-0.7323599,0.3925817,-0.5713311,0.6365208,0.3380853,
1,16,46.151,0.1691555,1.279992,-0.7321973,0.3925094,-0.5716748,0.6364103,0.3377962,
1,16,46.153,0.1691555,1.279992,-0.7321973,0.3925094,-0.5716748,0.6364103,0.3377962,
1,16,46.155,0.1691555,1.279992,-0.7321973,0.3925094,-0.5716748,0.6364103,0.3377962,
1,16,46.157,0.1691555,1.279992,-0.7321973,0.3925094,-0.5716748,0.6364103,0.3377962,
1,16,46.159,0.1690946,1.280191,-0.7321125,0.3922488,-0.5716408,0.6365755,0.3378451,
1,16,46.161,0.1690946,1.280191,-0.7321125,0.3922488,-0.5716408,0.6365755,0.3378451,
1,16,46.163,0.1690946,1.280191,-0.7321125,0.3922488,-0.5716408,0.6365755,0.3378451,
1,16,46.165,0.1690946,1.280191,-0.7321125,0.3922488,-0.5716408,0.6365755,0.3378451,
1,16,46.167,0.1690946,1.280191,-0.7321125,0.3922488,-0.5716408,0.6365755,0.3378451,
1,16,46.169,0.1690496,1.280364,-0.7320929,0.3920647,-0.5714909,0.6367519,0.33798,
1,16,46.171,0.1690496,1.280364,-0.7320929,0.3920647,-0.5714909,0.6367519,0.33798,
1,16,46.173,0.1690496,1.280364,-0.7320929,0.3920647,-0.5714909,0.6367519,0.33798,
1,16,46.175,0.1690496,1.280364,-0.7320929,0.3920647,-0.5714909,0.6367519,0.33798,
1,16,46.177,0.1690525,1.2805,-0.7320973,0.392114,-0.5712925,0.6368427,0.3380873,
1,16,46.179,0.1690525,1.2805,-0.7320973,0.392114,-0.5712925,0.6368427,0.3380873,
1,16,46.181,0.1690525,1.2805,-0.7320973,0.392114,-0.5712925,0.6368427,0.3380873,CourtEnter
1,16,46.183,0.1690525,1.2805,-0.7320973,0.392114,-0.5712925,0.6368427,0.3380873,
1,16,46.185,0.1690473,1.280578,-0.732176,0.3923173,-0.571115,0.6368445,0.3381479,
1,16,46.187,0.1690473,1.280578,-0.732176,0.3923173,-0.571115,0.6368445,0.3381479,
1,16,46.189,0.1690473,1.280578,-0.732176,0.3923173,-0.571115,0.6368445,0.3381479,CourtExit
1,16,46.191,0.1690473,1.280578,-0.732176,0.3923173,-0.571115,0.6368445,0.3381479,
1,16,46.193,0.1690508,1.280602,-0.7322769,0.3926131,-0.5709851,0.63678,0.3381456,
1,16,46.195,0.1690508,1.280602,-0.7322769,0.3926131,-0.5709851,0.63678,0.3381456,
1,16,46.197,0.1690508,1.280602,-0.7322769,0.3926131,-0.5709851,0.63678,0.3381456,
1,16,46.199,0.1690508,1.280602,-0.7322769,0.3926131,-0.5709851,0.63678,0.3381456,
1,16,46.201,0.1690137,1.280602,-0.7323346,0.3929801,-0.570937,0.6366447,0.3380547,
1,16,46.203,0.1690137,1.280602,-0.7323346,0.3929801,-0.570937,0.6366447,0.3380547,
1,16,46.205,0.1690137,1.280602,-0.7323346,0.3929801,-0.570937,0.6366447,0.3380547,
1,16,46.207,0.1690137,1.280602,-0.7323346,0.3929801,-0.570937,0.6366447,0.3380547,
1,16,46.209,0.1689725,1.280683,-0.7324806,0.3933972,-0.570756,0.6365609,0.3380332,
1,16,46.211,0.1689725,1.280683,-0.7324806,0.3933972,-0.570756,0.6365609,0.3380332,
1,16,46.213,0.1689725,1.280683,-0.7324806,0.3933972,-0.570756,0.6365609,0.3380332,
1,16,46.215,0.1689725,1.280683,-0.7324806,0.3933972,-0.570756,0.6365609,0.3380332,
1,16,46.217,0.1689725,1.280683,-0.7324806,0.3933972,-0.570756,0.6365609,0.3380332,
1,16,46.219,0.1688178,1.280972,-0.7325058,0.3933952,-0.5703582,0.6368178,0.3382233,
1,16,46.221,0.1688178,1.280972,-0.7325058,0.3933952,-0.5703582,0.6368178,0.3382233,
1,16,46.223,0.1688178,1.280972,-0.7325058,0.3933952,-0.5703582,0.6368178,0.3382233,
1,16,46.225,0.1688178,1.280972,-0.7325058,0.3933952,-0.5703582,0.6368178,0.3382233,
1,16,46.227,0.1687737,1.281025,-0.7325974,0.3936676,-0.5701423,0.6368191,0.3382678,
1,16,46.229,0.1687737,1.281025,-0.7325974,0.3936676,-0.5701423,0.6368191,0.3382678,
1,16,46.231,0.1687737,1.281025,-0.7325974,0.3936676,-0.5701423,0.6368191,0.3382678,
1,16,46.233,0.1687737,1.281025,-0.7325974,0.3936676,-0.5701423,0.6368191,0.3382678,
1,16,46.235,0.1687235,1.281027,-0.7326425,0.3939099,-0.5700428,0.6367862,0.3382154,
1,16,46.237,0.1687235,1.281027,-0.7326425,0.3939099,-0.5700428,0.6367862,0.3382154,
1,16,46.239,0.1687235,1.281027,-0.7326425,0.3939099,-0.5700428,0.6367862,0.3382154,
1,16,46.241,0.1687235,1.281027,-0.7326425,0.3939099,-0.5700428,0.6367862,0.3382154,
1,16,46.243,0.168722,1.281009,-0.7328013,0.3941842,-0.5698281,0.6367396,0.3383452,
1,16,46.245,0.168722,1.281009,-0.7328013,0.3941842,-0.5698281,0.6367396,0.3383452,
1,16,46.247,0.168722,1.281009,-0.7328013,0.3941842,-0.5698281,0.6367396,0.3383452,
1,16,46.249,0.168722,1.281009,-0.7328013,0.3941842,-0.5698281,0.6367396,0.3383452,
1,16,46.251,0.1686777,1.280995,-0.7329293,0.3943394,-0.5696814,0.6367539,0.3383844,
1,16,46.253,0.1686777,1.280995,-0.7329293,0.3943394,-0.5696814,0.6367539,0.3383844,
1,16,46.255,0.1686777,1.280995,-0.7329293,0.3943394,-0.5696814,0.6367539,0.3383844,
1,16,46.257,0.1686777,1.280995,-0.7329293,0.3943394,-0.5696814,0.6367539,0.3383844,
1,16,46.259,0.1686202,1.280856,-0.732936,0.3944182,-0.5695959,0.6367727,0.3384011,
1,16,46.261,0.1686202,1.280856,-0.732936,0.3944182,-0.5695959,0.6367727,0.3384011,
1,16,46.263,0.1686202,1.280856,-0.732936,0.3944182,-0.5695959,0.6367727,0.3384011,
1,16,46.265,0.1686202,1.280856,-0.732936,0.3944182,-0.5695959,0.6367727,0.3384011,
1,16,46.267,0.1686202,1.280856,-0.732936,0.3944182,-0.5695959,0.6367727,0.3384011,
1,16,46.269,0.1686409,1.280705,-0.7330092,0.3945882,-0.5694691,0.6367639,0.3384331,
1,16,46.271,0.1686409,1.280705,-0.7330092,0.3945882,-0.5694691,0.6367639,0.3384331,
1,16,46.273,0.1686409,1.280705,-0.7330092,0.3945882,-0.5694691,0.6367639,0.3384331,
1,16,46.275,0.1686409,1.280705,-0.7330092,0.3945882,-0.5694691,0.6367639,0.3384331,
1,16,46.277,0.1686244,1.280485,-0.733026,0.3947307,-0.5694292,0.6367712,0.3383203,
1,16,46.279,0.1686244,1.280485,-0.733026,0.3947307,-0.5694292,0.6367712,0.3383203,
1,16,46.281,0.1686244,1.280485,-0.733026,0.3947307,-0.5694292,0.6367712,0.3383203,
1,16,46.283,0.1686244,1.280485,-0.733026,0.3947307,-0.5694292,0.6367712,0.3383203,
1,16,46.285,0.1685444,1.280169,-0.732939,0.3947448,-0.5694025,0.6368423,0.3382149,
1,16,46.287,0.1685444,1.280169,-0.732939,0.3947448,-0.5694025,0.6368423,0.3382149,
1,16,46.289,0.1685444,1.280169,-0.732939,0.3947448,-0.5694025,0.6368423,0.3382149,
1,16,46.291,0.1685444,1.280169,-0.732939,0.3947448,-0.5694025,0.6368423,0.3382149,
1,16,46.293,0.1684717,1.279752,-0.7328882,0.3948102,-0.5694045,0.6368561,0.3381091,
1,16,46.295,0.1684717,1.279752,-0.7328882,0.3948102,-0.5694045,0.6368561,0.3381091,
1,16,46.297,0.1684717,1.279752,-0.7328882,0.3948102,-0.5694045,0.6368561,0.3381091,
1,16,46.299,0.1684717,1.279752,-0.7328882,0.3948102,-0.5694045,0.6368561,0.3381091,
1,16,46.301,0.1684332,1.279554,-0.73287,0.3951692,-0.569359,0.6368635,0.3377522,
1,16,46.303,0.1684332,1.279554,-0.73287,0.3951692,-0.569359,0.6368635,0.3377522,
1,16,46.305,0.1684332,1.279554,-0.73287,0.3951692,-0.569359,0.6368635,0.3377522,
1,16,46.307,0.1684332,1.279554,-0.73287,0.3951692,-0.569359,0.6368635,0.3377522,
1,16,46.309,0.1684483,1.279578,-0.7328949,0.3961071,-0.5693846,0.6366742,0.3369664,
1,16,46.311,0.1684483,1.279578,-0.7328949,0.3961071,-0.5693846,0.6366742,0.3369664,
1,16,46.313,0.1684483,1.279578,-0.7328949,0.3961071,-0.5693846,0.6366742,0.3369664,
1,16,46.315,0.1684483,1.279578,-0.7328949,0.3961071,-0.5693846,0.6366742,0.3369664,
1,16,46.317,0.1684483,1.279578,-0.7328949,0.3961071,-0.5693846,0.6366742,0.3369664,
1,16,46.319,0.1684465,1.279488,-0.7329594,0.3974994,-0.5695181,0.636256,0.3358896,
1,16,46.321,0.1684465,1.279488,-0.7329594,0.3974994,-0.5695181,0.636256,0.3358896,
1,16,46.323,0.1684465,1.279488,-0.7329594,0.3974994,-0.5695181,0.636256,0.3358896,
1,16,46.325,0.1684465,1.279488,-0.7329594,0.3974994,-0.5695181,0.636256,0.3358896,
1,16,46.327,0.1685421,1.279223,-0.7330569,0.3991852,-0.5697213,0.6356099,0.3347669,
1,16,46.329,0.1685421,1.279223,-0.7330569,0.3991852,-0.5697213,0.6356099,0.3347669,
1,16,46.331,0.1685421,1.279223,-0.7330569,0.3991852,-0.5697213,0.6356099,0.3347669,
1,16,46.333,0.1685421,1.279223,-0.7330569,0.3991852,-0.5697213,0.6356099,0.3347669,
1,16,46.335,0.168565,1.279062,-0.7331234,0.4006292,-0.5697303,0.6351725,0.3338556,
1,16,46.337,0.168565,1.279062,-0.7331234,0.4006292,-0.5697303,0.6351725,0.3338556,
1,16,46.339,0.168565,1.279062,-0.7331234,0.4006292,-0.5697303,0.6351725,0.3338556,
1,16,46.341,0.168565,1.279062,-0.7331234,0.4006292,-0.5697303,0.6351725,0.3338556,
1,16,46.343,0.1686133,1.278681,-0.7331791,0.4018377,-0.569701,0.634757,0.333243,
1,16,46.345,0.1686133,1.278681,-0.7331791,0.4018377,-0.569701,0.634757,0.333243,
1,16,46.347,0.1686133,1.278681,-0.7331791,0.4018377,-0.569701,0.634757,0.333243,
1,16,46.349,0.1686133,1.278681,-0.7331791,0.4018377,-0.569701,0.634757,0.333243,
1,16,46.351,0.1689358,1.277663,-0.7334377,0.4037714,-0.5700919,0.6336524,0.3323381,
1,16,46.353,0.1689358,1.277663,-0.7334377,0.4037714,-0.5700919,0.6336524,0.3323381,
1,16,46.355,0.1689358,1.277663,-0.7334377,0.4037714,-0.5700919,0.6336524,0.3323381,
1,16,46.357,0.1689358,1.277663,-0.7334377,0.4037714,-0.5700919,0.6336524,0.3323381,
1,16,46.359,0.1689176,1.277247,-0.7336785,0.4047568,-0.5697041,0.6335029,0.3320893,
1,16,46.361,0.1689176,1.277247,-0.7336785,0.4047568,-0.5697041,0.6335029,0.3320893,
1,16,46.363,0.1689176,1.277247,-0.7336785,0.4047568,-0.5697041,0.6335029,0.3320893,
1,16,46.365,0.1689176,1.277247,-0.7336785,0.4047568,-0.5697041,0.6335029,0.3320893,
1,16,46.367,0.1689176,1.277247,-0.7336785,0.4047568,-0.5697041,0.6335029,0.3320893,
1,16,46.369,0.1690337,1.277153,-0.7339696,0.4052658,-0.5687006,0.633918,0.3323963,
1,16,46.371,0.1690337,1.277153,-0.7339696,0.4052658,-0.5687006,0.633918,0.3323963,
1,16,46.373,0.1690337,1.277153,-0.7339696,0.4052658,-0.5687006,0.633918,0.3323963,
1,16,46.375,0.1690337,1.277153,-0.7339696,0.4052658,-0.5687006,0.633918,0.3323963,
1,16,46.377,0.1690937,1.276906,-0.7342256,0.4057256,-0.5677925,0.6343362,0.3325897,
1,16,46.379,0.1690937,1.276906,-0.7342256,0.4057256,-0.5677925,0.6343362,0.3325897,
1,16,46.381,0.1690937,1.276906,-0.7342256,0.4057256,-0.5677925,0.6343362,0.3325897,
1,16,46.383,0.1690937,1.276906,-0.7342256,0.4057256,-0.5677925,0.6343362,0.3325897,
1,16,46.385,0.1690019,1.276484,-0.7344242,0.4063154,-0.5671629,0.6345733,0.3324917,
1,16,46.387,0.1690019,1.276484,-0.7344242,0.4063154,-0.5671629,0.6345733,0.3324917,
1,16,46.389,0.1690019,1.276484,-0.7344242,0.4063154,-0.5671629,0.6345733,0.3324917,
1,16,46.391,0.1690019,1.276484,-0.7344242,0.4063154,-0.5671629,0.6345733,0.3324917,
1,16,46.393,0.1689097,1.276044,-0.7346252,0.4070345,-0.5666898,0.6346971,0.3321823,
1,16,46.395,0.1689097,1.276044,-0.7346252,0.4070345,-0.5666898,0.6346971,0.3321823,
1,16,46.397,0.1689097,1.276044,-0.7346252,0.4070345,-0.5666898,0.6346971,0.3321823,
1,16,46.399,0.1689097,1.276044,-0.7346252,0.4070345,-0.5666898,0.6346971,0.3321823,
1,16,46.401,0.1689336,1.275404,-0.7346491,0.4078041,-0.5664694,0.6347142,0.3315817,
1,16,46.403,0.1689336,1.275404,-0.7346491,0.4078041,-0.5664694,0.6347142,0.3315817,
1,16,46.405,0.1689336,1.275404,-0.7346491,0.4078041,-0.5664694,0.6347142,0.3315817,
1,16,46.407,0.1689336,1.275404,-0.7346491,0.4078041,-0.5664694,0.6347142,0.3315817,
1,16,46.409,0.1689485,1.274588,-0.7347462,0.4085853,-0.5664917,0.634525,0.3309433,
1,16,46.411,0.1689485,1.274588,-0.7347462,0.4085853,-0.5664917,0.634525,0.3309433,
1,16,46.413,0.1689485,1.274588,-0.7347462,0.4085853,-0.5664917,0.634525,0.3309433,
1,16,46.415,0.1689485,1.274588,-0.7347462,0.4085853,-0.5664917,0.634525,0.3309433,
1,16,46.417,0.1689485,1.274588,-0.7347462,0.4085853,-0.5664917,0.634525,0.3309433,
1,16,46.419,0.1689626,1.273968,-0.7349417,0.4092025,-0.5662645,0.6345916,0.3304411,
1,16,46.421,0.1689626,1.273968,-0.7349417,0.4092025,-0.5662645,0.6345916,0.3304411,
1,16,46.423,0.1689626,1.273968,-0.7349417,0.4092025,-0.5662645,0.6345916,0.3304411,
1,16,46.425,0.1689626,1.273968,-0.7349417,0.4092025,-0.5662645,0.6345916,0.3304411,
1,16,46.427,0.1689813,1.273063,-0.7350292,0.4094228,-0.5661793,0.6346796,0.3301454,
1,16,46.429,0.1689813,1.273063,-0.7350292,0.4094228,-0.5661793,0.6346796,0.3301454,
1,16,46.431,0.1689813,1.273063,-0.7350292,0.4094228,-0.5661793,0.6346796,0.3301454,
1,16,46.433,0.1689813,1.273063,-0.7350292,0.4094228,-0.5661793,0.6346796,0.3301454,
1,16,46.435,0.1690481,1.272174,-0.734859,0.4095091,-0.566081,0.6349561,0.3296745,
1,16,46.437,0.1690481,1.272174,-0.734859,0.4095091,-0.566081,0.6349561,0.3296745,
1,16,46.439,0.1690481,1.272174,-0.734859,0.4095091,-0.566081,0.6349561,0.3296745,
1,16,46.441,0.1690481,1.272174,-0.734859,0.4095091,-0.566081,0.6349561,0.3296745,
1,16,46.443,0.1692782,1.270924,-0.7347662,0.4096317,-0.5663872,0.6348314,0.3292363,
1,16,46.445,0.1692782,1.270924,-0.7347662,0.4096317,-0.5663872,0.6348314,0.3292363,
1,16,46.447,0.1692782,1.270924,-0.7347662,0.4096317,-0.5663872,0.6348314,0.3292363,
1,16,46.449,0.1692782,1.270924,-0.7347662,0.4096317,-0.5663872,0.6348314,0.3292363,
1,16,46.451,0.1696271,1.269702,-0.7346441,0.4099066,-0.566806,0.6346229,0.3285747,
1,16,46.453,0.1696271,1.269702,-0.7346441,0.4099066,-0.566806,0.6346229,0.3285747,
1,16,46.455,0.1696271,1.269702,-0.7346441,0.4099066,-0.566806,0.6346229,0.3285747,
1,16,46.457,0.1696271,1.269702,-0.7346441,0.4099066,-0.566806,0.6346229,0.3285747,
1,16,46.459,0.1699002,1.268636,-0.7344976,0.410381,-0.5672338,0.6344528,0.3275713,
1,16,46.461,0.1699002,1.268636,-0.7344976,0.410381,-0.5672338,0.6344528,0.3275713,
1,16,46.463,0.1699002,1.268636,-0.7344976,0.410381,-0.5672338,0.6344528,0.3275713,
1,16,46.465,0.1699002,1.268636,-0.7344976,0.410381,-0.5672338,0.6344528,0.3275713,
1,16,46.467,0.1699002,1.268636,-0.7344976,0.410381,-0.5672338,0.6344528,0.3275713,
1,16,46.469,0.1702351,1.267551,-0.7341122,0.4106469,-0.5676653,0.6344135,0.3265652,
1,16,46.471,0.1702351,1.267551,-0.7341122,0.4106469,-0.5676653,0.6344135,0.3265652,
1,16,46.473,0.1702351,1.267551,-0.7341122,0.4106469,-0.5676653,0.6344135,0.3265652,
1,16,46.475,0.1702351,1.267551,-0.7341122,0.4106469,-0.5676653,0.6344135,0.3265652,
1,16,46.477,0.1706813,1.266195,-0.7336728,0.4107514,-0.5681775,0.634313,0.3257369,
1,16,46.479,0.1706813,1.266195,-0.7336728,0.4107514,-0.5681775,0.634313,0.3257369,
1,16,46.481,0.1706813,1.266195,-0.7336728,0.4107514,-0.5681775,0.634313,0.3257369,
1,16,46.483,0.1706813,1.266195,-0.7336728,0.4107514,-0.5681775,0.634313,0.3257369,
1,16,46.485,0.1711361,1.265149,-0.7332069,0.4107219,-0.568283,0.6345707,0.3250875,
1,16,46.487,0.1711361,1.265149,-0.7332069,0.4107219,-0.568283,0.6345707,0.3250875,
1,16,46.489,0.1711361,1.265149,-0.7332069,0.4107219,-0.568283,0.6345707,0.3250875,
1,16,46.491,0.1711361,1.265149,-0.7332069,0.4107219,-0.568283,0.6345707,0.3250875,
1,16,46.493,0.1718606,1.264185,-0.7327054,0.4107597,-0.5682534,0.6348644,0.3245177,
1,16,46.495,0.1718606,1.264185,-0.7327054,0.4107597,-0.5682534,0.6348644,0.3245177,
1,16,46.497,0.1718606,1.264185,-0.7327054,0.4107597,-0.5682534,0.6348644,0.3245177,
1,16,46.499,0.1718606,1.264185,-0.7327054,0.4107597,-0.5682534,0.6348644,0.3245177,
1,16,46.501,0.1726717,1.263003,-0.7323611,0.4113201,-0.5686634,0.6345234,0.3237559,
1,16,46.503,0.1726717,1.263003,-0.7323611,0.4113201,-0.5686634,0.6345234,0.3237559,
1,16,46.505,0.1726717,1.263003,-0.7323611,0.4113201,-0.5686634,0.6345234,0.3237559,
1,16,46.507,0.1726717,1.263003,-0.7323611,0.4113201,-0.5686634,0.6345234,0.3237559,
1,16,46.509,0.1732343,1.262311,-0.7319554,0.4119017,-0.5688235,0.6344515,0.3228748,
1,16,46.511,0.1732343,1.262311,-0.7319554,0.4119017,-0.5688235,0.6344515,0.3228748,
1,16,46.513,0.1732343,1.262311,-0.7319554,0.4119017,-0.5688235,0.6344515,0.3228748,
1,16,46.515,0.1732343,1.262311,-0.7319554,0.4119017,-0.5688235,0.6344515,0.3228748,
1,16,46.517,0.1732343,1.262311,-0.7319554,0.4119017,-0.5688235,0.6344515,0.3228748,
1,16,46.519,0.1739384,1.261872,-0.7315654,0.4123327,-0.5688009,0.6344627,0.3223419,
1,16,46.521,0.1739384,1.261872,-0.7315654,0.4123327,-0.5688009,0.6344627,0.3223419,
1,16,46.523,0.1739384,1.261872,-0.7315654,0.4123327,-0.5688009,0.6344627,0.3223419,
1,16,46.525,0.1739384,1.261872,-0.7315654,0.4123327,-0.5688009,0.6344627,0.3223419,
1,16,46.527,0.1746932,1.26151,-0.7312103,0.4126021,-0.5686427,0.6345446,0.3221153,
1,16,46.529,0.1746932,1.26151,-0.7312103,0.4126021,-0.5686427,0.6345446,0.3221153,
1,16,46.531,0.1746932,1.26151,-0.7312103,0.4126021,-0.5686427,0.6345446,0.3221153,
1,16,46.533,0.1746932,1.26151,-0.7312103,0.4126021,-0.5686427,0.6345446,0.3221153,
1,16,46.535,0.1753683,1.261016,-0.7307874,0.4127618,-0.5688365,0.6343446,0.3219625,
1,16,46.537,0.1753683,1.261016,-0.7307874,0.4127618,-0.5688365,0.6343446,0.3219625,
1,16,46.539,0.1753683,1.261016,-0.7307874,0.4127618,-0.5688365,0.6343446,0.3219625,
1,16,46.541,0.1753683,1.261016,-0.7307874,0.4127618,-0.5688365,0.6343446,0.3219625,
1,16,46.543,0.1760528,1.260636,-0.7303139,0.4129998,-0.5692489,0.6339302,0.3217445,
1,16,46.545,0.1760528,1.260636,-0.7303139,0.4129998,-0.5692489,0.6339302,0.3217445,
1,16,46.547,0.1760528,1.260636,-0.7303139,0.4129998,-0.5692489,0.6339302,0.3217445,
1,16,46.549,0.1760528,1.260636,-0.7303139,0.4129998,-0.5692489,0.6339302,0.3217445,
1,16,46.551,0.1767236,1.260551,-0.7297565,0.4134881,-0.5697531,0.6333792,0.3213097,
1,16,46.553,0.1767236,1.260551,-0.7297565,0.4134881,-0.5697531,0.6333792,0.3213097,
1,16,46.555,0.1767236,1.260551,-0.7297565,0.4134881,-0.5697531,0.6333792,0.3213097,
1,16,46.557,0.1767236,1.260551,-0.7297565,0.4134881,-0.5697531,0.6333792,0.3213097,
1,16,46.559,0.1775104,1.260689,-0.729258,0.4144786,-0.5703862,0.6324906,0.3206598,
1,16,46.561,0.1775104,1.260689,-0.729258,0.4144786,-0.5703862,0.6324906,0.3206598,
1,16,46.563,0.1775104,1.260689,-0.729258,0.4144786,-0.5703862,0.6324906,0.3206598,
1,16,46.565,0.1775104,1.260689,-0.729258,0.4144786,-0.5703862,0.6324906,0.3206598,
1,16,46.567,0.1775104,1.260689,-0.729258,0.4144786,-0.5703862,0.6324906,0.3206598,
1,16,46.569,0.178361,1.260816,-0.7288065,0.4158937,-0.5713087,0.6311167,0.3198916,
1,16,46.571,0.178361,1.260816,-0.7288065,0.4158937,-0.5713087,0.6311167,0.3198916,
1,16,46.573,0.178361,1.260816,-0.7288065,0.4158937,-0.5713087,0.6311167,0.3198916,
1,16,46.575,0.178361,1.260816,-0.7288065,0.4158937,-0.5713087,0.6311167,0.3198916,
1,16,46.577,0.1791731,1.260909,-0.7283149,0.4174088,-0.5724787,0.6294265,0.3191558,
1,16,46.579,0.1791731,1.260909,-0.7283149,0.4174088,-0.5724787,0.6294265,0.3191558,
1,16,46.581,0.1791731,1.260909,-0.7283149,0.4174088,-0.5724787,0.6294265,0.3191558,
1,16,46.583,0.1791731,1.260909,-0.7283149,0.4174088,-0.5724787,0.6294265,0.3191558,
1,16,46.585,0.1799405,1.261376,-0.72773,0.4190968,-0.5734364,0.6278129,0.3184019,
1,16,46.587,0.1799405,1.261376,-0.72773,0.4190968,-0.5734364,0.6278129,0.3184019,
1,16,46.589,0.1799405,1.261376,-0.72773,0.4190968,-0.5734364,0.6278129,0.3184019,
1,16,46.591,0.1799405,1.261376,-0.72773,0.4190968,-0.5734364,0.6278129,0.3184019,
1,16,46.593,0.1807263,1.261385,-0.7272245,0.420813,-0.5748653,0.6257363,0.3176485,
1,16,46.595,0.1807263,1.261385,-0.7272245,0.420813,-0.5748653,0.6257363,0.3176485,
1,16,46.597,0.1807263,1.261385,-0.7272245,0.420813,-0.5748653,0.6257363,0.3176485,
1,16,46.599,0.1807263,1.261385,-0.7272245,0.420813,-0.5748653,0.6257363,0.3176485,
1,16,46.601,0.1814578,1.261949,-0.7266232,0.4226411,-0.5759934,0.6238864,0.3168152,
1,16,46.603,0.1814578,1.261949,-0.7266232,0.4226411,-0.5759934,0.6238864,0.3168152,
1,16,46.605,0.1814578,1.261949,-0.7266232,0.4226411,-0.5759934,0.6238864,0.3168152,
1,16,46.607,0.1814578,1.261949,-0.7266232,0.4226411,-0.5759934,0.6238864,0.3168152,
1,16,46.609,0.1821369,1.262789,-0.7258465,0.4238894,-0.5768384,0.6224568,0.3164215,
1,16,46.611,0.1821369,1.262789,-0.7258465,0.4238894,-0.5768384,0.6224568,0.3164215,
1,16,46.613,0.1821369,1.262789,-0.7258465,0.4238894,-0.5768384,0.6224568,0.3164215,
1,16,46.615,0.1821369,1.262789,-0.7258465,0.4238894,-0.5768384,0.6224568,0.3164215,
1,16,46.617,0.1821369,1.262789,-0.7258465,0.4238894,-0.5768384,0.6224568,0.3164215,
1,16,46.619,0.1826916,1.263621,-0.7250607,0.4251009,-0.5778145,0.620833,0.3162058,
1,16,46.621,0.1826916,1.263621,-0.7250607,0.4251009,-0.5778145,0.620833,0.3162058,
1,16,46.623,0.1826916,1.263621,-0.7250607,0.4251009,-0.5778145,0.620833,0.3162058,
1,16,46.625,0.1826916,1.263621,-0.7250607,0.4251009,-0.5778145,0.620833,0.3162058,
1,16,46.627,0.1833927,1.264254,-0.72453,0.4269727,-0.5791419,0.6186534,0.3155265,
1,16,46.629,0.1833927,1.264254,-0.72453,0.4269727,-0.5791419,0.6186534,0.3155265,
1,16,46.631,0.1833927,1.264254,-0.72453,0.4269727,-0.5791419,0.6186534,0.3155265,
1,16,46.633,0.1833927,1.264254,-0.72453,0.4269727,-0.5791419,0.6186534,0.3155265,
1,16,46.635,0.183857,1.265188,-0.7236492,0.4287392,-0.580362,0.6167391,0.3146356,
1,16,46.637,0.183857,1.265188,-0.7236492,0.4287392,-0.580362,0.6167391,0.3146356,
1,16,46.639,0.183857,1.265188,-0.7236492,0.4287392,-0.580362,0.6167391,0.3146356,
1,16,46.641,0.183857,1.265188,-0.7236492,0.4287392,-0.580362,0.6167391,0.3146356,
1,16,46.643,0.1845704,1.26581,-0.7229778,0.4303667,-0.5816629,0.6146206,0.3141566,
1,16,46.645,0.1845704,1.26581,-0.7229778,0.4303667,-0.5816629,0.6146206,0.3141566,
1,16,46.647,0.1845704,1.26581,-0.7229778,0.4303667,-0.5816629,0.6146206,0.3141566,
1,16,46.649,0.1845704,1.26581,-0.7229778,0.4303667,-0.5816629,0.6146206,0.3141566,
1,16,46.651,0.1851582,1.266207,-0.7223266,0.4316846,-0.5831163,0.6124572,0.313879,
1,16,46.653,0.1851582,1.266207,-0.7223266,0.4316846,-0.5831163,0.6124572,0.313879,
1,16,46.655,0.1851582,1.266207,-0.7223266,0.4316846,-0.5831163,0.6124572,0.313879,
1,16,46.657,0.1851582,1.266207,-0.7223266,0.4316846,-0.5831163,0.6124572,0.313879,
1,16,46.659,0.1855402,1.266375,-0.7215237,0.4324632,-0.5845181,0.6106095,0.3137997,
1,16,46.661,0.1855402,1.266375,-0.7215237,0.4324632,-0.5845181,0.6106095,0.3137997,
1,16,46.663,0.1855402,1.266375,-0.7215237,0.4324632,-0.5845181,0.6106095,0.3137997,
1,16,46.665,0.1855402,1.266375,-0.7215237,0.4324632,-0.5845181,0.6106095,0.3137997,
1,16,46.667,0.1855402,1.266375,-0.7215237,0.4324632,-0.5845181,0.6106095,0.3137997,
1,16,46.669,0.1856987,1.266887,-0.7205676,0.4323387,-0.5853817,0.6096315,0.3142624,
1,16,46.671,0.1856987,1.266887,-0.7205676,0.4323387,-0.5853817,0.6096315,0.3142624,
1,16,46.673,0.1856987,1.266887,-0.7205676,0.4323387,-0.5853817,0.6096315,0.3142624,
1,16,46.675,0.1856987,1.266887,-0.7205676,0.4323387,-0.5853817,0.6096315,0.3142624,
1,16,46.677,0.1857001,1.267146,-0.7197031,0.4315865,-0.5861746,0.6089092,0.3152175,
1,16,46.679,0.1857001,1.267146,-0.7197031,0.4315865,-0.5861746,0.6089092,0.3152175,
1,16,46.681,0.1857001,1.267146,-0.7197031,0.4315865,-0.5861746,0.6089092,0.3152175,
1,16,46.683,0.1857001,1.267146,-0.7197031,0.4315865,-0.5861746,0.6089092,0.3152175,
1,16,46.685,0.1858765,1.267418,-0.7190957,0.4309992,-0.5866802,0.6082778,0.3162974,
1,16,46.687,0.1858765,1.267418,-0.7190957,0.4309992,-0.5866802,0.6082778,0.3162974,
1,16,46.689,0.1858765,1.267418,-0.7190957,0.4309992,-0.5866802,0.6082778,0.3162974,
1,16,46.691,0.1858765,1.267418,-0.7190957,0.4309992,-0.5866802,0.6082778,0.3162974,
1,16,46.693,0.1858594,1.268036,-0.7183045,0.4302252,-0.5869116,0.6081288,0.3172075,
1,16,46.695,0.1858594,1.268036,-0.7183045,0.4302252,-0.5869116,0.6081288,0.3172075,
1,16,46.697,0.1858594,1.268036,-0.7183045,0.4302252,-0.5869116,0.6081288,0.3172075,
1,16,46.699,0.1858594,1.268036,-0.7183045,0.4302252,-0.5869116,0.6081288,0.3172075,
1,16,46.701,0.1858026,1.268246,-0.7174837,0.4290402,-0.5871827,0.6080731,0.318415,
1,16,46.703,0.1858026,1.268246,-0.7174837,0.4290402,-0.5871827,0.6080731,0.318415,
1,16,46.705,0.1858026,1.268246,-0.7174837,0.4290402,-0.5871827,0.6080731,0.318415,
1,16,46.707,0.1858026,1.268246,-0.7174837,0.4290402,-0.5871827,0.6080731,0.318415,
1,16,46.709,0.1858579,1.268214,-0.7167833,0.4277987,-0.5874726,0.6080114,0.319666,
1,16,46.711,0.1858579,1.268214,-0.7167833,0.4277987,-0.5874726,0.6080114,0.319666,
1,16,46.713,0.1858579,1.268214,-0.7167833,0.4277987,-0.5874726,0.6080114,0.319666,
1,16,46.715,0.1858579,1.268214,-0.7167833,0.4277987,-0.5874726,0.6080114,0.319666,
1,16,46.717,0.1858579,1.268214,-0.7167833,0.4277987,-0.5874726,0.6080114,0.319666,
1,16,46.719,0.1859931,1.268247,-0.716189,0.4270767,-0.5877012,0.6078432,0.3205301,
1,16,46.721,0.1859931,1.268247,-0.716189,0.4270767,-0.5877012,0.6078432,0.3205301,
1,16,46.723,0.1859931,1.268247,-0.716189,0.4270767,-0.5877012,0.6078432,0.3205301,
1,16,46.725,0.1859931,1.268247,-0.716189,0.4270767,-0.5877012,0.6078432,0.3205301,
1,16,46.727,0.1858803,1.268563,-0.7154729,0.4258774,-0.5875893,0.6082058,0.3216413,
1,16,46.729,0.1858803,1.268563,-0.7154729,0.4258774,-0.5875893,0.6082058,0.3216413,
1,16,46.731,0.1858803,1.268563,-0.7154729,0.4258774,-0.5875893,0.6082058,0.3216413,
1,16,46.733,0.1858803,1.268563,-0.7154729,0.4258774,-0.5875893,0.6082058,0.3216413,
1,16,46.735,0.1857159,1.269033,-0.7148608,0.4247954,-0.5872509,0.6087471,0.3226643,
1,16,46.737,0.1857159,1.269033,-0.7148608,0.4247954,-0.5872509,0.6087471,0.3226643,
1,16,46.739,0.1857159,1.269033,-0.7148608,0.4247954,-0.5872509,0.6087471,0.3226643,
1,16,46.741,0.1857159,1.269033,-0.7148608,0.4247954,-0.5872509,0.6087471,0.3226643,
1,16,46.743,0.1857068,1.269418,-0.7143767,0.4241371,-0.5869472,0.6090978,0.3234202,
1,16,46.745,0.1857068,1.269418,-0.7143767,0.4241371,-0.5869472,0.6090978,0.3234202,
1,16,46.747,0.1857068,1.269418,-0.7143767,0.4241371,-0.5869472,0.6090978,0.3234202,
1,16,46.749,0.1857068,1.269418,-0.7143767,0.4241371,-0.5869472,0.6090978,0.3234202,
1,16,46.751,0.1857506,1.269513,-0.713898,0.4235967,-0.5868565,0.6092203,0.3240617,
1,16,46.753,0.1857506,1.269513,-0.713898,0.4235967,-0.5868565,0.6092203,0.3240617,
1,16,46.755,0.1857506,1.269513,-0.713898,0.4235967,-0.5868565,0.6092203,0.3240617,
1,16,46.757,0.1857506,1.269513,-0.713898,0.4235967,-0.5868565,0.6092203,0.3240617,
1,16,46.759,0.1858276,1.269695,-0.713662,0.4234577,-0.5867414,0.60917,0.324546,
1,16,46.761,0.1858276,1.269695,-0.713662,0.4234577,-0.5867414,0.60917,0.324546,
1,16,46.763,0.1858276,1.269695,-0.713662,0.4234577,-0.5867414,0.60917,0.324546,
1,16,46.765,0.1858276,1.269695,-0.713662,0.4234577,-0.5867414,0.60917,0.324546,
1,16,46.767,0.1858276,1.269695,-0.713662,0.4234577,-0.5867414,0.60917,0.324546,
1,16,46.769,0.1858995,1.270048,-0.7134882,0.4236214,-0.586562,0.6091105,0.3247683,
1,16,46.771,0.1858995,1.270048,-0.7134882,0.4236214,-0.586562,0.6091105,0.3247683,
1,16,46.773,0.1858995,1.270048,-0.7134882,0.4236214,-0.586562,0.6091105,0.3247683,
1,16,46.775,0.1858995,1.270048,-0.7134882,0.4236214,-0.586562,0.6091105,0.3247683,
1,16,46.777,0.1859504,1.26996,-0.7133737,0.4237534,-0.5865633,0.6088772,0.325031,
1,16,46.779,0.1859504,1.26996,-0.7133737,0.4237534,-0.5865633,0.6088772,0.325031,
1,16,46.781,0.1859504,1.26996,-0.7133737,0.4237534,-0.5865633,0.6088772,0.325031,
1,16,46.783,0.1859504,1.26996,-0.7133737,0.4237534,-0.5865633,0.6088772,0.325031,
1,16,46.785,0.186013,1.26993,-0.7132618,0.4239221,-0.5866113,0.6086659,0.3251202,
1,16,46.787,0.186013,1.26993,-0.7132618,0.4239221,-0.5866113,0.6086659,0.3251202,
1,16,46.789,0.186013,1.26993,-0.7132618,0.4239221,-0.5866113,0.6086659,0.3251202,
1,16,46.791,0.186013,1.26993,-0.7132618,0.4239221,-0.5866113,0.6086659,0.3251202,
1,16,46.793,0.1860886,1.269925,-0.7131552,0.4240813,-0.5866505,0.608523,0.3251094,
1,16,46.795,0.1860886,1.269925,-0.7131552,0.4240813,-0.5866505,0.608523,0.3251094,
1,16,46.797,0.1860886,1.269925,-0.7131552,0.4240813,-0.5866505,0.608523,0.3251094,
1,16,46.799,0.1860886,1.269925,-0.7131552,0.4240813,-0.5866505,0.608523,0.3251094,
1,16,46.801,0.1861873,1.269997,-0.7130194,0.4242184,-0.5866725,0.6084592,0.32501,
1,16,46.803,0.1861873,1.269997,-0.7130194,0.4242184,-0.5866725,0.6084592,0.32501,
1,16,46.805,0.1861873,1.269997,-0.7130194,0.4242184,-0.5866725,0.6084592,0.32501,
1,16,46.807,0.1861873,1.269997,-0.7130194,0.4242184,-0.5866725,0.6084592,0.32501,
1,16,46.809,0.1862341,1.269912,-0.7129416,0.4241367,-0.5866033,0.6085366,0.3250966,
1,16,46.811,0.1862341,1.269912,-0.7129416,0.4241367,-0.5866033,0.6085366,0.3250966,
1,16,46.813,0.1862341,1.269912,-0.7129416,0.4241367,-0.5866033,0.6085366,0.3250966,
1,16,46.815,0.1862341,1.269912,-0.7129416,0.4241367,-0.5866033,0.6085366,0.3250966,
1,16,46.817,0.1862341,1.269912,-0.7129416,0.4241367,-0.5866033,0.6085366,0.3250966,
1,16,46.819,0.1862986,1.269652,-0.7129088,0.4238653,-0.5864917,0.6086887,0.3253672,
1,16,46.821,0.1862986,1.269652,-0.7129088,0.4238653,-0.5864917,0.6086887,0.3253672,
1,16,46.823,0.1862986,1.269652,-0.7129088,0.4238653,-0.5864917,0.6086887,0.3253672,
1,16,46.825,0.1862986,1.269652,-0.7129088,0.4238653,-0.5864917,0.6086887,0.3253672,
1,16,46.827,0.1863812,1.269151,-0.7129657,0.423466,-0.5863395,0.6088606,0.3258395,
1,16,46.829,0.1863812,1.269151,-0.7129657,0.423466,-0.5863395,0.6088606,0.3258395,
1,16,46.831,0.1863812,1.269151,-0.7129657,0.423466,-0.5863395,0.6088606,0.3258395,
1,16,46.833,0.1863812,1.269151,-0.7129657,0.423466,-0.5863395,0.6088606,0.3258395,
1,16,46.835,0.1864415,1.269004,-0.7131265,0.423125,-0.5859522,0.6092649,0.3262234,
1,16,46.837,0.1864415,1.269004,-0.7131265,0.423125,-0.5859522,0.6092649,0.3262234,
1,16,46.839,0.1864415,1.269004,-0.7131265,0.423125,-0.5859522,0.6092649,0.3262234,
1,16,46.841,0.1864415,1.269004,-0.7131265,0.423125,-0.5859522,0.6092649,0.3262234,
1,16,46.843,0.1865693,1.26856,-0.7132628,0.4228559,-0.5857164,0.6095332,0.3264945,
1,16,46.845,0.1865693,1.26856,-0.7132628,0.4228559,-0.5857164,0.6095332,0.3264945,
1,16,46.847,0.1865693,1.26856,-0.7132628,0.4228559,-0.5857164,0.6095332,0.3264945,
1,16,46.849,0.1865693,1.26856,-0.7132628,0.4228559,-0.5857164,0.6095332,0.3264945,
1,16,46.851,0.1867103,1.268229,-0.7133607,0.4226718,-0.5854297,0.6098753,0.3266079,
1,16,46.853,0.1867103,1.268229,-0.7133607,0.4226718,-0.5854297,0.6098753,0.3266079,
1,16,46.855,0.1867103,1.268229,-0.7133607,0.4226718,-0.5854297,0.6098753,0.3266079,
1,16,46.857,0.1867103,1.268229,-0.7133607,0.4226718,-0.5854297,0.6098753,0.3266079,
1,16,46.859,0.1867959,1.26798,-0.7135018,0.4226373,-0.5851076,0.6102613,0.3265088,
1,16,46.861,0.1867959,1.26798,-0.7135018,0.4226373,-0.5851076,0.6102613,0.3265088,
1,16,46.863,0.1867959,1.26798,-0.7135018,0.4226373,-0.5851076,0.6102613,0.3265088,
1,16,46.865,0.1867959,1.26798,-0.7135018,0.4226373,-0.5851076,0.6102613,0.3265088,
1,16,46.867,0.1867959,1.26798,-0.7135018,0.4226373,-0.5851076,0.6102613,0.3265088,
1,16,46.869,0.1867447,1.267708,-0.7136306,0.4224424,-0.584696,0.6108347,0.326426,
1,16,46.871,0.1867447,1.267708,-0.7136306,0.4224424,-0.584696,0.6108347,0.326426,
1,16,46.873,0.1867447,1.267708,-0.7136306,0.4224424,-0.584696,0.6108347,0.326426,
1,16,46.875,0.1867447,1.267708,-0.7136306,0.4224424,-0.584696,0.6108347,0.326426,
1,16,46.877,0.1867856,1.267947,-0.7137916,0.4227208,-0.5839646,0.6115801,0.3259788,
1,16,46.879,0.1867856,1.267947,-0.7137916,0.4227208,-0.5839646,0.6115801,0.3259788,
1,16,46.881,0.1867856,1.267947,-0.7137916,0.4227208,-0.5839646,0.6115801,0.3259788,
1,16,46.883,0.1867856,1.267947,-0.7137916,0.4227208,-0.5839646,0.6115801,0.3259788,
1,16,46.885,0.1868618,1.267879,-0.7141726,0.4234263,-0.5835669,0.6117777,0.3254041,
1,16,46.887,0.1868618,1.267879,-0.7141726,0.4234263,-0.5835669,0.6117777,0.3254041,
1,16,46.889,0.1868618,1.267879,-0.7141726,0.4234263,-0.5835669,0.6117777,0.3254041,
1,16,46.891,0.1868618,1.267879,-0.7141726,0.4234263,-0.5835669,0.6117777,0.3254041,
1,16,46.893,0.1868221,1.267861,-0.7144741,0.4239195,-0.5830941,0.612132,0.324943,
1,16,46.895,0.1868221,1.267861,-0.7144741,0.4239195,-0.5830941,0.612132,0.324943,
1,16,46.897,0.1868221,1.267861,-0.7144741,0.4239195,-0.5830941,0.612132,0.324943,
1,16,46.899,0.1868221,1.267861,-0.7144741,0.4239195,-0.5830941,0.612132,0.324943,
1,16,46.901,0.1868715,1.267893,-0.7147456,0.4246463,-0.5828041,0.6123008,0.3241954,
1,16,46.903,0.1868715,1.267893,-0.7147456,0.4246463,-0.5828041,0.6123008,0.3241954,
1,16,46.905,0.1868715,1.267893,-0.7147456,0.4246463,-0.5828041,0.6123008,0.3241954,
1,16,46.907,0.1868715,1.267893,-0.7147456,0.4246463,-0.5828041,0.6123008,0.3241954,
1,16,46.909,0.186829,1.268046,-0.7149781,0.4251483,-0.5824493,0.6126048,0.3236002,
1,16,46.911,0.186829,1.268046,-0.7149781,0.4251483,-0.5824493,0.6126048,0.3236002,
1,16,46.913,0.186829,1.268046,-0.7149781,0.4251483,-0.5824493,0.6126048,0.3236002,
1,16,46.915,0.186829,1.268046,-0.7149781,0.4251483,-0.5824493,0.6126048,0.3236002,
1,16,46.917,0.186829,1.268046,-0.7149781,0.4251483,-0.5824493,0.6126048,0.3236002,
1,16,46.919,0.1867284,1.268104,-0.7152351,0.4253545,-0.5820644,0.6129689,0.3233321,
1,16,46.921,0.1867284,1.268104,-0.7152351,0.4253545,-0.5820644,0.6129689,0.3233321,
1,16,46.923,0.1867284,1.268104,-0.7152351,0.4253545,-0.5820644,0.6129689,0.3233321,
1,16,46.925,0.1867284,1.268104,-0.7152351,0.4253545,-0.5820644,0.6129689,0.3233321,
1,16,46.927,0.1865963,1.268404,-0.7154946,0.4255301,-0.5815696,0.6134483,0.3230823,
1,16,46.929,0.1865963,1.268404,-0.7154946,0.4255301,-0.5815696,0.6134483,0.3230823,
1,16,46.931,0.1865963,1.268404,-0.7154946,0.4255301,-0.5815696,0.6134483,0.3230823,
1,16,46.933,0.1865963,1.268404,-0.7154946,0.4255301,-0.5815696,0.6134483,0.3230823,
1,16,46.935,0.186599,1.268517,-0.7158017,0.4257572,-0.5812505,0.6137092,0.3228618,
1,16,46.937,0.186599,1.268517,-0.7158017,0.4257572,-0.5812505,0.6137092,0.3228618,
1,16,46.939,0.186599,1.268517,-0.7158017,0.4257572,-0.5812505,0.6137092,0.3228618,
1,16,46.941,0.186599,1.268517,-0.7158017,0.4257572,-0.5812505,0.6137092,0.3228618,
1,16,46.943,0.1866718,1.26834,-0.716153,0.4259761,-0.5812304,0.6136767,0.3226709,
1,16,46.945,0.1866718,1.26834,-0.716153,0.4259761,-0.5812304,0.6136767,0.3226709,
1,16,46.947,0.1866718,1.26834,-0.716153,0.4259761,-0.5812304,0.6136767,0.3226709,
1,16,46.949,0.1866718,1.26834,-0.716153,0.4259761,-0.5812304,0.6136767,0.3226709,
1,16,46.951,0.1867431,1.268147,-0.7164777,0.4261294,-0.5813636,0.6135429,0.3224832,
1,16,46.953,0.1867431,1.268147,-0.7164777,0.4261294,-0.5813636,0.6135429,0.3224832,
1,16,46.955,0.1867431,1.268147,-0.7164777,0.4261294,-0.5813636,0.6135429,0.3224832,
1,16,46.957,0.1867431,1.268147,-0.7164777,0.4261294,-0.5813636,0.6135429,0.3224832,
1,16,46.959,0.186798,1.267913,-0.716808,0.4261693,-0.5816257,0.6133547,0.3223155,
1,16,46.961,0.186798,1.267913,-0.716808,0.4261693,-0.5816257,0.6133547,0.3223155,
1,16,46.963,0.186798,1.267913,-0.716808,0.4261693,-0.5816257,0.6133547,0.3223155,
1,16,46.965,0.186798,1.267913,-0.716808,0.4261693,-0.5816257,0.6133547,0.3223155,
1,16,46.967,0.186798,1.267913,-0.716808,0.4261693,-0.5816257,0.6133547,0.3223155,
1,16,46.969,0.1867376,1.267768,-0.7171144,0.425896,-0.5818482,0.6133337,0.322315,
1,16,46.971,0.1867376,1.267768,-0.7171144,0.425896,-0.5818482,0.6133337,0.322315,
1,16,46.973,0.1867376,1.267768,-0.7171144,0.425896,-0.5818482,0.6133337,0.322315,
1,16,46.975,0.1867376,1.267768,-0.7171144,0.425896,-0.5818482,0.6133337,0.322315,
1,16,46.977,0.18659,1.267688,-0.7172927,0.4252156,-0.5819494,0.6136253,0.3224756,
1,16,46.979,0.18659,1.267688,-0.7172927,0.4252156,-0.5819494,0.6136253,0.3224756,
1,16,46.981,0.18659,1.267688,-0.7172927,0.4252156,-0.5819494,0.6136253,0.3224756,
1,16,46.983,0.18659,1.267688,-0.7172927,0.4252156,-0.5819494,0.6136253,0.3224756,
1,16,46.985,0.18645,1.267421,-0.7173709,0.4242507,-0.5820593,0.6140237,0.3227897,
1,16,46.987,0.18645,1.267421,-0.7173709,0.4242507,-0.5820593,0.6140237,0.3227897,
1,16,46.989,0.18645,1.267421,-0.7173709,0.4242507,-0.5820593,0.6140237,0.3227897,
1,16,46.991,0.18645,1.267421,-0.7173709,0.4242507,-0.5820593,0.6140237,0.3227897,
1,16,46.993,0.1863806,1.26713,-0.7174547,0.423311,-0.5821095,0.6144699,0.3230837,
1,16,46.995,0.1863806,1.26713,-0.7174547,0.423311,-0.5821095,0.6144699,0.3230837,
1,16,46.997,0.1863806,1.26713,-0.7174547,0.423311,-0.5821095,0.6144699,0.3230837,
1,16,46.999,0.1863806,1.26713,-0.7174547,0.423311,-0.5821095,0.6144699,0.3230837,
1,16,47.001,0.1863298,1.266943,-0.7175062,0.4224412,-0.5820121,0.6150354,0.3233216,
1,16,47.003,0.1863298,1.266943,-0.7175062,0.4224412,-0.5820121,0.6150354,0.3233216,
1,16,47.005,0.1863298,1.266943,-0.7175062,0.4224412,-0.5820121,0.6150354,0.3233216,
1,16,47.007,0.1863298,1.266943,-0.7175062,0.4224412,-0.5820121,0.6150354,0.3233216,
1,16,47.009,0.1863064,1.26668,-0.7176073,0.4217926,-0.5819536,0.6154827,0.3234228,
1,16,47.011,0.1863064,1.26668,-0.7176073,0.4217926,-0.5819536,0.6154827,0.3234228,
1,16,47.013,0.1863064,1.26668,-0.7176073,0.4217926,-0.5819536,0.6154827,0.3234228,
1,16,47.015,0.1863064,1.26668,-0.7176073,0.4217926,-0.5819536,0.6154827,0.3234228,
1,16,47.017,0.1863064,1.26668,-0.7176073,0.4217926,-0.5819536,0.6154827,0.3234228,
1,16,47.019,0.1862876,1.266338,-0.7177077,0.4213194,-0.5819625,0.6158361,0.3233505,
1,16,47.021,0.1862876,1.266338,-0.7177077,0.4213194,-0.5819625,0.6158361,0.3233505,
1,16,47.023,0.1862876,1.266338,-0.7177077,0.4213194,-0.5819625,0.6158361,0.3233505,
1,16,47.025,0.1862876,1.266338,-0.7177077,0.4213194,-0.5819625,0.6158361,0.3233505,
1,16,47.027,0.1864147,1.265808,-0.7177984,0.4211275,-0.582103,0.615995,0.323045,
1,16,47.029,0.1864147,1.265808,-0.7177984,0.4211275,-0.582103,0.615995,0.323045,
1,16,47.031,0.1864147,1.265808,-0.7177984,0.4211275,-0.582103,0.615995,0.323045,
1,16,47.033,0.1864147,1.265808,-0.7177984,0.4211275,-0.582103,0.615995,0.323045,
1,16,47.035,0.1865048,1.265364,-0.7180101,0.4210933,-0.5821714,0.6161463,0.3226771,
1,16,47.037,0.1865048,1.265364,-0.7180101,0.4210933,-0.5821714,0.6161463,0.3226771,
1,16,47.039,0.1865048,1.265364,-0.7180101,0.4210933,-0.5821714,0.6161463,0.3226771,
1,16,47.041,0.1865048,1.265364,-0.7180101,0.4210933,-0.5821714,0.6161463,0.3226771,
1,16,47.043,0.1865357,1.265234,-0.7182888,0.4211322,-0.5818279,0.6166164,0.3223482,
1,16,47.045,0.1865357,1.265234,-0.7182888,0.4211322,-0.5818279,0.6166164,0.3223482,
1,16,47.047,0.1865357,1.265234,-0.7182888,0.4211322,-0.5818279,0.6166164,0.3223482,
1,16,47.049,0.1865357,1.265234,-0.7182888,0.4211322,-0.5818279,0.6166164,0.3223482,
1,16,47.051,0.1864902,1.265306,-0.7184554,0.4210439,-0.5813204,0.6172491,0.322168,
1,16,47.053,0.1864902,1.265306,-0.7184554,0.4210439,-0.5813204,0.6172491,0.322168,
1,16,47.055,0.1864902,1.265306,-0.7184554,0.4210439,-0.5813204,0.6172491,0.322168,
1,16,47.057,0.1864902,1.265306,-0.7184554,0.4210439,-0.5813204,0.6172491,0.322168,
1,16,47.059,0.186545,1.265202,-0.7186342,0.4208782,-0.5808505,0.6177984,0.3221791,
1,16,47.061,0.186545,1.265202,-0.7186342,0.4208782,-0.5808505,0.6177984,0.3221791,
1,16,47.063,0.186545,1.265202,-0.7186342,0.4208782,-0.5808505,0.6177984,0.3221791,
1,16,47.065,0.186545,1.265202,-0.7186342,0.4208782,-0.5808505,0.6177984,0.3221791,
1,16,47.067,0.186545,1.265202,-0.7186342,0.4208782,-0.5808505,0.6177984,0.3221791,
1,16,47.069,0.186496,1.265032,-0.7187834,0.4203828,-0.5802667,0.6185187,0.3224958,
1,16,47.071,0.186496,1.265032,-0.7187834,0.4203828,-0.5802667,0.6185187,0.3224958,
1,16,47.073,0.186496,1.265032,-0.7187834,0.4203828,-0.5802667,0.6185187,0.3224958,
1,16,47.075,0.186496,1.265032,-0.7187834,0.4203828,-0.5802667,0.6185187,0.3224958,
1,16,47.077,0.1863822,1.264777,-0.7188905,0.4197244,-0.5796322,0.6192561,0.3230788,
1,16,47.079,0.1863822,1.264777,-0.7188905,0.4197244,-0.5796322,0.6192561,0.3230788,
1,16,47.081,0.1863822,1.264777,-0.7188905,0.4197244,-0.5796322,0.6192561,0.3230788,
1,16,47.083,0.1863822,1.264777,-0.7188905,0.4197244,-0.5796322,0.6192561,0.3230788,CourtEnter
1,16,47.085,0.1862352,1.264492,-0.7190409,0.4188306,-0.5788655,0.6200857,0.3240209,
1,16,47.087,0.1862352,1.264492,-0.7190409,0.4188306,-0.5788655,0.6200857,0.3240209,
1,16,47.089,0.1862352,1.264492,-0.7190409,0.4188306,-0.5788655,0.6200857,0.3240209,
1,16,47.091,0.1862352,1.264492,-0.7190409,0.4188306,-0.5788655,0.6200857,0.3240209,CourtExit
1,16,47.093,0.1862099,1.264249,-0.7191938,0.4182427,-0.5780163,0.6208003,0.3249264,
1,16,47.095,0.1862099,1.264249,-0.7191938,0.4182427,-0.5780163,0.6208003,0.3249264,
1,16,47.097,0.1862099,1.264249,-0.7191938,0.4182427,-0.5780163,0.6208003,0.3249264,
1,16,47.099,0.1862099,1.264249,-0.7191938,0.4182427,-0.5780163,0.6208003,0.3249264,
1,16,47.101,0.1862178,1.264092,-0.7193627,0.4180859,-0.5771338,0.6213289,0.3256858,
1,16,47.103,0.1862178,1.264092,-0.7193627,0.4180859,-0.5771338,0.6213289,0.3256858,
1,16,47.105,0.1862178,1.264092,-0.7193627,0.4180859,-0.5771338,0.6213289,0.3256858,
1,16,47.107,0.1862178,1.264092,-0.7193627,0.4180859,-0.5771338,0.6213289,0.3256858,
1,16,47.109,0.1860484,1.264496,-0.7194899,0.4180987,-0.5758184,0.6221229,0.3264809,
1,16,47.111,0.1860484,1.264496,-0.7194899,0.4180987,-0.5758184,0.6221229,0.3264809,
1,16,47.113,0.1860484,1.264496,-0.7194899,0.4180987,-0.5758184,0.6221229,0.3264809,
1,16,47.115,0.1860484,1.264496,-0.7194899,0.4180987,-0.5758184,0.6221229,0.3264809,
1,16,47.117,0.1860484,1.264496,-0.7194899,0.4180987,-0.5758184,0.6221229,0.3264809,
1,16,47.119,0.1859113,1.265068,-0.7196487,0.4184903,-0.5745841,0.6226789,0.3270932,
1,16,47.121,0.1859113,1.265068,-0.7196487,0.4184903,-0.5745841,0.6226789,0.3270932,
1,16,47.123,0.1859113,1.265068,-0.7196487,0.4184903,-0.5745841,0.6226789,0.3270932,
1,16,47.125,0.1859113,1.265068,-0.7196487,0.4184903,-0.5745841,0.6226789,0.3270932,
1,16,47.127,0.1858959,1.265466,-0.7198684,0.4194436,-0.5737954,0.6226107,0.3273865,
1,16,47.129,0.1858959,1.265466,-0.7198684,0.4194436,-0.5737954,0.6226107,0.3273865,
1,16,47.131,0.1858959,1.265466,-0.7198684,0.4194436,-0.5737954,0.6226107,0.3273865,
1,16,47.133,0.1858959,1.265466,-0.7198684,0.4194436,-0.5737954,0.6226107,0.3273865,
1,16,47.135,0.1859912,1.265535,-0.7201658,0.4209827,-0.5734912,0.6218325,0.3274229,
1,16,47.137,0.1859912,1.265535,-0.7201658,0.4209827,-0.5734912,0.6218325,0.3274229,
1,16,47.139,0.1859912,1.265535,-0.7201658,0.4209827,-0.5734912,0.6218325,0.3274229,
1,16,47.141,0.1859912,1.265535,-0.7201658,0.4209827,-0.5734912,0.6218325,0.3274229,
1,16,47.143,0.1861298,1.265645,-0.7204545,0.4226764,-0.5732085,0.6208668,0.3275687,
1,16,47.145,0.1861298,1.265645,-0.7204545,0.4226764,-0.5732085,0.6208668,0.3275687,
1,16,47.147,0.1861298,1.265645,-0.7204545,0.4226764,-0.5732085,0.6208668,0.3275687,
1,16,47.149,0.1861298,1.265645,-0.7204545,0.4226764,-0.5732085,0.6208668,0.3275687,
1,16,47.151,0.1860027,1.266207,-0.7204529,0.4235443,-0.5725246,0.6206053,0.3281384,
1,16,47.153,0.1860027,1.266207,-0.7204529,0.4235443,-0.5725246,0.6206053,0.3281384,
1,16,47.155,0.1860027,1.266207,-0.7204529,0.4235443,-0.5725246,0.6206053,0.3281384,
1,16,47.157,0.1860027,1.266207,-0.7204529,0.4235443,-0.5725246,0.6206053,0.3281384,
1,16,47.159,0.1860212,1.266426,-0.7205148,0.4245647,-0.5721858,0.6199255,0.3286956,
1,16,47.161,0.1860212,1.266426,-0.7205148,0.4245647,-0.5721858,0.6199255,0.3286956,
1,16,47.163,0.1860212,1.266426,-0.7205148,0.4245647,-0.5721858,0.6199255,0.3286956,
1,16,47.165,0.1860212,1.266426,-0.7205148,0.4245647,-0.5721858,0.6199255,0.3286956,
1,16,47.167,0.1860212,1.266426,-0.7205148,0.4245647,-0.5721858,0.6199255,0.3286956,
1,16,47.169,0.1861593,1.266385,-0.7207647,0.4257862,-0.5721426,0.6188596,0.3291988,
1,16,47.171,0.1861593,1.266385,-0.7207647,0.4257862,-0.5721426,0.6188596,0.3291988,
1,16,47.173,0.1861593,1.266385,-0.7207647,0.4257862,-0.5721426,0.6188596,0.3291988,
1,16,47.175,0.1861593,1.266385,-0.7207647,0.4257862,-0.5721426,0.6188596,0.3291988,
1,16,47.177,0.1862755,1.266471,-0.7210258,0.42668,-0.5719987,0.618005,0.3298964,
1,16,47.179,0.1862755,1.266471,-0.7210258,0.42668,-0.5719987,0.618005,0.3298964,
1,16,47.181,0.1862755,1.266471,-0.7210258,0.42668,-0.5719987,0.618005,0.3298964,
1,16,47.183,0.1862755,1.266471,-0.7210258,0.42668,-0.5719987,0.618005,0.3298964,
1,16,47.185,0.18623,1.266499,-0.7209364,0.4268023,-0.5719562,0.6174846,0.3307852,
1,16,47.187,0.18623,1.266499,-0.7209364,0.4268023,-0.5719562,0.6174846,0.3307852,
1,16,47.189,0.18623,1.266499,-0.7209364,0.4268023,-0.5719562,0.6174846,0.3307852,
1,16,47.191,0.18623,1.266499,-0.7209364,0.4268023,-0.5719562,0.6174846,0.3307852,
1,16,47.193,0.1858577,1.266778,-0.7204948,0.4262415,-0.5717387,0.6175792,0.3317062,
1,16,47.195,0.1858577,1.266778,-0.7204948,0.4262415,-0.5717387,0.6175792,0.3317062,
1,16,47.197,0.1858577,1.266778,-0.7204948,0.4262415,-0.5717387,0.6175792,0.3317062,
1,16,47.199,0.1858577,1.266778,-0.7204948,0.4262415,-0.5717387,0.6175792,0.3317062,
1,16,47.201,0.1854886,1.266834,-0.7200822,0.4258441,-0.5717381,0.6175026,0.3323596,
1,16,47.203,0.1854886,1.266834,-0.7200822,0.4258441,-0.5717381,0.6175026,0.3323596,
1,16,47.205,0.1854886,1.266834,-0.7200822,0.4258441,-0.5717381,0.6175026,0.3323596,
1,16,47.207,0.1854886,1.266834,-0.7200822,0.4258441,-0.5717381,0.6175026,0.3323596,
1,16,47.209,0.1852313,1.266732,-0.7197389,0.4256272,-0.5718529,0.6173078,0.3328016,
1,16,47.211,0.1852313,1.266732,-0.7197389,0.4256272,-0.5718529,0.6173078,0.3328016,
1,16,47.213,0.1852313,1.266732,-0.7197389,0.4256272,-0.5718529,0.6173078,0.3328016,
1,16,47.215,0.1852313,1.266732,-0.7197389,0.4256272,-0.5718529,0.6173078,0.3328016,
1,16,47.217,0.1852313,1.266732,-0.7197389,0.4256272,-0.5718529,0.6173078,0.3328016,
1,16,47.219,0.1850328,1.266329,-0.7194849,0.4253424,-0.572058,0.6170247,0.3333379,
1,16,47.221,0.1850328,1.266329,-0.7194849,0.4253424,-0.572058,0.6170247,0.3333379,
1,16,47.223,0.1850328,1.266329,-0.7194849,0.4253424,-0.572058,0.6170247,0.3333379,
1,16,47.225,0.1850328,1.266329,-0.7194849,0.4253424,-0.572058,0.6170247,0.3333379,
1,16,47.227,0.1849603,1.265999,-0.719252,0.4252784,-0.572276,0.6167422,0.3335679,
1,16,47.229,0.1849603,1.265999,-0.719252,0.4252784,-0.572276,0.6167422,0.3335679,
1,16,47.231,0.1849603,1.265999,-0.719252,0.4252784,-0.572276,0.6167422,0.3335679,
1,16,47.233,0.1849603,1.265999,-0.719252,0.4252784,-0.572276,0.6167422,0.3335679,
1,16,47.235,0.1848762,1.265807,-0.7190256,0.4254214,-0.5724218,0.6165566,0.3334786,
1,16,47.237,0.1848762,1.265807,-0.7190256,0.4254214,-0.5724218,0.6165566,0.3334786,
1,16,47.239,0.1848762,1.265807,-0.7190256,0.4254214,-0.5724218,0.6165566,0.3334786,
1,16,47.241,0.1848762,1.265807,-0.7190256,0.4254214,-0.5724218,0.6165566,0.3334786,
1,16,47.243,0.1847658,1.26555,-0.7187808,0.4255239,-0.572467,0.6165215,0.3333349,
1,16,47.245,0.1847658,1.26555,-0.7187808,0.4255239,-0.572467,0.6165215,0.3333349,
1,16,47.247,0.1847658,1.26555,-0.7187808,0.4255239,-0.572467,0.6165215,0.3333349,
1,16,47.249,0.1847658,1.26555,-0.7187808,0.4255239,-0.572467,0.6165215,0.3333349,
1,16,47.251,0.1846442,1.26517,-0.7185525,0.4256075,-0.5724424,0.6165613,0.3331967,
1,16,47.253,0.1846442,1.26517,-0.7185525,0.4256075,-0.5724424,0.6165613,0.3331967,
1,16,47.255,0.1846442,1.26517,-0.7185525,0.4256075,-0.5724424,0.6165613,0.3331967,
1,16,47.257,0.1846442,1.26517,-0.7185525,0.4256075,-0.5724424,0.6165613,0.3331967,
1,16,47.259,0.1845447,1.264586,-0.718236,0.4255475,-0.5724337,0.6166759,0.3330763,
1,16,47.261,0.1845447,1.264586,-0.718236,0.4255475,-0.5724337,0.6166759,0.3330763,
1,16,47.263,0.1845447,1.264586,-0.718236,0.4255475,-0.5724337,0.6166759,0.3330763,
1,16,47.265,0.1845447,1.264586,-0.718236,0.4255475,-0.5724337,0.6166759,0.3330763,
1,16,47.267,0.1845447,1.264586,-0.718236,0.4255475,-0.5724337,0.6166759,0.3330763,
1,16,47.269,0.1844953,1.264286,-0.7178687,0.4254564,-0.5722948,0.6170002,0.3328307,
1,16,47.271,0.1844953,1.264286,-0.7178687,0.4254564,-0.5722948,0.6170002,0.3328307,
1,16,47.273,0.1844953,1.264286,-0.7178687,0.4254564,-0.5722948,0.6170002,0.3328307,
1,16,47.275,0.1844953,1.264286,-0.7178687,0.4254564,-0.5722948,0.6170002,0.3328307,
1,16,47.277,0.1844369,1.264055,-0.7177204,0.4254326,-0.5718799,0.6174769,0.3326905,
1,16,47.279,0.1844369,1.264055,-0.7177204,0.4254326,-0.5718799,0.6174769,0.3326905,
1,16,47.281,0.1844369,1.264055,-0.7177204,0.4254326,-0.5718799,0.6174769,0.3326905,
1,16,47.283,0.1844369,1.264055,-0.7177204,0.4254326,-0.5718799,0.6174769,0.3326905,
1,16,47.285,0.1843372,1.263735,-0.7176145,0.4253759,-0.5713725,0.6180175,0.3326306,
1,16,47.287,0.1843372,1.263735,-0.7176145,0.4253759,-0.5713725,0.6180175,0.3326306,
1,16,47.289,0.1843372,1.263735,-0.7176145,0.4253759,-0.5713725,0.6180175,0.3326306,
1,16,47.291,0.1843372,1.263735,-0.7176145,0.4253759,-0.5713725,0.6180175,0.3326306,
1,16,47.293,0.1844158,1.263393,-0.7176383,0.4257916,-0.571003,0.6182854,0.3322352,
1,16,47.295,0.1844158,1.263393,-0.7176383,0.4257916,-0.571003,0.6182854,0.3322352,
1,16,47.297,0.1844158,1.263393,-0.7176383,0.4257916,-0.571003,0.6182854,0.3322352,
1,16,47.299,0.1844158,1.263393,-0.7176383,0.4257916,-0.571003,0.6182854,0.3322352,
1,16,47.301,0.1844288,1.263222,-0.7175548,0.4261826,-0.5705932,0.6186839,0.3316954,
1,16,47.303,0.1844288,1.263222,-0.7175548,0.4261826,-0.5705932,0.6186839,0.3316954,
1,16,47.305,0.1844288,1.263222,-0.7175548,0.4261826,-0.5705932,0.6186839,0.3316954,
1,16,47.307,0.1844288,1.263222,-0.7175548,0.4261826,-0.5705932,0.6186839,0.3316954,
1,16,47.309,0.1844348,1.262975,-0.7174143,0.4264253,-0.5701209,0.619181,0.331268,
1,16,47.311,0.1844348,1.262975,-0.7174143,0.4264253,-0.5701209,0.619181,0.331268,
1,16,47.313,0.1844348,1.262975,-0.7174143,0.4264253,-0.5701209,0.619181,0.331268,
1,16,47.315,0.1844348,1.262975,-0.7174143,0.4264253,-0.5701209,0.619181,0.331268,
1,16,47.317,0.1844348,1.262975,-0.7174143,0.4264253,-0.5701209,0.619181,0.331268,
1,16,47.319,0.1844012,1.262592,-0.7172855,0.4262051,-0.5694823,0.6199026,0.3313004,
1,16,47.321,0.1844012,1.262592,-0.7172855,0.4262051,-0.5694823,0.6199026,0.3313004,
1,16,47.323,0.1844012,1.262592,-0.7172855,0.4262051,-0.5694823,0.6199026,0.3313004,
1,16,47.325,0.1844012,1.262592,-0.7172855,0.4262051,-0.5694823,0.6199026,0.3313004,
1,16,47.327,0.1843234,1.262409,-0.7171453,0.4259634,-0.5687047,0.6207797,0.3313047,
1,16,47.329,0.1843234,1.262409,-0.7171453,0.4259634,-0.5687047,0.6207797,0.3313047,
1,16,47.331,0.1843234,1.262409,-0.7171453,0.4259634,-0.5687047,0.6207797,0.3313047,
1,16,47.333,0.1843234,1.262409,-0.7171453,0.4259634,-0.5687047,0.6207797,0.3313047,
1,16,47.335,0.1845163,1.261742,-0.716973,0.4262183,-0.5685099,0.6209587,0.3309757,
1,16,47.337,0.1845163,1.261742,-0.716973,0.4262183,-0.5685099,0.6209587,0.3309757,
1,16,47.339,0.1845163,1.261742,-0.716973,0.4262183,-0.5685099,0.6209587,0.3309757,
1,16,47.341,0.1845163,1.261742,-0.716973,0.4262183,-0.5685099,0.6209587,0.3309757,
1,16,47.343,0.1846755,1.26138,-0.7169873,0.4265726,-0.5680577,0.621264,0.3307225,
1,16,47.345,0.1846755,1.26138,-0.7169873,0.4265726,-0.5680577,0.621264,0.3307225,
1,16,47.347,0.1846755,1.26138,-0.7169873,0.4265726,-0.5680577,0.621264,0.3307225,
1,16,47.349,0.1846755,1.26138,-0.7169873,0.4265726,-0.5680577,0.621264,0.3307225,
1,16,47.351,0.184799,1.261103,-0.7169791,0.4266363,-0.5674018,0.6218061,0.3307474,
1,16,47.353,0.184799,1.261103,-0.7169791,0.4266363,-0.5674018,0.6218061,0.3307474,
1,16,47.355,0.184799,1.261103,-0.7169791,0.4266363,-0.5674018,0.6218061,0.3307474,
1,16,47.357,0.184799,1.261103,-0.7169791,0.4266363,-0.5674018,0.6218061,0.3307474,
1,16,47.359,0.1850199,1.260761,-0.7170968,0.4267354,-0.5668026,0.6222304,0.3308492,
1,16,47.361,0.1850199,1.260761,-0.7170968,0.4267354,-0.5668026,0.6222304,0.3308492,
1,16,47.363,0.1850199,1.260761,-0.7170968,0.4267354,-0.5668026,0.6222304,0.3308492,
1,16,47.365,0.1850199,1.260761,-0.7170968,0.4267354,-0.5668026,0.6222304,0.3308492,
1,16,47.367,0.1850199,1.260761,-0.7170968,0.4267354,-0.5668026,0.6222304,0.3308492,
1,16,47.369,0.1851544,1.260487,-0.7171658,0.4268881,-0.5663071,0.6226034,0.3307987,
1,16,47.371,0.1851544,1.260487,-0.7171658,0.4268881,-0.5663071,0.6226034,0.3307987,
1,16,47.373,0.1851544,1.260487,-0.7171658,0.4268881,-0.5663071,0.6226034,0.3307987,
1,16,47.375,0.1851544,1.260487,-0.7171658,0.4268881,-0.5663071,0.6226034,0.3307987,
1,16,47.377,0.1852928,1.260293,-0.7171375,0.4270196,-0.5658612,0.6230134,0.3306202,
1,16,47.379,0.1852928,1.260293,-0.7171375,0.4270196,-0.5658612,0.6230134,0.3306202,
1,16,47.381,0.1852928,1.260293,-0.7171375,0.4270196,-0.5658612,0.6230134,0.3306202,
1,16,47.383,0.1852928,1.260293,-0.7171375,0.4270196,-0.5658612,0.6230134,0.3306202,
1,16,47.385,0.1854099,1.260113,-0.7170712,0.4271391,-0.5655332,0.6233549,0.3303835,
1,16,47.387,0.1854099,1.260113,-0.7170712,0.4271391,-0.5655332,0.6233549,0.3303835,
1,16,47.389,0.1854099,1.260113,-0.7170712,0.4271391,-0.5655332,0.6233549,0.3303835,
1,16,47.391,0.1854099,1.260113,-0.7170712,0.4271391,-0.5655332,0.6233549,0.3303835,
1,16,47.393,0.1855624,1.259917,-0.717023,0.4271829,-0.5652165,0.6236861,0.3302433,
1,16,47.395,0.1855624,1.259917,-0.717023,0.4271829,-0.5652165,0.6236861,0.3302433,
1,16,47.397,0.1855624,1.259917,-0.717023,0.4271829,-0.5652165,0.6236861,0.3302433,
1,16,47.399,0.1855624,1.259917,-0.717023,0.4271829,-0.5652165,0.6236861,0.3302433,
1,16,47.401,0.1856582,1.259698,-0.7169665,0.4270081,-0.5649078,0.6240962,0.3302233,
1,16,47.403,0.1856582,1.259698,-0.7169665,0.4270081,-0.5649078,0.6240962,0.3302233,
1,16,47.405,0.1856582,1.259698,-0.7169665,0.4270081,-0.5649078,0.6240962,0.3302233,
1,16,47.407,0.1856582,1.259698,-0.7169665,0.4270081,-0.5649078,0.6240962,0.3302233,
1,16,47.409,0.1857218,1.259467,-0.7168441,0.426705,-0.5646656,0.6245297,0.3302094,
1,16,47.411,0.1857218,1.259467,-0.7168441,0.426705,-0.5646656,0.6245297,0.3302094,
1,16,47.413,0.1857218,1.259467,-0.7168441,0.426705,-0.5646656,0.6245297,0.3302094,
1,16,47.415,0.1857218,1.259467,-0.7168441,0.426705,-0.5646656,0.6245297,0.3302094,
1,16,47.417,0.1857218,1.259467,-0.7168441,0.426705,-0.5646656,0.6245297,0.3302094,
1,16,47.419,0.1857874,1.259156,-0.7166849,0.4263988,-0.5645764,0.6248686,0.3301164,
1,16,47.421,0.1857874,1.259156,-0.7166849,0.4263988,-0.5645764,0.6248686,0.3301164,
1,16,47.423,0.1857874,1.259156,-0.7166849,0.4263988,-0.5645764,0.6248686,0.3301164,
1,16,47.425,0.1857874,1.259156,-0.7166849,0.4263988,-0.5645764,0.6248686,0.3301164,
1,16,47.427,0.1859292,1.258471,-0.7164852,0.4261327,-0.5648232,0.6248901,0.3299971,
1,16,47.429,0.1859292,1.258471,-0.7164852,0.4261327,-0.5648232,0.6248901,0.3299971,
1,16,47.431,0.1859292,1.258471,-0.7164852,0.4261327,-0.5648232,0.6248901,0.3299971,
1,16,47.433,0.1859292,1.258471,-0.7164852,0.4261327,-0.5648232,0.6248901,0.3299971,
1,16,47.435,0.1861852,1.257676,-0.7164657,0.4266213,-0.565449,0.6243212,0.3293706,
1,16,47.437,0.1861852,1.257676,-0.7164657,0.4266213,-0.565449,0.6243212,0.3293706,
1,16,47.439,0.1861852,1.257676,-0.7164657,0.4266213,-0.565449,0.6243212,0.3293706,
1,16,47.441,0.1861852,1.257676,-0.7164657,0.4266213,-0.565449,0.6243212,0.3293706,
1,16,47.443,0.18623,1.257399,-0.7163314,0.4266497,-0.565607,0.6243449,0.329017,
1,16,47.445,0.18623,1.257399,-0.7163314,0.4266497,-0.565607,0.6243449,0.329017,
1,16,47.447,0.18623,1.257399,-0.7163314,0.4266497,-0.565607,0.6243449,0.329017,
1,16,47.449,0.18623,1.257399,-0.7163314,0.4266497,-0.565607,0.6243449,0.329017,
1,16,47.451,0.1861298,1.257454,-0.7162248,0.4264559,-0.5654743,0.6246915,0.3288383,
1,16,47.453,0.1861298,1.257454,-0.7162248,0.4264559,-0.5654743,0.6246915,0.3288383,
1,16,47.455,0.1861298,1.257454,-0.7162248,0.4264559,-0.5654743,0.6246915,0.3288383,
1,16,47.457,0.1861298,1.257454,-0.7162248,0.4264559,-0.5654743,0.6246915,0.3288383,
1,16,47.459,0.1861061,1.257362,-0.7160876,0.426229,-0.5654047,0.6249777,0.3287085,
1,16,47.461,0.1861061,1.257362,-0.7160876,0.426229,-0.5654047,0.6249777,0.3287085,
1,16,47.463,0.1861061,1.257362,-0.7160876,0.426229,-0.5654047,0.6249777,0.3287085,
1,16,47.465,0.1861061,1.257362,-0.7160876,0.426229,-0.5654047,0.6249777,0.3287085,
1,16,47.467,0.1861061,1.257362,-0.7160876,0.426229,-0.5654047,0.6249777,0.3287085,
1,16,47.469,0.1860637,1.257261,-0.7159177,0.4259586,-0.5653144,0.6253043,0.3285934,
1,16,47.471,0.1860637,1.257261,-0.7159177,0.4259586,-0.5653144,0.6253043,0.3285934,
1,16,47.473,0.1860637,1.257261,-0.7159177,0.4259586,-0.5653144,0.6253043,0.3285934,
1,16,47.475,0.1860637,1.257261,-0.7159177,0.4259586,-0.5653144,0.6253043,0.3285934,
1,16,47.477,0.185997,1.257175,-0.7157261,0.4256916,-0.5652297,0.6256125,0.3284982,
1,16,47.479,0.185997,1.257175,-0.7157261,0.4256916,-0.5652297,0.6256125,0.3284982,
1,16,47.481,0.185997,1.257175,-0.7157261,0.4256916,-0.5652297,0.6256125,0.3284982,
1,16,47.483,0.185997,1.257175,-0.7157261,0.4256916,-0.5652297,0.6256125,0.3284982,
1,16,47.485,0.1859007,1.25718,-0.7155451,0.4255711,-0.5651211,0.6258937,0.3283056,
1,16,47.487,0.1859007,1.25718,-0.7155451,0.4255711,-0.5651211,0.6258937,0.3283056,
1,16,47.489,0.1859007,1.25718,-0.7155451,0.4255711,-0.5651211,0.6258937,0.3283056,
1,16,47.491,0.1859007,1.25718,-0.7155451,0.4255711,-0.5651211,0.6258937,0.3283056,
1,16,47.493,0.1857862,1.257183,-0.7153511,0.4255842,-0.565074,0.6260604,0.3280517,
1,16,47.495,0.1857862,1.257183,-0.7153511,0.4255842,-0.565074,0.6260604,0.3280517,
1,16,47.497,0.1857862,1.257183,-0.7153511,0.4255842,-0.565074,0.6260604,0.3280517,
1,16,47.499,0.1857862,1.257183,-0.7153511,0.4255842,-0.565074,0.6260604,0.3280517,
1,16,47.501,0.1856843,1.257197,-0.715182,0.4257484,-0.5650684,0.6260998,0.3277731,
1,16,47.503,0.1856843,1.257197,-0.715182,0.4257484,-0.5650684,0.6260998,0.3277731,
1,16,47.505,0.1856843,1.257197,-0.715182,0.4257484,-0.5650684,0.6260998,0.3277731,
1,16,47.507,0.1856843,1.257197,-0.715182,0.4257484,-0.5650684,0.6260998,0.3277731,
1,16,47.509,0.1855582,1.25719,-0.715023,0.4260935,-0.5651318,0.6259836,0.327437,
1,16,47.511,0.1855582,1.25719,-0.715023,0.4260935,-0.5651318,0.6259836,0.327437,
1,16,47.513,0.1855582,1.25719,-0.715023,0.4260935,-0.5651318,0.6259836,0.327437,
1,16,47.515,0.1855582,1.25719,-0.715023,0.4260935,-0.5651318,0.6259836,0.327437,
1,16,47.517,0.1855582,1.25719,-0.715023,0.4260935,-0.5651318,0.6259836,0.327437,
1,16,47.519,0.1854454,1.257206,-0.7149035,0.426616,-0.5652288,0.6257282,0.327077,
1,16,47.521,0.1854454,1.257206,-0.7149035,0.426616,-0.5652288,0.6257282,0.327077,
1,16,47.523,0.1854454,1.257206,-0.7149035,0.426616,-0.5652288,0.6257282,0.327077,
1,16,47.525,0.1854454,1.257206,-0.7149035,0.426616,-0.5652288,0.6257282,0.327077,
1,16,47.527,0.1853448,1.25718,-0.7147821,0.427068,-0.5653425,0.6254269,0.3268669,
1,16,47.529,0.1853448,1.25718,-0.7147821,0.427068,-0.5653425,0.6254269,0.3268669,
1,16,47.531,0.1853448,1.25718,-0.7147821,0.427068,-0.5653425,0.6254269,0.3268669,
1,16,47.533,0.1853448,1.25718,-0.7147821,0.427068,-0.5653425,0.6254269,0.3268669,
1,16,47.535,0.1852324,1.257177,-0.7146823,0.4274087,-0.5653765,0.6251811,0.326833,
1,16,47.537,0.1852324,1.257177,-0.7146823,0.4274087,-0.5653765,0.6251811,0.326833,
1,16,47.539,0.1852324,1.257177,-0.7146823,0.4274087,-0.5653765,0.6251811,0.326833,
1,16,47.541,0.1852324,1.257177,-0.7146823,0.4274087,-0.5653765,0.6251811,0.326833,
1,16,47.543,0.1851087,1.257176,-0.7145979,0.4276308,-0.5653304,0.6249922,0.3269835,
1,16,47.545,0.1851087,1.257176,-0.7145979,0.4276308,-0.5653304,0.6249922,0.3269835,
1,16,47.547,0.1851087,1.257176,-0.7145979,0.4276308,-0.5653304,0.6249922,0.3269835,
1,16,47.549,0.1851087,1.257176,-0.7145979,0.4276308,-0.5653304,0.6249922,0.3269835,
1,16,47.551,0.1849981,1.257101,-0.7145113,0.4277482,-0.5652985,0.6247989,0.3272544,
1,16,47.553,0.1849981,1.257101,-0.7145113,0.4277482,-0.5652985,0.6247989,0.3272544,
1,16,47.555,0.1849981,1.257101,-0.7145113,0.4277482,-0.5652985,0.6247989,0.3272544,
1,16,47.557,0.1849981,1.257101,-0.7145113,0.4277482,-0.5652985,0.6247989,0.3272544,
1,16,47.559,0.1847416,1.25696,-0.7143188,0.427693,-0.5652171,0.6246568,0.327738,
1,16,47.561,0.1847416,1.25696,-0.7143188,0.427693,-0.5652171,0.6246568,0.327738,
1,16,47.563,0.1847416,1.25696,-0.7143188,0.427693,-0.5652171,0.6246568,0.327738,
1,16,47.565,0.1847416,1.25696,-0.7143188,0.427693,-0.5652171,0.6246568,0.327738,
1,16,47.567,0.1847416,1.25696,-0.7143188,0.427693,-0.5652171,0.6246568,0.327738,
1,16,47.569,0.184604,1.256751,-0.7142147,0.4276614,-0.5652431,0.6245058,0.3280222,
1,16,47.571,0.184604,1.256751,-0.7142147,0.4276614,-0.5652431,0.6245058,0.3280222,
1,16,47.573,0.184604,1.256751,-0.7142147,0.4276614,-0.5652431,0.6245058,0.3280222,
1,16,47.575,0.184604,1.256751,-0.7142147,0.4276614,-0.5652431,0.6245058,0.3280222,
1,16,47.577,0.1844645,1.256587,-0.7141314,0.4276782,-0.5652211,0.6243994,0.3282405,
1,16,47.579,0.1844645,1.256587,-0.7141314,0.4276782,-0.5652211,0.6243994,0.3282405,
1,16,47.581,0.1844645,1.256587,-0.7141314,0.4276782,-0.5652211,0.6243994,0.3282405,
1,16,47.583,0.1844645,1.256587,-0.7141314,0.4276782,-0.5652211,0.6243994,0.3282405,
1,16,47.585,0.1842872,1.25642,-0.7140211,0.4276513,-0.5651802,0.6243554,0.3284298,
1,16,47.587,0.1842872,1.25642,-0.7140211,0.4276513,-0.5651802,0.6243554,0.3284298,
1,16,47.589,0.1842872,1.25642,-0.7140211,0.4276513,-0.5651802,0.6243554,0.3284298,
1,16,47.591,0.1842872,1.25642,-0.7140211,0.4276513,-0.5651802,0.6243554,0.3284298,
1,16,47.593,0.1841346,1.256272,-0.7139021,0.4276574,-0.565071,0.6243775,0.3285677,
1,16,47.595,0.1841346,1.256272,-0.7139021,0.4276574,-0.565071,0.6243775,0.3285677,
1,16,47.597,0.1841346,1.256272,-0.7139021,0.4276574,-0.565071,0.6243775,0.3285677,
1,16,47.599,0.1841346,1.256272,-0.7139021,0.4276574,-0.565071,0.6243775,0.3285677,
1,16,47.601,0.1839989,1.256356,-0.7137593,0.4278444,-0.5647796,0.6245543,0.3284888,
1,16,47.603,0.1839989,1.256356,-0.7137593,0.4278444,-0.5647796,0.6245543,0.3284888,
1,16,47.605,0.1839989,1.256356,-0.7137593,0.4278444,-0.5647796,0.6245543,0.3284888,
1,16,47.607,0.1839989,1.256356,-0.7137593,0.4278444,-0.5647796,0.6245543,0.3284888,
1,16,47.609,0.1838566,1.256207,-0.7136363,0.4279333,-0.5646673,0.624593,0.3284929,
1,16,47.611,0.1838566,1.256207,-0.7136363,0.4279333,-0.5646673,0.624593,0.3284929,
1,16,47.613,0.1838566,1.256207,-0.7136363,0.4279333,-0.5646673,0.624593,0.3284929,
1,16,47.615,0.1838566,1.256207,-0.7136363,0.4279333,-0.5646673,0.624593,0.3284929,
1,16,47.617,0.1838566,1.256207,-0.7136363,0.4279333,-0.5646673,0.624593,0.3284929,
1,16,47.619,0.1837616,1.256153,-0.7135136,0.4280781,-0.5645022,0.6246967,0.3283906,
1,16,47.621,0.1837616,1.256153,-0.7135136,0.4280781,-0.5645022,0.6246967,0.3283906,
1,16,47.623,0.1837616,1.256153,-0.7135136,0.4280781,-0.5645022,0.6246967,0.3283906,
1,16,47.625,0.1837616,1.256153,-0.7135136,0.4280781,-0.5645022,0.6246967,0.3283906,
1,16,47.627,0.1836484,1.256061,-0.7133847,0.4284408,-0.564446,0.6246678,0.3280692,
1,16,47.629,0.1836484,1.256061,-0.7133847,0.4284408,-0.564446,0.6246678,0.3280692,
1,16,47.631,0.1836484,1.256061,-0.7133847,0.4284408,-0.564446,0.6246678,0.3280692,
1,16,47.633,0.1836484,1.256061,-0.7133847,0.4284408,-0.564446,0.6246678,0.3280692,
1,16,47.635,0.1834527,1.256,-0.7132462,0.4290127,-0.5643241,0.6246531,0.3275593,
1,16,47.637,0.1834527,1.256,-0.7132462,0.4290127,-0.5643241,0.6246531,0.3275593,
1,16,47.639,0.1834527,1.256,-0.7132462,0.4290127,-0.5643241,0.6246531,0.3275593,
1,16,47.641,0.1834527,1.256,-0.7132462,0.4290127,-0.5643241,0.6246531,0.3275593,
1,16,47.643,0.1833083,1.256028,-0.713127,0.4293478,-0.5641631,0.6247255,0.3272594,
1,16,47.645,0.1833083,1.256028,-0.713127,0.4293478,-0.5641631,0.6247255,0.3272594,
1,16,47.647,0.1833083,1.256028,-0.713127,0.4293478,-0.5641631,0.6247255,0.3272594,
1,16,47.649,0.1833083,1.256028,-0.713127,0.4293478,-0.5641631,0.6247255,0.3272594,
1,16,47.651,0.1831766,1.25601,-0.7130327,0.4295374,-0.5640248,0.6247968,0.3271125,
1,16,47.653,0.1831766,1.25601,-0.7130327,0.4295374,-0.5640248,0.6247968,0.3271125,
1,16,47.655,0.1831766,1.25601,-0.7130327,0.4295374,-0.5640248,0.6247968,0.3271125,
1,16,47.657,0.1831766,1.25601,-0.7130327,0.4295374,-0.5640248,0.6247968,0.3271125,
1,16,47.659,0.1830739,1.255953,-0.7129249,0.4295996,-0.5638942,0.6248854,0.3270869,
1,16,47.661,0.1830739,1.255953,-0.7129249,0.4295996,-0.5638942,0.6248854,0.3270869,
1,16,47.663,0.1830739,1.255953,-0.7129249,0.4295996,-0.5638942,0.6248854,0.3270869,
1,16,47.665,0.1830739,1.255953,-0.7129249,0.4295996,-0.5638942,0.6248854,0.3270869,
1,16,47.667,0.1830739,1.255953,-0.7129249,0.4295996,-0.5638942,0.6248854,0.3270869,
1,16,47.669,0.1829724,1.255926,-0.7128263,0.4295548,-0.563728,0.6250306,0.3271548,
1,16,47.671,0.1829724,1.255926,-0.7128263,0.4295548,-0.563728,0.6250306,0.3271548,
1,16,47.673,0.1829724,1.255926,-0.7128263,0.4295548,-0.563728,0.6250306,0.3271548,
1,16,47.675,0.1829724,1.255926,-0.7128263,0.4295548,-0.563728,0.6250306,0.3271548,
1,16,47.677,0.1829046,1.255706,-0.7126524,0.429424,-0.5637118,0.6250765,0.3272666,
1,16,47.679,0.1829046,1.255706,-0.7126524,0.429424,-0.5637118,0.6250765,0.3272666,
1,16,47.681,0.1829046,1.255706,-0.7126524,0.429424,-0.5637118,0.6250765,0.3272666,
1,16,47.683,0.1829046,1.255706,-0.7126524,0.429424,-0.5637118,0.6250765,0.3272666,
1,16,47.685,0.1828515,1.255445,-0.7124835,0.429311,-0.5637943,0.6250232,0.3273743,
1,16,47.687,0.1828515,1.255445,-0.7124835,0.429311,-0.5637943,0.6250232,0.3273743,
1,16,47.689,0.1828515,1.255445,-0.7124835,0.429311,-0.5637943,0.6250232,0.3273743,
1,16,47.691,0.1828515,1.255445,-0.7124835,0.429311,-0.5637943,0.6250232,0.3273743,
1,16,47.693,0.1827752,1.255285,-0.7123595,0.4292583,-0.5638326,0.6249796,0.3274608,
1,16,47.695,0.1827752,1.255285,-0.7123595,0.4292583,-0.5638326,0.6249796,0.3274608,
1,16,47.697,0.1827752,1.255285,-0.7123595,0.4292583,-0.5638326,0.6249796,0.3274608,
1,16,47.699,0.1827752,1.255285,-0.7123595,0.4292583,-0.5638326,0.6249796,0.3274608,
1,16,47.701,0.1826631,1.255196,-0.712224,0.4292323,-0.5638791,0.6249393,0.3274919,
1,16,47.703,0.1826631,1.255196,-0.712224,0.4292323,-0.5638791,0.6249393,0.3274919,
1,16,47.705,0.1826631,1.255196,-0.712224,0.4292323,-0.5638791,0.6249393,0.3274919,
1,16,47.707,0.1826631,1.255196,-0.712224,0.4292323,-0.5638791,0.6249393,0.3274919,
1,16,47.709,0.1825518,1.255103,-0.7120879,0.4291232,-0.5638966,0.6249478,0.3275883,
1,16,47.711,0.1825518,1.255103,-0.7120879,0.4291232,-0.5638966,0.6249478,0.3275883,
1,16,47.713,0.1825518,1.255103,-0.7120879,0.4291232,-0.5638966,0.6249478,0.3275883,
1,16,47.715,0.1825518,1.255103,-0.7120879,0.4291232,-0.5638966,0.6249478,0.3275883,
1,16,47.717,0.1825518,1.255103,-0.7120879,0.4291232,-0.5638966,0.6249478,0.3275883,
1,16,47.719,0.182445,1.255031,-0.711957,0.4289098,-0.5638078,0.6250552,0.3278157,
1,16,47.721,0.182445,1.255031,-0.711957,0.4289098,-0.5638078,0.6250552,0.3278157,
1,16,47.723,0.182445,1.255031,-0.711957,0.4289098,-0.5638078,0.6250552,0.3278157,
1,16,47.725,0.182445,1.255031,-0.711957,0.4289098,-0.5638078,0.6250552,0.3278157,
1,16,47.727,0.1823086,1.254947,-0.711794,0.4286099,-0.5636786,0.6252364,0.3280845,
1,16,47.729,0.1823086,1.254947,-0.711794,0.4286099,-0.5636786,0.6252364,0.3280845,
1,16,47.731,0.1823086,1.254947,-0.711794,0.4286099,-0.5636786,0.6252364,0.3280845,
1,16,47.733,0.1823086,1.254947,-0.711794,0.4286099,-0.5636786,0.6252364,0.3280845,
1,16,47.735,0.1821682,1.254864,-0.7116431,0.4283579,-0.563542,0.6253989,0.3283387,
1,16,47.737,0.1821682,1.254864,-0.7116431,0.4283579,-0.563542,0.6253989,0.3283387,
1,16,47.739,0.1821682,1.254864,-0.7116431,0.4283579,-0.563542,0.6253989,0.3283387,
1,16,47.741,0.1821682,1.254864,-0.7116431,0.4283579,-0.563542,0.6253989,0.3283387,
1,16,47.743,0.1820631,1.254803,-0.7115064,0.4282945,-0.563431,0.6254623,0.3284909,
1,16,47.745,0.1820631,1.254803,-0.7115064,0.4282945,-0.563431,0.6254623,0.3284909,
1,16,47.747,0.1820631,1.254803,-0.7115064,0.4282945,-0.563431,0.6254623,0.3284909,
1,16,47.749,0.1820631,1.254803,-0.7115064,0.4282945,-0.563431,0.6254623,0.3284909,
1,16,47.751,0.1819448,1.254842,-0.7113656,0.4284082,-0.5633338,0.6254656,0.328503,
1,16,47.753,0.1819448,1.254842,-0.7113656,0.4284082,-0.5633338,0.6254656,0.328503,
1,16,47.755,0.1819448,1.254842,-0.7113656,0.4284082,-0.5633338,0.6254656,0.328503,CourtEnter
1,16,47.757,0.1819448,1.254842,-0.7113656,0.4284082,-0.5633338,0.6254656,0.328503,
1,16,47.759,0.1818169,1.25483,-0.711201,0.4286226,-0.5633179,0.6253642,0.3284438,
1,16,47.761,0.1818169,1.25483,-0.711201,0.4286226,-0.5633179,0.6253642,0.3284438,
1,16,47.763,0.1818169,1.25483,-0.711201,0.4286226,-0.5633179,0.6253642,0.3284438,
1,16,47.765,0.1818169,1.25483,-0.711201,0.4286226,-0.5633179,0.6253642,0.3284438,
1,16,47.767,0.1818169,1.25483,-0.711201,0.4286226,-0.5633179,0.6253642,0.3284438,CourtExit
1,16,47.769,0.1816587,1.254813,-0.7110171,0.4288021,-0.5633186,0.6252647,0.3283978,
1,16,47.771,0.1816587,1.254813,-0.7110171,0.4288021,-0.5633186,0.6252647,0.3283978,
1,16,47.773,0.1816587,1.254813,-0.7110171,0.4288021,-0.5633186,0.6252647,0.3283978,
1,16,47.775,0.1816587,1.254813,-0.7110171,0.4288021,-0.5633186,0.6252647,0.3283978,
1,16,47.777,0.1815112,1.254733,-0.7108291,0.4289524,-0.5633298,0.6251466,0.328407,
1,16,47.779,0.1815112,1.254733,-0.7108291,0.4289524,-0.5633298,0.6251466,0.328407,
1,16,47.781,0.1815112,1.254733,-0.7108291,0.4289524,-0.5633298,0.6251466,0.328407,
1,16,47.783,0.1815112,1.254733,-0.7108291,0.4289524,-0.5633298,0.6251466,0.328407,
1,16,47.785,0.1812787,1.254667,-0.7107236,0.4291324,-0.5631876,0.6250237,0.3286496,
1,16,47.787,0.1812787,1.254667,-0.7107236,0.4291324,-0.5631876,0.6250237,0.3286496,
1,16,47.789,0.1812787,1.254667,-0.7107236,0.4291324,-0.5631876,0.6250237,0.3286496,
1,16,47.791,0.1812787,1.254667,-0.7107236,0.4291324,-0.5631876,0.6250237,0.3286496,
1,16,47.793,0.1811834,1.254488,-0.710647,0.4291257,-0.5630921,0.6249168,0.3290251,
1,16,47.795,0.1811834,1.254488,-0.710647,0.4291257,-0.5630921,0.6249168,0.3290251,
1,16,47.797,0.1811834,1.254488,-0.710647,0.4291257,-0.5630921,0.6249168,0.3290251,
1,16,47.799,0.1811834,1.254488,-0.710647,0.4291257,-0.5630921,0.6249168,0.3290251,
1,16,47.801,0.1809004,1.254656,-0.7104253,0.4284686,-0.5625654,0.6254165,0.3298319,
1,16,47.803,0.1809004,1.254656,-0.7104253,0.4284686,-0.5625654,0.6254165,0.3298319,
1,16,47.805,0.1809004,1.254656,-0.7104253,0.4284686,-0.5625654,0.6254165,0.3298319,
1,16,47.807,0.1809004,1.254656,-0.7104253,0.4284686,-0.5625654,0.6254165,0.3298319,
1,16,47.809,0.180614,1.254747,-0.710181,0.4277638,-0.5620444,0.6259315,0.3306571,
1,16,47.811,0.180614,1.254747,-0.710181,0.4277638,-0.5620444,0.6259315,0.3306571,
1,16,47.813,0.180614,1.254747,-0.710181,0.4277638,-0.5620444,0.6259315,0.3306571,
1,16,47.815,0.180614,1.254747,-0.710181,0.4277638,-0.5620444,0.6259315,0.3306571,
1,16,47.817,0.180614,1.254747,-0.710181,0.4277638,-0.5620444,0.6259315,0.3306571,
1,16,47.819,0.1804869,1.254652,-0.7100493,0.427799,-0.5618192,0.6259427,0.3309729,
1,16,47.821,0.1804869,1.254652,-0.7100493,0.427799,-0.5618192,0.6259427,0.3309729,
1,16,47.823,0.1804869,1.254652,-0.7100493,0.427799,-0.5618192,0.6259427,0.3309729,
1,16,47.825,0.1804869,1.254652,-0.7100493,0.427799,-0.5618192,0.6259427,0.3309729,
1,16,47.827,0.1803676,1.254592,-0.7100247,0.4280205,-0.5615938,0.6258691,0.3312083,
1,16,47.829,0.1803676,1.254592,-0.7100247,0.4280205,-0.5615938,0.6258691,0.3312083,
1,16,47.831,0.1803676,1.254592,-0.7100247,0.4280205,-0.5615938,0.6258691,0.3312083,
1,16,47.833,0.1803676,1.254592,-0.7100247,0.4280205,-0.5615938,0.6258691,0.3312083,
1,16,47.835,0.1801918,1.254586,-0.7100092,0.4282606,-0.5613512,0.625826,0.3313903,
1,16,47.837,0.1801918,1.254586,-0.7100092,0.4282606,-0.5613512,0.625826,0.3313903,
1,16,47.839,0.1801918,1.254586,-0.7100092,0.4282606,-0.5613512,0.625826,0.3313903,
1,16,47.841,0.1801918,1.254586,-0.7100092,0.4282606,-0.5613512,0.625826,0.3313903,
1,16,47.843,0.1800013,1.254607,-0.7099747,0.4285589,-0.5611215,0.6257957,0.331451,
1,16,47.845,0.1800013,1.254607,-0.7099747,0.4285589,-0.5611215,0.6257957,0.331451,
1,16,47.847,0.1800013,1.254607,-0.7099747,0.4285589,-0.5611215,0.6257957,0.331451,
1,16,47.849,0.1800013,1.254607,-0.7099747,0.4285589,-0.5611215,0.6257957,0.331451,
1,16,47.851,0.179799,1.254657,-0.7099092,0.4288704,-0.5609187,0.6257886,0.3314046,
1,16,47.853,0.179799,1.254657,-0.7099092,0.4288704,-0.5609187,0.6257886,0.3314046,
1,16,47.855,0.179799,1.254657,-0.7099092,0.4288704,-0.5609187,0.6257886,0.3314046,
1,16,47.857,0.179799,1.254657,-0.7099092,0.4288704,-0.5609187,0.6257886,0.3314046,
1,16,47.859,0.179446,1.254739,-0.7097757,0.4293131,-0.5606615,0.6257685,0.3313048,
1,16,47.861,0.179446,1.254739,-0.7097757,0.4293131,-0.5606615,0.6257685,0.3313048,
1,16,47.863,0.179446,1.254739,-0.7097757,0.4293131,-0.5606615,0.6257685,0.3313048,
1,16,47.865,0.179446,1.254739,-0.7097757,0.4293131,-0.5606615,0.6257685,0.3313048,
1,16,47.867,0.179446,1.254739,-0.7097757,0.4293131,-0.5606615,0.6257685,0.3313048,
1,16,47.869,0.1792726,1.25477,-0.7097428,0.4296969,-0.5605241,0.6256779,0.3312109,
1,16,47.871,0.1792726,1.25477,-0.7097428,0.4296969,-0.5605241,0.6256779,0.3312109,
1,16,47.873,0.1792726,1.25477,-0.7097428,0.4296969,-0.5605241,0.6256779,0.3312109,
1,16,47.875,0.1792726,1.25477,-0.7097428,0.4296969,-0.5605241,0.6256779,0.3312109,
1,16,47.877,0.1790438,1.254852,-0.7097068,0.429912,-0.5602817,0.6257434,0.3312179,
1,16,47.879,0.1790438,1.254852,-0.7097068,0.429912,-0.5602817,0.6257434,0.3312179,
1,16,47.881,0.1790438,1.254852,-0.7097068,0.429912,-0.5602817,0.6257434,0.3312179,
1,16,47.883,0.1790438,1.254852,-0.7097068,0.429912,-0.5602817,0.6257434,0.3312179,
1,16,47.885,0.1788157,1.25489,-0.7096612,0.4299752,-0.5600743,0.6258458,0.3312932,
1,16,47.887,0.1788157,1.25489,-0.7096612,0.4299752,-0.5600743,0.6258458,0.3312932,
1,16,47.889,0.1788157,1.25489,-0.7096612,0.4299752,-0.5600743,0.6258458,0.3312932,
1,16,47.891,0.1788157,1.25489,-0.7096612,0.4299752,-0.5600743,0.6258458,0.3312932,
1,16,47.893,0.1786191,1.254922,-0.7096649,0.4299572,-0.5598581,0.6259772,0.3314338,
1,16,47.895,0.1786191,1.254922,-0.7096649,0.4299572,-0.5598581,0.6259772,0.3314338,
1,16,47.897,0.1786191,1.254922,-0.7096649,0.4299572,-0.5598581,0.6259772,0.3314338,
1,16,47.899,0.1786191,1.254922,-0.7096649,0.4299572,-0.5598581,0.6259772,0.3314338,
1,16,47.901,0.1784516,1.25495,-0.709696,0.4299779,-0.5597183,0.6260499,0.3315059,
1,16,47.903,0.1784516,1.25495,-0.709696,0.4299779,-0.5597183,0.6260499,0.3315059,
1,16,47.905,0.1784516,1.25495,-0.709696,0.4299779,-0.5597183,0.6260499,0.3315059,
1,16,47.907,0.1784516,1.25495,-0.709696,0.4299779,-0.5597183,0.6260499,0.3315059,
1,16,47.909,0.1782756,1.2549,-0.70975,0.4300658,-0.5597144,0.6260015,0.3314899,
1,16,47.911,0.1782756,1.2549,-0.70975,0.4300658,-0.5597144,0.6260015,0.3314899,
1,16,47.913,0.1782756,1.2549,-0.70975,0.4300658,-0.5597144,0.6260015,0.3314899,
1,16,47.915,0.1782756,1.2549,-0.70975,0.4300658,-0.5597144,0.6260015,0.3314899,
1,16,47.917,0.1782756,1.2549,-0.70975,0.4300658,-0.5597144,0.6260015,0.3314899,
1,16,47.919,0.1781244,1.254838,-0.7098373,0.4302398,-0.559754,0.6259008,0.331387,
1,16,47.921,0.1781244,1.254838,-0.7098373,0.4302398,-0.559754,0.6259008,0.331387,
1,16,47.923,0.1781244,1.254838,-0.7098373,0.4302398,-0.559754,0.6259008,0.331387,
1,16,47.925,0.1781244,1.254838,-0.7098373,0.4302398,-0.559754,0.6259008,0.331387,
1,16,47.927,0.17802,1.254785,-0.7099646,0.4304729,-0.5598237,0.6257601,0.3312321,
1,16,47.929,0.17802,1.254785,-0.7099646,0.4304729,-0.5598237,0.6257601,0.3312321,
1,16,47.931,0.17802,1.254785,-0.7099646,0.4304729,-0.5598237,0.6257601,0.3312321,
1,16,47.933,0.17802,1.254785,-0.7099646,0.4304729,-0.5598237,0.6257601,0.3312321,
1,16,47.935,0.1778641,1.254712,-0.7101751,0.4306124,-0.5598881,0.6256658,0.3311202,
1,16,47.937,0.1778641,1.254712,-0.7101751,0.4306124,-0.5598881,0.6256658,0.3311202,
1,16,47.939,0.1778641,1.254712,-0.7101751,0.4306124,-0.5598881,0.6256658,0.3311202,
1,16,47.941,0.1778641,1.254712,-0.7101751,0.4306124,-0.5598881,0.6256658,0.3311202,
1,16,47.943,0.1777696,1.254717,-0.710364,0.4305645,-0.559818,0.6257364,0.3311675,
1,16,47.945,0.1777696,1.254717,-0.710364,0.4305645,-0.559818,0.6257364,0.3311675,
1,16,47.947,0.1777696,1.254717,-0.710364,0.4305645,-0.559818,0.6257364,0.3311675,
1,16,47.949,0.1777696,1.254717,-0.710364,0.4305645,-0.559818,0.6257364,0.3311675,
1,16,47.951,0.1776846,1.254695,-0.7105644,0.4304779,-0.5597976,0.6258025,0.3311899,
1,16,47.953,0.1776846,1.254695,-0.7105644,0.4304779,-0.5597976,0.6258025,0.3311899,
1,16,47.955,0.1776846,1.254695,-0.7105644,0.4304779,-0.5597976,0.6258025,0.3311899,
1,16,47.957,0.1776846,1.254695,-0.7105644,0.4304779,-0.5597976,0.6258025,0.3311899,
1,16,47.959,0.1776432,1.25468,-0.7107984,0.4303637,-0.5597545,0.6259044,0.3312185,
1,16,47.961,0.1776432,1.25468,-0.7107984,0.4303637,-0.5597545,0.6259044,0.3312185,
1,16,47.963,0.1776432,1.25468,-0.7107984,0.4303637,-0.5597545,0.6259044,0.3312185,
1,16,47.965,0.1776432,1.25468,-0.7107984,0.4303637,-0.5597545,0.6259044,0.3312185,
1,16,47.967,0.1776432,1.25468,-0.7107984,0.4303637,-0.5597545,0.6259044,0.3312185,
1,16,47.969,0.1776012,1.254674,-0.7110963,0.4301609,-0.559659,0.6260772,0.3313167,
1,16,47.971,0.1776012,1.254674,-0.7110963,0.4301609,-0.559659,0.6260772,0.3313167,
1,16,47.973,0.1776012,1.254674,-0.7110963,0.4301609,-0.559659,0.6260772,0.3313167,
1,16,47.975,0.1776012,1.254674,-0.7110963,0.4301609,-0.559659,0.6260772,0.3313167,
1,16,47.977,0.1775713,1.25465,-0.7114601,0.4299462,-0.5595501,0.6262733,0.3314087,
1,16,47.979,0.1775713,1.25465,-0.7114601,0.4299462,-0.5595501,0.6262733,0.3314087,
1,16,47.981,0.1775713,1.25465,-0.7114601,0.4299462,-0.5595501,0.6262733,0.3314087,
1,16,47.983,0.1775713,1.25465,-0.7114601,0.4299462,-0.5595501,0.6262733,0.3314087,
1,16,47.985,0.177536,1.254635,-0.7118205,0.4296331,-0.559431,0.6265453,0.3315019,
1,16,47.987,0.177536,1.254635,-0.7118205,0.4296331,-0.559431,0.6265453,0.3315019,
1,16,47.989,0.177536,1.254635,-0.7118205,0.4296331,-0.559431,0.6265453,0.3315019,
1,16,47.991,0.177536,1.254635,-0.7118205,0.4296331,-0.559431,0.6265453,0.3315019,
1,16,47.993,0.1774623,1.254511,-0.7121249,0.4292575,-0.559427,0.6267815,0.3315484,
1,16,47.995,0.1774623,1.254511,-0.7121249,0.4292575,-0.559427,0.6267815,0.3315484,
1,16,47.997,0.1774623,1.254511,-0.7121249,0.4292575,-0.559427,0.6267815,0.3315484,
1,16,47.999,0.1774623,1.254511,-0.7121249,0.4292575,-0.559427,0.6267815,0.3315484,
1,17,48.001,0.1773437,1.254416,-0.7123855,0.4288452,-0.559432,0.6270521,0.331562,CourtExit
1,17,48.003,0.1773437,1.254416,-0.7123855,0.4288452,-0.559432,0.6270521,0.331562,
1,17,48.005,0.1773437,1.254416,-0.7123855,0.4288452,-0.559432,0.6270521,0.331562,
1,17,48.007,0.1773437,1.254416,-0.7123855,0.4288452,-0.559432,0.6270521,0.331562,
1,17,48.009,0.1771951,1.254364,-0.7128428,0.4285387,-0.5594524,0.6273552,0.3313505,
1,17,48.011,0.1771951,1.254364,-0.7128428,0.4285387,-0.5594524,0.6273552,0.3313505,
1,17,48.013,0.1771951,1.254364,-0.7128428,0.4285387,-0.5594524,0.6273552,0.3313505,
1,17,48.015,0.1771951,1.254364,-0.7128428,0.4285387,-0.5594524,0.6273552,0.3313505,
1,17,48.017,0.1771951,1.254364,-0.7128428,0.4285387,-0.5594524,0.6273552,0.3313505,
1,17,48.019,0.1771715,1.254385,-0.7131593,0.4285541,-0.5595062,0.6274574,0.331046,
1,17,48.021,0.1771715,1.254385,-0.7131593,0.4285541,-0.5595062,0.6274574,0.331046,
1,17,48.023,0.1771715,1.254385,-0.7131593,0.4285541,-0.5595062,0.6274574,0.331046,
1,17,48.025,0.1771715,1.254385,-0.7131593,0.4285541,-0.5595062,0.6274574,0.331046,
1,17,48.027,0.1772192,1.254389,-0.7134567,0.4286731,-0.5596374,0.6274434,0.3306966,
1,17,48.029,0.1772192,1.254389,-0.7134567,0.4286731,-0.5596374,0.6274434,0.3306966,
1,17,48.031,0.1772192,1.254389,-0.7134567,0.4286731,-0.5596374,0.6274434,0.3306966,
1,17,48.033,0.1772192,1.254389,-0.7134567,0.4286731,-0.5596374,0.6274434,0.3306966,
1,17,48.035,0.1772819,1.254372,-0.7137384,0.4287868,-0.5598377,0.6273704,0.3303483,
1,17,48.037,0.1772819,1.254372,-0.7137384,0.4287868,-0.5598377,0.6273704,0.3303483,
1,17,48.039,0.1772819,1.254372,-0.7137384,0.4287868,-0.5598377,0.6273704,0.3303483,
1,17,48.041,0.1772819,1.254372,-0.7137384,0.4287868,-0.5598377,0.6273704,0.3303483,
1,17,48.043,0.1773501,1.254367,-0.7141082,0.4288467,-0.56002,0.6273019,0.3300918,
1,17,48.045,0.1773501,1.254367,-0.7141082,0.4288467,-0.56002,0.6273019,0.3300918,
1,17,48.047,0.1773501,1.254367,-0.7141082,0.4288467,-0.56002,0.6273019,0.3300918,
1,17,48.049,0.1773501,1.254367,-0.7141082,0.4288467,-0.56002,0.6273019,0.3300918,
1,17,48.051,0.1773185,1.254276,-0.7143794,0.4286095,-0.5602573,0.6273302,0.3299429,
1,17,48.053,0.1773185,1.254276,-0.7143794,0.4286095,-0.5602573,0.6273302,0.3299429,
1,17,48.055,0.1773185,1.254276,-0.7143794,0.4286095,-0.5602573,0.6273302,0.3299429,
1,17,48.057,0.1773185,1.254276,-0.7143794,0.4286095,-0.5602573,0.6273302,0.3299429,
1,17,48.059,0.1772253,1.254152,-0.7145792,0.4281001,-0.5604805,0.6274868,0.3299277,
1,17,48.061,0.1772253,1.254152,-0.7145792,0.4281001,-0.5604805,0.6274868,0.3299277,
1,17,48.063,0.1772253,1.254152,-0.7145792,0.4281001,-0.5604805,0.6274868,0.3299277,
1,17,48.065,0.1772253,1.254152,-0.7145792,0.4281001,-0.5604805,0.6274868,0.3299277,
1,17,48.067,0.1772253,1.254152,-0.7145792,0.4281001,-0.5604805,0.6274868,0.3299277,
1,17,48.069,0.1771633,1.254079,-0.7148414,0.4275686,-0.5605773,0.6277271,0.3299952,
1,17,48.071,0.1771633,1.254079,-0.7148414,0.4275686,-0.5605773,0.6277271,0.3299952,
1,17,48.073,0.1771633,1.254079,-0.7148414,0.4275686,-0.5605773,0.6277271,0.3299952,
1,17,48.075,0.1771633,1.254079,-0.7148414,0.4275686,-0.5605773,0.6277271,0.3299952,
1,17,48.077,0.1770955,1.253901,-0.7150849,0.4270682,-0.5607185,0.62792,0.3300365,
1,17,48.079,0.1770955,1.253901,-0.7150849,0.4270682,-0.5607185,0.62792,0.3300365,
1,17,48.081,0.1770955,1.253901,-0.7150849,0.4270682,-0.5607185,0.62792,0.3300365,
1,17,48.083,0.1770955,1.253901,-0.7150849,0.4270682,-0.5607185,0.62792,0.3300365,
1,17,48.085,0.1770722,1.253609,-0.715448,0.4265442,-0.5609672,0.628138,0.3298764,
1,17,48.087,0.1770722,1.253609,-0.715448,0.4265442,-0.5609672,0.628138,0.3298764,
1,17,48.089,0.1770722,1.253609,-0.715448,0.4265442,-0.5609672,0.628138,0.3298764,
1,17,48.091,0.1770722,1.253609,-0.715448,0.4265442,-0.5609672,0.628138,0.3298764,
1,17,48.093,0.1770809,1.253322,-0.7156273,0.42639,-0.5612462,0.6281706,0.3295392,
1,17,48.095,0.1770809,1.253322,-0.7156273,0.42639,-0.5612462,0.6281706,0.3295392,
1,17,48.097,0.1770809,1.253322,-0.7156273,0.42639,-0.5612462,0.6281706,0.3295392,
1,17,48.099,0.1770809,1.253322,-0.7156273,0.42639,-0.5612462,0.6281706,0.3295392,
1,17,48.101,0.1770413,1.253005,-0.715809,0.4261981,-0.5615022,0.6282646,0.329172,
1,17,48.103,0.1770413,1.253005,-0.715809,0.4261981,-0.5615022,0.6282646,0.329172,
1,17,48.105,0.1770413,1.253005,-0.715809,0.4261981,-0.5615022,0.6282646,0.329172,
1,17,48.107,0.1770413,1.253005,-0.715809,0.4261981,-0.5615022,0.6282646,0.329172,
1,17,48.109,0.1769591,1.25263,-0.715979,0.4259558,-0.5616776,0.6284522,0.3288277,
1,17,48.111,0.1769591,1.25263,-0.715979,0.4259558,-0.5616776,0.6284522,0.3288277,
1,17,48.113,0.1769591,1.25263,-0.715979,0.4259558,-0.5616776,0.6284522,0.3288277,
1,17,48.115,0.1769591,1.25263,-0.715979,0.4259558,-0.5616776,0.6284522,0.3288277,
1,17,48.117,0.1769591,1.25263,-0.715979,0.4259558,-0.5616776,0.6284522,0.3288277,
1,17,48.119,0.176879,1.252408,-0.7161664,0.4257243,-0.5615822,0.6288607,0.3285097,
1,17,48.121,0.176879,1.252408,-0.7161664,0.4257243,-0.5615822,0.6288607,0.3285097,
1,17,48.123,0.176879,1.252408,-0.7161664,0.4257243,-0.5615822,0.6288607,0.3285097,
1,17,48.125,0.176879,1.252408,-0.7161664,0.4257243,-0.5615822,0.6288607,0.3285097,
1,17,48.127,0.1768033,1.25221,-0.7164013,0.4256171,-0.5613664,0.629272,0.3282292,
1,17,48.129,0.1768033,1.25221,-0.7164013,0.4256171,-0.5613664,0.629272,0.3282292,
1,17,48.131,0.1768033,1.25221,-0.7164013,0.4256171,-0.5613664,0.629272,0.3282292,
1,17,48.133,0.1768033,1.25221,-0.7164013,0.4256171,-0.5613664,0.629272,0.3282292,
1,17,48.135,0.176753,1.252033,-0.7166787,0.4257328,-0.561147,0.6295699,0.3278832,
1,17,48.137,0.176753,1.252033,-0.7166787,0.4257328,-0.561147,0.6295699,0.3278832,
1,17,48.139,0.176753,1.252033,-0.7166787,0.4257328,-0.561147,0.6295699,0.3278832,
1,17,48.141,0.176753,1.252033,-0.7166787,0.4257328,-0.561147,0.6295699,0.3278832,
1,17,48.143,0.1766883,1.251797,-0.7169266,0.4262494,-0.5611173,0.6296068,0.3271913,
1,17,48.145,0.1766883,1.251797,-0.7169266,0.4262494,-0.5611173,0.6296068,0.3271913,
1,17,48.147,0.1766883,1.251797,-0.7169266,0.4262494,-0.5611173,0.6296068,0.3271913,
1,17,48.149,0.1766883,1.251797,-0.7169266,0.4262494,-0.5611173,0.6296068,0.3271913,
1,17,48.151,0.1765719,1.251513,-0.717156,0.427076,-0.5612537,0.6294345,0.3262096,
1,17,48.153,0.1765719,1.251513,-0.717156,0.427076,-0.5612537,0.6294345,0.3262096,
1,17,48.155,0.1765719,1.251513,-0.717156,0.427076,-0.5612537,0.6294345,0.3262096,
1,17,48.157,0.1765719,1.251513,-0.717156,0.427076,-0.5612537,0.6294345,0.3262096,
1,17,48.159,0.1765797,1.250895,-0.7174672,0.4283516,-0.5617218,0.628759,0.3250319,
1,17,48.161,0.1765797,1.250895,-0.7174672,0.4283516,-0.5617218,0.628759,0.3250319,
1,17,48.163,0.1765797,1.250895,-0.7174672,0.4283516,-0.5617218,0.628759,0.3250319,
1,17,48.165,0.1765797,1.250895,-0.7174672,0.4283516,-0.5617218,0.628759,0.3250319,
1,17,48.167,0.1765797,1.250895,-0.7174672,0.4283516,-0.5617218,0.628759,0.3250319,
1,17,48.169,0.176367,1.250623,-0.7175963,0.4289044,-0.5618054,0.6286358,0.3243961,
1,17,48.171,0.176367,1.250623,-0.7175963,0.4289044,-0.5618054,0.6286358,0.3243961,
1,17,48.173,0.176367,1.250623,-0.7175963,0.4289044,-0.5618054,0.6286358,0.3243961,
1,17,48.175,0.176367,1.250623,-0.7175963,0.4289044,-0.5618054,0.6286358,0.3243961,
1,17,48.177,0.1762617,1.250076,-0.7178409,0.4293896,-0.5620137,0.6283032,0.3240376,
1,17,48.179,0.1762617,1.250076,-0.7178409,0.4293896,-0.5620137,0.6283032,0.3240376,
1,17,48.181,0.1762617,1.250076,-0.7178409,0.4293896,-0.5620137,0.6283032,0.3240376,
1,17,48.183,0.1762617,1.250076,-0.7178409,0.4293896,-0.5620137,0.6283032,0.3240376,
1,17,48.185,0.1762289,1.249035,-0.7179503,0.4300363,-0.5626555,0.6275184,0.3235869,
1,17,48.187,0.1762289,1.249035,-0.7179503,0.4300363,-0.5626555,0.6275184,0.3235869,
1,17,48.189,0.1762289,1.249035,-0.7179503,0.4300363,-0.5626555,0.6275184,0.3235869,
1,17,48.191,0.1762289,1.249035,-0.7179503,0.4300363,-0.5626555,0.6275184,0.3235869,
1,17,48.193,0.1759762,1.248334,-0.7182475,0.4309383,-0.5630913,0.6267556,0.3231065,
1,17,48.195,0.1759762,1.248334,-0.7182475,0.4309383,-0.5630913,0.6267556,0.3231065,
1,17,48.197,0.1759762,1.248334,-0.7182475,0.4309383,-0.5630913,0.6267556,0.3231065,
1,17,48.199,0.1759762,1.248334,-0.7182475,0.4309383,-0.5630913,0.6267556,0.3231065,
1,17,48.201,0.1757382,1.247418,-0.7185282,0.4319288,-0.563639,0.6257729,0.3227337,
1,17,48.203,0.1757382,1.247418,-0.7185282,0.4319288,-0.563639,0.6257729,0.3227337,
1,17,48.205,0.1757382,1.247418,-0.7185282,0.4319288,-0.563639,0.6257729,0.3227337,
1,17,48.207,0.1757382,1.247418,-0.7185282,0.4319288,-0.563639,0.6257729,0.3227337,
1,17,48.209,0.1755407,1.246511,-0.7188005,0.4329177,-0.5641417,0.6247391,0.3225332,
1,17,48.211,0.1755407,1.246511,-0.7188005,0.4329177,-0.5641417,0.6247391,0.3225332,
1,17,48.213,0.1755407,1.246511,-0.7188005,0.4329177,-0.5641417,0.6247391,0.3225332,
1,17,48.215,0.1755407,1.246511,-0.7188005,0.4329177,-0.5641417,0.6247391,0.3225332,
1,17,48.217,0.1755407,1.246511,-0.7188005,0.4329177,-0.5641417,0.6247391,0.3225332,
1,17,48.219,0.1751895,1.245941,-0.7188363,0.4332019,-0.5640871,0.6243216,0.3230548,
1,17,48.221,0.1751895,1.245941,-0.7188363,0.4332019,-0.5640871,0.6243216,0.3230548,
1,17,48.223,0.1751895,1.245941,-0.7188363,0.4332019,-0.5640871,0.6243216,0.3230548,
1,17,48.225,0.1751895,1.245941,-0.7188363,0.4332019,-0.5640871,0.6243216,0.3230548,
1,17,48.227,0.1750785,1.245145,-0.7191321,0.4339366,-0.5640694,0.6235155,0.323656,
1,17,48.229,0.1750785,1.245145,-0.7191321,0.4339366,-0.5640694,0.6235155,0.323656,
1,17,48.231,0.1750785,1.245145,-0.7191321,0.4339366,-0.5640694,0.6235155,0.323656,
1,17,48.233,0.1750785,1.245145,-0.7191321,0.4339366,-0.5640694,0.6235155,0.323656,
1,17,48.235,0.1751842,1.244047,-0.7197077,0.4352925,-0.5642216,0.6221471,0.3242029,
1,17,48.237,0.1751842,1.244047,-0.7197077,0.4352925,-0.5642216,0.6221471,0.3242029,
1,17,48.239,0.1751842,1.244047,-0.7197077,0.4352925,-0.5642216,0.6221471,0.3242029,
1,17,48.241,0.1751842,1.244047,-0.7197077,0.4352925,-0.5642216,0.6221471,0.3242029,
1,17,48.243,0.1750802,1.243237,-0.7200296,0.4364195,-0.5641419,0.6212273,0.3245898,
1,17,48.245,0.1750802,1.243237,-0.7200296,0.4364195,-0.5641419,0.6212273,0.3245898,
1,17,48.247,0.1750802,1.243237,-0.7200296,0.4364195,-0.5641419,0.6212273,0.3245898,
1,17,48.249,0.1750802,1.243237,-0.7200296,0.4364195,-0.5641419,0.6212273,0.3245898,
1,17,48.251,0.1751318,1.241867,-0.7202084,0.4374085,-0.5643404,0.6201224,0.3250262,
1,17,48.253,0.1751318,1.241867,-0.7202084,0.4374085,-0.5643404,0.6201224,0.3250262,
1,17,48.255,0.1751318,1.241867,-0.7202084,0.4374085,-0.5643404,0.6201224,0.3250262,
1,17,48.257,0.1751318,1.241867,-0.7202084,0.4374085,-0.5643404,0.6201224,0.3250262,
1,17,48.259,0.1753252,1.240314,-0.7206722,0.438369,-0.5643284,0.6190359,0.3258232,
1,17,48.261,0.1753252,1.240314,-0.7206722,0.438369,-0.5643284,0.6190359,0.3258232,
1,17,48.263,0.1753252,1.240314,-0.7206722,0.438369,-0.5643284,0.6190359,0.3258232,
1,17,48.265,0.1753252,1.240314,-0.7206722,0.438369,-0.5643284,0.6190359,0.3258232,
1,17,48.267,0.1753252,1.240314,-0.7206722,0.438369,-0.5643284,0.6190359,0.3258232,
1,17,48.269,0.1755416,1.239216,-0.7211952,0.4390867,-0.5636517,0.6186348,0.3267884,
1,17,48.271,0.1755416,1.239216,-0.7211952,0.4390867,-0.5636517,0.6186348,0.3267884,
1,17,48.273,0.1755416,1.239216,-0.7211952,0.4390867,-0.5636517,0.6186348,0.3267884,
1,17,48.275,0.1755416,1.239216,-0.7211952,0.4390867,-0.5636517,0.6186348,0.3267884,
1,17,48.277,0.1754856,1.238772,-0.7214786,0.4392999,-0.5623827,0.6191585,0.327695,
1,17,48.279,0.1754856,1.238772,-0.7214786,0.4392999,-0.5623827,0.6191585,0.327695,
1,17,48.281,0.1754856,1.238772,-0.7214786,0.4392999,-0.5623827,0.6191585,0.327695,
1,17,48.283,0.1754856,1.238772,-0.7214786,0.4392999,-0.5623827,0.6191585,0.327695,
1,17,48.285,0.1752609,1.238448,-0.7214329,0.4393378,-0.5611131,0.6200086,0.3282128,
1,17,48.287,0.1752609,1.238448,-0.7214329,0.4393378,-0.5611131,0.6200086,0.3282128,
1,17,48.289,0.1752609,1.238448,-0.7214329,0.4393378,-0.5611131,0.6200086,0.3282128,
1,17,48.291,0.1752609,1.238448,-0.7214329,0.4393378,-0.5611131,0.6200086,0.3282128,
1,17,48.293,0.1751249,1.237806,-0.7211972,0.4395137,-0.5602812,0.6206161,0.3282507,
1,17,48.295,0.1751249,1.237806,-0.7211972,0.4395137,-0.5602812,0.6206161,0.3282507,
1,17,48.297,0.1751249,1.237806,-0.7211972,0.4395137,-0.5602812,0.6206161,0.3282507,
1,17,48.299,0.1751249,1.237806,-0.7211972,0.4395137,-0.5602812,0.6206161,0.3282507,
1,17,48.301,0.175084,1.237676,-0.7211558,0.4402655,-0.5592369,0.6212013,0.3279169,
1,17,48.303,0.175084,1.237676,-0.7211558,0.4402655,-0.5592369,0.6212013,0.3279169,
1,17,48.305,0.175084,1.237676,-0.7211558,0.4402655,-0.5592369,0.6212013,0.3279169,
1,17,48.307,0.175084,1.237676,-0.7211558,0.4402655,-0.5592369,0.6212013,0.3279169,
1,17,48.309,0.1751895,1.23728,-0.7214452,0.441195,-0.5583476,0.6214514,0.3277091,
1,17,48.311,0.1751895,1.23728,-0.7214452,0.441195,-0.5583476,0.6214514,0.3277091,
1,17,48.313,0.1751895,1.23728,-0.7214452,0.441195,-0.5583476,0.6214514,0.3277091,
1,17,48.315,0.1751895,1.23728,-0.7214452,0.441195,-0.5583476,0.6214514,0.3277091,
1,17,48.317,0.1751895,1.23728,-0.7214452,0.441195,-0.5583476,0.6214514,0.3277091,
1,17,48.319,0.1750766,1.237254,-0.7215807,0.4418003,-0.5573957,0.6220816,0.3273182,
1,17,48.321,0.1750766,1.237254,-0.7215807,0.4418003,-0.5573957,0.6220816,0.3273182,
1,17,48.323,0.1750766,1.237254,-0.7215807,0.4418003,-0.5573957,0.6220816,0.3273182,
1,17,48.325,0.1750766,1.237254,-0.7215807,0.4418003,-0.5573957,0.6220816,0.3273182,
1,17,48.327,0.1750945,1.237485,-0.7216726,0.4424674,-0.5563732,0.6227859,0.3268167,
1,17,48.329,0.1750945,1.237485,-0.7216726,0.4424674,-0.5563732,0.6227859,0.3268167,
1,17,48.331,0.1750945,1.237485,-0.7216726,0.4424674,-0.5563732,0.6227859,0.3268167,
1,17,48.333,0.1750945,1.237485,-0.7216726,0.4424674,-0.5563732,0.6227859,0.3268167,
1,17,48.335,0.175002,1.237642,-0.7216564,0.4427914,-0.5554936,0.6235079,0.3264975,
1,17,48.337,0.175002,1.237642,-0.7216564,0.4427914,-0.5554936,0.6235079,0.3264975,
1,17,48.339,0.175002,1.237642,-0.7216564,0.4427914,-0.5554936,0.6235079,0.3264975,
1,17,48.341,0.175002,1.237642,-0.7216564,0.4427914,-0.5554936,0.6235079,0.3264975,
1,17,48.343,0.1749648,1.237866,-0.7217252,0.4430038,-0.5546114,0.6242137,0.3263604,
1,17,48.345,0.1749648,1.237866,-0.7217252,0.4430038,-0.5546114,0.6242137,0.3263604,
1,17,48.347,0.1749648,1.237866,-0.7217252,0.4430038,-0.5546114,0.6242137,0.3263604,
1,17,48.349,0.1749648,1.237866,-0.7217252,0.4430038,-0.5546114,0.6242137,0.3263604,
1,17,48.351,0.1749618,1.238146,-0.7218454,0.4432994,-0.5539641,0.6246681,0.3261886,
1,17,48.353,0.1749618,1.238146,-0.7218454,0.4432994,-0.5539641,0.6246681,0.3261886,
1,17,48.355,0.1749618,1.238146,-0.7218454,0.4432994,-0.5539641,0.6246681,0.3261886,
1,17,48.357,0.1749618,1.238146,-0.7218454,0.4432994,-0.5539641,0.6246681,0.3261886,
1,17,48.359,0.1749125,1.238499,-0.7218574,0.4435373,-0.5535924,0.6249509,0.3259547,
1,17,48.361,0.1749125,1.238499,-0.7218574,0.4435373,-0.5535924,0.6249509,0.3259547,
1,17,48.363,0.1749125,1.238499,-0.7218574,0.4435373,-0.5535924,0.6249509,0.3259547,
1,17,48.365,0.1749125,1.238499,-0.7218574,0.4435373,-0.5535924,0.6249509,0.3259547,
1,17,48.367,0.1749125,1.238499,-0.7218574,0.4435373,-0.5535924,0.6249509,0.3259547,
1,17,48.369,0.1748073,1.239023,-0.721919,0.4439822,-0.5534701,0.6249436,0.3255707,
1,17,48.371,0.1748073,1.239023,-0.721919,0.4439822,-0.5534701,0.6249436,0.3255707,
1,17,48.373,0.1748073,1.239023,-0.721919,0.4439822,-0.5534701,0.6249436,0.3255707,
1,17,48.375,0.1748073,1.239023,-0.721919,0.4439822,-0.5534701,0.6249436,0.3255707,
1,17,48.377,0.1747062,1.23952,-0.7218198,0.4445829,-0.5537966,0.6245427,0.3249643,
1,17,48.379,0.1747062,1.23952,-0.7218198,0.4445829,-0.5537966,0.6245427,0.3249643,
1,17,48.381,0.1747062,1.23952,-0.7218198,0.4445829,-0.5537966,0.6245427,0.3249643,
1,17,48.383,0.1747062,1.23952,-0.7218198,0.4445829,-0.5537966,0.6245427,0.3249643,
1,17,48.385,0.1746852,1.240031,-0.7220687,0.4451992,-0.5542289,0.6239036,0.3246112,
1,17,48.387,0.1746852,1.240031,-0.7220687,0.4451992,-0.5542289,0.6239036,0.3246112,
1,17,48.389,0.1746852,1.240031,-0.7220687,0.4451992,-0.5542289,0.6239036,0.3246112,
1,17,48.391,0.1746852,1.240031,-0.7220687,0.4451992,-0.5542289,0.6239036,0.3246112,
1,17,48.393,0.1746568,1.240505,-0.7223117,0.4454627,-0.5547315,0.6232669,0.3246142,
1,17,48.395,0.1746568,1.240505,-0.7223117,0.4454627,-0.5547315,0.6232669,0.3246142,
1,17,48.397,0.1746568,1.240505,-0.7223117,0.4454627,-0.5547315,0.6232669,0.3246142,
1,17,48.399,0.1746568,1.240505,-0.7223117,0.4454627,-0.5547315,0.6232669,0.3246142,
1,17,48.401,0.174601,1.240617,-0.722302,0.4451233,-0.5554512,0.6226158,0.3250983,
1,17,48.403,0.174601,1.240617,-0.722302,0.4451233,-0.5554512,0.6226158,0.3250983,
1,17,48.405,0.174601,1.240617,-0.722302,0.4451233,-0.5554512,0.6226158,0.3250983,
1,17,48.407,0.174601,1.240617,-0.722302,0.4451233,-0.5554512,0.6226158,0.3250983,
1,17,48.409,0.1745532,1.240705,-0.7223812,0.444569,-0.5561741,0.6219446,0.3259044,
1,17,48.411,0.1745532,1.240705,-0.7223812,0.444569,-0.5561741,0.6219446,0.3259044,
1,17,48.413,0.1745532,1.240705,-0.7223812,0.444569,-0.5561741,0.6219446,0.3259044,
1,17,48.415,0.1745532,1.240705,-0.7223812,0.444569,-0.5561741,0.6219446,0.3259044,
1,17,48.417,0.1745532,1.240705,-0.7223812,0.444569,-0.5561741,0.6219446,0.3259044,
1,17,48.419,0.1744473,1.241177,-0.7222747,0.4436258,-0.5566322,0.6217022,0.3268687,
1,17,48.421,0.1744473,1.241177,-0.7222747,0.4436258,-0.5566322,0.6217022,0.3268687,
1,17,48.423,0.1744473,1.241177,-0.7222747,0.4436258,-0.5566322,0.6217022,0.3268687,
1,17,48.425,0.1744473,1.241177,-0.7222747,0.4436258,-0.5566322,0.6217022,0.3268687,
1,17,48.427,0.1742772,1.242126,-0.7228796,0.4432846,-0.5568497,0.6212566,0.3278071,
1,17,48.429,0.1742772,1.242126,-0.7228796,0.4432846,-0.5568497,0.6212566,0.3278071,
1,17,48.431,0.1742772,1.242126,-0.7228796,0.4432846,-0.5568497,0.6212566,0.3278071,
1,17,48.433,0.1742772,1.242126,-0.7228796,0.4432846,-0.5568497,0.6212566,0.3278071,
1,17,48.435,0.1739708,1.243178,-0.7233205,0.4426394,-0.5568672,0.6211462,0.3288567,
1,17,48.437,0.1739708,1.243178,-0.7233205,0.4426394,-0.5568672,0.6211462,0.3288567,
1,17,48.439,0.1739708,1.243178,-0.7233205,0.4426394,-0.5568672,0.6211462,0.3288567,
1,17,48.441,0.1739708,1.243178,-0.7233205,0.4426394,-0.5568672,0.6211462,0.3288567,
1,17,48.443,0.1736571,1.243738,-0.723289,0.4418862,-0.5575007,0.6206892,0.3296582,
1,17,48.445,0.1736571,1.243738,-0.723289,0.4418862,-0.5575007,0.6206892,0.3296582,
1,17,48.447,0.1736571,1.243738,-0.723289,0.4418862,-0.5575007,0.6206892,0.3296582,
1,17,48.449,0.1736571,1.243738,-0.723289,0.4418862,-0.5575007,0.6206892,0.3296582,
1,17,48.451,0.1734277,1.244185,-0.7231771,0.4415386,-0.558486,0.6198481,0.3300385,
1,17,48.453,0.1734277,1.244185,-0.7231771,0.4415386,-0.558486,0.6198481,0.3300385,
1,17,48.455,0.1734277,1.244185,-0.7231771,0.4415386,-0.558486,0.6198481,0.3300385,
1,17,48.457,0.1734277,1.244185,-0.7231771,0.4415386,-0.558486,0.6198481,0.3300385,
1,17,48.459,0.1728241,1.245148,-0.7228101,0.4410421,-0.5591722,0.6194993,0.3301954,
1,17,48.461,0.1728241,1.245148,-0.7228101,0.4410421,-0.5591722,0.6194993,0.3301954,
1,17,48.463,0.1728241,1.245148,-0.7228101,0.4410421,-0.5591722,0.6194993,0.3301954,
1,17,48.465,0.1728241,1.245148,-0.7228101,0.4410421,-0.5591722,0.6194993,0.3301954,
1,17,48.467,0.1728241,1.245148,-0.7228101,0.4410421,-0.5591722,0.6194993,0.3301954,
1,17,48.469,0.1724298,1.246481,-0.7233874,0.441333,-0.5595226,0.618907,0.3303237,
1,17,48.471,0.1724298,1.246481,-0.7233874,0.441333,-0.5595226,0.618907,0.3303237,
1,17,48.473,0.1724298,1.246481,-0.7233874,0.441333,-0.5595226,0.618907,0.3303237,
1,17,48.475,0.1724298,1.246481,-0.7233874,0.441333,-0.5595226,0.618907,0.3303237,
1,17,48.477,0.1721291,1.24724,-0.7237005,0.4418956,-0.5603706,0.6177894,0.3302261,
1,17,48.479,0.1721291,1.24724,-0.7237005,0.4418956,-0.5603706,0.6177894,0.3302261,
1,17,48.481,0.1721291,1.24724,-0.7237005,0.4418956,-0.5603706,0.6177894,0.3302261,
1,17,48.483,0.1721291,1.24724,-0.7237005,0.4418956,-0.5603706,0.6177894,0.3302261,
1,17,48.485,0.1716118,1.248201,-0.7235917,0.4422614,-0.5611519,0.6169986,0.3298883,
1,17,48.487,0.1716118,1.248201,-0.7235917,0.4422614,-0.5611519,0.6169986,0.3298883,
1,17,48.489,0.1716118,1.248201,-0.7235917,0.4422614,-0.5611519,0.6169986,0.3298883,
1,17,48.491,0.1716118,1.248201,-0.7235917,0.4422614,-0.5611519,0.6169986,0.3298883,
1,17,48.493,0.1711517,1.248927,-0.7233562,0.4428699,-0.5622014,0.6159101,0.3293186,
1,17,48.495,0.1711517,1.248927,-0.7233562,0.4428699,-0.5622014,0.6159101,0.3293186,
1,17,48.497,0.1711517,1.248927,-0.7233562,0.4428699,-0.5622014,0.6159101,0.3293186,
1,17,48.499,0.1711517,1.248927,-0.7233562,0.4428699,-0.5622014,0.6159101,0.3293186,
1,17,48.501,0.1709108,1.249869,-0.723844,0.444058,-0.5628922,0.6146474,0.3288974,
1,17,48.503,0.1709108,1.249869,-0.723844,0.444058,-0.5628922,0.6146474,0.3288974,
1,17,48.505,0.1709108,1.249869,-0.723844,0.444058,-0.5628922,0.6146474,0.3288974,
1,17,48.507,0.1709108,1.249869,-0.723844,0.444058,-0.5628922,0.6146474,0.3288974,
1,17,48.509,0.1704806,1.25069,-0.7240683,0.444707,-0.5634342,0.613726,0.3288129,
1,17,48.511,0.1704806,1.25069,-0.7240683,0.444707,-0.5634342,0.613726,0.3288129,
1,17,48.513,0.1704806,1.25069,-0.7240683,0.444707,-0.5634342,0.613726,0.3288129,
1,17,48.515,0.1704806,1.25069,-0.7240683,0.444707,-0.5634342,0.613726,0.3288129,
1,17,48.517,0.1704806,1.25069,-0.7240683,0.444707,-0.5634342,0.613726,0.3288129,
1,17,48.519,0.1699385,1.25094,-0.7239639,0.4446592,-0.564192,0.6129498,0.3290262,
1,17,48.521,0.1699385,1.25094,-0.7239639,0.4446592,-0.564192,0.6129498,0.3290262,
1,17,48.523,0.1699385,1.25094,-0.7239639,0.4446592,-0.564192,0.6129498,0.3290262,
1,17,48.525,0.1699385,1.25094,-0.7239639,0.4446592,-0.564192,0.6129498,0.3290262,
1,17,48.527,0.1694559,1.251051,-0.7239515,0.444236,-0.5647653,0.6123577,0.3297161,
1,17,48.529,0.1694559,1.251051,-0.7239515,0.444236,-0.5647653,0.6123577,0.3297161,
1,17,48.531,0.1694559,1.251051,-0.7239515,0.444236,-0.5647653,0.6123577,0.3297161,
1,17,48.533,0.1694559,1.251051,-0.7239515,0.444236,-0.5647653,0.6123577,0.3297161,
1,17,48.535,0.1690201,1.251187,-0.7239579,0.4435167,-0.5650036,0.6120968,0.3307589,
1,17,48.537,0.1690201,1.251187,-0.7239579,0.4435167,-0.5650036,0.6120968,0.3307589,
1,17,48.539,0.1690201,1.251187,-0.7239579,0.4435167,-0.5650036,0.6120968,0.3307589,
1,17,48.541,0.1690201,1.251187,-0.7239579,0.4435167,-0.5650036,0.6120968,0.3307589,
1,17,48.543,0.1686212,1.251384,-0.7239097,0.4427861,-0.5649319,0.6121212,0.3318135,
1,17,48.545,0.1686212,1.251384,-0.7239097,0.4427861,-0.5649319,0.6121212,0.3318135,
1,17,48.547,0.1686212,1.251384,-0.7239097,0.4427861,-0.5649319,0.6121212,0.3318135,
1,17,48.549,0.1686212,1.251384,-0.7239097,0.4427861,-0.5649319,0.6121212,0.3318135,
1,17,48.551,0.1682914,1.251509,-0.7239531,0.4423264,-0.5648448,0.6120369,0.3327286,
1,17,48.553,0.1682914,1.251509,-0.7239531,0.4423264,-0.5648448,0.6120369,0.3327286,
1,17,48.555,0.1682914,1.251509,-0.7239531,0.4423264,-0.5648448,0.6120369,0.3327286,
1,17,48.557,0.1682914,1.251509,-0.7239531,0.4423264,-0.5648448,0.6120369,0.3327286,
1,17,48.559,0.1680391,1.251333,-0.723807,0.442069,-0.5650696,0.6116593,0.333383,
1,17,48.561,0.1680391,1.251333,-0.723807,0.442069,-0.5650696,0.6116593,0.333383,
1,17,48.563,0.1680391,1.251333,-0.723807,0.442069,-0.5650696,0.6116593,0.333383,
1,17,48.565,0.1680391,1.251333,-0.723807,0.442069,-0.5650696,0.6116593,0.333383,
1,17,48.567,0.1680391,1.251333,-0.723807,0.442069,-0.5650696,0.6116593,0.333383,
1,17,48.569,0.1678539,1.251299,-0.7237893,0.4423426,-0.5652531,0.6111228,0.3336928,
1,17,48.571,0.1678539,1.251299,-0.7237893,0.4423426,-0.5652531,0.6111228,0.3336928,
1,17,48.573,0.1678539,1.251299,-0.7237893,0.4423426,-0.5652531,0.6111228,0.3336928,
1,17,48.575,0.1678539,1.251299,-0.7237893,0.4423426,-0.5652531,0.6111228,0.3336928,
1,17,48.577,0.1677148,1.251337,-0.7237284,0.4428562,-0.5653558,0.6106002,0.3337944,
1,17,48.579,0.1677148,1.251337,-0.7237284,0.4428562,-0.5653558,0.6106002,0.3337944,
1,17,48.581,0.1677148,1.251337,-0.7237284,0.4428562,-0.5653558,0.6106002,0.3337944,
1,17,48.583,0.1677148,1.251337,-0.7237284,0.4428562,-0.5653558,0.6106002,0.3337944,
1,17,48.585,0.1676178,1.251439,-0.7237011,0.4433864,-0.565307,0.6102119,0.3338832,
1,17,48.587,0.1676178,1.251439,-0.7237011,0.4433864,-0.565307,0.6102119,0.3338832,
1,17,48.589,0.1676178,1.251439,-0.7237011,0.4433864,-0.565307,0.6102119,0.3338832,
1,17,48.591,0.1676178,1.251439,-0.7237011,0.4433864,-0.565307,0.6102119,0.3338832,
1,17,48.593,0.1675767,1.251596,-0.7236342,0.4438528,-0.5651146,0.609999,0.3339783,
1,17,48.595,0.1675767,1.251596,-0.7236342,0.4438528,-0.5651146,0.609999,0.3339783,
1,17,48.597,0.1675767,1.251596,-0.7236342,0.4438528,-0.5651146,0.609999,0.3339783,
1,17,48.599,0.1675767,1.251596,-0.7236342,0.4438528,-0.5651146,0.609999,0.3339783,
1,17,48.601,0.16758,1.251675,-0.7236475,0.4440957,-0.5647113,0.6099997,0.334336,
1,17,48.603,0.16758,1.251675,-0.7236475,0.4440957,-0.5647113,0.6099997,0.334336,
1,17,48.605,0.16758,1.251675,-0.7236475,0.4440957,-0.5647113,0.6099997,0.334336,
1,17,48.607,0.16758,1.251675,-0.7236475,0.4440957,-0.5647113,0.6099997,0.334336,
1,17,48.609,0.1677029,1.251891,-0.7236214,0.4445236,-0.5643668,0.609978,0.3343887,
1,17,48.611,0.1677029,1.251891,-0.7236214,0.4445236,-0.5643668,0.609978,0.3343887,
1,17,48.613,0.1677029,1.251891,-0.7236214,0.4445236,-0.5643668,0.609978,0.3343887,
1,17,48.615,0.1677029,1.251891,-0.7236214,0.4445236,-0.5643668,0.609978,0.3343887,
1,17,48.617,0.1677029,1.251891,-0.7236214,0.4445236,-0.5643668,0.609978,0.3343887,
1,17,48.619,0.1677798,1.251937,-0.7236351,0.4448938,-0.5640327,0.6099672,0.3344797,
1,17,48.621,0.1677798,1.251937,-0.7236351,0.4448938,-0.5640327,0.6099672,0.3344797,
1,17,48.623,0.1677798,1.251937,-0.7236351,0.4448938,-0.5640327,0.6099672,0.3344797,
1,17,48.625,0.1677798,1.251937,-0.7236351,0.4448938,-0.5640327,0.6099672,0.3344797,
1,17,48.627,0.1678363,1.252087,-0.7235234,0.4452213,-0.5637473,0.61001,0.3344472,
1,17,48.629,0.1678363,1.252087,-0.7235234,0.4452213,-0.5637473,0.61001,0.3344472,
1,17,48.631,0.1678363,1.252087,-0.7235234,0.4452213,-0.5637473,0.61001,0.3344472,
1,17,48.633,0.1678363,1.252087,-0.7235234,0.4452213,-0.5637473,0.61001,0.3344472,
1,17,48.635,0.1679139,1.252358,-0.7235388,0.4457279,-0.5634726,0.6099822,0.334286,
1,17,48.637,0.1679139,1.252358,-0.7235388,0.4457279,-0.5634726,0.6099822,0.334286,
1,17,48.639,0.1679139,1.252358,-0.7235388,0.4457279,-0.5634726,0.6099822,0.334286,
1,17,48.641,0.1679139,1.252358,-0.7235388,0.4457279,-0.5634726,0.6099822,0.334286,
1,17,48.643,0.1680014,1.252566,-0.7235579,0.446229,-0.5633104,0.6098678,0.3340996,
1,17,48.645,0.1680014,1.252566,-0.7235579,0.446229,-0.5633104,0.6098678,0.3340996,
1,17,48.647,0.1680014,1.252566,-0.7235579,0.446229,-0.5633104,0.6098678,0.3340996,
1,17,48.649,0.1680014,1.252566,-0.7235579,0.446229,-0.5633104,0.6098678,0.3340996,
1,17,48.651,0.168222,1.252476,-0.723511,0.4467859,-0.5634323,0.6095093,0.3338035,
1,17,48.653,0.168222,1.252476,-0.723511,0.4467859,-0.5634323,0.6095093,0.3338035,
1,17,48.655,0.168222,1.252476,-0.723511,0.4467859,-0.5634323,0.6095093,0.3338035,
1,17,48.657,0.168222,1.252476,-0.723511,0.4467859,-0.5634323,0.6095093,0.3338035,
1,17,48.659,0.1682366,1.252511,-0.723299,0.4468046,-0.5634174,0.6095496,0.3337301,
1,17,48.661,0.1682366,1.252511,-0.723299,0.4468046,-0.5634174,0.6095496,0.3337301,
1,17,48.663,0.1682366,1.252511,-0.723299,0.4468046,-0.5634174,0.6095496,0.3337301,
1,17,48.665,0.1682366,1.252511,-0.723299,0.4468046,-0.5634174,0.6095496,0.3337301,
1,17,48.667,0.1682366,1.252511,-0.723299,0.4468046,-0.5634174,0.6095496,0.3337301,
1,17,48.669,0.168433,1.252287,-0.723197,0.4470372,-0.5635914,0.6092941,0.3335914,
1,17,48.671,0.168433,1.252287,-0.723197,0.4470372,-0.5635914,0.6092941,0.3335914,
1,17,48.673,0.168433,1.252287,-0.723197,0.4470372,-0.5635914,0.6092941,0.3335914,
1,17,48.675,0.168433,1.252287,-0.723197,0.4470372,-0.5635914,0.6092941,0.3335914,
1,17,48.677,0.1685278,1.252098,-0.72302,0.446924,-0.5636874,0.6092477,0.3336655,
1,17,48.679,0.1685278,1.252098,-0.72302,0.446924,-0.5636874,0.6092477,0.3336655,
1,17,48.681,0.1685278,1.252098,-0.72302,0.446924,-0.5636874,0.6092477,0.3336655,
1,17,48.683,0.1685278,1.252098,-0.72302,0.446924,-0.5636874,0.6092477,0.3336655,
1,17,48.685,0.1682939,1.252149,-0.7226405,0.4458804,-0.5634184,0.6099671,0.3342014,
1,17,48.687,0.1682939,1.252149,-0.7226405,0.4458804,-0.5634184,0.6099671,0.3342014,
1,17,48.689,0.1682939,1.252149,-0.7226405,0.4458804,-0.5634184,0.6099671,0.3342014,
1,17,48.691,0.1682939,1.252149,-0.7226405,0.4458804,-0.5634184,0.6099671,0.3342014,
1,17,48.693,0.1682522,1.252006,-0.7223849,0.4452656,-0.5633054,0.6103307,0.3345477,
1,17,48.695,0.1682522,1.252006,-0.7223849,0.4452656,-0.5633054,0.6103307,0.3345477,
1,17,48.697,0.1682522,1.252006,-0.7223849,0.4452656,-0.5633054,0.6103307,0.3345477,
1,17,48.699,0.1682522,1.252006,-0.7223849,0.4452656,-0.5633054,0.6103307,0.3345477,
1,17,48.701,0.1682976,1.251795,-0.7222239,0.444957,-0.5632562,0.6104903,0.3347497,
1,17,48.703,0.1682976,1.251795,-0.7222239,0.444957,-0.5632562,0.6104903,0.3347497,
1,17,48.705,0.1682976,1.251795,-0.7222239,0.444957,-0.5632562,0.6104903,0.3347497,
1,17,48.707,0.1682976,1.251795,-0.7222239,0.444957,-0.5632562,0.6104903,0.3347497,
1,17,48.709,0.168325,1.251663,-0.722057,0.4447668,-0.5631843,0.6106517,0.3348291,
1,17,48.711,0.168325,1.251663,-0.722057,0.4447668,-0.5631843,0.6106517,0.3348291,
1,17,48.713,0.168325,1.251663,-0.722057,0.4447668,-0.5631843,0.6106517,0.3348291,
1,17,48.715,0.168325,1.251663,-0.722057,0.4447668,-0.5631843,0.6106517,0.3348291,
1,17,48.717,0.168325,1.251663,-0.722057,0.4447668,-0.5631843,0.6106517,0.3348291,
1,17,48.719,0.1684562,1.251474,-0.7219932,0.4449943,-0.5632589,0.6105204,0.3346408,
1,17,48.721,0.1684562,1.251474,-0.7219932,0.4449943,-0.5632589,0.6105204,0.3346408,
1,17,48.723,0.1684562,1.251474,-0.7219932,0.4449943,-0.5632589,0.6105204,0.3346408,
1,17,48.725,0.1684562,1.251474,-0.7219932,0.4449943,-0.5632589,0.6105204,0.3346408,
1,17,48.727,0.1686153,1.251284,-0.721975,0.4457026,-0.5634774,0.6100981,0.3341002,
1,17,48.729,0.1686153,1.251284,-0.721975,0.4457026,-0.5634774,0.6100981,0.3341002,
1,17,48.731,0.1686153,1.251284,-0.721975,0.4457026,-0.5634774,0.6100981,0.3341002,
1,17,48.733,0.1686153,1.251284,-0.721975,0.4457026,-0.5634774,0.6100981,0.3341002,
1,17,48.735,0.1686419,1.251343,-0.7218725,0.4461238,-0.5634623,0.6100413,0.3336667,
1,17,48.737,0.1686419,1.251343,-0.7218725,0.4461238,-0.5634623,0.6100413,0.3336667,
1,17,48.739,0.1686419,1.251343,-0.7218725,0.4461238,-0.5634623,0.6100413,0.3336667,
1,17,48.741,0.1686419,1.251343,-0.7218725,0.4461238,-0.5634623,0.6100413,0.3336667,
1,17,48.743,0.1686351,1.251395,-0.7217066,0.446445,-0.563449,0.6100562,0.3332318,
1,17,48.745,0.1686351,1.251395,-0.7217066,0.446445,-0.563449,0.6100562,0.3332318,
1,17,48.747,0.1686351,1.251395,-0.7217066,0.446445,-0.563449,0.6100562,0.3332318,
1,17,48.749,0.1686351,1.251395,-0.7217066,0.446445,-0.563449,0.6100562,0.3332318,
1,17,48.751,0.168635,1.251415,-0.7215121,0.4465338,-0.5633509,0.610203,0.3330101,
1,17,48.753,0.168635,1.251415,-0.7215121,0.4465338,-0.5633509,0.610203,0.3330101,
1,17,48.755,0.168635,1.251415,-0.7215121,0.4465338,-0.5633509,0.610203,0.3330101,
1,17,48.757,0.168635,1.251415,-0.7215121,0.4465338,-0.5633509,0.610203,0.3330101,
1,17,48.759,0.1686679,1.251431,-0.7212936,0.4465714,-0.5632529,0.6103517,0.3328525,
1,17,48.761,0.1686679,1.251431,-0.7212936,0.4465714,-0.5632529,0.6103517,0.3328525,
1,17,48.763,0.1686679,1.251431,-0.7212936,0.4465714,-0.5632529,0.6103517,0.3328525,
1,17,48.765,0.1686679,1.251431,-0.7212936,0.4465714,-0.5632529,0.6103517,0.3328525,
1,17,48.767,0.1686679,1.251431,-0.7212936,0.4465714,-0.5632529,0.6103517,0.3328525,
1,17,48.769,0.1687069,1.251496,-0.7210661,0.4465549,-0.5631242,0.6105449,0.3327383,
1,17,48.771,0.1687069,1.251496,-0.7210661,0.4465549,-0.5631242,0.6105449,0.3327383,
1,17,48.773,0.1687069,1.251496,-0.7210661,0.4465549,-0.5631242,0.6105449,0.3327383,
1,17,48.775,0.1687069,1.251496,-0.7210661,0.4465549,-0.5631242,0.6105449,0.3327383,
1,17,48.777,0.1687782,1.251385,-0.7208719,0.4466026,-0.5630999,0.6105659,0.3326771,
1,17,48.779,0.1687782,1.251385,-0.7208719,0.4466026,-0.5630999,0.6105659,0.3326771,
1,17,48.781,0.1687782,1.251385,-0.7208719,0.4466026,-0.5630999,0.6105659,0.3326771,
1,17,48.783,0.1687782,1.251385,-0.7208719,0.4466026,-0.5630999,0.6105659,0.3326771,
1,17,48.785,0.1687239,1.251351,-0.7205943,0.4462956,-0.5629901,0.6108311,0.3327879,
1,17,48.787,0.1687239,1.251351,-0.7205943,0.4462956,-0.5629901,0.6108311,0.3327879,
1,17,48.789,0.1687239,1.251351,-0.7205943,0.4462956,-0.5629901,0.6108311,0.3327879,
1,17,48.791,0.1687239,1.251351,-0.7205943,0.4462956,-0.5629901,0.6108311,0.3327879,
1,17,48.793,0.1687569,1.251183,-0.7203741,0.4461443,-0.5629582,0.6109068,0.3329057,
1,17,48.795,0.1687569,1.251183,-0.7203741,0.4461443,-0.5629582,0.6109068,0.3329057,
1,17,48.797,0.1687569,1.251183,-0.7203741,0.4461443,-0.5629582,0.6109068,0.3329057,
1,17,48.799,0.1687569,1.251183,-0.7203741,0.4461443,-0.5629582,0.6109068,0.3329057,
1,17,48.801,0.1688374,1.251082,-0.7201416,0.4462596,-0.563006,0.6108196,0.3328303,
1,17,48.803,0.1688374,1.251082,-0.7201416,0.4462596,-0.563006,0.6108196,0.3328303,
1,17,48.805,0.1688374,1.251082,-0.7201416,0.4462596,-0.563006,0.6108196,0.3328303,
1,17,48.807,0.1688374,1.251082,-0.7201416,0.4462596,-0.563006,0.6108196,0.3328303,
1,17,48.809,0.1689278,1.251025,-0.7199836,0.4465519,-0.5630738,0.6106305,0.3326705,
1,17,48.811,0.1689278,1.251025,-0.7199836,0.4465519,-0.5630738,0.6106305,0.3326705,
1,17,48.813,0.1689278,1.251025,-0.7199836,0.4465519,-0.5630738,0.6106305,0.3326705,
1,17,48.815,0.1689278,1.251025,-0.7199836,0.4465519,-0.5630738,0.6106305,0.3326705,
1,17,48.817,0.1689278,1.251025,-0.7199836,0.4465519,-0.5630738,0.6106305,0.3326705,
1,17,48.819,0.1690123,1.250973,-0.7198172,0.4468917,-0.5631744,0.6104047,0.3324584,
1,17,48.821,0.1690123,1.250973,-0.7198172,0.4468917,-0.5631744,0.6104047,0.3324584,
1,17,48.823,0.1690123,1.250973,-0.7198172,0.4468917,-0.5631744,0.6104047,0.3324584,
1,17,48.825,0.1690123,1.250973,-0.7198172,0.4468917,-0.5631744,0.6104047,0.3324584,
1,17,48.827,0.1690937,1.250937,-0.7196289,0.4472256,-0.5632534,0.6101912,0.3322673,
1,17,48.829,0.1690937,1.250937,-0.7196289,0.4472256,-0.5632534,0.6101912,0.3322673,
1,17,48.831,0.1690937,1.250937,-0.7196289,0.4472256,-0.5632534,0.6101912,0.3322673,
1,17,48.833,0.1690937,1.250937,-0.7196289,0.4472256,-0.5632534,0.6101912,0.3322673,
1,17,48.835,0.1691884,1.250951,-0.7194645,0.4474988,-0.5632659,0.6100524,0.3321333,
1,17,48.837,0.1691884,1.250951,-0.7194645,0.4474988,-0.5632659,0.6100524,0.3321333,
1,17,48.839,0.1691884,1.250951,-0.7194645,0.4474988,-0.5632659,0.6100524,0.3321333,
1,17,48.841,0.1691884,1.250951,-0.7194645,0.4474988,-0.5632659,0.6100524,0.3321333,
1,17,48.843,0.1692787,1.250975,-0.7192943,0.4476911,-0.5632411,0.6099719,0.3320642,
1,17,48.845,0.1692787,1.250975,-0.7192943,0.4476911,-0.5632411,0.6099719,0.3320642,
1,17,48.847,0.1692787,1.250975,-0.7192943,0.4476911,-0.5632411,0.6099719,0.3320642,
1,17,48.849,0.1692787,1.250975,-0.7192943,0.4476911,-0.5632411,0.6099719,0.3320642,
1,17,48.851,0.1693622,1.251033,-0.7191628,0.4478421,-0.5631472,0.6099529,0.3320544,
1,17,48.853,0.1693622,1.251033,-0.7191628,0.4478421,-0.5631472,0.6099529,0.3320544,
1,17,48.855,0.1693622,1.251033,-0.7191628,0.4478421,-0.5631472,0.6099529,0.3320544,
1,17,48.857,0.1693622,1.251033,-0.7191628,0.4478421,-0.5631472,0.6099529,0.3320544,
1,17,48.859,0.1694428,1.251069,-0.7190418,0.4478876,-0.5630522,0.6099774,0.3321092,
1,17,48.861,0.1694428,1.251069,-0.7190418,0.4478876,-0.5630522,0.6099774,0.3321092,
1,17,48.863,0.1694428,1.251069,-0.7190418,0.4478876,-0.5630522,0.6099774,0.3321092,
1,17,48.865,0.1694428,1.251069,-0.7190418,0.4478876,-0.5630522,0.6099774,0.3321092,
1,17,48.867,0.1694428,1.251069,-0.7190418,0.4478876,-0.5630522,0.6099774,0.3321092,
1,17,48.869,0.169489,1.251084,-0.7188385,0.4477618,-0.5629424,0.610104,0.3322325,
1,17,48.871,0.169489,1.251084,-0.7188385,0.4477618,-0.5629424,0.610104,0.3322325,
1,17,48.873,0.169489,1.251084,-0.7188385,0.4477618,-0.5629424,0.610104,0.3322325,
1,17,48.875,0.169489,1.251084,-0.7188385,0.4477618,-0.5629424,0.610104,0.3322325,
1,17,48.877,0.1695087,1.251139,-0.7185743,0.4475006,-0.5628003,0.6103473,0.3323782,
1,17,48.879,0.1695087,1.251139,-0.7185743,0.4475006,-0.5628003,0.6103473,0.3323782,
1,17,48.881,0.1695087,1.251139,-0.7185743,0.4475006,-0.5628003,0.6103473,0.3323782,
1,17,48.883,0.1695087,1.251139,-0.7185743,0.4475006,-0.5628003,0.6103473,0.3323782,
1,17,48.885,0.1695383,1.251185,-0.718366,0.4473062,-0.5626729,0.6105367,0.3325078,
1,17,48.887,0.1695383,1.251185,-0.718366,0.4473062,-0.5626729,0.6105367,0.3325078,
1,17,48.889,0.1695383,1.251185,-0.718366,0.4473062,-0.5626729,0.6105367,0.3325078,
1,17,48.891,0.1695383,1.251185,-0.718366,0.4473062,-0.5626729,0.6105367,0.3325078,
1,17,48.893,0.1695856,1.251314,-0.7181751,0.4472017,-0.5625414,0.6107076,0.332557,
1,17,48.895,0.1695856,1.251314,-0.7181751,0.4472017,-0.5625414,0.6107076,0.332557,
1,17,48.897,0.1695856,1.251314,-0.7181751,0.4472017,-0.5625414,0.6107076,0.332557,
1,17,48.899,0.1695856,1.251314,-0.7181751,0.4472017,-0.5625414,0.6107076,0.332557,
1,17,48.901,0.1696122,1.251468,-0.7179819,0.4471914,-0.5624771,0.6108052,0.3325003,
1,17,48.903,0.1696122,1.251468,-0.7179819,0.4471914,-0.5624771,0.6108052,0.3325003,
1,17,48.905,0.1696122,1.251468,-0.7179819,0.4471914,-0.5624771,0.6108052,0.3325003,
1,17,48.907,0.1696122,1.251468,-0.7179819,0.4471914,-0.5624771,0.6108052,0.3325003,
1,17,48.909,0.1696266,1.251584,-0.7178288,0.4471339,-0.5624059,0.6108989,0.3325259,
1,17,48.911,0.1696266,1.251584,-0.7178288,0.4471339,-0.5624059,0.6108989,0.3325259,
1,17,48.913,0.1696266,1.251584,-0.7178288,0.4471339,-0.5624059,0.6108989,0.3325259,
1,17,48.915,0.1696266,1.251584,-0.7178288,0.4471339,-0.5624059,0.6108989,0.3325259,
1,17,48.917,0.1696266,1.251584,-0.7178288,0.4471339,-0.5624059,0.6108989,0.3325259,
1,17,48.919,0.1696264,1.251722,-0.7177198,0.4469438,-0.5622821,0.6110572,0.3327,
1,17,48.921,0.1696264,1.251722,-0.7177198,0.4469438,-0.5622821,0.6110572,0.3327,
1,17,48.923,0.1696264,1.251722,-0.7177198,0.4469438,-0.5622821,0.6110572,0.3327,
1,17,48.925,0.1696264,1.251722,-0.7177198,0.4469438,-0.5622821,0.6110572,0.3327,
1,17,48.927,0.1696226,1.251947,-0.717589,0.4466722,-0.5621468,0.6112731,0.3328967,
1,17,48.929,0.1696226,1.251947,-0.717589,0.4466722,-0.5621468,0.6112731,0.3328967,
1,17,48.931,0.1696226,1.251947,-0.717589,0.4466722,-0.5621468,0.6112731,0.3328967,
1,17,48.933,0.1696226,1.251947,-0.717589,0.4466722,-0.5621468,0.6112731,0.3328967,
1,17,48.935,0.1696081,1.252177,-0.7174466,0.4463232,-0.561999,0.6115283,0.3331456,
1,17,48.937,0.1696081,1.252177,-0.7174466,0.4463232,-0.561999,0.6115283,0.3331456,
1,17,48.939,0.1696081,1.252177,-0.7174466,0.4463232,-0.561999,0.6115283,0.3331456,
1,17,48.941,0.1696081,1.252177,-0.7174466,0.4463232,-0.561999,0.6115283,0.3331456,
1,17,48.943,0.1695799,1.25237,-0.7173069,0.4459294,-0.5618645,0.6117576,0.3334786,
1,17,48.945,0.1695799,1.25237,-0.7173069,0.4459294,-0.5618645,0.6117576,0.3334786,
1,17,48.947,0.1695799,1.25237,-0.7173069,0.4459294,-0.5618645,0.6117576,0.3334786,
1,17,48.949,0.1695799,1.25237,-0.7173069,0.4459294,-0.5618645,0.6117576,0.3334786,
1,17,48.951,0.1695822,1.252647,-0.7172014,0.4456126,-0.5617292,0.611938,0.3337988,
1,17,48.953,0.1695822,1.252647,-0.7172014,0.4456126,-0.5617292,0.611938,0.3337988,
1,17,48.955,0.1695822,1.252647,-0.7172014,0.4456126,-0.5617292,0.611938,0.3337988,
1,17,48.957,0.1695822,1.252647,-0.7172014,0.4456126,-0.5617292,0.611938,0.3337988,
1,17,48.959,0.1696158,1.25296,-0.7171085,0.4455278,-0.5617064,0.6119169,0.333989,
1,17,48.961,0.1696158,1.25296,-0.7171085,0.4455278,-0.5617064,0.6119169,0.333989,
1,17,48.963,0.1696158,1.25296,-0.7171085,0.4455278,-0.5617064,0.6119169,0.333989,
1,17,48.965,0.1696158,1.25296,-0.7171085,0.4455278,-0.5617064,0.6119169,0.333989,
1,17,48.967,0.1696158,1.25296,-0.7171085,0.4455278,-0.5617064,0.6119169,0.333989,
1,17,48.969,0.1696852,1.253435,-0.7169483,0.4458862,-0.5618766,0.6116242,0.3337607,
1,17,48.971,0.1696852,1.253435,-0.7169483,0.4458862,-0.5618766,0.6116242,0.3337607,
1,17,48.973,0.1696852,1.253435,-0.7169483,0.4458862,-0.5618766,0.6116242,0.3337607,
1,17,48.975,0.1696852,1.253435,-0.7169483,0.4458862,-0.5618766,0.6116242,0.3337607,
1,17,48.977,0.1697283,1.253702,-0.7167852,0.4463997,-0.5623432,0.6109839,0.3334611,
1,17,48.979,0.1697283,1.253702,-0.7167852,0.4463997,-0.5623432,0.6109839,0.3334611,
1,17,48.981,0.1697283,1.253702,-0.7167852,0.4463997,-0.5623432,0.6109839,0.3334611,
1,17,48.983,0.1697283,1.253702,-0.7167852,0.4463997,-0.5623432,0.6109839,0.3334611,
1,17,48.985,0.1698002,1.253853,-0.7166232,0.4468481,-0.5628766,0.610296,0.3332199,
1,17,48.987,0.1698002,1.253853,-0.7166232,0.4468481,-0.5628766,0.610296,0.3332199,
1,17,48.989,0.1698002,1.253853,-0.7166232,0.4468481,-0.5628766,0.610296,0.3332199,
1,17,48.991,0.1698002,1.253853,-0.7166232,0.4468481,-0.5628766,0.610296,0.3332199,
1,17,48.993,0.1698373,1.253979,-0.7164032,0.4470691,-0.5633494,0.6097547,0.3331152,
1,17,48.995,0.1698373,1.253979,-0.7164032,0.4470691,-0.5633494,0.6097547,0.3331152,
1,17,48.997,0.1698373,1.253979,-0.7164032,0.4470691,-0.5633494,0.6097547,0.3331152,
1,17,48.999,0.1698373,1.253979,-0.7164032,0.4470691,-0.5633494,0.6097547,0.3331152,
1,17,49.001,0.169892,1.253914,-0.7162328,0.447052,-0.5638422,0.6092185,0.3332856,
1,17,49.003,0.169892,1.253914,-0.7162328,0.447052,-0.5638422,0.6092185,0.3332856,
1,17,49.005,0.169892,1.253914,-0.7162328,0.447052,-0.5638422,0.6092185,0.3332856,
1,17,49.007,0.169892,1.253914,-0.7162328,0.447052,-0.5638422,0.6092185,0.3332856,
1,17,49.009,0.1698954,1.253829,-0.7161565,0.4467527,-0.5641046,0.6089427,0.3337466,
1,17,49.011,0.1698954,1.253829,-0.7161565,0.4467527,-0.5641046,0.6089427,0.3337466,
1,17,49.013,0.1698954,1.253829,-0.7161565,0.4467527,-0.5641046,0.6089427,0.3337466,
1,17,49.015,0.1698954,1.253829,-0.7161565,0.4467527,-0.5641046,0.6089427,0.3337466,
1,17,49.017,0.1698954,1.253829,-0.7161565,0.4467527,-0.5641046,0.6089427,0.3337466,
1,17,49.019,0.1699244,1.25376,-0.716088,0.4464398,-0.5643299,0.6086928,0.3342398,
1,17,49.021,0.1699244,1.25376,-0.716088,0.4464398,-0.5643299,0.6086928,0.3342398,
1,17,49.023,0.1699244,1.25376,-0.716088,0.4464398,-0.5643299,0.6086928,0.3342398,
1,17,49.025,0.1699244,1.25376,-0.716088,0.4464398,-0.5643299,0.6086928,0.3342398,
1,17,49.027,0.1698913,1.25372,-0.7159573,0.4460466,-0.5644887,0.6085533,0.3347501,
1,17,49.029,0.1698913,1.25372,-0.7159573,0.4460466,-0.5644887,0.6085533,0.3347501,
1,17,49.031,0.1698913,1.25372,-0.7159573,0.4460466,-0.5644887,0.6085533,0.3347501,
1,17,49.033,0.1698913,1.25372,-0.7159573,0.4460466,-0.5644887,0.6085533,0.3347501,
1,17,49.035,0.1698807,1.253436,-0.7157182,0.445601,-0.5647503,0.608362,0.33525,
1,17,49.037,0.1698807,1.253436,-0.7157182,0.445601,-0.5647503,0.608362,0.33525,
1,17,49.039,0.1698807,1.253436,-0.7157182,0.445601,-0.5647503,0.608362,0.33525,
1,17,49.041,0.1698807,1.253436,-0.7157182,0.445601,-0.5647503,0.608362,0.33525,
1,17,49.043,0.1698383,1.253194,-0.7154332,0.4453539,-0.564978,0.6081843,0.3355169,
1,17,49.045,0.1698383,1.253194,-0.7154332,0.4453539,-0.564978,0.6081843,0.3355169,
1,17,49.047,0.1698383,1.253194,-0.7154332,0.4453539,-0.564978,0.6081843,0.3355169,
1,17,49.049,0.1698383,1.253194,-0.7154332,0.4453539,-0.564978,0.6081843,0.3355169,
1,17,49.051,0.169802,1.25309,-0.7152418,0.4454043,-0.5650957,0.6080003,0.3355853,
1,17,49.053,0.169802,1.25309,-0.7152418,0.4454043,-0.5650957,0.6080003,0.3355853,
1,17,49.055,0.169802,1.25309,-0.7152418,0.4454043,-0.5650957,0.6080003,0.3355853,
1,17,49.057,0.169802,1.25309,-0.7152418,0.4454043,-0.5650957,0.6080003,0.3355853,
1,17,49.059,0.1697822,1.253155,-0.7151864,0.4457896,-0.5650825,0.607811,0.3354389,
1,17,49.061,0.1697822,1.253155,-0.7151864,0.4457896,-0.5650825,0.607811,0.3354389,
1,17,49.063,0.1697822,1.253155,-0.7151864,0.4457896,-0.5650825,0.607811,0.3354389,
1,17,49.065,0.1697822,1.253155,-0.7151864,0.4457896,-0.5650825,0.607811,0.3354389,
1,17,49.067,0.1697822,1.253155,-0.7151864,0.4457896,-0.5650825,0.607811,0.3354389,
1,17,49.069,0.1697577,1.253151,-0.7153261,0.4463904,-0.5649534,0.607564,0.3353049,
1,17,49.071,0.1697577,1.253151,-0.7153261,0.4463904,-0.5649534,0.607564,0.3353049,
1,17,49.073,0.1697577,1.253151,-0.7153261,0.4463904,-0.5649534,0.607564,0.3353049,
1,17,49.075,0.1697577,1.253151,-0.7153261,0.4463904,-0.5649534,0.607564,0.3353049,
1,17,49.077,0.1697935,1.253127,-0.7154109,0.4472542,-0.5648096,0.6072702,0.3349281,
1,17,49.079,0.1697935,1.253127,-0.7154109,0.4472542,-0.5648096,0.6072702,0.3349281,
1,17,49.081,0.1697935,1.253127,-0.7154109,0.4472542,-0.5648096,0.6072702,0.3349281,
1,17,49.083,0.1697935,1.253127,-0.7154109,0.4472542,-0.5648096,0.6072702,0.3349281,
1,17,49.085,0.1697614,1.253175,-0.7154812,0.4479937,-0.5645046,0.6071969,0.3345867,
1,17,49.087,0.1697614,1.253175,-0.7154812,0.4479937,-0.5645046,0.6071969,0.3345867,
1,17,49.089,0.1697614,1.253175,-0.7154812,0.4479937,-0.5645046,0.6071969,0.3345867,
1,17,49.091,0.1697614,1.253175,-0.7154812,0.4479937,-0.5645046,0.6071969,0.3345867,
1,17,49.093,0.1698298,1.2531,-0.7155932,0.4486826,-0.5642208,0.6071,0.3343179,
1,17,49.095,0.1698298,1.2531,-0.7155932,0.4486826,-0.5642208,0.6071,0.3343179,
1,17,49.097,0.1698298,1.2531,-0.7155932,0.4486826,-0.5642208,0.6071,0.3343179,
1,17,49.099,0.1698298,1.2531,-0.7155932,0.4486826,-0.5642208,0.6071,0.3343179,
1,17,49.101,0.1699832,1.253033,-0.7157707,0.449474,-0.5638713,0.6070058,0.3340155,
1,17,49.103,0.1699832,1.253033,-0.7157707,0.449474,-0.5638713,0.6070058,0.3340155,
1,17,49.105,0.1699832,1.253033,-0.7157707,0.449474,-0.5638713,0.6070058,0.3340155,
1,17,49.107,0.1699832,1.253033,-0.7157707,0.449474,-0.5638713,0.6070058,0.3340155,
1,17,49.109,0.1699814,1.253017,-0.7158386,0.4498383,-0.5634217,0.60722,0.3338943,
1,17,49.111,0.1699814,1.253017,-0.7158386,0.4498383,-0.5634217,0.60722,0.3338943,
1,17,49.113,0.1699814,1.253017,-0.7158386,0.4498383,-0.5634217,0.60722,0.3338943,
1,17,49.115,0.1699814,1.253017,-0.7158386,0.4498383,-0.5634217,0.60722,0.3338943,
1,17,49.117,0.1699814,1.253017,-0.7158386,0.4498383,-0.5634217,0.60722,0.3338943,
1,17,49.119,0.1699129,1.252788,-0.7158819,0.4498205,-0.5629999,0.6075621,0.3340074,
1,17,49.121,0.1699129,1.252788,-0.7158819,0.4498205,-0.5629999,0.6075621,0.3340074,
1,17,49.123,0.1699129,1.252788,-0.7158819,0.4498205,-0.5629999,0.6075621,0.3340074,
1,17,49.125,0.1699129,1.252788,-0.7158819,0.4498205,-0.5629999,0.6075621,0.3340074,
1,17,49.127,0.1698882,1.252519,-0.7159449,0.4497438,-0.5626411,0.60788,0.3341368,
1,17,49.129,0.1698882,1.252519,-0.7159449,0.4497438,-0.5626411,0.60788,0.3341368,
1,17,49.131,0.1698882,1.252519,-0.7159449,0.4497438,-0.5626411,0.60788,0.3341368,
1,17,49.133,0.1698882,1.252519,-0.7159449,0.4497438,-0.5626411,0.60788,0.3341368,
1,17,49.135,0.1699055,1.252165,-0.7160087,0.4496659,-0.5623631,0.6081414,0.3342339,
1,17,49.137,0.1699055,1.252165,-0.7160087,0.4496659,-0.5623631,0.6081414,0.3342339,
1,17,49.139,0.1699055,1.252165,-0.7160087,0.4496659,-0.5623631,0.6081414,0.3342339,
1,17,49.141,0.1699055,1.252165,-0.7160087,0.4496659,-0.5623631,0.6081414,0.3342339,
1,17,49.143,0.1699275,1.251935,-0.7160063,0.4494933,-0.5619968,0.608566,0.3343095,
1,17,49.145,0.1699275,1.251935,-0.7160063,0.4494933,-0.5619968,0.608566,0.3343095,
1,17,49.147,0.1699275,1.251935,-0.7160063,0.4494933,-0.5619968,0.608566,0.3343095,
1,17,49.149,0.1699275,1.251935,-0.7160063,0.4494933,-0.5619968,0.608566,0.3343095,
1,17,49.151,0.1699453,1.251745,-0.7159743,0.4494367,-0.5617147,0.6089411,0.3341765,
1,17,49.153,0.1699453,1.251745,-0.7159743,0.4494367,-0.5617147,0.6089411,0.3341765,
1,17,49.155,0.1699453,1.251745,-0.7159743,0.4494367,-0.5617147,0.6089411,0.3341765,
1,17,49.157,0.1699453,1.251745,-0.7159743,0.4494367,-0.5617147,0.6089411,0.3341765,
1,17,49.159,0.1699636,1.251316,-0.7157038,0.449278,-0.5616173,0.6092599,0.3339728,
1,17,49.161,0.1699636,1.251316,-0.7157038,0.449278,-0.5616173,0.6092599,0.3339728,
1,17,49.163,0.1699636,1.251316,-0.7157038,0.449278,-0.5616173,0.6092599,0.3339728,
1,17,49.165,0.1699636,1.251316,-0.7157038,0.449278,-0.5616173,0.6092599,0.3339728,
1,17,49.167,0.1699636,1.251316,-0.7157038,0.449278,-0.5616173,0.6092599,0.3339728,
1,17,49.169,0.1699552,1.250847,-0.7151719,0.4489753,-0.5616417,0.6096448,0.3336361,
1,17,49.171,0.1699552,1.250847,-0.7151719,0.4489753,-0.5616417,0.6096448,0.3336361,
1,17,49.173,0.1699552,1.250847,-0.7151719,0.4489753,-0.5616417,0.6096448,0.3336361,
1,17,49.175,0.1699552,1.250847,-0.7151719,0.4489753,-0.5616417,0.6096448,0.3336361,
1,17,49.177,0.1699987,1.250617,-0.7151999,0.4489331,-0.5614334,0.6099716,0.3334458,
1,17,49.179,0.1699987,1.250617,-0.7151999,0.4489331,-0.5614334,0.6099716,0.3334458,
1,17,49.181,0.1699987,1.250617,-0.7151999,0.4489331,-0.5614334,0.6099716,0.3334458,CourtEnter
1,17,49.183,0.1699987,1.250617,-0.7151999,0.4489331,-0.5614334,0.6099716,0.3334458,
1,17,49.185,0.1703821,1.250202,-0.7157536,0.4494257,-0.5612738,0.6097868,0.3333892,
1,17,49.187,0.1703821,1.250202,-0.7157536,0.4494257,-0.5612738,0.6097868,0.3333892,
1,17,49.189,0.1703821,1.250202,-0.7157536,0.4494257,-0.5612738,0.6097868,0.3333892,CourtExit
1,17,49.191,0.1703821,1.250202,-0.7157536,0.4494257,-0.5612738,0.6097868,0.3333892,
1,17,49.193,0.1706038,1.249708,-0.7158223,0.4491827,-0.5609262,0.61026,0.333436,
1,17,49.195,0.1706038,1.249708,-0.7158223,0.4491827,-0.5609262,0.61026,0.333436,
1,17,49.197,0.1706038,1.249708,-0.7158223,0.4491827,-0.5609262,0.61026,0.333436,
1,17,49.199,0.1706038,1.249708,-0.7158223,0.4491827,-0.5609262,0.61026,0.333436,
1,17,49.201,0.1706372,1.249487,-0.7157156,0.4487677,-0.5606682,0.6107838,0.3334697,
1,17,49.203,0.1706372,1.249487,-0.7157156,0.4487677,-0.5606682,0.6107838,0.3334697,
1,17,49.205,0.1706372,1.249487,-0.7157156,0.4487677,-0.5606682,0.6107838,0.3334697,
1,17,49.207,0.1706372,1.249487,-0.7157156,0.4487677,-0.5606682,0.6107838,0.3334697,
1,17,49.209,0.1706761,1.249053,-0.7156518,0.4483181,-0.560497,0.611218,0.3335667,
1,17,49.211,0.1706761,1.249053,-0.7156518,0.4483181,-0.560497,0.611218,0.3335667,
1,17,49.213,0.1706761,1.249053,-0.7156518,0.4483181,-0.560497,0.611218,0.3335667,
1,17,49.215,0.1706761,1.249053,-0.7156518,0.4483181,-0.560497,0.611218,0.3335667,
1,17,49.217,0.1706761,1.249053,-0.7156518,0.4483181,-0.560497,0.611218,0.3335667,
1,17,49.219,0.1707313,1.248777,-0.7156296,0.4480918,-0.5603234,0.6115935,0.3334739,
1,17,49.221,0.1707313,1.248777,-0.7156296,0.4480918,-0.5603234,0.6115935,0.3334739,
1,17,49.223,0.1707313,1.248777,-0.7156296,0.4480918,-0.5603234,0.6115935,0.3334739,
1,17,49.225,0.1707313,1.248777,-0.7156296,0.4480918,-0.5603234,0.6115935,0.3334739,
1,17,49.227,0.1707887,1.248501,-0.7156124,0.4479681,-0.5602002,0.6118954,0.3332931,
1,17,49.229,0.1707887,1.248501,-0.7156124,0.4479681,-0.5602002,0.6118954,0.3332931,
1,17,49.231,0.1707887,1.248501,-0.7156124,0.4479681,-0.5602002,0.6118954,0.3332931,
1,17,49.233,0.1707887,1.248501,-0.7156124,0.4479681,-0.5602002,0.6118954,0.3332931,
1,17,49.235,0.1708559,1.248293,-0.7156444,0.447791,-0.5599803,0.6122726,0.3332083,
1,17,49.237,0.1708559,1.248293,-0.7156444,0.447791,-0.5599803,0.6122726,0.3332083,
1,17,49.239,0.1708559,1.248293,-0.7156444,0.447791,-0.5599803,0.6122726,0.3332083,
1,17,49.241,0.1708559,1.248293,-0.7156444,0.447791,-0.5599803,0.6122726,0.3332083,
1,17,49.243,0.1709898,1.248119,-0.7157052,0.4477435,-0.5597978,0.6125563,0.333057,
1,17,49.245,0.1709898,1.248119,-0.7157052,0.4477435,-0.5597978,0.6125563,0.333057,
1,17,49.247,0.1709898,1.248119,-0.7157052,0.4477435,-0.5597978,0.6125563,0.333057,
1,17,49.249,0.1709898,1.248119,-0.7157052,0.4477435,-0.5597978,0.6125563,0.333057,
1,17,49.251,0.1711751,1.247971,-0.715788,0.4477725,-0.5595763,0.6128115,0.3329206,
1,17,49.253,0.1711751,1.247971,-0.715788,0.4477725,-0.5595763,0.6128115,0.3329206,
1,17,49.255,0.1711751,1.247971,-0.715788,0.4477725,-0.5595763,0.6128115,0.3329206,
1,17,49.257,0.1711751,1.247971,-0.715788,0.4477725,-0.5595763,0.6128115,0.3329206,
1,17,49.259,0.1713028,1.247691,-0.7157366,0.4475883,-0.5593761,0.613128,0.3329223,
1,17,49.261,0.1713028,1.247691,-0.7157366,0.4475883,-0.5593761,0.613128,0.3329223,
1,17,49.263,0.1713028,1.247691,-0.7157366,0.4475883,-0.5593761,0.613128,0.3329223,
1,17,49.265,0.1713028,1.247691,-0.7157366,0.4475883,-0.5593761,0.613128,0.3329223,
1,17,49.267,0.1713028,1.247691,-0.7157366,0.4475883,-0.5593761,0.613128,0.3329223,
1,17,49.269,0.1714809,1.246656,-0.7152979,0.4468291,-0.55938,0.6135686,0.3331238,
1,17,49.271,0.1714809,1.246656,-0.7152979,0.4468291,-0.55938,0.6135686,0.3331238,
1,17,49.273,0.1714809,1.246656,-0.7152979,0.4468291,-0.55938,0.6135686,0.3331238,
1,17,49.275,0.1714809,1.246656,-0.7152979,0.4468291,-0.55938,0.6135686,0.3331238,
1,17,49.277,0.1714772,1.245661,-0.7144526,0.4459702,-0.5596876,0.613895,0.3331567,
1,17,49.279,0.1714772,1.245661,-0.7144526,0.4459702,-0.5596876,0.613895,0.3331567,
1,17,49.281,0.1714772,1.245661,-0.7144526,0.4459702,-0.5596876,0.613895,0.3331567,
1,17,49.283,0.1714772,1.245661,-0.7144526,0.4459702,-0.5596876,0.613895,0.3331567,
1,17,49.285,0.1715948,1.244869,-0.7141382,0.4454146,-0.5596678,0.6141951,0.3333801,
1,17,49.287,0.1715948,1.244869,-0.7141382,0.4454146,-0.5596678,0.6141951,0.3333801,
1,17,49.289,0.1715948,1.244869,-0.7141382,0.4454146,-0.5596678,0.6141951,0.3333801,
1,17,49.291,0.1715948,1.244869,-0.7141382,0.4454146,-0.5596678,0.6141951,0.3333801,
1,17,49.293,0.1717892,1.2442,-0.7141526,0.4447591,-0.5593049,0.614688,0.3339552,
1,17,49.295,0.1717892,1.2442,-0.7141526,0.4447591,-0.5593049,0.614688,0.3339552,
1,17,49.297,0.1717892,1.2442,-0.7141526,0.4447591,-0.5593049,0.614688,0.3339552,
1,17,49.299,0.1717892,1.2442,-0.7141526,0.4447591,-0.5593049,0.614688,0.3339552,
1,17,49.301,0.1721141,1.243286,-0.7139828,0.4439194,-0.5590255,0.6151699,0.3346524,
1,17,49.303,0.1721141,1.243286,-0.7139828,0.4439194,-0.5590255,0.6151699,0.3346524,
1,17,49.305,0.1721141,1.243286,-0.7139828,0.4439194,-0.5590255,0.6151699,0.3346524,
1,17,49.307,0.1721141,1.243286,-0.7139828,0.4439194,-0.5590255,0.6151699,0.3346524,
1,17,49.309,0.1724805,1.242249,-0.7138054,0.4429794,-0.5587137,0.6156755,0.3354877,
1,17,49.311,0.1724805,1.242249,-0.7138054,0.4429794,-0.5587137,0.6156755,0.3354877,
1,17,49.313,0.1724805,1.242249,-0.7138054,0.4429794,-0.5587137,0.6156755,0.3354877,
1,17,49.315,0.1724805,1.242249,-0.7138054,0.4429794,-0.5587137,0.6156755,0.3354877,
1,17,49.317,0.1724805,1.242249,-0.7138054,0.4429794,-0.5587137,0.6156755,0.3354877,
1,17,49.319,0.1725105,1.242274,-0.7132311,0.4419412,-0.5578899,0.616922,0.3359377,
1,17,49.321,0.1725105,1.242274,-0.7132311,0.4419412,-0.5578899,0.616922,0.3359377,
1,17,49.323,0.1725105,1.242274,-0.7132311,0.4419412,-0.5578899,0.616922,0.3359377,
1,17,49.325,0.1725105,1.242274,-0.7132311,0.4419412,-0.5578899,0.616922,0.3359377,
1,17,49.327,0.1726369,1.241587,-0.7123795,0.4404229,-0.5573125,0.6181697,0.3365958,
1,17,49.329,0.1726369,1.241587,-0.7123795,0.4404229,-0.5573125,0.6181697,0.3365958,
1,17,49.331,0.1726369,1.241587,-0.7123795,0.4404229,-0.5573125,0.6181697,0.3365958,
1,17,49.333,0.1726369,1.241587,-0.7123795,0.4404229,-0.5573125,0.6181697,0.3365958,
1,17,49.335,0.1736114,1.23874,-0.7121553,0.4388144,-0.5577082,0.6181317,0.3381076,
1,17,49.337,0.1736114,1.23874,-0.7121553,0.4388144,-0.5577082,0.6181317,0.3381076,
1,17,49.339,0.1736114,1.23874,-0.7121553,0.4388144,-0.5577082,0.6181317,0.3381076,
1,17,49.341,0.1736114,1.23874,-0.7121553,0.4388144,-0.5577082,0.6181317,0.3381076,
1,17,49.343,0.1744158,1.236297,-0.7118255,0.4370602,-0.5578433,0.6184513,0.3395692,
1,17,49.345,0.1744158,1.236297,-0.7118255,0.4370602,-0.5578433,0.6184513,0.3395692,
1,17,49.347,0.1744158,1.236297,-0.7118255,0.4370602,-0.5578433,0.6184513,0.3395692,
1,17,49.349,0.1744158,1.236297,-0.7118255,0.4370602,-0.5578433,0.6184513,0.3395692,
1,17,49.351,0.1750664,1.234561,-0.71154,0.4353238,-0.5575117,0.6192265,0.3409289,
1,17,49.353,0.1750664,1.234561,-0.71154,0.4353238,-0.5575117,0.6192265,0.3409289,
1,17,49.355,0.1750664,1.234561,-0.71154,0.4353238,-0.5575117,0.6192265,0.3409289,
1,17,49.357,0.1750664,1.234561,-0.71154,0.4353238,-0.5575117,0.6192265,0.3409289,
1,17,49.359,0.1759366,1.232714,-0.711308,0.4337002,-0.5570638,0.6200226,0.3422807,
1,17,49.361,0.1759366,1.232714,-0.711308,0.4337002,-0.5570638,0.6200226,0.3422807,
1,17,49.363,0.1759366,1.232714,-0.711308,0.4337002,-0.5570638,0.6200226,0.3422807,
1,17,49.365,0.1759366,1.232714,-0.711308,0.4337002,-0.5570638,0.6200226,0.3422807,
1,17,49.367,0.1759366,1.232714,-0.711308,0.4337002,-0.5570638,0.6200226,0.3422807,
1,17,49.369,0.1767207,1.230026,-0.7108094,0.4323555,-0.5573537,0.6201708,0.3432399,
1,17,49.371,0.1767207,1.230026,-0.7108094,0.4323555,-0.5573537,0.6201708,0.3432399,
1,17,49.373,0.1767207,1.230026,-0.7108094,0.4323555,-0.5573537,0.6201708,0.3432399,
1,17,49.375,0.1767207,1.230026,-0.7108094,0.4323555,-0.5573537,0.6201708,0.3432399,
1,17,49.377,0.1774602,1.227558,-0.7103353,0.4312124,-0.5574199,0.6204816,0.344008,
1,17,49.379,0.1774602,1.227558,-0.7103353,0.4312124,-0.5574199,0.6204816,0.344008,
1,17,49.381,0.1774602,1.227558,-0.7103353,0.4312124,-0.5574199,0.6204816,0.344008,
1,17,49.383,0.1774602,1.227558,-0.7103353,0.4312124,-0.5574199,0.6204816,0.344008,
1,17,49.385,0.1782889,1.22552,-0.7100648,0.4304287,-0.5568733,0.6210498,0.3448486,
1,17,49.387,0.1782889,1.22552,-0.7100648,0.4304287,-0.5568733,0.6210498,0.3448486,
1,17,49.389,0.1782889,1.22552,-0.7100648,0.4304287,-0.5568733,0.6210498,0.3448486,
1,17,49.391,0.1782889,1.22552,-0.7100648,0.4304287,-0.5568733,0.6210498,0.3448486,
1,17,49.393,0.1790879,1.222711,-0.7096989,0.4292319,-0.5566749,0.6213322,0.3461493,
1,17,49.395,0.1790879,1.222711,-0.7096989,0.4292319,-0.5566749,0.6213322,0.3461493,
1,17,49.397,0.1790879,1.222711,-0.7096989,0.4292319,-0.5566749,0.6213322,0.3461493,
1,17,49.399,0.1790879,1.222711,-0.7096989,0.4292319,-0.5566749,0.6213322,0.3461493,
1,17,49.401,0.1798248,1.220442,-0.7096139,0.4281445,-0.5559185,0.622026,0.3474634,
1,17,49.403,0.1798248,1.220442,-0.7096139,0.4281445,-0.5559185,0.622026,0.3474634,
1,17,49.405,0.1798248,1.220442,-0.7096139,0.4281445,-0.5559185,0.622026,0.3474634,
1,17,49.407,0.1798248,1.220442,-0.7096139,0.4281445,-0.5559185,0.622026,0.3474634,
1,17,49.409,0.1805132,1.218467,-0.7094967,0.427488,-0.5549629,0.6228068,0.3483991,
1,17,49.411,0.1805132,1.218467,-0.7094967,0.427488,-0.5549629,0.6228068,0.3483991,
1,17,49.413,0.1805132,1.218467,-0.7094967,0.427488,-0.5549629,0.6228068,0.3483991,
1,17,49.415,0.1805132,1.218467,-0.7094967,0.427488,-0.5549629,0.6228068,0.3483991,
1,17,49.417,0.1805132,1.218467,-0.7094967,0.427488,-0.5549629,0.6228068,0.3483991,
1,17,49.419,0.1812006,1.216033,-0.7093208,0.4268257,-0.554316,0.6232412,0.3494625,
1,17,49.421,0.1812006,1.216033,-0.7093208,0.4268257,-0.554316,0.6232412,0.3494625,
1,17,49.423,0.1812006,1.216033,-0.7093208,0.4268257,-0.554316,0.6232412,0.3494625,
1,17,49.425,0.1812006,1.216033,-0.7093208,0.4268257,-0.554316,0.6232412,0.3494625,
1,17,49.427,0.1818711,1.213985,-0.7093304,0.4263775,-0.5533173,0.6238213,0.3505556,
1,17,49.429,0.1818711,1.213985,-0.7093304,0.4263775,-0.5533173,0.6238213,0.3505556,
1,17,49.431,0.1818711,1.213985,-0.7093304,0.4263775,-0.5533173,0.6238213,0.3505556,
1,17,49.433,0.1818711,1.213985,-0.7093304,0.4263775,-0.5533173,0.6238213,0.3505556,
1,17,49.435,0.1825234,1.211985,-0.7092514,0.4265169,-0.5527561,0.6239612,0.3510225,
1,17,49.437,0.1825234,1.211985,-0.7092514,0.4265169,-0.5527561,0.6239612,0.3510225,
1,17,49.439,0.1825234,1.211985,-0.7092514,0.4265169,-0.5527561,0.6239612,0.3510225,
1,17,49.441,0.1825234,1.211985,-0.7092514,0.4265169,-0.5527561,0.6239612,0.3510225,
1,17,49.443,0.1833524,1.20969,-0.709483,0.4271076,-0.5525883,0.623444,0.3514866,
1,17,49.445,0.1833524,1.20969,-0.709483,0.4271076,-0.5525883,0.623444,0.3514866,
1,17,49.447,0.1833524,1.20969,-0.709483,0.4271076,-0.5525883,0.623444,0.3514866,
1,17,49.449,0.1833524,1.20969,-0.709483,0.4271076,-0.5525883,0.623444,0.3514866,
1,17,49.451,0.1840791,1.20769,-0.7095973,0.4272002,-0.5523098,0.6232046,0.3522359,
1,17,49.453,0.1840791,1.20769,-0.7095973,0.4272002,-0.5523098,0.6232046,0.3522359,
1,17,49.455,0.1840791,1.20769,-0.7095973,0.4272002,-0.5523098,0.6232046,0.3522359,
1,17,49.457,0.1840791,1.20769,-0.7095973,0.4272002,-0.5523098,0.6232046,0.3522359,
1,17,49.459,0.1849915,1.205032,-0.7095868,0.42694,-0.5525739,0.6226,0.3532046,
1,17,49.461,0.1849915,1.205032,-0.7095868,0.42694,-0.5525739,0.6226,0.3532046,
1,17,49.463,0.1849915,1.205032,-0.7095868,0.42694,-0.5525739,0.6226,0.3532046,
1,17,49.465,0.1849915,1.205032,-0.7095868,0.42694,-0.5525739,0.6226,0.3532046,
1,17,49.467,0.1849915,1.205032,-0.7095868,0.42694,-0.5525739,0.6226,0.3532046,
1,17,49.469,0.1861092,1.201907,-0.7096628,0.4262601,-0.5532712,0.6216081,0.3546783,
1,17,49.471,0.1861092,1.201907,-0.7096628,0.4262601,-0.5532712,0.6216081,0.3546783,
1,17,49.473,0.1861092,1.201907,-0.7096628,0.4262601,-0.5532712,0.6216081,0.3546783,
1,17,49.475,0.1861092,1.201907,-0.7096628,0.4262601,-0.5532712,0.6216081,0.3546783,
1,17,49.477,0.1873129,1.198437,-0.7096817,0.4243006,-0.5540084,0.620824,0.3572413,
1,17,49.479,0.1873129,1.198437,-0.7096817,0.4243006,-0.5540084,0.620824,0.3572413,
1,17,49.481,0.1873129,1.198437,-0.7096817,0.4243006,-0.5540084,0.620824,0.3572413,
1,17,49.483,0.1873129,1.198437,-0.7096817,0.4243006,-0.5540084,0.620824,0.3572413,
1,17,49.485,0.1886536,1.19427,-0.7091755,0.4208395,-0.5551582,0.6201394,0.3607223,
1,17,49.487,0.1886536,1.19427,-0.7091755,0.4208395,-0.5551582,0.6201394,0.3607223,
1,17,49.489,0.1886536,1.19427,-0.7091755,0.4208395,-0.5551582,0.6201394,0.3607223,
1,17,49.491,0.1886536,1.19427,-0.7091755,0.4208395,-0.5551582,0.6201394,0.3607223,
1,17,49.493,0.1902304,1.188574,-0.7084767,0.4149521,-0.5567436,0.6194011,0.3663246,
1,17,49.495,0.1902304,1.188574,-0.7084767,0.4149521,-0.5567436,0.6194011,0.3663246,
1,17,49.497,0.1902304,1.188574,-0.7084767,0.4149521,-0.5567436,0.6194011,0.3663246,
1,17,49.499,0.1902304,1.188574,-0.7084767,0.4149521,-0.5567436,0.6194011,0.3663246,
1,17,49.501,0.191938,1.182043,-0.7076814,0.4071864,-0.5585469,0.6185715,0.3736229,
1,17,49.503,0.191938,1.182043,-0.7076814,0.4071864,-0.5585469,0.6185715,0.3736229,
1,17,49.505,0.191938,1.182043,-0.7076814,0.4071864,-0.5585469,0.6185715,0.3736229,
1,17,49.507,0.191938,1.182043,-0.7076814,0.4071864,-0.5585469,0.6185715,0.3736229,
1,17,49.509,0.1937,1.174364,-0.7062736,0.3971266,-0.5609487,0.6175779,0.3823934,
1,17,49.511,0.1937,1.174364,-0.7062736,0.3971266,-0.5609487,0.6175779,0.3823934,
1,17,49.513,0.1937,1.174364,-0.7062736,0.3971266,-0.5609487,0.6175779,0.3823934,
1,17,49.515,0.1937,1.174364,-0.7062736,0.3971266,-0.5609487,0.6175779,0.3823934,
1,17,49.517,0.1937,1.174364,-0.7062736,0.3971266,-0.5609487,0.6175779,0.3823934,
1,17,49.519,0.1956659,1.165631,-0.7045113,0.3854764,-0.5639229,0.6160974,0.3922028,
1,17,49.521,0.1956659,1.165631,-0.7045113,0.3854764,-0.5639229,0.6160974,0.3922028,
1,17,49.523,0.1956659,1.165631,-0.7045113,0.3854764,-0.5639229,0.6160974,0.3922028,
1,17,49.525,0.1956659,1.165631,-0.7045113,0.3854764,-0.5639229,0.6160974,0.3922028,
1,17,49.527,0.198149,1.155819,-0.7027462,0.3736569,-0.5679485,0.6133181,0.4020648,
1,17,49.529,0.198149,1.155819,-0.7027462,0.3736569,-0.5679485,0.6133181,0.4020648,
1,17,49.531,0.198149,1.155819,-0.7027462,0.3736569,-0.5679485,0.6133181,0.4020648,
1,17,49.533,0.198149,1.155819,-0.7027462,0.3736569,-0.5679485,0.6133181,0.4020648,
1,17,49.535,0.2006859,1.145515,-0.7004001,0.3613038,-0.5728596,0.6098813,0.4115048,
1,17,49.537,0.2006859,1.145515,-0.7004001,0.3613038,-0.5728596,0.6098813,0.4115048,
1,17,49.539,0.2006859,1.145515,-0.7004001,0.3613038,-0.5728596,0.6098813,0.4115048,
1,17,49.541,0.2006859,1.145515,-0.7004001,0.3613038,-0.5728596,0.6098813,0.4115048,
1,17,49.543,0.2034963,1.133932,-0.6975787,0.3487974,-0.5791401,0.6052971,0.4201817,
1,17,49.545,0.2034963,1.133932,-0.6975787,0.3487974,-0.5791401,0.6052971,0.4201817,
1,17,49.547,0.2034963,1.133932,-0.6975787,0.3487974,-0.5791401,0.6052971,0.4201817,
1,17,49.549,0.2034963,1.133932,-0.6975787,0.3487974,-0.5791401,0.6052971,0.4201817,
1,17,49.551,0.2062224,1.122063,-0.693877,0.3363692,-0.5861555,0.6005198,0.4273796,
1,17,49.553,0.2062224,1.122063,-0.693877,0.3363692,-0.5861555,0.6005198,0.4273796,
1,17,49.555,0.2062224,1.122063,-0.693877,0.3363692,-0.5861555,0.6005198,0.4273796,
1,17,49.557,0.2062224,1.122063,-0.693877,0.3363692,-0.5861555,0.6005198,0.4273796,
1,17,49.559,0.2091987,1.109298,-0.6898272,0.3245745,-0.5939402,0.5952883,0.4330338,
1,17,49.561,0.2091987,1.109298,-0.6898272,0.3245745,-0.5939402,0.5952883,0.4330338,
1,17,49.563,0.2091987,1.109298,-0.6898272,0.3245745,-0.5939402,0.5952883,0.4330338,
1,17,49.565,0.2091987,1.109298,-0.6898272,0.3245745,-0.5939402,0.5952883,0.4330338,
1,17,49.567,0.2091987,1.109298,-0.6898272,0.3245745,-0.5939402,0.5952883,0.4330338,
1,17,49.569,0.2126648,1.096483,-0.6855655,0.3138108,-0.6018116,0.5902612,0.4369638,
1,17,49.571,0.2126648,1.096483,-0.6855655,0.3138108,-0.6018116,0.5902612,0.4369638,
1,17,49.573,0.2126648,1.096483,-0.6855655,0.3138108,-0.6018116,0.5902612,0.4369638,
1,17,49.575,0.2126648,1.096483,-0.6855655,0.3138108,-0.6018116,0.5902612,0.4369638,
1,17,49.577,0.2165321,1.083677,-0.6812788,0.3041919,-0.6092892,0.5859261,0.439232,
1,17,49.579,0.2165321,1.083677,-0.6812788,0.3041919,-0.6092892,0.5859261,0.439232,
1,17,49.581,0.2165321,1.083677,-0.6812788,0.3041919,-0.6092892,0.5859261,0.439232,
1,17,49.583,0.2165321,1.083677,-0.6812788,0.3041919,-0.6092892,0.5859261,0.439232,
1,17,49.585,0.2209895,1.070655,-0.6769517,0.2962545,-0.6165661,0.5822614,0.4393759,
1,17,49.587,0.2209895,1.070655,-0.6769517,0.2962545,-0.6165661,0.5822614,0.4393759,
1,17,49.589,0.2209895,1.070655,-0.6769517,0.2962545,-0.6165661,0.5822614,0.4393759,
1,17,49.591,0.2209895,1.070655,-0.6769517,0.2962545,-0.6165661,0.5822614,0.4393759,
1,17,49.593,0.2261702,1.058387,-0.6729403,0.2898589,-0.6223418,0.5803841,0.4379804,
1,17,49.595,0.2261702,1.058387,-0.6729403,0.2898589,-0.6223418,0.5803841,0.4379804,
1,17,49.597,0.2261702,1.058387,-0.6729403,0.2898589,-0.6223418,0.5803841,0.4379804,
1,17,49.599,0.2261702,1.058387,-0.6729403,0.2898589,-0.6223418,0.5803841,0.4379804,
1,17,49.601,0.2317733,1.046351,-0.6688846,0.2847276,-0.6267647,0.5805286,0.4348367,
1,17,49.603,0.2317733,1.046351,-0.6688846,0.2847276,-0.6267647,0.5805286,0.4348367,
1,17,49.605,0.2317733,1.046351,-0.6688846,0.2847276,-0.6267647,0.5805286,0.4348367,
1,17,49.607,0.2317733,1.046351,-0.6688846,0.2847276,-0.6267647,0.5805286,0.4348367,
1,17,49.609,0.2378451,1.035139,-0.665297,0.2812901,-0.6293757,0.582907,0.4300948,
1,17,49.611,0.2378451,1.035139,-0.665297,0.2812901,-0.6293757,0.582907,0.4300948,
1,17,49.613,0.2378451,1.035139,-0.665297,0.2812901,-0.6293757,0.582907,0.4300948,
1,17,49.615,0.2378451,1.035139,-0.665297,0.2812901,-0.6293757,0.582907,0.4300948,
1,17,49.617,0.2378451,1.035139,-0.665297,0.2812901,-0.6293757,0.582907,0.4300948,
1,17,49.619,0.2443733,1.025429,-0.6618218,0.2787701,-0.6292621,0.5885184,0.4242202,
1,17,49.621,0.2443733,1.025429,-0.6618218,0.2787701,-0.6292621,0.5885184,0.4242202,
1,17,49.623,0.2443733,1.025429,-0.6618218,0.2787701,-0.6292621,0.5885184,0.4242202,
1,17,49.625,0.2443733,1.025429,-0.6618218,0.2787701,-0.6292621,0.5885184,0.4242202,
1,17,49.627,0.2511452,1.01697,-0.6583878,0.2767313,-0.6264925,0.5970519,0.4176793,
1,17,49.629,0.2511452,1.01697,-0.6583878,0.2767313,-0.6264925,0.5970519,0.4176793,
1,17,49.631,0.2511452,1.01697,-0.6583878,0.2767313,-0.6264925,0.5970519,0.4176793,
1,17,49.633,0.2511452,1.01697,-0.6583878,0.2767313,-0.6264925,0.5970519,0.4176793,
1,17,49.635,0.2581708,1.009852,-0.6554175,0.2756975,-0.6214101,0.6078922,0.4102531,
1,17,49.637,0.2581708,1.009852,-0.6554175,0.2756975,-0.6214101,0.6078922,0.4102531,
1,17,49.639,0.2581708,1.009852,-0.6554175,0.2756975,-0.6214101,0.6078922,0.4102531,
1,17,49.641,0.2581708,1.009852,-0.6554175,0.2756975,-0.6214101,0.6078922,0.4102531,
1,17,49.643,0.2652843,1.003867,-0.6525281,0.2754299,-0.614522,0.6205372,0.4017894,
1,17,49.645,0.2652843,1.003867,-0.6525281,0.2754299,-0.614522,0.6205372,0.4017894,
1,17,49.647,0.2652843,1.003867,-0.6525281,0.2754299,-0.614522,0.6205372,0.4017894,
1,17,49.649,0.2652843,1.003867,-0.6525281,0.2754299,-0.614522,0.6205372,0.4017894,
1,17,49.651,0.2726505,0.9984794,-0.6502463,0.2765077,-0.6064696,0.6337147,0.3926114,
1,17,49.653,0.2726505,0.9984794,-0.6502463,0.2765077,-0.6064696,0.6337147,0.3926114,
1,17,49.655,0.2726505,0.9984794,-0.6502463,0.2765077,-0.6064696,0.6337147,0.3926114,
1,17,49.657,0.2726505,0.9984794,-0.6502463,0.2765077,-0.6064696,0.6337147,0.3926114,
1,17,49.659,0.2802811,0.9939963,-0.6484411,0.2782764,-0.5971905,0.6473043,0.3833052,
1,17,49.661,0.2802811,0.9939963,-0.6484411,0.2782764,-0.5971905,0.6473043,0.3833052,
1,17,49.663,0.2802811,0.9939963,-0.6484411,0.2782764,-0.5971905,0.6473043,0.3833052,
1,17,49.665,0.2802811,0.9939963,-0.6484411,0.2782764,-0.5971905,0.6473043,0.3833052,
1,17,49.667,0.2802811,0.9939963,-0.6484411,0.2782764,-0.5971905,0.6473043,0.3833052,
1,17,49.669,0.2878391,0.9895839,-0.6469667,0.2809016,-0.5881604,0.6598049,0.3739237,
1,17,49.671,0.2878391,0.9895839,-0.6469667,0.2809016,-0.5881604,0.6598049,0.3739237,
1,17,49.673,0.2878391,0.9895839,-0.6469667,0.2809016,-0.5881604,0.6598049,0.3739237,
1,17,49.675,0.2878391,0.9895839,-0.6469667,0.2809016,-0.5881604,0.6598049,0.3739237,
1,17,49.677,0.2958714,0.9838185,-0.6459132,0.2838305,-0.5801186,0.6701717,0.3657494,
1,17,49.679,0.2958714,0.9838185,-0.6459132,0.2838305,-0.5801186,0.6701717,0.3657494,
1,17,49.681,0.2958714,0.9838185,-0.6459132,0.2838305,-0.5801186,0.6701717,0.3657494,
1,17,49.683,0.2958714,0.9838185,-0.6459132,0.2838305,-0.5801186,0.6701717,0.3657494,
1,17,49.685,0.3035572,0.9778867,-0.6446378,0.2863023,-0.5727853,0.6793216,0.3584275,
1,17,49.687,0.3035572,0.9778867,-0.6446378,0.2863023,-0.5727853,0.6793216,0.3584275,
1,17,49.689,0.3035572,0.9778867,-0.6446378,0.2863023,-0.5727853,0.6793216,0.3584275,
1,17,49.691,0.3035572,0.9778867,-0.6446378,0.2863023,-0.5727853,0.6793216,0.3584275,
1,17,49.693,0.3111029,0.9715063,-0.6433729,0.2891521,-0.5669679,0.6865579,0.3515347,
1,17,49.695,0.3111029,0.9715063,-0.6433729,0.2891521,-0.5669679,0.6865579,0.3515347,
1,17,49.697,0.3111029,0.9715063,-0.6433729,0.2891521,-0.5669679,0.6865579,0.3515347,
1,17,49.699,0.3111029,0.9715063,-0.6433729,0.2891521,-0.5669679,0.6865579,0.3515347,
1,17,49.701,0.3184212,0.9651763,-0.6423917,0.2925501,-0.5625811,0.6917771,0.3454874,
1,17,49.703,0.3184212,0.9651763,-0.6423917,0.2925501,-0.5625811,0.6917771,0.3454874,
1,17,49.705,0.3184212,0.9651763,-0.6423917,0.2925501,-0.5625811,0.6917771,0.3454874,
1,17,49.707,0.3184212,0.9651763,-0.6423917,0.2925501,-0.5625811,0.6917771,0.3454874,
1,17,49.709,0.325809,0.9582635,-0.6411847,0.2966976,-0.5600479,0.6948618,0.3398296,
1,17,49.711,0.325809,0.9582635,-0.6411847,0.2966976,-0.5600479,0.6948618,0.3398296,
1,17,49.713,0.325809,0.9582635,-0.6411847,0.2966976,-0.5600479,0.6948618,0.3398296,
1,17,49.715,0.325809,0.9582635,-0.6411847,0.2966976,-0.5600479,0.6948618,0.3398296,
1,17,49.717,0.325809,0.9582635,-0.6411847,0.2966976,-0.5600479,0.6948618,0.3398296,
1,17,49.719,0.3334659,0.9509707,-0.6404598,0.3018124,-0.5591025,0.6956776,0.3351811,
1,17,49.721,0.3334659,0.9509707,-0.6404598,0.3018124,-0.5591025,0.6956776,0.3351811,
1,17,49.723,0.3334659,0.9509707,-0.6404598,0.3018124,-0.5591025,0.6956776,0.3351811,
1,17,49.725,0.3334659,0.9509707,-0.6404598,0.3018124,-0.5591025,0.6956776,0.3351811,
1,17,49.727,0.3410422,0.9436856,-0.6399424,0.3077277,-0.559326,0.6947654,0.3312991,
1,17,49.729,0.3410422,0.9436856,-0.6399424,0.3077277,-0.559326,0.6947654,0.3312991,
1,17,49.731,0.3410422,0.9436856,-0.6399424,0.3077277,-0.559326,0.6947654,0.3312991,
1,17,49.733,0.3410422,0.9436856,-0.6399424,0.3077277,-0.559326,0.6947654,0.3312991,
1,17,49.735,0.3483944,0.9360621,-0.6394134,0.3133295,-0.5606954,0.6924117,0.328651,
1,17,49.737,0.3483944,0.9360621,-0.6394134,0.3133295,-0.5606954,0.6924117,0.328651,
1,17,49.739,0.3483944,0.9360621,-0.6394134,0.3133295,-0.5606954,0.6924117,0.328651,
1,17,49.741,0.3483944,0.9360621,-0.6394134,0.3133295,-0.5606954,0.6924117,0.328651,
1,17,49.743,0.3557141,0.9279028,-0.6391655,0.3173874,-0.5620859,0.6895561,0.3283853,
1,17,49.745,0.3557141,0.9279028,-0.6391655,0.3173874,-0.5620859,0.6895561,0.3283853,
1,17,49.747,0.3557141,0.9279028,-0.6391655,0.3173874,-0.5620859,0.6895561,0.3283853,
1,17,49.749,0.3557141,0.9279028,-0.6391655,0.3173874,-0.5620859,0.6895561,0.3283853,
1,17,49.751,0.3628161,0.9191307,-0.6394004,0.3197633,-0.5634326,0.6864272,0.3303223,
1,17,49.753,0.3628161,0.9191307,-0.6394004,0.3197633,-0.5634326,0.6864272,0.3303223,
1,17,49.755,0.3628161,0.9191307,-0.6394004,0.3197633,-0.5634326,0.6864272,0.3303223,
1,17,49.757,0.3628161,0.9191307,-0.6394004,0.3197633,-0.5634326,0.6864272,0.3303223,
1,17,49.759,0.3696265,0.9091199,-0.6397974,0.3206328,-0.564967,0.682975,0.3339944,
1,17,49.761,0.3696265,0.9091199,-0.6397974,0.3206328,-0.564967,0.682975,0.3339944,
1,17,49.763,0.3696265,0.9091199,-0.6397974,0.3206328,-0.564967,0.682975,0.3339944,
1,17,49.765,0.3696265,0.9091199,-0.6397974,0.3206328,-0.564967,0.682975,0.3339944,
1,17,49.767,0.3696265,0.9091199,-0.6397974,0.3206328,-0.564967,0.682975,0.3339944,
1,17,49.769,0.3765004,0.8969259,-0.6404387,0.3206943,-0.5674456,0.678722,0.3383743,
1,17,49.771,0.3765004,0.8969259,-0.6404387,0.3206943,-0.5674456,0.678722,0.3383743,
1,17,49.773,0.3765004,0.8969259,-0.6404387,0.3206943,-0.5674456,0.678722,0.3383743,
1,17,49.775,0.3765004,0.8969259,-0.6404387,0.3206943,-0.5674456,0.678722,0.3383743,
1,17,49.777,0.3828909,0.8827522,-0.6412835,0.3200345,-0.570294,0.6742648,0.3430884,
1,17,49.779,0.3828909,0.8827522,-0.6412835,0.3200345,-0.570294,0.6742648,0.3430884,
1,17,49.781,0.3828909,0.8827522,-0.6412835,0.3200345,-0.570294,0.6742648,0.3430884,
1,17,49.783,0.3828909,0.8827522,-0.6412835,0.3200345,-0.570294,0.6742648,0.3430884,
1,17,49.785,0.3888958,0.8655761,-0.6419975,0.3194659,-0.5742711,0.6690973,0.3470779,
1,17,49.787,0.3888958,0.8655761,-0.6419975,0.3194659,-0.5742711,0.6690973,0.3470779,
1,17,49.789,0.3888958,0.8655761,-0.6419975,0.3194659,-0.5742711,0.6690973,0.3470779,
1,17,49.791,0.3888958,0.8655761,-0.6419975,0.3194659,-0.5742711,0.6690973,0.3470779,
1,17,49.793,0.3944344,0.8455065,-0.6420959,0.3179051,-0.5790172,0.6640326,0.3503371,
1,17,49.795,0.3944344,0.8455065,-0.6420959,0.3179051,-0.5790172,0.6640326,0.3503371,
1,17,49.797,0.3944344,0.8455065,-0.6420959,0.3179051,-0.5790172,0.6640326,0.3503371,
1,17,49.799,0.3944344,0.8455065,-0.6420959,0.3179051,-0.5790172,0.6640326,0.3503371,
1,17,49.801,0.3999322,0.8233092,-0.6404504,0.315371,-0.5839327,0.6599119,0.3522501,
1,17,49.803,0.3999322,0.8233092,-0.6404504,0.315371,-0.5839327,0.6599119,0.3522501,
1,17,49.805,0.3999322,0.8233092,-0.6404504,0.315371,-0.5839327,0.6599119,0.3522501,
1,17,49.807,0.3999322,0.8233092,-0.6404504,0.315371,-0.5839327,0.6599119,0.3522501,
1,17,49.809,0.4053598,0.8025967,-0.6365063,0.3117252,-0.5868186,0.6591621,0.3521031,
1,17,49.811,0.4053598,0.8025967,-0.6365063,0.3117252,-0.5868186,0.6591621,0.3521031,
1,17,49.813,0.4053598,0.8025967,-0.6365063,0.3117252,-0.5868186,0.6591621,0.3521031,
1,17,49.815,0.4053598,0.8025967,-0.6365063,0.3117252,-0.5868186,0.6591621,0.3521031,
1,17,49.817,0.4053598,0.8025967,-0.6365063,0.3117252,-0.5868186,0.6591621,0.3521031,
1,17,49.819,0.4094289,0.7869245,-0.6314021,0.3089154,-0.5851806,0.6640816,0.3480383,
1,17,49.821,0.4094289,0.7869245,-0.6314021,0.3089154,-0.5851806,0.6640816,0.3480383,
1,17,49.823,0.4094289,0.7869245,-0.6314021,0.3089154,-0.5851806,0.6640816,0.3480383,
1,17,49.825,0.4094289,0.7869245,-0.6314021,0.3089154,-0.5851806,0.6640816,0.3480383,
1,17,49.827,0.4106771,0.7747315,-0.6272647,0.3059114,-0.5790679,0.6738811,0.3420275,
1,17,49.829,0.4106771,0.7747315,-0.6272647,0.3059114,-0.5790679,0.6738811,0.3420275,
1,17,49.831,0.4106771,0.7747315,-0.6272647,0.3059114,-0.5790679,0.6738811,0.3420275,
1,17,49.833,0.4106771,0.7747315,-0.6272647,0.3059114,-0.5790679,0.6738811,0.3420275,
1,17,49.835,0.408072,0.7662671,-0.6245784,0.3018709,-0.5682363,0.6885735,0.3344368,
1,17,49.837,0.408072,0.7662671,-0.6245784,0.3018709,-0.5682363,0.6885735,0.3344368,
1,17,49.839,0.408072,0.7662671,-0.6245784,0.3018709,-0.5682363,0.6885735,0.3344368,
1,17,49.841,0.408072,0.7662671,-0.6245784,0.3018709,-0.5682363,0.6885735,0.3344368,
1,17,49.843,0.4047507,0.7603406,-0.6233723,0.3004042,-0.5541298,0.7054167,0.3241681,
1,17,49.845,0.4047507,0.7603406,-0.6233723,0.3004042,-0.5541298,0.7054167,0.3241681,
1,17,49.847,0.4047507,0.7603406,-0.6233723,0.3004042,-0.5541298,0.7054167,0.3241681,
1,17,49.849,0.4047507,0.7603406,-0.6233723,0.3004042,-0.5541298,0.7054167,0.3241681,
1,17,49.851,0.4031729,0.7549353,-0.6232585,0.3037992,-0.5395525,0.7205331,0.3121238,
1,17,49.853,0.4031729,0.7549353,-0.6232585,0.3037992,-0.5395525,0.7205331,0.3121238,
1,17,49.855,0.4031729,0.7549353,-0.6232585,0.3037992,-0.5395525,0.7205331,0.3121238,
1,17,49.857,0.4031729,0.7549353,-0.6232585,0.3037992,-0.5395525,0.7205331,0.3121238,
1,17,49.859,0.4031508,0.7487161,-0.6254138,0.3159068,-0.5278462,0.7300945,0.2975624,
1,17,49.861,0.4031508,0.7487161,-0.6254138,0.3159068,-0.5278462,0.7300945,0.2975624,
1,17,49.863,0.4031508,0.7487161,-0.6254138,0.3159068,-0.5278462,0.7300945,0.2975624,
1,17,49.865,0.4031508,0.7487161,-0.6254138,0.3159068,-0.5278462,0.7300945,0.2975624,
1,17,49.867,0.4031508,0.7487161,-0.6254138,0.3159068,-0.5278462,0.7300945,0.2975624,
1,17,49.869,0.4046041,0.7409955,-0.6291848,0.3372689,-0.5208302,0.7322338,0.2807479,
1,17,49.871,0.4046041,0.7409955,-0.6291848,0.3372689,-0.5208302,0.7322338,0.2807479,
1,17,49.873,0.4046041,0.7409955,-0.6291848,0.3372689,-0.5208302,0.7322338,0.2807479,
1,17,49.875,0.4046041,0.7409955,-0.6291848,0.3372689,-0.5208302,0.7322338,0.2807479,
1,17,49.877,0.4076576,0.7324615,-0.6333084,0.3654622,-0.5185196,0.7271796,0.2622684,
1,17,49.879,0.4076576,0.7324615,-0.6333084,0.3654622,-0.5185196,0.7271796,0.2622684,
1,17,49.881,0.4076576,0.7324615,-0.6333084,0.3654622,-0.5185196,0.7271796,0.2622684,
1,17,49.883,0.4076576,0.7324615,-0.6333084,0.3654622,-0.5185196,0.7271796,0.2622684,
1,17,49.885,0.4111993,0.7229744,-0.6368463,0.3931464,-0.5192124,0.7179518,0.2457636,
1,17,49.887,0.4111993,0.7229744,-0.6368463,0.3931464,-0.5192124,0.7179518,0.2457636,
1,17,49.889,0.4111993,0.7229744,-0.6368463,0.3931464,-0.5192124,0.7179518,0.2457636,
1,17,49.891,0.4111993,0.7229744,-0.6368463,0.3931464,-0.5192124,0.7179518,0.2457636,
1,17,49.893,0.4145049,0.7116026,-0.6393746,0.4129947,-0.5216309,0.7085637,0.2351041,
1,17,49.895,0.4145049,0.7116026,-0.6393746,0.4129947,-0.5216309,0.7085637,0.2351041,
1,17,49.897,0.4145049,0.7116026,-0.6393746,0.4129947,-0.5216309,0.7085637,0.2351041,
1,17,49.899,0.4145049,0.7116026,-0.6393746,0.4129947,-0.5216309,0.7085637,0.2351041,
1,17,49.901,0.4181463,0.6979672,-0.6409786,0.4206641,-0.5249748,0.7021402,0.2333291,
1,17,49.903,0.4181463,0.6979672,-0.6409786,0.4206641,-0.5249748,0.7021402,0.2333291,
1,17,49.905,0.4181463,0.6979672,-0.6409786,0.4206641,-0.5249748,0.7021402,0.2333291,
1,17,49.907,0.4181463,0.6979672,-0.6409786,0.4206641,-0.5249748,0.7021402,0.2333291,
1,17,49.909,0.421331,0.6823668,-0.6416048,0.4163581,-0.5282017,0.7001137,0.2397701,
1,17,49.911,0.421331,0.6823668,-0.6416048,0.4163581,-0.5282017,0.7001137,0.2397701,
1,17,49.913,0.421331,0.6823668,-0.6416048,0.4163581,-0.5282017,0.7001137,0.2397701,
1,17,49.915,0.421331,0.6823668,-0.6416048,0.4163581,-0.5282017,0.7001137,0.2397701,
1,17,49.917,0.421331,0.6823668,-0.6416048,0.4163581,-0.5282017,0.7001137,0.2397701,
1,17,49.919,0.4238537,0.6655743,-0.6416247,0.4039123,-0.5306644,0.7014428,0.2514521,
1,17,49.921,0.4238537,0.6655743,-0.6416247,0.4039123,-0.5306644,0.7014428,0.2514521,
1,17,49.923,0.4238537,0.6655743,-0.6416247,0.4039123,-0.5306644,0.7014428,0.2514521,
1,17,49.925,0.4238537,0.6655743,-0.6416247,0.4039123,-0.5306644,0.7014428,0.2514521,
1,17,49.927,0.4259193,0.6477163,-0.6417586,0.3885551,-0.5328968,0.7034676,0.264914,
1,17,49.929,0.4259193,0.6477163,-0.6417586,0.3885551,-0.5328968,0.7034676,0.264914,
1,17,49.931,0.4259193,0.6477163,-0.6417586,0.3885551,-0.5328968,0.7034676,0.264914,
1,17,49.933,0.4259193,0.6477163,-0.6417586,0.3885551,-0.5328968,0.7034676,0.264914,
1,17,49.935,0.4273834,0.6295183,-0.6419705,0.374134,-0.53517,0.7049474,0.2768863,
1,17,49.937,0.4273834,0.6295183,-0.6419705,0.374134,-0.53517,0.7049474,0.2768863,
1,17,49.939,0.4273834,0.6295183,-0.6419705,0.374134,-0.53517,0.7049474,0.2768863,
1,17,49.941,0.4273834,0.6295183,-0.6419705,0.374134,-0.53517,0.7049474,0.2768863,
1,17,49.943,0.4284128,0.6112511,-0.6428212,0.3638946,-0.5381874,0.7046606,0.2852868,
1,17,49.945,0.4284128,0.6112511,-0.6428212,0.3638946,-0.5381874,0.7046606,0.2852868,
1,17,49.947,0.4284128,0.6112511,-0.6428212,0.3638946,-0.5381874,0.7046606,0.2852868,
1,17,49.949,0.4284128,0.6112511,-0.6428212,0.3638946,-0.5381874,0.7046606,0.2852868,
1,17,49.951,0.4288846,0.5925245,-0.6440358,0.3588562,-0.5426842,0.7022527,0.2890628,
1,17,49.953,0.4288846,0.5925245,-0.6440358,0.3588562,-0.5426842,0.7022527,0.2890628,
1,17,49.955,0.4288846,0.5925245,-0.6440358,0.3588562,-0.5426842,0.7022527,0.2890628,
1,17,49.957,0.4288846,0.5925245,-0.6440358,0.3588562,-0.5426842,0.7022527,0.2890628,
1,17,49.959,0.428578,0.5743598,-0.6458942,0.3585831,-0.5479459,0.6985661,0.2884076,
1,17,49.961,0.428578,0.5743598,-0.6458942,0.3585831,-0.5479459,0.6985661,0.2884076,
1,17,49.963,0.428578,0.5743598,-0.6458942,0.3585831,-0.5479459,0.6985661,0.2884076,
1,17,49.965,0.428578,0.5743598,-0.6458942,0.3585831,-0.5479459,0.6985661,0.2884076,
1,17,49.967,0.428578,0.5743598,-0.6458942,0.3585831,-0.5479459,0.6985661,0.2884076,
1,17,49.969,0.4272631,0.5564895,-0.6482385,0.3616722,-0.5533818,0.6943771,0.2842575,
1,17,49.971,0.4272631,0.5564895,-0.6482385,0.3616722,-0.5533818,0.6943771,0.2842575,
1,17,49.973,0.4272631,0.5564895,-0.6482385,0.3616722,-0.5533818,0.6943771,0.2842575,
1,17,49.975,0.4272631,0.5564895,-0.6482385,0.3616722,-0.5533818,0.6943771,0.2842575,
1,17,49.977,0.4258086,0.5385469,-0.6510587,0.3649179,-0.558713,0.6902534,0.2796868,
1,17,49.979,0.4258086,0.5385469,-0.6510587,0.3649179,-0.558713,0.6902534,0.2796868,
1,17,49.981,0.4258086,0.5385469,-0.6510587,0.3649179,-0.558713,0.6902534,0.2796868,
1,17,49.983,0.4258086,0.5385469,-0.6510587,0.3649179,-0.558713,0.6902534,0.2796868,
1,17,49.985,0.4233935,0.5210145,-0.6535351,0.3644451,-0.5624215,0.6886674,0.2767653,
1,17,49.987,0.4233935,0.5210145,-0.6535351,0.3644451,-0.5624215,0.6886674,0.2767653,
1,17,49.989,0.4233935,0.5210145,-0.6535351,0.3644451,-0.5624215,0.6886674,0.2767653,
1,17,49.991,0.4233935,0.5210145,-0.6535351,0.3644451,-0.5624215,0.6886674,0.2767653,
1,17,49.993,0.4204301,0.5031034,-0.6559139,0.3583918,-0.5646241,0.6896746,0.2776759,
1,17,49.995,0.4204301,0.5031034,-0.6559139,0.3583918,-0.5646241,0.6896746,0.2776759,
1,17,49.997,0.4204301,0.5031034,-0.6559139,0.3583918,-0.5646241,0.6896746,0.2776759,
1,17,49.999,0.4204301,0.5031034,-0.6559139,0.3583918,-0.5646241,0.6896746,0.2776759,
1,17,50.001,0.4172091,0.4851381,-0.6583594,0.3477749,-0.5653632,0.6927261,0.2820418,
1,17,50.003,0.4172091,0.4851381,-0.6583594,0.3477749,-0.5653632,0.6927261,0.2820418,
1,17,50.005,0.4172091,0.4851381,-0.6583594,0.3477749,-0.5653632,0.6927261,0.2820418,
1,17,50.007,0.4172091,0.4851381,-0.6583594,0.3477749,-0.5653632,0.6927261,0.2820418,
1,17,50.009,0.4137218,0.4671228,-0.6609333,0.3351249,-0.5660075,0.696093,0.2877179,
1,17,50.011,0.4137218,0.4671228,-0.6609333,0.3351249,-0.5660075,0.696093,0.2877179,
1,17,50.013,0.4137218,0.4671228,-0.6609333,0.3351249,-0.5660075,0.696093,0.2877179,
1,17,50.015,0.4137218,0.4671228,-0.6609333,0.3351249,-0.5660075,0.696093,0.2877179,
1,17,50.017,0.4137218,0.4671228,-0.6609333,0.3351249,-0.5660075,0.696093,0.2877179,
1,17,50.019,0.409884,0.4492624,-0.6630676,0.3247274,-0.5685736,0.6976017,0.2909091,
1,17,50.021,0.409884,0.4492624,-0.6630676,0.3247274,-0.5685736,0.6976017,0.2909091,
1,17,50.023,0.409884,0.4492624,-0.6630676,0.3247274,-0.5685736,0.6976017,0.2909091,
1,17,50.025,0.409884,0.4492624,-0.6630676,0.3247274,-0.5685736,0.6976017,0.2909091,
1,17,50.027,0.4062406,0.4322559,-0.6658416,0.319292,-0.5731351,0.6966712,0.2902033,
1,17,50.029,0.4062406,0.4322559,-0.6658416,0.319292,-0.5731351,0.6966712,0.2902033,
1,17,50.031,0.4062406,0.4322559,-0.6658416,0.319292,-0.5731351,0.6966712,0.2902033,
1,17,50.033,0.4062406,0.4322559,-0.6658416,0.319292,-0.5731351,0.6966712,0.2902033,
1,17,50.035,0.4027034,0.4154369,-0.6684625,0.317354,-0.5798119,0.6935744,0.2864602,
1,17,50.037,0.4027034,0.4154369,-0.6684625,0.317354,-0.5798119,0.6935744,0.2864602,
1,17,50.039,0.4027034,0.4154369,-0.6684625,0.317354,-0.5798119,0.6935744,0.2864602,
1,17,50.041,0.4027034,0.4154369,-0.6684625,0.317354,-0.5798119,0.6935744,0.2864602,
1,17,50.043,0.3991587,0.3985183,-0.6708713,0.3160756,-0.5874052,0.6895931,0.2819803,
1,17,50.045,0.3991587,0.3985183,-0.6708713,0.3160756,-0.5874052,0.6895931,0.2819803,
1,17,50.047,0.3991587,0.3985183,-0.6708713,0.3160756,-0.5874052,0.6895931,0.2819803,
1,17,50.049,0.3991587,0.3985183,-0.6708713,0.3160756,-0.5874052,0.6895931,0.2819803,
1,17,50.051,0.395752,0.3817946,-0.6737388,0.313184,-0.5943669,0.686092,0.279144,
1,17,50.053,0.395752,0.3817946,-0.6737388,0.313184,-0.5943669,0.686092,0.279144,
1,17,50.055,0.395752,0.3817946,-0.6737388,0.313184,-0.5943669,0.686092,0.279144,
1,17,50.057,0.395752,0.3817946,-0.6737388,0.313184,-0.5943669,0.686092,0.279144,
1,17,50.059,0.391959,0.3655954,-0.6765551,0.3083406,-0.6005576,0.6834876,0.2776715,
1,17,50.061,0.391959,0.3655954,-0.6765551,0.3083406,-0.6005576,0.6834876,0.2776715,
1,17,50.063,0.391959,0.3655954,-0.6765551,0.3083406,-0.6005576,0.6834876,0.2776715,
1,17,50.065,0.391959,0.3655954,-0.6765551,0.3083406,-0.6005576,0.6834876,0.2776715,
1,17,50.067,0.391959,0.3655954,-0.6765551,0.3083406,-0.6005576,0.6834876,0.2776715,
1,17,50.069,0.3884854,0.349405,-0.6802437,0.3030877,-0.606269,0.6809848,0.2771922,
1,17,50.071,0.3884854,0.349405,-0.6802437,0.3030877,-0.606269,0.6809848,0.2771922,
1,17,50.073,0.3884854,0.349405,-0.6802437,0.3030877,-0.606269,0.6809848,0.2771922,
1,17,50.075,0.3884854,0.349405,-0.6802437,0.3030877,-0.606269,0.6809848,0.2771922,
1,17,50.077,0.3844706,0.3336706,-0.6834182,0.2968904,-0.6116661,0.6789941,0.2769258,
1,17,50.079,0.3844706,0.3336706,-0.6834182,0.2968904,-0.6116661,0.6789941,0.2769258,
1,17,50.081,0.3844706,0.3336706,-0.6834182,0.2968904,-0.6116661,0.6789941,0.2769258,
1,17,50.083,0.3844706,0.3336706,-0.6834182,0.2968904,-0.6116661,0.6789941,0.2769258,CourtEnter
1,17,50.085,0.3804488,0.3184236,-0.6868216,0.2903919,-0.6164609,0.67731,0.2773082,
1,17,50.087,0.3804488,0.3184236,-0.6868216,0.2903919,-0.6164609,0.67731,0.2773082,
1,17,50.089,0.3804488,0.3184236,-0.6868216,0.2903919,-0.6164609,0.67731,0.2773082,
1,17,50.091,0.3804488,0.3184236,-0.6868216,0.2903919,-0.6164609,0.67731,0.2773082,CourtExit
1,17,50.093,0.3765514,0.3036222,-0.6902384,0.2836415,-0.6206912,0.6758453,0.2784296,
1,17,50.095,0.3765514,0.3036222,-0.6902384,0.2836415,-0.6206912,0.6758453,0.2784296,
1,17,50.097,0.3765514,0.3036222,-0.6902384,0.2836415,-0.6206912,0.6758453,0.2784296,
1,17,50.099,0.3765514,0.3036222,-0.6902384,0.2836415,-0.6206912,0.6758453,0.2784296,
1,17,50.101,0.372912,0.2893881,-0.6934414,0.2771604,-0.6243839,0.6744373,0.2801093,
1,17,50.103,0.372912,0.2893881,-0.6934414,0.2771604,-0.6243839,0.6744373,0.2801093,
1,17,50.105,0.372912,0.2893881,-0.6934414,0.2771604,-0.6243839,0.6744373,0.2801093,
1,17,50.107,0.372912,0.2893881,-0.6934414,0.2771604,-0.6243839,0.6744373,0.2801093,
1,17,50.109,0.369509,0.2754523,-0.6969143,0.271555,-0.6276848,0.6729181,0.2818703,
1,17,50.111,0.369509,0.2754523,-0.6969143,0.271555,-0.6276848,0.6729181,0.2818703,
1,17,50.113,0.369509,0.2754523,-0.6969143,0.271555,-0.6276848,0.6729181,0.2818703,
1,17,50.115,0.369509,0.2754523,-0.6969143,0.271555,-0.6276848,0.6729181,0.2818703,
1,17,50.117,0.369509,0.2754523,-0.6969143,0.271555,-0.6276848,0.6729181,0.2818703,
1,17,50.119,0.3668556,0.2618783,-0.7007235,0.267774,-0.6308173,0.6709222,0.2832493,
1,17,50.121,0.3668556,0.2618783,-0.7007235,0.267774,-0.6308173,0.6709222,0.2832493,
1,17,50.123,0.3668556,0.2618783,-0.7007235,0.267774,-0.6308173,0.6709222,0.2832493,
1,17,50.125,0.3668556,0.2618783,-0.7007235,0.267774,-0.6308173,0.6709222,0.2832493,
1,17,50.127,0.3644091,0.2490186,-0.7046127,0.2657543,-0.634006,0.6686031,0.2835156,
1,17,50.129,0.3644091,0.2490186,-0.7046127,0.2657543,-0.634006,0.6686031,0.2835156,
1,17,50.131,0.3644091,0.2490186,-0.7046127,0.2657543,-0.634006,0.6686031,0.2835156,
1,17,50.133,0.3644091,0.2490186,-0.7046127,0.2657543,-0.634006,0.6686031,0.2835156,
1,17,50.135,0.3619606,0.2369228,-0.7079871,0.2645268,-0.6371317,0.6663712,0.2829101,
1,17,50.137,0.3619606,0.2369228,-0.7079871,0.2645268,-0.6371317,0.6663712,0.2829101,
1,17,50.139,0.3619606,0.2369228,-0.7079871,0.2645268,-0.6371317,0.6663712,0.2829101,
1,17,50.141,0.3619606,0.2369228,-0.7079871,0.2645268,-0.6371317,0.6663712,0.2829101,
1,17,50.143,0.3597268,0.2252798,-0.7112222,0.2636737,-0.6400897,0.6641467,0.2822599,
1,17,50.145,0.3597268,0.2252798,-0.7112222,0.2636737,-0.6400897,0.6641467,0.2822599,
1,17,50.147,0.3597268,0.2252798,-0.7112222,0.2636737,-0.6400897,0.6641467,0.2822599,
1,17,50.149,0.3597268,0.2252798,-0.7112222,0.2636737,-0.6400897,0.6641467,0.2822599,
1,17,50.151,0.3575534,0.213137,-0.71422,0.2630323,-0.6432092,0.6615942,0.2817607,
1,17,50.153,0.3575534,0.213137,-0.71422,0.2630323,-0.6432092,0.6615942,0.2817607,
1,17,50.155,0.3575534,0.213137,-0.71422,0.2630323,-0.6432092,0.6615942,0.2817607,
1,17,50.157,0.3575534,0.213137,-0.71422,0.2630323,-0.6432092,0.6615942,0.2817607,
1,17,50.159,0.3558247,0.201553,-0.7174721,0.2628294,-0.6459081,0.6591406,0.2815261,
1,17,50.161,0.3558247,0.201553,-0.7174721,0.2628294,-0.6459081,0.6591406,0.2815261,
1,17,50.163,0.3558247,0.201553,-0.7174721,0.2628294,-0.6459081,0.6591406,0.2815261,
1,17,50.165,0.3558247,0.201553,-0.7174721,0.2628294,-0.6459081,0.6591406,0.2815261,
1,17,50.167,0.3558247,0.201553,-0.7174721,0.2628294,-0.6459081,0.6591406,0.2815261,
1,17,50.169,0.3542317,0.1910177,-0.72035,0.2623461,-0.6476863,0.6575665,0.2815731,
1,17,50.171,0.3542317,0.1910177,-0.72035,0.2623461,-0.6476863,0.6575665,0.2815731,
1,17,50.173,0.3542317,0.1910177,-0.72035,0.2623461,-0.6476863,0.6575665,0.2815731,
1,17,50.175,0.3542317,0.1910177,-0.72035,0.2623461,-0.6476863,0.6575665,0.2815731,
1,17,50.177,0.3529266,0.1809324,-0.723307,0.2626734,-0.6492079,0.6560888,0.2812103,
1,17,50.179,0.3529266,0.1809324,-0.723307,0.2626734,-0.6492079,0.6560888,0.2812103,
1,17,50.181,0.3529266,0.1809324,-0.723307,0.2626734,-0.6492079,0.6560888,0.2812103,
1,17,50.183,0.3529266,0.1809324,-0.723307,0.2626734,-0.6492079,0.6560888,0.2812103,
1,17,50.185,0.3512525,0.1710193,-0.7257914,0.2622722,-0.6502531,0.655268,0.2810839,
1,17,50.187,0.3512525,0.1710193,-0.7257914,0.2622722,-0.6502531,0.655268,0.2810839,
1,17,50.189,0.3512525,0.1710193,-0.7257914,0.2622722,-0.6502531,0.655268,0.2810839,
1,17,50.191,0.3512525,0.1710193,-0.7257914,0.2622722,-0.6502531,0.655268,0.2810839,
1,17,50.193,0.3495857,0.1616865,-0.7282428,0.2618842,-0.6509352,0.6547603,0.2810502,
1,17,50.195,0.3495857,0.1616865,-0.7282428,0.2618842,-0.6509352,0.6547603,0.2810502,
1,17,50.197,0.3495857,0.1616865,-0.7282428,0.2618842,-0.6509352,0.6547603,0.2810502,
1,17,50.199,0.3495857,0.1616865,-0.7282428,0.2618842,-0.6509352,0.6547603,0.2810502,
1,17,50.201,0.3477889,0.1529941,-0.73037,0.261605,-0.6511876,0.6546738,0.2809269,
1,17,50.203,0.3477889,0.1529941,-0.73037,0.261605,-0.6511876,0.6546738,0.2809269,
1,17,50.205,0.3477889,0.1529941,-0.73037,0.261605,-0.6511876,0.6546738,0.2809269,
1,17,50.207,0.3477889,0.1529941,-0.73037,0.261605,-0.6511876,0.6546738,0.2809269,
1,17,50.209,0.3458058,0.1445675,-0.7325246,0.2608183,-0.6509179,0.6548573,0.2818539,
1,17,50.211,0.3458058,0.1445675,-0.7325246,0.2608183,-0.6509179,0.6548573,0.2818539,
1,17,50.213,0.3458058,0.1445675,-0.7325246,0.2608183,-0.6509179,0.6548573,0.2818539,
1,17,50.215,0.3458058,0.1445675,-0.7325246,0.2608183,-0.6509179,0.6548573,0.2818539,
1,17,50.217,0.3458058,0.1445675,-0.7325246,0.2608183,-0.6509179,0.6548573,0.2818539,
1,17,50.219,0.3435964,0.1366222,-0.7347917,0.2602645,-0.6504024,0.655075,0.2830473,
1,17,50.221,0.3435964,0.1366222,-0.7347917,0.2602645,-0.6504024,0.655075,0.2830473,
1,17,50.223,0.3435964,0.1366222,-0.7347917,0.2602645,-0.6504024,0.655075,0.2830473,
1,17,50.225,0.3435964,0.1366222,-0.7347917,0.2602645,-0.6504024,0.655075,0.2830473,
1,17,50.227,0.3415705,0.1287152,-0.7375774,0.2612547,-0.6500245,0.6547071,0.2838533,
1,17,50.229,0.3415705,0.1287152,-0.7375774,0.2612547,-0.6500245,0.6547071,0.2838533,
1,17,50.231,0.3415705,0.1287152,-0.7375774,0.2612547,-0.6500245,0.6547071,0.2838533,
1,17,50.233,0.3415705,0.1287152,-0.7375774,0.2612547,-0.6500245,0.6547071,0.2838533,
1,17,50.235,0.3390317,0.1213242,-0.7400521,0.2642917,-0.6504855,0.6537007,0.2823014,
1,17,50.237,0.3390317,0.1213242,-0.7400521,0.2642917,-0.6504855,0.6537007,0.2823014,
1,17,50.239,0.3390317,0.1213242,-0.7400521,0.2642917,-0.6504855,0.6537007,0.2823014,
1,17,50.241,0.3390317,0.1213242,-0.7400521,0.2642917,-0.6504855,0.6537007,0.2823014,
1,17,50.243,0.3362041,0.1145663,-0.7424554,0.2684251,-0.6511348,0.6524844,0.2797064,
1,17,50.245,0.3362041,0.1145663,-0.7424554,0.2684251,-0.6511348,0.6524844,0.2797064,
1,17,50.247,0.3362041,0.1145663,-0.7424554,0.2684251,-0.6511348,0.6524844,0.2797064,
1,17,50.249,0.3362041,0.1145663,-0.7424554,0.2684251,-0.6511348,0.6524844,0.2797064,
1,17,50.251,0.3331748,0.107966,-0.7448463,0.2725721,-0.6516752,0.6513652,0.2770332,
1,17,50.253,0.3331748,0.107966,-0.7448463,0.2725721,-0.6516752,0.6513652,0.2770332,
1,17,50.255,0.3331748,0.107966,-0.7448463,0.2725721,-0.6516752,0.6513652,0.2770332,
1,17,50.257,0.3331748,0.107966,-0.7448463,0.2725721,-0.6516752,0.6513652,0.2770332,
1,17,50.259,0.3297183,0.1017103,-0.7467911,0.2755952,-0.6520028,0.6507195,0.27478,
1,17,50.261,0.3297183,0.1017103,-0.7467911,0.2755952,-0.6520028,0.6507195,0.27478,
1,17,50.263,0.3297183,0.1017103,-0.7467911,0.2755952,-0.6520028,0.6507195,0.27478,
1,17,50.265,0.3297183,0.1017103,-0.7467911,0.2755952,-0.6520028,0.6507195,0.27478,
1,17,50.267,0.3297183,0.1017103,-0.7467911,0.2755952,-0.6520028,0.6507195,0.27478,
1,17,50.269,0.3257539,0.09574581,-0.7481654,0.2766101,-0.6522495,0.6506772,0.2732704,
1,17,50.271,0.3257539,0.09574581,-0.7481654,0.2766101,-0.6522495,0.6506772,0.2732704,
1,17,50.273,0.3257539,0.09574581,-0.7481654,0.2766101,-0.6522495,0.6506772,0.2732704,
1,17,50.275,0.3257539,0.09574581,-0.7481654,0.2766101,-0.6522495,0.6506772,0.2732704,
1,17,50.277,0.3218537,0.09049092,-0.7491819,0.2765152,-0.6525921,0.6509063,0.2719999,
1,17,50.279,0.3218537,0.09049092,-0.7491819,0.2765152,-0.6525921,0.6509063,0.2719999,
1,17,50.281,0.3218537,0.09049092,-0.7491819,0.2765152,-0.6525921,0.6509063,0.2719999,
1,17,50.283,0.3218537,0.09049092,-0.7491819,0.2765152,-0.6525921,0.6509063,0.2719999,
1,17,50.285,0.3179221,0.08474095,-0.7496188,0.2750711,-0.6533802,0.6510558,0.2712132,
1,17,50.287,0.3179221,0.08474095,-0.7496188,0.2750711,-0.6533802,0.6510558,0.2712132,
1,17,50.289,0.3179221,0.08474095,-0.7496188,0.2750711,-0.6533802,0.6510558,0.2712132,
1,17,50.291,0.3179221,0.08474095,-0.7496188,0.2750711,-0.6533802,0.6510558,0.2712132,
1,17,50.293,0.3137284,0.07931048,-0.7493219,0.2721119,-0.6542604,0.6515992,0.270771,
1,17,50.295,0.3137284,0.07931048,-0.7493219,0.2721119,-0.6542604,0.6515992,0.270771,
1,17,50.297,0.3137284,0.07931048,-0.7493219,0.2721119,-0.6542604,0.6515992,0.270771,
1,17,50.299,0.3137284,0.07931048,-0.7493219,0.2721119,-0.6542604,0.6515992,0.270771,
1,17,50.301,0.3097822,0.07434215,-0.7486325,0.2676499,-0.6546224,0.6528344,0.2713677,
1,17,50.303,0.3097822,0.07434215,-0.7486325,0.2676499,-0.6546224,0.6528344,0.2713677,
1,17,50.305,0.3097822,0.07434215,-0.7486325,0.2676499,-0.6546224,0.6528344,0.2713677,
1,17,50.307,0.3097822,0.07434215,-0.7486325,0.2676499,-0.6546224,0.6528344,0.2713677,
1,17,50.309,0.3056888,0.06861671,-0.7472208,0.2611063,-0.6548862,0.6543791,0.2733778,
1,17,50.311,0.3056888,0.06861671,-0.7472208,0.2611063,-0.6548862,0.6543791,0.2733778,
1,17,50.313,0.3056888,0.06861671,-0.7472208,0.2611063,-0.6548862,0.6543791,0.2733778,
1,17,50.315,0.3056888,0.06861671,-0.7472208,0.2611063,-0.6548862,0.6543791,0.2733778,
1,17,50.317,0.3056888,0.06861671,-0.7472208,0.2611063,-0.6548862,0.6543791,0.2733778,
1,17,50.319,0.3023752,0.06339028,-0.7459339,0.2547646,-0.6545371,0.6561674,0.2758997,
1,17,50.321,0.3023752,0.06339028,-0.7459339,0.2547646,-0.6545371,0.6561674,0.2758997,
1,17,50.323,0.3023752,0.06339028,-0.7459339,0.2547646,-0.6545371,0.6561674,0.2758997,
1,17,50.325,0.3023752,0.06339028,-0.7459339,0.2547646,-0.6545371,0.6561674,0.2758997,
1,17,50.327,0.2997302,0.05848634,-0.7449908,0.2486247,-0.6534951,0.6582003,0.2791098,
1,17,50.329,0.2997302,0.05848634,-0.7449908,0.2486247,-0.6534951,0.6582003,0.2791098,
1,17,50.331,0.2997302,0.05848634,-0.7449908,0.2486247,-0.6534951,0.6582003,0.2791098,
1,17,50.333,0.2997302,0.05848634,-0.7449908,0.2486247,-0.6534951,0.6582003,0.2791098,
1,17,50.335,0.2978736,0.05483459,-0.7443475,0.24471,-0.6519407,0.6603985,0.2810057,
1,17,50.337,0.2978736,0.05483459,-0.7443475,0.24471,-0.6519407,0.6603985,0.2810057,
1,17,50.339,0.2978736,0.05483459,-0.7443475,0.24471,-0.6519407,0.6603985,0.2810057,
1,17,50.341,0.2978736,0.05483459,-0.7443475,0.24471,-0.6519407,0.6603985,0.2810057,
1,17,50.343,0.2975597,0.0519481,-0.7445929,0.2491056,-0.6528535,0.6595172,0.2770664,
1,17,50.345,0.2975597,0.0519481,-0.7445929,0.2491056,-0.6528535,0.6595172,0.2770664,
1,17,50.347,0.2975597,0.0519481,-0.7445929,0.2491056,-0.6528535,0.6595172,0.2770664,
1,17,50.349,0.2975597,0.0519481,-0.7445929,0.2491056,-0.6528535,0.6595172,0.2770664,
1,17,50.351,0.298571,0.05107445,-0.7453238,0.2640227,-0.6570429,0.6548467,0.2641261,
1,17,50.353,0.298571,0.05107445,-0.7453238,0.2640227,-0.6570429,0.6548467,0.2641261,
1,17,50.355,0.298571,0.05107445,-0.7453238,0.2640227,-0.6570429,0.6548467,0.2641261,
1,17,50.357,0.298571,0.05107445,-0.7453238,0.2640227,-0.6570429,0.6548467,0.2641261,
1,17,50.359,0.2997018,0.05047625,-0.7465284,0.2807392,-0.6618989,0.6484705,0.2501232,
1,17,50.361,0.2997018,0.05047625,-0.7465284,0.2807392,-0.6618989,0.6484705,0.2501232,
1,17,50.363,0.2997018,0.05047625,-0.7465284,0.2807392,-0.6618989,0.6484705,0.2501232,
1,17,50.365,0.2997018,0.05047625,-0.7465284,0.2807392,-0.6618989,0.6484705,0.2501232,
1,17,50.367,0.2997018,0.05047625,-0.7465284,0.2807392,-0.6618989,0.6484705,0.2501232,
1,17,50.369,0.3003587,0.05117425,-0.7472697,0.2885504,-0.6659578,0.6433519,0.2435926,
1,17,50.371,0.3003587,0.05117425,-0.7472697,0.2885504,-0.6659578,0.6433519,0.2435926,
1,17,50.373,0.3003587,0.05117425,-0.7472697,0.2885504,-0.6659578,0.6433519,0.2435926,
1,17,50.375,0.3003587,0.05117425,-0.7472697,0.2885504,-0.6659578,0.6433519,0.2435926,
1,17,50.377,0.3005942,0.05092501,-0.7474703,0.2896606,-0.6697227,0.6390504,0.2432755,
1,17,50.379,0.3005942,0.05092501,-0.7474703,0.2896606,-0.6697227,0.6390504,0.2432755,
1,17,50.381,0.3005942,0.05092501,-0.7474703,0.2896606,-0.6697227,0.6390504,0.2432755,
1,17,50.383,0.3005942,0.05092501,-0.7474703,0.2896606,-0.6697227,0.6390504,0.2432755,
1,17,50.385,0.3006637,0.05027139,-0.7473561,0.2886042,-0.6736189,0.634684,0.2451968,
1,17,50.387,0.3006637,0.05027139,-0.7473561,0.2886042,-0.6736189,0.634684,0.2451968,
1,17,50.389,0.3006637,0.05027139,-0.7473561,0.2886042,-0.6736189,0.634684,0.2451968,
1,17,50.391,0.3006637,0.05027139,-0.7473561,0.2886042,-0.6736189,0.634684,0.2451968,
1,17,50.393,0.3011175,0.04907545,-0.7471344,0.2875723,-0.6778753,0.6296962,0.2475279,
1,17,50.395,0.3011175,0.04907545,-0.7471344,0.2875723,-0.6778753,0.6296962,0.2475279,
1,17,50.397,0.3011175,0.04907545,-0.7471344,0.2875723,-0.6778753,0.6296962,0.2475279,
1,17,50.399,0.3011175,0.04907545,-0.7471344,0.2875723,-0.6778753,0.6296962,0.2475279,
1,17,50.401,0.3020256,0.0485255,-0.7468747,0.2866394,-0.6815233,0.6251988,0.2499805,
1,17,50.403,0.3020256,0.0485255,-0.7468747,0.2866394,-0.6815233,0.6251988,0.2499805,
1,17,50.405,0.3020256,0.0485255,-0.7468747,0.2866394,-0.6815233,0.6251988,0.2499805,
1,17,50.407,0.3020256,0.0485255,-0.7468747,0.2866394,-0.6815233,0.6251988,0.2499805,
1,17,50.409,0.302794,0.04689646,-0.7467532,0.2840889,-0.6844136,0.621493,0.2542007,
1,17,50.411,0.302794,0.04689646,-0.7467532,0.2840889,-0.6844136,0.621493,0.2542007,
1,17,50.413,0.302794,0.04689646,-0.7467532,0.2840889,-0.6844136,0.621493,0.2542007,
1,17,50.415,0.302794,0.04689646,-0.7467532,0.2840889,-0.6844136,0.621493,0.2542007,
1,17,50.417,0.302794,0.04689646,-0.7467532,0.2840889,-0.6844136,0.621493,0.2542007,
1,17,50.419,0.303998,0.04582759,-0.7467947,0.2816392,-0.6856263,0.6193437,0.258862,
1,17,50.421,0.303998,0.04582759,-0.7467947,0.2816392,-0.6856263,0.6193437,0.258862,
1,17,50.423,0.303998,0.04582759,-0.7467947,0.2816392,-0.6856263,0.6193437,0.258862,
1,17,50.425,0.303998,0.04582759,-0.7467947,0.2816392,-0.6856263,0.6193437,0.258862,
1,17,50.427,0.3058224,0.04557592,-0.7471226,0.2797529,-0.6847056,0.6191967,0.2636516,
1,17,50.429,0.3058224,0.04557592,-0.7471226,0.2797529,-0.6847056,0.6191967,0.2636516,
1,17,50.431,0.3058224,0.04557592,-0.7471226,0.2797529,-0.6847056,0.6191967,0.2636516,
1,17,50.433,0.3058224,0.04557592,-0.7471226,0.2797529,-0.6847056,0.6191967,0.2636516,
1,17,50.435,0.3085777,0.04624314,-0.7479479,0.2804472,-0.6820613,0.6203668,0.2669958,
1,17,50.437,0.3085777,0.04624314,-0.7479479,0.2804472,-0.6820613,0.6203668,0.2669958,
1,17,50.439,0.3085777,0.04624314,-0.7479479,0.2804472,-0.6820613,0.6203668,0.2669958,
1,17,50.441,0.3085777,0.04624314,-0.7479479,0.2804472,-0.6820613,0.6203668,0.2669958,
1,17,50.443,0.3118385,0.04696551,-0.7488843,0.2833665,-0.6785854,0.6222,0.2685005,
1,17,50.445,0.3118385,0.04696551,-0.7488843,0.2833665,-0.6785854,0.6222,0.2685005,
1,17,50.447,0.3118385,0.04696551,-0.7488843,0.2833665,-0.6785854,0.6222,0.2685005,
1,17,50.449,0.3118385,0.04696551,-0.7488843,0.2833665,-0.6785854,0.6222,0.2685005,
1,17,50.451,0.315723,0.04828106,-0.7499706,0.2902398,-0.6747696,0.6242039,0.2661131,
1,17,50.453,0.315723,0.04828106,-0.7499706,0.2902398,-0.6747696,0.6242039,0.2661131,
1,17,50.455,0.315723,0.04828106,-0.7499706,0.2902398,-0.6747696,0.6242039,0.2661131,
1,17,50.457,0.315723,0.04828106,-0.7499706,0.2902398,-0.6747696,0.6242039,0.2661131,
1,17,50.459,0.3198568,0.04934424,-0.7510535,0.2995845,-0.6708567,0.6261393,0.2610559,
1,17,50.461,0.3198568,0.04934424,-0.7510535,0.2995845,-0.6708567,0.6261393,0.2610559,
1,17,50.463,0.3198568,0.04934424,-0.7510535,0.2995845,-0.6708567,0.6261393,0.2610559,
1,17,50.465,0.3198568,0.04934424,-0.7510535,0.2995845,-0.6708567,0.6261393,0.2610559,
1,17,50.467,0.3198568,0.04934424,-0.7510535,0.2995845,-0.6708567,0.6261393,0.2610559,
1,17,50.469,0.3239624,0.05031668,-0.7521268,0.3105906,-0.6665648,0.6282622,0.253991,
1,17,50.471,0.3239624,0.05031668,-0.7521268,0.3105906,-0.6665648,0.6282622,0.253991,
1,17,50.473,0.3239624,0.05031668,-0.7521268,0.3105906,-0.6665648,0.6282622,0.253991,
1,17,50.475,0.3239624,0.05031668,-0.7521268,0.3105906,-0.6665648,0.6282622,0.253991,
1,17,50.477,0.3273462,0.05128196,-0.7531855,0.3122607,-0.6604208,0.6333276,0.2554094,
1,17,50.479,0.3273462,0.05128196,-0.7531855,0.3122607,-0.6604208,0.6333276,0.2554094,
1,17,50.481,0.3273462,0.05128196,-0.7531855,0.3122607,-0.6604208,0.6333276,0.2554094,
1,17,50.483,0.3273462,0.05128196,-0.7531855,0.3122607,-0.6604208,0.6333276,0.2554094,
1,17,50.485,0.3301226,0.0519813,-0.7537367,0.2955287,-0.6508968,0.6434932,0.2737017,
1,17,50.487,0.3301226,0.0519813,-0.7537367,0.2955287,-0.6508968,0.6434932,0.2737017,
1,17,50.489,0.3301226,0.0519813,-0.7537367,0.2955287,-0.6508968,0.6434932,0.2737017,
1,17,50.491,0.3301226,0.0519813,-0.7537367,0.2955287,-0.6508968,0.6434932,0.2737017,
1,17,50.493,0.3322469,0.05230832,-0.7538666,0.2851101,-0.647335,0.646875,0.2849957,
1,17,50.495,0.3322469,0.05230832,-0.7538666,0.2851101,-0.647335,0.646875,0.2849957,
1,17,50.497,0.3322469,0.05230832,-0.7538666,0.2851101,-0.647335,0.646875,0.2849957,
1,17,50.499,0.3322469,0.05230832,-0.7538666,0.2851101,-0.647335,0.646875,0.2849957,
1,17,50.501,0.3350412,0.05131479,-0.7539128,0.2833769,-0.6473438,0.6461952,0.288228,
1,17,50.503,0.3350412,0.05131479,-0.7539128,0.2833769,-0.6473438,0.6461952,0.288228,
1,17,50.505,0.3350412,0.05131479,-0.7539128,0.2833769,-0.6473438,0.6461952,0.288228,
1,17,50.507,0.3350412,0.05131479,-0.7539128,0.2833769,-0.6473438,0.6461952,0.288228,
1,17,50.509,0.3381341,0.04945392,-0.75434,0.285821,-0.6475711,0.6452631,0.2873909,
1,17,50.511,0.3381341,0.04945392,-0.75434,0.285821,-0.6475711,0.6452631,0.2873909,
1,17,50.513,0.3381341,0.04945392,-0.75434,0.285821,-0.6475711,0.6452631,0.2873909,
1,17,50.515,0.3381341,0.04945392,-0.75434,0.285821,-0.6475711,0.6452631,0.2873909,
1,17,50.517,0.3381341,0.04945392,-0.75434,0.285821,-0.6475711,0.6452631,0.2873909,
1,17,50.519,0.3411324,0.04799338,-0.7553754,0.2939146,-0.6495005,0.6421908,0.2816991,
1,17,50.521,0.3411324,0.04799338,-0.7553754,0.2939146,-0.6495005,0.6421908,0.2816991,
1,17,50.523,0.3411324,0.04799338,-0.7553754,0.2939146,-0.6495005,0.6421908,0.2816991,
1,17,50.525,0.3411324,0.04799338,-0.7553754,0.2939146,-0.6495005,0.6421908,0.2816991,
1,17,50.527,0.3439181,0.0469616,-0.7567865,0.3040781,-0.6533962,0.6366135,0.2744688,
1,17,50.529,0.3439181,0.0469616,-0.7567865,0.3040781,-0.6533962,0.6366135,0.2744688,
1,17,50.531,0.3439181,0.0469616,-0.7567865,0.3040781,-0.6533962,0.6366135,0.2744688,
1,17,50.533,0.3439181,0.0469616,-0.7567865,0.3040781,-0.6533962,0.6366135,0.2744688,
1,17,50.535,0.3457406,0.04656063,-0.758226,0.3073983,-0.6544159,0.6344109,0.2734392,
1,17,50.537,0.3457406,0.04656063,-0.758226,0.3073983,-0.6544159,0.6344109,0.2734392,
1,17,50.539,0.3457406,0.04656063,-0.758226,0.3073983,-0.6544159,0.6344109,0.2734392,
1,17,50.541,0.3457406,0.04656063,-0.758226,0.3073983,-0.6544159,0.6344109,0.2734392,
1,17,50.543,0.3474208,0.04624755,-0.759746,0.3046537,-0.6521071,0.6360101,0.2782691,
1,17,50.545,0.3474208,0.04624755,-0.759746,0.3046537,-0.6521071,0.6360101,0.2782691,
1,17,50.547,0.3474208,0.04624755,-0.759746,0.3046537,-0.6521071,0.6360101,0.2782691,
1,17,50.549,0.3474208,0.04624755,-0.759746,0.3046537,-0.6521071,0.6360101,0.2782691,
1,17,50.551,0.3494791,0.04551644,-0.7617279,0.2993932,-0.6492523,0.6379831,0.2860294,
1,17,50.553,0.3494791,0.04551644,-0.7617279,0.2993932,-0.6492523,0.6379831,0.2860294,
1,17,50.555,0.3494791,0.04551644,-0.7617279,0.2993932,-0.6492523,0.6379831,0.2860294,
1,17,50.557,0.3494791,0.04551644,-0.7617279,0.2993932,-0.6492523,0.6379831,0.2860294,
1,17,50.559,0.3514634,0.04379966,-0.7635096,0.2968799,-0.6485127,0.6375198,0.2913108,
1,17,50.561,0.3514634,0.04379966,-0.7635096,0.2968799,-0.6485127,0.6375198,0.2913108,
1,17,50.563,0.3514634,0.04379966,-0.7635096,0.2968799,-0.6485127,0.6375198,0.2913108,
1,17,50.565,0.3514634,0.04379966,-0.7635096,0.2968799,-0.6485127,0.6375198,0.2913108,
1,17,50.567,0.3514634,0.04379966,-0.7635096,0.2968799,-0.6485127,0.6375198,0.2913108,
1,17,50.569,0.3536628,0.0417088,-0.7651029,0.300185,-0.6492792,0.6352746,0.2911213,
1,17,50.571,0.3536628,0.0417088,-0.7651029,0.300185,-0.6492792,0.6352746,0.2911213,
1,17,50.573,0.3536628,0.0417088,-0.7651029,0.300185,-0.6492792,0.6352746,0.2911213,
1,17,50.575,0.3536628,0.0417088,-0.7651029,0.300185,-0.6492792,0.6352746,0.2911213,
1,17,50.577,0.3548383,0.04088661,-0.7660325,0.305367,-0.6508964,0.6326982,0.2877115,
1,17,50.579,0.3548383,0.04088661,-0.7660325,0.305367,-0.6508964,0.6326982,0.2877115,
1,17,50.581,0.3548383,0.04088661,-0.7660325,0.305367,-0.6508964,0.6326982,0.2877115,
1,17,50.583,0.3548383,0.04088661,-0.7660325,0.305367,-0.6508964,0.6326982,0.2877115,
1,17,50.585,0.355136,0.0413598,-0.7664436,0.3064439,-0.6511573,0.6321954,0.2870809,
1,17,50.587,0.355136,0.0413598,-0.7664436,0.3064439,-0.6511573,0.6321954,0.2870809,
1,17,50.589,0.355136,0.0413598,-0.7664436,0.3064439,-0.6511573,0.6321954,0.2870809,
1,17,50.591,0.355136,0.0413598,-0.7664436,0.3064439,-0.6511573,0.6321954,0.2870809,
1,17,50.593,0.356102,0.04098366,-0.7676437,0.3054536,-0.6502491,0.6325384,0.2894295,
1,17,50.595,0.356102,0.04098366,-0.7676437,0.3054536,-0.6502491,0.6325384,0.2894295,
1,17,50.597,0.356102,0.04098366,-0.7676437,0.3054536,-0.6502491,0.6325384,0.2894295,
1,17,50.599,0.356102,0.04098366,-0.7676437,0.3054536,-0.6502491,0.6325384,0.2894295,
1,17,50.601,0.3571896,0.04105517,-0.7688599,0.304321,-0.6491241,0.6330016,0.2921227,
1,17,50.603,0.3571896,0.04105517,-0.7688599,0.304321,-0.6491241,0.6330016,0.2921227,
1,17,50.605,0.3571896,0.04105517,-0.7688599,0.304321,-0.6491241,0.6330016,0.2921227,
1,17,50.607,0.3571896,0.04105517,-0.7688599,0.304321,-0.6491241,0.6330016,0.2921227,
1,17,50.609,0.3579501,0.04102707,-0.7697333,0.3049082,-0.6488344,0.6327649,0.2926661,
1,17,50.611,0.3579501,0.04102707,-0.7697333,0.3049082,-0.6488344,0.6327649,0.2926661,
1,17,50.613,0.3579501,0.04102707,-0.7697333,0.3049082,-0.6488344,0.6327649,0.2926661,
1,17,50.615,0.3579501,0.04102707,-0.7697333,0.3049082,-0.6488344,0.6327649,0.2926661,
1,17,50.617,0.3579501,0.04102707,-0.7697333,0.3049082,-0.6488344,0.6327649,0.2926661,
1,17,50.619,0.3583306,0.0409518,-0.7701969,0.3060663,-0.6490045,0.6322696,0.2921504,
1,17,50.621,0.3583306,0.0409518,-0.7701969,0.3060663,-0.6490045,0.6322696,0.2921504,
1,17,50.623,0.3583306,0.0409518,-0.7701969,0.3060663,-0.6490045,0.6322696,0.2921504,
1,17,50.625,0.3583306,0.0409518,-0.7701969,0.3060663,-0.6490045,0.6322696,0.2921504,
1,17,50.627,0.3585292,0.04097252,-0.7704139,0.3064208,-0.6490495,0.6320787,0.2920918,
1,17,50.629,0.3585292,0.04097252,-0.7704139,0.3064208,-0.6490495,0.6320787,0.2920918,
1,17,50.631,0.3585292,0.04097252,-0.7704139,0.3064208,-0.6490495,0.6320787,0.2920918,
1,17,50.633,0.3585292,0.04097252,-0.7704139,0.3064208,-0.6490495,0.6320787,0.2920918,
1,17,50.635,0.3591013,0.04089321,-0.77097,0.3059592,-0.648593,0.6322399,0.2932386,
1,17,50.637,0.3591013,0.04089321,-0.77097,0.3059592,-0.648593,0.6322399,0.2932386,
1,17,50.639,0.3591013,0.04089321,-0.77097,0.3059592,-0.648593,0.6322399,0.2932386,
1,17,50.641,0.3591013,0.04089321,-0.77097,0.3059592,-0.648593,0.6322399,0.2932386,
1,17,50.643,0.3602561,0.04114252,-0.771915,0.306201,-0.6480601,0.6321722,0.2943085,
1,17,50.645,0.3602561,0.04114252,-0.771915,0.306201,-0.6480601,0.6321722,0.2943085,
1,17,50.647,0.3602561,0.04114252,-0.771915,0.306201,-0.6480601,0.6321722,0.2943085,
1,17,50.649,0.3602561,0.04114252,-0.771915,0.306201,-0.6480601,0.6321722,0.2943085,
1,17,50.651,0.3621745,0.04127463,-0.7734051,0.3075258,-0.6475981,0.6315957,0.2951803,
1,17,50.653,0.3621745,0.04127463,-0.7734051,0.3075258,-0.6475981,0.6315957,0.2951803,
1,17,50.655,0.3621745,0.04127463,-0.7734051,0.3075258,-0.6475981,0.6315957,0.2951803,
1,17,50.657,0.3621745,0.04127463,-0.7734051,0.3075258,-0.6475981,0.6315957,0.2951803,
1,17,50.659,0.3648876,0.04130401,-0.7750512,0.3090225,-0.6470599,0.6308157,0.2964628,
1,17,50.661,0.3648876,0.04130401,-0.7750512,0.3090225,-0.6470599,0.6308157,0.2964628,
1,17,50.663,0.3648876,0.04130401,-0.7750512,0.3090225,-0.6470599,0.6308157,0.2964628,
1,17,50.665,0.3648876,0.04130401,-0.7750512,0.3090225,-0.6470599,0.6308157,0.2964628,
1,17,50.667,0.3648876,0.04130401,-0.7750512,0.3090225,-0.6470599,0.6308157,0.2964628,
1,17,50.669,0.3682241,0.04171082,-0.7761307,0.3102563,-0.6460891,0.6304478,0.2980696,
1,17,50.671,0.3682241,0.04171082,-0.7761307,0.3102563,-0.6460891,0.6304478,0.2980696,
1,17,50.673,0.3682241,0.04171082,-0.7761307,0.3102563,-0.6460891,0.6304478,0.2980696,
1,17,50.675,0.3682241,0.04171082,-0.7761307,0.3102563,-0.6460891,0.6304478,0.2980696,
1,17,50.677,0.3726109,0.04212489,-0.7772532,0.3118129,-0.6449351,0.6298639,0.3001716,
1,17,50.679,0.3726109,0.04212489,-0.7772532,0.3118129,-0.6449351,0.6298639,0.3001716,
1,17,50.681,0.3726109,0.04212489,-0.7772532,0.3118129,-0.6449351,0.6298639,0.3001716,
1,17,50.683,0.3726109,0.04212489,-0.7772532,0.3118129,-0.6449351,0.6298639,0.3001716,
1,17,50.685,0.3773814,0.0425364,-0.778124,0.3138551,-0.6438904,0.6291834,0.3017092,
1,17,50.687,0.3773814,0.0425364,-0.778124,0.3138551,-0.6438904,0.6291834,0.3017092,
1,17,50.689,0.3773814,0.0425364,-0.778124,0.3138551,-0.6438904,0.6291834,0.3017092,
1,17,50.691,0.3773814,0.0425364,-0.778124,0.3138551,-0.6438904,0.6291834,0.3017092,
1,17,50.693,0.382457,0.04258831,-0.7787192,0.317154,-0.643648,0.6275016,0.3022786,
1,17,50.695,0.382457,0.04258831,-0.7787192,0.317154,-0.643648,0.6275016,0.3022786,
1,17,50.697,0.382457,0.04258831,-0.7787192,0.317154,-0.643648,0.6275016,0.3022786,
1,17,50.699,0.382457,0.04258831,-0.7787192,0.317154,-0.643648,0.6275016,0.3022786,
1,17,50.701,0.3873304,0.04282062,-0.778934,0.3206979,-0.6435956,0.625905,0.3019611,
1,17,50.703,0.3873304,0.04282062,-0.778934,0.3206979,-0.6435956,0.625905,0.3019611,
1,17,50.705,0.3873304,0.04282062,-0.778934,0.3206979,-0.6435956,0.625905,0.3019611,
1,17,50.707,0.3873304,0.04282062,-0.778934,0.3206979,-0.6435956,0.625905,0.3019611,
1,17,50.709,0.3918571,0.04236768,-0.7788137,0.3235427,-0.6440841,0.6240555,0.3017128,
1,17,50.711,0.3918571,0.04236768,-0.7788137,0.3235427,-0.6440841,0.6240555,0.3017128,
1,17,50.713,0.3918571,0.04236768,-0.7788137,0.3235427,-0.6440841,0.6240555,0.3017128,
1,17,50.715,0.3918571,0.04236768,-0.7788137,0.3235427,-0.6440841,0.6240555,0.3017128,
1,17,50.717,0.3918571,0.04236768,-0.7788137,0.3235427,-0.6440841,0.6240555,0.3017128,
1,17,50.719,0.3947113,0.04172484,-0.7783112,0.3232575,-0.6437553,0.6239148,0.3030085,
1,17,50.721,0.3947113,0.04172484,-0.7783112,0.3232575,-0.6437553,0.6239148,0.3030085,
1,17,50.723,0.3947113,0.04172484,-0.7783112,0.3232575,-0.6437553,0.6239148,0.3030085,
1,17,50.725,0.3947113,0.04172484,-0.7783112,0.3232575,-0.6437553,0.6239148,0.3030085,
1,17,50.727,0.3956633,0.04128993,-0.7773721,0.320942,-0.6429557,0.6249614,0.3050041,
1,17,50.729,0.3956633,0.04128993,-0.7773721,0.320942,-0.6429557,0.6249614,0.3050041,
1,17,50.731,0.3956633,0.04128993,-0.7773721,0.320942,-0.6429557,0.6249614,0.3050041,
1,17,50.733,0.3956633,0.04128993,-0.7773721,0.320942,-0.6429557,0.6249614,0.3050041,
1,17,50.735,0.3955056,0.04114846,-0.776973,0.3190817,-0.6423154,0.6258074,0.3065665,
1,17,50.737,0.3955056,0.04114846,-0.776973,0.3190817,-0.6423154,0.6258074,0.3065665,
1,17,50.739,0.3955056,0.04114846,-0.776973,0.3190817,-0.6423154,0.6258074,0.3065665,
1,17,50.741,0.3955056,0.04114846,-0.776973,0.3190817,-0.6423154,0.6258074,0.3065665,
1,17,50.743,0.3953087,0.04107937,-0.7768956,0.3187041,-0.6422465,0.6259684,0.3067749,
1,17,50.745,0.3953087,0.04107937,-0.7768956,0.3187041,-0.6422465,0.6259684,0.3067749,
1,17,50.747,0.3953087,0.04107937,-0.7768956,0.3187041,-0.6422465,0.6259684,0.3067749,
1,17,50.749,0.3953087,0.04107937,-0.7768956,0.3187041,-0.6422465,0.6259684,0.3067749,
1,17,50.751,0.395348,0.04111513,-0.7770189,0.3196227,-0.6426057,0.625542,0.3059354,
1,17,50.753,0.395348,0.04111513,-0.7770189,0.3196227,-0.6426057,0.625542,0.3059354,
1,17,50.755,0.395348,0.04111513,-0.7770189,0.3196227,-0.6426057,0.625542,0.3059354,CourtEnter
1,17,50.757,0.395348,0.04111513,-0.7770189,0.3196227,-0.6426057,0.625542,0.3059354,
1,17,50.759,0.3952875,0.04119033,-0.7770377,0.3206985,-0.6430922,0.6250135,0.3048658,
1,17,50.761,0.3952875,0.04119033,-0.7770377,0.3206985,-0.6430922,0.6250135,0.3048658,
1,17,50.763,0.3952875,0.04119033,-0.7770377,0.3206985,-0.6430922,0.6250135,0.3048658,
1,17,50.765,0.3952875,0.04119033,-0.7770377,0.3206985,-0.6430922,0.6250135,0.3048658,
1,17,50.767,0.3952875,0.04119033,-0.7770377,0.3206985,-0.6430922,0.6250135,0.3048658,CourtExit
1,17,50.769,0.3953034,0.04131686,-0.7769573,0.321255,-0.64332,0.6248441,0.3041457,
1,17,50.771,0.3953034,0.04131686,-0.7769573,0.321255,-0.64332,0.6248441,0.3041457,
1,17,50.773,0.3953034,0.04131686,-0.7769573,0.321255,-0.64332,0.6248441,0.3041457,
1,17,50.775,0.3953034,0.04131686,-0.7769573,0.321255,-0.64332,0.6248441,0.3041457,
1,17,50.777,0.3952326,0.04120761,-0.7769134,0.3213247,-0.6434476,0.624726,0.3040447,
1,17,50.779,0.3952326,0.04120761,-0.7769134,0.3213247,-0.6434476,0.624726,0.3040447,
1,17,50.781,0.3952326,0.04120761,-0.7769134,0.3213247,-0.6434476,0.624726,0.3040447,
1,17,50.783,0.3952326,0.04120761,-0.7769134,0.3213247,-0.6434476,0.624726,0.3040447,
1,17,50.785,0.39517,0.04135536,-0.7768097,0.3208492,-0.6432174,0.6250721,0.3043223,
1,17,50.787,0.39517,0.04135536,-0.7768097,0.3208492,-0.6432174,0.6250721,0.3043223,
1,17,50.789,0.39517,0.04135536,-0.7768097,0.3208492,-0.6432174,0.6250721,0.3043223,
1,17,50.791,0.39517,0.04135536,-0.7768097,0.3208492,-0.6432174,0.6250721,0.3043223,
1,17,50.793,0.3951506,0.04131673,-0.7767918,0.3200343,-0.6429043,0.6254568,0.3050509,
1,17,50.795,0.3951506,0.04131673,-0.7767918,0.3200343,-0.6429043,0.6254568,0.3050509,
1,17,50.797,0.3951506,0.04131673,-0.7767918,0.3200343,-0.6429043,0.6254568,0.3050509,
1,17,50.799,0.3951506,0.04131673,-0.7767918,0.3200343,-0.6429043,0.6254568,0.3050509,
1,17,50.801,0.395171,0.04129438,-0.7768406,0.31916,-0.6424534,0.6258925,0.3060216,
1,17,50.803,0.395171,0.04129438,-0.7768406,0.31916,-0.6424534,0.6258925,0.3060216,
1,17,50.805,0.395171,0.04129438,-0.7768406,0.31916,-0.6424534,0.6258925,0.3060216,
1,17,50.807,0.395171,0.04129438,-0.7768406,0.31916,-0.6424534,0.6258925,0.3060216,
1,17,50.809,0.3951399,0.04128071,-0.7768319,0.3185054,-0.642174,0.6261833,0.3066944,
1,17,50.811,0.3951399,0.04128071,-0.7768319,0.3185054,-0.642174,0.6261833,0.3066944,
1,17,50.813,0.3951399,0.04128071,-0.7768319,0.3185054,-0.642174,0.6261833,0.3066944,
1,17,50.815,0.3951399,0.04128071,-0.7768319,0.3185054,-0.642174,0.6261833,0.3066944,
1,17,50.817,0.3951399,0.04128071,-0.7768319,0.3185054,-0.642174,0.6261833,0.3066944,
1,17,50.819,0.3950817,0.04131551,-0.7767327,0.3186102,-0.6422306,0.62617,0.3064941,
1,17,50.821,0.3950817,0.04131551,-0.7767327,0.3186102,-0.6422306,0.62617,0.3064941,
1,17,50.823,0.3950817,0.04131551,-0.7767327,0.3186102,-0.6422306,0.62617,0.3064941,
1,17,50.825,0.3950817,0.04131551,-0.7767327,0.3186102,-0.6422306,0.62617,0.3064941,
1,17,50.827,0.3951652,0.04130581,-0.7768248,0.3191462,-0.6424447,0.6259295,0.3059784,
1,17,50.829,0.3951652,0.04130581,-0.7768248,0.3191462,-0.6424447,0.6259295,0.3059784,
1,17,50.831,0.3951652,0.04130581,-0.7768248,0.3191462,-0.6424447,0.6259295,0.3059784,
1,17,50.833,0.3951652,0.04130581,-0.7768248,0.3191462,-0.6424447,0.6259295,0.3059784,
1,17,50.835,0.3951972,0.0413238,-0.7768775,0.3197104,-0.6426649,0.6256332,0.3055329,
1,17,50.837,0.3951972,0.0413238,-0.7768775,0.3197104,-0.6426649,0.6256332,0.3055329,
1,17,50.839,0.3951972,0.0413238,-0.7768775,0.3197104,-0.6426649,0.6256332,0.3055329,
1,17,50.841,0.3951972,0.0413238,-0.7768775,0.3197104,-0.6426649,0.6256332,0.3055329,
1,17,50.843,0.3952032,0.04120554,-0.7769194,0.32009,-0.6429216,0.6253511,0.3051723,
1,17,50.845,0.3952032,0.04120554,-0.7769194,0.32009,-0.6429216,0.6253511,0.3051723,
1,17,50.847,0.3952032,0.04120554,-0.7769194,0.32009,-0.6429216,0.6253511,0.3051723,
1,17,50.849,0.3952032,0.04120554,-0.7769194,0.32009,-0.6429216,0.6253511,0.3051723,
1,17,50.851,0.3950745,0.04128829,-0.7767265,0.3202572,-0.6430537,0.6253228,0.3047768,
1,17,50.853,0.3950745,0.04128829,-0.7767265,0.3202572,-0.6430537,0.6253228,0.3047768,
1,17,50.855,0.3950745,0.04128829,-0.7767265,0.3202572,-0.6430537,0.6253228,0.3047768,
1,17,50.857,0.3950745,0.04128829,-0.7767265,0.3202572,-0.6430537,0.6253228,0.3047768,
1,17,50.859,0.3951356,0.04135847,-0.7767892,0.3203927,-0.6429668,0.6253325,0.3047978,
1,17,50.861,0.3951356,0.04135847,-0.7767892,0.3203927,-0.6429668,0.6253325,0.3047978,
1,17,50.863,0.3951356,0.04135847,-0.7767892,0.3203927,-0.6429668,0.6253325,0.3047978,
1,17,50.865,0.3951356,0.04135847,-0.7767892,0.3203927,-0.6429668,0.6253325,0.3047978,
1,17,50.867,0.3951356,0.04135847,-0.7767892,0.3203927,-0.6429668,0.6253325,0.3047978,
1,17,50.869,0.3951272,0.04136239,-0.7768355,0.3203034,-0.6429338,0.6253504,0.3049241,
1,17,50.871,0.3951272,0.04136239,-0.7768355,0.3203034,-0.6429338,0.6253504,0.3049241,
1,17,50.873,0.3951272,0.04136239,-0.7768355,0.3203034,-0.6429338,0.6253504,0.3049241,
1,17,50.875,0.3951272,0.04136239,-0.7768355,0.3203034,-0.6429338,0.6253504,0.3049241,
1,17,50.877,0.3951315,0.04134376,-0.7767808,0.3199869,-0.6428555,0.6255134,0.3050872,
1,17,50.879,0.3951315,0.04134376,-0.7767808,0.3199869,-0.6428555,0.6255134,0.3050872,
1,17,50.881,0.3951315,0.04134376,-0.7767808,0.3199869,-0.6428555,0.6255134,0.3050872,
1,17,50.883,0.3951315,0.04134376,-0.7767808,0.3199869,-0.6428555,0.6255134,0.3050872,
1,17,50.885,0.3951949,0.04131382,-0.7768419,0.3197134,-0.6427137,0.6256328,0.3054278,
1,17,50.887,0.3951949,0.04131382,-0.7768419,0.3197134,-0.6427137,0.6256328,0.3054278,
1,17,50.889,0.3951949,0.04131382,-0.7768419,0.3197134,-0.6427137,0.6256328,0.3054278,
1,17,50.891,0.3951949,0.04131382,-0.7768419,0.3197134,-0.6427137,0.6256328,0.3054278,
1,17,50.893,0.3950829,0.04127615,-0.7767448,0.3192283,-0.6425369,0.6258667,0.3058279,
1,17,50.895,0.3950829,0.04127615,-0.7767448,0.3192283,-0.6425369,0.6258667,0.3058279,
1,17,50.897,0.3950829,0.04127615,-0.7767448,0.3192283,-0.6425369,0.6258667,0.3058279,
1,17,50.899,0.3950829,0.04127615,-0.7767448,0.3192283,-0.6425369,0.6258667,0.3058279,
1,17,50.901,0.3950359,0.04126161,-0.7766856,0.3188561,-0.6424042,0.6260422,0.3061351,
1,17,50.903,0.3950359,0.04126161,-0.7766856,0.3188561,-0.6424042,0.6260422,0.3061351,
1,17,50.905,0.3950359,0.04126161,-0.7766856,0.3188561,-0.6424042,0.6260422,0.3061351,
1,17,50.907,0.3950359,0.04126161,-0.7766856,0.3188561,-0.6424042,0.6260422,0.3061351,
1,17,50.909,0.3950532,0.04133229,-0.7767144,0.3187307,-0.6422889,0.6261424,0.3063028,
1,17,50.911,0.3950532,0.04133229,-0.7767144,0.3187307,-0.6422889,0.6261424,0.3063028,
1,17,50.913,0.3950532,0.04133229,-0.7767144,0.3187307,-0.6422889,0.6261424,0.3063028,
1,17,50.915,0.3950532,0.04133229,-0.7767144,0.3187307,-0.6422889,0.6261424,0.3063028,
1,17,50.917,0.3950532,0.04133229,-0.7767144,0.3187307,-0.6422889,0.6261424,0.3063028,
1,17,50.919,0.3951222,0.04114852,-0.7768359,0.3188882,-0.6423852,0.6259586,0.3063125,
1,17,50.921,0.3951222,0.04114852,-0.7768359,0.3188882,-0.6423852,0.6259586,0.3063125,
1,17,50.923,0.3951222,0.04114852,-0.7768359,0.3188882,-0.6423852,0.6259586,0.3063125,
1,17,50.925,0.3951222,0.04114852,-0.7768359,0.3188882,-0.6423852,0.6259586,0.3063125,
1,17,50.927,0.3951789,0.04113186,-0.7768786,0.3191797,-0.6424742,0.6258085,0.3061291,
1,17,50.929,0.3951789,0.04113186,-0.7768786,0.3191797,-0.6424742,0.6258085,0.3061291,
1,17,50.931,0.3951789,0.04113186,-0.7768786,0.3191797,-0.6424742,0.6258085,0.3061291,
1,17,50.933,0.3951789,0.04113186,-0.7768786,0.3191797,-0.6424742,0.6258085,0.3061291,
1,17,50.935,0.3952096,0.041355,-0.7768331,0.319484,-0.642489,0.625819,0.305759,
1,17,50.937,0.3952096,0.041355,-0.7768331,0.319484,-0.642489,0.625819,0.305759,
1,17,50.939,0.3952096,0.041355,-0.7768331,0.319484,-0.642489,0.625819,0.305759,
1,17,50.941,0.3952096,0.041355,-0.7768331,0.319484,-0.642489,0.625819,0.305759,
1,17,50.943,0.3951342,0.04131457,-0.776733,0.3196168,-0.6426416,0.6256994,0.305544,
1,17,50.945,0.3951342,0.04131457,-0.776733,0.3196168,-0.6426416,0.6256994,0.305544,
1,17,50.947,0.3951342,0.04131457,-0.776733,0.3196168,-0.6426416,0.6256994,0.305544,
1,17,50.949,0.3951342,0.04131457,-0.776733,0.3196168,-0.6426416,0.6256994,0.305544,
1,17,50.951,0.3951707,0.04125063,-0.7767542,0.3197888,-0.6427591,0.6255758,0.3053699,
1,17,50.953,0.3951707,0.04125063,-0.7767542,0.3197888,-0.6427591,0.6255758,0.3053699,
1,17,50.955,0.3951707,0.04125063,-0.7767542,0.3197888,-0.6427591,0.6255758,0.3053699,
1,17,50.957,0.3951707,0.04125063,-0.7767542,0.3197888,-0.6427591,0.6255758,0.3053699,
1,17,50.959,0.3951232,0.04125195,-0.7767878,0.3198588,-0.6428049,0.6255301,0.3052936,
1,17,50.961,0.3951232,0.04125195,-0.7767878,0.3198588,-0.6428049,0.6255301,0.3052936,
1,17,50.963,0.3951232,0.04125195,-0.7767878,0.3198588,-0.6428049,0.6255301,0.3052936,
1,17,50.965,0.3951232,0.04125195,-0.7767878,0.3198588,-0.6428049,0.6255301,0.3052936,
1,17,50.967,0.3951232,0.04125195,-0.7767878,0.3198588,-0.6428049,0.6255301,0.3052936,
1,17,50.969,0.3951765,0.04121327,-0.7768095,0.3198321,-0.6427974,0.6255004,0.3053985,
1,17,50.971,0.3951765,0.04121327,-0.7768095,0.3198321,-0.6427974,0.6255004,0.3053985,
1,17,50.973,0.3951765,0.04121327,-0.7768095,0.3198321,-0.6427974,0.6255004,0.3053985,
1,17,50.975,0.3951765,0.04121327,-0.7768095,0.3198321,-0.6427974,0.6255004,0.3053985,
1,17,50.977,0.3952088,0.04127054,-0.7768313,0.3198206,-0.6426827,0.6255828,0.3054831,
1,17,50.979,0.3952088,0.04127054,-0.7768313,0.3198206,-0.6426827,0.6255828,0.3054831,
1,17,50.981,0.3952088,0.04127054,-0.7768313,0.3198206,-0.6426827,0.6255828,0.3054831,
1,17,50.983,0.3952088,0.04127054,-0.7768313,0.3198206,-0.6426827,0.6255828,0.3054831,
1,17,50.985,0.3951505,0.04110993,-0.776868,0.319647,-0.6427526,0.6255218,0.3056425,
1,17,50.987,0.3951505,0.04110993,-0.776868,0.319647,-0.6427526,0.6255218,0.3056425,
1,17,50.989,0.3951505,0.04110993,-0.776868,0.319647,-0.6427526,0.6255218,0.3056425,
1,17,50.991,0.3951505,0.04110993,-0.776868,0.319647,-0.6427526,0.6255218,0.3056425,
1,17,50.993,0.395217,0.0412095,-0.7768488,0.3194361,-0.6426063,0.6257244,0.3057565,
1,17,50.995,0.395217,0.0412095,-0.7768488,0.3194361,-0.6426063,0.6257244,0.3057565,
1,17,50.997,0.395217,0.0412095,-0.7768488,0.3194361,-0.6426063,0.6257244,0.3057565,
1,17,50.999,0.395217,0.0412095,-0.7768488,0.3194361,-0.6426063,0.6257244,0.3057565,
1,18,51.001,0.3951881,0.04128875,-0.776915,0.3193629,-0.6424956,0.625784,0.3059434,CourtExit
1,18,51.003,0.3951881,0.04128875,-0.776915,0.3193629,-0.6424956,0.625784,0.3059434,
1,18,51.005,0.3951881,0.04128875,-0.776915,0.3193629,-0.6424956,0.625784,0.3059434,
1,18,51.007,0.3951881,0.04128875,-0.776915,0.3193629,-0.6424956,0.625784,0.3059434,
1,18,51.009,0.3951789,0.04131411,-0.7767651,0.3191296,-0.642395,0.6259701,0.306017,
1,18,51.011,0.3951789,0.04131411,-0.7767651,0.3191296,-0.642395,0.6259701,0.306017,
1,18,51.013,0.3951789,0.04131411,-0.7767651,0.3191296,-0.642395,0.6259701,0.306017,
1,18,51.015,0.3951789,0.04131411,-0.7767651,0.3191296,-0.642395,0.6259701,0.306017,
1,18,51.017,0.3951789,0.04131411,-0.7767651,0.3191296,-0.642395,0.6259701,0.306017,
1,18,51.019,0.3951619,0.04135985,-0.7767458,0.3190078,-0.6422937,0.6260661,0.30616,
1,18,51.021,0.3951619,0.04135985,-0.7767458,0.3190078,-0.6422937,0.6260661,0.30616,
1,18,51.023,0.3951619,0.04135985,-0.7767458,0.3190078,-0.6422937,0.6260661,0.30616,
1,18,51.025,0.3951619,0.04135985,-0.7767458,0.3190078,-0.6422937,0.6260661,0.30616,
1,18,51.027,0.3952494,0.04129003,-0.7768753,0.3190482,-0.6423084,0.6259927,0.3062375,
1,18,51.029,0.3952494,0.04129003,-0.7768753,0.3190482,-0.6423084,0.6259927,0.3062375,
1,18,51.031,0.3952494,0.04129003,-0.7768753,0.3190482,-0.6423084,0.6259927,0.3062375,
1,18,51.033,0.3952494,0.04129003,-0.7768753,0.3190482,-0.6423084,0.6259927,0.3062375,
1,18,51.035,0.3952459,0.04120962,-0.7769012,0.3191485,-0.6423914,0.6258801,0.3061889,
1,18,51.037,0.3952459,0.04120962,-0.7769012,0.3191485,-0.6423914,0.6258801,0.3061889,
1,18,51.039,0.3952459,0.04120962,-0.7769012,0.3191485,-0.6423914,0.6258801,0.3061889,
1,18,51.041,0.3952459,0.04120962,-0.7769012,0.3191485,-0.6423914,0.6258801,0.3061889,
1,18,51.043,0.3952181,0.04123226,-0.7768267,0.3192524,-0.6424598,0.6258535,0.3059913,
1,18,51.045,0.3952181,0.04123226,-0.7768267,0.3192524,-0.6424598,0.6258535,0.3059913,
1,18,51.047,0.3952181,0.04123226,-0.7768267,0.3192524,-0.6424598,0.6258535,0.3059913,
1,18,51.049,0.3952181,0.04123226,-0.7768267,0.3192524,-0.6424598,0.6258535,0.3059913,
1,18,51.051,0.3951831,0.04113232,-0.7768748,0.3194185,-0.6426191,0.6256704,0.305858,
1,18,51.053,0.3951831,0.04113232,-0.7768748,0.3194185,-0.6426191,0.6256704,0.305858,
1,18,51.055,0.3951831,0.04113232,-0.7768748,0.3194185,-0.6426191,0.6256704,0.305858,
1,18,51.057,0.3951831,0.04113232,-0.7768748,0.3194185,-0.6426191,0.6256704,0.305858,
1,18,51.059,0.3951908,0.04122528,-0.7767971,0.3194474,-0.6426027,0.6257342,0.3057317,
1,18,51.061,0.3951908,0.04122528,-0.7767971,0.3194474,-0.6426027,0.6257342,0.3057317,
1,18,51.063,0.3951908,0.04122528,-0.7767971,0.3194474,-0.6426027,0.6257342,0.3057317,
1,18,51.065,0.3951908,0.04122528,-0.7767971,0.3194474,-0.6426027,0.6257342,0.3057317,
1,18,51.067,0.3951908,0.04122528,-0.7767971,0.3194474,-0.6426027,0.6257342,0.3057317,
1,18,51.069,0.3951213,0.04126294,-0.7767698,0.3195324,-0.6426398,0.6257191,0.305596,
1,18,51.071,0.3951213,0.04126294,-0.7767698,0.3195324,-0.6426398,0.6257191,0.305596,
1,18,51.073,0.3951213,0.04126294,-0.7767698,0.3195324,-0.6426398,0.6257191,0.305596,
1,18,51.075,0.3951213,0.04126294,-0.7767698,0.3195324,-0.6426398,0.6257191,0.305596,
1,18,51.077,0.3951117,0.04120927,-0.7767735,0.3195358,-0.6426781,0.6256616,0.3056293,
1,18,51.079,0.3951117,0.04120927,-0.7767735,0.3195358,-0.6426781,0.6256616,0.3056293,
1,18,51.081,0.3951117,0.04120927,-0.7767735,0.3195358,-0.6426781,0.6256616,0.3056293,
1,18,51.083,0.3951117,0.04120927,-0.7767735,0.3195358,-0.6426781,0.6256616,0.3056293,
1,18,51.085,0.3952038,0.04128911,-0.776852,0.3196442,-0.6426185,0.6256769,0.3056102,
1,18,51.087,0.3952038,0.04128911,-0.776852,0.3196442,-0.6426185,0.6256769,0.3056102,
1,18,51.089,0.3952038,0.04128911,-0.776852,0.3196442,-0.6426185,0.6256769,0.3056102,
1,18,51.091,0.3952038,0.04128911,-0.776852,0.3196442,-0.6426185,0.6256769,0.3056102,
1,18,51.093,0.3952187,0.04129523,-0.7768224,0.3195716,-0.6426092,0.6256936,0.3056712,
1,18,51.095,0.3952187,0.04129523,-0.7768224,0.3195716,-0.6426092,0.6256936,0.3056712,
1,18,51.097,0.3952187,0.04129523,-0.7768224,0.3195716,-0.6426092,0.6256936,0.3056712,
1,18,51.099,0.3952187,0.04129523,-0.7768224,0.3195716,-0.6426092,0.6256936,0.3056712,
1,18,51.101,0.395181,0.04129609,-0.7768627,0.3194979,-0.6425596,0.6257467,0.3057439,
1,18,51.103,0.395181,0.04129609,-0.7768627,0.3194979,-0.6425596,0.6257467,0.3057439,
1,18,51.105,0.395181,0.04129609,-0.7768627,0.3194979,-0.6425596,0.6257467,0.3057439,
1,18,51.107,0.395181,0.04129609,-0.7768627,0.3194979,-0.6425596,0.6257467,0.3057439,
1,18,51.109,0.3951551,0.04116336,-0.7768344,0.3193004,-0.6425609,0.625752,0.3059367,
1,18,51.111,0.3951551,0.04116336,-0.7768344,0.3193004,-0.6425609,0.625752,0.3059367,
1,18,51.113,0.3951551,0.04116336,-0.7768344,0.3193004,-0.6425609,0.625752,0.3059367,
1,18,51.115,0.3951551,0.04116336,-0.7768344,0.3193004,-0.6425609,0.625752,0.3059367,
1,18,51.117,0.3951551,0.04116336,-0.7768344,0.3193004,-0.6425609,0.625752,0.3059367,
1,18,51.119,0.395152,0.04107913,-0.7768675,0.3191822,-0.6425557,0.6257541,0.3060665,
1,18,51.121,0.395152,0.04107913,-0.7768675,0.3191822,-0.6425557,0.6257541,0.3060665,
1,18,51.123,0.395152,0.04107913,-0.7768675,0.3191822,-0.6425557,0.6257541,0.3060665,
1,18,51.125,0.395152,0.04107913,-0.7768675,0.3191822,-0.6425557,0.6257541,0.3060665,
1,18,51.127,0.3951521,0.04107269,-0.7768178,0.319131,-0.6425733,0.6257784,0.3060335,
1,18,51.129,0.3951521,0.04107269,-0.7768178,0.319131,-0.6425733,0.6257784,0.3060335,
1,18,51.131,0.3951521,0.04107269,-0.7768178,0.319131,-0.6425733,0.6257784,0.3060335,
1,18,51.133,0.3951521,0.04107269,-0.7768178,0.319131,-0.6425733,0.6257784,0.3060335,
1,18,51.135,0.3953258,0.04142481,-0.7768525,0.319451,-0.6423402,0.6260006,0.3057343,
1,18,51.137,0.3953258,0.04142481,-0.7768525,0.319451,-0.6423402,0.6260006,0.3057343,
1,18,51.139,0.3953258,0.04142481,-0.7768525,0.319451,-0.6423402,0.6260006,0.3057343,
1,18,51.141,0.3953258,0.04142481,-0.7768525,0.319451,-0.6423402,0.6260006,0.3057343,
1,18,51.143,0.395174,0.04135038,-0.7767887,0.3192186,-0.6423678,0.6259724,0.3059766,
1,18,51.145,0.395174,0.04135038,-0.7767887,0.3192186,-0.6423678,0.6259724,0.3059766,
1,18,51.147,0.395174,0.04135038,-0.7767887,0.3192186,-0.6423678,0.6259724,0.3059766,
1,18,51.149,0.395174,0.04135038,-0.7767887,0.3192186,-0.6423678,0.6259724,0.3059766,
1,18,51.151,0.3951384,0.04128141,-0.776742,0.3191188,-0.6424163,0.625944,0.3060372,
1,18,51.153,0.3951384,0.04128141,-0.776742,0.3191188,-0.6424163,0.625944,0.3060372,
1,18,51.155,0.3951384,0.04128141,-0.776742,0.3191188,-0.6424163,0.625944,0.3060372,
1,18,51.157,0.3951384,0.04128141,-0.776742,0.3191188,-0.6424163,0.625944,0.3060372,
1,18,51.159,0.3951528,0.04113854,-0.7768358,0.3191877,-0.6424888,0.6258144,0.306078,
1,18,51.161,0.3951528,0.04113854,-0.7768358,0.3191877,-0.6424888,0.6258144,0.306078,
1,18,51.163,0.3951528,0.04113854,-0.7768358,0.3191877,-0.6424888,0.6258144,0.306078,
1,18,51.165,0.3951528,0.04113854,-0.7768358,0.3191877,-0.6424888,0.6258144,0.306078,
1,18,51.167,0.3951528,0.04113854,-0.7768358,0.3191877,-0.6424888,0.6258144,0.306078,
1,18,51.169,0.3952436,0.04120234,-0.7769063,0.3193166,-0.6424713,0.6257929,0.3060243,
1,18,51.171,0.3952436,0.04120234,-0.7769063,0.3193166,-0.6424713,0.6257929,0.3060243,
1,18,51.173,0.3952436,0.04120234,-0.7769063,0.3193166,-0.6424713,0.6257929,0.3060243,
1,18,51.175,0.3952436,0.04120234,-0.7769063,0.3193166,-0.6424713,0.6257929,0.3060243,
1,18,51.177,0.3949103,0.04114683,-0.77644,0.3191718,-0.6427046,0.6258293,0.3056104,
1,18,51.179,0.3949103,0.04114683,-0.77644,0.3191718,-0.6427046,0.6258293,0.3056104,
1,18,51.181,0.3949103,0.04114683,-0.77644,0.3191718,-0.6427046,0.6258293,0.3056104,
1,18,51.183,0.3949103,0.04114683,-0.77644,0.3191718,-0.6427046,0.6258293,0.3056104,
1,18,51.185,0.3948904,0.04129525,-0.7764533,0.3190866,-0.6426023,0.6259872,0.3055915,
1,18,51.187,0.3948904,0.04129525,-0.7764533,0.3190866,-0.6426023,0.6259872,0.3055915,
1,18,51.189,0.3948904,0.04129525,-0.7764533,0.3190866,-0.6426023,0.6259872,0.3055915,
1,18,51.191,0.3948904,0.04129525,-0.7764533,0.3190866,-0.6426023,0.6259872,0.3055915,
1,18,51.193,0.3951538,0.04118058,-0.7767901,0.319355,-0.6425831,0.6257573,0.305822,
1,18,51.195,0.3951538,0.04118058,-0.7767901,0.319355,-0.6425831,0.6257573,0.305822,
1,18,51.197,0.3951538,0.04118058,-0.7767901,0.319355,-0.6425831,0.6257573,0.305822,
1,18,51.199,0.3951538,0.04118058,-0.7767901,0.319355,-0.6425831,0.6257573,0.305822,
1,18,51.201,0.3952363,0.04109465,-0.7769578,0.3194502,-0.6426326,0.625648,0.3058423,
1,18,51.203,0.3952363,0.04109465,-0.7769578,0.3194502,-0.6426326,0.625648,0.3058423,
1,18,51.205,0.3952363,0.04109465,-0.7769578,0.3194502,-0.6426326,0.625648,0.3058423,
1,18,51.207,0.3952363,0.04109465,-0.7769578,0.3194502,-0.6426326,0.625648,0.3058423,
1,18,51.209,0.3951584,0.04117364,-0.7768062,0.3194218,-0.6426218,0.6257138,0.3057601,
1,18,51.211,0.3951584,0.04117364,-0.7768062,0.3194218,-0.6426218,0.6257138,0.3057601,
1,18,51.213,0.3951584,0.04117364,-0.7768062,0.3194218,-0.6426218,0.6257138,0.3057601,
1,18,51.215,0.3951584,0.04117364,-0.7768062,0.3194218,-0.6426218,0.6257138,0.3057601,
1,18,51.217,0.3951584,0.04117364,-0.7768062,0.3194218,-0.6426218,0.6257138,0.3057601,
1,18,51.219,0.3951322,0.04112527,-0.7768038,0.3193302,-0.6426078,0.6257303,0.3058513,
1,18,51.221,0.3951322,0.04112527,-0.7768038,0.3193302,-0.6426078,0.6257303,0.3058513,
1,18,51.223,0.3951322,0.04112527,-0.7768038,0.3193302,-0.6426078,0.6257303,0.3058513,
1,18,51.225,0.3951322,0.04112527,-0.7768038,0.3193302,-0.6426078,0.6257303,0.3058513,
1,18,51.227,0.3952023,0.04115763,-0.7768676,0.3192733,-0.6424949,0.6257879,0.3060301,
1,18,51.229,0.3952023,0.04115763,-0.7768676,0.3192733,-0.6424949,0.6257879,0.3060301,
1,18,51.231,0.3952023,0.04115763,-0.7768676,0.3192733,-0.6424949,0.6257879,0.3060301,
1,18,51.233,0.3952023,0.04115763,-0.7768676,0.3192733,-0.6424949,0.6257879,0.3060301,
1,18,51.235,0.3952591,0.04128034,-0.7768713,0.3192699,-0.6424187,0.6258973,0.30597,
1,18,51.237,0.3952591,0.04128034,-0.7768713,0.3192699,-0.6424187,0.6258973,0.30597,
1,18,51.239,0.3952591,0.04128034,-0.7768713,0.3192699,-0.6424187,0.6258973,0.30597,
1,18,51.241,0.3952591,0.04128034,-0.7768713,0.3192699,-0.6424187,0.6258973,0.30597,
1,18,51.243,0.3951703,0.0412976,-0.7767913,0.3191662,-0.6423883,0.6259404,0.3060536,
1,18,51.245,0.3951703,0.0412976,-0.7767913,0.3191662,-0.6423883,0.6259404,0.3060536,
1,18,51.247,0.3951703,0.0412976,-0.7767913,0.3191662,-0.6423883,0.6259404,0.3060536,
1,18,51.249,0.3951703,0.0412976,-0.7767913,0.3191662,-0.6423883,0.6259404,0.3060536,
1,18,51.251,0.395064,0.04112636,-0.7767644,0.3190928,-0.642528,0.6258252,0.3060726,
1,18,51.253,0.395064,0.04112636,-0.7767644,0.3190928,-0.642528,0.6258252,0.3060726,
1,18,51.255,0.395064,0.04112636,-0.7767644,0.3190928,-0.642528,0.6258252,0.3060726,
1,18,51.257,0.395064,0.04112636,-0.7767644,0.3190928,-0.642528,0.6258252,0.3060726,
1,18,51.259,0.3951114,0.04103943,-0.7767706,0.3191136,-0.6426141,0.625743,0.306038,
1,18,51.261,0.3951114,0.04103943,-0.7767706,0.3191136,-0.6426141,0.625743,0.306038,
1,18,51.263,0.3951114,0.04103943,-0.7767706,0.3191136,-0.6426141,0.625743,0.306038,
1,18,51.265,0.3951114,0.04103943,-0.7767706,0.3191136,-0.6426141,0.625743,0.306038,
1,18,51.267,0.3951114,0.04103943,-0.7767706,0.3191136,-0.6426141,0.625743,0.306038,
1,18,51.269,0.3951593,0.041165,-0.7768418,0.31913,-0.6424921,0.6258444,0.3060698,
1,18,51.271,0.3951593,0.041165,-0.7768418,0.31913,-0.6424921,0.6258444,0.3060698,
1,18,51.273,0.3951593,0.041165,-0.7768418,0.31913,-0.6424921,0.6258444,0.3060698,
1,18,51.275,0.3951593,0.041165,-0.7768418,0.31913,-0.6424921,0.6258444,0.3060698,
1,18,51.277,0.3951937,0.04115256,-0.7768766,0.3191594,-0.6424792,0.6258447,0.3060659,
1,18,51.279,0.3951937,0.04115256,-0.7768766,0.3191594,-0.6424792,0.6258447,0.3060659,
1,18,51.281,0.3951937,0.04115256,-0.7768766,0.3191594,-0.6424792,0.6258447,0.3060659,
1,18,51.283,0.3951937,0.04115256,-0.7768766,0.3191594,-0.6424792,0.6258447,0.3060659,
1,18,51.285,0.395131,0.04121409,-0.7767766,0.3191578,-0.6424912,0.625914,0.3059007,
1,18,51.287,0.395131,0.04121409,-0.7767766,0.3191578,-0.6424912,0.625914,0.3059007,
1,18,51.289,0.395131,0.04121409,-0.7767766,0.3191578,-0.6424912,0.625914,0.3059007,
1,18,51.291,0.395131,0.04121409,-0.7767766,0.3191578,-0.6424912,0.625914,0.3059007,
1,18,51.293,0.3951041,0.04125093,-0.7766602,0.3192172,-0.6425185,0.6258958,0.3058183,
1,18,51.295,0.3951041,0.04125093,-0.7766602,0.3192172,-0.6425185,0.6258958,0.3058183,
1,18,51.297,0.3951041,0.04125093,-0.7766602,0.3192172,-0.6425185,0.6258958,0.3058183,
1,18,51.299,0.3951041,0.04125093,-0.7766602,0.3192172,-0.6425185,0.6258958,0.3058183,
1,18,51.301,0.3951221,0.04123322,-0.7766824,0.3193065,-0.6425386,0.6258438,0.3057894,
1,18,51.303,0.3951221,0.04123322,-0.7766824,0.3193065,-0.6425386,0.6258438,0.3057894,
1,18,51.305,0.3951221,0.04123322,-0.7766824,0.3193065,-0.6425386,0.6258438,0.3057894,
1,18,51.307,0.3951221,0.04123322,-0.7766824,0.3193065,-0.6425386,0.6258438,0.3057894,
1,18,51.309,0.3951748,0.04103184,-0.7769055,0.3193435,-0.6426204,0.6256621,0.3059508,
1,18,51.311,0.3951748,0.04103184,-0.7769055,0.3193435,-0.6426204,0.6256621,0.3059508,
1,18,51.313,0.3951748,0.04103184,-0.7769055,0.3193435,-0.6426204,0.6256621,0.3059508,
1,18,51.315,0.3951748,0.04103184,-0.7769055,0.3193435,-0.6426204,0.6256621,0.3059508,
1,18,51.317,0.3951748,0.04103184,-0.7769055,0.3193435,-0.6426204,0.6256621,0.3059508,
1,18,51.319,0.3948301,0.04100335,-0.7763673,0.319026,-0.6427745,0.6257958,0.3056845,
1,18,51.321,0.3948301,0.04100335,-0.7763673,0.319026,-0.6427745,0.6257958,0.3056845,
1,18,51.323,0.3948301,0.04100335,-0.7763673,0.319026,-0.6427745,0.6257958,0.3056845,
1,18,51.325,0.3948301,0.04100335,-0.7763673,0.319026,-0.6427745,0.6257958,0.3056845,
1,18,51.327,0.3950837,0.0411482,-0.7766815,0.3192124,-0.6425676,0.6258467,0.3058205,
1,18,51.329,0.3950837,0.0411482,-0.7766815,0.3192124,-0.6425676,0.6258467,0.3058205,
1,18,51.331,0.3950837,0.0411482,-0.7766815,0.3192124,-0.6425676,0.6258467,0.3058205,
1,18,51.333,0.3950837,0.0411482,-0.7766815,0.3192124,-0.6425676,0.6258467,0.3058205,
1,18,51.335,0.3953043,0.04124432,-0.7769102,0.3193879,-0.6424628,0.6257973,0.3059585,
1,18,51.337,0.3953043,0.04124432,-0.7769102,0.3193879,-0.6424628,0.6257973,0.3059585,
1,18,51.339,0.3953043,0.04124432,-0.7769102,0.3193879,-0.6424628,0.6257973,0.3059585,
1,18,51.341,0.3953043,0.04124432,-0.7769102,0.3193879,-0.6424628,0.6257973,0.3059585,
1,18,51.343,0.3952241,0.04116259,-0.776861,0.3193309,-0.6425024,0.6257756,0.3059792,
1,18,51.345,0.3952241,0.04116259,-0.776861,0.3193309,-0.6425024,0.6257756,0.3059792,
1,18,51.347,0.3952241,0.04116259,-0.776861,0.3193309,-0.6425024,0.6257756,0.3059792,
1,18,51.349,0.3952241,0.04116259,-0.776861,0.3193309,-0.6425024,0.6257756,0.3059792,
1,18,51.351,0.3952146,0.04121575,-0.7768331,0.3192573,-0.6424725,0.6258522,0.3059622,
1,18,51.353,0.3952146,0.04121575,-0.7768331,0.3192573,-0.6424725,0.6258522,0.3059622,
1,18,51.355,0.3952146,0.04121575,-0.7768331,0.3192573,-0.6424725,0.6258522,0.3059622,
1,18,51.357,0.3952146,0.04121575,-0.7768331,0.3192573,-0.6424725,0.6258522,0.3059622,
1,18,51.359,0.3951966,0.04112408,-0.7768923,0.3192248,-0.642502,0.625801,0.3060393,
1,18,51.361,0.3951966,0.04112408,-0.7768923,0.3192248,-0.642502,0.625801,0.3060393,
1,18,51.363,0.3951966,0.04112408,-0.7768923,0.3192248,-0.642502,0.625801,0.3060393,
1,18,51.365,0.3951966,0.04112408,-0.7768923,0.3192248,-0.642502,0.625801,0.3060393,
1,18,51.367,0.3951966,0.04112408,-0.7768923,0.3192248,-0.642502,0.625801,0.3060393,
1,18,51.369,0.3952052,0.04116402,-0.7768829,0.3192,-0.6424552,0.6258255,0.3061129,
1,18,51.371,0.3952052,0.04116402,-0.7768829,0.3192,-0.6424552,0.6258255,0.3061129,
1,18,51.373,0.3952052,0.04116402,-0.7768829,0.3192,-0.6424552,0.6258255,0.3061129,
1,18,51.375,0.3952052,0.04116402,-0.7768829,0.3192,-0.6424552,0.6258255,0.3061129,
1,18,51.377,0.3952655,0.04120816,-0.7769337,0.3192331,-0.6424292,0.6258422,0.3060988,
1,18,51.379,0.3952655,0.04120816,-0.7769337,0.3192331,-0.6424292,0.6258422,0.3060988,
1,18,51.381,0.3952655,0.04120816,-0.7769337,0.3192331,-0.6424292,0.6258422,0.3060988,
1,18,51.383,0.3952655,0.04120816,-0.7769337,0.3192331,-0.6424292,0.6258422,0.3060988,
1,18,51.385,0.3951802,0.04120295,-0.7768534,0.3192222,-0.6424642,0.6258524,0.3060159,
1,18,51.387,0.3951802,0.04120295,-0.7768534,0.3192222,-0.6424642,0.6258524,0.3060159,
1,18,51.389,0.3951802,0.04120295,-0.7768534,0.3192222,-0.6424642,0.6258524,0.3060159,
1,18,51.391,0.3951802,0.04120295,-0.7768534,0.3192222,-0.6424642,0.6258524,0.3060159,
1,18,51.393,0.3951097,0.04114778,-0.7767537,0.3191604,-0.6425459,0.6258461,0.3059215,
1,18,51.395,0.3951097,0.04114778,-0.7767537,0.3191604,-0.6425459,0.6258461,0.3059215,
1,18,51.397,0.3951097,0.04114778,-0.7767537,0.3191604,-0.6425459,0.6258461,0.3059215,
1,18,51.399,0.3951097,0.04114778,-0.7767537,0.3191604,-0.6425459,0.6258461,0.3059215,
1,18,51.401,0.3951793,0.04118372,-0.7768006,0.3192629,-0.6425411,0.6258112,0.3058964,
1,18,51.403,0.3951793,0.04118372,-0.7768006,0.3192629,-0.6425411,0.6258112,0.3058964,
1,18,51.405,0.3951793,0.04118372,-0.7768006,0.3192629,-0.6425411,0.6258112,0.3058964,
1,18,51.407,0.3951793,0.04118372,-0.7768006,0.3192629,-0.6425411,0.6258112,0.3058964,
1,18,51.409,0.3951303,0.04146925,-0.7767565,0.3192464,-0.6423419,0.6260162,0.3059122,
1,18,51.411,0.3951303,0.04146925,-0.7767565,0.3192464,-0.6423419,0.6260162,0.3059122,
1,18,51.413,0.3951303,0.04146925,-0.7767565,0.3192464,-0.6423419,0.6260162,0.3059122,
1,18,51.415,0.3951303,0.04146925,-0.7767565,0.3192464,-0.6423419,0.6260162,0.3059122,
1,18,51.417,0.3951303,0.04146925,-0.7767565,0.3192464,-0.6423419,0.6260162,0.3059122,
1,18,51.419,0.3951889,0.04156065,-0.7768096,0.3193436,-0.6422693,0.6260455,0.3059035,
1,18,51.421,0.3951889,0.04156065,-0.7768096,0.3193436,-0.6422693,0.6260455,0.3059035,
1,18,51.423,0.3951889,0.04156065,-0.7768096,0.3193436,-0.6422693,0.6260455,0.3059035,
1,18,51.425,0.3951889,0.04156065,-0.7768096,0.3193436,-0.6422693,0.6260455,0.3059035,
1,18,51.427,0.3951527,0.0415822,-0.776778,0.319288,-0.6422517,0.6260881,0.305911,
1,18,51.429,0.3951527,0.0415822,-0.776778,0.319288,-0.6422517,0.6260881,0.305911,
1,18,51.431,0.3951527,0.0415822,-0.776778,0.319288,-0.6422517,0.6260881,0.305911,
1,18,51.433,0.3951527,0.0415822,-0.776778,0.319288,-0.6422517,0.6260881,0.305911,
1,18,51.435,0.3951873,0.04161117,-0.776804,0.319318,-0.6422248,0.626097,0.3059182,
1,18,51.437,0.3951873,0.04161117,-0.776804,0.319318,-0.6422248,0.626097,0.3059182,
1,18,51.439,0.3951873,0.04161117,-0.776804,0.319318,-0.6422248,0.626097,0.3059182,
1,18,51.441,0.3951873,0.04161117,-0.776804,0.319318,-0.6422248,0.626097,0.3059182,
1,18,51.443,0.3951952,0.04160301,-0.7768095,0.3192797,-0.6422213,0.6261036,0.305952,
1,18,51.445,0.3951952,0.04160301,-0.7768095,0.3192797,-0.6422213,0.6261036,0.305952,
1,18,51.447,0.3951952,0.04160301,-0.7768095,0.3192797,-0.6422213,0.6261036,0.305952,
1,18,51.449,0.3951952,0.04160301,-0.7768095,0.3192797,-0.6422213,0.6261036,0.305952,
1,18,51.451,0.3951729,0.04160462,-0.7768523,0.3193307,-0.6422304,0.6260679,0.3059528,
1,18,51.453,0.3951729,0.04160462,-0.7768523,0.3193307,-0.6422304,0.6260679,0.3059528,
1,18,51.455,0.3951729,0.04160462,-0.7768523,0.3193307,-0.6422304,0.6260679,0.3059528,
1,18,51.457,0.3951729,0.04160462,-0.7768523,0.3193307,-0.6422304,0.6260679,0.3059528,
1,18,51.459,0.3951955,0.04150213,-0.776857,0.3192952,-0.6422912,0.6260113,0.3059779,
1,18,51.461,0.3951955,0.04150213,-0.776857,0.3192952,-0.6422912,0.6260113,0.3059779,
1,18,51.463,0.3951955,0.04150213,-0.776857,0.3192952,-0.6422912,0.6260113,0.3059779,
1,18,51.465,0.3951955,0.04150213,-0.776857,0.3192952,-0.6422912,0.6260113,0.3059779,
1,18,51.467,0.3951955,0.04150213,-0.776857,0.3192952,-0.6422912,0.6260113,0.3059779,
1,18,51.469,0.3951254,0.04145702,-0.7766938,0.3192098,-0.6423054,0.6260545,0.3059488,
1,18,51.471,0.3951254,0.04145702,-0.7766938,0.3192098,-0.6423054,0.6260545,0.3059488,
1,18,51.473,0.3951254,0.04145702,-0.7766938,0.3192098,-0.6423054,0.6260545,0.3059488,
1,18,51.475,0.3951254,0.04145702,-0.7766938,0.3192098,-0.6423054,0.6260545,0.3059488,
1,18,51.477,0.3948433,0.04134582,-0.7763298,0.3189398,-0.6424567,0.6260978,0.3058242,
1,18,51.479,0.3948433,0.04134582,-0.7763298,0.3189398,-0.6424567,0.6260978,0.3058242,
1,18,51.481,0.3948433,0.04134582,-0.7763298,0.3189398,-0.6424567,0.6260978,0.3058242,
1,18,51.483,0.3948433,0.04134582,-0.7763298,0.3189398,-0.6424567,0.6260978,0.3058242,
1,18,51.485,0.3949338,0.04143,-0.776573,0.3190039,-0.6423851,0.6261076,0.3058875,
1,18,51.487,0.3949338,0.04143,-0.776573,0.3190039,-0.6423851,0.6261076,0.3058875,
1,18,51.489,0.3949338,0.04143,-0.776573,0.3190039,-0.6423851,0.6261076,0.3058875,
1,18,51.491,0.3949338,0.04143,-0.776573,0.3190039,-0.6423851,0.6261076,0.3058875,
1,18,51.493,0.3952369,0.04138484,-0.776969,0.3192363,-0.6422734,0.6259838,0.3061333,
1,18,51.495,0.3952369,0.04138484,-0.776969,0.3192363,-0.6422734,0.6259838,0.3061333,
1,18,51.497,0.3952369,0.04138484,-0.776969,0.3192363,-0.6422734,0.6259838,0.3061333,
1,18,51.499,0.3952369,0.04138484,-0.776969,0.3192363,-0.6422734,0.6259838,0.3061333,
1,18,51.501,0.3951612,0.04144275,-0.7769258,0.3192198,-0.6422521,0.6260113,0.3061387,
1,18,51.503,0.3951612,0.04144275,-0.7769258,0.3192198,-0.6422521,0.6260113,0.3061387,
1,18,51.505,0.3951612,0.04144275,-0.7769258,0.3192198,-0.6422521,0.6260113,0.3061387,
1,18,51.507,0.3951612,0.04144275,-0.7769258,0.3192198,-0.6422521,0.6260113,0.3061387,
1,18,51.509,0.3951547,0.04138127,-0.7768723,0.3192488,-0.6423626,0.6259527,0.3059967,
1,18,51.511,0.3951547,0.04138127,-0.7768723,0.3192488,-0.6423626,0.6259527,0.3059967,
1,18,51.513,0.3951547,0.04138127,-0.7768723,0.3192488,-0.6423626,0.6259527,0.3059967,
1,18,51.515,0.3951547,0.04138127,-0.7768723,0.3192488,-0.6423626,0.6259527,0.3059967,
1,18,51.517,0.3951547,0.04138127,-0.7768723,0.3192488,-0.6423626,0.6259527,0.3059967,
1,18,51.519,0.3951424,0.04134859,-0.7769021,0.319239,-0.6423599,0.6259262,0.3060666,
1,18,51.521,0.3951424,0.04134859,-0.7769021,0.319239,-0.6423599,0.6259262,0.3060666,
1,18,51.523,0.3951424,0.04134859,-0.7769021,0.319239,-0.6423599,0.6259262,0.3060666,
1,18,51.525,0.3951424,0.04134859,-0.7769021,0.319239,-0.6423599,0.6259262,0.3060666,
1,18,51.527,0.3951731,0.04142914,-0.7768586,0.319271,-0.6422896,0.6260007,0.3060281,
1,18,51.529,0.3951731,0.04142914,-0.7768586,0.319271,-0.6422896,0.6260007,0.3060281,
1,18,51.531,0.3951731,0.04142914,-0.7768586,0.319271,-0.6422896,0.6260007,0.3060281,
1,18,51.533,0.3951731,0.04142914,-0.7768586,0.319271,-0.6422896,0.6260007,0.3060281,
1,18,51.535,0.3951667,0.04145894,-0.77688,0.3192717,-0.6422943,0.6259977,0.3060237,
1,18,51.537,0.3951667,0.04145894,-0.77688,0.3192717,-0.6422943,0.6259977,0.3060237,
1,18,51.539,0.3951667,0.04145894,-0.77688,0.3192717,-0.6422943,0.6259977,0.3060237,
1,18,51.541,0.3951667,0.04145894,-0.77688,0.3192717,-0.6422943,0.6259977,0.3060237,
1,18,51.543,0.395205,0.0415398,-0.7768502,0.3192696,-0.6422331,0.6260847,0.3059762,
1,18,51.545,0.395205,0.0415398,-0.7768502,0.3192696,-0.6422331,0.6260847,0.3059762,
1,18,51.547,0.395205,0.0415398,-0.7768502,0.3192696,-0.6422331,0.6260847,0.3059762,
1,18,51.549,0.395205,0.0415398,-0.7768502,0.3192696,-0.6422331,0.6260847,0.3059762,
1,18,51.551,0.3951738,0.04159569,-0.7767785,0.3192559,-0.6422351,0.6261318,0.30589,
1,18,51.553,0.3951738,0.04159569,-0.7767785,0.3192559,-0.6422351,0.6261318,0.30589,
1,18,51.555,0.3951738,0.04159569,-0.7767785,0.3192559,-0.6422351,0.6261318,0.30589,
1,18,51.557,0.3951738,0.04159569,-0.7767785,0.3192559,-0.6422351,0.6261318,0.30589,
1,18,51.559,0.3951112,0.04152397,-0.7768022,0.3192545,-0.6422921,0.6260423,0.3059551,
1,18,51.561,0.3951112,0.04152397,-0.7768022,0.3192545,-0.6422921,0.6260423,0.3059551,
1,18,51.563,0.3951112,0.04152397,-0.7768022,0.3192545,-0.6422921,0.6260423,0.3059551,
1,18,51.565,0.3951112,0.04152397,-0.7768022,0.3192545,-0.6422921,0.6260423,0.3059551,
1,18,51.567,0.3951112,0.04152397,-0.7768022,0.3192545,-0.6422921,0.6260423,0.3059551,
1,18,51.569,0.3951465,0.04153958,-0.7767854,0.3192176,-0.6422337,0.6261057,0.3059865,
1,18,51.571,0.3951465,0.04153958,-0.7767854,0.3192176,-0.6422337,0.6261057,0.3059865,
1,18,51.573,0.3951465,0.04153958,-0.7767854,0.3192176,-0.6422337,0.6261057,0.3059865,
1,18,51.575,0.3951465,0.04153958,-0.7767854,0.3192176,-0.6422337,0.6261057,0.3059865,
1,18,51.577,0.3951688,0.04163462,-0.7767829,0.3192345,-0.6421706,0.6261642,0.3059815,
1,18,51.579,0.3951688,0.04163462,-0.7767829,0.3192345,-0.6421706,0.6261642,0.3059815,
1,18,51.581,0.3951688,0.04163462,-0.7767829,0.3192345,-0.6421706,0.6261642,0.3059815,
1,18,51.583,0.3951688,0.04163462,-0.7767829,0.3192345,-0.6421706,0.6261642,0.3059815,
1,18,51.585,0.3951165,0.04151812,-0.7768551,0.3192047,-0.6422383,0.6260656,0.3060723,
1,18,51.587,0.3951165,0.04151812,-0.7768551,0.3192047,-0.6422383,0.6260656,0.3060723,
1,18,51.589,0.3951165,0.04151812,-0.7768551,0.3192047,-0.6422383,0.6260656,0.3060723,
1,18,51.591,0.3951165,0.04151812,-0.7768551,0.3192047,-0.6422383,0.6260656,0.3060723,
1,18,51.593,0.395185,0.0414579,-0.7768916,0.3192343,-0.642254,0.6260302,0.3060809,
1,18,51.595,0.395185,0.0414579,-0.7768916,0.3192343,-0.642254,0.6260302,0.3060809,
1,18,51.597,0.395185,0.0414579,-0.7768916,0.3192343,-0.642254,0.6260302,0.3060809,
1,18,51.599,0.395185,0.0414579,-0.7768916,0.3192343,-0.642254,0.6260302,0.3060809,
1,18,51.601,0.3952504,0.04157032,-0.7768853,0.3192774,-0.6421921,0.6261248,0.3059723,
1,18,51.603,0.3952504,0.04157032,-0.7768853,0.3192774,-0.6421921,0.6261248,0.3059723,
1,18,51.605,0.3952504,0.04157032,-0.7768853,0.3192774,-0.6421921,0.6261248,0.3059723,
1,18,51.607,0.3952504,0.04157032,-0.7768853,0.3192774,-0.6421921,0.6261248,0.3059723,
1,18,51.609,0.3952446,0.04153624,-0.7770158,0.3193363,-0.6422287,0.6260223,0.3060439,
1,18,51.611,0.3952446,0.04153624,-0.7770158,0.3193363,-0.6422287,0.6260223,0.3060439,
1,18,51.613,0.3952446,0.04153624,-0.7770158,0.3193363,-0.6422287,0.6260223,0.3060439,
1,18,51.615,0.3952446,0.04153624,-0.7770158,0.3193363,-0.6422287,0.6260223,0.3060439,
1,18,51.617,0.3952446,0.04153624,-0.7770158,0.3193363,-0.6422287,0.6260223,0.3060439,
1,18,51.619,0.3951188,0.04155929,-0.7769063,0.3192594,-0.6422058,0.6260651,0.3060841,
1,18,51.621,0.3951188,0.04155929,-0.7769063,0.3192594,-0.6422058,0.6260651,0.3060841,
1,18,51.623,0.3951188,0.04155929,-0.7769063,0.3192594,-0.6422058,0.6260651,0.3060841,
1,18,51.625,0.3951188,0.04155929,-0.7769063,0.3192594,-0.6422058,0.6260651,0.3060841,
1,18,51.627,0.3949168,0.04142211,-0.7765381,0.319066,-0.6423839,0.6260746,0.3058931,
1,18,51.629,0.3949168,0.04142211,-0.7765381,0.319066,-0.6423839,0.6260746,0.3058931,
1,18,51.631,0.3949168,0.04142211,-0.7765381,0.319066,-0.6423839,0.6260746,0.3058931,
1,18,51.633,0.3949168,0.04142211,-0.7765381,0.319066,-0.6423839,0.6260746,0.3058931,
1,18,51.635,0.3948421,0.04145645,-0.7764236,0.3189687,-0.6423967,0.626142,0.3058293,
1,18,51.637,0.3948421,0.04145645,-0.7764236,0.3189687,-0.6423967,0.626142,0.3058293,
1,18,51.639,0.3948421,0.04145645,-0.7764236,0.3189687,-0.6423967,0.626142,0.3058293,
1,18,51.641,0.3948421,0.04145645,-0.7764236,0.3189687,-0.6423967,0.626142,0.3058293,
1,18,51.643,0.3948505,0.0413437,-0.776282,0.3189579,-0.6424762,0.6261317,0.3056946,
1,18,51.645,0.3948505,0.0413437,-0.776282,0.3189579,-0.6424762,0.6261317,0.3056946,
1,18,51.647,0.3948505,0.0413437,-0.776282,0.3189579,-0.6424762,0.6261317,0.3056946,
1,18,51.649,0.3948505,0.0413437,-0.776282,0.3189579,-0.6424762,0.6261317,0.3056946,
1,18,51.651,0.3949053,0.04124668,-0.7763789,0.3189895,-0.6425369,0.6260299,0.3057426,
1,18,51.653,0.3949053,0.04124668,-0.7763789,0.3189895,-0.6425369,0.6260299,0.3057426,
1,18,51.655,0.3949053,0.04124668,-0.7763789,0.3189895,-0.6425369,0.6260299,0.3057426,
1,18,51.657,0.3949053,0.04124668,-0.7763789,0.3189895,-0.6425369,0.6260299,0.3057426,
1,18,51.659,0.3950503,0.04142784,-0.7766408,0.319127,-0.6423609,0.6260893,0.3058475,
1,18,51.661,0.3950503,0.04142784,-0.7766408,0.319127,-0.6423609,0.6260893,0.3058475,
1,18,51.663,0.3950503,0.04142784,-0.7766408,0.319127,-0.6423609,0.6260893,0.3058475,
1,18,51.665,0.3950503,0.04142784,-0.7766408,0.319127,-0.6423609,0.6260893,0.3058475,
1,18,51.667,0.3950503,0.04142784,-0.7766408,0.319127,-0.6423609,0.6260893,0.3058475,
1,18,51.669,0.3950983,0.04140458,-0.776782,0.3191793,-0.6423455,0.6260364,0.3059333,
1,18,51.671,0.3950983,0.04140458,-0.776782,0.3191793,-0.6423455,0.6260364,0.3059333,
1,18,51.673,0.3950983,0.04140458,-0.776782,0.3191793,-0.6423455,0.6260364,0.3059333,
1,18,51.675,0.3950983,0.04140458,-0.776782,0.3191793,-0.6423455,0.6260364,0.3059333,
1,18,51.677,0.3951044,0.04146002,-0.7768531,0.3191745,-0.6422689,0.626049,0.3060736,
1,18,51.679,0.3951044,0.04146002,-0.7768531,0.3191745,-0.6422689,0.626049,0.3060736,
1,18,51.681,0.3951044,0.04146002,-0.7768531,0.3191745,-0.6422689,0.626049,0.3060736,
1,18,51.683,0.3951044,0.04146002,-0.7768531,0.3191745,-0.6422689,0.626049,0.3060736,
1,18,51.685,0.3951674,0.04147554,-0.776868,0.3192238,-0.6422385,0.6260517,0.3060805,
1,18,51.687,0.3951674,0.04147554,-0.776868,0.3192238,-0.6422385,0.6260517,0.3060805,
1,18,51.689,0.3951674,0.04147554,-0.776868,0.3192238,-0.6422385,0.6260517,0.3060805,
1,18,51.691,0.3951674,0.04147554,-0.776868,0.3192238,-0.6422385,0.6260517,0.3060805,
1,18,51.693,0.3951376,0.04151388,-0.7768338,0.3192324,-0.6422582,0.6260568,0.3060196,
1,18,51.695,0.3951376,0.04151388,-0.7768338,0.3192324,-0.6422582,0.6260568,0.3060196,
1,18,51.697,0.3951376,0.04151388,-0.7768338,0.3192324,-0.6422582,0.6260568,0.3060196,
1,18,51.699,0.3951376,0.04151388,-0.7768338,0.3192324,-0.6422582,0.6260568,0.3060196,
1,18,51.701,0.3951291,0.04146119,-0.7768571,0.3192438,-0.6422948,0.6260104,0.3060258,
1,18,51.703,0.3951291,0.04146119,-0.7768571,0.3192438,-0.6422948,0.6260104,0.3060258,
1,18,51.705,0.3951291,0.04146119,-0.7768571,0.3192438,-0.6422948,0.6260104,0.3060258,
1,18,51.707,0.3951291,0.04146119,-0.7768571,0.3192438,-0.6422948,0.6260104,0.3060258,
1,18,51.709,0.3951904,0.041449,-0.7769113,0.3192328,-0.642265,0.6260249,0.3060702,
1,18,51.711,0.3951904,0.041449,-0.7769113,0.3192328,-0.642265,0.6260249,0.3060702,
1,18,51.713,0.3951904,0.041449,-0.7769113,0.3192328,-0.642265,0.6260249,0.3060702,
1,18,51.715,0.3951904,0.041449,-0.7769113,0.3192328,-0.642265,0.6260249,0.3060702,
1,18,51.717,0.3951904,0.041449,-0.7769113,0.3192328,-0.642265,0.6260249,0.3060702,
1,18,51.719,0.3951919,0.04136676,-0.7769504,0.3192334,-0.6422912,0.6259733,0.30612,
1,18,51.721,0.3951919,0.04136676,-0.7769504,0.3192334,-0.6422912,0.6259733,0.30612,
1,18,51.723,0.3951919,0.04136676,-0.7769504,0.3192334,-0.6422912,0.6259733,0.30612,
1,18,51.725,0.3951919,0.04136676,-0.7769504,0.3192334,-0.6422912,0.6259733,0.30612,
1,18,51.727,0.3951544,0.04140475,-0.7769201,0.3192357,-0.642312,0.6259867,0.3060467,
1,18,51.729,0.3951544,0.04140475,-0.7769201,0.3192357,-0.642312,0.6259867,0.3060467,
1,18,51.731,0.3951544,0.04140475,-0.7769201,0.3192357,-0.642312,0.6259867,0.3060467,
1,18,51.733,0.3951544,0.04140475,-0.7769201,0.3192357,-0.642312,0.6259867,0.3060467,
1,18,51.735,0.3951272,0.04144429,-0.7768419,0.3192289,-0.642298,0.6260195,0.3060162,
1,18,51.737,0.3951272,0.04144429,-0.7768419,0.3192289,-0.642298,0.6260195,0.3060162,
1,18,51.739,0.3951272,0.04144429,-0.7768419,0.3192289,-0.642298,0.6260195,0.3060162,
1,18,51.741,0.3951272,0.04144429,-0.7768419,0.3192289,-0.642298,0.6260195,0.3060162,
1,18,51.743,0.3951316,0.04148943,-0.7768195,0.3192138,-0.6422757,0.6260507,0.306015,
1,18,51.745,0.3951316,0.04148943,-0.7768195,0.3192138,-0.6422757,0.6260507,0.306015,
1,18,51.747,0.3951316,0.04148943,-0.7768195,0.3192138,-0.6422757,0.6260507,0.306015,
1,18,51.749,0.3951316,0.04148943,-0.7768195,0.3192138,-0.6422757,0.6260507,0.306015,
1,18,51.751,0.3951608,0.04143894,-0.7768576,0.3192328,-0.6422887,0.6260191,0.3060326,
1,18,51.753,0.3951608,0.04143894,-0.7768576,0.3192328,-0.6422887,0.6260191,0.3060326,
1,18,51.755,0.3951608,0.04143894,-0.7768576,0.3192328,-0.6422887,0.6260191,0.3060326,
1,18,51.757,0.3951608,0.04143894,-0.7768576,0.3192328,-0.6422887,0.6260191,0.3060326,
1,18,51.759,0.3951377,0.04152738,-0.776797,0.3192189,-0.6422495,0.6261016,0.3059603,
1,18,51.761,0.3951377,0.04152738,-0.776797,0.3192189,-0.6422495,0.6261016,0.3059603,
1,18,51.763,0.3951377,0.04152738,-0.776797,0.3192189,-0.6422495,0.6261016,0.3059603,
1,18,51.765,0.3951377,0.04152738,-0.776797,0.3192189,-0.6422495,0.6261016,0.3059603,
1,18,51.767,0.3951377,0.04152738,-0.776797,0.3192189,-0.6422495,0.6261016,0.3059603,
1,18,51.769,0.3951389,0.04151661,-0.7767757,0.3191953,-0.6422673,0.6261039,0.3059428,
1,18,51.771,0.3951389,0.04151661,-0.7767757,0.3191953,-0.6422673,0.6261039,0.3059428,
1,18,51.773,0.3951389,0.04151661,-0.7767757,0.3191953,-0.6422673,0.6261039,0.3059428,
1,18,51.775,0.3951389,0.04151661,-0.7767757,0.3191953,-0.6422673,0.6261039,0.3059428,
1,18,51.777,0.3950902,0.04146924,-0.7767761,0.3191543,-0.6422799,0.6260858,0.3059962,
1,18,51.779,0.3950902,0.04146924,-0.7767761,0.3191543,-0.6422799,0.6260858,0.3059962,
1,18,51.781,0.3950902,0.04146924,-0.7767761,0.3191543,-0.6422799,0.6260858,0.3059962,
1,18,51.783,0.3950902,0.04146924,-0.7767761,0.3191543,-0.6422799,0.6260858,0.3059962,
1,18,51.785,0.3951503,0.04147418,-0.7768517,0.3191983,-0.6422336,0.6260843,0.3060504,
1,18,51.787,0.3951503,0.04147418,-0.7768517,0.3191983,-0.6422336,0.6260843,0.3060504,
1,18,51.789,0.3951503,0.04147418,-0.7768517,0.3191983,-0.6422336,0.6260843,0.3060504,
1,18,51.791,0.3951503,0.04147418,-0.7768517,0.3191983,-0.6422336,0.6260843,0.3060504,
1,18,51.793,0.3951998,0.04160449,-0.7768408,0.3194691,-0.642251,0.6260947,0.30571,
1,18,51.795,0.3951998,0.04160449,-0.7768408,0.3194691,-0.642251,0.6260947,0.30571,
1,18,51.797,0.3951998,0.04160449,-0.7768408,0.3194691,-0.642251,0.6260947,0.30571,
1,18,51.799,0.3951998,0.04160449,-0.7768408,0.3194691,-0.642251,0.6260947,0.30571,
1,18,51.801,0.3951893,0.04167553,-0.776756,0.3194104,-0.6422211,0.626144,0.3057333,
1,18,51.803,0.3951893,0.04167553,-0.776756,0.3194104,-0.6422211,0.626144,0.3057333,
1,18,51.805,0.3951893,0.04167553,-0.776756,0.3194104,-0.6422211,0.626144,0.3057333,
1,18,51.807,0.3951893,0.04167553,-0.776756,0.3194104,-0.6422211,0.626144,0.3057333,
1,18,51.809,0.3951561,0.04151379,-0.7768663,0.3193931,-0.6422918,0.6260105,0.3058761,
1,18,51.811,0.3951561,0.04151379,-0.7768663,0.3193931,-0.6422918,0.6260105,0.3058761,
1,18,51.813,0.3951561,0.04151379,-0.7768663,0.3193931,-0.6422918,0.6260105,0.3058761,
1,18,51.815,0.3951561,0.04151379,-0.7768663,0.3193931,-0.6422918,0.6260105,0.3058761,
1,18,51.817,0.3951561,0.04151379,-0.7768663,0.3193931,-0.6422918,0.6260105,0.3058761,
1,18,51.819,0.3951647,0.04163546,-0.7768292,0.3194489,-0.6422166,0.6261275,0.3057362,
1,18,51.821,0.3951647,0.04163546,-0.7768292,0.3194489,-0.6422166,0.6261275,0.3057362,
1,18,51.823,0.3951647,0.04163546,-0.7768292,0.3194489,-0.6422166,0.6261275,0.3057362,
1,18,51.825,0.3951647,0.04163546,-0.7768292,0.3194489,-0.6422166,0.6261275,0.3057362,
1,18,51.827,0.3951828,0.04164556,-0.7767984,0.3195249,-0.6422667,0.6261014,0.3056051,
1,18,51.829,0.3951828,0.04164556,-0.7767984,0.3195249,-0.6422667,0.6261014,0.3056051,
1,18,51.831,0.3951828,0.04164556,-0.7767984,0.3195249,-0.6422667,0.6261014,0.3056051,
1,18,51.833,0.3951828,0.04164556,-0.7767984,0.3195249,-0.6422667,0.6261014,0.3056051,
1,18,51.835,0.3951625,0.04159407,-0.7768381,0.3193974,-0.6422128,0.6260967,0.3058609,
1,18,51.837,0.3951625,0.04159407,-0.7768381,0.3193974,-0.6422128,0.6260967,0.3058609,
1,18,51.839,0.3951625,0.04159407,-0.7768381,0.3193974,-0.6422128,0.6260967,0.3058609,
1,18,51.841,0.3951625,0.04159407,-0.7768381,0.3193974,-0.6422128,0.6260967,0.3058609,
1,18,51.843,0.3951717,0.04161023,-0.7768008,0.3193636,-0.6422262,0.6261054,0.3058503,
1,18,51.845,0.3951717,0.04161023,-0.7768008,0.3193636,-0.6422262,0.6261054,0.3058503,
1,18,51.847,0.3951717,0.04161023,-0.7768008,0.3193636,-0.6422262,0.6261054,0.3058503,
1,18,51.849,0.3951717,0.04161023,-0.7768008,0.3193636,-0.6422262,0.6261054,0.3058503,
1,18,51.851,0.3951503,0.04146219,-0.7768563,0.3193234,-0.6423503,0.6260056,0.3058363,
1,18,51.853,0.3951503,0.04146219,-0.7768563,0.3193234,-0.6423503,0.6260056,0.3058363,
1,18,51.855,0.3951503,0.04146219,-0.7768563,0.3193234,-0.6423503,0.6260056,0.3058363,
1,18,51.857,0.3951503,0.04146219,-0.7768563,0.3193234,-0.6423503,0.6260056,0.3058363,
1,18,51.859,0.3950938,0.04148724,-0.776816,0.3192465,-0.6423203,0.6260425,0.3059037,
1,18,51.861,0.3950938,0.04148724,-0.776816,0.3192465,-0.6423203,0.6260425,0.3059037,
1,18,51.863,0.3950938,0.04148724,-0.776816,0.3192465,-0.6423203,0.6260425,0.3059037,
1,18,51.865,0.3950938,0.04148724,-0.776816,0.3192465,-0.6423203,0.6260425,0.3059037,
1,18,51.867,0.3950938,0.04148724,-0.776816,0.3192465,-0.6423203,0.6260425,0.3059037,
1,18,51.869,0.3951429,0.04149763,-0.7768027,0.3192327,-0.6422772,0.6260815,0.3059292,
1,18,51.871,0.3951429,0.04149763,-0.7768027,0.3192327,-0.6422772,0.6260815,0.3059292,
1,18,51.873,0.3951429,0.04149763,-0.7768027,0.3192327,-0.6422772,0.6260815,0.3059292,
1,18,51.875,0.3951429,0.04149763,-0.7768027,0.3192327,-0.6422772,0.6260815,0.3059292,
1,18,51.877,0.3951889,0.04147861,-0.7768569,0.3192624,-0.6422518,0.6260509,0.3060136,
1,18,51.879,0.3951889,0.04147861,-0.7768569,0.3192624,-0.6422518,0.6260509,0.3060136,
1,18,51.881,0.3951889,0.04147861,-0.7768569,0.3192624,-0.6422518,0.6260509,0.3060136,
1,18,51.883,0.3951889,0.04147861,-0.7768569,0.3192624,-0.6422518,0.6260509,0.3060136,
1,18,51.885,0.3951651,0.04140529,-0.7768903,0.3192382,-0.6423233,0.6259925,0.3060085,
1,18,51.887,0.3951651,0.04140529,-0.7768903,0.3192382,-0.6423233,0.6259925,0.3060085,
1,18,51.889,0.3951651,0.04140529,-0.7768903,0.3192382,-0.6423233,0.6259925,0.3060085,
1,18,51.891,0.3951651,0.04140529,-0.7768903,0.3192382,-0.6423233,0.6259925,0.3060085,
1,18,51.893,0.395137,0.04145755,-0.7768491,0.3192458,-0.6423018,0.6260348,0.3059591,
1,18,51.895,0.395137,0.04145755,-0.7768491,0.3192458,-0.6423018,0.6260348,0.3059591,
1,18,51.897,0.395137,0.04145755,-0.7768491,0.3192458,-0.6423018,0.6260348,0.3059591,
1,18,51.899,0.395137,0.04145755,-0.7768491,0.3192458,-0.6423018,0.6260348,0.3059591,
1,18,51.901,0.3950852,0.04146846,-0.7768029,0.3191999,-0.6423084,0.6260512,0.3059595,
1,18,51.903,0.3950852,0.04146846,-0.7768029,0.3191999,-0.6423084,0.6260512,0.3059595,
1,18,51.905,0.3950852,0.04146846,-0.7768029,0.3191999,-0.6423084,0.6260512,0.3059595,
1,18,51.907,0.3950852,0.04146846,-0.7768029,0.3191999,-0.6423084,0.6260512,0.3059595,
1,18,51.909,0.3950857,0.04145927,-0.7768223,0.3192235,-0.6422992,0.6260294,0.3059987,
1,18,51.911,0.3950857,0.04145927,-0.7768223,0.3192235,-0.6422992,0.6260294,0.3059987,
1,18,51.913,0.3950857,0.04145927,-0.7768223,0.3192235,-0.6422992,0.6260294,0.3059987,
1,18,51.915,0.3950857,0.04145927,-0.7768223,0.3192235,-0.6422992,0.6260294,0.3059987,
1,18,51.917,0.3950857,0.04145927,-0.7768223,0.3192235,-0.6422992,0.6260294,0.3059987,
1,18,51.919,0.3951545,0.04162014,-0.7767946,0.3192455,-0.6421527,0.6261719,0.3059919,
1,18,51.921,0.3951545,0.04162014,-0.7767946,0.3192455,-0.6421527,0.6261719,0.3059919,
1,18,51.923,0.3951545,0.04162014,-0.7767946,0.3192455,-0.6421527,0.6261719,0.3059919,
1,18,51.925,0.3951545,0.04162014,-0.7767946,0.3192455,-0.6421527,0.6261719,0.3059919,
1,18,51.927,0.3951178,0.04144155,-0.7768622,0.3192237,-0.6422803,0.6260309,0.3060355,
1,18,51.929,0.3951178,0.04144155,-0.7768622,0.3192237,-0.6422803,0.6260309,0.3060355,
1,18,51.931,0.3951178,0.04144155,-0.7768622,0.3192237,-0.6422803,0.6260309,0.3060355,
1,18,51.933,0.3951178,0.04144155,-0.7768622,0.3192237,-0.6422803,0.6260309,0.3060355,
1,18,51.935,0.3951515,0.04141727,-0.776878,0.3192645,-0.642316,0.6259833,0.3060151,
1,18,51.937,0.3951515,0.04141727,-0.776878,0.3192645,-0.642316,0.6259833,0.3060151,
1,18,51.939,0.3951515,0.04141727,-0.776878,0.3192645,-0.642316,0.6259833,0.3060151,
1,18,51.941,0.3951515,0.04141727,-0.776878,0.3192645,-0.642316,0.6259833,0.3060151,
1,18,51.943,0.3951327,0.04146863,-0.7768177,0.3191991,-0.6422956,0.6260752,0.3059381,
1,18,51.945,0.3951327,0.04146863,-0.7768177,0.3191991,-0.6422956,0.6260752,0.3059381,
1,18,51.947,0.3951327,0.04146863,-0.7768177,0.3191991,-0.6422956,0.6260752,0.3059381,
1,18,51.949,0.3951327,0.04146863,-0.7768177,0.3191991,-0.6422956,0.6260752,0.3059381,
1,18,51.951,0.3951471,0.04151699,-0.7767922,0.3192023,-0.642228,0.6261279,0.3059692,
1,18,51.953,0.3951471,0.04151699,-0.7767922,0.3192023,-0.642228,0.6261279,0.3059692,
1,18,51.955,0.3951471,0.04151699,-0.7767922,0.3192023,-0.642228,0.6261279,0.3059692,
1,18,51.957,0.3951471,0.04151699,-0.7767922,0.3192023,-0.642228,0.6261279,0.3059692,
1,18,51.959,0.3950934,0.04144276,-0.7768255,0.3191873,-0.6422884,0.6260484,0.3060205,
1,18,51.961,0.3950934,0.04144276,-0.7768255,0.3191873,-0.6422884,0.6260484,0.3060205,
1,18,51.963,0.3950934,0.04144276,-0.7768255,0.3191873,-0.6422884,0.6260484,0.3060205,
1,18,51.965,0.3950934,0.04144276,-0.7768255,0.3191873,-0.6422884,0.6260484,0.3060205,
1,18,51.967,0.3950934,0.04144276,-0.7768255,0.3191873,-0.6422884,0.6260484,0.3060205,
1,18,51.969,0.3951032,0.04146882,-0.7767721,0.3192022,-0.642298,0.6260701,0.3059402,
1,18,51.971,0.3951032,0.04146882,-0.7767721,0.3192022,-0.642298,0.6260701,0.3059402,
1,18,51.973,0.3951032,0.04146882,-0.7767721,0.3192022,-0.642298,0.6260701,0.3059402,
1,18,51.975,0.3951032,0.04146882,-0.7767721,0.3192022,-0.642298,0.6260701,0.3059402,
1,18,51.977,0.3951049,0.0414204,-0.7767668,0.3192247,-0.6423422,0.6260217,0.305923,
1,18,51.979,0.3951049,0.0414204,-0.7767668,0.3192247,-0.6423422,0.6260217,0.305923,
1,18,51.981,0.3951049,0.0414204,-0.7767668,0.3192247,-0.6423422,0.6260217,0.305923,
1,18,51.983,0.3951049,0.0414204,-0.7767668,0.3192247,-0.6423422,0.6260217,0.305923,
1,18,51.985,0.3950891,0.04138172,-0.7768068,0.3192139,-0.6423713,0.6259929,0.3059325,
1,18,51.987,0.3950891,0.04138172,-0.7768068,0.3192139,-0.6423713,0.6259929,0.3059325,
1,18,51.989,0.3950891,0.04138172,-0.7768068,0.3192139,-0.6423713,0.6259929,0.3059325,
1,18,51.991,0.3950891,0.04138172,-0.7768068,0.3192139,-0.6423713,0.6259929,0.3059325,
1,18,51.993,0.3951254,0.04142052,-0.7768334,0.3191869,-0.6423199,0.6260295,0.3059933,
1,18,51.995,0.3951254,0.04142052,-0.7768334,0.3191869,-0.6423199,0.6260295,0.3059933,
1,18,51.997,0.3951254,0.04142052,-0.7768334,0.3191869,-0.6423199,0.6260295,0.3059933,
1,18,51.999,0.3951254,0.04142052,-0.7768334,0.3191869,-0.6423199,0.6260295,0.3059933,
1,18,52.001,0.3950759,0.04148591,-0.7767652,0.319187,-0.6422787,0.6260831,0.30597,
1,18,52.003,0.3950759,0.04148591,-0.7767652,0.319187,-0.6422787,0.6260831,0.30597,
1,18,52.005,0.3950759,0.04148591,-0.7767652,0.319187,-0.6422787,0.6260831,0.30597,
1,18,52.007,0.3950759,0.04148591,-0.7767652,0.319187,-0.6422787,0.6260831,0.30597,
1,18,52.009,0.3951527,0.04153695,-0.7767932,0.3192154,-0.6422023,0.6261248,0.3060157,
1,18,52.011,0.3951527,0.04153695,-0.7767932,0.3192154,-0.6422023,0.6261248,0.3060157,
1,18,52.013,0.3951527,0.04153695,-0.7767932,0.3192154,-0.6422023,0.6261248,0.3060157,
1,18,52.015,0.3951527,0.04153695,-0.7767932,0.3192154,-0.6422023,0.6261248,0.3060157,
1,18,52.017,0.3951527,0.04153695,-0.7767932,0.3192154,-0.6422023,0.6261248,0.3060157,
1,18,52.019,0.3951226,0.0415393,-0.776773,0.3191792,-0.6422189,0.62613,0.3060077,
1,18,52.021,0.3951226,0.0415393,-0.776773,0.3191792,-0.6422189,0.62613,0.3060077,
1,18,52.023,0.3951226,0.0415393,-0.776773,0.3191792,-0.6422189,0.62613,0.3060077,
1,18,52.025,0.3951226,0.0415393,-0.776773,0.3191792,-0.6422189,0.62613,0.3060077,
1,18,52.027,0.3950891,0.04149824,-0.7767555,0.3191611,-0.6422833,0.6261105,0.3059314,
1,18,52.029,0.3950891,0.04149824,-0.7767555,0.3191611,-0.6422833,0.6261105,0.3059314,
1,18,52.031,0.3950891,0.04149824,-0.7767555,0.3191611,-0.6422833,0.6261105,0.3059314,
1,18,52.033,0.3950891,0.04149824,-0.7767555,0.3191611,-0.6422833,0.6261105,0.3059314,
1,18,52.035,0.3950924,0.04146755,-0.7767638,0.3191911,-0.6422979,0.6260766,0.305939,
1,18,52.037,0.3950924,0.04146755,-0.7767638,0.3191911,-0.6422979,0.6260766,0.305939,
1,18,52.039,0.3950924,0.04146755,-0.7767638,0.3191911,-0.6422979,0.6260766,0.305939,
1,18,52.041,0.3950924,0.04146755,-0.7767638,0.3191911,-0.6422979,0.6260766,0.305939,
1,18,52.043,0.3950541,0.04146516,-0.7767591,0.3191692,-0.6423023,0.6260707,0.3059644,
1,18,52.045,0.3950541,0.04146516,-0.7767591,0.3191692,-0.6423023,0.6260707,0.3059644,
1,18,52.047,0.3950541,0.04146516,-0.7767591,0.3191692,-0.6423023,0.6260707,0.3059644,
1,18,52.049,0.3950541,0.04146516,-0.7767591,0.3191692,-0.6423023,0.6260707,0.3059644,
1,18,52.051,0.3951565,0.04134834,-0.7768766,0.3192656,-0.6423796,0.6259348,0.3059796,
1,18,52.053,0.3951565,0.04134834,-0.7768766,0.3192656,-0.6423796,0.6259348,0.3059796,
1,18,52.055,0.3951565,0.04134834,-0.7768766,0.3192656,-0.6423796,0.6259348,0.3059796,
1,18,52.057,0.3951565,0.04134834,-0.7768766,0.3192656,-0.6423796,0.6259348,0.3059796,
1,18,52.059,0.3951576,0.04149571,-0.7768193,0.3192373,-0.642254,0.6260785,0.3059786,
1,18,52.061,0.3951576,0.04149571,-0.7768193,0.3192373,-0.642254,0.6260785,0.3059786,
1,18,52.063,0.3951576,0.04149571,-0.7768193,0.3192373,-0.642254,0.6260785,0.3059786,
1,18,52.065,0.3951576,0.04149571,-0.7768193,0.3192373,-0.642254,0.6260785,0.3059786,
1,18,52.067,0.3951576,0.04149571,-0.7768193,0.3192373,-0.642254,0.6260785,0.3059786,
1,18,52.069,0.3951047,0.04152721,-0.7767537,0.3191723,-0.642251,0.6261226,0.3059629,
1,18,52.071,0.3951047,0.04152721,-0.7767537,0.3191723,-0.642251,0.6261226,0.3059629,
1,18,52.073,0.3951047,0.04152721,-0.7767537,0.3191723,-0.642251,0.6261226,0.3059629,
1,18,52.075,0.3951047,0.04152721,-0.7767537,0.3191723,-0.642251,0.6261226,0.3059629,
1,18,52.077,0.3951316,0.04150204,-0.7768172,0.3192306,-0.6422703,0.6260852,0.3059383,
1,18,52.079,0.3951316,0.04150204,-0.7768172,0.3192306,-0.6422703,0.6260852,0.3059383,
1,18,52.081,0.3951316,0.04150204,-0.7768172,0.3192306,-0.6422703,0.6260852,0.3059383,
1,18,52.083,0.3951316,0.04150204,-0.7768172,0.3192306,-0.6422703,0.6260852,0.3059383,
1,18,52.085,0.3951273,0.04139896,-0.7768766,0.3192288,-0.6423268,0.6259947,0.3060065,
1,18,52.087,0.3951273,0.04139896,-0.7768766,0.3192288,-0.6423268,0.6259947,0.3060065,
1,18,52.089,0.3951273,0.04139896,-0.7768766,0.3192288,-0.6423268,0.6259947,0.3060065,
1,18,52.091,0.3951273,0.04139896,-0.7768766,0.3192288,-0.6423268,0.6259947,0.3060065,
1,18,52.093,0.3950997,0.04147952,-0.7767979,0.3192521,-0.642279,0.6260557,0.3059576,
1,18,52.095,0.3950997,0.04147952,-0.7767979,0.3192521,-0.642279,0.6260557,0.3059576,
1,18,52.097,0.3950997,0.04147952,-0.7767979,0.3192521,-0.642279,0.6260557,0.3059576,
1,18,52.099,0.3950997,0.04147952,-0.7767979,0.3192521,-0.642279,0.6260557,0.3059576,
1,18,52.101,0.3950821,0.04145268,-0.7767863,0.3192177,-0.6423289,0.626047,0.3059065,
1,18,52.103,0.3950821,0.04145268,-0.7767863,0.3192177,-0.6423289,0.626047,0.3059065,
1,18,52.105,0.3950821,0.04145268,-0.7767863,0.3192177,-0.6423289,0.626047,0.3059065,
1,18,52.107,0.3950821,0.04145268,-0.7767863,0.3192177,-0.6423289,0.626047,0.3059065,
1,18,52.109,0.3950712,0.0414161,-0.7767841,0.3191606,-0.6423305,0.6260475,0.305962,
1,18,52.111,0.3950712,0.0414161,-0.7767841,0.3191606,-0.6423305,0.6260475,0.305962,
1,18,52.113,0.3950712,0.0414161,-0.7767841,0.3191606,-0.6423305,0.6260475,0.305962,
1,18,52.115,0.3950712,0.0414161,-0.7767841,0.3191606,-0.6423305,0.6260475,0.305962,
1,18,52.117,0.3950712,0.0414161,-0.7767841,0.3191606,-0.6423305,0.6260475,0.305962,
1,18,52.119,0.3951787,0.04152805,-0.7768368,0.3192511,-0.6422107,0.6261063,0.3059985,
1,18,52.121,0.3951787,0.04152805,-0.7768368,0.3192511,-0.6422107,0.6261063,0.3059985,
1,18,52.123,0.3951787,0.04152805,-0.7768368,0.3192511,-0.6422107,0.6261063,0.3059985,
1,18,52.125,0.3951787,0.04152805,-0.7768368,0.3192511,-0.6422107,0.6261063,0.3059985,
1,18,52.127,0.3951205,0.0414336,-0.7768831,0.3192511,-0.6422534,0.6260328,0.3060591,
1,18,52.129,0.3951205,0.0414336,-0.7768831,0.3192511,-0.6422534,0.6260328,0.3060591,
1,18,52.131,0.3951205,0.0414336,-0.7768831,0.3192511,-0.6422534,0.6260328,0.3060591,
1,18,52.133,0.3951205,0.0414336,-0.7768831,0.3192511,-0.6422534,0.6260328,0.3060591,
1,18,52.135,0.3951263,0.04144382,-0.7768534,0.3192708,-0.6422892,0.6260193,0.3059916,
1,18,52.137,0.3951263,0.04144382,-0.7768534,0.3192708,-0.6422892,0.6260193,0.3059916,
1,18,52.139,0.3951263,0.04144382,-0.7768534,0.3192708,-0.6422892,0.6260193,0.3059916,
1,18,52.141,0.3951263,0.04144382,-0.7768534,0.3192708,-0.6422892,0.6260193,0.3059916,
1,18,52.143,0.3951748,0.04140826,-0.7768883,0.3193437,-0.6423444,0.6259736,0.3058929,
1,18,52.145,0.3951748,0.04140826,-0.7768883,0.3193437,-0.6423444,0.6259736,0.3058929,
1,18,52.147,0.3951748,0.04140826,-0.7768883,0.3193437,-0.6423444,0.6259736,0.3058929,
1,18,52.149,0.3951748,0.04140826,-0.7768883,0.3193437,-0.6423444,0.6259736,0.3058929,
1,18,52.151,0.395192,0.04151291,-0.7768784,0.3193842,-0.6422827,0.6260226,0.3058797,
1,18,52.153,0.395192,0.04151291,-0.7768784,0.3193842,-0.6422827,0.6260226,0.3058797,
1,18,52.155,0.395192,0.04151291,-0.7768784,0.3193842,-0.6422827,0.6260226,0.3058797,
1,18,52.157,0.395192,0.04151291,-0.7768784,0.3193842,-0.6422827,0.6260226,0.3058797,
1,18,52.159,0.3952022,0.04145939,-0.7768424,0.319387,-0.6423066,0.6260183,0.3058356,
1,18,52.161,0.3952022,0.04145939,-0.7768424,0.319387,-0.6423066,0.6260183,0.3058356,
1,18,52.163,0.3952022,0.04145939,-0.7768424,0.319387,-0.6423066,0.6260183,0.3058356,
1,18,52.165,0.3952022,0.04145939,-0.7768424,0.319387,-0.6423066,0.6260183,0.3058356,
1,18,52.167,0.3952022,0.04145939,-0.7768424,0.319387,-0.6423066,0.6260183,0.3058356,
1,18,52.169,0.3951629,0.0414914,-0.7768412,0.3193732,-0.6422944,0.6260339,0.3058436,
1,18,52.171,0.3951629,0.0414914,-0.7768412,0.3193732,-0.6422944,0.6260339,0.3058436,
1,18,52.173,0.3951629,0.0414914,-0.7768412,0.3193732,-0.6422944,0.6260339,0.3058436,
1,18,52.175,0.3951629,0.0414914,-0.7768412,0.3193732,-0.6422944,0.6260339,0.3058436,
1,18,52.177,0.3951373,0.04145711,-0.7768614,0.31937,-0.642325,0.6259954,0.3058615,
1,18,52.179,0.3951373,0.04145711,-0.7768614,0.31937,-0.642325,0.6259954,0.3058615,
1,18,52.181,0.3951373,0.04145711,-0.7768614,0.31937,-0.642325,0.6259954,0.3058615,CourtEnter
1,18,52.183,0.3951373,0.04145711,-0.7768614,0.31937,-0.642325,0.6259954,0.3058615,
1,18,52.185,0.395178,0.04155736,-0.7767825,0.3193884,-0.6422615,0.6260856,0.3057908,
1,18,52.187,0.395178,0.04155736,-0.7767825,0.3193884,-0.6422615,0.6260856,0.3057908,
1,18,52.189,0.395178,0.04155736,-0.7767825,0.3193884,-0.6422615,0.6260856,0.3057908,CourtExit
1,18,52.191,0.395178,0.04155736,-0.7767825,0.3193884,-0.6422615,0.6260856,0.3057908,
1,18,52.193,0.3952039,0.04163608,-0.7767688,0.3195151,-0.6422563,0.6261181,0.305603,
1,18,52.195,0.3952039,0.04163608,-0.7767688,0.3195151,-0.6422563,0.6261181,0.305603,
1,18,52.197,0.3952039,0.04163608,-0.7767688,0.3195151,-0.6422563,0.6261181,0.305603,
1,18,52.199,0.3952039,0.04163608,-0.7767688,0.3195151,-0.6422563,0.6261181,0.305603,
1,18,52.201,0.3952309,0.04158125,-0.7768698,0.3194955,-0.6422894,0.6260555,0.3056822,
1,18,52.203,0.3952309,0.04158125,-0.7768698,0.3194955,-0.6422894,0.6260555,0.3056822,
1,18,52.205,0.3952309,0.04158125,-0.7768698,0.3194955,-0.6422894,0.6260555,0.3056822,
1,18,52.207,0.3952309,0.04158125,-0.7768698,0.3194955,-0.6422894,0.6260555,0.3056822,
1,18,52.209,0.3951462,0.04153255,-0.7768279,0.3193303,-0.6422718,0.6260731,0.3058557,
1,18,52.211,0.3951462,0.04153255,-0.7768279,0.3193303,-0.6422718,0.6260731,0.3058557,
1,18,52.213,0.3951462,0.04153255,-0.7768279,0.3193303,-0.6422718,0.6260731,0.3058557,
1,18,52.215,0.3951462,0.04153255,-0.7768279,0.3193303,-0.6422718,0.6260731,0.3058557,
1,18,52.217,0.3951462,0.04153255,-0.7768279,0.3193303,-0.6422718,0.6260731,0.3058557,
1,18,52.219,0.395142,0.04139201,-0.776903,0.3192742,-0.6423358,0.625966,0.3059991,
1,18,52.221,0.395142,0.04139201,-0.776903,0.3192742,-0.6423358,0.625966,0.3059991,
1,18,52.223,0.395142,0.04139201,-0.776903,0.3192742,-0.6423358,0.625966,0.3059991,
1,18,52.225,0.395142,0.04139201,-0.776903,0.3192742,-0.6423358,0.625966,0.3059991,
1,18,52.227,0.3951314,0.04147487,-0.7768128,0.3192305,-0.6422684,0.6260674,0.3059785,
1,18,52.229,0.3951314,0.04147487,-0.7768128,0.3192305,-0.6422684,0.6260674,0.3059785,
1,18,52.231,0.3951314,0.04147487,-0.7768128,0.3192305,-0.6422684,0.6260674,0.3059785,
1,18,52.233,0.3951314,0.04147487,-0.7768128,0.3192305,-0.6422684,0.6260674,0.3059785,
1,18,52.235,0.3951165,0.04156778,-0.7767676,0.3192708,-0.6422261,0.626113,0.3059319,
1,18,52.237,0.3951165,0.04156778,-0.7767676,0.3192708,-0.6422261,0.626113,0.3059319,
1,18,52.239,0.3951165,0.04156778,-0.7767676,0.3192708,-0.6422261,0.626113,0.3059319,
1,18,52.241,0.3951165,0.04156778,-0.7767676,0.3192708,-0.6422261,0.626113,0.3059319,
1,18,52.243,0.3951435,0.04154715,-0.776838,0.3192489,-0.6422108,0.6261051,0.3060026,
1,18,52.245,0.3951435,0.04154715,-0.776838,0.3192489,-0.6422108,0.6261051,0.3060026,
1,18,52.247,0.3951435,0.04154715,-0.776838,0.3192489,-0.6422108,0.6261051,0.3060026,
1,18,52.249,0.3951435,0.04154715,-0.776838,0.3192489,-0.6422108,0.6261051,0.3060026,
1,18,52.251,0.3951077,0.04146186,-0.7768105,0.3192236,-0.6422819,0.6260528,0.3059872,
1,18,52.253,0.3951077,0.04146186,-0.7768105,0.3192236,-0.6422819,0.6260528,0.3059872,
1,18,52.255,0.3951077,0.04146186,-0.7768105,0.3192236,-0.6422819,0.6260528,0.3059872,
1,18,52.257,0.3951077,0.04146186,-0.7768105,0.3192236,-0.6422819,0.6260528,0.3059872,
1,18,52.259,0.3951477,0.04150115,-0.7768051,0.3192353,-0.6422579,0.6260871,0.3059554,
1,18,52.261,0.3951477,0.04150115,-0.7768051,0.3192353,-0.6422579,0.6260871,0.3059554,
1,18,52.263,0.3951477,0.04150115,-0.7768051,0.3192353,-0.6422579,0.6260871,0.3059554,
1,18,52.265,0.3951477,0.04150115,-0.7768051,0.3192353,-0.6422579,0.6260871,0.3059554,
1,18,52.267,0.3951477,0.04150115,-0.7768051,0.3192353,-0.6422579,0.6260871,0.3059554,
1,18,52.269,0.3951191,0.04158317,-0.7767474,0.3192156,-0.6421947,0.6261544,0.3059708,
1,18,52.271,0.3951191,0.04158317,-0.7767474,0.3192156,-0.6421947,0.6261544,0.3059708,
1,18,52.273,0.3951191,0.04158317,-0.7767474,0.3192156,-0.6421947,0.6261544,0.3059708,
1,18,52.275,0.3951191,0.04158317,-0.7767474,0.3192156,-0.6421947,0.6261544,0.3059708,
1,18,52.277,0.3951277,0.04143097,-0.776853,0.3192444,-0.6423204,0.6260204,0.305951,
1,18,52.279,0.3951277,0.04143097,-0.776853,0.3192444,-0.6423204,0.6260204,0.305951,
1,18,52.281,0.3951277,0.04143097,-0.776853,0.3192444,-0.6423204,0.6260204,0.305951,
1,18,52.283,0.3951277,0.04143097,-0.776853,0.3192444,-0.6423204,0.6260204,0.305951,
1,18,52.285,0.3952021,0.0414812,-0.7768931,0.3193121,-0.6422633,0.6260346,0.3059714,
1,18,52.287,0.3952021,0.0414812,-0.7768931,0.3193121,-0.6422633,0.6260346,0.3059714,
1,18,52.289,0.3952021,0.0414812,-0.7768931,0.3193121,-0.6422633,0.6260346,0.3059714,
1,18,52.291,0.3952021,0.0414812,-0.7768931,0.3193121,-0.6422633,0.6260346,0.3059714,
1,18,52.293,0.3951986,0.04141076,-0.7769175,0.319298,-0.6422803,0.6259943,0.3060326,
1,18,52.295,0.3951986,0.04141076,-0.7769175,0.319298,-0.6422803,0.6259943,0.3060326,
1,18,52.297,0.3951986,0.04141076,-0.7769175,0.319298,-0.6422803,0.6259943,0.3060326,
1,18,52.299,0.3951986,0.04141076,-0.7769175,0.319298,-0.6422803,0.6259943,0.3060326,
1,18,52.301,0.3951738,0.04157631,-0.7768253,0.319345,-0.6421982,0.626099,0.3059418,
1,18,52.303,0.3951738,0.04157631,-0.7768253,0.319345,-0.6421982,0.626099,0.3059418,
1,18,52.305,0.3951738,0.04157631,-0.7768253,0.319345,-0.6421982,0.626099,0.3059418,
1,18,52.307,0.3951738,0.04157631,-0.7768253,0.319345,-0.6421982,0.626099,0.3059418,
1,18,52.309,0.3951028,0.04151167,-0.7767873,0.3192429,-0.6423084,0.6260651,0.3058864,
1,18,52.311,0.3951028,0.04151167,-0.7767873,0.3192429,-0.6423084,0.6260651,0.3058864,
1,18,52.313,0.3951028,0.04151167,-0.7767873,0.3192429,-0.6423084,0.6260651,0.3058864,
1,18,52.315,0.3951028,0.04151167,-0.7767873,0.3192429,-0.6423084,0.6260651,0.3058864,
1,18,52.317,0.3951028,0.04151167,-0.7767873,0.3192429,-0.6423084,0.6260651,0.3058864,
1,18,52.319,0.3950939,0.0414262,-0.7767951,0.3192445,-0.6423475,0.6260095,0.3059166,
1,18,52.321,0.3950939,0.0414262,-0.7767951,0.3192445,-0.6423475,0.6260095,0.3059166,
1,18,52.323,0.3950939,0.0414262,-0.7767951,0.3192445,-0.6423475,0.6260095,0.3059166,
1,18,52.325,0.3950939,0.0414262,-0.7767951,0.3192445,-0.6423475,0.6260095,0.3059166,
1,18,52.327,0.3950848,0.04141487,-0.7767606,0.3192148,-0.6423361,0.6260231,0.3059435,
1,18,52.329,0.3950848,0.04141487,-0.7767606,0.3192148,-0.6423361,0.6260231,0.3059435,
1,18,52.331,0.3950848,0.04141487,-0.7767606,0.3192148,-0.6423361,0.6260231,0.3059435,
1,18,52.333,0.3950848,0.04141487,-0.7767606,0.3192148,-0.6423361,0.6260231,0.3059435,
1,18,52.335,0.3950942,0.04142945,-0.7767712,0.319222,-0.6423404,0.6260437,0.3058846,
1,18,52.337,0.3950942,0.04142945,-0.7767712,0.319222,-0.6423404,0.6260437,0.3058846,
1,18,52.339,0.3950942,0.04142945,-0.7767712,0.319222,-0.6423404,0.6260437,0.3058846,
1,18,52.341,0.3950942,0.04142945,-0.7767712,0.319222,-0.6423404,0.6260437,0.3058846,
1,18,52.343,0.3951197,0.04149627,-0.7767285,0.3192467,-0.6423062,0.6261041,0.3058074,
1,18,52.345,0.3951197,0.04149627,-0.7767285,0.3192467,-0.6423062,0.6261041,0.3058074,
1,18,52.347,0.3951197,0.04149627,-0.7767285,0.3192467,-0.6423062,0.6261041,0.3058074,
1,18,52.349,0.3951197,0.04149627,-0.7767285,0.3192467,-0.6423062,0.6261041,0.3058074,
1,18,52.351,0.3950924,0.04128838,-0.7768456,0.3192805,-0.6424438,0.6259032,0.305894,
1,18,52.353,0.3950924,0.04128838,-0.7768456,0.3192805,-0.6424438,0.6259032,0.305894,
1,18,52.355,0.3950924,0.04128838,-0.7768456,0.3192805,-0.6424438,0.6259032,0.305894,
1,18,52.357,0.3950924,0.04128838,-0.7768456,0.3192805,-0.6424438,0.6259032,0.305894,
1,18,52.359,0.3951038,0.04143791,-0.7767323,0.3192301,-0.642363,0.6260304,0.3058561,
1,18,52.361,0.3951038,0.04143791,-0.7767323,0.3192301,-0.642363,0.6260304,0.3058561,
1,18,52.363,0.3951038,0.04143791,-0.7767323,0.3192301,-0.642363,0.6260304,0.3058561,
1,18,52.365,0.3951038,0.04143791,-0.7767323,0.3192301,-0.642363,0.6260304,0.3058561,
1,18,52.367,0.3951038,0.04143791,-0.7767323,0.3192301,-0.642363,0.6260304,0.3058561,
1,18,52.369,0.395035,0.04140407,-0.7767445,0.319208,-0.6423938,0.6260132,0.3058495,
1,18,52.371,0.395035,0.04140407,-0.7767445,0.319208,-0.6423938,0.6260132,0.3058495,
1,18,52.373,0.395035,0.04140407,-0.7767445,0.319208,-0.6423938,0.6260132,0.3058495,
1,18,52.375,0.395035,0.04140407,-0.7767445,0.319208,-0.6423938,0.6260132,0.3058495,
1,18,52.377,0.3951254,0.04144682,-0.7768195,0.3192824,-0.6423175,0.6260321,0.3058938,
1,18,52.379,0.3951254,0.04144682,-0.7768195,0.3192824,-0.6423175,0.6260321,0.3058938,
1,18,52.381,0.3951254,0.04144682,-0.7768195,0.3192824,-0.6423175,0.6260321,0.3058938,
1,18,52.383,0.3951254,0.04144682,-0.7768195,0.3192824,-0.6423175,0.6260321,0.3058938,
1,18,52.385,0.3951095,0.04136953,-0.7768675,0.3192925,-0.6423576,0.6259565,0.3059535,
1,18,52.387,0.3951095,0.04136953,-0.7768675,0.3192925,-0.6423576,0.6259565,0.3059535,
1,18,52.389,0.3951095,0.04136953,-0.7768675,0.3192925,-0.6423576,0.6259565,0.3059535,
1,18,52.391,0.3951095,0.04136953,-0.7768675,0.3192925,-0.6423576,0.6259565,0.3059535,
1,18,52.393,0.3951741,0.04150297,-0.7768456,0.3192913,-0.6422573,0.6260728,0.3059273,
1,18,52.395,0.3951741,0.04150297,-0.7768456,0.3192913,-0.6422573,0.6260728,0.3059273,
1,18,52.397,0.3951741,0.04150297,-0.7768456,0.3192913,-0.6422573,0.6260728,0.3059273,
1,18,52.399,0.3951741,0.04150297,-0.7768456,0.3192913,-0.6422573,0.6260728,0.3059273,
1,18,52.401,0.3951798,0.04148983,-0.7768521,0.3193066,-0.6422668,0.6260523,0.3059334,
1,18,52.403,0.3951798,0.04148983,-0.7768521,0.3193066,-0.6422668,0.6260523,0.3059334,
1,18,52.405,0.3951798,0.04148983,-0.7768521,0.3193066,-0.6422668,0.6260523,0.3059334,
1,18,52.407,0.3951798,0.04148983,-0.7768521,0.3193066,-0.6422668,0.6260523,0.3059334,
1,18,52.409,0.3951273,0.04142378,-0.7768515,0.3193134,-0.642341,0.6259644,0.3059504,
1,18,52.411,0.3951273,0.04142378,-0.7768515,0.3193134,-0.642341,0.6259644,0.3059504,
1,18,52.413,0.3951273,0.04142378,-0.7768515,0.3193134,-0.642341,0.6259644,0.3059504,
1,18,52.415,0.3951273,0.04142378,-0.7768515,0.3193134,-0.642341,0.6259644,0.3059504,
1,18,52.417,0.3951273,0.04142378,-0.7768515,0.3193134,-0.642341,0.6259644,0.3059504,
1,18,52.419,0.3951043,0.04145436,-0.7767795,0.3192825,-0.6423506,0.6260005,0.3058885,
1,18,52.421,0.3951043,0.04145436,-0.7767795,0.3192825,-0.6423506,0.6260005,0.3058885,
1,18,52.423,0.3951043,0.04145436,-0.7767795,0.3192825,-0.6423506,0.6260005,0.3058885,
1,18,52.425,0.3951043,0.04145436,-0.7767795,0.3192825,-0.6423506,0.6260005,0.3058885,
1,18,52.427,0.3951077,0.04149147,-0.7767878,0.3192632,-0.642312,0.6260592,0.3058694,
1,18,52.429,0.3951077,0.04149147,-0.7767878,0.3192632,-0.642312,0.6260592,0.3058694,
1,18,52.431,0.3951077,0.04149147,-0.7767878,0.3192632,-0.642312,0.6260592,0.3058694,
1,18,52.433,0.3951077,0.04149147,-0.7767878,0.3192632,-0.642312,0.6260592,0.3058694,
1,18,52.435,0.3951195,0.04151754,-0.7767715,0.3192469,-0.6422917,0.6260947,0.3058569,
1,18,52.437,0.3951195,0.04151754,-0.7767715,0.3192469,-0.6422917,0.6260947,0.3058569,
1,18,52.439,0.3951195,0.04151754,-0.7767715,0.3192469,-0.6422917,0.6260947,0.3058569,
1,18,52.441,0.3951195,0.04151754,-0.7767715,0.3192469,-0.6422917,0.6260947,0.3058569,
1,18,52.443,0.3951186,0.04138158,-0.7768546,0.319302,-0.64237,0.6259508,0.3059291,
1,18,52.445,0.3951186,0.04138158,-0.7768546,0.319302,-0.64237,0.6259508,0.3059291,
1,18,52.447,0.3951186,0.04138158,-0.7768546,0.319302,-0.64237,0.6259508,0.3059291,
1,18,52.449,0.3951186,0.04138158,-0.7768546,0.319302,-0.64237,0.6259508,0.3059291,
1,18,52.451,0.3951642,0.04146098,-0.7768543,0.3193226,-0.6422887,0.626009,0.3059592,
1,18,52.453,0.3951642,0.04146098,-0.7768543,0.3193226,-0.6422887,0.626009,0.3059592,
1,18,52.455,0.3951642,0.04146098,-0.7768543,0.3193226,-0.6422887,0.626009,0.3059592,
1,18,52.457,0.3951642,0.04146098,-0.7768543,0.3193226,-0.6422887,0.626009,0.3059592,
1,18,52.459,0.3950908,0.0415138,-0.7767527,0.319225,-0.6422983,0.6260917,0.3058718,
1,18,52.461,0.3950908,0.0415138,-0.7767527,0.319225,-0.6422983,0.6260917,0.3058718,
1,18,52.463,0.3950908,0.0415138,-0.7767527,0.319225,-0.6422983,0.6260917,0.3058718,
1,18,52.465,0.3950908,0.0415138,-0.7767527,0.319225,-0.6422983,0.6260917,0.3058718,
1,18,52.467,0.3950908,0.0415138,-0.7767527,0.319225,-0.6422983,0.6260917,0.3058718,
1,18,52.469,0.3951619,0.04170835,-0.7767324,0.3195617,-0.6422406,0.6261554,0.3055108,
1,18,52.471,0.3951619,0.04170835,-0.7767324,0.3195617,-0.6422406,0.6261554,0.3055108,
1,18,52.473,0.3951619,0.04170835,-0.7767324,0.3195617,-0.6422406,0.6261554,0.3055108,
1,18,52.475,0.3951619,0.04170835,-0.7767324,0.3195617,-0.6422406,0.6261554,0.3055108,
1,18,52.477,0.3951291,0.04161234,-0.7767553,0.3194103,-0.6422584,0.6261026,0.3057399,
1,18,52.479,0.3951291,0.04161234,-0.7767553,0.3194103,-0.6422584,0.6261026,0.3057399,
1,18,52.481,0.3951291,0.04161234,-0.7767553,0.3194103,-0.6422584,0.6261026,0.3057399,
1,18,52.483,0.3951291,0.04161234,-0.7767553,0.3194103,-0.6422584,0.6261026,0.3057399,
1,18,52.485,0.395125,0.04151745,-0.7768064,0.3194173,-0.6423172,0.6260112,0.3057963,
1,18,52.487,0.395125,0.04151745,-0.7768064,0.3194173,-0.6423172,0.6260112,0.3057963,
1,18,52.489,0.395125,0.04151745,-0.7768064,0.3194173,-0.6423172,0.6260112,0.3057963,
1,18,52.491,0.395125,0.04151745,-0.7768064,0.3194173,-0.6423172,0.6260112,0.3057963,
1,18,52.493,0.3952015,0.04156153,-0.7767603,0.3194852,-0.6423247,0.626061,0.3056073,
1,18,52.495,0.3952015,0.04156153,-0.7767603,0.3194852,-0.6423247,0.626061,0.3056073,
1,18,52.497,0.3952015,0.04156153,-0.7767603,0.3194852,-0.6423247,0.626061,0.3056073,
1,18,52.499,0.3952015,0.04156153,-0.7767603,0.3194852,-0.6423247,0.626061,0.3056073,
1,18,52.501,0.3951598,0.04164819,-0.7767326,0.3195106,-0.6422803,0.626098,0.3055984,
1,18,52.503,0.3951598,0.04164819,-0.7767326,0.3195106,-0.6422803,0.626098,0.3055984,
1,18,52.505,0.3951598,0.04164819,-0.7767326,0.3195106,-0.6422803,0.626098,0.3055984,
1,18,52.507,0.3951598,0.04164819,-0.7767326,0.3195106,-0.6422803,0.626098,0.3055984,
1,18,52.509,0.395236,0.04160934,-0.7768072,0.3195558,-0.6422651,0.6260842,0.3056115,
1,18,52.511,0.395236,0.04160934,-0.7768072,0.3195558,-0.6422651,0.6260842,0.3056115,
1,18,52.513,0.395236,0.04160934,-0.7768072,0.3195558,-0.6422651,0.6260842,0.3056115,
1,18,52.515,0.395236,0.04160934,-0.7768072,0.3195558,-0.6422651,0.6260842,0.3056115,
1,18,52.517,0.395236,0.04160934,-0.7768072,0.3195558,-0.6422651,0.6260842,0.3056115,
1,18,52.519,0.3951458,0.0416075,-0.7767751,0.3194619,-0.6422912,0.6260858,0.3056514,
1,18,52.521,0.3951458,0.0416075,-0.7767751,0.3194619,-0.6422912,0.6260858,0.3056514,
1,18,52.523,0.3951458,0.0416075,-0.7767751,0.3194619,-0.6422912,0.6260858,0.3056514,
1,18,52.525,0.3951458,0.0416075,-0.7767751,0.3194619,-0.6422912,0.6260858,0.3056514,
1,18,52.527,0.3951407,0.04148366,-0.7767856,0.3194115,-0.64236,0.6259921,0.3057513,
1,18,52.529,0.3951407,0.04148366,-0.7767856,0.3194115,-0.64236,0.6259921,0.3057513,
1,18,52.531,0.3951407,0.04148366,-0.7767856,0.3194115,-0.64236,0.6259921,0.3057513,
1,18,52.533,0.3951407,0.04148366,-0.7767856,0.3194115,-0.64236,0.6259921,0.3057513,
1,18,52.535,0.3952065,0.04156317,-0.7767746,0.3194665,-0.6423031,0.6260772,0.3056389,
1,18,52.537,0.3952065,0.04156317,-0.7767746,0.3194665,-0.6423031,0.6260772,0.3056389,
1,18,52.539,0.3952065,0.04156317,-0.7767746,0.3194665,-0.6423031,0.6260772,0.3056389,
1,18,52.541,0.3952065,0.04156317,-0.7767746,0.3194665,-0.6423031,0.6260772,0.3056389,
1,18,52.543,0.3952271,0.04158265,-0.776818,0.319589,-0.6423212,0.6260458,0.3055371,
1,18,52.545,0.3952271,0.04158265,-0.776818,0.319589,-0.6423212,0.6260458,0.3055371,
1,18,52.547,0.3952271,0.04158265,-0.776818,0.319589,-0.6423212,0.6260458,0.3055371,
1,18,52.549,0.3952271,0.04158265,-0.776818,0.319589,-0.6423212,0.6260458,0.3055371,
1,18,52.551,0.3952647,0.04166843,-0.7767937,0.3196185,-0.6422663,0.6261048,0.3055009,
1,18,52.553,0.3952647,0.04166843,-0.7767937,0.3196185,-0.6422663,0.6261048,0.3055009,
1,18,52.555,0.3952647,0.04166843,-0.7767937,0.3196185,-0.6422663,0.6261048,0.3055009,
1,18,52.557,0.3952647,0.04166843,-0.7767937,0.3196185,-0.6422663,0.6261048,0.3055009,
1,18,52.559,0.3951964,0.04167665,-0.7767762,0.3195514,-0.6422641,0.6261219,0.3055406,
1,18,52.561,0.3951964,0.04167665,-0.7767762,0.3195514,-0.6422641,0.6261219,0.3055406,
1,18,52.563,0.3951964,0.04167665,-0.7767762,0.3195514,-0.6422641,0.6261219,0.3055406,
1,18,52.565,0.3951964,0.04167665,-0.7767762,0.3195514,-0.6422641,0.6261219,0.3055406,
1,18,52.567,0.3951964,0.04167665,-0.7767762,0.3195514,-0.6422641,0.6261219,0.3055406,
1,18,52.569,0.3952029,0.04156883,-0.7767969,0.3195101,-0.6423297,0.6260324,0.3056297,
1,18,52.571,0.3952029,0.04156883,-0.7767969,0.3195101,-0.6423297,0.6260324,0.3056297,
1,18,52.573,0.3952029,0.04156883,-0.7767969,0.3195101,-0.6423297,0.6260324,0.3056297,
1,18,52.575,0.3952029,0.04156883,-0.7767969,0.3195101,-0.6423297,0.6260324,0.3056297,
1,18,52.577,0.3951589,0.0414778,-0.7768292,0.3194325,-0.6423472,0.6259803,0.3057805,
1,18,52.579,0.3951589,0.0414778,-0.7768292,0.3194325,-0.6423472,0.6259803,0.3057805,
1,18,52.581,0.3951589,0.0414778,-0.7768292,0.3194325,-0.6423472,0.6259803,0.3057805,
1,18,52.583,0.3951589,0.0414778,-0.7768292,0.3194325,-0.6423472,0.6259803,0.3057805,
1,18,52.585,0.3951378,0.04154945,-0.7767814,0.3193913,-0.642292,0.6260592,0.3057779,
1,18,52.587,0.3951378,0.04154945,-0.7767814,0.3193913,-0.642292,0.6260592,0.3057779,
1,18,52.589,0.3951378,0.04154945,-0.7767814,0.3193913,-0.642292,0.6260592,0.3057779,
1,18,52.591,0.3951378,0.04154945,-0.7767814,0.3193913,-0.642292,0.6260592,0.3057779,
1,18,52.593,0.3952299,0.04150167,-0.7768223,0.3194751,-0.6423256,0.6260325,0.3056744,
1,18,52.595,0.3952299,0.04150167,-0.7768223,0.3194751,-0.6423256,0.6260325,0.3056744,
1,18,52.597,0.3952299,0.04150167,-0.7768223,0.3194751,-0.6423256,0.6260325,0.3056744,
1,18,52.599,0.3952299,0.04150167,-0.7768223,0.3194751,-0.6423256,0.6260325,0.3056744,
1,18,52.601,0.395272,0.04158012,-0.7768517,0.319638,-0.6423109,0.6260271,0.3055461,
1,18,52.603,0.395272,0.04158012,-0.7768517,0.319638,-0.6423109,0.6260271,0.3055461,
1,18,52.605,0.395272,0.04158012,-0.7768517,0.319638,-0.6423109,0.6260271,0.3055461,
1,18,52.607,0.395272,0.04158012,-0.7768517,0.319638,-0.6423109,0.6260271,0.3055461,
1,18,52.609,0.3951179,0.04155803,-0.7767624,0.3193654,-0.6423326,0.6260611,0.3057158,
1,18,52.611,0.3951179,0.04155803,-0.7767624,0.3193654,-0.6423326,0.6260611,0.3057158,
1,18,52.613,0.3951179,0.04155803,-0.7767624,0.3193654,-0.6423326,0.6260611,0.3057158,
1,18,52.615,0.3951179,0.04155803,-0.7767624,0.3193654,-0.6423326,0.6260611,0.3057158,
1,18,52.617,0.3951179,0.04155803,-0.7767624,0.3193654,-0.6423326,0.6260611,0.3057158,
1,18,52.619,0.3950963,0.04151376,-0.7767018,0.3192808,-0.6423774,0.6260673,0.3056972,
1,18,52.621,0.3950963,0.04151376,-0.7767018,0.3192808,-0.6423774,0.6260673,0.3056972,
1,18,52.623,0.3950963,0.04151376,-0.7767018,0.3192808,-0.6423774,0.6260673,0.3056972,
1,18,52.625,0.3950963,0.04151376,-0.7767018,0.3192808,-0.6423774,0.6260673,0.3056972,
1,18,52.627,0.3950942,0.04146522,-0.776778,0.3192745,-0.6423408,0.6260232,0.3058712,
1,18,52.629,0.3950942,0.04146522,-0.776778,0.3192745,-0.6423408,0.6260232,0.3058712,
1,18,52.631,0.3950942,0.04146522,-0.776778,0.3192745,-0.6423408,0.6260232,0.3058712,
1,18,52.633,0.3950942,0.04146522,-0.776778,0.3192745,-0.6423408,0.6260232,0.3058712,
1,18,52.635,0.3951999,0.04147239,-0.7768353,0.319332,-0.6422753,0.6260467,0.3059006,
1,18,52.637,0.3951999,0.04147239,-0.7768353,0.319332,-0.6422753,0.6260467,0.3059006,
1,18,52.639,0.3951999,0.04147239,-0.7768353,0.319332,-0.6422753,0.6260467,0.3059006,
1,18,52.641,0.3951999,0.04147239,-0.7768353,0.319332,-0.6422753,0.6260467,0.3059006,
1,18,52.643,0.3951297,0.04141762,-0.7768009,0.3193077,-0.6423419,0.6260016,0.3058783,
1,18,52.645,0.3951297,0.04141762,-0.7768009,0.3193077,-0.6423419,0.6260016,0.3058783,
1,18,52.647,0.3951297,0.04141762,-0.7768009,0.3193077,-0.6423419,0.6260016,0.3058783,
1,18,52.649,0.3951297,0.04141762,-0.7768009,0.3193077,-0.6423419,0.6260016,0.3058783,
1,18,52.651,0.3951185,0.04144334,-0.7767951,0.3192737,-0.6423168,0.6260211,0.3059267,
1,18,52.653,0.3951185,0.04144334,-0.7767951,0.3192737,-0.6423168,0.6260211,0.3059267,
1,18,52.655,0.3951185,0.04144334,-0.7767951,0.3192737,-0.6423168,0.6260211,0.3059267,
1,18,52.657,0.3951185,0.04144334,-0.7767951,0.3192737,-0.6423168,0.6260211,0.3059267,
1,18,52.659,0.3951251,0.04136933,-0.7768333,0.3192607,-0.6423687,0.6259618,0.3059526,
1,18,52.661,0.3951251,0.04136933,-0.7768333,0.3192607,-0.6423687,0.6259618,0.3059526,
1,18,52.663,0.3951251,0.04136933,-0.7768333,0.3192607,-0.6423687,0.6259618,0.3059526,
1,18,52.665,0.3951251,0.04136933,-0.7768333,0.3192607,-0.6423687,0.6259618,0.3059526,
1,18,52.667,0.3951251,0.04136933,-0.7768333,0.3192607,-0.6423687,0.6259618,0.3059526,
1,18,52.669,0.3951102,0.04149665,-0.7767558,0.3192415,-0.6423182,0.6260722,0.3058525,
1,18,52.671,0.3951102,0.04149665,-0.7767558,0.3192415,-0.6423182,0.6260722,0.3058525,
1,18,52.673,0.3951102,0.04149665,-0.7767558,0.3192415,-0.6423182,0.6260722,0.3058525,
1,18,52.675,0.3951102,0.04149665,-0.7767558,0.3192415,-0.6423182,0.6260722,0.3058525,
1,18,52.677,0.3951166,0.04149776,-0.7767656,0.3192613,-0.642273,0.6260942,0.3058819,
1,18,52.679,0.3951166,0.04149776,-0.7767656,0.3192613,-0.642273,0.6260942,0.3058819,
1,18,52.681,0.3951166,0.04149776,-0.7767656,0.3192613,-0.642273,0.6260942,0.3058819,
1,18,52.683,0.3951166,0.04149776,-0.7767656,0.3192613,-0.642273,0.6260942,0.3058819,
1,18,52.685,0.3951841,0.041453,-0.7768243,0.3192987,-0.6423032,0.6260452,0.3058799,
1,18,52.687,0.3951841,0.041453,-0.7768243,0.3192987,-0.6423032,0.6260452,0.3058799,
1,18,52.689,0.3951841,0.041453,-0.7768243,0.3192987,-0.6423032,0.6260452,0.3058799,
1,18,52.691,0.3951841,0.041453,-0.7768243,0.3192987,-0.6423032,0.6260452,0.3058799,
1,18,52.693,0.3950961,0.04148894,-0.7767928,0.319266,-0.6423093,0.6260542,0.3058828,
1,18,52.695,0.3950961,0.04148894,-0.7767928,0.319266,-0.6423093,0.6260542,0.3058828,
1,18,52.697,0.3950961,0.04148894,-0.7767928,0.319266,-0.6423093,0.6260542,0.3058828,
1,18,52.699,0.3950961,0.04148894,-0.7767928,0.319266,-0.6423093,0.6260542,0.3058828,
1,18,52.701,0.3951545,0.04151282,-0.7767791,0.3193285,-0.6422827,0.6260612,0.3058589,
1,18,52.703,0.3951545,0.04151282,-0.7767791,0.3193285,-0.6422827,0.6260612,0.3058589,
1,18,52.705,0.3951545,0.04151282,-0.7767791,0.3193285,-0.6422827,0.6260612,0.3058589,
1,18,52.707,0.3951545,0.04151282,-0.7767791,0.3193285,-0.6422827,0.6260612,0.3058589,
1,18,52.709,0.3951116,0.04141837,-0.7768185,0.3192751,-0.6423556,0.6260021,0.3058828,
1,18,52.711,0.3951116,0.04141837,-0.7768185,0.3192751,-0.6423556,0.6260021,0.3058828,
1,18,52.713,0.3951116,0.04141837,-0.7768185,0.3192751,-0.6423556,0.6260021,0.3058828,
1,18,52.715,0.3951116,0.04141837,-0.7768185,0.3192751,-0.6423556,0.6260021,0.3058828,
1,18,52.717,0.3951116,0.04141837,-0.7768185,0.3192751,-0.6423556,0.6260021,0.3058828,
1,18,52.719,0.395154,0.04144902,-0.7768192,0.3192911,-0.6423001,0.6260273,0.3059309,
1,18,52.721,0.395154,0.04144902,-0.7768192,0.3192911,-0.6423001,0.6260273,0.3059309,
1,18,52.723,0.395154,0.04144902,-0.7768192,0.3192911,-0.6423001,0.6260273,0.3059309,
1,18,52.725,0.395154,0.04144902,-0.7768192,0.3192911,-0.6423001,0.6260273,0.3059309,
1,18,52.727,0.3951465,0.04136023,-0.776855,0.319301,-0.6423598,0.6259549,0.3059433,
1,18,52.729,0.3951465,0.04136023,-0.776855,0.319301,-0.6423598,0.6259549,0.3059433,
1,18,52.731,0.3951465,0.04136023,-0.776855,0.319301,-0.6423598,0.6259549,0.3059433,
1,18,52.733,0.3951465,0.04136023,-0.776855,0.319301,-0.6423598,0.6259549,0.3059433,
1,18,52.735,0.3950792,0.04146024,-0.7767656,0.3193251,-0.642359,0.6260192,0.3057884,
1,18,52.737,0.3950792,0.04146024,-0.7767656,0.3193251,-0.642359,0.6260192,0.3057884,
1,18,52.739,0.3950792,0.04146024,-0.7767656,0.3193251,-0.642359,0.6260192,0.3057884,
1,18,52.741,0.3950792,0.04146024,-0.7767656,0.3193251,-0.642359,0.6260192,0.3057884,
1,18,52.743,0.3951593,0.04141921,-0.7768509,0.3194069,-0.6423668,0.6259617,0.305804,
1,18,52.745,0.3951593,0.04141921,-0.7768509,0.3194069,-0.6423668,0.6259617,0.305804,
1,18,52.747,0.3951593,0.04141921,-0.7768509,0.3194069,-0.6423668,0.6259617,0.305804,
1,18,52.749,0.3951593,0.04141921,-0.7768509,0.3194069,-0.6423668,0.6259617,0.305804,
1,18,52.751,0.395175,0.04153981,-0.776808,0.3195389,-0.6423413,0.6260248,0.3055907,
1,18,52.753,0.395175,0.04153981,-0.776808,0.3195389,-0.6423413,0.6260248,0.3055907,
1,18,52.755,0.395175,0.04153981,-0.776808,0.3195389,-0.6423413,0.6260248,0.3055907,
1,18,52.757,0.395175,0.04153981,-0.776808,0.3195389,-0.6423413,0.6260248,0.3055907,
1,18,52.759,0.3951954,0.04155802,-0.7768292,0.3195335,-0.6423077,0.6260415,0.3056327,
1,18,52.761,0.3951954,0.04155802,-0.7768292,0.3195335,-0.6423077,0.6260415,0.3056327,
1,18,52.763,0.3951954,0.04155802,-0.7768292,0.3195335,-0.6423077,0.6260415,0.3056327,
1,18,52.765,0.3951954,0.04155802,-0.7768292,0.3195335,-0.6423077,0.6260415,0.3056327,
1,18,52.767,0.3951954,0.04155802,-0.7768292,0.3195335,-0.6423077,0.6260415,0.3056327,
1,18,52.769,0.3951987,0.04158174,-0.7768123,0.3194831,-0.6422697,0.6260679,0.305711,
1,18,52.771,0.3951987,0.04158174,-0.7768123,0.3194831,-0.6422697,0.6260679,0.305711,
1,18,52.773,0.3951987,0.04158174,-0.7768123,0.3194831,-0.6422697,0.6260679,0.305711,
1,18,52.775,0.3951987,0.04158174,-0.7768123,0.3194831,-0.6422697,0.6260679,0.305711,
1,18,52.777,0.3951151,0.04148418,-0.7767994,0.3194046,-0.6423355,0.6260041,0.3057857,
1,18,52.779,0.3951151,0.04148418,-0.7767994,0.3194046,-0.6423355,0.6260041,0.3057857,
1,18,52.781,0.3951151,0.04148418,-0.7767994,0.3194046,-0.6423355,0.6260041,0.3057857,
1,18,52.783,0.3951151,0.04148418,-0.7767994,0.3194046,-0.6423355,0.6260041,0.3057857,
1,18,52.785,0.3951287,0.04152529,-0.776783,0.3194151,-0.6423126,0.6260356,0.3057581,
1,18,52.787,0.3951287,0.04152529,-0.776783,0.3194151,-0.6423126,0.6260356,0.3057581,
1,18,52.789,0.3951287,0.04152529,-0.776783,0.3194151,-0.6423126,0.6260356,0.3057581,
1,18,52.791,0.3951287,0.04152529,-0.776783,0.3194151,-0.6423126,0.6260356,0.3057581,
1,18,52.793,0.3951448,0.04135881,-0.7768708,0.3194256,-0.6423911,0.6259161,0.3058269,
1,18,52.795,0.3951448,0.04135881,-0.7768708,0.3194256,-0.6423911,0.6259161,0.3058269,
1,18,52.797,0.3951448,0.04135881,-0.7768708,0.3194256,-0.6423911,0.6259161,0.3058269,
1,18,52.799,0.3951448,0.04135881,-0.7768708,0.3194256,-0.6423911,0.6259161,0.3058269,
1,18,52.801,0.3951658,0.04131898,-0.7769054,0.3194304,-0.6424096,0.6258865,0.3058438,
1,18,52.803,0.3951658,0.04131898,-0.7769054,0.3194304,-0.6424096,0.6258865,0.3058438,
1,18,52.805,0.3951658,0.04131898,-0.7769054,0.3194304,-0.6424096,0.6258865,0.3058438,
1,18,52.807,0.3951658,0.04131898,-0.7769054,0.3194304,-0.6424096,0.6258865,0.3058438,
1,18,52.809,0.3951503,0.04144086,-0.776837,0.3194063,-0.6423603,0.6259643,0.3058129,
1,18,52.811,0.3951503,0.04144086,-0.776837,0.3194063,-0.6423603,0.6259643,0.3058129,
1,18,52.813,0.3951503,0.04144086,-0.776837,0.3194063,-0.6423603,0.6259643,0.3058129,
1,18,52.815,0.3951503,0.04144086,-0.776837,0.3194063,-0.6423603,0.6259643,0.3058129,
1,18,52.817,0.3951503,0.04144086,-0.776837,0.3194063,-0.6423603,0.6259643,0.3058129,
1,18,52.819,0.3951851,0.04148782,-0.7768198,0.3194606,-0.6423357,0.6260243,0.305685,
1,18,52.821,0.3951851,0.04148782,-0.7768198,0.3194606,-0.6423357,0.6260243,0.305685,
1,18,52.823,0.3951851,0.04148782,-0.7768198,0.3194606,-0.6423357,0.6260243,0.305685,
1,18,52.825,0.3951851,0.04148782,-0.7768198,0.3194606,-0.6423357,0.6260243,0.305685,
1,18,52.827,0.3951689,0.04147468,-0.776859,0.3195147,-0.6423562,0.6259675,0.3057019,
1,18,52.829,0.3951689,0.04147468,-0.776859,0.3195147,-0.6423562,0.6259675,0.3057019,
1,18,52.831,0.3951689,0.04147468,-0.776859,0.3195147,-0.6423562,0.6259675,0.3057019,
1,18,52.833,0.3951689,0.04147468,-0.776859,0.3195147,-0.6423562,0.6259675,0.3057019,
1,18,52.835,0.3951357,0.04155603,-0.7767714,0.3194832,-0.6423396,0.6260496,0.3056017,
1,18,52.837,0.3951357,0.04155603,-0.7767714,0.3194832,-0.6423396,0.6260496,0.3056017,
1,18,52.839,0.3951357,0.04155603,-0.7767714,0.3194832,-0.6423396,0.6260496,0.3056017,
1,18,52.841,0.3951357,0.04155603,-0.7767714,0.3194832,-0.6423396,0.6260496,0.3056017,
1,18,52.843,0.3952112,0.04158947,-0.7768016,0.319653,-0.6423249,0.6260556,0.3054422,
1,18,52.845,0.3952112,0.04158947,-0.7768016,0.319653,-0.6423249,0.6260556,0.3054422,
1,18,52.847,0.3952112,0.04158947,-0.7768016,0.319653,-0.6423249,0.6260556,0.3054422,
1,18,52.849,0.3952112,0.04158947,-0.7768016,0.319653,-0.6423249,0.6260556,0.3054422,
1,18,52.851,0.3951767,0.0414476,-0.7768825,0.3195503,-0.6423793,0.6259372,0.3056781,
1,18,52.853,0.3951767,0.0414476,-0.7768825,0.3195503,-0.6423793,0.6259372,0.3056781,
1,18,52.855,0.3951767,0.0414476,-0.7768825,0.3195503,-0.6423793,0.6259372,0.3056781,
1,18,52.857,0.3951767,0.0414476,-0.7768825,0.3195503,-0.6423793,0.6259372,0.3056781,
1,18,52.859,0.3951647,0.04139021,-0.7768497,0.3194384,-0.642405,0.6259161,0.3057843,
1,18,52.861,0.3951647,0.04139021,-0.7768497,0.3194384,-0.642405,0.6259161,0.3057843,
1,18,52.863,0.3951647,0.04139021,-0.7768497,0.3194384,-0.642405,0.6259161,0.3057843,
1,18,52.865,0.3951647,0.04139021,-0.7768497,0.3194384,-0.642405,0.6259161,0.3057843,
1,18,52.867,0.3951647,0.04139021,-0.7768497,0.3194384,-0.642405,0.6259161,0.3057843,
1,18,52.869,0.3951915,0.04160899,-0.7767867,0.3195261,-0.6422735,0.6260892,0.3056146,
1,18,52.871,0.3951915,0.04160899,-0.7767867,0.3195261,-0.6422735,0.6260892,0.3056146,
1,18,52.873,0.3951915,0.04160899,-0.7767867,0.3195261,-0.6422735,0.6260892,0.3056146,
1,18,52.875,0.3951915,0.04160899,-0.7767867,0.3195261,-0.6422735,0.6260892,0.3056146,
1,18,52.877,0.3951587,0.0415806,-0.7767923,0.3195252,-0.6422948,0.6260765,0.3055965,
1,18,52.879,0.3951587,0.0415806,-0.7767923,0.3195252,-0.6422948,0.6260765,0.3055965,
1,18,52.881,0.3951587,0.0415806,-0.7767923,0.3195252,-0.6422948,0.6260765,0.3055965,
1,18,52.883,0.3951587,0.0415806,-0.7767923,0.3195252,-0.6422948,0.6260765,0.3055965,
1,18,52.885,0.3951477,0.04150001,-0.7768263,0.3194991,-0.6423454,0.625998,0.3056782,
1,18,52.887,0.3951477,0.04150001,-0.7768263,0.3194991,-0.6423454,0.625998,0.3056782,
1,18,52.889,0.3951477,0.04150001,-0.7768263,0.3194991,-0.6423454,0.625998,0.3056782,
1,18,52.891,0.3951477,0.04150001,-0.7768263,0.3194991,-0.6423454,0.625998,0.3056782,
1,18,52.893,0.3951389,0.04149405,-0.77684,0.3194429,-0.6423098,0.6260087,0.3057897,
1,18,52.895,0.3951389,0.04149405,-0.77684,0.3194429,-0.6423098,0.6260087,0.3057897,
1,18,52.897,0.3951389,0.04149405,-0.77684,0.3194429,-0.6423098,0.6260087,0.3057897,
1,18,52.899,0.3951389,0.04149405,-0.77684,0.3194429,-0.6423098,0.6260087,0.3057897,
1,18,52.901,0.3951499,0.04147229,-0.7768465,0.3194067,-0.6423237,0.6260036,0.3058093,
1,18,52.903,0.3951499,0.04147229,-0.7768465,0.3194067,-0.6423237,0.6260036,0.3058093,
1,18,52.905,0.3951499,0.04147229,-0.7768465,0.3194067,-0.6423237,0.6260036,0.3058093,
1,18,52.907,0.3951499,0.04147229,-0.7768465,0.3194067,-0.6423237,0.6260036,0.3058093,
1,18,52.909,0.3951092,0.04145523,-0.7768472,0.3193294,-0.6423256,0.6259911,0.3059115,
1,18,52.911,0.3951092,0.04145523,-0.7768472,0.3193294,-0.6423256,0.6259911,0.3059115,
1,18,52.913,0.3951092,0.04145523,-0.7768472,0.3193294,-0.6423256,0.6259911,0.3059115,
1,18,52.915,0.3951092,0.04145523,-0.7768472,0.3193294,-0.6423256,0.6259911,0.3059115,
1,18,52.917,0.3951092,0.04145523,-0.7768472,0.3193294,-0.6423256,0.6259911,0.3059115,
1,18,52.919,0.3950875,0.04142681,-0.7767838,0.3192811,-0.6423786,0.6260075,0.3058169,
1,18,52.921,0.3950875,0.04142681,-0.7767838,0.3192811,-0.6423786,0.6260075,0.3058169,
1,18,52.923,0.3950875,0.04142681,-0.7767838,0.3192811,-0.6423786,0.6260075,0.3058169,
1,18,52.925,0.3950875,0.04142681,-0.7767838,0.3192811,-0.6423786,0.6260075,0.3058169,
1,18,52.927,0.3950978,0.04148505,-0.7767861,0.3192841,-0.6423088,0.6260462,0.305881,
1,18,52.929,0.3950978,0.04148505,-0.7767861,0.3192841,-0.6423088,0.6260462,0.305881,
1,18,52.931,0.3950978,0.04148505,-0.7767861,0.3192841,-0.6423088,0.6260462,0.305881,
1,18,52.933,0.3950978,0.04148505,-0.7767861,0.3192841,-0.6423088,0.6260462,0.305881,
1,18,52.935,0.3951579,0.04147619,-0.7768411,0.3193212,-0.6422645,0.6260504,0.3059271,
1,18,52.937,0.3951579,0.04147619,-0.7768411,0.3193212,-0.6422645,0.6260504,0.3059271,
1,18,52.939,0.3951579,0.04147619,-0.7768411,0.3193212,-0.6422645,0.6260504,0.3059271,
1,18,52.941,0.3951579,0.04147619,-0.7768411,0.3193212,-0.6422645,0.6260504,0.3059271,
1,18,52.943,0.3951541,0.04140355,-0.7769086,0.3193369,-0.6423184,0.6259677,0.3059665,
1,18,52.945,0.3951541,0.04140355,-0.7769086,0.3193369,-0.6423184,0.6259677,0.3059665,
1,18,52.947,0.3951541,0.04140355,-0.7769086,0.3193369,-0.6423184,0.6259677,0.3059665,
1,18,52.949,0.3951541,0.04140355,-0.7769086,0.3193369,-0.6423184,0.6259677,0.3059665,
1,18,52.951,0.3951104,0.04145065,-0.7768302,0.3193036,-0.6423285,0.6260031,0.3059078,
1,18,52.953,0.3951104,0.04145065,-0.7768302,0.3193036,-0.6423285,0.6260031,0.3059078,
1,18,52.955,0.3951104,0.04145065,-0.7768302,0.3193036,-0.6423285,0.6260031,0.3059078,
1,18,52.957,0.3951104,0.04145065,-0.7768302,0.3193036,-0.6423285,0.6260031,0.3059078,
1,18,52.959,0.3951067,0.04140314,-0.7767806,0.3192973,-0.642392,0.6259784,0.3058314,
1,18,52.961,0.3951067,0.04140314,-0.7767806,0.3192973,-0.642392,0.6259784,0.3058314,
1,18,52.963,0.3951067,0.04140314,-0.7767806,0.3192973,-0.642392,0.6259784,0.3058314,
1,18,52.965,0.3951067,0.04140314,-0.7767806,0.3192973,-0.642392,0.6259784,0.3058314,
1,18,52.967,0.3951067,0.04140314,-0.7767806,0.3192973,-0.642392,0.6259784,0.3058314,
1,18,52.969,0.3951252,0.04143957,-0.7768139,0.3193252,-0.6423533,0.6260117,0.3058155,
1,18,52.971,0.3951252,0.04143957,-0.7768139,0.3193252,-0.6423533,0.6260117,0.3058155,
1,18,52.973,0.3951252,0.04143957,-0.7768139,0.3193252,-0.6423533,0.6260117,0.3058155,
1,18,52.975,0.3951252,0.04143957,-0.7768139,0.3193252,-0.6423533,0.6260117,0.3058155,
1,18,52.977,0.3950946,0.04139956,-0.7768224,0.3193089,-0.6423584,0.6259764,0.3058938,
1,18,52.979,0.3950946,0.04139956,-0.7768224,0.3193089,-0.6423584,0.6259764,0.3058938,
1,18,52.981,0.3950946,0.04139956,-0.7768224,0.3193089,-0.6423584,0.6259764,0.3058938,
1,18,52.983,0.3950946,0.04139956,-0.7768224,0.3193089,-0.6423584,0.6259764,0.3058938,
1,18,52.985,0.3951346,0.04141134,-0.7768623,0.3193204,-0.6423329,0.625973,0.3059425,
1,18,52.987,0.3951346,0.04141134,-0.7768623,0.3193204,-0.6423329,0.625973,0.3059425,
1,18,52.989,0.3951346,0.04141134,-0.7768623,0.3193204,-0.6423329,0.625973,0.3059425,
1,18,52.991,0.3951346,0.04141134,-0.7768623,0.3193204,-0.6423329,0.625973,0.3059425,
1,18,52.993,0.3950996,0.04140257,-0.7768058,0.3192774,-0.6423608,0.6259812,0.3059119,
1,18,52.995,0.3950996,0.04140257,-0.7768058,0.3192774,-0.6423608,0.6259812,0.3059119,
1,18,52.997,0.3950996,0.04140257,-0.7768058,0.3192774,-0.6423608,0.6259812,0.3059119,
1,18,52.999,0.3950996,0.04140257,-0.7768058,0.3192774,-0.6423608,0.6259812,0.3059119,
1,18,53.001,0.3951118,0.04140065,-0.7768399,0.3192763,-0.6423416,0.6259798,0.3059562,
1,18,53.003,0.3951118,0.04140065,-0.7768399,0.3192763,-0.6423416,0.6259798,0.3059562,
1,18,53.005,0.3951118,0.04140065,-0.7768399,0.3192763,-0.6423416,0.6259798,0.3059562,
1,18,53.007,0.3951118,0.04140065,-0.7768399,0.3192763,-0.6423416,0.6259798,0.3059562,
1,18,53.009,0.3951451,0.04142225,-0.7768856,0.3193593,-0.6423002,0.6259733,0.3059697,
1,18,53.011,0.3951451,0.04142225,-0.7768856,0.3193593,-0.6423002,0.6259733,0.3059697,
1,18,53.013,0.3951451,0.04142225,-0.7768856,0.3193593,-0.6423002,0.6259733,0.3059697,
1,18,53.015,0.3951451,0.04142225,-0.7768856,0.3193593,-0.6423002,0.6259733,0.3059697,
1,18,53.017,0.3951451,0.04142225,-0.7768856,0.3193593,-0.6423002,0.6259733,0.3059697,
1,18,53.019,0.3951381,0.04140871,-0.7768259,0.3193502,-0.6423756,0.6259533,0.305862,
1,18,53.021,0.3951381,0.04140871,-0.7768259,0.3193502,-0.6423756,0.6259533,0.305862,
1,18,53.023,0.3951381,0.04140871,-0.7768259,0.3193502,-0.6423756,0.6259533,0.305862,
1,18,53.025,0.3951381,0.04140871,-0.7768259,0.3193502,-0.6423756,0.6259533,0.305862,
1,18,53.027,0.3950785,0.04143224,-0.776793,0.3192825,-0.642346,0.6260037,0.3058918,
1,18,53.029,0.3950785,0.04143224,-0.776793,0.3192825,-0.642346,0.6260037,0.3058918,
1,18,53.031,0.3950785,0.04143224,-0.776793,0.3192825,-0.642346,0.6260037,0.3058918,
1,18,53.033,0.3950785,0.04143224,-0.776793,0.3192825,-0.642346,0.6260037,0.3058918,
1,18,53.035,0.3951306,0.04139565,-0.7768485,0.3193026,-0.642351,0.6259686,0.305932,
1,18,53.037,0.3951306,0.04139565,-0.7768485,0.3193026,-0.642351,0.6259686,0.305932,
1,18,53.039,0.3951306,0.04139565,-0.7768485,0.3193026,-0.642351,0.6259686,0.305932,
1,18,53.041,0.3951306,0.04139565,-0.7768485,0.3193026,-0.642351,0.6259686,0.305932,
1,18,53.043,0.3951861,0.04136042,-0.7769332,0.3193297,-0.642337,0.6259419,0.3059878,
1,18,53.045,0.3951861,0.04136042,-0.7769332,0.3193297,-0.642337,0.6259419,0.3059878,
1,18,53.047,0.3951861,0.04136042,-0.7769332,0.3193297,-0.642337,0.6259419,0.3059878,
1,18,53.049,0.3951861,0.04136042,-0.7769332,0.3193297,-0.642337,0.6259419,0.3059878,
1,18,53.051,0.39512,0.04135866,-0.7768555,0.3192947,-0.6423541,0.6259618,0.3059475,
1,18,53.053,0.39512,0.04135866,-0.7768555,0.3192947,-0.6423541,0.6259618,0.3059475,
1,18,53.055,0.39512,0.04135866,-0.7768555,0.3192947,-0.6423541,0.6259618,0.3059475,
1,18,53.057,0.39512,0.04135866,-0.7768555,0.3192947,-0.6423541,0.6259618,0.3059475,
1,18,53.059,0.3951106,0.04138135,-0.7768186,0.319297,-0.6423963,0.6259654,0.3058492,
1,18,53.061,0.3951106,0.04138135,-0.7768186,0.319297,-0.6423963,0.6259654,0.3058492,
1,18,53.063,0.3951106,0.04138135,-0.7768186,0.319297,-0.6423963,0.6259654,0.3058492,
1,18,53.065,0.3951106,0.04138135,-0.7768186,0.319297,-0.6423963,0.6259654,0.3058492,
1,18,53.067,0.3951106,0.04138135,-0.7768186,0.319297,-0.6423963,0.6259654,0.3058492,
1,18,53.069,0.395123,0.04139684,-0.7768718,0.3193242,-0.6423452,0.6259784,0.3059018,
1,18,53.071,0.395123,0.04139684,-0.7768718,0.3193242,-0.6423452,0.6259784,0.3059018,
1,18,53.073,0.395123,0.04139684,-0.7768718,0.3193242,-0.6423452,0.6259784,0.3059018,
1,18,53.075,0.395123,0.04139684,-0.7768718,0.3193242,-0.6423452,0.6259784,0.3059018,
1,18,53.077,0.3951369,0.04141938,-0.7768753,0.3193177,-0.6423299,0.6259837,0.3059295,
1,18,53.079,0.3951369,0.04141938,-0.7768753,0.3193177,-0.6423299,0.6259837,0.3059295,
1,18,53.081,0.3951369,0.04141938,-0.7768753,0.3193177,-0.6423299,0.6259837,0.3059295,
1,18,53.083,0.3951369,0.04141938,-0.7768753,0.3193177,-0.6423299,0.6259837,0.3059295,CourtEnter
1,18,53.085,0.3951605,0.04133695,-0.7769182,0.3193512,-0.6423627,0.6259183,0.3059597,
1,18,53.087,0.3951605,0.04133695,-0.7769182,0.3193512,-0.6423627,0.6259183,0.3059597,
1,18,53.089,0.3951605,0.04133695,-0.7769182,0.3193512,-0.6423627,0.6259183,0.3059597,
1,18,53.091,0.3951605,0.04133695,-0.7769182,0.3193512,-0.6423627,0.6259183,0.3059597,CourtExit
1,18,53.093,0.3951319,0.04134753,-0.7768601,0.3192743,-0.6423483,0.6259586,0.3059878,
1,18,53.095,0.3951319,0.04134753,-0.7768601,0.3192743,-0.6423483,0.6259586,0.3059878,
1,18,53.097,0.3951319,0.04134753,-0.7768601,0.3192743,-0.6423483,0.6259586,0.3059878,
1,18,53.099,0.3951319,0.04134753,-0.7768601,0.3192743,-0.6423483,0.6259586,0.3059878,
1,18,53.101,0.3951336,0.04132828,-0.7768261,0.319301,-0.6423773,0.6259571,0.305902,
1,18,53.103,0.3951336,0.04132828,-0.7768261,0.319301,-0.6423773,0.6259571,0.305902,
1,18,53.105,0.3951336,0.04132828,-0.7768261,0.319301,-0.6423773,0.6259571,0.305902,
1,18,53.107,0.3951336,0.04132828,-0.7768261,0.319301,-0.6423773,0.6259571,0.305902,
1,18,53.109,0.3950557,0.04130445,-0.776679,0.3192305,-0.6424558,0.6259567,0.3058115,
1,18,53.111,0.3950557,0.04130445,-0.776679,0.3192305,-0.6424558,0.6259567,0.3058115,
1,18,53.113,0.3950557,0.04130445,-0.776679,0.3192305,-0.6424558,0.6259567,0.3058115,
1,18,53.115,0.3950557,0.04130445,-0.776679,0.3192305,-0.6424558,0.6259567,0.3058115,
1,18,53.117,0.3950557,0.04130445,-0.776679,0.3192305,-0.6424558,0.6259567,0.3058115,
1,18,53.119,0.3949578,0.04123176,-0.776525,0.3191542,-0.6425413,0.6259319,0.3057624,
1,18,53.121,0.3949578,0.04123176,-0.776525,0.3191542,-0.6425413,0.6259319,0.3057624,
1,18,53.123,0.3949578,0.04123176,-0.776525,0.3191542,-0.6425413,0.6259319,0.3057624,
1,18,53.125,0.3949578,0.04123176,-0.776525,0.3191542,-0.6425413,0.6259319,0.3057624,
1,18,53.127,0.3948388,0.04110692,-0.7763413,0.3190578,-0.6426612,0.6259083,0.3056593,
1,18,53.129,0.3948388,0.04110692,-0.7763413,0.3190578,-0.6426612,0.6259083,0.3056593,
1,18,53.131,0.3948388,0.04110692,-0.7763413,0.3190578,-0.6426612,0.6259083,0.3056593,
1,18,53.133,0.3948388,0.04110692,-0.7763413,0.3190578,-0.6426612,0.6259083,0.3056593,
1,18,53.135,0.3947451,0.04117681,-0.776228,0.319033,-0.642657,0.6259689,0.3055698,
1,18,53.137,0.3947451,0.04117681,-0.776228,0.319033,-0.642657,0.6259689,0.3055698,
1,18,53.139,0.3947451,0.04117681,-0.776228,0.319033,-0.642657,0.6259689,0.3055698,
1,18,53.141,0.3947451,0.04117681,-0.776228,0.319033,-0.642657,0.6259689,0.3055698,
1,18,53.143,0.3947205,0.04116597,-0.7762181,0.3189818,-0.6426684,0.6259978,0.3055403,
1,18,53.145,0.3947205,0.04116597,-0.7762181,0.3189818,-0.6426684,0.6259978,0.3055403,
1,18,53.147,0.3947205,0.04116597,-0.7762181,0.3189818,-0.6426684,0.6259978,0.3055403,
1,18,53.149,0.3947205,0.04116597,-0.7762181,0.3189818,-0.6426684,0.6259978,0.3055403,
1,18,53.151,0.3946905,0.04120836,-0.776166,0.3189383,-0.642657,0.6260324,0.3055386,
1,18,53.153,0.3946905,0.04120836,-0.776166,0.3189383,-0.642657,0.6260324,0.3055386,
1,18,53.155,0.3946905,0.04120836,-0.776166,0.3189383,-0.642657,0.6260324,0.3055386,
1,18,53.157,0.3946905,0.04120836,-0.776166,0.3189383,-0.642657,0.6260324,0.3055386,
1,18,53.159,0.3946799,0.04122661,-0.7761561,0.3189317,-0.6426579,0.6260419,0.3055238,
1,18,53.161,0.3946799,0.04122661,-0.7761561,0.3189317,-0.6426579,0.6260419,0.3055238,
1,18,53.163,0.3946799,0.04122661,-0.7761561,0.3189317,-0.6426579,0.6260419,0.3055238,
1,18,53.165,0.3946799,0.04122661,-0.7761561,0.3189317,-0.6426579,0.6260419,0.3055238,
1,18,53.167,0.3946799,0.04122661,-0.7761561,0.3189317,-0.6426579,0.6260419,0.3055238,
1,18,53.169,0.3947268,0.04123731,-0.7761976,0.3189633,-0.642643,0.6260513,0.3055034,
1,18,53.171,0.3947268,0.04123731,-0.7761976,0.3189633,-0.642643,0.6260513,0.3055034,
1,18,53.173,0.3947268,0.04123731,-0.7761976,0.3189633,-0.642643,0.6260513,0.3055034,
1,18,53.175,0.3947268,0.04123731,-0.7761976,0.3189633,-0.642643,0.6260513,0.3055034,
1,18,53.177,0.3946872,0.04123375,-0.7761931,0.3189274,-0.6426323,0.6260543,0.3055569,
1,18,53.179,0.3946872,0.04123375,-0.7761931,0.3189274,-0.6426323,0.6260543,0.3055569,
1,18,53.181,0.3946872,0.04123375,-0.7761931,0.3189274,-0.6426323,0.6260543,0.3055569,
1,18,53.183,0.3946872,0.04123375,-0.7761931,0.3189274,-0.6426323,0.6260543,0.3055569,
1,18,53.185,0.3947634,0.04117045,-0.7762487,0.318936,-0.6426529,0.6260315,0.3055515,
1,18,53.187,0.3947634,0.04117045,-0.7762487,0.318936,-0.6426529,0.6260315,0.3055515,
1,18,53.189,0.3947634,0.04117045,-0.7762487,0.318936,-0.6426529,0.6260315,0.3055515,
1,18,53.191,0.3947634,0.04117045,-0.7762487,0.318936,-0.6426529,0.6260315,0.3055515,
1,18,53.193,0.3947257,0.04127615,-0.7761241,0.318958,-0.6425748,0.6261194,0.3055125,
1,18,53.195,0.3947257,0.04127615,-0.7761241,0.318958,-0.6425748,0.6261194,0.3055125,
1,18,53.197,0.3947257,0.04127615,-0.7761241,0.318958,-0.6425748,0.6261194,0.3055125,
1,18,53.199,0.3947257,0.04127615,-0.7761241,0.318958,-0.6425748,0.6261194,0.3055125,
1,18,53.201,0.3947908,0.04113207,-0.7763016,0.3189906,-0.6426449,0.6259838,0.305609,
1,18,53.203,0.3947908,0.04113207,-0.7763016,0.3189906,-0.6426449,0.6259838,0.305609,
1,18,53.205,0.3947908,0.04113207,-0.7763016,0.3189906,-0.6426449,0.6259838,0.305609,
1,18,53.207,0.3947908,0.04113207,-0.7763016,0.3189906,-0.6426449,0.6259838,0.305609,
1,18,53.209,0.3948672,0.04114471,-0.7763613,0.3190489,-0.642666,0.6259592,0.305554,
1,18,53.211,0.3948672,0.04114471,-0.7763613,0.3190489,-0.642666,0.6259592,0.305554,
1,18,53.213,0.3948672,0.04114471,-0.7763613,0.3190489,-0.642666,0.6259592,0.305554,
1,18,53.215,0.3948672,0.04114471,-0.7763613,0.3190489,-0.642666,0.6259592,0.305554,
1,18,53.217,0.3948672,0.04114471,-0.7763613,0.3190489,-0.642666,0.6259592,0.305554,
1,18,53.219,0.3948979,0.04119831,-0.7763816,0.3191285,-0.6426461,0.6259492,0.3055334,
1,18,53.221,0.3948979,0.04119831,-0.7763816,0.3191285,-0.6426461,0.6259492,0.3055334,
1,18,53.223,0.3948979,0.04119831,-0.7763816,0.3191285,-0.6426461,0.6259492,0.3055334,
1,18,53.225,0.3948979,0.04119831,-0.7763816,0.3191285,-0.6426461,0.6259492,0.3055334,
1,18,53.227,0.3949354,0.04119398,-0.7765139,0.3191587,-0.6426048,0.6259024,0.3056847,
1,18,53.229,0.3949354,0.04119398,-0.7765139,0.3191587,-0.6426048,0.6259024,0.3056847,
1,18,53.231,0.3949354,0.04119398,-0.7765139,0.3191587,-0.6426048,0.6259024,0.3056847,
1,18,53.233,0.3949354,0.04119398,-0.7765139,0.3191587,-0.6426048,0.6259024,0.3056847,
1,18,53.235,0.3949999,0.04132535,-0.776642,0.319207,-0.6424708,0.6259791,0.3057587,
1,18,53.237,0.3949999,0.04132535,-0.776642,0.319207,-0.6424708,0.6259791,0.3057587,
1,18,53.239,0.3949999,0.04132535,-0.776642,0.319207,-0.6424708,0.6259791,0.3057587,
1,18,53.241,0.3949999,0.04132535,-0.776642,0.319207,-0.6424708,0.6259791,0.3057587,
1,18,53.243,0.3950872,0.04142129,-0.7767601,0.3192933,-0.6423553,0.6260049,0.3058584,
1,18,53.245,0.3950872,0.04142129,-0.7767601,0.3192933,-0.6423553,0.6260049,0.3058584,
1,18,53.247,0.3950872,0.04142129,-0.7767601,0.3192933,-0.6423553,0.6260049,0.3058584,
1,18,53.249,0.3950872,0.04142129,-0.7767601,0.3192933,-0.6423553,0.6260049,0.3058584,
1,18,53.251,0.3951232,0.04134352,-0.7768666,0.3193022,-0.6423774,0.6259416,0.3059322,
1,18,53.253,0.3951232,0.04134352,-0.7768666,0.3193022,-0.6423774,0.6259416,0.3059322,
1,18,53.255,0.3951232,0.04134352,-0.7768666,0.3193022,-0.6423774,0.6259416,0.3059322,
1,18,53.257,0.3951232,0.04134352,-0.7768666,0.3193022,-0.6423774,0.6259416,0.3059322,
1,18,53.259,0.3951219,0.04143503,-0.7768823,0.3193441,-0.6423075,0.6259878,0.3059408,
1,18,53.261,0.3951219,0.04143503,-0.7768823,0.3193441,-0.6423075,0.6259878,0.3059408,
1,18,53.263,0.3951219,0.04143503,-0.7768823,0.3193441,-0.6423075,0.6259878,0.3059408,
1,18,53.265,0.3951219,0.04143503,-0.7768823,0.3193441,-0.6423075,0.6259878,0.3059408,
1,18,53.267,0.3951219,0.04143503,-0.7768823,0.3193441,-0.6423075,0.6259878,0.3059408,
1,18,53.269,0.3951018,0.04146424,-0.7768577,0.3193212,-0.6422777,0.6260297,0.3059416,
1,18,53.271,0.3951018,0.04146424,-0.7768577,0.3193212,-0.6422777,0.6260297,0.3059416,
1,18,53.273,0.3951018,0.04146424,-0.7768577,0.3193212,-0.6422777,0.6260297,0.3059416,
1,18,53.275,0.3951018,0.04146424,-0.7768577,0.3193212,-0.6422777,0.6260297,0.3059416,
1,18,53.277,0.3951346,0.04141011,-0.7768481,0.3193404,-0.6423686,0.625989,0.3058142,
1,18,53.279,0.3951346,0.04141011,-0.7768481,0.3193404,-0.6423686,0.625989,0.3058142,
1,18,53.281,0.3951346,0.04141011,-0.7768481,0.3193404,-0.6423686,0.625989,0.3058142,
1,18,53.283,0.3951346,0.04141011,-0.7768481,0.3193404,-0.6423686,0.625989,0.3058142,
1,18,53.285,0.3950945,0.04137596,-0.7768282,0.3192971,-0.6423846,0.6259753,0.3058533,
1,18,53.287,0.3950945,0.04137596,-0.7768282,0.3192971,-0.6423846,0.6259753,0.3058533,
1,18,53.289,0.3950945,0.04137596,-0.7768282,0.3192971,-0.6423846,0.6259753,0.3058533,
1,18,53.291,0.3950945,0.04137596,-0.7768282,0.3192971,-0.6423846,0.6259753,0.3058533,
1,18,53.293,0.3951032,0.04144996,-0.7767744,0.3192921,-0.6423626,0.6260253,0.3058026,
1,18,53.295,0.3951032,0.04144996,-0.7767744,0.3192921,-0.6423626,0.6260253,0.3058026,
1,18,53.297,0.3951032,0.04144996,-0.7767744,0.3192921,-0.6423626,0.6260253,0.3058026,
1,18,53.299,0.3951032,0.04144996,-0.7767744,0.3192921,-0.6423626,0.6260253,0.3058026,
1,18,53.301,0.3951073,0.0414253,-0.7767553,0.3193254,-0.6424118,0.6260054,0.305705,
1,18,53.303,0.3951073,0.0414253,-0.7767553,0.3193254,-0.6424118,0.6260054,0.305705,
1,18,53.305,0.3951073,0.0414253,-0.7767553,0.3193254,-0.6424118,0.6260054,0.305705,
1,18,53.307,0.3951073,0.0414253,-0.7767553,0.3193254,-0.6424118,0.6260054,0.305705,
1,18,53.309,0.3950727,0.04140204,-0.7767701,0.3193148,-0.6424089,0.6259792,0.3057759,
1,18,53.311,0.3950727,0.04140204,-0.7767701,0.3193148,-0.6424089,0.6259792,0.3057759,
1,18,53.313,0.3950727,0.04140204,-0.7767701,0.3193148,-0.6424089,0.6259792,0.3057759,
1,18,53.315,0.3950727,0.04140204,-0.7767701,0.3193148,-0.6424089,0.6259792,0.3057759,
1,18,53.317,0.3950727,0.04140204,-0.7767701,0.3193148,-0.6424089,0.6259792,0.3057759,
1,18,53.319,0.3951232,0.04136707,-0.7768274,0.3193614,-0.6424201,0.6259226,0.3058196,
1,18,53.321,0.3951232,0.04136707,-0.7768274,0.3193614,-0.6424201,0.6259226,0.3058196,
1,18,53.323,0.3951232,0.04136707,-0.7768274,0.3193614,-0.6424201,0.6259226,0.3058196,
1,18,53.325,0.3951232,0.04136707,-0.7768274,0.3193614,-0.6424201,0.6259226,0.3058196,
1,18,53.327,0.3951474,0.04136045,-0.7769185,0.3194021,-0.642349,0.6259232,0.3059255,
1,18,53.329,0.3951474,0.04136045,-0.7769185,0.3194021,-0.642349,0.6259232,0.3059255,
1,18,53.331,0.3951474,0.04136045,-0.7769185,0.3194021,-0.642349,0.6259232,0.3059255,
1,18,53.333,0.3951474,0.04136045,-0.7769185,0.3194021,-0.642349,0.6259232,0.3059255,
1,18,53.335,0.3951356,0.04138801,-0.7768754,0.3193256,-0.6423396,0.6259634,0.3059425,
1,18,53.337,0.3951356,0.04138801,-0.7768754,0.3193256,-0.6423396,0.6259634,0.3059425,
1,18,53.339,0.3951356,0.04138801,-0.7768754,0.3193256,-0.6423396,0.6259634,0.3059425,
1,18,53.341,0.3951356,0.04138801,-0.7768754,0.3193256,-0.6423396,0.6259634,0.3059425,
1,18,53.343,0.3951018,0.04141577,-0.7768277,0.3193055,-0.6423514,0.6259849,0.3058947,
1,18,53.345,0.3951018,0.04141577,-0.7768277,0.3193055,-0.6423514,0.6259849,0.3058947,
1,18,53.347,0.3951018,0.04141577,-0.7768277,0.3193055,-0.6423514,0.6259849,0.3058947,
1,18,53.349,0.3951018,0.04141577,-0.7768277,0.3193055,-0.6423514,0.6259849,0.3058947,
1,18,53.351,0.3951629,0.04134522,-0.7769228,0.3193618,-0.6423771,0.625912,0.3059313,
1,18,53.353,0.3951629,0.04134522,-0.7769228,0.3193618,-0.6423771,0.625912,0.3059313,
1,18,53.355,0.3951629,0.04134522,-0.7769228,0.3193618,-0.6423771,0.625912,0.3059313,
1,18,53.357,0.3951629,0.04134522,-0.7769228,0.3193618,-0.6423771,0.625912,0.3059313,
1,18,53.359,0.3951446,0.04139134,-0.7768908,0.3193628,-0.6423411,0.62595,0.3059282,
1,18,53.361,0.3951446,0.04139134,-0.7768908,0.3193628,-0.6423411,0.62595,0.3059282,
1,18,53.363,0.3951446,0.04139134,-0.7768908,0.3193628,-0.6423411,0.62595,0.3059282,
1,18,53.365,0.3951446,0.04139134,-0.7768908,0.3193628,-0.6423411,0.62595,0.3059282,
1,18,53.367,0.3951446,0.04139134,-0.7768908,0.3193628,-0.6423411,0.62595,0.3059282,
1,18,53.369,0.3950871,0.04141214,-0.7768105,0.3193012,-0.6423675,0.6259975,0.3058395,
1,18,53.371,0.3950871,0.04141214,-0.7768105,0.3193012,-0.6423675,0.6259975,0.3058395,
1,18,53.373,0.3950871,0.04141214,-0.7768105,0.3193012,-0.6423675,0.6259975,0.3058395,
1,18,53.375,0.3950871,0.04141214,-0.7768105,0.3193012,-0.6423675,0.6259975,0.3058395,
1,18,53.377,0.3951259,0.04146757,-0.7768461,0.3193637,-0.6423161,0.6259947,0.305888,
1,18,53.379,0.3951259,0.04146757,-0.7768461,0.3193637,-0.6423161,0.6259947,0.305888,
1,18,53.381,0.3951259,0.04146757,-0.7768461,0.3193637,-0.6423161,0.6259947,0.305888,
1,18,53.383,0.3951259,0.04146757,-0.7768461,0.3193637,-0.6423161,0.6259947,0.305888,
1,18,53.385,0.3951501,0.04158277,-0.7767793,0.3193704,-0.6422573,0.6261094,0.3057696,
1,18,53.387,0.3951501,0.04158277,-0.7767793,0.3193704,-0.6422573,0.6261094,0.3057696,
1,18,53.389,0.3951501,0.04158277,-0.7767793,0.3193704,-0.6422573,0.6261094,0.3057696,
1,18,53.391,0.3951501,0.04158277,-0.7767793,0.3193704,-0.6422573,0.6261094,0.3057696,
1,18,53.393,0.3951271,0.04146651,-0.7768694,0.3193781,-0.6423393,0.6259977,0.3058182,
1,18,53.395,0.3951271,0.04146651,-0.7768694,0.3193781,-0.6423393,0.6259977,0.3058182,
1,18,53.397,0.3951271,0.04146651,-0.7768694,0.3193781,-0.6423393,0.6259977,0.3058182,
1,18,53.399,0.3951271,0.04146651,-0.7768694,0.3193781,-0.6423393,0.6259977,0.3058182,
1,18,53.401,0.3951213,0.04147861,-0.7768422,0.3193715,-0.6423256,0.6259972,0.3058548,
1,18,53.403,0.3951213,0.04147861,-0.7768422,0.3193715,-0.6423256,0.6259972,0.3058548,
1,18,53.405,0.3951213,0.04147861,-0.7768422,0.3193715,-0.6423256,0.6259972,0.3058548,
1,18,53.407,0.3951213,0.04147861,-0.7768422,0.3193715,-0.6423256,0.6259972,0.3058548,
1,18,53.409,0.395179,0.04145606,-0.7769109,0.3194176,-0.6423099,0.6259615,0.3059127,
1,18,53.411,0.395179,0.04145606,-0.7769109,0.3194176,-0.6423099,0.6259615,0.3059127,
1,18,53.413,0.395179,0.04145606,-0.7769109,0.3194176,-0.6423099,0.6259615,0.3059127,
1,18,53.415,0.395179,0.04145606,-0.7769109,0.3194176,-0.6423099,0.6259615,0.3059127,
1,18,53.417,0.395179,0.04145606,-0.7769109,0.3194176,-0.6423099,0.6259615,0.3059127,
1,18,53.419,0.3951744,0.04141116,-0.776947,0.3194368,-0.6423298,0.6259164,0.3059434,
1,18,53.421,0.3951744,0.04141116,-0.776947,0.3194368,-0.6423298,0.6259164,0.3059434,
1,18,53.423,0.3951744,0.04141116,-0.776947,0.3194368,-0.6423298,0.6259164,0.3059434,
1,18,53.425,0.3951744,0.04141116,-0.776947,0.3194368,-0.6423298,0.6259164,0.3059434,
1,18,53.427,0.3951244,0.04144465,-0.7768539,0.3193823,-0.6423485,0.6259532,0.3058858,
1,18,53.429,0.3951244,0.04144465,-0.7768539,0.3193823,-0.6423485,0.6259532,0.3058858,
1,18,53.431,0.3951244,0.04144465,-0.7768539,0.3193823,-0.6423485,0.6259532,0.3058858,
1,18,53.433,0.3951244,0.04144465,-0.7768539,0.3193823,-0.6423485,0.6259532,0.3058858,
1,18,53.435,0.3950894,0.04145162,-0.7767795,0.3193574,-0.6424068,0.6259694,0.3057557,
1,18,53.437,0.3950894,0.04145162,-0.7767795,0.3193574,-0.6424068,0.6259694,0.3057557,
1,18,53.439,0.3950894,0.04145162,-0.7767795,0.3193574,-0.6424068,0.6259694,0.3057557,
1,18,53.441,0.3950894,0.04145162,-0.7767795,0.3193574,-0.6424068,0.6259694,0.3057557,
1,18,53.443,0.3951055,0.04147914,-0.7767898,0.3193679,-0.6423715,0.6259966,0.3057635,
1,18,53.445,0.3951055,0.04147914,-0.7767898,0.3193679,-0.6423715,0.6259966,0.3057635,
1,18,53.447,0.3951055,0.04147914,-0.7767898,0.3193679,-0.6423715,0.6259966,0.3057635,
1,18,53.449,0.3951055,0.04147914,-0.7767898,0.3193679,-0.6423715,0.6259966,0.3057635,
1,18,53.451,0.3951322,0.0414611,-0.7768769,0.3194263,-0.6423351,0.6259598,0.3058543,
1,18,53.453,0.3951322,0.0414611,-0.7768769,0.3194263,-0.6423351,0.6259598,0.3058543,
1,18,53.455,0.3951322,0.0414611,-0.7768769,0.3194263,-0.6423351,0.6259598,0.3058543,
1,18,53.457,0.3951322,0.0414611,-0.7768769,0.3194263,-0.6423351,0.6259598,0.3058543,
1,18,53.459,0.3951485,0.0414387,-0.7769179,0.3194089,-0.6423263,0.6259399,0.3059315,
1,18,53.461,0.3951485,0.0414387,-0.7769179,0.3194089,-0.6423263,0.6259399,0.3059315,
1,18,53.463,0.3951485,0.0414387,-0.7769179,0.3194089,-0.6423263,0.6259399,0.3059315,
1,18,53.465,0.3951485,0.0414387,-0.7769179,0.3194089,-0.6423263,0.6259399,0.3059315,
1,18,53.467,0.3951485,0.0414387,-0.7769179,0.3194089,-0.6423263,0.6259399,0.3059315,
1,18,53.469,0.3951277,0.04148653,-0.7768189,0.3193831,-0.6423594,0.6260057,0.3057543,
1,18,53.471,0.3951277,0.04148653,-0.7768189,0.3193831,-0.6423594,0.6260057,0.3057543,
1,18,53.473,0.3951277,0.04148653,-0.7768189,0.3193831,-0.6423594,0.6260057,0.3057543,
1,18,53.475,0.3951277,0.04148653,-0.7768189,0.3193831,-0.6423594,0.6260057,0.3057543,
1,18,53.477,0.3951313,0.04138466,-0.7768724,0.3193983,-0.6423953,0.6259342,0.3058098,
1,18,53.479,0.3951313,0.04138466,-0.7768724,0.3193983,-0.6423953,0.6259342,0.3058098,
1,18,53.481,0.3951313,0.04138466,-0.7768724,0.3193983,-0.6423953,0.6259342,0.3058098,
1,18,53.483,0.3951313,0.04138466,-0.7768724,0.3193983,-0.6423953,0.6259342,0.3058098,
1,18,53.485,0.3951162,0.04144742,-0.7768477,0.3194048,-0.6423498,0.6259592,0.3058473,
1,18,53.487,0.3951162,0.04144742,-0.7768477,0.3194048,-0.6423498,0.6259592,0.3058473,
1,18,53.489,0.3951162,0.04144742,-0.7768477,0.3194048,-0.6423498,0.6259592,0.3058473,
1,18,53.491,0.3951162,0.04144742,-0.7768477,0.3194048,-0.6423498,0.6259592,0.3058473,
1,18,53.493,0.395126,0.0414343,-0.7768808,0.3194211,-0.6423346,0.6259461,0.305889,
1,18,53.495,0.395126,0.0414343,-0.7768808,0.3194211,-0.6423346,0.6259461,0.305889,
1,18,53.497,0.395126,0.0414343,-0.7768808,0.3194211,-0.6423346,0.6259461,0.305889,
1,18,53.499,0.395126,0.0414343,-0.7768808,0.3194211,-0.6423346,0.6259461,0.305889,
1,18,53.501,0.395109,0.04144574,-0.7768214,0.3193966,-0.6423886,0.6259599,0.3057727,
1,18,53.503,0.395109,0.04144574,-0.7768214,0.3193966,-0.6423886,0.6259599,0.3057727,
1,18,53.505,0.395109,0.04144574,-0.7768214,0.3193966,-0.6423886,0.6259599,0.3057727,
1,18,53.507,0.395109,0.04144574,-0.7768214,0.3193966,-0.6423886,0.6259599,0.3057727,
1,18,53.509,0.3951081,0.04142181,-0.7768643,0.3193602,-0.6423519,0.6259656,0.3058761,
1,18,53.511,0.3951081,0.04142181,-0.7768643,0.3193602,-0.6423519,0.6259656,0.3058761,
1,18,53.513,0.3951081,0.04142181,-0.7768643,0.3193602,-0.6423519,0.6259656,0.3058761,
1,18,53.515,0.3951081,0.04142181,-0.7768643,0.3193602,-0.6423519,0.6259656,0.3058761,
1,18,53.517,0.3951081,0.04142181,-0.7768643,0.3193602,-0.6423519,0.6259656,0.3058761,
1,18,53.519,0.3951279,0.04143918,-0.7768609,0.3193466,-0.6423442,0.6259671,0.3059036,
1,18,53.521,0.3951279,0.04143918,-0.7768609,0.3193466,-0.6423442,0.6259671,0.3059036,
1,18,53.523,0.3951279,0.04143918,-0.7768609,0.3193466,-0.6423442,0.6259671,0.3059036,
1,18,53.525,0.3951279,0.04143918,-0.7768609,0.3193466,-0.6423442,0.6259671,0.3059036,
1,18,53.527,0.3951699,0.04140075,-0.7768818,0.3194014,-0.6423883,0.6259305,0.3058283,
1,18,53.529,0.3951699,0.04140075,-0.7768818,0.3194014,-0.6423883,0.6259305,0.3058283,
1,18,53.531,0.3951699,0.04140075,-0.7768818,0.3194014,-0.6423883,0.6259305,0.3058283,
1,18,53.533,0.3951699,0.04140075,-0.7768818,0.3194014,-0.6423883,0.6259305,0.3058283,
1,18,53.535,0.3951261,0.04137794,-0.7768594,0.3193846,-0.6424115,0.6259128,0.3058333,
1,18,53.537,0.3951261,0.04137794,-0.7768594,0.3193846,-0.6424115,0.6259128,0.3058333,
1,18,53.539,0.3951261,0.04137794,-0.7768594,0.3193846,-0.6424115,0.6259128,0.3058333,
1,18,53.541,0.3951261,0.04137794,-0.7768594,0.3193846,-0.6424115,0.6259128,0.3058333,
1,18,53.543,0.3951105,0.04126706,-0.7768716,0.3194072,-0.6425052,0.6258234,0.3057964,
1,18,53.545,0.3951105,0.04126706,-0.7768716,0.3194072,-0.6425052,0.6258234,0.3057964,
1,18,53.547,0.3951105,0.04126706,-0.7768716,0.3194072,-0.6425052,0.6258234,0.3057964,
1,18,53.549,0.3951105,0.04126706,-0.7768716,0.3194072,-0.6425052,0.6258234,0.3057964,
1,18,53.551,0.3950772,0.04141615,-0.7768272,0.3194053,-0.6424226,0.6259252,0.3057631,
1,18,53.553,0.3950772,0.04141615,-0.7768272,0.3194053,-0.6424226,0.6259252,0.3057631,
1,18,53.555,0.3950772,0.04141615,-0.7768272,0.3194053,-0.6424226,0.6259252,0.3057631,
1,18,53.557,0.3950772,0.04141615,-0.7768272,0.3194053,-0.6424226,0.6259252,0.3057631,
1,18,53.559,0.3951329,0.04142099,-0.7768849,0.3194428,-0.6423884,0.6259125,0.305822,
1,18,53.561,0.3951329,0.04142099,-0.7768849,0.3194428,-0.6423884,0.6259125,0.305822,
1,18,53.563,0.3951329,0.04142099,-0.7768849,0.3194428,-0.6423884,0.6259125,0.305822,
1,18,53.565,0.3951329,0.04142099,-0.7768849,0.3194428,-0.6423884,0.6259125,0.305822,
1,18,53.567,0.3951329,0.04142099,-0.7768849,0.3194428,-0.6423884,0.6259125,0.305822,
1,18,53.569,0.3951245,0.04136093,-0.7769222,0.3194346,-0.6423746,0.625894,0.3058975,
1,18,53.571,0.3951245,0.04136093,-0.7769222,0.3194346,-0.6423746,0.625894,0.3058975,
1,18,53.573,0.3951245,0.04136093,-0.7769222,0.3194346,-0.6423746,0.625894,0.3058975,
1,18,53.575,0.3951245,0.04136093,-0.7769222,0.3194346,-0.6423746,0.625894,0.3058975,
1,18,53.577,0.3951938,0.04143321,-0.7769346,0.3194436,-0.6423526,0.6259295,0.3058615,
1,18,53.579,0.3951938,0.04143321,-0.7769346,0.3194436,-0.6423526,0.6259295,0.3058615,
1,18,53.581,0.3951938,0.04143321,-0.7769346,0.3194436,-0.6423526,0.6259295,0.3058615,
1,18,53.583,0.3951938,0.04143321,-0.7769346,0.3194436,-0.6423526,0.6259295,0.3058615,
1,18,53.585,0.3951686,0.04148151,-0.7768537,0.3194308,-0.6423398,0.6259905,0.3057768,
1,18,53.587,0.3951686,0.04148151,-0.7768537,0.3194308,-0.6423398,0.6259905,0.3057768,
1,18,53.589,0.3951686,0.04148151,-0.7768537,0.3194308,-0.6423398,0.6259905,0.3057768,
1,18,53.591,0.3951686,0.04148151,-0.7768537,0.3194308,-0.6423398,0.6259905,0.3057768,
1,18,53.593,0.3951222,0.04147076,-0.776794,0.3193866,-0.6423991,0.6259965,0.3056861,
1,18,53.595,0.3951222,0.04147076,-0.776794,0.3193866,-0.6423991,0.6259965,0.3056861,
1,18,53.597,0.3951222,0.04147076,-0.776794,0.3193866,-0.6423991,0.6259965,0.3056861,
1,18,53.599,0.3951222,0.04147076,-0.776794,0.3193866,-0.6423991,0.6259965,0.3056861,
1,18,53.601,0.3950837,0.04148932,-0.7767868,0.3193986,-0.6423854,0.6259844,0.3057271,
1,18,53.603,0.3950837,0.04148932,-0.7767868,0.3193986,-0.6423854,0.6259844,0.3057271,
1,18,53.605,0.3950837,0.04148932,-0.7767868,0.3193986,-0.6423854,0.6259844,0.3057271,
1,18,53.607,0.3950837,0.04148932,-0.7767868,0.3193986,-0.6423854,0.6259844,0.3057271,
1,18,53.609,0.3951193,0.04147514,-0.776854,0.31938,-0.6423398,0.6259817,0.3058482,
1,18,53.611,0.3951193,0.04147514,-0.776854,0.31938,-0.6423398,0.6259817,0.3058482,
1,18,53.613,0.3951193,0.04147514,-0.776854,0.31938,-0.6423398,0.6259817,0.3058482,
1,18,53.615,0.3951193,0.04147514,-0.776854,0.31938,-0.6423398,0.6259817,0.3058482,
1,18,53.617,0.3951193,0.04147514,-0.776854,0.31938,-0.6423398,0.6259817,0.3058482,
1,18,53.619,0.3951289,0.04138948,-0.7768826,0.3193775,-0.6423862,0.6259368,0.3058452,
1,18,53.621,0.3951289,0.04138948,-0.7768826,0.3193775,-0.6423862,0.6259368,0.3058452,
1,18,53.623,0.3951289,0.04138948,-0.7768826,0.3193775,-0.6423862,0.6259368,0.3058452,
1,18,53.625,0.3951289,0.04138948,-0.7768826,0.3193775,-0.6423862,0.6259368,0.3058452,
1,18,53.627,0.3951398,0.04130865,-0.7769421,0.3193959,-0.6423945,0.6258759,0.305933,
1,18,53.629,0.3951398,0.04130865,-0.7769421,0.3193959,-0.6423945,0.6258759,0.305933,
1,18,53.631,0.3951398,0.04130865,-0.7769421,0.3193959,-0.6423945,0.6258759,0.305933,
1,18,53.633,0.3951398,0.04130865,-0.7769421,0.3193959,-0.6423945,0.6258759,0.305933,
1,18,53.635,0.3951478,0.04144136,-0.7768532,0.3193799,-0.6423665,0.6259837,0.305788,
1,18,53.637,0.3951478,0.04144136,-0.7768532,0.3193799,-0.6423665,0.6259837,0.305788,
1,18,53.639,0.3951478,0.04144136,-0.7768532,0.3193799,-0.6423665,0.6259837,0.305788,
1,18,53.641,0.3951478,0.04144136,-0.7768532,0.3193799,-0.6423665,0.6259837,0.305788,
1,18,53.643,0.3951392,0.04139111,-0.77689,0.3193969,-0.6423795,0.6259282,0.3058564,
1,18,53.645,0.3951392,0.04139111,-0.77689,0.3193969,-0.6423795,0.6259282,0.3058564,
1,18,53.647,0.3951392,0.04139111,-0.77689,0.3193969,-0.6423795,0.6259282,0.3058564,
1,18,53.649,0.3951392,0.04139111,-0.77689,0.3193969,-0.6423795,0.6259282,0.3058564,
1,18,53.651,0.3951198,0.04145665,-0.7768567,0.3193803,-0.6423477,0.6259798,0.3058349,
1,18,53.653,0.3951198,0.04145665,-0.7768567,0.3193803,-0.6423477,0.6259798,0.3058349,
1,18,53.655,0.3951198,0.04145665,-0.7768567,0.3193803,-0.6423477,0.6259798,0.3058349,
1,18,53.657,0.3951198,0.04145665,-0.7768567,0.3193803,-0.6423477,0.6259798,0.3058349,
1,18,53.659,0.3950932,0.04140507,-0.7768534,0.3193599,-0.6423762,0.6259525,0.3058519,
1,18,53.661,0.3950932,0.04140507,-0.7768534,0.3193599,-0.6423762,0.6259525,0.3058519,
1,18,53.663,0.3950932,0.04140507,-0.7768534,0.3193599,-0.6423762,0.6259525,0.3058519,
1,18,53.665,0.3950932,0.04140507,-0.7768534,0.3193599,-0.6423762,0.6259525,0.3058519,
1,18,53.667,0.3950932,0.04140507,-0.7768534,0.3193599,-0.6423762,0.6259525,0.3058519,
1,18,53.669,0.3951084,0.04144166,-0.7768677,0.3193729,-0.6423404,0.6259727,0.3058722,
1,18,53.671,0.3951084,0.04144166,-0.7768677,0.3193729,-0.6423404,0.6259727,0.3058722,
1,18,53.673,0.3951084,0.04144166,-0.7768677,0.3193729,-0.6423404,0.6259727,0.3058722,
1,18,53.675,0.3951084,0.04144166,-0.7768677,0.3193729,-0.6423404,0.6259727,0.3058722,
1,18,53.677,0.3951223,0.04140745,-0.7768655,0.3194002,-0.6423841,0.625925,0.30585,
1,18,53.679,0.3951223,0.04140745,-0.7768655,0.3194002,-0.6423841,0.625925,0.30585,
1,18,53.681,0.3951223,0.04140745,-0.7768655,0.3194002,-0.6423841,0.625925,0.30585,
1,18,53.683,0.3951223,0.04140745,-0.7768655,0.3194002,-0.6423841,0.625925,0.30585,
1,18,53.685,0.3951247,0.04143164,-0.7768555,0.3194189,-0.6423694,0.6259531,0.3058035,
1,18,53.687,0.3951247,0.04143164,-0.7768555,0.3194189,-0.6423694,0.6259531,0.3058035,
1,18,53.689,0.3951247,0.04143164,-0.7768555,0.3194189,-0.6423694,0.6259531,0.3058035,
1,18,53.691,0.3951247,0.04143164,-0.7768555,0.3194189,-0.6423694,0.6259531,0.3058035,
1,18,53.693,0.3951443,0.04138437,-0.7768486,0.3194071,-0.6424399,0.6259325,0.30571,
1,18,53.695,0.3951443,0.04138437,-0.7768486,0.3194071,-0.6424399,0.6259325,0.30571,
1,18,53.697,0.3951443,0.04138437,-0.7768486,0.3194071,-0.6424399,0.6259325,0.30571,
1,18,53.699,0.3951443,0.04138437,-0.7768486,0.3194071,-0.6424399,0.6259325,0.30571,
1,18,53.701,0.395101,0.04133069,-0.7768883,0.3194185,-0.6424363,0.6258813,0.3058106,
1,18,53.703,0.395101,0.04133069,-0.7768883,0.3194185,-0.6424363,0.6258813,0.3058106,
1,18,53.705,0.395101,0.04133069,-0.7768883,0.3194185,-0.6424363,0.6258813,0.3058106,
1,18,53.707,0.395101,0.04133069,-0.7768883,0.3194185,-0.6424363,0.6258813,0.3058106,
1,18,53.709,0.3951414,0.04137574,-0.7768825,0.3194228,-0.6424056,0.6258823,0.3058683,
1,18,53.711,0.3951414,0.04137574,-0.7768825,0.3194228,-0.6424056,0.6258823,0.3058683,
1,18,53.713,0.3951414,0.04137574,-0.7768825,0.3194228,-0.6424056,0.6258823,0.3058683,
1,18,53.715,0.3951414,0.04137574,-0.7768825,0.3194228,-0.6424056,0.6258823,0.3058683,
1,18,53.717,0.3951414,0.04137574,-0.7768825,0.3194228,-0.6424056,0.6258823,0.3058683,
1,18,53.719,0.3951401,0.04146826,-0.7768201,0.3194467,-0.6423668,0.6259488,0.3057888,
1,18,53.721,0.3951401,0.04146826,-0.7768201,0.3194467,-0.6423668,0.6259488,0.3057888,
1,18,53.723,0.3951401,0.04146826,-0.7768201,0.3194467,-0.6423668,0.6259488,0.3057888,
1,18,53.725,0.3951401,0.04146826,-0.7768201,0.3194467,-0.6423668,0.6259488,0.3057888,
1,18,53.727,0.3951807,0.04143408,-0.7769006,0.3194649,-0.6423823,0.6259285,0.3057788,
1,18,53.729,0.3951807,0.04143408,-0.7769006,0.3194649,-0.6423823,0.6259285,0.3057788,
1,18,53.731,0.3951807,0.04143408,-0.7769006,0.3194649,-0.6423823,0.6259285,0.3057788,
1,18,53.733,0.3951807,0.04143408,-0.7769006,0.3194649,-0.6423823,0.6259285,0.3057788,
1,18,53.735,0.3951674,0.04143301,-0.7769337,0.3194706,-0.6423243,0.6259352,0.305881,
1,18,53.737,0.3951674,0.04143301,-0.7769337,0.3194706,-0.6423243,0.6259352,0.305881,
1,18,53.739,0.3951674,0.04143301,-0.7769337,0.3194706,-0.6423243,0.6259352,0.305881,
1,18,53.741,0.3951674,0.04143301,-0.7769337,0.3194706,-0.6423243,0.6259352,0.305881,
1,18,53.743,0.3951806,0.04145736,-0.7769179,0.3194303,-0.6423105,0.6259609,0.3058995,
1,18,53.745,0.3951806,0.04145736,-0.7769179,0.3194303,-0.6423105,0.6259609,0.3058995,
1,18,53.747,0.3951806,0.04145736,-0.7769179,0.3194303,-0.6423105,0.6259609,0.3058995,
1,18,53.749,0.3951806,0.04145736,-0.7769179,0.3194303,-0.6423105,0.6259609,0.3058995,
1,18,53.751,0.3951418,0.04141587,-0.7768755,0.3194246,-0.6423818,0.6259375,0.3058038,
1,18,53.753,0.3951418,0.04141587,-0.7768755,0.3194246,-0.6423818,0.6259375,0.3058038,
1,18,53.755,0.3951418,0.04141587,-0.7768755,0.3194246,-0.6423818,0.6259375,0.3058038,CourtEnter
1,18,53.757,0.3951418,0.04141587,-0.7768755,0.3194246,-0.6423818,0.6259375,0.3058038,
1,18,53.759,0.3950816,0.04142341,-0.776674,0.3193524,-0.6423922,0.6260113,0.305706,
1,18,53.761,0.3950816,0.04142341,-0.776674,0.3193524,-0.6423922,0.6260113,0.305706,
1,18,53.763,0.3950816,0.04142341,-0.776674,0.3193524,-0.6423922,0.6260113,0.305706,
1,18,53.765,0.3950816,0.04142341,-0.776674,0.3193524,-0.6423922,0.6260113,0.305706,
1,18,53.767,0.3950816,0.04142341,-0.776674,0.3193524,-0.6423922,0.6260113,0.305706,CourtExit
1,18,53.769,0.3949141,0.04121322,-0.7764269,0.3191743,-0.6426107,0.6259433,0.3055721,
1,18,53.771,0.3949141,0.04121322,-0.7764269,0.3191743,-0.6426107,0.6259433,0.3055721,
1,18,53.773,0.3949141,0.04121322,-0.7764269,0.3191743,-0.6426107,0.6259433,0.3055721,
1,18,53.775,0.3949141,0.04121322,-0.7764269,0.3191743,-0.6426107,0.6259433,0.3055721,
1,18,53.777,0.3947613,0.04118469,-0.7762551,0.3191053,-0.6426629,0.6259458,0.3055292,
1,18,53.779,0.3947613,0.04118469,-0.7762551,0.3191053,-0.6426629,0.6259458,0.3055292,
1,18,53.781,0.3947613,0.04118469,-0.7762551,0.3191053,-0.6426629,0.6259458,0.3055292,
1,18,53.783,0.3947613,0.04118469,-0.7762551,0.3191053,-0.6426629,0.6259458,0.3055292,
1,18,53.785,0.3947666,0.041419,-0.7763297,0.3191084,-0.6425393,0.6260864,0.3054981,
1,18,53.787,0.3947666,0.041419,-0.7763297,0.3191084,-0.6425393,0.6260864,0.3054981,
1,18,53.789,0.3947666,0.041419,-0.7763297,0.3191084,-0.6425393,0.6260864,0.3054981,
1,18,53.791,0.3947666,0.041419,-0.7763297,0.3191084,-0.6425393,0.6260864,0.3054981,
1,18,53.793,0.3948242,0.04157979,-0.7764178,0.3191393,-0.6423908,0.6261872,0.3055713,
1,18,53.795,0.3948242,0.04157979,-0.7764178,0.3191393,-0.6423908,0.6261872,0.3055713,
1,18,53.797,0.3948242,0.04157979,-0.7764178,0.3191393,-0.6423908,0.6261872,0.3055713,
1,18,53.799,0.3948242,0.04157979,-0.7764178,0.3191393,-0.6423908,0.6261872,0.3055713,
1,18,53.801,0.3948728,0.04151238,-0.7765021,0.3192016,-0.6423925,0.6261174,0.3056458,
1,18,53.803,0.3948728,0.04151238,-0.7765021,0.3192016,-0.6423925,0.6261174,0.3056458,
1,18,53.805,0.3948728,0.04151238,-0.7765021,0.3192016,-0.6423925,0.6261174,0.3056458,
1,18,53.807,0.3948728,0.04151238,-0.7765021,0.3192016,-0.6423925,0.6261174,0.3056458,
1,18,53.809,0.3951233,0.04154761,-0.7769105,0.3194127,-0.6422743,0.6260241,0.3058646,
1,18,53.811,0.3951233,0.04154761,-0.7769105,0.3194127,-0.6422743,0.6260241,0.3058646,
1,18,53.813,0.3951233,0.04154761,-0.7769105,0.3194127,-0.6422743,0.6260241,0.3058646,
1,18,53.815,0.3951233,0.04154761,-0.7769105,0.3194127,-0.6422743,0.6260241,0.3058646,
1,18,53.817,0.3951233,0.04154761,-0.7769105,0.3194127,-0.6422743,0.6260241,0.3058646,
1,18,53.819,0.3952276,0.04148458,-0.7770377,0.3194951,-0.6422952,0.625962,0.3058618,
1,18,53.821,0.3952276,0.04148458,-0.7770377,0.3194951,-0.6422952,0.625962,0.3058618,
1,18,53.823,0.3952276,0.04148458,-0.7770377,0.3194951,-0.6422952,0.625962,0.3058618,
1,18,53.825,0.3952276,0.04148458,-0.7770377,0.3194951,-0.6422952,0.625962,0.3058618,
1,18,53.827,0.3951751,0.0415068,-0.7769308,0.3194581,-0.6423217,0.6259966,0.3057739,
1,18,53.829,0.3951751,0.0415068,-0.7769308,0.3194581,-0.6423217,0.6259966,0.3057739,
1,18,53.831,0.3951751,0.0415068,-0.7769308,0.3194581,-0.6423217,0.6259966,0.3057739,
1,18,53.833,0.3951751,0.0415068,-0.7769308,0.3194581,-0.6423217,0.6259966,0.3057739,
1,18,53.835,0.395128,0.0414554,-0.7768414,0.3194473,-0.6423973,0.625959,0.3057035,
1,18,53.837,0.395128,0.0414554,-0.7768414,0.3194473,-0.6423973,0.625959,0.3057035,
1,18,53.839,0.395128,0.0414554,-0.7768414,0.3194473,-0.6423973,0.625959,0.3057035,
1,18,53.841,0.395128,0.0414554,-0.7768414,0.3194473,-0.6423973,0.625959,0.3057035,
1,18,53.843,0.3951692,0.04146155,-0.7768923,0.3195055,-0.6423526,0.6259305,0.3057947,
1,18,53.845,0.3951692,0.04146155,-0.7768923,0.3195055,-0.6423526,0.6259305,0.3057947,
1,18,53.847,0.3951692,0.04146155,-0.7768923,0.3195055,-0.6423526,0.6259305,0.3057947,
1,18,53.849,0.3951692,0.04146155,-0.7768923,0.3195055,-0.6423526,0.6259305,0.3057947,
1,18,53.851,0.3951719,0.04141336,-0.7769259,0.3195074,-0.6423675,0.6258842,0.3058562,
1,18,53.853,0.3951719,0.04141336,-0.7769259,0.3195074,-0.6423675,0.6258842,0.3058562,
1,18,53.855,0.3951719,0.04141336,-0.7769259,0.3195074,-0.6423675,0.6258842,0.3058562,
1,18,53.857,0.3951719,0.04141336,-0.7769259,0.3195074,-0.6423675,0.6258842,0.3058562,
1,18,53.859,0.3951741,0.04135805,-0.7769297,0.3194397,-0.6424006,0.6258878,0.30585,
1,18,53.861,0.3951741,0.04135805,-0.7769297,0.3194397,-0.6424006,0.6258878,0.30585,
1,18,53.863,0.3951741,0.04135805,-0.7769297,0.3194397,-0.6424006,0.6258878,0.30585,
1,18,53.865,0.3951741,0.04135805,-0.7769297,0.3194397,-0.6424006,0.6258878,0.30585,
1,18,53.867,0.3951741,0.04135805,-0.7769297,0.3194397,-0.6424006,0.6258878,0.30585,
1,18,53.869,0.3951866,0.04137141,-0.7769454,0.3194586,-0.6423661,0.6258841,0.3059104,
1,18,53.871,0.3951866,0.04137141,-0.7769454,0.3194586,-0.6423661,0.6258841,0.3059104,
1,18,53.873,0.3951866,0.04137141,-0.7769454,0.3194586,-0.6423661,0.6258841,0.3059104,
1,18,53.875,0.3951866,0.04137141,-0.7769454,0.3194586,-0.6423661,0.6258841,0.3059104,
1,18,53.877,0.3951608,0.04140282,-0.7768837,0.3193837,-0.6423699,0.6259511,0.3058438,
1,18,53.879,0.3951608,0.04140282,-0.7768837,0.3193837,-0.6423699,0.6259511,0.3058438,
1,18,53.881,0.3951608,0.04140282,-0.7768837,0.3193837,-0.6423699,0.6259511,0.3058438,
1,18,53.883,0.3951608,0.04140282,-0.7768837,0.3193837,-0.6423699,0.6259511,0.3058438,
1,18,53.885,0.3951193,0.0414549,-0.7768182,0.3193722,-0.6423712,0.6260008,0.305751,
1,18,53.887,0.3951193,0.0414549,-0.7768182,0.3193722,-0.6423712,0.6260008,0.305751,
1,18,53.889,0.3951193,0.0414549,-0.7768182,0.3193722,-0.6423712,0.6260008,0.305751,
1,18,53.891,0.3951193,0.0414549,-0.7768182,0.3193722,-0.6423712,0.6260008,0.305751,
1,18,53.893,0.3951174,0.04149013,-0.7768435,0.3193922,-0.6423423,0.6260098,0.3057724,
1,18,53.895,0.3951174,0.04149013,-0.7768435,0.3193922,-0.6423423,0.6260098,0.3057724,
1,18,53.897,0.3951174,0.04149013,-0.7768435,0.3193922,-0.6423423,0.6260098,0.3057724,
1,18,53.899,0.3951174,0.04149013,-0.7768435,0.3193922,-0.6423423,0.6260098,0.3057724,
1,18,53.901,0.395173,0.04141684,-0.776945,0.3194505,-0.6423478,0.6259335,0.3058564,
1,18,53.903,0.395173,0.04141684,-0.776945,0.3194505,-0.6423478,0.6259335,0.3058564,
1,18,53.905,0.395173,0.04141684,-0.776945,0.3194505,-0.6423478,0.6259335,0.3058564,
1,18,53.907,0.395173,0.04141684,-0.776945,0.3194505,-0.6423478,0.6259335,0.3058564,
1,18,53.909,0.3952485,0.0414292,-0.7770882,0.3195509,-0.6422861,0.6258926,0.3059646,
1,18,53.911,0.3952485,0.0414292,-0.7770882,0.3195509,-0.6422861,0.6258926,0.3059646,
1,18,53.913,0.3952485,0.0414292,-0.7770882,0.3195509,-0.6422861,0.6258926,0.3059646,
1,18,53.915,0.3952485,0.0414292,-0.7770882,0.3195509,-0.6422861,0.6258926,0.3059646,
1,18,53.917,0.3952485,0.0414292,-0.7770882,0.3195509,-0.6422861,0.6258926,0.3059646,
1,18,53.919,0.3952267,0.04152441,-0.7770345,0.3195038,-0.6422501,0.6259764,0.305918,
1,18,53.921,0.3952267,0.04152441,-0.7770345,0.3195038,-0.6422501,0.6259764,0.305918,
1,18,53.923,0.3952267,0.04152441,-0.7770345,0.3195038,-0.6422501,0.6259764,0.305918,
1,18,53.925,0.3952267,0.04152441,-0.7770345,0.3195038,-0.6422501,0.6259764,0.305918,
1,18,53.927,0.3950575,0.04158298,-0.7767197,0.3193529,-0.6423219,0.6260934,0.3056851,
1,18,53.929,0.3950575,0.04158298,-0.7767197,0.3193529,-0.6423219,0.6260934,0.3056851,
1,18,53.931,0.3950575,0.04158298,-0.7767197,0.3193529,-0.6423219,0.6260934,0.3056851,
1,18,53.933,0.3950575,0.04158298,-0.7767197,0.3193529,-0.6423219,0.6260934,0.3056851,
1,18,53.935,0.3948598,0.04151649,-0.7764132,0.319219,-0.6424662,0.6261221,0.305463,
1,18,53.937,0.3948598,0.04151649,-0.7764132,0.319219,-0.6424662,0.6261221,0.305463,
1,18,53.939,0.3948598,0.04151649,-0.7764132,0.319219,-0.6424662,0.6261221,0.305463,
1,18,53.941,0.3948598,0.04151649,-0.7764132,0.319219,-0.6424662,0.6261221,0.305463,
1,18,53.943,0.3948016,0.04143194,-0.7763902,0.3191548,-0.642474,0.6260843,0.305591,
1,18,53.945,0.3948016,0.04143194,-0.7763902,0.3191548,-0.642474,0.6260843,0.305591,
1,18,53.947,0.3948016,0.04143194,-0.7763902,0.3191548,-0.642474,0.6260843,0.305591,
1,18,53.949,0.3948016,0.04143194,-0.7763902,0.3191548,-0.642474,0.6260843,0.305591,
1,18,53.951,0.3947961,0.04148905,-0.7763667,0.3191563,-0.6424587,0.6261306,0.3055267,
1,18,53.953,0.3947961,0.04148905,-0.7763667,0.3191563,-0.6424587,0.6261306,0.3055267,
1,18,53.955,0.3947961,0.04148905,-0.7763667,0.3191563,-0.6424587,0.6261306,0.3055267,
1,18,53.957,0.3947961,0.04148905,-0.7763667,0.3191563,-0.6424587,0.6261306,0.3055267,
1,18,53.959,0.3947946,0.04150616,-0.7763706,0.3191488,-0.6424541,0.6261421,0.3055205,
1,18,53.961,0.3947946,0.04150616,-0.7763706,0.3191488,-0.6424541,0.6261421,0.3055205,
1,18,53.963,0.3947946,0.04150616,-0.7763706,0.3191488,-0.6424541,0.6261421,0.3055205,
1,18,53.965,0.3947946,0.04150616,-0.7763706,0.3191488,-0.6424541,0.6261421,0.3055205,
1,18,53.967,0.3947946,0.04150616,-0.7763706,0.3191488,-0.6424541,0.6261421,0.3055205,
1,18,53.969,0.3947468,0.04129896,-0.7762609,0.3190318,-0.6425945,0.6260654,0.3055049,
1,18,53.971,0.3947468,0.04129896,-0.7762609,0.3190318,-0.6425945,0.6260654,0.3055049,
1,18,53.973,0.3947468,0.04129896,-0.7762609,0.3190318,-0.6425945,0.6260654,0.3055049,
1,18,53.975,0.3947468,0.04129896,-0.7762609,0.3190318,-0.6425945,0.6260654,0.3055049,
1,18,53.977,0.3947918,0.04119339,-0.7762332,0.3190641,-0.6426787,0.6259852,0.3054583,
1,18,53.979,0.3947918,0.04119339,-0.7762332,0.3190641,-0.6426787,0.6259852,0.3054583,
1,18,53.981,0.3947918,0.04119339,-0.7762332,0.3190641,-0.6426787,0.6259852,0.3054583,
1,18,53.983,0.3947918,0.04119339,-0.7762332,0.3190641,-0.6426787,0.6259852,0.3054583,
1,18,53.985,0.3948542,0.04113223,-0.7763562,0.3191279,-0.6427085,0.6259095,0.3054839,
1,18,53.987,0.3948542,0.04113223,-0.7763562,0.3191279,-0.6427085,0.6259095,0.3054839,
1,18,53.989,0.3948542,0.04113223,-0.7763562,0.3191279,-0.6427085,0.6259095,0.3054839,
1,18,53.991,0.3948542,0.04113223,-0.7763562,0.3191279,-0.6427085,0.6259095,0.3054839,
1,18,53.993,0.3949296,0.04117825,-0.7764469,0.3191935,-0.6426587,0.6259175,0.305504,
1,18,53.995,0.3949296,0.04117825,-0.7764469,0.3191935,-0.6426587,0.6259175,0.305504,
1,18,53.997,0.3949296,0.04117825,-0.7764469,0.3191935,-0.6426587,0.6259175,0.305504,
1,18,53.999,0.3949296,0.04117825,-0.7764469,0.3191935,-0.6426587,0.6259175,0.305504,
1,19,54.001,0.3950022,0.04134673,-0.7765622,0.3192644,-0.6424807,0.6260214,0.3055912,CourtExit
1,19,54.003,0.3950022,0.04134673,-0.7765622,0.3192644,-0.6424807,0.6260214,0.3055912,
1,19,54.005,0.3950022,0.04134673,-0.7765622,0.3192644,-0.6424807,0.6260214,0.3055912,
1,19,54.007,0.3950022,0.04134673,-0.7765622,0.3192644,-0.6424807,0.6260214,0.3055912,
1,19,54.009,0.3950611,0.04133046,-0.7767457,0.3193521,-0.6424481,0.6259273,0.3057612,
1,19,54.011,0.3950611,0.04133046,-0.7767457,0.3193521,-0.6424481,0.6259273,0.3057612,
1,19,54.013,0.3950611,0.04133046,-0.7767457,0.3193521,-0.6424481,0.6259273,0.3057612,
1,19,54.015,0.3950611,0.04133046,-0.7767457,0.3193521,-0.6424481,0.6259273,0.3057612,
1,19,54.017,0.3950611,0.04133046,-0.7767457,0.3193521,-0.6424481,0.6259273,0.3057612,
1,19,54.019,0.395092,0.04139923,-0.7767568,0.3193856,-0.6424497,0.6259547,0.3056662,
1,19,54.021,0.395092,0.04139923,-0.7767568,0.3193856,-0.6424497,0.6259547,0.3056662,
1,19,54.023,0.395092,0.04139923,-0.7767568,0.3193856,-0.6424497,0.6259547,0.3056662,
1,19,54.025,0.395092,0.04139923,-0.7767568,0.3193856,-0.6424497,0.6259547,0.3056662,
1,19,54.027,0.3951057,0.04143065,-0.7768155,0.3194424,-0.6424016,0.6259536,0.3057107,
1,19,54.029,0.3951057,0.04143065,-0.7768155,0.3194424,-0.6424016,0.6259536,0.3057107,
1,19,54.031,0.3951057,0.04143065,-0.7768155,0.3194424,-0.6424016,0.6259536,0.3057107,
1,19,54.033,0.3951057,0.04143065,-0.7768155,0.3194424,-0.6424016,0.6259536,0.3057107,
1,19,54.035,0.3950937,0.04149901,-0.7767832,0.319394,-0.6423699,0.6260154,0.3057014,
1,19,54.037,0.3950937,0.04149901,-0.7767832,0.319394,-0.6423699,0.6260154,0.3057014,
1,19,54.039,0.3950937,0.04149901,-0.7767832,0.319394,-0.6423699,0.6260154,0.3057014,
1,19,54.041,0.3950937,0.04149901,-0.7767832,0.319394,-0.6423699,0.6260154,0.3057014,
1,19,54.043,0.3951238,0.04140205,-0.7768386,0.3194483,-0.6424332,0.6259363,0.3056734,
1,19,54.045,0.3951238,0.04140205,-0.7768386,0.3194483,-0.6424332,0.6259363,0.3056734,
1,19,54.047,0.3951238,0.04140205,-0.7768386,0.3194483,-0.6424332,0.6259363,0.3056734,
1,19,54.049,0.3951238,0.04140205,-0.7768386,0.3194483,-0.6424332,0.6259363,0.3056734,
1,19,54.051,0.3951133,0.04150485,-0.776759,0.3194296,-0.6424085,0.6260066,0.3056008,
1,19,54.053,0.3951133,0.04150485,-0.776759,0.3194296,-0.6424085,0.6260066,0.3056008,
1,19,54.055,0.3951133,0.04150485,-0.776759,0.3194296,-0.6424085,0.6260066,0.3056008,
1,19,54.057,0.3951133,0.04150485,-0.776759,0.3194296,-0.6424085,0.6260066,0.3056008,
1,19,54.059,0.3950809,0.04145059,-0.7767913,0.3194247,-0.6424078,0.6259684,0.3056856,
1,19,54.061,0.3950809,0.04145059,-0.7767913,0.3194247,-0.6424078,0.6259684,0.3056856,
1,19,54.063,0.3950809,0.04145059,-0.7767913,0.3194247,-0.6424078,0.6259684,0.3056856,
1,19,54.065,0.3950809,0.04145059,-0.7767913,0.3194247,-0.6424078,0.6259684,0.3056856,
1,19,54.067,0.3950809,0.04145059,-0.7767913,0.3194247,-0.6424078,0.6259684,0.3056856,
1,19,54.069,0.3951807,0.04147917,-0.7768792,0.3194683,-0.642305,0.6259912,0.3058093,
1,19,54.071,0.3951807,0.04147917,-0.7768792,0.3194683,-0.642305,0.6259912,0.3058093,
1,19,54.073,0.3951807,0.04147917,-0.7768792,0.3194683,-0.642305,0.6259912,0.3058093,
1,19,54.075,0.3951807,0.04147917,-0.7768792,0.3194683,-0.642305,0.6259912,0.3058093,
1,19,54.077,0.3952043,0.04156768,-0.7768508,0.3194576,-0.64227,0.6260643,0.3057443,
1,19,54.079,0.3952043,0.04156768,-0.7768508,0.3194576,-0.64227,0.6260643,0.3057443,
1,19,54.081,0.3952043,0.04156768,-0.7768508,0.3194576,-0.64227,0.6260643,0.3057443,
1,19,54.083,0.3952043,0.04156768,-0.7768508,0.3194576,-0.64227,0.6260643,0.3057443,
1,19,54.085,0.3951361,0.04157579,-0.7767786,0.3194316,-0.6423338,0.6260628,0.3056406,
1,19,54.087,0.3951361,0.04157579,-0.7767786,0.3194316,-0.6423338,0.6260628,0.3056406,
1,19,54.089,0.3951361,0.04157579,-0.7767786,0.3194316,-0.6423338,0.6260628,0.3056406,
1,19,54.091,0.3951361,0.04157579,-0.7767786,0.3194316,-0.6423338,0.6260628,0.3056406,
1,19,54.093,0.3950984,0.04146653,-0.7768276,0.3194489,-0.6423749,0.6259743,0.3057172,
1,19,54.095,0.3950984,0.04146653,-0.7768276,0.3194489,-0.6423749,0.6259743,0.3057172,
1,19,54.097,0.3950984,0.04146653,-0.7768276,0.3194489,-0.6423749,0.6259743,0.3057172,
1,19,54.099,0.3950984,0.04146653,-0.7768276,0.3194489,-0.6423749,0.6259743,0.3057172,
1,19,54.101,0.3951143,0.04141047,-0.7768576,0.3194412,-0.6423683,0.625935,0.3058197,
1,19,54.103,0.3951143,0.04141047,-0.7768576,0.3194412,-0.6423683,0.625935,0.3058197,
1,19,54.105,0.3951143,0.04141047,-0.7768576,0.3194412,-0.6423683,0.625935,0.3058197,
1,19,54.107,0.3951143,0.04141047,-0.7768576,0.3194412,-0.6423683,0.625935,0.3058197,
1,19,54.109,0.3951588,0.04137959,-0.7768915,0.3194166,-0.6423908,0.6259053,0.3058589,
1,19,54.111,0.3951588,0.04137959,-0.7768915,0.3194166,-0.6423908,0.6259053,0.3058589,
1,19,54.113,0.3951588,0.04137959,-0.7768915,0.3194166,-0.6423908,0.6259053,0.3058589,
1,19,54.115,0.3951588,0.04137959,-0.7768915,0.3194166,-0.6423908,0.6259053,0.3058589,
1,19,54.117,0.3951588,0.04137959,-0.7768915,0.3194166,-0.6423908,0.6259053,0.3058589,
1,19,54.119,0.3951246,0.0414299,-0.7768488,0.319431,-0.6423784,0.6259496,0.3057791,
1,19,54.121,0.3951246,0.0414299,-0.7768488,0.319431,-0.6423784,0.6259496,0.3057791,
1,19,54.123,0.3951246,0.0414299,-0.7768488,0.319431,-0.6423784,0.6259496,0.3057791,
1,19,54.125,0.3951246,0.0414299,-0.7768488,0.319431,-0.6423784,0.6259496,0.3057791,
1,19,54.127,0.3951227,0.04142848,-0.7768092,0.3194238,-0.6424356,0.6259533,0.3056592,
1,19,54.129,0.3951227,0.04142848,-0.7768092,0.3194238,-0.6424356,0.6259533,0.3056592,
1,19,54.131,0.3951227,0.04142848,-0.7768092,0.3194238,-0.6424356,0.6259533,0.3056592,
1,19,54.133,0.3951227,0.04142848,-0.7768092,0.3194238,-0.6424356,0.6259533,0.3056592,
1,19,54.135,0.3950735,0.04143601,-0.7767771,0.3194268,-0.6424282,0.6259493,0.3056796,
1,19,54.137,0.3950735,0.04143601,-0.7767771,0.3194268,-0.6424282,0.6259493,0.3056796,
1,19,54.139,0.3950735,0.04143601,-0.7767771,0.3194268,-0.6424282,0.6259493,0.3056796,
1,19,54.141,0.3950735,0.04143601,-0.7767771,0.3194268,-0.6424282,0.6259493,0.3056796,
1,19,54.143,0.3951589,0.0414886,-0.7767769,0.3194213,-0.6423798,0.62602,0.3056421,
1,19,54.145,0.3951589,0.0414886,-0.7767769,0.3194213,-0.6423798,0.62602,0.3056421,
1,19,54.147,0.3951589,0.0414886,-0.7767769,0.3194213,-0.6423798,0.62602,0.3056421,
1,19,54.149,0.3951589,0.0414886,-0.7767769,0.3194213,-0.6423798,0.62602,0.3056421,
1,19,54.151,0.3951254,0.04138121,-0.7768666,0.3194641,-0.6424122,0.6259191,0.305736,
1,19,54.153,0.3951254,0.04138121,-0.7768666,0.3194641,-0.6424122,0.6259191,0.305736,
1,19,54.155,0.3951254,0.04138121,-0.7768666,0.3194641,-0.6424122,0.6259191,0.305736,
1,19,54.157,0.3951254,0.04138121,-0.7768666,0.3194641,-0.6424122,0.6259191,0.305736,
1,19,54.159,0.3951375,0.04144777,-0.7768548,0.3194766,-0.6423794,0.6259441,0.3057407,
1,19,54.161,0.3951375,0.04144777,-0.7768548,0.3194766,-0.6423794,0.6259441,0.3057407,
1,19,54.163,0.3951375,0.04144777,-0.7768548,0.3194766,-0.6423794,0.6259441,0.3057407,
1,19,54.165,0.3951375,0.04144777,-0.7768548,0.3194766,-0.6423794,0.6259441,0.3057407,
1,19,54.167,0.3951375,0.04144777,-0.7768548,0.3194766,-0.6423794,0.6259441,0.3057407,
1,19,54.169,0.3951538,0.04139528,-0.7768624,0.3194617,-0.6424234,0.6259326,0.3056877,
1,19,54.171,0.3951538,0.04139528,-0.7768624,0.3194617,-0.6424234,0.6259326,0.3056877,
1,19,54.173,0.3951538,0.04139528,-0.7768624,0.3194617,-0.6424234,0.6259326,0.3056877,
1,19,54.175,0.3951538,0.04139528,-0.7768624,0.3194617,-0.6424234,0.6259326,0.3056877,
1,19,54.177,0.39512,0.04140027,-0.7768388,0.3194362,-0.6424147,0.6259333,0.3057308,
1,19,54.179,0.39512,0.04140027,-0.7768388,0.3194362,-0.6424147,0.6259333,0.3057308,
1,19,54.181,0.39512,0.04140027,-0.7768388,0.3194362,-0.6424147,0.6259333,0.3057308,
1,19,54.183,0.39512,0.04140027,-0.7768388,0.3194362,-0.6424147,0.6259333,0.3057308,
1,19,54.185,0.3951365,0.0413288,-0.776914,0.3194615,-0.6424252,0.6258815,0.3057885,
1,19,54.187,0.3951365,0.0413288,-0.776914,0.3194615,-0.6424252,0.6258815,0.3057885,
1,19,54.189,0.3951365,0.0413288,-0.776914,0.3194615,-0.6424252,0.6258815,0.3057885,
1,19,54.191,0.3951365,0.0413288,-0.776914,0.3194615,-0.6424252,0.6258815,0.3057885,
1,19,54.193,0.3951254,0.04132118,-0.7768794,0.3194469,-0.6424615,0.625878,0.3057347,
1,19,54.195,0.3951254,0.04132118,-0.7768794,0.3194469,-0.6424615,0.625878,0.3057347,
1,19,54.197,0.3951254,0.04132118,-0.7768794,0.3194469,-0.6424615,0.625878,0.3057347,
1,19,54.199,0.3951254,0.04132118,-0.7768794,0.3194469,-0.6424615,0.625878,0.3057347,
1,19,54.201,0.3951231,0.04148941,-0.776769,0.3194223,-0.6423689,0.6260248,0.3056544,
1,19,54.203,0.3951231,0.04148941,-0.776769,0.3194223,-0.6423689,0.6260248,0.3056544,
1,19,54.205,0.3951231,0.04148941,-0.776769,0.3194223,-0.6423689,0.6260248,0.3056544,
1,19,54.207,0.3951231,0.04148941,-0.776769,0.3194223,-0.6423689,0.6260248,0.3056544,
1,19,54.209,0.3950887,0.04142207,-0.7768379,0.3194197,-0.6423841,0.625958,0.3057619,
1,19,54.211,0.3950887,0.04142207,-0.7768379,0.3194197,-0.6423841,0.625958,0.3057619,
1,19,54.213,0.3950887,0.04142207,-0.7768379,0.3194197,-0.6423841,0.625958,0.3057619,
1,19,54.215,0.3950887,0.04142207,-0.7768379,0.3194197,-0.6423841,0.625958,0.3057619,
1,19,54.217,0.3950887,0.04142207,-0.7768379,0.3194197,-0.6423841,0.625958,0.3057619,
1,19,54.219,0.3951033,0.04138703,-0.7768518,0.3194238,-0.642427,0.6259277,0.3057296,
1,19,54.221,0.3951033,0.04138703,-0.7768518,0.3194238,-0.642427,0.6259277,0.3057296,
1,19,54.223,0.3951033,0.04138703,-0.7768518,0.3194238,-0.642427,0.6259277,0.3057296,
1,19,54.225,0.3951033,0.04138703,-0.7768518,0.3194238,-0.642427,0.6259277,0.3057296,
1,19,54.227,0.3951192,0.04144255,-0.7768304,0.3194612,-0.6423978,0.6259703,0.3056644,
1,19,54.229,0.3951192,0.04144255,-0.7768304,0.3194612,-0.6423978,0.6259703,0.3056644,
1,19,54.231,0.3951192,0.04144255,-0.7768304,0.3194612,-0.6423978,0.6259703,0.3056644,
1,19,54.233,0.3951192,0.04144255,-0.7768304,0.3194612,-0.6423978,0.6259703,0.3056644,
1,19,54.235,0.3951122,0.04145959,-0.776826,0.3194378,-0.6423735,0.6259786,0.305723,
1,19,54.237,0.3951122,0.04145959,-0.776826,0.3194378,-0.6423735,0.6259786,0.305723,
1,19,54.239,0.3951122,0.04145959,-0.776826,0.3194378,-0.6423735,0.6259786,0.305723,
1,19,54.241,0.3951122,0.04145959,-0.776826,0.3194378,-0.6423735,0.6259786,0.305723,
1,19,54.243,0.3951035,0.04140983,-0.7768373,0.319455,-0.6423957,0.6259311,0.3057558,
1,19,54.245,0.3951035,0.04140983,-0.7768373,0.319455,-0.6423957,0.6259311,0.3057558,
1,19,54.247,0.3951035,0.04140983,-0.7768373,0.319455,-0.6423957,0.6259311,0.3057558,
1,19,54.249,0.3951035,0.04140983,-0.7768373,0.319455,-0.6423957,0.6259311,0.3057558,
1,19,54.251,0.3951035,0.04150121,-0.7767851,0.319418,-0.6423314,0.6260227,0.3057421,
1,19,54.253,0.3951035,0.04150121,-0.7767851,0.319418,-0.6423314,0.6260227,0.3057421,
1,19,54.255,0.3951035,0.04150121,-0.7767851,0.319418,-0.6423314,0.6260227,0.3057421,
1,19,54.257,0.3951035,0.04150121,-0.7767851,0.319418,-0.6423314,0.6260227,0.3057421,
1,19,54.259,0.3950873,0.04146382,-0.7768156,0.3194377,-0.6423659,0.6259833,0.3057294,
1,19,54.261,0.3950873,0.04146382,-0.7768156,0.3194377,-0.6423659,0.6259833,0.3057294,
1,19,54.263,0.3950873,0.04146382,-0.7768156,0.3194377,-0.6423659,0.6259833,0.3057294,
1,19,54.265,0.3950873,0.04146382,-0.7768156,0.3194377,-0.6423659,0.6259833,0.3057294,
1,19,54.267,0.3950873,0.04146382,-0.7768156,0.3194377,-0.6423659,0.6259833,0.3057294,
1,19,54.269,0.3950875,0.04148211,-0.77681,0.3193709,-0.6423488,0.6260249,0.3057499,
1,19,54.271,0.3950875,0.04148211,-0.77681,0.3193709,-0.6423488,0.6260249,0.3057499,
1,19,54.273,0.3950875,0.04148211,-0.77681,0.3193709,-0.6423488,0.6260249,0.3057499,
1,19,54.275,0.3950875,0.04148211,-0.77681,0.3193709,-0.6423488,0.6260249,0.3057499,
1,19,54.277,0.3951231,0.04142052,-0.7768252,0.3194336,-0.6423786,0.6259537,0.3057677,
1,19,54.279,0.3951231,0.04142052,-0.7768252,0.3194336,-0.6423786,0.6259537,0.3057677,
1,19,54.281,0.3951231,0.04142052,-0.7768252,0.3194336,-0.6423786,0.6259537,0.3057677,
1,19,54.283,0.3951231,0.04142052,-0.7768252,0.3194336,-0.6423786,0.6259537,0.3057677,
1,19,54.285,0.3949582,0.04119905,-0.7765285,0.3192673,-0.6425604,0.6258965,0.3056768,
1,19,54.287,0.3949582,0.04119905,-0.7765285,0.3192673,-0.6425604,0.6258965,0.3056768,
1,19,54.289,0.3949582,0.04119905,-0.7765285,0.3192673,-0.6425604,0.6258965,0.3056768,
1,19,54.291,0.3949582,0.04119905,-0.7765285,0.3192673,-0.6425604,0.6258965,0.3056768,
1,19,54.293,0.3947911,0.04132573,-0.7762753,0.3191267,-0.6425427,0.6260709,0.3055035,
1,19,54.295,0.3947911,0.04132573,-0.7762753,0.3191267,-0.6425427,0.6260709,0.3055035,
1,19,54.297,0.3947911,0.04132573,-0.7762753,0.3191267,-0.6425427,0.6260709,0.3055035,
1,19,54.299,0.3947911,0.04132573,-0.7762753,0.3191267,-0.6425427,0.6260709,0.3055035,
1,19,54.301,0.3947805,0.04149273,-0.7763829,0.3191626,-0.6424292,0.6261336,0.3055764,
1,19,54.303,0.3947805,0.04149273,-0.7763829,0.3191626,-0.6424292,0.6261336,0.3055764,
1,19,54.305,0.3947805,0.04149273,-0.7763829,0.3191626,-0.6424292,0.6261336,0.3055764,
1,19,54.307,0.3947805,0.04149273,-0.7763829,0.3191626,-0.6424292,0.6261336,0.3055764,
1,19,54.309,0.3950162,0.04156137,-0.776738,0.3193623,-0.6423385,0.6260695,0.3056894,
1,19,54.311,0.3950162,0.04156137,-0.776738,0.3193623,-0.6423385,0.6260695,0.3056894,
1,19,54.313,0.3950162,0.04156137,-0.776738,0.3193623,-0.6423385,0.6260695,0.3056894,
1,19,54.315,0.3950162,0.04156137,-0.776738,0.3193623,-0.6423385,0.6260695,0.3056894,
1,19,54.317,0.3950162,0.04156137,-0.776738,0.3193623,-0.6423385,0.6260695,0.3056894,
1,19,54.319,0.395198,0.04142714,-0.776951,0.3194601,-0.6423814,0.6259393,0.3057635,
1,19,54.321,0.395198,0.04142714,-0.776951,0.3194601,-0.6423814,0.6259393,0.3057635,
1,19,54.323,0.395198,0.04142714,-0.776951,0.3194601,-0.6423814,0.6259393,0.3057635,
1,19,54.325,0.395198,0.04142714,-0.776951,0.3194601,-0.6423814,0.6259393,0.3057635,
1,19,54.327,0.3952115,0.04145483,-0.7769,0.3194798,-0.642331,0.6259682,0.3057902,
1,19,54.329,0.3952115,0.04145483,-0.7769,0.3194798,-0.642331,0.6259682,0.3057902,
1,19,54.331,0.3952115,0.04145483,-0.7769,0.3194798,-0.642331,0.6259682,0.3057902,
1,19,54.333,0.3952115,0.04145483,-0.7769,0.3194798,-0.642331,0.6259682,0.3057902,
1,19,54.335,0.395136,0.04146486,-0.7768459,0.3194394,-0.6423544,0.6259922,0.3057338,
1,19,54.337,0.395136,0.04146486,-0.7768459,0.3194394,-0.6423544,0.6259922,0.3057338,
1,19,54.339,0.395136,0.04146486,-0.7768459,0.3194394,-0.6423544,0.6259922,0.3057338,
1,19,54.341,0.395136,0.04146486,-0.7768459,0.3194394,-0.6423544,0.6259922,0.3057338,
1,19,54.343,0.3951738,0.04146744,-0.7768754,0.3194662,-0.6423565,0.6259755,0.3057355,
1,19,54.345,0.3951738,0.04146744,-0.7768754,0.3194662,-0.6423565,0.6259755,0.3057355,
1,19,54.347,0.3951738,0.04146744,-0.7768754,0.3194662,-0.6423565,0.6259755,0.3057355,
1,19,54.349,0.3951738,0.04146744,-0.7768754,0.3194662,-0.6423565,0.6259755,0.3057355,
1,19,54.351,0.395195,0.04134717,-0.7769778,0.319546,-0.6423732,0.6258506,0.3058726,
1,19,54.353,0.395195,0.04134717,-0.7769778,0.319546,-0.6423732,0.6258506,0.3058726,
1,19,54.355,0.395195,0.04134717,-0.7769778,0.319546,-0.6423732,0.6258506,0.3058726,
1,19,54.357,0.395195,0.04134717,-0.7769778,0.319546,-0.6423732,0.6258506,0.3058726,
1,19,54.359,0.3952091,0.04136248,-0.7769457,0.3195134,-0.6423759,0.6258755,0.3058504,
1,19,54.361,0.3952091,0.04136248,-0.7769457,0.3195134,-0.6423759,0.6258755,0.3058504,
1,19,54.363,0.3952091,0.04136248,-0.7769457,0.3195134,-0.6423759,0.6258755,0.3058504,
1,19,54.365,0.3952091,0.04136248,-0.7769457,0.3195134,-0.6423759,0.6258755,0.3058504,
1,19,54.367,0.3952091,0.04136248,-0.7769457,0.3195134,-0.6423759,0.6258755,0.3058504,
1,19,54.369,0.3951791,0.04138916,-0.7768947,0.3194816,-0.6423941,0.6259038,0.3057871,
1,19,54.371,0.3951791,0.04138916,-0.7768947,0.3194816,-0.6423941,0.6259038,0.3057871,
1,19,54.373,0.3951791,0.04138916,-0.7768947,0.3194816,-0.6423941,0.6259038,0.3057871,
1,19,54.375,0.3951791,0.04138916,-0.7768947,0.3194816,-0.6423941,0.6259038,0.3057871,
1,19,54.377,0.3951556,0.04144455,-0.7768301,0.319449,-0.6423804,0.6259824,0.3056891,
1,19,54.379,0.3951556,0.04144455,-0.7768301,0.319449,-0.6423804,0.6259824,0.3056891,
1,19,54.381,0.3951556,0.04144455,-0.7768301,0.319449,-0.6423804,0.6259824,0.3056891,
1,19,54.383,0.3951556,0.04144455,-0.7768301,0.319449,-0.6423804,0.6259824,0.3056891,
1,19,54.385,0.3951294,0.04142341,-0.7768101,0.3194501,-0.6424271,0.6259588,0.3056382,
1,19,54.387,0.3951294,0.04142341,-0.7768101,0.3194501,-0.6424271,0.6259588,0.3056382,
1,19,54.389,0.3951294,0.04142341,-0.7768101,0.3194501,-0.6424271,0.6259588,0.3056382,
1,19,54.391,0.3951294,0.04142341,-0.7768101,0.3194501,-0.6424271,0.6259588,0.3056382,
1,19,54.393,0.3951336,0.04139172,-0.7768592,0.3194959,-0.6424279,0.6259008,0.3057073,
1,19,54.395,0.3951336,0.04139172,-0.7768592,0.3194959,-0.6424279,0.6259008,0.3057073,
1,19,54.397,0.3951336,0.04139172,-0.7768592,0.3194959,-0.6424279,0.6259008,0.3057073,
1,19,54.399,0.3951336,0.04139172,-0.7768592,0.3194959,-0.6424279,0.6259008,0.3057073,
1,19,54.401,0.395181,0.04133312,-0.7769163,0.3194966,-0.6424556,0.6258591,0.3057338,
1,19,54.403,0.395181,0.04133312,-0.7769163,0.3194966,-0.6424556,0.6258591,0.3057338,
1,19,54.405,0.395181,0.04133312,-0.7769163,0.3194966,-0.6424556,0.6258591,0.3057338,
1,19,54.407,0.395181,0.04133312,-0.7769163,0.3194966,-0.6424556,0.6258591,0.3057338,
1,19,54.409,0.3952216,0.04127761,-0.7769986,0.3195428,-0.6424561,0.6258039,0.3057974,
1,19,54.411,0.3952216,0.04127761,-0.7769986,0.3195428,-0.6424561,0.6258039,0.3057974,
1,19,54.413,0.3952216,0.04127761,-0.7769986,0.3195428,-0.6424561,0.6258039,0.3057974,
1,19,54.415,0.3952216,0.04127761,-0.7769986,0.3195428,-0.6424561,0.6258039,0.3057974,
1,19,54.417,0.3952216,0.04127761,-0.7769986,0.3195428,-0.6424561,0.6258039,0.3057974,
1,19,54.419,0.3951689,0.04129915,-0.7769043,0.3194877,-0.6424922,0.6258452,0.3056946,
1,19,54.421,0.3951689,0.04129915,-0.7769043,0.3194877,-0.6424922,0.6258452,0.3056946,
1,19,54.423,0.3951689,0.04129915,-0.7769043,0.3194877,-0.6424922,0.6258452,0.3056946,
1,19,54.425,0.3951689,0.04129915,-0.7769043,0.3194877,-0.6424922,0.6258452,0.3056946,
1,19,54.427,0.3951581,0.04141107,-0.7768874,0.3194729,-0.6423888,0.6259226,0.3057687,
1,19,54.429,0.3951581,0.04141107,-0.7768874,0.3194729,-0.6423888,0.6259226,0.3057687,
1,19,54.431,0.3951581,0.04141107,-0.7768874,0.3194729,-0.6423888,0.6259226,0.3057687,
1,19,54.433,0.3951581,0.04141107,-0.7768874,0.3194729,-0.6423888,0.6259226,0.3057687,
1,19,54.435,0.3951331,0.04145144,-0.7767932,0.3194688,-0.6424224,0.6259599,0.3056262,
1,19,54.437,0.3951331,0.04145144,-0.7767932,0.3194688,-0.6424224,0.6259599,0.3056262,
1,19,54.439,0.3951331,0.04145144,-0.7767932,0.3194688,-0.6424224,0.6259599,0.3056262,
1,19,54.441,0.3951331,0.04145144,-0.7767932,0.3194688,-0.6424224,0.6259599,0.3056262,
1,19,54.443,0.3951594,0.04151009,-0.7767848,0.3194624,-0.6423433,0.6260357,0.3056439,
1,19,54.445,0.3951594,0.04151009,-0.7767848,0.3194624,-0.6423433,0.6260357,0.3056439,
1,19,54.447,0.3951594,0.04151009,-0.7767848,0.3194624,-0.6423433,0.6260357,0.3056439,
1,19,54.449,0.3951594,0.04151009,-0.7767848,0.3194624,-0.6423433,0.6260357,0.3056439,
1,19,54.451,0.3951312,0.04146857,-0.7768244,0.3194852,-0.6423671,0.6259698,0.3057053,
1,19,54.453,0.3951312,0.04146857,-0.7768244,0.3194852,-0.6423671,0.6259698,0.3057053,
1,19,54.455,0.3951312,0.04146857,-0.7768244,0.3194852,-0.6423671,0.6259698,0.3057053,
1,19,54.457,0.3951312,0.04146857,-0.7768244,0.3194852,-0.6423671,0.6259698,0.3057053,
1,19,54.459,0.3950759,0.04145448,-0.7767827,0.3193869,-0.6424333,0.6260027,0.3056011,
1,19,54.461,0.3950759,0.04145448,-0.7767827,0.3193869,-0.6424333,0.6260027,0.3056011,
1,19,54.463,0.3950759,0.04145448,-0.7767827,0.3193869,-0.6424333,0.6260027,0.3056011,
1,19,54.465,0.3950759,0.04145448,-0.7767827,0.3193869,-0.6424333,0.6260027,0.3056011,
1,19,54.467,0.3950759,0.04145448,-0.7767827,0.3193869,-0.6424333,0.6260027,0.3056011,
1,19,54.469,0.3950548,0.04142741,-0.7767936,0.3193544,-0.6424257,0.6259941,0.305669,
1,19,54.471,0.3950548,0.04142741,-0.7767936,0.3193544,-0.6424257,0.6259941,0.305669,
1,19,54.473,0.3950548,0.04142741,-0.7767936,0.3193544,-0.6424257,0.6259941,0.305669,
1,19,54.475,0.3950548,0.04142741,-0.7767936,0.3193544,-0.6424257,0.6259941,0.305669,
1,19,54.477,0.3950836,0.04142154,-0.776777,0.3193732,-0.6424176,0.6259851,0.3056848,
1,19,54.479,0.3950836,0.04142154,-0.776777,0.3193732,-0.6424176,0.6259851,0.3056848,
1,19,54.481,0.3950836,0.04142154,-0.776777,0.3193732,-0.6424176,0.6259851,0.3056848,
1,19,54.483,0.3950836,0.04142154,-0.776777,0.3193732,-0.6424176,0.6259851,0.3056848,
1,19,54.485,0.3951012,0.0415157,-0.7767326,0.3194121,-0.6423926,0.6260316,0.3056014,
1,19,54.487,0.3951012,0.0415157,-0.7767326,0.3194121,-0.6423926,0.6260316,0.3056014,
1,19,54.489,0.3951012,0.0415157,-0.7767326,0.3194121,-0.6423926,0.6260316,0.3056014,
1,19,54.491,0.3951012,0.0415157,-0.7767326,0.3194121,-0.6423926,0.6260316,0.3056014,
1,19,54.493,0.3950993,0.04145482,-0.776782,0.3194447,-0.6424278,0.6259751,0.3056091,
1,19,54.495,0.3950993,0.04145482,-0.776782,0.3194447,-0.6424278,0.6259751,0.3056091,
1,19,54.497,0.3950993,0.04145482,-0.776782,0.3194447,-0.6424278,0.6259751,0.3056091,
1,19,54.499,0.3950993,0.04145482,-0.776782,0.3194447,-0.6424278,0.6259751,0.3056091,
1,19,54.501,0.3951403,0.04147814,-0.7768186,0.3194786,-0.6423763,0.6259727,0.3056867,
1,19,54.503,0.3951403,0.04147814,-0.7768186,0.3194786,-0.6423763,0.6259727,0.3056867,
1,19,54.505,0.3951403,0.04147814,-0.7768186,0.3194786,-0.6423763,0.6259727,0.3056867,
1,19,54.507,0.3951403,0.04147814,-0.7768186,0.3194786,-0.6423763,0.6259727,0.3056867,
1,19,54.509,0.3951468,0.04143118,-0.7768694,0.3195027,-0.6423653,0.625941,0.3057494,
1,19,54.511,0.3951468,0.04143118,-0.7768694,0.3195027,-0.6423653,0.625941,0.3057494,
1,19,54.513,0.3951468,0.04143118,-0.7768694,0.3195027,-0.6423653,0.625941,0.3057494,
1,19,54.515,0.3951468,0.04143118,-0.7768694,0.3195027,-0.6423653,0.625941,0.3057494,
1,19,54.517,0.3951468,0.04143118,-0.7768694,0.3195027,-0.6423653,0.625941,0.3057494,
1,19,54.519,0.3951262,0.04144608,-0.7768103,0.3194484,-0.6424103,0.6259717,0.305649,
1,19,54.521,0.3951262,0.04144608,-0.7768103,0.3194484,-0.6424103,0.6259717,0.305649,
1,19,54.523,0.3951262,0.04144608,-0.7768103,0.3194484,-0.6424103,0.6259717,0.305649,
1,19,54.525,0.3951262,0.04144608,-0.7768103,0.3194484,-0.6424103,0.6259717,0.305649,
1,19,54.527,0.3951347,0.04149174,-0.7768246,0.319497,-0.6423589,0.6259763,0.3056965,
1,19,54.529,0.3951347,0.04149174,-0.7768246,0.319497,-0.6423589,0.6259763,0.3056965,
1,19,54.531,0.3951347,0.04149174,-0.7768246,0.319497,-0.6423589,0.6259763,0.3056965,
1,19,54.533,0.3951347,0.04149174,-0.7768246,0.319497,-0.6423589,0.6259763,0.3056965,
1,19,54.535,0.3951154,0.04144418,-0.7768143,0.3194513,-0.6423942,0.6259646,0.3056942,
1,19,54.537,0.3951154,0.04144418,-0.7768143,0.3194513,-0.6423942,0.6259646,0.3056942,
1,19,54.539,0.3951154,0.04144418,-0.7768143,0.3194513,-0.6423942,0.6259646,0.3056942,
1,19,54.541,0.3951154,0.04144418,-0.7768143,0.3194513,-0.6423942,0.6259646,0.3056942,
1,19,54.543,0.3950803,0.04138849,-0.7767535,0.319379,-0.6424974,0.6259345,0.3056141,
1,19,54.545,0.3950803,0.04138849,-0.7767535,0.319379,-0.6424974,0.6259345,0.3056141,
1,19,54.547,0.3950803,0.04138849,-0.7767535,0.319379,-0.6424974,0.6259345,0.3056141,
1,19,54.549,0.3950803,0.04138849,-0.7767535,0.319379,-0.6424974,0.6259345,0.3056141,
1,19,54.551,0.3950766,0.04136805,-0.7767863,0.3194382,-0.6424671,0.6259127,0.3056611,
1,19,54.553,0.3950766,0.04136805,-0.7767863,0.3194382,-0.6424671,0.6259127,0.3056611,
1,19,54.555,0.3950766,0.04136805,-0.7767863,0.3194382,-0.6424671,0.6259127,0.3056611,
1,19,54.557,0.3950766,0.04136805,-0.7767863,0.3194382,-0.6424671,0.6259127,0.3056611,
1,19,54.559,0.3950798,0.04143486,-0.7767763,0.3194486,-0.642415,0.6259455,0.3056924,
1,19,54.561,0.3950798,0.04143486,-0.7767763,0.3194486,-0.642415,0.6259455,0.3056924,
1,19,54.563,0.3950798,0.04143486,-0.7767763,0.3194486,-0.642415,0.6259455,0.3056924,
1,19,54.565,0.3950798,0.04143486,-0.7767763,0.3194486,-0.642415,0.6259455,0.3056924,
1,19,54.567,0.3950798,0.04143486,-0.7767763,0.3194486,-0.642415,0.6259455,0.3056924,
1,19,54.569,0.3951546,0.04139159,-0.7768697,0.3194802,-0.6424026,0.625894,0.3057908,
1,19,54.571,0.3951546,0.04139159,-0.7768697,0.3194802,-0.6424026,0.625894,0.3057908,
1,19,54.573,0.3951546,0.04139159,-0.7768697,0.3194802,-0.6424026,0.625894,0.3057908,
1,19,54.575,0.3951546,0.04139159,-0.7768697,0.3194802,-0.6424026,0.625894,0.3057908,
1,19,54.577,0.3951969,0.04134841,-0.7769196,0.3194857,-0.6424289,0.625891,0.305736,
1,19,54.579,0.3951969,0.04134841,-0.7769196,0.3194857,-0.6424289,0.625891,0.305736,
1,19,54.581,0.3951969,0.04134841,-0.7769196,0.3194857,-0.6424289,0.625891,0.305736,
1,19,54.583,0.3951969,0.04134841,-0.7769196,0.3194857,-0.6424289,0.625891,0.305736,
1,19,54.585,0.3951125,0.04138139,-0.7767782,0.3194413,-0.6424618,0.6259323,0.3056287,
1,19,54.587,0.3951125,0.04138139,-0.7767782,0.3194413,-0.6424618,0.6259323,0.3056287,
1,19,54.589,0.3951125,0.04138139,-0.7767782,0.3194413,-0.6424618,0.6259323,0.3056287,
1,19,54.591,0.3951125,0.04138139,-0.7767782,0.3194413,-0.6424618,0.6259323,0.3056287,
1,19,54.593,0.3950963,0.04139764,-0.7767761,0.3194017,-0.6424403,0.625964,0.3056501,
1,19,54.595,0.3950963,0.04139764,-0.7767761,0.3194017,-0.6424403,0.625964,0.3056501,
1,19,54.597,0.3950963,0.04139764,-0.7767761,0.3194017,-0.6424403,0.625964,0.3056501,
1,19,54.599,0.3950963,0.04139764,-0.7767761,0.3194017,-0.6424403,0.625964,0.3056501,
1,19,54.601,0.3951422,0.04134072,-0.7768832,0.319429,-0.6424401,0.6259094,0.3057341,
1,19,54.603,0.3951422,0.04134072,-0.7768832,0.319429,-0.6424401,0.6259094,0.3057341,
1,19,54.605,0.3951422,0.04134072,-0.7768832,0.319429,-0.6424401,0.6259094,0.3057341,
1,19,54.607,0.3951422,0.04134072,-0.7768832,0.319429,-0.6424401,0.6259094,0.3057341,
1,19,54.609,0.3951026,0.0413728,-0.7768482,0.3194492,-0.6424178,0.6259103,0.305758,
1,19,54.611,0.3951026,0.0413728,-0.7768482,0.3194492,-0.6424178,0.6259103,0.305758,
1,19,54.613,0.3951026,0.0413728,-0.7768482,0.3194492,-0.6424178,0.6259103,0.305758,
1,19,54.615,0.3951026,0.0413728,-0.7768482,0.3194492,-0.6424178,0.6259103,0.305758,
1,19,54.617,0.3951026,0.0413728,-0.7768482,0.3194492,-0.6424178,0.6259103,0.305758,
1,19,54.619,0.3950818,0.04143343,-0.7768066,0.3194334,-0.6423913,0.6259569,0.3057349,
1,19,54.621,0.3950818,0.04143343,-0.7768066,0.3194334,-0.6423913,0.6259569,0.3057349,
1,19,54.623,0.3950818,0.04143343,-0.7768066,0.3194334,-0.6423913,0.6259569,0.3057349,
1,19,54.625,0.3950818,0.04143343,-0.7768066,0.3194334,-0.6423913,0.6259569,0.3057349,
1,19,54.627,0.3951383,0.04141885,-0.7767847,0.3194238,-0.642454,0.6259448,0.305638,
1,19,54.629,0.3951383,0.04141885,-0.7767847,0.3194238,-0.642454,0.6259448,0.305638,
1,19,54.631,0.3951383,0.04141885,-0.7767847,0.3194238,-0.642454,0.6259448,0.305638,
1,19,54.633,0.3951383,0.04141885,-0.7767847,0.3194238,-0.642454,0.6259448,0.305638,
1,19,54.635,0.3951152,0.04147635,-0.7768179,0.319446,-0.6423495,0.6260013,0.3057184,
1,19,54.637,0.3951152,0.04147635,-0.7768179,0.319446,-0.6423495,0.6260013,0.3057184,
1,19,54.639,0.3951152,0.04147635,-0.7768179,0.319446,-0.6423495,0.6260013,0.3057184,
1,19,54.641,0.3951152,0.04147635,-0.7768179,0.319446,-0.6423495,0.6260013,0.3057184,
1,19,54.643,0.3950888,0.04142429,-0.7767993,0.3193945,-0.6424134,0.6259782,0.3056854,
1,19,54.645,0.3950888,0.04142429,-0.7767993,0.3193945,-0.6424134,0.6259782,0.3056854,
1,19,54.647,0.3950888,0.04142429,-0.7767993,0.3193945,-0.6424134,0.6259782,0.3056854,
1,19,54.649,0.3950888,0.04142429,-0.7767993,0.3193945,-0.6424134,0.6259782,0.3056854,
1,19,54.651,0.3950704,0.04146164,-0.7767401,0.319406,-0.6424211,0.6260034,0.3056054,
1,19,54.653,0.3950704,0.04146164,-0.7767401,0.319406,-0.6424211,0.6260034,0.3056054,
1,19,54.655,0.3950704,0.04146164,-0.7767401,0.319406,-0.6424211,0.6260034,0.3056054,
1,19,54.657,0.3950704,0.04146164,-0.7767401,0.319406,-0.6424211,0.6260034,0.3056054,
1,19,54.659,0.3950922,0.04143891,-0.776765,0.3194485,-0.6424296,0.625976,0.3055993,
1,19,54.661,0.3950922,0.04143891,-0.776765,0.3194485,-0.6424296,0.625976,0.3055993,
1,19,54.663,0.3950922,0.04143891,-0.776765,0.3194485,-0.6424296,0.625976,0.3055993,
1,19,54.665,0.3950922,0.04143891,-0.776765,0.3194485,-0.6424296,0.625976,0.3055993,
1,19,54.667,0.3950922,0.04143891,-0.776765,0.3194485,-0.6424296,0.625976,0.3055993,
1,19,54.669,0.3951179,0.0413582,-0.7768201,0.3194331,-0.6424628,0.6259182,0.3056641,
1,19,54.671,0.3951179,0.0413582,-0.7768201,0.3194331,-0.6424628,0.6259182,0.3056641,
1,19,54.673,0.3951179,0.0413582,-0.7768201,0.3194331,-0.6424628,0.6259182,0.3056641,
1,19,54.675,0.3951179,0.0413582,-0.7768201,0.3194331,-0.6424628,0.6259182,0.3056641,
1,19,54.677,0.395137,0.04142228,-0.7768329,0.3194138,-0.6423869,0.6259625,0.3057531,
1,19,54.679,0.395137,0.04142228,-0.7768329,0.3194138,-0.6423869,0.6259625,0.3057531,
1,19,54.681,0.395137,0.04142228,-0.7768329,0.3194138,-0.6423869,0.6259625,0.3057531,
1,19,54.683,0.395137,0.04142228,-0.7768329,0.3194138,-0.6423869,0.6259625,0.3057531,
1,19,54.685,0.3950745,0.04146022,-0.7767705,0.3193876,-0.6423786,0.6260061,0.3057084,
1,19,54.687,0.3950745,0.04146022,-0.7767705,0.3193876,-0.6423786,0.6260061,0.3057084,
1,19,54.689,0.3950745,0.04146022,-0.7767705,0.3193876,-0.6423786,0.6260061,0.3057084,
1,19,54.691,0.3950745,0.04146022,-0.7767705,0.3193876,-0.6423786,0.6260061,0.3057084,
1,19,54.693,0.3951417,0.04144402,-0.7767866,0.3194396,-0.6423773,0.6259883,0.3056934,
1,19,54.695,0.3951417,0.04144402,-0.7767866,0.3194396,-0.6423773,0.6259883,0.3056934,
1,19,54.697,0.3951417,0.04144402,-0.7767866,0.3194396,-0.6423773,0.6259883,0.3056934,
1,19,54.699,0.3951417,0.04144402,-0.7767866,0.3194396,-0.6423773,0.6259883,0.3056934,
1,19,54.701,0.3951065,0.04142375,-0.776772,0.3194178,-0.6424285,0.6259665,0.305653,
1,19,54.703,0.3951065,0.04142375,-0.776772,0.3194178,-0.6424285,0.6259665,0.305653,
1,19,54.705,0.3951065,0.04142375,-0.776772,0.3194178,-0.6424285,0.6259665,0.305653,
1,19,54.707,0.3951065,0.04142375,-0.776772,0.3194178,-0.6424285,0.6259665,0.305653,
1,19,54.709,0.3951309,0.04146097,-0.7767953,0.3194493,-0.6424102,0.6259855,0.3056198,
1,19,54.711,0.3951309,0.04146097,-0.7767953,0.3194493,-0.6424102,0.6259855,0.3056198,
1,19,54.713,0.3951309,0.04146097,-0.7767953,0.3194493,-0.6424102,0.6259855,0.3056198,
1,19,54.715,0.3951309,0.04146097,-0.7767953,0.3194493,-0.6424102,0.6259855,0.3056198,
1,19,54.717,0.3951309,0.04146097,-0.7767953,0.3194493,-0.6424102,0.6259855,0.3056198,
1,19,54.719,0.3950661,0.041438,-0.7768027,0.3194531,-0.6423985,0.6259633,0.3056861,
1,19,54.721,0.3950661,0.041438,-0.7768027,0.3194531,-0.6423985,0.6259633,0.3056861,
1,19,54.723,0.3950661,0.041438,-0.7768027,0.3194531,-0.6423985,0.6259633,0.3056861,
1,19,54.725,0.3950661,0.041438,-0.7768027,0.3194531,-0.6423985,0.6259633,0.3056861,
1,19,54.727,0.3951208,0.0414982,-0.7767886,0.3194281,-0.6423457,0.6260267,0.3056931,
1,19,54.729,0.3951208,0.0414982,-0.7767886,0.3194281,-0.6423457,0.6260267,0.3056931,
1,19,54.731,0.3951208,0.0414982,-0.7767886,0.3194281,-0.6423457,0.6260267,0.3056931,
1,19,54.733,0.3951208,0.0414982,-0.7767886,0.3194281,-0.6423457,0.6260267,0.3056931,
1,19,54.735,0.3951131,0.04140066,-0.7768264,0.3194372,-0.6424339,0.6259459,0.3056637,
1,19,54.737,0.3951131,0.04140066,-0.7768264,0.3194372,-0.6424339,0.6259459,0.3056637,
1,19,54.739,0.3951131,0.04140066,-0.7768264,0.3194372,-0.6424339,0.6259459,0.3056637,
1,19,54.741,0.3951131,0.04140066,-0.7768264,0.3194372,-0.6424339,0.6259459,0.3056637,
1,19,54.743,0.3951437,0.04134453,-0.7768346,0.319488,-0.6425173,0.6258707,0.3055891,
1,19,54.745,0.3951437,0.04134453,-0.7768346,0.319488,-0.6425173,0.6258707,0.3055891,
1,19,54.747,0.3951437,0.04134453,-0.7768346,0.319488,-0.6425173,0.6258707,0.3055891,
1,19,54.749,0.3951437,0.04134453,-0.7768346,0.319488,-0.6425173,0.6258707,0.3055891,
1,19,54.751,0.395109,0.04149545,-0.7767785,0.3194757,-0.6423818,0.6259855,0.3056522,
1,19,54.753,0.395109,0.04149545,-0.7767785,0.3194757,-0.6423818,0.6259855,0.3056522,
1,19,54.755,0.395109,0.04149545,-0.7767785,0.3194757,-0.6423818,0.6259855,0.3056522,
1,19,54.757,0.395109,0.04149545,-0.7767785,0.3194757,-0.6423818,0.6259855,0.3056522,
1,19,54.759,0.3950772,0.04140487,-0.7768364,0.3194147,-0.6423917,0.6259427,0.3057826,
1,19,54.761,0.3950772,0.04140487,-0.7768364,0.3194147,-0.6423917,0.6259427,0.3057826,
1,19,54.763,0.3950772,0.04140487,-0.7768364,0.3194147,-0.6423917,0.6259427,0.3057826,
1,19,54.765,0.3950772,0.04140487,-0.7768364,0.3194147,-0.6423917,0.6259427,0.3057826,
1,19,54.767,0.3950772,0.04140487,-0.7768364,0.3194147,-0.6423917,0.6259427,0.3057826,
1,19,54.769,0.3951018,0.0414145,-0.7768105,0.3193825,-0.6424077,0.6259673,0.305732,
1,19,54.771,0.3951018,0.0414145,-0.7768105,0.3193825,-0.6424077,0.6259673,0.305732,
1,19,54.773,0.3951018,0.0414145,-0.7768105,0.3193825,-0.6424077,0.6259673,0.305732,
1,19,54.775,0.3951018,0.0414145,-0.7768105,0.3193825,-0.6424077,0.6259673,0.305732,
1,19,54.777,0.3951111,0.04138579,-0.7768137,0.3194259,-0.6424702,0.6259268,0.3056385,
1,19,54.779,0.3951111,0.04138579,-0.7768137,0.3194259,-0.6424702,0.6259268,0.3056385,
1,19,54.781,0.3951111,0.04138579,-0.7768137,0.3194259,-0.6424702,0.6259268,0.3056385,
1,19,54.783,0.3951111,0.04138579,-0.7768137,0.3194259,-0.6424702,0.6259268,0.3056385,
1,19,54.785,0.395068,0.04140513,-0.7767917,0.3194057,-0.6424412,0.6259575,0.3056576,
1,19,54.787,0.395068,0.04140513,-0.7767917,0.3194057,-0.6424412,0.6259575,0.3056576,
1,19,54.789,0.395068,0.04140513,-0.7767917,0.3194057,-0.6424412,0.6259575,0.3056576,
1,19,54.791,0.395068,0.04140513,-0.7767917,0.3194057,-0.6424412,0.6259575,0.3056576,
1,19,54.793,0.3950624,0.04150452,-0.7767346,0.3193798,-0.6423757,0.6260528,0.3056272,
1,19,54.795,0.3950624,0.04150452,-0.7767346,0.3193798,-0.6423757,0.6260528,0.3056272,
1,19,54.797,0.3950624,0.04150452,-0.7767346,0.3193798,-0.6423757,0.6260528,0.3056272,
1,19,54.799,0.3950624,0.04150452,-0.7767346,0.3193798,-0.6423757,0.6260528,0.3056272,
1,19,54.801,0.3950422,0.0415808,-0.7767124,0.3193095,-0.6422942,0.6261511,0.3056703,
1,19,54.803,0.3950422,0.0415808,-0.7767124,0.3193095,-0.6422942,0.6261511,0.3056703,
1,19,54.805,0.3950422,0.0415808,-0.7767124,0.3193095,-0.6422942,0.6261511,0.3056703,
1,19,54.807,0.3950422,0.0415808,-0.7767124,0.3193095,-0.6422942,0.6261511,0.3056703,
1,19,54.809,0.395023,0.04153569,-0.7767519,0.3192612,-0.6423279,0.6261289,0.3056955,
1,19,54.811,0.395023,0.04153569,-0.7767519,0.3192612,-0.6423279,0.6261289,0.3056955,
1,19,54.813,0.395023,0.04153569,-0.7767519,0.3192612,-0.6423279,0.6261289,0.3056955,
1,19,54.815,0.395023,0.04153569,-0.7767519,0.3192612,-0.6423279,0.6261289,0.3056955,
1,19,54.817,0.395023,0.04153569,-0.7767519,0.3192612,-0.6423279,0.6261289,0.3056955,
1,19,54.819,0.3950227,0.04145633,-0.7767482,0.3192806,-0.6423885,0.6260523,0.3057048,
1,19,54.821,0.3950227,0.04145633,-0.7767482,0.3192806,-0.6423885,0.6260523,0.3057048,
1,19,54.823,0.3950227,0.04145633,-0.7767482,0.3192806,-0.6423885,0.6260523,0.3057048,
1,19,54.825,0.3950227,0.04145633,-0.7767482,0.3192806,-0.6423885,0.6260523,0.3057048,
1,19,54.827,0.3950377,0.04146915,-0.7767592,0.319354,-0.6424103,0.6260278,0.3056327,
1,19,54.829,0.3950377,0.04146915,-0.7767592,0.319354,-0.6424103,0.6260278,0.3056327,
1,19,54.831,0.3950377,0.04146915,-0.7767592,0.319354,-0.6424103,0.6260278,0.3056327,
1,19,54.833,0.3950377,0.04146915,-0.7767592,0.319354,-0.6424103,0.6260278,0.3056327,
1,19,54.835,0.3950879,0.04153742,-0.7767289,0.3194197,-0.6423858,0.6260687,0.3055317,
1,19,54.837,0.3950879,0.04153742,-0.7767289,0.3194197,-0.6423858,0.6260687,0.3055317,
1,19,54.839,0.3950879,0.04153742,-0.7767289,0.3194197,-0.6423858,0.6260687,0.3055317,
1,19,54.841,0.3950879,0.04153742,-0.7767289,0.3194197,-0.6423858,0.6260687,0.3055317,
1,19,54.843,0.395126,0.04143655,-0.7767881,0.3194968,-0.6424306,0.6259447,0.3056108,
1,19,54.845,0.395126,0.04143655,-0.7767881,0.3194968,-0.6424306,0.6259447,0.3056108,
1,19,54.847,0.395126,0.04143655,-0.7767881,0.3194968,-0.6424306,0.6259447,0.3056108,
1,19,54.849,0.395126,0.04143655,-0.7767881,0.3194968,-0.6424306,0.6259447,0.3056108,
1,19,54.851,0.3951458,0.04139445,-0.7768388,0.3194886,-0.6424349,0.6258983,0.3057055,
1,19,54.853,0.3951458,0.04139445,-0.7768388,0.3194886,-0.6424349,0.6258983,0.3057055,
1,19,54.855,0.3951458,0.04139445,-0.7768388,0.3194886,-0.6424349,0.6258983,0.3057055,
1,19,54.857,0.3951458,0.04139445,-0.7768388,0.3194886,-0.6424349,0.6258983,0.3057055,
1,19,54.859,0.3951434,0.04135913,-0.7768322,0.3195177,-0.6424845,0.6258764,0.3056156,
1,19,54.861,0.3951434,0.04135913,-0.7768322,0.3195177,-0.6424845,0.6258764,0.3056156,
1,19,54.863,0.3951434,0.04135913,-0.7768322,0.3195177,-0.6424845,0.6258764,0.3056156,
1,19,54.865,0.3951434,0.04135913,-0.7768322,0.3195177,-0.6424845,0.6258764,0.3056156,
1,19,54.867,0.3951434,0.04135913,-0.7768322,0.3195177,-0.6424845,0.6258764,0.3056156,
1,19,54.869,0.3951005,0.04135631,-0.7767925,0.3194896,-0.6425104,0.625885,0.3055731,
1,19,54.871,0.3951005,0.04135631,-0.7767925,0.3194896,-0.6425104,0.625885,0.3055731,
1,19,54.873,0.3951005,0.04135631,-0.7767925,0.3194896,-0.6425104,0.625885,0.3055731,
1,19,54.875,0.3951005,0.04135631,-0.7767925,0.3194896,-0.6425104,0.625885,0.3055731,
1,19,54.877,0.3950734,0.04137541,-0.7767536,0.3194301,-0.6424967,0.6259141,0.3056042,
1,19,54.879,0.3950734,0.04137541,-0.7767536,0.3194301,-0.6424967,0.6259141,0.3056042,
1,19,54.881,0.3950734,0.04137541,-0.7767536,0.3194301,-0.6424967,0.6259141,0.3056042,
1,19,54.883,0.3950734,0.04137541,-0.7767536,0.3194301,-0.6424967,0.6259141,0.3056042,
1,19,54.885,0.3951379,0.0413356,-0.7768818,0.3194868,-0.6424343,0.6258597,0.3057876,
1,19,54.887,0.3951379,0.0413356,-0.7768818,0.3194868,-0.6424343,0.6258597,0.3057876,
1,19,54.889,0.3951379,0.0413356,-0.7768818,0.3194868,-0.6424343,0.6258597,0.3057876,
1,19,54.891,0.3951379,0.0413356,-0.7768818,0.3194868,-0.6424343,0.6258597,0.3057876,
1,19,54.893,0.3951233,0.04139707,-0.7768263,0.3194586,-0.6424387,0.6259376,0.3056487,
1,19,54.895,0.3951233,0.04139707,-0.7768263,0.3194586,-0.6424387,0.6259376,0.3056487,
1,19,54.897,0.3951233,0.04139707,-0.7768263,0.3194586,-0.6424387,0.6259376,0.3056487,
1,19,54.899,0.3951233,0.04139707,-0.7768263,0.3194586,-0.6424387,0.6259376,0.3056487,
1,19,54.901,0.3951368,0.04145608,-0.7767911,0.3194762,-0.6424327,0.6259665,0.3055833,
1,19,54.903,0.3951368,0.04145608,-0.7767911,0.3194762,-0.6424327,0.6259665,0.3055833,
1,19,54.905,0.3951368,0.04145608,-0.7767911,0.3194762,-0.6424327,0.6259665,0.3055833,
1,19,54.907,0.3951368,0.04145608,-0.7767911,0.3194762,-0.6424327,0.6259665,0.3055833,
1,19,54.909,0.3952028,0.04144724,-0.7769225,0.3195072,-0.6423894,0.6259454,0.305685,
1,19,54.911,0.3952028,0.04144724,-0.7769225,0.3195072,-0.6423894,0.6259454,0.305685,
1,19,54.913,0.3952028,0.04144724,-0.7769225,0.3195072,-0.6423894,0.6259454,0.305685,
1,19,54.915,0.3952028,0.04144724,-0.7769225,0.3195072,-0.6423894,0.6259454,0.305685,
1,19,54.917,0.3952028,0.04144724,-0.7769225,0.3195072,-0.6423894,0.6259454,0.305685,
1,19,54.919,0.3951446,0.04142991,-0.7769386,0.3194498,-0.6423736,0.6259423,0.3057847,
1,19,54.921,0.3951446,0.04142991,-0.7769386,0.3194498,-0.6423736,0.6259423,0.3057847,
1,19,54.923,0.3951446,0.04142991,-0.7769386,0.3194498,-0.6423736,0.6259423,0.3057847,
1,19,54.925,0.3951446,0.04142991,-0.7769386,0.3194498,-0.6423736,0.6259423,0.3057847,
1,19,54.927,0.3950641,0.04161972,-0.776803,0.3194064,-0.6422865,0.6260868,0.3057171,
1,19,54.929,0.3950641,0.04161972,-0.776803,0.3194064,-0.6422865,0.6260868,0.3057171,
1,19,54.931,0.3950641,0.04161972,-0.776803,0.3194064,-0.6422865,0.6260868,0.3057171,
1,19,54.933,0.3950641,0.04161972,-0.776803,0.3194064,-0.6422865,0.6260868,0.3057171,
1,19,54.935,0.3948513,0.04151233,-0.7764416,0.319267,-0.6424229,0.6260913,0.3055667,
1,19,54.937,0.3948513,0.04151233,-0.7764416,0.319267,-0.6424229,0.6260913,0.3055667,
1,19,54.939,0.3948513,0.04151233,-0.7764416,0.319267,-0.6424229,0.6260913,0.3055667,
1,19,54.941,0.3948513,0.04151233,-0.7764416,0.319267,-0.6424229,0.6260913,0.3055667,
1,19,54.943,0.3948157,0.04146679,-0.7763572,0.319186,-0.6424713,0.6261193,0.3054925,
1,19,54.945,0.3948157,0.04146679,-0.7763572,0.319186,-0.6424713,0.6261193,0.3054925,
1,19,54.947,0.3948157,0.04146679,-0.7763572,0.319186,-0.6424713,0.6261193,0.3054925,
1,19,54.949,0.3948157,0.04146679,-0.7763572,0.319186,-0.6424713,0.6261193,0.3054925,
1,19,54.951,0.3947855,0.04140101,-0.7762624,0.3191438,-0.6425847,0.6261038,0.3053299,
1,19,54.953,0.3947855,0.04140101,-0.7762624,0.3191438,-0.6425847,0.6261038,0.3053299,
1,19,54.955,0.3947855,0.04140101,-0.7762624,0.3191438,-0.6425847,0.6261038,0.3053299,
1,19,54.957,0.3947855,0.04140101,-0.7762624,0.3191438,-0.6425847,0.6261038,0.3053299,
1,19,54.959,0.3947792,0.04112837,-0.7762143,0.3191041,-0.6428003,0.6259192,0.305296,
1,19,54.961,0.3947792,0.04112837,-0.7762143,0.3191041,-0.6428003,0.6259192,0.305296,
1,19,54.963,0.3947792,0.04112837,-0.7762143,0.3191041,-0.6428003,0.6259192,0.305296,
1,19,54.965,0.3947792,0.04112837,-0.7762143,0.3191041,-0.6428003,0.6259192,0.305296,
1,19,54.967,0.3947792,0.04112837,-0.7762143,0.3191041,-0.6428003,0.6259192,0.305296,
1,19,54.969,0.3948684,0.04110363,-0.7763846,0.3192196,-0.6427464,0.6258453,0.3054401,
1,19,54.971,0.3948684,0.04110363,-0.7763846,0.3192196,-0.6427464,0.6258453,0.3054401,
1,19,54.973,0.3948684,0.04110363,-0.7763846,0.3192196,-0.6427464,0.6258453,0.3054401,
1,19,54.975,0.3948684,0.04110363,-0.7763846,0.3192196,-0.6427464,0.6258453,0.3054401,
1,19,54.977,0.3950124,0.04122806,-0.7766185,0.319342,-0.6425667,0.6258841,0.3056107,
1,19,54.979,0.3950124,0.04122806,-0.7766185,0.319342,-0.6425667,0.6258841,0.3056107,
1,19,54.981,0.3950124,0.04122806,-0.7766185,0.319342,-0.6425667,0.6258841,0.3056107,
1,19,54.983,0.3950124,0.04122806,-0.7766185,0.319342,-0.6425667,0.6258841,0.3056107,
1,19,54.985,0.3950525,0.04136091,-0.7766934,0.3193507,-0.6424875,0.6259403,0.3056532,
1,19,54.987,0.3950525,0.04136091,-0.7766934,0.3193507,-0.6424875,0.6259403,0.3056532,
1,19,54.989,0.3950525,0.04136091,-0.7766934,0.3193507,-0.6424875,0.6259403,0.3056532,
1,19,54.991,0.3950525,0.04136091,-0.7766934,0.3193507,-0.6424875,0.6259403,0.3056532,
1,19,54.993,0.3950602,0.0413128,-0.7767739,0.3193992,-0.6424997,0.6258896,0.3056804,
1,19,54.995,0.3950602,0.0413128,-0.7767739,0.3193992,-0.6424997,0.6258896,0.3056804,
1,19,54.997,0.3950602,0.0413128,-0.7767739,0.3193992,-0.6424997,0.6258896,0.3056804,
1,19,54.999,0.3950602,0.0413128,-0.7767739,0.3193992,-0.6424997,0.6258896,0.3056804,
1,19,55.001,0.3950865,0.04139139,-0.7767612,0.3194317,-0.6424679,0.6259441,0.3056015,
1,19,55.003,0.3950865,0.04139139,-0.7767612,0.3194317,-0.6424679,0.6259441,0.3056015,
1,19,55.005,0.3950865,0.04139139,-0.7767612,0.3194317,-0.6424679,0.6259441,0.3056015,
1,19,55.007,0.3950865,0.04139139,-0.7767612,0.3194317,-0.6424679,0.6259441,0.3056015,
1,19,55.009,0.3951151,0.04144891,-0.7767916,0.3194433,-0.642415,0.6259822,0.3056227,
1,19,55.011,0.3951151,0.04144891,-0.7767916,0.3194433,-0.642415,0.6259822,0.3056227,
1,19,55.013,0.3951151,0.04144891,-0.7767916,0.3194433,-0.642415,0.6259822,0.3056227,
1,19,55.015,0.3951151,0.04144891,-0.7767916,0.3194433,-0.642415,0.6259822,0.3056227,
1,19,55.017,0.3951151,0.04144891,-0.7767916,0.3194433,-0.642415,0.6259822,0.3056227,
1,19,55.019,0.3950734,0.0414656,-0.77678,0.3194189,-0.642391,0.6259887,0.3056852,
1,19,55.021,0.3950734,0.0414656,-0.77678,0.3194189,-0.642391,0.6259887,0.3056852,
1,19,55.023,0.3950734,0.0414656,-0.77678,0.3194189,-0.642391,0.6259887,0.3056852,
1,19,55.025,0.3950734,0.0414656,-0.77678,0.3194189,-0.642391,0.6259887,0.3056852,
1,19,55.027,0.3951081,0.04140889,-0.7767899,0.3194335,-0.6424588,0.6259488,0.3056092,
1,19,55.029,0.3951081,0.04140889,-0.7767899,0.3194335,-0.6424588,0.6259488,0.3056092,
1,19,55.031,0.3951081,0.04140889,-0.7767899,0.3194335,-0.6424588,0.6259488,0.3056092,
1,19,55.033,0.3951081,0.04140889,-0.7767899,0.3194335,-0.6424588,0.6259488,0.3056092,
1,19,55.035,0.3950958,0.04145239,-0.7767843,0.3194161,-0.6424173,0.6259957,0.3056189,
1,19,55.037,0.3950958,0.04145239,-0.7767843,0.3194161,-0.6424173,0.6259957,0.3056189,
1,19,55.039,0.3950958,0.04145239,-0.7767843,0.3194161,-0.6424173,0.6259957,0.3056189,
1,19,55.041,0.3950958,0.04145239,-0.7767843,0.3194161,-0.6424173,0.6259957,0.3056189,
1,19,55.043,0.3950717,0.04144047,-0.7767942,0.3194962,-0.6424086,0.6259303,0.3056872,
1,19,55.045,0.3950717,0.04144047,-0.7767942,0.3194962,-0.6424086,0.6259303,0.3056872,
1,19,55.047,0.3950717,0.04144047,-0.7767942,0.3194962,-0.6424086,0.6259303,0.3056872,
1,19,55.049,0.3950717,0.04144047,-0.7767942,0.3194962,-0.6424086,0.6259303,0.3056872,
1,19,55.051,0.3951306,0.04143499,-0.7768817,0.3195061,-0.6423693,0.6259397,0.30574,
1,19,55.053,0.3951306,0.04143499,-0.7768817,0.3195061,-0.6423693,0.6259397,0.30574,
1,19,55.055,0.3951306,0.04143499,-0.7768817,0.3195061,-0.6423693,0.6259397,0.30574,
1,19,55.057,0.3951306,0.04143499,-0.7768817,0.3195061,-0.6423693,0.6259397,0.30574,
1,19,55.059,0.3950908,0.04149279,-0.7767594,0.3194271,-0.6423776,0.6260246,0.3056314,
1,19,55.061,0.3950908,0.04149279,-0.7767594,0.3194271,-0.6423776,0.6260246,0.3056314,
1,19,55.063,0.3950908,0.04149279,-0.7767594,0.3194271,-0.6423776,0.6260246,0.3056314,
1,19,55.065,0.3950908,0.04149279,-0.7767594,0.3194271,-0.6423776,0.6260246,0.3056314,
1,19,55.067,0.3950908,0.04149279,-0.7767594,0.3194271,-0.6423776,0.6260246,0.3056314,
1,19,55.069,0.3951131,0.04139414,-0.7768027,0.3194456,-0.6424471,0.6259419,0.3056354,
1,19,55.071,0.3951131,0.04139414,-0.7768027,0.3194456,-0.6424471,0.6259419,0.3056354,
1,19,55.073,0.3951131,0.04139414,-0.7768027,0.3194456,-0.6424471,0.6259419,0.3056354,
1,19,55.075,0.3951131,0.04139414,-0.7768027,0.3194456,-0.6424471,0.6259419,0.3056354,
1,19,55.077,0.395114,0.04147014,-0.7767506,0.3194558,-0.6424374,0.6259874,0.3055522,
1,19,55.079,0.395114,0.04147014,-0.7767506,0.3194558,-0.6424374,0.6259874,0.3055522,
1,19,55.081,0.395114,0.04147014,-0.7767506,0.3194558,-0.6424374,0.6259874,0.3055522,
1,19,55.083,0.395114,0.04147014,-0.7767506,0.3194558,-0.6424374,0.6259874,0.3055522,
1,19,55.085,0.3951102,0.04151037,-0.7768083,0.3194575,-0.6423268,0.6260142,0.3057277,
1,19,55.087,0.3951102,0.04151037,-0.7768083,0.3194575,-0.6423268,0.6260142,0.3057277,
1,19,55.089,0.3951102,0.04151037,-0.7768083,0.3194575,-0.6423268,0.6260142,0.3057277,
1,19,55.091,0.3951102,0.04151037,-0.7768083,0.3194575,-0.6423268,0.6260142,0.3057277,
1,19,55.093,0.3951544,0.04148292,-0.7768239,0.3194714,-0.6423633,0.626004,0.3056575,
1,19,55.095,0.3951544,0.04148292,-0.7768239,0.3194714,-0.6423633,0.626004,0.3056575,
1,19,55.097,0.3951544,0.04148292,-0.7768239,0.3194714,-0.6423633,0.626004,0.3056575,
1,19,55.099,0.3951544,0.04148292,-0.7768239,0.3194714,-0.6423633,0.626004,0.3056575,
1,19,55.101,0.3951021,0.04149672,-0.7767743,0.3194426,-0.6423525,0.6260225,0.3056725,
1,19,55.103,0.3951021,0.04149672,-0.7767743,0.3194426,-0.6423525,0.6260225,0.3056725,
1,19,55.105,0.3951021,0.04149672,-0.7767743,0.3194426,-0.6423525,0.6260225,0.3056725,
1,19,55.107,0.3951021,0.04149672,-0.7767743,0.3194426,-0.6423525,0.6260225,0.3056725,
1,19,55.109,0.3951097,0.04144794,-0.7767367,0.3193917,-0.6423731,0.626013,0.3057016,
1,19,55.111,0.3951097,0.04144794,-0.7767367,0.3193917,-0.6423731,0.626013,0.3057016,
1,19,55.113,0.3951097,0.04144794,-0.7767367,0.3193917,-0.6423731,0.626013,0.3057016,
1,19,55.115,0.3951097,0.04144794,-0.7767367,0.3193917,-0.6423731,0.626013,0.3057016,
1,19,55.117,0.3951097,0.04144794,-0.7767367,0.3193917,-0.6423731,0.626013,0.3057016,
1,19,55.119,0.3951029,0.04143103,-0.7768025,0.319388,-0.6423689,0.6259935,0.3057539,
1,19,55.121,0.3951029,0.04143103,-0.7768025,0.319388,-0.6423689,0.6259935,0.3057539,
1,19,55.123,0.3951029,0.04143103,-0.7768025,0.319388,-0.6423689,0.6259935,0.3057539,
1,19,55.125,0.3951029,0.04143103,-0.7768025,0.319388,-0.6423689,0.6259935,0.3057539,
1,19,55.127,0.3950942,0.04138792,-0.7767738,0.3194227,-0.6424271,0.6259605,0.305663,
1,19,55.129,0.3950942,0.04138792,-0.7767738,0.3194227,-0.6424271,0.6259605,0.305663,
1,19,55.131,0.3950942,0.04138792,-0.7767738,0.3194227,-0.6424271,0.6259605,0.305663,
1,19,55.133,0.3950942,0.04138792,-0.7767738,0.3194227,-0.6424271,0.6259605,0.305663,
1,19,55.135,0.3950768,0.04141156,-0.7767513,0.3194107,-0.6424062,0.6259782,0.3056835,
1,19,55.137,0.3950768,0.04141156,-0.7767513,0.3194107,-0.6424062,0.6259782,0.3056835,
1,19,55.139,0.3950768,0.04141156,-0.7767513,0.3194107,-0.6424062,0.6259782,0.3056835,
1,19,55.141,0.3950768,0.04141156,-0.7767513,0.3194107,-0.6424062,0.6259782,0.3056835,
1,19,55.143,0.3951035,0.0413658,-0.7767609,0.3194488,-0.6424621,0.6259286,0.305628,
1,19,55.145,0.3951035,0.0413658,-0.7767609,0.3194488,-0.6424621,0.6259286,0.305628,
1,19,55.147,0.3951035,0.0413658,-0.7767609,0.3194488,-0.6424621,0.6259286,0.305628,
1,19,55.149,0.3951035,0.0413658,-0.7767609,0.3194488,-0.6424621,0.6259286,0.305628,
1,19,55.151,0.395081,0.04138099,-0.7767637,0.3194914,-0.6424333,0.6259099,0.305682,
1,19,55.153,0.395081,0.04138099,-0.7767637,0.3194914,-0.6424333,0.6259099,0.305682,
1,19,55.155,0.395081,0.04138099,-0.7767637,0.3194914,-0.6424333,0.6259099,0.305682,
1,19,55.157,0.395081,0.04138099,-0.7767637,0.3194914,-0.6424333,0.6259099,0.305682,
1,19,55.159,0.3950177,0.04118148,-0.7766328,0.3193807,-0.6426315,0.6258296,0.3055453,
1,19,55.161,0.3950177,0.04118148,-0.7766328,0.3193807,-0.6426315,0.6258296,0.3055453,
1,19,55.163,0.3950177,0.04118148,-0.7766328,0.3193807,-0.6426315,0.6258296,0.3055453,
1,19,55.165,0.3950177,0.04118148,-0.7766328,0.3193807,-0.6426315,0.6258296,0.3055453,
1,19,55.167,0.3950177,0.04118148,-0.7766328,0.3193807,-0.6426315,0.6258296,0.3055453,
1,19,55.169,0.3948908,0.04113403,-0.7764297,0.3192474,-0.6426858,0.6258556,0.3055174,
1,19,55.171,0.3948908,0.04113403,-0.7764297,0.3192474,-0.6426858,0.6258556,0.3055174,
1,19,55.173,0.3948908,0.04113403,-0.7764297,0.3192474,-0.6426858,0.6258556,0.3055174,
1,19,55.175,0.3948908,0.04113403,-0.7764297,0.3192474,-0.6426858,0.6258556,0.3055174,
1,19,55.177,0.3947876,0.04110816,-0.7762591,0.3191883,-0.6427879,0.6258631,0.3053488,
1,19,55.179,0.3947876,0.04110816,-0.7762591,0.3191883,-0.6427879,0.6258631,0.3053488,
1,19,55.181,0.3947876,0.04110816,-0.7762591,0.3191883,-0.6427879,0.6258631,0.3053488,CourtEnter
1,19,55.183,0.3947876,0.04110816,-0.7762591,0.3191883,-0.6427879,0.6258631,0.3053488,
1,19,55.185,0.3947388,0.04129807,-0.7762113,0.3191603,-0.6426998,0.6260139,0.3052546,
1,19,55.187,0.3947388,0.04129807,-0.7762113,0.3191603,-0.6426998,0.6260139,0.3052546,
1,19,55.189,0.3947388,0.04129807,-0.7762113,0.3191603,-0.6426998,0.6260139,0.3052546,CourtExit
1,19,55.191,0.3947388,0.04129807,-0.7762113,0.3191603,-0.6426998,0.6260139,0.3052546,
1,19,55.193,0.3947751,0.04148141,-0.7762821,0.3191869,-0.642573,0.6261129,0.3052906,
1,19,55.195,0.3947751,0.04148141,-0.7762821,0.3191869,-0.642573,0.6261129,0.3052906,
1,19,55.197,0.3947751,0.04148141,-0.7762821,0.3191869,-0.642573,0.6261129,0.3052906,
1,19,55.199,0.3947751,0.04148141,-0.7762821,0.3191869,-0.642573,0.6261129,0.3052906,
1,19,55.201,0.3948432,0.04152609,-0.776372,0.319243,-0.6425047,0.6261321,0.3053364,
1,19,55.203,0.3948432,0.04152609,-0.776372,0.319243,-0.6425047,0.6261321,0.3053364,
1,19,55.205,0.3948432,0.04152609,-0.776372,0.319243,-0.6425047,0.6261321,0.3053364,
1,19,55.207,0.3948432,0.04152609,-0.776372,0.319243,-0.6425047,0.6261321,0.3053364,
1,19,55.209,0.3950474,0.04154382,-0.7767439,0.319446,-0.64238,0.6260426,0.3055697,
1,19,55.211,0.3950474,0.04154382,-0.7767439,0.319446,-0.64238,0.6260426,0.3055697,
1,19,55.213,0.3950474,0.04154382,-0.7767439,0.319446,-0.64238,0.6260426,0.3055697,
1,19,55.215,0.3950474,0.04154382,-0.7767439,0.319446,-0.64238,0.6260426,0.3055697,
1,19,55.217,0.3950474,0.04154382,-0.7767439,0.319446,-0.64238,0.6260426,0.3055697,
1,19,55.219,0.3951439,0.04148546,-0.7768674,0.3195111,-0.6423729,0.6259803,0.3056443,
1,19,55.221,0.3951439,0.04148546,-0.7768674,0.3195111,-0.6423729,0.6259803,0.3056443,
1,19,55.223,0.3951439,0.04148546,-0.7768674,0.3195111,-0.6423729,0.6259803,0.3056443,
1,19,55.225,0.3951439,0.04148546,-0.7768674,0.3195111,-0.6423729,0.6259803,0.3056443,
1,19,55.227,0.3950879,0.04151116,-0.7767426,0.319446,-0.6423699,0.6260498,0.3055762,
1,19,55.229,0.3950879,0.04151116,-0.7767426,0.319446,-0.6423699,0.6260498,0.3055762,
1,19,55.231,0.3950879,0.04151116,-0.7767426,0.319446,-0.6423699,0.6260498,0.3055762,
1,19,55.233,0.3950879,0.04151116,-0.7767426,0.319446,-0.6423699,0.6260498,0.3055762,
1,19,55.235,0.3951245,0.04145137,-0.7768353,0.3194833,-0.6424004,0.6259707,0.3056352,
1,19,55.237,0.3951245,0.04145137,-0.7768353,0.3194833,-0.6424004,0.6259707,0.3056352,
1,19,55.239,0.3951245,0.04145137,-0.7768353,0.3194833,-0.6424004,0.6259707,0.3056352,
1,19,55.241,0.3951245,0.04145137,-0.7768353,0.3194833,-0.6424004,0.6259707,0.3056352,
1,19,55.243,0.3950735,0.04142851,-0.7767926,0.3194486,-0.6424134,0.6259622,0.3056615,
1,19,55.245,0.3950735,0.04142851,-0.7767926,0.3194486,-0.6424134,0.6259622,0.3056615,
1,19,55.247,0.3950735,0.04142851,-0.7767926,0.3194486,-0.6424134,0.6259622,0.3056615,
1,19,55.249,0.3950735,0.04142851,-0.7767926,0.3194486,-0.6424134,0.6259622,0.3056615,
1,19,55.251,0.3950654,0.04141416,-0.7768059,0.3194838,-0.6423938,0.6259332,0.3057253,
1,19,55.253,0.3950654,0.04141416,-0.7768059,0.3194838,-0.6423938,0.6259332,0.3057253,
1,19,55.255,0.3950654,0.04141416,-0.7768059,0.3194838,-0.6423938,0.6259332,0.3057253,
1,19,55.257,0.3950654,0.04141416,-0.7768059,0.3194838,-0.6423938,0.6259332,0.3057253,
1,19,55.259,0.3951049,0.04143154,-0.7768015,0.3194465,-0.6424022,0.6259529,0.3057064,
1,19,55.261,0.3951049,0.04143154,-0.7768015,0.3194465,-0.6424022,0.6259529,0.3057064,
1,19,55.263,0.3951049,0.04143154,-0.7768015,0.3194465,-0.6424022,0.6259529,0.3057064,
1,19,55.265,0.3951049,0.04143154,-0.7768015,0.3194465,-0.6424022,0.6259529,0.3057064,
1,19,55.267,0.3951049,0.04143154,-0.7768015,0.3194465,-0.6424022,0.6259529,0.3057064,
1,19,55.269,0.3950841,0.04153966,-0.776724,0.3194629,-0.6423676,0.6260351,0.3055937,
1,19,55.271,0.3950841,0.04153966,-0.776724,0.3194629,-0.6423676,0.6260351,0.3055937,
1,19,55.273,0.3950841,0.04153966,-0.776724,0.3194629,-0.6423676,0.6260351,0.3055937,
1,19,55.275,0.3950841,0.04153966,-0.776724,0.3194629,-0.6423676,0.6260351,0.3055937,
1,19,55.277,0.3950748,0.04152716,-0.7767441,0.3194368,-0.6423674,0.6260525,0.3055857,
1,19,55.279,0.3950748,0.04152716,-0.7767441,0.3194368,-0.6423674,0.6260525,0.3055857,
1,19,55.281,0.3950748,0.04152716,-0.7767441,0.3194368,-0.6423674,0.6260525,0.3055857,
1,19,55.283,0.3950748,0.04152716,-0.7767441,0.3194368,-0.6423674,0.6260525,0.3055857,
1,19,55.285,0.3950972,0.04147578,-0.7767586,0.3194879,-0.6424239,0.6259869,0.305548,
1,19,55.287,0.3950972,0.04147578,-0.7767586,0.3194879,-0.6424239,0.6259869,0.305548,
1,19,55.289,0.3950972,0.04147578,-0.7767586,0.3194879,-0.6424239,0.6259869,0.305548,
1,19,55.291,0.3950972,0.04147578,-0.7767586,0.3194879,-0.6424239,0.6259869,0.305548,
1,19,55.293,0.3950647,0.04151176,-0.7767072,0.3194306,-0.6424077,0.6260392,0.3055349,
1,19,55.295,0.3950647,0.04151176,-0.7767072,0.3194306,-0.6424077,0.6260392,0.3055349,
1,19,55.297,0.3950647,0.04151176,-0.7767072,0.3194306,-0.6424077,0.6260392,0.3055349,
1,19,55.299,0.3950647,0.04151176,-0.7767072,0.3194306,-0.6424077,0.6260392,0.3055349,
1,19,55.301,0.3950772,0.04143444,-0.7767621,0.3194254,-0.6424295,0.6259946,0.3055857,
1,19,55.303,0.3950772,0.04143444,-0.7767621,0.3194254,-0.6424295,0.6259946,0.3055857,
1,19,55.305,0.3950772,0.04143444,-0.7767621,0.3194254,-0.6424295,0.6259946,0.3055857,
1,19,55.307,0.3950772,0.04143444,-0.7767621,0.3194254,-0.6424295,0.6259946,0.3055857,
1,19,55.309,0.3950809,0.04144871,-0.7767402,0.319432,-0.6424291,0.6259907,0.3055878,
1,19,55.311,0.3950809,0.04144871,-0.7767402,0.319432,-0.6424291,0.6259907,0.3055878,
1,19,55.313,0.3950809,0.04144871,-0.7767402,0.319432,-0.6424291,0.6259907,0.3055878,
1,19,55.315,0.3950809,0.04144871,-0.7767402,0.319432,-0.6424291,0.6259907,0.3055878,
1,19,55.317,0.3950809,0.04144871,-0.7767402,0.319432,-0.6424291,0.6259907,0.3055878,
1,19,55.319,0.3951021,0.04140735,-0.7767985,0.3194928,-0.6424685,0.6259301,0.3055654,
1,19,55.321,0.3951021,0.04140735,-0.7767985,0.3194928,-0.6424685,0.6259301,0.3055654,
1,19,55.323,0.3951021,0.04140735,-0.7767985,0.3194928,-0.6424685,0.6259301,0.3055654,
1,19,55.325,0.3951021,0.04140735,-0.7767985,0.3194928,-0.6424685,0.6259301,0.3055654,
1,19,55.327,0.3951004,0.04137035,-0.7768251,0.3194883,-0.6424466,0.6259015,0.3056744,
1,19,55.329,0.3951004,0.04137035,-0.7768251,0.3194883,-0.6424466,0.6259015,0.3056744,
1,19,55.331,0.3951004,0.04137035,-0.7768251,0.3194883,-0.6424466,0.6259015,0.3056744,
1,19,55.333,0.3951004,0.04137035,-0.7768251,0.3194883,-0.6424466,0.6259015,0.3056744,
1,19,55.335,0.3951274,0.04142471,-0.776787,0.3195234,-0.6424653,0.625933,0.3055343,
1,19,55.337,0.3951274,0.04142471,-0.776787,0.3195234,-0.6424653,0.625933,0.3055343,
1,19,55.339,0.3951274,0.04142471,-0.776787,0.3195234,-0.6424653,0.625933,0.3055343,
1,19,55.341,0.3951274,0.04142471,-0.776787,0.3195234,-0.6424653,0.625933,0.3055343,
1,19,55.343,0.3951029,0.04145078,-0.7767953,0.319529,-0.6424294,0.6259363,0.3055968,
1,19,55.345,0.3951029,0.04145078,-0.7767953,0.319529,-0.6424294,0.6259363,0.3055968,
1,19,55.347,0.3951029,0.04145078,-0.7767953,0.319529,-0.6424294,0.6259363,0.3055968,
1,19,55.349,0.3951029,0.04145078,-0.7767953,0.319529,-0.6424294,0.6259363,0.3055968,
1,19,55.351,0.3951468,0.04142664,-0.7768483,0.3195221,-0.642404,0.6259204,0.3056901,
1,19,55.353,0.3951468,0.04142664,-0.7768483,0.3195221,-0.642404,0.6259204,0.3056901,
1,19,55.355,0.3951468,0.04142664,-0.7768483,0.3195221,-0.642404,0.6259204,0.3056901,
1,19,55.357,0.3951468,0.04142664,-0.7768483,0.3195221,-0.642404,0.6259204,0.3056901,
1,19,55.359,0.3951398,0.04134095,-0.7768503,0.3195414,-0.6424736,0.625844,0.30568,
1,19,55.361,0.3951398,0.04134095,-0.7768503,0.3195414,-0.6424736,0.625844,0.30568,
1,19,55.363,0.3951398,0.04134095,-0.7768503,0.3195414,-0.6424736,0.625844,0.30568,
1,19,55.365,0.3951398,0.04134095,-0.7768503,0.3195414,-0.6424736,0.625844,0.30568,
1,19,55.367,0.3951398,0.04134095,-0.7768503,0.3195414,-0.6424736,0.625844,0.30568,
1,19,55.369,0.3951437,0.04138143,-0.7768633,0.3195274,-0.6424343,0.6259046,0.305653,
1,19,55.371,0.3951437,0.04138143,-0.7768633,0.3195274,-0.6424343,0.6259046,0.305653,
1,19,55.373,0.3951437,0.04138143,-0.7768633,0.3195274,-0.6424343,0.6259046,0.305653,
1,19,55.375,0.3951437,0.04138143,-0.7768633,0.3195274,-0.6424343,0.6259046,0.305653,
1,19,55.377,0.3951185,0.0414403,-0.7767985,0.3194908,-0.6424295,0.6259615,0.3055849,
1,19,55.379,0.3951185,0.0414403,-0.7767985,0.3194908,-0.6424295,0.6259615,0.3055849,
1,19,55.381,0.3951185,0.0414403,-0.7767985,0.3194908,-0.6424295,0.6259615,0.3055849,
1,19,55.383,0.3951185,0.0414403,-0.7767985,0.3194908,-0.6424295,0.6259615,0.3055849,
1,19,55.385,0.3950763,0.04139036,-0.7767941,0.319474,-0.6424488,0.6259191,0.3056489,
1,19,55.387,0.3950763,0.04139036,-0.7767941,0.319474,-0.6424488,0.6259191,0.3056489,
1,19,55.389,0.3950763,0.04139036,-0.7767941,0.319474,-0.6424488,0.6259191,0.3056489,
1,19,55.391,0.3950763,0.04139036,-0.7767941,0.319474,-0.6424488,0.6259191,0.3056489,
1,19,55.393,0.395107,0.04142631,-0.7768014,0.3194749,-0.6424308,0.6259603,0.3056012,
1,19,55.395,0.395107,0.04142631,-0.7768014,0.3194749,-0.6424308,0.6259603,0.3056012,
1,19,55.397,0.395107,0.04142631,-0.7768014,0.3194749,-0.6424308,0.6259603,0.3056012,
1,19,55.399,0.395107,0.04142631,-0.7768014,0.3194749,-0.6424308,0.6259603,0.3056012,
1,19,55.401,0.3950485,0.04143766,-0.7767563,0.3194439,-0.6424143,0.6259689,0.3056507,
1,19,55.403,0.3950485,0.04143766,-0.7767563,0.3194439,-0.6424143,0.6259689,0.3056507,
1,19,55.405,0.3950485,0.04143766,-0.7767563,0.3194439,-0.6424143,0.6259689,0.3056507,
1,19,55.407,0.3950485,0.04143766,-0.7767563,0.3194439,-0.6424143,0.6259689,0.3056507,
1,19,55.409,0.3950559,0.04133519,-0.7768044,0.3194226,-0.6424544,0.6259105,0.3057086,
1,19,55.411,0.3950559,0.04133519,-0.7768044,0.3194226,-0.6424544,0.6259105,0.3057086,
1,19,55.413,0.3950559,0.04133519,-0.7768044,0.3194226,-0.6424544,0.6259105,0.3057086,
1,19,55.415,0.3950559,0.04133519,-0.7768044,0.3194226,-0.6424544,0.6259105,0.3057086,
1,19,55.417,0.3950559,0.04133519,-0.7768044,0.3194226,-0.6424544,0.6259105,0.3057086,
1,19,55.419,0.3950669,0.04140412,-0.7767833,0.3194179,-0.6424338,0.6259522,0.3056715,
1,19,55.421,0.3950669,0.04140412,-0.7767833,0.3194179,-0.6424338,0.6259522,0.3056715,
1,19,55.423,0.3950669,0.04140412,-0.7767833,0.3194179,-0.6424338,0.6259522,0.3056715,
1,19,55.425,0.3950669,0.04140412,-0.7767833,0.3194179,-0.6424338,0.6259522,0.3056715,
1,19,55.427,0.395084,0.04142781,-0.7767835,0.3194809,-0.6424253,0.6259421,0.305644,
1,19,55.429,0.395084,0.04142781,-0.7767835,0.3194809,-0.6424253,0.6259421,0.305644,
1,19,55.431,0.395084,0.04142781,-0.7767835,0.3194809,-0.6424253,0.6259421,0.305644,
1,19,55.433,0.395084,0.04142781,-0.7767835,0.3194809,-0.6424253,0.6259421,0.305644,
1,19,55.435,0.3951247,0.04147129,-0.7767774,0.3194808,-0.6424229,0.625975,0.3055819,
1,19,55.437,0.3951247,0.04147129,-0.7767774,0.3194808,-0.6424229,0.625975,0.3055819,
1,19,55.439,0.3951247,0.04147129,-0.7767774,0.3194808,-0.6424229,0.625975,0.3055819,
1,19,55.441,0.3951247,0.04147129,-0.7767774,0.3194808,-0.6424229,0.625975,0.3055819,
1,19,55.443,0.3950705,0.04150368,-0.7767162,0.3194792,-0.6424243,0.6260189,0.3054906,
1,19,55.445,0.3950705,0.04150368,-0.7767162,0.3194792,-0.6424243,0.6260189,0.3054906,
1,19,55.447,0.3950705,0.04150368,-0.7767162,0.3194792,-0.6424243,0.6260189,0.3054906,
1,19,55.449,0.3950705,0.04150368,-0.7767162,0.3194792,-0.6424243,0.6260189,0.3054906,
1,19,55.451,0.3950686,0.04146991,-0.7767596,0.3194733,-0.6424212,0.6259789,0.3055849,
1,19,55.453,0.3950686,0.04146991,-0.7767596,0.3194733,-0.6424212,0.6259789,0.3055849,
1,19,55.455,0.3950686,0.04146991,-0.7767596,0.3194733,-0.6424212,0.6259789,0.3055849,
1,19,55.457,0.3950686,0.04146991,-0.7767596,0.3194733,-0.6424212,0.6259789,0.3055849,
1,19,55.459,0.3951102,0.04147108,-0.7767762,0.3194419,-0.6423933,0.626011,0.3056109,
1,19,55.461,0.3951102,0.04147108,-0.7767762,0.3194419,-0.6423933,0.626011,0.3056109,
1,19,55.463,0.3951102,0.04147108,-0.7767762,0.3194419,-0.6423933,0.626011,0.3056109,
1,19,55.465,0.3951102,0.04147108,-0.7767762,0.3194419,-0.6423933,0.626011,0.3056109,
1,19,55.467,0.3951102,0.04147108,-0.7767762,0.3194419,-0.6423933,0.626011,0.3056109,
1,19,55.469,0.3950871,0.04139594,-0.7767667,0.3194901,-0.6424871,0.6259088,0.3055728,
1,19,55.471,0.3950871,0.04139594,-0.7767667,0.3194901,-0.6424871,0.6259088,0.3055728,
1,19,55.473,0.3950871,0.04139594,-0.7767667,0.3194901,-0.6424871,0.6259088,0.3055728,
1,19,55.475,0.3950871,0.04139594,-0.7767667,0.3194901,-0.6424871,0.6259088,0.3055728,
1,19,55.477,0.3951114,0.04134853,-0.7768375,0.3194746,-0.6424588,0.6258865,0.3056939,
1,19,55.479,0.3951114,0.04134853,-0.7768375,0.3194746,-0.6424588,0.6258865,0.3056939,
1,19,55.481,0.3951114,0.04134853,-0.7768375,0.3194746,-0.6424588,0.6258865,0.3056939,
1,19,55.483,0.3951114,0.04134853,-0.7768375,0.3194746,-0.6424588,0.6258865,0.3056939,
1,19,55.485,0.3951122,0.04142811,-0.7768083,0.3194904,-0.642423,0.6259552,0.3056118,
1,19,55.487,0.3951122,0.04142811,-0.7768083,0.3194904,-0.642423,0.6259552,0.3056118,
1,19,55.489,0.3951122,0.04142811,-0.7768083,0.3194904,-0.642423,0.6259552,0.3056118,
1,19,55.491,0.3951122,0.04142811,-0.7768083,0.3194904,-0.642423,0.6259552,0.3056118,
1,19,55.493,0.3951036,0.04146234,-0.7767976,0.3194808,-0.6423988,0.6259739,0.3056346,
1,19,55.495,0.3951036,0.04146234,-0.7767976,0.3194808,-0.6423988,0.6259739,0.3056346,
1,19,55.497,0.3951036,0.04146234,-0.7767976,0.3194808,-0.6423988,0.6259739,0.3056346,
1,19,55.499,0.3951036,0.04146234,-0.7767976,0.3194808,-0.6423988,0.6259739,0.3056346,
1,19,55.501,0.3950941,0.04149212,-0.7767506,0.3194793,-0.642408,0.6259909,0.3055819,
1,19,55.503,0.3950941,0.04149212,-0.7767506,0.3194793,-0.642408,0.6259909,0.3055819,
1,19,55.505,0.3950941,0.04149212,-0.7767506,0.3194793,-0.642408,0.6259909,0.3055819,
1,19,55.507,0.3950941,0.04149212,-0.7767506,0.3194793,-0.642408,0.6259909,0.3055819,
1,19,55.509,0.395039,0.04149491,-0.7767128,0.3194254,-0.6423861,0.626021,0.3056225,
1,19,55.511,0.395039,0.04149491,-0.7767128,0.3194254,-0.6423861,0.626021,0.3056225,
1,19,55.513,0.395039,0.04149491,-0.7767128,0.3194254,-0.6423861,0.626021,0.3056225,
1,19,55.515,0.395039,0.04149491,-0.7767128,0.3194254,-0.6423861,0.626021,0.3056225,
1,19,55.517,0.395039,0.04149491,-0.7767128,0.3194254,-0.6423861,0.626021,0.3056225,
1,19,55.519,0.3950794,0.04139644,-0.7767695,0.3194518,-0.6424478,0.6259543,0.3056021,
1,19,55.521,0.3950794,0.04139644,-0.7767695,0.3194518,-0.6424478,0.6259543,0.3056021,
1,19,55.523,0.3950794,0.04139644,-0.7767695,0.3194518,-0.6424478,0.6259543,0.3056021,
1,19,55.525,0.3950794,0.04139644,-0.7767695,0.3194518,-0.6424478,0.6259543,0.3056021,
1,19,55.527,0.3951049,0.0414615,-0.7767514,0.3194911,-0.6424286,0.6259779,0.3055531,
1,19,55.529,0.3951049,0.0414615,-0.7767514,0.3194911,-0.6424286,0.6259779,0.3055531,
1,19,55.531,0.3951049,0.0414615,-0.7767514,0.3194911,-0.6424286,0.6259779,0.3055531,
1,19,55.533,0.3951049,0.0414615,-0.7767514,0.3194911,-0.6424286,0.6259779,0.3055531,
1,19,55.535,0.3951154,0.04141515,-0.776814,0.319532,-0.642436,0.6259202,0.305613,
1,19,55.537,0.3951154,0.04141515,-0.776814,0.319532,-0.642436,0.6259202,0.305613,
1,19,55.539,0.3951154,0.04141515,-0.776814,0.319532,-0.642436,0.6259202,0.305613,
1,19,55.541,0.3951154,0.04141515,-0.776814,0.319532,-0.642436,0.6259202,0.305613,
1,19,55.543,0.3951434,0.04140973,-0.7768664,0.3195178,-0.6424103,0.6259062,0.3057106,
1,19,55.545,0.3951434,0.04140973,-0.7768664,0.3195178,-0.6424103,0.6259062,0.3057106,
1,19,55.547,0.3951434,0.04140973,-0.7768664,0.3195178,-0.6424103,0.6259062,0.3057106,
1,19,55.549,0.3951434,0.04140973,-0.7768664,0.3195178,-0.6424103,0.6259062,0.3057106,
1,19,55.551,0.3951365,0.04132914,-0.7768757,0.3194696,-0.6424527,0.6258824,0.3057206,
1,19,55.553,0.3951365,0.04132914,-0.7768757,0.3194696,-0.6424527,0.6258824,0.3057206,
1,19,55.555,0.3951365,0.04132914,-0.7768757,0.3194696,-0.6424527,0.6258824,0.3057206,
1,19,55.557,0.3951365,0.04132914,-0.7768757,0.3194696,-0.6424527,0.6258824,0.3057206,
1,19,55.559,0.3951362,0.04140501,-0.7768655,0.3194863,-0.6423934,0.6259283,0.3057335,
1,19,55.561,0.3951362,0.04140501,-0.7768655,0.3194863,-0.6423934,0.6259283,0.3057335,
1,19,55.563,0.3951362,0.04140501,-0.7768655,0.3194863,-0.6423934,0.6259283,0.3057335,
1,19,55.565,0.3951362,0.04140501,-0.7768655,0.3194863,-0.6423934,0.6259283,0.3057335,
1,19,55.567,0.3951362,0.04140501,-0.7768655,0.3194863,-0.6423934,0.6259283,0.3057335,
1,19,55.569,0.3951272,0.04144147,-0.7768447,0.3194773,-0.6423835,0.6259589,0.3057012,
1,19,55.571,0.3951272,0.04144147,-0.7768447,0.3194773,-0.6423835,0.6259589,0.3057012,
1,19,55.573,0.3951272,0.04144147,-0.7768447,0.3194773,-0.6423835,0.6259589,0.3057012,
1,19,55.575,0.3951272,0.04144147,-0.7768447,0.3194773,-0.6423835,0.6259589,0.3057012,
1,19,55.577,0.395144,0.04162865,-0.7768086,0.3195084,-0.6422578,0.6261006,0.3056428,
1,19,55.579,0.395144,0.04162865,-0.7768086,0.3195084,-0.6422578,0.6261006,0.3056428,
1,19,55.581,0.395144,0.04162865,-0.7768086,0.3195084,-0.6422578,0.6261006,0.3056428,
1,19,55.583,0.395144,0.04162865,-0.7768086,0.3195084,-0.6422578,0.6261006,0.3056428,
1,19,55.585,0.39507,0.04164153,-0.7767802,0.319501,-0.6422824,0.6260899,0.3056204,
1,19,55.587,0.39507,0.04164153,-0.7767802,0.319501,-0.6422824,0.6260899,0.3056204,
1,19,55.589,0.39507,0.04164153,-0.7767802,0.319501,-0.6422824,0.6260899,0.3056204,
1,19,55.591,0.39507,0.04164153,-0.7767802,0.319501,-0.6422824,0.6260899,0.3056204,
1,19,55.593,0.3950698,0.04159872,-0.7767574,0.3194666,-0.6423174,0.6260834,0.3055961,
1,19,55.595,0.3950698,0.04159872,-0.7767574,0.3194666,-0.6423174,0.6260834,0.3055961,
1,19,55.597,0.3950698,0.04159872,-0.7767574,0.3194666,-0.6423174,0.6260834,0.3055961,
1,19,55.599,0.3950698,0.04159872,-0.7767574,0.3194666,-0.6423174,0.6260834,0.3055961,
1,19,55.601,0.394831,0.04153907,-0.776386,0.3192781,-0.6424675,0.6261327,0.3053765,
1,19,55.603,0.394831,0.04153907,-0.776386,0.3192781,-0.6424675,0.6261327,0.3053765,
1,19,55.605,0.394831,0.04153907,-0.776386,0.3192781,-0.6424675,0.6261327,0.3053765,
1,19,55.607,0.394831,0.04153907,-0.776386,0.3192781,-0.6424675,0.6261327,0.3053765,
1,19,55.609,0.3947835,0.04147772,-0.7763695,0.3192186,-0.64247,0.6261038,0.3054928,
1,19,55.611,0.3947835,0.04147772,-0.7763695,0.3192186,-0.64247,0.6261038,0.3054928,
1,19,55.613,0.3947835,0.04147772,-0.7763695,0.3192186,-0.64247,0.6261038,0.3054928,
1,19,55.615,0.3947835,0.04147772,-0.7763695,0.3192186,-0.64247,0.6261038,0.3054928,
1,19,55.617,0.3947835,0.04147772,-0.7763695,0.3192186,-0.64247,0.6261038,0.3054928,
1,19,55.619,0.3947222,0.04145554,-0.7763181,0.319141,-0.6424918,0.6261077,0.3055199,
1,19,55.621,0.3947222,0.04145554,-0.7763181,0.319141,-0.6424918,0.6261077,0.3055199,
1,19,55.623,0.3947222,0.04145554,-0.7763181,0.319141,-0.6424918,0.6261077,0.3055199,
1,19,55.625,0.3947222,0.04145554,-0.7763181,0.319141,-0.6424918,0.6261077,0.3055199,
1,19,55.627,0.3947296,0.04136812,-0.7762557,0.3191383,-0.6425681,0.6260785,0.3054222,
1,19,55.629,0.3947296,0.04136812,-0.7762557,0.3191383,-0.6425681,0.6260785,0.3054222,
1,19,55.631,0.3947296,0.04136812,-0.7762557,0.3191383,-0.6425681,0.6260785,0.3054222,
1,19,55.633,0.3947296,0.04136812,-0.7762557,0.3191383,-0.6425681,0.6260785,0.3054222,
1,19,55.635,0.3947681,0.04113707,-0.7762301,0.3191221,-0.6427395,0.6259421,0.3053582,
1,19,55.637,0.3947681,0.04113707,-0.7762301,0.3191221,-0.6427395,0.6259421,0.3053582,
1,19,55.639,0.3947681,0.04113707,-0.7762301,0.3191221,-0.6427395,0.6259421,0.3053582,
1,19,55.641,0.3947681,0.04113707,-0.7762301,0.3191221,-0.6427395,0.6259421,0.3053582,
1,19,55.643,0.3948292,0.04113279,-0.7762996,0.3192052,-0.6427527,0.6258713,0.3053886,
1,19,55.645,0.3948292,0.04113279,-0.7762996,0.3192052,-0.6427527,0.6258713,0.3053886,
1,19,55.647,0.3948292,0.04113279,-0.7762996,0.3192052,-0.6427527,0.6258713,0.3053886,
1,19,55.649,0.3948292,0.04113279,-0.7762996,0.3192052,-0.6427527,0.6258713,0.3053886,
1,19,55.651,0.3949222,0.0412011,-0.7764727,0.3192867,-0.642637,0.6259009,0.3054863,
1,19,55.653,0.3949222,0.0412011,-0.7764727,0.3192867,-0.642637,0.6259009,0.3054863,
1,19,55.655,0.3949222,0.0412011,-0.7764727,0.3192867,-0.642637,0.6259009,0.3054863,
1,19,55.657,0.3949222,0.0412011,-0.7764727,0.3192867,-0.642637,0.6259009,0.3054863,
1,19,55.659,0.3950478,0.04133376,-0.7766604,0.3194079,-0.6424972,0.6259289,0.3055962,
1,19,55.661,0.3950478,0.04133376,-0.7766604,0.3194079,-0.6424972,0.6259289,0.3055962,
1,19,55.663,0.3950478,0.04133376,-0.7766604,0.3194079,-0.6424972,0.6259289,0.3055962,
1,19,55.665,0.3950478,0.04133376,-0.7766604,0.3194079,-0.6424972,0.6259289,0.3055962,
1,19,55.667,0.3950478,0.04133376,-0.7766604,0.3194079,-0.6424972,0.6259289,0.3055962,
1,19,55.669,0.3950989,0.04128707,-0.776778,0.3194496,-0.6424937,0.6258686,0.3056833,
1,19,55.671,0.3950989,0.04128707,-0.776778,0.3194496,-0.6424937,0.6258686,0.3056833,
1,19,55.673,0.3950989,0.04128707,-0.776778,0.3194496,-0.6424937,0.6258686,0.3056833,
1,19,55.675,0.3950989,0.04128707,-0.776778,0.3194496,-0.6424937,0.6258686,0.3056833,
1,19,55.677,0.3950657,0.04139595,-0.7767318,0.3194454,-0.6424499,0.6259406,0.3056325,
1,19,55.679,0.3950657,0.04139595,-0.7767318,0.3194454,-0.6424499,0.6259406,0.3056325,
1,19,55.681,0.3950657,0.04139595,-0.7767318,0.3194454,-0.6424499,0.6259406,0.3056325,
1,19,55.683,0.3950657,0.04139595,-0.7767318,0.3194454,-0.6424499,0.6259406,0.3056325,
1,19,55.685,0.3950829,0.04143276,-0.7767591,0.3194539,-0.6424165,0.6259768,0.3056197,
1,19,55.687,0.3950829,0.04143276,-0.7767591,0.3194539,-0.6424165,0.6259768,0.3056197,
1,19,55.689,0.3950829,0.04143276,-0.7767591,0.3194539,-0.6424165,0.6259768,0.3056197,
1,19,55.691,0.3950829,0.04143276,-0.7767591,0.3194539,-0.6424165,0.6259768,0.3056197,
1,19,55.693,0.3950961,0.04145654,-0.7767773,0.3194812,-0.642431,0.6259609,0.3055931,
1,19,55.695,0.3950961,0.04145654,-0.7767773,0.3194812,-0.642431,0.6259609,0.3055931,
1,19,55.697,0.3950961,0.04145654,-0.7767773,0.3194812,-0.642431,0.6259609,0.3055931,
1,19,55.699,0.3950961,0.04145654,-0.7767773,0.3194812,-0.642431,0.6259609,0.3055931,
1,19,55.701,0.3950493,0.04149243,-0.7767417,0.3194265,-0.6423844,0.6260105,0.3056467,
1,19,55.703,0.3950493,0.04149243,-0.7767417,0.3194265,-0.6423844,0.6260105,0.3056467,
1,19,55.705,0.3950493,0.04149243,-0.7767417,0.3194265,-0.6423844,0.6260105,0.3056467,
1,19,55.707,0.3950493,0.04149243,-0.7767417,0.3194265,-0.6423844,0.6260105,0.3056467,
1,19,55.709,0.3950716,0.04148641,-0.7767758,0.31946,-0.6423745,0.6260169,0.3056195,
1,19,55.711,0.3950716,0.04148641,-0.7767758,0.31946,-0.6423745,0.6260169,0.3056195,
1,19,55.713,0.3950716,0.04148641,-0.7767758,0.31946,-0.6423745,0.6260169,0.3056195,
1,19,55.715,0.3950716,0.04148641,-0.7767758,0.31946,-0.6423745,0.6260169,0.3056195,
1,19,55.717,0.3950716,0.04148641,-0.7767758,0.31946,-0.6423745,0.6260169,0.3056195,
1,19,55.719,0.3950754,0.04150464,-0.7767771,0.3194821,-0.6423832,0.6260116,0.3055887,
1,19,55.721,0.3950754,0.04150464,-0.7767771,0.3194821,-0.6423832,0.6260116,0.3055887,
1,19,55.723,0.3950754,0.04150464,-0.7767771,0.3194821,-0.6423832,0.6260116,0.3055887,
1,19,55.725,0.3950754,0.04150464,-0.7767771,0.3194821,-0.6423832,0.6260116,0.3055887,
1,19,55.727,0.3951001,0.04148827,-0.7768214,0.3194849,-0.6423658,0.6259862,0.3056745,
1,19,55.729,0.3951001,0.04148827,-0.7768214,0.3194849,-0.6423658,0.6259862,0.3056745,
1,19,55.731,0.3951001,0.04148827,-0.7768214,0.3194849,-0.6423658,0.6259862,0.3056745,
1,19,55.733,0.3951001,0.04148827,-0.7768214,0.3194849,-0.6423658,0.6259862,0.3056745,
1,19,55.735,0.39515,0.04137373,-0.776919,0.3195011,-0.6423997,0.6258923,0.3057787,
1,19,55.737,0.39515,0.04137373,-0.776919,0.3195011,-0.6423997,0.6258923,0.3057787,
1,19,55.739,0.39515,0.04137373,-0.776919,0.3195011,-0.6423997,0.6258923,0.3057787,
1,19,55.741,0.39515,0.04137373,-0.776919,0.3195011,-0.6423997,0.6258923,0.3057787,
1,19,55.743,0.3951359,0.04136804,-0.7768208,0.3195057,-0.6424881,0.6258972,0.3055776,
1,19,55.745,0.3951359,0.04136804,-0.7768208,0.3195057,-0.6424881,0.6258972,0.3055776,
1,19,55.747,0.3951359,0.04136804,-0.7768208,0.3195057,-0.6424881,0.6258972,0.3055776,
1,19,55.749,0.3951359,0.04136804,-0.7768208,0.3195057,-0.6424881,0.6258972,0.3055776,
1,19,55.751,0.3951215,0.04141492,-0.7768302,0.3195357,-0.642453,0.6258941,0.3056266,
1,19,55.753,0.3951215,0.04141492,-0.7768302,0.3195357,-0.642453,0.6258941,0.3056266,
1,19,55.755,0.3951215,0.04141492,-0.7768302,0.3195357,-0.642453,0.6258941,0.3056266,
1,19,55.757,0.3951215,0.04141492,-0.7768302,0.3195357,-0.642453,0.6258941,0.3056266,
1,19,55.759,0.3951429,0.04144694,-0.7768381,0.3195216,-0.6424111,0.6259513,0.3056121,
1,19,55.761,0.3951429,0.04144694,-0.7768381,0.3195216,-0.6424111,0.6259513,0.3056121,
1,19,55.763,0.3951429,0.04144694,-0.7768381,0.3195216,-0.6424111,0.6259513,0.3056121,
1,19,55.765,0.3951429,0.04144694,-0.7768381,0.3195216,-0.6424111,0.6259513,0.3056121,
1,19,55.767,0.3951429,0.04144694,-0.7768381,0.3195216,-0.6424111,0.6259513,0.3056121,
1,19,55.769,0.3951729,0.04139768,-0.7768918,0.3195745,-0.6424294,0.6259065,0.3056107,
1,19,55.771,0.3951729,0.04139768,-0.7768918,0.3195745,-0.6424294,0.6259065,0.3056107,
1,19,55.773,0.3951729,0.04139768,-0.7768918,0.3195745,-0.6424294,0.6259065,0.3056107,
1,19,55.775,0.3951729,0.04139768,-0.7768918,0.3195745,-0.6424294,0.6259065,0.3056107,
1,19,55.777,0.3950896,0.04142236,-0.7768495,0.3195074,-0.6423844,0.6259184,0.3057511,
1,19,55.779,0.3950896,0.04142236,-0.7768495,0.3195074,-0.6423844,0.6259184,0.3057511,
1,19,55.781,0.3950896,0.04142236,-0.7768495,0.3195074,-0.6423844,0.6259184,0.3057511,
1,19,55.783,0.3950896,0.04142236,-0.7768495,0.3195074,-0.6423844,0.6259184,0.3057511,
1,19,55.785,0.3950866,0.04134457,-0.7768763,0.3194745,-0.6424246,0.625877,0.3057854,
1,19,55.787,0.3950866,0.04134457,-0.7768763,0.3194745,-0.6424246,0.625877,0.3057854,
1,19,55.789,0.3950866,0.04134457,-0.7768763,0.3194745,-0.6424246,0.625877,0.3057854,
1,19,55.791,0.3950866,0.04134457,-0.7768763,0.3194745,-0.6424246,0.625877,0.3057854,
1,19,55.793,0.395129,0.04137281,-0.7769063,0.3194944,-0.6423994,0.6259023,0.3057657,
1,19,55.795,0.395129,0.04137281,-0.7769063,0.3194944,-0.6423994,0.6259023,0.3057657,
1,19,55.797,0.395129,0.04137281,-0.7769063,0.3194944,-0.6423994,0.6259023,0.3057657,
1,19,55.799,0.395129,0.04137281,-0.7769063,0.3194944,-0.6423994,0.6259023,0.3057657,
1,19,55.801,0.395086,0.04142315,-0.7768054,0.3194748,-0.6424062,0.6259672,0.3056393,
1,19,55.803,0.395086,0.04142315,-0.7768054,0.3194748,-0.6424062,0.6259672,0.3056393,
1,19,55.805,0.395086,0.04142315,-0.7768054,0.3194748,-0.6424062,0.6259672,0.3056393,
1,19,55.807,0.395086,0.04142315,-0.7768054,0.3194748,-0.6424062,0.6259672,0.3056393,
1,19,55.809,0.3950652,0.04145182,-0.7768008,0.3194765,-0.6424153,0.6259532,0.3056467,
1,19,55.811,0.3950652,0.04145182,-0.7768008,0.3194765,-0.6424153,0.6259532,0.3056467,
1,19,55.813,0.3950652,0.04145182,-0.7768008,0.3194765,-0.6424153,0.6259532,0.3056467,
1,19,55.815,0.3950652,0.04145182,-0.7768008,0.3194765,-0.6424153,0.6259532,0.3056467,
1,19,55.817,0.3950652,0.04145182,-0.7768008,0.3194765,-0.6424153,0.6259532,0.3056467,
1,19,55.819,0.3950974,0.04150344,-0.7767863,0.3195234,-0.6423967,0.6259866,0.3055685,
1,19,55.821,0.3950974,0.04150344,-0.7767863,0.3195234,-0.6423967,0.6259866,0.3055685,
1,19,55.823,0.3950974,0.04150344,-0.7767863,0.3195234,-0.6423967,0.6259866,0.3055685,
1,19,55.825,0.3950974,0.04150344,-0.7767863,0.3195234,-0.6423967,0.6259866,0.3055685,
1,19,55.827,0.3950684,0.04145668,-0.7767887,0.319497,-0.6424,0.6259701,0.3056229,
1,19,55.829,0.3950684,0.04145668,-0.7767887,0.319497,-0.6424,0.6259701,0.3056229,
1,19,55.831,0.3950684,0.04145668,-0.7767887,0.319497,-0.6424,0.6259701,0.3056229,
1,19,55.833,0.3950684,0.04145668,-0.7767887,0.319497,-0.6424,0.6259701,0.3056229,
1,19,55.835,0.3950942,0.04146816,-0.7767746,0.3195017,-0.6424214,0.6259798,0.3055532,
1,19,55.837,0.3950942,0.04146816,-0.7767746,0.3195017,-0.6424214,0.6259798,0.3055532,
1,19,55.839,0.3950942,0.04146816,-0.7767746,0.3195017,-0.6424214,0.6259798,0.3055532,
1,19,55.841,0.3950942,0.04146816,-0.7767746,0.3195017,-0.6424214,0.6259798,0.3055532,
1,19,55.843,0.3951658,0.04145845,-0.7768834,0.3195605,-0.642383,0.6259568,0.3056194,
1,19,55.845,0.3951658,0.04145845,-0.7768834,0.3195605,-0.642383,0.6259568,0.3056194,
1,19,55.847,0.3951658,0.04145845,-0.7768834,0.3195605,-0.642383,0.6259568,0.3056194,
1,19,55.849,0.3951658,0.04145845,-0.7768834,0.3195605,-0.642383,0.6259568,0.3056194,
1,19,55.851,0.3950838,0.041417,-0.7768004,0.319497,-0.6424446,0.625926,0.3056197,
1,19,55.853,0.3950838,0.041417,-0.7768004,0.319497,-0.6424446,0.625926,0.3056197,
1,19,55.855,0.3950838,0.041417,-0.7768004,0.319497,-0.6424446,0.625926,0.3056197,
1,19,55.857,0.3950838,0.041417,-0.7768004,0.319497,-0.6424446,0.625926,0.3056197,
1,19,55.859,0.3950527,0.04144747,-0.776752,0.3194577,-0.6424271,0.6259617,0.3056242,
1,19,55.861,0.3950527,0.04144747,-0.776752,0.3194577,-0.6424271,0.6259617,0.3056242,
1,19,55.863,0.3950527,0.04144747,-0.776752,0.3194577,-0.6424271,0.6259617,0.3056242,
1,19,55.865,0.3950527,0.04144747,-0.776752,0.3194577,-0.6424271,0.6259617,0.3056242,
1,19,55.867,0.3950527,0.04144747,-0.776752,0.3194577,-0.6424271,0.6259617,0.3056242,
1,19,55.869,0.3950765,0.04140203,-0.776848,0.3194629,-0.642395,0.6259262,0.3057588,
1,19,55.871,0.3950765,0.04140203,-0.776848,0.3194629,-0.642395,0.6259262,0.3057588,
1,19,55.873,0.3950765,0.04140203,-0.776848,0.3194629,-0.642395,0.6259262,0.3057588,
1,19,55.875,0.3950765,0.04140203,-0.776848,0.3194629,-0.642395,0.6259262,0.3057588,
1,19,55.877,0.3951396,0.04138937,-0.7768748,0.3195184,-0.6424278,0.6259142,0.3056568,
1,19,55.879,0.3951396,0.04138937,-0.7768748,0.3195184,-0.6424278,0.6259142,0.3056568,
1,19,55.881,0.3951396,0.04138937,-0.7768748,0.3195184,-0.6424278,0.6259142,0.3056568,
1,19,55.883,0.3951396,0.04138937,-0.7768748,0.3195184,-0.6424278,0.6259142,0.3056568,
1,19,55.885,0.3951129,0.04149375,-0.7768385,0.3195029,-0.6423583,0.6259943,0.3056549,
1,19,55.887,0.3951129,0.04149375,-0.7768385,0.3195029,-0.6423583,0.6259943,0.3056549,
1,19,55.889,0.3951129,0.04149375,-0.7768385,0.3195029,-0.6423583,0.6259943,0.3056549,
1,19,55.891,0.3951129,0.04149375,-0.7768385,0.3195029,-0.6423583,0.6259943,0.3056549,
1,19,55.893,0.3951355,0.04148984,-0.7768534,0.3195211,-0.6423687,0.6259573,0.3056898,
1,19,55.895,0.3951355,0.04148984,-0.7768534,0.3195211,-0.6423687,0.6259573,0.3056898,
1,19,55.897,0.3951355,0.04148984,-0.7768534,0.3195211,-0.6423687,0.6259573,0.3056898,
1,19,55.899,0.3951355,0.04148984,-0.7768534,0.3195211,-0.6423687,0.6259573,0.3056898,
1,19,55.901,0.3951503,0.0414081,-0.7768751,0.3195587,-0.6424227,0.6259072,0.3056396,
1,19,55.903,0.3951503,0.0414081,-0.7768751,0.3195587,-0.6424227,0.6259072,0.3056396,
1,19,55.905,0.3951503,0.0414081,-0.7768751,0.3195587,-0.6424227,0.6259072,0.3056396,
1,19,55.907,0.3951503,0.0414081,-0.7768751,0.3195587,-0.6424227,0.6259072,0.3056396,
1,19,55.909,0.3951469,0.04142184,-0.776861,0.3195409,-0.642405,0.6259209,0.3056674,
1,19,55.911,0.3951469,0.04142184,-0.776861,0.3195409,-0.642405,0.6259209,0.3056674,
1,19,55.913,0.3951469,0.04142184,-0.776861,0.3195409,-0.642405,0.6259209,0.3056674,
1,19,55.915,0.3951469,0.04142184,-0.776861,0.3195409,-0.642405,0.6259209,0.3056674,
1,19,55.917,0.3951469,0.04142184,-0.776861,0.3195409,-0.642405,0.6259209,0.3056674,
1,19,55.919,0.3951353,0.04144945,-0.7768627,0.3195039,-0.6423558,0.625949,0.3057517,
1,19,55.921,0.3951353,0.04144945,-0.7768627,0.3195039,-0.6423558,0.625949,0.3057517,
1,19,55.923,0.3951353,0.04144945,-0.7768627,0.3195039,-0.6423558,0.625949,0.3057517,
1,19,55.925,0.3951353,0.04144945,-0.7768627,0.3195039,-0.6423558,0.625949,0.3057517,
1,19,55.927,0.3951393,0.0414235,-0.7768946,0.3195143,-0.6423622,0.6259205,0.3057858,
1,19,55.929,0.3951393,0.0414235,-0.7768946,0.3195143,-0.6423622,0.6259205,0.3057858,
1,19,55.931,0.3951393,0.0414235,-0.7768946,0.3195143,-0.6423622,0.6259205,0.3057858,
1,19,55.933,0.3951393,0.0414235,-0.7768946,0.3195143,-0.6423622,0.6259205,0.3057858,
1,19,55.935,0.3951292,0.04144522,-0.7767805,0.3195335,-0.6424316,0.6259486,0.3055625,
1,19,55.937,0.3951292,0.04144522,-0.7767805,0.3195335,-0.6424316,0.6259486,0.3055625,
1,19,55.939,0.3951292,0.04144522,-0.7767805,0.3195335,-0.6424316,0.6259486,0.3055625,
1,19,55.941,0.3951292,0.04144522,-0.7767805,0.3195335,-0.6424316,0.6259486,0.3055625,
1,19,55.943,0.395059,0.04144862,-0.7767433,0.3195322,-0.642421,0.6259571,0.3055687,
1,19,55.945,0.395059,0.04144862,-0.7767433,0.3195322,-0.642421,0.6259571,0.3055687,
1,19,55.947,0.395059,0.04144862,-0.7767433,0.3195322,-0.642421,0.6259571,0.3055687,
1,19,55.949,0.395059,0.04144862,-0.7767433,0.3195322,-0.642421,0.6259571,0.3055687,
1,19,55.951,0.3950778,0.04136056,-0.7767608,0.3194673,-0.6424762,0.6258998,0.3056376,
1,19,55.953,0.3950778,0.04136056,-0.7767608,0.3194673,-0.6424762,0.6258998,0.3056376,
1,19,55.955,0.3950778,0.04136056,-0.7767608,0.3194673,-0.6424762,0.6258998,0.3056376,
1,19,55.957,0.3950778,0.04136056,-0.7767608,0.3194673,-0.6424762,0.6258998,0.3056376,
1,19,55.959,0.3950644,0.0414346,-0.7767031,0.3194355,-0.6424191,0.6259971,0.3055919,
1,19,55.961,0.3950644,0.0414346,-0.7767031,0.3194355,-0.6424191,0.6259971,0.3055919,
1,19,55.963,0.3950644,0.0414346,-0.7767031,0.3194355,-0.6424191,0.6259971,0.3055919,
1,19,55.965,0.3950644,0.0414346,-0.7767031,0.3194355,-0.6424191,0.6259971,0.3055919,
1,19,55.967,0.3950644,0.0414346,-0.7767031,0.3194355,-0.6424191,0.6259971,0.3055919,
1,19,55.969,0.3950226,0.04138847,-0.7766818,0.31941,-0.6424704,0.6259571,0.3055925,
1,19,55.971,0.3950226,0.04138847,-0.7766818,0.31941,-0.6424704,0.6259571,0.3055925,
1,19,55.973,0.3950226,0.04138847,-0.7766818,0.31941,-0.6424704,0.6259571,0.3055925,
1,19,55.975,0.3950226,0.04138847,-0.7766818,0.31941,-0.6424704,0.6259571,0.3055925,
1,19,55.977,0.3950236,0.04126332,-0.7766768,0.3194016,-0.642558,0.6258557,0.3056249,
1,19,55.979,0.3950236,0.04126332,-0.7766768,0.3194016,-0.642558,0.6258557,0.3056249,
1,19,55.981,0.3950236,0.04126332,-0.7766768,0.3194016,-0.642558,0.6258557,0.3056249,
1,19,55.983,0.3950236,0.04126332,-0.7766768,0.3194016,-0.642558,0.6258557,0.3056249,
1,19,55.985,0.3949974,0.04127928,-0.7766221,0.3193764,-0.6425408,0.6259003,0.3055961,
1,19,55.987,0.3949974,0.04127928,-0.7766221,0.3193764,-0.6425408,0.6259003,0.3055961,
1,19,55.989,0.3949974,0.04127928,-0.7766221,0.3193764,-0.6425408,0.6259003,0.3055961,
1,19,55.991,0.3949974,0.04127928,-0.7766221,0.3193764,-0.6425408,0.6259003,0.3055961,
1,19,55.993,0.3949651,0.04126893,-0.7765627,0.3193727,-0.6425613,0.6258932,0.3055713,
1,19,55.995,0.3949651,0.04126893,-0.7765627,0.3193727,-0.6425613,0.6258932,0.3055713,
1,19,55.997,0.3949651,0.04126893,-0.7765627,0.3193727,-0.6425613,0.6258932,0.3055713,
1,19,55.999,0.3949651,0.04126893,-0.7765627,0.3193727,-0.6425613,0.6258932,0.3055713,
1,19,56.001,0.3949261,0.04114578,-0.776486,0.3193218,-0.6426642,0.6258454,0.3055059,
1,19,56.003,0.3949261,0.04114578,-0.776486,0.3193218,-0.6426642,0.6258454,0.3055059,
1,19,56.005,0.3949261,0.04114578,-0.776486,0.3193218,-0.6426642,0.6258454,0.3055059,
1,19,56.007,0.3949261,0.04114578,-0.776486,0.3193218,-0.6426642,0.6258454,0.3055059,
1,19,56.009,0.3949001,0.04116149,-0.7764199,0.3193058,-0.6426852,0.6258671,0.3054339,
1,19,56.011,0.3949001,0.04116149,-0.7764199,0.3193058,-0.6426852,0.6258671,0.3054339,
1,19,56.013,0.3949001,0.04116149,-0.7764199,0.3193058,-0.6426852,0.6258671,0.3054339,
1,19,56.015,0.3949001,0.04116149,-0.7764199,0.3193058,-0.6426852,0.6258671,0.3054339,
1,19,56.017,0.3949001,0.04116149,-0.7764199,0.3193058,-0.6426852,0.6258671,0.3054339,
1,19,56.019,0.3948378,0.04113342,-0.7763737,0.3192408,-0.642695,0.6258614,0.3054931,
1,19,56.021,0.3948378,0.04113342,-0.7763737,0.3192408,-0.642695,0.6258614,0.3054931,
1,19,56.023,0.3948378,0.04113342,-0.7763737,0.3192408,-0.642695,0.6258614,0.3054931,
1,19,56.025,0.3948378,0.04113342,-0.7763737,0.3192408,-0.642695,0.6258614,0.3054931,
1,19,56.027,0.3948187,0.04111891,-0.7763252,0.319201,-0.6427031,0.6259006,0.3054372,
1,19,56.029,0.3948187,0.04111891,-0.7763252,0.319201,-0.6427031,0.6259006,0.3054372,
1,19,56.031,0.3948187,0.04111891,-0.7763252,0.319201,-0.6427031,0.6259006,0.3054372,
1,19,56.033,0.3948187,0.04111891,-0.7763252,0.319201,-0.6427031,0.6259006,0.3054372,
1,19,56.035,0.3947891,0.04107316,-0.7763044,0.3191896,-0.6427499,0.6258473,0.3054599,
1,19,56.037,0.3947891,0.04107316,-0.7763044,0.3191896,-0.6427499,0.6258473,0.3054599,
1,19,56.039,0.3947891,0.04107316,-0.7763044,0.3191896,-0.6427499,0.6258473,0.3054599,
1,19,56.041,0.3947891,0.04107316,-0.7763044,0.3191896,-0.6427499,0.6258473,0.3054599,
1,19,56.043,0.3947972,0.04113748,-0.7762532,0.3191638,-0.6427206,0.6259235,0.3053926,
1,19,56.045,0.3947972,0.04113748,-0.7762532,0.3191638,-0.6427206,0.6259235,0.3053926,
1,19,56.047,0.3947972,0.04113748,-0.7762532,0.3191638,-0.6427206,0.6259235,0.3053926,
1,19,56.049,0.3947972,0.04113748,-0.7762532,0.3191638,-0.6427206,0.6259235,0.3053926,
1,19,56.051,0.3947525,0.0411431,-0.7762647,0.3191342,-0.6427166,0.6259145,0.3054502,
1,19,56.053,0.3947525,0.0411431,-0.7762647,0.3191342,-0.6427166,0.6259145,0.3054502,
1,19,56.055,0.3947525,0.0411431,-0.7762647,0.3191342,-0.6427166,0.6259145,0.3054502,
1,19,56.057,0.3947525,0.0411431,-0.7762647,0.3191342,-0.6427166,0.6259145,0.3054502,
1,19,56.059,0.3947718,0.04112278,-0.7763085,0.3191492,-0.6427017,0.6259003,0.3054951,
1,19,56.061,0.3947718,0.04112278,-0.7763085,0.3191492,-0.6427017,0.6259003,0.3054951,
1,19,56.063,0.3947718,0.04112278,-0.7763085,0.3191492,-0.6427017,0.6259003,0.3054951,
1,19,56.065,0.3947718,0.04112278,-0.7763085,0.3191492,-0.6427017,0.6259003,0.3054951,
1,19,56.067,0.3947718,0.04112278,-0.7763085,0.3191492,-0.6427017,0.6259003,0.3054951,
1,19,56.069,0.3947537,0.04108245,-0.7762218,0.319138,-0.6427913,0.6258793,0.3053612,
1,19,56.071,0.3947537,0.04108245,-0.7762218,0.319138,-0.6427913,0.6258793,0.3053612,
1,19,56.073,0.3947537,0.04108245,-0.7762218,0.319138,-0.6427913,0.6258793,0.3053612,
1,19,56.075,0.3947537,0.04108245,-0.7762218,0.319138,-0.6427913,0.6258793,0.3053612,
1,19,56.077,0.3947259,0.04112179,-0.7762049,0.3190885,-0.6427593,0.6259334,0.3053692,
1,19,56.079,0.3947259,0.04112179,-0.7762049,0.3190885,-0.6427593,0.6259334,0.3053692,
1,19,56.081,0.3947259,0.04112179,-0.7762049,0.3190885,-0.6427593,0.6259334,0.3053692,
1,19,56.083,0.3947259,0.04112179,-0.7762049,0.3190885,-0.6427593,0.6259334,0.3053692,CourtEnter
1,19,56.085,0.3947575,0.04112156,-0.7762462,0.3191481,-0.6427664,0.625908,0.3053443,
1,19,56.087,0.3947575,0.04112156,-0.7762462,0.3191481,-0.6427664,0.625908,0.3053443,
1,19,56.089,0.3947575,0.04112156,-0.7762462,0.3191481,-0.6427664,0.625908,0.3053443,
1,19,56.091,0.3947575,0.04112156,-0.7762462,0.3191481,-0.6427664,0.625908,0.3053443,CourtExit
1,19,56.093,0.3947876,0.04115671,-0.7762687,0.3191932,-0.6427501,0.6259251,0.3052961,
1,19,56.095,0.3947876,0.04115671,-0.7762687,0.3191932,-0.6427501,0.6259251,0.3052961,
1,19,56.097,0.3947876,0.04115671,-0.7762687,0.3191932,-0.6427501,0.6259251,0.3052961,
1,19,56.099,0.3947876,0.04115671,-0.7762687,0.3191932,-0.6427501,0.6259251,0.3052961,
1,19,56.101,0.3947666,0.04104013,-0.7762945,0.3191174,-0.6428122,0.6258269,0.3054459,
1,19,56.103,0.3947666,0.04104013,-0.7762945,0.3191174,-0.6428122,0.6258269,0.3054459,
1,19,56.105,0.3947666,0.04104013,-0.7762945,0.3191174,-0.6428122,0.6258269,0.3054459,
1,19,56.107,0.3947666,0.04104013,-0.7762945,0.3191174,-0.6428122,0.6258269,0.3054459,
1,19,56.109,0.3947743,0.04104517,-0.7763188,0.3191223,-0.6427625,0.6258453,0.3055077,
1,19,56.111,0.3947743,0.04104517,-0.7763188,0.3191223,-0.6427625,0.6258453,0.3055077,
1,19,56.113,0.3947743,0.04104517,-0.7763188,0.3191223,-0.6427625,0.6258453,0.3055077,
1,19,56.115,0.3947743,0.04104517,-0.7763188,0.3191223,-0.6427625,0.6258453,0.3055077,
1,19,56.117,0.3947743,0.04104517,-0.7763188,0.3191223,-0.6427625,0.6258453,0.3055077,
1,19,56.119,0.3948225,0.04110791,-0.7763915,0.319239,-0.6427031,0.6258476,0.3055063,
1,19,56.121,0.3948225,0.04110791,-0.7763915,0.319239,-0.6427031,0.6258476,0.3055063,
1,19,56.123,0.3948225,0.04110791,-0.7763915,0.319239,-0.6427031,0.6258476,0.3055063,
1,19,56.125,0.3948225,0.04110791,-0.7763915,0.319239,-0.6427031,0.6258476,0.3055063,
1,19,56.127,0.3948655,0.04118311,-0.7763999,0.3192851,-0.6426706,0.6258911,0.305437,
1,19,56.129,0.3948655,0.04118311,-0.7763999,0.3192851,-0.6426706,0.6258911,0.305437,
1,19,56.131,0.3948655,0.04118311,-0.7763999,0.3192851,-0.6426706,0.6258911,0.305437,
1,19,56.133,0.3948655,0.04118311,-0.7763999,0.3192851,-0.6426706,0.6258911,0.305437,
1,19,56.135,0.3948865,0.04119568,-0.7764027,0.319245,-0.642667,0.62589,0.3054892,
1,19,56.137,0.3948865,0.04119568,-0.7764027,0.319245,-0.642667,0.62589,0.3054892,
1,19,56.139,0.3948865,0.04119568,-0.7764027,0.319245,-0.642667,0.62589,0.3054892,
1,19,56.141,0.3948865,0.04119568,-0.7764027,0.319245,-0.642667,0.62589,0.3054892,
1,19,56.143,0.3949229,0.04119743,-0.7765155,0.3193151,-0.6426217,0.6258821,0.3055272,
1,19,56.145,0.3949229,0.04119743,-0.7765155,0.3193151,-0.6426217,0.6258821,0.3055272,
1,19,56.147,0.3949229,0.04119743,-0.7765155,0.3193151,-0.6426217,0.6258821,0.3055272,
1,19,56.149,0.3949229,0.04119743,-0.7765155,0.3193151,-0.6426217,0.6258821,0.3055272,
1,19,56.151,0.3949758,0.04120967,-0.7766511,0.3193513,-0.6425537,0.62587,0.3056571,
1,19,56.153,0.3949758,0.04120967,-0.7766511,0.3193513,-0.6425537,0.62587,0.3056571,
1,19,56.155,0.3949758,0.04120967,-0.7766511,0.3193513,-0.6425537,0.62587,0.3056571,
1,19,56.157,0.3949758,0.04120967,-0.7766511,0.3193513,-0.6425537,0.62587,0.3056571,
1,19,56.159,0.3950826,0.04125042,-0.7767518,0.3194543,-0.6425136,0.6258528,0.3056692,
1,19,56.161,0.3950826,0.04125042,-0.7767518,0.3194543,-0.6425136,0.6258528,0.3056692,
1,19,56.163,0.3950826,0.04125042,-0.7767518,0.3194543,-0.6425136,0.6258528,0.3056692,
1,19,56.165,0.3950826,0.04125042,-0.7767518,0.3194543,-0.6425136,0.6258528,0.3056692,
1,19,56.167,0.3950826,0.04125042,-0.7767518,0.3194543,-0.6425136,0.6258528,0.3056692,
1,19,56.169,0.3950688,0.04131047,-0.7767563,0.3194176,-0.6424783,0.6258927,0.3056998,
1,19,56.171,0.3950688,0.04131047,-0.7767563,0.3194176,-0.6424783,0.6258927,0.3056998,
1,19,56.173,0.3950688,0.04131047,-0.7767563,0.3194176,-0.6424783,0.6258927,0.3056998,
1,19,56.175,0.3950688,0.04131047,-0.7767563,0.3194176,-0.6424783,0.6258927,0.3056998,
1,19,56.177,0.3950966,0.04135006,-0.7767847,0.3194715,-0.6424581,0.6259211,0.3056278,
1,19,56.179,0.3950966,0.04135006,-0.7767847,0.3194715,-0.6424581,0.6259211,0.3056278,
1,19,56.181,0.3950966,0.04135006,-0.7767847,0.3194715,-0.6424581,0.6259211,0.3056278,
1,19,56.183,0.3950966,0.04135006,-0.7767847,0.3194715,-0.6424581,0.6259211,0.3056278,
1,19,56.185,0.3950903,0.04133157,-0.776838,0.3194748,-0.6424252,0.6259008,0.3057351,
1,19,56.187,0.3950903,0.04133157,-0.776838,0.3194748,-0.6424252,0.6259008,0.3057351,
1,19,56.189,0.3950903,0.04133157,-0.776838,0.3194748,-0.6424252,0.6259008,0.3057351,
1,19,56.191,0.3950903,0.04133157,-0.776838,0.3194748,-0.6424252,0.6259008,0.3057351,
1,19,56.193,0.3951126,0.04134693,-0.7768306,0.3194999,-0.6424387,0.6258776,0.3057281,
1,19,56.195,0.3951126,0.04134693,-0.7768306,0.3194999,-0.6424387,0.6258776,0.3057281,
1,19,56.197,0.3951126,0.04134693,-0.7768306,0.3194999,-0.6424387,0.6258776,0.3057281,
1,19,56.199,0.3951126,0.04134693,-0.7768306,0.3194999,-0.6424387,0.6258776,0.3057281,
1,19,56.201,0.3950812,0.04137063,-0.7767931,0.3194693,-0.6424525,0.6259133,0.3056578,
1,19,56.203,0.3950812,0.04137063,-0.7767931,0.3194693,-0.6424525,0.6259133,0.3056578,
1,19,56.205,0.3950812,0.04137063,-0.7767931,0.3194693,-0.6424525,0.6259133,0.3056578,
1,19,56.207,0.3950812,0.04137063,-0.7767931,0.3194693,-0.6424525,0.6259133,0.3056578,
1,19,56.209,0.3950824,0.04129469,-0.7768699,0.3194837,-0.6424739,0.6258385,0.3057511,
1,19,56.211,0.3950824,0.04129469,-0.7768699,0.3194837,-0.6424739,0.6258385,0.3057511,
1,19,56.213,0.3950824,0.04129469,-0.7768699,0.3194837,-0.6424739,0.6258385,0.3057511,
1,19,56.215,0.3950824,0.04129469,-0.7768699,0.3194837,-0.6424739,0.6258385,0.3057511,
1,19,56.217,0.3950824,0.04129469,-0.7768699,0.3194837,-0.6424739,0.6258385,0.3057511,
1,19,56.219,0.3951228,0.04134892,-0.776865,0.3194804,-0.6424378,0.6259115,0.305681,
1,19,56.221,0.3951228,0.04134892,-0.776865,0.3194804,-0.6424378,0.6259115,0.305681,
1,19,56.223,0.3951228,0.04134892,-0.776865,0.3194804,-0.6424378,0.6259115,0.305681,
1,19,56.225,0.3951228,0.04134892,-0.776865,0.3194804,-0.6424378,0.6259115,0.305681,
1,19,56.227,0.3950672,0.04143571,-0.776818,0.3194709,-0.6423969,0.6259462,0.3057058,
1,19,56.229,0.3950672,0.04143571,-0.776818,0.3194709,-0.6423969,0.6259462,0.3057058,
1,19,56.231,0.3950672,0.04143571,-0.776818,0.3194709,-0.6423969,0.6259462,0.3057058,
1,19,56.233,0.3950672,0.04143571,-0.776818,0.3194709,-0.6423969,0.6259462,0.3057058,
1,19,56.235,0.3950672,0.04138474,-0.7768316,0.3194647,-0.6424165,0.6259074,0.3057506,
1,19,56.237,0.3950672,0.04138474,-0.7768316,0.3194647,-0.6424165,0.6259074,0.3057506,
1,19,56.239,0.3950672,0.04138474,-0.7768316,0.3194647,-0.6424165,0.6259074,0.3057506,
1,19,56.241,0.3950672,0.04138474,-0.7768316,0.3194647,-0.6424165,0.6259074,0.3057506,
1,19,56.243,0.3950665,0.0414012,-0.7768369,0.319465,-0.6423941,0.6259286,0.3057535,
1,19,56.245,0.3950665,0.0414012,-0.7768369,0.319465,-0.6423941,0.6259286,0.3057535,
1,19,56.247,0.3950665,0.0414012,-0.7768369,0.319465,-0.6423941,0.6259286,0.3057535,
1,19,56.249,0.3950665,0.0414012,-0.7768369,0.319465,-0.6423941,0.6259286,0.3057535,
1,19,56.251,0.3951175,0.0414029,-0.7768797,0.3195166,-0.6423827,0.6259052,0.3057718,
1,19,56.253,0.3951175,0.0414029,-0.7768797,0.3195166,-0.6423827,0.6259052,0.3057718,
1,19,56.255,0.3951175,0.0414029,-0.7768797,0.3195166,-0.6423827,0.6259052,0.3057718,
1,19,56.257,0.3951175,0.0414029,-0.7768797,0.3195166,-0.6423827,0.6259052,0.3057718,
1,19,56.259,0.3951178,0.04137504,-0.7768512,0.3195321,-0.6424426,0.6258862,0.3056687,
1,19,56.261,0.3951178,0.04137504,-0.7768512,0.3195321,-0.6424426,0.6258862,0.3056687,
1,19,56.263,0.3951178,0.04137504,-0.7768512,0.3195321,-0.6424426,0.6258862,0.3056687,
1,19,56.265,0.3951178,0.04137504,-0.7768512,0.3195321,-0.6424426,0.6258862,0.3056687,
1,19,56.267,0.3951178,0.04137504,-0.7768512,0.3195321,-0.6424426,0.6258862,0.3056687,
1,19,56.269,0.3950745,0.04139486,-0.7768096,0.3194669,-0.642413,0.6259203,0.3057291,
1,19,56.271,0.3950745,0.04139486,-0.7768096,0.3194669,-0.642413,0.6259203,0.3057291,
1,19,56.273,0.3950745,0.04139486,-0.7768096,0.3194669,-0.642413,0.6259203,0.3057291,
1,19,56.275,0.3950745,0.04139486,-0.7768096,0.3194669,-0.642413,0.6259203,0.3057291,
1,19,56.277,0.3950612,0.04140368,-0.7767427,0.3194772,-0.6424859,0.625915,0.305576,
1,19,56.279,0.3950612,0.04140368,-0.7767427,0.3194772,-0.6424859,0.625915,0.305576,
1,19,56.281,0.3950612,0.04140368,-0.7767427,0.3194772,-0.6424859,0.625915,0.305576,
1,19,56.283,0.3950612,0.04140368,-0.7767427,0.3194772,-0.6424859,0.625915,0.305576,
1,19,56.285,0.3950941,0.0414364,-0.776776,0.3195565,-0.6424673,0.6259187,0.3055244,
1,19,56.287,0.3950941,0.0414364,-0.776776,0.3195565,-0.6424673,0.6259187,0.3055244,
1,19,56.289,0.3950941,0.0414364,-0.776776,0.3195565,-0.6424673,0.6259187,0.3055244,
1,19,56.291,0.3950941,0.0414364,-0.776776,0.3195565,-0.6424673,0.6259187,0.3055244,
1,19,56.293,0.3950668,0.04143244,-0.7767705,0.3194934,-0.6424245,0.6259358,0.3056456,
1,19,56.295,0.3950668,0.04143244,-0.7767705,0.3194934,-0.6424245,0.6259358,0.3056456,
1,19,56.297,0.3950668,0.04143244,-0.7767705,0.3194934,-0.6424245,0.6259358,0.3056456,
1,19,56.299,0.3950668,0.04143244,-0.7767705,0.3194934,-0.6424245,0.6259358,0.3056456,
1,19,56.301,0.3950701,0.04149234,-0.776755,0.3194559,-0.6423799,0.6260094,0.3056276,
1,19,56.303,0.3950701,0.04149234,-0.776755,0.3194559,-0.6423799,0.6260094,0.3056276,
1,19,56.305,0.3950701,0.04149234,-0.776755,0.3194559,-0.6423799,0.6260094,0.3056276,
1,19,56.307,0.3950701,0.04149234,-0.776755,0.3194559,-0.6423799,0.6260094,0.3056276,
1,19,56.309,0.3950527,0.04146236,-0.7767407,0.3194537,-0.6424019,0.625969,0.3056662,
1,19,56.311,0.3950527,0.04146236,-0.7767407,0.3194537,-0.6424019,0.625969,0.3056662,
1,19,56.313,0.3950527,0.04146236,-0.7767407,0.3194537,-0.6424019,0.625969,0.3056662,
1,19,56.315,0.3950527,0.04146236,-0.7767407,0.3194537,-0.6424019,0.625969,0.3056662,
1,19,56.317,0.3950527,0.04146236,-0.7767407,0.3194537,-0.6424019,0.625969,0.3056662,
1,19,56.319,0.3950913,0.04140209,-0.7768214,0.3194828,-0.6424246,0.6259275,0.3056735,
1,19,56.321,0.3950913,0.04140209,-0.7768214,0.3194828,-0.6424246,0.6259275,0.3056735,
1,19,56.323,0.3950913,0.04140209,-0.7768214,0.3194828,-0.6424246,0.6259275,0.3056735,
1,19,56.325,0.3950913,0.04140209,-0.7768214,0.3194828,-0.6424246,0.6259275,0.3056735,
1,19,56.327,0.3950822,0.04136384,-0.7768406,0.3194857,-0.642412,0.6259003,0.3057525,
1,19,56.329,0.3950822,0.04136384,-0.7768406,0.3194857,-0.642412,0.6259003,0.3057525,
1,19,56.331,0.3950822,0.04136384,-0.7768406,0.3194857,-0.642412,0.6259003,0.3057525,
1,19,56.333,0.3950822,0.04136384,-0.7768406,0.3194857,-0.642412,0.6259003,0.3057525,
1,19,56.335,0.3950845,0.04141786,-0.77677,0.3194913,-0.6424514,0.6259283,0.3056068,
1,19,56.337,0.3950845,0.04141786,-0.77677,0.3194913,-0.6424514,0.6259283,0.3056068,
1,19,56.339,0.3950845,0.04141786,-0.77677,0.3194913,-0.6424514,0.6259283,0.3056068,
1,19,56.341,0.3950845,0.04141786,-0.77677,0.3194913,-0.6424514,0.6259283,0.3056068,
1,19,56.343,0.3950602,0.0414445,-0.7767716,0.3194664,-0.642403,0.625955,0.3056798,
1,19,56.345,0.3950602,0.0414445,-0.7767716,0.3194664,-0.642403,0.625955,0.3056798,
1,19,56.347,0.3950602,0.0414445,-0.7767716,0.3194664,-0.642403,0.625955,0.3056798,
1,19,56.349,0.3950602,0.0414445,-0.7767716,0.3194664,-0.642403,0.625955,0.3056798,
1,19,56.351,0.3950944,0.04146541,-0.7767822,0.3194782,-0.6423951,0.6259909,0.3056102,
1,19,56.353,0.3950944,0.04146541,-0.7767822,0.3194782,-0.6423951,0.6259909,0.3056102,
1,19,56.355,0.3950944,0.04146541,-0.7767822,0.3194782,-0.6423951,0.6259909,0.3056102,
1,19,56.357,0.3950944,0.04146541,-0.7767822,0.3194782,-0.6423951,0.6259909,0.3056102,
1,19,56.359,0.3950599,0.04143009,-0.7767832,0.3194587,-0.6424091,0.6259536,0.3056775,
1,19,56.361,0.3950599,0.04143009,-0.7767832,0.3194587,-0.6424091,0.6259536,0.3056775,
1,19,56.363,0.3950599,0.04143009,-0.7767832,0.3194587,-0.6424091,0.6259536,0.3056775,
1,19,56.365,0.3950599,0.04143009,-0.7767832,0.3194587,-0.6424091,0.6259536,0.3056775,
1,19,56.367,0.3950599,0.04143009,-0.7767832,0.3194587,-0.6424091,0.6259536,0.3056775,
1,19,56.369,0.3950932,0.04137008,-0.7768435,0.3195141,-0.6424304,0.6258785,0.3057288,
1,19,56.371,0.3950932,0.04137008,-0.7768435,0.3195141,-0.6424304,0.6258785,0.3057288,
1,19,56.373,0.3950932,0.04137008,-0.7768435,0.3195141,-0.6424304,0.6258785,0.3057288,
1,19,56.375,0.3950932,0.04137008,-0.7768435,0.3195141,-0.6424304,0.6258785,0.3057288,
1,19,56.377,0.3951157,0.04140668,-0.7768127,0.3195446,-0.6424424,0.6259153,0.3055964,
1,19,56.379,0.3951157,0.04140668,-0.7768127,0.3195446,-0.6424424,0.6259153,0.3055964,
1,19,56.381,0.3951157,0.04140668,-0.7768127,0.3195446,-0.6424424,0.6259153,0.3055964,
1,19,56.383,0.3951157,0.04140668,-0.7768127,0.3195446,-0.6424424,0.6259153,0.3055964,
1,19,56.385,0.3950597,0.04144299,-0.7767576,0.3194772,-0.6424142,0.6259452,0.3056649,
1,19,56.387,0.3950597,0.04144299,-0.7767576,0.3194772,-0.6424142,0.6259452,0.3056649,
1,19,56.389,0.3950597,0.04144299,-0.7767576,0.3194772,-0.6424142,0.6259452,0.3056649,
1,19,56.391,0.3950597,0.04144299,-0.7767576,0.3194772,-0.6424142,0.6259452,0.3056649,
1,19,56.393,0.3951072,0.04145852,-0.7767924,0.3194802,-0.6423888,0.6259491,0.3057069,
1,19,56.395,0.3951072,0.04145852,-0.7767924,0.3194802,-0.6423888,0.6259491,0.3057069,
1,19,56.397,0.3951072,0.04145852,-0.7767924,0.3194802,-0.6423888,0.6259491,0.3057069,
1,19,56.399,0.3951072,0.04145852,-0.7767924,0.3194802,-0.6423888,0.6259491,0.3057069,
1,19,56.401,0.3951142,0.0413873,-0.7768753,0.3195153,-0.6423976,0.6259005,0.3057513,
1,19,56.403,0.3951142,0.0413873,-0.7768753,0.3195153,-0.6423976,0.6259005,0.3057513,
1,19,56.405,0.3951142,0.0413873,-0.7768753,0.3195153,-0.6423976,0.6259005,0.3057513,
1,19,56.407,0.3951142,0.0413873,-0.7768753,0.3195153,-0.6423976,0.6259005,0.3057513,
1,19,56.409,0.3951086,0.04141046,-0.7768389,0.3195223,-0.6424097,0.6259015,0.3057167,
1,19,56.411,0.3951086,0.04141046,-0.7768389,0.3195223,-0.6424097,0.6259015,0.3057167,
1,19,56.413,0.3951086,0.04141046,-0.7768389,0.3195223,-0.6424097,0.6259015,0.3057167,
1,19,56.415,0.3951086,0.04141046,-0.7768389,0.3195223,-0.6424097,0.6259015,0.3057167,
1,19,56.417,0.3951086,0.04141046,-0.7768389,0.3195223,-0.6424097,0.6259015,0.3057167,
1,19,56.419,0.395118,0.04135775,-0.7768147,0.3195449,-0.6424883,0.6258639,0.305605,
1,19,56.421,0.395118,0.04135775,-0.7768147,0.3195449,-0.6424883,0.6258639,0.305605,
1,19,56.423,0.395118,0.04135775,-0.7768147,0.3195449,-0.6424883,0.6258639,0.305605,
1,19,56.425,0.395118,0.04135775,-0.7768147,0.3195449,-0.6424883,0.6258639,0.305605,
1,19,56.427,0.3950888,0.04139484,-0.7768066,0.3195896,-0.6424764,0.6258944,0.3055204,
1,19,56.429,0.3950888,0.04139484,-0.7768066,0.3195896,-0.6424764,0.6258944,0.3055204,
1,19,56.431,0.3950888,0.04139484,-0.7768066,0.3195896,-0.6424764,0.6258944,0.3055204,
1,19,56.433,0.3950888,0.04139484,-0.7768066,0.3195896,-0.6424764,0.6258944,0.3055204,
1,19,56.435,0.3950631,0.04143573,-0.7767813,0.3195241,-0.6424569,0.6259092,0.3055999,
1,19,56.437,0.3950631,0.04143573,-0.7767813,0.3195241,-0.6424569,0.6259092,0.3055999,
1,19,56.439,0.3950631,0.04143573,-0.7767813,0.3195241,-0.6424569,0.6259092,0.3055999,
1,19,56.441,0.3950631,0.04143573,-0.7767813,0.3195241,-0.6424569,0.6259092,0.3055999,
1,19,56.443,0.3950935,0.04144647,-0.7768253,0.3195663,-0.6424096,0.6259224,0.3056281,
1,19,56.445,0.3950935,0.04144647,-0.7768253,0.3195663,-0.6424096,0.6259224,0.3056281,
1,19,56.447,0.3950935,0.04144647,-0.7768253,0.3195663,-0.6424096,0.6259224,0.3056281,
1,19,56.449,0.3950935,0.04144647,-0.7768253,0.3195663,-0.6424096,0.6259224,0.3056281,
1,19,56.451,0.395089,0.04138993,-0.7768457,0.3195376,-0.6424418,0.6258859,0.3056649,
1,19,56.453,0.395089,0.04138993,-0.7768457,0.3195376,-0.6424418,0.6258859,0.3056649,
1,19,56.455,0.395089,0.04138993,-0.7768457,0.3195376,-0.6424418,0.6258859,0.3056649,
1,19,56.457,0.395089,0.04138993,-0.7768457,0.3195376,-0.6424418,0.6258859,0.3056649,
1,19,56.459,0.3950464,0.0414346,-0.7767985,0.3195184,-0.6424125,0.6259316,0.3056528,
1,19,56.461,0.3950464,0.0414346,-0.7767985,0.3195184,-0.6424125,0.6259316,0.3056528,
1,19,56.463,0.3950464,0.0414346,-0.7767985,0.3195184,-0.6424125,0.6259316,0.3056528,
1,19,56.465,0.3950464,0.0414346,-0.7767985,0.3195184,-0.6424125,0.6259316,0.3056528,
1,19,56.467,0.3950464,0.0414346,-0.7767985,0.3195184,-0.6424125,0.6259316,0.3056528,
1,19,56.469,0.3950611,0.0413961,-0.7767895,0.3194871,-0.6424474,0.6259232,0.3056296,
1,19,56.471,0.3950611,0.0413961,-0.7767895,0.3194871,-0.6424474,0.6259232,0.3056296,
1,19,56.473,0.3950611,0.0413961,-0.7767895,0.3194871,-0.6424474,0.6259232,0.3056296,
1,19,56.475,0.3950611,0.0413961,-0.7767895,0.3194871,-0.6424474,0.6259232,0.3056296,
1,19,56.477,0.3950764,0.04138555,-0.7768263,0.3195136,-0.6424502,0.6259039,0.3056357,
1,19,56.479,0.3950764,0.04138555,-0.7768263,0.3195136,-0.6424502,0.6259039,0.3056357,
1,19,56.481,0.3950764,0.04138555,-0.7768263,0.3195136,-0.6424502,0.6259039,0.3056357,
1,19,56.483,0.3950764,0.04138555,-0.7768263,0.3195136,-0.6424502,0.6259039,0.3056357,
1,19,56.485,0.3950827,0.04147348,-0.7767891,0.3195055,-0.6423973,0.6259707,0.3056186,
1,19,56.487,0.3950827,0.04147348,-0.7767891,0.3195055,-0.6423973,0.6259707,0.3056186,
1,19,56.489,0.3950827,0.04147348,-0.7767891,0.3195055,-0.6423973,0.6259707,0.3056186,
1,19,56.491,0.3950827,0.04147348,-0.7767891,0.3195055,-0.6423973,0.6259707,0.3056186,
1,19,56.493,0.3950363,0.04149152,-0.7767469,0.3194877,-0.6423951,0.6259967,0.3055884,
1,19,56.495,0.3950363,0.04149152,-0.7767469,0.3194877,-0.6423951,0.6259967,0.3055884,
1,19,56.497,0.3950363,0.04149152,-0.7767469,0.3194877,-0.6423951,0.6259967,0.3055884,
1,19,56.499,0.3950363,0.04149152,-0.7767469,0.3194877,-0.6423951,0.6259967,0.3055884,
1,19,56.501,0.3950915,0.04140821,-0.7768576,0.3195168,-0.6423916,0.6259152,0.3057326,
1,19,56.503,0.3950915,0.04140821,-0.7768576,0.3195168,-0.6423916,0.6259152,0.3057326,
1,19,56.505,0.3950915,0.04140821,-0.7768576,0.3195168,-0.6423916,0.6259152,0.3057326,
1,19,56.507,0.3950915,0.04140821,-0.7768576,0.3195168,-0.6423916,0.6259152,0.3057326,
1,19,56.509,0.3951087,0.04139809,-0.7768734,0.3195474,-0.6423841,0.6258996,0.3057482,
1,19,56.511,0.3951087,0.04139809,-0.7768734,0.3195474,-0.6423841,0.6258996,0.3057482,
1,19,56.513,0.3951087,0.04139809,-0.7768734,0.3195474,-0.6423841,0.6258996,0.3057482,
1,19,56.515,0.3951087,0.04139809,-0.7768734,0.3195474,-0.6423841,0.6258996,0.3057482,
1,19,56.517,0.3951087,0.04139809,-0.7768734,0.3195474,-0.6423841,0.6258996,0.3057482,
1,19,56.519,0.3951383,0.04144857,-0.7768477,0.3195174,-0.6423655,0.625955,0.305705,
1,19,56.521,0.3951383,0.04144857,-0.7768477,0.3195174,-0.6423655,0.625955,0.305705,
1,19,56.523,0.3951383,0.04144857,-0.7768477,0.3195174,-0.6423655,0.625955,0.305705,
1,19,56.525,0.3951383,0.04144857,-0.7768477,0.3195174,-0.6423655,0.625955,0.305705,
1,19,56.527,0.3951204,0.04139908,-0.7768581,0.3195878,-0.6424428,0.6258855,0.3056114,
1,19,56.529,0.3951204,0.04139908,-0.7768581,0.3195878,-0.6424428,0.6258855,0.3056114,
1,19,56.531,0.3951204,0.04139908,-0.7768581,0.3195878,-0.6424428,0.6258855,0.3056114,
1,19,56.533,0.3951204,0.04139908,-0.7768581,0.3195878,-0.6424428,0.6258855,0.3056114,
1,19,56.535,0.3950988,0.04144258,-0.7768322,0.3195521,-0.642417,0.6259391,0.305593,
1,19,56.537,0.3950988,0.04144258,-0.7768322,0.3195521,-0.642417,0.6259391,0.305593,
1,19,56.539,0.3950988,0.04144258,-0.7768322,0.3195521,-0.642417,0.6259391,0.305593,
1,19,56.541,0.3950988,0.04144258,-0.7768322,0.3195521,-0.642417,0.6259391,0.305593,
1,19,56.543,0.3951104,0.04148027,-0.7767963,0.319553,-0.642416,0.6259468,0.3055785,
1,19,56.545,0.3951104,0.04148027,-0.7767963,0.319553,-0.642416,0.6259468,0.3055785,
1,19,56.547,0.3951104,0.04148027,-0.7767963,0.319553,-0.642416,0.6259468,0.3055785,
1,19,56.549,0.3951104,0.04148027,-0.7767963,0.319553,-0.642416,0.6259468,0.3055785,
1,19,56.551,0.3950581,0.0414746,-0.7767854,0.3195134,-0.6424014,0.6259566,0.3056307,
1,19,56.553,0.3950581,0.0414746,-0.7767854,0.3195134,-0.6424014,0.6259566,0.3056307,
1,19,56.555,0.3950581,0.0414746,-0.7767854,0.3195134,-0.6424014,0.6259566,0.3056307,
1,19,56.557,0.3950581,0.0414746,-0.7767854,0.3195134,-0.6424014,0.6259566,0.3056307,
1,19,56.559,0.3951051,0.04139565,-0.7768214,0.3195477,-0.6424577,0.6259156,0.3055602,
1,19,56.561,0.3951051,0.04139565,-0.7768214,0.3195477,-0.6424577,0.6259156,0.3055602,
1,19,56.563,0.3951051,0.04139565,-0.7768214,0.3195477,-0.6424577,0.6259156,0.3055602,
1,19,56.565,0.3951051,0.04139565,-0.7768214,0.3195477,-0.6424577,0.6259156,0.3055602,
1,19,56.567,0.3951051,0.04139565,-0.7768214,0.3195477,-0.6424577,0.6259156,0.3055602,
1,19,56.569,0.395022,0.04147374,-0.7767429,0.3194859,-0.6424093,0.6259883,0.3055778,
1,19,56.571,0.395022,0.04147374,-0.7767429,0.3194859,-0.6424093,0.6259883,0.3055778,
1,19,56.573,0.395022,0.04147374,-0.7767429,0.3194859,-0.6424093,0.6259883,0.3055778,
1,19,56.575,0.395022,0.04147374,-0.7767429,0.3194859,-0.6424093,0.6259883,0.3055778,
1,19,56.577,0.3950731,0.04143934,-0.7767785,0.319498,-0.6424252,0.6259403,0.3056301,
1,19,56.579,0.3950731,0.04143934,-0.7767785,0.319498,-0.6424252,0.6259403,0.3056301,
1,19,56.581,0.3950731,0.04143934,-0.7767785,0.319498,-0.6424252,0.6259403,0.3056301,
1,19,56.583,0.3950731,0.04143934,-0.7767785,0.319498,-0.6424252,0.6259403,0.3056301,
1,19,56.585,0.3950828,0.04144054,-0.7768133,0.3194889,-0.6423995,0.6259515,0.3056706,
1,19,56.587,0.3950828,0.04144054,-0.7768133,0.3194889,-0.6423995,0.6259515,0.3056706,
1,19,56.589,0.3950828,0.04144054,-0.7768133,0.3194889,-0.6423995,0.6259515,0.3056706,
1,19,56.591,0.3950828,0.04144054,-0.7768133,0.3194889,-0.6423995,0.6259515,0.3056706,
1,19,56.593,0.395074,0.04137474,-0.7768283,0.319456,-0.6424109,0.6259275,0.3057303,
1,19,56.595,0.395074,0.04137474,-0.7768283,0.319456,-0.6424109,0.6259275,0.3057303,
1,19,56.597,0.395074,0.04137474,-0.7768283,0.319456,-0.6424109,0.6259275,0.3057303,
1,19,56.599,0.395074,0.04137474,-0.7768283,0.319456,-0.6424109,0.6259275,0.3057303,
1,19,56.601,0.3950768,0.04142781,-0.7768121,0.3195018,-0.6424172,0.6259378,0.3056483,
1,19,56.603,0.3950768,0.04142781,-0.7768121,0.3195018,-0.6424172,0.6259378,0.3056483,
1,19,56.605,0.3950768,0.04142781,-0.7768121,0.3195018,-0.6424172,0.6259378,0.3056483,
1,19,56.607,0.3950768,0.04142781,-0.7768121,0.3195018,-0.6424172,0.6259378,0.3056483,
1,19,56.609,0.3950325,0.04145183,-0.7767561,0.3194821,-0.6424122,0.6259488,0.3056566,
1,19,56.611,0.3950325,0.04145183,-0.7767561,0.3194821,-0.6424122,0.6259488,0.3056566,
1,19,56.613,0.3950325,0.04145183,-0.7767561,0.3194821,-0.6424122,0.6259488,0.3056566,
1,19,56.615,0.3950325,0.04145183,-0.7767561,0.3194821,-0.6424122,0.6259488,0.3056566,
1,19,56.617,0.3950325,0.04145183,-0.7767561,0.3194821,-0.6424122,0.6259488,0.3056566,
1,19,56.619,0.3951097,0.04144192,-0.7768314,0.3195464,-0.6423802,0.6259235,0.3057082,
1,19,56.621,0.3951097,0.04144192,-0.7768314,0.3195464,-0.6423802,0.6259235,0.3057082,
1,19,56.623,0.3951097,0.04144192,-0.7768314,0.3195464,-0.6423802,0.6259235,0.3057082,
1,19,56.625,0.3951097,0.04144192,-0.7768314,0.3195464,-0.6423802,0.6259235,0.3057082,
1,19,56.627,0.3950948,0.0414518,-0.7768271,0.3195607,-0.6424085,0.6259246,0.3056318,
1,19,56.629,0.3950948,0.0414518,-0.7768271,0.3195607,-0.6424085,0.6259246,0.3056318,
1,19,56.631,0.3950948,0.0414518,-0.7768271,0.3195607,-0.6424085,0.6259246,0.3056318,
1,19,56.633,0.3950948,0.0414518,-0.7768271,0.3195607,-0.6424085,0.6259246,0.3056318,
1,19,56.635,0.3950609,0.04143577,-0.776823,0.3194925,-0.6423904,0.6259395,0.3057103,
1,19,56.637,0.3950609,0.04143577,-0.776823,0.3194925,-0.6423904,0.6259395,0.3057103,
1,19,56.639,0.3950609,0.04143577,-0.776823,0.3194925,-0.6423904,0.6259395,0.3057103,
1,19,56.641,0.3950609,0.04143577,-0.776823,0.3194925,-0.6423904,0.6259395,0.3057103,
1,19,56.643,0.3950573,0.04143871,-0.7767712,0.3195172,-0.6424446,0.6259471,0.305555,
1,19,56.645,0.3950573,0.04143871,-0.7767712,0.3195172,-0.6424446,0.6259471,0.305555,
1,19,56.647,0.3950573,0.04143871,-0.7767712,0.3195172,-0.6424446,0.6259471,0.305555,
1,19,56.649,0.3950573,0.04143871,-0.7767712,0.3195172,-0.6424446,0.6259471,0.305555,
1,19,56.651,0.3951239,0.04149817,-0.7767758,0.3195516,-0.6423914,0.6260004,0.3055219,
1,19,56.653,0.3951239,0.04149817,-0.7767758,0.3195516,-0.6423914,0.6260004,0.3055219,
1,19,56.655,0.3951239,0.04149817,-0.7767758,0.3195516,-0.6423914,0.6260004,0.3055219,
1,19,56.657,0.3951239,0.04149817,-0.7767758,0.3195516,-0.6423914,0.6260004,0.3055219,
1,19,56.659,0.3951137,0.04147648,-0.7768083,0.3195528,-0.6424269,0.6259342,0.3055816,
1,19,56.661,0.3951137,0.04147648,-0.7768083,0.3195528,-0.6424269,0.6259342,0.3055816,
1,19,56.663,0.3951137,0.04147648,-0.7768083,0.3195528,-0.6424269,0.6259342,0.3055816,
1,19,56.665,0.3951137,0.04147648,-0.7768083,0.3195528,-0.6424269,0.6259342,0.3055816,
1,19,56.667,0.3951137,0.04147648,-0.7768083,0.3195528,-0.6424269,0.6259342,0.3055816,
1,19,56.669,0.3950481,0.04148355,-0.776785,0.31952,-0.6423713,0.625971,0.3056574,
1,19,56.671,0.3950481,0.04148355,-0.776785,0.31952,-0.6423713,0.625971,0.3056574,
1,19,56.673,0.3950481,0.04148355,-0.776785,0.31952,-0.6423713,0.625971,0.3056574,
1,19,56.675,0.3950481,0.04148355,-0.776785,0.31952,-0.6423713,0.625971,0.3056574,
1,19,56.677,0.3950602,0.04147572,-0.7767838,0.3195088,-0.6423726,0.6259807,0.3056464,
1,19,56.679,0.3950602,0.04147572,-0.7767838,0.3195088,-0.6423726,0.6259807,0.3056464,
1,19,56.681,0.3950602,0.04147572,-0.7767838,0.3195088,-0.6423726,0.6259807,0.3056464,
1,19,56.683,0.3950602,0.04147572,-0.7767838,0.3195088,-0.6423726,0.6259807,0.3056464,
1,19,56.685,0.3950572,0.0414758,-0.7767853,0.3195098,-0.6423969,0.6259637,0.3056293,
1,19,56.687,0.3950572,0.0414758,-0.7767853,0.3195098,-0.6423969,0.6259637,0.3056293,
1,19,56.689,0.3950572,0.0414758,-0.7767853,0.3195098,-0.6423969,0.6259637,0.3056293,
1,19,56.691,0.3950572,0.0414758,-0.7767853,0.3195098,-0.6423969,0.6259637,0.3056293,
1,19,56.693,0.3951021,0.0414607,-0.776804,0.3195196,-0.6424042,0.6259506,0.3056304,
1,19,56.695,0.3951021,0.0414607,-0.776804,0.3195196,-0.6424042,0.6259506,0.3056304,
1,19,56.697,0.3951021,0.0414607,-0.776804,0.3195196,-0.6424042,0.6259506,0.3056304,
1,19,56.699,0.3951021,0.0414607,-0.776804,0.3195196,-0.6424042,0.6259506,0.3056304,
1,19,56.701,0.3950334,0.04152253,-0.776745,0.3194956,-0.6423707,0.6259935,0.3056383,
1,19,56.703,0.3950334,0.04152253,-0.776745,0.3194956,-0.6423707,0.6259935,0.3056383,
1,19,56.705,0.3950334,0.04152253,-0.776745,0.3194956,-0.6423707,0.6259935,0.3056383,
1,19,56.707,0.3950334,0.04152253,-0.776745,0.3194956,-0.6423707,0.6259935,0.3056383,
1,19,56.709,0.3950846,0.04139525,-0.7768245,0.3195319,-0.6424539,0.6258947,0.3056275,
1,19,56.711,0.3950846,0.04139525,-0.7768245,0.3195319,-0.6424539,0.6258947,0.3056275,
1,19,56.713,0.3950846,0.04139525,-0.7768245,0.3195319,-0.6424539,0.6258947,0.3056275,
1,19,56.715,0.3950846,0.04139525,-0.7768245,0.3195319,-0.6424539,0.6258947,0.3056275,
1,19,56.717,0.3950846,0.04139525,-0.7768245,0.3195319,-0.6424539,0.6258947,0.3056275,
1,19,56.719,0.3951237,0.04135683,-0.7768933,0.3195505,-0.642427,0.6258599,0.3057361,
1,19,56.721,0.3951237,0.04135683,-0.7768933,0.3195505,-0.642427,0.6258599,0.3057361,
1,19,56.723,0.3951237,0.04135683,-0.7768933,0.3195505,-0.642427,0.6258599,0.3057361,
1,19,56.725,0.3951237,0.04135683,-0.7768933,0.3195505,-0.642427,0.6258599,0.3057361,
1,19,56.727,0.3951049,0.04136236,-0.7768503,0.3195487,-0.642454,0.6258727,0.3056547,
1,19,56.729,0.3951049,0.04136236,-0.7768503,0.3195487,-0.642454,0.6258727,0.3056547,
1,19,56.731,0.3951049,0.04136236,-0.7768503,0.3195487,-0.642454,0.6258727,0.3056547,
1,19,56.733,0.3951049,0.04136236,-0.7768503,0.3195487,-0.642454,0.6258727,0.3056547,
1,19,56.735,0.3951255,0.04139346,-0.7768635,0.3195764,-0.6424366,0.6258708,0.3056664,
1,19,56.737,0.3951255,0.04139346,-0.7768635,0.3195764,-0.6424366,0.6258708,0.3056664,
1,19,56.739,0.3951255,0.04139346,-0.7768635,0.3195764,-0.6424366,0.6258708,0.3056664,
1,19,56.741,0.3951255,0.04139346,-0.7768635,0.3195764,-0.6424366,0.6258708,0.3056664,
1,19,56.743,0.3950353,0.04146025,-0.7767726,0.3194779,-0.6423827,0.6259674,0.3056847,
1,19,56.745,0.3950353,0.04146025,-0.7767726,0.3194779,-0.6423827,0.6259674,0.3056847,
1,19,56.747,0.3950353,0.04146025,-0.7767726,0.3194779,-0.6423827,0.6259674,0.3056847,
1,19,56.749,0.3950353,0.04146025,-0.7767726,0.3194779,-0.6423827,0.6259674,0.3056847,
1,19,56.751,0.3951319,0.04139903,-0.776867,0.3195395,-0.6424099,0.6259156,0.3056693,
1,19,56.753,0.3951319,0.04139903,-0.776867,0.3195395,-0.6424099,0.6259156,0.3056693,
1,19,56.755,0.3951319,0.04139903,-0.776867,0.3195395,-0.6424099,0.6259156,0.3056693,CourtEnter
1,19,56.757,0.3951319,0.04139903,-0.776867,0.3195395,-0.6424099,0.6259156,0.3056693,
1,19,56.759,0.3951097,0.04140577,-0.7768576,0.3195269,-0.6424234,0.6259046,0.3056767,
1,19,56.761,0.3951097,0.04140577,-0.7768576,0.3195269,-0.6424234,0.6259046,0.3056767,
1,19,56.763,0.3951097,0.04140577,-0.7768576,0.3195269,-0.6424234,0.6259046,0.3056767,
1,19,56.765,0.3951097,0.04140577,-0.7768576,0.3195269,-0.6424234,0.6259046,0.3056767,
1,19,56.767,0.3951097,0.04140577,-0.7768576,0.3195269,-0.6424234,0.6259046,0.3056767,CourtExit
1,19,56.769,0.3950478,0.04142423,-0.7767694,0.3195097,-0.642432,0.625926,0.3056326,
1,19,56.771,0.3950478,0.04142423,-0.7767694,0.3195097,-0.642432,0.625926,0.3056326,
1,19,56.773,0.3950478,0.04142423,-0.7767694,0.3195097,-0.642432,0.625926,0.3056326,
1,19,56.775,0.3950478,0.04142423,-0.7767694,0.3195097,-0.642432,0.625926,0.3056326,
1,19,56.777,0.3950804,0.04142081,-0.7768174,0.3194961,-0.6423973,0.62593,0.3057119,
1,19,56.779,0.3950804,0.04142081,-0.7768174,0.3194961,-0.6423973,0.62593,0.3057119,
1,19,56.781,0.3950804,0.04142081,-0.7768174,0.3194961,-0.6423973,0.62593,0.3057119,
1,19,56.783,0.3950804,0.04142081,-0.7768174,0.3194961,-0.6423973,0.62593,0.3057119,
1,19,56.785,0.395101,0.04134081,-0.7768736,0.3195244,-0.6424404,0.6258631,0.3057284,
1,19,56.787,0.395101,0.04134081,-0.7768736,0.3195244,-0.6424404,0.6258631,0.3057284,
1,19,56.789,0.395101,0.04134081,-0.7768736,0.3195244,-0.6424404,0.6258631,0.3057284,
1,19,56.791,0.395101,0.04134081,-0.7768736,0.3195244,-0.6424404,0.6258631,0.3057284,
1,19,56.793,0.395101,0.04140765,-0.7768803,0.3195245,-0.6423877,0.6259067,0.30575,
1,19,56.795,0.395101,0.04140765,-0.7768803,0.3195245,-0.6423877,0.6259067,0.30575,
1,19,56.797,0.395101,0.04140765,-0.7768803,0.3195245,-0.6423877,0.6259067,0.30575,
1,19,56.799,0.395101,0.04140765,-0.7768803,0.3195245,-0.6423877,0.6259067,0.30575,
1,19,56.801,0.3951098,0.0414601,-0.7768227,0.3195324,-0.6424042,0.6259471,0.3056243,
1,19,56.803,0.3951098,0.0414601,-0.7768227,0.3195324,-0.6424042,0.6259471,0.3056243,
1,19,56.805,0.3951098,0.0414601,-0.7768227,0.3195324,-0.6424042,0.6259471,0.3056243,
1,19,56.807,0.3951098,0.0414601,-0.7768227,0.3195324,-0.6424042,0.6259471,0.3056243,
1,19,56.809,0.3951136,0.04138445,-0.7768908,0.3195653,-0.6424107,0.6258813,0.3057109,
1,19,56.811,0.3951136,0.04138445,-0.7768908,0.3195653,-0.6424107,0.6258813,0.3057109,
1,19,56.813,0.3951136,0.04138445,-0.7768908,0.3195653,-0.6424107,0.6258813,0.3057109,
1,19,56.815,0.3951136,0.04138445,-0.7768908,0.3195653,-0.6424107,0.6258813,0.3057109,
1,19,56.817,0.3951136,0.04138445,-0.7768908,0.3195653,-0.6424107,0.6258813,0.3057109,
1,19,56.819,0.3950787,0.0414169,-0.7768294,0.3195646,-0.6424247,0.6259034,0.3056367,
1,19,56.821,0.3950787,0.0414169,-0.7768294,0.3195646,-0.6424247,0.6259034,0.3056367,
1,19,56.823,0.3950787,0.0414169,-0.7768294,0.3195646,-0.6424247,0.6259034,0.3056367,
1,19,56.825,0.3950787,0.0414169,-0.7768294,0.3195646,-0.6424247,0.6259034,0.3056367,
1,19,56.827,0.3950535,0.04145189,-0.7767919,0.3195192,-0.6424041,0.6259516,0.3056291,
1,19,56.829,0.3950535,0.04145189,-0.7767919,0.3195192,-0.6424041,0.6259516,0.3056291,
1,19,56.831,0.3950535,0.04145189,-0.7767919,0.3195192,-0.6424041,0.6259516,0.3056291,
1,19,56.833,0.3950535,0.04145189,-0.7767919,0.3195192,-0.6424041,0.6259516,0.3056291,
1,19,56.835,0.3950789,0.04135011,-0.7768432,0.3195591,-0.6424714,0.6258461,0.3056616,
1,19,56.837,0.3950789,0.04135011,-0.7768432,0.3195591,-0.6424714,0.6258461,0.3056616,
1,19,56.839,0.3950789,0.04135011,-0.7768432,0.3195591,-0.6424714,0.6258461,0.3056616,
1,19,56.841,0.3950789,0.04135011,-0.7768432,0.3195591,-0.6424714,0.6258461,0.3056616,
1,19,56.843,0.3951272,0.04147882,-0.776835,0.3195588,-0.6423756,0.6259503,0.3056501,
1,19,56.845,0.3951272,0.04147882,-0.776835,0.3195588,-0.6423756,0.6259503,0.3056501,
1,19,56.847,0.3951272,0.04147882,-0.776835,0.3195588,-0.6423756,0.6259503,0.3056501,
1,19,56.849,0.3951272,0.04147882,-0.776835,0.3195588,-0.6423756,0.6259503,0.3056501,
1,19,56.851,0.3951325,0.04149447,-0.7768416,0.3195458,-0.6423705,0.6259714,0.305631,
1,19,56.853,0.3951325,0.04149447,-0.7768416,0.3195458,-0.6423705,0.6259714,0.305631,
1,19,56.855,0.3951325,0.04149447,-0.7768416,0.3195458,-0.6423705,0.6259714,0.305631,
1,19,56.857,0.3951325,0.04149447,-0.7768416,0.3195458,-0.6423705,0.6259714,0.305631,
1,19,56.859,0.395099,0.04140008,-0.7768428,0.3195862,-0.6424555,0.6258845,0.3055882,
1,19,56.861,0.395099,0.04140008,-0.7768428,0.3195862,-0.6424555,0.6258845,0.3055882,
1,19,56.863,0.395099,0.04140008,-0.7768428,0.3195862,-0.6424555,0.6258845,0.3055882,
1,19,56.865,0.395099,0.04140008,-0.7768428,0.3195862,-0.6424555,0.6258845,0.3055882,
1,19,56.867,0.395099,0.04140008,-0.7768428,0.3195862,-0.6424555,0.6258845,0.3055882,
1,19,56.869,0.3950561,0.04148638,-0.7767571,0.319543,-0.642422,0.6259596,0.3055502,
1,19,56.871,0.3950561,0.04148638,-0.7767571,0.319543,-0.642422,0.6259596,0.3055502,
1,19,56.873,0.3950561,0.04148638,-0.7767571,0.319543,-0.642422,0.6259596,0.3055502,
1,19,56.875,0.3950561,0.04148638,-0.7767571,0.319543,-0.642422,0.6259596,0.3055502,
1,19,56.877,0.3950847,0.04145454,-0.7768443,0.3195312,-0.6423675,0.6259429,0.3057112,
1,19,56.879,0.3950847,0.04145454,-0.7768443,0.3195312,-0.6423675,0.6259429,0.3057112,
1,19,56.881,0.3950847,0.04145454,-0.7768443,0.3195312,-0.6423675,0.6259429,0.3057112,
1,19,56.883,0.3950847,0.04145454,-0.7768443,0.3195312,-0.6423675,0.6259429,0.3057112,
1,19,56.885,0.3951392,0.04136579,-0.7769108,0.3195537,-0.6423951,0.6258818,0.3057547,
1,19,56.887,0.3951392,0.04136579,-0.7769108,0.3195537,-0.6423951,0.6258818,0.3057547,
1,19,56.889,0.3951392,0.04136579,-0.7769108,0.3195537,-0.6423951,0.6258818,0.3057547,
1,19,56.891,0.3951392,0.04136579,-0.7769108,0.3195537,-0.6423951,0.6258818,0.3057547,
1,19,56.893,0.3951398,0.04135553,-0.7769219,0.3195904,-0.6424096,0.6258523,0.3057466,
1,19,56.895,0.3951398,0.04135553,-0.7769219,0.3195904,-0.6424096,0.6258523,0.3057466,
1,19,56.897,0.3951398,0.04135553,-0.7769219,0.3195904,-0.6424096,0.6258523,0.3057466,
1,19,56.899,0.3951398,0.04135553,-0.7769219,0.3195904,-0.6424096,0.6258523,0.3057466,
1,19,56.901,0.3951593,0.04138811,-0.7769257,0.3195701,-0.6423852,0.6258816,0.3057588,
1,19,56.903,0.3951593,0.04138811,-0.7769257,0.3195701,-0.6423852,0.6258816,0.3057588,
1,19,56.905,0.3951593,0.04138811,-0.7769257,0.3195701,-0.6423852,0.6258816,0.3057588,
1,19,56.907,0.3951593,0.04138811,-0.7769257,0.3195701,-0.6423852,0.6258816,0.3057588,
1,19,56.909,0.3951473,0.04146498,-0.7768582,0.3195737,-0.6423935,0.6259294,0.3056399,
1,19,56.911,0.3951473,0.04146498,-0.7768582,0.3195737,-0.6423935,0.6259294,0.3056399,
1,19,56.913,0.3951473,0.04146498,-0.7768582,0.3195737,-0.6423935,0.6259294,0.3056399,
1,19,56.915,0.3951473,0.04146498,-0.7768582,0.3195737,-0.6423935,0.6259294,0.3056399,
1,19,56.917,0.3951473,0.04146498,-0.7768582,0.3195737,-0.6423935,0.6259294,0.3056399,
1,19,56.919,0.3951169,0.04142938,-0.7768613,0.3195767,-0.642413,0.6258903,0.3056759,
1,19,56.921,0.3951169,0.04142938,-0.7768613,0.3195767,-0.642413,0.6258903,0.3056759,
1,19,56.923,0.3951169,0.04142938,-0.7768613,0.3195767,-0.642413,0.6258903,0.3056759,
1,19,56.925,0.3951169,0.04142938,-0.7768613,0.3195767,-0.642413,0.6258903,0.3056759,
1,19,56.927,0.3951017,0.04133916,-0.7769062,0.3195448,-0.6424266,0.625856,0.3057509,
1,19,56.929,0.3951017,0.04133916,-0.7769062,0.3195448,-0.6424266,0.625856,0.3057509,
1,19,56.931,0.3951017,0.04133916,-0.7769062,0.3195448,-0.6424266,0.625856,0.3057509,
1,19,56.933,0.3951017,0.04133916,-0.7769062,0.3195448,-0.6424266,0.625856,0.3057509,
1,19,56.935,0.3951088,0.04152709,-0.7767887,0.3195156,-0.6423014,0.6260203,0.3057082,
1,19,56.937,0.3951088,0.04152709,-0.7767887,0.3195156,-0.6423014,0.6260203,0.3057082,
1,19,56.939,0.3951088,0.04152709,-0.7767887,0.3195156,-0.6423014,0.6260203,0.3057082,
1,19,56.941,0.3951088,0.04152709,-0.7767887,0.3195156,-0.6423014,0.6260203,0.3057082,
1,19,56.943,0.3950393,0.04150159,-0.7767382,0.3194488,-0.6423739,0.6260073,0.305652,
1,19,56.945,0.3950393,0.04150159,-0.7767382,0.3194488,-0.6423739,0.6260073,0.305652,
1,19,56.947,0.3950393,0.04150159,-0.7767382,0.3194488,-0.6423739,0.6260073,0.305652,
1,19,56.949,0.3950393,0.04150159,-0.7767382,0.3194488,-0.6423739,0.6260073,0.305652,
1,19,56.951,0.3950719,0.041442,-0.7767742,0.3194963,-0.6424116,0.6259484,0.3056437,
1,19,56.953,0.3950719,0.041442,-0.7767742,0.3194963,-0.6424116,0.6259484,0.3056437,
1,19,56.955,0.3950719,0.041442,-0.7767742,0.3194963,-0.6424116,0.6259484,0.3056437,
1,19,56.957,0.3950719,0.041442,-0.7767742,0.3194963,-0.6424116,0.6259484,0.3056437,
1,19,56.959,0.3951222,0.04135747,-0.7768731,0.3195864,-0.6424558,0.625868,0.3056212,
1,19,56.961,0.3951222,0.04135747,-0.7768731,0.3195864,-0.6424558,0.625868,0.3056212,
1,19,56.963,0.3951222,0.04135747,-0.7768731,0.3195864,-0.6424558,0.625868,0.3056212,
1,19,56.965,0.3951222,0.04135747,-0.7768731,0.3195864,-0.6424558,0.625868,0.3056212,
1,19,56.967,0.3951222,0.04135747,-0.7768731,0.3195864,-0.6424558,0.625868,0.3056212,
1,19,56.969,0.3951181,0.04141501,-0.7768641,0.3196089,-0.6424406,0.625874,0.3056176,
1,19,56.971,0.3951181,0.04141501,-0.7768641,0.3196089,-0.6424406,0.625874,0.3056176,
1,19,56.973,0.3951181,0.04141501,-0.7768641,0.3196089,-0.6424406,0.625874,0.3056176,
1,19,56.975,0.3951181,0.04141501,-0.7768641,0.3196089,-0.6424406,0.625874,0.3056176,
1,19,56.977,0.3951054,0.04146657,-0.7768185,0.3195602,-0.642395,0.6259437,0.3056216,
1,19,56.979,0.3951054,0.04146657,-0.7768185,0.3195602,-0.642395,0.6259437,0.3056216,
1,19,56.981,0.3951054,0.04146657,-0.7768185,0.3195602,-0.642395,0.6259437,0.3056216,
1,19,56.983,0.3951054,0.04146657,-0.7768185,0.3195602,-0.642395,0.6259437,0.3056216,
1,19,56.985,0.3951139,0.04147995,-0.7768465,0.3196044,-0.6423937,0.625934,0.3055977,
1,19,56.987,0.3951139,0.04147995,-0.7768465,0.3196044,-0.6423937,0.625934,0.3055977,
1,19,56.989,0.3951139,0.04147995,-0.7768465,0.3196044,-0.6423937,0.625934,0.3055977,
1,19,56.991,0.3951139,0.04147995,-0.7768465,0.3196044,-0.6423937,0.625934,0.3055977,
1,19,56.993,0.3950823,0.04148425,-0.7768244,0.3195354,-0.6423786,0.6259588,0.3056509,
1,19,56.995,0.3950823,0.04148425,-0.7768244,0.3195354,-0.6423786,0.6259588,0.3056509,
1,19,56.997,0.3950823,0.04148425,-0.7768244,0.3195354,-0.6423786,0.6259588,0.3056509,
1,19,56.999,0.3950823,0.04148425,-0.7768244,0.3195354,-0.6423786,0.6259588,0.3056509,
1,20,57.001,0.395061,0.04146784,-0.7768195,0.3195193,-0.6423572,0.6259632,0.3057039,CourtExit
1,20,57.003,0.395061,0.04146784,-0.7768195,0.3195193,-0.6423572,0.6259632,0.3057039,
1,20,57.005,0.395061,0.04146784,-0.7768195,0.3195193,-0.6423572,0.6259632,0.3057039,
1,20,57.007,0.395061,0.04146784,-0.7768195,0.3195193,-0.6423572,0.6259632,0.3057039,
1,20,57.009,0.3951166,0.04143398,-0.7768478,0.3195692,-0.6424133,0.6259156,0.3056314,
1,20,57.011,0.3951166,0.04143398,-0.7768478,0.3195692,-0.6424133,0.6259156,0.3056314,
1,20,57.013,0.3951166,0.04143398,-0.7768478,0.3195692,-0.6424133,0.6259156,0.3056314,
1,20,57.015,0.3951166,0.04143398,-0.7768478,0.3195692,-0.6424133,0.6259156,0.3056314,
1,20,57.017,0.3951166,0.04143398,-0.7768478,0.3195692,-0.6424133,0.6259156,0.3056314,
1,20,57.019,0.3951319,0.0414899,-0.7768003,0.3196094,-0.6424255,0.6259333,0.305527,
1,20,57.021,0.3951319,0.0414899,-0.7768003,0.3196094,-0.6424255,0.6259333,0.305527,
1,20,57.023,0.3951319,0.0414899,-0.7768003,0.3196094,-0.6424255,0.6259333,0.305527,
1,20,57.025,0.3951319,0.0414899,-0.7768003,0.3196094,-0.6424255,0.6259333,0.305527,
1,20,57.027,0.3950782,0.04150212,-0.776781,0.3195778,-0.6424066,0.6259658,0.3055334,
1,20,57.029,0.3950782,0.04150212,-0.776781,0.3195778,-0.6424066,0.6259658,0.3055334,
1,20,57.031,0.3950782,0.04150212,-0.776781,0.3195778,-0.6424066,0.6259658,0.3055334,
1,20,57.033,0.3950782,0.04150212,-0.776781,0.3195778,-0.6424066,0.6259658,0.3055334,
1,20,57.035,0.3950847,0.04146586,-0.7768261,0.3195687,-0.6423897,0.6259356,0.3056404,
1,20,57.037,0.3950847,0.04146586,-0.7768261,0.3195687,-0.6423897,0.6259356,0.3056404,
1,20,57.039,0.3950847,0.04146586,-0.7768261,0.3195687,-0.6423897,0.6259356,0.3056404,
1,20,57.041,0.3950847,0.04146586,-0.7768261,0.3195687,-0.6423897,0.6259356,0.3056404,
1,20,57.043,0.3950963,0.04144007,-0.7768157,0.3195385,-0.6424068,0.625949,0.3056087,
1,20,57.045,0.3950963,0.04144007,-0.7768157,0.3195385,-0.6424068,0.625949,0.3056087,
1,20,57.047,0.3950963,0.04144007,-0.7768157,0.3195385,-0.6424068,0.625949,0.3056087,
1,20,57.049,0.3950963,0.04144007,-0.7768157,0.3195385,-0.6424068,0.625949,0.3056087,
1,20,57.051,0.3950899,0.0414191,-0.7768359,0.3195362,-0.6424093,0.6259213,0.3056621,
1,20,57.053,0.3950899,0.0414191,-0.7768359,0.3195362,-0.6424093,0.6259213,0.3056621,
1,20,57.055,0.3950899,0.0414191,-0.7768359,0.3195362,-0.6424093,0.6259213,0.3056621,
1,20,57.057,0.3950899,0.0414191,-0.7768359,0.3195362,-0.6424093,0.6259213,0.3056621,
1,20,57.059,0.3950702,0.04142086,-0.7768042,0.3195372,-0.6424421,0.6259018,0.3056321,
1,20,57.061,0.3950702,0.04142086,-0.7768042,0.3195372,-0.6424421,0.6259018,0.3056321,
1,20,57.063,0.3950702,0.04142086,-0.7768042,0.3195372,-0.6424421,0.6259018,0.3056321,
1,20,57.065,0.3950702,0.04142086,-0.7768042,0.3195372,-0.6424421,0.6259018,0.3056321,
1,20,57.067,0.3950702,0.04142086,-0.7768042,0.3195372,-0.6424421,0.6259018,0.3056321,
1,20,57.069,0.3950781,0.0414001,-0.7768669,0.3195633,-0.6424006,0.6258988,0.3056984,
1,20,57.071,0.3950781,0.0414001,-0.7768669,0.3195633,-0.6424006,0.6258988,0.3056984,
1,20,57.073,0.3950781,0.0414001,-0.7768669,0.3195633,-0.6424006,0.6258988,0.3056984,
1,20,57.075,0.3950781,0.0414001,-0.7768669,0.3195633,-0.6424006,0.6258988,0.3056984,
1,20,57.077,0.3951086,0.04138795,-0.7768922,0.3195358,-0.642399,0.6258959,0.3057364,
1,20,57.079,0.3951086,0.04138795,-0.7768922,0.3195358,-0.642399,0.6258959,0.3057364,
1,20,57.081,0.3951086,0.04138795,-0.7768922,0.3195358,-0.642399,0.6258959,0.3057364,
1,20,57.083,0.3951086,0.04138795,-0.7768922,0.3195358,-0.642399,0.6258959,0.3057364,
1,20,57.085,0.3951442,0.04147238,-0.7768992,0.3195893,-0.6423466,0.6259312,0.3057184,
1,20,57.087,0.3951442,0.04147238,-0.7768992,0.3195893,-0.6423466,0.6259312,0.3057184,
1,20,57.089,0.3951442,0.04147238,-0.7768992,0.3195893,-0.6423466,0.6259312,0.3057184,
1,20,57.091,0.3951442,0.04147238,-0.7768992,0.3195893,-0.6423466,0.6259312,0.3057184,
1,20,57.093,0.3951034,0.04146449,-0.7768445,0.3195407,-0.6423738,0.6259568,0.3056598,
1,20,57.095,0.3951034,0.04146449,-0.7768445,0.3195407,-0.6423738,0.6259568,0.3056598,
1,20,57.097,0.3951034,0.04146449,-0.7768445,0.3195407,-0.6423738,0.6259568,0.3056598,
1,20,57.099,0.3951034,0.04146449,-0.7768445,0.3195407,-0.6423738,0.6259568,0.3056598,
1,20,57.101,0.3950745,0.04145963,-0.7768176,0.3195156,-0.6423846,0.6259568,0.3056632,
1,20,57.103,0.3950745,0.04145963,-0.7768176,0.3195156,-0.6423846,0.6259568,0.3056632,
1,20,57.105,0.3950745,0.04145963,-0.7768176,0.3195156,-0.6423846,0.6259568,0.3056632,
1,20,57.107,0.3950745,0.04145963,-0.7768176,0.3195156,-0.6423846,0.6259568,0.3056632,
1,20,57.109,0.3950976,0.04138513,-0.7768478,0.3195429,-0.6424451,0.6258967,0.3056305,
1,20,57.111,0.3950976,0.04138513,-0.7768478,0.3195429,-0.6424451,0.6258967,0.3056305,
1,20,57.113,0.3950976,0.04138513,-0.7768478,0.3195429,-0.6424451,0.6258967,0.3056305,
1,20,57.115,0.3950976,0.04138513,-0.7768478,0.3195429,-0.6424451,0.6258967,0.3056305,
1,20,57.117,0.3950976,0.04138513,-0.7768478,0.3195429,-0.6424451,0.6258967,0.3056305,
1,20,57.119,0.395131,0.04140357,-0.7768867,0.3195741,-0.6424137,0.6258851,0.3056873,
1,20,57.121,0.395131,0.04140357,-0.7768867,0.3195741,-0.6424137,0.6258851,0.3056873,
1,20,57.123,0.395131,0.04140357,-0.7768867,0.3195741,-0.6424137,0.6258851,0.3056873,
1,20,57.125,0.395131,0.04140357,-0.7768867,0.3195741,-0.6424137,0.6258851,0.3056873,
1,20,57.127,0.3950823,0.0414425,-0.776793,0.3195528,-0.6424468,0.6259364,0.3055353,
1,20,57.129,0.3950823,0.0414425,-0.776793,0.3195528,-0.6424468,0.6259364,0.3055353,
1,20,57.131,0.3950823,0.0414425,-0.776793,0.3195528,-0.6424468,0.6259364,0.3055353,
1,20,57.133,0.3950823,0.0414425,-0.776793,0.3195528,-0.6424468,0.6259364,0.3055353,
1,20,57.135,0.3950896,0.04155137,-0.776801,0.319569,-0.6423435,0.6260098,0.3055852,
1,20,57.137,0.3950896,0.04155137,-0.776801,0.319569,-0.6423435,0.6260098,0.3055852,
1,20,57.139,0.3950896,0.04155137,-0.776801,0.319569,-0.6423435,0.6260098,0.3055852,
1,20,57.141,0.3950896,0.04155137,-0.776801,0.319569,-0.6423435,0.6260098,0.3055852,
1,20,57.143,0.3951508,0.04150996,-0.7768747,0.3196093,-0.6423145,0.625976,0.3056732,
1,20,57.145,0.3951508,0.04150996,-0.7768747,0.3196093,-0.6423145,0.625976,0.3056732,
1,20,57.147,0.3951508,0.04150996,-0.7768747,0.3196093,-0.6423145,0.625976,0.3056732,
1,20,57.149,0.3951508,0.04150996,-0.7768747,0.3196093,-0.6423145,0.625976,0.3056732,
1,20,57.151,0.3950979,0.04146003,-0.7768609,0.3195565,-0.6423528,0.6259446,0.3057125,
1,20,57.153,0.3950979,0.04146003,-0.7768609,0.3195565,-0.6423528,0.6259446,0.3057125,
1,20,57.155,0.3950979,0.04146003,-0.7768609,0.3195565,-0.6423528,0.6259446,0.3057125,
1,20,57.157,0.3950979,0.04146003,-0.7768609,0.3195565,-0.6423528,0.6259446,0.3057125,
1,20,57.159,0.3951199,0.04156404,-0.7767922,0.3195251,-0.6423028,0.6260331,0.3056693,
1,20,57.161,0.3951199,0.04156404,-0.7767922,0.3195251,-0.6423028,0.6260331,0.3056693,
1,20,57.163,0.3951199,0.04156404,-0.7767922,0.3195251,-0.6423028,0.6260331,0.3056693,
1,20,57.165,0.3951199,0.04156404,-0.7767922,0.3195251,-0.6423028,0.6260331,0.3056693,
1,20,57.167,0.3951199,0.04156404,-0.7767922,0.3195251,-0.6423028,0.6260331,0.3056693,
1,20,57.169,0.3951009,0.04154724,-0.7767891,0.3195664,-0.6423446,0.6260169,0.3055711,
1,20,57.171,0.3951009,0.04154724,-0.7767891,0.3195664,-0.6423446,0.6260169,0.3055711,
1,20,57.173,0.3951009,0.04154724,-0.7767891,0.3195664,-0.6423446,0.6260169,0.3055711,
1,20,57.175,0.3951009,0.04154724,-0.7767891,0.3195664,-0.6423446,0.6260169,0.3055711,
1,20,57.177,0.3951083,0.04146153,-0.7768306,0.3195659,-0.6424253,0.6259221,0.3055961,
1,20,57.179,0.3951083,0.04146153,-0.7768306,0.3195659,-0.6424253,0.6259221,0.3055961,
1,20,57.181,0.3951083,0.04146153,-0.7768306,0.3195659,-0.6424253,0.6259221,0.3055961,
1,20,57.183,0.3951083,0.04146153,-0.7768306,0.3195659,-0.6424253,0.6259221,0.3055961,
1,20,57.185,0.3951241,0.0414601,-0.7768456,0.3196044,-0.6424167,0.6259475,0.305522,
1,20,57.187,0.3951241,0.0414601,-0.7768456,0.3196044,-0.6424167,0.6259475,0.305522,
1,20,57.189,0.3951241,0.0414601,-0.7768456,0.3196044,-0.6424167,0.6259475,0.305522,
1,20,57.191,0.3951241,0.0414601,-0.7768456,0.3196044,-0.6424167,0.6259475,0.305522,
1,20,57.193,0.3951424,0.04131686,-0.7769066,0.3196286,-0.6424825,0.6258067,0.3056467,
1,20,57.195,0.3951424,0.04131686,-0.7769066,0.3196286,-0.6424825,0.6258067,0.3056467,
1,20,57.197,0.3951424,0.04131686,-0.7769066,0.3196286,-0.6424825,0.6258067,0.3056467,
1,20,57.199,0.3951424,0.04131686,-0.7769066,0.3196286,-0.6424825,0.6258067,0.3056467,
1,20,57.201,0.3950871,0.04147027,-0.7768276,0.3195843,-0.6424006,0.625931,0.3056107,
1,20,57.203,0.3950871,0.04147027,-0.7768276,0.3195843,-0.6424006,0.625931,0.3056107,
1,20,57.205,0.3950871,0.04147027,-0.7768276,0.3195843,-0.6424006,0.625931,0.3056107,
1,20,57.207,0.3950871,0.04147027,-0.7768276,0.3195843,-0.6424006,0.625931,0.3056107,
1,20,57.209,0.3951321,0.04138631,-0.7769164,0.3195983,-0.642415,0.6258657,0.3056991,
1,20,57.211,0.3951321,0.04138631,-0.7769164,0.3195983,-0.642415,0.6258657,0.3056991,
1,20,57.213,0.3951321,0.04138631,-0.7769164,0.3195983,-0.642415,0.6258657,0.3056991,
1,20,57.215,0.3951321,0.04138631,-0.7769164,0.3195983,-0.642415,0.6258657,0.3056991,
1,20,57.217,0.3951321,0.04138631,-0.7769164,0.3195983,-0.642415,0.6258657,0.3056991,
1,20,57.219,0.3951145,0.04135489,-0.7769235,0.3195715,-0.6424221,0.6258562,0.3057318,
1,20,57.221,0.3951145,0.04135489,-0.7769235,0.3195715,-0.6424221,0.6258562,0.3057318,
1,20,57.223,0.3951145,0.04135489,-0.7769235,0.3195715,-0.6424221,0.6258562,0.3057318,
1,20,57.225,0.3951145,0.04135489,-0.7769235,0.3195715,-0.6424221,0.6258562,0.3057318,
1,20,57.227,0.3950968,0.04142614,-0.776836,0.3195274,-0.64239,0.6259273,0.3057001,
1,20,57.229,0.3950968,0.04142614,-0.776836,0.3195274,-0.64239,0.6259273,0.3057001,
1,20,57.231,0.3950968,0.04142614,-0.776836,0.3195274,-0.64239,0.6259273,0.3057001,
1,20,57.233,0.3950968,0.04142614,-0.776836,0.3195274,-0.64239,0.6259273,0.3057001,
1,20,57.235,0.3950705,0.04142609,-0.7767777,0.3195411,-0.6424274,0.625927,0.3056075,
1,20,57.237,0.3950705,0.04142609,-0.7767777,0.3195411,-0.6424274,0.625927,0.3056075,
1,20,57.239,0.3950705,0.04142609,-0.7767777,0.3195411,-0.6424274,0.625927,0.3056075,
1,20,57.241,0.3950705,0.04142609,-0.7767777,0.3195411,-0.6424274,0.625927,0.3056075,
1,20,57.243,0.395053,0.04144947,-0.7767619,0.3195442,-0.6424256,0.6259474,0.3055664,
1,20,57.245,0.395053,0.04144947,-0.7767619,0.3195442,-0.6424256,0.6259474,0.3055664,
1,20,57.247,0.395053,0.04144947,-0.7767619,0.3195442,-0.6424256,0.6259474,0.3055664,
1,20,57.249,0.395053,0.04144947,-0.7767619,0.3195442,-0.6424256,0.6259474,0.3055664,
1,20,57.251,0.3950655,0.04134151,-0.7767807,0.3194935,-0.6424714,0.6258957,0.305629,
1,20,57.253,0.3950655,0.04134151,-0.7767807,0.3194935,-0.6424714,0.6258957,0.305629,
1,20,57.255,0.3950655,0.04134151,-0.7767807,0.3194935,-0.6424714,0.6258957,0.305629,
1,20,57.257,0.3950655,0.04134151,-0.7767807,0.3194935,-0.6424714,0.6258957,0.305629,
1,20,57.259,0.3950172,0.04136221,-0.7766968,0.3195006,-0.6424807,0.6259026,0.305588,
1,20,57.261,0.3950172,0.04136221,-0.7766968,0.3195006,-0.6424807,0.6259026,0.305588,
1,20,57.263,0.3950172,0.04136221,-0.7766968,0.3195006,-0.6424807,0.6259026,0.305588,
1,20,57.265,0.3950172,0.04136221,-0.7766968,0.3195006,-0.6424807,0.6259026,0.305588,
1,20,57.267,0.3950172,0.04136221,-0.7766968,0.3195006,-0.6424807,0.6259026,0.305588,
1,20,57.269,0.3949439,0.04126732,-0.7766074,0.3193891,-0.6425479,0.6258857,0.3055976,
1,20,57.271,0.3949439,0.04126732,-0.7766074,0.3193891,-0.6425479,0.6258857,0.3055976,
1,20,57.273,0.3949439,0.04126732,-0.7766074,0.3193891,-0.6425479,0.6258857,0.3055976,
1,20,57.275,0.3949439,0.04126732,-0.7766074,0.3193891,-0.6425479,0.6258857,0.3055976,
1,20,57.277,0.3949113,0.04116998,-0.7765042,0.3193116,-0.6426139,0.6258675,0.3055772,
1,20,57.279,0.3949113,0.04116998,-0.7765042,0.3193116,-0.6426139,0.6258675,0.3055772,
1,20,57.281,0.3949113,0.04116998,-0.7765042,0.3193116,-0.6426139,0.6258675,0.3055772,
1,20,57.283,0.3949113,0.04116998,-0.7765042,0.3193116,-0.6426139,0.6258675,0.3055772,
1,20,57.285,0.3948434,0.04114009,-0.7764008,0.3192551,-0.6426676,0.6258745,0.3055091,
1,20,57.287,0.3948434,0.04114009,-0.7764008,0.3192551,-0.6426676,0.6258745,0.3055091,
1,20,57.289,0.3948434,0.04114009,-0.7764008,0.3192551,-0.6426676,0.6258745,0.3055091,
1,20,57.291,0.3948434,0.04114009,-0.7764008,0.3192551,-0.6426676,0.6258745,0.3055091,
1,20,57.293,0.3948239,0.04121205,-0.7763157,0.3192942,-0.6426952,0.6259322,0.3052917,
1,20,57.295,0.3948239,0.04121205,-0.7763157,0.3192942,-0.6426952,0.6259322,0.3052917,
1,20,57.297,0.3948239,0.04121205,-0.7763157,0.3192942,-0.6426952,0.6259322,0.3052917,
1,20,57.299,0.3948239,0.04121205,-0.7763157,0.3192942,-0.6426952,0.6259322,0.3052917,
1,20,57.301,0.3947549,0.04121363,-0.7762543,0.3192481,-0.6427153,0.6259419,0.3052778,
1,20,57.303,0.3947549,0.04121363,-0.7762543,0.3192481,-0.6427153,0.6259419,0.3052778,
1,20,57.305,0.3947549,0.04121363,-0.7762543,0.3192481,-0.6427153,0.6259419,0.3052778,
1,20,57.307,0.3947549,0.04121363,-0.7762543,0.3192481,-0.6427153,0.6259419,0.3052778,
1,20,57.309,0.394761,0.04138815,-0.776353,0.3192942,-0.6425723,0.6260131,0.3053845,
1,20,57.311,0.394761,0.04138815,-0.776353,0.3192942,-0.6425723,0.6260131,0.3053845,
1,20,57.313,0.394761,0.04138815,-0.776353,0.3192942,-0.6425723,0.6260131,0.3053845,
1,20,57.315,0.394761,0.04138815,-0.776353,0.3192942,-0.6425723,0.6260131,0.3053845,
1,20,57.317,0.394761,0.04138815,-0.776353,0.3192942,-0.6425723,0.6260131,0.3053845,
1,20,57.319,0.3947774,0.04148078,-0.7764149,0.3193376,-0.6424721,0.6260681,0.3054373,
1,20,57.321,0.3947774,0.04148078,-0.7764149,0.3193376,-0.6424721,0.6260681,0.3054373,
1,20,57.323,0.3947774,0.04148078,-0.7764149,0.3193376,-0.6424721,0.6260681,0.3054373,
1,20,57.325,0.3947774,0.04148078,-0.7764149,0.3193376,-0.6424721,0.6260681,0.3054373,
1,20,57.327,0.3947859,0.04145477,-0.7763918,0.3192671,-0.6424974,0.6260871,0.3054188,
1,20,57.329,0.3947859,0.04145477,-0.7763918,0.3192671,-0.6424974,0.6260871,0.3054188,
1,20,57.331,0.3947859,0.04145477,-0.7763918,0.3192671,-0.6424974,0.6260871,0.3054188,
1,20,57.333,0.3947859,0.04145477,-0.7763918,0.3192671,-0.6424974,0.6260871,0.3054188,
1,20,57.335,0.3948702,0.04147036,-0.7764556,0.3193385,-0.6425042,0.6260838,0.3053365,
1,20,57.337,0.3948702,0.04147036,-0.7764556,0.3193385,-0.6425042,0.6260838,0.3053365,
1,20,57.339,0.3948702,0.04147036,-0.7764556,0.3193385,-0.6425042,0.6260838,0.3053365,
1,20,57.341,0.3948702,0.04147036,-0.7764556,0.3193385,-0.6425042,0.6260838,0.3053365,
1,20,57.343,0.3949881,0.04151359,-0.7767296,0.3194658,-0.642403,0.6260077,0.3055722,
1,20,57.345,0.3949881,0.04151359,-0.7767296,0.3194658,-0.642403,0.6260077,0.3055722,
1,20,57.347,0.3949881,0.04151359,-0.7767296,0.3194658,-0.642403,0.6260077,0.3055722,
1,20,57.349,0.3949881,0.04151359,-0.7767296,0.3194658,-0.642403,0.6260077,0.3055722,
1,20,57.351,0.3951398,0.04144658,-0.7769513,0.31957,-0.6423519,0.6259263,0.3057376,
1,20,57.353,0.3951398,0.04144658,-0.7769513,0.31957,-0.6423519,0.6259263,0.3057376,
1,20,57.355,0.3951398,0.04144658,-0.7769513,0.31957,-0.6423519,0.6259263,0.3057376,
1,20,57.357,0.3951398,0.04144658,-0.7769513,0.31957,-0.6423519,0.6259263,0.3057376,
1,20,57.359,0.3951611,0.04139407,-0.7770067,0.3195963,-0.6423655,0.6258816,0.3057731,
1,20,57.361,0.3951611,0.04139407,-0.7770067,0.3195963,-0.6423655,0.6258816,0.3057731,
1,20,57.363,0.3951611,0.04139407,-0.7770067,0.3195963,-0.6423655,0.6258816,0.3057731,
1,20,57.365,0.3951611,0.04139407,-0.7770067,0.3195963,-0.6423655,0.6258816,0.3057731,
1,20,57.367,0.3951611,0.04139407,-0.7770067,0.3195963,-0.6423655,0.6258816,0.3057731,
1,20,57.369,0.3951356,0.04150881,-0.7768105,0.3195861,-0.6423364,0.6259898,0.3056231,
1,20,57.371,0.3951356,0.04150881,-0.7768105,0.3195861,-0.6423364,0.6259898,0.3056231,
1,20,57.373,0.3951356,0.04150881,-0.7768105,0.3195861,-0.6423364,0.6259898,0.3056231,
1,20,57.375,0.3951356,0.04150881,-0.7768105,0.3195861,-0.6423364,0.6259898,0.3056231,
1,20,57.377,0.395092,0.04146526,-0.7768004,0.3196088,-0.6424255,0.6259109,0.3055736,
1,20,57.379,0.395092,0.04146526,-0.7768004,0.3196088,-0.6424255,0.6259109,0.3055736,
1,20,57.381,0.395092,0.04146526,-0.7768004,0.3196088,-0.6424255,0.6259109,0.3055736,
1,20,57.383,0.395092,0.04146526,-0.7768004,0.3196088,-0.6424255,0.6259109,0.3055736,
1,20,57.385,0.395107,0.04144092,-0.7768247,0.3196239,-0.6424491,0.6258948,0.3055412,
1,20,57.387,0.395107,0.04144092,-0.7768247,0.3196239,-0.6424491,0.6258948,0.3055412,
1,20,57.389,0.395107,0.04144092,-0.7768247,0.3196239,-0.6424491,0.6258948,0.3055412,
1,20,57.391,0.395107,0.04144092,-0.7768247,0.3196239,-0.6424491,0.6258948,0.3055412,
1,20,57.393,0.3951064,0.04136081,-0.7768575,0.3195368,-0.6424398,0.6258788,0.3056846,
1,20,57.395,0.3951064,0.04136081,-0.7768575,0.3195368,-0.6424398,0.6258788,0.3056846,
1,20,57.397,0.3951064,0.04136081,-0.7768575,0.3195368,-0.6424398,0.6258788,0.3056846,
1,20,57.399,0.3951064,0.04136081,-0.7768575,0.3195368,-0.6424398,0.6258788,0.3056846,
1,20,57.401,0.3950754,0.04138786,-0.7768273,0.3195144,-0.6424199,0.625922,0.3056612,
1,20,57.403,0.3950754,0.04138786,-0.7768273,0.3195144,-0.6424199,0.625922,0.3056612,
1,20,57.405,0.3950754,0.04138786,-0.7768273,0.3195144,-0.6424199,0.625922,0.3056612,
1,20,57.407,0.3950754,0.04138786,-0.7768273,0.3195144,-0.6424199,0.625922,0.3056612,
1,20,57.409,0.3951211,0.04143223,-0.7768319,0.319567,-0.6424002,0.6259342,0.3056229,
1,20,57.411,0.3951211,0.04143223,-0.7768319,0.319567,-0.6424002,0.6259342,0.3056229,
1,20,57.413,0.3951211,0.04143223,-0.7768319,0.319567,-0.6424002,0.6259342,0.3056229,
1,20,57.415,0.3951211,0.04143223,-0.7768319,0.319567,-0.6424002,0.6259342,0.3056229,
1,20,57.417,0.3951211,0.04143223,-0.7768319,0.319567,-0.6424002,0.6259342,0.3056229,
1,20,57.419,0.3951262,0.04147731,-0.7768393,0.3195734,-0.6423776,0.6259653,0.3056001,
1,20,57.421,0.3951262,0.04147731,-0.7768393,0.3195734,-0.6423776,0.6259653,0.3056001,
1,20,57.423,0.3951262,0.04147731,-0.7768393,0.3195734,-0.6423776,0.6259653,0.3056001,
1,20,57.425,0.3951262,0.04147731,-0.7768393,0.3195734,-0.6423776,0.6259653,0.3056001,
1,20,57.427,0.3950654,0.04145609,-0.7767946,0.319589,-0.642405,0.6259318,0.3055947,
1,20,57.429,0.3950654,0.04145609,-0.7767946,0.319589,-0.642405,0.6259318,0.3055947,
1,20,57.431,0.3950654,0.04145609,-0.7767946,0.319589,-0.642405,0.6259318,0.3055947,
1,20,57.433,0.3950654,0.04145609,-0.7767946,0.319589,-0.642405,0.6259318,0.3055947,
1,20,57.435,0.3950767,0.04145679,-0.7767891,0.3195572,-0.6424049,0.6259462,0.3055987,
1,20,57.437,0.3950767,0.04145679,-0.7767891,0.3195572,-0.6424049,0.6259462,0.3055987,
1,20,57.439,0.3950767,0.04145679,-0.7767891,0.3195572,-0.6424049,0.6259462,0.3055987,
1,20,57.441,0.3950767,0.04145679,-0.7767891,0.3195572,-0.6424049,0.6259462,0.3055987,
1,20,57.443,0.3950776,0.04145999,-0.7767895,0.3195347,-0.6424091,0.6259449,0.3056161,
1,20,57.445,0.3950776,0.04145999,-0.7767895,0.3195347,-0.6424091,0.6259449,0.3056161,
1,20,57.447,0.3950776,0.04145999,-0.7767895,0.3195347,-0.6424091,0.6259449,0.3056161,
1,20,57.449,0.3950776,0.04145999,-0.7767895,0.3195347,-0.6424091,0.6259449,0.3056161,
1,20,57.451,0.3950836,0.04144997,-0.7768188,0.3195733,-0.6424119,0.6259218,0.3056173,
1,20,57.453,0.3950836,0.04144997,-0.7768188,0.3195733,-0.6424119,0.6259218,0.3056173,
1,20,57.455,0.3950836,0.04144997,-0.7768188,0.3195733,-0.6424119,0.6259218,0.3056173,
1,20,57.457,0.3950836,0.04144997,-0.7768188,0.3195733,-0.6424119,0.6259218,0.3056173,
1,20,57.459,0.3951203,0.04147615,-0.7768694,0.319609,-0.6423525,0.6259365,0.3056746,
1,20,57.461,0.3951203,0.04147615,-0.7768694,0.319609,-0.6423525,0.6259365,0.3056746,
1,20,57.463,0.3951203,0.04147615,-0.7768694,0.319609,-0.6423525,0.6259365,0.3056746,
1,20,57.465,0.3951203,0.04147615,-0.7768694,0.319609,-0.6423525,0.6259365,0.3056746,
1,20,57.467,0.3951203,0.04147615,-0.7768694,0.319609,-0.6423525,0.6259365,0.3056746,
1,20,57.469,0.3951056,0.0413487,-0.7768643,0.3196018,-0.6424632,0.6258575,0.3056108,
1,20,57.471,0.3951056,0.0413487,-0.7768643,0.3196018,-0.6424632,0.6258575,0.3056108,
1,20,57.473,0.3951056,0.0413487,-0.7768643,0.3196018,-0.6424632,0.6258575,0.3056108,
1,20,57.475,0.3951056,0.0413487,-0.7768643,0.3196018,-0.6424632,0.6258575,0.3056108,
1,20,57.477,0.3951225,0.04142851,-0.7768265,0.3195847,-0.642439,0.6259325,0.3055265,
1,20,57.479,0.3951225,0.04142851,-0.7768265,0.3195847,-0.642439,0.6259325,0.3055265,
1,20,57.481,0.3951225,0.04142851,-0.7768265,0.3195847,-0.642439,0.6259325,0.3055265,
1,20,57.483,0.3951225,0.04142851,-0.7768265,0.3195847,-0.642439,0.6259325,0.3055265,
1,20,57.485,0.3950866,0.04149823,-0.7767907,0.3195986,-0.6423965,0.6259621,0.3055404,
1,20,57.487,0.3950866,0.04149823,-0.7767907,0.3195986,-0.6423965,0.6259621,0.3055404,
1,20,57.489,0.3950866,0.04149823,-0.7767907,0.3195986,-0.6423965,0.6259621,0.3055404,
1,20,57.491,0.3950866,0.04149823,-0.7767907,0.3195986,-0.6423965,0.6259621,0.3055404,
1,20,57.493,0.3950587,0.0414496,-0.7767495,0.319567,-0.6424632,0.6259297,0.3054996,
1,20,57.495,0.3950587,0.0414496,-0.7767495,0.319567,-0.6424632,0.6259297,0.3054996,
1,20,57.497,0.3950587,0.0414496,-0.7767495,0.319567,-0.6424632,0.6259297,0.3054996,
1,20,57.499,0.3950587,0.0414496,-0.7767495,0.319567,-0.6424632,0.6259297,0.3054996,
1,20,57.501,0.3951133,0.04142877,-0.776831,0.3195813,-0.6424335,0.6259208,0.3055654,
1,20,57.503,0.3951133,0.04142877,-0.776831,0.3195813,-0.6424335,0.6259208,0.3055654,
1,20,57.505,0.3951133,0.04142877,-0.776831,0.3195813,-0.6424335,0.6259208,0.3055654,
1,20,57.507,0.3951133,0.04142877,-0.776831,0.3195813,-0.6424335,0.6259208,0.3055654,
1,20,57.509,0.3950936,0.04147875,-0.7768164,0.3195969,-0.6423884,0.6259442,0.3055961,
1,20,57.511,0.3950936,0.04147875,-0.7768164,0.3195969,-0.6423884,0.6259442,0.3055961,
1,20,57.513,0.3950936,0.04147875,-0.7768164,0.3195969,-0.6423884,0.6259442,0.3055961,
1,20,57.515,0.3950936,0.04147875,-0.7768164,0.3195969,-0.6423884,0.6259442,0.3055961,
1,20,57.517,0.3950936,0.04147875,-0.7768164,0.3195969,-0.6423884,0.6259442,0.3055961,
1,20,57.519,0.3951007,0.04144647,-0.7768275,0.3195989,-0.6424068,0.6259305,0.3055831,
1,20,57.521,0.3951007,0.04144647,-0.7768275,0.3195989,-0.6424068,0.6259305,0.3055831,
1,20,57.523,0.3951007,0.04144647,-0.7768275,0.3195989,-0.6424068,0.6259305,0.3055831,
1,20,57.525,0.3951007,0.04144647,-0.7768275,0.3195989,-0.6424068,0.6259305,0.3055831,
1,20,57.527,0.3950842,0.04143865,-0.7767907,0.319557,-0.6424463,0.6259326,0.3055397,
1,20,57.529,0.3950842,0.04143865,-0.7767907,0.319557,-0.6424463,0.6259326,0.3055397,
1,20,57.531,0.3950842,0.04143865,-0.7767907,0.319557,-0.6424463,0.6259326,0.3055397,
1,20,57.533,0.3950842,0.04143865,-0.7767907,0.319557,-0.6424463,0.6259326,0.3055397,
1,20,57.535,0.3951149,0.04142633,-0.77686,0.3195614,-0.6424092,0.6259163,0.3056463,
1,20,57.537,0.3951149,0.04142633,-0.77686,0.3195614,-0.6424092,0.6259163,0.3056463,
1,20,57.539,0.3951149,0.04142633,-0.77686,0.3195614,-0.6424092,0.6259163,0.3056463,
1,20,57.541,0.3951149,0.04142633,-0.77686,0.3195614,-0.6424092,0.6259163,0.3056463,
1,20,57.543,0.3951038,0.0414818,-0.776845,0.3195656,-0.6423529,0.625957,0.305677,
1,20,57.545,0.3951038,0.0414818,-0.776845,0.3195656,-0.6423529,0.625957,0.305677,
1,20,57.547,0.3951038,0.0414818,-0.776845,0.3195656,-0.6423529,0.625957,0.305677,
1,20,57.549,0.3951038,0.0414818,-0.776845,0.3195656,-0.6423529,0.625957,0.305677,
1,20,57.551,0.3951131,0.04139763,-0.7768593,0.3195611,-0.6424309,0.6259061,0.3056223,
1,20,57.553,0.3951131,0.04139763,-0.7768593,0.3195611,-0.6424309,0.6259061,0.3056223,
1,20,57.555,0.3951131,0.04139763,-0.7768593,0.3195611,-0.6424309,0.6259061,0.3056223,
1,20,57.557,0.3951131,0.04139763,-0.7768593,0.3195611,-0.6424309,0.6259061,0.3056223,
1,20,57.559,0.395085,0.04142679,-0.776849,0.3195674,-0.6424018,0.6259148,0.3056591,
1,20,57.561,0.395085,0.04142679,-0.776849,0.3195674,-0.6424018,0.6259148,0.3056591,
1,20,57.563,0.395085,0.04142679,-0.776849,0.3195674,-0.6424018,0.6259148,0.3056591,
1,20,57.565,0.395085,0.04142679,-0.776849,0.3195674,-0.6424018,0.6259148,0.3056591,
1,20,57.567,0.395085,0.04142679,-0.776849,0.3195674,-0.6424018,0.6259148,0.3056591,
1,20,57.569,0.3950857,0.04143545,-0.7768163,0.3195861,-0.6424634,0.6259124,0.3055146,
1,20,57.571,0.3950857,0.04143545,-0.7768163,0.3195861,-0.6424634,0.6259124,0.3055146,
1,20,57.573,0.3950857,0.04143545,-0.7768163,0.3195861,-0.6424634,0.6259124,0.3055146,
1,20,57.575,0.3950857,0.04143545,-0.7768163,0.3195861,-0.6424634,0.6259124,0.3055146,
1,20,57.577,0.3950775,0.04145003,-0.7768254,0.319559,-0.6424164,0.6259349,0.3055958,
1,20,57.579,0.3950775,0.04145003,-0.7768254,0.319559,-0.6424164,0.6259349,0.3055958,
1,20,57.581,0.3950775,0.04145003,-0.7768254,0.319559,-0.6424164,0.6259349,0.3055958,
1,20,57.583,0.3950775,0.04145003,-0.7768254,0.319559,-0.6424164,0.6259349,0.3055958,
1,20,57.585,0.3951015,0.04142518,-0.7768447,0.3195606,-0.6424247,0.6259068,0.3056343,
1,20,57.587,0.3951015,0.04142518,-0.7768447,0.3195606,-0.6424247,0.6259068,0.3056343,
1,20,57.589,0.3951015,0.04142518,-0.7768447,0.3195606,-0.6424247,0.6259068,0.3056343,
1,20,57.591,0.3951015,0.04142518,-0.7768447,0.3195606,-0.6424247,0.6259068,0.3056343,
1,20,57.593,0.3951176,0.0414479,-0.7768133,0.3195657,-0.6424449,0.6259378,0.305523,
1,20,57.595,0.3951176,0.0414479,-0.7768133,0.3195657,-0.6424449,0.6259378,0.305523,
1,20,57.597,0.3951176,0.0414479,-0.7768133,0.3195657,-0.6424449,0.6259378,0.305523,
1,20,57.599,0.3951176,0.0414479,-0.7768133,0.3195657,-0.6424449,0.6259378,0.305523,
1,20,57.601,0.3950538,0.04139508,-0.7767763,0.3195448,-0.6424726,0.6259195,0.3055239,
1,20,57.603,0.3950538,0.04139508,-0.7767763,0.3195448,-0.6424726,0.6259195,0.3055239,
1,20,57.605,0.3950538,0.04139508,-0.7767763,0.3195448,-0.6424726,0.6259195,0.3055239,
1,20,57.607,0.3950538,0.04139508,-0.7767763,0.3195448,-0.6424726,0.6259195,0.3055239,
1,20,57.609,0.3950883,0.04136628,-0.7768269,0.3195699,-0.6424769,0.625881,0.3055675,
1,20,57.611,0.3950883,0.04136628,-0.7768269,0.3195699,-0.6424769,0.625881,0.3055675,
1,20,57.613,0.3950883,0.04136628,-0.7768269,0.3195699,-0.6424769,0.625881,0.3055675,
1,20,57.615,0.3950883,0.04136628,-0.7768269,0.3195699,-0.6424769,0.625881,0.3055675,
1,20,57.617,0.3950883,0.04136628,-0.7768269,0.3195699,-0.6424769,0.625881,0.3055675,
1,20,57.619,0.3950568,0.04146903,-0.7767699,0.3195455,-0.6424167,0.6259663,0.3055451,
1,20,57.621,0.3950568,0.04146903,-0.7767699,0.3195455,-0.6424167,0.6259663,0.3055451,
1,20,57.623,0.3950568,0.04146903,-0.7767699,0.3195455,-0.6424167,0.6259663,0.3055451,
1,20,57.625,0.3950568,0.04146903,-0.7767699,0.3195455,-0.6424167,0.6259663,0.3055451,
1,20,57.627,0.3950373,0.04141217,-0.7767656,0.3195311,-0.6424719,0.6259266,0.3055254,
1,20,57.629,0.3950373,0.04141217,-0.7767656,0.3195311,-0.6424719,0.6259266,0.3055254,
1,20,57.631,0.3950373,0.04141217,-0.7767656,0.3195311,-0.6424719,0.6259266,0.3055254,
1,20,57.633,0.3950373,0.04141217,-0.7767656,0.3195311,-0.6424719,0.6259266,0.3055254,
1,20,57.635,0.3950669,0.04148687,-0.7767769,0.3196066,-0.6424187,0.6259375,0.3055357,
1,20,57.637,0.3950669,0.04148687,-0.7767769,0.3196066,-0.6424187,0.6259375,0.3055357,
1,20,57.639,0.3950669,0.04148687,-0.7767769,0.3196066,-0.6424187,0.6259375,0.3055357,
1,20,57.641,0.3950669,0.04148687,-0.7767769,0.3196066,-0.6424187,0.6259375,0.3055357,
1,20,57.643,0.3951165,0.04141821,-0.7768633,0.3196405,-0.6424312,0.6258718,0.3056085,
1,20,57.645,0.3951165,0.04141821,-0.7768633,0.3196405,-0.6424312,0.6258718,0.3056085,
1,20,57.647,0.3951165,0.04141821,-0.7768633,0.3196405,-0.6424312,0.6258718,0.3056085,
1,20,57.649,0.3951165,0.04141821,-0.7768633,0.3196405,-0.6424312,0.6258718,0.3056085,
1,20,57.651,0.3950534,0.04149287,-0.7767894,0.3195707,-0.642398,0.6259627,0.3055654,
1,20,57.653,0.3950534,0.04149287,-0.7767894,0.3195707,-0.642398,0.6259627,0.3055654,
1,20,57.655,0.3950534,0.04149287,-0.7767894,0.3195707,-0.642398,0.6259627,0.3055654,
1,20,57.657,0.3950534,0.04149287,-0.7767894,0.3195707,-0.642398,0.6259627,0.3055654,
1,20,57.659,0.3950846,0.04147334,-0.7767898,0.3195513,-0.6424137,0.6259547,0.3055687,
1,20,57.661,0.3950846,0.04147334,-0.7767898,0.3195513,-0.6424137,0.6259547,0.3055687,
1,20,57.663,0.3950846,0.04147334,-0.7767898,0.3195513,-0.6424137,0.6259547,0.3055687,
1,20,57.665,0.3950846,0.04147334,-0.7767898,0.3195513,-0.6424137,0.6259547,0.3055687,
1,20,57.667,0.3950846,0.04147334,-0.7767898,0.3195513,-0.6424137,0.6259547,0.3055687,
1,20,57.669,0.3950968,0.04147292,-0.7767902,0.3195642,-0.642433,0.6259449,0.3055351,
1,20,57.671,0.3950968,0.04147292,-0.7767902,0.3195642,-0.642433,0.6259449,0.3055351,
1,20,57.673,0.3950968,0.04147292,-0.7767902,0.3195642,-0.642433,0.6259449,0.3055351,
1,20,57.675,0.3950968,0.04147292,-0.7767902,0.3195642,-0.642433,0.6259449,0.3055351,
1,20,57.677,0.3950635,0.04149209,-0.776788,0.3195709,-0.6424046,0.6259361,0.3056058,
1,20,57.679,0.3950635,0.04149209,-0.776788,0.3195709,-0.6424046,0.6259361,0.3056058,
1,20,57.681,0.3950635,0.04149209,-0.776788,0.3195709,-0.6424046,0.6259361,0.3056058,
1,20,57.683,0.3950635,0.04149209,-0.776788,0.3195709,-0.6424046,0.6259361,0.3056058,
1,20,57.685,0.395061,0.0414031,-0.7768154,0.3195749,-0.6424397,0.6258818,0.305639,
1,20,57.687,0.395061,0.0414031,-0.7768154,0.3195749,-0.6424397,0.6258818,0.305639,
1,20,57.689,0.395061,0.0414031,-0.7768154,0.3195749,-0.6424397,0.6258818,0.305639,
1,20,57.691,0.395061,0.0414031,-0.7768154,0.3195749,-0.6424397,0.6258818,0.305639,
1,20,57.693,0.3950668,0.04138191,-0.7768201,0.3196284,-0.6424561,0.6258599,0.3055935,
1,20,57.695,0.3950668,0.04138191,-0.7768201,0.3196284,-0.6424561,0.6258599,0.3055935,
1,20,57.697,0.3950668,0.04138191,-0.7768201,0.3196284,-0.6424561,0.6258599,0.3055935,
1,20,57.699,0.3950668,0.04138191,-0.7768201,0.3196284,-0.6424561,0.6258599,0.3055935,
1,20,57.701,0.3951309,0.04148892,-0.7767956,0.3195955,-0.642398,0.6259559,0.3055531,
1,20,57.703,0.3951309,0.04148892,-0.7767956,0.3195955,-0.642398,0.6259559,0.3055531,
1,20,57.705,0.3951309,0.04148892,-0.7767956,0.3195955,-0.642398,0.6259559,0.3055531,
1,20,57.707,0.3951309,0.04148892,-0.7767956,0.3195955,-0.642398,0.6259559,0.3055531,
1,20,57.709,0.3951147,0.04147448,-0.7768328,0.319614,-0.6424161,0.6259215,0.3055665,
1,20,57.711,0.3951147,0.04147448,-0.7768328,0.319614,-0.6424161,0.6259215,0.3055665,
1,20,57.713,0.3951147,0.04147448,-0.7768328,0.319614,-0.6424161,0.6259215,0.3055665,
1,20,57.715,0.3951147,0.04147448,-0.7768328,0.319614,-0.6424161,0.6259215,0.3055665,
1,20,57.717,0.3951147,0.04147448,-0.7768328,0.319614,-0.6424161,0.6259215,0.3055665,
1,20,57.719,0.3951243,0.0414554,-0.7768496,0.3196158,-0.6424217,0.6259249,0.3055459,
1,20,57.721,0.3951243,0.0414554,-0.7768496,0.3196158,-0.6424217,0.6259249,0.3055459,
1,20,57.723,0.3951243,0.0414554,-0.7768496,0.3196158,-0.6424217,0.6259249,0.3055459,
1,20,57.725,0.3951243,0.0414554,-0.7768496,0.3196158,-0.6424217,0.6259249,0.3055459,
1,20,57.727,0.3951056,0.04142903,-0.7768399,0.3195912,-0.6424442,0.6259055,0.3055639,
1,20,57.729,0.3951056,0.04142903,-0.7768399,0.3195912,-0.6424442,0.6259055,0.3055639,
1,20,57.731,0.3951056,0.04142903,-0.7768399,0.3195912,-0.6424442,0.6259055,0.3055639,
1,20,57.733,0.3951056,0.04142903,-0.7768399,0.3195912,-0.6424442,0.6259055,0.3055639,
1,20,57.735,0.3950986,0.04142622,-0.7768135,0.3195814,-0.6424538,0.6258926,0.3055801,
1,20,57.737,0.3950986,0.04142622,-0.7768135,0.3195814,-0.6424538,0.6258926,0.3055801,
1,20,57.739,0.3950986,0.04142622,-0.7768135,0.3195814,-0.6424538,0.6258926,0.3055801,
1,20,57.741,0.3950986,0.04142622,-0.7768135,0.3195814,-0.6424538,0.6258926,0.3055801,
1,20,57.743,0.3950379,0.041487,-0.7767775,0.3195973,-0.6423974,0.6259444,0.3055761,
1,20,57.745,0.3950379,0.041487,-0.7767775,0.3195973,-0.6423974,0.6259444,0.3055761,
1,20,57.747,0.3950379,0.041487,-0.7767775,0.3195973,-0.6423974,0.6259444,0.3055761,
1,20,57.749,0.3950379,0.041487,-0.7767775,0.3195973,-0.6423974,0.6259444,0.3055761,
1,20,57.751,0.3951241,0.04147741,-0.776836,0.3196239,-0.6424147,0.6259308,0.3055399,
1,20,57.753,0.3951241,0.04147741,-0.776836,0.3196239,-0.6424147,0.6259308,0.3055399,
1,20,57.755,0.3951241,0.04147741,-0.776836,0.3196239,-0.6424147,0.6259308,0.3055399,
1,20,57.757,0.3951241,0.04147741,-0.776836,0.3196239,-0.6424147,0.6259308,0.3055399,
1,20,57.759,0.3950873,0.04146926,-0.7768052,0.3196034,-0.6424303,0.6259206,0.3055493,
1,20,57.761,0.3950873,0.04146926,-0.7768052,0.3196034,-0.6424303,0.6259206,0.3055493,
1,20,57.763,0.3950873,0.04146926,-0.7768052,0.3196034,-0.6424303,0.6259206,0.3055493,
1,20,57.765,0.3950873,0.04146926,-0.7768052,0.3196034,-0.6424303,0.6259206,0.3055493,
1,20,57.767,0.3950873,0.04146926,-0.7768052,0.3196034,-0.6424303,0.6259206,0.3055493,
1,20,57.769,0.3950784,0.04147606,-0.7768081,0.3195853,-0.6423974,0.6259321,0.305614,
1,20,57.771,0.3950784,0.04147606,-0.7768081,0.3195853,-0.6423974,0.6259321,0.305614,
1,20,57.773,0.3950784,0.04147606,-0.7768081,0.3195853,-0.6423974,0.6259321,0.305614,
1,20,57.775,0.3950784,0.04147606,-0.7768081,0.3195853,-0.6423974,0.6259321,0.305614,
1,20,57.777,0.3951249,0.0413513,-0.7769332,0.3196205,-0.6424104,0.6258498,0.3057184,
1,20,57.779,0.3951249,0.0413513,-0.7769332,0.3196205,-0.6424104,0.6258498,0.3057184,
1,20,57.781,0.3951249,0.0413513,-0.7769332,0.3196205,-0.6424104,0.6258498,0.3057184,
1,20,57.783,0.3951249,0.0413513,-0.7769332,0.3196205,-0.6424104,0.6258498,0.3057184,
1,20,57.785,0.3951928,0.04136659,-0.7769417,0.3196314,-0.6424496,0.6258492,0.3056257,
1,20,57.787,0.3951928,0.04136659,-0.7769417,0.3196314,-0.6424496,0.6258492,0.3056257,
1,20,57.789,0.3951928,0.04136659,-0.7769417,0.3196314,-0.6424496,0.6258492,0.3056257,
1,20,57.791,0.3951928,0.04136659,-0.7769417,0.3196314,-0.6424496,0.6258492,0.3056257,
1,20,57.793,0.3951226,0.04151294,-0.776858,0.3196314,-0.6423657,0.6259598,0.3055758,
1,20,57.795,0.3951226,0.04151294,-0.776858,0.3196314,-0.6423657,0.6259598,0.3055758,
1,20,57.797,0.3951226,0.04151294,-0.776858,0.3196314,-0.6423657,0.6259598,0.3055758,
1,20,57.799,0.3951226,0.04151294,-0.776858,0.3196314,-0.6423657,0.6259598,0.3055758,
1,20,57.801,0.3950686,0.04159052,-0.7768191,0.3196005,-0.6422976,0.6260197,0.3056285,
1,20,57.803,0.3950686,0.04159052,-0.7768191,0.3196005,-0.6422976,0.6260197,0.3056285,
1,20,57.805,0.3950686,0.04159052,-0.7768191,0.3196005,-0.6422976,0.6260197,0.3056285,
1,20,57.807,0.3950686,0.04159052,-0.7768191,0.3196005,-0.6422976,0.6260197,0.3056285,
1,20,57.809,0.3949694,0.04161506,-0.7767077,0.3195055,-0.6423061,0.6260765,0.3055936,
1,20,57.811,0.3949694,0.04161506,-0.7767077,0.3195055,-0.6423061,0.6260765,0.3055936,
1,20,57.813,0.3949694,0.04161506,-0.7767077,0.3195055,-0.6423061,0.6260765,0.3055936,
1,20,57.815,0.3949694,0.04161506,-0.7767077,0.3195055,-0.6423061,0.6260765,0.3055936,
1,20,57.817,0.3949694,0.04161506,-0.7767077,0.3195055,-0.6423061,0.6260765,0.3055936,
1,20,57.819,0.3948397,0.0415904,-0.776525,0.3193721,-0.6423628,0.6261225,0.3055195,
1,20,57.821,0.3948397,0.0415904,-0.776525,0.3193721,-0.6423628,0.6261225,0.3055195,
1,20,57.823,0.3948397,0.0415904,-0.776525,0.3193721,-0.6423628,0.6261225,0.3055195,
1,20,57.825,0.3948397,0.0415904,-0.776525,0.3193721,-0.6423628,0.6261225,0.3055195,
1,20,57.827,0.3947727,0.04146693,-0.7763643,0.3192628,-0.6424983,0.6260991,0.305397,
1,20,57.829,0.3947727,0.04146693,-0.7763643,0.3192628,-0.6424983,0.6260991,0.305397,
1,20,57.831,0.3947727,0.04146693,-0.7763643,0.3192628,-0.6424983,0.6260991,0.305397,
1,20,57.833,0.3947727,0.04146693,-0.7763643,0.3192628,-0.6424983,0.6260991,0.305397,
1,20,57.835,0.3947693,0.0414741,-0.7763252,0.3192635,-0.6425367,0.626111,0.3052909,
1,20,57.837,0.3947693,0.0414741,-0.7763252,0.3192635,-0.6425367,0.626111,0.3052909,
1,20,57.839,0.3947693,0.0414741,-0.7763252,0.3192635,-0.6425367,0.626111,0.3052909,
1,20,57.841,0.3947693,0.0414741,-0.7763252,0.3192635,-0.6425367,0.626111,0.3052909,
1,20,57.843,0.3947806,0.04151475,-0.7763751,0.319324,-0.6424588,0.626111,0.3053914,
1,20,57.845,0.3947806,0.04151475,-0.7763751,0.319324,-0.6424588,0.626111,0.3053914,
1,20,57.847,0.3947806,0.04151475,-0.7763751,0.319324,-0.6424588,0.626111,0.3053914,
1,20,57.849,0.3947806,0.04151475,-0.7763751,0.319324,-0.6424588,0.626111,0.3053914,
1,20,57.851,0.3947837,0.04154704,-0.7763454,0.3192951,-0.6424651,0.6261423,0.3053441,
1,20,57.853,0.3947837,0.04154704,-0.7763454,0.3192951,-0.6424651,0.6261423,0.3053441,
1,20,57.855,0.3947837,0.04154704,-0.7763454,0.3192951,-0.6424651,0.6261423,0.3053441,
1,20,57.857,0.3947837,0.04154704,-0.7763454,0.3192951,-0.6424651,0.6261423,0.3053441,
1,20,57.859,0.3947617,0.0414774,-0.7762918,0.3193143,-0.6425855,0.6260703,0.3052184,
1,20,57.861,0.3947617,0.0414774,-0.7762918,0.3193143,-0.6425855,0.6260703,0.3052184,
1,20,57.863,0.3947617,0.0414774,-0.7762918,0.3193143,-0.6425855,0.6260703,0.3052184,
1,20,57.865,0.3947617,0.0414774,-0.7762918,0.3193143,-0.6425855,0.6260703,0.3052184,
1,20,57.867,0.3947617,0.0414774,-0.7762918,0.3193143,-0.6425855,0.6260703,0.3052184,
1,20,57.869,0.3947673,0.04149035,-0.7763405,0.3193235,-0.6425178,0.6260881,0.3053147,
1,20,57.871,0.3947673,0.04149035,-0.7763405,0.3193235,-0.6425178,0.6260881,0.3053147,
1,20,57.873,0.3947673,0.04149035,-0.7763405,0.3193235,-0.6425178,0.6260881,0.3053147,
1,20,57.875,0.3947673,0.04149035,-0.7763405,0.3193235,-0.6425178,0.6260881,0.3053147,
1,20,57.877,0.3947926,0.04153343,-0.7763315,0.3193263,-0.6425107,0.626128,0.305245,
1,20,57.879,0.3947926,0.04153343,-0.7763315,0.3193263,-0.6425107,0.626128,0.305245,
1,20,57.881,0.3947926,0.04153343,-0.7763315,0.3193263,-0.6425107,0.626128,0.305245,
1,20,57.883,0.3947926,0.04153343,-0.7763315,0.3193263,-0.6425107,0.626128,0.305245,
1,20,57.885,0.3947505,0.041309,-0.7762043,0.3192617,-0.6426821,0.626025,0.3051628,
1,20,57.887,0.3947505,0.041309,-0.7762043,0.3192617,-0.6426821,0.626025,0.3051628,
1,20,57.889,0.3947505,0.041309,-0.7762043,0.3192617,-0.6426821,0.626025,0.3051628,
1,20,57.891,0.3947505,0.041309,-0.7762043,0.3192617,-0.6426821,0.626025,0.3051628,
1,20,57.893,0.3947432,0.04120315,-0.776173,0.3192467,-0.6427697,0.6259533,0.3051414,
1,20,57.895,0.3947432,0.04120315,-0.776173,0.3192467,-0.6427697,0.6259533,0.3051414,
1,20,57.897,0.3947432,0.04120315,-0.776173,0.3192467,-0.6427697,0.6259533,0.3051414,
1,20,57.899,0.3947432,0.04120315,-0.776173,0.3192467,-0.6427697,0.6259533,0.3051414,
1,20,57.901,0.3947431,0.04112934,-0.7762239,0.3192574,-0.6427833,0.6258733,0.3052655,
1,20,57.903,0.3947431,0.04112934,-0.7762239,0.3192574,-0.6427833,0.6258733,0.3052655,
1,20,57.905,0.3947431,0.04112934,-0.7762239,0.3192574,-0.6427833,0.6258733,0.3052655,
1,20,57.907,0.3947431,0.04112934,-0.7762239,0.3192574,-0.6427833,0.6258733,0.3052655,
1,20,57.909,0.3948178,0.04113837,-0.7763715,0.3193331,-0.642724,0.6258329,0.3053938,
1,20,57.911,0.3948178,0.04113837,-0.7763715,0.3193331,-0.642724,0.6258329,0.3053938,
1,20,57.913,0.3948178,0.04113837,-0.7763715,0.3193331,-0.642724,0.6258329,0.3053938,
1,20,57.915,0.3948178,0.04113837,-0.7763715,0.3193331,-0.642724,0.6258329,0.3053938,
1,20,57.917,0.3948178,0.04113837,-0.7763715,0.3193331,-0.642724,0.6258329,0.3053938,
1,20,57.919,0.3949204,0.04119971,-0.7764875,0.3194358,-0.6426532,0.6258375,0.3054262,
1,20,57.921,0.3949204,0.04119971,-0.7764875,0.3194358,-0.6426532,0.6258375,0.3054262,
1,20,57.923,0.3949204,0.04119971,-0.7764875,0.3194358,-0.6426532,0.6258375,0.3054262,
1,20,57.925,0.3949204,0.04119971,-0.7764875,0.3194358,-0.6426532,0.6258375,0.3054262,
1,20,57.927,0.3949954,0.04134139,-0.7766491,0.3195283,-0.6425135,0.6258903,0.3055151,
1,20,57.929,0.3949954,0.04134139,-0.7766491,0.3195283,-0.6425135,0.6258903,0.3055151,
1,20,57.931,0.3949954,0.04134139,-0.7766491,0.3195283,-0.6425135,0.6258903,0.3055151,
1,20,57.933,0.3949954,0.04134139,-0.7766491,0.3195283,-0.6425135,0.6258903,0.3055151,
1,20,57.935,0.3950832,0.04141758,-0.7767481,0.3195753,-0.6424723,0.6259235,0.3054846,
1,20,57.937,0.3950832,0.04141758,-0.7767481,0.3195753,-0.6424723,0.6259235,0.3054846,
1,20,57.939,0.3950832,0.04141758,-0.7767481,0.3195753,-0.6424723,0.6259235,0.3054846,
1,20,57.941,0.3950832,0.04141758,-0.7767481,0.3195753,-0.6424723,0.6259235,0.3054846,
1,20,57.943,0.3950194,0.04141933,-0.7767192,0.3195682,-0.6424488,0.6259258,0.3055363,
1,20,57.945,0.3950194,0.04141933,-0.7767192,0.3195682,-0.6424488,0.6259258,0.3055363,
1,20,57.947,0.3950194,0.04141933,-0.7767192,0.3195682,-0.6424488,0.6259258,0.3055363,
1,20,57.949,0.3950194,0.04141933,-0.7767192,0.3195682,-0.6424488,0.6259258,0.3055363,
1,20,57.951,0.3950882,0.04136864,-0.7768548,0.3195958,-0.6424426,0.6258756,0.3056235,
1,20,57.953,0.3950882,0.04136864,-0.7768548,0.3195958,-0.6424426,0.6258756,0.3056235,
1,20,57.955,0.3950882,0.04136864,-0.7768548,0.3195958,-0.6424426,0.6258756,0.3056235,
1,20,57.957,0.3950882,0.04136864,-0.7768548,0.3195958,-0.6424426,0.6258756,0.3056235,
1,20,57.959,0.3951204,0.04138654,-0.7769288,0.3196411,-0.642388,0.6258684,0.3057055,
1,20,57.961,0.3951204,0.04138654,-0.7769288,0.3196411,-0.642388,0.6258684,0.3057055,
1,20,57.963,0.3951204,0.04138654,-0.7769288,0.3196411,-0.642388,0.6258684,0.3057055,
1,20,57.965,0.3951204,0.04138654,-0.7769288,0.3196411,-0.642388,0.6258684,0.3057055,
1,20,57.967,0.3951204,0.04138654,-0.7769288,0.3196411,-0.642388,0.6258684,0.3057055,
1,20,57.969,0.3951417,0.04137998,-0.7769154,0.3196126,-0.6424084,0.6258632,0.3057033,
1,20,57.971,0.3951417,0.04137998,-0.7769154,0.3196126,-0.6424084,0.6258632,0.3057033,
1,20,57.973,0.3951417,0.04137998,-0.7769154,0.3196126,-0.6424084,0.6258632,0.3057033,
1,20,57.975,0.3951417,0.04137998,-0.7769154,0.3196126,-0.6424084,0.6258632,0.3057033,
1,20,57.977,0.3951283,0.04139968,-0.776911,0.3196612,-0.6424052,0.6258558,0.3056746,
1,20,57.979,0.3951283,0.04139968,-0.776911,0.3196612,-0.6424052,0.6258558,0.3056746,
1,20,57.981,0.3951283,0.04139968,-0.776911,0.3196612,-0.6424052,0.6258558,0.3056746,
1,20,57.983,0.3951283,0.04139968,-0.776911,0.3196612,-0.6424052,0.6258558,0.3056746,
1,20,57.985,0.3951119,0.04146326,-0.7768526,0.3196392,-0.6424189,0.6259072,0.3055634,
1,20,57.987,0.3951119,0.04146326,-0.7768526,0.3196392,-0.6424189,0.6259072,0.3055634,
1,20,57.989,0.3951119,0.04146326,-0.7768526,0.3196392,-0.6424189,0.6259072,0.3055634,
1,20,57.991,0.3951119,0.04146326,-0.7768526,0.3196392,-0.6424189,0.6259072,0.3055634,
1,20,57.993,0.3950998,0.04153227,-0.7767924,0.3196151,-0.6423926,0.6259654,0.3055246,
1,20,57.995,0.3950998,0.04153227,-0.7767924,0.3196151,-0.6423926,0.6259654,0.3055246,
1,20,57.997,0.3950998,0.04153227,-0.7767924,0.3196151,-0.6423926,0.6259654,0.3055246,
1,20,57.999,0.3950998,0.04153227,-0.7767924,0.3196151,-0.6423926,0.6259654,0.3055246,
1,20,58.001,0.3950828,0.04158605,-0.7767441,0.3195703,-0.6423042,0.626054,0.3055757,
1,20,58.003,0.3950828,0.04158605,-0.7767441,0.3195703,-0.6423042,0.626054,0.3055757,
1,20,58.005,0.3950828,0.04158605,-0.7767441,0.3195703,-0.6423042,0.626054,0.3055757,
1,20,58.007,0.3950828,0.04158605,-0.7767441,0.3195703,-0.6423042,0.626054,0.3055757,
1,20,58.009,0.3950925,0.04138587,-0.776863,0.3196288,-0.6424435,0.6258603,0.3056186,
1,20,58.011,0.3950925,0.04138587,-0.776863,0.3196288,-0.6424435,0.6258603,0.3056186,
1,20,58.013,0.3950925,0.04138587,-0.776863,0.3196288,-0.6424435,0.6258603,0.3056186,
1,20,58.015,0.3950925,0.04138587,-0.776863,0.3196288,-0.6424435,0.6258603,0.3056186,
1,20,58.017,0.3950925,0.04138587,-0.776863,0.3196288,-0.6424435,0.6258603,0.3056186,
1,20,58.019,0.3950911,0.04140884,-0.776865,0.319616,-0.6424099,0.6258895,0.3056428,
1,20,58.021,0.3950911,0.04140884,-0.776865,0.319616,-0.6424099,0.6258895,0.3056428,
1,20,58.023,0.3950911,0.04140884,-0.776865,0.319616,-0.6424099,0.6258895,0.3056428,
1,20,58.025,0.3950911,0.04140884,-0.776865,0.319616,-0.6424099,0.6258895,0.3056428,
1,20,58.027,0.3951143,0.04144028,-0.7768297,0.3196048,-0.6424193,0.625916,0.3055804,
1,20,58.029,0.3951143,0.04144028,-0.7768297,0.3196048,-0.6424193,0.625916,0.3055804,
1,20,58.031,0.3951143,0.04144028,-0.7768297,0.3196048,-0.6424193,0.625916,0.3055804,
1,20,58.033,0.3951143,0.04144028,-0.7768297,0.3196048,-0.6424193,0.625916,0.3055804,
1,20,58.035,0.3951274,0.04139092,-0.7769085,0.3196411,-0.6424097,0.6258675,0.3056619,
1,20,58.037,0.3951274,0.04139092,-0.7769085,0.3196411,-0.6424097,0.6258675,0.3056619,
1,20,58.039,0.3951274,0.04139092,-0.7769085,0.3196411,-0.6424097,0.6258675,0.3056619,
1,20,58.041,0.3951274,0.04139092,-0.7769085,0.3196411,-0.6424097,0.6258675,0.3056619,
1,20,58.043,0.3951728,0.04133287,-0.776958,0.3196902,-0.6424347,0.6258082,0.3056797,
1,20,58.045,0.3951728,0.04133287,-0.776958,0.3196902,-0.6424347,0.6258082,0.3056797,
1,20,58.047,0.3951728,0.04133287,-0.776958,0.3196902,-0.6424347,0.6258082,0.3056797,
1,20,58.049,0.3951728,0.04133287,-0.776958,0.3196902,-0.6424347,0.6258082,0.3056797,
1,20,58.051,0.3951103,0.04146612,-0.7768314,0.3195971,-0.6424115,0.625949,0.305537,
1,20,58.053,0.3951103,0.04146612,-0.7768314,0.3195971,-0.6424115,0.625949,0.305537,
1,20,58.055,0.3951103,0.04146612,-0.7768314,0.3195971,-0.6424115,0.625949,0.305537,
1,20,58.057,0.3951103,0.04146612,-0.7768314,0.3195971,-0.6424115,0.625949,0.305537,
1,20,58.059,0.3950901,0.04140173,-0.7768353,0.3195898,-0.6424768,0.6259069,0.3054938,
1,20,58.061,0.3950901,0.04140173,-0.7768353,0.3195898,-0.6424768,0.6259069,0.3054938,
1,20,58.063,0.3950901,0.04140173,-0.7768353,0.3195898,-0.6424768,0.6259069,0.3054938,
1,20,58.065,0.3950901,0.04140173,-0.7768353,0.3195898,-0.6424768,0.6259069,0.3054938,
1,20,58.067,0.3950901,0.04140173,-0.7768353,0.3195898,-0.6424768,0.6259069,0.3054938,
1,20,58.069,0.3951271,0.04136109,-0.7769102,0.3196194,-0.6424348,0.6258557,0.3056559,
1,20,58.071,0.3951271,0.04136109,-0.7769102,0.3196194,-0.6424348,0.6258557,0.3056559,
1,20,58.073,0.3951271,0.04136109,-0.7769102,0.3196194,-0.6424348,0.6258557,0.3056559,
1,20,58.075,0.3951271,0.04136109,-0.7769102,0.3196194,-0.6424348,0.6258557,0.3056559,
1,20,58.077,0.3951172,0.04141742,-0.7768803,0.3195973,-0.6424142,0.6258904,0.3056516,
1,20,58.079,0.3951172,0.04141742,-0.7768803,0.3195973,-0.6424142,0.6258904,0.3056516,
1,20,58.081,0.3951172,0.04141742,-0.7768803,0.3195973,-0.6424142,0.6258904,0.3056516,
1,20,58.083,0.3951172,0.04141742,-0.7768803,0.3195973,-0.6424142,0.6258904,0.3056516,
1,20,58.085,0.395102,0.04146289,-0.7768615,0.3196142,-0.6423622,0.6259243,0.3056737,
1,20,58.087,0.395102,0.04146289,-0.7768615,0.3196142,-0.6423622,0.6259243,0.3056737,
1,20,58.089,0.395102,0.04146289,-0.7768615,0.3196142,-0.6423622,0.6259243,0.3056737,
1,20,58.091,0.395102,0.04146289,-0.7768615,0.3196142,-0.6423622,0.6259243,0.3056737,
1,20,58.093,0.3951483,0.04140851,-0.7768871,0.3196552,-0.6424304,0.6258633,0.3056124,
1,20,58.095,0.3951483,0.04140851,-0.7768871,0.3196552,-0.6424304,0.6258633,0.3056124,
1,20,58.097,0.3951483,0.04140851,-0.7768871,0.3196552,-0.6424304,0.6258633,0.3056124,
1,20,58.099,0.3951483,0.04140851,-0.7768871,0.3196552,-0.6424304,0.6258633,0.3056124,
1,20,58.101,0.3951212,0.0414894,-0.7768261,0.3196132,-0.6423988,0.6259511,0.3055426,
1,20,58.103,0.3951212,0.0414894,-0.7768261,0.3196132,-0.6423988,0.6259511,0.3055426,
1,20,58.105,0.3951212,0.0414894,-0.7768261,0.3196132,-0.6423988,0.6259511,0.3055426,
1,20,58.107,0.3951212,0.0414894,-0.7768261,0.3196132,-0.6423988,0.6259511,0.3055426,
1,20,58.109,0.3951571,0.04153649,-0.7768573,0.3196662,-0.6423408,0.6259801,0.3055497,
1,20,58.111,0.3951571,0.04153649,-0.7768573,0.3196662,-0.6423408,0.6259801,0.3055497,
1,20,58.113,0.3951571,0.04153649,-0.7768573,0.3196662,-0.6423408,0.6259801,0.3055497,
1,20,58.115,0.3951571,0.04153649,-0.7768573,0.3196662,-0.6423408,0.6259801,0.3055497,
1,20,58.117,0.3951571,0.04153649,-0.7768573,0.3196662,-0.6423408,0.6259801,0.3055497,
1,20,58.119,0.3951087,0.04153949,-0.7768508,0.3196377,-0.6423274,0.6259714,0.3056258,
1,20,58.121,0.3951087,0.04153949,-0.7768508,0.3196377,-0.6423274,0.6259714,0.3056258,
1,20,58.123,0.3951087,0.04153949,-0.7768508,0.3196377,-0.6423274,0.6259714,0.3056258,
1,20,58.125,0.3951087,0.04153949,-0.7768508,0.3196377,-0.6423274,0.6259714,0.3056258,
1,20,58.127,0.3951018,0.04149991,-0.7768433,0.3196227,-0.6423594,0.6259617,0.3055939,
1,20,58.129,0.3951018,0.04149991,-0.7768433,0.3196227,-0.6423594,0.6259617,0.3055939,
1,20,58.131,0.3951018,0.04149991,-0.7768433,0.3196227,-0.6423594,0.6259617,0.3055939,
1,20,58.133,0.3951018,0.04149991,-0.7768433,0.3196227,-0.6423594,0.6259617,0.3055939,
1,20,58.135,0.3950962,0.04141598,-0.7768351,0.3195868,-0.642435,0.625892,0.3056157,
1,20,58.137,0.3950962,0.04141598,-0.7768351,0.3195868,-0.642435,0.625892,0.3056157,
1,20,58.139,0.3950962,0.04141598,-0.7768351,0.3195868,-0.642435,0.625892,0.3056157,
1,20,58.141,0.3950962,0.04141598,-0.7768351,0.3195868,-0.642435,0.625892,0.3056157,
1,20,58.143,0.3951314,0.04146257,-0.776786,0.319597,-0.6424409,0.6259298,0.3055152,
1,20,58.145,0.3951314,0.04146257,-0.776786,0.319597,-0.6424409,0.6259298,0.3055152,
1,20,58.147,0.3951314,0.04146257,-0.776786,0.319597,-0.6424409,0.6259298,0.3055152,
1,20,58.149,0.3951314,0.04146257,-0.776786,0.319597,-0.6424409,0.6259298,0.3055152,
1,20,58.151,0.395065,0.04142934,-0.7767707,0.3195351,-0.6424521,0.6259391,0.3055372,
1,20,58.153,0.395065,0.04142934,-0.7767707,0.3195351,-0.6424521,0.6259391,0.3055372,
1,20,58.155,0.395065,0.04142934,-0.7767707,0.3195351,-0.6424521,0.6259391,0.3055372,
1,20,58.157,0.395065,0.04142934,-0.7767707,0.3195351,-0.6424521,0.6259391,0.3055372,
1,20,58.159,0.3950935,0.0414368,-0.7768251,0.3196039,-0.6424258,0.6259285,0.3055421,
1,20,58.161,0.3950935,0.0414368,-0.7768251,0.3196039,-0.6424258,0.6259285,0.3055421,
1,20,58.163,0.3950935,0.0414368,-0.7768251,0.3196039,-0.6424258,0.6259285,0.3055421,
1,20,58.165,0.3950935,0.0414368,-0.7768251,0.3196039,-0.6424258,0.6259285,0.3055421,
1,20,58.167,0.3950935,0.0414368,-0.7768251,0.3196039,-0.6424258,0.6259285,0.3055421,
1,20,58.169,0.3951116,0.04144406,-0.7768363,0.3195961,-0.6424186,0.6259162,0.3055905,
1,20,58.171,0.3951116,0.04144406,-0.7768363,0.3195961,-0.6424186,0.6259162,0.3055905,
1,20,58.173,0.3951116,0.04144406,-0.7768363,0.3195961,-0.6424186,0.6259162,0.3055905,
1,20,58.175,0.3951116,0.04144406,-0.7768363,0.3195961,-0.6424186,0.6259162,0.3055905,
1,20,58.177,0.3950692,0.04146321,-0.7767878,0.3195729,-0.6424031,0.6259455,0.3055875,
1,20,58.179,0.3950692,0.04146321,-0.7767878,0.3195729,-0.6424031,0.6259455,0.3055875,
1,20,58.181,0.3950692,0.04146321,-0.7767878,0.3195729,-0.6424031,0.6259455,0.3055875,CourtEnter
1,20,58.183,0.3950692,0.04146321,-0.7767878,0.3195729,-0.6424031,0.6259455,0.3055875,
1,20,58.185,0.3950732,0.04138552,-0.7768616,0.3196115,-0.64242,0.6258817,0.3056422,
1,20,58.187,0.3950732,0.04138552,-0.7768616,0.3196115,-0.64242,0.6258817,0.3056422,
1,20,58.189,0.3950732,0.04138552,-0.7768616,0.3196115,-0.64242,0.6258817,0.3056422,CourtExit
1,20,58.191,0.3950732,0.04138552,-0.7768616,0.3196115,-0.64242,0.6258817,0.3056422,
1,20,58.193,0.3951286,0.04141318,-0.7768793,0.3196414,-0.6424012,0.6258827,0.3056485,
1,20,58.195,0.3951286,0.04141318,-0.7768793,0.3196414,-0.6424012,0.6258827,0.3056485,
1,20,58.197,0.3951286,0.04141318,-0.7768793,0.3196414,-0.6424012,0.6258827,0.3056485,
1,20,58.199,0.3951286,0.04141318,-0.7768793,0.3196414,-0.6424012,0.6258827,0.3056485,
1,20,58.201,0.3951437,0.04140491,-0.7768877,0.3196866,-0.6424217,0.6258559,0.3056132,
1,20,58.203,0.3951437,0.04140491,-0.7768877,0.3196866,-0.6424217,0.6258559,0.3056132,
1,20,58.205,0.3951437,0.04140491,-0.7768877,0.3196866,-0.6424217,0.6258559,0.3056132,
1,20,58.207,0.3951437,0.04140491,-0.7768877,0.3196866,-0.6424217,0.6258559,0.3056132,
1,20,58.209,0.3950784,0.04147533,-0.7768025,0.319664,-0.6424139,0.6259009,0.3055608,
1,20,58.211,0.3950784,0.04147533,-0.7768025,0.319664,-0.6424139,0.6259009,0.3055608,
1,20,58.213,0.3950784,0.04147533,-0.7768025,0.319664,-0.6424139,0.6259009,0.3055608,
1,20,58.215,0.3950784,0.04147533,-0.7768025,0.319664,-0.6424139,0.6259009,0.3055608,
1,20,58.217,0.3950784,0.04147533,-0.7768025,0.319664,-0.6424139,0.6259009,0.3055608,
1,20,58.219,0.3950601,0.04146176,-0.7767797,0.3196231,-0.6424044,0.6259273,0.3055696,
1,20,58.221,0.3950601,0.04146176,-0.7767797,0.3196231,-0.6424044,0.6259273,0.3055696,
1,20,58.223,0.3950601,0.04146176,-0.7767797,0.3196231,-0.6424044,0.6259273,0.3055696,
1,20,58.225,0.3950601,0.04146176,-0.7767797,0.3196231,-0.6424044,0.6259273,0.3055696,
1,20,58.227,0.3951086,0.04146839,-0.7768325,0.3196486,-0.6423894,0.625919,0.3055915,
1,20,58.229,0.3951086,0.04146839,-0.7768325,0.3196486,-0.6423894,0.625919,0.3055915,
1,20,58.231,0.3951086,0.04146839,-0.7768325,0.3196486,-0.6423894,0.625919,0.3055915,
1,20,58.233,0.3951086,0.04146839,-0.7768325,0.3196486,-0.6423894,0.625919,0.3055915,
1,20,58.235,0.3951522,0.04148362,-0.776877,0.3196338,-0.6423759,0.6259413,0.3055894,
1,20,58.237,0.3951522,0.04148362,-0.776877,0.3196338,-0.6423759,0.6259413,0.3055894,
1,20,58.239,0.3951522,0.04148362,-0.776877,0.3196338,-0.6423759,0.6259413,0.3055894,
1,20,58.241,0.3951522,0.04148362,-0.776877,0.3196338,-0.6423759,0.6259413,0.3055894,
1,20,58.243,0.3951184,0.04137547,-0.776893,0.3196323,-0.6424408,0.6258645,0.3056119,
1,20,58.245,0.3951184,0.04137547,-0.776893,0.3196323,-0.6424408,0.6258645,0.3056119,
1,20,58.247,0.3951184,0.04137547,-0.776893,0.3196323,-0.6424408,0.6258645,0.3056119,
1,20,58.249,0.3951184,0.04137547,-0.776893,0.3196323,-0.6424408,0.6258645,0.3056119,
1,20,58.251,0.3951435,0.04143694,-0.776917,0.3196807,-0.6423846,0.6258785,0.3056507,
1,20,58.253,0.3951435,0.04143694,-0.776917,0.3196807,-0.6423846,0.6258785,0.3056507,
1,20,58.255,0.3951435,0.04143694,-0.776917,0.3196807,-0.6423846,0.6258785,0.3056507,
1,20,58.257,0.3951435,0.04143694,-0.776917,0.3196807,-0.6423846,0.6258785,0.3056507,
1,20,58.259,0.3950761,0.04142556,-0.776817,0.3195814,-0.6424183,0.6259108,0.3056177,
1,20,58.261,0.3950761,0.04142556,-0.776817,0.3195814,-0.6424183,0.6259108,0.3056177,
1,20,58.263,0.3950761,0.04142556,-0.776817,0.3195814,-0.6424183,0.6259108,0.3056177,
1,20,58.265,0.3950761,0.04142556,-0.776817,0.3195814,-0.6424183,0.6259108,0.3056177,
1,20,58.267,0.3950761,0.04142556,-0.776817,0.3195814,-0.6424183,0.6259108,0.3056177,
1,20,58.269,0.3950674,0.04141185,-0.7767839,0.3195753,-0.6424432,0.6259228,0.3055471,
1,20,58.271,0.3950674,0.04141185,-0.7767839,0.3195753,-0.6424432,0.6259228,0.3055471,
1,20,58.273,0.3950674,0.04141185,-0.7767839,0.3195753,-0.6424432,0.6259228,0.3055471,
1,20,58.275,0.3950674,0.04141185,-0.7767839,0.3195753,-0.6424432,0.6259228,0.3055471,
1,20,58.277,0.3950997,0.04150825,-0.7767807,0.3195798,-0.6424,0.6260004,0.3054743,
1,20,58.279,0.3950997,0.04150825,-0.7767807,0.3195798,-0.6424,0.6260004,0.3054743,
1,20,58.281,0.3950997,0.04150825,-0.7767807,0.3195798,-0.6424,0.6260004,0.3054743,
1,20,58.283,0.3950997,0.04150825,-0.7767807,0.3195798,-0.6424,0.6260004,0.3054743,
1,20,58.285,0.395082,0.04153099,-0.7768028,0.3195938,-0.6423735,0.6259957,0.3055252,
1,20,58.287,0.395082,0.04153099,-0.7768028,0.3195938,-0.6423735,0.6259957,0.3055252,
1,20,58.289,0.395082,0.04153099,-0.7768028,0.3195938,-0.6423735,0.6259957,0.3055252,
1,20,58.291,0.395082,0.04153099,-0.7768028,0.3195938,-0.6423735,0.6259957,0.3055252,
1,20,58.293,0.3950538,0.04148357,-0.7767992,0.3195727,-0.6423866,0.6259616,0.3055896,
1,20,58.295,0.3950538,0.04148357,-0.7767992,0.3195727,-0.6423866,0.6259616,0.3055896,
1,20,58.297,0.3950538,0.04148357,-0.7767992,0.3195727,-0.6423866,0.6259616,0.3055896,
1,20,58.299,0.3950538,0.04148357,-0.7767992,0.3195727,-0.6423866,0.6259616,0.3055896,
1,20,58.301,0.3950909,0.04146832,-0.7768191,0.3196127,-0.6423879,0.6259336,0.3056023,
1,20,58.303,0.3950909,0.04146832,-0.7768191,0.3196127,-0.6423879,0.6259336,0.3056023,
1,20,58.305,0.3950909,0.04146832,-0.7768191,0.3196127,-0.6423879,0.6259336,0.3056023,
1,20,58.307,0.3950909,0.04146832,-0.7768191,0.3196127,-0.6423879,0.6259336,0.3056023,
1,20,58.309,0.3950895,0.04145634,-0.7768201,0.3196352,-0.6424068,0.6259097,0.3055877,
1,20,58.311,0.3950895,0.04145634,-0.7768201,0.3196352,-0.6424068,0.6259097,0.3055877,
1,20,58.313,0.3950895,0.04145634,-0.7768201,0.3196352,-0.6424068,0.6259097,0.3055877,
1,20,58.315,0.3950895,0.04145634,-0.7768201,0.3196352,-0.6424068,0.6259097,0.3055877,
1,20,58.317,0.3950895,0.04145634,-0.7768201,0.3196352,-0.6424068,0.6259097,0.3055877,
1,20,58.319,0.3950889,0.04146845,-0.7768371,0.3195943,-0.6423812,0.6259492,0.3056035,
1,20,58.321,0.3950889,0.04146845,-0.7768371,0.3195943,-0.6423812,0.6259492,0.3056035,
1,20,58.323,0.3950889,0.04146845,-0.7768371,0.3195943,-0.6423812,0.6259492,0.3056035,
1,20,58.325,0.3950889,0.04146845,-0.7768371,0.3195943,-0.6423812,0.6259492,0.3056035,
1,20,58.327,0.3950752,0.04142661,-0.776807,0.3195647,-0.6424206,0.6259362,0.3055784,
1,20,58.329,0.3950752,0.04142661,-0.776807,0.3195647,-0.6424206,0.6259362,0.3055784,
1,20,58.331,0.3950752,0.04142661,-0.776807,0.3195647,-0.6424206,0.6259362,0.3055784,
1,20,58.333,0.3950752,0.04142661,-0.776807,0.3195647,-0.6424206,0.6259362,0.3055784,
1,20,58.335,0.3951181,0.04145687,-0.7768178,0.3196246,-0.6424403,0.6259305,0.3054859,
1,20,58.337,0.3951181,0.04145687,-0.7768178,0.3196246,-0.6424403,0.6259305,0.3054859,
1,20,58.339,0.3951181,0.04145687,-0.7768178,0.3196246,-0.6424403,0.6259305,0.3054859,
1,20,58.341,0.3951181,0.04145687,-0.7768178,0.3196246,-0.6424403,0.6259305,0.3054859,
1,20,58.343,0.3951141,0.04143771,-0.7768525,0.3196588,-0.6424217,0.6259013,0.305549,
1,20,58.345,0.3951141,0.04143771,-0.7768525,0.3196588,-0.6424217,0.6259013,0.305549,
1,20,58.347,0.3951141,0.04143771,-0.7768525,0.3196588,-0.6424217,0.6259013,0.305549,
1,20,58.349,0.3951141,0.04143771,-0.7768525,0.3196588,-0.6424217,0.6259013,0.305549,
1,20,58.351,0.3950442,0.04146631,-0.7768033,0.3195817,-0.6423903,0.625936,0.3056245,
1,20,58.353,0.3950442,0.04146631,-0.7768033,0.3195817,-0.6423903,0.625936,0.3056245,
1,20,58.355,0.3950442,0.04146631,-0.7768033,0.3195817,-0.6423903,0.625936,0.3056245,
1,20,58.357,0.3950442,0.04146631,-0.7768033,0.3195817,-0.6423903,0.625936,0.3056245,
1,20,58.359,0.3950258,0.04143308,-0.7767515,0.3195109,-0.642445,0.625972,0.30551,
1,20,58.361,0.3950258,0.04143308,-0.7767515,0.3195109,-0.642445,0.625972,0.30551,
1,20,58.363,0.3950258,0.04143308,-0.7767515,0.3195109,-0.642445,0.625972,0.30551,
1,20,58.365,0.3950258,0.04143308,-0.7767515,0.3195109,-0.642445,0.625972,0.30551,
1,20,58.367,0.3950258,0.04143308,-0.7767515,0.3195109,-0.642445,0.625972,0.30551,
1,20,58.369,0.3950807,0.04150171,-0.7767876,0.3195718,-0.642396,0.6259872,0.3055181,
1,20,58.371,0.3950807,0.04150171,-0.7767876,0.3195718,-0.642396,0.6259872,0.3055181,
1,20,58.373,0.3950807,0.04150171,-0.7767876,0.3195718,-0.642396,0.6259872,0.3055181,
1,20,58.375,0.3950807,0.04150171,-0.7767876,0.3195718,-0.642396,0.6259872,0.3055181,
1,20,58.377,0.3951246,0.04148738,-0.7768431,0.3196112,-0.6423731,0.6259671,0.3055662,
1,20,58.379,0.3951246,0.04148738,-0.7768431,0.3196112,-0.6423731,0.6259671,0.3055662,
1,20,58.381,0.3951246,0.04148738,-0.7768431,0.3196112,-0.6423731,0.6259671,0.3055662,
1,20,58.383,0.3951246,0.04148738,-0.7768431,0.3196112,-0.6423731,0.6259671,0.3055662,
1,20,58.385,0.3951052,0.04147921,-0.7768617,0.3196359,-0.6423622,0.6259447,0.3056093,
1,20,58.387,0.3951052,0.04147921,-0.7768617,0.3196359,-0.6423622,0.6259447,0.3056093,
1,20,58.389,0.3951052,0.04147921,-0.7768617,0.3196359,-0.6423622,0.6259447,0.3056093,
1,20,58.391,0.3951052,0.04147921,-0.7768617,0.3196359,-0.6423622,0.6259447,0.3056093,
1,20,58.393,0.3951064,0.04151738,-0.7768481,0.3196344,-0.6423288,0.6259677,0.3056338,
1,20,58.395,0.3951064,0.04151738,-0.7768481,0.3196344,-0.6423288,0.6259677,0.3056338,
1,20,58.397,0.3951064,0.04151738,-0.7768481,0.3196344,-0.6423288,0.6259677,0.3056338,
1,20,58.399,0.3951064,0.04151738,-0.7768481,0.3196344,-0.6423288,0.6259677,0.3056338,
1,20,58.401,0.3950851,0.04146577,-0.7768261,0.3196421,-0.6424155,0.6259208,0.3055395,
1,20,58.403,0.3950851,0.04146577,-0.7768261,0.3196421,-0.6424155,0.6259208,0.3055395,
1,20,58.405,0.3950851,0.04146577,-0.7768261,0.3196421,-0.6424155,0.6259208,0.3055395,
1,20,58.407,0.3950851,0.04146577,-0.7768261,0.3196421,-0.6424155,0.6259208,0.3055395,
1,20,58.409,0.3950776,0.04156042,-0.7767609,0.3196197,-0.6423794,0.6259995,0.3054778,
1,20,58.411,0.3950776,0.04156042,-0.7767609,0.3196197,-0.6423794,0.6259995,0.3054778,
1,20,58.413,0.3950776,0.04156042,-0.7767609,0.3196197,-0.6423794,0.6259995,0.3054778,
1,20,58.415,0.3950776,0.04156042,-0.7767609,0.3196197,-0.6423794,0.6259995,0.3054778,
1,20,58.417,0.3950776,0.04156042,-0.7767609,0.3196197,-0.6423794,0.6259995,0.3054778,
1,20,58.419,0.3950672,0.04149127,-0.7767736,0.3196025,-0.6424342,0.6259507,0.3054804,
1,20,58.421,0.3950672,0.04149127,-0.7767736,0.3196025,-0.6424342,0.6259507,0.3054804,
1,20,58.423,0.3950672,0.04149127,-0.7767736,0.3196025,-0.6424342,0.6259507,0.3054804,
1,20,58.425,0.3950672,0.04149127,-0.7767736,0.3196025,-0.6424342,0.6259507,0.3054804,
1,20,58.427,0.3950927,0.04140951,-0.7768569,0.3196672,-0.6424201,0.625876,0.3055954,
1,20,58.429,0.3950927,0.04140951,-0.7768569,0.3196672,-0.6424201,0.625876,0.3055954,
1,20,58.431,0.3950927,0.04140951,-0.7768569,0.3196672,-0.6424201,0.625876,0.3055954,
1,20,58.433,0.3950927,0.04140951,-0.7768569,0.3196672,-0.6424201,0.625876,0.3055954,
1,20,58.435,0.3950743,0.04146647,-0.7768081,0.3196214,-0.6424086,0.6259371,0.3055424,
1,20,58.437,0.3950743,0.04146647,-0.7768081,0.3196214,-0.6424086,0.6259371,0.3055424,
1,20,58.439,0.3950743,0.04146647,-0.7768081,0.3196214,-0.6424086,0.6259371,0.3055424,
1,20,58.441,0.3950743,0.04146647,-0.7768081,0.3196214,-0.6424086,0.6259371,0.3055424,
1,20,58.443,0.3951083,0.04141265,-0.7768252,0.3196208,-0.6424752,0.625909,0.3054605,
1,20,58.445,0.3951083,0.04141265,-0.7768252,0.3196208,-0.6424752,0.625909,0.3054605,
1,20,58.447,0.3951083,0.04141265,-0.7768252,0.3196208,-0.6424752,0.625909,0.3054605,
1,20,58.449,0.3951083,0.04141265,-0.7768252,0.3196208,-0.6424752,0.625909,0.3054605,
1,20,58.451,0.3951054,0.0414774,-0.7768103,0.3196545,-0.6424253,0.625929,0.3054894,
1,20,58.453,0.3951054,0.0414774,-0.7768103,0.3196545,-0.6424253,0.625929,0.3054894,
1,20,58.455,0.3951054,0.0414774,-0.7768103,0.3196545,-0.6424253,0.625929,0.3054894,
1,20,58.457,0.3951054,0.0414774,-0.7768103,0.3196545,-0.6424253,0.625929,0.3054894,
1,20,58.459,0.395118,0.04142331,-0.776853,0.3196737,-0.6424205,0.6258797,0.3055806,
1,20,58.461,0.395118,0.04142331,-0.776853,0.3196737,-0.6424205,0.6258797,0.3055806,
1,20,58.463,0.395118,0.04142331,-0.776853,0.3196737,-0.6424205,0.6258797,0.3055806,
1,20,58.465,0.395118,0.04142331,-0.776853,0.3196737,-0.6424205,0.6258797,0.3055806,
1,20,58.467,0.395118,0.04142331,-0.776853,0.3196737,-0.6424205,0.6258797,0.3055806,
1,20,58.469,0.3950949,0.04144333,-0.7768417,0.3196587,-0.6424081,0.6258993,0.3055816,
1,20,58.471,0.3950949,0.04144333,-0.7768417,0.3196587,-0.6424081,0.6258993,0.3055816,
1,20,58.473,0.3950949,0.04144333,-0.7768417,0.3196587,-0.6424081,0.6258993,0.3055816,
1,20,58.475,0.3950949,0.04144333,-0.7768417,0.3196587,-0.6424081,0.6258993,0.3055816,
1,20,58.477,0.3950989,0.04150296,-0.7768281,0.3196459,-0.6423635,0.6259508,0.3055835,
1,20,58.479,0.3950989,0.04150296,-0.7768281,0.3196459,-0.6423635,0.6259508,0.3055835,
1,20,58.481,0.3950989,0.04150296,-0.7768281,0.3196459,-0.6423635,0.6259508,0.3055835,
1,20,58.483,0.3950989,0.04150296,-0.7768281,0.3196459,-0.6423635,0.6259508,0.3055835,
1,20,58.485,0.3950747,0.04150417,-0.7767717,0.3195735,-0.6423776,0.6259953,0.3055386,
1,20,58.487,0.3950747,0.04150417,-0.7767717,0.3195735,-0.6423776,0.6259953,0.3055386,
1,20,58.489,0.3950747,0.04150417,-0.7767717,0.3195735,-0.6423776,0.6259953,0.3055386,
1,20,58.491,0.3950747,0.04150417,-0.7767717,0.3195735,-0.6423776,0.6259953,0.3055386,
1,20,58.493,0.3951027,0.04143312,-0.7768147,0.319631,-0.6424379,0.6259238,0.3054981,
1,20,58.495,0.3951027,0.04143312,-0.7768147,0.319631,-0.6424379,0.6259238,0.3054981,
1,20,58.497,0.3951027,0.04143312,-0.7768147,0.319631,-0.6424379,0.6259238,0.3054981,
1,20,58.499,0.3951027,0.04143312,-0.7768147,0.319631,-0.6424379,0.6259238,0.3054981,
1,20,58.501,0.3951091,0.04142403,-0.7768527,0.319652,-0.642405,0.6259007,0.3055925,
1,20,58.503,0.3951091,0.04142403,-0.7768527,0.319652,-0.642405,0.6259007,0.3055925,
1,20,58.505,0.3951091,0.04142403,-0.7768527,0.319652,-0.642405,0.6259007,0.3055925,
1,20,58.507,0.3951091,0.04142403,-0.7768527,0.319652,-0.642405,0.6259007,0.3055925,
1,20,58.509,0.3951022,0.04148861,-0.7768403,0.3196579,-0.6423573,0.6259345,0.3056172,
1,20,58.511,0.3951022,0.04148861,-0.7768403,0.3196579,-0.6423573,0.6259345,0.3056172,
1,20,58.513,0.3951022,0.04148861,-0.7768403,0.3196579,-0.6423573,0.6259345,0.3056172,
1,20,58.515,0.3951022,0.04148861,-0.7768403,0.3196579,-0.6423573,0.6259345,0.3056172,
1,20,58.517,0.3951022,0.04148861,-0.7768403,0.3196579,-0.6423573,0.6259345,0.3056172,
1,20,58.519,0.3951306,0.0415021,-0.7768648,0.3196659,-0.642351,0.6259316,0.3056281,
1,20,58.521,0.3951306,0.0415021,-0.7768648,0.3196659,-0.642351,0.6259316,0.3056281,
1,20,58.523,0.3951306,0.0415021,-0.7768648,0.3196659,-0.642351,0.6259316,0.3056281,
1,20,58.525,0.3951306,0.0415021,-0.7768648,0.3196659,-0.642351,0.6259316,0.3056281,
1,20,58.527,0.395123,0.04149772,-0.7768202,0.3196405,-0.6423926,0.6259707,0.3054873,
1,20,58.529,0.395123,0.04149772,-0.7768202,0.3196405,-0.6423926,0.6259707,0.3054873,
1,20,58.531,0.395123,0.04149772,-0.7768202,0.3196405,-0.6423926,0.6259707,0.3054873,
1,20,58.533,0.395123,0.04149772,-0.7768202,0.3196405,-0.6423926,0.6259707,0.3054873,
1,20,58.535,0.3950932,0.04144915,-0.7768356,0.3196549,-0.6424028,0.625922,0.3055504,
1,20,58.537,0.3950932,0.04144915,-0.7768356,0.3196549,-0.6424028,0.625922,0.3055504,
1,20,58.539,0.3950932,0.04144915,-0.7768356,0.3196549,-0.6424028,0.625922,0.3055504,
1,20,58.541,0.3950932,0.04144915,-0.7768356,0.3196549,-0.6424028,0.625922,0.3055504,
1,20,58.543,0.395131,0.04149345,-0.7768477,0.3196572,-0.6423914,0.6259357,0.3055438,
1,20,58.545,0.395131,0.04149345,-0.7768477,0.3196572,-0.6423914,0.6259357,0.3055438,
1,20,58.547,0.395131,0.04149345,-0.7768477,0.3196572,-0.6423914,0.6259357,0.3055438,
1,20,58.549,0.395131,0.04149345,-0.7768477,0.3196572,-0.6423914,0.6259357,0.3055438,
1,20,58.551,0.3951535,0.04142961,-0.7769009,0.3196988,-0.6423988,0.6258794,0.3056,
1,20,58.553,0.3951535,0.04142961,-0.7769009,0.3196988,-0.6423988,0.6258794,0.3056,
1,20,58.555,0.3951535,0.04142961,-0.7769009,0.3196988,-0.6423988,0.6258794,0.3056,
1,20,58.557,0.3951535,0.04142961,-0.7769009,0.3196988,-0.6423988,0.6258794,0.3056,
1,20,58.559,0.395107,0.04148582,-0.7768312,0.3196578,-0.6424028,0.6259342,0.3055223,
1,20,58.561,0.395107,0.04148582,-0.7768312,0.3196578,-0.6424028,0.6259342,0.3055223,
1,20,58.563,0.395107,0.04148582,-0.7768312,0.3196578,-0.6424028,0.6259342,0.3055223,
1,20,58.565,0.395107,0.04148582,-0.7768312,0.3196578,-0.6424028,0.6259342,0.3055223,
1,20,58.567,0.395107,0.04148582,-0.7768312,0.3196578,-0.6424028,0.6259342,0.3055223,
1,20,58.569,0.3951396,0.04144558,-0.7768842,0.3196651,-0.6424055,0.6258937,0.3055921,
1,20,58.571,0.3951396,0.04144558,-0.7768842,0.3196651,-0.6424055,0.6258937,0.3055921,
1,20,58.573,0.3951396,0.04144558,-0.7768842,0.3196651,-0.6424055,0.6258937,0.3055921,
1,20,58.575,0.3951396,0.04144558,-0.7768842,0.3196651,-0.6424055,0.6258937,0.3055921,
1,20,58.577,0.3950945,0.04146234,-0.7768117,0.3196179,-0.6424122,0.6259325,0.3055479,
1,20,58.579,0.3950945,0.04146234,-0.7768117,0.3196179,-0.6424122,0.6259325,0.3055479,
1,20,58.581,0.3950945,0.04146234,-0.7768117,0.3196179,-0.6424122,0.6259325,0.3055479,
1,20,58.583,0.3950945,0.04146234,-0.7768117,0.3196179,-0.6424122,0.6259325,0.3055479,
1,20,58.585,0.3950906,0.04140092,-0.7768546,0.319615,-0.6424303,0.625896,0.3055875,
1,20,58.587,0.3950906,0.04140092,-0.7768546,0.319615,-0.6424303,0.625896,0.3055875,
1,20,58.589,0.3950906,0.04140092,-0.7768546,0.319615,-0.6424303,0.625896,0.3055875,
1,20,58.591,0.3950906,0.04140092,-0.7768546,0.319615,-0.6424303,0.625896,0.3055875,
1,20,58.593,0.3951154,0.04146126,-0.7768382,0.3196533,-0.6424032,0.625931,0.3055331,
1,20,58.595,0.3951154,0.04146126,-0.7768382,0.3196533,-0.6424032,0.625931,0.3055331,
1,20,58.597,0.3951154,0.04146126,-0.7768382,0.3196533,-0.6424032,0.625931,0.3055331,
1,20,58.599,0.3951154,0.04146126,-0.7768382,0.3196533,-0.6424032,0.625931,0.3055331,
1,20,58.601,0.395089,0.04150791,-0.7768105,0.3196085,-0.6423767,0.6259797,0.3055361,
1,20,58.603,0.395089,0.04150791,-0.7768105,0.3196085,-0.6423767,0.6259797,0.3055361,
1,20,58.605,0.395089,0.04150791,-0.7768105,0.3196085,-0.6423767,0.6259797,0.3055361,
1,20,58.607,0.395089,0.04150791,-0.7768105,0.3196085,-0.6423767,0.6259797,0.3055361,
1,20,58.609,0.3950836,0.04145222,-0.7768081,0.3196041,-0.6424183,0.6259477,0.3055184,
1,20,58.611,0.3950836,0.04145222,-0.7768081,0.3196041,-0.6424183,0.6259477,0.3055184,
1,20,58.613,0.3950836,0.04145222,-0.7768081,0.3196041,-0.6424183,0.6259477,0.3055184,
1,20,58.615,0.3950836,0.04145222,-0.7768081,0.3196041,-0.6424183,0.6259477,0.3055184,
1,20,58.617,0.3950836,0.04145222,-0.7768081,0.3196041,-0.6424183,0.6259477,0.3055184,
1,20,58.619,0.3950921,0.04140959,-0.776834,0.3196216,-0.6424425,0.6259006,0.3055458,
1,20,58.621,0.3950921,0.04140959,-0.776834,0.3196216,-0.6424425,0.6259006,0.3055458,
1,20,58.623,0.3950921,0.04140959,-0.776834,0.3196216,-0.6424425,0.6259006,0.3055458,
1,20,58.625,0.3950921,0.04140959,-0.776834,0.3196216,-0.6424425,0.6259006,0.3055458,
1,20,58.627,0.3951061,0.04139815,-0.7768479,0.3196222,-0.6424495,0.6258844,0.3055634,
1,20,58.629,0.3951061,0.04139815,-0.7768479,0.3196222,-0.6424495,0.6258844,0.3055634,
1,20,58.631,0.3951061,0.04139815,-0.7768479,0.3196222,-0.6424495,0.6258844,0.3055634,
1,20,58.633,0.3951061,0.04139815,-0.7768479,0.3196222,-0.6424495,0.6258844,0.3055634,
1,20,58.635,0.3951121,0.04145519,-0.7768161,0.3196595,-0.6424373,0.6259027,0.3055123,
1,20,58.637,0.3951121,0.04145519,-0.7768161,0.3196595,-0.6424373,0.6259027,0.3055123,
1,20,58.639,0.3951121,0.04145519,-0.7768161,0.3196595,-0.6424373,0.6259027,0.3055123,
1,20,58.641,0.3951121,0.04145519,-0.7768161,0.3196595,-0.6424373,0.6259027,0.3055123,
1,20,58.643,0.3951461,0.04136154,-0.7769009,0.3196532,-0.642443,0.6258585,0.3055978,
1,20,58.645,0.3951461,0.04136154,-0.7769009,0.3196532,-0.642443,0.6258585,0.3055978,
1,20,58.647,0.3951461,0.04136154,-0.7769009,0.3196532,-0.642443,0.6258585,0.3055978,
1,20,58.649,0.3951461,0.04136154,-0.7769009,0.3196532,-0.642443,0.6258585,0.3055978,
1,20,58.651,0.3950806,0.04145698,-0.7767928,0.3196369,-0.6424332,0.6259274,0.3054945,
1,20,58.653,0.3950806,0.04145698,-0.7767928,0.3196369,-0.6424332,0.6259274,0.3054945,
1,20,58.655,0.3950806,0.04145698,-0.7767928,0.3196369,-0.6424332,0.6259274,0.3054945,
1,20,58.657,0.3950806,0.04145698,-0.7767928,0.3196369,-0.6424332,0.6259274,0.3054945,
1,20,58.659,0.3950742,0.04151824,-0.7767645,0.3196078,-0.6424202,0.6259781,0.3054483,
1,20,58.661,0.3950742,0.04151824,-0.7767645,0.3196078,-0.6424202,0.6259781,0.3054483,
1,20,58.663,0.3950742,0.04151824,-0.7767645,0.3196078,-0.6424202,0.6259781,0.3054483,
1,20,58.665,0.3950742,0.04151824,-0.7767645,0.3196078,-0.6424202,0.6259781,0.3054483,
1,20,58.667,0.3950742,0.04151824,-0.7767645,0.3196078,-0.6424202,0.6259781,0.3054483,
1,20,58.669,0.3951004,0.04149287,-0.7768092,0.3196387,-0.6424085,0.6259587,0.30548,
1,20,58.671,0.3951004,0.04149287,-0.7768092,0.3196387,-0.6424085,0.6259587,0.30548,
1,20,58.673,0.3951004,0.04149287,-0.7768092,0.3196387,-0.6424085,0.6259587,0.30548,
1,20,58.675,0.3951004,0.04149287,-0.7768092,0.3196387,-0.6424085,0.6259587,0.30548,
1,20,58.677,0.3950668,0.04152195,-0.7767862,0.319627,-0.6423875,0.6259717,0.30551,
1,20,58.679,0.3950668,0.04152195,-0.7767862,0.319627,-0.6423875,0.6259717,0.30551,
1,20,58.681,0.3950668,0.04152195,-0.7767862,0.319627,-0.6423875,0.6259717,0.30551,
1,20,58.683,0.3950668,0.04152195,-0.7767862,0.319627,-0.6423875,0.6259717,0.30551,
1,20,58.685,0.3950878,0.04149524,-0.7767622,0.3195856,-0.6424235,0.6259825,0.3054558,
1,20,58.687,0.3950878,0.04149524,-0.7767622,0.3195856,-0.6424235,0.6259825,0.3054558,
1,20,58.689,0.3950878,0.04149524,-0.7767622,0.3195856,-0.6424235,0.6259825,0.3054558,
1,20,58.691,0.3950878,0.04149524,-0.7767622,0.3195856,-0.6424235,0.6259825,0.3054558,
1,20,58.693,0.3950851,0.04148764,-0.7767709,0.3195904,-0.6424212,0.6259807,0.305459,
1,20,58.695,0.3950851,0.04148764,-0.7767709,0.3195904,-0.6424212,0.6259807,0.305459,
1,20,58.697,0.3950851,0.04148764,-0.7767709,0.3195904,-0.6424212,0.6259807,0.305459,
1,20,58.699,0.3950851,0.04148764,-0.7767709,0.3195904,-0.6424212,0.6259807,0.305459,
1,20,58.701,0.3951188,0.04143985,-0.776863,0.3196473,-0.6424132,0.6258997,0.3055822,
1,20,58.703,0.3951188,0.04143985,-0.776863,0.3196473,-0.6424132,0.6258997,0.3055822,
1,20,58.705,0.3951188,0.04143985,-0.776863,0.3196473,-0.6424132,0.6258997,0.3055822,
1,20,58.707,0.3951188,0.04143985,-0.776863,0.3196473,-0.6424132,0.6258997,0.3055822,
1,20,58.709,0.3951087,0.04146672,-0.7768204,0.3196809,-0.6423912,0.6259214,0.3055488,
1,20,58.711,0.3951087,0.04146672,-0.7768204,0.3196809,-0.6423912,0.6259214,0.3055488,
1,20,58.713,0.3951087,0.04146672,-0.7768204,0.3196809,-0.6423912,0.6259214,0.3055488,
1,20,58.715,0.3951087,0.04146672,-0.7768204,0.3196809,-0.6423912,0.6259214,0.3055488,
1,20,58.717,0.3951087,0.04146672,-0.7768204,0.3196809,-0.6423912,0.6259214,0.3055488,
1,20,58.719,0.3951157,0.04149481,-0.7768198,0.319646,-0.642383,0.625949,0.305546,
1,20,58.721,0.3951157,0.04149481,-0.7768198,0.319646,-0.642383,0.625949,0.305546,
1,20,58.723,0.3951157,0.04149481,-0.7768198,0.319646,-0.642383,0.625949,0.305546,
1,20,58.725,0.3951157,0.04149481,-0.7768198,0.319646,-0.642383,0.625949,0.305546,
1,20,58.727,0.3951293,0.04149838,-0.7768298,0.3197742,-0.6424064,0.6259252,0.3054113,
1,20,58.729,0.3951293,0.04149838,-0.7768298,0.3197742,-0.6424064,0.6259252,0.3054113,
1,20,58.731,0.3951293,0.04149838,-0.7768298,0.3197742,-0.6424064,0.6259252,0.3054113,
1,20,58.733,0.3951293,0.04149838,-0.7768298,0.3197742,-0.6424064,0.6259252,0.3054113,
1,20,58.735,0.3951849,0.04158632,-0.7768327,0.3198792,-0.642372,0.6259675,0.3052871,
1,20,58.737,0.3951849,0.04158632,-0.7768327,0.3198792,-0.642372,0.6259675,0.3052871,
1,20,58.739,0.3951849,0.04158632,-0.7768327,0.3198792,-0.642372,0.6259675,0.3052871,
1,20,58.741,0.3951849,0.04158632,-0.7768327,0.3198792,-0.642372,0.6259675,0.3052871,
1,20,58.743,0.3952035,0.04161513,-0.7768489,0.3199656,-0.6423835,0.6259586,0.3051906,
1,20,58.745,0.3952035,0.04161513,-0.7768489,0.3199656,-0.6423835,0.6259586,0.3051906,
1,20,58.747,0.3952035,0.04161513,-0.7768489,0.3199656,-0.6423835,0.6259586,0.3051906,
1,20,58.749,0.3952035,0.04161513,-0.7768489,0.3199656,-0.6423835,0.6259586,0.3051906,
1,20,58.751,0.3951434,0.04161704,-0.7768003,0.3198613,-0.6423948,0.6259743,0.3052441,
1,20,58.753,0.3951434,0.04161704,-0.7768003,0.3198613,-0.6423948,0.6259743,0.3052441,
1,20,58.755,0.3951434,0.04161704,-0.7768003,0.3198613,-0.6423948,0.6259743,0.3052441,
1,20,58.757,0.3951434,0.04161704,-0.7768003,0.3198613,-0.6423948,0.6259743,0.3052441,
1,20,58.759,0.3951281,0.04160829,-0.7767974,0.3198368,-0.642381,0.625984,0.3052788,
1,20,58.761,0.3951281,0.04160829,-0.7767974,0.3198368,-0.642381,0.625984,0.3052788,
1,20,58.763,0.3951281,0.04160829,-0.7767974,0.3198368,-0.642381,0.625984,0.3052788,
1,20,58.765,0.3951281,0.04160829,-0.7767974,0.3198368,-0.642381,0.625984,0.3052788,
1,20,58.767,0.3951281,0.04160829,-0.7767974,0.3198368,-0.642381,0.625984,0.3052788,
1,20,58.769,0.3950836,0.04146262,-0.7768025,0.3196247,-0.6424438,0.625939,0.3054609,
1,20,58.771,0.3950836,0.04146262,-0.7768025,0.3196247,-0.6424438,0.625939,0.3054609,
1,20,58.773,0.3950836,0.04146262,-0.7768025,0.3196247,-0.6424438,0.625939,0.3054609,
1,20,58.775,0.3950836,0.04146262,-0.7768025,0.3196247,-0.6424438,0.625939,0.3054609,
1,20,58.777,0.3950976,0.04152239,-0.7767854,0.3196177,-0.6424108,0.6259919,0.3054293,
1,20,58.779,0.3950976,0.04152239,-0.7767854,0.3196177,-0.6424108,0.6259919,0.3054293,
1,20,58.781,0.3950976,0.04152239,-0.7767854,0.3196177,-0.6424108,0.6259919,0.3054293,
1,20,58.783,0.3950976,0.04152239,-0.7767854,0.3196177,-0.6424108,0.6259919,0.3054293,
1,20,58.785,0.3951221,0.04147108,-0.7768317,0.3196303,-0.6424417,0.6259412,0.3054552,
1,20,58.787,0.3951221,0.04147108,-0.7768317,0.3196303,-0.6424417,0.6259412,0.3054552,
1,20,58.789,0.3951221,0.04147108,-0.7768317,0.3196303,-0.6424417,0.6259412,0.3054552,
1,20,58.791,0.3951221,0.04147108,-0.7768317,0.3196303,-0.6424417,0.6259412,0.3054552,
1,20,58.793,0.3950964,0.04142908,-0.7768097,0.3196222,-0.6424639,0.6259174,0.3054656,
1,20,58.795,0.3950964,0.04142908,-0.7768097,0.3196222,-0.6424639,0.6259174,0.3054656,
1,20,58.797,0.3950964,0.04142908,-0.7768097,0.3196222,-0.6424639,0.6259174,0.3054656,
1,20,58.799,0.3950964,0.04142908,-0.7768097,0.3196222,-0.6424639,0.6259174,0.3054656,
1,20,58.801,0.3950606,0.04137895,-0.7768246,0.3196208,-0.6424709,0.6258834,0.3055222,
1,20,58.803,0.3950606,0.04137895,-0.7768246,0.3196208,-0.6424709,0.6258834,0.3055222,
1,20,58.805,0.3950606,0.04137895,-0.7768246,0.3196208,-0.6424709,0.6258834,0.3055222,
1,20,58.807,0.3950606,0.04137895,-0.7768246,0.3196208,-0.6424709,0.6258834,0.3055222,
1,20,58.809,0.3951286,0.04145432,-0.7768365,0.3196602,-0.6424219,0.6258945,0.3055612,
1,20,58.811,0.3951286,0.04145432,-0.7768365,0.3196602,-0.6424219,0.6258945,0.3055612,
1,20,58.813,0.3951286,0.04145432,-0.7768365,0.3196602,-0.6424219,0.6258945,0.3055612,
1,20,58.815,0.3951286,0.04145432,-0.7768365,0.3196602,-0.6424219,0.6258945,0.3055612,
1,20,58.817,0.3951286,0.04145432,-0.7768365,0.3196602,-0.6424219,0.6258945,0.3055612,
1,20,58.819,0.3951019,0.041514,-0.7768035,0.3196236,-0.6424105,0.6259721,0.3054644,
1,20,58.821,0.3951019,0.041514,-0.7768035,0.3196236,-0.6424105,0.6259721,0.3054644,
1,20,58.823,0.3951019,0.041514,-0.7768035,0.3196236,-0.6424105,0.6259721,0.3054644,
1,20,58.825,0.3951019,0.041514,-0.7768035,0.3196236,-0.6424105,0.6259721,0.3054644,
1,20,58.827,0.3951205,0.04141743,-0.7768527,0.3196727,-0.6424604,0.6258859,0.3054845,
1,20,58.829,0.3951205,0.04141743,-0.7768527,0.3196727,-0.6424604,0.6258859,0.3054845,
1,20,58.831,0.3951205,0.04141743,-0.7768527,0.3196727,-0.6424604,0.6258859,0.3054845,
1,20,58.833,0.3951205,0.04141743,-0.7768527,0.3196727,-0.6424604,0.6258859,0.3054845,
1,20,58.835,0.3951319,0.04133125,-0.7768619,0.3196667,-0.6425326,0.6258243,0.3054653,
1,20,58.837,0.3951319,0.04133125,-0.7768619,0.3196667,-0.6425326,0.6258243,0.3054653,
1,20,58.839,0.3951319,0.04133125,-0.7768619,0.3196667,-0.6425326,0.6258243,0.3054653,
1,20,58.841,0.3951319,0.04133125,-0.7768619,0.3196667,-0.6425326,0.6258243,0.3054653,
1,20,58.843,0.3950927,0.04143802,-0.7768232,0.3196291,-0.6424447,0.6258979,0.3055386,
1,20,58.845,0.3950927,0.04143802,-0.7768232,0.3196291,-0.6424447,0.6258979,0.3055386,
1,20,58.847,0.3950927,0.04143802,-0.7768232,0.3196291,-0.6424447,0.6258979,0.3055386,
1,20,58.849,0.3950927,0.04143802,-0.7768232,0.3196291,-0.6424447,0.6258979,0.3055386,
1,20,58.851,0.3951549,0.04145236,-0.7768393,0.3196404,-0.6424526,0.6259201,0.3054647,
1,20,58.853,0.3951549,0.04145236,-0.7768393,0.3196404,-0.6424526,0.6259201,0.3054647,
1,20,58.855,0.3951549,0.04145236,-0.7768393,0.3196404,-0.6424526,0.6259201,0.3054647,
1,20,58.857,0.3951549,0.04145236,-0.7768393,0.3196404,-0.6424526,0.6259201,0.3054647,
1,20,58.859,0.3951196,0.04152343,-0.7767913,0.3196329,-0.6424108,0.6259813,0.305435,
1,20,58.861,0.3951196,0.04152343,-0.7767913,0.3196329,-0.6424108,0.6259813,0.305435,
1,20,58.863,0.3951196,0.04152343,-0.7767913,0.3196329,-0.6424108,0.6259813,0.305435,
1,20,58.865,0.3951196,0.04152343,-0.7767913,0.3196329,-0.6424108,0.6259813,0.305435,
1,20,58.867,0.3951196,0.04152343,-0.7767913,0.3196329,-0.6424108,0.6259813,0.305435,
1,20,58.869,0.3950974,0.04148513,-0.7768221,0.3196554,-0.6424012,0.6259434,0.3055096,
1,20,58.871,0.3950974,0.04148513,-0.7768221,0.3196554,-0.6424012,0.6259434,0.3055096,
1,20,58.873,0.3950974,0.04148513,-0.7768221,0.3196554,-0.6424012,0.6259434,0.3055096,
1,20,58.875,0.3950974,0.04148513,-0.7768221,0.3196554,-0.6424012,0.6259434,0.3055096,
1,20,58.877,0.3951141,0.04146283,-0.7767813,0.3196411,-0.6424722,0.6259277,0.3054073,
1,20,58.879,0.3951141,0.04146283,-0.7767813,0.3196411,-0.6424722,0.6259277,0.3054073,
1,20,58.881,0.3951141,0.04146283,-0.7767813,0.3196411,-0.6424722,0.6259277,0.3054073,
1,20,58.883,0.3951141,0.04146283,-0.7767813,0.3196411,-0.6424722,0.6259277,0.3054073,
1,20,58.885,0.3951344,0.04144792,-0.7768742,0.3196892,-0.6423979,0.6258971,0.305576,
1,20,58.887,0.3951344,0.04144792,-0.7768742,0.3196892,-0.6423979,0.6258971,0.305576,
1,20,58.889,0.3951344,0.04144792,-0.7768742,0.3196892,-0.6423979,0.6258971,0.305576,
1,20,58.891,0.3951344,0.04144792,-0.7768742,0.3196892,-0.6423979,0.6258971,0.305576,
1,20,58.893,0.3951007,0.04147828,-0.7768072,0.3196243,-0.6424302,0.6259466,0.3054744,
1,20,58.895,0.3951007,0.04147828,-0.7768072,0.3196243,-0.6424302,0.6259466,0.3054744,
1,20,58.897,0.3951007,0.04147828,-0.7768072,0.3196243,-0.6424302,0.6259466,0.3054744,
1,20,58.899,0.3951007,0.04147828,-0.7768072,0.3196243,-0.6424302,0.6259466,0.3054744,
1,20,58.901,0.3950858,0.04149739,-0.7768123,0.3196519,-0.6423939,0.625939,0.3055376,
1,20,58.903,0.3950858,0.04149739,-0.7768123,0.3196519,-0.6423939,0.625939,0.3055376,
1,20,58.905,0.3950858,0.04149739,-0.7768123,0.3196519,-0.6423939,0.625939,0.3055376,
1,20,58.907,0.3950858,0.04149739,-0.7768123,0.3196519,-0.6423939,0.625939,0.3055376,
1,20,58.909,0.3951074,0.0415191,-0.7767876,0.3196509,-0.6424157,0.6259623,0.3054448,
1,20,58.911,0.3951074,0.0415191,-0.7767876,0.3196509,-0.6424157,0.6259623,0.3054448,
1,20,58.913,0.3951074,0.0415191,-0.7767876,0.3196509,-0.6424157,0.6259623,0.3054448,
1,20,58.915,0.3951074,0.0415191,-0.7767876,0.3196509,-0.6424157,0.6259623,0.3054448,
1,20,58.917,0.3951074,0.0415191,-0.7767876,0.3196509,-0.6424157,0.6259623,0.3054448,
1,20,58.919,0.3951416,0.0414375,-0.7768792,0.3196505,-0.642415,0.6259119,0.3055504,
1,20,58.921,0.3951416,0.0414375,-0.7768792,0.3196505,-0.642415,0.6259119,0.3055504,
1,20,58.923,0.3951416,0.0414375,-0.7768792,0.3196505,-0.642415,0.6259119,0.3055504,
1,20,58.925,0.3951416,0.0414375,-0.7768792,0.3196505,-0.642415,0.6259119,0.3055504,
1,20,58.927,0.3951113,0.0414706,-0.77684,0.3196621,-0.6424096,0.6259269,0.3055187,
1,20,58.929,0.3951113,0.0414706,-0.77684,0.3196621,-0.6424096,0.6259269,0.3055187,
1,20,58.931,0.3951113,0.0414706,-0.77684,0.3196621,-0.6424096,0.6259269,0.3055187,
1,20,58.933,0.3951113,0.0414706,-0.77684,0.3196621,-0.6424096,0.6259269,0.3055187,
1,20,58.935,0.3951024,0.04146618,-0.7768074,0.3196404,-0.6424457,0.625928,0.3054631,
1,20,58.937,0.3951024,0.04146618,-0.7768074,0.3196404,-0.6424457,0.625928,0.3054631,
1,20,58.939,0.3951024,0.04146618,-0.7768074,0.3196404,-0.6424457,0.625928,0.3054631,
1,20,58.941,0.3951024,0.04146618,-0.7768074,0.3196404,-0.6424457,0.625928,0.3054631,
1,20,58.943,0.3950605,0.04153401,-0.7767613,0.3196307,-0.6424054,0.6259851,0.3054409,
1,20,58.945,0.3950605,0.04153401,-0.7767613,0.3196307,-0.6424054,0.6259851,0.3054409,
1,20,58.947,0.3950605,0.04153401,-0.7767613,0.3196307,-0.6424054,0.6259851,0.3054409,
1,20,58.949,0.3950605,0.04153401,-0.7767613,0.3196307,-0.6424054,0.6259851,0.3054409,
1,20,58.951,0.3951109,0.04147681,-0.7768465,0.3196682,-0.6424112,0.6259162,0.3055308,
1,20,58.953,0.3951109,0.04147681,-0.7768465,0.3196682,-0.6424112,0.6259162,0.3055308,
1,20,58.955,0.3951109,0.04147681,-0.7768465,0.3196682,-0.6424112,0.6259162,0.3055308,
1,20,58.957,0.3951109,0.04147681,-0.7768465,0.3196682,-0.6424112,0.6259162,0.3055308,
1,20,58.959,0.3951412,0.0414467,-0.7768425,0.3196522,-0.6424421,0.6259151,0.305485,
1,20,58.961,0.3951412,0.0414467,-0.7768425,0.3196522,-0.6424421,0.6259151,0.305485,
1,20,58.963,0.3951412,0.0414467,-0.7768425,0.3196522,-0.6424421,0.6259151,0.305485,
1,20,58.965,0.3951412,0.0414467,-0.7768425,0.3196522,-0.6424421,0.6259151,0.305485,
1,20,58.967,0.3951412,0.0414467,-0.7768425,0.3196522,-0.6424421,0.6259151,0.305485,
1,20,58.969,0.3951415,0.04146679,-0.7768115,0.3196834,-0.6424772,0.6259097,0.3053893,
1,20,58.971,0.3951415,0.04146679,-0.7768115,0.3196834,-0.6424772,0.6259097,0.3053893,
1,20,58.973,0.3951415,0.04146679,-0.7768115,0.3196834,-0.6424772,0.6259097,0.3053893,
1,20,58.975,0.3951415,0.04146679,-0.7768115,0.3196834,-0.6424772,0.6259097,0.3053893,
1,20,58.977,0.3951088,0.04148567,-0.7768101,0.3196195,-0.6424176,0.6259431,0.3055131,
1,20,58.979,0.3951088,0.04148567,-0.7768101,0.3196195,-0.6424176,0.6259431,0.3055131,
1,20,58.981,0.3951088,0.04148567,-0.7768101,0.3196195,-0.6424176,0.6259431,0.3055131,
1,20,58.983,0.3951088,0.04148567,-0.7768101,0.3196195,-0.6424176,0.6259431,0.3055131,
1,20,58.985,0.3951176,0.04151705,-0.7767776,0.319669,-0.6424516,0.6259466,0.3053826,
1,20,58.987,0.3951176,0.04151705,-0.7767776,0.319669,-0.6424516,0.6259466,0.3053826,
1,20,58.989,0.3951176,0.04151705,-0.7767776,0.319669,-0.6424516,0.6259466,0.3053826,
1,20,58.991,0.3951176,0.04151705,-0.7767776,0.319669,-0.6424516,0.6259466,0.3053826,
1,20,58.993,0.3951203,0.04147785,-0.776853,0.3197026,-0.6424231,0.6259045,0.3054937,
1,20,58.995,0.3951203,0.04147785,-0.776853,0.3197026,-0.6424231,0.6259045,0.3054937,
1,20,58.997,0.3951203,0.04147785,-0.776853,0.3197026,-0.6424231,0.6259045,0.3054937,
1,20,58.999,0.3951203,0.04147785,-0.776853,0.3197026,-0.6424231,0.6259045,0.3054937,
1,20,59.001,0.3951295,0.04146392,-0.7768552,0.3196869,-0.6424149,0.625897,0.3055429,
1,20,59.003,0.3951295,0.04146392,-0.7768552,0.3196869,-0.6424149,0.625897,0.3055429,
1,20,59.005,0.3951295,0.04146392,-0.7768552,0.3196869,-0.6424149,0.625897,0.3055429,
1,20,59.007,0.3951295,0.04146392,-0.7768552,0.3196869,-0.6424149,0.625897,0.3055429,
1,20,59.009,0.3951336,0.04151463,-0.7768099,0.3196729,-0.6424204,0.6259413,0.3054551,
1,20,59.011,0.3951336,0.04151463,-0.7768099,0.3196729,-0.6424204,0.6259413,0.3054551,
1,20,59.013,0.3951336,0.04151463,-0.7768099,0.3196729,-0.6424204,0.6259413,0.3054551,
1,20,59.015,0.3951336,0.04151463,-0.7768099,0.3196729,-0.6424204,0.6259413,0.3054551,
1,20,59.017,0.3951336,0.04151463,-0.7768099,0.3196729,-0.6424204,0.6259413,0.3054551,
1,20,59.019,0.3951154,0.04146283,-0.7768178,0.3196772,-0.6424631,0.6259214,0.3054017,
1,20,59.021,0.3951154,0.04146283,-0.7768178,0.3196772,-0.6424631,0.6259214,0.3054017,
1,20,59.023,0.3951154,0.04146283,-0.7768178,0.3196772,-0.6424631,0.6259214,0.3054017,
1,20,59.025,0.3951154,0.04146283,-0.7768178,0.3196772,-0.6424631,0.6259214,0.3054017,
1,20,59.027,0.3951298,0.04135863,-0.7769033,0.3197345,-0.6424899,0.6258171,0.3054991,
1,20,59.029,0.3951298,0.04135863,-0.7769033,0.3197345,-0.6424899,0.6258171,0.3054991,
1,20,59.031,0.3951298,0.04135863,-0.7769033,0.3197345,-0.6424899,0.6258171,0.3054991,
1,20,59.033,0.3951298,0.04135863,-0.7769033,0.3197345,-0.6424899,0.6258171,0.3054991,
1,20,59.035,0.3951234,0.04140738,-0.7768573,0.319737,-0.6424826,0.6258296,0.305486,
1,20,59.037,0.3951234,0.04140738,-0.7768573,0.319737,-0.6424826,0.6258296,0.305486,
1,20,59.039,0.3951234,0.04140738,-0.7768573,0.319737,-0.6424826,0.6258296,0.305486,
1,20,59.041,0.3951234,0.04140738,-0.7768573,0.319737,-0.6424826,0.6258296,0.305486,
1,20,59.043,0.395114,0.04146655,-0.7768258,0.3196575,-0.6424351,0.625923,0.3054779,
1,20,59.045,0.395114,0.04146655,-0.7768258,0.3196575,-0.6424351,0.625923,0.3054779,
1,20,59.047,0.395114,0.04146655,-0.7768258,0.3196575,-0.6424351,0.625923,0.3054779,
1,20,59.049,0.395114,0.04146655,-0.7768258,0.3196575,-0.6424351,0.625923,0.3054779,
1,20,59.051,0.3951135,0.04147811,-0.7768276,0.3196741,-0.642422,0.6259241,0.3054857,
1,20,59.053,0.3951135,0.04147811,-0.7768276,0.3196741,-0.642422,0.6259241,0.3054857,
1,20,59.055,0.3951135,0.04147811,-0.7768276,0.3196741,-0.642422,0.6259241,0.3054857,
1,20,59.057,0.3951135,0.04147811,-0.7768276,0.3196741,-0.642422,0.6259241,0.3054857,
1,20,59.059,0.395116,0.04147774,-0.7767674,0.3196729,-0.6424853,0.6259218,0.3053584,
1,20,59.061,0.395116,0.04147774,-0.7767674,0.3196729,-0.6424853,0.6259218,0.3053584,
1,20,59.063,0.395116,0.04147774,-0.7767674,0.3196729,-0.6424853,0.6259218,0.3053584,
1,20,59.065,0.395116,0.04147774,-0.7767674,0.3196729,-0.6424853,0.6259218,0.3053584,
1,20,59.067,0.395116,0.04147774,-0.7767674,0.3196729,-0.6424853,0.6259218,0.3053584,
1,20,59.069,0.3950712,0.04146191,-0.7768071,0.3196805,-0.6424476,0.6259056,0.3054631,
1,20,59.071,0.3950712,0.04146191,-0.7768071,0.3196805,-0.6424476,0.6259056,0.3054631,
1,20,59.073,0.3950712,0.04146191,-0.7768071,0.3196805,-0.6424476,0.6259056,0.3054631,
1,20,59.075,0.3950712,0.04146191,-0.7768071,0.3196805,-0.6424476,0.6259056,0.3054631,
1,20,59.077,0.3950987,0.04146561,-0.7768341,0.319698,-0.6424221,0.6258946,0.305521,
1,20,59.079,0.3950987,0.04146561,-0.7768341,0.319698,-0.6424221,0.6258946,0.305521,
1,20,59.081,0.3950987,0.04146561,-0.7768341,0.319698,-0.6424221,0.6258946,0.305521,
1,20,59.083,0.3950987,0.04146561,-0.7768341,0.319698,-0.6424221,0.6258946,0.305521,CourtEnter
1,20,59.085,0.3951051,0.04147201,-0.7767935,0.3196802,-0.6424702,0.6259149,0.305397,
1,20,59.087,0.3951051,0.04147201,-0.7767935,0.3196802,-0.6424702,0.6259149,0.305397,
1,20,59.089,0.3951051,0.04147201,-0.7767935,0.3196802,-0.6424702,0.6259149,0.305397,
1,20,59.091,0.3951051,0.04147201,-0.7767935,0.3196802,-0.6424702,0.6259149,0.305397,CourtExit
1,20,59.093,0.3950939,0.04146802,-0.7767771,0.3196841,-0.6424865,0.6258968,0.3053957,
1,20,59.095,0.3950939,0.04146802,-0.7767771,0.3196841,-0.6424865,0.6258968,0.3053957,
1,20,59.097,0.3950939,0.04146802,-0.7767771,0.3196841,-0.6424865,0.6258968,0.3053957,
1,20,59.099,0.3950939,0.04146802,-0.7767771,0.3196841,-0.6424865,0.6258968,0.3053957,
1,20,59.101,0.3950772,0.04145823,-0.7767911,0.3196766,-0.6424677,0.6259007,0.3054347,
1,20,59.103,0.3950772,0.04145823,-0.7767911,0.3196766,-0.6424677,0.6259007,0.3054347,
1,20,59.105,0.3950772,0.04145823,-0.7767911,0.3196766,-0.6424677,0.6259007,0.3054347,
1,20,59.107,0.3950772,0.04145823,-0.7767911,0.3196766,-0.6424677,0.6259007,0.3054347,
1,20,59.109,0.3951091,0.0415086,-0.776834,0.3197147,-0.6423947,0.6259146,0.3055205,
1,20,59.111,0.3951091,0.0415086,-0.776834,0.3197147,-0.6423947,0.6259146,0.3055205,
1,20,59.113,0.3951091,0.0415086,-0.776834,0.3197147,-0.6423947,0.6259146,0.3055205,
1,20,59.115,0.3951091,0.0415086,-0.776834,0.3197147,-0.6423947,0.6259146,0.3055205,
1,20,59.117,0.3951091,0.0415086,-0.776834,0.3197147,-0.6423947,0.6259146,0.3055205,
1,20,59.119,0.3950783,0.04149862,-0.7768065,0.3196537,-0.6424059,0.6259369,0.3055149,
1,20,59.121,0.3950783,0.04149862,-0.7768065,0.3196537,-0.6424059,0.6259369,0.3055149,
1,20,59.123,0.3950783,0.04149862,-0.7768065,0.3196537,-0.6424059,0.6259369,0.3055149,
1,20,59.125,0.3950783,0.04149862,-0.7768065,0.3196537,-0.6424059,0.6259369,0.3055149,
1,20,59.127,0.3951706,0.04144862,-0.7768957,0.3197092,-0.6424505,0.6258912,0.3054565,
1,20,59.129,0.3951706,0.04144862,-0.7768957,0.3197092,-0.6424505,0.6258912,0.3054565,
1,20,59.131,0.3951706,0.04144862,-0.7768957,0.3197092,-0.6424505,0.6258912,0.3054565,
1,20,59.133,0.3951706,0.04144862,-0.7768957,0.3197092,-0.6424505,0.6258912,0.3054565,
1,20,59.135,0.3951103,0.04142685,-0.7768302,0.3196898,-0.6424672,0.625874,0.3054768,
1,20,59.137,0.3951103,0.04142685,-0.7768302,0.3196898,-0.6424672,0.625874,0.3054768,
1,20,59.139,0.3951103,0.04142685,-0.7768302,0.3196898,-0.6424672,0.625874,0.3054768,
1,20,59.141,0.3951103,0.04142685,-0.7768302,0.3196898,-0.6424672,0.625874,0.3054768,
1,20,59.143,0.3951138,0.0415194,-0.776795,0.3197007,-0.6424283,0.6259321,0.3054283,
1,20,59.145,0.3951138,0.0415194,-0.776795,0.3197007,-0.6424283,0.6259321,0.3054283,
1,20,59.147,0.3951138,0.0415194,-0.776795,0.3197007,-0.6424283,0.6259321,0.3054283,
1,20,59.149,0.3951138,0.0415194,-0.776795,0.3197007,-0.6424283,0.6259321,0.3054283,
1,20,59.151,0.3951154,0.04144967,-0.7768511,0.3197106,-0.6424552,0.6258752,0.3054779,
1,20,59.153,0.3951154,0.04144967,-0.7768511,0.3197106,-0.6424552,0.6258752,0.3054779,
1,20,59.155,0.3951154,0.04144967,-0.7768511,0.3197106,-0.6424552,0.6258752,0.3054779,
1,20,59.157,0.3951154,0.04144967,-0.7768511,0.3197106,-0.6424552,0.6258752,0.3054779,
1,20,59.159,0.3951282,0.04153577,-0.7768169,0.3196577,-0.6423895,0.6259719,0.3054734,
1,20,59.161,0.3951282,0.04153577,-0.7768169,0.3196577,-0.6423895,0.6259719,0.3054734,
1,20,59.163,0.3951282,0.04153577,-0.7768169,0.3196577,-0.6423895,0.6259719,0.3054734,
1,20,59.165,0.3951282,0.04153577,-0.7768169,0.3196577,-0.6423895,0.6259719,0.3054734,
1,20,59.167,0.3951282,0.04153577,-0.7768169,0.3196577,-0.6423895,0.6259719,0.3054734,
1,20,59.169,0.3951101,0.04155607,-0.7767856,0.3196507,-0.6424025,0.6259913,0.3054134,
1,20,59.171,0.3951101,0.04155607,-0.7767856,0.3196507,-0.6424025,0.6259913,0.3054134,
1,20,59.173,0.3951101,0.04155607,-0.7767856,0.3196507,-0.6424025,0.6259913,0.3054134,
1,20,59.175,0.3951101,0.04155607,-0.7767856,0.3196507,-0.6424025,0.6259913,0.3054134,
1,20,59.177,0.3951066,0.04153797,-0.7767983,0.3196781,-0.6423962,0.6259584,0.3054655,
1,20,59.179,0.3951066,0.04153797,-0.7767983,0.3196781,-0.6423962,0.6259584,0.3054655,
1,20,59.181,0.3951066,0.04153797,-0.7767983,0.3196781,-0.6423962,0.6259584,0.3054655,
1,20,59.183,0.3951066,0.04153797,-0.7767983,0.3196781,-0.6423962,0.6259584,0.3054655,
1,20,59.185,0.3951694,0.04143838,-0.7769235,0.3197237,-0.6424176,0.6258588,0.3055769,
1,20,59.187,0.3951694,0.04143838,-0.7769235,0.3197237,-0.6424176,0.6258588,0.3055769,
1,20,59.189,0.3951694,0.04143838,-0.7769235,0.3197237,-0.6424176,0.6258588,0.3055769,
1,20,59.191,0.3951694,0.04143838,-0.7769235,0.3197237,-0.6424176,0.6258588,0.3055769,
1,20,59.193,0.3951128,0.04149349,-0.7768231,0.3196686,-0.6424335,0.6259377,0.3054394,
1,20,59.195,0.3951128,0.04149349,-0.7768231,0.3196686,-0.6424335,0.6259377,0.3054394,
1,20,59.197,0.3951128,0.04149349,-0.7768231,0.3196686,-0.6424335,0.6259377,0.3054394,
1,20,59.199,0.3951128,0.04149349,-0.7768231,0.3196686,-0.6424335,0.6259377,0.3054394,
1,20,59.201,0.3951219,0.04150931,-0.776814,0.319671,-0.6424353,0.6259438,0.3054207,
1,20,59.203,0.3951219,0.04150931,-0.776814,0.319671,-0.6424353,0.6259438,0.3054207,
1,20,59.205,0.3951219,0.04150931,-0.776814,0.319671,-0.6424353,0.6259438,0.3054207,
1,20,59.207,0.3951219,0.04150931,-0.776814,0.319671,-0.6424353,0.6259438,0.3054207,
1,20,59.209,0.3950858,0.04147547,-0.7768302,0.3196951,-0.6424274,0.6258948,0.3055122,
1,20,59.211,0.3950858,0.04147547,-0.7768302,0.3196951,-0.6424274,0.6258948,0.3055122,
1,20,59.213,0.3950858,0.04147547,-0.7768302,0.3196951,-0.6424274,0.6258948,0.3055122,
1,20,59.215,0.3950858,0.04147547,-0.7768302,0.3196951,-0.6424274,0.6258948,0.3055122,
1,20,59.217,0.3950858,0.04147547,-0.7768302,0.3196951,-0.6424274,0.6258948,0.3055122,
1,20,59.219,0.3951057,0.04155986,-0.7768565,0.3197093,-0.6423485,0.6259539,0.3055426,
1,20,59.221,0.3951057,0.04155986,-0.7768565,0.3197093,-0.6423485,0.6259539,0.3055426,
1,20,59.223,0.3951057,0.04155986,-0.7768565,0.3197093,-0.6423485,0.6259539,0.3055426,
1,20,59.225,0.3951057,0.04155986,-0.7768565,0.3197093,-0.6423485,0.6259539,0.3055426,
1,20,59.227,0.3950992,0.04146224,-0.7768269,0.3196916,-0.6424466,0.6258923,0.3054807,
1,20,59.229,0.3950992,0.04146224,-0.7768269,0.3196916,-0.6424466,0.6258923,0.3054807,
1,20,59.231,0.3950992,0.04146224,-0.7768269,0.3196916,-0.6424466,0.6258923,0.3054807,
1,20,59.233,0.3950992,0.04146224,-0.7768269,0.3196916,-0.6424466,0.6258923,0.3054807,
1,20,59.235,0.3951719,0.04143528,-0.7769272,0.319722,-0.6424385,0.6258765,0.3054983,
1,20,59.237,0.3951719,0.04143528,-0.7769272,0.319722,-0.6424385,0.6258765,0.3054983,
1,20,59.239,0.3951719,0.04143528,-0.7769272,0.319722,-0.6424385,0.6258765,0.3054983,
1,20,59.241,0.3951719,0.04143528,-0.7769272,0.319722,-0.6424385,0.6258765,0.3054983,
1,20,59.243,0.3951291,0.04149233,-0.776873,0.3196882,-0.6424019,0.6259224,0.3055163,
1,20,59.245,0.3951291,0.04149233,-0.776873,0.3196882,-0.6424019,0.6259224,0.3055163,
1,20,59.247,0.3951291,0.04149233,-0.776873,0.3196882,-0.6424019,0.6259224,0.3055163,
1,20,59.249,0.3951291,0.04149233,-0.776873,0.3196882,-0.6424019,0.6259224,0.3055163,
1,20,59.251,0.3951194,0.04158194,-0.7768255,0.3196718,-0.6423671,0.6260008,0.3054464,
1,20,59.253,0.3951194,0.04158194,-0.7768255,0.3196718,-0.6423671,0.6260008,0.3054464,
1,20,59.255,0.3951194,0.04158194,-0.7768255,0.3196718,-0.6423671,0.6260008,0.3054464,
1,20,59.257,0.3951194,0.04158194,-0.7768255,0.3196718,-0.6423671,0.6260008,0.3054464,
1,20,59.259,0.3951058,0.04151598,-0.7768246,0.3196689,-0.642382,0.6259613,0.305499,
1,20,59.261,0.3951058,0.04151598,-0.7768246,0.3196689,-0.642382,0.6259613,0.305499,
1,20,59.263,0.3951058,0.04151598,-0.7768246,0.3196689,-0.642382,0.6259613,0.305499,
1,20,59.265,0.3951058,0.04151598,-0.7768246,0.3196689,-0.642382,0.6259613,0.305499,
1,20,59.267,0.3951058,0.04151598,-0.7768246,0.3196689,-0.642382,0.6259613,0.305499,
1,20,59.269,0.3951881,0.04155502,-0.7767755,0.3196497,-0.642367,0.6260161,0.3054383,
1,20,59.271,0.3951881,0.04155502,-0.7767755,0.3196497,-0.642367,0.6260161,0.3054383,
1,20,59.273,0.3951881,0.04155502,-0.7767755,0.3196497,-0.642367,0.6260161,0.3054383,
1,20,59.275,0.3951881,0.04155502,-0.7767755,0.3196497,-0.642367,0.6260161,0.3054383,
1,20,59.277,0.3951223,0.04144884,-0.7768356,0.3196784,-0.6424502,0.6258952,0.3054814,
1,20,59.279,0.3951223,0.04144884,-0.7768356,0.3196784,-0.6424502,0.6258952,0.3054814,
1,20,59.281,0.3951223,0.04144884,-0.7768356,0.3196784,-0.6424502,0.6258952,0.3054814,
1,20,59.283,0.3951223,0.04144884,-0.7768356,0.3196784,-0.6424502,0.6258952,0.3054814,
1,20,59.285,0.3950902,0.04142363,-0.7767706,0.319673,-0.6424903,0.6258754,0.3054428,
1,20,59.287,0.3950902,0.04142363,-0.7767706,0.319673,-0.6424903,0.6258754,0.3054428,
1,20,59.289,0.3950902,0.04142363,-0.7767706,0.319673,-0.6424903,0.6258754,0.3054428,
1,20,59.291,0.3950902,0.04142363,-0.7767706,0.319673,-0.6424903,0.6258754,0.3054428,
1,20,59.293,0.3951634,0.04133249,-0.7768767,0.3197171,-0.6424966,0.625798,0.3055421,
1,20,59.295,0.3951634,0.04133249,-0.7768767,0.3197171,-0.6424966,0.625798,0.3055421,
1,20,59.297,0.3951634,0.04133249,-0.7768767,0.3197171,-0.6424966,0.625798,0.3055421,
1,20,59.299,0.3951634,0.04133249,-0.7768767,0.3197171,-0.6424966,0.625798,0.3055421,
1,20,59.301,0.3950671,0.04141793,-0.7767273,0.3196373,-0.6424853,0.6258987,0.3054433,
1,20,59.303,0.3950671,0.04141793,-0.7767273,0.3196373,-0.6424853,0.6258987,0.3054433,
1,20,59.305,0.3950671,0.04141793,-0.7767273,0.3196373,-0.6424853,0.6258987,0.3054433,
1,20,59.307,0.3950671,0.04141793,-0.7767273,0.3196373,-0.6424853,0.6258987,0.3054433,
1,20,59.309,0.3950327,0.04134563,-0.7766289,0.3195762,-0.6425694,0.6258808,0.3053668,
1,20,59.311,0.3950327,0.04134563,-0.7766289,0.3195762,-0.6425694,0.6258808,0.3053668,
1,20,59.313,0.3950327,0.04134563,-0.7766289,0.3195762,-0.6425694,0.6258808,0.3053668,
1,20,59.315,0.3950327,0.04134563,-0.7766289,0.3195762,-0.6425694,0.6258808,0.3053668,
1,20,59.317,0.3950327,0.04134563,-0.7766289,0.3195762,-0.6425694,0.6258808,0.3053668,
1,20,59.319,0.3949522,0.04126869,-0.7765435,0.3195343,-0.6426234,0.625856,0.3053479,
1,20,59.321,0.3949522,0.04126869,-0.7765435,0.3195343,-0.6426234,0.625856,0.3053479,
1,20,59.323,0.3949522,0.04126869,-0.7765435,0.3195343,-0.6426234,0.625856,0.3053479,
1,20,59.325,0.3949522,0.04126869,-0.7765435,0.3195343,-0.6426234,0.625856,0.3053479,
1,20,59.327,0.3949196,0.04116886,-0.776509,0.3195314,-0.6426707,0.6257839,0.3053993,
1,20,59.329,0.3949196,0.04116886,-0.776509,0.3195314,-0.6426707,0.6257839,0.3053993,
1,20,59.331,0.3949196,0.04116886,-0.776509,0.3195314,-0.6426707,0.6257839,0.3053993,
1,20,59.333,0.3949196,0.04116886,-0.776509,0.3195314,-0.6426707,0.6257839,0.3053993,
1,20,59.335,0.3949313,0.04112926,-0.7764382,0.3195057,-0.6427747,0.625754,0.3052686,
1,20,59.337,0.3949313,0.04112926,-0.7764382,0.3195057,-0.6427747,0.625754,0.3052686,
1,20,59.339,0.3949313,0.04112926,-0.7764382,0.3195057,-0.6427747,0.625754,0.3052686,
1,20,59.341,0.3949313,0.04112926,-0.7764382,0.3195057,-0.6427747,0.625754,0.3052686,
1,20,59.343,0.3948584,0.04111785,-0.7763646,0.3194638,-0.6428128,0.625791,0.3051561,
1,20,59.345,0.3948584,0.04111785,-0.7763646,0.3194638,-0.6428128,0.625791,0.3051561,
1,20,59.347,0.3948584,0.04111785,-0.7763646,0.3194638,-0.6428128,0.625791,0.3051561,
1,20,59.349,0.3948584,0.04111785,-0.7763646,0.3194638,-0.6428128,0.625791,0.3051561,
1,20,59.351,0.3948025,0.04118703,-0.7762861,0.3194204,-0.6427879,0.6258556,0.3051219,
1,20,59.353,0.3948025,0.04118703,-0.7762861,0.3194204,-0.6427879,0.6258556,0.3051219,
1,20,59.355,0.3948025,0.04118703,-0.7762861,0.3194204,-0.6427879,0.6258556,0.3051219,
1,20,59.357,0.3948025,0.04118703,-0.7762861,0.3194204,-0.6427879,0.6258556,0.3051219,
1,20,59.359,0.3947569,0.04118019,-0.7762471,0.3193652,-0.6427732,0.625874,0.3051726,
1,20,59.361,0.3947569,0.04118019,-0.7762471,0.3193652,-0.6427732,0.625874,0.3051726,
1,20,59.363,0.3947569,0.04118019,-0.7762471,0.3193652,-0.6427732,0.625874,0.3051726,
1,20,59.365,0.3947569,0.04118019,-0.7762471,0.3193652,-0.6427732,0.625874,0.3051726,
1,20,59.367,0.3947569,0.04118019,-0.7762471,0.3193652,-0.6427732,0.625874,0.3051726,
1,20,59.369,0.3947638,0.0412381,-0.7762575,0.3193525,-0.6427508,0.6259228,0.305133,
1,20,59.371,0.3947638,0.0412381,-0.7762575,0.3193525,-0.6427508,0.6259228,0.305133,
1,20,59.373,0.3947638,0.0412381,-0.7762575,0.3193525,-0.6427508,0.6259228,0.305133,
1,20,59.375,0.3947638,0.0412381,-0.7762575,0.3193525,-0.6427508,0.6259228,0.305133,
1,20,59.377,0.3947301,0.04130018,-0.7762064,0.3193206,-0.6427202,0.625981,0.3051113,
1,20,59.379,0.3947301,0.04130018,-0.7762064,0.3193206,-0.6427202,0.625981,0.3051113,
1,20,59.381,0.3947301,0.04130018,-0.7762064,0.3193206,-0.6427202,0.625981,0.3051113,
1,20,59.383,0.3947301,0.04130018,-0.7762064,0.3193206,-0.6427202,0.625981,0.3051113,
1,20,59.385,0.3947531,0.04138099,-0.7762738,0.319355,-0.6426612,0.6260139,0.3051322,
1,20,59.387,0.3947531,0.04138099,-0.7762738,0.319355,-0.6426612,0.6260139,0.3051322,
1,20,59.389,0.3947531,0.04138099,-0.7762738,0.319355,-0.6426612,0.6260139,0.3051322,
1,20,59.391,0.3947531,0.04138099,-0.7762738,0.319355,-0.6426612,0.6260139,0.3051322,
1,20,59.393,0.3947951,0.04155571,-0.7763845,0.3194486,-0.6425087,0.626075,0.3052298,
1,20,59.395,0.3947951,0.04155571,-0.7763845,0.3194486,-0.6425087,0.626075,0.3052298,
1,20,59.397,0.3947951,0.04155571,-0.7763845,0.3194486,-0.6425087,0.626075,0.3052298,
1,20,59.399,0.3947951,0.04155571,-0.7763845,0.3194486,-0.6425087,0.626075,0.3052298,
1,20,59.401,0.3947921,0.04159012,-0.7763883,0.3194286,-0.6424518,0.6261111,0.3052968,
1,20,59.403,0.3947921,0.04159012,-0.7763883,0.3194286,-0.6424518,0.6261111,0.3052968,
1,20,59.405,0.3947921,0.04159012,-0.7763883,0.3194286,-0.6424518,0.6261111,0.3052968,
1,20,59.407,0.3947921,0.04159012,-0.7763883,0.3194286,-0.6424518,0.6261111,0.3052968,
1,20,59.409,0.3947771,0.04154588,-0.7764,0.3194108,-0.6424619,0.6260862,0.3053451,
1,20,59.411,0.3947771,0.04154588,-0.7764,0.3194108,-0.6424619,0.6260862,0.3053451,
1,20,59.413,0.3947771,0.04154588,-0.7764,0.3194108,-0.6424619,0.6260862,0.3053451,
1,20,59.415,0.3947771,0.04154588,-0.7764,0.3194108,-0.6424619,0.6260862,0.3053451,
1,20,59.417,0.3947771,0.04154588,-0.7764,0.3194108,-0.6424619,0.6260862,0.3053451,
1,20,59.419,0.39483,0.04156299,-0.7764076,0.3194549,-0.642483,0.6260971,0.305232,
1,20,59.421,0.39483,0.04156299,-0.7764076,0.3194549,-0.642483,0.6260971,0.305232,
1,20,59.423,0.39483,0.04156299,-0.7764076,0.3194549,-0.642483,0.6260971,0.305232,
1,20,59.425,0.39483,0.04156299,-0.7764076,0.3194549,-0.642483,0.6260971,0.305232,
1,20,59.427,0.3948414,0.04155048,-0.7763975,0.3194818,-0.6425138,0.6260617,0.305212,
1,20,59.429,0.3948414,0.04155048,-0.7763975,0.3194818,-0.6425138,0.6260617,0.305212,
1,20,59.431,0.3948414,0.04155048,-0.7763975,0.3194818,-0.6425138,0.6260617,0.305212,
1,20,59.433,0.3948414,0.04155048,-0.7763975,0.3194818,-0.6425138,0.6260617,0.305212,
1,20,59.435,0.3947994,0.04154363,-0.7763566,0.3194298,-0.642529,0.6260899,0.3051766,
1,20,59.437,0.3947994,0.04154363,-0.7763566,0.3194298,-0.642529,0.6260899,0.3051766,
1,20,59.439,0.3947994,0.04154363,-0.7763566,0.3194298,-0.642529,0.6260899,0.3051766,
1,20,59.441,0.3947994,0.04154363,-0.7763566,0.3194298,-0.642529,0.6260899,0.3051766,
1,20,59.443,0.3947884,0.04153531,-0.7763871,0.3194413,-0.6424839,0.6260772,0.3052853,
1,20,59.445,0.3947884,0.04153531,-0.7763871,0.3194413,-0.6424839,0.6260772,0.3052853,
1,20,59.447,0.3947884,0.04153531,-0.7763871,0.3194413,-0.6424839,0.6260772,0.3052853,
1,20,59.449,0.3947884,0.04153531,-0.7763871,0.3194413,-0.6424839,0.6260772,0.3052853,
1,20,59.451,0.3948307,0.04156107,-0.7763983,0.3194568,-0.6424844,0.6260978,0.3052257,
1,20,59.453,0.3948307,0.04156107,-0.7763983,0.3194568,-0.6424844,0.6260978,0.3052257,
1,20,59.455,0.3948307,0.04156107,-0.7763983,0.3194568,-0.6424844,0.6260978,0.3052257,
1,20,59.457,0.3948307,0.04156107,-0.7763983,0.3194568,-0.6424844,0.6260978,0.3052257,
1,20,59.459,0.3948266,0.04153067,-0.7763894,0.3194733,-0.6425424,0.6260657,0.3051521,
1,20,59.461,0.3948266,0.04153067,-0.7763894,0.3194733,-0.6425424,0.6260657,0.3051521,
1,20,59.463,0.3948266,0.04153067,-0.7763894,0.3194733,-0.6425424,0.6260657,0.3051521,
1,20,59.465,0.3948266,0.04153067,-0.7763894,0.3194733,-0.6425424,0.6260657,0.3051521,
1,20,59.467,0.3948266,0.04153067,-0.7763894,0.3194733,-0.6425424,0.6260657,0.3051521,
1,20,59.469,0.3947817,0.04149085,-0.7763145,0.319396,-0.6425955,0.6260486,0.3051562,
1,20,59.471,0.3947817,0.04149085,-0.7763145,0.319396,-0.6425955,0.6260486,0.3051562,
1,20,59.473,0.3947817,0.04149085,-0.7763145,0.319396,-0.6425955,0.6260486,0.3051562,
1,20,59.475,0.3947817,0.04149085,-0.7763145,0.319396,-0.6425955,0.6260486,0.3051562,
1,20,59.477,0.3947741,0.0414584,-0.776301,0.3193927,-0.6426236,0.6260249,0.3051493,
1,20,59.479,0.3947741,0.0414584,-0.776301,0.3193927,-0.6426236,0.6260249,0.3051493,
1,20,59.481,0.3947741,0.0414584,-0.776301,0.3193927,-0.6426236,0.6260249,0.3051493,
1,20,59.483,0.3947741,0.0414584,-0.776301,0.3193927,-0.6426236,0.6260249,0.3051493,
1,20,59.485,0.3947711,0.04153709,-0.7763553,0.3194354,-0.6425037,0.6260775,0.3052492,
1,20,59.487,0.3947711,0.04153709,-0.7763553,0.3194354,-0.6425037,0.6260775,0.3052492,
1,20,59.489,0.3947711,0.04153709,-0.7763553,0.3194354,-0.6425037,0.6260775,0.3052492,
1,20,59.491,0.3947711,0.04153709,-0.7763553,0.3194354,-0.6425037,0.6260775,0.3052492,
1,20,59.493,0.394817,0.04154474,-0.7763981,0.3194093,-0.6424649,0.6261089,0.3052936,
1,20,59.495,0.394817,0.04154474,-0.7763981,0.3194093,-0.6424649,0.6261089,0.3052936,
1,20,59.497,0.394817,0.04154474,-0.7763981,0.3194093,-0.6424649,0.6261089,0.3052936,
1,20,59.499,0.394817,0.04154474,-0.7763981,0.3194093,-0.6424649,0.6261089,0.3052936,
1,20,59.501,0.3948151,0.04157821,-0.7763889,0.3194388,-0.6424602,0.626109,0.3052727,
1,20,59.503,0.3948151,0.04157821,-0.7763889,0.3194388,-0.6424602,0.626109,0.3052727,
1,20,59.505,0.3948151,0.04157821,-0.7763889,0.3194388,-0.6424602,0.626109,0.3052727,
1,20,59.507,0.3948151,0.04157821,-0.7763889,0.3194388,-0.6424602,0.626109,0.3052727,
1,20,59.509,0.3948103,0.04149355,-0.7763773,0.3194149,-0.6425511,0.6260545,0.3052181,
1,20,59.511,0.3948103,0.04149355,-0.7763773,0.3194149,-0.6425511,0.6260545,0.3052181,
1,20,59.513,0.3948103,0.04149355,-0.7763773,0.3194149,-0.6425511,0.6260545,0.3052181,
1,20,59.515,0.3948103,0.04149355,-0.7763773,0.3194149,-0.6425511,0.6260545,0.3052181,
1,20,59.517,0.3948103,0.04149355,-0.7763773,0.3194149,-0.6425511,0.6260545,0.3052181,
1,20,59.519,0.3947565,0.04130537,-0.7762798,0.3193916,-0.6426609,0.6259401,0.3052459,
1,20,59.521,0.3947565,0.04130537,-0.7762798,0.3193916,-0.6426609,0.6259401,0.3052459,
1,20,59.523,0.3947565,0.04130537,-0.7762798,0.3193916,-0.6426609,0.6259401,0.3052459,
1,20,59.525,0.3947565,0.04130537,-0.7762798,0.3193916,-0.6426609,0.6259401,0.3052459,
1,20,59.527,0.3947591,0.04123103,-0.7762564,0.3193497,-0.6427255,0.6259094,0.3052168,
1,20,59.529,0.3947591,0.04123103,-0.7762564,0.3193497,-0.6427255,0.6259094,0.3052168,
1,20,59.531,0.3947591,0.04123103,-0.7762564,0.3193497,-0.6427255,0.6259094,0.3052168,
1,20,59.533,0.3947591,0.04123103,-0.7762564,0.3193497,-0.6427255,0.6259094,0.3052168,
1,20,59.535,0.3947649,0.0412398,-0.7762547,0.3193199,-0.6427193,0.6259372,0.3052037,
1,20,59.537,0.3947649,0.0412398,-0.7762547,0.3193199,-0.6427193,0.6259372,0.3052037,
1,20,59.539,0.3947649,0.0412398,-0.7762547,0.3193199,-0.6427193,0.6259372,0.3052037,
1,20,59.541,0.3947649,0.0412398,-0.7762547,0.3193199,-0.6427193,0.6259372,0.3052037,
1,20,59.543,0.3947493,0.0412224,-0.7762482,0.3193285,-0.642732,0.6259328,0.305177,
1,20,59.545,0.3947493,0.0412224,-0.7762482,0.3193285,-0.642732,0.6259328,0.305177,
1,20,59.547,0.3947493,0.0412224,-0.7762482,0.3193285,-0.642732,0.6259328,0.305177,
1,20,59.549,0.3947493,0.0412224,-0.7762482,0.3193285,-0.642732,0.6259328,0.305177,
1,20,59.551,0.394736,0.04121576,-0.7762475,0.3193581,-0.6427218,0.6258937,0.305248,
1,20,59.553,0.394736,0.04121576,-0.7762475,0.3193581,-0.6427218,0.6258937,0.305248,
1,20,59.555,0.394736,0.04121576,-0.7762475,0.3193581,-0.6427218,0.6258937,0.305248,
1,20,59.557,0.394736,0.04121576,-0.7762475,0.3193581,-0.6427218,0.6258937,0.305248,
1,20,59.559,0.3947251,0.04122812,-0.7761961,0.3193432,-0.6427695,0.6259236,0.3051016,
1,20,59.561,0.3947251,0.04122812,-0.7761961,0.3193432,-0.6427695,0.6259236,0.3051016,
1,20,59.563,0.3947251,0.04122812,-0.7761961,0.3193432,-0.6427695,0.6259236,0.3051016,
1,20,59.565,0.3947251,0.04122812,-0.7761961,0.3193432,-0.6427695,0.6259236,0.3051016,
1,20,59.567,0.3947251,0.04122812,-0.7761961,0.3193432,-0.6427695,0.6259236,0.3051016,
1,20,59.569,0.394754,0.04123226,-0.7762463,0.3193491,-0.6427471,0.6259143,0.3051617,
1,20,59.571,0.394754,0.04123226,-0.7762463,0.3193491,-0.6427471,0.6259143,0.3051617,
1,20,59.573,0.394754,0.04123226,-0.7762463,0.3193491,-0.6427471,0.6259143,0.3051617,
1,20,59.575,0.394754,0.04123226,-0.7762463,0.3193491,-0.6427471,0.6259143,0.3051617,
1,20,59.577,0.3947747,0.04125491,-0.7762408,0.3193716,-0.6427427,0.6259345,0.305106,
1,20,59.579,0.3947747,0.04125491,-0.7762408,0.3193716,-0.6427427,0.6259345,0.305106,
1,20,59.581,0.3947747,0.04125491,-0.7762408,0.3193716,-0.6427427,0.6259345,0.305106,
1,20,59.583,0.3947747,0.04125491,-0.7762408,0.3193716,-0.6427427,0.6259345,0.305106,
1,20,59.585,0.3947796,0.04119373,-0.7762548,0.3193766,-0.6427572,0.6258863,0.305169,
1,20,59.587,0.3947796,0.04119373,-0.7762548,0.3193766,-0.6427572,0.6258863,0.305169,
1,20,59.589,0.3947796,0.04119373,-0.7762548,0.3193766,-0.6427572,0.6258863,0.305169,
1,20,59.591,0.3947796,0.04119373,-0.7762548,0.3193766,-0.6427572,0.6258863,0.305169,
1,20,59.593,0.3947867,0.04119474,-0.776261,0.3193628,-0.6427638,0.6258935,0.3051547,
1,20,59.595,0.3947867,0.04119474,-0.776261,0.3193628,-0.6427638,0.6258935,0.3051547,
1,20,59.597,0.3947867,0.04119474,-0.776261,0.3193628,-0.6427638,0.6258935,0.3051547,
1,20,59.599,0.3947867,0.04119474,-0.776261,0.3193628,-0.6427638,0.6258935,0.3051547,
1,20,59.601,0.3947842,0.04113355,-0.7762643,0.3193666,-0.6427931,0.6258439,0.305191,
1,20,59.603,0.3947842,0.04113355,-0.7762643,0.3193666,-0.6427931,0.6258439,0.305191,
1,20,59.605,0.3947842,0.04113355,-0.7762643,0.3193666,-0.6427931,0.6258439,0.305191,
1,20,59.607,0.3947842,0.04113355,-0.7762643,0.3193666,-0.6427931,0.6258439,0.305191,
1,20,59.609,0.3948174,0.04115297,-0.7762904,0.3193685,-0.6427819,0.6258668,0.3051656,
1,20,59.611,0.3948174,0.04115297,-0.7762904,0.3193685,-0.6427819,0.6258668,0.3051656,
1,20,59.613,0.3948174,0.04115297,-0.7762904,0.3193685,-0.6427819,0.6258668,0.3051656,
1,20,59.615,0.3948174,0.04115297,-0.7762904,0.3193685,-0.6427819,0.6258668,0.3051656,
1,20,59.617,0.3948174,0.04115297,-0.7762904,0.3193685,-0.6427819,0.6258668,0.3051656,
1,20,59.619,0.3948665,0.04113713,-0.776327,0.3194337,-0.6428162,0.625814,0.3051335,
1,20,59.621,0.3948665,0.04113713,-0.776327,0.3194337,-0.6428162,0.625814,0.3051335,
1,20,59.623,0.3948665,0.04113713,-0.776327,0.3194337,-0.6428162,0.625814,0.3051335,
1,20,59.625,0.3948665,0.04113713,-0.776327,0.3194337,-0.6428162,0.625814,0.3051335,
1,20,59.627,0.3948609,0.04119682,-0.7764064,0.3194592,-0.6427246,0.6258399,0.3052464,
1,20,59.629,0.3948609,0.04119682,-0.7764064,0.3194592,-0.6427246,0.6258399,0.3052464,
1,20,59.631,0.3948609,0.04119682,-0.7764064,0.3194592,-0.6427246,0.6258399,0.3052464,
1,20,59.633,0.3948609,0.04119682,-0.7764064,0.3194592,-0.6427246,0.6258399,0.3052464,
1,20,59.635,0.3949252,0.04123135,-0.7764648,0.3195029,-0.6426983,0.6258546,0.3052259,
1,20,59.637,0.3949252,0.04123135,-0.7764648,0.3195029,-0.6426983,0.6258546,0.3052259,
1,20,59.639,0.3949252,0.04123135,-0.7764648,0.3195029,-0.6426983,0.6258546,0.3052259,
1,20,59.641,0.3949252,0.04123135,-0.7764648,0.3195029,-0.6426983,0.6258546,0.3052259,
1,20,59.643,0.3949905,0.04133548,-0.7765466,0.3195844,-0.6426308,0.6258778,0.305235,
1,20,59.645,0.3949905,0.04133548,-0.7765466,0.3195844,-0.6426308,0.6258778,0.305235,
1,20,59.647,0.3949905,0.04133548,-0.7765466,0.3195844,-0.6426308,0.6258778,0.305235,
1,20,59.649,0.3949905,0.04133548,-0.7765466,0.3195844,-0.6426308,0.6258778,0.305235,
1,20,59.651,0.3950328,0.04135787,-0.7766693,0.3196133,-0.6425741,0.6258798,0.3053205,
1,20,59.653,0.3950328,0.04135787,-0.7766693,0.3196133,-0.6425741,0.6258798,0.3053205,
1,20,59.655,0.3950328,0.04135787,-0.7766693,0.3196133,-0.6425741,0.6258798,0.3053205,
1,20,59.657,0.3950328,0.04135787,-0.7766693,0.3196133,-0.6425741,0.6258798,0.3053205,
1,20,59.659,0.3950419,0.04140338,-0.7766876,0.3196017,-0.642529,0.6259153,0.3053544,
1,20,59.661,0.3950419,0.04140338,-0.7766876,0.3196017,-0.642529,0.6259153,0.3053544,
1,20,59.663,0.3950419,0.04140338,-0.7766876,0.3196017,-0.642529,0.6259153,0.3053544,
1,20,59.665,0.3950419,0.04140338,-0.7766876,0.3196017,-0.642529,0.6259153,0.3053544,
1,20,59.667,0.3950419,0.04140338,-0.7766876,0.3196017,-0.642529,0.6259153,0.3053544,
1,20,59.669,0.3951111,0.04145503,-0.7767571,0.3196665,-0.6424912,0.6259152,0.3053662,
1,20,59.671,0.3951111,0.04145503,-0.7767571,0.3196665,-0.6424912,0.6259152,0.3053662,
1,20,59.673,0.3951111,0.04145503,-0.7767571,0.3196665,-0.6424912,0.6259152,0.3053662,
1,20,59.675,0.3951111,0.04145503,-0.7767571,0.3196665,-0.6424912,0.6259152,0.3053662,
1,20,59.677,0.3950863,0.04141502,-0.7767558,0.3196901,-0.6425354,0.6258667,0.305348,
1,20,59.679,0.3950863,0.04141502,-0.7767558,0.3196901,-0.6425354,0.6258667,0.305348,
1,20,59.681,0.3950863,0.04141502,-0.7767558,0.3196901,-0.6425354,0.6258667,0.305348,
1,20,59.683,0.3950863,0.04141502,-0.7767558,0.3196901,-0.6425354,0.6258667,0.305348,
1,20,59.685,0.3950686,0.04140706,-0.7767922,0.3197083,-0.6424872,0.6258422,0.3054807,
1,20,59.687,0.3950686,0.04140706,-0.7767922,0.3197083,-0.6424872,0.6258422,0.3054807,
1,20,59.689,0.3950686,0.04140706,-0.7767922,0.3197083,-0.6424872,0.6258422,0.3054807,
1,20,59.691,0.3950686,0.04140706,-0.7767922,0.3197083,-0.6424872,0.6258422,0.3054807,
1,20,59.693,0.3951049,0.04148664,-0.776768,0.3197002,-0.6425005,0.625903,0.3053364,
1,20,59.695,0.3951049,0.04148664,-0.776768,0.3197002,-0.6425005,0.625903,0.3053364,
1,20,59.697,0.3951049,0.04148664,-0.776768,0.3197002,-0.6425005,0.625903,0.3053364,
1,20,59.699,0.3951049,0.04148664,-0.776768,0.3197002,-0.6425005,0.625903,0.3053364,
1,20,59.701,0.3950733,0.0414345,-0.7767681,0.3196445,-0.6425311,0.6258979,0.3053409,
1,20,59.703,0.3950733,0.0414345,-0.7767681,0.3196445,-0.6425311,0.6258979,0.3053409,
1,20,59.705,0.3950733,0.0414345,-0.7767681,0.3196445,-0.6425311,0.6258979,0.3053409,
1,20,59.707,0.3950733,0.0414345,-0.7767681,0.3196445,-0.6425311,0.6258979,0.3053409,
1,20,59.709,0.3950939,0.04146722,-0.7767969,0.3196717,-0.6424754,0.6259178,0.305389,
1,20,59.711,0.3950939,0.04146722,-0.7767969,0.3196717,-0.6424754,0.6259178,0.305389,
1,20,59.713,0.3950939,0.04146722,-0.7767969,0.3196717,-0.6424754,0.6259178,0.305389,
1,20,59.715,0.3950939,0.04146722,-0.7767969,0.3196717,-0.6424754,0.6259178,0.305389,
1,20,59.717,0.3950939,0.04146722,-0.7767969,0.3196717,-0.6424754,0.6259178,0.305389,
1,20,59.719,0.3951342,0.04144832,-0.7768643,0.319733,-0.6424461,0.6258705,0.3054831,
1,20,59.721,0.3951342,0.04144832,-0.7768643,0.319733,-0.6424461,0.6258705,0.3054831,
1,20,59.723,0.3951342,0.04144832,-0.7768643,0.319733,-0.6424461,0.6258705,0.3054831,
1,20,59.725,0.3951342,0.04144832,-0.7768643,0.319733,-0.6424461,0.6258705,0.3054831,
1,20,59.727,0.3951848,0.04145319,-0.7768821,0.319713,-0.6424531,0.6258787,0.3054728,
1,20,59.729,0.3951848,0.04145319,-0.7768821,0.319713,-0.6424531,0.6258787,0.3054728,
1,20,59.731,0.3951848,0.04145319,-0.7768821,0.319713,-0.6424531,0.6258787,0.3054728,
1,20,59.733,0.3951848,0.04145319,-0.7768821,0.319713,-0.6424531,0.6258787,0.3054728,
1,20,59.735,0.3951322,0.0414576,-0.7768618,0.3196931,-0.6424329,0.6258976,0.3054972,
1,20,59.737,0.3951322,0.0414576,-0.7768618,0.3196931,-0.6424329,0.6258976,0.3054972,
1,20,59.739,0.3951322,0.0414576,-0.7768618,0.3196931,-0.6424329,0.6258976,0.3054972,
1,20,59.741,0.3951322,0.0414576,-0.7768618,0.3196931,-0.6424329,0.6258976,0.3054972,
1,20,59.743,0.395119,0.04147793,-0.7768564,0.3197074,-0.6424232,0.6259009,0.3054961,
1,20,59.745,0.395119,0.04147793,-0.7768564,0.3197074,-0.6424232,0.6259009,0.3054961,
1,20,59.747,0.395119,0.04147793,-0.7768564,0.3197074,-0.6424232,0.6259009,0.3054961,
1,20,59.749,0.395119,0.04147793,-0.7768564,0.3197074,-0.6424232,0.6259009,0.3054961,
1,20,59.751,0.3951413,0.04136422,-0.7768826,0.3197337,-0.6424965,0.6258035,0.3055138,
1,20,59.753,0.3951413,0.04136422,-0.7768826,0.3197337,-0.6424965,0.6258035,0.3055138,
1,20,59.755,0.3951413,0.04136422,-0.7768826,0.3197337,-0.6424965,0.6258035,0.3055138,CourtEnter
1,20,59.757,0.3951413,0.04136422,-0.7768826,0.3197337,-0.6424965,0.6258035,0.3055138,
1,20,59.759,0.3951335,0.04140996,-0.776882,0.3197266,-0.6424694,0.625842,0.3054993,
1,20,59.761,0.3951335,0.04140996,-0.776882,0.3197266,-0.6424694,0.625842,0.3054993,
1,20,59.763,0.3951335,0.04140996,-0.776882,0.3197266,-0.6424694,0.625842,0.3054993,
1,20,59.765,0.3951335,0.04140996,-0.776882,0.3197266,-0.6424694,0.625842,0.3054993,
1,20,59.767,0.3951335,0.04140996,-0.776882,0.3197266,-0.6424694,0.625842,0.3054993,CourtExit
1,20,59.769,0.3951155,0.04147881,-0.7768134,0.3197033,-0.6424636,0.6259073,0.3054021,
1,20,59.771,0.3951155,0.04147881,-0.7768134,0.3197033,-0.6424636,0.6259073,0.3054021,
1,20,59.773,0.3951155,0.04147881,-0.7768134,0.3197033,-0.6424636,0.6259073,0.3054021,
1,20,59.775,0.3951155,0.04147881,-0.7768134,0.3197033,-0.6424636,0.6259073,0.3054021,
1,20,59.777,0.395152,0.04142479,-0.7768687,0.3197208,-0.6424742,0.6258469,0.3054852,
1,20,59.779,0.395152,0.04142479,-0.7768687,0.3197208,-0.6424742,0.6258469,0.3054852,
1,20,59.781,0.395152,0.04142479,-0.7768687,0.3197208,-0.6424742,0.6258469,0.3054852,
1,20,59.783,0.395152,0.04142479,-0.7768687,0.3197208,-0.6424742,0.6258469,0.3054852,
1,20,59.785,0.3951225,0.04145144,-0.7768124,0.3196775,-0.6424749,0.6259019,0.3054162,
1,20,59.787,0.3951225,0.04145144,-0.7768124,0.3196775,-0.6424749,0.6259019,0.3054162,
1,20,59.789,0.3951225,0.04145144,-0.7768124,0.3196775,-0.6424749,0.6259019,0.3054162,
1,20,59.791,0.3951225,0.04145144,-0.7768124,0.3196775,-0.6424749,0.6259019,0.3054162,
1,20,59.793,0.3951251,0.0413942,-0.7768698,0.3197145,-0.6424843,0.6258353,0.3054941,
1,20,59.795,0.3951251,0.0413942,-0.7768698,0.3197145,-0.6424843,0.6258353,0.3054941,
1,20,59.797,0.3951251,0.0413942,-0.7768698,0.3197145,-0.6424843,0.6258353,0.3054941,
1,20,59.799,0.3951251,0.0413942,-0.7768698,0.3197145,-0.6424843,0.6258353,0.3054941,
1,20,59.801,0.3950824,0.04145962,-0.7767785,0.3196855,-0.6424602,0.6258959,0.3054512,
1,20,59.803,0.3950824,0.04145962,-0.7767785,0.3196855,-0.6424602,0.6258959,0.3054512,
1,20,59.805,0.3950824,0.04145962,-0.7767785,0.3196855,-0.6424602,0.6258959,0.3054512,
1,20,59.807,0.3950824,0.04145962,-0.7767785,0.3196855,-0.6424602,0.6258959,0.3054512,
1,20,59.809,0.3951031,0.04139148,-0.7768294,0.3196621,-0.6424863,0.625879,0.3054555,
1,20,59.811,0.3951031,0.04139148,-0.7768294,0.3196621,-0.6424863,0.625879,0.3054555,
1,20,59.813,0.3951031,0.04139148,-0.7768294,0.3196621,-0.6424863,0.625879,0.3054555,
1,20,59.815,0.3951031,0.04139148,-0.7768294,0.3196621,-0.6424863,0.625879,0.3054555,
1,20,59.817,0.3951031,0.04139148,-0.7768294,0.3196621,-0.6424863,0.625879,0.3054555,
1,20,59.819,0.3951252,0.04145954,-0.7768285,0.3196772,-0.6424497,0.625915,0.3054431,
1,20,59.821,0.3951252,0.04145954,-0.7768285,0.3196772,-0.6424497,0.625915,0.3054431,
1,20,59.823,0.3951252,0.04145954,-0.7768285,0.3196772,-0.6424497,0.625915,0.3054431,
1,20,59.825,0.3951252,0.04145954,-0.7768285,0.3196772,-0.6424497,0.625915,0.3054431,
1,20,59.827,0.3950481,0.04149684,-0.7767299,0.3196646,-0.6424881,0.6259287,0.3053472,
1,20,59.829,0.3950481,0.04149684,-0.7767299,0.3196646,-0.6424881,0.6259287,0.3053472,
1,20,59.831,0.3950481,0.04149684,-0.7767299,0.3196646,-0.6424881,0.6259287,0.3053472,
1,20,59.833,0.3950481,0.04149684,-0.7767299,0.3196646,-0.6424881,0.6259287,0.3053472,
1,20,59.835,0.3951271,0.04145033,-0.7768509,0.319746,-0.6424464,0.6258515,0.3055078,
1,20,59.837,0.3951271,0.04145033,-0.7768509,0.319746,-0.6424464,0.6258515,0.3055078,
1,20,59.839,0.3951271,0.04145033,-0.7768509,0.319746,-0.6424464,0.6258515,0.3055078,
1,20,59.841,0.3951271,0.04145033,-0.7768509,0.319746,-0.6424464,0.6258515,0.3055078,
1,20,59.843,0.3951901,0.04140949,-0.776909,0.3197677,-0.6424775,0.625814,0.3054967,
1,20,59.845,0.3951901,0.04140949,-0.776909,0.3197677,-0.6424775,0.625814,0.3054967,
1,20,59.847,0.3951901,0.04140949,-0.776909,0.3197677,-0.6424775,0.625814,0.3054967,
1,20,59.849,0.3951901,0.04140949,-0.776909,0.3197677,-0.6424775,0.625814,0.3054967,
1,20,59.851,0.3951294,0.04148038,-0.7768151,0.3197127,-0.6424615,0.6259038,0.3054038,
1,20,59.853,0.3951294,0.04148038,-0.7768151,0.3197127,-0.6424615,0.6259038,0.3054038,
1,20,59.855,0.3951294,0.04148038,-0.7768151,0.3197127,-0.6424615,0.6259038,0.3054038,
1,20,59.857,0.3951294,0.04148038,-0.7768151,0.3197127,-0.6424615,0.6259038,0.3054038,
1,20,59.859,0.3951104,0.04154098,-0.7767836,0.3197093,-0.6424376,0.6259516,0.3053599,
1,20,59.861,0.3951104,0.04154098,-0.7767836,0.3197093,-0.6424376,0.6259516,0.3053599,
1,20,59.863,0.3951104,0.04154098,-0.7767836,0.3197093,-0.6424376,0.6259516,0.3053599,
1,20,59.865,0.3951104,0.04154098,-0.7767836,0.3197093,-0.6424376,0.6259516,0.3053599,
1,20,59.867,0.3951104,0.04154098,-0.7767836,0.3197093,-0.6424376,0.6259516,0.3053599,
1,20,59.869,0.3951785,0.0414758,-0.7768312,0.3197573,-0.6424786,0.6258806,0.3053688,
1,20,59.871,0.3951785,0.0414758,-0.7768312,0.3197573,-0.6424786,0.6258806,0.3053688,
1,20,59.873,0.3951785,0.0414758,-0.7768312,0.3197573,-0.6424786,0.6258806,0.3053688,
1,20,59.875,0.3951785,0.0414758,-0.7768312,0.3197573,-0.6424786,0.6258806,0.3053688,
1,20,59.877,0.3951272,0.04140597,-0.7768209,0.3197148,-0.6425168,0.625856,0.3053831,
1,20,59.879,0.3951272,0.04140597,-0.7768209,0.3197148,-0.6425168,0.625856,0.3053831,
1,20,59.881,0.3951272,0.04140597,-0.7768209,0.3197148,-0.6425168,0.625856,0.3053831,
1,20,59.883,0.3951272,0.04140597,-0.7768209,0.3197148,-0.6425168,0.625856,0.3053831,
1,20,59.885,0.395088,0.04137627,-0.7768178,0.3196681,-0.6425198,0.6258561,0.3054256,
1,20,59.887,0.395088,0.04137627,-0.7768178,0.3196681,-0.6425198,0.6258561,0.3054256,
1,20,59.889,0.395088,0.04137627,-0.7768178,0.3196681,-0.6425198,0.6258561,0.3054256,
1,20,59.891,0.395088,0.04137627,-0.7768178,0.3196681,-0.6425198,0.6258561,0.3054256,
1,20,59.893,0.3951206,0.04142492,-0.7768022,0.3196979,-0.642511,0.6258746,0.3053751,
1,20,59.895,0.3951206,0.04142492,-0.7768022,0.3196979,-0.642511,0.6258746,0.3053751,
1,20,59.897,0.3951206,0.04142492,-0.7768022,0.3196979,-0.642511,0.6258746,0.3053751,
1,20,59.899,0.3951206,0.04142492,-0.7768022,0.3196979,-0.642511,0.6258746,0.3053751,
1,20,59.901,0.3951094,0.04147636,-0.7767843,0.3197033,-0.6424463,0.625893,0.3054677,
1,20,59.903,0.3951094,0.04147636,-0.7767843,0.3197033,-0.6424463,0.625893,0.3054677,
1,20,59.905,0.3951094,0.04147636,-0.7767843,0.3197033,-0.6424463,0.625893,0.3054677,
1,20,59.907,0.3951094,0.04147636,-0.7767843,0.3197033,-0.6424463,0.625893,0.3054677,
1,20,59.909,0.3950922,0.04137604,-0.7768421,0.3196906,-0.6424845,0.6258397,0.30551,
1,20,59.911,0.3950922,0.04137604,-0.7768421,0.3196906,-0.6424845,0.6258397,0.30551,
1,20,59.913,0.3950922,0.04137604,-0.7768421,0.3196906,-0.6424845,0.6258397,0.30551,
1,20,59.915,0.3950922,0.04137604,-0.7768421,0.3196906,-0.6424845,0.6258397,0.30551,
1,20,59.917,0.3950922,0.04137604,-0.7768421,0.3196906,-0.6424845,0.6258397,0.30551,
1,20,59.919,0.3951508,0.04145417,-0.7768748,0.3197333,-0.6424223,0.6258755,0.305523,
1,20,59.921,0.3951508,0.04145417,-0.7768748,0.3197333,-0.6424223,0.6258755,0.305523,
1,20,59.923,0.3951508,0.04145417,-0.7768748,0.3197333,-0.6424223,0.6258755,0.305523,
1,20,59.925,0.3951508,0.04145417,-0.7768748,0.3197333,-0.6424223,0.6258755,0.305523,
1,20,59.927,0.3951269,0.04147399,-0.7768533,0.3197027,-0.6424199,0.6259044,0.3055004,
1,20,59.929,0.3951269,0.04147399,-0.7768533,0.3197027,-0.6424199,0.6259044,0.3055004,
1,20,59.931,0.3951269,0.04147399,-0.7768533,0.3197027,-0.6424199,0.6259044,0.3055004,
1,20,59.933,0.3951269,0.04147399,-0.7768533,0.3197027,-0.6424199,0.6259044,0.3055004,
1,20,59.935,0.3950916,0.04147659,-0.7767766,0.3196305,-0.6424317,0.6259422,0.3054737,
1,20,59.937,0.3950916,0.04147659,-0.7767766,0.3196305,-0.6424317,0.6259422,0.3054737,
1,20,59.939,0.3950916,0.04147659,-0.7767766,0.3196305,-0.6424317,0.6259422,0.3054737,
1,20,59.941,0.3950916,0.04147659,-0.7767766,0.3196305,-0.6424317,0.6259422,0.3054737,
1,20,59.943,0.3951065,0.04152869,-0.7767816,0.3196994,-0.6424308,0.6259551,0.3053769,
1,20,59.945,0.3951065,0.04152869,-0.7767816,0.3196994,-0.6424308,0.6259551,0.3053769,
1,20,59.947,0.3951065,0.04152869,-0.7767816,0.3196994,-0.6424308,0.6259551,0.3053769,
1,20,59.949,0.3951065,0.04152869,-0.7767816,0.3196994,-0.6424308,0.6259551,0.3053769,
1,20,59.951,0.3951435,0.04145389,-0.7768835,0.3197586,-0.6424385,0.6258662,0.3054813,
1,20,59.953,0.3951435,0.04145389,-0.7768835,0.3197586,-0.6424385,0.6258662,0.3054813,
1,20,59.955,0.3951435,0.04145389,-0.7768835,0.3197586,-0.6424385,0.6258662,0.3054813,
1,20,59.957,0.3951435,0.04145389,-0.7768835,0.3197586,-0.6424385,0.6258662,0.3054813,
1,20,59.959,0.3951392,0.04146757,-0.7768623,0.3197096,-0.6424395,0.6259034,0.3054543,
1,20,59.961,0.3951392,0.04146757,-0.7768623,0.3197096,-0.6424395,0.6259034,0.3054543,
1,20,59.963,0.3951392,0.04146757,-0.7768623,0.3197096,-0.6424395,0.6259034,0.3054543,
1,20,59.965,0.3951392,0.04146757,-0.7768623,0.3197096,-0.6424395,0.6259034,0.3054543,
1,20,59.967,0.3951392,0.04146757,-0.7768623,0.3197096,-0.6424395,0.6259034,0.3054543,
1,20,59.969,0.3950957,0.04144065,-0.7767668,0.3196914,-0.6425119,0.6258886,0.3053513,
1,20,59.971,0.3950957,0.04144065,-0.7767668,0.3196914,-0.6425119,0.6258886,0.3053513,
1,20,59.973,0.3950957,0.04144065,-0.7767668,0.3196914,-0.6425119,0.6258886,0.3053513,
1,20,59.975,0.3950957,0.04144065,-0.7767668,0.3196914,-0.6425119,0.6258886,0.3053513,
1,20,59.977,0.3950748,0.04145228,-0.776765,0.3196636,-0.6424847,0.6259155,0.3053824,
1,20,59.979,0.3950748,0.04145228,-0.776765,0.3196636,-0.6424847,0.6259155,0.3053824,
1,20,59.981,0.3950748,0.04145228,-0.776765,0.3196636,-0.6424847,0.6259155,0.3053824,
1,20,59.983,0.3950748,0.04145228,-0.776765,0.3196636,-0.6424847,0.6259155,0.3053824,
1,20,59.985,0.3951079,0.04145052,-0.7767794,0.3197169,-0.6425121,0.6258856,0.3053303,
1,20,59.987,0.3951079,0.04145052,-0.7767794,0.3197169,-0.6425121,0.6258856,0.3053303,
1,20,59.989,0.3951079,0.04145052,-0.7767794,0.3197169,-0.6425121,0.6258856,0.3053303,
1,20,59.991,0.3951079,0.04145052,-0.7767794,0.3197169,-0.6425121,0.6258856,0.3053303,
1,20,59.993,0.3951268,0.0414448,-0.7768148,0.3197184,-0.6424782,0.625888,0.3053949,
1,20,59.995,0.3951268,0.0414448,-0.7768148,0.3197184,-0.6424782,0.625888,0.3053949,
1,20,59.997,0.3951268,0.0414448,-0.7768148,0.3197184,-0.6424782,0.625888,0.3053949,
1,20,59.999,0.3951268,0.0414448,-0.7768148,0.3197184,-0.6424782,0.625888,0.3053949,
1,21,60.001,0.395131,0.04145797,-0.7768344,0.3197294,-0.6424646,0.6258931,0.3054017,CourtExit
1,21,60.003,0.395131,0.04145797,-0.7768344,0.3197294,-0.6424646,0.6258931,0.3054017,
1,21,60.005,0.395131,0.04145797,-0.7768344,0.3197294,-0.6424646,0.6258931,0.3054017,
1,21,60.007,0.395131,0.04145797,-0.7768344,0.3197294,-0.6424646,0.6258931,0.3054017,
1,21,60.009,0.3951302,0.04148767,-0.7768184,0.3197228,-0.6424603,0.625906,0.3053912,
1,21,60.011,0.3951302,0.04148767,-0.7768184,0.3197228,-0.6424603,0.625906,0.3053912,
1,21,60.013,0.3951302,0.04148767,-0.7768184,0.3197228,-0.6424603,0.625906,0.3053912,
1,21,60.015,0.3951302,0.04148767,-0.7768184,0.3197228,-0.6424603,0.625906,0.3053912,
1,21,60.017,0.3951302,0.04148767,-0.7768184,0.3197228,-0.6424603,0.625906,0.3053912,
1,21,60.019,0.3951002,0.04149106,-0.7767805,0.3197045,-0.642466,0.6259199,0.3053699,
1,21,60.021,0.3951002,0.04149106,-0.7767805,0.3197045,-0.642466,0.6259199,0.3053699,
1,21,60.023,0.3951002,0.04149106,-0.7767805,0.3197045,-0.642466,0.6259199,0.3053699,
1,21,60.025,0.3951002,0.04149106,-0.7767805,0.3197045,-0.642466,0.6259199,0.3053699,
1,21,60.027,0.3951004,0.04150902,-0.7767645,0.3197189,-0.642493,0.6259125,0.3053132,
1,21,60.029,0.3951004,0.04150902,-0.7767645,0.3197189,-0.642493,0.6259125,0.3053132,
1,21,60.031,0.3951004,0.04150902,-0.7767645,0.3197189,-0.642493,0.6259125,0.3053132,
1,21,60.033,0.3951004,0.04150902,-0.7767645,0.3197189,-0.642493,0.6259125,0.3053132,
1,21,60.035,0.3950964,0.04147477,-0.7767736,0.3197133,-0.6425098,0.6258919,0.3053259,
1,21,60.037,0.3950964,0.04147477,-0.7767736,0.3197133,-0.6425098,0.6258919,0.3053259,
1,21,60.039,0.3950964,0.04147477,-0.7767736,0.3197133,-0.6425098,0.6258919,0.3053259,
1,21,60.041,0.3950964,0.04147477,-0.7767736,0.3197133,-0.6425098,0.6258919,0.3053259,
1,21,60.043,0.395114,0.0414459,-0.7768002,0.3197148,-0.6424979,0.6258839,0.3053658,
1,21,60.045,0.395114,0.0414459,-0.7768002,0.3197148,-0.6424979,0.6258839,0.3053658,
1,21,60.047,0.395114,0.0414459,-0.7768002,0.3197148,-0.6424979,0.6258839,0.3053658,
1,21,60.049,0.395114,0.0414459,-0.7768002,0.3197148,-0.6424979,0.6258839,0.3053658,
1,21,60.051,0.3951021,0.04143556,-0.7768193,0.3197173,-0.6425055,0.6258682,0.3053794,
1,21,60.053,0.3951021,0.04143556,-0.7768193,0.3197173,-0.6425055,0.6258682,0.3053794,
1,21,60.055,0.3951021,0.04143556,-0.7768193,0.3197173,-0.6425055,0.6258682,0.3053794,
1,21,60.057,0.3951021,0.04143556,-0.7768193,0.3197173,-0.6425055,0.6258682,0.3053794,
1,21,60.059,0.3950811,0.04149307,-0.7767615,0.3196695,-0.642477,0.6259351,0.3053522,
1,21,60.061,0.3950811,0.04149307,-0.7767615,0.3196695,-0.642477,0.6259351,0.3053522,
1,21,60.063,0.3950811,0.04149307,-0.7767615,0.3196695,-0.642477,0.6259351,0.3053522,
1,21,60.065,0.3950811,0.04149307,-0.7767615,0.3196695,-0.642477,0.6259351,0.3053522,
1,21,60.067,0.3950811,0.04149307,-0.7767615,0.3196695,-0.642477,0.6259351,0.3053522,
1,21,60.069,0.3950481,0.04152949,-0.7767391,0.319675,-0.6424441,0.6259667,0.305351,
1,21,60.071,0.3950481,0.04152949,-0.7767391,0.319675,-0.6424441,0.6259667,0.305351,
1,21,60.073,0.3950481,0.04152949,-0.7767391,0.319675,-0.6424441,0.6259667,0.305351,
1,21,60.075,0.3950481,0.04152949,-0.7767391,0.319675,-0.6424441,0.6259667,0.305351,
1,21,60.077,0.3950925,0.04148136,-0.7767768,0.3196986,-0.6424954,0.625906,0.3053429,
1,21,60.079,0.3950925,0.04148136,-0.7767768,0.3196986,-0.6424954,0.625906,0.3053429,
1,21,60.081,0.3950925,0.04148136,-0.7767768,0.3196986,-0.6424954,0.625906,0.3053429,
1,21,60.083,0.3950925,0.04148136,-0.7767768,0.3196986,-0.6424954,0.625906,0.3053429,
1,21,60.085,0.395106,0.04147948,-0.7768255,0.3197046,-0.642453,0.6259149,0.3054075,
1,21,60.087,0.395106,0.04147948,-0.7768255,0.3197046,-0.642453,0.6259149,0.3054075,
1,21,60.089,0.395106,0.04147948,-0.7768255,0.3197046,-0.642453,0.6259149,0.3054075,
1,21,60.091,0.395106,0.04147948,-0.7768255,0.3197046,-0.642453,0.6259149,0.3054075,
1,21,60.093,0.3951192,0.04144501,-0.7768536,0.3197134,-0.6424618,0.6258912,0.3054284,
1,21,60.095,0.3951192,0.04144501,-0.7768536,0.3197134,-0.6424618,0.6258912,0.3054284,
1,21,60.097,0.3951192,0.04144501,-0.7768536,0.3197134,-0.6424618,0.6258912,0.3054284,
1,21,60.099,0.3951192,0.04144501,-0.7768536,0.3197134,-0.6424618,0.6258912,0.3054284,
1,21,60.101,0.3951031,0.04147251,-0.7768197,0.3197084,-0.6424536,0.6259198,0.3053922,
1,21,60.103,0.3951031,0.04147251,-0.7768197,0.3197084,-0.6424536,0.6259198,0.3053922,
1,21,60.105,0.3951031,0.04147251,-0.7768197,0.3197084,-0.6424536,0.6259198,0.3053922,
1,21,60.107,0.3951031,0.04147251,-0.7768197,0.3197084,-0.6424536,0.6259198,0.3053922,
1,21,60.109,0.3951185,0.04137807,-0.7768885,0.3197401,-0.6424983,0.6258202,0.3054692,
1,21,60.111,0.3951185,0.04137807,-0.7768885,0.3197401,-0.6424983,0.6258202,0.3054692,
1,21,60.113,0.3951185,0.04137807,-0.7768885,0.3197401,-0.6424983,0.6258202,0.3054692,
1,21,60.115,0.3951185,0.04137807,-0.7768885,0.3197401,-0.6424983,0.6258202,0.3054692,
1,21,60.117,0.3951185,0.04137807,-0.7768885,0.3197401,-0.6424983,0.6258202,0.3054692,
1,21,60.119,0.3951299,0.04144651,-0.7768404,0.3197368,-0.6424948,0.6258613,0.3053958,
1,21,60.121,0.3951299,0.04144651,-0.7768404,0.3197368,-0.6424948,0.6258613,0.3053958,
1,21,60.123,0.3951299,0.04144651,-0.7768404,0.3197368,-0.6424948,0.6258613,0.3053958,
1,21,60.125,0.3951299,0.04144651,-0.7768404,0.3197368,-0.6424948,0.6258613,0.3053958,
1,21,60.127,0.3951305,0.04151222,-0.7767857,0.3197437,-0.6424743,0.6259184,0.3053145,
1,21,60.129,0.3951305,0.04151222,-0.7767857,0.3197437,-0.6424743,0.6259184,0.3053145,
1,21,60.131,0.3951305,0.04151222,-0.7767857,0.3197437,-0.6424743,0.6259184,0.3053145,
1,21,60.133,0.3951305,0.04151222,-0.7767857,0.3197437,-0.6424743,0.6259184,0.3053145,
1,21,60.135,0.3951355,0.04148401,-0.7768215,0.3197415,-0.6424996,0.6258826,0.3053371,
1,21,60.137,0.3951355,0.04148401,-0.7768215,0.3197415,-0.6424996,0.6258826,0.3053371,
1,21,60.139,0.3951355,0.04148401,-0.7768215,0.3197415,-0.6424996,0.6258826,0.3053371,
1,21,60.141,0.3951355,0.04148401,-0.7768215,0.3197415,-0.6424996,0.6258826,0.3053371,
1,21,60.143,0.3950745,0.04150743,-0.776803,0.3197133,-0.6424425,0.6259131,0.3054239,
1,21,60.145,0.3950745,0.04150743,-0.776803,0.3197133,-0.6424425,0.6259131,0.3054239,
1,21,60.147,0.3950745,0.04150743,-0.776803,0.3197133,-0.6424425,0.6259131,0.3054239,
1,21,60.149,0.3950745,0.04150743,-0.776803,0.3197133,-0.6424425,0.6259131,0.3054239,
1,21,60.151,0.3950733,0.04150227,-0.776776,0.319677,-0.6424437,0.6259477,0.3053888,
1,21,60.153,0.3950733,0.04150227,-0.776776,0.319677,-0.6424437,0.6259477,0.3053888,
1,21,60.155,0.3950733,0.04150227,-0.776776,0.319677,-0.6424437,0.6259477,0.3053888,
1,21,60.157,0.3950733,0.04150227,-0.776776,0.319677,-0.6424437,0.6259477,0.3053888,
1,21,60.159,0.3951119,0.04147134,-0.7767864,0.3197148,-0.6424872,0.6258978,0.3053599,
1,21,60.161,0.3951119,0.04147134,-0.7767864,0.3197148,-0.6424872,0.6258978,0.3053599,
1,21,60.163,0.3951119,0.04147134,-0.7767864,0.3197148,-0.6424872,0.6258978,0.3053599,
1,21,60.165,0.3951119,0.04147134,-0.7767864,0.3197148,-0.6424872,0.6258978,0.3053599,
1,21,60.167,0.3951119,0.04147134,-0.7767864,0.3197148,-0.6424872,0.6258978,0.3053599,
1,21,60.169,0.3951341,0.04135882,-0.7768499,0.3197177,-0.6425436,0.6258171,0.3054038,
1,21,60.171,0.3951341,0.04135882,-0.7768499,0.3197177,-0.6425436,0.6258171,0.3054038,
1,21,60.173,0.3951341,0.04135882,-0.7768499,0.3197177,-0.6425436,0.6258171,0.3054038,
1,21,60.175,0.3951341,0.04135882,-0.7768499,0.3197177,-0.6425436,0.6258171,0.3054038,
1,21,60.177,0.3951187,0.04139908,-0.7768346,0.3196791,-0.6425043,0.6258663,0.305426,
1,21,60.179,0.3951187,0.04139908,-0.7768346,0.3196791,-0.6425043,0.6258663,0.305426,
1,21,60.181,0.3951187,0.04139908,-0.7768346,0.3196791,-0.6425043,0.6258663,0.305426,
1,21,60.183,0.3951187,0.04139908,-0.7768346,0.3196791,-0.6425043,0.6258663,0.305426,
1,21,60.185,0.3951339,0.04148285,-0.7768621,0.3197088,-0.642419,0.6259056,0.3054937,
1,21,60.187,0.3951339,0.04148285,-0.7768621,0.3197088,-0.642419,0.6259056,0.3054937,
1,21,60.189,0.3951339,0.04148285,-0.7768621,0.3197088,-0.642419,0.6259056,0.3054937,
1,21,60.191,0.3951339,0.04148285,-0.7768621,0.3197088,-0.642419,0.6259056,0.3054937,
1,21,60.193,0.3951481,0.04145562,-0.7768612,0.3197294,-0.64244,0.6258907,0.3054585,
1,21,60.195,0.3951481,0.04145562,-0.7768612,0.3197294,-0.64244,0.6258907,0.3054585,
1,21,60.197,0.3951481,0.04145562,-0.7768612,0.3197294,-0.64244,0.6258907,0.3054585,
1,21,60.199,0.3951481,0.04145562,-0.7768612,0.3197294,-0.64244,0.6258907,0.3054585,
1,21,60.201,0.3951342,0.04152007,-0.7768163,0.3197255,-0.6424414,0.6259304,0.3053778,
1,21,60.203,0.3951342,0.04152007,-0.7768163,0.3197255,-0.6424414,0.6259304,0.3053778,
1,21,60.205,0.3951342,0.04152007,-0.7768163,0.3197255,-0.6424414,0.6259304,0.3053778,
1,21,60.207,0.3951342,0.04152007,-0.7768163,0.3197255,-0.6424414,0.6259304,0.3053778,
1,21,60.209,0.3951237,0.04146551,-0.7767953,0.3197416,-0.6425123,0.6258783,0.3053189,
1,21,60.211,0.3951237,0.04146551,-0.7767953,0.3197416,-0.6425123,0.6258783,0.3053189,
1,21,60.213,0.3951237,0.04146551,-0.7767953,0.3197416,-0.6425123,0.6258783,0.3053189,
1,21,60.215,0.3951237,0.04146551,-0.7767953,0.3197416,-0.6425123,0.6258783,0.3053189,
1,21,60.217,0.3951237,0.04146551,-0.7767953,0.3197416,-0.6425123,0.6258783,0.3053189,
1,21,60.219,0.3950732,0.04148162,-0.7767736,0.3197022,-0.6424831,0.6259112,0.3053543,
1,21,60.221,0.3950732,0.04148162,-0.7767736,0.3197022,-0.6424831,0.6259112,0.3053543,
1,21,60.223,0.3950732,0.04148162,-0.7767736,0.3197022,-0.6424831,0.6259112,0.3053543,
1,21,60.225,0.3950732,0.04148162,-0.7767736,0.3197022,-0.6424831,0.6259112,0.3053543,
1,21,60.227,0.3951062,0.04143636,-0.7767898,0.3197109,-0.6425102,0.625878,0.3053563,
1,21,60.229,0.3951062,0.04143636,-0.7767898,0.3197109,-0.6425102,0.625878,0.3053563,
1,21,60.231,0.3951062,0.04143636,-0.7767898,0.3197109,-0.6425102,0.625878,0.3053563,
1,21,60.233,0.3951062,0.04143636,-0.7767898,0.3197109,-0.6425102,0.625878,0.3053563,
1,21,60.235,0.3951655,0.04143078,-0.7768283,0.3197494,-0.6425176,0.6258568,0.3053436,
1,21,60.237,0.3951655,0.04143078,-0.7768283,0.3197494,-0.6425176,0.6258568,0.3053436,
1,21,60.239,0.3951655,0.04143078,-0.7768283,0.3197494,-0.6425176,0.6258568,0.3053436,
1,21,60.241,0.3951655,0.04143078,-0.7768283,0.3197494,-0.6425176,0.6258568,0.3053436,
1,21,60.243,0.3951172,0.04143336,-0.7767373,0.3197494,-0.6425883,0.6258365,0.3052368,
1,21,60.245,0.3951172,0.04143336,-0.7767373,0.3197494,-0.6425883,0.6258365,0.3052368,
1,21,60.247,0.3951172,0.04143336,-0.7767373,0.3197494,-0.6425883,0.6258365,0.3052368,
1,21,60.249,0.3951172,0.04143336,-0.7767373,0.3197494,-0.6425883,0.6258365,0.3052368,
1,21,60.251,0.3950602,0.04149383,-0.776742,0.3197228,-0.6424792,0.6259008,0.3053623,
1,21,60.253,0.3950602,0.04149383,-0.776742,0.3197228,-0.6424792,0.6259008,0.3053623,
1,21,60.255,0.3950602,0.04149383,-0.776742,0.3197228,-0.6424792,0.6259008,0.3053623,
1,21,60.257,0.3950602,0.04149383,-0.776742,0.3197228,-0.6424792,0.6259008,0.3053623,
1,21,60.259,0.3950805,0.04152441,-0.7767409,0.3197148,-0.6424631,0.6259447,0.3053148,
1,21,60.261,0.3950805,0.04152441,-0.7767409,0.3197148,-0.6424631,0.6259447,0.3053148,
1,21,60.263,0.3950805,0.04152441,-0.7767409,0.3197148,-0.6424631,0.6259447,0.3053148,
1,21,60.265,0.3950805,0.04152441,-0.7767409,0.3197148,-0.6424631,0.6259447,0.3053148,
1,21,60.267,0.3950805,0.04152441,-0.7767409,0.3197148,-0.6424631,0.6259447,0.3053148,
1,21,60.269,0.3951355,0.04142324,-0.7768449,0.3197392,-0.6424898,0.6258474,0.3054321,
1,21,60.271,0.3951355,0.04142324,-0.7768449,0.3197392,-0.6424898,0.6258474,0.3054321,
1,21,60.273,0.3951355,0.04142324,-0.7768449,0.3197392,-0.6424898,0.6258474,0.3054321,
1,21,60.275,0.3951355,0.04142324,-0.7768449,0.3197392,-0.6424898,0.6258474,0.3054321,
1,21,60.277,0.3951575,0.04140425,-0.7768958,0.3197817,-0.642506,0.6258197,0.3054105,
1,21,60.279,0.3951575,0.04140425,-0.7768958,0.3197817,-0.642506,0.6258197,0.3054105,
1,21,60.281,0.3951575,0.04140425,-0.7768958,0.3197817,-0.642506,0.6258197,0.3054105,
1,21,60.283,0.3951575,0.04140425,-0.7768958,0.3197817,-0.642506,0.6258197,0.3054105,
1,21,60.285,0.395146,0.0414608,-0.77686,0.3197479,-0.6424784,0.6258677,0.3054053,
1,21,60.287,0.395146,0.0414608,-0.77686,0.3197479,-0.6424784,0.6258677,0.3054053,
1,21,60.289,0.395146,0.0414608,-0.77686,0.3197479,-0.6424784,0.6258677,0.3054053,
1,21,60.291,0.395146,0.0414608,-0.77686,0.3197479,-0.6424784,0.6258677,0.3054053,
1,21,60.293,0.3951216,0.0414706,-0.7768248,0.3197553,-0.6424764,0.6258655,0.3054063,
1,21,60.295,0.3951216,0.0414706,-0.7768248,0.3197553,-0.6424764,0.6258655,0.3054063,
1,21,60.297,0.3951216,0.0414706,-0.7768248,0.3197553,-0.6424764,0.6258655,0.3054063,
1,21,60.299,0.3951216,0.0414706,-0.7768248,0.3197553,-0.6424764,0.6258655,0.3054063,
1,21,60.301,0.3951015,0.04144186,-0.7768375,0.3197206,-0.6424767,0.6258677,0.3054377,
1,21,60.303,0.3951015,0.04144186,-0.7768375,0.3197206,-0.6424767,0.6258677,0.3054377,
1,21,60.305,0.3951015,0.04144186,-0.7768375,0.3197206,-0.6424767,0.6258677,0.3054377,
1,21,60.307,0.3951015,0.04144186,-0.7768375,0.3197206,-0.6424767,0.6258677,0.3054377,
1,21,60.309,0.3951068,0.0414086,-0.7768233,0.3197396,-0.642532,0.6258318,0.305375,
1,21,60.311,0.3951068,0.0414086,-0.7768233,0.3197396,-0.642532,0.6258318,0.305375,
1,21,60.313,0.3951068,0.0414086,-0.7768233,0.3197396,-0.642532,0.6258318,0.305375,
1,21,60.315,0.3951068,0.0414086,-0.7768233,0.3197396,-0.642532,0.6258318,0.305375,
1,21,60.317,0.3951068,0.0414086,-0.7768233,0.3197396,-0.642532,0.6258318,0.305375,
1,21,60.319,0.3950788,0.04141992,-0.7768111,0.3197491,-0.6424925,0.6258332,0.3054454,
1,21,60.321,0.3950788,0.04141992,-0.7768111,0.3197491,-0.6424925,0.6258332,0.3054454,
1,21,60.323,0.3950788,0.04141992,-0.7768111,0.3197491,-0.6424925,0.6258332,0.3054454,
1,21,60.325,0.3950788,0.04141992,-0.7768111,0.3197491,-0.6424925,0.6258332,0.3054454,
1,21,60.327,0.3951092,0.04144263,-0.7768389,0.319746,-0.6424884,0.6258645,0.3053932,
1,21,60.329,0.3951092,0.04144263,-0.7768389,0.319746,-0.6424884,0.6258645,0.3053932,
1,21,60.331,0.3951092,0.04144263,-0.7768389,0.319746,-0.6424884,0.6258645,0.3053932,
1,21,60.333,0.3951092,0.04144263,-0.7768389,0.319746,-0.6424884,0.6258645,0.3053932,
1,21,60.335,0.3951183,0.04151534,-0.7767978,0.3197266,-0.6424607,0.6259199,0.3053578,
1,21,60.337,0.3951183,0.04151534,-0.7767978,0.3197266,-0.6424607,0.6259199,0.3053578,
1,21,60.339,0.3951183,0.04151534,-0.7767978,0.3197266,-0.6424607,0.6259199,0.3053578,
1,21,60.341,0.3951183,0.04151534,-0.7767978,0.3197266,-0.6424607,0.6259199,0.3053578,
1,21,60.343,0.3951065,0.04151025,-0.7767974,0.3197536,-0.6424506,0.6258991,0.3053937,
1,21,60.345,0.3951065,0.04151025,-0.7767974,0.3197536,-0.6424506,0.6258991,0.3053937,
1,21,60.347,0.3951065,0.04151025,-0.7767974,0.3197536,-0.6424506,0.6258991,0.3053937,
1,21,60.349,0.3951065,0.04151025,-0.7767974,0.3197536,-0.6424506,0.6258991,0.3053937,
1,21,60.351,0.3951032,0.04145941,-0.7768123,0.3197229,-0.6424896,0.6258848,0.3053732,
1,21,60.353,0.3951032,0.04145941,-0.7768123,0.3197229,-0.6424896,0.6258848,0.3053732,
1,21,60.355,0.3951032,0.04145941,-0.7768123,0.3197229,-0.6424896,0.6258848,0.3053732,
1,21,60.357,0.3951032,0.04145941,-0.7768123,0.3197229,-0.6424896,0.6258848,0.3053732,
1,21,60.359,0.395074,0.04151319,-0.7767724,0.3197128,-0.6424736,0.6259315,0.3053217,
1,21,60.361,0.395074,0.04151319,-0.7767724,0.3197128,-0.6424736,0.6259315,0.3053217,
1,21,60.363,0.395074,0.04151319,-0.7767724,0.3197128,-0.6424736,0.6259315,0.3053217,
1,21,60.365,0.395074,0.04151319,-0.7767724,0.3197128,-0.6424736,0.6259315,0.3053217,
1,21,60.367,0.395074,0.04151319,-0.7767724,0.3197128,-0.6424736,0.6259315,0.3053217,
1,21,60.369,0.3951229,0.04144938,-0.7768407,0.3197774,-0.6424915,0.6258438,0.305396,
1,21,60.371,0.3951229,0.04144938,-0.7768407,0.3197774,-0.6424915,0.6258438,0.305396,
1,21,60.373,0.3951229,0.04144938,-0.7768407,0.3197774,-0.6424915,0.6258438,0.305396,
1,21,60.375,0.3951229,0.04144938,-0.7768407,0.3197774,-0.6424915,0.6258438,0.305396,
1,21,60.377,0.3951159,0.04138072,-0.7768573,0.3197387,-0.6425152,0.6258124,0.305451,
1,21,60.379,0.3951159,0.04138072,-0.7768573,0.3197387,-0.6425152,0.6258124,0.305451,
1,21,60.381,0.3951159,0.04138072,-0.7768573,0.3197387,-0.6425152,0.6258124,0.305451,
1,21,60.383,0.3951159,0.04138072,-0.7768573,0.3197387,-0.6425152,0.6258124,0.305451,
1,21,60.385,0.395132,0.04145053,-0.7768631,0.3197409,-0.6424676,0.6258582,0.3054548,
1,21,60.387,0.395132,0.04145053,-0.7768631,0.3197409,-0.6424676,0.6258582,0.3054548,
1,21,60.389,0.395132,0.04145053,-0.7768631,0.3197409,-0.6424676,0.6258582,0.3054548,
1,21,60.391,0.395132,0.04145053,-0.7768631,0.3197409,-0.6424676,0.6258582,0.3054548,
1,21,60.393,0.3951084,0.04143686,-0.7768033,0.3197308,-0.6425021,0.6258702,0.3053685,
1,21,60.395,0.3951084,0.04143686,-0.7768033,0.3197308,-0.6425021,0.6258702,0.3053685,
1,21,60.397,0.3951084,0.04143686,-0.7768033,0.3197308,-0.6425021,0.6258702,0.3053685,
1,21,60.399,0.3951084,0.04143686,-0.7768033,0.3197308,-0.6425021,0.6258702,0.3053685,
1,21,60.401,0.39514,0.04132436,-0.776903,0.3197591,-0.6425527,0.6257796,0.3054179,
1,21,60.403,0.39514,0.04132436,-0.776903,0.3197591,-0.6425527,0.6257796,0.3054179,
1,21,60.405,0.39514,0.04132436,-0.776903,0.3197591,-0.6425527,0.6257796,0.3054179,
1,21,60.407,0.39514,0.04132436,-0.776903,0.3197591,-0.6425527,0.6257796,0.3054179,
1,21,60.409,0.3951088,0.04143143,-0.7768098,0.3197172,-0.6425036,0.6258746,0.3053703,
1,21,60.411,0.3951088,0.04143143,-0.7768098,0.3197172,-0.6425036,0.6258746,0.3053703,
1,21,60.413,0.3951088,0.04143143,-0.7768098,0.3197172,-0.6425036,0.6258746,0.3053703,
1,21,60.415,0.3951088,0.04143143,-0.7768098,0.3197172,-0.6425036,0.6258746,0.3053703,
1,21,60.417,0.3951088,0.04143143,-0.7768098,0.3197172,-0.6425036,0.6258746,0.3053703,
1,21,60.419,0.395089,0.04154494,-0.7767694,0.3197433,-0.6424376,0.6259317,0.3053647,
1,21,60.421,0.395089,0.04154494,-0.7767694,0.3197433,-0.6424376,0.6259317,0.3053647,
1,21,60.423,0.395089,0.04154494,-0.7767694,0.3197433,-0.6424376,0.6259317,0.3053647,
1,21,60.425,0.395089,0.04154494,-0.7767694,0.3197433,-0.6424376,0.6259317,0.3053647,
1,21,60.427,0.3950917,0.0415106,-0.7767841,0.3197155,-0.6424438,0.625913,0.3054194,
1,21,60.429,0.3950917,0.0415106,-0.7767841,0.3197155,-0.6424438,0.625913,0.3054194,
1,21,60.431,0.3950917,0.0415106,-0.7767841,0.3197155,-0.6424438,0.625913,0.3054194,
1,21,60.433,0.3950917,0.0415106,-0.7767841,0.3197155,-0.6424438,0.625913,0.3054194,
1,21,60.435,0.3951392,0.04139461,-0.776821,0.3197466,-0.6425586,0.6258239,0.3053277,
1,21,60.437,0.3951392,0.04139461,-0.776821,0.3197466,-0.6425586,0.6258239,0.3053277,
1,21,60.439,0.3951392,0.04139461,-0.776821,0.3197466,-0.6425586,0.6258239,0.3053277,
1,21,60.441,0.3951392,0.04139461,-0.776821,0.3197466,-0.6425586,0.6258239,0.3053277,
1,21,60.443,0.3951119,0.04140808,-0.7768337,0.3197188,-0.6425232,0.6258528,0.3053722,
1,21,60.445,0.3951119,0.04140808,-0.7768337,0.3197188,-0.6425232,0.6258528,0.3053722,
1,21,60.447,0.3951119,0.04140808,-0.7768337,0.3197188,-0.6425232,0.6258528,0.3053722,
1,21,60.449,0.3951119,0.04140808,-0.7768337,0.3197188,-0.6425232,0.6258528,0.3053722,
1,21,60.451,0.3950907,0.04144133,-0.7768139,0.3197373,-0.6424831,0.6258603,0.3054218,
1,21,60.453,0.3950907,0.04144133,-0.7768139,0.3197373,-0.6424831,0.6258603,0.3054218,
1,21,60.455,0.3950907,0.04144133,-0.7768139,0.3197373,-0.6424831,0.6258603,0.3054218,
1,21,60.457,0.3950907,0.04144133,-0.7768139,0.3197373,-0.6424831,0.6258603,0.3054218,
1,21,60.459,0.395145,0.04144268,-0.776875,0.319771,-0.6424497,0.6258513,0.3054752,
1,21,60.461,0.395145,0.04144268,-0.776875,0.319771,-0.6424497,0.6258513,0.3054752,
1,21,60.463,0.395145,0.04144268,-0.776875,0.319771,-0.6424497,0.6258513,0.3054752,
1,21,60.465,0.395145,0.04144268,-0.776875,0.319771,-0.6424497,0.6258513,0.3054752,
1,21,60.467,0.395145,0.04144268,-0.776875,0.319771,-0.6424497,0.6258513,0.3054752,
1,21,60.469,0.3951233,0.04152222,-0.7767991,0.3197562,-0.6424645,0.6259198,0.305319,
1,21,60.471,0.3951233,0.04152222,-0.7767991,0.3197562,-0.6424645,0.6259198,0.305319,
1,21,60.473,0.3951233,0.04152222,-0.7767991,0.3197562,-0.6424645,0.6259198,0.305319,
1,21,60.475,0.3951233,0.04152222,-0.7767991,0.3197562,-0.6424645,0.6259198,0.305319,
1,21,60.477,0.395134,0.04149573,-0.7768248,0.3197637,-0.6424857,0.6258847,0.3053385,
1,21,60.479,0.395134,0.04149573,-0.7768248,0.3197637,-0.6424857,0.6258847,0.3053385,
1,21,60.481,0.395134,0.04149573,-0.7768248,0.3197637,-0.6424857,0.6258847,0.3053385,
1,21,60.483,0.395134,0.04149573,-0.7768248,0.3197637,-0.6424857,0.6258847,0.3053385,
1,21,60.485,0.3951136,0.04141152,-0.7768279,0.319734,-0.6425331,0.6258445,0.3053525,
1,21,60.487,0.3951136,0.04141152,-0.7768279,0.319734,-0.6425331,0.6258445,0.3053525,
1,21,60.489,0.3951136,0.04141152,-0.7768279,0.319734,-0.6425331,0.6258445,0.3053525,
1,21,60.491,0.3951136,0.04141152,-0.7768279,0.319734,-0.6425331,0.6258445,0.3053525,
1,21,60.493,0.3951112,0.04149751,-0.7767885,0.3197271,-0.6424816,0.6259071,0.3053396,
1,21,60.495,0.3951112,0.04149751,-0.7767885,0.3197271,-0.6424816,0.6259071,0.3053396,
1,21,60.497,0.3951112,0.04149751,-0.7767885,0.3197271,-0.6424816,0.6259071,0.3053396,
1,21,60.499,0.3951112,0.04149751,-0.7767885,0.3197271,-0.6424816,0.6259071,0.3053396,
1,21,60.501,0.3950997,0.04151973,-0.7767668,0.3197436,-0.6424691,0.6259255,0.3053111,
1,21,60.503,0.3950997,0.04151973,-0.7767668,0.3197436,-0.6424691,0.6259255,0.3053111,
1,21,60.505,0.3950997,0.04151973,-0.7767668,0.3197436,-0.6424691,0.6259255,0.3053111,
1,21,60.507,0.3950997,0.04151973,-0.7767668,0.3197436,-0.6424691,0.6259255,0.3053111,
1,21,60.509,0.3951352,0.04148826,-0.7768171,0.319782,-0.642477,0.6258638,0.3053806,
1,21,60.511,0.3951352,0.04148826,-0.7768171,0.319782,-0.642477,0.6258638,0.3053806,
1,21,60.513,0.3951352,0.04148826,-0.7768171,0.319782,-0.642477,0.6258638,0.3053806,
1,21,60.515,0.3951352,0.04148826,-0.7768171,0.319782,-0.642477,0.6258638,0.3053806,
1,21,60.517,0.3951352,0.04148826,-0.7768171,0.319782,-0.642477,0.6258638,0.3053806,
1,21,60.519,0.3951261,0.04150646,-0.7767966,0.3197801,-0.6424668,0.6258871,0.3053564,
1,21,60.521,0.3951261,0.04150646,-0.7767966,0.3197801,-0.6424668,0.6258871,0.3053564,
1,21,60.523,0.3951261,0.04150646,-0.7767966,0.3197801,-0.6424668,0.6258871,0.3053564,
1,21,60.525,0.3951261,0.04150646,-0.7767966,0.3197801,-0.6424668,0.6258871,0.3053564,
1,21,60.527,0.3950814,0.04150026,-0.7767702,0.3197333,-0.6424863,0.625917,0.3053033,
1,21,60.529,0.3950814,0.04150026,-0.7767702,0.3197333,-0.6424863,0.625917,0.3053033,
1,21,60.531,0.3950814,0.04150026,-0.7767702,0.3197333,-0.6424863,0.625917,0.3053033,
1,21,60.533,0.3950814,0.04150026,-0.7767702,0.3197333,-0.6424863,0.625917,0.3053033,
1,21,60.535,0.3950954,0.04141746,-0.7768089,0.3197243,-0.6425133,0.6258671,0.305358,
1,21,60.537,0.3950954,0.04141746,-0.7768089,0.3197243,-0.6425133,0.6258671,0.305358,
1,21,60.539,0.3950954,0.04141746,-0.7768089,0.3197243,-0.6425133,0.6258671,0.305358,
1,21,60.541,0.3950954,0.04141746,-0.7768089,0.3197243,-0.6425133,0.6258671,0.305358,
1,21,60.543,0.3951313,0.04144755,-0.7768287,0.3197641,-0.6424789,0.6258564,0.3054104,
1,21,60.545,0.3951313,0.04144755,-0.7768287,0.3197641,-0.6424789,0.6258564,0.3054104,
1,21,60.547,0.3951313,0.04144755,-0.7768287,0.3197641,-0.6424789,0.6258564,0.3054104,
1,21,60.549,0.3951313,0.04144755,-0.7768287,0.3197641,-0.6424789,0.6258564,0.3054104,
1,21,60.551,0.395101,0.04151225,-0.7767906,0.3197364,-0.6424672,0.6259125,0.3053491,
1,21,60.553,0.395101,0.04151225,-0.7767906,0.3197364,-0.6424672,0.6259125,0.3053491,
1,21,60.555,0.395101,0.04151225,-0.7767906,0.3197364,-0.6424672,0.6259125,0.3053491,
1,21,60.557,0.395101,0.04151225,-0.7767906,0.3197364,-0.6424672,0.6259125,0.3053491,
1,21,60.559,0.3950927,0.04148995,-0.7767793,0.3197196,-0.6424931,0.6259108,0.3053158,
1,21,60.561,0.3950927,0.04148995,-0.7767793,0.3197196,-0.6424931,0.6259108,0.3053158,
1,21,60.563,0.3950927,0.04148995,-0.7767793,0.3197196,-0.6424931,0.6259108,0.3053158,
1,21,60.565,0.3950927,0.04148995,-0.7767793,0.3197196,-0.6424931,0.6259108,0.3053158,
1,21,60.567,0.3950927,0.04148995,-0.7767793,0.3197196,-0.6424931,0.6259108,0.3053158,
1,21,60.569,0.3951156,0.04142219,-0.7768222,0.3197396,-0.6425099,0.6258597,0.3053637,
1,21,60.571,0.3951156,0.04142219,-0.7768222,0.3197396,-0.6425099,0.6258597,0.3053637,
1,21,60.573,0.3951156,0.04142219,-0.7768222,0.3197396,-0.6425099,0.6258597,0.3053637,
1,21,60.575,0.3951156,0.04142219,-0.7768222,0.3197396,-0.6425099,0.6258597,0.3053637,
1,21,60.577,0.3951061,0.0414947,-0.7768018,0.3197082,-0.6424521,0.6259252,0.3053843,
1,21,60.579,0.3951061,0.0414947,-0.7768018,0.3197082,-0.6424521,0.6259252,0.3053843,
1,21,60.581,0.3951061,0.0414947,-0.7768018,0.3197082,-0.6424521,0.6259252,0.3053843,
1,21,60.583,0.3951061,0.0414947,-0.7768018,0.3197082,-0.6424521,0.6259252,0.3053843,
1,21,60.585,0.3951123,0.04153023,-0.7767669,0.3197291,-0.6424645,0.6259314,0.3053239,
1,21,60.587,0.3951123,0.04153023,-0.7767669,0.3197291,-0.6424645,0.6259314,0.3053239,
1,21,60.589,0.3951123,0.04153023,-0.7767669,0.3197291,-0.6424645,0.6259314,0.3053239,
1,21,60.591,0.3951123,0.04153023,-0.7767669,0.3197291,-0.6424645,0.6259314,0.3053239,
1,21,60.593,0.3951551,0.04148628,-0.7768486,0.3197967,-0.6424767,0.6258713,0.3053507,
1,21,60.595,0.3951551,0.04148628,-0.7768486,0.3197967,-0.6424767,0.6258713,0.3053507,
1,21,60.597,0.3951551,0.04148628,-0.7768486,0.3197967,-0.6424767,0.6258713,0.3053507,
1,21,60.599,0.3951551,0.04148628,-0.7768486,0.3197967,-0.6424767,0.6258713,0.3053507,
1,21,60.601,0.3951015,0.0414937,-0.7767863,0.3197067,-0.6424825,0.6259187,0.3053356,
1,21,60.603,0.3951015,0.0414937,-0.7767863,0.3197067,-0.6424825,0.6259187,0.3053356,
1,21,60.605,0.3951015,0.0414937,-0.7767863,0.3197067,-0.6424825,0.6259187,0.3053356,
1,21,60.607,0.3951015,0.0414937,-0.7767863,0.3197067,-0.6424825,0.6259187,0.3053356,
1,21,60.609,0.3950369,0.04148777,-0.7767268,0.3196982,-0.6425021,0.6259217,0.3052969,
1,21,60.611,0.3950369,0.04148777,-0.7767268,0.3196982,-0.6425021,0.6259217,0.3052969,
1,21,60.613,0.3950369,0.04148777,-0.7767268,0.3196982,-0.6425021,0.6259217,0.3052969,
1,21,60.615,0.3950369,0.04148777,-0.7767268,0.3196982,-0.6425021,0.6259217,0.3052969,
1,21,60.617,0.3950369,0.04148777,-0.7767268,0.3196982,-0.6425021,0.6259217,0.3052969,
1,21,60.619,0.3951286,0.04140931,-0.7767864,0.319774,-0.6425781,0.6258162,0.305274,
1,21,60.621,0.3951286,0.04140931,-0.7767864,0.319774,-0.6425781,0.6258162,0.305274,
1,21,60.623,0.3951286,0.04140931,-0.7767864,0.319774,-0.6425781,0.6258162,0.305274,
1,21,60.625,0.3951286,0.04140931,-0.7767864,0.319774,-0.6425781,0.6258162,0.305274,
1,21,60.627,0.3951121,0.04143474,-0.776813,0.3197771,-0.6425097,0.6258576,0.3053299,
1,21,60.629,0.3951121,0.04143474,-0.776813,0.3197771,-0.6425097,0.6258576,0.3053299,
1,21,60.631,0.3951121,0.04143474,-0.776813,0.3197771,-0.6425097,0.6258576,0.3053299,
1,21,60.633,0.3951121,0.04143474,-0.776813,0.3197771,-0.6425097,0.6258576,0.3053299,
1,21,60.635,0.3950707,0.04147107,-0.7768012,0.3197595,-0.6424784,0.6258711,0.3053864,
1,21,60.637,0.3950707,0.04147107,-0.7768012,0.3197595,-0.6424784,0.6258711,0.3053864,
1,21,60.639,0.3950707,0.04147107,-0.7768012,0.3197595,-0.6424784,0.6258711,0.3053864,
1,21,60.641,0.3950707,0.04147107,-0.7768012,0.3197595,-0.6424784,0.6258711,0.3053864,
1,21,60.643,0.395129,0.04141855,-0.7768549,0.319768,-0.642507,0.6258438,0.3053733,
1,21,60.645,0.395129,0.04141855,-0.7768549,0.319768,-0.642507,0.6258438,0.3053733,
1,21,60.647,0.395129,0.04141855,-0.7768549,0.319768,-0.642507,0.6258438,0.3053733,
1,21,60.649,0.395129,0.04141855,-0.7768549,0.319768,-0.642507,0.6258438,0.3053733,
1,21,60.651,0.3950794,0.04148068,-0.7768109,0.3197408,-0.6424826,0.625896,0.3053458,
1,21,60.653,0.3950794,0.04148068,-0.7768109,0.3197408,-0.6424826,0.625896,0.3053458,
1,21,60.655,0.3950794,0.04148068,-0.7768109,0.3197408,-0.6424826,0.625896,0.3053458,
1,21,60.657,0.3950794,0.04148068,-0.7768109,0.3197408,-0.6424826,0.625896,0.3053458,
1,21,60.659,0.3951183,0.04146378,-0.77683,0.3197581,-0.6424804,0.6258844,0.3053563,
1,21,60.661,0.3951183,0.04146378,-0.77683,0.3197581,-0.6424804,0.6258844,0.3053563,
1,21,60.663,0.3951183,0.04146378,-0.77683,0.3197581,-0.6424804,0.6258844,0.3053563,
1,21,60.665,0.3951183,0.04146378,-0.77683,0.3197581,-0.6424804,0.6258844,0.3053563,
1,21,60.667,0.3951183,0.04146378,-0.77683,0.3197581,-0.6424804,0.6258844,0.3053563,
1,21,60.669,0.3951334,0.04144,-0.7768774,0.3197787,-0.6424891,0.6258468,0.3053934,
1,21,60.671,0.3951334,0.04144,-0.7768774,0.3197787,-0.6424891,0.6258468,0.3053934,
1,21,60.673,0.3951334,0.04144,-0.7768774,0.3197787,-0.6424891,0.6258468,0.3053934,
1,21,60.675,0.3951334,0.04144,-0.7768774,0.3197787,-0.6424891,0.6258468,0.3053934,
1,21,60.677,0.3950831,0.04140099,-0.7768442,0.3197683,-0.642517,0.6258193,0.305402,
1,21,60.679,0.3950831,0.04140099,-0.7768442,0.3197683,-0.642517,0.6258193,0.305402,
1,21,60.681,0.3950831,0.04140099,-0.7768442,0.3197683,-0.642517,0.6258193,0.305402,
1,21,60.683,0.3950831,0.04140099,-0.7768442,0.3197683,-0.642517,0.6258193,0.305402,
1,21,60.685,0.3951229,0.04140762,-0.7768997,0.3197996,-0.6424931,0.6257948,0.3054698,
1,21,60.687,0.3951229,0.04140762,-0.7768997,0.3197996,-0.6424931,0.6257948,0.3054698,
1,21,60.689,0.3951229,0.04140762,-0.7768997,0.3197996,-0.6424931,0.6257948,0.3054698,
1,21,60.691,0.3951229,0.04140762,-0.7768997,0.3197996,-0.6424931,0.6257948,0.3054698,
1,21,60.693,0.3951548,0.04137504,-0.7769065,0.3197914,-0.6425138,0.6257988,0.3054266,
1,21,60.695,0.3951548,0.04137504,-0.7769065,0.3197914,-0.6425138,0.6257988,0.3054266,
1,21,60.697,0.3951548,0.04137504,-0.7769065,0.3197914,-0.6425138,0.6257988,0.3054266,
1,21,60.699,0.3951548,0.04137504,-0.7769065,0.3197914,-0.6425138,0.6257988,0.3054266,
1,21,60.701,0.3951678,0.04135299,-0.7769297,0.3198028,-0.6425231,0.6257899,0.3054135,
1,21,60.703,0.3951678,0.04135299,-0.7769297,0.3198028,-0.6425231,0.6257899,0.3054135,
1,21,60.705,0.3951678,0.04135299,-0.7769297,0.3198028,-0.6425231,0.6257899,0.3054135,
1,21,60.707,0.3951678,0.04135299,-0.7769297,0.3198028,-0.6425231,0.6257899,0.3054135,
1,21,60.709,0.3950684,0.04147771,-0.7767668,0.3197132,-0.642491,0.6259087,0.3053311,
1,21,60.711,0.3950684,0.04147771,-0.7767668,0.3197132,-0.642491,0.6259087,0.3053311,
1,21,60.713,0.3950684,0.04147771,-0.7767668,0.3197132,-0.642491,0.6259087,0.3053311,
1,21,60.715,0.3950684,0.04147771,-0.7767668,0.3197132,-0.642491,0.6259087,0.3053311,
1,21,60.717,0.3950684,0.04147771,-0.7767668,0.3197132,-0.642491,0.6259087,0.3053311,
1,21,60.719,0.3950963,0.04139138,-0.7768135,0.3197292,-0.6425407,0.625841,0.3053486,
1,21,60.721,0.3950963,0.04139138,-0.7768135,0.3197292,-0.6425407,0.625841,0.3053486,
1,21,60.723,0.3950963,0.04139138,-0.7768135,0.3197292,-0.6425407,0.625841,0.3053486,
1,21,60.725,0.3950963,0.04139138,-0.7768135,0.3197292,-0.6425407,0.625841,0.3053486,
1,21,60.727,0.3951086,0.04138715,-0.7767815,0.3197303,-0.6425371,0.6258515,0.3053337,
1,21,60.729,0.3951086,0.04138715,-0.7767815,0.3197303,-0.6425371,0.6258515,0.3053337,
1,21,60.731,0.3951086,0.04138715,-0.7767815,0.3197303,-0.6425371,0.6258515,0.3053337,
1,21,60.733,0.3951086,0.04138715,-0.7767815,0.3197303,-0.6425371,0.6258515,0.3053337,
1,21,60.735,0.3951058,0.0413236,-0.7767302,0.3197107,-0.6425869,0.625821,0.3053117,
1,21,60.737,0.3951058,0.0413236,-0.7767302,0.3197107,-0.6425869,0.625821,0.3053117,
1,21,60.739,0.3951058,0.0413236,-0.7767302,0.3197107,-0.6425869,0.625821,0.3053117,
1,21,60.741,0.3951058,0.0413236,-0.7767302,0.3197107,-0.6425869,0.625821,0.3053117,
1,21,60.743,0.3948955,0.04124153,-0.7764316,0.3195448,-0.6426878,0.6258342,0.3052461,
1,21,60.745,0.3948955,0.04124153,-0.7764316,0.3195448,-0.6426878,0.6258342,0.3052461,
1,21,60.747,0.3948955,0.04124153,-0.7764316,0.3195448,-0.6426878,0.6258342,0.3052461,
1,21,60.749,0.3948955,0.04124153,-0.7764316,0.3195448,-0.6426878,0.6258342,0.3052461,
1,21,60.751,0.3947942,0.04117767,-0.7762835,0.3194398,-0.6427853,0.6258484,0.3051218,
1,21,60.753,0.3947942,0.04117767,-0.7762835,0.3194398,-0.6427853,0.6258484,0.3051218,
1,21,60.755,0.3947942,0.04117767,-0.7762835,0.3194398,-0.6427853,0.6258484,0.3051218,
1,21,60.757,0.3947942,0.04117767,-0.7762835,0.3194398,-0.6427853,0.6258484,0.3051218,
1,21,60.759,0.3947366,0.04134045,-0.7762226,0.3194071,-0.6427224,0.6259729,0.3050328,
1,21,60.761,0.3947366,0.04134045,-0.7762226,0.3194071,-0.6427224,0.6259729,0.3050328,
1,21,60.763,0.3947366,0.04134045,-0.7762226,0.3194071,-0.6427224,0.6259729,0.3050328,
1,21,60.765,0.3947366,0.04134045,-0.7762226,0.3194071,-0.6427224,0.6259729,0.3050328,
1,21,60.767,0.3947366,0.04134045,-0.7762226,0.3194071,-0.6427224,0.6259729,0.3050328,
1,21,60.769,0.3947468,0.04145984,-0.7762845,0.3194249,-0.6426461,0.6260316,0.3050544,
1,21,60.771,0.3947468,0.04145984,-0.7762845,0.3194249,-0.6426461,0.6260316,0.3050544,
1,21,60.773,0.3947468,0.04145984,-0.7762845,0.3194249,-0.6426461,0.6260316,0.3050544,
1,21,60.775,0.3947468,0.04145984,-0.7762845,0.3194249,-0.6426461,0.6260316,0.3050544,
1,21,60.777,0.3947813,0.04151125,-0.7763605,0.3194763,-0.6425407,0.626047,0.3051912,
1,21,60.779,0.3947813,0.04151125,-0.7763605,0.3194763,-0.6425407,0.626047,0.3051912,
1,21,60.781,0.3947813,0.04151125,-0.7763605,0.3194763,-0.6425407,0.626047,0.3051912,
1,21,60.783,0.3947813,0.04151125,-0.7763605,0.3194763,-0.6425407,0.626047,0.3051912,
1,21,60.785,0.3948168,0.04151744,-0.7764071,0.3195024,-0.6425422,0.6260214,0.3052129,
1,21,60.787,0.3948168,0.04151744,-0.7764071,0.3195024,-0.6425422,0.6260214,0.3052129,
1,21,60.789,0.3948168,0.04151744,-0.7764071,0.3195024,-0.6425422,0.6260214,0.3052129,
1,21,60.791,0.3948168,0.04151744,-0.7764071,0.3195024,-0.6425422,0.6260214,0.3052129,
1,21,60.793,0.395019,0.04157765,-0.7767119,0.3196716,-0.6424537,0.6259862,0.3052945,
1,21,60.795,0.395019,0.04157765,-0.7767119,0.3196716,-0.6424537,0.6259862,0.3052945,
1,21,60.797,0.395019,0.04157765,-0.7767119,0.3196716,-0.6424537,0.6259862,0.3052945,
1,21,60.799,0.395019,0.04157765,-0.7767119,0.3196716,-0.6424537,0.6259862,0.3052945,
1,21,60.801,0.395133,0.04151903,-0.7768749,0.3197646,-0.6424544,0.6259069,0.3053579,
1,21,60.803,0.395133,0.04151903,-0.7768749,0.3197646,-0.6424544,0.6259069,0.3053579,
1,21,60.805,0.395133,0.04151903,-0.7768749,0.3197646,-0.6424544,0.6259069,0.3053579,
1,21,60.807,0.395133,0.04151903,-0.7768749,0.3197646,-0.6424544,0.6259069,0.3053579,
1,21,60.809,0.3951695,0.04145084,-0.7769482,0.319781,-0.6424456,0.6258627,0.3054501,
1,21,60.811,0.3951695,0.04145084,-0.7769482,0.319781,-0.6424456,0.6258627,0.3054501,
1,21,60.813,0.3951695,0.04145084,-0.7769482,0.319781,-0.6424456,0.6258627,0.3054501,
1,21,60.815,0.3951695,0.04145084,-0.7769482,0.319781,-0.6424456,0.6258627,0.3054501,
1,21,60.817,0.3951695,0.04145084,-0.7769482,0.319781,-0.6424456,0.6258627,0.3054501,
1,21,60.819,0.3950753,0.04152223,-0.7767817,0.3197514,-0.6424441,0.6259027,0.3054023,
1,21,60.821,0.3950753,0.04152223,-0.7767817,0.3197514,-0.6424441,0.6259027,0.3054023,
1,21,60.823,0.3950753,0.04152223,-0.7767817,0.3197514,-0.6424441,0.6259027,0.3054023,
1,21,60.825,0.3950753,0.04152223,-0.7767817,0.3197514,-0.6424441,0.6259027,0.3054023,
1,21,60.827,0.395135,0.04152817,-0.7768353,0.3197769,-0.642415,0.6258957,0.3054512,
1,21,60.829,0.395135,0.04152817,-0.7768353,0.3197769,-0.642415,0.6258957,0.3054512,
1,21,60.831,0.395135,0.04152817,-0.7768353,0.3197769,-0.642415,0.6258957,0.3054512,
1,21,60.833,0.395135,0.04152817,-0.7768353,0.3197769,-0.642415,0.6258957,0.3054512,
1,21,60.835,0.3951721,0.04151694,-0.7768326,0.3198138,-0.6424695,0.6258789,0.3053324,
1,21,60.837,0.3951721,0.04151694,-0.7768326,0.3198138,-0.6424695,0.6258789,0.3053324,
1,21,60.839,0.3951721,0.04151694,-0.7768326,0.3198138,-0.6424695,0.6258789,0.3053324,
1,21,60.841,0.3951721,0.04151694,-0.7768326,0.3198138,-0.6424695,0.6258789,0.3053324,
1,21,60.843,0.3951451,0.0414209,-0.7768239,0.3198243,-0.6425645,0.6258045,0.3052736,
1,21,60.845,0.3951451,0.0414209,-0.7768239,0.3198243,-0.6425645,0.6258045,0.3052736,
1,21,60.847,0.3951451,0.0414209,-0.7768239,0.3198243,-0.6425645,0.6258045,0.3052736,
1,21,60.849,0.3951451,0.0414209,-0.7768239,0.3198243,-0.6425645,0.6258045,0.3052736,
1,21,60.851,0.3951242,0.0414306,-0.7768686,0.3197764,-0.6424769,0.6258355,0.3054447,
1,21,60.853,0.3951242,0.0414306,-0.7768686,0.3197764,-0.6424769,0.6258355,0.3054447,
1,21,60.855,0.3951242,0.0414306,-0.7768686,0.3197764,-0.6424769,0.6258355,0.3054447,
1,21,60.857,0.3951242,0.0414306,-0.7768686,0.3197764,-0.6424769,0.6258355,0.3054447,
1,21,60.859,0.3951249,0.04141616,-0.7768595,0.3197511,-0.6424996,0.6258207,0.3054537,
1,21,60.861,0.3951249,0.04141616,-0.7768595,0.3197511,-0.6424996,0.6258207,0.3054537,
1,21,60.863,0.3951249,0.04141616,-0.7768595,0.3197511,-0.6424996,0.6258207,0.3054537,
1,21,60.865,0.3951249,0.04141616,-0.7768595,0.3197511,-0.6424996,0.6258207,0.3054537,
1,21,60.867,0.3951249,0.04141616,-0.7768595,0.3197511,-0.6424996,0.6258207,0.3054537,
1,21,60.869,0.3951316,0.04138926,-0.7768766,0.3197682,-0.6425135,0.6258235,0.3054008,
1,21,60.871,0.3951316,0.04138926,-0.7768766,0.3197682,-0.6425135,0.6258235,0.3054008,
1,21,60.873,0.3951316,0.04138926,-0.7768766,0.3197682,-0.6425135,0.6258235,0.3054008,
1,21,60.875,0.3951316,0.04138926,-0.7768766,0.3197682,-0.6425135,0.6258235,0.3054008,
1,21,60.877,0.3951054,0.04147863,-0.7767801,0.3197414,-0.6425093,0.6258889,0.3053035,
1,21,60.879,0.3951054,0.04147863,-0.7767801,0.3197414,-0.6425093,0.6258889,0.3053035,
1,21,60.881,0.3951054,0.04147863,-0.7767801,0.3197414,-0.6425093,0.6258889,0.3053035,
1,21,60.883,0.3951054,0.04147863,-0.7767801,0.3197414,-0.6425093,0.6258889,0.3053035,
1,21,60.885,0.3951131,0.04141009,-0.7768458,0.319754,-0.642481,0.6258304,0.3054701,
1,21,60.887,0.3951131,0.04141009,-0.7768458,0.319754,-0.642481,0.6258304,0.3054701,
1,21,60.889,0.3951131,0.04141009,-0.7768458,0.319754,-0.642481,0.6258304,0.3054701,
1,21,60.891,0.3951131,0.04141009,-0.7768458,0.319754,-0.642481,0.6258304,0.3054701,
1,21,60.893,0.3951327,0.04141934,-0.7768447,0.3197275,-0.6424863,0.6258553,0.3054355,
1,21,60.895,0.3951327,0.04141934,-0.7768447,0.3197275,-0.6424863,0.6258553,0.3054355,
1,21,60.897,0.3951327,0.04141934,-0.7768447,0.3197275,-0.6424863,0.6258553,0.3054355,
1,21,60.899,0.3951327,0.04141934,-0.7768447,0.3197275,-0.6424863,0.6258553,0.3054355,
1,21,60.901,0.3951299,0.04150392,-0.7767978,0.3197758,-0.642485,0.6258932,0.30531,
1,21,60.903,0.3951299,0.04150392,-0.7767978,0.3197758,-0.642485,0.6258932,0.30531,
1,21,60.905,0.3951299,0.04150392,-0.7767978,0.3197758,-0.642485,0.6258932,0.30531,
1,21,60.907,0.3951299,0.04150392,-0.7767978,0.3197758,-0.642485,0.6258932,0.30531,
1,21,60.909,0.395148,0.04150984,-0.7768577,0.3198156,-0.6424577,0.6258796,0.3053536,
1,21,60.911,0.395148,0.04150984,-0.7768577,0.3198156,-0.6424577,0.6258796,0.3053536,
1,21,60.913,0.395148,0.04150984,-0.7768577,0.3198156,-0.6424577,0.6258796,0.3053536,
1,21,60.915,0.395148,0.04150984,-0.7768577,0.3198156,-0.6424577,0.6258796,0.3053536,
1,21,60.917,0.395148,0.04150984,-0.7768577,0.3198156,-0.6424577,0.6258796,0.3053536,
1,21,60.919,0.3950979,0.04154389,-0.7767805,0.319752,-0.6424542,0.6259322,0.3053198,
1,21,60.921,0.3950979,0.04154389,-0.7767805,0.319752,-0.6424542,0.6259322,0.3053198,
1,21,60.923,0.3950979,0.04154389,-0.7767805,0.319752,-0.6424542,0.6259322,0.3053198,
1,21,60.925,0.3950979,0.04154389,-0.7767805,0.319752,-0.6424542,0.6259322,0.3053198,
1,21,60.927,0.3951049,0.04155038,-0.7767573,0.3197387,-0.6424646,0.6259412,0.3052935,
1,21,60.929,0.3951049,0.04155038,-0.7767573,0.3197387,-0.6424646,0.6259412,0.3052935,
1,21,60.931,0.3951049,0.04155038,-0.7767573,0.3197387,-0.6424646,0.6259412,0.3052935,
1,21,60.933,0.3951049,0.04155038,-0.7767573,0.3197387,-0.6424646,0.6259412,0.3052935,
1,21,60.935,0.3951066,0.04154724,-0.7767794,0.3197478,-0.6424636,0.6259253,0.3053186,
1,21,60.937,0.3951066,0.04154724,-0.7767794,0.3197478,-0.6424636,0.6259253,0.3053186,
1,21,60.939,0.3951066,0.04154724,-0.7767794,0.3197478,-0.6424636,0.6259253,0.3053186,
1,21,60.941,0.3951066,0.04154724,-0.7767794,0.3197478,-0.6424636,0.6259253,0.3053186,
1,21,60.943,0.39511,0.04141004,-0.7768153,0.3197246,-0.6425418,0.6258293,0.3053752,
1,21,60.945,0.39511,0.04141004,-0.7768153,0.3197246,-0.6425418,0.6258293,0.3053752,
1,21,60.947,0.39511,0.04141004,-0.7768153,0.3197246,-0.6425418,0.6258293,0.3053752,
1,21,60.949,0.39511,0.04141004,-0.7768153,0.3197246,-0.6425418,0.6258293,0.3053752,
1,21,60.951,0.3950796,0.04128988,-0.7767556,0.3197007,-0.6426872,0.6257294,0.3052987,
1,21,60.953,0.3950796,0.04128988,-0.7767556,0.3197007,-0.6426872,0.6257294,0.3052987,
1,21,60.955,0.3950796,0.04128988,-0.7767556,0.3197007,-0.6426872,0.6257294,0.3052987,
1,21,60.957,0.3950796,0.04128988,-0.7767556,0.3197007,-0.6426872,0.6257294,0.3052987,
1,21,60.959,0.3950919,0.04138793,-0.7767766,0.3197182,-0.6425658,0.6258312,0.3053274,
1,21,60.961,0.3950919,0.04138793,-0.7767766,0.3197182,-0.6425658,0.6258312,0.3053274,
1,21,60.963,0.3950919,0.04138793,-0.7767766,0.3197182,-0.6425658,0.6258312,0.3053274,
1,21,60.965,0.3950919,0.04138793,-0.7767766,0.3197182,-0.6425658,0.6258312,0.3053274,
1,21,60.967,0.3950919,0.04138793,-0.7767766,0.3197182,-0.6425658,0.6258312,0.3053274,
1,21,60.969,0.395096,0.04145229,-0.7768497,0.3197337,-0.6424423,0.6258653,0.305501,
1,21,60.971,0.395096,0.04145229,-0.7768497,0.3197337,-0.6424423,0.6258653,0.305501,
1,21,60.973,0.395096,0.04145229,-0.7768497,0.3197337,-0.6424423,0.6258653,0.305501,
1,21,60.975,0.395096,0.04145229,-0.7768497,0.3197337,-0.6424423,0.6258653,0.305501,
1,21,60.977,0.3951027,0.04148988,-0.776793,0.3197087,-0.6424629,0.6259162,0.3053797,
1,21,60.979,0.3951027,0.04148988,-0.776793,0.3197087,-0.6424629,0.6259162,0.3053797,
1,21,60.981,0.3951027,0.04148988,-0.776793,0.3197087,-0.6424629,0.6259162,0.3053797,
1,21,60.983,0.3951027,0.04148988,-0.776793,0.3197087,-0.6424629,0.6259162,0.3053797,
1,21,60.985,0.3950916,0.04148085,-0.7767831,0.319738,-0.6424817,0.6259062,0.30533,
1,21,60.987,0.3950916,0.04148085,-0.7767831,0.319738,-0.6424817,0.6259062,0.30533,
1,21,60.989,0.3950916,0.04148085,-0.7767831,0.319738,-0.6424817,0.6259062,0.30533,
1,21,60.991,0.3950916,0.04148085,-0.7767831,0.319738,-0.6424817,0.6259062,0.30533,
1,21,60.993,0.3951506,0.04134687,-0.7768736,0.3197577,-0.6425434,0.6257862,0.3054252,
1,21,60.995,0.3951506,0.04134687,-0.7768736,0.3197577,-0.6425434,0.6257862,0.3054252,
1,21,60.997,0.3951506,0.04134687,-0.7768736,0.3197577,-0.6425434,0.6257862,0.3054252,
1,21,60.999,0.3951506,0.04134687,-0.7768736,0.3197577,-0.6425434,0.6257862,0.3054252,
1,21,61.001,0.3950754,0.04145808,-0.7767829,0.3197237,-0.642503,0.6258896,0.3053343,
1,21,61.003,0.3950754,0.04145808,-0.7767829,0.3197237,-0.642503,0.6258896,0.3053343,
1,21,61.005,0.3950754,0.04145808,-0.7767829,0.3197237,-0.642503,0.6258896,0.3053343,
1,21,61.007,0.3950754,0.04145808,-0.7767829,0.3197237,-0.642503,0.6258896,0.3053343,
1,21,61.009,0.3951246,0.04146829,-0.7767879,0.3197508,-0.64251,0.6258782,0.3053145,
1,21,61.011,0.3951246,0.04146829,-0.7767879,0.3197508,-0.64251,0.6258782,0.3053145,
1,21,61.013,0.3951246,0.04146829,-0.7767879,0.3197508,-0.64251,0.6258782,0.3053145,
1,21,61.015,0.3951246,0.04146829,-0.7767879,0.3197508,-0.64251,0.6258782,0.3053145,
1,21,61.017,0.3951246,0.04146829,-0.7767879,0.3197508,-0.64251,0.6258782,0.3053145,
1,21,61.019,0.3950608,0.04142929,-0.7767508,0.3197042,-0.642526,0.6258795,0.3053267,
1,21,61.021,0.3950608,0.04142929,-0.7767508,0.3197042,-0.642526,0.6258795,0.3053267,
1,21,61.023,0.3950608,0.04142929,-0.7767508,0.3197042,-0.642526,0.6258795,0.3053267,
1,21,61.025,0.3950608,0.04142929,-0.7767508,0.3197042,-0.642526,0.6258795,0.3053267,
1,21,61.027,0.3950795,0.04140316,-0.776749,0.3196911,-0.6425623,0.6258546,0.3053154,
1,21,61.029,0.3950795,0.04140316,-0.776749,0.3196911,-0.6425623,0.6258546,0.3053154,
1,21,61.031,0.3950795,0.04140316,-0.776749,0.3196911,-0.6425623,0.6258546,0.3053154,
1,21,61.033,0.3950795,0.04140316,-0.776749,0.3196911,-0.6425623,0.6258546,0.3053154,
1,21,61.035,0.395086,0.04142042,-0.7767853,0.319738,-0.6425364,0.6258503,0.3053296,
1,21,61.037,0.395086,0.04142042,-0.7767853,0.319738,-0.6425364,0.6258503,0.3053296,
1,21,61.039,0.395086,0.04142042,-0.7767853,0.319738,-0.6425364,0.6258503,0.3053296,
1,21,61.041,0.395086,0.04142042,-0.7767853,0.319738,-0.6425364,0.6258503,0.3053296,
1,21,61.043,0.3950442,0.04142627,-0.7767401,0.3197158,-0.6425297,0.6258528,0.3053616,
1,21,61.045,0.3950442,0.04142627,-0.7767401,0.3197158,-0.6425297,0.6258528,0.3053616,
1,21,61.047,0.3950442,0.04142627,-0.7767401,0.3197158,-0.6425297,0.6258528,0.3053616,
1,21,61.049,0.3950442,0.04142627,-0.7767401,0.3197158,-0.6425297,0.6258528,0.3053616,
1,21,61.051,0.3951175,0.04150516,-0.7768257,0.3197422,-0.6424298,0.6259157,0.3054151,
1,21,61.053,0.3951175,0.04150516,-0.7768257,0.3197422,-0.6424298,0.6259157,0.3054151,
1,21,61.055,0.3951175,0.04150516,-0.7768257,0.3197422,-0.6424298,0.6259157,0.3054151,
1,21,61.057,0.3951175,0.04150516,-0.7768257,0.3197422,-0.6424298,0.6259157,0.3054151,
1,21,61.059,0.3951322,0.04139572,-0.7768563,0.3197575,-0.6425011,0.6258221,0.3054411,
1,21,61.061,0.3951322,0.04139572,-0.7768563,0.3197575,-0.6425011,0.6258221,0.3054411,
1,21,61.063,0.3951322,0.04139572,-0.7768563,0.3197575,-0.6425011,0.6258221,0.3054411,
1,21,61.065,0.3951322,0.04139572,-0.7768563,0.3197575,-0.6425011,0.6258221,0.3054411,
1,21,61.067,0.3951322,0.04139572,-0.7768563,0.3197575,-0.6425011,0.6258221,0.3054411,
1,21,61.069,0.3951496,0.0413554,-0.7768579,0.3197478,-0.6425427,0.6258048,0.3053991,
1,21,61.071,0.3951496,0.0413554,-0.7768579,0.3197478,-0.6425427,0.6258048,0.3053991,
1,21,61.073,0.3951496,0.0413554,-0.7768579,0.3197478,-0.6425427,0.6258048,0.3053991,
1,21,61.075,0.3951496,0.0413554,-0.7768579,0.3197478,-0.6425427,0.6258048,0.3053991,
1,21,61.077,0.3951161,0.04134106,-0.776845,0.3197316,-0.6425419,0.6258094,0.3054085,
1,21,61.079,0.3951161,0.04134106,-0.776845,0.3197316,-0.6425419,0.6258094,0.3054085,
1,21,61.081,0.3951161,0.04134106,-0.776845,0.3197316,-0.6425419,0.6258094,0.3054085,
1,21,61.083,0.3951161,0.04134106,-0.776845,0.3197316,-0.6425419,0.6258094,0.3054085,
1,21,61.085,0.3951722,0.04127978,-0.7769338,0.3197694,-0.6425447,0.6257413,0.3055024,
1,21,61.087,0.3951722,0.04127978,-0.7769338,0.3197694,-0.6425447,0.6257413,0.3055024,
1,21,61.089,0.3951722,0.04127978,-0.7769338,0.3197694,-0.6425447,0.6257413,0.3055024,
1,21,61.091,0.3951722,0.04127978,-0.7769338,0.3197694,-0.6425447,0.6257413,0.3055024,
1,21,61.093,0.3952558,0.04128639,-0.7770377,0.3198472,-0.6425395,0.6257101,0.305496,
1,21,61.095,0.3952558,0.04128639,-0.7770377,0.3198472,-0.6425395,0.6257101,0.305496,
1,21,61.097,0.3952558,0.04128639,-0.7770377,0.3198472,-0.6425395,0.6257101,0.305496,
1,21,61.099,0.3952558,0.04128639,-0.7770377,0.3198472,-0.6425395,0.6257101,0.305496,
1,21,61.101,0.3951967,0.04144129,-0.7769576,0.3198135,-0.6424562,0.6258369,0.3054465,
1,21,61.103,0.3951967,0.04144129,-0.7769576,0.3198135,-0.6424562,0.6258369,0.3054465,
1,21,61.105,0.3951967,0.04144129,-0.7769576,0.3198135,-0.6424562,0.6258369,0.3054465,
1,21,61.107,0.3951967,0.04144129,-0.7769576,0.3198135,-0.6424562,0.6258369,0.3054465,
1,21,61.109,0.3951347,0.04146466,-0.7768887,0.3197821,-0.6424658,0.6258669,0.3053979,
1,21,61.111,0.3951347,0.04146466,-0.7768887,0.3197821,-0.6424658,0.6258669,0.3053979,
1,21,61.113,0.3951347,0.04146466,-0.7768887,0.3197821,-0.6424658,0.6258669,0.3053979,
1,21,61.115,0.3951347,0.04146466,-0.7768887,0.3197821,-0.6424658,0.6258669,0.3053979,
1,21,61.117,0.3951347,0.04146466,-0.7768887,0.3197821,-0.6424658,0.6258669,0.3053979,
1,21,61.119,0.3951104,0.04156198,-0.7768536,0.3197457,-0.6424055,0.6259516,0.3053892,
1,21,61.121,0.3951104,0.04156198,-0.7768536,0.3197457,-0.6424055,0.6259516,0.3053892,
1,21,61.123,0.3951104,0.04156198,-0.7768536,0.3197457,-0.6424055,0.6259516,0.3053892,
1,21,61.125,0.3951104,0.04156198,-0.7768536,0.3197457,-0.6424055,0.6259516,0.3053892,
1,21,61.127,0.3949312,0.04154695,-0.776587,0.3195951,-0.6424646,0.6260005,0.3053221,
1,21,61.129,0.3949312,0.04154695,-0.776587,0.3195951,-0.6424646,0.6260005,0.3053221,
1,21,61.131,0.3949312,0.04154695,-0.776587,0.3195951,-0.6424646,0.6260005,0.3053221,
1,21,61.133,0.3949312,0.04154695,-0.776587,0.3195951,-0.6424646,0.6260005,0.3053221,
1,21,61.135,0.3948172,0.0414735,-0.7763439,0.3194849,-0.6425897,0.6260119,0.3051508,
1,21,61.137,0.3948172,0.0414735,-0.7763439,0.3194849,-0.6425897,0.6260119,0.3051508,
1,21,61.139,0.3948172,0.0414735,-0.7763439,0.3194849,-0.6425897,0.6260119,0.3051508,
1,21,61.141,0.3948172,0.0414735,-0.7763439,0.3194849,-0.6425897,0.6260119,0.3051508,
1,21,61.143,0.3947608,0.04148666,-0.7763131,0.3194786,-0.6426092,0.6260138,0.3051124,
1,21,61.145,0.3947608,0.04148666,-0.7763131,0.3194786,-0.6426092,0.6260138,0.3051124,
1,21,61.147,0.3947608,0.04148666,-0.7763131,0.3194786,-0.6426092,0.6260138,0.3051124,
1,21,61.149,0.3947608,0.04148666,-0.7763131,0.3194786,-0.6426092,0.6260138,0.3051124,
1,21,61.151,0.3948001,0.04152304,-0.7763364,0.3195135,-0.6425929,0.6260396,0.3050576,
1,21,61.153,0.3948001,0.04152304,-0.7763364,0.3195135,-0.6425929,0.6260396,0.3050576,
1,21,61.155,0.3948001,0.04152304,-0.7763364,0.3195135,-0.6425929,0.6260396,0.3050576,
1,21,61.157,0.3948001,0.04152304,-0.7763364,0.3195135,-0.6425929,0.6260396,0.3050576,
1,21,61.159,0.3947714,0.04149885,-0.7763151,0.3194656,-0.6425866,0.6260322,0.3051358,
1,21,61.161,0.3947714,0.04149885,-0.7763151,0.3194656,-0.6425866,0.6260322,0.3051358,
1,21,61.163,0.3947714,0.04149885,-0.7763151,0.3194656,-0.6425866,0.6260322,0.3051358,
1,21,61.165,0.3947714,0.04149885,-0.7763151,0.3194656,-0.6425866,0.6260322,0.3051358,
1,21,61.167,0.3947714,0.04149885,-0.7763151,0.3194656,-0.6425866,0.6260322,0.3051358,
1,21,61.169,0.3947667,0.04150384,-0.7762949,0.3194341,-0.6425865,0.6260591,0.3051139,
1,21,61.171,0.3947667,0.04150384,-0.7762949,0.3194341,-0.6425865,0.6260591,0.3051139,
1,21,61.173,0.3947667,0.04150384,-0.7762949,0.3194341,-0.6425865,0.6260591,0.3051139,
1,21,61.175,0.3947667,0.04150384,-0.7762949,0.3194341,-0.6425865,0.6260591,0.3051139,
1,21,61.177,0.3947965,0.04152223,-0.7763286,0.3194771,-0.642574,0.6260659,0.3050812,
1,21,61.179,0.3947965,0.04152223,-0.7763286,0.3194771,-0.642574,0.6260659,0.3050812,
1,21,61.181,0.3947965,0.04152223,-0.7763286,0.3194771,-0.642574,0.6260659,0.3050812,CourtEnter
1,21,61.183,0.3947965,0.04152223,-0.7763286,0.3194771,-0.642574,0.6260659,0.3050812,
1,21,61.185,0.39476,0.04145158,-0.7763517,0.3194495,-0.6425796,0.6260213,0.3051898,
1,21,61.187,0.39476,0.04145158,-0.7763517,0.3194495,-0.6425796,0.6260213,0.3051898,
1,21,61.189,0.39476,0.04145158,-0.7763517,0.3194495,-0.6425796,0.6260213,0.3051898,CourtExit
1,21,61.191,0.39476,0.04145158,-0.7763517,0.3194495,-0.6425796,0.6260213,0.3051898,
1,21,61.193,0.3947791,0.04146899,-0.7763586,0.3194601,-0.6425686,0.626027,0.3051899,
1,21,61.195,0.3947791,0.04146899,-0.7763586,0.3194601,-0.6425686,0.626027,0.3051899,
1,21,61.197,0.3947791,0.04146899,-0.7763586,0.3194601,-0.6425686,0.626027,0.3051899,
1,21,61.199,0.3947791,0.04146899,-0.7763586,0.3194601,-0.6425686,0.626027,0.3051899,
1,21,61.201,0.3948091,0.04150748,-0.7763576,0.3194719,-0.6425657,0.6260557,0.3051249,
1,21,61.203,0.3948091,0.04150748,-0.7763576,0.3194719,-0.6425657,0.6260557,0.3051249,
1,21,61.205,0.3948091,0.04150748,-0.7763576,0.3194719,-0.6425657,0.6260557,0.3051249,
1,21,61.207,0.3948091,0.04150748,-0.7763576,0.3194719,-0.6425657,0.6260557,0.3051249,
1,21,61.209,0.3947992,0.04146826,-0.7763651,0.3194591,-0.6425743,0.6260203,0.3051931,
1,21,61.211,0.3947992,0.04146826,-0.7763651,0.3194591,-0.6425743,0.6260203,0.3051931,
1,21,61.213,0.3947992,0.04146826,-0.7763651,0.3194591,-0.6425743,0.6260203,0.3051931,
1,21,61.215,0.3947992,0.04146826,-0.7763651,0.3194591,-0.6425743,0.6260203,0.3051931,
1,21,61.217,0.3947992,0.04146826,-0.7763651,0.3194591,-0.6425743,0.6260203,0.3051931,
1,21,61.219,0.3948056,0.04152296,-0.7763675,0.3194456,-0.6425346,0.6260774,0.3051735,
1,21,61.221,0.3948056,0.04152296,-0.7763675,0.3194456,-0.6425346,0.6260774,0.3051735,
1,21,61.223,0.3948056,0.04152296,-0.7763675,0.3194456,-0.6425346,0.6260774,0.3051735,
1,21,61.225,0.3948056,0.04152296,-0.7763675,0.3194456,-0.6425346,0.6260774,0.3051735,
1,21,61.227,0.3947649,0.04139286,-0.7762226,0.3193965,-0.6426666,0.6260146,0.3050758,
1,21,61.229,0.3947649,0.04139286,-0.7762226,0.3193965,-0.6426666,0.6260146,0.3050758,
1,21,61.231,0.3947649,0.04139286,-0.7762226,0.3193965,-0.6426666,0.6260146,0.3050758,
1,21,61.233,0.3947649,0.04139286,-0.7762226,0.3193965,-0.6426666,0.6260146,0.3050758,
1,21,61.235,0.3947105,0.04126329,-0.7761739,0.3193954,-0.642771,0.6259176,0.3050562,
1,21,61.237,0.3947105,0.04126329,-0.7761739,0.3193954,-0.642771,0.6259176,0.3050562,
1,21,61.239,0.3947105,0.04126329,-0.7761739,0.3193954,-0.642771,0.6259176,0.3050562,
1,21,61.241,0.3947105,0.04126329,-0.7761739,0.3193954,-0.642771,0.6259176,0.3050562,
1,21,61.243,0.3947246,0.04117136,-0.7762172,0.3193807,-0.642792,0.625864,0.3051373,
1,21,61.245,0.3947246,0.04117136,-0.7762172,0.3193807,-0.642792,0.625864,0.3051373,
1,21,61.247,0.3947246,0.04117136,-0.7762172,0.3193807,-0.642792,0.625864,0.3051373,
1,21,61.249,0.3947246,0.04117136,-0.7762172,0.3193807,-0.642792,0.625864,0.3051373,
1,21,61.251,0.3947238,0.04117242,-0.7762176,0.3193853,-0.6427972,0.6258629,0.3051238,
1,21,61.253,0.3947238,0.04117242,-0.7762176,0.3193853,-0.6427972,0.6258629,0.3051238,
1,21,61.255,0.3947238,0.04117242,-0.7762176,0.3193853,-0.6427972,0.6258629,0.3051238,
1,21,61.257,0.3947238,0.04117242,-0.7762176,0.3193853,-0.6427972,0.6258629,0.3051238,
1,21,61.259,0.394742,0.04120812,-0.7762191,0.319385,-0.64279,0.6258954,0.3050725,
1,21,61.261,0.394742,0.04120812,-0.7762191,0.319385,-0.64279,0.6258954,0.3050725,
1,21,61.263,0.394742,0.04120812,-0.7762191,0.319385,-0.64279,0.6258954,0.3050725,
1,21,61.265,0.394742,0.04120812,-0.7762191,0.319385,-0.64279,0.6258954,0.3050725,
1,21,61.267,0.394742,0.04120812,-0.7762191,0.319385,-0.64279,0.6258954,0.3050725,
1,21,61.269,0.3947477,0.04116664,-0.7762774,0.3194064,-0.6427908,0.6258379,0.3051664,
1,21,61.271,0.3947477,0.04116664,-0.7762774,0.3194064,-0.6427908,0.6258379,0.3051664,
1,21,61.273,0.3947477,0.04116664,-0.7762774,0.3194064,-0.6427908,0.6258379,0.3051664,
1,21,61.275,0.3947477,0.04116664,-0.7762774,0.3194064,-0.6427908,0.6258379,0.3051664,
1,21,61.277,0.394776,0.04115867,-0.7762949,0.3194108,-0.6427861,0.6258258,0.3051966,
1,21,61.279,0.394776,0.04115867,-0.7762949,0.3194108,-0.6427861,0.6258258,0.3051966,
1,21,61.281,0.394776,0.04115867,-0.7762949,0.3194108,-0.6427861,0.6258258,0.3051966,
1,21,61.283,0.394776,0.04115867,-0.7762949,0.3194108,-0.6427861,0.6258258,0.3051966,
1,21,61.285,0.3947613,0.04111464,-0.7762601,0.3194191,-0.6428171,0.6257921,0.3051918,
1,21,61.287,0.3947613,0.04111464,-0.7762601,0.3194191,-0.6428171,0.6257921,0.3051918,
1,21,61.289,0.3947613,0.04111464,-0.7762601,0.3194191,-0.6428171,0.6257921,0.3051918,
1,21,61.291,0.3947613,0.04111464,-0.7762601,0.3194191,-0.6428171,0.6257921,0.3051918,
1,21,61.293,0.3947602,0.04110724,-0.7762704,0.3193841,-0.6428053,0.6258183,0.3051991,
1,21,61.295,0.3947602,0.04110724,-0.7762704,0.3193841,-0.6428053,0.6258183,0.3051991,
1,21,61.297,0.3947602,0.04110724,-0.7762704,0.3193841,-0.6428053,0.6258183,0.3051991,
1,21,61.299,0.3947602,0.04110724,-0.7762704,0.3193841,-0.6428053,0.6258183,0.3051991,
1,21,61.301,0.3947968,0.04123321,-0.7762516,0.3194376,-0.6427897,0.6258821,0.3050456,
1,21,61.303,0.3947968,0.04123321,-0.7762516,0.3194376,-0.6427897,0.6258821,0.3050456,
1,21,61.305,0.3947968,0.04123321,-0.7762516,0.3194376,-0.6427897,0.6258821,0.3050456,
1,21,61.307,0.3947968,0.04123321,-0.7762516,0.3194376,-0.6427897,0.6258821,0.3050456,
1,21,61.309,0.3947791,0.04146387,-0.7763129,0.3194657,-0.642635,0.6260181,0.3050631,
1,21,61.311,0.3947791,0.04146387,-0.7763129,0.3194657,-0.642635,0.6260181,0.3050631,
1,21,61.313,0.3947791,0.04146387,-0.7763129,0.3194657,-0.642635,0.6260181,0.3050631,
1,21,61.315,0.3947791,0.04146387,-0.7763129,0.3194657,-0.642635,0.6260181,0.3050631,
1,21,61.317,0.3947791,0.04146387,-0.7763129,0.3194657,-0.642635,0.6260181,0.3050631,
1,21,61.319,0.3947679,0.04148823,-0.7763898,0.3194384,-0.6425618,0.6260155,0.3052508,
1,21,61.321,0.3947679,0.04148823,-0.7763898,0.3194384,-0.6425618,0.6260155,0.3052508,
1,21,61.323,0.3947679,0.04148823,-0.7763898,0.3194384,-0.6425618,0.6260155,0.3052508,
1,21,61.325,0.3947679,0.04148823,-0.7763898,0.3194384,-0.6425618,0.6260155,0.3052508,
1,21,61.327,0.3948103,0.04156842,-0.7763383,0.3194986,-0.6425353,0.6260864,0.3050981,
1,21,61.329,0.3948103,0.04156842,-0.7763383,0.3194986,-0.6425353,0.6260864,0.3050981,
1,21,61.331,0.3948103,0.04156842,-0.7763383,0.3194986,-0.6425353,0.6260864,0.3050981,
1,21,61.333,0.3948103,0.04156842,-0.7763383,0.3194986,-0.6425353,0.6260864,0.3050981,
1,21,61.335,0.3948067,0.04155263,-0.7763219,0.319479,-0.6425608,0.6260828,0.3050725,
1,21,61.337,0.3948067,0.04155263,-0.7763219,0.319479,-0.6425608,0.6260828,0.3050725,
1,21,61.339,0.3948067,0.04155263,-0.7763219,0.319479,-0.6425608,0.6260828,0.3050725,
1,21,61.341,0.3948067,0.04155263,-0.7763219,0.319479,-0.6425608,0.6260828,0.3050725,
1,21,61.343,0.3947312,0.04150574,-0.7763063,0.3194229,-0.6425568,0.6260643,0.3051776,
1,21,61.345,0.3947312,0.04150574,-0.7763063,0.3194229,-0.6425568,0.6260643,0.3051776,
1,21,61.347,0.3947312,0.04150574,-0.7763063,0.3194229,-0.6425568,0.6260643,0.3051776,
1,21,61.349,0.3947312,0.04150574,-0.7763063,0.3194229,-0.6425568,0.6260643,0.3051776,
1,21,61.351,0.3948837,0.04153598,-0.7764954,0.319532,-0.6425014,0.6260279,0.3052544,
1,21,61.353,0.3948837,0.04153598,-0.7764954,0.319532,-0.6425014,0.6260279,0.3052544,
1,21,61.355,0.3948837,0.04153598,-0.7764954,0.319532,-0.6425014,0.6260279,0.3052544,
1,21,61.357,0.3948837,0.04153598,-0.7764954,0.319532,-0.6425014,0.6260279,0.3052544,
1,21,61.359,0.3950729,0.04152778,-0.776777,0.3197233,-0.6424569,0.6259388,0.3053308,
1,21,61.361,0.3950729,0.04152778,-0.776777,0.3197233,-0.6424569,0.6259388,0.3053308,
1,21,61.363,0.3950729,0.04152778,-0.776777,0.3197233,-0.6424569,0.6259388,0.3053308,
1,21,61.365,0.3950729,0.04152778,-0.776777,0.3197233,-0.6424569,0.6259388,0.3053308,
1,21,61.367,0.3950729,0.04152778,-0.776777,0.3197233,-0.6424569,0.6259388,0.3053308,
1,21,61.369,0.395247,0.04143259,-0.7770787,0.3198825,-0.6424249,0.6257895,0.3055372,
1,21,61.371,0.395247,0.04143259,-0.7770787,0.3198825,-0.6424249,0.6257895,0.3055372,
1,21,61.373,0.395247,0.04143259,-0.7770787,0.3198825,-0.6424249,0.6257895,0.3055372,
1,21,61.375,0.395247,0.04143259,-0.7770787,0.3198825,-0.6424249,0.6257895,0.3055372,
1,21,61.377,0.3951123,0.0415933,-0.7768264,0.3197473,-0.6423697,0.6259668,0.3054315,
1,21,61.379,0.3951123,0.0415933,-0.7768264,0.3197473,-0.6423697,0.6259668,0.3054315,
1,21,61.381,0.3951123,0.0415933,-0.7768264,0.3197473,-0.6423697,0.6259668,0.3054315,
1,21,61.383,0.3951123,0.0415933,-0.7768264,0.3197473,-0.6423697,0.6259668,0.3054315,
1,21,61.385,0.3951122,0.04166334,-0.7768365,0.3197821,-0.6423277,0.6259969,0.3054219,
1,21,61.387,0.3951122,0.04166334,-0.7768365,0.3197821,-0.6423277,0.6259969,0.3054219,
1,21,61.389,0.3951122,0.04166334,-0.7768365,0.3197821,-0.6423277,0.6259969,0.3054219,
1,21,61.391,0.3951122,0.04166334,-0.7768365,0.3197821,-0.6423277,0.6259969,0.3054219,
1,21,61.393,0.3950545,0.04159363,-0.7767545,0.3197146,-0.6424215,0.625985,0.3053196,
1,21,61.395,0.3950545,0.04159363,-0.7767545,0.3197146,-0.6424215,0.625985,0.3053196,
1,21,61.397,0.3950545,0.04159363,-0.7767545,0.3197146,-0.6424215,0.625985,0.3053196,
1,21,61.399,0.3950545,0.04159363,-0.7767545,0.3197146,-0.6424215,0.625985,0.3053196,
1,21,61.401,0.3950532,0.04167577,-0.7767065,0.3196917,-0.6423816,0.6260511,0.3052918,
1,21,61.403,0.3950532,0.04167577,-0.7767065,0.3196917,-0.6423816,0.6260511,0.3052918,
1,21,61.405,0.3950532,0.04167577,-0.7767065,0.3196917,-0.6423816,0.6260511,0.3052918,
1,21,61.407,0.3950532,0.04167577,-0.7767065,0.3196917,-0.6423816,0.6260511,0.3052918,
1,21,61.409,0.395145,0.04152754,-0.7768992,0.3197584,-0.6424158,0.6259265,0.3054057,
1,21,61.411,0.395145,0.04152754,-0.7768992,0.3197584,-0.6424158,0.6259265,0.3054057,
1,21,61.413,0.395145,0.04152754,-0.7768992,0.3197584,-0.6424158,0.6259265,0.3054057,
1,21,61.415,0.395145,0.04152754,-0.7768992,0.3197584,-0.6424158,0.6259265,0.3054057,
1,21,61.417,0.395145,0.04152754,-0.7768992,0.3197584,-0.6424158,0.6259265,0.3054057,
1,21,61.419,0.3952172,0.04153811,-0.7769989,0.3198243,-0.6423845,0.6258935,0.30547,
1,21,61.421,0.3952172,0.04153811,-0.7769989,0.3198243,-0.6423845,0.6258935,0.30547,
1,21,61.423,0.3952172,0.04153811,-0.7769989,0.3198243,-0.6423845,0.6258935,0.30547,
1,21,61.425,0.3952172,0.04153811,-0.7769989,0.3198243,-0.6423845,0.6258935,0.30547,
1,21,61.427,0.3951385,0.04159407,-0.7768332,0.3197688,-0.6423987,0.6259637,0.3053544,
1,21,61.429,0.3951385,0.04159407,-0.7768332,0.3197688,-0.6423987,0.6259637,0.3053544,
1,21,61.431,0.3951385,0.04159407,-0.7768332,0.3197688,-0.6423987,0.6259637,0.3053544,
1,21,61.433,0.3951385,0.04159407,-0.7768332,0.3197688,-0.6423987,0.6259637,0.3053544,
1,21,61.435,0.3951175,0.04159683,-0.7767843,0.3197761,-0.6424295,0.6259644,0.3052806,
1,21,61.437,0.3951175,0.04159683,-0.7767843,0.3197761,-0.6424295,0.6259644,0.3052806,
1,21,61.439,0.3951175,0.04159683,-0.7767843,0.3197761,-0.6424295,0.6259644,0.3052806,
1,21,61.441,0.3951175,0.04159683,-0.7767843,0.3197761,-0.6424295,0.6259644,0.3052806,
1,21,61.443,0.3951432,0.04165475,-0.7768776,0.3198083,-0.6423501,0.6259862,0.3053693,
1,21,61.445,0.3951432,0.04165475,-0.7768776,0.3198083,-0.6423501,0.6259862,0.3053693,
1,21,61.447,0.3951432,0.04165475,-0.7768776,0.3198083,-0.6423501,0.6259862,0.3053693,
1,21,61.449,0.3951432,0.04165475,-0.7768776,0.3198083,-0.6423501,0.6259862,0.3053693,
1,21,61.451,0.3951271,0.04164675,-0.7768731,0.3197953,-0.6423482,0.6259658,0.3054288,
1,21,61.453,0.3951271,0.04164675,-0.7768731,0.3197953,-0.6423482,0.6259658,0.3054288,
1,21,61.455,0.3951271,0.04164675,-0.7768731,0.3197953,-0.6423482,0.6259658,0.3054288,
1,21,61.457,0.3951271,0.04164675,-0.7768731,0.3197953,-0.6423482,0.6259658,0.3054288,
1,21,61.459,0.3950951,0.04157548,-0.7768306,0.3197264,-0.6423649,0.6259615,0.3054744,
1,21,61.461,0.3950951,0.04157548,-0.7768306,0.3197264,-0.6423649,0.6259615,0.3054744,
1,21,61.463,0.3950951,0.04157548,-0.7768306,0.3197264,-0.6423649,0.6259615,0.3054744,
1,21,61.465,0.3950951,0.04157548,-0.7768306,0.3197264,-0.6423649,0.6259615,0.3054744,
1,21,61.467,0.3950951,0.04157548,-0.7768306,0.3197264,-0.6423649,0.6259615,0.3054744,
1,21,61.469,0.3951389,0.04157811,-0.7768709,0.3197585,-0.6423485,0.6259512,0.3054965,
1,21,61.471,0.3951389,0.04157811,-0.7768709,0.3197585,-0.6423485,0.6259512,0.3054965,
1,21,61.473,0.3951389,0.04157811,-0.7768709,0.3197585,-0.6423485,0.6259512,0.3054965,
1,21,61.475,0.3951389,0.04157811,-0.7768709,0.3197585,-0.6423485,0.6259512,0.3054965,
1,21,61.477,0.3951956,0.04154515,-0.776945,0.3198512,-0.6424108,0.6258966,0.3053803,
1,21,61.479,0.3951956,0.04154515,-0.776945,0.3198512,-0.6424108,0.6258966,0.3053803,
1,21,61.481,0.3951956,0.04154515,-0.776945,0.3198512,-0.6424108,0.6258966,0.3053803,
1,21,61.483,0.3951956,0.04154515,-0.776945,0.3198512,-0.6424108,0.6258966,0.3053803,
1,21,61.485,0.3951384,0.04146283,-0.7769122,0.3197955,-0.6424599,0.6258597,0.3054109,
1,21,61.487,0.3951384,0.04146283,-0.7769122,0.3197955,-0.6424599,0.6258597,0.3054109,
1,21,61.489,0.3951384,0.04146283,-0.7769122,0.3197955,-0.6424599,0.6258597,0.3054109,
1,21,61.491,0.3951384,0.04146283,-0.7769122,0.3197955,-0.6424599,0.6258597,0.3054109,
1,21,61.493,0.3952172,0.04146395,-0.776958,0.3198534,-0.6424651,0.6258233,0.305414,
1,21,61.495,0.3952172,0.04146395,-0.776958,0.3198534,-0.6424651,0.6258233,0.305414,
1,21,61.497,0.3952172,0.04146395,-0.776958,0.3198534,-0.6424651,0.6258233,0.305414,
1,21,61.499,0.3952172,0.04146395,-0.776958,0.3198534,-0.6424651,0.6258233,0.305414,
1,21,61.501,0.3952329,0.0414373,-0.7770297,0.3198827,-0.6424612,0.6257938,0.3054519,
1,21,61.503,0.3952329,0.0414373,-0.7770297,0.3198827,-0.6424612,0.6257938,0.3054519,
1,21,61.505,0.3952329,0.0414373,-0.7770297,0.3198827,-0.6424612,0.6257938,0.3054519,
1,21,61.507,0.3952329,0.0414373,-0.7770297,0.3198827,-0.6424612,0.6257938,0.3054519,
1,21,61.509,0.395205,0.04147781,-0.7769834,0.3198453,-0.6424176,0.6258522,0.3054629,
1,21,61.511,0.395205,0.04147781,-0.7769834,0.3198453,-0.6424176,0.6258522,0.3054629,
1,21,61.513,0.395205,0.04147781,-0.7769834,0.3198453,-0.6424176,0.6258522,0.3054629,
1,21,61.515,0.395205,0.04147781,-0.7769834,0.3198453,-0.6424176,0.6258522,0.3054629,
1,21,61.517,0.395205,0.04147781,-0.7769834,0.3198453,-0.6424176,0.6258522,0.3054629,
1,21,61.519,0.3951608,0.04147108,-0.7769157,0.3198255,-0.6424653,0.6258524,0.3053829,
1,21,61.521,0.3951608,0.04147108,-0.7769157,0.3198255,-0.6424653,0.6258524,0.3053829,
1,21,61.523,0.3951608,0.04147108,-0.7769157,0.3198255,-0.6424653,0.6258524,0.3053829,
1,21,61.525,0.3951608,0.04147108,-0.7769157,0.3198255,-0.6424653,0.6258524,0.3053829,
1,21,61.527,0.3951655,0.04153134,-0.7769365,0.3198259,-0.6424316,0.6258833,0.3053904,
1,21,61.529,0.3951655,0.04153134,-0.7769365,0.3198259,-0.6424316,0.6258833,0.3053904,
1,21,61.531,0.3951655,0.04153134,-0.7769365,0.3198259,-0.6424316,0.6258833,0.3053904,
1,21,61.533,0.3951655,0.04153134,-0.7769365,0.3198259,-0.6424316,0.6258833,0.3053904,
1,21,61.535,0.3950893,0.04161762,-0.7768041,0.3197562,-0.6423855,0.6259834,0.3053549,
1,21,61.537,0.3950893,0.04161762,-0.7768041,0.3197562,-0.6423855,0.6259834,0.3053549,
1,21,61.539,0.3950893,0.04161762,-0.7768041,0.3197562,-0.6423855,0.6259834,0.3053549,
1,21,61.541,0.3950893,0.04161762,-0.7768041,0.3197562,-0.6423855,0.6259834,0.3053549,
1,21,61.543,0.3949619,0.04159676,-0.7765838,0.3196713,-0.6424682,0.6260076,0.3052204,
1,21,61.545,0.3949619,0.04159676,-0.7765838,0.3196713,-0.6424682,0.6260076,0.3052204,
1,21,61.547,0.3949619,0.04159676,-0.7765838,0.3196713,-0.6424682,0.6260076,0.3052204,
1,21,61.549,0.3949619,0.04159676,-0.7765838,0.3196713,-0.6424682,0.6260076,0.3052204,
1,21,61.551,0.3948356,0.04150933,-0.7763963,0.3195268,-0.6425606,0.6260274,0.3051364,
1,21,61.553,0.3948356,0.04150933,-0.7763963,0.3195268,-0.6425606,0.6260274,0.3051364,
1,21,61.555,0.3948356,0.04150933,-0.7763963,0.3195268,-0.6425606,0.6260274,0.3051364,
1,21,61.557,0.3948356,0.04150933,-0.7763963,0.3195268,-0.6425606,0.6260274,0.3051364,
1,21,61.559,0.3947986,0.04151895,-0.77635,0.3195029,-0.6425856,0.6260392,0.3050845,
1,21,61.561,0.3947986,0.04151895,-0.77635,0.3195029,-0.6425856,0.6260392,0.3050845,
1,21,61.563,0.3947986,0.04151895,-0.77635,0.3195029,-0.6425856,0.6260392,0.3050845,
1,21,61.565,0.3947986,0.04151895,-0.77635,0.3195029,-0.6425856,0.6260392,0.3050845,
1,21,61.567,0.3947986,0.04151895,-0.77635,0.3195029,-0.6425856,0.6260392,0.3050845,
1,21,61.569,0.3947783,0.04151781,-0.7763463,0.3195031,-0.6425662,0.6260301,0.3051439,
1,21,61.571,0.3947783,0.04151781,-0.7763463,0.3195031,-0.6425662,0.6260301,0.3051439,
1,21,61.573,0.3947783,0.04151781,-0.7763463,0.3195031,-0.6425662,0.6260301,0.3051439,
1,21,61.575,0.3947783,0.04151781,-0.7763463,0.3195031,-0.6425662,0.6260301,0.3051439,
1,21,61.577,0.3948058,0.04153252,-0.7763439,0.3194818,-0.6425512,0.6260657,0.3051248,
1,21,61.579,0.3948058,0.04153252,-0.7763439,0.3194818,-0.6425512,0.6260657,0.3051248,
1,21,61.581,0.3948058,0.04153252,-0.7763439,0.3194818,-0.6425512,0.6260657,0.3051248,
1,21,61.583,0.3948058,0.04153252,-0.7763439,0.3194818,-0.6425512,0.6260657,0.3051248,
1,21,61.585,0.3947887,0.04150357,-0.7763426,0.3194586,-0.6425631,0.6260548,0.3051463,
1,21,61.587,0.3947887,0.04150357,-0.7763426,0.3194586,-0.6425631,0.6260548,0.3051463,
1,21,61.589,0.3947887,0.04150357,-0.7763426,0.3194586,-0.6425631,0.6260548,0.3051463,
1,21,61.591,0.3947887,0.04150357,-0.7763426,0.3194586,-0.6425631,0.6260548,0.3051463,
1,21,61.593,0.3947144,0.04125157,-0.7762561,0.3193899,-0.6427131,0.6259105,0.3051985,
1,21,61.595,0.3947144,0.04125157,-0.7762561,0.3193899,-0.6427131,0.6259105,0.3051985,
1,21,61.597,0.3947144,0.04125157,-0.7762561,0.3193899,-0.6427131,0.6259105,0.3051985,
1,21,61.599,0.3947144,0.04125157,-0.7762561,0.3193899,-0.6427131,0.6259105,0.3051985,
1,21,61.601,0.3947064,0.04116116,-0.7761339,0.3193061,-0.6428778,0.6258743,0.3050133,
1,21,61.603,0.3947064,0.04116116,-0.7761339,0.3193061,-0.6428778,0.6258743,0.3050133,
1,21,61.605,0.3947064,0.04116116,-0.7761339,0.3193061,-0.6428778,0.6258743,0.3050133,
1,21,61.607,0.3947064,0.04116116,-0.7761339,0.3193061,-0.6428778,0.6258743,0.3050133,
1,21,61.609,0.3946838,0.04104328,-0.776095,0.3192881,-0.6429993,0.6258003,0.3049282,
1,21,61.611,0.3946838,0.04104328,-0.776095,0.3192881,-0.6429993,0.6258003,0.3049282,
1,21,61.613,0.3946838,0.04104328,-0.776095,0.3192881,-0.6429993,0.6258003,0.3049282,
1,21,61.615,0.3946838,0.04104328,-0.776095,0.3192881,-0.6429993,0.6258003,0.3049282,
1,21,61.617,0.3946838,0.04104328,-0.776095,0.3192881,-0.6429993,0.6258003,0.3049282,
1,21,61.619,0.3947734,0.04112066,-0.7762209,0.3193899,-0.6428652,0.6258293,0.3050444,
1,21,61.621,0.3947734,0.04112066,-0.7762209,0.3193899,-0.6428652,0.6258293,0.3050444,
1,21,61.623,0.3947734,0.04112066,-0.7762209,0.3193899,-0.6428652,0.6258293,0.3050444,
1,21,61.625,0.3947734,0.04112066,-0.7762209,0.3193899,-0.6428652,0.6258293,0.3050444,
1,21,61.627,0.3947889,0.04113726,-0.7763021,0.3194234,-0.6427777,0.6258323,0.3051878,
1,21,61.629,0.3947889,0.04113726,-0.7763021,0.3194234,-0.6427777,0.6258323,0.3051878,
1,21,61.631,0.3947889,0.04113726,-0.7763021,0.3194234,-0.6427777,0.6258323,0.3051878,
1,21,61.633,0.3947889,0.04113726,-0.7763021,0.3194234,-0.6427777,0.6258323,0.3051878,
1,21,61.635,0.394861,0.04114098,-0.7763548,0.3194551,-0.6427721,0.62582,0.3051915,
1,21,61.637,0.394861,0.04114098,-0.7763548,0.3194551,-0.6427721,0.62582,0.3051915,
1,21,61.639,0.394861,0.04114098,-0.7763548,0.3194551,-0.6427721,0.62582,0.3051915,
1,21,61.641,0.394861,0.04114098,-0.7763548,0.3194551,-0.6427721,0.62582,0.3051915,
1,21,61.643,0.3948969,0.0412113,-0.7764006,0.3195089,-0.6427264,0.6258485,0.305173,
1,21,61.645,0.3948969,0.0412113,-0.7764006,0.3195089,-0.6427264,0.6258485,0.305173,
1,21,61.647,0.3948969,0.0412113,-0.7764006,0.3195089,-0.6427264,0.6258485,0.305173,
1,21,61.649,0.3948969,0.0412113,-0.7764006,0.3195089,-0.6427264,0.6258485,0.305173,
1,21,61.651,0.3949024,0.04121847,-0.7764091,0.3195174,-0.6427343,0.625841,0.305163,
1,21,61.653,0.3949024,0.04121847,-0.7764091,0.3195174,-0.6427343,0.625841,0.305163,
1,21,61.655,0.3949024,0.04121847,-0.7764091,0.3195174,-0.6427343,0.625841,0.305163,
1,21,61.657,0.3949024,0.04121847,-0.7764091,0.3195174,-0.6427343,0.625841,0.305163,
1,21,61.659,0.3950131,0.04114861,-0.7765904,0.3196121,-0.6427361,0.6257429,0.3052613,
1,21,61.661,0.3950131,0.04114861,-0.7765904,0.3196121,-0.6427361,0.6257429,0.3052613,
1,21,61.663,0.3950131,0.04114861,-0.7765904,0.3196121,-0.6427361,0.6257429,0.3052613,
1,21,61.665,0.3950131,0.04114861,-0.7765904,0.3196121,-0.6427361,0.6257429,0.3052613,
1,21,61.667,0.3950131,0.04114861,-0.7765904,0.3196121,-0.6427361,0.6257429,0.3052613,
1,21,61.669,0.3949956,0.04125707,-0.7766156,0.3196434,-0.6426409,0.6257999,0.3053117,
1,21,61.671,0.3949956,0.04125707,-0.7766156,0.3196434,-0.6426409,0.6257999,0.3053117,
1,21,61.673,0.3949956,0.04125707,-0.7766156,0.3196434,-0.6426409,0.6257999,0.3053117,
1,21,61.675,0.3949956,0.04125707,-0.7766156,0.3196434,-0.6426409,0.6257999,0.3053117,
1,21,61.677,0.3950666,0.04128332,-0.7767255,0.3196646,-0.6425902,0.6257917,0.3054134,
1,21,61.679,0.3950666,0.04128332,-0.7767255,0.3196646,-0.6425902,0.6257917,0.3054134,
1,21,61.681,0.3950666,0.04128332,-0.7767255,0.3196646,-0.6425902,0.6257917,0.3054134,
1,21,61.683,0.3950666,0.04128332,-0.7767255,0.3196646,-0.6425902,0.6257917,0.3054134,
1,21,61.685,0.395051,0.04132674,-0.7767301,0.3196687,-0.6425703,0.6258361,0.3053599,
1,21,61.687,0.395051,0.04132674,-0.7767301,0.3196687,-0.6425703,0.6258361,0.3053599,
1,21,61.689,0.395051,0.04132674,-0.7767301,0.3196687,-0.6425703,0.6258361,0.3053599,
1,21,61.691,0.395051,0.04132674,-0.7767301,0.3196687,-0.6425703,0.6258361,0.3053599,
1,21,61.693,0.3951012,0.04136843,-0.7767706,0.3197079,-0.6425352,0.6258535,0.3053567,
1,21,61.695,0.3951012,0.04136843,-0.7767706,0.3197079,-0.6425352,0.6258535,0.3053567,
1,21,61.697,0.3951012,0.04136843,-0.7767706,0.3197079,-0.6425352,0.6258535,0.3053567,
1,21,61.699,0.3951012,0.04136843,-0.7767706,0.3197079,-0.6425352,0.6258535,0.3053567,
1,21,61.701,0.3951026,0.04140503,-0.7767705,0.319715,-0.6425195,0.6258631,0.3053629,
1,21,61.703,0.3951026,0.04140503,-0.7767705,0.319715,-0.6425195,0.6258631,0.3053629,
1,21,61.705,0.3951026,0.04140503,-0.7767705,0.319715,-0.6425195,0.6258631,0.3053629,
1,21,61.707,0.3951026,0.04140503,-0.7767705,0.319715,-0.6425195,0.6258631,0.3053629,
1,21,61.709,0.3950947,0.04143425,-0.7767426,0.3197144,-0.6425247,0.625885,0.3053077,
1,21,61.711,0.3950947,0.04143425,-0.7767426,0.3197144,-0.6425247,0.625885,0.3053077,
1,21,61.713,0.3950947,0.04143425,-0.7767426,0.3197144,-0.6425247,0.625885,0.3053077,
1,21,61.715,0.3950947,0.04143425,-0.7767426,0.3197144,-0.6425247,0.625885,0.3053077,
1,21,61.717,0.3950947,0.04143425,-0.7767426,0.3197144,-0.6425247,0.625885,0.3053077,
1,21,61.719,0.3951003,0.0414503,-0.7767779,0.3197232,-0.6425089,0.6258863,0.305329,
1,21,61.721,0.3951003,0.0414503,-0.7767779,0.3197232,-0.6425089,0.6258863,0.305329,
1,21,61.723,0.3951003,0.0414503,-0.7767779,0.3197232,-0.6425089,0.6258863,0.305329,
1,21,61.725,0.3951003,0.0414503,-0.7767779,0.3197232,-0.6425089,0.6258863,0.305329,
1,21,61.727,0.3951117,0.04143259,-0.7768232,0.3197092,-0.6424862,0.625873,0.3054185,
1,21,61.729,0.3951117,0.04143259,-0.7768232,0.3197092,-0.6424862,0.625873,0.3054185,
1,21,61.731,0.3951117,0.04143259,-0.7768232,0.3197092,-0.6424862,0.625873,0.3054185,
1,21,61.733,0.3951117,0.04143259,-0.7768232,0.3197092,-0.6424862,0.625873,0.3054185,
1,21,61.735,0.3951018,0.04144532,-0.7767354,0.3197081,-0.6425619,0.6258686,0.3052697,
1,21,61.737,0.3951018,0.04144532,-0.7767354,0.3197081,-0.6425619,0.6258686,0.3052697,
1,21,61.739,0.3951018,0.04144532,-0.7767354,0.3197081,-0.6425619,0.6258686,0.3052697,
1,21,61.741,0.3951018,0.04144532,-0.7767354,0.3197081,-0.6425619,0.6258686,0.3052697,
1,21,61.743,0.3950528,0.04146608,-0.7767353,0.3197072,-0.6425306,0.625899,0.305274,
1,21,61.745,0.3950528,0.04146608,-0.7767353,0.3197072,-0.6425306,0.625899,0.305274,
1,21,61.747,0.3950528,0.04146608,-0.7767353,0.3197072,-0.6425306,0.625899,0.305274,
1,21,61.749,0.3950528,0.04146608,-0.7767353,0.3197072,-0.6425306,0.625899,0.305274,
1,21,61.751,0.3951367,0.04149402,-0.7768526,0.3197302,-0.6424247,0.6259037,0.3054629,
1,21,61.753,0.3951367,0.04149402,-0.7768526,0.3197302,-0.6424247,0.6259037,0.3054629,
1,21,61.755,0.3951367,0.04149402,-0.7768526,0.3197302,-0.6424247,0.6259037,0.3054629,
1,21,61.757,0.3951367,0.04149402,-0.7768526,0.3197302,-0.6424247,0.6259037,0.3054629,
1,21,61.759,0.395099,0.04146179,-0.7768244,0.3197133,-0.6424495,0.6258943,0.3054479,
1,21,61.761,0.395099,0.04146179,-0.7768244,0.3197133,-0.6424495,0.6258943,0.3054479,
1,21,61.763,0.395099,0.04146179,-0.7768244,0.3197133,-0.6424495,0.6258943,0.3054479,
1,21,61.765,0.395099,0.04146179,-0.7768244,0.3197133,-0.6424495,0.6258943,0.3054479,
1,21,61.767,0.395099,0.04146179,-0.7768244,0.3197133,-0.6424495,0.6258943,0.3054479,
1,21,61.769,0.395112,0.04144601,-0.7767778,0.3197262,-0.6425177,0.625881,0.3053182,
1,21,61.771,0.395112,0.04144601,-0.7767778,0.3197262,-0.6425177,0.625881,0.3053182,
1,21,61.773,0.395112,0.04144601,-0.7767778,0.3197262,-0.6425177,0.625881,0.3053182,
1,21,61.775,0.395112,0.04144601,-0.7767778,0.3197262,-0.6425177,0.625881,0.3053182,
1,21,61.777,0.3950946,0.04143735,-0.7768232,0.3197535,-0.6425118,0.6258634,0.3053383,
1,21,61.779,0.3950946,0.04143735,-0.7768232,0.3197535,-0.6425118,0.6258634,0.3053383,
1,21,61.781,0.3950946,0.04143735,-0.7768232,0.3197535,-0.6425118,0.6258634,0.3053383,
1,21,61.783,0.3950946,0.04143735,-0.7768232,0.3197535,-0.6425118,0.6258634,0.3053383,
1,21,61.785,0.3951353,0.04146897,-0.7768627,0.3197557,-0.6424628,0.6258782,0.3054087,
1,21,61.787,0.3951353,0.04146897,-0.7768627,0.3197557,-0.6424628,0.6258782,0.3054087,
1,21,61.789,0.3951353,0.04146897,-0.7768627,0.3197557,-0.6424628,0.6258782,0.3054087,
1,21,61.791,0.3951353,0.04146897,-0.7768627,0.3197557,-0.6424628,0.6258782,0.3054087,
1,21,61.793,0.3951155,0.04143646,-0.7768726,0.319767,-0.6424426,0.6258442,0.3055089,
1,21,61.795,0.3951155,0.04143646,-0.7768726,0.319767,-0.6424426,0.6258442,0.3055089,
1,21,61.797,0.3951155,0.04143646,-0.7768726,0.319767,-0.6424426,0.6258442,0.3055089,
1,21,61.799,0.3951155,0.04143646,-0.7768726,0.319767,-0.6424426,0.6258442,0.3055089,
1,21,61.801,0.3951161,0.04145385,-0.7768251,0.3197505,-0.6424823,0.6258705,0.3053888,
1,21,61.803,0.3951161,0.04145385,-0.7768251,0.3197505,-0.6424823,0.6258705,0.3053888,
1,21,61.805,0.3951161,0.04145385,-0.7768251,0.3197505,-0.6424823,0.6258705,0.3053888,
1,21,61.807,0.3951161,0.04145385,-0.7768251,0.3197505,-0.6424823,0.6258705,0.3053888,
1,21,61.809,0.3951449,0.0414344,-0.7769022,0.319823,-0.6424463,0.6258059,0.3055211,
1,21,61.811,0.3951449,0.0414344,-0.7769022,0.319823,-0.6424463,0.6258059,0.3055211,
1,21,61.813,0.3951449,0.0414344,-0.7769022,0.319823,-0.6424463,0.6258059,0.3055211,
1,21,61.815,0.3951449,0.0414344,-0.7769022,0.319823,-0.6424463,0.6258059,0.3055211,
1,21,61.817,0.3951449,0.0414344,-0.7769022,0.319823,-0.6424463,0.6258059,0.3055211,
1,21,61.819,0.3951237,0.04144776,-0.7768801,0.3197861,-0.6424227,0.6258392,0.305541,
1,21,61.821,0.3951237,0.04144776,-0.7768801,0.3197861,-0.6424227,0.6258392,0.305541,
1,21,61.823,0.3951237,0.04144776,-0.7768801,0.3197861,-0.6424227,0.6258392,0.305541,
1,21,61.825,0.3951237,0.04144776,-0.7768801,0.3197861,-0.6424227,0.6258392,0.305541,
1,21,61.827,0.3951207,0.04146847,-0.7768271,0.3197567,-0.6424805,0.6258722,0.3053826,
1,21,61.829,0.3951207,0.04146847,-0.7768271,0.3197567,-0.6424805,0.6258722,0.3053826,
1,21,61.831,0.3951207,0.04146847,-0.7768271,0.3197567,-0.6424805,0.6258722,0.3053826,
1,21,61.833,0.3951207,0.04146847,-0.7768271,0.3197567,-0.6424805,0.6258722,0.3053826,
1,21,61.835,0.3950679,0.04150881,-0.7767584,0.3197246,-0.6424913,0.6259182,0.3052993,
1,21,61.837,0.3950679,0.04150881,-0.7767584,0.3197246,-0.6424913,0.6259182,0.3052993,
1,21,61.839,0.3950679,0.04150881,-0.7767584,0.3197246,-0.6424913,0.6259182,0.3052993,
1,21,61.841,0.3950679,0.04150881,-0.7767584,0.3197246,-0.6424913,0.6259182,0.3052993,
1,21,61.843,0.3950452,0.04147974,-0.7767937,0.3196941,-0.6424647,0.6259062,0.3054116,
1,21,61.845,0.3950452,0.04147974,-0.7767937,0.3196941,-0.6424647,0.6259062,0.3054116,
1,21,61.847,0.3950452,0.04147974,-0.7767937,0.3196941,-0.6424647,0.6259062,0.3054116,
1,21,61.849,0.3950452,0.04147974,-0.7767937,0.3196941,-0.6424647,0.6259062,0.3054116,
1,21,61.851,0.3950894,0.04149592,-0.7767856,0.3197386,-0.6424711,0.6259053,0.3053534,
1,21,61.853,0.3950894,0.04149592,-0.7767856,0.3197386,-0.6424711,0.6259053,0.3053534,
1,21,61.855,0.3950894,0.04149592,-0.7767856,0.3197386,-0.6424711,0.6259053,0.3053534,
1,21,61.857,0.3950894,0.04149592,-0.7767856,0.3197386,-0.6424711,0.6259053,0.3053534,
1,21,61.859,0.395101,0.04141006,-0.7767825,0.3197295,-0.6425559,0.6258493,0.3052994,
1,21,61.861,0.395101,0.04141006,-0.7767825,0.3197295,-0.6425559,0.6258493,0.3052994,
1,21,61.863,0.395101,0.04141006,-0.7767825,0.3197295,-0.6425559,0.6258493,0.3052994,
1,21,61.865,0.395101,0.04141006,-0.7767825,0.3197295,-0.6425559,0.6258493,0.3052994,
1,21,61.867,0.395101,0.04141006,-0.7767825,0.3197295,-0.6425559,0.6258493,0.3052994,
1,21,61.869,0.3950747,0.04140137,-0.7768254,0.3197461,-0.6425208,0.62583,0.3053957,
1,21,61.871,0.3950747,0.04140137,-0.7768254,0.3197461,-0.6425208,0.62583,0.3053957,
1,21,61.873,0.3950747,0.04140137,-0.7768254,0.3197461,-0.6425208,0.62583,0.3053957,
1,21,61.875,0.3950747,0.04140137,-0.7768254,0.3197461,-0.6425208,0.62583,0.3053957,
1,21,61.877,0.3951452,0.04133476,-0.7769555,0.3197645,-0.6424902,0.6257724,0.3055585,
1,21,61.879,0.3951452,0.04133476,-0.7769555,0.3197645,-0.6424902,0.6257724,0.3055585,
1,21,61.881,0.3951452,0.04133476,-0.7769555,0.3197645,-0.6424902,0.6257724,0.3055585,
1,21,61.883,0.3951452,0.04133476,-0.7769555,0.3197645,-0.6424902,0.6257724,0.3055585,
1,21,61.885,0.3951443,0.04142839,-0.7768416,0.3197563,-0.6425034,0.6258535,0.305373,
1,21,61.887,0.3951443,0.04142839,-0.7768416,0.3197563,-0.6425034,0.6258535,0.305373,
1,21,61.889,0.3951443,0.04142839,-0.7768416,0.3197563,-0.6425034,0.6258535,0.305373,
1,21,61.891,0.3951443,0.04142839,-0.7768416,0.3197563,-0.6425034,0.6258535,0.305373,
1,21,61.893,0.3951435,0.04145163,-0.7768284,0.3197955,-0.6425108,0.6258484,0.3053272,
1,21,61.895,0.3951435,0.04145163,-0.7768284,0.3197955,-0.6425108,0.6258484,0.3053272,
1,21,61.897,0.3951435,0.04145163,-0.7768284,0.3197955,-0.6425108,0.6258484,0.3053272,
1,21,61.899,0.3951435,0.04145163,-0.7768284,0.3197955,-0.6425108,0.6258484,0.3053272,
1,21,61.901,0.395123,0.04141721,-0.7768285,0.3197813,-0.6425284,0.6258329,0.3053365,
1,21,61.903,0.395123,0.04141721,-0.7768285,0.3197813,-0.6425284,0.6258329,0.3053365,
1,21,61.905,0.395123,0.04141721,-0.7768285,0.3197813,-0.6425284,0.6258329,0.3053365,
1,21,61.907,0.395123,0.04141721,-0.7768285,0.3197813,-0.6425284,0.6258329,0.3053365,
1,21,61.909,0.3951398,0.04141383,-0.7768539,0.3197799,-0.6425058,0.625841,0.3053688,
1,21,61.911,0.3951398,0.04141383,-0.7768539,0.3197799,-0.6425058,0.625841,0.3053688,
1,21,61.913,0.3951398,0.04141383,-0.7768539,0.3197799,-0.6425058,0.625841,0.3053688,
1,21,61.915,0.3951398,0.04141383,-0.7768539,0.3197799,-0.6425058,0.625841,0.3053688,
1,21,61.917,0.3951398,0.04141383,-0.7768539,0.3197799,-0.6425058,0.625841,0.3053688,
1,21,61.919,0.3951439,0.0413903,-0.7768286,0.3197941,-0.6425349,0.6258122,0.3053521,
1,21,61.921,0.3951439,0.0413903,-0.7768286,0.3197941,-0.6425349,0.6258122,0.3053521,
1,21,61.923,0.3951439,0.0413903,-0.7768286,0.3197941,-0.6425349,0.6258122,0.3053521,
1,21,61.925,0.3951439,0.0413903,-0.7768286,0.3197941,-0.6425349,0.6258122,0.3053521,
1,21,61.927,0.3951093,0.04136489,-0.7767976,0.3197674,-0.6425736,0.6258019,0.3053195,
1,21,61.929,0.3951093,0.04136489,-0.7767976,0.3197674,-0.6425736,0.6258019,0.3053195,
1,21,61.931,0.3951093,0.04136489,-0.7767976,0.3197674,-0.6425736,0.6258019,0.3053195,
1,21,61.933,0.3951093,0.04136489,-0.7767976,0.3197674,-0.6425736,0.6258019,0.3053195,
1,21,61.935,0.3951082,0.0414188,-0.7767901,0.3197399,-0.6425116,0.6258649,0.3053498,
1,21,61.937,0.3951082,0.0414188,-0.7767901,0.3197399,-0.6425116,0.6258649,0.3053498,
1,21,61.939,0.3951082,0.0414188,-0.7767901,0.3197399,-0.6425116,0.6258649,0.3053498,
1,21,61.941,0.3951082,0.0414188,-0.7767901,0.3197399,-0.6425116,0.6258649,0.3053498,
1,21,61.943,0.3951015,0.04133989,-0.7767639,0.3196924,-0.6425596,0.6258349,0.3053599,
1,21,61.945,0.3951015,0.04133989,-0.7767639,0.3196924,-0.6425596,0.6258349,0.3053599,
1,21,61.947,0.3951015,0.04133989,-0.7767639,0.3196924,-0.6425596,0.6258349,0.3053599,
1,21,61.949,0.3951015,0.04133989,-0.7767639,0.3196924,-0.6425596,0.6258349,0.3053599,
1,21,61.951,0.3950638,0.04137957,-0.7766817,0.3196995,-0.6425673,0.6258588,0.305287,
1,21,61.953,0.3950638,0.04137957,-0.7766817,0.3196995,-0.6425673,0.6258588,0.305287,
1,21,61.955,0.3950638,0.04137957,-0.7766817,0.3196995,-0.6425673,0.6258588,0.305287,
1,21,61.957,0.3950638,0.04137957,-0.7766817,0.3196995,-0.6425673,0.6258588,0.305287,
1,21,61.959,0.3950396,0.04128373,-0.7765887,0.3196262,-0.6426489,0.6258319,0.3052474,
1,21,61.961,0.3950396,0.04128373,-0.7765887,0.3196262,-0.6426489,0.6258319,0.3052474,
1,21,61.963,0.3950396,0.04128373,-0.7765887,0.3196262,-0.6426489,0.6258319,0.3052474,
1,21,61.965,0.3950396,0.04128373,-0.7765887,0.3196262,-0.6426489,0.6258319,0.3052474,
1,21,61.967,0.3950396,0.04128373,-0.7765887,0.3196262,-0.6426489,0.6258319,0.3052474,
1,21,61.969,0.3949547,0.04122667,-0.7764943,0.3195809,-0.6426921,0.6258068,0.3052553,
1,21,61.971,0.3949547,0.04122667,-0.7764943,0.3195809,-0.6426921,0.6258068,0.3052553,
1,21,61.973,0.3949547,0.04122667,-0.7764943,0.3195809,-0.6426921,0.6258068,0.3052553,
1,21,61.975,0.3949547,0.04122667,-0.7764943,0.3195809,-0.6426921,0.6258068,0.3052553,
1,21,61.977,0.3948821,0.04113464,-0.7763746,0.3194931,-0.6427787,0.6257887,0.3052019,
1,21,61.979,0.3948821,0.04113464,-0.7763746,0.3194931,-0.6427787,0.6257887,0.3052019,
1,21,61.981,0.3948821,0.04113464,-0.7763746,0.3194931,-0.6427787,0.6257887,0.3052019,
1,21,61.983,0.3948821,0.04113464,-0.7763746,0.3194931,-0.6427787,0.6257887,0.3052019,
1,21,61.985,0.3948074,0.04113589,-0.776284,0.3194492,-0.6428265,0.6258193,0.3050846,
1,21,61.987,0.3948074,0.04113589,-0.776284,0.3194492,-0.6428265,0.6258193,0.3050846,
1,21,61.989,0.3948074,0.04113589,-0.776284,0.3194492,-0.6428265,0.6258193,0.3050846,
1,21,61.991,0.3948074,0.04113589,-0.776284,0.3194492,-0.6428265,0.6258193,0.3050846,
1,21,61.993,0.3947666,0.04117479,-0.7762471,0.3194005,-0.6428083,0.6258668,0.3050763,
1,21,61.995,0.3947666,0.04117479,-0.7762471,0.3194005,-0.6428083,0.6258668,0.3050763,
1,21,61.997,0.3947666,0.04117479,-0.7762471,0.3194005,-0.6428083,0.6258668,0.3050763,
1,21,61.999,0.3947666,0.04117479,-0.7762471,0.3194005,-0.6428083,0.6258668,0.3050763,
1,21,62.001,0.3947733,0.04132712,-0.7762827,0.3194266,-0.6427158,0.6259433,0.3050871,
1,21,62.003,0.3947733,0.04132712,-0.7762827,0.3194266,-0.6427158,0.6259433,0.3050871,
1,21,62.005,0.3947733,0.04132712,-0.7762827,0.3194266,-0.6427158,0.6259433,0.3050871,
1,21,62.007,0.3947733,0.04132712,-0.7762827,0.3194266,-0.6427158,0.6259433,0.3050871,
1,21,62.009,0.3948085,0.04151522,-0.7763585,0.3194646,-0.6425735,0.6260495,0.3051291,
1,21,62.011,0.3948085,0.04151522,-0.7763585,0.3194646,-0.6425735,0.6260495,0.3051291,
1,21,62.013,0.3948085,0.04151522,-0.7763585,0.3194646,-0.6425735,0.6260495,0.3051291,
1,21,62.015,0.3948085,0.04151522,-0.7763585,0.3194646,-0.6425735,0.6260495,0.3051291,
1,21,62.017,0.3948085,0.04151522,-0.7763585,0.3194646,-0.6425735,0.6260495,0.3051291,
1,21,62.019,0.3948082,0.041539,-0.7763222,0.3194635,-0.6425631,0.6260751,0.3050995,
1,21,62.021,0.3948082,0.041539,-0.7763222,0.3194635,-0.6425631,0.6260751,0.3050995,
1,21,62.023,0.3948082,0.041539,-0.7763222,0.3194635,-0.6425631,0.6260751,0.3050995,
1,21,62.025,0.3948082,0.041539,-0.7763222,0.3194635,-0.6425631,0.6260751,0.3050995,
1,21,62.027,0.394796,0.04148751,-0.7763576,0.3194645,-0.6425642,0.6260375,0.3051737,
1,21,62.029,0.394796,0.04148751,-0.7763576,0.3194645,-0.6425642,0.6260375,0.3051737,
1,21,62.031,0.394796,0.04148751,-0.7763576,0.3194645,-0.6425642,0.6260375,0.3051737,
1,21,62.033,0.394796,0.04148751,-0.7763576,0.3194645,-0.6425642,0.6260375,0.3051737,
1,21,62.035,0.3947904,0.04145726,-0.7763754,0.3194571,-0.642565,0.6260234,0.3052083,
1,21,62.037,0.3947904,0.04145726,-0.7763754,0.3194571,-0.642565,0.6260234,0.3052083,
1,21,62.039,0.3947904,0.04145726,-0.7763754,0.3194571,-0.642565,0.6260234,0.3052083,
1,21,62.041,0.3947904,0.04145726,-0.7763754,0.3194571,-0.642565,0.6260234,0.3052083,
1,21,62.043,0.3949511,0.0415475,-0.7766304,0.3196167,-0.642455,0.6260026,0.3053158,
1,21,62.045,0.3949511,0.0415475,-0.7766304,0.3196167,-0.642455,0.6260026,0.3053158,
1,21,62.047,0.3949511,0.0415475,-0.7766304,0.3196167,-0.642455,0.6260026,0.3053158,
1,21,62.049,0.3949511,0.0415475,-0.7766304,0.3196167,-0.642455,0.6260026,0.3053158,
1,21,62.051,0.3950702,0.04156082,-0.7768389,0.3196951,-0.6424106,0.6259789,0.3053755,
1,21,62.053,0.3950702,0.04156082,-0.7768389,0.3196951,-0.6424106,0.6259789,0.3053755,
1,21,62.055,0.3950702,0.04156082,-0.7768389,0.3196951,-0.6424106,0.6259789,0.3053755,
1,21,62.057,0.3950702,0.04156082,-0.7768389,0.3196951,-0.6424106,0.6259789,0.3053755,
1,21,62.059,0.3951833,0.04149815,-0.7769624,0.3198015,-0.6424068,0.62589,0.3054542,
1,21,62.061,0.3951833,0.04149815,-0.7769624,0.3198015,-0.6424068,0.62589,0.3054542,
1,21,62.063,0.3951833,0.04149815,-0.7769624,0.3198015,-0.6424068,0.62589,0.3054542,
1,21,62.065,0.3951833,0.04149815,-0.7769624,0.3198015,-0.6424068,0.62589,0.3054542,
1,21,62.067,0.3951833,0.04149815,-0.7769624,0.3198015,-0.6424068,0.62589,0.3054542,
1,21,62.069,0.3951906,0.04142167,-0.7769754,0.319821,-0.6424658,0.6258144,0.3054644,
1,21,62.071,0.3951906,0.04142167,-0.7769754,0.319821,-0.6424658,0.6258144,0.3054644,
1,21,62.073,0.3951906,0.04142167,-0.7769754,0.319821,-0.6424658,0.6258144,0.3054644,
1,21,62.075,0.3951906,0.04142167,-0.7769754,0.319821,-0.6424658,0.6258144,0.3054644,
1,21,62.077,0.3951525,0.0414272,-0.7768376,0.319747,-0.6424873,0.6258659,0.3053916,
1,21,62.079,0.3951525,0.0414272,-0.7768376,0.319747,-0.6424873,0.6258659,0.3053916,
1,21,62.081,0.3951525,0.0414272,-0.7768376,0.319747,-0.6424873,0.6258659,0.3053916,
1,21,62.083,0.3951525,0.0414272,-0.7768376,0.319747,-0.6424873,0.6258659,0.3053916,CourtEnter
1,21,62.085,0.3951825,0.04131203,-0.7769263,0.3197912,-0.6425568,0.6257609,0.3054142,
1,21,62.087,0.3951825,0.04131203,-0.7769263,0.3197912,-0.6425568,0.6257609,0.3054142,
1,21,62.089,0.3951825,0.04131203,-0.7769263,0.3197912,-0.6425568,0.6257609,0.3054142,
1,21,62.091,0.3951825,0.04131203,-0.7769263,0.3197912,-0.6425568,0.6257609,0.3054142,CourtExit
1,21,62.093,0.3951338,0.04141199,-0.7768649,0.3197385,-0.6424968,0.6258523,0.3054079,
1,21,62.095,0.3951338,0.04141199,-0.7768649,0.3197385,-0.6424968,0.6258523,0.3054079,
1,21,62.097,0.3951338,0.04141199,-0.7768649,0.3197385,-0.6424968,0.6258523,0.3054079,
1,21,62.099,0.3951338,0.04141199,-0.7768649,0.3197385,-0.6424968,0.6258523,0.3054079,
1,21,62.101,0.3950939,0.04147403,-0.7767888,0.3197245,-0.6424716,0.6259062,0.3053652,
1,21,62.103,0.3950939,0.04147403,-0.7767888,0.3197245,-0.6424716,0.6259062,0.3053652,
1,21,62.105,0.3950939,0.04147403,-0.7767888,0.3197245,-0.6424716,0.6259062,0.3053652,
1,21,62.107,0.3950939,0.04147403,-0.7767888,0.3197245,-0.6424716,0.6259062,0.3053652,
1,21,62.109,0.3950904,0.04141667,-0.7768168,0.3197421,-0.6425063,0.6258375,0.3054146,
1,21,62.111,0.3950904,0.04141667,-0.7768168,0.3197421,-0.6425063,0.6258375,0.3054146,
1,21,62.113,0.3950904,0.04141667,-0.7768168,0.3197421,-0.6425063,0.6258375,0.3054146,
1,21,62.115,0.3950904,0.04141667,-0.7768168,0.3197421,-0.6425063,0.6258375,0.3054146,
1,21,62.117,0.3950904,0.04141667,-0.7768168,0.3197421,-0.6425063,0.6258375,0.3054146,
1,21,62.119,0.3951521,0.04144432,-0.7768385,0.3197598,-0.6424669,0.6258463,0.3054609,
1,21,62.121,0.3951521,0.04144432,-0.7768385,0.3197598,-0.6424669,0.6258463,0.3054609,
1,21,62.123,0.3951521,0.04144432,-0.7768385,0.3197598,-0.6424669,0.6258463,0.3054609,
1,21,62.125,0.3951521,0.04144432,-0.7768385,0.3197598,-0.6424669,0.6258463,0.3054609,
1,21,62.127,0.3951227,0.04143924,-0.7768026,0.3197154,-0.6424877,0.6258853,0.3053838,
1,21,62.129,0.3951227,0.04143924,-0.7768026,0.3197154,-0.6424877,0.6258853,0.3053838,
1,21,62.131,0.3951227,0.04143924,-0.7768026,0.3197154,-0.6424877,0.6258853,0.3053838,
1,21,62.133,0.3951227,0.04143924,-0.7768026,0.3197154,-0.6424877,0.6258853,0.3053838,
1,21,62.135,0.3950914,0.04147677,-0.7767512,0.3196831,-0.6424675,0.6259117,0.3054061,
1,21,62.137,0.3950914,0.04147677,-0.7767512,0.3196831,-0.6424675,0.6259117,0.3054061,
1,21,62.139,0.3950914,0.04147677,-0.7767512,0.3196831,-0.6424675,0.6259117,0.3054061,
1,21,62.141,0.3950914,0.04147677,-0.7767512,0.3196831,-0.6424675,0.6259117,0.3054061,
1,21,62.143,0.3951241,0.04144132,-0.7767983,0.319693,-0.6424885,0.6258966,0.3053824,
1,21,62.145,0.3951241,0.04144132,-0.7767983,0.319693,-0.6424885,0.6258966,0.3053824,
1,21,62.147,0.3951241,0.04144132,-0.7767983,0.319693,-0.6424885,0.6258966,0.3053824,
1,21,62.149,0.3951241,0.04144132,-0.7767983,0.319693,-0.6424885,0.6258966,0.3053824,
1,21,62.151,0.3951025,0.04145303,-0.7767994,0.3197526,-0.6424962,0.6258804,0.305337,
1,21,62.153,0.3951025,0.04145303,-0.7767994,0.3197526,-0.6424962,0.6258804,0.305337,
1,21,62.155,0.3951025,0.04145303,-0.7767994,0.3197526,-0.6424962,0.6258804,0.305337,
1,21,62.157,0.3951025,0.04145303,-0.7767994,0.3197526,-0.6424962,0.6258804,0.305337,
1,21,62.159,0.3950974,0.04143067,-0.7767893,0.3197461,-0.6425291,0.6258565,0.3053232,
1,21,62.161,0.3950974,0.04143067,-0.7767893,0.3197461,-0.6425291,0.6258565,0.3053232,
1,21,62.163,0.3950974,0.04143067,-0.7767893,0.3197461,-0.6425291,0.6258565,0.3053232,
1,21,62.165,0.3950974,0.04143067,-0.7767893,0.3197461,-0.6425291,0.6258565,0.3053232,
1,21,62.167,0.3950974,0.04143067,-0.7767893,0.3197461,-0.6425291,0.6258565,0.3053232,
1,21,62.169,0.3951198,0.04145402,-0.7767941,0.3197569,-0.6425068,0.625876,0.3053189,
1,21,62.171,0.3951198,0.04145402,-0.7767941,0.3197569,-0.6425068,0.625876,0.3053189,
1,21,62.173,0.3951198,0.04145402,-0.7767941,0.3197569,-0.6425068,0.625876,0.3053189,
1,21,62.175,0.3951198,0.04145402,-0.7767941,0.3197569,-0.6425068,0.625876,0.3053189,
1,21,62.177,0.3951234,0.04149644,-0.7767805,0.3197208,-0.6424721,0.6259197,0.3053402,
1,21,62.179,0.3951234,0.04149644,-0.7767805,0.3197208,-0.6424721,0.6259197,0.3053402,
1,21,62.181,0.3951234,0.04149644,-0.7767805,0.3197208,-0.6424721,0.6259197,0.3053402,
1,21,62.183,0.3951234,0.04149644,-0.7767805,0.3197208,-0.6424721,0.6259197,0.3053402,
1,21,62.185,0.3951276,0.04138729,-0.7768344,0.3197388,-0.6425232,0.6258424,0.3053727,
1,21,62.187,0.3951276,0.04138729,-0.7768344,0.3197388,-0.6425232,0.6258424,0.3053727,
1,21,62.189,0.3951276,0.04138729,-0.7768344,0.3197388,-0.6425232,0.6258424,0.3053727,
1,21,62.191,0.3951276,0.04138729,-0.7768344,0.3197388,-0.6425232,0.6258424,0.3053727,
1,21,62.193,0.3950654,0.04147845,-0.776772,0.3197363,-0.642462,0.6259009,0.305384,
1,21,62.195,0.3950654,0.04147845,-0.776772,0.3197363,-0.642462,0.6259009,0.305384,
1,21,62.197,0.3950654,0.04147845,-0.776772,0.3197363,-0.642462,0.6259009,0.305384,
1,21,62.199,0.3950654,0.04147845,-0.776772,0.3197363,-0.642462,0.6259009,0.305384,
1,21,62.201,0.3951489,0.04140847,-0.7768729,0.3198013,-0.64248,0.6258213,0.3054413,
1,21,62.203,0.3951489,0.04140847,-0.7768729,0.3198013,-0.64248,0.6258213,0.3054413,
1,21,62.205,0.3951489,0.04140847,-0.7768729,0.3198013,-0.64248,0.6258213,0.3054413,
1,21,62.207,0.3951489,0.04140847,-0.7768729,0.3198013,-0.64248,0.6258213,0.3054413,
1,21,62.209,0.3950571,0.04147378,-0.7767832,0.3196611,-0.6424867,0.625932,0.3053471,
1,21,62.211,0.3950571,0.04147378,-0.7767832,0.3196611,-0.6424867,0.625932,0.3053471,
1,21,62.213,0.3950571,0.04147378,-0.7767832,0.3196611,-0.6424867,0.625932,0.3053471,
1,21,62.215,0.3950571,0.04147378,-0.7767832,0.3196611,-0.6424867,0.625932,0.3053471,
1,21,62.217,0.3950571,0.04147378,-0.7767832,0.3196611,-0.6424867,0.625932,0.3053471,
1,21,62.219,0.3950726,0.04149693,-0.7768178,0.3196195,-0.6424196,0.6259602,0.3054739,
1,21,62.221,0.3950726,0.04149693,-0.7768178,0.3196195,-0.6424196,0.6259602,0.3054739,
1,21,62.223,0.3950726,0.04149693,-0.7768178,0.3196195,-0.6424196,0.6259602,0.3054739,
1,21,62.225,0.3950726,0.04149693,-0.7768178,0.3196195,-0.6424196,0.6259602,0.3054739,
1,21,62.227,0.3950393,0.04151174,-0.7768022,0.3196324,-0.6424116,0.6259559,0.3054858,
1,21,62.229,0.3950393,0.04151174,-0.7768022,0.3196324,-0.6424116,0.6259559,0.3054858,
1,21,62.231,0.3950393,0.04151174,-0.7768022,0.3196324,-0.6424116,0.6259559,0.3054858,
1,21,62.233,0.3950393,0.04151174,-0.7768022,0.3196324,-0.6424116,0.6259559,0.3054858,
1,21,62.235,0.3950449,0.04148023,-0.7767981,0.3196052,-0.6424253,0.6259601,0.3054769,
1,21,62.237,0.3950449,0.04148023,-0.7767981,0.3196052,-0.6424253,0.6259601,0.3054769,
1,21,62.239,0.3950449,0.04148023,-0.7767981,0.3196052,-0.6424253,0.6259601,0.3054769,
1,21,62.241,0.3950449,0.04148023,-0.7767981,0.3196052,-0.6424253,0.6259601,0.3054769,
1,21,62.243,0.3950608,0.04147981,-0.7767792,0.3196284,-0.6424695,0.625949,0.3053825,
1,21,62.245,0.3950608,0.04147981,-0.7767792,0.3196284,-0.6424695,0.625949,0.3053825,
1,21,62.247,0.3950608,0.04147981,-0.7767792,0.3196284,-0.6424695,0.625949,0.3053825,
1,21,62.249,0.3950608,0.04147981,-0.7767792,0.3196284,-0.6424695,0.625949,0.3053825,
1,21,62.251,0.3950201,0.04152589,-0.7767156,0.319586,-0.6424877,0.6259919,0.3053008,
1,21,62.253,0.3950201,0.04152589,-0.7767156,0.319586,-0.6424877,0.6259919,0.3053008,
1,21,62.255,0.3950201,0.04152589,-0.7767156,0.319586,-0.6424877,0.6259919,0.3053008,
1,21,62.257,0.3950201,0.04152589,-0.7767156,0.319586,-0.6424877,0.6259919,0.3053008,
1,21,62.259,0.3950007,0.04145679,-0.7767295,0.3195935,-0.6425192,0.6259495,0.3053134,
1,21,62.261,0.3950007,0.04145679,-0.7767295,0.3195935,-0.6425192,0.6259495,0.3053134,
1,21,62.263,0.3950007,0.04145679,-0.7767295,0.3195935,-0.6425192,0.6259495,0.3053134,
1,21,62.265,0.3950007,0.04145679,-0.7767295,0.3195935,-0.6425192,0.6259495,0.3053134,
1,21,62.267,0.3950007,0.04145679,-0.7767295,0.3195935,-0.6425192,0.6259495,0.3053134,
1,21,62.269,0.395025,0.04151586,-0.7767524,0.3196262,-0.6424665,0.6259785,0.3053304,
1,21,62.271,0.395025,0.04151586,-0.7767524,0.3196262,-0.6424665,0.6259785,0.3053304,
1,21,62.273,0.395025,0.04151586,-0.7767524,0.3196262,-0.6424665,0.6259785,0.3053304,
1,21,62.275,0.395025,0.04151586,-0.7767524,0.3196262,-0.6424665,0.6259785,0.3053304,
1,21,62.277,0.3950506,0.04139487,-0.7768368,0.3196886,-0.642502,0.6258649,0.3054235,
1,21,62.279,0.3950506,0.04139487,-0.7768368,0.3196886,-0.642502,0.6258649,0.3054235,
1,21,62.281,0.3950506,0.04139487,-0.7768368,0.3196886,-0.642502,0.6258649,0.3054235,
1,21,62.283,0.3950506,0.04139487,-0.7768368,0.3196886,-0.642502,0.6258649,0.3054235,
1,21,62.285,0.3950589,0.04143965,-0.7768364,0.3196339,-0.6424733,0.6259239,0.3054203,
1,21,62.287,0.3950589,0.04143965,-0.7768364,0.3196339,-0.6424733,0.6259239,0.3054203,
1,21,62.289,0.3950589,0.04143965,-0.7768364,0.3196339,-0.6424733,0.6259239,0.3054203,
1,21,62.291,0.3950589,0.04143965,-0.7768364,0.3196339,-0.6424733,0.6259239,0.3054203,
1,21,62.293,0.3950028,0.04146238,-0.7767302,0.3195836,-0.6424772,0.6259593,0.3053921,
1,21,62.295,0.3950028,0.04146238,-0.7767302,0.3195836,-0.6424772,0.6259593,0.3053921,
1,21,62.297,0.3950028,0.04146238,-0.7767302,0.3195836,-0.6424772,0.6259593,0.3053921,
1,21,62.299,0.3950028,0.04146238,-0.7767302,0.3195836,-0.6424772,0.6259593,0.3053921,
1,21,62.301,0.3950107,0.04149612,-0.7767215,0.319574,-0.6424704,0.6259884,0.3053568,
1,21,62.303,0.3950107,0.04149612,-0.7767215,0.319574,-0.6424704,0.6259884,0.3053568,
1,21,62.305,0.3950107,0.04149612,-0.7767215,0.319574,-0.6424704,0.6259884,0.3053568,
1,21,62.307,0.3950107,0.04149612,-0.7767215,0.319574,-0.6424704,0.6259884,0.3053568,
1,21,62.309,0.3950581,0.04151544,-0.7767411,0.3196196,-0.6424943,0.6259676,0.3053015,
1,21,62.311,0.3950581,0.04151544,-0.7767411,0.3196196,-0.6424943,0.6259676,0.3053015,
1,21,62.313,0.3950581,0.04151544,-0.7767411,0.3196196,-0.6424943,0.6259676,0.3053015,
1,21,62.315,0.3950581,0.04151544,-0.7767411,0.3196196,-0.6424943,0.6259676,0.3053015,
1,21,62.317,0.3950581,0.04151544,-0.7767411,0.3196196,-0.6424943,0.6259676,0.3053015,
1,21,62.319,0.3950534,0.04146805,-0.7768058,0.3196302,-0.6424712,0.6259214,0.3054336,
1,21,62.321,0.3950534,0.04146805,-0.7768058,0.3196302,-0.6424712,0.6259214,0.3054336,
1,21,62.323,0.3950534,0.04146805,-0.7768058,0.3196302,-0.6424712,0.6259214,0.3054336,
1,21,62.325,0.3950534,0.04146805,-0.7768058,0.3196302,-0.6424712,0.6259214,0.3054336,
1,21,62.327,0.3950176,0.04146252,-0.7767966,0.3196169,-0.642444,0.6259269,0.3054937,
1,21,62.329,0.3950176,0.04146252,-0.7767966,0.3196169,-0.642444,0.6259269,0.3054937,
1,21,62.331,0.3950176,0.04146252,-0.7767966,0.3196169,-0.642444,0.6259269,0.3054937,
1,21,62.333,0.3950176,0.04146252,-0.7767966,0.3196169,-0.642444,0.6259269,0.3054937,
1,21,62.335,0.3950383,0.04145948,-0.7767508,0.3196053,-0.6424994,0.625945,0.3053516,
1,21,62.337,0.3950383,0.04145948,-0.7767508,0.3196053,-0.6424994,0.625945,0.3053516,
1,21,62.339,0.3950383,0.04145948,-0.7767508,0.3196053,-0.6424994,0.625945,0.3053516,
1,21,62.341,0.3950383,0.04145948,-0.7767508,0.3196053,-0.6424994,0.625945,0.3053516,
1,21,62.343,0.3950263,0.04150832,-0.7767236,0.3196341,-0.6424933,0.6259777,0.3052675,
1,21,62.345,0.3950263,0.04150832,-0.7767236,0.3196341,-0.6424933,0.6259777,0.3052675,
1,21,62.347,0.3950263,0.04150832,-0.7767236,0.3196341,-0.6424933,0.6259777,0.3052675,
1,21,62.349,0.3950263,0.04150832,-0.7767236,0.3196341,-0.6424933,0.6259777,0.3052675,
1,21,62.351,0.3950798,0.04143988,-0.7768385,0.3196958,-0.6424428,0.6258863,0.3054968,
1,21,62.353,0.3950798,0.04143988,-0.7768385,0.3196958,-0.6424428,0.6258863,0.3054968,
1,21,62.355,0.3950798,0.04143988,-0.7768385,0.3196958,-0.6424428,0.6258863,0.3054968,
1,21,62.357,0.3950798,0.04143988,-0.7768385,0.3196958,-0.6424428,0.6258863,0.3054968,
1,21,62.359,0.3951515,0.041432,-0.7768382,0.3198226,-0.6424898,0.6258396,0.3053607,
1,21,62.361,0.3951515,0.041432,-0.7768382,0.3198226,-0.6424898,0.6258396,0.3053607,
1,21,62.363,0.3951515,0.041432,-0.7768382,0.3198226,-0.6424898,0.6258396,0.3053607,
1,21,62.365,0.3951515,0.041432,-0.7768382,0.3198226,-0.6424898,0.6258396,0.3053607,
1,21,62.367,0.3951515,0.041432,-0.7768382,0.3198226,-0.6424898,0.6258396,0.3053607,
1,21,62.369,0.3951689,0.04139877,-0.7768786,0.3198391,-0.6424994,0.6258053,0.3053936,
1,21,62.371,0.3951689,0.04139877,-0.7768786,0.3198391,-0.6424994,0.6258053,0.3053936,
1,21,62.373,0.3951689,0.04139877,-0.7768786,0.3198391,-0.6424994,0.6258053,0.3053936,
1,21,62.375,0.3951689,0.04139877,-0.7768786,0.3198391,-0.6424994,0.6258053,0.3053936,
1,21,62.377,0.3951285,0.04141345,-0.7768188,0.3197883,-0.6425115,0.6258304,0.3053699,
1,21,62.379,0.3951285,0.04141345,-0.7768188,0.3197883,-0.6425115,0.6258304,0.3053699,
1,21,62.381,0.3951285,0.04141345,-0.7768188,0.3197883,-0.6425115,0.6258304,0.3053699,
1,21,62.383,0.3951285,0.04141345,-0.7768188,0.3197883,-0.6425115,0.6258304,0.3053699,
1,21,62.385,0.3951434,0.04147093,-0.7768216,0.3197418,-0.6424289,0.6258975,0.3054548,
1,21,62.387,0.3951434,0.04147093,-0.7768216,0.3197418,-0.6424289,0.6258975,0.3054548,
1,21,62.389,0.3951434,0.04147093,-0.7768216,0.3197418,-0.6424289,0.6258975,0.3054548,
1,21,62.391,0.3951434,0.04147093,-0.7768216,0.3197418,-0.6424289,0.6258975,0.3054548,
1,21,62.393,0.3951217,0.0415035,-0.7768189,0.31973,-0.6424208,0.6259184,0.3054415,
1,21,62.395,0.3951217,0.0415035,-0.7768189,0.31973,-0.6424208,0.6259184,0.3054415,
1,21,62.397,0.3951217,0.0415035,-0.7768189,0.31973,-0.6424208,0.6259184,0.3054415,
1,21,62.399,0.3951217,0.0415035,-0.7768189,0.31973,-0.6424208,0.6259184,0.3054415,
1,21,62.401,0.395136,0.04137418,-0.7768695,0.3197755,-0.6425043,0.6258271,0.3054052,
1,21,62.403,0.395136,0.04137418,-0.7768695,0.3197755,-0.6425043,0.6258271,0.3054052,
1,21,62.405,0.395136,0.04137418,-0.7768695,0.3197755,-0.6425043,0.6258271,0.3054052,
1,21,62.407,0.395136,0.04137418,-0.7768695,0.3197755,-0.6425043,0.6258271,0.3054052,
1,21,62.409,0.3951261,0.0414119,-0.7768241,0.3197735,-0.6425039,0.6258577,0.3053454,
1,21,62.411,0.3951261,0.0414119,-0.7768241,0.3197735,-0.6425039,0.6258577,0.3053454,
1,21,62.413,0.3951261,0.0414119,-0.7768241,0.3197735,-0.6425039,0.6258577,0.3053454,
1,21,62.415,0.3951261,0.0414119,-0.7768241,0.3197735,-0.6425039,0.6258577,0.3053454,
1,21,62.417,0.3951261,0.0414119,-0.7768241,0.3197735,-0.6425039,0.6258577,0.3053454,
1,21,62.419,0.3951115,0.0414222,-0.7768391,0.3197612,-0.6424683,0.6258613,0.3054258,
1,21,62.421,0.3951115,0.0414222,-0.7768391,0.3197612,-0.6424683,0.6258613,0.3054258,
1,21,62.423,0.3951115,0.0414222,-0.7768391,0.3197612,-0.6424683,0.6258613,0.3054258,
1,21,62.425,0.3951115,0.0414222,-0.7768391,0.3197612,-0.6424683,0.6258613,0.3054258,
1,21,62.427,0.3951494,0.04143437,-0.7768803,0.3197933,-0.6424224,0.6258536,0.3055044,
1,21,62.429,0.3951494,0.04143437,-0.7768803,0.3197933,-0.6424224,0.6258536,0.3055044,
1,21,62.431,0.3951494,0.04143437,-0.7768803,0.3197933,-0.6424224,0.6258536,0.3055044,
1,21,62.433,0.3951494,0.04143437,-0.7768803,0.3197933,-0.6424224,0.6258536,0.3055044,
1,21,62.435,0.3951272,0.04151236,-0.7768127,0.3197672,-0.6424208,0.6259116,0.3054165,
1,21,62.437,0.3951272,0.04151236,-0.7768127,0.3197672,-0.6424208,0.6259116,0.3054165,
1,21,62.439,0.3951272,0.04151236,-0.7768127,0.3197672,-0.6424208,0.6259116,0.3054165,
1,21,62.441,0.3951272,0.04151236,-0.7768127,0.3197672,-0.6424208,0.6259116,0.3054165,
1,21,62.443,0.3951287,0.04139498,-0.7768433,0.3197878,-0.6425055,0.6258398,0.305364,
1,21,62.445,0.3951287,0.04139498,-0.7768433,0.3197878,-0.6425055,0.6258398,0.305364,
1,21,62.447,0.3951287,0.04139498,-0.7768433,0.3197878,-0.6425055,0.6258398,0.305364,
1,21,62.449,0.3951287,0.04139498,-0.7768433,0.3197878,-0.6425055,0.6258398,0.305364,
1,21,62.451,0.3951091,0.04140268,-0.7768176,0.3197762,-0.6425271,0.6258476,0.3053146,
1,21,62.453,0.3951091,0.04140268,-0.7768176,0.3197762,-0.6425271,0.6258476,0.3053146,
1,21,62.455,0.3951091,0.04140268,-0.7768176,0.3197762,-0.6425271,0.6258476,0.3053146,
1,21,62.457,0.3951091,0.04140268,-0.7768176,0.3197762,-0.6425271,0.6258476,0.3053146,
1,21,62.459,0.3951495,0.04141009,-0.7768605,0.3198001,-0.6424956,0.6258441,0.3053629,
1,21,62.461,0.3951495,0.04141009,-0.7768605,0.3198001,-0.6424956,0.6258441,0.3053629,
1,21,62.463,0.3951495,0.04141009,-0.7768605,0.3198001,-0.6424956,0.6258441,0.3053629,
1,21,62.465,0.3951495,0.04141009,-0.7768605,0.3198001,-0.6424956,0.6258441,0.3053629,
1,21,62.467,0.3951495,0.04141009,-0.7768605,0.3198001,-0.6424956,0.6258441,0.3053629,
1,21,62.469,0.3951139,0.04142089,-0.7767861,0.3197839,-0.6425385,0.6258385,0.3053012,
1,21,62.471,0.3951139,0.04142089,-0.7767861,0.3197839,-0.6425385,0.6258385,0.3053012,
1,21,62.473,0.3951139,0.04142089,-0.7767861,0.3197839,-0.6425385,0.6258385,0.3053012,
1,21,62.475,0.3951139,0.04142089,-0.7767861,0.3197839,-0.6425385,0.6258385,0.3053012,
1,21,62.477,0.3951088,0.04144925,-0.7768009,0.3197847,-0.642483,0.6258559,0.3053816,
1,21,62.479,0.3951088,0.04144925,-0.7768009,0.3197847,-0.642483,0.6258559,0.3053816,
1,21,62.481,0.3951088,0.04144925,-0.7768009,0.3197847,-0.642483,0.6258559,0.3053816,
1,21,62.483,0.3951088,0.04144925,-0.7768009,0.3197847,-0.642483,0.6258559,0.3053816,
1,21,62.485,0.3951442,0.04136517,-0.7768341,0.3198005,-0.6425493,0.6258125,0.3053144,
1,21,62.487,0.3951442,0.04136517,-0.7768341,0.3198005,-0.6425493,0.6258125,0.3053144,
1,21,62.489,0.3951442,0.04136517,-0.7768341,0.3198005,-0.6425493,0.6258125,0.3053144,
1,21,62.491,0.3951442,0.04136517,-0.7768341,0.3198005,-0.6425493,0.6258125,0.3053144,
1,21,62.493,0.3951166,0.04135315,-0.7768468,0.3198014,-0.6425391,0.6258074,0.3053449,
1,21,62.495,0.3951166,0.04135315,-0.7768468,0.3198014,-0.6425391,0.6258074,0.3053449,
1,21,62.497,0.3951166,0.04135315,-0.7768468,0.3198014,-0.6425391,0.6258074,0.3053449,
1,21,62.499,0.3951166,0.04135315,-0.7768468,0.3198014,-0.6425391,0.6258074,0.3053449,
1,21,62.501,0.3951187,0.04133395,-0.7768391,0.3197715,-0.6425532,0.6258083,0.3053453,
1,21,62.503,0.3951187,0.04133395,-0.7768391,0.3197715,-0.6425532,0.6258083,0.3053453,
1,21,62.505,0.3951187,0.04133395,-0.7768391,0.3197715,-0.6425532,0.6258083,0.3053453,
1,21,62.507,0.3951187,0.04133395,-0.7768391,0.3197715,-0.6425532,0.6258083,0.3053453,
1,21,62.509,0.3951078,0.04137222,-0.7767969,0.3197556,-0.6425567,0.6258316,0.3053069,
1,21,62.511,0.3951078,0.04137222,-0.7767969,0.3197556,-0.6425567,0.6258316,0.3053069,
1,21,62.513,0.3951078,0.04137222,-0.7767969,0.3197556,-0.6425567,0.6258316,0.3053069,
1,21,62.515,0.3951078,0.04137222,-0.7767969,0.3197556,-0.6425567,0.6258316,0.3053069,
1,21,62.517,0.3951078,0.04137222,-0.7767969,0.3197556,-0.6425567,0.6258316,0.3053069,
1,21,62.519,0.3950928,0.04143286,-0.7767632,0.319743,-0.6425269,0.6258765,0.3052905,
1,21,62.521,0.3950928,0.04143286,-0.7767632,0.319743,-0.6425269,0.6258765,0.3052905,
1,21,62.523,0.3950928,0.04143286,-0.7767632,0.319743,-0.6425269,0.6258765,0.3052905,
1,21,62.525,0.3950928,0.04143286,-0.7767632,0.319743,-0.6425269,0.6258765,0.3052905,
1,21,62.527,0.3950778,0.04144061,-0.776713,0.3197517,-0.6425495,0.6258819,0.3052227,
1,21,62.529,0.3950778,0.04144061,-0.776713,0.3197517,-0.6425495,0.6258819,0.3052227,
1,21,62.531,0.3950778,0.04144061,-0.776713,0.3197517,-0.6425495,0.6258819,0.3052227,
1,21,62.533,0.3950778,0.04144061,-0.776713,0.3197517,-0.6425495,0.6258819,0.3052227,
1,21,62.535,0.3950694,0.04143791,-0.7767642,0.3197441,-0.6425021,0.6258922,0.3053092,
1,21,62.537,0.3950694,0.04143791,-0.7767642,0.3197441,-0.6425021,0.6258922,0.3053092,
1,21,62.539,0.3950694,0.04143791,-0.7767642,0.3197441,-0.6425021,0.6258922,0.3053092,
1,21,62.541,0.3950694,0.04143791,-0.7767642,0.3197441,-0.6425021,0.6258922,0.3053092,
1,21,62.543,0.3950991,0.0414677,-0.7767806,0.3197386,-0.6424696,0.6259089,0.3053494,
1,21,62.545,0.3950991,0.0414677,-0.7767806,0.3197386,-0.6424696,0.6259089,0.3053494,
1,21,62.547,0.3950991,0.0414677,-0.7767806,0.3197386,-0.6424696,0.6259089,0.3053494,
1,21,62.549,0.3950991,0.0414677,-0.7767806,0.3197386,-0.6424696,0.6259089,0.3053494,
1,21,62.551,0.3950909,0.04140254,-0.7767683,0.3197241,-0.6425319,0.6258652,0.305323,
1,21,62.553,0.3950909,0.04140254,-0.7767683,0.3197241,-0.6425319,0.6258652,0.305323,
1,21,62.555,0.3950909,0.04140254,-0.7767683,0.3197241,-0.6425319,0.6258652,0.305323,
1,21,62.557,0.3950909,0.04140254,-0.7767683,0.3197241,-0.6425319,0.6258652,0.305323,
1,21,62.559,0.3950817,0.04143983,-0.7767705,0.3197176,-0.6425025,0.6258984,0.3053235,
1,21,62.561,0.3950817,0.04143983,-0.7767705,0.3197176,-0.6425025,0.6258984,0.3053235,
1,21,62.563,0.3950817,0.04143983,-0.7767705,0.3197176,-0.6425025,0.6258984,0.3053235,
1,21,62.565,0.3950817,0.04143983,-0.7767705,0.3197176,-0.6425025,0.6258984,0.3053235,
1,21,62.567,0.3950817,0.04143983,-0.7767705,0.3197176,-0.6425025,0.6258984,0.3053235,
1,21,62.569,0.3950895,0.04145922,-0.7767707,0.3197293,-0.6424946,0.6259067,0.305311,
1,21,62.571,0.3950895,0.04145922,-0.7767707,0.3197293,-0.6424946,0.6259067,0.305311,
1,21,62.573,0.3950895,0.04145922,-0.7767707,0.3197293,-0.6424946,0.6259067,0.305311,
1,21,62.575,0.3950895,0.04145922,-0.7767707,0.3197293,-0.6424946,0.6259067,0.305311,
1,21,62.577,0.3950866,0.04141302,-0.776752,0.3197286,-0.6425451,0.6258484,0.3053249,
1,21,62.579,0.3950866,0.04141302,-0.776752,0.3197286,-0.6425451,0.6258484,0.3053249,
1,21,62.581,0.3950866,0.04141302,-0.776752,0.3197286,-0.6425451,0.6258484,0.3053249,
1,21,62.583,0.3950866,0.04141302,-0.776752,0.3197286,-0.6425451,0.6258484,0.3053249,
1,21,62.585,0.3950986,0.04139608,-0.7768027,0.3197128,-0.642522,0.6258703,0.3053452,
1,21,62.587,0.3950986,0.04139608,-0.7768027,0.3197128,-0.642522,0.6258703,0.3053452,
1,21,62.589,0.3950986,0.04139608,-0.7768027,0.3197128,-0.642522,0.6258703,0.3053452,
1,21,62.591,0.3950986,0.04139608,-0.7768027,0.3197128,-0.642522,0.6258703,0.3053452,
1,21,62.593,0.3951448,0.0413884,-0.7768874,0.3197653,-0.6424822,0.6258288,0.3054591,
1,21,62.595,0.3951448,0.0413884,-0.7768874,0.3197653,-0.6424822,0.6258288,0.3054591,
1,21,62.597,0.3951448,0.0413884,-0.7768874,0.3197653,-0.6424822,0.6258288,0.3054591,
1,21,62.599,0.3951448,0.0413884,-0.7768874,0.3197653,-0.6424822,0.6258288,0.3054591,
1,21,62.601,0.3951025,0.0414254,-0.7768236,0.3197694,-0.642485,0.6258538,0.3053975,
1,21,62.603,0.3951025,0.0414254,-0.7768236,0.3197694,-0.642485,0.6258538,0.3053975,
1,21,62.605,0.3951025,0.0414254,-0.7768236,0.3197694,-0.642485,0.6258538,0.3053975,
1,21,62.607,0.3951025,0.0414254,-0.7768236,0.3197694,-0.642485,0.6258538,0.3053975,
1,21,62.609,0.3951692,0.04137769,-0.7769052,0.3197923,-0.6425006,0.6258157,0.3054186,
1,21,62.611,0.3951692,0.04137769,-0.7769052,0.3197923,-0.6425006,0.6258157,0.3054186,
1,21,62.613,0.3951692,0.04137769,-0.7769052,0.3197923,-0.6425006,0.6258157,0.3054186,
1,21,62.615,0.3951692,0.04137769,-0.7769052,0.3197923,-0.6425006,0.6258157,0.3054186,
1,21,62.617,0.3951692,0.04137769,-0.7769052,0.3197923,-0.6425006,0.6258157,0.3054186,
1,21,62.619,0.3952247,0.04135573,-0.7769524,0.3198356,-0.642517,0.6257843,0.3054034,
1,21,62.621,0.3952247,0.04135573,-0.7769524,0.3198356,-0.642517,0.6257843,0.3054034,
1,21,62.623,0.3952247,0.04135573,-0.7769524,0.3198356,-0.642517,0.6257843,0.3054034,
1,21,62.625,0.3952247,0.04135573,-0.7769524,0.3198356,-0.642517,0.6257843,0.3054034,
1,21,62.627,0.3951643,0.04134557,-0.7769262,0.3198099,-0.6425093,0.6257802,0.305455,
1,21,62.629,0.3951643,0.04134557,-0.7769262,0.3198099,-0.6425093,0.6257802,0.305455,
1,21,62.631,0.3951643,0.04134557,-0.7769262,0.3198099,-0.6425093,0.6257802,0.305455,
1,21,62.633,0.3951643,0.04134557,-0.7769262,0.3198099,-0.6425093,0.6257802,0.305455,
1,21,62.635,0.3952106,0.04139477,-0.7769512,0.3198575,-0.6424841,0.6258001,0.3054172,
1,21,62.637,0.3952106,0.04139477,-0.7769512,0.3198575,-0.6424841,0.6258001,0.3054172,
1,21,62.639,0.3952106,0.04139477,-0.7769512,0.3198575,-0.6424841,0.6258001,0.3054172,
1,21,62.641,0.3952106,0.04139477,-0.7769512,0.3198575,-0.6424841,0.6258001,0.3054172,
1,21,62.643,0.3952051,0.04126275,-0.7770588,0.3198334,-0.642523,0.6256993,0.3055672,
1,21,62.645,0.3952051,0.04126275,-0.7770588,0.3198334,-0.642523,0.6256993,0.3055672,
1,21,62.647,0.3952051,0.04126275,-0.7770588,0.3198334,-0.642523,0.6256993,0.3055672,
1,21,62.649,0.3952051,0.04126275,-0.7770588,0.3198334,-0.642523,0.6256993,0.3055672,
1,21,62.651,0.3951664,0.04140821,-0.7769377,0.3198198,-0.6424689,0.6258295,0.3054284,
1,21,62.653,0.3951664,0.04140821,-0.7769377,0.3198198,-0.6424689,0.6258295,0.3054284,
1,21,62.655,0.3951664,0.04140821,-0.7769377,0.3198198,-0.6424689,0.6258295,0.3054284,
1,21,62.657,0.3951664,0.04140821,-0.7769377,0.3198198,-0.6424689,0.6258295,0.3054284,
1,21,62.659,0.3950847,0.04152254,-0.7767943,0.3197397,-0.6424413,0.6259474,0.3053287,
1,21,62.661,0.3950847,0.04152254,-0.7767943,0.3197397,-0.6424413,0.6259474,0.3053287,
1,21,62.663,0.3950847,0.04152254,-0.7767943,0.3197397,-0.6424413,0.6259474,0.3053287,
1,21,62.665,0.3950847,0.04152254,-0.7767943,0.3197397,-0.6424413,0.6259474,0.3053287,
1,21,62.667,0.3950847,0.04152254,-0.7767943,0.3197397,-0.6424413,0.6259474,0.3053287,
1,21,62.669,0.3950539,0.04155274,-0.7768162,0.3197072,-0.6423909,0.6259654,0.3054317,
1,21,62.671,0.3950539,0.04155274,-0.7768162,0.3197072,-0.6423909,0.6259654,0.3054317,
1,21,62.673,0.3950539,0.04155274,-0.7768162,0.3197072,-0.6423909,0.6259654,0.3054317,
1,21,62.675,0.3950539,0.04155274,-0.7768162,0.3197072,-0.6423909,0.6259654,0.3054317,
1,21,62.677,0.3950463,0.04153726,-0.7767821,0.3197126,-0.6424233,0.62595,0.3053897,
1,21,62.679,0.3950463,0.04153726,-0.7767821,0.3197126,-0.6424233,0.62595,0.3053897,
1,21,62.681,0.3950463,0.04153726,-0.7767821,0.3197126,-0.6424233,0.62595,0.3053897,
1,21,62.683,0.3950463,0.04153726,-0.7767821,0.3197126,-0.6424233,0.62595,0.3053897,
1,21,62.685,0.39491,0.04156547,-0.7765515,0.3196245,-0.6424615,0.6260329,0.3052315,
1,21,62.687,0.39491,0.04156547,-0.7765515,0.3196245,-0.6424615,0.6260329,0.3052315,
1,21,62.689,0.39491,0.04156547,-0.7765515,0.3196245,-0.6424615,0.6260329,0.3052315,
1,21,62.691,0.39491,0.04156547,-0.7765515,0.3196245,-0.6424615,0.6260329,0.3052315,
1,21,62.693,0.3947523,0.04144828,-0.7763363,0.3194691,-0.6425595,0.6260209,0.3052124,
1,21,62.695,0.3947523,0.04144828,-0.7763363,0.3194691,-0.6425595,0.6260209,0.3052124,
1,21,62.697,0.3947523,0.04144828,-0.7763363,0.3194691,-0.6425595,0.6260209,0.3052124,
1,21,62.699,0.3947523,0.04144828,-0.7763363,0.3194691,-0.6425595,0.6260209,0.3052124,
1,21,62.701,0.3947965,0.04144906,-0.7763556,0.3194783,-0.6425663,0.6260207,0.3051891,
1,21,62.703,0.3947965,0.04144906,-0.7763556,0.3194783,-0.6425663,0.6260207,0.3051891,
1,21,62.705,0.3947965,0.04144906,-0.7763556,0.3194783,-0.6425663,0.6260207,0.3051891,
1,21,62.707,0.3947965,0.04144906,-0.7763556,0.3194783,-0.6425663,0.6260207,0.3051891,
1,21,62.709,0.3948305,0.04147062,-0.7763758,0.3195041,-0.6425771,0.6260347,0.3051105,
1,21,62.711,0.3948305,0.04147062,-0.7763758,0.3195041,-0.6425771,0.6260347,0.3051105,
1,21,62.713,0.3948305,0.04147062,-0.7763758,0.3195041,-0.6425771,0.6260347,0.3051105,
1,21,62.715,0.3948305,0.04147062,-0.7763758,0.3195041,-0.6425771,0.6260347,0.3051105,
1,21,62.717,0.3948305,0.04147062,-0.7763758,0.3195041,-0.6425771,0.6260347,0.3051105,
1,21,62.719,0.3948077,0.04146258,-0.7763628,0.3195059,-0.6425945,0.6260296,0.3050824,
1,21,62.721,0.3948077,0.04146258,-0.7763628,0.3195059,-0.6425945,0.6260296,0.3050824,
1,21,62.723,0.3948077,0.04146258,-0.7763628,0.3195059,-0.6425945,0.6260296,0.3050824,
1,21,62.725,0.3948077,0.04146258,-0.7763628,0.3195059,-0.6425945,0.6260296,0.3050824,
1,21,62.727,0.394778,0.04142412,-0.7763622,0.3194741,-0.6426106,0.6260034,0.3051355,
1,21,62.729,0.394778,0.04142412,-0.7763622,0.3194741,-0.6426106,0.6260034,0.3051355,
1,21,62.731,0.394778,0.04142412,-0.7763622,0.3194741,-0.6426106,0.6260034,0.3051355,
1,21,62.733,0.394778,0.04142412,-0.7763622,0.3194741,-0.6426106,0.6260034,0.3051355,
1,21,62.735,0.3947716,0.04145994,-0.7763261,0.3194524,-0.6426014,0.6260415,0.3050995,
1,21,62.737,0.3947716,0.04145994,-0.7763261,0.3194524,-0.6426014,0.6260415,0.3050995,
1,21,62.739,0.3947716,0.04145994,-0.7763261,0.3194524,-0.6426014,0.6260415,0.3050995,
1,21,62.741,0.3947716,0.04145994,-0.7763261,0.3194524,-0.6426014,0.6260415,0.3050995,
1,21,62.743,0.3947651,0.04146192,-0.7763273,0.3194657,-0.6425858,0.6260274,0.3051473,
1,21,62.745,0.3947651,0.04146192,-0.7763273,0.3194657,-0.6425858,0.6260274,0.3051473,
1,21,62.747,0.3947651,0.04146192,-0.7763273,0.3194657,-0.6425858,0.6260274,0.3051473,
1,21,62.749,0.3947651,0.04146192,-0.7763273,0.3194657,-0.6425858,0.6260274,0.3051473,
1,21,62.751,0.3947804,0.04146936,-0.7763265,0.3194906,-0.6426095,0.626035,0.3050556,
1,21,62.753,0.3947804,0.04146936,-0.7763265,0.3194906,-0.6426095,0.626035,0.3050556,
1,21,62.755,0.3947804,0.04146936,-0.7763265,0.3194906,-0.6426095,0.626035,0.3050556,CourtEnter
1,21,62.757,0.3947804,0.04146936,-0.7763265,0.3194906,-0.6426095,0.626035,0.3050556,
1,21,62.759,0.3948002,0.04142001,-0.7763921,0.3195145,-0.6426044,0.6259782,0.3051579,
1,21,62.761,0.3948002,0.04142001,-0.7763921,0.3195145,-0.6426044,0.6259782,0.3051579,
1,21,62.763,0.3948002,0.04142001,-0.7763921,0.3195145,-0.6426044,0.6259782,0.3051579,
1,21,62.765,0.3948002,0.04142001,-0.7763921,0.3195145,-0.6426044,0.6259782,0.3051579,
1,21,62.767,0.3948002,0.04142001,-0.7763921,0.3195145,-0.6426044,0.6259782,0.3051579,CourtExit
1,21,62.769,0.3947968,0.04137845,-0.7764052,0.3194796,-0.6426159,0.6259731,0.3051809,
1,21,62.771,0.3947968,0.04137845,-0.7764052,0.3194796,-0.6426159,0.6259731,0.3051809,
1,21,62.773,0.3947968,0.04137845,-0.7764052,0.3194796,-0.6426159,0.6259731,0.3051809,
1,21,62.775,0.3947968,0.04137845,-0.7764052,0.3194796,-0.6426159,0.6259731,0.3051809,
1,21,62.777,0.3947456,0.0414063,-0.7763405,0.3194397,-0.6426138,0.6259987,0.3051746,
1,21,62.779,0.3947456,0.0414063,-0.7763405,0.3194397,-0.6426138,0.6259987,0.3051746,
1,21,62.781,0.3947456,0.0414063,-0.7763405,0.3194397,-0.6426138,0.6259987,0.3051746,
1,21,62.783,0.3947456,0.0414063,-0.7763405,0.3194397,-0.6426138,0.6259987,0.3051746,
1,21,62.785,0.3947762,0.04147075,-0.7762968,0.3194678,-0.6426203,0.6260391,0.3050486,
1,21,62.787,0.3947762,0.04147075,-0.7762968,0.3194678,-0.6426203,0.6260391,0.3050486,
1,21,62.789,0.3947762,0.04147075,-0.7762968,0.3194678,-0.6426203,0.6260391,0.3050486,
1,21,62.791,0.3947762,0.04147075,-0.7762968,0.3194678,-0.6426203,0.6260391,0.3050486,
1,21,62.793,0.3947837,0.04148436,-0.7763081,0.3194872,-0.6426081,0.6260469,0.3050376,
1,21,62.795,0.3947837,0.04148436,-0.7763081,0.3194872,-0.6426081,0.6260469,0.3050376,
1,21,62.797,0.3947837,0.04148436,-0.7763081,0.3194872,-0.6426081,0.6260469,0.3050376,
1,21,62.799,0.3947837,0.04148436,-0.7763081,0.3194872,-0.6426081,0.6260469,0.3050376,
1,21,62.801,0.3947655,0.04143198,-0.7763337,0.3194444,-0.6425998,0.6260142,0.3051673,
1,21,62.803,0.3947655,0.04143198,-0.7763337,0.3194444,-0.6425998,0.6260142,0.3051673,
1,21,62.805,0.3947655,0.04143198,-0.7763337,0.3194444,-0.6425998,0.6260142,0.3051673,
1,21,62.807,0.3947655,0.04143198,-0.7763337,0.3194444,-0.6425998,0.6260142,0.3051673,
1,21,62.809,0.3947901,0.04150083,-0.7763396,0.3194778,-0.6425592,0.6260719,0.3050994,
1,21,62.811,0.3947901,0.04150083,-0.7763396,0.3194778,-0.6425592,0.6260719,0.3050994,
1,21,62.813,0.3947901,0.04150083,-0.7763396,0.3194778,-0.6425592,0.6260719,0.3050994,
1,21,62.815,0.3947901,0.04150083,-0.7763396,0.3194778,-0.6425592,0.6260719,0.3050994,
1,21,62.817,0.3947901,0.04150083,-0.7763396,0.3194778,-0.6425592,0.6260719,0.3050994,
1,21,62.819,0.3948018,0.04150584,-0.7763398,0.3195113,-0.6425823,0.6260517,0.3050573,
1,21,62.821,0.3948018,0.04150584,-0.7763398,0.3195113,-0.6425823,0.6260517,0.3050573,
1,21,62.823,0.3948018,0.04150584,-0.7763398,0.3195113,-0.6425823,0.6260517,0.3050573,
1,21,62.825,0.3948018,0.04150584,-0.7763398,0.3195113,-0.6425823,0.6260517,0.3050573,
1,21,62.827,0.3950178,0.04152773,-0.7767336,0.3196774,-0.6424646,0.6259729,0.3052923,
1,21,62.829,0.3950178,0.04152773,-0.7767336,0.3196774,-0.6424646,0.6259729,0.3052923,
1,21,62.831,0.3950178,0.04152773,-0.7767336,0.3196774,-0.6424646,0.6259729,0.3052923,
1,21,62.833,0.3950178,0.04152773,-0.7767336,0.3196774,-0.6424646,0.6259729,0.3052923,
1,21,62.835,0.3950802,0.04155168,-0.776827,0.3197395,-0.6424178,0.6259636,0.3053451,
1,21,62.837,0.3950802,0.04155168,-0.776827,0.3197395,-0.6424178,0.6259636,0.3053451,
1,21,62.839,0.3950802,0.04155168,-0.776827,0.3197395,-0.6424178,0.6259636,0.3053451,
1,21,62.841,0.3950802,0.04155168,-0.776827,0.3197395,-0.6424178,0.6259636,0.3053451,
1,21,62.843,0.3950977,0.04161536,-0.7768242,0.3197626,-0.6423779,0.6259975,0.3053352,
1,21,62.845,0.3950977,0.04161536,-0.7768242,0.3197626,-0.6423779,0.6259975,0.3053352,
1,21,62.847,0.3950977,0.04161536,-0.7768242,0.3197626,-0.6423779,0.6259975,0.3053352,
1,21,62.849,0.3950977,0.04161536,-0.7768242,0.3197626,-0.6423779,0.6259975,0.3053352,
1,21,62.851,0.3950724,0.04151049,-0.776757,0.3197017,-0.6424605,0.625955,0.3053127,
1,21,62.853,0.3950724,0.04151049,-0.776757,0.3197017,-0.6424605,0.625955,0.3053127,
1,21,62.855,0.3950724,0.04151049,-0.776757,0.3197017,-0.6424605,0.625955,0.3053127,
1,21,62.857,0.3950724,0.04151049,-0.776757,0.3197017,-0.6424605,0.625955,0.3053127,
1,21,62.859,0.3951136,0.04143171,-0.7768193,0.3197659,-0.6425155,0.6258616,0.305321,
1,21,62.861,0.3951136,0.04143171,-0.7768193,0.3197659,-0.6425155,0.6258616,0.305321,
1,21,62.863,0.3951136,0.04143171,-0.7768193,0.3197659,-0.6425155,0.6258616,0.305321,
1,21,62.865,0.3951136,0.04143171,-0.7768193,0.3197659,-0.6425155,0.6258616,0.305321,
1,21,62.867,0.3951136,0.04143171,-0.7768193,0.3197659,-0.6425155,0.6258616,0.305321,
1,21,62.869,0.3950833,0.04149625,-0.7767882,0.3197405,-0.6424755,0.6259151,0.3053221,
1,21,62.871,0.3950833,0.04149625,-0.7767882,0.3197405,-0.6424755,0.6259151,0.3053221,
1,21,62.873,0.3950833,0.04149625,-0.7767882,0.3197405,-0.6424755,0.6259151,0.3053221,
1,21,62.875,0.3950833,0.04149625,-0.7767882,0.3197405,-0.6424755,0.6259151,0.3053221,
1,21,62.877,0.3950659,0.04138608,-0.7767884,0.3196679,-0.6425288,0.6258608,0.3053973,
1,21,62.879,0.3950659,0.04138608,-0.7767884,0.3196679,-0.6425288,0.6258608,0.3053973,
1,21,62.881,0.3950659,0.04138608,-0.7767884,0.3196679,-0.6425288,0.6258608,0.3053973,
1,21,62.883,0.3950659,0.04138608,-0.7767884,0.3196679,-0.6425288,0.6258608,0.3053973,
1,21,62.885,0.3950725,0.04141448,-0.7767732,0.3197001,-0.6425205,0.6258797,0.3053422,
1,21,62.887,0.3950725,0.04141448,-0.7767732,0.3197001,-0.6425205,0.6258797,0.3053422,
1,21,62.889,0.3950725,0.04141448,-0.7767732,0.3197001,-0.6425205,0.6258797,0.3053422,
1,21,62.891,0.3950725,0.04141448,-0.7767732,0.3197001,-0.6425205,0.6258797,0.3053422,
1,21,62.893,0.3951152,0.04139456,-0.7768072,0.3197353,-0.6425199,0.6258619,0.3053432,
1,21,62.895,0.3951152,0.04139456,-0.7768072,0.3197353,-0.6425199,0.6258619,0.3053432,
1,21,62.897,0.3951152,0.04139456,-0.7768072,0.3197353,-0.6425199,0.6258619,0.3053432,
1,21,62.899,0.3951152,0.04139456,-0.7768072,0.3197353,-0.6425199,0.6258619,0.3053432,
1,21,62.901,0.3951257,0.04128212,-0.7769006,0.3197518,-0.6425458,0.6257892,0.3054205,
1,21,62.903,0.3951257,0.04128212,-0.7769006,0.3197518,-0.6425458,0.6257892,0.3054205,
1,21,62.905,0.3951257,0.04128212,-0.7769006,0.3197518,-0.6425458,0.6257892,0.3054205,
1,21,62.907,0.3951257,0.04128212,-0.7769006,0.3197518,-0.6425458,0.6257892,0.3054205,
1,21,62.909,0.3951013,0.04138201,-0.7768224,0.3197304,-0.6425204,0.6258516,0.3053684,
1,21,62.911,0.3951013,0.04138201,-0.7768224,0.3197304,-0.6425204,0.6258516,0.3053684,
1,21,62.913,0.3951013,0.04138201,-0.7768224,0.3197304,-0.6425204,0.6258516,0.3053684,
1,21,62.915,0.3951013,0.04138201,-0.7768224,0.3197304,-0.6425204,0.6258516,0.3053684,
1,21,62.917,0.3951013,0.04138201,-0.7768224,0.3197304,-0.6425204,0.6258516,0.3053684,
1,21,62.919,0.3951455,0.04141105,-0.7768483,0.3197833,-0.6424916,0.6258283,0.3054216,
1,21,62.921,0.3951455,0.04141105,-0.7768483,0.3197833,-0.6424916,0.6258283,0.3054216,
1,21,62.923,0.3951455,0.04141105,-0.7768483,0.3197833,-0.6424916,0.6258283,0.3054216,
1,21,62.925,0.3951455,0.04141105,-0.7768483,0.3197833,-0.6424916,0.6258283,0.3054216,
1,21,62.927,0.3951344,0.04143676,-0.776822,0.3197618,-0.6424822,0.6258757,0.3053665,
1,21,62.929,0.3951344,0.04143676,-0.776822,0.3197618,-0.6424822,0.6258757,0.3053665,
1,21,62.931,0.3951344,0.04143676,-0.776822,0.3197618,-0.6424822,0.6258757,0.3053665,
1,21,62.933,0.3951344,0.04143676,-0.776822,0.3197618,-0.6424822,0.6258757,0.3053665,
1,21,62.935,0.3951432,0.04137689,-0.7768513,0.319763,-0.6425107,0.6258475,0.3053631,
1,21,62.937,0.3951432,0.04137689,-0.7768513,0.319763,-0.6425107,0.6258475,0.3053631,
1,21,62.939,0.3951432,0.04137689,-0.7768513,0.319763,-0.6425107,0.6258475,0.3053631,
1,21,62.941,0.3951432,0.04137689,-0.7768513,0.319763,-0.6425107,0.6258475,0.3053631,
1,21,62.943,0.3951326,0.04137046,-0.7768085,0.3197535,-0.6425384,0.6258407,0.3053286,
1,21,62.945,0.3951326,0.04137046,-0.7768085,0.3197535,-0.6425384,0.6258407,0.3053286,
1,21,62.947,0.3951326,0.04137046,-0.7768085,0.3197535,-0.6425384,0.6258407,0.3053286,
1,21,62.949,0.3951326,0.04137046,-0.7768085,0.3197535,-0.6425384,0.6258407,0.3053286,
1,21,62.951,0.3950667,0.0414199,-0.7767475,0.3196953,-0.642498,0.6258878,0.3053781,
1,21,62.953,0.3950667,0.0414199,-0.7767475,0.3196953,-0.642498,0.6258878,0.3053781,
1,21,62.955,0.3950667,0.0414199,-0.7767475,0.3196953,-0.642498,0.6258878,0.3053781,
1,21,62.957,0.3950667,0.0414199,-0.7767475,0.3196953,-0.642498,0.6258878,0.3053781,
1,21,62.959,0.3950853,0.04139481,-0.776779,0.3197074,-0.6425067,0.6258729,0.3053777,
1,21,62.961,0.3950853,0.04139481,-0.776779,0.3197074,-0.6425067,0.6258729,0.3053777,
1,21,62.963,0.3950853,0.04139481,-0.776779,0.3197074,-0.6425067,0.6258729,0.3053777,
1,21,62.965,0.3950853,0.04139481,-0.776779,0.3197074,-0.6425067,0.6258729,0.3053777,
1,21,62.967,0.3950853,0.04139481,-0.776779,0.3197074,-0.6425067,0.6258729,0.3053777,
1,21,62.969,0.3950946,0.04139105,-0.7767738,0.3197425,-0.6425332,0.6258562,0.305319,
1,21,62.971,0.3950946,0.04139105,-0.7767738,0.3197425,-0.6425332,0.6258562,0.305319,
1,21,62.973,0.3950946,0.04139105,-0.7767738,0.3197425,-0.6425332,0.6258562,0.305319,
1,21,62.975,0.3950946,0.04139105,-0.7767738,0.3197425,-0.6425332,0.6258562,0.305319,
1,21,62.977,0.3950721,0.04139078,-0.7767668,0.3197255,-0.6425289,0.6258706,0.3053164,
1,21,62.979,0.3950721,0.04139078,-0.7767668,0.3197255,-0.6425289,0.6258706,0.3053164,
1,21,62.981,0.3950721,0.04139078,-0.7767668,0.3197255,-0.6425289,0.6258706,0.3053164,
1,21,62.983,0.3950721,0.04139078,-0.7767668,0.3197255,-0.6425289,0.6258706,0.3053164,
1,21,62.985,0.3950356,0.04137003,-0.7766988,0.3196864,-0.6425961,0.6258548,0.3052483,
1,21,62.987,0.3950356,0.04137003,-0.7766988,0.3196864,-0.6425961,0.6258548,0.3052483,
1,21,62.989,0.3950356,0.04137003,-0.7766988,0.3196864,-0.6425961,0.6258548,0.3052483,
1,21,62.991,0.3950356,0.04137003,-0.7766988,0.3196864,-0.6425961,0.6258548,0.3052483,
1,21,62.993,0.395073,0.04135045,-0.7767674,0.3197234,-0.6425737,0.6258366,0.3052945,
1,21,62.995,0.395073,0.04135045,-0.7767674,0.3197234,-0.6425737,0.6258366,0.3052945,
1,21,62.997,0.395073,0.04135045,-0.7767674,0.3197234,-0.6425737,0.6258366,0.3052945,
1,21,62.999,0.395073,0.04135045,-0.7767674,0.3197234,-0.6425737,0.6258366,0.3052945,
1,22,63.001,0.3951052,0.0413832,-0.7768244,0.3198064,-0.6425314,0.6258123,0.3053462,CourtExit
1,22,63.003,0.3951052,0.0413832,-0.7768244,0.3198064,-0.6425314,0.6258123,0.3053462,
1,22,63.005,0.3951052,0.0413832,-0.7768244,0.3198064,-0.6425314,0.6258123,0.3053462,
1,22,63.007,0.3951052,0.0413832,-0.7768244,0.3198064,-0.6425314,0.6258123,0.3053462,
1,22,63.009,0.395101,0.04137035,-0.7767957,0.3197607,-0.6425403,0.6258275,0.3053442,
1,22,63.011,0.395101,0.04137035,-0.7767957,0.3197607,-0.6425403,0.6258275,0.3053442,
1,22,63.013,0.395101,0.04137035,-0.7767957,0.3197607,-0.6425403,0.6258275,0.3053442,
1,22,63.015,0.395101,0.04137035,-0.7767957,0.3197607,-0.6425403,0.6258275,0.3053442,
1,22,63.017,0.395101,0.04137035,-0.7767957,0.3197607,-0.6425403,0.6258275,0.3053442,
1,22,63.019,0.3951122,0.04137709,-0.7768053,0.319759,-0.642539,0.6258425,0.3053177,
1,22,63.021,0.3951122,0.04137709,-0.7768053,0.319759,-0.642539,0.6258425,0.3053177,
1,22,63.023,0.3951122,0.04137709,-0.7768053,0.319759,-0.642539,0.6258425,0.3053177,
1,22,63.025,0.3951122,0.04137709,-0.7768053,0.319759,-0.642539,0.6258425,0.3053177,
1,22,63.027,0.3950927,0.04138445,-0.7768075,0.3197615,-0.6425037,0.6258389,0.3053969,
1,22,63.029,0.3950927,0.04138445,-0.7768075,0.3197615,-0.6425037,0.6258389,0.3053969,
1,22,63.031,0.3950927,0.04138445,-0.7768075,0.3197615,-0.6425037,0.6258389,0.3053969,
1,22,63.033,0.3950927,0.04138445,-0.7768075,0.3197615,-0.6425037,0.6258389,0.3053969,
1,22,63.035,0.3951066,0.04150891,-0.7767804,0.3197517,-0.6424352,0.6259373,0.3053495,
1,22,63.037,0.3951066,0.04150891,-0.7767804,0.3197517,-0.6424352,0.6259373,0.3053495,
1,22,63.039,0.3951066,0.04150891,-0.7767804,0.3197517,-0.6424352,0.6259373,0.3053495,
1,22,63.041,0.3951066,0.04150891,-0.7767804,0.3197517,-0.6424352,0.6259373,0.3053495,
1,22,63.043,0.3951034,0.041328,-0.7768223,0.3197664,-0.6425445,0.6257833,0.3054198,
1,22,63.045,0.3951034,0.041328,-0.7768223,0.3197664,-0.6425445,0.6257833,0.3054198,
1,22,63.047,0.3951034,0.041328,-0.7768223,0.3197664,-0.6425445,0.6257833,0.3054198,
1,22,63.049,0.3951034,0.041328,-0.7768223,0.3197664,-0.6425445,0.6257833,0.3054198,
1,22,63.051,0.3951011,0.0413449,-0.7768258,0.3197683,-0.6425231,0.6258152,0.3053979,
1,22,63.053,0.3951011,0.0413449,-0.7768258,0.3197683,-0.6425231,0.6258152,0.3053979,
1,22,63.055,0.3951011,0.0413449,-0.7768258,0.3197683,-0.6425231,0.6258152,0.3053979,
1,22,63.057,0.3951011,0.0413449,-0.7768258,0.3197683,-0.6425231,0.6258152,0.3053979,
1,22,63.059,0.3951389,0.04132047,-0.7768435,0.3197864,-0.6425597,0.6257899,0.3053535,
1,22,63.061,0.3951389,0.04132047,-0.7768435,0.3197864,-0.6425597,0.6257899,0.3053535,
1,22,63.063,0.3951389,0.04132047,-0.7768435,0.3197864,-0.6425597,0.6257899,0.3053535,
1,22,63.065,0.3951389,0.04132047,-0.7768435,0.3197864,-0.6425597,0.6257899,0.3053535,
1,22,63.067,0.3951389,0.04132047,-0.7768435,0.3197864,-0.6425597,0.6257899,0.3053535,
1,22,63.069,0.3951721,0.04130688,-0.7768687,0.3197912,-0.6425694,0.6257809,0.3053461,
1,22,63.071,0.3951721,0.04130688,-0.7768687,0.3197912,-0.6425694,0.6257809,0.3053461,
1,22,63.073,0.3951721,0.04130688,-0.7768687,0.3197912,-0.6425694,0.6257809,0.3053461,
1,22,63.075,0.3951721,0.04130688,-0.7768687,0.3197912,-0.6425694,0.6257809,0.3053461,
1,22,63.077,0.3951292,0.04138782,-0.7768425,0.3197848,-0.6425225,0.6258331,0.305345,
1,22,63.079,0.3951292,0.04138782,-0.7768425,0.3197848,-0.6425225,0.6258331,0.305345,
1,22,63.081,0.3951292,0.04138782,-0.7768425,0.3197848,-0.6425225,0.6258331,0.305345,
1,22,63.083,0.3951292,0.04138782,-0.7768425,0.3197848,-0.6425225,0.6258331,0.305345,
1,22,63.085,0.3951111,0.04137923,-0.776818,0.3198003,-0.6425257,0.625811,0.3053672,
1,22,63.087,0.3951111,0.04137923,-0.776818,0.3198003,-0.6425257,0.625811,0.3053672,
1,22,63.089,0.3951111,0.04137923,-0.776818,0.3198003,-0.6425257,0.625811,0.3053672,
1,22,63.091,0.3951111,0.04137923,-0.776818,0.3198003,-0.6425257,0.625811,0.3053672,
1,22,63.093,0.3951116,0.04139199,-0.7768116,0.3197944,-0.6425292,0.6258171,0.3053538,
1,22,63.095,0.3951116,0.04139199,-0.7768116,0.3197944,-0.6425292,0.6258171,0.3053538,
1,22,63.097,0.3951116,0.04139199,-0.7768116,0.3197944,-0.6425292,0.6258171,0.3053538,
1,22,63.099,0.3951116,0.04139199,-0.7768116,0.3197944,-0.6425292,0.6258171,0.3053538,
1,22,63.101,0.3951203,0.04144137,-0.7768404,0.319801,-0.6424674,0.625852,0.305405,
1,22,63.103,0.3951203,0.04144137,-0.7768404,0.319801,-0.6424674,0.625852,0.305405,
1,22,63.105,0.3951203,0.04144137,-0.7768404,0.319801,-0.6424674,0.625852,0.305405,
1,22,63.107,0.3951203,0.04144137,-0.7768404,0.319801,-0.6424674,0.625852,0.305405,
1,22,63.109,0.3951221,0.04141838,-0.7768341,0.3197837,-0.6424748,0.6258599,0.3053916,
1,22,63.111,0.3951221,0.04141838,-0.7768341,0.3197837,-0.6424748,0.6258599,0.3053916,
1,22,63.113,0.3951221,0.04141838,-0.7768341,0.3197837,-0.6424748,0.6258599,0.3053916,
1,22,63.115,0.3951221,0.04141838,-0.7768341,0.3197837,-0.6424748,0.6258599,0.3053916,
1,22,63.117,0.3951221,0.04141838,-0.7768341,0.3197837,-0.6424748,0.6258599,0.3053916,
1,22,63.119,0.3951229,0.0414168,-0.776825,0.3197889,-0.6424993,0.6258593,0.3053356,
1,22,63.121,0.3951229,0.0414168,-0.776825,0.3197889,-0.6424993,0.6258593,0.3053356,
1,22,63.123,0.3951229,0.0414168,-0.776825,0.3197889,-0.6424993,0.6258593,0.3053356,
1,22,63.125,0.3951229,0.0414168,-0.776825,0.3197889,-0.6424993,0.6258593,0.3053356,
1,22,63.127,0.3951119,0.04144875,-0.7767926,0.3197601,-0.6424915,0.6258913,0.3053169,
1,22,63.129,0.3951119,0.04144875,-0.7767926,0.3197601,-0.6424915,0.6258913,0.3053169,
1,22,63.131,0.3951119,0.04144875,-0.7767926,0.3197601,-0.6424915,0.6258913,0.3053169,
1,22,63.133,0.3951119,0.04144875,-0.7767926,0.3197601,-0.6424915,0.6258913,0.3053169,
1,22,63.135,0.3950786,0.0414281,-0.776773,0.3197643,-0.642512,0.6258759,0.3053008,
1,22,63.137,0.3950786,0.0414281,-0.776773,0.3197643,-0.642512,0.6258759,0.3053008,
1,22,63.139,0.3950786,0.0414281,-0.776773,0.3197643,-0.642512,0.6258759,0.3053008,
1,22,63.141,0.3950786,0.0414281,-0.776773,0.3197643,-0.642512,0.6258759,0.3053008,
1,22,63.143,0.3950729,0.04141682,-0.7767944,0.3197571,-0.6424595,0.6258591,0.3054529,
1,22,63.145,0.3950729,0.04141682,-0.7767944,0.3197571,-0.6424595,0.6258591,0.3054529,
1,22,63.147,0.3950729,0.04141682,-0.7767944,0.3197571,-0.6424595,0.6258591,0.3054529,
1,22,63.149,0.3950729,0.04141682,-0.7767944,0.3197571,-0.6424595,0.6258591,0.3054529,
1,22,63.151,0.395103,0.04141223,-0.7768313,0.3197639,-0.6424556,0.6258578,0.3054572,
1,22,63.153,0.395103,0.04141223,-0.7768313,0.3197639,-0.6424556,0.6258578,0.3054572,
1,22,63.155,0.395103,0.04141223,-0.7768313,0.3197639,-0.6424556,0.6258578,0.3054572,
1,22,63.157,0.395103,0.04141223,-0.7768313,0.3197639,-0.6424556,0.6258578,0.3054572,
1,22,63.159,0.3951394,0.04143446,-0.7768341,0.3198007,-0.642481,0.6258714,0.3053373,
1,22,63.161,0.3951394,0.04143446,-0.7768341,0.3198007,-0.642481,0.6258714,0.3053373,
1,22,63.163,0.3951394,0.04143446,-0.7768341,0.3198007,-0.642481,0.6258714,0.3053373,
1,22,63.165,0.3951394,0.04143446,-0.7768341,0.3198007,-0.642481,0.6258714,0.3053373,
1,22,63.167,0.3951394,0.04143446,-0.7768341,0.3198007,-0.642481,0.6258714,0.3053373,
1,22,63.169,0.3951616,0.04142413,-0.7768794,0.3198355,-0.6424865,0.6258427,0.305348,
1,22,63.171,0.3951616,0.04142413,-0.7768794,0.3198355,-0.6424865,0.6258427,0.305348,
1,22,63.173,0.3951616,0.04142413,-0.7768794,0.3198355,-0.6424865,0.6258427,0.305348,
1,22,63.175,0.3951616,0.04142413,-0.7768794,0.3198355,-0.6424865,0.6258427,0.305348,
1,22,63.177,0.3951283,0.04145421,-0.7767984,0.3197884,-0.6424847,0.6258812,0.3053219,
1,22,63.179,0.3951283,0.04145421,-0.7767984,0.3197884,-0.6424847,0.6258812,0.3053219,
1,22,63.181,0.3951283,0.04145421,-0.7767984,0.3197884,-0.6424847,0.6258812,0.3053219,
1,22,63.183,0.3951283,0.04145421,-0.7767984,0.3197884,-0.6424847,0.6258812,0.3053219,
1,22,63.185,0.3951234,0.04143357,-0.7767788,0.3197828,-0.6425261,0.6258583,0.3052877,
1,22,63.187,0.3951234,0.04143357,-0.7767788,0.3197828,-0.6425261,0.6258583,0.3052877,
1,22,63.189,0.3951234,0.04143357,-0.7767788,0.3197828,-0.6425261,0.6258583,0.3052877,
1,22,63.191,0.3951234,0.04143357,-0.7767788,0.3197828,-0.6425261,0.6258583,0.3052877,
1,22,63.193,0.3950737,0.04149404,-0.7767776,0.3197344,-0.6424718,0.6259015,0.3053643,
1,22,63.195,0.3950737,0.04149404,-0.7767776,0.3197344,-0.6424718,0.6259015,0.3053643,
1,22,63.197,0.3950737,0.04149404,-0.7767776,0.3197344,-0.6424718,0.6259015,0.3053643,
1,22,63.199,0.3950737,0.04149404,-0.7767776,0.3197344,-0.6424718,0.6259015,0.3053643,
1,22,63.201,0.3951004,0.04143619,-0.7768122,0.3197856,-0.6424924,0.625877,0.3053172,
1,22,63.203,0.3951004,0.04143619,-0.7768122,0.3197856,-0.6424924,0.625877,0.3053172,
1,22,63.205,0.3951004,0.04143619,-0.7768122,0.3197856,-0.6424924,0.625877,0.3053172,
1,22,63.207,0.3951004,0.04143619,-0.7768122,0.3197856,-0.6424924,0.625877,0.3053172,
1,22,63.209,0.3950835,0.04144332,-0.7767769,0.319756,-0.6425203,0.6258785,0.3052866,
1,22,63.211,0.3950835,0.04144332,-0.7767769,0.319756,-0.6425203,0.6258785,0.3052866,
1,22,63.213,0.3950835,0.04144332,-0.7767769,0.319756,-0.6425203,0.6258785,0.3052866,
1,22,63.215,0.3950835,0.04144332,-0.7767769,0.319756,-0.6425203,0.6258785,0.3052866,
1,22,63.217,0.3950835,0.04144332,-0.7767769,0.319756,-0.6425203,0.6258785,0.3052866,
1,22,63.219,0.3951054,0.04147231,-0.7767817,0.3197601,-0.6424853,0.6259019,0.3053081,
1,22,63.221,0.3951054,0.04147231,-0.7767817,0.3197601,-0.6424853,0.6259019,0.3053081,
1,22,63.223,0.3951054,0.04147231,-0.7767817,0.3197601,-0.6424853,0.6259019,0.3053081,
1,22,63.225,0.3951054,0.04147231,-0.7767817,0.3197601,-0.6424853,0.6259019,0.3053081,
1,22,63.227,0.3950825,0.04141881,-0.7767401,0.3197505,-0.6425436,0.6258675,0.305266,
1,22,63.229,0.3950825,0.04141881,-0.7767401,0.3197505,-0.6425436,0.6258675,0.305266,
1,22,63.231,0.3950825,0.04141881,-0.7767401,0.3197505,-0.6425436,0.6258675,0.305266,
1,22,63.233,0.3950825,0.04141881,-0.7767401,0.3197505,-0.6425436,0.6258675,0.305266,
1,22,63.235,0.395108,0.04137457,-0.7768263,0.3197867,-0.6425297,0.625833,0.305328,
1,22,63.237,0.395108,0.04137457,-0.7768263,0.3197867,-0.6425297,0.625833,0.305328,
1,22,63.239,0.395108,0.04137457,-0.7768263,0.3197867,-0.6425297,0.625833,0.305328,
1,22,63.241,0.395108,0.04137457,-0.7768263,0.3197867,-0.6425297,0.625833,0.305328,
1,22,63.243,0.395172,0.04131658,-0.7769339,0.3198535,-0.6425267,0.6257488,0.3054367,
1,22,63.245,0.395172,0.04131658,-0.7769339,0.3198535,-0.6425267,0.6257488,0.3054367,
1,22,63.247,0.395172,0.04131658,-0.7769339,0.3198535,-0.6425267,0.6257488,0.3054367,
1,22,63.249,0.395172,0.04131658,-0.7769339,0.3198535,-0.6425267,0.6257488,0.3054367,
1,22,63.251,0.3951517,0.04133648,-0.7768925,0.3197949,-0.6425222,0.6257921,0.3054187,
1,22,63.253,0.3951517,0.04133648,-0.7768925,0.3197949,-0.6425222,0.6257921,0.3054187,
1,22,63.255,0.3951517,0.04133648,-0.7768925,0.3197949,-0.6425222,0.6257921,0.3054187,
1,22,63.257,0.3951517,0.04133648,-0.7768925,0.3197949,-0.6425222,0.6257921,0.3054187,
1,22,63.259,0.395088,0.04136629,-0.7768031,0.3197606,-0.6425478,0.6258369,0.3053092,
1,22,63.261,0.395088,0.04136629,-0.7768031,0.3197606,-0.6425478,0.6258369,0.3053092,
1,22,63.263,0.395088,0.04136629,-0.7768031,0.3197606,-0.6425478,0.6258369,0.3053092,
1,22,63.265,0.395088,0.04136629,-0.7768031,0.3197606,-0.6425478,0.6258369,0.3053092,
1,22,63.267,0.395088,0.04136629,-0.7768031,0.3197606,-0.6425478,0.6258369,0.3053092,
1,22,63.269,0.3951323,0.04131242,-0.7768605,0.3197594,-0.642549,0.6258019,0.3053798,
1,22,63.271,0.3951323,0.04131242,-0.7768605,0.3197594,-0.642549,0.6258019,0.3053798,
1,22,63.273,0.3951323,0.04131242,-0.7768605,0.3197594,-0.642549,0.6258019,0.3053798,
1,22,63.275,0.3951323,0.04131242,-0.7768605,0.3197594,-0.642549,0.6258019,0.3053798,
1,22,63.277,0.3951093,0.04138165,-0.7767991,0.3197761,-0.6425496,0.6258322,0.305299,
1,22,63.279,0.3951093,0.04138165,-0.7767991,0.3197761,-0.6425496,0.6258322,0.305299,
1,22,63.281,0.3951093,0.04138165,-0.7767991,0.3197761,-0.6425496,0.6258322,0.305299,
1,22,63.283,0.3951093,0.04138165,-0.7767991,0.3197761,-0.6425496,0.6258322,0.305299,
1,22,63.285,0.3950729,0.04146108,-0.7767431,0.3197316,-0.6424921,0.6259147,0.3052975,
1,22,63.287,0.3950729,0.04146108,-0.7767431,0.3197316,-0.6424921,0.6259147,0.3052975,
1,22,63.289,0.3950729,0.04146108,-0.7767431,0.3197316,-0.6424921,0.6259147,0.3052975,
1,22,63.291,0.3950729,0.04146108,-0.7767431,0.3197316,-0.6424921,0.6259147,0.3052975,
1,22,63.293,0.3950836,0.04142065,-0.7767661,0.3197013,-0.6425063,0.6258925,0.305345,
1,22,63.295,0.3950836,0.04142065,-0.7767661,0.3197013,-0.6425063,0.6258925,0.305345,
1,22,63.297,0.3950836,0.04142065,-0.7767661,0.3197013,-0.6425063,0.6258925,0.305345,
1,22,63.299,0.3950836,0.04142065,-0.7767661,0.3197013,-0.6425063,0.6258925,0.305345,
1,22,63.301,0.3950896,0.0414403,-0.7767758,0.3197514,-0.6425011,0.6258916,0.3053052,
1,22,63.303,0.3950896,0.0414403,-0.7767758,0.3197514,-0.6425011,0.6258916,0.3053052,
1,22,63.305,0.3950896,0.0414403,-0.7767758,0.3197514,-0.6425011,0.6258916,0.3053052,
1,22,63.307,0.3950896,0.0414403,-0.7767758,0.3197514,-0.6425011,0.6258916,0.3053052,
1,22,63.309,0.39509,0.04134415,-0.7767823,0.3197375,-0.6425867,0.6258185,0.3052892,
1,22,63.311,0.39509,0.04134415,-0.7767823,0.3197375,-0.6425867,0.6258185,0.3052892,
1,22,63.313,0.39509,0.04134415,-0.7767823,0.3197375,-0.6425867,0.6258185,0.3052892,
1,22,63.315,0.39509,0.04134415,-0.7767823,0.3197375,-0.6425867,0.6258185,0.3052892,
1,22,63.317,0.39509,0.04134415,-0.7767823,0.3197375,-0.6425867,0.6258185,0.3052892,
1,22,63.319,0.3951437,0.04133446,-0.7768639,0.3197936,-0.6425495,0.6257973,0.3053523,
1,22,63.321,0.3951437,0.04133446,-0.7768639,0.3197936,-0.6425495,0.6257973,0.3053523,
1,22,63.323,0.3951437,0.04133446,-0.7768639,0.3197936,-0.6425495,0.6257973,0.3053523,
1,22,63.325,0.3951437,0.04133446,-0.7768639,0.3197936,-0.6425495,0.6257973,0.3053523,
1,22,63.327,0.3951156,0.04135358,-0.7768352,0.3197685,-0.6425403,0.6258202,0.3053511,
1,22,63.329,0.3951156,0.04135358,-0.7768352,0.3197685,-0.6425403,0.6258202,0.3053511,
1,22,63.331,0.3951156,0.04135358,-0.7768352,0.3197685,-0.6425403,0.6258202,0.3053511,
1,22,63.333,0.3951156,0.04135358,-0.7768352,0.3197685,-0.6425403,0.6258202,0.3053511,
1,22,63.335,0.3951097,0.04142869,-0.7768209,0.3197421,-0.6424854,0.6258597,0.3054131,
1,22,63.337,0.3951097,0.04142869,-0.7768209,0.3197421,-0.6424854,0.6258597,0.3054131,
1,22,63.339,0.3951097,0.04142869,-0.7768209,0.3197421,-0.6424854,0.6258597,0.3054131,
1,22,63.341,0.3951097,0.04142869,-0.7768209,0.3197421,-0.6424854,0.6258597,0.3054131,
1,22,63.343,0.3950957,0.04144061,-0.7767888,0.3197368,-0.6424809,0.6259032,0.3053389,
1,22,63.345,0.3950957,0.04144061,-0.7767888,0.3197368,-0.6424809,0.6259032,0.3053389,
1,22,63.347,0.3950957,0.04144061,-0.7767888,0.3197368,-0.6424809,0.6259032,0.3053389,
1,22,63.349,0.3950957,0.04144061,-0.7767888,0.3197368,-0.6424809,0.6259032,0.3053389,
1,22,63.351,0.3951142,0.04137709,-0.7768409,0.3197572,-0.6424915,0.6258342,0.3054367,
1,22,63.353,0.3951142,0.04137709,-0.7768409,0.3197572,-0.6424915,0.6258342,0.3054367,
1,22,63.355,0.3951142,0.04137709,-0.7768409,0.3197572,-0.6424915,0.6258342,0.3054367,
1,22,63.357,0.3951142,0.04137709,-0.7768409,0.3197572,-0.6424915,0.6258342,0.3054367,
1,22,63.359,0.395178,0.04133535,-0.7769186,0.3198212,-0.6425393,0.6257799,0.3053805,
1,22,63.361,0.395178,0.04133535,-0.7769186,0.3198212,-0.6425393,0.6257799,0.3053805,
1,22,63.363,0.395178,0.04133535,-0.7769186,0.3198212,-0.6425393,0.6257799,0.3053805,
1,22,63.365,0.395178,0.04133535,-0.7769186,0.3198212,-0.6425393,0.6257799,0.3053805,
1,22,63.367,0.395178,0.04133535,-0.7769186,0.3198212,-0.6425393,0.6257799,0.3053805,
1,22,63.369,0.3951206,0.04140433,-0.7768297,0.3197893,-0.6425032,0.6258375,0.3053718,
1,22,63.371,0.3951206,0.04140433,-0.7768297,0.3197893,-0.6425032,0.6258375,0.3053718,
1,22,63.373,0.3951206,0.04140433,-0.7768297,0.3197893,-0.6425032,0.6258375,0.3053718,
1,22,63.375,0.3951206,0.04140433,-0.7768297,0.3197893,-0.6425032,0.6258375,0.3053718,
1,22,63.377,0.3950912,0.04137262,-0.7767833,0.3197513,-0.6425369,0.6258278,0.3053606,
1,22,63.379,0.3950912,0.04137262,-0.7767833,0.3197513,-0.6425369,0.6258278,0.3053606,
1,22,63.381,0.3950912,0.04137262,-0.7767833,0.3197513,-0.6425369,0.6258278,0.3053606,
1,22,63.383,0.3950912,0.04137262,-0.7767833,0.3197513,-0.6425369,0.6258278,0.3053606,
1,22,63.385,0.3951339,0.04142547,-0.7767714,0.3197726,-0.6425336,0.6258602,0.3052789,
1,22,63.387,0.3951339,0.04142547,-0.7767714,0.3197726,-0.6425336,0.6258602,0.3052789,
1,22,63.389,0.3951339,0.04142547,-0.7767714,0.3197726,-0.6425336,0.6258602,0.3052789,
1,22,63.391,0.3951339,0.04142547,-0.7767714,0.3197726,-0.6425336,0.6258602,0.3052789,
1,22,63.393,0.3951542,0.04139051,-0.7768651,0.3198013,-0.6425152,0.6258324,0.3053443,
1,22,63.395,0.3951542,0.04139051,-0.7768651,0.3198013,-0.6425152,0.6258324,0.3053443,
1,22,63.397,0.3951542,0.04139051,-0.7768651,0.3198013,-0.6425152,0.6258324,0.3053443,
1,22,63.399,0.3951542,0.04139051,-0.7768651,0.3198013,-0.6425152,0.6258324,0.3053443,
1,22,63.401,0.3951208,0.04142016,-0.7767755,0.3197714,-0.642532,0.6258596,0.3052846,
1,22,63.403,0.3951208,0.04142016,-0.7767755,0.3197714,-0.642532,0.6258596,0.3052846,
1,22,63.405,0.3951208,0.04142016,-0.7767755,0.3197714,-0.642532,0.6258596,0.3052846,
1,22,63.407,0.3951208,0.04142016,-0.7767755,0.3197714,-0.642532,0.6258596,0.3052846,
1,22,63.409,0.3951636,0.04144153,-0.7768555,0.3198387,-0.6424811,0.6258543,0.3053321,
1,22,63.411,0.3951636,0.04144153,-0.7768555,0.3198387,-0.6424811,0.6258543,0.3053321,
1,22,63.413,0.3951636,0.04144153,-0.7768555,0.3198387,-0.6424811,0.6258543,0.3053321,
1,22,63.415,0.3951636,0.04144153,-0.7768555,0.3198387,-0.6424811,0.6258543,0.3053321,
1,22,63.417,0.3951636,0.04144153,-0.7768555,0.3198387,-0.6424811,0.6258543,0.3053321,
1,22,63.419,0.3951907,0.04142196,-0.7769042,0.3197997,-0.6424756,0.6258309,0.3054325,
1,22,63.421,0.3951907,0.04142196,-0.7769042,0.3197997,-0.6424756,0.6258309,0.3054325,
1,22,63.423,0.3951907,0.04142196,-0.7769042,0.3197997,-0.6424756,0.6258309,0.3054325,
1,22,63.425,0.3951907,0.04142196,-0.7769042,0.3197997,-0.6424756,0.6258309,0.3054325,
1,22,63.427,0.3952522,0.04131247,-0.7770487,0.3198998,-0.6425196,0.6257229,0.3054565,
1,22,63.429,0.3952522,0.04131247,-0.7770487,0.3198998,-0.6425196,0.6257229,0.3054565,
1,22,63.431,0.3952522,0.04131247,-0.7770487,0.3198998,-0.6425196,0.6257229,0.3054565,
1,22,63.433,0.3952522,0.04131247,-0.7770487,0.3198998,-0.6425196,0.6257229,0.3054565,
1,22,63.435,0.3952575,0.04125448,-0.7770742,0.3198956,-0.6425357,0.6256893,0.3054958,
1,22,63.437,0.3952575,0.04125448,-0.7770742,0.3198956,-0.6425357,0.6256893,0.3054958,
1,22,63.439,0.3952575,0.04125448,-0.7770742,0.3198956,-0.6425357,0.6256893,0.3054958,
1,22,63.441,0.3952575,0.04125448,-0.7770742,0.3198956,-0.6425357,0.6256893,0.3054958,
1,22,63.443,0.3951533,0.04131207,-0.7768944,0.3197957,-0.6425452,0.6257749,0.3054049,
1,22,63.445,0.3951533,0.04131207,-0.7768944,0.3197957,-0.6425452,0.6257749,0.3054049,
1,22,63.447,0.3951533,0.04131207,-0.7768944,0.3197957,-0.6425452,0.6257749,0.3054049,
1,22,63.449,0.3951533,0.04131207,-0.7768944,0.3197957,-0.6425452,0.6257749,0.3054049,
1,22,63.451,0.3951101,0.04141962,-0.7768083,0.3197632,-0.6425068,0.625862,0.3053411,
1,22,63.453,0.3951101,0.04141962,-0.7768083,0.3197632,-0.6425068,0.625862,0.3053411,
1,22,63.455,0.3951101,0.04141962,-0.7768083,0.3197632,-0.6425068,0.625862,0.3053411,
1,22,63.457,0.3951101,0.04141962,-0.7768083,0.3197632,-0.6425068,0.625862,0.3053411,
1,22,63.459,0.3951209,0.04147515,-0.776849,0.3197984,-0.6424583,0.6258909,0.3053473,
1,22,63.461,0.3951209,0.04147515,-0.776849,0.3197984,-0.6424583,0.6258909,0.3053473,
1,22,63.463,0.3951209,0.04147515,-0.776849,0.3197984,-0.6424583,0.6258909,0.3053473,
1,22,63.465,0.3951209,0.04147515,-0.776849,0.3197984,-0.6424583,0.6258909,0.3053473,
1,22,63.467,0.3951209,0.04147515,-0.776849,0.3197984,-0.6424583,0.6258909,0.3053473,
1,22,63.469,0.3951118,0.04147727,-0.776863,0.3197642,-0.6424189,0.6258935,0.3054604,
1,22,63.471,0.3951118,0.04147727,-0.776863,0.3197642,-0.6424189,0.6258935,0.3054604,
1,22,63.473,0.3951118,0.04147727,-0.776863,0.3197642,-0.6424189,0.6258935,0.3054604,
1,22,63.475,0.3951118,0.04147727,-0.776863,0.3197642,-0.6424189,0.6258935,0.3054604,
1,22,63.477,0.3951423,0.04149953,-0.7768285,0.3197904,-0.6424761,0.6258956,0.3053086,
1,22,63.479,0.3951423,0.04149953,-0.7768285,0.3197904,-0.6424761,0.6258956,0.3053086,
1,22,63.481,0.3951423,0.04149953,-0.7768285,0.3197904,-0.6424761,0.6258956,0.3053086,
1,22,63.483,0.3951423,0.04149953,-0.7768285,0.3197904,-0.6424761,0.6258956,0.3053086,
1,22,63.485,0.3951425,0.04152579,-0.7768779,0.3198219,-0.6424108,0.6259053,0.3053933,
1,22,63.487,0.3951425,0.04152579,-0.7768779,0.3198219,-0.6424108,0.6259053,0.3053933,
1,22,63.489,0.3951425,0.04152579,-0.7768779,0.3198219,-0.6424108,0.6259053,0.3053933,
1,22,63.491,0.3951425,0.04152579,-0.7768779,0.3198219,-0.6424108,0.6259053,0.3053933,
1,22,63.493,0.3951845,0.04132447,-0.7769567,0.3198752,-0.6425484,0.6257485,0.3053688,
1,22,63.495,0.3951845,0.04132447,-0.7769567,0.3198752,-0.6425484,0.6257485,0.3053688,
1,22,63.497,0.3951845,0.04132447,-0.7769567,0.3198752,-0.6425484,0.6257485,0.3053688,
1,22,63.499,0.3951845,0.04132447,-0.7769567,0.3198752,-0.6425484,0.6257485,0.3053688,
1,22,63.501,0.3951906,0.04122715,-0.7770227,0.3198719,-0.6425278,0.6256828,0.3055508,
1,22,63.503,0.3951906,0.04122715,-0.7770227,0.3198719,-0.6425278,0.6256828,0.3055508,
1,22,63.505,0.3951906,0.04122715,-0.7770227,0.3198719,-0.6425278,0.6256828,0.3055508,
1,22,63.507,0.3951906,0.04122715,-0.7770227,0.3198719,-0.6425278,0.6256828,0.3055508,
1,22,63.509,0.3952103,0.04124437,-0.7769986,0.3198256,-0.6425375,0.625719,0.3055044,
1,22,63.511,0.3952103,0.04124437,-0.7769986,0.3198256,-0.6425375,0.625719,0.3055044,
1,22,63.513,0.3952103,0.04124437,-0.7769986,0.3198256,-0.6425375,0.625719,0.3055044,
1,22,63.515,0.3952103,0.04124437,-0.7769986,0.3198256,-0.6425375,0.625719,0.3055044,
1,22,63.517,0.3952103,0.04124437,-0.7769986,0.3198256,-0.6425375,0.625719,0.3055044,
1,22,63.519,0.395165,0.04131238,-0.776877,0.3198,-0.6425701,0.6257719,0.3053545,
1,22,63.521,0.395165,0.04131238,-0.776877,0.3198,-0.6425701,0.6257719,0.3053545,
1,22,63.523,0.395165,0.04131238,-0.776877,0.3198,-0.6425701,0.6257719,0.3053545,
1,22,63.525,0.395165,0.04131238,-0.776877,0.3198,-0.6425701,0.6257719,0.3053545,
1,22,63.527,0.3951165,0.04142809,-0.7767742,0.3197635,-0.6425274,0.6258652,0.3052913,
1,22,63.529,0.3951165,0.04142809,-0.7767742,0.3197635,-0.6425274,0.6258652,0.3052913,
1,22,63.531,0.3951165,0.04142809,-0.7767742,0.3197635,-0.6425274,0.6258652,0.3052913,
1,22,63.533,0.3951165,0.04142809,-0.7767742,0.3197635,-0.6425274,0.6258652,0.3052913,
1,22,63.535,0.395085,0.04138111,-0.776791,0.3197619,-0.6425325,0.6258309,0.305352,
1,22,63.537,0.395085,0.04138111,-0.776791,0.3197619,-0.6425325,0.6258309,0.305352,
1,22,63.539,0.395085,0.04138111,-0.776791,0.3197619,-0.6425325,0.6258309,0.305352,
1,22,63.541,0.395085,0.04138111,-0.776791,0.3197619,-0.6425325,0.6258309,0.305352,
1,22,63.543,0.395118,0.04138068,-0.7767981,0.3197804,-0.6425527,0.6258298,0.3052927,
1,22,63.545,0.395118,0.04138068,-0.7767981,0.3197804,-0.6425527,0.6258298,0.3052927,
1,22,63.547,0.395118,0.04138068,-0.7767981,0.3197804,-0.6425527,0.6258298,0.3052927,
1,22,63.549,0.395118,0.04138068,-0.7767981,0.3197804,-0.6425527,0.6258298,0.3052927,
1,22,63.551,0.3950973,0.04142736,-0.7767946,0.3197612,-0.6425092,0.625858,0.3053465,
1,22,63.553,0.3950973,0.04142736,-0.7767946,0.3197612,-0.6425092,0.625858,0.3053465,
1,22,63.555,0.3950973,0.04142736,-0.7767946,0.3197612,-0.6425092,0.625858,0.3053465,
1,22,63.557,0.3950973,0.04142736,-0.7767946,0.3197612,-0.6425092,0.625858,0.3053465,
1,22,63.559,0.3950898,0.04136544,-0.776811,0.3197251,-0.6425152,0.6258283,0.3054328,
1,22,63.561,0.3950898,0.04136544,-0.776811,0.3197251,-0.6425152,0.6258283,0.3054328,
1,22,63.563,0.3950898,0.04136544,-0.776811,0.3197251,-0.6425152,0.6258283,0.3054328,
1,22,63.565,0.3950898,0.04136544,-0.776811,0.3197251,-0.6425152,0.6258283,0.3054328,
1,22,63.567,0.3950898,0.04136544,-0.776811,0.3197251,-0.6425152,0.6258283,0.3054328,
1,22,63.569,0.3951164,0.04138657,-0.7768095,0.3197432,-0.642509,0.6258528,0.3053765,
1,22,63.571,0.3951164,0.04138657,-0.7768095,0.3197432,-0.642509,0.6258528,0.3053765,
1,22,63.573,0.3951164,0.04138657,-0.7768095,0.3197432,-0.642509,0.6258528,0.3053765,
1,22,63.575,0.3951164,0.04138657,-0.7768095,0.3197432,-0.642509,0.6258528,0.3053765,
1,22,63.577,0.3950772,0.0413799,-0.7767839,0.3197296,-0.6425258,0.6258437,0.3053741,
1,22,63.579,0.3950772,0.0413799,-0.7767839,0.3197296,-0.6425258,0.6258437,0.3053741,
1,22,63.581,0.3950772,0.0413799,-0.7767839,0.3197296,-0.6425258,0.6258437,0.3053741,
1,22,63.583,0.3950772,0.0413799,-0.7767839,0.3197296,-0.6425258,0.6258437,0.3053741,
1,22,63.585,0.3951134,0.04143238,-0.7768009,0.3197377,-0.6424668,0.6258796,0.305416,
1,22,63.587,0.3951134,0.04143238,-0.7768009,0.3197377,-0.6424668,0.6258796,0.305416,
1,22,63.589,0.3951134,0.04143238,-0.7768009,0.3197377,-0.6424668,0.6258796,0.305416,
1,22,63.591,0.3951134,0.04143238,-0.7768009,0.3197377,-0.6424668,0.6258796,0.305416,
1,22,63.593,0.3950818,0.04136619,-0.7767739,0.319709,-0.6425553,0.6258298,0.3053621,
1,22,63.595,0.3950818,0.04136619,-0.7767739,0.319709,-0.6425553,0.6258298,0.3053621,
1,22,63.597,0.3950818,0.04136619,-0.7767739,0.319709,-0.6425553,0.6258298,0.3053621,
1,22,63.599,0.3950818,0.04136619,-0.7767739,0.319709,-0.6425553,0.6258298,0.3053621,
1,22,63.601,0.3951114,0.04138809,-0.7767503,0.3197795,-0.6425888,0.6258302,0.3052169,
1,22,63.603,0.3951114,0.04138809,-0.7767503,0.3197795,-0.6425888,0.6258302,0.3052169,
1,22,63.605,0.3951114,0.04138809,-0.7767503,0.3197795,-0.6425888,0.6258302,0.3052169,
1,22,63.607,0.3951114,0.04138809,-0.7767503,0.3197795,-0.6425888,0.6258302,0.3052169,
1,22,63.609,0.3951435,0.04129255,-0.7768914,0.3198364,-0.6425761,0.6257285,0.3053924,
1,22,63.611,0.3951435,0.04129255,-0.7768914,0.3198364,-0.6425761,0.6257285,0.3053924,
1,22,63.613,0.3951435,0.04129255,-0.7768914,0.3198364,-0.6425761,0.6257285,0.3053924,
1,22,63.615,0.3951435,0.04129255,-0.7768914,0.3198364,-0.6425761,0.6257285,0.3053924,
1,22,63.617,0.3951435,0.04129255,-0.7768914,0.3198364,-0.6425761,0.6257285,0.3053924,
1,22,63.619,0.3951138,0.04132333,-0.7768257,0.3197845,-0.6425707,0.6257878,0.3053369,
1,22,63.621,0.3951138,0.04132333,-0.7768257,0.3197845,-0.6425707,0.6257878,0.3053369,
1,22,63.623,0.3951138,0.04132333,-0.7768257,0.3197845,-0.6425707,0.6257878,0.3053369,
1,22,63.625,0.3951138,0.04132333,-0.7768257,0.3197845,-0.6425707,0.6257878,0.3053369,
1,22,63.627,0.395125,0.04145418,-0.7767971,0.3198226,-0.6425279,0.6258517,0.3052558,
1,22,63.629,0.395125,0.04145418,-0.7767971,0.3198226,-0.6425279,0.6258517,0.3052558,
1,22,63.631,0.395125,0.04145418,-0.7767971,0.3198226,-0.6425279,0.6258517,0.3052558,
1,22,63.633,0.395125,0.04145418,-0.7767971,0.3198226,-0.6425279,0.6258517,0.3052558,
1,22,63.635,0.3950952,0.04140488,-0.7768122,0.3197721,-0.6425241,0.6258491,0.305322,
1,22,63.637,0.3950952,0.04140488,-0.7768122,0.3197721,-0.6425241,0.6258491,0.305322,
1,22,63.639,0.3950952,0.04140488,-0.7768122,0.3197721,-0.6425241,0.6258491,0.305322,
1,22,63.641,0.3950952,0.04140488,-0.7768122,0.3197721,-0.6425241,0.6258491,0.305322,
1,22,63.643,0.3951072,0.04137942,-0.7767917,0.3197455,-0.6425468,0.6258461,0.3053085,
1,22,63.645,0.3951072,0.04137942,-0.7767917,0.3197455,-0.6425468,0.6258461,0.3053085,
1,22,63.647,0.3951072,0.04137942,-0.7767917,0.3197455,-0.6425468,0.6258461,0.3053085,
1,22,63.649,0.3951072,0.04137942,-0.7767917,0.3197455,-0.6425468,0.6258461,0.3053085,
1,22,63.651,0.3950797,0.04138832,-0.7768143,0.3197287,-0.6425062,0.6258496,0.3054042,
1,22,63.653,0.3950797,0.04138832,-0.7768143,0.3197287,-0.6425062,0.6258496,0.3054042,
1,22,63.655,0.3950797,0.04138832,-0.7768143,0.3197287,-0.6425062,0.6258496,0.3054042,
1,22,63.657,0.3950797,0.04138832,-0.7768143,0.3197287,-0.6425062,0.6258496,0.3054042,
1,22,63.659,0.3951043,0.04143964,-0.7768213,0.3197653,-0.6424904,0.6258795,0.3053377,
1,22,63.661,0.3951043,0.04143964,-0.7768213,0.3197653,-0.6424904,0.6258795,0.3053377,
1,22,63.663,0.3951043,0.04143964,-0.7768213,0.3197653,-0.6424904,0.6258795,0.3053377,
1,22,63.665,0.3951043,0.04143964,-0.7768213,0.3197653,-0.6424904,0.6258795,0.3053377,
1,22,63.667,0.3951043,0.04143964,-0.7768213,0.3197653,-0.6424904,0.6258795,0.3053377,
1,22,63.669,0.3951146,0.04135354,-0.7768546,0.319799,-0.6425462,0.6258022,0.3053435,
1,22,63.671,0.3951146,0.04135354,-0.7768546,0.319799,-0.6425462,0.6258022,0.3053435,
1,22,63.673,0.3951146,0.04135354,-0.7768546,0.319799,-0.6425462,0.6258022,0.3053435,
1,22,63.675,0.3951146,0.04135354,-0.7768546,0.319799,-0.6425462,0.6258022,0.3053435,
1,22,63.677,0.395125,0.04140317,-0.7768283,0.3198164,-0.6425454,0.6258138,0.3053032,
1,22,63.679,0.395125,0.04140317,-0.7768283,0.3198164,-0.6425454,0.6258138,0.3053032,
1,22,63.681,0.395125,0.04140317,-0.7768283,0.3198164,-0.6425454,0.6258138,0.3053032,
1,22,63.683,0.395125,0.04140317,-0.7768283,0.3198164,-0.6425454,0.6258138,0.3053032,
1,22,63.685,0.3950737,0.04139188,-0.7767905,0.3197644,-0.6425512,0.6258334,0.3053053,
1,22,63.687,0.3950737,0.04139188,-0.7767905,0.3197644,-0.6425512,0.6258334,0.3053053,
1,22,63.689,0.3950737,0.04139188,-0.7767905,0.3197644,-0.6425512,0.6258334,0.3053053,
1,22,63.691,0.3950737,0.04139188,-0.7767905,0.3197644,-0.6425512,0.6258334,0.3053053,
1,22,63.693,0.3951229,0.04140023,-0.7768601,0.3198023,-0.6425037,0.6258221,0.3053885,
1,22,63.695,0.3951229,0.04140023,-0.7768601,0.3198023,-0.6425037,0.6258221,0.3053885,
1,22,63.697,0.3951229,0.04140023,-0.7768601,0.3198023,-0.6425037,0.6258221,0.3053885,
1,22,63.699,0.3951229,0.04140023,-0.7768601,0.3198023,-0.6425037,0.6258221,0.3053885,
1,22,63.701,0.3951373,0.04145268,-0.7768241,0.3197788,-0.6424838,0.6258727,0.3053515,
1,22,63.703,0.3951373,0.04145268,-0.7768241,0.3197788,-0.6424838,0.6258727,0.3053515,
1,22,63.705,0.3951373,0.04145268,-0.7768241,0.3197788,-0.6424838,0.6258727,0.3053515,
1,22,63.707,0.3951373,0.04145268,-0.7768241,0.3197788,-0.6424838,0.6258727,0.3053515,
1,22,63.709,0.3950716,0.04141852,-0.7767813,0.3197345,-0.6424875,0.625851,0.3054345,
1,22,63.711,0.3950716,0.04141852,-0.7767813,0.3197345,-0.6424875,0.625851,0.3054345,
1,22,63.713,0.3950716,0.04141852,-0.7767813,0.3197345,-0.6424875,0.625851,0.3054345,
1,22,63.715,0.3950716,0.04141852,-0.7767813,0.3197345,-0.6424875,0.625851,0.3054345,
1,22,63.717,0.3950716,0.04141852,-0.7767813,0.3197345,-0.6424875,0.625851,0.3054345,
1,22,63.719,0.3951306,0.04140896,-0.776823,0.3197305,-0.6424779,0.6258645,0.3054313,
1,22,63.721,0.3951306,0.04140896,-0.776823,0.3197305,-0.6424779,0.6258645,0.3054313,
1,22,63.723,0.3951306,0.04140896,-0.776823,0.3197305,-0.6424779,0.6258645,0.3054313,
1,22,63.725,0.3951306,0.04140896,-0.776823,0.3197305,-0.6424779,0.6258645,0.3054313,
1,22,63.727,0.3951427,0.04134736,-0.7768615,0.3198039,-0.6425378,0.6257923,0.3053764,
1,22,63.729,0.3951427,0.04134736,-0.7768615,0.3198039,-0.6425378,0.6257923,0.3053764,
1,22,63.731,0.3951427,0.04134736,-0.7768615,0.3198039,-0.6425378,0.6257923,0.3053764,
1,22,63.733,0.3951427,0.04134736,-0.7768615,0.3198039,-0.6425378,0.6257923,0.3053764,
1,22,63.735,0.3951782,0.04144346,-0.7768766,0.3198122,-0.642472,0.6258612,0.3053646,
1,22,63.737,0.3951782,0.04144346,-0.7768766,0.3198122,-0.642472,0.6258612,0.3053646,
1,22,63.739,0.3951782,0.04144346,-0.7768766,0.3198122,-0.642472,0.6258612,0.3053646,
1,22,63.741,0.3951782,0.04144346,-0.7768766,0.3198122,-0.642472,0.6258612,0.3053646,
1,22,63.743,0.3951117,0.0414442,-0.7767935,0.3197519,-0.6424942,0.6258926,0.3053168,
1,22,63.745,0.3951117,0.0414442,-0.7767935,0.3197519,-0.6424942,0.6258926,0.3053168,
1,22,63.747,0.3951117,0.0414442,-0.7767935,0.3197519,-0.6424942,0.6258926,0.3053168,
1,22,63.749,0.3951117,0.0414442,-0.7767935,0.3197519,-0.6424942,0.6258926,0.3053168,
1,22,63.751,0.3950961,0.04145977,-0.7767591,0.3197606,-0.6424959,0.6259033,0.3052822,
1,22,63.753,0.3950961,0.04145977,-0.7767591,0.3197606,-0.6424959,0.6259033,0.3052822,
1,22,63.755,0.3950961,0.04145977,-0.7767591,0.3197606,-0.6424959,0.6259033,0.3052822,
1,22,63.757,0.3950961,0.04145977,-0.7767591,0.3197606,-0.6424959,0.6259033,0.3052822,
1,22,63.759,0.3951081,0.04143891,-0.7767804,0.3197551,-0.6425097,0.6258836,0.3052993,
1,22,63.761,0.3951081,0.04143891,-0.7767804,0.3197551,-0.6425097,0.6258836,0.3052993,
1,22,63.763,0.3951081,0.04143891,-0.7767804,0.3197551,-0.6425097,0.6258836,0.3052993,
1,22,63.765,0.3951081,0.04143891,-0.7767804,0.3197551,-0.6425097,0.6258836,0.3052993,
1,22,63.767,0.3951081,0.04143891,-0.7767804,0.3197551,-0.6425097,0.6258836,0.3052993,
1,22,63.769,0.3951179,0.04139652,-0.7768102,0.3197493,-0.6425244,0.6258587,0.3053256,
1,22,63.771,0.3951179,0.04139652,-0.7768102,0.3197493,-0.6425244,0.6258587,0.3053256,
1,22,63.773,0.3951179,0.04139652,-0.7768102,0.3197493,-0.6425244,0.6258587,0.3053256,
1,22,63.775,0.3951179,0.04139652,-0.7768102,0.3197493,-0.6425244,0.6258587,0.3053256,
1,22,63.777,0.395072,0.04138622,-0.7767573,0.319748,-0.6425598,0.6258436,0.3052835,
1,22,63.779,0.395072,0.04138622,-0.7767573,0.319748,-0.6425598,0.6258436,0.3052835,
1,22,63.781,0.395072,0.04138622,-0.7767573,0.319748,-0.6425598,0.6258436,0.3052835,
1,22,63.783,0.395072,0.04138622,-0.7767573,0.319748,-0.6425598,0.6258436,0.3052835,
1,22,63.785,0.3950521,0.04141285,-0.7767452,0.3197179,-0.6425184,0.6258718,0.305344,
1,22,63.787,0.3950521,0.04141285,-0.7767452,0.3197179,-0.6425184,0.6258718,0.305344,
1,22,63.789,0.3950521,0.04141285,-0.7767452,0.3197179,-0.6425184,0.6258718,0.305344,
1,22,63.791,0.3950521,0.04141285,-0.7767452,0.3197179,-0.6425184,0.6258718,0.305344,
1,22,63.793,0.3951082,0.04142564,-0.776781,0.3197682,-0.64251,0.6258757,0.3053014,
1,22,63.795,0.3951082,0.04142564,-0.776781,0.3197682,-0.64251,0.6258757,0.3053014,
1,22,63.797,0.3951082,0.04142564,-0.776781,0.3197682,-0.64251,0.6258757,0.3053014,
1,22,63.799,0.3951082,0.04142564,-0.776781,0.3197682,-0.64251,0.6258757,0.3053014,
1,22,63.801,0.3950956,0.04144005,-0.7767392,0.3197464,-0.6425281,0.6258866,0.3052636,
1,22,63.803,0.3950956,0.04144005,-0.7767392,0.3197464,-0.6425281,0.6258866,0.3052636,
1,22,63.805,0.3950956,0.04144005,-0.7767392,0.3197464,-0.6425281,0.6258866,0.3052636,
1,22,63.807,0.3950956,0.04144005,-0.7767392,0.3197464,-0.6425281,0.6258866,0.3052636,
1,22,63.809,0.3950722,0.04136814,-0.7767365,0.3197152,-0.6425601,0.6258557,0.3052925,
1,22,63.811,0.3950722,0.04136814,-0.7767365,0.3197152,-0.6425601,0.6258557,0.3052925,
1,22,63.813,0.3950722,0.04136814,-0.7767365,0.3197152,-0.6425601,0.6258557,0.3052925,
1,22,63.815,0.3950722,0.04136814,-0.7767365,0.3197152,-0.6425601,0.6258557,0.3052925,
1,22,63.817,0.3950722,0.04136814,-0.7767365,0.3197152,-0.6425601,0.6258557,0.3052925,
1,22,63.819,0.3950482,0.04137553,-0.7767525,0.3197333,-0.6425365,0.6258453,0.3053442,
1,22,63.821,0.3950482,0.04137553,-0.7767525,0.3197333,-0.6425365,0.6258453,0.3053442,
1,22,63.823,0.3950482,0.04137553,-0.7767525,0.3197333,-0.6425365,0.6258453,0.3053442,
1,22,63.825,0.3950482,0.04137553,-0.7767525,0.3197333,-0.6425365,0.6258453,0.3053442,
1,22,63.827,0.3951035,0.04135421,-0.7767993,0.3197554,-0.642536,0.6258332,0.3053471,
1,22,63.829,0.3951035,0.04135421,-0.7767993,0.3197554,-0.642536,0.6258332,0.3053471,
1,22,63.831,0.3951035,0.04135421,-0.7767993,0.3197554,-0.642536,0.6258332,0.3053471,
1,22,63.833,0.3951035,0.04135421,-0.7767993,0.3197554,-0.642536,0.6258332,0.3053471,
1,22,63.835,0.3950743,0.04139802,-0.776751,0.3197507,-0.642535,0.6258698,0.3052791,
1,22,63.837,0.3950743,0.04139802,-0.776751,0.3197507,-0.642535,0.6258698,0.3052791,
1,22,63.839,0.3950743,0.04139802,-0.776751,0.3197507,-0.642535,0.6258698,0.3052791,
1,22,63.841,0.3950743,0.04139802,-0.776751,0.3197507,-0.642535,0.6258698,0.3052791,
1,22,63.843,0.3950862,0.04142139,-0.7767247,0.3197635,-0.6425453,0.6258671,0.3052494,
1,22,63.845,0.3950862,0.04142139,-0.7767247,0.3197635,-0.6425453,0.6258671,0.3052494,
1,22,63.847,0.3950862,0.04142139,-0.7767247,0.3197635,-0.6425453,0.6258671,0.3052494,
1,22,63.849,0.3950862,0.04142139,-0.7767247,0.3197635,-0.6425453,0.6258671,0.3052494,
1,22,63.851,0.3951204,0.04138226,-0.7768213,0.3197789,-0.642498,0.6258316,0.3054057,
1,22,63.853,0.3951204,0.04138226,-0.7768213,0.3197789,-0.642498,0.6258316,0.3054057,
1,22,63.855,0.3951204,0.04138226,-0.7768213,0.3197789,-0.642498,0.6258316,0.3054057,
1,22,63.857,0.3951204,0.04138226,-0.7768213,0.3197789,-0.642498,0.6258316,0.3054057,
1,22,63.859,0.3951261,0.04137079,-0.776822,0.3197567,-0.6425163,0.625845,0.305363,
1,22,63.861,0.3951261,0.04137079,-0.776822,0.3197567,-0.6425163,0.625845,0.305363,
1,22,63.863,0.3951261,0.04137079,-0.776822,0.3197567,-0.6425163,0.625845,0.305363,
1,22,63.865,0.3951261,0.04137079,-0.776822,0.3197567,-0.6425163,0.625845,0.305363,
1,22,63.867,0.3951261,0.04137079,-0.776822,0.3197567,-0.6425163,0.625845,0.305363,
1,22,63.869,0.3950921,0.04146589,-0.7767408,0.3197215,-0.6424938,0.6259178,0.3052979,
1,22,63.871,0.3950921,0.04146589,-0.7767408,0.3197215,-0.6424938,0.6259178,0.3052979,
1,22,63.873,0.3950921,0.04146589,-0.7767408,0.3197215,-0.6424938,0.6259178,0.3052979,
1,22,63.875,0.3950921,0.04146589,-0.7767408,0.3197215,-0.6424938,0.6259178,0.3052979,
1,22,63.877,0.3951572,0.0412453,-0.7769111,0.3198062,-0.6425973,0.6257241,0.3053884,
1,22,63.879,0.3951572,0.0412453,-0.7769111,0.3198062,-0.6425973,0.6257241,0.3053884,
1,22,63.881,0.3951572,0.0412453,-0.7769111,0.3198062,-0.6425973,0.6257241,0.3053884,
1,22,63.883,0.3951572,0.0412453,-0.7769111,0.3198062,-0.6425973,0.6257241,0.3053884,
1,22,63.885,0.3951657,0.04139053,-0.7768863,0.31979,-0.6424745,0.6258305,0.3054455,
1,22,63.887,0.3951657,0.04139053,-0.7768863,0.31979,-0.6424745,0.6258305,0.3054455,
1,22,63.889,0.3951657,0.04139053,-0.7768863,0.31979,-0.6424745,0.6258305,0.3054455,
1,22,63.891,0.3951657,0.04139053,-0.7768863,0.31979,-0.6424745,0.6258305,0.3054455,
1,22,63.893,0.3951478,0.04139224,-0.7768691,0.3197836,-0.6424611,0.6258355,0.3054704,
1,22,63.895,0.3951478,0.04139224,-0.7768691,0.3197836,-0.6424611,0.6258355,0.3054704,
1,22,63.897,0.3951478,0.04139224,-0.7768691,0.3197836,-0.6424611,0.6258355,0.3054704,
1,22,63.899,0.3951478,0.04139224,-0.7768691,0.3197836,-0.6424611,0.6258355,0.3054704,
1,22,63.901,0.3951378,0.04134212,-0.7768612,0.3197686,-0.6425332,0.6258122,0.305382,
1,22,63.903,0.3951378,0.04134212,-0.7768612,0.3197686,-0.6425332,0.6258122,0.305382,
1,22,63.905,0.3951378,0.04134212,-0.7768612,0.3197686,-0.6425332,0.6258122,0.305382,
1,22,63.907,0.3951378,0.04134212,-0.7768612,0.3197686,-0.6425332,0.6258122,0.305382,
1,22,63.909,0.3951197,0.04142166,-0.7768052,0.3197835,-0.6425328,0.6258489,0.3052922,
1,22,63.911,0.3951197,0.04142166,-0.7768052,0.3197835,-0.6425328,0.6258489,0.3052922,
1,22,63.913,0.3951197,0.04142166,-0.7768052,0.3197835,-0.6425328,0.6258489,0.3052922,
1,22,63.915,0.3951197,0.04142166,-0.7768052,0.3197835,-0.6425328,0.6258489,0.3052922,
1,22,63.917,0.3951197,0.04142166,-0.7768052,0.3197835,-0.6425328,0.6258489,0.3052922,
1,22,63.919,0.3951037,0.0414471,-0.7767742,0.319762,-0.6425139,0.6258839,0.3052829,
1,22,63.921,0.3951037,0.0414471,-0.7767742,0.319762,-0.6425139,0.6258839,0.3052829,
1,22,63.923,0.3951037,0.0414471,-0.7767742,0.319762,-0.6425139,0.6258839,0.3052829,
1,22,63.925,0.3951037,0.0414471,-0.7767742,0.319762,-0.6425139,0.6258839,0.3052829,
1,22,63.927,0.3951309,0.04132112,-0.7768565,0.3197898,-0.6425525,0.6257771,0.3053912,
1,22,63.929,0.3951309,0.04132112,-0.7768565,0.3197898,-0.6425525,0.6257771,0.3053912,
1,22,63.931,0.3951309,0.04132112,-0.7768565,0.3197898,-0.6425525,0.6257771,0.3053912,
1,22,63.933,0.3951309,0.04132112,-0.7768565,0.3197898,-0.6425525,0.6257771,0.3053912,
1,22,63.935,0.3951646,0.04137174,-0.7768855,0.3198371,-0.6425181,0.6257855,0.3053972,
1,22,63.937,0.3951646,0.04137174,-0.7768855,0.3198371,-0.6425181,0.6257855,0.3053972,
1,22,63.939,0.3951646,0.04137174,-0.7768855,0.3198371,-0.6425181,0.6257855,0.3053972,
1,22,63.941,0.3951646,0.04137174,-0.7768855,0.3198371,-0.6425181,0.6257855,0.3053972,
1,22,63.943,0.3951182,0.04141043,-0.7768288,0.3197981,-0.64248,0.6258286,0.3054299,
1,22,63.945,0.3951182,0.04141043,-0.7768288,0.3197981,-0.64248,0.6258286,0.3054299,
1,22,63.947,0.3951182,0.04141043,-0.7768288,0.3197981,-0.64248,0.6258286,0.3054299,
1,22,63.949,0.3951182,0.04141043,-0.7768288,0.3197981,-0.64248,0.6258286,0.3054299,
1,22,63.951,0.3951244,0.04141864,-0.7768107,0.3197657,-0.6425062,0.6258708,0.3053217,
1,22,63.953,0.3951244,0.04141864,-0.7768107,0.3197657,-0.6425062,0.6258708,0.3053217,
1,22,63.955,0.3951244,0.04141864,-0.7768107,0.3197657,-0.6425062,0.6258708,0.3053217,
1,22,63.957,0.3951244,0.04141864,-0.7768107,0.3197657,-0.6425062,0.6258708,0.3053217,
1,22,63.959,0.3951377,0.04141225,-0.7768406,0.3197809,-0.6424901,0.6258668,0.3053479,
1,22,63.961,0.3951377,0.04141225,-0.7768406,0.3197809,-0.6424901,0.6258668,0.3053479,
1,22,63.963,0.3951377,0.04141225,-0.7768406,0.3197809,-0.6424901,0.6258668,0.3053479,
1,22,63.965,0.3951377,0.04141225,-0.7768406,0.3197809,-0.6424901,0.6258668,0.3053479,
1,22,63.967,0.3951377,0.04141225,-0.7768406,0.3197809,-0.6424901,0.6258668,0.3053479,
1,22,63.969,0.3951112,0.04141697,-0.7768221,0.3197706,-0.642474,0.6258649,0.3053966,
1,22,63.971,0.3951112,0.04141697,-0.7768221,0.3197706,-0.642474,0.6258649,0.3053966,
1,22,63.973,0.3951112,0.04141697,-0.7768221,0.3197706,-0.642474,0.6258649,0.3053966,
1,22,63.975,0.3951112,0.04141697,-0.7768221,0.3197706,-0.642474,0.6258649,0.3053966,
1,22,63.977,0.3950893,0.04136918,-0.7767731,0.3197344,-0.6425484,0.625855,0.3052982,
1,22,63.979,0.3950893,0.04136918,-0.7767731,0.3197344,-0.6425484,0.625855,0.3052982,
1,22,63.981,0.3950893,0.04136918,-0.7767731,0.3197344,-0.6425484,0.625855,0.3052982,
1,22,63.983,0.3950893,0.04136918,-0.7767731,0.3197344,-0.6425484,0.625855,0.3052982,
1,22,63.985,0.3951377,0.04132344,-0.7768466,0.3197762,-0.6425506,0.6258131,0.3053356,
1,22,63.987,0.3951377,0.04132344,-0.7768466,0.3197762,-0.6425506,0.6258131,0.3053356,
1,22,63.989,0.3951377,0.04132344,-0.7768466,0.3197762,-0.6425506,0.6258131,0.3053356,
1,22,63.991,0.3951377,0.04132344,-0.7768466,0.3197762,-0.6425506,0.6258131,0.3053356,
1,22,63.993,0.395141,0.04131501,-0.7768779,0.3198156,-0.6425555,0.6257802,0.3053516,
1,22,63.995,0.395141,0.04131501,-0.7768779,0.3198156,-0.6425555,0.6257802,0.3053516,
1,22,63.997,0.395141,0.04131501,-0.7768779,0.3198156,-0.6425555,0.6257802,0.3053516,
1,22,63.999,0.395141,0.04131501,-0.7768779,0.3198156,-0.6425555,0.6257802,0.3053516,
1,22,64.001,0.3951313,0.04128553,-0.7768652,0.3197996,-0.6425739,0.6257557,0.3053799,
1,22,64.003,0.3951313,0.04128553,-0.7768652,0.3197996,-0.6425739,0.6257557,0.3053799,
1,22,64.005,0.3951313,0.04128553,-0.7768652,0.3197996,-0.6425739,0.6257557,0.3053799,
1,22,64.007,0.3951313,0.04128553,-0.7768652,0.3197996,-0.6425739,0.6257557,0.3053799,
1,22,64.009,0.3951201,0.04143653,-0.776792,0.3197899,-0.6425284,0.6258649,0.3052619,
1,22,64.011,0.3951201,0.04143653,-0.776792,0.3197899,-0.6425284,0.6258649,0.3052619,
1,22,64.013,0.3951201,0.04143653,-0.776792,0.3197899,-0.6425284,0.6258649,0.3052619,
1,22,64.015,0.3951201,0.04143653,-0.776792,0.3197899,-0.6425284,0.6258649,0.3052619,
1,22,64.017,0.3951201,0.04143653,-0.776792,0.3197899,-0.6425284,0.6258649,0.3052619,
1,22,64.019,0.3951156,0.04138272,-0.7768165,0.3197742,-0.6425325,0.6258475,0.3053054,
1,22,64.021,0.3951156,0.04138272,-0.7768165,0.3197742,-0.6425325,0.6258475,0.3053054,
1,22,64.023,0.3951156,0.04138272,-0.7768165,0.3197742,-0.6425325,0.6258475,0.3053054,
1,22,64.025,0.3951156,0.04138272,-0.7768165,0.3197742,-0.6425325,0.6258475,0.3053054,
1,22,64.027,0.3951079,0.04135661,-0.77681,0.3197849,-0.6425472,0.6258187,0.3053224,
1,22,64.029,0.3951079,0.04135661,-0.77681,0.3197849,-0.6425472,0.6258187,0.3053224,
1,22,64.031,0.3951079,0.04135661,-0.77681,0.3197849,-0.6425472,0.6258187,0.3053224,
1,22,64.033,0.3951079,0.04135661,-0.77681,0.3197849,-0.6425472,0.6258187,0.3053224,
1,22,64.035,0.395167,0.04132686,-0.7768795,0.3198034,-0.6425372,0.6257972,0.305368,
1,22,64.037,0.395167,0.04132686,-0.7768795,0.3198034,-0.6425372,0.6257972,0.305368,
1,22,64.039,0.395167,0.04132686,-0.7768795,0.3198034,-0.6425372,0.6257972,0.305368,
1,22,64.041,0.395167,0.04132686,-0.7768795,0.3198034,-0.6425372,0.6257972,0.305368,
1,22,64.043,0.3951666,0.04133835,-0.7768848,0.3197922,-0.6425273,0.6258092,0.3053759,
1,22,64.045,0.3951666,0.04133835,-0.7768848,0.3197922,-0.6425273,0.6258092,0.3053759,
1,22,64.047,0.3951666,0.04133835,-0.7768848,0.3197922,-0.6425273,0.6258092,0.3053759,
1,22,64.049,0.3951666,0.04133835,-0.7768848,0.3197922,-0.6425273,0.6258092,0.3053759,
1,22,64.051,0.3951878,0.04129975,-0.7769248,0.3198424,-0.6425477,0.6257581,0.3053855,
1,22,64.053,0.3951878,0.04129975,-0.7769248,0.3198424,-0.6425477,0.6257581,0.3053855,
1,22,64.055,0.3951878,0.04129975,-0.7769248,0.3198424,-0.6425477,0.6257581,0.3053855,
1,22,64.057,0.3951878,0.04129975,-0.7769248,0.3198424,-0.6425477,0.6257581,0.3053855,
1,22,64.059,0.3951359,0.04139558,-0.7768751,0.3198062,-0.6424792,0.6258332,0.3054134,
1,22,64.061,0.3951359,0.04139558,-0.7768751,0.3198062,-0.6424792,0.6258332,0.3054134,
1,22,64.063,0.3951359,0.04139558,-0.7768751,0.3198062,-0.6424792,0.6258332,0.3054134,
1,22,64.065,0.3951359,0.04139558,-0.7768751,0.3198062,-0.6424792,0.6258332,0.3054134,
1,22,64.067,0.3951359,0.04139558,-0.7768751,0.3198062,-0.6424792,0.6258332,0.3054134,
1,22,64.069,0.3951609,0.04136835,-0.7768531,0.3198045,-0.6425288,0.6258271,0.3053233,
1,22,64.071,0.3951609,0.04136835,-0.7768531,0.3198045,-0.6425288,0.6258271,0.3053233,
1,22,64.073,0.3951609,0.04136835,-0.7768531,0.3198045,-0.6425288,0.6258271,0.3053233,
1,22,64.075,0.3951609,0.04136835,-0.7768531,0.3198045,-0.6425288,0.6258271,0.3053233,
1,22,64.077,0.3951303,0.04134256,-0.7768794,0.3197919,-0.6425237,0.6258183,0.3053654,
1,22,64.079,0.3951303,0.04134256,-0.7768794,0.3197919,-0.6425237,0.6258183,0.3053654,
1,22,64.081,0.3951303,0.04134256,-0.7768794,0.3197919,-0.6425237,0.6258183,0.3053654,
1,22,64.083,0.3951303,0.04134256,-0.7768794,0.3197919,-0.6425237,0.6258183,0.3053654,
1,22,64.085,0.3951764,0.04135722,-0.7769074,0.3198193,-0.6425116,0.6258069,0.3053854,
1,22,64.087,0.3951764,0.04135722,-0.7769074,0.3198193,-0.6425116,0.6258069,0.3053854,
1,22,64.089,0.3951764,0.04135722,-0.7769074,0.3198193,-0.6425116,0.6258069,0.3053854,
1,22,64.091,0.3951764,0.04135722,-0.7769074,0.3198193,-0.6425116,0.6258069,0.3053854,
1,22,64.093,0.3951319,0.0413475,-0.7768739,0.3197933,-0.6425157,0.6257963,0.3054256,
1,22,64.095,0.3951319,0.0413475,-0.7768739,0.3197933,-0.6425157,0.6257963,0.3054256,
1,22,64.097,0.3951319,0.0413475,-0.7768739,0.3197933,-0.6425157,0.6257963,0.3054256,
1,22,64.099,0.3951319,0.0413475,-0.7768739,0.3197933,-0.6425157,0.6257963,0.3054256,
1,22,64.101,0.3951152,0.04137914,-0.7768158,0.3197791,-0.6425579,0.6258247,0.3052936,
1,22,64.103,0.3951152,0.04137914,-0.7768158,0.3197791,-0.6425579,0.6258247,0.3052936,
1,22,64.105,0.3951152,0.04137914,-0.7768158,0.3197791,-0.6425579,0.6258247,0.3052936,
1,22,64.107,0.3951152,0.04137914,-0.7768158,0.3197791,-0.6425579,0.6258247,0.3052936,
1,22,64.109,0.3950828,0.04144362,-0.7767607,0.3197622,-0.6425077,0.6258885,0.3052861,
1,22,64.111,0.3950828,0.04144362,-0.7767607,0.3197622,-0.6425077,0.6258885,0.3052861,
1,22,64.113,0.3950828,0.04144362,-0.7767607,0.3197622,-0.6425077,0.6258885,0.3052861,
1,22,64.115,0.3950828,0.04144362,-0.7767607,0.3197622,-0.6425077,0.6258885,0.3052861,
1,22,64.117,0.3950828,0.04144362,-0.7767607,0.3197622,-0.6425077,0.6258885,0.3052861,
1,22,64.119,0.3951366,0.04142114,-0.7768311,0.3198262,-0.6425214,0.6258355,0.3052989,
1,22,64.121,0.3951366,0.04142114,-0.7768311,0.3198262,-0.6425214,0.6258355,0.3052989,
1,22,64.123,0.3951366,0.04142114,-0.7768311,0.3198262,-0.6425214,0.6258355,0.3052989,
1,22,64.125,0.3951366,0.04142114,-0.7768311,0.3198262,-0.6425214,0.6258355,0.3052989,
1,22,64.127,0.3951392,0.04128642,-0.7769365,0.3198178,-0.6425357,0.6257342,0.3054852,
1,22,64.129,0.3951392,0.04128642,-0.7769365,0.3198178,-0.6425357,0.6257342,0.3054852,
1,22,64.131,0.3951392,0.04128642,-0.7769365,0.3198178,-0.6425357,0.6257342,0.3054852,
1,22,64.133,0.3951392,0.04128642,-0.7769365,0.3198178,-0.6425357,0.6257342,0.3054852,
1,22,64.135,0.3951903,0.04135637,-0.7769296,0.3198016,-0.642489,0.6258008,0.3054638,
1,22,64.137,0.3951903,0.04135637,-0.7769296,0.3198016,-0.642489,0.6258008,0.3054638,
1,22,64.139,0.3951903,0.04135637,-0.7769296,0.3198016,-0.642489,0.6258008,0.3054638,
1,22,64.141,0.3951903,0.04135637,-0.7769296,0.3198016,-0.642489,0.6258008,0.3054638,
1,22,64.143,0.3951144,0.04143702,-0.7767962,0.3197477,-0.642509,0.6258763,0.3053234,
1,22,64.145,0.3951144,0.04143702,-0.7767962,0.3197477,-0.642509,0.6258763,0.3053234,
1,22,64.147,0.3951144,0.04143702,-0.7767962,0.3197477,-0.642509,0.6258763,0.3053234,
1,22,64.149,0.3951144,0.04143702,-0.7767962,0.3197477,-0.642509,0.6258763,0.3053234,
1,22,64.151,0.3951413,0.04135142,-0.7768432,0.3198149,-0.64254,0.6257951,0.3053545,
1,22,64.153,0.3951413,0.04135142,-0.7768432,0.3198149,-0.64254,0.6257951,0.3053545,
1,22,64.155,0.3951413,0.04135142,-0.7768432,0.3198149,-0.64254,0.6257951,0.3053545,
1,22,64.157,0.3951413,0.04135142,-0.7768432,0.3198149,-0.64254,0.6257951,0.3053545,
1,22,64.159,0.3951631,0.04137243,-0.7769031,0.319837,-0.6424708,0.6258019,0.3054629,
1,22,64.161,0.3951631,0.04137243,-0.7769031,0.319837,-0.6424708,0.6258019,0.3054629,
1,22,64.163,0.3951631,0.04137243,-0.7769031,0.319837,-0.6424708,0.6258019,0.3054629,
1,22,64.165,0.3951631,0.04137243,-0.7769031,0.319837,-0.6424708,0.6258019,0.3054629,
1,22,64.167,0.3951631,0.04137243,-0.7769031,0.319837,-0.6424708,0.6258019,0.3054629,
1,22,64.169,0.3951625,0.04139634,-0.776878,0.3198299,-0.6424937,0.6258324,0.3053595,
1,22,64.171,0.3951625,0.04139634,-0.776878,0.3198299,-0.6424937,0.6258324,0.3053595,
1,22,64.173,0.3951625,0.04139634,-0.776878,0.3198299,-0.6424937,0.6258324,0.3053595,
1,22,64.175,0.3951625,0.04139634,-0.776878,0.3198299,-0.6424937,0.6258324,0.3053595,
1,22,64.177,0.3951345,0.04143198,-0.7768116,0.3197988,-0.6425091,0.625865,0.3052931,
1,22,64.179,0.3951345,0.04143198,-0.7768116,0.3197988,-0.6425091,0.625865,0.3052931,
1,22,64.181,0.3951345,0.04143198,-0.7768116,0.3197988,-0.6425091,0.625865,0.3052931,CourtEnter
1,22,64.183,0.3951345,0.04143198,-0.7768116,0.3197988,-0.6425091,0.625865,0.3052931,
1,22,64.185,0.3950782,0.0414315,-0.7767596,0.3197376,-0.6425047,0.6258994,0.3052958,
1,22,64.187,0.3950782,0.0414315,-0.7767596,0.3197376,-0.6425047,0.6258994,0.3052958,
1,22,64.189,0.3950782,0.0414315,-0.7767596,0.3197376,-0.6425047,0.6258994,0.3052958,CourtExit
1,22,64.191,0.3950782,0.0414315,-0.7767596,0.3197376,-0.6425047,0.6258994,0.3052958,
1,22,64.193,0.3950925,0.04145306,-0.7767478,0.3197403,-0.6425079,0.6258965,0.3052924,
1,22,64.195,0.3950925,0.04145306,-0.7767478,0.3197403,-0.6425079,0.6258965,0.3052924,
1,22,64.197,0.3950925,0.04145306,-0.7767478,0.3197403,-0.6425079,0.6258965,0.3052924,
1,22,64.199,0.3950925,0.04145306,-0.7767478,0.3197403,-0.6425079,0.6258965,0.3052924,
1,22,64.201,0.3951147,0.0413854,-0.7768264,0.3197832,-0.6425237,0.6258401,0.3053297,
1,22,64.203,0.3951147,0.0413854,-0.7768264,0.3197832,-0.6425237,0.6258401,0.3053297,
1,22,64.205,0.3951147,0.0413854,-0.7768264,0.3197832,-0.6425237,0.6258401,0.3053297,
1,22,64.207,0.3951147,0.0413854,-0.7768264,0.3197832,-0.6425237,0.6258401,0.3053297,
1,22,64.209,0.3951057,0.04141191,-0.7768259,0.3197487,-0.6424631,0.6258698,0.3054324,
1,22,64.211,0.3951057,0.04141191,-0.7768259,0.3197487,-0.6424631,0.6258698,0.3054324,
1,22,64.213,0.3951057,0.04141191,-0.7768259,0.3197487,-0.6424631,0.6258698,0.3054324,
1,22,64.215,0.3951057,0.04141191,-0.7768259,0.3197487,-0.6424631,0.6258698,0.3054324,
1,22,64.217,0.3951057,0.04141191,-0.7768259,0.3197487,-0.6424631,0.6258698,0.3054324,
1,22,64.219,0.3950931,0.04143593,-0.7767513,0.3197099,-0.6424957,0.6258977,0.3053474,
1,22,64.221,0.3950931,0.04143593,-0.7767513,0.3197099,-0.6424957,0.6258977,0.3053474,
1,22,64.223,0.3950931,0.04143593,-0.7767513,0.3197099,-0.6424957,0.6258977,0.3053474,
1,22,64.225,0.3950931,0.04143593,-0.7767513,0.3197099,-0.6424957,0.6258977,0.3053474,
1,22,64.227,0.3951253,0.04138684,-0.7767992,0.3197667,-0.6425331,0.6258501,0.3053068,
1,22,64.229,0.3951253,0.04138684,-0.7767992,0.3197667,-0.6425331,0.6258501,0.3053068,
1,22,64.231,0.3951253,0.04138684,-0.7767992,0.3197667,-0.6425331,0.6258501,0.3053068,
1,22,64.233,0.3951253,0.04138684,-0.7767992,0.3197667,-0.6425331,0.6258501,0.3053068,
1,22,64.235,0.3951426,0.04139266,-0.7768486,0.3198295,-0.6425149,0.6258268,0.3053271,
1,22,64.237,0.3951426,0.04139266,-0.7768486,0.3198295,-0.6425149,0.6258268,0.3053271,
1,22,64.239,0.3951426,0.04139266,-0.7768486,0.3198295,-0.6425149,0.6258268,0.3053271,
1,22,64.241,0.3951426,0.04139266,-0.7768486,0.3198295,-0.6425149,0.6258268,0.3053271,
1,22,64.243,0.3951111,0.0414255,-0.7767833,0.3197638,-0.6424984,0.6258596,0.3053636,
1,22,64.245,0.3951111,0.0414255,-0.7767833,0.3197638,-0.6424984,0.6258596,0.3053636,
1,22,64.247,0.3951111,0.0414255,-0.7767833,0.3197638,-0.6424984,0.6258596,0.3053636,
1,22,64.249,0.3951111,0.0414255,-0.7767833,0.3197638,-0.6424984,0.6258596,0.3053636,
1,22,64.251,0.3951212,0.04141479,-0.7767909,0.3197899,-0.6425421,0.6258522,0.3052591,
1,22,64.253,0.3951212,0.04141479,-0.7767909,0.3197899,-0.6425421,0.6258522,0.3052591,
1,22,64.255,0.3951212,0.04141479,-0.7767909,0.3197899,-0.6425421,0.6258522,0.3052591,
1,22,64.257,0.3951212,0.04141479,-0.7767909,0.3197899,-0.6425421,0.6258522,0.3052591,
1,22,64.259,0.3951018,0.04141787,-0.7768013,0.3197572,-0.6425136,0.6258738,0.3053089,
1,22,64.261,0.3951018,0.04141787,-0.7768013,0.3197572,-0.6425136,0.6258738,0.3053089,
1,22,64.263,0.3951018,0.04141787,-0.7768013,0.3197572,-0.6425136,0.6258738,0.3053089,
1,22,64.265,0.3951018,0.04141787,-0.7768013,0.3197572,-0.6425136,0.6258738,0.3053089,
1,22,64.267,0.3951018,0.04141787,-0.7768013,0.3197572,-0.6425136,0.6258738,0.3053089,
1,22,64.269,0.3951083,0.04145963,-0.7768095,0.3197868,-0.6424596,0.6258863,0.305366,
1,22,64.271,0.3951083,0.04145963,-0.7768095,0.3197868,-0.6424596,0.6258863,0.305366,
1,22,64.273,0.3951083,0.04145963,-0.7768095,0.3197868,-0.6424596,0.6258863,0.305366,
1,22,64.275,0.3951083,0.04145963,-0.7768095,0.3197868,-0.6424596,0.6258863,0.305366,
1,22,64.277,0.3951042,0.04147538,-0.7767867,0.3197864,-0.6424863,0.6259058,0.3052706,
1,22,64.279,0.3951042,0.04147538,-0.7767867,0.3197864,-0.6424863,0.6259058,0.3052706,
1,22,64.281,0.3951042,0.04147538,-0.7767867,0.3197864,-0.6424863,0.6259058,0.3052706,
1,22,64.283,0.3951042,0.04147538,-0.7767867,0.3197864,-0.6424863,0.6259058,0.3052706,
1,22,64.285,0.3951251,0.04142569,-0.776821,0.319817,-0.642511,0.6258546,0.3052914,
1,22,64.287,0.3951251,0.04142569,-0.776821,0.319817,-0.642511,0.6258546,0.3052914,
1,22,64.289,0.3951251,0.04142569,-0.776821,0.319817,-0.642511,0.6258546,0.3052914,
1,22,64.291,0.3951251,0.04142569,-0.776821,0.319817,-0.642511,0.6258546,0.3052914,
1,22,64.293,0.3951052,0.04138028,-0.7767905,0.319814,-0.6425666,0.62582,0.3052482,
1,22,64.295,0.3951052,0.04138028,-0.7767905,0.319814,-0.6425666,0.62582,0.3052482,
1,22,64.297,0.3951052,0.04138028,-0.7767905,0.319814,-0.6425666,0.62582,0.3052482,
1,22,64.299,0.3951052,0.04138028,-0.7767905,0.319814,-0.6425666,0.62582,0.3052482,
1,22,64.301,0.3951441,0.04141447,-0.776831,0.3198429,-0.6425192,0.6258377,0.3052816,
1,22,64.303,0.3951441,0.04141447,-0.776831,0.3198429,-0.6425192,0.6258377,0.3052816,
1,22,64.305,0.3951441,0.04141447,-0.776831,0.3198429,-0.6425192,0.6258377,0.3052816,
1,22,64.307,0.3951441,0.04141447,-0.776831,0.3198429,-0.6425192,0.6258377,0.3052816,
1,22,64.309,0.3951596,0.04137863,-0.7768642,0.3198074,-0.6424938,0.6258196,0.3054093,
1,22,64.311,0.3951596,0.04137863,-0.7768642,0.3198074,-0.6424938,0.6258196,0.3054093,
1,22,64.313,0.3951596,0.04137863,-0.7768642,0.3198074,-0.6424938,0.6258196,0.3054093,
1,22,64.315,0.3951596,0.04137863,-0.7768642,0.3198074,-0.6424938,0.6258196,0.3054093,
1,22,64.317,0.3951596,0.04137863,-0.7768642,0.3198074,-0.6424938,0.6258196,0.3054093,
1,22,64.319,0.3950998,0.04142373,-0.7767701,0.3198052,-0.6425357,0.6258525,0.305256,
1,22,64.321,0.3950998,0.04142373,-0.7767701,0.3198052,-0.6425357,0.6258525,0.305256,
1,22,64.323,0.3950998,0.04142373,-0.7767701,0.3198052,-0.6425357,0.6258525,0.305256,
1,22,64.325,0.3950998,0.04142373,-0.7767701,0.3198052,-0.6425357,0.6258525,0.305256,
1,22,64.327,0.3950555,0.04145558,-0.7766743,0.3197282,-0.6425229,0.6259212,0.3052227,
1,22,64.329,0.3950555,0.04145558,-0.7766743,0.3197282,-0.6425229,0.6259212,0.3052227,
1,22,64.331,0.3950555,0.04145558,-0.7766743,0.3197282,-0.6425229,0.6259212,0.3052227,
1,22,64.333,0.3950555,0.04145558,-0.7766743,0.3197282,-0.6425229,0.6259212,0.3052227,
1,22,64.335,0.3951157,0.04140575,-0.7767911,0.3198162,-0.6425405,0.6258394,0.3052615,
1,22,64.337,0.3951157,0.04140575,-0.7767911,0.3198162,-0.6425405,0.6258394,0.3052615,
1,22,64.339,0.3951157,0.04140575,-0.7767911,0.3198162,-0.6425405,0.6258394,0.3052615,
1,22,64.341,0.3951157,0.04140575,-0.7767911,0.3198162,-0.6425405,0.6258394,0.3052615,
1,22,64.343,0.3951313,0.04142543,-0.7768139,0.3197994,-0.6425031,0.6258664,0.3053021,
1,22,64.345,0.3951313,0.04142543,-0.7768139,0.3197994,-0.6425031,0.6258664,0.3053021,
1,22,64.347,0.3951313,0.04142543,-0.7768139,0.3197994,-0.6425031,0.6258664,0.3053021,
1,22,64.349,0.3951313,0.04142543,-0.7768139,0.3197994,-0.6425031,0.6258664,0.3053021,
1,22,64.351,0.395113,0.04136655,-0.7767749,0.3197792,-0.6425678,0.6258283,0.3052654,
1,22,64.353,0.395113,0.04136655,-0.7767749,0.3197792,-0.6425678,0.6258283,0.3052654,
1,22,64.355,0.395113,0.04136655,-0.7767749,0.3197792,-0.6425678,0.6258283,0.3052654,
1,22,64.357,0.395113,0.04136655,-0.7767749,0.3197792,-0.6425678,0.6258283,0.3052654,
1,22,64.359,0.3951485,0.04137468,-0.776835,0.3198437,-0.6425521,0.6258027,0.3052832,
1,22,64.361,0.3951485,0.04137468,-0.776835,0.3198437,-0.6425521,0.6258027,0.3052832,
1,22,64.363,0.3951485,0.04137468,-0.776835,0.3198437,-0.6425521,0.6258027,0.3052832,
1,22,64.365,0.3951485,0.04137468,-0.776835,0.3198437,-0.6425521,0.6258027,0.3052832,
1,22,64.367,0.3951485,0.04137468,-0.776835,0.3198437,-0.6425521,0.6258027,0.3052832,
1,22,64.369,0.3951418,0.04131281,-0.7768743,0.3198386,-0.6425471,0.6257612,0.3053843,
1,22,64.371,0.3951418,0.04131281,-0.7768743,0.3198386,-0.6425471,0.6257612,0.3053843,
1,22,64.373,0.3951418,0.04131281,-0.7768743,0.3198386,-0.6425471,0.6257612,0.3053843,
1,22,64.375,0.3951418,0.04131281,-0.7768743,0.3198386,-0.6425471,0.6257612,0.3053843,
1,22,64.377,0.3951631,0.04137063,-0.776825,0.3198736,-0.6425655,0.6257704,0.3052898,
1,22,64.379,0.3951631,0.04137063,-0.776825,0.3198736,-0.6425655,0.6257704,0.3052898,
1,22,64.381,0.3951631,0.04137063,-0.776825,0.3198736,-0.6425655,0.6257704,0.3052898,
1,22,64.383,0.3951631,0.04137063,-0.776825,0.3198736,-0.6425655,0.6257704,0.3052898,
1,22,64.385,0.3951316,0.04138532,-0.7767956,0.3198182,-0.642558,0.6258166,0.3052691,
1,22,64.387,0.3951316,0.04138532,-0.7767956,0.3198182,-0.642558,0.6258166,0.3052691,
1,22,64.389,0.3951316,0.04138532,-0.7767956,0.3198182,-0.642558,0.6258166,0.3052691,
1,22,64.391,0.3951316,0.04138532,-0.7767956,0.3198182,-0.642558,0.6258166,0.3052691,
1,22,64.393,0.3950995,0.04137776,-0.7768052,0.319847,-0.6425503,0.6257955,0.3052982,
1,22,64.395,0.3950995,0.04137776,-0.7768052,0.319847,-0.6425503,0.6257955,0.3052982,
1,22,64.397,0.3950995,0.04137776,-0.7768052,0.319847,-0.6425503,0.6257955,0.3052982,
1,22,64.399,0.3950995,0.04137776,-0.7768052,0.319847,-0.6425503,0.6257955,0.3052982,
1,22,64.401,0.395129,0.04139105,-0.7768048,0.319865,-0.6425366,0.6258051,0.3052883,
1,22,64.403,0.395129,0.04139105,-0.7768048,0.319865,-0.6425366,0.6258051,0.3052883,
1,22,64.405,0.395129,0.04139105,-0.7768048,0.319865,-0.6425366,0.6258051,0.3052883,
1,22,64.407,0.395129,0.04139105,-0.7768048,0.319865,-0.6425366,0.6258051,0.3052883,
1,22,64.409,0.3951244,0.04134459,-0.7768137,0.3198268,-0.6425901,0.6257904,0.3052463,
1,22,64.411,0.3951244,0.04134459,-0.7768137,0.3198268,-0.6425901,0.6257904,0.3052463,
1,22,64.413,0.3951244,0.04134459,-0.7768137,0.3198268,-0.6425901,0.6257904,0.3052463,
1,22,64.415,0.3951244,0.04134459,-0.7768137,0.3198268,-0.6425901,0.6257904,0.3052463,
1,22,64.417,0.3951244,0.04134459,-0.7768137,0.3198268,-0.6425901,0.6257904,0.3052463,
1,22,64.419,0.3951024,0.04136551,-0.7767729,0.3197863,-0.6425651,0.6258386,0.3052426,
1,22,64.421,0.3951024,0.04136551,-0.7767729,0.3197863,-0.6425651,0.6258386,0.3052426,
1,22,64.423,0.3951024,0.04136551,-0.7767729,0.3197863,-0.6425651,0.6258386,0.3052426,
1,22,64.425,0.3951024,0.04136551,-0.7767729,0.3197863,-0.6425651,0.6258386,0.3052426,
1,22,64.427,0.3950657,0.0414161,-0.7767552,0.3197961,-0.642543,0.6258641,0.3052262,
1,22,64.429,0.3950657,0.0414161,-0.7767552,0.3197961,-0.642543,0.6258641,0.3052262,
1,22,64.431,0.3950657,0.0414161,-0.7767552,0.3197961,-0.642543,0.6258641,0.3052262,
1,22,64.433,0.3950657,0.0414161,-0.7767552,0.3197961,-0.642543,0.6258641,0.3052262,
1,22,64.435,0.3950758,0.04138653,-0.7767662,0.3198019,-0.6425589,0.6258349,0.3052465,
1,22,64.437,0.3950758,0.04138653,-0.7767662,0.3198019,-0.6425589,0.6258349,0.3052465,
1,22,64.439,0.3950758,0.04138653,-0.7767662,0.3198019,-0.6425589,0.6258349,0.3052465,
1,22,64.441,0.3950758,0.04138653,-0.7767662,0.3198019,-0.6425589,0.6258349,0.3052465,
1,22,64.443,0.3951083,0.04139889,-0.7768065,0.319806,-0.6425105,0.6258352,0.3053436,
1,22,64.445,0.3951083,0.04139889,-0.7768065,0.319806,-0.6425105,0.6258352,0.3053436,
1,22,64.447,0.3951083,0.04139889,-0.7768065,0.319806,-0.6425105,0.6258352,0.3053436,
1,22,64.449,0.3951083,0.04139889,-0.7768065,0.319806,-0.6425105,0.6258352,0.3053436,
1,22,64.451,0.3950972,0.04142985,-0.7767637,0.3197882,-0.642518,0.6258734,0.305268,
1,22,64.453,0.3950972,0.04142985,-0.7767637,0.3197882,-0.642518,0.6258734,0.305268,
1,22,64.455,0.3950972,0.04142985,-0.7767637,0.3197882,-0.642518,0.6258734,0.305268,
1,22,64.457,0.3950972,0.04142985,-0.7767637,0.3197882,-0.642518,0.6258734,0.305268,
1,22,64.459,0.3950717,0.04142727,-0.7767353,0.3197944,-0.6425282,0.6258639,0.3052598,
1,22,64.461,0.3950717,0.04142727,-0.7767353,0.3197944,-0.6425282,0.6258639,0.3052598,
1,22,64.463,0.3950717,0.04142727,-0.7767353,0.3197944,-0.6425282,0.6258639,0.3052598,
1,22,64.465,0.3950717,0.04142727,-0.7767353,0.3197944,-0.6425282,0.6258639,0.3052598,
1,22,64.467,0.3950717,0.04142727,-0.7767353,0.3197944,-0.6425282,0.6258639,0.3052598,
1,22,64.469,0.3951432,0.04130993,-0.7768788,0.3198219,-0.6425357,0.625761,0.305426,
1,22,64.471,0.3951432,0.04130993,-0.7768788,0.3198219,-0.6425357,0.625761,0.305426,
1,22,64.473,0.3951432,0.04130993,-0.7768788,0.3198219,-0.6425357,0.625761,0.305426,
1,22,64.475,0.3951432,0.04130993,-0.7768788,0.3198219,-0.6425357,0.625761,0.305426,
1,22,64.477,0.3951624,0.04134058,-0.7768457,0.3198254,-0.642531,0.6258026,0.3053471,
1,22,64.479,0.3951624,0.04134058,-0.7768457,0.3198254,-0.642531,0.6258026,0.3053471,
1,22,64.481,0.3951624,0.04134058,-0.7768457,0.3198254,-0.642531,0.6258026,0.3053471,
1,22,64.483,0.3951624,0.04134058,-0.7768457,0.3198254,-0.642531,0.6258026,0.3053471,
1,22,64.485,0.3951024,0.04135411,-0.7768123,0.3197994,-0.6425362,0.6258112,0.305346,
1,22,64.487,0.3951024,0.04135411,-0.7768123,0.3197994,-0.6425362,0.6258112,0.305346,
1,22,64.489,0.3951024,0.04135411,-0.7768123,0.3197994,-0.6425362,0.6258112,0.305346,
1,22,64.491,0.3951024,0.04135411,-0.7768123,0.3197994,-0.6425362,0.6258112,0.305346,
1,22,64.493,0.3951085,0.04137915,-0.7767977,0.3198099,-0.6425224,0.6258307,0.3053239,
1,22,64.495,0.3951085,0.04137915,-0.7767977,0.3198099,-0.6425224,0.6258307,0.3053239,
1,22,64.497,0.3951085,0.04137915,-0.7767977,0.3198099,-0.6425224,0.6258307,0.3053239,
1,22,64.499,0.3951085,0.04137915,-0.7767977,0.3198099,-0.6425224,0.6258307,0.3053239,
1,22,64.501,0.3951574,0.04135894,-0.7768279,0.3198556,-0.6425557,0.6257973,0.3052745,
1,22,64.503,0.3951574,0.04135894,-0.7768279,0.3198556,-0.6425557,0.6257973,0.3052745,
1,22,64.505,0.3951574,0.04135894,-0.7768279,0.3198556,-0.6425557,0.6257973,0.3052745,
1,22,64.507,0.3951574,0.04135894,-0.7768279,0.3198556,-0.6425557,0.6257973,0.3052745,
1,22,64.509,0.3951084,0.041401,-0.7767831,0.31985,-0.6425462,0.6258278,0.3052376,
1,22,64.511,0.3951084,0.041401,-0.7767831,0.31985,-0.6425462,0.6258278,0.3052376,
1,22,64.513,0.3951084,0.041401,-0.7767831,0.31985,-0.6425462,0.6258278,0.3052376,
1,22,64.515,0.3951084,0.041401,-0.7767831,0.31985,-0.6425462,0.6258278,0.3052376,
1,22,64.517,0.3951084,0.041401,-0.7767831,0.31985,-0.6425462,0.6258278,0.3052376,
1,22,64.519,0.3950651,0.04131355,-0.7768029,0.3198004,-0.6425564,0.6257842,0.3053576,
1,22,64.521,0.3950651,0.04131355,-0.7768029,0.3198004,-0.6425564,0.6257842,0.3053576,
1,22,64.523,0.3950651,0.04131355,-0.7768029,0.3198004,-0.6425564,0.6257842,0.3053576,
1,22,64.525,0.3950651,0.04131355,-0.7768029,0.3198004,-0.6425564,0.6257842,0.3053576,
1,22,64.527,0.3951188,0.04138327,-0.7767903,0.3197747,-0.6425261,0.6258385,0.305337,
1,22,64.529,0.3951188,0.04138327,-0.7767903,0.3197747,-0.6425261,0.6258385,0.305337,
1,22,64.531,0.3951188,0.04138327,-0.7767903,0.3197747,-0.6425261,0.6258385,0.305337,
1,22,64.533,0.3951188,0.04138327,-0.7767903,0.3197747,-0.6425261,0.6258385,0.305337,
1,22,64.535,0.3951617,0.04137507,-0.7768668,0.3198349,-0.6425152,0.6258137,0.3053479,
1,22,64.537,0.3951617,0.04137507,-0.7768668,0.3198349,-0.6425152,0.6258137,0.3053479,
1,22,64.539,0.3951617,0.04137507,-0.7768668,0.3198349,-0.6425152,0.6258137,0.3053479,
1,22,64.541,0.3951617,0.04137507,-0.7768668,0.3198349,-0.6425152,0.6258137,0.3053479,
1,22,64.543,0.3951055,0.04142861,-0.7767624,0.3197977,-0.6425306,0.6258565,0.3052664,
1,22,64.545,0.3951055,0.04142861,-0.7767624,0.3197977,-0.6425306,0.6258565,0.3052664,
1,22,64.547,0.3951055,0.04142861,-0.7767624,0.3197977,-0.6425306,0.6258565,0.3052664,
1,22,64.549,0.3951055,0.04142861,-0.7767624,0.3197977,-0.6425306,0.6258565,0.3052664,
1,22,64.551,0.3950646,0.04140305,-0.776721,0.3197437,-0.6425551,0.6258703,0.3052432,
1,22,64.553,0.3950646,0.04140305,-0.776721,0.3197437,-0.6425551,0.6258703,0.3052432,
1,22,64.555,0.3950646,0.04140305,-0.776721,0.3197437,-0.6425551,0.6258703,0.3052432,
1,22,64.557,0.3950646,0.04140305,-0.776721,0.3197437,-0.6425551,0.6258703,0.3052432,
1,22,64.559,0.3951144,0.04132474,-0.7768086,0.3197908,-0.6425763,0.6258017,0.3052899,
1,22,64.561,0.3951144,0.04132474,-0.7768086,0.3197908,-0.6425763,0.6258017,0.3052899,
1,22,64.563,0.3951144,0.04132474,-0.7768086,0.3197908,-0.6425763,0.6258017,0.3052899,
1,22,64.565,0.3951144,0.04132474,-0.7768086,0.3197908,-0.6425763,0.6258017,0.3052899,
1,22,64.567,0.3951144,0.04132474,-0.7768086,0.3197908,-0.6425763,0.6258017,0.3052899,
1,22,64.569,0.3950793,0.0413921,-0.7767584,0.3198117,-0.6425556,0.6258397,0.3052333,
1,22,64.571,0.3950793,0.0413921,-0.7767584,0.3198117,-0.6425556,0.6258397,0.3052333,
1,22,64.573,0.3950793,0.0413921,-0.7767584,0.3198117,-0.6425556,0.6258397,0.3052333,
1,22,64.575,0.3950793,0.0413921,-0.7767584,0.3198117,-0.6425556,0.6258397,0.3052333,
1,22,64.577,0.3951004,0.04135017,-0.7767954,0.319793,-0.6425634,0.6258207,0.3052756,
1,22,64.579,0.3951004,0.04135017,-0.7767954,0.319793,-0.6425634,0.6258207,0.3052756,
1,22,64.581,0.3951004,0.04135017,-0.7767954,0.319793,-0.6425634,0.6258207,0.3052756,
1,22,64.583,0.3951004,0.04135017,-0.7767954,0.319793,-0.6425634,0.6258207,0.3052756,
1,22,64.585,0.3951284,0.04126349,-0.7768181,0.319803,-0.6426349,0.6257408,0.3052785,
1,22,64.587,0.3951284,0.04126349,-0.7768181,0.319803,-0.6426349,0.6257408,0.3052785,
1,22,64.589,0.3951284,0.04126349,-0.7768181,0.319803,-0.6426349,0.6257408,0.3052785,
1,22,64.591,0.3951284,0.04126349,-0.7768181,0.319803,-0.6426349,0.6257408,0.3052785,
1,22,64.593,0.3951111,0.04125784,-0.7768471,0.319766,-0.6425726,0.6257638,0.3054013,
1,22,64.595,0.3951111,0.04125784,-0.7768471,0.319766,-0.6425726,0.6257638,0.3054013,
1,22,64.597,0.3951111,0.04125784,-0.7768471,0.319766,-0.6425726,0.6257638,0.3054013,
1,22,64.599,0.3951111,0.04125784,-0.7768471,0.319766,-0.6425726,0.6257638,0.3054013,
1,22,64.601,0.3950851,0.04136606,-0.7767766,0.319719,-0.6425306,0.625852,0.3053579,
1,22,64.603,0.3950851,0.04136606,-0.7767766,0.319719,-0.6425306,0.625852,0.3053579,
1,22,64.605,0.3950851,0.04136606,-0.7767766,0.319719,-0.6425306,0.625852,0.3053579,
1,22,64.607,0.3950851,0.04136606,-0.7767766,0.319719,-0.6425306,0.625852,0.3053579,
1,22,64.609,0.3950766,0.04138843,-0.7767371,0.3197579,-0.6425719,0.6258471,0.3052405,
1,22,64.611,0.3950766,0.04138843,-0.7767371,0.3197579,-0.6425719,0.6258471,0.3052405,
1,22,64.613,0.3950766,0.04138843,-0.7767371,0.3197579,-0.6425719,0.6258471,0.3052405,
1,22,64.615,0.3950766,0.04138843,-0.7767371,0.3197579,-0.6425719,0.6258471,0.3052405,
1,22,64.617,0.3950766,0.04138843,-0.7767371,0.3197579,-0.6425719,0.6258471,0.3052405,
1,22,64.619,0.3950421,0.04143228,-0.7767174,0.3197576,-0.6425269,0.6258768,0.3052745,
1,22,64.621,0.3950421,0.04143228,-0.7767174,0.3197576,-0.6425269,0.6258768,0.3052745,
1,22,64.623,0.3950421,0.04143228,-0.7767174,0.3197576,-0.6425269,0.6258768,0.3052745,
1,22,64.625,0.3950421,0.04143228,-0.7767174,0.3197576,-0.6425269,0.6258768,0.3052745,
1,22,64.627,0.3950543,0.04137209,-0.7767332,0.3197553,-0.642548,0.6258311,0.3053261,
1,22,64.629,0.3950543,0.04137209,-0.7767332,0.3197553,-0.642548,0.6258311,0.3053261,
1,22,64.631,0.3950543,0.04137209,-0.7767332,0.3197553,-0.642548,0.6258311,0.3053261,
1,22,64.633,0.3950543,0.04137209,-0.7767332,0.3197553,-0.642548,0.6258311,0.3053261,
1,22,64.635,0.3950894,0.04142448,-0.7767615,0.3197289,-0.6424944,0.6258903,0.3053454,
1,22,64.637,0.3950894,0.04142448,-0.7767615,0.3197289,-0.6424944,0.6258903,0.3053454,
1,22,64.639,0.3950894,0.04142448,-0.7767615,0.3197289,-0.6424944,0.6258903,0.3053454,
1,22,64.641,0.3950894,0.04142448,-0.7767615,0.3197289,-0.6424944,0.6258903,0.3053454,
1,22,64.643,0.3950963,0.04134633,-0.7767795,0.3197571,-0.6425635,0.6258345,0.3052848,
1,22,64.645,0.3950963,0.04134633,-0.7767795,0.3197571,-0.6425635,0.6258345,0.3052848,
1,22,64.647,0.3950963,0.04134633,-0.7767795,0.3197571,-0.6425635,0.6258345,0.3052848,
1,22,64.649,0.3950963,0.04134633,-0.7767795,0.3197571,-0.6425635,0.6258345,0.3052848,
1,22,64.651,0.3950914,0.04140335,-0.7767555,0.319762,-0.6425473,0.6258613,0.3052588,
1,22,64.653,0.3950914,0.04140335,-0.7767555,0.319762,-0.6425473,0.6258613,0.3052588,
1,22,64.655,0.3950914,0.04140335,-0.7767555,0.319762,-0.6425473,0.6258613,0.3052588,
1,22,64.657,0.3950914,0.04140335,-0.7767555,0.319762,-0.6425473,0.6258613,0.3052588,
1,22,64.659,0.3951623,0.0414752,-0.7768258,0.3198227,-0.642478,0.6258802,0.3053021,
1,22,64.661,0.3951623,0.0414752,-0.7768258,0.3198227,-0.642478,0.6258802,0.3053021,
1,22,64.663,0.3951623,0.0414752,-0.7768258,0.3198227,-0.642478,0.6258802,0.3053021,
1,22,64.665,0.3951623,0.0414752,-0.7768258,0.3198227,-0.642478,0.6258802,0.3053021,
1,22,64.667,0.3951623,0.0414752,-0.7768258,0.3198227,-0.642478,0.6258802,0.3053021,
1,22,64.669,0.3951597,0.04137831,-0.7768797,0.3198413,-0.6424976,0.6258092,0.305387,
1,22,64.671,0.3951597,0.04137831,-0.7768797,0.3198413,-0.6424976,0.6258092,0.305387,
1,22,64.673,0.3951597,0.04137831,-0.7768797,0.3198413,-0.6424976,0.6258092,0.305387,
1,22,64.675,0.3951597,0.04137831,-0.7768797,0.3198413,-0.6424976,0.6258092,0.305387,
1,22,64.677,0.3951436,0.04145031,-0.7768484,0.3198275,-0.6424692,0.6258548,0.3053679,
1,22,64.679,0.3951436,0.04145031,-0.7768484,0.3198275,-0.6424692,0.6258548,0.3053679,
1,22,64.681,0.3951436,0.04145031,-0.7768484,0.3198275,-0.6424692,0.6258548,0.3053679,
1,22,64.683,0.3951436,0.04145031,-0.7768484,0.3198275,-0.6424692,0.6258548,0.3053679,
1,22,64.685,0.3951536,0.04139602,-0.7768667,0.3198003,-0.642472,0.6258336,0.3054339,
1,22,64.687,0.3951536,0.04139602,-0.7768667,0.3198003,-0.642472,0.6258336,0.3054339,
1,22,64.689,0.3951536,0.04139602,-0.7768667,0.3198003,-0.642472,0.6258336,0.3054339,
1,22,64.691,0.3951536,0.04139602,-0.7768667,0.3198003,-0.642472,0.6258336,0.3054339,
1,22,64.693,0.3951742,0.04140909,-0.7768731,0.3198733,-0.6425115,0.6257981,0.3053471,
1,22,64.695,0.3951742,0.04140909,-0.7768731,0.3198733,-0.6425115,0.6257981,0.3053471,
1,22,64.697,0.3951742,0.04140909,-0.7768731,0.3198733,-0.6425115,0.6257981,0.3053471,
1,22,64.699,0.3951742,0.04140909,-0.7768731,0.3198733,-0.6425115,0.6257981,0.3053471,
1,22,64.701,0.3951541,0.0414514,-0.7768807,0.3197861,-0.6424137,0.6258617,0.3055138,
1,22,64.703,0.3951541,0.0414514,-0.7768807,0.3197861,-0.6424137,0.6258617,0.3055138,
1,22,64.705,0.3951541,0.0414514,-0.7768807,0.3197861,-0.6424137,0.6258617,0.3055138,
1,22,64.707,0.3951541,0.0414514,-0.7768807,0.3197861,-0.6424137,0.6258617,0.3055138,
1,22,64.709,0.3952007,0.04136644,-0.7769512,0.3198355,-0.6424812,0.6258015,0.3054432,
1,22,64.711,0.3952007,0.04136644,-0.7769512,0.3198355,-0.6424812,0.6258015,0.3054432,
1,22,64.713,0.3952007,0.04136644,-0.7769512,0.3198355,-0.6424812,0.6258015,0.3054432,
1,22,64.715,0.3952007,0.04136644,-0.7769512,0.3198355,-0.6424812,0.6258015,0.3054432,
1,22,64.717,0.3952007,0.04136644,-0.7769512,0.3198355,-0.6424812,0.6258015,0.3054432,
1,22,64.719,0.3951629,0.04126581,-0.7769358,0.319869,-0.6425776,0.6257045,0.3054042,
1,22,64.721,0.3951629,0.04126581,-0.7769358,0.319869,-0.6425776,0.6257045,0.3054042,
1,22,64.723,0.3951629,0.04126581,-0.7769358,0.319869,-0.6425776,0.6257045,0.3054042,
1,22,64.725,0.3951629,0.04126581,-0.7769358,0.319869,-0.6425776,0.6257045,0.3054042,
1,22,64.727,0.3951521,0.04138699,-0.7768544,0.3198183,-0.6425194,0.6258198,0.3053437,
1,22,64.729,0.3951521,0.04138699,-0.7768544,0.3198183,-0.6425194,0.6258198,0.3053437,
1,22,64.731,0.3951521,0.04138699,-0.7768544,0.3198183,-0.6425194,0.6258198,0.3053437,
1,22,64.733,0.3951521,0.04138699,-0.7768544,0.3198183,-0.6425194,0.6258198,0.3053437,
1,22,64.735,0.3950993,0.04146463,-0.7767835,0.319807,-0.6425014,0.625879,0.3052721,
1,22,64.737,0.3950993,0.04146463,-0.7767835,0.319807,-0.6425014,0.625879,0.3052721,
1,22,64.739,0.3950993,0.04146463,-0.7767835,0.319807,-0.6425014,0.625879,0.3052721,
1,22,64.741,0.3950993,0.04146463,-0.7767835,0.319807,-0.6425014,0.625879,0.3052721,
1,22,64.743,0.3951483,0.04136363,-0.7768719,0.3198301,-0.6425221,0.6257902,0.3053861,
1,22,64.745,0.3951483,0.04136363,-0.7768719,0.3198301,-0.6425221,0.6257902,0.3053861,
1,22,64.747,0.3951483,0.04136363,-0.7768719,0.3198301,-0.6425221,0.6257902,0.3053861,
1,22,64.749,0.3951483,0.04136363,-0.7768719,0.3198301,-0.6425221,0.6257902,0.3053861,
1,22,64.751,0.3951475,0.04140288,-0.7768737,0.3198235,-0.6424989,0.6258191,0.3053827,
1,22,64.753,0.3951475,0.04140288,-0.7768737,0.3198235,-0.6424989,0.6258191,0.3053827,
1,22,64.755,0.3951475,0.04140288,-0.7768737,0.3198235,-0.6424989,0.6258191,0.3053827,
1,22,64.757,0.3951475,0.04140288,-0.7768737,0.3198235,-0.6424989,0.6258191,0.3053827,
1,22,64.759,0.3951782,0.04148801,-0.7768786,0.3198648,-0.6424199,0.6258508,0.3054408,
1,22,64.761,0.3951782,0.04148801,-0.7768786,0.3198648,-0.6424199,0.6258508,0.3054408,
1,22,64.763,0.3951782,0.04148801,-0.7768786,0.3198648,-0.6424199,0.6258508,0.3054408,
1,22,64.765,0.3951782,0.04148801,-0.7768786,0.3198648,-0.6424199,0.6258508,0.3054408,
1,22,64.767,0.3951782,0.04148801,-0.7768786,0.3198648,-0.6424199,0.6258508,0.3054408,
1,22,64.769,0.3951836,0.04134249,-0.7769252,0.3198361,-0.6425312,0.6257906,0.3053601,
1,22,64.771,0.3951836,0.04134249,-0.7769252,0.3198361,-0.6425312,0.6257906,0.3053601,
1,22,64.773,0.3951836,0.04134249,-0.7769252,0.3198361,-0.6425312,0.6257906,0.3053601,
1,22,64.775,0.3951836,0.04134249,-0.7769252,0.3198361,-0.6425312,0.6257906,0.3053601,
1,22,64.777,0.3951507,0.04136498,-0.776868,0.3198093,-0.642527,0.6258203,0.305336,
1,22,64.779,0.3951507,0.04136498,-0.776868,0.3198093,-0.642527,0.6258203,0.305336,
1,22,64.781,0.3951507,0.04136498,-0.776868,0.3198093,-0.642527,0.6258203,0.305336,
1,22,64.783,0.3951507,0.04136498,-0.776868,0.3198093,-0.642527,0.6258203,0.305336,
1,22,64.785,0.3951256,0.04143277,-0.7768161,0.3197933,-0.6425025,0.6258691,0.3053043,
1,22,64.787,0.3951256,0.04143277,-0.7768161,0.3197933,-0.6425025,0.6258691,0.3053043,
1,22,64.789,0.3951256,0.04143277,-0.7768161,0.3197933,-0.6425025,0.6258691,0.3053043,
1,22,64.791,0.3951256,0.04143277,-0.7768161,0.3197933,-0.6425025,0.6258691,0.3053043,
1,22,64.793,0.3950763,0.04142996,-0.7767555,0.3197483,-0.6425163,0.625888,0.3052838,
1,22,64.795,0.3950763,0.04142996,-0.7767555,0.3197483,-0.6425163,0.625888,0.3052838,
1,22,64.797,0.3950763,0.04142996,-0.7767555,0.3197483,-0.6425163,0.625888,0.3052838,
1,22,64.799,0.3950763,0.04142996,-0.7767555,0.3197483,-0.6425163,0.625888,0.3052838,
1,22,64.801,0.3950404,0.04147893,-0.776728,0.3197359,-0.6424891,0.6259311,0.3052655,
1,22,64.803,0.3950404,0.04147893,-0.776728,0.3197359,-0.6424891,0.6259311,0.3052655,
1,22,64.805,0.3950404,0.04147893,-0.776728,0.3197359,-0.6424891,0.6259311,0.3052655,
1,22,64.807,0.3950404,0.04147893,-0.776728,0.3197359,-0.6424891,0.6259311,0.3052655,
1,22,64.809,0.3950598,0.04144913,-0.7767746,0.319734,-0.64247,0.6259012,0.305369,
1,22,64.811,0.3950598,0.04144913,-0.7767746,0.319734,-0.64247,0.6259012,0.305369,
1,22,64.813,0.3950598,0.04144913,-0.7767746,0.319734,-0.64247,0.6259012,0.305369,
1,22,64.815,0.3950598,0.04144913,-0.7767746,0.319734,-0.64247,0.6259012,0.305369,
1,22,64.817,0.3950598,0.04144913,-0.7767746,0.319734,-0.64247,0.6259012,0.305369,
1,22,64.819,0.3951257,0.04138758,-0.7768769,0.319817,-0.642473,0.6258113,0.30546,
1,22,64.821,0.3951257,0.04138758,-0.7768769,0.319817,-0.642473,0.6258113,0.30546,
1,22,64.823,0.3951257,0.04138758,-0.7768769,0.319817,-0.642473,0.6258113,0.30546,
1,22,64.825,0.3951257,0.04138758,-0.7768769,0.319817,-0.642473,0.6258113,0.30546,
1,22,64.827,0.3951995,0.04143918,-0.7769076,0.3198592,-0.6424574,0.6258253,0.3054201,
1,22,64.829,0.3951995,0.04143918,-0.7769076,0.3198592,-0.6424574,0.6258253,0.3054201,
1,22,64.831,0.3951995,0.04143918,-0.7769076,0.3198592,-0.6424574,0.6258253,0.3054201,
1,22,64.833,0.3951995,0.04143918,-0.7769076,0.3198592,-0.6424574,0.6258253,0.3054201,
1,22,64.835,0.3950873,0.04146104,-0.7768004,0.3198168,-0.6424778,0.6258687,0.3053323,
1,22,64.837,0.3950873,0.04146104,-0.7768004,0.3198168,-0.6424778,0.6258687,0.3053323,
1,22,64.839,0.3950873,0.04146104,-0.7768004,0.3198168,-0.6424778,0.6258687,0.3053323,
1,22,64.841,0.3950873,0.04146104,-0.7768004,0.3198168,-0.6424778,0.6258687,0.3053323,
1,22,64.843,0.3950977,0.04144616,-0.7767729,0.3197764,-0.6425079,0.6258885,0.3052709,
1,22,64.845,0.3950977,0.04144616,-0.7767729,0.3197764,-0.6425079,0.6258885,0.3052709,
1,22,64.847,0.3950977,0.04144616,-0.7767729,0.3197764,-0.6425079,0.6258885,0.3052709,
1,22,64.849,0.3950977,0.04144616,-0.7767729,0.3197764,-0.6425079,0.6258885,0.3052709,
1,22,64.851,0.3951164,0.04150683,-0.7767675,0.3197883,-0.6424543,0.6259376,0.3052707,
1,22,64.853,0.3951164,0.04150683,-0.7767675,0.3197883,-0.6424543,0.6259376,0.3052707,
1,22,64.855,0.3951164,0.04150683,-0.7767675,0.3197883,-0.6424543,0.6259376,0.3052707,
1,22,64.857,0.3951164,0.04150683,-0.7767675,0.3197883,-0.6424543,0.6259376,0.3052707,
1,22,64.859,0.3950974,0.04147462,-0.7767134,0.3197565,-0.6425121,0.6259182,0.3052219,
1,22,64.861,0.3950974,0.04147462,-0.7767134,0.3197565,-0.6425121,0.6259182,0.3052219,
1,22,64.863,0.3950974,0.04147462,-0.7767134,0.3197565,-0.6425121,0.6259182,0.3052219,
1,22,64.865,0.3950974,0.04147462,-0.7767134,0.3197565,-0.6425121,0.6259182,0.3052219,
1,22,64.867,0.3950974,0.04147462,-0.7767134,0.3197565,-0.6425121,0.6259182,0.3052219,
1,22,64.869,0.3951047,0.04139039,-0.7767842,0.3197862,-0.6425527,0.6258482,0.3052488,
1,22,64.871,0.3951047,0.04139039,-0.7767842,0.3197862,-0.6425527,0.6258482,0.3052488,
1,22,64.873,0.3951047,0.04139039,-0.7767842,0.3197862,-0.6425527,0.6258482,0.3052488,
1,22,64.875,0.3951047,0.04139039,-0.7767842,0.3197862,-0.6425527,0.6258482,0.3052488,
1,22,64.877,0.3951167,0.04137848,-0.7768002,0.3198143,-0.6425502,0.6258269,0.3052684,
1,22,64.879,0.3951167,0.04137848,-0.7768002,0.3198143,-0.6425502,0.6258269,0.3052684,
1,22,64.881,0.3951167,0.04137848,-0.7768002,0.3198143,-0.6425502,0.6258269,0.3052684,
1,22,64.883,0.3951167,0.04137848,-0.7768002,0.3198143,-0.6425502,0.6258269,0.3052684,
1,22,64.885,0.3950671,0.0414447,-0.7767536,0.3197442,-0.6424896,0.6258965,0.3053265,
1,22,64.887,0.3950671,0.0414447,-0.7767536,0.3197442,-0.6424896,0.6258965,0.3053265,
1,22,64.889,0.3950671,0.0414447,-0.7767536,0.3197442,-0.6424896,0.6258965,0.3053265,
1,22,64.891,0.3950671,0.0414447,-0.7767536,0.3197442,-0.6424896,0.6258965,0.3053265,
1,22,64.893,0.3951241,0.04144008,-0.7767791,0.3198214,-0.6425165,0.625859,0.305266,
1,22,64.895,0.3951241,0.04144008,-0.7767791,0.3198214,-0.6425165,0.625859,0.305266,
1,22,64.897,0.3951241,0.04144008,-0.7767791,0.3198214,-0.6425165,0.625859,0.305266,
1,22,64.899,0.3951241,0.04144008,-0.7767791,0.3198214,-0.6425165,0.625859,0.305266,
1,22,64.901,0.3951457,0.04138684,-0.776857,0.3198334,-0.6425057,0.6258186,0.3053592,
1,22,64.903,0.3951457,0.04138684,-0.776857,0.3198334,-0.6425057,0.6258186,0.3053592,
1,22,64.905,0.3951457,0.04138684,-0.776857,0.3198334,-0.6425057,0.6258186,0.3053592,
1,22,64.907,0.3951457,0.04138684,-0.776857,0.3198334,-0.6425057,0.6258186,0.3053592,
1,22,64.909,0.3951164,0.04142682,-0.7767805,0.319807,-0.6425346,0.6258578,0.3052455,
1,22,64.911,0.3951164,0.04142682,-0.7767805,0.319807,-0.6425346,0.6258578,0.3052455,
1,22,64.913,0.3951164,0.04142682,-0.7767805,0.319807,-0.6425346,0.6258578,0.3052455,
1,22,64.915,0.3951164,0.04142682,-0.7767805,0.319807,-0.6425346,0.6258578,0.3052455,
1,22,64.917,0.3951164,0.04142682,-0.7767805,0.319807,-0.6425346,0.6258578,0.3052455,
1,22,64.919,0.3950627,0.0414906,-0.7767103,0.319784,-0.6425171,0.6259105,0.3051983,
1,22,64.921,0.3950627,0.0414906,-0.7767103,0.319784,-0.6425171,0.6259105,0.3051983,
1,22,64.923,0.3950627,0.0414906,-0.7767103,0.319784,-0.6425171,0.6259105,0.3051983,
1,22,64.925,0.3950627,0.0414906,-0.7767103,0.319784,-0.6425171,0.6259105,0.3051983,
1,22,64.927,0.395076,0.04152704,-0.7767222,0.319813,-0.6424916,0.6259218,0.3051986,
1,22,64.929,0.395076,0.04152704,-0.7767222,0.319813,-0.6424916,0.6259218,0.3051986,
1,22,64.931,0.395076,0.04152704,-0.7767222,0.319813,-0.6424916,0.6259218,0.3051986,
1,22,64.933,0.395076,0.04152704,-0.7767222,0.319813,-0.6424916,0.6259218,0.3051986,
1,22,64.935,0.3950998,0.04144347,-0.776793,0.3198492,-0.642525,0.6258507,0.3052361,
1,22,64.937,0.3950998,0.04144347,-0.776793,0.3198492,-0.642525,0.6258507,0.3052361,
1,22,64.939,0.3950998,0.04144347,-0.776793,0.3198492,-0.642525,0.6258507,0.3052361,
1,22,64.941,0.3950998,0.04144347,-0.776793,0.3198492,-0.642525,0.6258507,0.3052361,
1,22,64.943,0.395072,0.04144371,-0.7767677,0.3198115,-0.6425104,0.6258533,0.305301,
1,22,64.945,0.395072,0.04144371,-0.7767677,0.3198115,-0.6425104,0.6258533,0.305301,
1,22,64.947,0.395072,0.04144371,-0.7767677,0.3198115,-0.6425104,0.6258533,0.305301,
1,22,64.949,0.395072,0.04144371,-0.7767677,0.3198115,-0.6425104,0.6258533,0.305301,
1,22,64.951,0.3951087,0.04141331,-0.776831,0.3198033,-0.6424869,0.625836,0.3053944,
1,22,64.953,0.3951087,0.04141331,-0.776831,0.3198033,-0.6424869,0.625836,0.3053944,
1,22,64.955,0.3951087,0.04141331,-0.776831,0.3198033,-0.6424869,0.625836,0.3053944,
1,22,64.957,0.3951087,0.04141331,-0.776831,0.3198033,-0.6424869,0.625836,0.3053944,
1,22,64.959,0.3951369,0.04145906,-0.7768024,0.3198091,-0.6425002,0.6258772,0.3052762,
1,22,64.961,0.3951369,0.04145906,-0.7768024,0.3198091,-0.6425002,0.6258772,0.3052762,
1,22,64.963,0.3951369,0.04145906,-0.7768024,0.3198091,-0.6425002,0.6258772,0.3052762,
1,22,64.965,0.3951369,0.04145906,-0.7768024,0.3198091,-0.6425002,0.6258772,0.3052762,
1,22,64.967,0.3951369,0.04145906,-0.7768024,0.3198091,-0.6425002,0.6258772,0.3052762,
1,22,64.969,0.3951022,0.0414528,-0.776817,0.3197944,-0.6424731,0.6258672,0.3053689,
1,22,64.971,0.3951022,0.0414528,-0.776817,0.3197944,-0.6424731,0.6258672,0.3053689,
1,22,64.973,0.3951022,0.0414528,-0.776817,0.3197944,-0.6424731,0.6258672,0.3053689,
1,22,64.975,0.3951022,0.0414528,-0.776817,0.3197944,-0.6424731,0.6258672,0.3053689,
1,22,64.977,0.3951109,0.0415235,-0.7767427,0.3198351,-0.6424913,0.6259096,0.3052012,
1,22,64.979,0.3951109,0.0415235,-0.7767427,0.3198351,-0.6424913,0.6259096,0.3052012,
1,22,64.981,0.3951109,0.0415235,-0.7767427,0.3198351,-0.6424913,0.6259096,0.3052012,
1,22,64.983,0.3951109,0.0415235,-0.7767427,0.3198351,-0.6424913,0.6259096,0.3052012,
1,22,64.985,0.3950966,0.04144511,-0.776758,0.3198108,-0.642536,0.6258547,0.3052449,
1,22,64.987,0.3950966,0.04144511,-0.776758,0.3198108,-0.642536,0.6258547,0.3052449,
1,22,64.989,0.3950966,0.04144511,-0.776758,0.3198108,-0.642536,0.6258547,0.3052449,
1,22,64.991,0.3950966,0.04144511,-0.776758,0.3198108,-0.642536,0.6258547,0.3052449,
1,22,64.993,0.3951112,0.04146421,-0.7767997,0.3197981,-0.6424851,0.6258898,0.3052935,
1,22,64.995,0.3951112,0.04146421,-0.7767997,0.3197981,-0.6424851,0.6258898,0.3052935,
1,22,64.997,0.3951112,0.04146421,-0.7767997,0.3197981,-0.6424851,0.6258898,0.3052935,
1,22,64.999,0.3951112,0.04146421,-0.7767997,0.3197981,-0.6424851,0.6258898,0.3052935,
1,22,65.001,0.3951306,0.04149355,-0.7768027,0.3198342,-0.6424747,0.625882,0.3052934,
1,22,65.003,0.3951306,0.04149355,-0.7768027,0.3198342,-0.6424747,0.625882,0.3052934,
1,22,65.005,0.3951306,0.04149355,-0.7768027,0.3198342,-0.6424747,0.625882,0.3052934,
1,22,65.007,0.3951306,0.04149355,-0.7768027,0.3198342,-0.6424747,0.625882,0.3052934,
1,22,65.009,0.395163,0.04135418,-0.7768589,0.3198737,-0.6425847,0.6257645,0.3052613,
1,22,65.011,0.395163,0.04135418,-0.7768589,0.3198737,-0.6425847,0.6257645,0.3052613,
1,22,65.013,0.395163,0.04135418,-0.7768589,0.3198737,-0.6425847,0.6257645,0.3052613,
1,22,65.015,0.395163,0.04135418,-0.7768589,0.3198737,-0.6425847,0.6257645,0.3052613,
1,22,65.017,0.395163,0.04135418,-0.7768589,0.3198737,-0.6425847,0.6257645,0.3052613,
1,22,65.019,0.3951794,0.04139122,-0.7769121,0.3198815,-0.6425114,0.6258101,0.3053141,
1,22,65.021,0.3951794,0.04139122,-0.7769121,0.3198815,-0.6425114,0.6258101,0.3053141,
1,22,65.023,0.3951794,0.04139122,-0.7769121,0.3198815,-0.6425114,0.6258101,0.3053141,
1,22,65.025,0.3951794,0.04139122,-0.7769121,0.3198815,-0.6425114,0.6258101,0.3053141,
1,22,65.027,0.3951475,0.04138117,-0.7768643,0.3198531,-0.6425245,0.6257969,0.3053433,
1,22,65.029,0.3951475,0.04138117,-0.7768643,0.3198531,-0.6425245,0.6257969,0.3053433,
1,22,65.031,0.3951475,0.04138117,-0.7768643,0.3198531,-0.6425245,0.6257969,0.3053433,
1,22,65.033,0.3951475,0.04138117,-0.7768643,0.3198531,-0.6425245,0.6257969,0.3053433,
1,22,65.035,0.3951385,0.04138416,-0.7768337,0.3198326,-0.6425452,0.6258168,0.3052807,
1,22,65.037,0.3951385,0.04138416,-0.7768337,0.3198326,-0.6425452,0.6258168,0.3052807,
1,22,65.039,0.3951385,0.04138416,-0.7768337,0.3198326,-0.6425452,0.6258168,0.3052807,
1,22,65.041,0.3951385,0.04138416,-0.7768337,0.3198326,-0.6425452,0.6258168,0.3052807,
1,22,65.043,0.3951223,0.04144713,-0.7768318,0.3198347,-0.6424813,0.6258565,0.3053314,
1,22,65.045,0.3951223,0.04144713,-0.7768318,0.3198347,-0.6424813,0.6258565,0.3053314,
1,22,65.047,0.3951223,0.04144713,-0.7768318,0.3198347,-0.6424813,0.6258565,0.3053314,
1,22,65.049,0.3951223,0.04144713,-0.7768318,0.3198347,-0.6424813,0.6258565,0.3053314,
1,22,65.051,0.3951402,0.04148378,-0.7768028,0.3198289,-0.6424917,0.62588,0.3052673,
1,22,65.053,0.3951402,0.04148378,-0.7768028,0.3198289,-0.6424917,0.62588,0.3052673,
1,22,65.055,0.3951402,0.04148378,-0.7768028,0.3198289,-0.6424917,0.62588,0.3052673,
1,22,65.057,0.3951402,0.04148378,-0.7768028,0.3198289,-0.6424917,0.62588,0.3052673,
1,22,65.059,0.3951163,0.04142554,-0.7768254,0.31985,-0.6425198,0.6258196,0.3053099,
1,22,65.061,0.3951163,0.04142554,-0.7768254,0.31985,-0.6425198,0.6258196,0.3053099,
1,22,65.063,0.3951163,0.04142554,-0.7768254,0.31985,-0.6425198,0.6258196,0.3053099,
1,22,65.065,0.3951163,0.04142554,-0.7768254,0.31985,-0.6425198,0.6258196,0.3053099,
1,22,65.067,0.3951163,0.04142554,-0.7768254,0.31985,-0.6425198,0.6258196,0.3053099,
1,22,65.069,0.3951742,0.04142684,-0.77686,0.3198586,-0.6425086,0.6258294,0.3053045,
1,22,65.071,0.3951742,0.04142684,-0.77686,0.3198586,-0.6425086,0.6258294,0.3053045,
1,22,65.073,0.3951742,0.04142684,-0.77686,0.3198586,-0.6425086,0.6258294,0.3053045,
1,22,65.075,0.3951742,0.04142684,-0.77686,0.3198586,-0.6425086,0.6258294,0.3053045,
1,22,65.077,0.395146,0.04142788,-0.7768385,0.3198375,-0.6425177,0.625842,0.3052815,
1,22,65.079,0.395146,0.04142788,-0.7768385,0.3198375,-0.6425177,0.625842,0.3052815,
1,22,65.081,0.395146,0.04142788,-0.7768385,0.3198375,-0.6425177,0.625842,0.3052815,
1,22,65.083,0.395146,0.04142788,-0.7768385,0.3198375,-0.6425177,0.625842,0.3052815,CourtEnter
1,22,65.085,0.3951381,0.04146038,-0.7768198,0.3198428,-0.642506,0.6258575,0.3052688,
1,22,65.087,0.3951381,0.04146038,-0.7768198,0.3198428,-0.642506,0.6258575,0.3052688,
1,22,65.089,0.3951381,0.04146038,-0.7768198,0.3198428,-0.642506,0.6258575,0.3052688,
1,22,65.091,0.3951381,0.04146038,-0.7768198,0.3198428,-0.642506,0.6258575,0.3052688,CourtExit
1,22,65.093,0.3951042,0.04143001,-0.7767746,0.3198469,-0.6425502,0.6258183,0.3052517,
1,22,65.095,0.3951042,0.04143001,-0.7767746,0.3198469,-0.6425502,0.6258183,0.3052517,
1,22,65.097,0.3951042,0.04143001,-0.7767746,0.3198469,-0.6425502,0.6258183,0.3052517,
1,22,65.099,0.3951042,0.04143001,-0.7767746,0.3198469,-0.6425502,0.6258183,0.3052517,
1,22,65.101,0.3951106,0.04141907,-0.7767817,0.3198228,-0.6425465,0.6258206,0.3052799,
1,22,65.103,0.3951106,0.04141907,-0.7767817,0.3198228,-0.6425465,0.6258206,0.3052799,
1,22,65.105,0.3951106,0.04141907,-0.7767817,0.3198228,-0.6425465,0.6258206,0.3052799,
1,22,65.107,0.3951106,0.04141907,-0.7767817,0.3198228,-0.6425465,0.6258206,0.3052799,
1,22,65.109,0.3951264,0.04136654,-0.7768118,0.3198341,-0.6425553,0.6258141,0.3052631,
1,22,65.111,0.3951264,0.04136654,-0.7768118,0.3198341,-0.6425553,0.6258141,0.3052631,
1,22,65.113,0.3951264,0.04136654,-0.7768118,0.3198341,-0.6425553,0.6258141,0.3052631,
1,22,65.115,0.3951264,0.04136654,-0.7768118,0.3198341,-0.6425553,0.6258141,0.3052631,
1,22,65.117,0.3951264,0.04136654,-0.7768118,0.3198341,-0.6425553,0.6258141,0.3052631,
1,22,65.119,0.3951226,0.04142331,-0.7768269,0.3198602,-0.6425004,0.625829,0.3053207,
1,22,65.121,0.3951226,0.04142331,-0.7768269,0.3198602,-0.6425004,0.625829,0.3053207,
1,22,65.123,0.3951226,0.04142331,-0.7768269,0.3198602,-0.6425004,0.625829,0.3053207,
1,22,65.125,0.3951226,0.04142331,-0.7768269,0.3198602,-0.6425004,0.625829,0.3053207,
1,22,65.127,0.3951156,0.0414319,-0.776832,0.3198275,-0.6424807,0.6258446,0.3053645,
1,22,65.129,0.3951156,0.0414319,-0.776832,0.3198275,-0.6424807,0.6258446,0.3053645,
1,22,65.131,0.3951156,0.0414319,-0.776832,0.3198275,-0.6424807,0.6258446,0.3053645,
1,22,65.133,0.3951156,0.0414319,-0.776832,0.3198275,-0.6424807,0.6258446,0.3053645,
1,22,65.135,0.395126,0.04143666,-0.7768073,0.319839,-0.6425028,0.6258591,0.3052761,
1,22,65.137,0.395126,0.04143666,-0.7768073,0.319839,-0.6425028,0.6258591,0.3052761,
1,22,65.139,0.395126,0.04143666,-0.7768073,0.319839,-0.6425028,0.6258591,0.3052761,
1,22,65.141,0.395126,0.04143666,-0.7768073,0.319839,-0.6425028,0.6258591,0.3052761,
1,22,65.143,0.3951011,0.04144811,-0.7767994,0.3198544,-0.6425126,0.625837,0.3052847,
1,22,65.145,0.3951011,0.04144811,-0.7767994,0.3198544,-0.6425126,0.625837,0.3052847,
1,22,65.147,0.3951011,0.04144811,-0.7767994,0.3198544,-0.6425126,0.625837,0.3052847,
1,22,65.149,0.3951011,0.04144811,-0.7767994,0.3198544,-0.6425126,0.625837,0.3052847,
1,22,65.151,0.3950932,0.04140297,-0.7768101,0.3198645,-0.6425214,0.6258143,0.3053023,
1,22,65.153,0.3950932,0.04140297,-0.7768101,0.3198645,-0.6425214,0.6258143,0.3053023,
1,22,65.155,0.3950932,0.04140297,-0.7768101,0.3198645,-0.6425214,0.6258143,0.3053023,
1,22,65.157,0.3950932,0.04140297,-0.7768101,0.3198645,-0.6425214,0.6258143,0.3053023,
1,22,65.159,0.3951421,0.04136238,-0.7768371,0.3198651,-0.6425668,0.6257632,0.3053109,
1,22,65.161,0.3951421,0.04136238,-0.7768371,0.3198651,-0.6425668,0.6257632,0.3053109,
1,22,65.163,0.3951421,0.04136238,-0.7768371,0.3198651,-0.6425668,0.6257632,0.3053109,
1,22,65.165,0.3951421,0.04136238,-0.7768371,0.3198651,-0.6425668,0.6257632,0.3053109,
1,22,65.167,0.3951421,0.04136238,-0.7768371,0.3198651,-0.6425668,0.6257632,0.3053109,
1,22,65.169,0.3950908,0.04144718,-0.7767634,0.3198284,-0.6425246,0.6258504,0.3052593,
1,22,65.171,0.3950908,0.04144718,-0.7767634,0.3198284,-0.6425246,0.6258504,0.3052593,
1,22,65.173,0.3950908,0.04144718,-0.7767634,0.3198284,-0.6425246,0.6258504,0.3052593,
1,22,65.175,0.3950908,0.04144718,-0.7767634,0.3198284,-0.6425246,0.6258504,0.3052593,
1,22,65.177,0.3951042,0.0414538,-0.7767615,0.3198313,-0.642536,0.6258616,0.3052092,
1,22,65.179,0.3951042,0.0414538,-0.7767615,0.3198313,-0.642536,0.6258616,0.3052092,
1,22,65.181,0.3951042,0.0414538,-0.7767615,0.3198313,-0.642536,0.6258616,0.3052092,
1,22,65.183,0.3951042,0.0414538,-0.7767615,0.3198313,-0.642536,0.6258616,0.3052092,
1,22,65.185,0.3950722,0.04144619,-0.7767487,0.3197869,-0.6425304,0.6258773,0.3052354,
1,22,65.187,0.3950722,0.04144619,-0.7767487,0.3197869,-0.6425304,0.6258773,0.3052354,
1,22,65.189,0.3950722,0.04144619,-0.7767487,0.3197869,-0.6425304,0.6258773,0.3052354,
1,22,65.191,0.3950722,0.04144619,-0.7767487,0.3197869,-0.6425304,0.6258773,0.3052354,
1,22,65.193,0.3951317,0.04143319,-0.7767883,0.3198581,-0.6425522,0.6258118,0.3052493,
1,22,65.195,0.3951317,0.04143319,-0.7767883,0.3198581,-0.6425522,0.6258118,0.3052493,
1,22,65.197,0.3951317,0.04143319,-0.7767883,0.3198581,-0.6425522,0.6258118,0.3052493,
1,22,65.199,0.3951317,0.04143319,-0.7767883,0.3198581,-0.6425522,0.6258118,0.3052493,
1,22,65.201,0.3951123,0.04138598,-0.7767839,0.319811,-0.6425648,0.6258178,0.3052596,
1,22,65.203,0.3951123,0.04138598,-0.7767839,0.319811,-0.6425648,0.6258178,0.3052596,
1,22,65.205,0.3951123,0.04138598,-0.7767839,0.319811,-0.6425648,0.6258178,0.3052596,
1,22,65.207,0.3951123,0.04138598,-0.7767839,0.319811,-0.6425648,0.6258178,0.3052596,
1,22,65.209,0.3950669,0.04138821,-0.7767762,0.3197653,-0.642526,0.625845,0.3053335,
1,22,65.211,0.3950669,0.04138821,-0.7767762,0.3197653,-0.642526,0.625845,0.3053335,
1,22,65.213,0.3950669,0.04138821,-0.7767762,0.3197653,-0.642526,0.625845,0.3053335,
1,22,65.215,0.3950669,0.04138821,-0.7767762,0.3197653,-0.642526,0.625845,0.3053335,
1,22,65.217,0.3950669,0.04138821,-0.7767762,0.3197653,-0.642526,0.625845,0.3053335,
1,22,65.219,0.3950759,0.04138549,-0.7767508,0.3197938,-0.6425791,0.6258267,0.3052297,
1,22,65.221,0.3950759,0.04138549,-0.7767508,0.3197938,-0.6425791,0.6258267,0.3052297,
1,22,65.223,0.3950759,0.04138549,-0.7767508,0.3197938,-0.6425791,0.6258267,0.3052297,
1,22,65.225,0.3950759,0.04138549,-0.7767508,0.3197938,-0.6425791,0.6258267,0.3052297,
1,22,65.227,0.3950683,0.04143167,-0.7767401,0.3197938,-0.642536,0.6258708,0.3052297,
1,22,65.229,0.3950683,0.04143167,-0.7767401,0.3197938,-0.642536,0.6258708,0.3052297,
1,22,65.231,0.3950683,0.04143167,-0.7767401,0.3197938,-0.642536,0.6258708,0.3052297,
1,22,65.233,0.3950683,0.04143167,-0.7767401,0.3197938,-0.642536,0.6258708,0.3052297,
1,22,65.235,0.3950642,0.04144433,-0.776716,0.3197826,-0.6425171,0.6258764,0.3052698,
1,22,65.237,0.3950642,0.04144433,-0.776716,0.3197826,-0.6425171,0.6258764,0.3052698,
1,22,65.239,0.3950642,0.04144433,-0.776716,0.3197826,-0.6425171,0.6258764,0.3052698,
1,22,65.241,0.3950642,0.04144433,-0.776716,0.3197826,-0.6425171,0.6258764,0.3052698,
1,22,65.243,0.3951,0.0413941,-0.776767,0.3198137,-0.6425586,0.6258312,0.3052425,
1,22,65.245,0.3951,0.0413941,-0.776767,0.3198137,-0.6425586,0.6258312,0.3052425,
1,22,65.247,0.3951,0.0413941,-0.776767,0.3198137,-0.6425586,0.6258312,0.3052425,
1,22,65.249,0.3951,0.0413941,-0.776767,0.3198137,-0.6425586,0.6258312,0.3052425,
1,22,65.251,0.3951141,0.04142971,-0.7767607,0.3198253,-0.6425458,0.6258479,0.3052232,
1,22,65.253,0.3951141,0.04142971,-0.7767607,0.3198253,-0.6425458,0.6258479,0.3052232,
1,22,65.255,0.3951141,0.04142971,-0.7767607,0.3198253,-0.6425458,0.6258479,0.3052232,
1,22,65.257,0.3951141,0.04142971,-0.7767607,0.3198253,-0.6425458,0.6258479,0.3052232,
1,22,65.259,0.3950575,0.04149553,-0.7767091,0.3198404,-0.6425144,0.6258755,0.3052167,
1,22,65.261,0.3950575,0.04149553,-0.7767091,0.3198404,-0.6425144,0.6258755,0.3052167,
1,22,65.263,0.3950575,0.04149553,-0.7767091,0.3198404,-0.6425144,0.6258755,0.3052167,
1,22,65.265,0.3950575,0.04149553,-0.7767091,0.3198404,-0.6425144,0.6258755,0.3052167,
1,22,65.267,0.3950575,0.04149553,-0.7767091,0.3198404,-0.6425144,0.6258755,0.3052167,
1,22,65.269,0.3950542,0.04146677,-0.7767002,0.3197894,-0.6425308,0.6259012,0.3051833,
1,22,65.271,0.3950542,0.04146677,-0.7767002,0.3197894,-0.6425308,0.6259012,0.3051833,
1,22,65.273,0.3950542,0.04146677,-0.7767002,0.3197894,-0.6425308,0.6259012,0.3051833,
1,22,65.275,0.3950542,0.04146677,-0.7767002,0.3197894,-0.6425308,0.6259012,0.3051833,
1,22,65.277,0.3950572,0.04142527,-0.7766986,0.3197983,-0.6425705,0.625869,0.3051561,
1,22,65.279,0.3950572,0.04142527,-0.7766986,0.3197983,-0.6425705,0.625869,0.3051561,
1,22,65.281,0.3950572,0.04142527,-0.7766986,0.3197983,-0.6425705,0.625869,0.3051561,
1,22,65.283,0.3950572,0.04142527,-0.7766986,0.3197983,-0.6425705,0.625869,0.3051561,
1,22,65.285,0.3950501,0.04141658,-0.7767211,0.3197689,-0.6425519,0.6258547,0.3052551,
1,22,65.287,0.3950501,0.04141658,-0.7767211,0.3197689,-0.6425519,0.6258547,0.3052551,
1,22,65.289,0.3950501,0.04141658,-0.7767211,0.3197689,-0.6425519,0.6258547,0.3052551,
1,22,65.291,0.3950501,0.04141658,-0.7767211,0.3197689,-0.6425519,0.6258547,0.3052551,
1,22,65.293,0.3951088,0.04140723,-0.7767822,0.3198142,-0.6425434,0.6258316,0.3052734,
1,22,65.295,0.3951088,0.04140723,-0.7767822,0.3198142,-0.6425434,0.6258316,0.3052734,
1,22,65.297,0.3951088,0.04140723,-0.7767822,0.3198142,-0.6425434,0.6258316,0.3052734,
1,22,65.299,0.3951088,0.04140723,-0.7767822,0.3198142,-0.6425434,0.6258316,0.3052734,
1,22,65.301,0.3950944,0.04137411,-0.7767932,0.3198157,-0.6425572,0.6257847,0.3053387,
1,22,65.303,0.3950944,0.04137411,-0.7767932,0.3198157,-0.6425572,0.6257847,0.3053387,
1,22,65.305,0.3950944,0.04137411,-0.7767932,0.3198157,-0.6425572,0.6257847,0.3053387,
1,22,65.307,0.3950944,0.04137411,-0.7767932,0.3198157,-0.6425572,0.6257847,0.3053387,
1,22,65.309,0.3951254,0.04145334,-0.7767957,0.3198086,-0.6425079,0.6258542,0.3053076,
1,22,65.311,0.3951254,0.04145334,-0.7767957,0.3198086,-0.6425079,0.6258542,0.3053076,
1,22,65.313,0.3951254,0.04145334,-0.7767957,0.3198086,-0.6425079,0.6258542,0.3053076,
1,22,65.315,0.3951254,0.04145334,-0.7767957,0.3198086,-0.6425079,0.6258542,0.3053076,
1,22,65.317,0.3951254,0.04145334,-0.7767957,0.3198086,-0.6425079,0.6258542,0.3053076,
1,22,65.319,0.3951064,0.04142689,-0.7767913,0.3198229,-0.6425331,0.6258267,0.3052958,
1,22,65.321,0.3951064,0.04142689,-0.7767913,0.3198229,-0.6425331,0.6258267,0.3052958,
1,22,65.323,0.3951064,0.04142689,-0.7767913,0.3198229,-0.6425331,0.6258267,0.3052958,
1,22,65.325,0.3951064,0.04142689,-0.7767913,0.3198229,-0.6425331,0.6258267,0.3052958,
1,22,65.327,0.3951027,0.04144689,-0.7767693,0.3197928,-0.6425115,0.6258572,0.3053104,
1,22,65.329,0.3951027,0.04144689,-0.7767693,0.3197928,-0.6425115,0.6258572,0.3053104,
1,22,65.331,0.3951027,0.04144689,-0.7767693,0.3197928,-0.6425115,0.6258572,0.3053104,
1,22,65.333,0.3951027,0.04144689,-0.7767693,0.3197928,-0.6425115,0.6258572,0.3053104,
1,22,65.335,0.3951131,0.04130316,-0.7768272,0.3197947,-0.6426093,0.625765,0.3052917,
1,22,65.337,0.3951131,0.04130316,-0.7768272,0.3197947,-0.6426093,0.625765,0.3052917,
1,22,65.339,0.3951131,0.04130316,-0.7768272,0.3197947,-0.6426093,0.625765,0.3052917,
1,22,65.341,0.3951131,0.04130316,-0.7768272,0.3197947,-0.6426093,0.625765,0.3052917,
1,22,65.343,0.3951083,0.04139286,-0.7767955,0.3198358,-0.6425651,0.6258142,0.3052407,
1,22,65.345,0.3951083,0.04139286,-0.7767955,0.3198358,-0.6425651,0.6258142,0.3052407,
1,22,65.347,0.3951083,0.04139286,-0.7767955,0.3198358,-0.6425651,0.6258142,0.3052407,
1,22,65.349,0.3951083,0.04139286,-0.7767955,0.3198358,-0.6425651,0.6258142,0.3052407,
1,22,65.351,0.3950981,0.04147441,-0.7767304,0.3198292,-0.6425329,0.6258568,0.305228,
1,22,65.353,0.3950981,0.04147441,-0.7767304,0.3198292,-0.6425329,0.6258568,0.305228,
1,22,65.355,0.3950981,0.04147441,-0.7767304,0.3198292,-0.6425329,0.6258568,0.305228,
1,22,65.357,0.3950981,0.04147441,-0.7767304,0.3198292,-0.6425329,0.6258568,0.305228,
1,22,65.359,0.3951313,0.04139408,-0.7768462,0.3198703,-0.642526,0.6257886,0.3053392,
1,22,65.361,0.3951313,0.04139408,-0.7768462,0.3198703,-0.642526,0.6257886,0.3053392,
1,22,65.363,0.3951313,0.04139408,-0.7768462,0.3198703,-0.642526,0.6257886,0.3053392,
1,22,65.365,0.3951313,0.04139408,-0.7768462,0.3198703,-0.642526,0.6257886,0.3053392,
1,22,65.367,0.3951313,0.04139408,-0.7768462,0.3198703,-0.642526,0.6257886,0.3053392,
1,22,65.369,0.3951355,0.04144169,-0.7768121,0.3197835,-0.6424984,0.6258548,0.3053527,
1,22,65.371,0.3951355,0.04144169,-0.7768121,0.3197835,-0.6424984,0.6258548,0.3053527,
1,22,65.373,0.3951355,0.04144169,-0.7768121,0.3197835,-0.6424984,0.6258548,0.3053527,
1,22,65.375,0.3951355,0.04144169,-0.7768121,0.3197835,-0.6424984,0.6258548,0.3053527,
1,22,65.377,0.3951243,0.04142272,-0.7767866,0.3198051,-0.6425417,0.6258537,0.305241,
1,22,65.379,0.3951243,0.04142272,-0.7767866,0.3198051,-0.6425417,0.6258537,0.305241,
1,22,65.381,0.3951243,0.04142272,-0.7767866,0.3198051,-0.6425417,0.6258537,0.305241,
1,22,65.383,0.3951243,0.04142272,-0.7767866,0.3198051,-0.6425417,0.6258537,0.305241,
1,22,65.385,0.3951086,0.04137951,-0.7768123,0.3198037,-0.6425483,0.6258366,0.3052637,
1,22,65.387,0.3951086,0.04137951,-0.7768123,0.3198037,-0.6425483,0.6258366,0.3052637,
1,22,65.389,0.3951086,0.04137951,-0.7768123,0.3198037,-0.6425483,0.6258366,0.3052637,
1,22,65.391,0.3951086,0.04137951,-0.7768123,0.3198037,-0.6425483,0.6258366,0.3052637,
1,22,65.393,0.3951091,0.04146021,-0.7767954,0.3197883,-0.6424883,0.6258968,0.3052828,
1,22,65.395,0.3951091,0.04146021,-0.7767954,0.3197883,-0.6424883,0.6258968,0.3052828,
1,22,65.397,0.3951091,0.04146021,-0.7767954,0.3197883,-0.6424883,0.6258968,0.3052828,
1,22,65.399,0.3951091,0.04146021,-0.7767954,0.3197883,-0.6424883,0.6258968,0.3052828,
1,22,65.401,0.3951511,0.0414452,-0.7768343,0.3198301,-0.6424917,0.6258651,0.3052964,
1,22,65.403,0.3951511,0.0414452,-0.7768343,0.3198301,-0.6424917,0.6258651,0.3052964,
1,22,65.405,0.3951511,0.0414452,-0.7768343,0.3198301,-0.6424917,0.6258651,0.3052964,
1,22,65.407,0.3951511,0.0414452,-0.7768343,0.3198301,-0.6424917,0.6258651,0.3052964,
1,22,65.409,0.3951431,0.04139512,-0.7768178,0.3198461,-0.6425616,0.6258161,0.3052335,
1,22,65.411,0.3951431,0.04139512,-0.7768178,0.3198461,-0.6425616,0.6258161,0.3052335,
1,22,65.413,0.3951431,0.04139512,-0.7768178,0.3198461,-0.6425616,0.6258161,0.3052335,
1,22,65.415,0.3951431,0.04139512,-0.7768178,0.3198461,-0.6425616,0.6258161,0.3052335,
1,22,65.417,0.3951431,0.04139512,-0.7768178,0.3198461,-0.6425616,0.6258161,0.3052335,
1,22,65.419,0.3951168,0.04140845,-0.7768735,0.3198635,-0.6424736,0.6258097,0.3054133,
1,22,65.421,0.3951168,0.04140845,-0.7768735,0.3198635,-0.6424736,0.6258097,0.3054133,
1,22,65.423,0.3951168,0.04140845,-0.7768735,0.3198635,-0.6424736,0.6258097,0.3054133,
1,22,65.425,0.3951168,0.04140845,-0.7768735,0.3198635,-0.6424736,0.6258097,0.3054133,
1,22,65.427,0.3951513,0.04143517,-0.7768539,0.3199053,-0.6424929,0.6257885,0.3053724,
1,22,65.429,0.3951513,0.04143517,-0.7768539,0.3199053,-0.6424929,0.6257885,0.3053724,
1,22,65.431,0.3951513,0.04143517,-0.7768539,0.3199053,-0.6424929,0.6257885,0.3053724,
1,22,65.433,0.3951513,0.04143517,-0.7768539,0.3199053,-0.6424929,0.6257885,0.3053724,
1,22,65.435,0.3951258,0.04144401,-0.7768406,0.3198457,-0.6424853,0.6258363,0.305353,
1,22,65.437,0.3951258,0.04144401,-0.7768406,0.3198457,-0.6424853,0.6258363,0.305353,
1,22,65.439,0.3951258,0.04144401,-0.7768406,0.3198457,-0.6424853,0.6258363,0.305353,
1,22,65.441,0.3951258,0.04144401,-0.7768406,0.3198457,-0.6424853,0.6258363,0.305353,
1,22,65.443,0.3951373,0.0413999,-0.7768832,0.3198548,-0.6425026,0.6258224,0.3053353,
1,22,65.445,0.3951373,0.0413999,-0.7768832,0.3198548,-0.6425026,0.6258224,0.3053353,
1,22,65.447,0.3951373,0.0413999,-0.7768832,0.3198548,-0.6425026,0.6258224,0.3053353,
1,22,65.449,0.3951373,0.0413999,-0.7768832,0.3198548,-0.6425026,0.6258224,0.3053353,
1,22,65.451,0.3951023,0.04139869,-0.7767875,0.319847,-0.6425619,0.6258205,0.3052225,
1,22,65.453,0.3951023,0.04139869,-0.7767875,0.319847,-0.6425619,0.6258205,0.3052225,
1,22,65.455,0.3951023,0.04139869,-0.7767875,0.319847,-0.6425619,0.6258205,0.3052225,
1,22,65.457,0.3951023,0.04139869,-0.7767875,0.319847,-0.6425619,0.6258205,0.3052225,
1,22,65.459,0.3951133,0.04143823,-0.7768239,0.3198292,-0.6424994,0.6258628,0.305286,
1,22,65.461,0.3951133,0.04143823,-0.7768239,0.3198292,-0.6424994,0.6258628,0.305286,
1,22,65.463,0.3951133,0.04143823,-0.7768239,0.3198292,-0.6424994,0.6258628,0.305286,
1,22,65.465,0.3951133,0.04143823,-0.7768239,0.3198292,-0.6424994,0.6258628,0.305286,
1,22,65.467,0.3951133,0.04143823,-0.7768239,0.3198292,-0.6424994,0.6258628,0.305286,
1,22,65.469,0.3951204,0.041453,-0.7768171,0.3198331,-0.6424937,0.6258495,0.3053213,
1,22,65.471,0.3951204,0.041453,-0.7768171,0.3198331,-0.6424937,0.6258495,0.3053213,
1,22,65.473,0.3951204,0.041453,-0.7768171,0.3198331,-0.6424937,0.6258495,0.3053213,
1,22,65.475,0.3951204,0.041453,-0.7768171,0.3198331,-0.6424937,0.6258495,0.3053213,
1,22,65.477,0.3950856,0.04143965,-0.7767758,0.3197916,-0.6425173,0.6258677,0.3052776,
1,22,65.479,0.3950856,0.04143965,-0.7767758,0.3197916,-0.6425173,0.6258677,0.3052776,
1,22,65.481,0.3950856,0.04143965,-0.7767758,0.3197916,-0.6425173,0.6258677,0.3052776,
1,22,65.483,0.3950856,0.04143965,-0.7767758,0.3197916,-0.6425173,0.6258677,0.3052776,
1,22,65.485,0.3950831,0.041457,-0.7767682,0.3198094,-0.6425051,0.6258801,0.3052595,
1,22,65.487,0.3950831,0.041457,-0.7767682,0.3198094,-0.6425051,0.6258801,0.3052595,
1,22,65.489,0.3950831,0.041457,-0.7767682,0.3198094,-0.6425051,0.6258801,0.3052595,
1,22,65.491,0.3950831,0.041457,-0.7767682,0.3198094,-0.6425051,0.6258801,0.3052595,
1,22,65.493,0.3950951,0.0414658,-0.776777,0.319823,-0.6425164,0.6258711,0.30524,
1,22,65.495,0.3950951,0.0414658,-0.776777,0.319823,-0.6425164,0.6258711,0.30524,
1,22,65.497,0.3950951,0.0414658,-0.776777,0.319823,-0.6425164,0.6258711,0.30524,
1,22,65.499,0.3950951,0.0414658,-0.776777,0.319823,-0.6425164,0.6258711,0.30524,
1,22,65.501,0.3950865,0.0414248,-0.7767382,0.3197854,-0.6425598,0.625861,0.3052086,
1,22,65.503,0.3950865,0.0414248,-0.7767382,0.3197854,-0.6425598,0.625861,0.3052086,
1,22,65.505,0.3950865,0.0414248,-0.7767382,0.3197854,-0.6425598,0.625861,0.3052086,
1,22,65.507,0.3950865,0.0414248,-0.7767382,0.3197854,-0.6425598,0.625861,0.3052086,
1,22,65.509,0.3950718,0.0413819,-0.7767553,0.3197769,-0.6425645,0.625847,0.3052363,
1,22,65.511,0.3950718,0.0413819,-0.7767553,0.3197769,-0.6425645,0.625847,0.3052363,
1,22,65.513,0.3950718,0.0413819,-0.7767553,0.3197769,-0.6425645,0.625847,0.3052363,
1,22,65.515,0.3950718,0.0413819,-0.7767553,0.3197769,-0.6425645,0.625847,0.3052363,
1,22,65.517,0.3950718,0.0413819,-0.7767553,0.3197769,-0.6425645,0.625847,0.3052363,
1,22,65.519,0.395083,0.04146872,-0.776733,0.3197984,-0.6425214,0.6258837,0.3052292,
1,22,65.521,0.395083,0.04146872,-0.776733,0.3197984,-0.6425214,0.6258837,0.3052292,
1,22,65.523,0.395083,0.04146872,-0.776733,0.3197984,-0.6425214,0.6258837,0.3052292,
1,22,65.525,0.395083,0.04146872,-0.776733,0.3197984,-0.6425214,0.6258837,0.3052292,
1,22,65.527,0.3950627,0.04144817,-0.7767346,0.3198082,-0.6425332,0.6258731,0.3052158,
1,22,65.529,0.3950627,0.04144817,-0.7767346,0.3198082,-0.6425332,0.6258731,0.3052158,
1,22,65.531,0.3950627,0.04144817,-0.7767346,0.3198082,-0.6425332,0.6258731,0.3052158,
1,22,65.533,0.3950627,0.04144817,-0.7767346,0.3198082,-0.6425332,0.6258731,0.3052158,
1,22,65.535,0.3951001,0.04144685,-0.7767607,0.3198467,-0.6425518,0.6258344,0.3052157,
1,22,65.537,0.3951001,0.04144685,-0.7767607,0.3198467,-0.6425518,0.6258344,0.3052157,
1,22,65.539,0.3951001,0.04144685,-0.7767607,0.3198467,-0.6425518,0.6258344,0.3052157,
1,22,65.541,0.3951001,0.04144685,-0.7767607,0.3198467,-0.6425518,0.6258344,0.3052157,
1,22,65.543,0.3951383,0.04141765,-0.7767913,0.3198407,-0.6425657,0.6258298,0.3052021,
1,22,65.545,0.3951383,0.04141765,-0.7767913,0.3198407,-0.6425657,0.6258298,0.3052021,
1,22,65.547,0.3951383,0.04141765,-0.7767913,0.3198407,-0.6425657,0.6258298,0.3052021,
1,22,65.549,0.3951383,0.04141765,-0.7767913,0.3198407,-0.6425657,0.6258298,0.3052021,
1,22,65.551,0.3951105,0.04138944,-0.7767937,0.3198299,-0.6425806,0.625811,0.3052207,
1,22,65.553,0.3951105,0.04138944,-0.7767937,0.3198299,-0.6425806,0.625811,0.3052207,
1,22,65.555,0.3951105,0.04138944,-0.7767937,0.3198299,-0.6425806,0.625811,0.3052207,
1,22,65.557,0.3951105,0.04138944,-0.7767937,0.3198299,-0.6425806,0.625811,0.3052207,
1,22,65.559,0.3951063,0.04141026,-0.7767715,0.3198119,-0.6425728,0.6258422,0.3051921,
1,22,65.561,0.3951063,0.04141026,-0.7767715,0.3198119,-0.6425728,0.6258422,0.3051921,
1,22,65.563,0.3951063,0.04141026,-0.7767715,0.3198119,-0.6425728,0.6258422,0.3051921,
1,22,65.565,0.3951063,0.04141026,-0.7767715,0.3198119,-0.6425728,0.6258422,0.3051921,
1,22,65.567,0.3951063,0.04141026,-0.7767715,0.3198119,-0.6425728,0.6258422,0.3051921,
1,22,65.569,0.3950602,0.04144084,-0.7767342,0.3197798,-0.6425535,0.6258725,0.3052041,
1,22,65.571,0.3950602,0.04144084,-0.7767342,0.3197798,-0.6425535,0.6258725,0.3052041,
1,22,65.573,0.3950602,0.04144084,-0.7767342,0.3197798,-0.6425535,0.6258725,0.3052041,
1,22,65.575,0.3950602,0.04144084,-0.7767342,0.3197798,-0.6425535,0.6258725,0.3052041,
1,22,65.577,0.3951403,0.04146194,-0.7768276,0.3198582,-0.6424915,0.6258424,0.3053142,
1,22,65.579,0.3951403,0.04146194,-0.7768276,0.3198582,-0.6424915,0.6258424,0.3053142,
1,22,65.581,0.3951403,0.04146194,-0.7768276,0.3198582,-0.6424915,0.6258424,0.3053142,
1,22,65.583,0.3951403,0.04146194,-0.7768276,0.3198582,-0.6424915,0.6258424,0.3053142,
1,22,65.585,0.3951228,0.04145383,-0.7768061,0.3198423,-0.6425176,0.6258397,0.3052814,
1,22,65.587,0.3951228,0.04145383,-0.7768061,0.3198423,-0.6425176,0.6258397,0.3052814,
1,22,65.589,0.3951228,0.04145383,-0.7768061,0.3198423,-0.6425176,0.6258397,0.3052814,
1,22,65.591,0.3951228,0.04145383,-0.7768061,0.3198423,-0.6425176,0.6258397,0.3052814,
1,22,65.593,0.3951519,0.04141576,-0.7768605,0.3198786,-0.6425196,0.6257908,0.3053394,
1,22,65.595,0.3951519,0.04141576,-0.7768605,0.3198786,-0.6425196,0.6257908,0.3053394,
1,22,65.597,0.3951519,0.04141576,-0.7768605,0.3198786,-0.6425196,0.6257908,0.3053394,
1,22,65.599,0.3951519,0.04141576,-0.7768605,0.3198786,-0.6425196,0.6257908,0.3053394,
1,22,65.601,0.3950891,0.04144342,-0.7767798,0.3198321,-0.6425148,0.6258499,0.3052774,
1,22,65.603,0.3950891,0.04144342,-0.7767798,0.3198321,-0.6425148,0.6258499,0.3052774,
1,22,65.605,0.3950891,0.04144342,-0.7767798,0.3198321,-0.6425148,0.6258499,0.3052774,
1,22,65.607,0.3950891,0.04144342,-0.7767798,0.3198321,-0.6425148,0.6258499,0.3052774,
1,22,65.609,0.3950915,0.04148851,-0.7767439,0.3198497,-0.6425352,0.6258707,0.3051732,
1,22,65.611,0.3950915,0.04148851,-0.7767439,0.3198497,-0.6425352,0.6258707,0.3051732,
1,22,65.613,0.3950915,0.04148851,-0.7767439,0.3198497,-0.6425352,0.6258707,0.3051732,
1,22,65.615,0.3950915,0.04148851,-0.7767439,0.3198497,-0.6425352,0.6258707,0.3051732,
1,22,65.617,0.3950915,0.04148851,-0.7767439,0.3198497,-0.6425352,0.6258707,0.3051732,
1,22,65.619,0.3950958,0.04141944,-0.7767602,0.3198364,-0.6425674,0.6258402,0.3051818,
1,22,65.621,0.3950958,0.04141944,-0.7767602,0.3198364,-0.6425674,0.6258402,0.3051818,
1,22,65.623,0.3950958,0.04141944,-0.7767602,0.3198364,-0.6425674,0.6258402,0.3051818,
1,22,65.625,0.3950958,0.04141944,-0.7767602,0.3198364,-0.6425674,0.6258402,0.3051818,
1,22,65.627,0.3951458,0.04136725,-0.7768293,0.3198738,-0.6425967,0.6257768,0.3052108,
1,22,65.629,0.3951458,0.04136725,-0.7768293,0.3198738,-0.6425967,0.6257768,0.3052108,
1,22,65.631,0.3951458,0.04136725,-0.7768293,0.3198738,-0.6425967,0.6257768,0.3052108,
1,22,65.633,0.3951458,0.04136725,-0.7768293,0.3198738,-0.6425967,0.6257768,0.3052108,
1,22,65.635,0.3951042,0.04142271,-0.7767966,0.3198564,-0.6425567,0.6258225,0.3052195,
1,22,65.637,0.3951042,0.04142271,-0.7767966,0.3198564,-0.6425567,0.6258225,0.3052195,
1,22,65.639,0.3951042,0.04142271,-0.7767966,0.3198564,-0.6425567,0.6258225,0.3052195,
1,22,65.641,0.3951042,0.04142271,-0.7767966,0.3198564,-0.6425567,0.6258225,0.3052195,
1,22,65.643,0.3951404,0.04133521,-0.7768487,0.3198496,-0.6425941,0.6257706,0.3052543,
1,22,65.645,0.3951404,0.04133521,-0.7768487,0.3198496,-0.6425941,0.6257706,0.3052543,
1,22,65.647,0.3951404,0.04133521,-0.7768487,0.3198496,-0.6425941,0.6257706,0.3052543,
1,22,65.649,0.3951404,0.04133521,-0.7768487,0.3198496,-0.6425941,0.6257706,0.3052543,
1,22,65.651,0.3951655,0.0412745,-0.7769395,0.3198741,-0.6425742,0.6257076,0.3053997,
1,22,65.653,0.3951655,0.0412745,-0.7769395,0.3198741,-0.6425742,0.6257076,0.3053997,
1,22,65.655,0.3951655,0.0412745,-0.7769395,0.3198741,-0.6425742,0.6257076,0.3053997,
1,22,65.657,0.3951655,0.0412745,-0.7769395,0.3198741,-0.6425742,0.6257076,0.3053997,
1,22,65.659,0.3951039,0.0413567,-0.776831,0.3198226,-0.6425414,0.6257856,0.3053627,
1,22,65.661,0.3951039,0.0413567,-0.776831,0.3198226,-0.6425414,0.6257856,0.3053627,
1,22,65.663,0.3951039,0.0413567,-0.776831,0.3198226,-0.6425414,0.6257856,0.3053627,
1,22,65.665,0.3951039,0.0413567,-0.776831,0.3198226,-0.6425414,0.6257856,0.3053627,
1,22,65.667,0.3951039,0.0413567,-0.776831,0.3198226,-0.6425414,0.6257856,0.3053627,
1,22,65.669,0.3951338,0.0413875,-0.7768342,0.3198757,-0.642558,0.6258034,0.3052358,
1,22,65.671,0.3951338,0.0413875,-0.7768342,0.3198757,-0.642558,0.6258034,0.3052358,
1,22,65.673,0.3951338,0.0413875,-0.7768342,0.3198757,-0.642558,0.6258034,0.3052358,
1,22,65.675,0.3951338,0.0413875,-0.7768342,0.3198757,-0.642558,0.6258034,0.3052358,
1,22,65.677,0.3951152,0.04140859,-0.7768015,0.3198617,-0.6425548,0.6258197,0.3052236,
1,22,65.679,0.3951152,0.04140859,-0.7768015,0.3198617,-0.6425548,0.6258197,0.3052236,
1,22,65.681,0.3951152,0.04140859,-0.7768015,0.3198617,-0.6425548,0.6258197,0.3052236,
1,22,65.683,0.3951152,0.04140859,-0.7768015,0.3198617,-0.6425548,0.6258197,0.3052236,
1,22,65.685,0.3951036,0.041413,-0.7768152,0.3198798,-0.6425398,0.6258019,0.3052729,
1,22,65.687,0.3951036,0.041413,-0.7768152,0.3198798,-0.6425398,0.6258019,0.3052729,
1,22,65.689,0.3951036,0.041413,-0.7768152,0.3198798,-0.6425398,0.6258019,0.3052729,
1,22,65.691,0.3951036,0.041413,-0.7768152,0.3198798,-0.6425398,0.6258019,0.3052729,
1,22,65.693,0.3951371,0.04147859,-0.7768455,0.3198943,-0.6424664,0.6258409,0.3053322,
1,22,65.695,0.3951371,0.04147859,-0.7768455,0.3198943,-0.6424664,0.6258409,0.3053322,
1,22,65.697,0.3951371,0.04147859,-0.7768455,0.3198943,-0.6424664,0.6258409,0.3053322,
1,22,65.699,0.3951371,0.04147859,-0.7768455,0.3198943,-0.6424664,0.6258409,0.3053322,
1,22,65.701,0.3951482,0.04151032,-0.776807,0.3198741,-0.6424861,0.6258545,0.3052841,
1,22,65.703,0.3951482,0.04151032,-0.776807,0.3198741,-0.6424861,0.6258545,0.3052841,
1,22,65.705,0.3951482,0.04151032,-0.776807,0.3198741,-0.6424861,0.6258545,0.3052841,
1,22,65.707,0.3951482,0.04151032,-0.776807,0.3198741,-0.6424861,0.6258545,0.3052841,
1,22,65.709,0.3951152,0.04140293,-0.7768061,0.3199029,-0.6425809,0.6257914,0.3051837,
1,22,65.711,0.3951152,0.04140293,-0.7768061,0.3199029,-0.6425809,0.6257914,0.3051837,
1,22,65.713,0.3951152,0.04140293,-0.7768061,0.3199029,-0.6425809,0.6257914,0.3051837,
1,22,65.715,0.3951152,0.04140293,-0.7768061,0.3199029,-0.6425809,0.6257914,0.3051837,
1,22,65.717,0.3951152,0.04140293,-0.7768061,0.3199029,-0.6425809,0.6257914,0.3051837,
1,22,65.719,0.3951163,0.04145708,-0.7767894,0.3199087,-0.6425474,0.6258252,0.305179,
1,22,65.721,0.3951163,0.04145708,-0.7767894,0.3199087,-0.6425474,0.6258252,0.305179,
1,22,65.723,0.3951163,0.04145708,-0.7767894,0.3199087,-0.6425474,0.6258252,0.305179,
1,22,65.725,0.3951163,0.04145708,-0.7767894,0.3199087,-0.6425474,0.6258252,0.305179,
1,22,65.727,0.395126,0.0414022,-0.7768295,0.319903,-0.6425614,0.6257908,0.3052258,
1,22,65.729,0.395126,0.0414022,-0.7768295,0.319903,-0.6425614,0.6257908,0.3052258,
1,22,65.731,0.395126,0.0414022,-0.7768295,0.319903,-0.6425614,0.6257908,0.3052258,
1,22,65.733,0.395126,0.0414022,-0.7768295,0.319903,-0.6425614,0.6257908,0.3052258,
1,22,65.735,0.3951011,0.04144659,-0.7767844,0.3198805,-0.6425526,0.6258307,0.305186,
1,22,65.737,0.3951011,0.04144659,-0.7767844,0.3198805,-0.6425526,0.6258307,0.305186,
1,22,65.739,0.3951011,0.04144659,-0.7767844,0.3198805,-0.6425526,0.6258307,0.305186,
1,22,65.741,0.3951011,0.04144659,-0.7767844,0.3198805,-0.6425526,0.6258307,0.305186,
1,22,65.743,0.3951024,0.04137903,-0.7767781,0.3198734,-0.6425894,0.6257926,0.3051943,
1,22,65.745,0.3951024,0.04137903,-0.7767781,0.3198734,-0.6425894,0.6257926,0.3051943,
1,22,65.747,0.3951024,0.04137903,-0.7767781,0.3198734,-0.6425894,0.6257926,0.3051943,
1,22,65.749,0.3951024,0.04137903,-0.7767781,0.3198734,-0.6425894,0.6257926,0.3051943,
1,22,65.751,0.3951025,0.04136924,-0.776817,0.3198802,-0.6425823,0.6257871,0.3052135,
1,22,65.753,0.3951025,0.04136924,-0.776817,0.3198802,-0.6425823,0.6257871,0.3052135,
1,22,65.755,0.3951025,0.04136924,-0.776817,0.3198802,-0.6425823,0.6257871,0.3052135,CourtEnter
1,22,65.757,0.3951025,0.04136924,-0.776817,0.3198802,-0.6425823,0.6257871,0.3052135,
1,22,65.759,0.395129,0.04146179,-0.7767818,0.3198928,-0.642544,0.6258382,0.3051762,
1,22,65.761,0.395129,0.04146179,-0.7767818,0.3198928,-0.642544,0.6258382,0.3051762,
1,22,65.763,0.395129,0.04146179,-0.7767818,0.3198928,-0.642544,0.6258382,0.3051762,
1,22,65.765,0.395129,0.04146179,-0.7767818,0.3198928,-0.642544,0.6258382,0.3051762,
1,22,65.767,0.395129,0.04146179,-0.7767818,0.3198928,-0.642544,0.6258382,0.3051762,CourtExit
1,22,65.769,0.3951095,0.04136287,-0.7768158,0.3199063,-0.6425971,0.6257645,0.3052011,
1,22,65.771,0.3951095,0.04136287,-0.7768158,0.3199063,-0.6425971,0.6257645,0.3052011,
1,22,65.773,0.3951095,0.04136287,-0.7768158,0.3199063,-0.6425971,0.6257645,0.3052011,
1,22,65.775,0.3951095,0.04136287,-0.7768158,0.3199063,-0.6425971,0.6257645,0.3052011,
1,22,65.777,0.3951288,0.04144836,-0.7767931,0.3198866,-0.642554,0.6258253,0.3051878,
1,22,65.779,0.3951288,0.04144836,-0.7767931,0.3198866,-0.642554,0.6258253,0.3051878,
1,22,65.781,0.3951288,0.04144836,-0.7767931,0.3198866,-0.642554,0.6258253,0.3051878,
1,22,65.783,0.3951288,0.04144836,-0.7767931,0.3198866,-0.642554,0.6258253,0.3051878,
1,22,65.785,0.3950907,0.04141136,-0.7768204,0.3198913,-0.6425415,0.6257975,0.3052664,
1,22,65.787,0.3950907,0.04141136,-0.7768204,0.3198913,-0.6425415,0.6257975,0.3052664,
1,22,65.789,0.3950907,0.04141136,-0.7768204,0.3198913,-0.6425415,0.6257975,0.3052664,
1,22,65.791,0.3950907,0.04141136,-0.7768204,0.3198913,-0.6425415,0.6257975,0.3052664,
1,22,65.793,0.3951623,0.04139332,-0.7768998,0.3198886,-0.6425147,0.6257911,0.3053385,
1,22,65.795,0.3951623,0.04139332,-0.7768998,0.3198886,-0.6425147,0.6257911,0.3053385,
1,22,65.797,0.3951623,0.04139332,-0.7768998,0.3198886,-0.6425147,0.6257911,0.3053385,
1,22,65.799,0.3951623,0.04139332,-0.7768998,0.3198886,-0.6425147,0.6257911,0.3053385,
1,22,65.801,0.3951738,0.04139957,-0.7768692,0.3198693,-0.6425166,0.6257973,0.3053423,
1,22,65.803,0.3951738,0.04139957,-0.7768692,0.3198693,-0.6425166,0.6257973,0.3053423,
1,22,65.805,0.3951738,0.04139957,-0.7768692,0.3198693,-0.6425166,0.6257973,0.3053423,
1,22,65.807,0.3951738,0.04139957,-0.7768692,0.3198693,-0.6425166,0.6257973,0.3053423,
1,22,65.809,0.3951331,0.04139892,-0.7768429,0.319864,-0.6425376,0.6258171,0.305263,
1,22,65.811,0.3951331,0.04139892,-0.7768429,0.319864,-0.6425376,0.6258171,0.305263,
1,22,65.813,0.3951331,0.04139892,-0.7768429,0.319864,-0.6425376,0.6258171,0.305263,
1,22,65.815,0.3951331,0.04139892,-0.7768429,0.319864,-0.6425376,0.6258171,0.305263,
1,22,65.817,0.3951331,0.04139892,-0.7768429,0.319864,-0.6425376,0.6258171,0.305263,
1,22,65.819,0.3950931,0.0414704,-0.7767726,0.3198399,-0.6425086,0.6258819,0.3052166,
1,22,65.821,0.3950931,0.0414704,-0.7767726,0.3198399,-0.6425086,0.6258819,0.3052166,
1,22,65.823,0.3950931,0.0414704,-0.7767726,0.3198399,-0.6425086,0.6258819,0.3052166,
1,22,65.825,0.3950931,0.0414704,-0.7767726,0.3198399,-0.6425086,0.6258819,0.3052166,
1,22,65.827,0.3951109,0.04146821,-0.7767594,0.3198531,-0.6425309,0.6258656,0.305189,
1,22,65.829,0.3951109,0.04146821,-0.7767594,0.3198531,-0.6425309,0.6258656,0.305189,
1,22,65.831,0.3951109,0.04146821,-0.7767594,0.3198531,-0.6425309,0.6258656,0.305189,
1,22,65.833,0.3951109,0.04146821,-0.7767594,0.3198531,-0.6425309,0.6258656,0.305189,
1,22,65.835,0.3951333,0.04140005,-0.776837,0.3198422,-0.6425302,0.6258302,0.3052745,
1,22,65.837,0.3951333,0.04140005,-0.776837,0.3198422,-0.6425302,0.6258302,0.3052745,
1,22,65.839,0.3951333,0.04140005,-0.776837,0.3198422,-0.6425302,0.6258302,0.3052745,
1,22,65.841,0.3951333,0.04140005,-0.776837,0.3198422,-0.6425302,0.6258302,0.3052745,
1,22,65.843,0.3950658,0.04142491,-0.7767606,0.3197941,-0.6425428,0.6258581,0.3052411,
1,22,65.845,0.3950658,0.04142491,-0.7767606,0.3197941,-0.6425428,0.6258581,0.3052411,
1,22,65.847,0.3950658,0.04142491,-0.7767606,0.3197941,-0.6425428,0.6258581,0.3052411,
1,22,65.849,0.3950658,0.04142491,-0.7767606,0.3197941,-0.6425428,0.6258581,0.3052411,
1,22,65.851,0.3950844,0.04147368,-0.7767541,0.3198434,-0.6425174,0.625868,0.3052226,
1,22,65.853,0.3950844,0.04147368,-0.7767541,0.3198434,-0.6425174,0.625868,0.3052226,
1,22,65.855,0.3950844,0.04147368,-0.7767541,0.3198434,-0.6425174,0.625868,0.3052226,
1,22,65.857,0.3950844,0.04147368,-0.7767541,0.3198434,-0.6425174,0.625868,0.3052226,
1,22,65.859,0.3951106,0.04145025,-0.7768145,0.3198741,-0.642517,0.6258503,0.3052278,
1,22,65.861,0.3951106,0.04145025,-0.7768145,0.3198741,-0.642517,0.6258503,0.3052278,
1,22,65.863,0.3951106,0.04145025,-0.7768145,0.3198741,-0.642517,0.6258503,0.3052278,
1,22,65.865,0.3951106,0.04145025,-0.7768145,0.3198741,-0.642517,0.6258503,0.3052278,
1,22,65.867,0.3951106,0.04145025,-0.7768145,0.3198741,-0.642517,0.6258503,0.3052278,
1,22,65.869,0.3951567,0.04145125,-0.7768015,0.3198443,-0.6425275,0.6258478,0.3052418,
1,22,65.871,0.3951567,0.04145125,-0.7768015,0.3198443,-0.6425275,0.6258478,0.3052418,
1,22,65.873,0.3951567,0.04145125,-0.7768015,0.3198443,-0.6425275,0.6258478,0.3052418,
1,22,65.875,0.3951567,0.04145125,-0.7768015,0.3198443,-0.6425275,0.6258478,0.3052418,
1,22,65.877,0.3951354,0.04137072,-0.7768682,0.3198992,-0.64255,0.6257613,0.3053144,
1,22,65.879,0.3951354,0.04137072,-0.7768682,0.3198992,-0.64255,0.6257613,0.3053144,
1,22,65.881,0.3951354,0.04137072,-0.7768682,0.3198992,-0.64255,0.6257613,0.3053144,
1,22,65.883,0.3951354,0.04137072,-0.7768682,0.3198992,-0.64255,0.6257613,0.3053144,
1,22,65.885,0.3951302,0.04142977,-0.7768025,0.3198409,-0.6425261,0.6258445,0.3052552,
1,22,65.887,0.3951302,0.04142977,-0.7768025,0.3198409,-0.6425261,0.6258445,0.3052552,
1,22,65.889,0.3951302,0.04142977,-0.7768025,0.3198409,-0.6425261,0.6258445,0.3052552,
1,22,65.891,0.3951302,0.04142977,-0.7768025,0.3198409,-0.6425261,0.6258445,0.3052552,
1,22,65.893,0.3951053,0.04138843,-0.7767984,0.3198542,-0.6425585,0.6258162,0.305231,
1,22,65.895,0.3951053,0.04138843,-0.7767984,0.3198542,-0.6425585,0.6258162,0.305231,
1,22,65.897,0.3951053,0.04138843,-0.7767984,0.3198542,-0.6425585,0.6258162,0.305231,
1,22,65.899,0.3951053,0.04138843,-0.7767984,0.3198542,-0.6425585,0.6258162,0.305231,
1,22,65.901,0.3951116,0.04136814,-0.7768062,0.319862,-0.6425705,0.6258101,0.3052101,
1,22,65.903,0.3951116,0.04136814,-0.7768062,0.319862,-0.6425705,0.6258101,0.3052101,
1,22,65.905,0.3951116,0.04136814,-0.7768062,0.319862,-0.6425705,0.6258101,0.3052101,
1,22,65.907,0.3951116,0.04136814,-0.7768062,0.319862,-0.6425705,0.6258101,0.3052101,
1,22,65.909,0.3950827,0.04147587,-0.7767558,0.3198538,-0.6425099,0.6258643,0.3052349,
1,22,65.911,0.3950827,0.04147587,-0.7767558,0.3198538,-0.6425099,0.6258643,0.3052349,
1,22,65.913,0.3950827,0.04147587,-0.7767558,0.3198538,-0.6425099,0.6258643,0.3052349,
1,22,65.915,0.3950827,0.04147587,-0.7767558,0.3198538,-0.6425099,0.6258643,0.3052349,
1,22,65.917,0.3950827,0.04147587,-0.7767558,0.3198538,-0.6425099,0.6258643,0.3052349,
1,22,65.919,0.3951044,0.04148664,-0.7767877,0.319847,-0.642496,0.6258777,0.3052438,
1,22,65.921,0.3951044,0.04148664,-0.7767877,0.319847,-0.642496,0.6258777,0.3052438,
1,22,65.923,0.3951044,0.04148664,-0.7767877,0.319847,-0.642496,0.6258777,0.3052438,
1,22,65.925,0.3951044,0.04148664,-0.7767877,0.319847,-0.642496,0.6258777,0.3052438,
1,22,65.927,0.395136,0.0413536,-0.7768525,0.3198624,-0.6425814,0.6257794,0.3052496,
1,22,65.929,0.395136,0.0413536,-0.7768525,0.3198624,-0.6425814,0.6257794,0.3052496,
1,22,65.931,0.395136,0.0413536,-0.7768525,0.3198624,-0.6425814,0.6257794,0.3052496,
1,22,65.933,0.395136,0.0413536,-0.7768525,0.3198624,-0.6425814,0.6257794,0.3052496,
1,22,65.935,0.3951293,0.04136737,-0.7768372,0.3198722,-0.6425745,0.6257852,0.3052421,
1,22,65.937,0.3951293,0.04136737,-0.7768372,0.3198722,-0.6425745,0.6257852,0.3052421,
1,22,65.939,0.3951293,0.04136737,-0.7768372,0.3198722,-0.6425745,0.6257852,0.3052421,
1,22,65.941,0.3951293,0.04136737,-0.7768372,0.3198722,-0.6425745,0.6257852,0.3052421,
1,22,65.943,0.3951052,0.04145603,-0.7767731,0.3198647,-0.6425444,0.6258457,0.3051891,
1,22,65.945,0.3951052,0.04145603,-0.7767731,0.3198647,-0.6425444,0.6258457,0.3051891,
1,22,65.947,0.3951052,0.04145603,-0.7767731,0.3198647,-0.6425444,0.6258457,0.3051891,
1,22,65.949,0.3951052,0.04145603,-0.7767731,0.3198647,-0.6425444,0.6258457,0.3051891,
1,22,65.951,0.3951094,0.04142106,-0.7768124,0.3198886,-0.6425269,0.6257976,0.3052997,
1,22,65.953,0.3951094,0.04142106,-0.7768124,0.3198886,-0.6425269,0.6257976,0.3052997,
1,22,65.955,0.3951094,0.04142106,-0.7768124,0.3198886,-0.6425269,0.6257976,0.3052997,
1,22,65.957,0.3951094,0.04142106,-0.7768124,0.3198886,-0.6425269,0.6257976,0.3052997,
1,22,65.959,0.395132,0.04140295,-0.7768202,0.319886,-0.6425607,0.6257997,0.3052268,
1,22,65.961,0.395132,0.04140295,-0.7768202,0.319886,-0.6425607,0.6257997,0.3052268,
1,22,65.963,0.395132,0.04140295,-0.7768202,0.319886,-0.6425607,0.6257997,0.3052268,
1,22,65.965,0.395132,0.04140295,-0.7768202,0.319886,-0.6425607,0.6257997,0.3052268,
1,22,65.967,0.395132,0.04140295,-0.7768202,0.319886,-0.6425607,0.6257997,0.3052268,
1,22,65.969,0.3951389,0.04138733,-0.7768517,0.3198884,-0.642547,0.6257962,0.3052603,
1,22,65.971,0.3951389,0.04138733,-0.7768517,0.3198884,-0.642547,0.6257962,0.3052603,
1,22,65.973,0.3951389,0.04138733,-0.7768517,0.3198884,-0.642547,0.6257962,0.3052603,
1,22,65.975,0.3951389,0.04138733,-0.7768517,0.3198884,-0.642547,0.6257962,0.3052603,
1,22,65.977,0.3951107,0.04141261,-0.7768399,0.3198741,-0.6425256,0.6258104,0.3052916,
1,22,65.979,0.3951107,0.04141261,-0.7768399,0.3198741,-0.6425256,0.6258104,0.3052916,
1,22,65.981,0.3951107,0.04141261,-0.7768399,0.3198741,-0.6425256,0.6258104,0.3052916,
1,22,65.983,0.3951107,0.04141261,-0.7768399,0.3198741,-0.6425256,0.6258104,0.3052916,
1,22,65.985,0.3951477,0.04145041,-0.7768463,0.3198967,-0.6425048,0.6258227,0.3052865,
1,22,65.987,0.3951477,0.04145041,-0.7768463,0.3198967,-0.6425048,0.6258227,0.3052865,
1,22,65.989,0.3951477,0.04145041,-0.7768463,0.3198967,-0.6425048,0.6258227,0.3052865,
1,22,65.991,0.3951477,0.04145041,-0.7768463,0.3198967,-0.6425048,0.6258227,0.3052865,
1,22,65.993,0.3951758,0.04133292,-0.7769238,0.3199323,-0.6425644,0.6257213,0.3053316,
1,22,65.995,0.3951758,0.04133292,-0.7769238,0.3199323,-0.6425644,0.6257213,0.3053316,
1,22,65.997,0.3951758,0.04133292,-0.7769238,0.3199323,-0.6425644,0.6257213,0.3053316,
1,22,65.999,0.3951758,0.04133292,-0.7769238,0.3199323,-0.6425644,0.6257213,0.3053316,
1,23,66.001,0.3951397,0.04140043,-0.7768561,0.3199,-0.6425343,0.6257863,0.3052952,CourtExit
1,23,66.003,0.3951397,0.04140043,-0.7768561,0.3199,-0.6425343,0.6257863,0.3052952,
1,23,66.005,0.3951397,0.04140043,-0.7768561,0.3199,-0.6425343,0.6257863,0.3052952,
1,23,66.007,0.3951397,0.04140043,-0.7768561,0.3199,-0.6425343,0.6257863,0.3052952,
1,23,66.009,0.3951275,0.04143139,-0.7768502,0.3199138,-0.6425115,0.6258014,0.3052977,
1,23,66.011,0.3951275,0.04143139,-0.7768502,0.3199138,-0.6425115,0.6258014,0.3052977,
1,23,66.013,0.3951275,0.04143139,-0.7768502,0.3199138,-0.6425115,0.6258014,0.3052977,
1,23,66.015,0.3951275,0.04143139,-0.7768502,0.3199138,-0.6425115,0.6258014,0.3052977,
1,23,66.017,0.3951275,0.04143139,-0.7768502,0.3199138,-0.6425115,0.6258014,0.3052977,
1,23,66.019,0.3951306,0.04129979,-0.7768381,0.3198786,-0.6426249,0.6257306,0.3052409,
1,23,66.021,0.3951306,0.04129979,-0.7768381,0.3198786,-0.6426249,0.6257306,0.3052409,
1,23,66.023,0.3951306,0.04129979,-0.7768381,0.3198786,-0.6426249,0.6257306,0.3052409,
1,23,66.025,0.3951306,0.04129979,-0.7768381,0.3198786,-0.6426249,0.6257306,0.3052409,
1,23,66.027,0.3951458,0.04138898,-0.7768629,0.3199278,-0.6425303,0.6257567,0.3053354,
1,23,66.029,0.3951458,0.04138898,-0.7768629,0.3199278,-0.6425303,0.6257567,0.3053354,
1,23,66.031,0.3951458,0.04138898,-0.7768629,0.3199278,-0.6425303,0.6257567,0.3053354,
1,23,66.033,0.3951458,0.04138898,-0.7768629,0.3199278,-0.6425303,0.6257567,0.3053354,
1,23,66.035,0.3951496,0.04130793,-0.7768514,0.3198984,-0.6425828,0.6257281,0.3053143,
1,23,66.037,0.3951496,0.04130793,-0.7768514,0.3198984,-0.6425828,0.6257281,0.3053143,
1,23,66.039,0.3951496,0.04130793,-0.7768514,0.3198984,-0.6425828,0.6257281,0.3053143,
1,23,66.041,0.3951496,0.04130793,-0.7768514,0.3198984,-0.6425828,0.6257281,0.3053143,
1,23,66.043,0.3951057,0.04140778,-0.7768062,0.3198715,-0.6425359,0.6258094,0.3052745,
1,23,66.045,0.3951057,0.04140778,-0.7768062,0.3198715,-0.6425359,0.6258094,0.3052745,
1,23,66.047,0.3951057,0.04140778,-0.7768062,0.3198715,-0.6425359,0.6258094,0.3052745,
1,23,66.049,0.3951057,0.04140778,-0.7768062,0.3198715,-0.6425359,0.6258094,0.3052745,
1,23,66.051,0.3951588,0.04146001,-0.7768587,0.3198911,-0.6424662,0.6258309,0.3053565,
1,23,66.053,0.3951588,0.04146001,-0.7768587,0.3198911,-0.6424662,0.6258309,0.3053565,
1,23,66.055,0.3951588,0.04146001,-0.7768587,0.3198911,-0.6424662,0.6258309,0.3053565,
1,23,66.057,0.3951588,0.04146001,-0.7768587,0.3198911,-0.6424662,0.6258309,0.3053565,
1,23,66.059,0.3951426,0.04142451,-0.7768265,0.3198456,-0.6425103,0.6258446,0.3052833,
1,23,66.061,0.3951426,0.04142451,-0.7768265,0.3198456,-0.6425103,0.6258446,0.3052833,
1,23,66.063,0.3951426,0.04142451,-0.7768265,0.3198456,-0.6425103,0.6258446,0.3052833,
1,23,66.065,0.3951426,0.04142451,-0.7768265,0.3198456,-0.6425103,0.6258446,0.3052833,
1,23,66.067,0.3951426,0.04142451,-0.7768265,0.3198456,-0.6425103,0.6258446,0.3052833,
1,23,66.069,0.3951299,0.04145534,-0.7768207,0.3198791,-0.6424959,0.625838,0.3052921,
1,23,66.071,0.3951299,0.04145534,-0.7768207,0.3198791,-0.6424959,0.625838,0.3052921,
1,23,66.073,0.3951299,0.04145534,-0.7768207,0.3198791,-0.6424959,0.625838,0.3052921,
1,23,66.075,0.3951299,0.04145534,-0.7768207,0.3198791,-0.6424959,0.625838,0.3052921,
1,23,66.077,0.3951019,0.04141669,-0.7767831,0.319878,-0.6425416,0.6258072,0.3052601,
1,23,66.079,0.3951019,0.04141669,-0.7767831,0.319878,-0.6425416,0.6258072,0.3052601,
1,23,66.081,0.3951019,0.04141669,-0.7767831,0.319878,-0.6425416,0.6258072,0.3052601,
1,23,66.083,0.3951019,0.04141669,-0.7767831,0.319878,-0.6425416,0.6258072,0.3052601,
1,23,66.085,0.3951185,0.04140167,-0.7767952,0.3198605,-0.6425647,0.6258057,0.3052331,
1,23,66.087,0.3951185,0.04140167,-0.7767952,0.3198605,-0.6425647,0.6258057,0.3052331,
1,23,66.089,0.3951185,0.04140167,-0.7767952,0.3198605,-0.6425647,0.6258057,0.3052331,
1,23,66.091,0.3951185,0.04140167,-0.7767952,0.3198605,-0.6425647,0.6258057,0.3052331,
1,23,66.093,0.3951016,0.04145582,-0.7767754,0.3198607,-0.6425455,0.6258472,0.3051879,
1,23,66.095,0.3951016,0.04145582,-0.7767754,0.3198607,-0.6425455,0.6258472,0.3051879,
1,23,66.097,0.3951016,0.04145582,-0.7767754,0.3198607,-0.6425455,0.6258472,0.3051879,
1,23,66.099,0.3951016,0.04145582,-0.7767754,0.3198607,-0.6425455,0.6258472,0.3051879,
1,23,66.101,0.3951453,0.04138256,-0.7768461,0.3198977,-0.6425589,0.6257882,0.3052422,
1,23,66.103,0.3951453,0.04138256,-0.7768461,0.3198977,-0.6425589,0.6257882,0.3052422,
1,23,66.105,0.3951453,0.04138256,-0.7768461,0.3198977,-0.6425589,0.6257882,0.3052422,
1,23,66.107,0.3951453,0.04138256,-0.7768461,0.3198977,-0.6425589,0.6257882,0.3052422,
1,23,66.109,0.3951291,0.04142825,-0.7768013,0.3198864,-0.6425534,0.6258159,0.3052085,
1,23,66.111,0.3951291,0.04142825,-0.7768013,0.3198864,-0.6425534,0.6258159,0.3052085,
1,23,66.113,0.3951291,0.04142825,-0.7768013,0.3198864,-0.6425534,0.6258159,0.3052085,
1,23,66.115,0.3951291,0.04142825,-0.7768013,0.3198864,-0.6425534,0.6258159,0.3052085,
1,23,66.117,0.3951291,0.04142825,-0.7768013,0.3198864,-0.6425534,0.6258159,0.3052085,
1,23,66.119,0.3951154,0.04145212,-0.7768141,0.3198915,-0.6425182,0.6258417,0.3052246,
1,23,66.121,0.3951154,0.04145212,-0.7768141,0.3198915,-0.6425182,0.6258417,0.3052246,
1,23,66.123,0.3951154,0.04145212,-0.7768141,0.3198915,-0.6425182,0.6258417,0.3052246,
1,23,66.125,0.3951154,0.04145212,-0.7768141,0.3198915,-0.6425182,0.6258417,0.3052246,
1,23,66.127,0.3950614,0.04148757,-0.776703,0.3198422,-0.6425457,0.6258807,0.3051384,
1,23,66.129,0.3950614,0.04148757,-0.776703,0.3198422,-0.6425457,0.6258807,0.3051384,
1,23,66.131,0.3950614,0.04148757,-0.776703,0.3198422,-0.6425457,0.6258807,0.3051384,
1,23,66.133,0.3950614,0.04148757,-0.776703,0.3198422,-0.6425457,0.6258807,0.3051384,
1,23,66.135,0.3950701,0.04143229,-0.7767525,0.3198421,-0.6425409,0.6258584,0.3051945,
1,23,66.137,0.3950701,0.04143229,-0.7767525,0.3198421,-0.6425409,0.6258584,0.3051945,
1,23,66.139,0.3950701,0.04143229,-0.7767525,0.3198421,-0.6425409,0.6258584,0.3051945,
1,23,66.141,0.3950701,0.04143229,-0.7767525,0.3198421,-0.6425409,0.6258584,0.3051945,
1,23,66.143,0.3950967,0.04144068,-0.7767895,0.3198544,-0.6425212,0.6258506,0.3052387,
1,23,66.145,0.3950967,0.04144068,-0.7767895,0.3198544,-0.6425212,0.6258506,0.3052387,
1,23,66.147,0.3950967,0.04144068,-0.7767895,0.3198544,-0.6425212,0.6258506,0.3052387,
1,23,66.149,0.3950967,0.04144068,-0.7767895,0.3198544,-0.6425212,0.6258506,0.3052387,
1,23,66.151,0.3951158,0.04145281,-0.7767752,0.3198499,-0.6425395,0.6258461,0.3052143,
1,23,66.153,0.3951158,0.04145281,-0.7767752,0.3198499,-0.6425395,0.6258461,0.3052143,
1,23,66.155,0.3951158,0.04145281,-0.7767752,0.3198499,-0.6425395,0.6258461,0.3052143,
1,23,66.157,0.3951158,0.04145281,-0.7767752,0.3198499,-0.6425395,0.6258461,0.3052143,
1,23,66.159,0.3951417,0.04143417,-0.7768052,0.3198719,-0.6425459,0.6258281,0.3052146,
1,23,66.161,0.3951417,0.04143417,-0.7768052,0.3198719,-0.6425459,0.6258281,0.3052146,
1,23,66.163,0.3951417,0.04143417,-0.7768052,0.3198719,-0.6425459,0.6258281,0.3052146,
1,23,66.165,0.3951417,0.04143417,-0.7768052,0.3198719,-0.6425459,0.6258281,0.3052146,
1,23,66.167,0.3951417,0.04143417,-0.7768052,0.3198719,-0.6425459,0.6258281,0.3052146,
1,23,66.169,0.3951342,0.04144757,-0.7768086,0.3198906,-0.6425291,0.6258363,0.3052135,
1,23,66.171,0.3951342,0.04144757,-0.7768086,0.3198906,-0.6425291,0.6258363,0.3052135,
1,23,66.173,0.3951342,0.04144757,-0.7768086,0.3198906,-0.6425291,0.6258363,0.3052135,
1,23,66.175,0.3951342,0.04144757,-0.7768086,0.3198906,-0.6425291,0.6258363,0.3052135,
1,23,66.177,0.3951431,0.04141298,-0.7768403,0.3198857,-0.6424996,0.6258183,0.3053177,
1,23,66.179,0.3951431,0.04141298,-0.7768403,0.3198857,-0.6424996,0.6258183,0.3053177,
1,23,66.181,0.3951431,0.04141298,-0.7768403,0.3198857,-0.6424996,0.6258183,0.3053177,
1,23,66.183,0.3951431,0.04141298,-0.7768403,0.3198857,-0.6424996,0.6258183,0.3053177,
1,23,66.185,0.3950946,0.04141806,-0.7767911,0.3198598,-0.6425402,0.6258298,0.3052358,
1,23,66.187,0.3950946,0.04141806,-0.7767911,0.3198598,-0.6425402,0.6258298,0.3052358,
1,23,66.189,0.3950946,0.04141806,-0.7767911,0.3198598,-0.6425402,0.6258298,0.3052358,
1,23,66.191,0.3950946,0.04141806,-0.7767911,0.3198598,-0.6425402,0.6258298,0.3052358,
1,23,66.193,0.3951206,0.04141654,-0.7768009,0.3198594,-0.642538,0.6258203,0.3052603,
1,23,66.195,0.3951206,0.04141654,-0.7768009,0.3198594,-0.642538,0.6258203,0.3052603,
1,23,66.197,0.3951206,0.04141654,-0.7768009,0.3198594,-0.642538,0.6258203,0.3052603,
1,23,66.199,0.3951206,0.04141654,-0.7768009,0.3198594,-0.642538,0.6258203,0.3052603,
1,23,66.201,0.3951427,0.0413553,-0.7768381,0.3199198,-0.6425914,0.6257522,0.3052245,
1,23,66.203,0.3951427,0.0413553,-0.7768381,0.3199198,-0.6425914,0.6257522,0.3052245,
1,23,66.205,0.3951427,0.0413553,-0.7768381,0.3199198,-0.6425914,0.6257522,0.3052245,
1,23,66.207,0.3951427,0.0413553,-0.7768381,0.3199198,-0.6425914,0.6257522,0.3052245,
1,23,66.209,0.395142,0.04137782,-0.7768214,0.3199268,-0.6425781,0.6257708,0.3052067,
1,23,66.211,0.395142,0.04137782,-0.7768214,0.3199268,-0.6425781,0.6257708,0.3052067,
1,23,66.213,0.395142,0.04137782,-0.7768214,0.3199268,-0.6425781,0.6257708,0.3052067,
1,23,66.215,0.395142,0.04137782,-0.7768214,0.3199268,-0.6425781,0.6257708,0.3052067,
1,23,66.217,0.395142,0.04137782,-0.7768214,0.3199268,-0.6425781,0.6257708,0.3052067,
1,23,66.219,0.3951399,0.0414182,-0.7768453,0.3199194,-0.6425179,0.6257933,0.3052953,
1,23,66.221,0.3951399,0.0414182,-0.7768453,0.3199194,-0.6425179,0.6257933,0.3052953,
1,23,66.223,0.3951399,0.0414182,-0.7768453,0.3199194,-0.6425179,0.6257933,0.3052953,
1,23,66.225,0.3951399,0.0414182,-0.7768453,0.3199194,-0.6425179,0.6257933,0.3052953,
1,23,66.227,0.3951277,0.04140956,-0.7768067,0.3199278,-0.6425738,0.6257871,0.3051813,
1,23,66.229,0.3951277,0.04140956,-0.7768067,0.3199278,-0.6425738,0.6257871,0.3051813,
1,23,66.231,0.3951277,0.04140956,-0.7768067,0.3199278,-0.6425738,0.6257871,0.3051813,
1,23,66.233,0.3951277,0.04140956,-0.7768067,0.3199278,-0.6425738,0.6257871,0.3051813,
1,23,66.235,0.3950577,0.04146868,-0.7767378,0.319809,-0.6425526,0.6258862,0.3051473,
1,23,66.237,0.3950577,0.04146868,-0.7767378,0.319809,-0.6425526,0.6258862,0.3051473,
1,23,66.239,0.3950577,0.04146868,-0.7767378,0.319809,-0.6425526,0.6258862,0.3051473,
1,23,66.241,0.3950577,0.04146868,-0.7767378,0.319809,-0.6425526,0.6258862,0.3051473,
1,23,66.243,0.39505,0.04144207,-0.7767522,0.3197782,-0.6425759,0.6258795,0.3051445,
1,23,66.245,0.39505,0.04144207,-0.7767522,0.3197782,-0.6425759,0.6258795,0.3051445,
1,23,66.247,0.39505,0.04144207,-0.7767522,0.3197782,-0.6425759,0.6258795,0.3051445,
1,23,66.249,0.39505,0.04144207,-0.7767522,0.3197782,-0.6425759,0.6258795,0.3051445,
1,23,66.251,0.3950487,0.04136466,-0.776834,0.3197702,-0.6425544,0.6258253,0.3053089,
1,23,66.253,0.3950487,0.04136466,-0.776834,0.3197702,-0.6425544,0.6258253,0.3053089,
1,23,66.255,0.3950487,0.04136466,-0.776834,0.3197702,-0.6425544,0.6258253,0.3053089,
1,23,66.257,0.3950487,0.04136466,-0.776834,0.3197702,-0.6425544,0.6258253,0.3053089,
1,23,66.259,0.3950326,0.04139463,-0.7767626,0.3197499,-0.642576,0.6258548,0.3052246,
1,23,66.261,0.3950326,0.04139463,-0.7767626,0.3197499,-0.642576,0.6258548,0.3052246,
1,23,66.263,0.3950326,0.04139463,-0.7767626,0.3197499,-0.642576,0.6258548,0.3052246,
1,23,66.265,0.3950326,0.04139463,-0.7767626,0.3197499,-0.642576,0.6258548,0.3052246,
1,23,66.267,0.3950326,0.04139463,-0.7767626,0.3197499,-0.642576,0.6258548,0.3052246,
1,23,66.269,0.3950626,0.04142972,-0.7768196,0.3197771,-0.6425041,0.6258609,0.305335,
1,23,66.271,0.3950626,0.04142972,-0.7768196,0.3197771,-0.6425041,0.6258609,0.305335,
1,23,66.273,0.3950626,0.04142972,-0.7768196,0.3197771,-0.6425041,0.6258609,0.305335,
1,23,66.275,0.3950626,0.04142972,-0.7768196,0.3197771,-0.6425041,0.6258609,0.305335,
1,23,66.277,0.3950712,0.04142105,-0.7768641,0.3197753,-0.6424659,0.6258525,0.3054343,
1,23,66.279,0.3950712,0.04142105,-0.7768641,0.3197753,-0.6424659,0.6258525,0.3054343,
1,23,66.281,0.3950712,0.04142105,-0.7768641,0.3197753,-0.6424659,0.6258525,0.3054343,
1,23,66.283,0.3950712,0.04142105,-0.7768641,0.3197753,-0.6424659,0.6258525,0.3054343,
1,23,66.285,0.3950679,0.04141382,-0.7768203,0.3197446,-0.6425034,0.625868,0.3053558,
1,23,66.287,0.3950679,0.04141382,-0.7768203,0.3197446,-0.6425034,0.625868,0.3053558,
1,23,66.289,0.3950679,0.04141382,-0.7768203,0.3197446,-0.6425034,0.625868,0.3053558,
1,23,66.291,0.3950679,0.04141382,-0.7768203,0.3197446,-0.6425034,0.625868,0.3053558,
1,23,66.293,0.3950529,0.04145275,-0.776765,0.3197261,-0.6425359,0.625903,0.3052351,
1,23,66.295,0.3950529,0.04145275,-0.776765,0.3197261,-0.6425359,0.625903,0.3052351,
1,23,66.297,0.3950529,0.04145275,-0.776765,0.3197261,-0.6425359,0.625903,0.3052351,
1,23,66.299,0.3950529,0.04145275,-0.776765,0.3197261,-0.6425359,0.625903,0.3052351,
1,23,66.301,0.3950595,0.04140631,-0.7767941,0.3197501,-0.6425558,0.6258669,0.3052419,
1,23,66.303,0.3950595,0.04140631,-0.7767941,0.3197501,-0.6425558,0.6258669,0.3052419,
1,23,66.305,0.3950595,0.04140631,-0.7767941,0.3197501,-0.6425558,0.6258669,0.3052419,
1,23,66.307,0.3950595,0.04140631,-0.7767941,0.3197501,-0.6425558,0.6258669,0.3052419,
1,23,66.309,0.3950442,0.04138564,-0.7767781,0.3197432,-0.6425595,0.6258479,0.30528,
1,23,66.311,0.3950442,0.04138564,-0.7767781,0.3197432,-0.6425595,0.6258479,0.30528,
1,23,66.313,0.3950442,0.04138564,-0.7767781,0.3197432,-0.6425595,0.6258479,0.30528,
1,23,66.315,0.3950442,0.04138564,-0.7767781,0.3197432,-0.6425595,0.6258479,0.30528,
1,23,66.317,0.3950442,0.04138564,-0.7767781,0.3197432,-0.6425595,0.6258479,0.30528,
1,23,66.319,0.3950286,0.04145052,-0.7767178,0.3197272,-0.6425642,0.6258894,0.305202,
1,23,66.321,0.3950286,0.04145052,-0.7767178,0.3197272,-0.6425642,0.6258894,0.305202,
1,23,66.323,0.3950286,0.04145052,-0.7767178,0.3197272,-0.6425642,0.6258894,0.305202,
1,23,66.325,0.3950286,0.04145052,-0.7767178,0.3197272,-0.6425642,0.6258894,0.305202,
1,23,66.327,0.395049,0.0413766,-0.7767918,0.3197665,-0.6425681,0.6258273,0.3052801,
1,23,66.329,0.395049,0.0413766,-0.7767918,0.3197665,-0.6425681,0.6258273,0.3052801,
1,23,66.331,0.395049,0.0413766,-0.7767918,0.3197665,-0.6425681,0.6258273,0.3052801,
1,23,66.333,0.395049,0.0413766,-0.7767918,0.3197665,-0.6425681,0.6258273,0.3052801,
1,23,66.335,0.3950641,0.04142321,-0.7768233,0.3197922,-0.6425073,0.6258581,0.3053177,
1,23,66.337,0.3950641,0.04142321,-0.7768233,0.3197922,-0.6425073,0.6258581,0.3053177,
1,23,66.339,0.3950641,0.04142321,-0.7768233,0.3197922,-0.6425073,0.6258581,0.3053177,
1,23,66.341,0.3950641,0.04142321,-0.7768233,0.3197922,-0.6425073,0.6258581,0.3053177,
1,23,66.343,0.3950775,0.04143573,-0.776841,0.3197839,-0.6425151,0.6258599,0.3053066,
1,23,66.345,0.3950775,0.04143573,-0.776841,0.3197839,-0.6425151,0.6258599,0.3053066,
1,23,66.347,0.3950775,0.04143573,-0.776841,0.3197839,-0.6425151,0.6258599,0.3053066,
1,23,66.349,0.3950775,0.04143573,-0.776841,0.3197839,-0.6425151,0.6258599,0.3053066,
1,23,66.351,0.3950449,0.04142341,-0.7767804,0.3197871,-0.6425582,0.6258484,0.3052361,
1,23,66.353,0.3950449,0.04142341,-0.7767804,0.3197871,-0.6425582,0.6258484,0.3052361,
1,23,66.355,0.3950449,0.04142341,-0.7767804,0.3197871,-0.6425582,0.6258484,0.3052361,
1,23,66.357,0.3950449,0.04142341,-0.7767804,0.3197871,-0.6425582,0.6258484,0.3052361,
1,23,66.359,0.3950287,0.04143838,-0.7767845,0.3197373,-0.6425148,0.6258867,0.3053009,
1,23,66.361,0.3950287,0.04143838,-0.7767845,0.3197373,-0.6425148,0.6258867,0.3053009,
1,23,66.363,0.3950287,0.04143838,-0.7767845,0.3197373,-0.6425148,0.6258867,0.3053009,
1,23,66.365,0.3950287,0.04143838,-0.7767845,0.3197373,-0.6425148,0.6258867,0.3053009,
1,23,66.367,0.3950287,0.04143838,-0.7767845,0.3197373,-0.6425148,0.6258867,0.3053009,
1,23,66.369,0.3950556,0.04142169,-0.7767937,0.3197572,-0.6425357,0.6258808,0.3052482,
1,23,66.371,0.3950556,0.04142169,-0.7767937,0.3197572,-0.6425357,0.6258808,0.3052482,
1,23,66.373,0.3950556,0.04142169,-0.7767937,0.3197572,-0.6425357,0.6258808,0.3052482,
1,23,66.375,0.3950556,0.04142169,-0.7767937,0.3197572,-0.6425357,0.6258808,0.3052482,
1,23,66.377,0.3950667,0.04141471,-0.7768021,0.3197774,-0.6425546,0.6258662,0.3052171,
1,23,66.379,0.3950667,0.04141471,-0.7768021,0.3197774,-0.6425546,0.6258662,0.3052171,
1,23,66.381,0.3950667,0.04141471,-0.7768021,0.3197774,-0.6425546,0.6258662,0.3052171,
1,23,66.383,0.3950667,0.04141471,-0.7768021,0.3197774,-0.6425546,0.6258662,0.3052171,
1,23,66.385,0.3950349,0.04143706,-0.7767726,0.3197648,-0.6425396,0.6258876,0.305218,
1,23,66.387,0.3950349,0.04143706,-0.7767726,0.3197648,-0.6425396,0.6258876,0.305218,
1,23,66.389,0.3950349,0.04143706,-0.7767726,0.3197648,-0.6425396,0.6258876,0.305218,
1,23,66.391,0.3950349,0.04143706,-0.7767726,0.3197648,-0.6425396,0.6258876,0.305218,
1,23,66.393,0.3950277,0.04145866,-0.7767563,0.3197331,-0.6425378,0.6259058,0.3052181,
1,23,66.395,0.3950277,0.04145866,-0.7767563,0.3197331,-0.6425378,0.6259058,0.3052181,
1,23,66.397,0.3950277,0.04145866,-0.7767563,0.3197331,-0.6425378,0.6259058,0.3052181,
1,23,66.399,0.3950277,0.04145866,-0.7767563,0.3197331,-0.6425378,0.6259058,0.3052181,
1,23,66.401,0.3950252,0.04148278,-0.7767123,0.3197318,-0.6425331,0.6259364,0.3051661,
1,23,66.403,0.3950252,0.04148278,-0.7767123,0.3197318,-0.6425331,0.6259364,0.3051661,
1,23,66.405,0.3950252,0.04148278,-0.7767123,0.3197318,-0.6425331,0.6259364,0.3051661,
1,23,66.407,0.3950252,0.04148278,-0.7767123,0.3197318,-0.6425331,0.6259364,0.3051661,
1,23,66.409,0.395018,0.04144779,-0.7767482,0.3197568,-0.6425446,0.6258835,0.3052244,
1,23,66.411,0.395018,0.04144779,-0.7767482,0.3197568,-0.6425446,0.6258835,0.3052244,
1,23,66.413,0.395018,0.04144779,-0.7767482,0.3197568,-0.6425446,0.6258835,0.3052244,
1,23,66.415,0.395018,0.04144779,-0.7767482,0.3197568,-0.6425446,0.6258835,0.3052244,
1,23,66.417,0.395018,0.04144779,-0.7767482,0.3197568,-0.6425446,0.6258835,0.3052244,
1,23,66.419,0.3950183,0.04145145,-0.7767614,0.3197932,-0.6425222,0.625878,0.3052447,
1,23,66.421,0.3950183,0.04145145,-0.7767614,0.3197932,-0.6425222,0.625878,0.3052447,
1,23,66.423,0.3950183,0.04145145,-0.7767614,0.3197932,-0.6425222,0.625878,0.3052447,
1,23,66.425,0.3950183,0.04145145,-0.7767614,0.3197932,-0.6425222,0.625878,0.3052447,
1,23,66.427,0.3950303,0.04146027,-0.7767256,0.3197667,-0.6425612,0.6258855,0.3051752,
1,23,66.429,0.3950303,0.04146027,-0.7767256,0.3197667,-0.6425612,0.6258855,0.3051752,
1,23,66.431,0.3950303,0.04146027,-0.7767256,0.3197667,-0.6425612,0.6258855,0.3051752,
1,23,66.433,0.3950303,0.04146027,-0.7767256,0.3197667,-0.6425612,0.6258855,0.3051752,
1,23,66.435,0.3950208,0.04144655,-0.7767454,0.3197454,-0.6425355,0.6259105,0.3051999,
1,23,66.437,0.3950208,0.04144655,-0.7767454,0.3197454,-0.6425355,0.6259105,0.3051999,
1,23,66.439,0.3950208,0.04144655,-0.7767454,0.3197454,-0.6425355,0.6259105,0.3051999,
1,23,66.441,0.3950208,0.04144655,-0.7767454,0.3197454,-0.6425355,0.6259105,0.3051999,
1,23,66.443,0.3950469,0.04151449,-0.7767661,0.3197799,-0.6424776,0.6259252,0.3052557,
1,23,66.445,0.3950469,0.04151449,-0.7767661,0.3197799,-0.6424776,0.6259252,0.3052557,
1,23,66.447,0.3950469,0.04151449,-0.7767661,0.3197799,-0.6424776,0.6259252,0.3052557,
1,23,66.449,0.3950469,0.04151449,-0.7767661,0.3197799,-0.6424776,0.6259252,0.3052557,
1,23,66.451,0.3950113,0.04145113,-0.7767698,0.3197217,-0.6424909,0.6259141,0.3053115,
1,23,66.453,0.3950113,0.04145113,-0.7767698,0.3197217,-0.6424909,0.6259141,0.3053115,
1,23,66.455,0.3950113,0.04145113,-0.7767698,0.3197217,-0.6424909,0.6259141,0.3053115,
1,23,66.457,0.3950113,0.04145113,-0.7767698,0.3197217,-0.6424909,0.6259141,0.3053115,
1,23,66.459,0.395059,0.04142973,-0.7767999,0.3197569,-0.6425037,0.6258817,0.3053138,
1,23,66.461,0.395059,0.04142973,-0.7767999,0.3197569,-0.6425037,0.6258817,0.3053138,
1,23,66.463,0.395059,0.04142973,-0.7767999,0.3197569,-0.6425037,0.6258817,0.3053138,
1,23,66.465,0.395059,0.04142973,-0.7767999,0.3197569,-0.6425037,0.6258817,0.3053138,
1,23,66.467,0.395059,0.04142973,-0.7767999,0.3197569,-0.6425037,0.6258817,0.3053138,
1,23,66.469,0.3950612,0.04145384,-0.7768092,0.3197659,-0.6425149,0.6259031,0.305237,
1,23,66.471,0.3950612,0.04145384,-0.7768092,0.3197659,-0.6425149,0.6259031,0.305237,
1,23,66.473,0.3950612,0.04145384,-0.7768092,0.3197659,-0.6425149,0.6259031,0.305237,
1,23,66.475,0.3950612,0.04145384,-0.7768092,0.3197659,-0.6425149,0.6259031,0.305237,
1,23,66.477,0.3950487,0.04147,-0.7767975,0.3197786,-0.6424918,0.6258946,0.30529,
1,23,66.479,0.3950487,0.04147,-0.7767975,0.3197786,-0.6424918,0.6258946,0.30529,
1,23,66.481,0.3950487,0.04147,-0.7767975,0.3197786,-0.6424918,0.6258946,0.30529,
1,23,66.483,0.3950487,0.04147,-0.7767975,0.3197786,-0.6424918,0.6258946,0.30529,
1,23,66.485,0.3950776,0.04141136,-0.7768493,0.3197767,-0.6425103,0.6258467,0.3053511,
1,23,66.487,0.3950776,0.04141136,-0.7768493,0.3197767,-0.6425103,0.6258467,0.3053511,
1,23,66.489,0.3950776,0.04141136,-0.7768493,0.3197767,-0.6425103,0.6258467,0.3053511,
1,23,66.491,0.3950776,0.04141136,-0.7768493,0.3197767,-0.6425103,0.6258467,0.3053511,
1,23,66.493,0.3950459,0.04138944,-0.7768022,0.3197853,-0.6425481,0.625846,0.3052642,
1,23,66.495,0.3950459,0.04138944,-0.7768022,0.3197853,-0.6425481,0.625846,0.3052642,
1,23,66.497,0.3950459,0.04138944,-0.7768022,0.3197853,-0.6425481,0.625846,0.3052642,
1,23,66.499,0.3950459,0.04138944,-0.7768022,0.3197853,-0.6425481,0.625846,0.3052642,
1,23,66.501,0.3950688,0.04131193,-0.7768273,0.3197845,-0.6426001,0.6257965,0.3052571,
1,23,66.503,0.3950688,0.04131193,-0.7768273,0.3197845,-0.6426001,0.6257965,0.3052571,
1,23,66.505,0.3950688,0.04131193,-0.7768273,0.3197845,-0.6426001,0.6257965,0.3052571,
1,23,66.507,0.3950688,0.04131193,-0.7768273,0.3197845,-0.6426001,0.6257965,0.3052571,
1,23,66.509,0.3950771,0.04134212,-0.7768499,0.3197993,-0.6425564,0.6258057,0.3053148,
1,23,66.511,0.3950771,0.04134212,-0.7768499,0.3197993,-0.6425564,0.6258057,0.3053148,
1,23,66.513,0.3950771,0.04134212,-0.7768499,0.3197993,-0.6425564,0.6258057,0.3053148,
1,23,66.515,0.3950771,0.04134212,-0.7768499,0.3197993,-0.6425564,0.6258057,0.3053148,
1,23,66.517,0.3950771,0.04134212,-0.7768499,0.3197993,-0.6425564,0.6258057,0.3053148,
1,23,66.519,0.3950539,0.04143615,-0.7767727,0.3197802,-0.6425399,0.625877,0.3052231,
1,23,66.521,0.3950539,0.04143615,-0.7767727,0.3197802,-0.6425399,0.625877,0.3052231,
1,23,66.523,0.3950539,0.04143615,-0.7767727,0.3197802,-0.6425399,0.625877,0.3052231,
1,23,66.525,0.3950539,0.04143615,-0.7767727,0.3197802,-0.6425399,0.625877,0.3052231,
1,23,66.527,0.3950369,0.04149256,-0.7767676,0.3198221,-0.6424843,0.6258886,0.3052726,
1,23,66.529,0.3950369,0.04149256,-0.7767676,0.3198221,-0.6424843,0.6258886,0.3052726,
1,23,66.531,0.3950369,0.04149256,-0.7767676,0.3198221,-0.6424843,0.6258886,0.3052726,
1,23,66.533,0.3950369,0.04149256,-0.7767676,0.3198221,-0.6424843,0.6258886,0.3052726,
1,23,66.535,0.3950752,0.04146331,-0.7768178,0.3198214,-0.6424869,0.6258769,0.3052916,
1,23,66.537,0.3950752,0.04146331,-0.7768178,0.3198214,-0.6424869,0.6258769,0.3052916,
1,23,66.539,0.3950752,0.04146331,-0.7768178,0.3198214,-0.6424869,0.6258769,0.3052916,
1,23,66.541,0.3950752,0.04146331,-0.7768178,0.3198214,-0.6424869,0.6258769,0.3052916,
1,23,66.543,0.3950879,0.0414082,-0.7767916,0.3198154,-0.6425563,0.6258608,0.3051848,
1,23,66.545,0.3950879,0.0414082,-0.7767916,0.3198154,-0.6425563,0.6258608,0.3051848,
1,23,66.547,0.3950879,0.0414082,-0.7767916,0.3198154,-0.6425563,0.6258608,0.3051848,
1,23,66.549,0.3950879,0.0414082,-0.7767916,0.3198154,-0.6425563,0.6258608,0.3051848,
1,23,66.551,0.3950655,0.0414473,-0.7767948,0.3197956,-0.6425349,0.6258835,0.3052041,
1,23,66.553,0.3950655,0.0414473,-0.7767948,0.3197956,-0.6425349,0.6258835,0.3052041,
1,23,66.555,0.3950655,0.0414473,-0.7767948,0.3197956,-0.6425349,0.6258835,0.3052041,
1,23,66.557,0.3950655,0.0414473,-0.7767948,0.3197956,-0.6425349,0.6258835,0.3052041,
1,23,66.559,0.3950555,0.04139641,-0.7768129,0.3197942,-0.6425621,0.6258417,0.305234,
1,23,66.561,0.3950555,0.04139641,-0.7768129,0.3197942,-0.6425621,0.6258417,0.305234,
1,23,66.563,0.3950555,0.04139641,-0.7768129,0.3197942,-0.6425621,0.6258417,0.305234,
1,23,66.565,0.3950555,0.04139641,-0.7768129,0.3197942,-0.6425621,0.6258417,0.305234,
1,23,66.567,0.3950555,0.04139641,-0.7768129,0.3197942,-0.6425621,0.6258417,0.305234,
1,23,66.569,0.3950268,0.04143416,-0.7767302,0.3197696,-0.6425881,0.6258719,0.3051431,
1,23,66.571,0.3950268,0.04143416,-0.7767302,0.3197696,-0.6425881,0.6258719,0.3051431,
1,23,66.573,0.3950268,0.04143416,-0.7767302,0.3197696,-0.6425881,0.6258719,0.3051431,
1,23,66.575,0.3950268,0.04143416,-0.7767302,0.3197696,-0.6425881,0.6258719,0.3051431,
1,23,66.577,0.3950551,0.04150305,-0.7767743,0.3197657,-0.6425182,0.6259171,0.3052018,
1,23,66.579,0.3950551,0.04150305,-0.7767743,0.3197657,-0.6425182,0.6259171,0.3052018,
1,23,66.581,0.3950551,0.04150305,-0.7767743,0.3197657,-0.6425182,0.6259171,0.3052018,
1,23,66.583,0.3950551,0.04150305,-0.7767743,0.3197657,-0.6425182,0.6259171,0.3052018,
1,23,66.585,0.3950537,0.04145092,-0.7768403,0.319812,-0.6425196,0.6258494,0.305289,
1,23,66.587,0.3950537,0.04145092,-0.7768403,0.319812,-0.6425196,0.6258494,0.305289,
1,23,66.589,0.3950537,0.04145092,-0.7768403,0.319812,-0.6425196,0.6258494,0.305289,
1,23,66.591,0.3950537,0.04145092,-0.7768403,0.319812,-0.6425196,0.6258494,0.305289,
1,23,66.593,0.3950891,0.04151579,-0.7768316,0.3197924,-0.6424942,0.6259031,0.3052532,
1,23,66.595,0.3950891,0.04151579,-0.7768316,0.3197924,-0.6424942,0.6259031,0.3052532,
1,23,66.597,0.3950891,0.04151579,-0.7768316,0.3197924,-0.6424942,0.6259031,0.3052532,
1,23,66.599,0.3950891,0.04151579,-0.7768316,0.3197924,-0.6424942,0.6259031,0.3052532,
1,23,66.601,0.3950614,0.04135974,-0.7768754,0.3198177,-0.642538,0.625812,0.3053212,
1,23,66.603,0.3950614,0.04135974,-0.7768754,0.3198177,-0.642538,0.625812,0.3053212,
1,23,66.605,0.3950614,0.04135974,-0.7768754,0.3198177,-0.642538,0.625812,0.3053212,
1,23,66.607,0.3950614,0.04135974,-0.7768754,0.3198177,-0.642538,0.625812,0.3053212,
1,23,66.609,0.395071,0.04144837,-0.7768062,0.3197742,-0.6425211,0.6258781,0.3052666,
1,23,66.611,0.395071,0.04144837,-0.7768062,0.3197742,-0.6425211,0.6258781,0.3052666,
1,23,66.613,0.395071,0.04144837,-0.7768062,0.3197742,-0.6425211,0.6258781,0.3052666,
1,23,66.615,0.395071,0.04144837,-0.7768062,0.3197742,-0.6425211,0.6258781,0.3052666,
1,23,66.617,0.395071,0.04144837,-0.7768062,0.3197742,-0.6425211,0.6258781,0.3052666,
1,23,66.619,0.3951166,0.04139424,-0.7768269,0.3198971,-0.6425592,0.6257842,0.3052502,
1,23,66.621,0.3951166,0.04139424,-0.7768269,0.3198971,-0.6425592,0.6257842,0.3052502,
1,23,66.623,0.3951166,0.04139424,-0.7768269,0.3198971,-0.6425592,0.6257842,0.3052502,
1,23,66.625,0.3951166,0.04139424,-0.7768269,0.3198971,-0.6425592,0.6257842,0.3052502,
1,23,66.627,0.3951136,0.04141384,-0.7768006,0.3199214,-0.6425687,0.6257964,0.3051797,
1,23,66.629,0.3951136,0.04141384,-0.7768006,0.3199214,-0.6425687,0.6257964,0.3051797,
1,23,66.631,0.3951136,0.04141384,-0.7768006,0.3199214,-0.6425687,0.6257964,0.3051797,
1,23,66.633,0.3951136,0.04141384,-0.7768006,0.3199214,-0.6425687,0.6257964,0.3051797,
1,23,66.635,0.3950813,0.04145671,-0.7767454,0.3199236,-0.6425604,0.6258383,0.305109,
1,23,66.637,0.3950813,0.04145671,-0.7767454,0.3199236,-0.6425604,0.6258383,0.305109,
1,23,66.639,0.3950813,0.04145671,-0.7767454,0.3199236,-0.6425604,0.6258383,0.305109,
1,23,66.641,0.3950813,0.04145671,-0.7767454,0.3199236,-0.6425604,0.6258383,0.305109,
1,23,66.643,0.3951039,0.04141994,-0.7767929,0.3198939,-0.6425468,0.6258029,0.3052411,
1,23,66.645,0.3951039,0.04141994,-0.7767929,0.3198939,-0.6425468,0.6258029,0.3052411,
1,23,66.647,0.3951039,0.04141994,-0.7767929,0.3198939,-0.6425468,0.6258029,0.3052411,
1,23,66.649,0.3951039,0.04141994,-0.7767929,0.3198939,-0.6425468,0.6258029,0.3052411,
1,23,66.651,0.3950654,0.04147608,-0.7767621,0.3199099,-0.6424875,0.6258366,0.3052803,
1,23,66.653,0.3950654,0.04147608,-0.7767621,0.3199099,-0.6424875,0.6258366,0.3052803,
1,23,66.655,0.3950654,0.04147608,-0.7767621,0.3199099,-0.6424875,0.6258366,0.3052803,
1,23,66.657,0.3950654,0.04147608,-0.7767621,0.3199099,-0.6424875,0.6258366,0.3052803,
1,23,66.659,0.3951127,0.04141708,-0.7767851,0.3198538,-0.6425409,0.6258359,0.305228,
1,23,66.661,0.3951127,0.04141708,-0.7767851,0.3198538,-0.6425409,0.6258359,0.305228,
1,23,66.663,0.3951127,0.04141708,-0.7767851,0.3198538,-0.6425409,0.6258359,0.305228,
1,23,66.665,0.3951127,0.04141708,-0.7767851,0.3198538,-0.6425409,0.6258359,0.305228,
1,23,66.667,0.3951127,0.04141708,-0.7767851,0.3198538,-0.6425409,0.6258359,0.305228,
1,23,66.669,0.3951221,0.04142627,-0.7768208,0.3198968,-0.6425357,0.6258296,0.305207,
1,23,66.671,0.3951221,0.04142627,-0.7768208,0.3198968,-0.6425357,0.6258296,0.305207,
1,23,66.673,0.3951221,0.04142627,-0.7768208,0.3198968,-0.6425357,0.6258296,0.305207,
1,23,66.675,0.3951221,0.04142627,-0.7768208,0.3198968,-0.6425357,0.6258296,0.305207,
1,23,66.677,0.3951334,0.04142057,-0.7768453,0.319909,-0.64254,0.6258078,0.3052299,
1,23,66.679,0.3951334,0.04142057,-0.7768453,0.319909,-0.64254,0.6258078,0.3052299,
1,23,66.681,0.3951334,0.04142057,-0.7768453,0.319909,-0.64254,0.6258078,0.3052299,
1,23,66.683,0.3951334,0.04142057,-0.7768453,0.319909,-0.64254,0.6258078,0.3052299,
1,23,66.685,0.395142,0.0414368,-0.7768548,0.3199084,-0.6425238,0.6258125,0.3052549,
1,23,66.687,0.395142,0.0414368,-0.7768548,0.3199084,-0.6425238,0.6258125,0.3052549,
1,23,66.689,0.395142,0.0414368,-0.7768548,0.3199084,-0.6425238,0.6258125,0.3052549,
1,23,66.691,0.395142,0.0414368,-0.7768548,0.3199084,-0.6425238,0.6258125,0.3052549,
1,23,66.693,0.3951289,0.04143437,-0.7768187,0.3199101,-0.6425688,0.6257977,0.3051887,
1,23,66.695,0.3951289,0.04143437,-0.7768187,0.3199101,-0.6425688,0.6257977,0.3051887,
1,23,66.697,0.3951289,0.04143437,-0.7768187,0.3199101,-0.6425688,0.6257977,0.3051887,
1,23,66.699,0.3951289,0.04143437,-0.7768187,0.3199101,-0.6425688,0.6257977,0.3051887,
1,23,66.701,0.3951115,0.04148586,-0.7767918,0.3199299,-0.6425232,0.625838,0.3051814,
1,23,66.703,0.3951115,0.04148586,-0.7767918,0.3199299,-0.6425232,0.625838,0.3051814,
1,23,66.705,0.3951115,0.04148586,-0.7767918,0.3199299,-0.6425232,0.625838,0.3051814,
1,23,66.707,0.3951115,0.04148586,-0.7767918,0.3199299,-0.6425232,0.625838,0.3051814,
1,23,66.709,0.3951263,0.04145011,-0.7768718,0.3199466,-0.6424818,0.6257964,0.3053363,
1,23,66.711,0.3951263,0.04145011,-0.7768718,0.3199466,-0.6424818,0.6257964,0.3053363,
1,23,66.713,0.3951263,0.04145011,-0.7768718,0.3199466,-0.6424818,0.6257964,0.3053363,
1,23,66.715,0.3951263,0.04145011,-0.7768718,0.3199466,-0.6424818,0.6257964,0.3053363,
1,23,66.717,0.3951263,0.04145011,-0.7768718,0.3199466,-0.6424818,0.6257964,0.3053363,
1,23,66.719,0.3951521,0.0413517,-0.7768782,0.3199434,-0.6425769,0.6257467,0.3052413,
1,23,66.721,0.3951521,0.0413517,-0.7768782,0.3199434,-0.6425769,0.6257467,0.3052413,
1,23,66.723,0.3951521,0.0413517,-0.7768782,0.3199434,-0.6425769,0.6257467,0.3052413,
1,23,66.725,0.3951521,0.0413517,-0.7768782,0.3199434,-0.6425769,0.6257467,0.3052413,
1,23,66.727,0.3951417,0.04139187,-0.7768699,0.319979,-0.6425816,0.6257483,0.3051909,
1,23,66.729,0.3951417,0.04139187,-0.7768699,0.319979,-0.6425816,0.6257483,0.3051909,
1,23,66.731,0.3951417,0.04139187,-0.7768699,0.319979,-0.6425816,0.6257483,0.3051909,
1,23,66.733,0.3951417,0.04139187,-0.7768699,0.319979,-0.6425816,0.6257483,0.3051909,
1,23,66.735,0.3951121,0.04139049,-0.776816,0.3199362,-0.6426076,0.6257619,0.3051531,
1,23,66.737,0.3951121,0.04139049,-0.776816,0.3199362,-0.6426076,0.6257619,0.3051531,
1,23,66.739,0.3951121,0.04139049,-0.776816,0.3199362,-0.6426076,0.6257619,0.3051531,
1,23,66.741,0.3951121,0.04139049,-0.776816,0.3199362,-0.6426076,0.6257619,0.3051531,
1,23,66.743,0.395108,0.04141927,-0.7768195,0.3199192,-0.6425653,0.6258041,0.3051737,
1,23,66.745,0.395108,0.04141927,-0.7768195,0.3199192,-0.6425653,0.6258041,0.3051737,
1,23,66.747,0.395108,0.04141927,-0.7768195,0.3199192,-0.6425653,0.6258041,0.3051737,
1,23,66.749,0.395108,0.04141927,-0.7768195,0.3199192,-0.6425653,0.6258041,0.3051737,
1,23,66.751,0.3951145,0.04142639,-0.7768148,0.3199165,-0.642557,0.6258008,0.3052005,
1,23,66.753,0.3951145,0.04142639,-0.7768148,0.3199165,-0.642557,0.6258008,0.3052005,
1,23,66.755,0.3951145,0.04142639,-0.7768148,0.3199165,-0.642557,0.6258008,0.3052005,
1,23,66.757,0.3951145,0.04142639,-0.7768148,0.3199165,-0.642557,0.6258008,0.3052005,
1,23,66.759,0.3950981,0.04142011,-0.7768266,0.3198832,-0.6425269,0.625791,0.3053189,
1,23,66.761,0.3950981,0.04142011,-0.7768266,0.3198832,-0.6425269,0.625791,0.3053189,
1,23,66.763,0.3950981,0.04142011,-0.7768266,0.3198832,-0.6425269,0.625791,0.3053189,
1,23,66.765,0.3950981,0.04142011,-0.7768266,0.3198832,-0.6425269,0.625791,0.3053189,
1,23,66.767,0.3950981,0.04142011,-0.7768266,0.3198832,-0.6425269,0.625791,0.3053189,
1,23,66.769,0.3950935,0.04139143,-0.7768263,0.3198713,-0.6425531,0.6257745,0.3053101,
1,23,66.771,0.3950935,0.04139143,-0.7768263,0.3198713,-0.6425531,0.6257745,0.3053101,
1,23,66.773,0.3950935,0.04139143,-0.7768263,0.3198713,-0.6425531,0.6257745,0.3053101,
1,23,66.775,0.3950935,0.04139143,-0.7768263,0.3198713,-0.6425531,0.6257745,0.3053101,
1,23,66.777,0.3951213,0.04144042,-0.7768403,0.3199024,-0.6425225,0.6258094,0.3052703,
1,23,66.779,0.3951213,0.04144042,-0.7768403,0.3199024,-0.6425225,0.6258094,0.3052703,
1,23,66.781,0.3951213,0.04144042,-0.7768403,0.3199024,-0.6425225,0.6258094,0.3052703,
1,23,66.783,0.3951213,0.04144042,-0.7768403,0.3199024,-0.6425225,0.6258094,0.3052703,
1,23,66.785,0.3951017,0.04149885,-0.7767762,0.3198939,-0.6425164,0.6258573,0.3051938,
1,23,66.787,0.3951017,0.04149885,-0.7767762,0.3198939,-0.6425164,0.6258573,0.3051938,
1,23,66.789,0.3951017,0.04149885,-0.7767762,0.3198939,-0.6425164,0.6258573,0.3051938,
1,23,66.791,0.3951017,0.04149885,-0.7767762,0.3198939,-0.6425164,0.6258573,0.3051938,
1,23,66.793,0.3950996,0.04145204,-0.7768168,0.3198629,-0.6425125,0.6258357,0.3052789,
1,23,66.795,0.3950996,0.04145204,-0.7768168,0.3198629,-0.6425125,0.6258357,0.3052789,
1,23,66.797,0.3950996,0.04145204,-0.7768168,0.3198629,-0.6425125,0.6258357,0.3052789,
1,23,66.799,0.3950996,0.04145204,-0.7768168,0.3198629,-0.6425125,0.6258357,0.3052789,
1,23,66.801,0.3950969,0.04139496,-0.7768149,0.3198734,-0.6425769,0.6258019,0.3052015,
1,23,66.803,0.3950969,0.04139496,-0.7768149,0.3198734,-0.6425769,0.6258019,0.3052015,
1,23,66.805,0.3950969,0.04139496,-0.7768149,0.3198734,-0.6425769,0.6258019,0.3052015,
1,23,66.807,0.3950969,0.04139496,-0.7768149,0.3198734,-0.6425769,0.6258019,0.3052015,
1,23,66.809,0.3951156,0.04145622,-0.7768047,0.319885,-0.6425342,0.6258433,0.3051946,
1,23,66.811,0.3951156,0.04145622,-0.7768047,0.319885,-0.6425342,0.6258433,0.3051946,
1,23,66.813,0.3951156,0.04145622,-0.7768047,0.319885,-0.6425342,0.6258433,0.3051946,
1,23,66.815,0.3951156,0.04145622,-0.7768047,0.319885,-0.6425342,0.6258433,0.3051946,
1,23,66.817,0.3951156,0.04145622,-0.7768047,0.319885,-0.6425342,0.6258433,0.3051946,
1,23,66.819,0.3950797,0.04149481,-0.7767858,0.3198346,-0.6424755,0.625889,0.3052768,
1,23,66.821,0.3950797,0.04149481,-0.7767858,0.3198346,-0.6424755,0.625889,0.3052768,
1,23,66.823,0.3950797,0.04149481,-0.7767858,0.3198346,-0.6424755,0.625889,0.3052768,
1,23,66.825,0.3950797,0.04149481,-0.7767858,0.3198346,-0.6424755,0.625889,0.3052768,
1,23,66.827,0.3951079,0.04151862,-0.776783,0.3198668,-0.6424819,0.6258959,0.3052158,
1,23,66.829,0.3951079,0.04151862,-0.776783,0.3198668,-0.6424819,0.6258959,0.3052158,
1,23,66.831,0.3951079,0.04151862,-0.776783,0.3198668,-0.6424819,0.6258959,0.3052158,
1,23,66.833,0.3951079,0.04151862,-0.776783,0.3198668,-0.6424819,0.6258959,0.3052158,
1,23,66.835,0.3951195,0.04153214,-0.7767576,0.3199011,-0.6425216,0.6258776,0.3051334,
1,23,66.837,0.3951195,0.04153214,-0.7767576,0.3199011,-0.6425216,0.6258776,0.3051334,
1,23,66.839,0.3951195,0.04153214,-0.7767576,0.3199011,-0.6425216,0.6258776,0.3051334,
1,23,66.841,0.3951195,0.04153214,-0.7767576,0.3199011,-0.6425216,0.6258776,0.3051334,
1,23,66.843,0.3950972,0.0414739,-0.776768,0.319897,-0.6425489,0.6258465,0.3051444,
1,23,66.845,0.3950972,0.0414739,-0.776768,0.319897,-0.6425489,0.6258465,0.3051444,
1,23,66.847,0.3950972,0.0414739,-0.776768,0.319897,-0.6425489,0.6258465,0.3051444,
1,23,66.849,0.3950972,0.0414739,-0.776768,0.319897,-0.6425489,0.6258465,0.3051444,
1,23,66.851,0.3950953,0.04145646,-0.7768059,0.3199002,-0.6425216,0.6258281,0.305236,
1,23,66.853,0.3950953,0.04145646,-0.7768059,0.3199002,-0.6425216,0.6258281,0.305236,
1,23,66.855,0.3950953,0.04145646,-0.7768059,0.3199002,-0.6425216,0.6258281,0.305236,
1,23,66.857,0.3950953,0.04145646,-0.7768059,0.3199002,-0.6425216,0.6258281,0.305236,
1,23,66.859,0.3950621,0.04146744,-0.7767282,0.3198614,-0.64256,0.6258577,0.3051354,
1,23,66.861,0.3950621,0.04146744,-0.7767282,0.3198614,-0.64256,0.6258577,0.3051354,
1,23,66.863,0.3950621,0.04146744,-0.7767282,0.3198614,-0.64256,0.6258577,0.3051354,
1,23,66.865,0.3950621,0.04146744,-0.7767282,0.3198614,-0.64256,0.6258577,0.3051354,
1,23,66.867,0.3950621,0.04146744,-0.7767282,0.3198614,-0.64256,0.6258577,0.3051354,
1,23,66.869,0.3950973,0.04135472,-0.7768419,0.3198709,-0.6425572,0.6257728,0.3053052,
1,23,66.871,0.3950973,0.04135472,-0.7768419,0.3198709,-0.6425572,0.6257728,0.3053052,
1,23,66.873,0.3950973,0.04135472,-0.7768419,0.3198709,-0.6425572,0.6257728,0.3053052,
1,23,66.875,0.3950973,0.04135472,-0.7768419,0.3198709,-0.6425572,0.6257728,0.3053052,
1,23,66.877,0.3950949,0.04141129,-0.7768034,0.3198611,-0.6425468,0.6258216,0.3052375,
1,23,66.879,0.3950949,0.04141129,-0.7768034,0.3198611,-0.6425468,0.6258216,0.3052375,
1,23,66.881,0.3950949,0.04141129,-0.7768034,0.3198611,-0.6425468,0.6258216,0.3052375,
1,23,66.883,0.3950949,0.04141129,-0.7768034,0.3198611,-0.6425468,0.6258216,0.3052375,
1,23,66.885,0.3951013,0.04139522,-0.7767335,0.3198563,-0.6426356,0.625791,0.3051178,
1,23,66.887,0.3951013,0.04139522,-0.7767335,0.3198563,-0.6426356,0.625791,0.3051178,
1,23,66.889,0.3951013,0.04139522,-0.7767335,0.3198563,-0.6426356,0.625791,0.3051178,
1,23,66.891,0.3951013,0.04139522,-0.7767335,0.3198563,-0.6426356,0.625791,0.3051178,
1,23,66.893,0.3950752,0.04134434,-0.7767714,0.3198409,-0.6426229,0.6257747,0.3051943,
1,23,66.895,0.3950752,0.04134434,-0.7767714,0.3198409,-0.6426229,0.6257747,0.3051943,
1,23,66.897,0.3950752,0.04134434,-0.7767714,0.3198409,-0.6426229,0.6257747,0.3051943,
1,23,66.899,0.3950752,0.04134434,-0.7767714,0.3198409,-0.6426229,0.6257747,0.3051943,
1,23,66.901,0.3950917,0.04142257,-0.7767608,0.3198573,-0.6425653,0.6258317,0.3051817,
1,23,66.903,0.3950917,0.04142257,-0.7767608,0.3198573,-0.6425653,0.6258317,0.3051817,
1,23,66.905,0.3950917,0.04142257,-0.7767608,0.3198573,-0.6425653,0.6258317,0.3051817,
1,23,66.907,0.3950917,0.04142257,-0.7767608,0.3198573,-0.6425653,0.6258317,0.3051817,
1,23,66.909,0.3950786,0.04137999,-0.7767984,0.3198279,-0.6425525,0.6258023,0.3052997,
1,23,66.911,0.3950786,0.04137999,-0.7767984,0.3198279,-0.6425525,0.6258023,0.3052997,
1,23,66.913,0.3950786,0.04137999,-0.7767984,0.3198279,-0.6425525,0.6258023,0.3052997,
1,23,66.915,0.3950786,0.04137999,-0.7767984,0.3198279,-0.6425525,0.6258023,0.3052997,
1,23,66.917,0.3950786,0.04137999,-0.7767984,0.3198279,-0.6425525,0.6258023,0.3052997,
1,23,66.919,0.3950603,0.04142325,-0.7767351,0.3197979,-0.6425426,0.6258691,0.3052151,
1,23,66.921,0.3950603,0.04142325,-0.7767351,0.3197979,-0.6425426,0.6258691,0.3052151,
1,23,66.923,0.3950603,0.04142325,-0.7767351,0.3197979,-0.6425426,0.6258691,0.3052151,
1,23,66.925,0.3950603,0.04142325,-0.7767351,0.3197979,-0.6425426,0.6258691,0.3052151,
1,23,66.927,0.3950814,0.04149937,-0.7767027,0.3198383,-0.6425446,0.6258866,0.3051326,
1,23,66.929,0.3950814,0.04149937,-0.7767027,0.3198383,-0.6425446,0.6258866,0.3051326,
1,23,66.931,0.3950814,0.04149937,-0.7767027,0.3198383,-0.6425446,0.6258866,0.3051326,
1,23,66.933,0.3950814,0.04149937,-0.7767027,0.3198383,-0.6425446,0.6258866,0.3051326,
1,23,66.935,0.3951169,0.0414827,-0.7767861,0.3198579,-0.6424987,0.6258676,0.3052478,
1,23,66.937,0.3951169,0.0414827,-0.7767861,0.3198579,-0.6424987,0.6258676,0.3052478,
1,23,66.939,0.3951169,0.0414827,-0.7767861,0.3198579,-0.6424987,0.6258676,0.3052478,
1,23,66.941,0.3951169,0.0414827,-0.7767861,0.3198579,-0.6424987,0.6258676,0.3052478,
1,23,66.943,0.3950714,0.04147259,-0.7767606,0.3198502,-0.6425166,0.6258624,0.3052288,
1,23,66.945,0.3950714,0.04147259,-0.7767606,0.3198502,-0.6425166,0.6258624,0.3052288,
1,23,66.947,0.3950714,0.04147259,-0.7767606,0.3198502,-0.6425166,0.6258624,0.3052288,
1,23,66.949,0.3950714,0.04147259,-0.7767606,0.3198502,-0.6425166,0.6258624,0.3052288,
1,23,66.951,0.3951,0.04139299,-0.7767862,0.3198649,-0.6425707,0.6258123,0.3052024,
1,23,66.953,0.3951,0.04139299,-0.7767862,0.3198649,-0.6425707,0.6258123,0.3052024,
1,23,66.955,0.3951,0.04139299,-0.7767862,0.3198649,-0.6425707,0.6258123,0.3052024,
1,23,66.957,0.3951,0.04139299,-0.7767862,0.3198649,-0.6425707,0.6258123,0.3052024,
1,23,66.959,0.3951091,0.04147113,-0.7767686,0.319883,-0.6425363,0.625846,0.3051865,
1,23,66.961,0.3951091,0.04147113,-0.7767686,0.319883,-0.6425363,0.625846,0.3051865,
1,23,66.963,0.3951091,0.04147113,-0.7767686,0.319883,-0.6425363,0.625846,0.3051865,
1,23,66.965,0.3951091,0.04147113,-0.7767686,0.319883,-0.6425363,0.625846,0.3051865,
1,23,66.967,0.3951091,0.04147113,-0.7767686,0.319883,-0.6425363,0.625846,0.3051865,
1,23,66.969,0.3950599,0.04147615,-0.7767206,0.3198229,-0.6425418,0.6258744,0.3051797,
1,23,66.971,0.3950599,0.04147615,-0.7767206,0.3198229,-0.6425418,0.6258744,0.3051797,
1,23,66.973,0.3950599,0.04147615,-0.7767206,0.3198229,-0.6425418,0.6258744,0.3051797,
1,23,66.975,0.3950599,0.04147615,-0.7767206,0.3198229,-0.6425418,0.6258744,0.3051797,
1,23,66.977,0.3950679,0.04148407,-0.776728,0.3198446,-0.6425385,0.6258811,0.30515,
1,23,66.979,0.3950679,0.04148407,-0.776728,0.3198446,-0.6425385,0.6258811,0.30515,
1,23,66.981,0.3950679,0.04148407,-0.776728,0.3198446,-0.6425385,0.6258811,0.30515,
1,23,66.983,0.3950679,0.04148407,-0.776728,0.3198446,-0.6425385,0.6258811,0.30515,
1,23,66.985,0.3950768,0.04150071,-0.7767091,0.3198407,-0.6425421,0.6258856,0.3051373,
1,23,66.987,0.3950768,0.04150071,-0.7767091,0.3198407,-0.6425421,0.6258856,0.3051373,
1,23,66.989,0.3950768,0.04150071,-0.7767091,0.3198407,-0.6425421,0.6258856,0.3051373,
1,23,66.991,0.3950768,0.04150071,-0.7767091,0.3198407,-0.6425421,0.6258856,0.3051373,
1,23,66.993,0.3950856,0.04144793,-0.7767709,0.3198726,-0.6425464,0.6258458,0.3051766,
1,23,66.995,0.3950856,0.04144793,-0.7767709,0.3198726,-0.6425464,0.6258458,0.3051766,
1,23,66.997,0.3950856,0.04144793,-0.7767709,0.3198726,-0.6425464,0.6258458,0.3051766,
1,23,66.999,0.3950856,0.04144793,-0.7767709,0.3198726,-0.6425464,0.6258458,0.3051766,
1,23,67.001,0.3950784,0.04145031,-0.7767577,0.3198634,-0.6425389,0.6258591,0.3051747,
1,23,67.003,0.3950784,0.04145031,-0.7767577,0.3198634,-0.6425389,0.6258591,0.3051747,
1,23,67.005,0.3950784,0.04145031,-0.7767577,0.3198634,-0.6425389,0.6258591,0.3051747,
1,23,67.007,0.3950784,0.04145031,-0.7767577,0.3198634,-0.6425389,0.6258591,0.3051747,
1,23,67.009,0.3950864,0.04140567,-0.7767874,0.3198628,-0.6425635,0.6258231,0.3051976,
1,23,67.011,0.3950864,0.04140567,-0.7767874,0.3198628,-0.6425635,0.6258231,0.3051976,
1,23,67.013,0.3950864,0.04140567,-0.7767874,0.3198628,-0.6425635,0.6258231,0.3051976,
1,23,67.015,0.3950864,0.04140567,-0.7767874,0.3198628,-0.6425635,0.6258231,0.3051976,
1,23,67.017,0.3950864,0.04140567,-0.7767874,0.3198628,-0.6425635,0.6258231,0.3051976,
1,23,67.019,0.3950912,0.04144967,-0.776807,0.319894,-0.6425159,0.625832,0.3052464,
1,23,67.021,0.3950912,0.04144967,-0.776807,0.319894,-0.6425159,0.625832,0.3052464,
1,23,67.023,0.3950912,0.04144967,-0.776807,0.319894,-0.6425159,0.625832,0.3052464,
1,23,67.025,0.3950912,0.04144967,-0.776807,0.319894,-0.6425159,0.625832,0.3052464,
1,23,67.027,0.3950905,0.04143002,-0.7767995,0.319886,-0.6425171,0.6258169,0.3052834,
1,23,67.029,0.3950905,0.04143002,-0.7767995,0.319886,-0.6425171,0.6258169,0.3052834,
1,23,67.031,0.3950905,0.04143002,-0.7767995,0.319886,-0.6425171,0.6258169,0.3052834,
1,23,67.033,0.3950905,0.04143002,-0.7767995,0.319886,-0.6425171,0.6258169,0.3052834,
1,23,67.035,0.3951003,0.04137911,-0.7768325,0.3198631,-0.6425189,0.6257981,0.3053423,
1,23,67.037,0.3951003,0.04137911,-0.7768325,0.3198631,-0.6425189,0.6257981,0.3053423,
1,23,67.039,0.3951003,0.04137911,-0.7768325,0.3198631,-0.6425189,0.6257981,0.3053423,
1,23,67.041,0.3951003,0.04137911,-0.7768325,0.3198631,-0.6425189,0.6257981,0.3053423,
1,23,67.043,0.3950833,0.04146452,-0.7767478,0.3198167,-0.642511,0.6258906,0.305218,
1,23,67.045,0.3950833,0.04146452,-0.7767478,0.3198167,-0.642511,0.6258906,0.305218,
1,23,67.047,0.3950833,0.04146452,-0.7767478,0.3198167,-0.642511,0.6258906,0.305218,
1,23,67.049,0.3950833,0.04146452,-0.7767478,0.3198167,-0.642511,0.6258906,0.305218,
1,23,67.051,0.395098,0.04150603,-0.7767394,0.3198599,-0.6425115,0.6258876,0.3051777,
1,23,67.053,0.395098,0.04150603,-0.7767394,0.3198599,-0.6425115,0.6258876,0.3051777,
1,23,67.055,0.395098,0.04150603,-0.7767394,0.3198599,-0.6425115,0.6258876,0.3051777,
1,23,67.057,0.395098,0.04150603,-0.7767394,0.3198599,-0.6425115,0.6258876,0.3051777,
1,23,67.059,0.3950758,0.04143866,-0.7767478,0.3198584,-0.6425563,0.6258482,0.3051659,
1,23,67.061,0.3950758,0.04143866,-0.7767478,0.3198584,-0.6425563,0.6258482,0.3051659,
1,23,67.063,0.3950758,0.04143866,-0.7767478,0.3198584,-0.6425563,0.6258482,0.3051659,
1,23,67.065,0.3950758,0.04143866,-0.7767478,0.3198584,-0.6425563,0.6258482,0.3051659,
1,23,67.067,0.3950758,0.04143866,-0.7767478,0.3198584,-0.6425563,0.6258482,0.3051659,
1,23,67.069,0.395088,0.04137122,-0.7767999,0.3198808,-0.6425951,0.6257875,0.3051851,
1,23,67.071,0.395088,0.04137122,-0.7767999,0.3198808,-0.6425951,0.6257875,0.3051851,
1,23,67.073,0.395088,0.04137122,-0.7767999,0.3198808,-0.6425951,0.6257875,0.3051851,
1,23,67.075,0.395088,0.04137122,-0.7767999,0.3198808,-0.6425951,0.6257875,0.3051851,
1,23,67.077,0.3950768,0.04144252,-0.7767218,0.3198457,-0.6425674,0.6258479,0.3051563,
1,23,67.079,0.3950768,0.04144252,-0.7767218,0.3198457,-0.6425674,0.6258479,0.3051563,
1,23,67.081,0.3950768,0.04144252,-0.7767218,0.3198457,-0.6425674,0.6258479,0.3051563,
1,23,67.083,0.3950768,0.04144252,-0.7767218,0.3198457,-0.6425674,0.6258479,0.3051563,
1,23,67.085,0.3950336,0.04141694,-0.7767341,0.319855,-0.6425588,0.6258241,0.3052135,
1,23,67.087,0.3950336,0.04141694,-0.7767341,0.319855,-0.6425588,0.6258241,0.3052135,
1,23,67.089,0.3950336,0.04141694,-0.7767341,0.319855,-0.6425588,0.6258241,0.3052135,
1,23,67.091,0.3950336,0.04141694,-0.7767341,0.319855,-0.6425588,0.6258241,0.3052135,
1,23,67.093,0.3951062,0.04138136,-0.7768283,0.3198328,-0.6425382,0.6258115,0.3053057,
1,23,67.095,0.3951062,0.04138136,-0.7768283,0.3198328,-0.6425382,0.6258115,0.3053057,
1,23,67.097,0.3951062,0.04138136,-0.7768283,0.3198328,-0.6425382,0.6258115,0.3053057,
1,23,67.099,0.3951062,0.04138136,-0.7768283,0.3198328,-0.6425382,0.6258115,0.3053057,
1,23,67.101,0.3951175,0.0414067,-0.7767938,0.3198371,-0.6425474,0.6258345,0.3052351,
1,23,67.103,0.3951175,0.0414067,-0.7767938,0.3198371,-0.6425474,0.6258345,0.3052351,
1,23,67.105,0.3951175,0.0414067,-0.7767938,0.3198371,-0.6425474,0.6258345,0.3052351,
1,23,67.107,0.3951175,0.0414067,-0.7767938,0.3198371,-0.6425474,0.6258345,0.3052351,
1,23,67.109,0.3950602,0.04145621,-0.7767742,0.3198458,-0.6425031,0.6258588,0.3052691,
1,23,67.111,0.3950602,0.04145621,-0.7767742,0.3198458,-0.6425031,0.6258588,0.3052691,
1,23,67.113,0.3950602,0.04145621,-0.7767742,0.3198458,-0.6425031,0.6258588,0.3052691,
1,23,67.115,0.3950602,0.04145621,-0.7767742,0.3198458,-0.6425031,0.6258588,0.3052691,
1,23,67.117,0.3950602,0.04145621,-0.7767742,0.3198458,-0.6425031,0.6258588,0.3052691,
1,23,67.119,0.3950627,0.0414549,-0.7767792,0.3198573,-0.6425065,0.6258495,0.3052688,
1,23,67.121,0.3950627,0.0414549,-0.7767792,0.3198573,-0.6425065,0.6258495,0.3052688,
1,23,67.123,0.3950627,0.0414549,-0.7767792,0.3198573,-0.6425065,0.6258495,0.3052688,
1,23,67.125,0.3950627,0.0414549,-0.7767792,0.3198573,-0.6425065,0.6258495,0.3052688,
1,23,67.127,0.3951189,0.04141894,-0.7768122,0.3198935,-0.6425422,0.6257972,0.3052629,
1,23,67.129,0.3951189,0.04141894,-0.7768122,0.3198935,-0.6425422,0.6257972,0.3052629,
1,23,67.131,0.3951189,0.04141894,-0.7768122,0.3198935,-0.6425422,0.6257972,0.3052629,
1,23,67.133,0.3951189,0.04141894,-0.7768122,0.3198935,-0.6425422,0.6257972,0.3052629,
1,23,67.135,0.3951387,0.04144509,-0.7768284,0.3199292,-0.6425011,0.6258117,0.3052825,
1,23,67.137,0.3951387,0.04144509,-0.7768284,0.3199292,-0.6425011,0.6258117,0.3052825,
1,23,67.139,0.3951387,0.04144509,-0.7768284,0.3199292,-0.6425011,0.6258117,0.3052825,
1,23,67.141,0.3951387,0.04144509,-0.7768284,0.3199292,-0.6425011,0.6258117,0.3052825,
1,23,67.143,0.39512,0.04139836,-0.7768122,0.3199059,-0.6425654,0.6258011,0.3051933,
1,23,67.145,0.39512,0.04139836,-0.7768122,0.3199059,-0.6425654,0.6258011,0.3051933,
1,23,67.147,0.39512,0.04139836,-0.7768122,0.3199059,-0.6425654,0.6258011,0.3051933,
1,23,67.149,0.39512,0.04139836,-0.7768122,0.3199059,-0.6425654,0.6258011,0.3051933,
1,23,67.151,0.395122,0.04138158,-0.7768285,0.3198922,-0.6425648,0.6257816,0.305249,
1,23,67.153,0.395122,0.04138158,-0.7768285,0.3198922,-0.6425648,0.6257816,0.305249,
1,23,67.155,0.395122,0.04138158,-0.7768285,0.3198922,-0.6425648,0.6257816,0.305249,
1,23,67.157,0.395122,0.04138158,-0.7768285,0.3198922,-0.6425648,0.6257816,0.305249,
1,23,67.159,0.3951449,0.04137856,-0.7768391,0.3199299,-0.6425701,0.6257799,0.3052016,
1,23,67.161,0.3951449,0.04137856,-0.7768391,0.3199299,-0.6425701,0.6257799,0.3052016,
1,23,67.163,0.3951449,0.04137856,-0.7768391,0.3199299,-0.6425701,0.6257799,0.3052016,
1,23,67.165,0.3951449,0.04137856,-0.7768391,0.3199299,-0.6425701,0.6257799,0.3052016,
1,23,67.167,0.3951449,0.04137856,-0.7768391,0.3199299,-0.6425701,0.6257799,0.3052016,
1,23,67.169,0.395115,0.041377,-0.7768309,0.3199004,-0.6425704,0.6257787,0.3052343,
1,23,67.171,0.395115,0.041377,-0.7768309,0.3199004,-0.6425704,0.6257787,0.3052343,
1,23,67.173,0.395115,0.041377,-0.7768309,0.3199004,-0.6425704,0.6257787,0.3052343,
1,23,67.175,0.395115,0.041377,-0.7768309,0.3199004,-0.6425704,0.6257787,0.3052343,
1,23,67.177,0.3951047,0.04143003,-0.7767647,0.3198577,-0.6425608,0.6258355,0.3051832,
1,23,67.179,0.3951047,0.04143003,-0.7767647,0.3198577,-0.6425608,0.6258355,0.3051832,
1,23,67.181,0.3951047,0.04143003,-0.7767647,0.3198577,-0.6425608,0.6258355,0.3051832,CourtEnter
1,23,67.183,0.3951047,0.04143003,-0.7767647,0.3198577,-0.6425608,0.6258355,0.3051832,
1,23,67.185,0.395105,0.04138178,-0.7768327,0.3198927,-0.6425371,0.6257944,0.3052807,
1,23,67.187,0.395105,0.04138178,-0.7768327,0.3198927,-0.6425371,0.6257944,0.3052807,
1,23,67.189,0.395105,0.04138178,-0.7768327,0.3198927,-0.6425371,0.6257944,0.3052807,CourtExit
1,23,67.191,0.395105,0.04138178,-0.7768327,0.3198927,-0.6425371,0.6257944,0.3052807,
1,23,67.193,0.395081,0.04140297,-0.7767693,0.319846,-0.642556,0.6258268,0.305223,
1,23,67.195,0.395081,0.04140297,-0.7767693,0.319846,-0.642556,0.6258268,0.305223,
1,23,67.197,0.395081,0.04140297,-0.7767693,0.319846,-0.642556,0.6258268,0.305223,
1,23,67.199,0.395081,0.04140297,-0.7767693,0.319846,-0.642556,0.6258268,0.305223,
1,23,67.201,0.3950924,0.04147553,-0.7767527,0.3198578,-0.6425226,0.6258754,0.3051814,
1,23,67.203,0.3950924,0.04147553,-0.7767527,0.3198578,-0.6425226,0.6258754,0.3051814,
1,23,67.205,0.3950924,0.04147553,-0.7767527,0.3198578,-0.6425226,0.6258754,0.3051814,
1,23,67.207,0.3950924,0.04147553,-0.7767527,0.3198578,-0.6425226,0.6258754,0.3051814,
1,23,67.209,0.3951026,0.04144424,-0.7767901,0.3198816,-0.6425299,0.6258505,0.3051921,
1,23,67.211,0.3951026,0.04144424,-0.7767901,0.3198816,-0.6425299,0.6258505,0.3051921,
1,23,67.213,0.3951026,0.04144424,-0.7767901,0.3198816,-0.6425299,0.6258505,0.3051921,
1,23,67.215,0.3951026,0.04144424,-0.7767901,0.3198816,-0.6425299,0.6258505,0.3051921,
1,23,67.217,0.3951026,0.04144424,-0.7767901,0.3198816,-0.6425299,0.6258505,0.3051921,
1,23,67.219,0.3950567,0.04141651,-0.7767351,0.3198551,-0.6425729,0.6258323,0.3051668,
1,23,67.221,0.3950567,0.04141651,-0.7767351,0.3198551,-0.6425729,0.6258323,0.3051668,
1,23,67.223,0.3950567,0.04141651,-0.7767351,0.3198551,-0.6425729,0.6258323,0.3051668,
1,23,67.225,0.3950567,0.04141651,-0.7767351,0.3198551,-0.6425729,0.6258323,0.3051668,
1,23,67.227,0.3950756,0.0414387,-0.7767401,0.3198505,-0.6425512,0.6258581,0.3051644,
1,23,67.229,0.3950756,0.0414387,-0.7767401,0.3198505,-0.6425512,0.6258581,0.3051644,
1,23,67.231,0.3950756,0.0414387,-0.7767401,0.3198505,-0.6425512,0.6258581,0.3051644,
1,23,67.233,0.3950756,0.0414387,-0.7767401,0.3198505,-0.6425512,0.6258581,0.3051644,
1,23,67.235,0.3951039,0.0414408,-0.7767983,0.3198878,-0.6425259,0.6258265,0.3052434,
1,23,67.237,0.3951039,0.0414408,-0.7767983,0.3198878,-0.6425259,0.6258265,0.3052434,
1,23,67.239,0.3951039,0.0414408,-0.7767983,0.3198878,-0.6425259,0.6258265,0.3052434,
1,23,67.241,0.3951039,0.0414408,-0.7767983,0.3198878,-0.6425259,0.6258265,0.3052434,
1,23,67.243,0.3951059,0.04144122,-0.7767883,0.3199046,-0.6425408,0.6258152,0.3052174,
1,23,67.245,0.3951059,0.04144122,-0.7767883,0.3199046,-0.6425408,0.6258152,0.3052174,
1,23,67.247,0.3951059,0.04144122,-0.7767883,0.3199046,-0.6425408,0.6258152,0.3052174,
1,23,67.249,0.3951059,0.04144122,-0.7767883,0.3199046,-0.6425408,0.6258152,0.3052174,
1,23,67.251,0.3951127,0.04144296,-0.7768283,0.3199304,-0.6425165,0.6258016,0.3052695,
1,23,67.253,0.3951127,0.04144296,-0.7768283,0.3199304,-0.6425165,0.6258016,0.3052695,
1,23,67.255,0.3951127,0.04144296,-0.7768283,0.3199304,-0.6425165,0.6258016,0.3052695,
1,23,67.257,0.3951127,0.04144296,-0.7768283,0.3199304,-0.6425165,0.6258016,0.3052695,
1,23,67.259,0.3950599,0.04150726,-0.7767351,0.3198483,-0.6425185,0.625896,0.3051575,
1,23,67.261,0.3950599,0.04150726,-0.7767351,0.3198483,-0.6425185,0.625896,0.3051575,
1,23,67.263,0.3950599,0.04150726,-0.7767351,0.3198483,-0.6425185,0.625896,0.3051575,
1,23,67.265,0.3950599,0.04150726,-0.7767351,0.3198483,-0.6425185,0.625896,0.3051575,
1,23,67.267,0.3950599,0.04150726,-0.7767351,0.3198483,-0.6425185,0.625896,0.3051575,
1,23,67.269,0.3950819,0.04144969,-0.7767445,0.3198601,-0.6425696,0.6258517,0.3051287,
1,23,67.271,0.3950819,0.04144969,-0.7767445,0.3198601,-0.6425696,0.6258517,0.3051287,
1,23,67.273,0.3950819,0.04144969,-0.7767445,0.3198601,-0.6425696,0.6258517,0.3051287,
1,23,67.275,0.3950819,0.04144969,-0.7767445,0.3198601,-0.6425696,0.6258517,0.3051287,
1,23,67.277,0.3950578,0.04139974,-0.7767389,0.3198159,-0.6425879,0.6258374,0.3051656,
1,23,67.279,0.3950578,0.04139974,-0.7767389,0.3198159,-0.6425879,0.6258374,0.3051656,
1,23,67.281,0.3950578,0.04139974,-0.7767389,0.3198159,-0.6425879,0.6258374,0.3051656,
1,23,67.283,0.3950578,0.04139974,-0.7767389,0.3198159,-0.6425879,0.6258374,0.3051656,
1,23,67.285,0.3951186,0.0414469,-0.7768043,0.3198468,-0.6425112,0.6258608,0.3052468,
1,23,67.287,0.3951186,0.0414469,-0.7768043,0.3198468,-0.6425112,0.6258608,0.3052468,
1,23,67.289,0.3951186,0.0414469,-0.7768043,0.3198468,-0.6425112,0.6258608,0.3052468,
1,23,67.291,0.3951186,0.0414469,-0.7768043,0.3198468,-0.6425112,0.6258608,0.3052468,
1,23,67.293,0.3950882,0.04138446,-0.7768052,0.3198662,-0.6425608,0.625801,0.3052445,
1,23,67.295,0.3950882,0.04138446,-0.7768052,0.3198662,-0.6425608,0.625801,0.3052445,
1,23,67.297,0.3950882,0.04138446,-0.7768052,0.3198662,-0.6425608,0.625801,0.3052445,
1,23,67.299,0.3950882,0.04138446,-0.7768052,0.3198662,-0.6425608,0.625801,0.3052445,
1,23,67.301,0.3950917,0.04137832,-0.7768012,0.3198648,-0.6425802,0.6257963,0.3052151,
1,23,67.303,0.3950917,0.04137832,-0.7768012,0.3198648,-0.6425802,0.6257963,0.3052151,
1,23,67.305,0.3950917,0.04137832,-0.7768012,0.3198648,-0.6425802,0.6257963,0.3052151,
1,23,67.307,0.3950917,0.04137832,-0.7768012,0.3198648,-0.6425802,0.6257963,0.3052151,
1,23,67.309,0.3950741,0.04137907,-0.7767885,0.3198499,-0.642581,0.6258108,0.3051993,
1,23,67.311,0.3950741,0.04137907,-0.7767885,0.3198499,-0.642581,0.6258108,0.3051993,
1,23,67.313,0.3950741,0.04137907,-0.7767885,0.3198499,-0.642581,0.6258108,0.3051993,
1,23,67.315,0.3950741,0.04137907,-0.7767885,0.3198499,-0.642581,0.6258108,0.3051993,
1,23,67.317,0.3950741,0.04137907,-0.7767885,0.3198499,-0.642581,0.6258108,0.3051993,
1,23,67.319,0.3951482,0.04139125,-0.7768878,0.3199331,-0.6425343,0.6257649,0.3053043,
1,23,67.321,0.3951482,0.04139125,-0.7768878,0.3199331,-0.6425343,0.6257649,0.3053043,
1,23,67.323,0.3951482,0.04139125,-0.7768878,0.3199331,-0.6425343,0.6257649,0.3053043,
1,23,67.325,0.3951482,0.04139125,-0.7768878,0.3199331,-0.6425343,0.6257649,0.3053043,
1,23,67.327,0.3951036,0.04137585,-0.7768101,0.3198552,-0.6425624,0.6258093,0.305236,
1,23,67.329,0.3951036,0.04137585,-0.7768101,0.3198552,-0.6425624,0.6258093,0.305236,
1,23,67.331,0.3951036,0.04137585,-0.7768101,0.3198552,-0.6425624,0.6258093,0.305236,
1,23,67.333,0.3951036,0.04137585,-0.7768101,0.3198552,-0.6425624,0.6258093,0.305236,
1,23,67.335,0.3951195,0.04132596,-0.7768221,0.3198974,-0.6426374,0.625744,0.3051679,
1,23,67.337,0.3951195,0.04132596,-0.7768221,0.3198974,-0.6426374,0.625744,0.3051679,
1,23,67.339,0.3951195,0.04132596,-0.7768221,0.3198974,-0.6426374,0.625744,0.3051679,
1,23,67.341,0.3951195,0.04132596,-0.7768221,0.3198974,-0.6426374,0.625744,0.3051679,
1,23,67.343,0.3950887,0.04138422,-0.7767839,0.319868,-0.642598,0.6257941,0.3051787,
1,23,67.345,0.3950887,0.04138422,-0.7767839,0.319868,-0.642598,0.6257941,0.3051787,
1,23,67.347,0.3950887,0.04138422,-0.7767839,0.319868,-0.642598,0.6257941,0.3051787,
1,23,67.349,0.3950887,0.04138422,-0.7767839,0.319868,-0.642598,0.6257941,0.3051787,
1,23,67.351,0.3950747,0.04149586,-0.7767467,0.3198577,-0.6425225,0.6258867,0.3051585,
1,23,67.353,0.3950747,0.04149586,-0.7767467,0.3198577,-0.6425225,0.6258867,0.3051585,
1,23,67.355,0.3950747,0.04149586,-0.7767467,0.3198577,-0.6425225,0.6258867,0.3051585,
1,23,67.357,0.3950747,0.04149586,-0.7767467,0.3198577,-0.6425225,0.6258867,0.3051585,
1,23,67.359,0.3950557,0.04146471,-0.7767487,0.3198498,-0.6425395,0.6258691,0.3051673,
1,23,67.361,0.3950557,0.04146471,-0.7767487,0.3198498,-0.6425395,0.6258691,0.3051673,
1,23,67.363,0.3950557,0.04146471,-0.7767487,0.3198498,-0.6425395,0.6258691,0.3051673,
1,23,67.365,0.3950557,0.04146471,-0.7767487,0.3198498,-0.6425395,0.6258691,0.3051673,
1,23,67.367,0.3950557,0.04146471,-0.7767487,0.3198498,-0.6425395,0.6258691,0.3051673,
1,23,67.369,0.3950821,0.04148026,-0.7767549,0.3198509,-0.6425368,0.6258686,0.3051727,
1,23,67.371,0.3950821,0.04148026,-0.7767549,0.3198509,-0.6425368,0.6258686,0.3051727,
1,23,67.373,0.3950821,0.04148026,-0.7767549,0.3198509,-0.6425368,0.6258686,0.3051727,
1,23,67.375,0.3950821,0.04148026,-0.7767549,0.3198509,-0.6425368,0.6258686,0.3051727,
1,23,67.377,0.3950751,0.04146815,-0.7767934,0.3198902,-0.6424965,0.6258382,0.3052788,
1,23,67.379,0.3950751,0.04146815,-0.7767934,0.3198902,-0.6424965,0.6258382,0.3052788,
1,23,67.381,0.3950751,0.04146815,-0.7767934,0.3198902,-0.6424965,0.6258382,0.3052788,
1,23,67.383,0.3950751,0.04146815,-0.7767934,0.3198902,-0.6424965,0.6258382,0.3052788,
1,23,67.385,0.3950812,0.04146858,-0.7768015,0.3198999,-0.6425003,0.6258348,0.3052675,
1,23,67.387,0.3950812,0.04146858,-0.7768015,0.3198999,-0.6425003,0.6258348,0.3052675,
1,23,67.389,0.3950812,0.04146858,-0.7768015,0.3198999,-0.6425003,0.6258348,0.3052675,
1,23,67.391,0.3950812,0.04146858,-0.7768015,0.3198999,-0.6425003,0.6258348,0.3052675,
1,23,67.393,0.3950942,0.04143623,-0.776796,0.3198895,-0.6425399,0.6258311,0.3052028,
1,23,67.395,0.3950942,0.04143623,-0.776796,0.3198895,-0.6425399,0.6258311,0.3052028,
1,23,67.397,0.3950942,0.04143623,-0.776796,0.3198895,-0.6425399,0.6258311,0.3052028,
1,23,67.399,0.3950942,0.04143623,-0.776796,0.3198895,-0.6425399,0.6258311,0.3052028,
1,23,67.401,0.3950946,0.04145234,-0.7767687,0.3198764,-0.6425405,0.6258393,0.3051982,
1,23,67.403,0.3950946,0.04145234,-0.7767687,0.3198764,-0.6425405,0.6258393,0.3051982,
1,23,67.405,0.3950946,0.04145234,-0.7767687,0.3198764,-0.6425405,0.6258393,0.3051982,
1,23,67.407,0.3950946,0.04145234,-0.7767687,0.3198764,-0.6425405,0.6258393,0.3051982,
1,23,67.409,0.3950638,0.04145973,-0.7767773,0.3198567,-0.642514,0.625851,0.3052509,
1,23,67.411,0.3950638,0.04145973,-0.7767773,0.3198567,-0.642514,0.625851,0.3052509,
1,23,67.413,0.3950638,0.04145973,-0.7767773,0.3198567,-0.642514,0.625851,0.3052509,
1,23,67.415,0.3950638,0.04145973,-0.7767773,0.3198567,-0.642514,0.625851,0.3052509,
1,23,67.417,0.3950638,0.04145973,-0.7767773,0.3198567,-0.642514,0.625851,0.3052509,
1,23,67.419,0.3950783,0.04142691,-0.7767804,0.3198444,-0.6425495,0.6258368,0.3052181,
1,23,67.421,0.3950783,0.04142691,-0.7767804,0.3198444,-0.6425495,0.6258368,0.3052181,
1,23,67.423,0.3950783,0.04142691,-0.7767804,0.3198444,-0.6425495,0.6258368,0.3052181,
1,23,67.425,0.3950783,0.04142691,-0.7767804,0.3198444,-0.6425495,0.6258368,0.3052181,
1,23,67.427,0.3951136,0.04142688,-0.7768118,0.3198809,-0.6425401,0.6258341,0.3052053,
1,23,67.429,0.3951136,0.04142688,-0.7768118,0.3198809,-0.6425401,0.6258341,0.3052053,
1,23,67.431,0.3951136,0.04142688,-0.7768118,0.3198809,-0.6425401,0.6258341,0.3052053,
1,23,67.433,0.3951136,0.04142688,-0.7768118,0.3198809,-0.6425401,0.6258341,0.3052053,
1,23,67.435,0.3950933,0.04148739,-0.7767574,0.3198624,-0.6425222,0.6258739,0.3051805,
1,23,67.437,0.3950933,0.04148739,-0.7767574,0.3198624,-0.6425222,0.6258739,0.3051805,
1,23,67.439,0.3950933,0.04148739,-0.7767574,0.3198624,-0.6425222,0.6258739,0.3051805,
1,23,67.441,0.3950933,0.04148739,-0.7767574,0.3198624,-0.6425222,0.6258739,0.3051805,
1,23,67.443,0.3950553,0.04145112,-0.7767137,0.3198476,-0.6425627,0.6258443,0.3051716,
1,23,67.445,0.3950553,0.04145112,-0.7767137,0.3198476,-0.6425627,0.6258443,0.3051716,
1,23,67.447,0.3950553,0.04145112,-0.7767137,0.3198476,-0.6425627,0.6258443,0.3051716,
1,23,67.449,0.3950553,0.04145112,-0.7767137,0.3198476,-0.6425627,0.6258443,0.3051716,
1,23,67.451,0.395062,0.04140381,-0.7767613,0.3198207,-0.6425576,0.625834,0.3052316,
1,23,67.453,0.395062,0.04140381,-0.7767613,0.3198207,-0.6425576,0.625834,0.3052316,
1,23,67.455,0.395062,0.04140381,-0.7767613,0.3198207,-0.6425576,0.625834,0.3052316,
1,23,67.457,0.395062,0.04140381,-0.7767613,0.3198207,-0.6425576,0.625834,0.3052316,
1,23,67.459,0.3951038,0.04140778,-0.7768036,0.3198778,-0.6425625,0.6258141,0.3052023,
1,23,67.461,0.3951038,0.04140778,-0.7768036,0.3198778,-0.6425625,0.6258141,0.3052023,
1,23,67.463,0.3951038,0.04140778,-0.7768036,0.3198778,-0.6425625,0.6258141,0.3052023,
1,23,67.465,0.3951038,0.04140778,-0.7768036,0.3198778,-0.6425625,0.6258141,0.3052023,
1,23,67.467,0.3951038,0.04140778,-0.7768036,0.3198778,-0.6425625,0.6258141,0.3052023,
1,23,67.469,0.3951038,0.04140832,-0.7768189,0.3198904,-0.6425364,0.6258011,0.3052705,
1,23,67.471,0.3951038,0.04140832,-0.7768189,0.3198904,-0.6425364,0.6258011,0.3052705,
1,23,67.473,0.3951038,0.04140832,-0.7768189,0.3198904,-0.6425364,0.6258011,0.3052705,
1,23,67.475,0.3951038,0.04140832,-0.7768189,0.3198904,-0.6425364,0.6258011,0.3052705,
1,23,67.477,0.3951181,0.04138134,-0.7768558,0.3199084,-0.6425298,0.6257761,0.3053169,
1,23,67.479,0.3951181,0.04138134,-0.7768558,0.3199084,-0.6425298,0.6257761,0.3053169,
1,23,67.481,0.3951181,0.04138134,-0.7768558,0.3199084,-0.6425298,0.6257761,0.3053169,
1,23,67.483,0.3951181,0.04138134,-0.7768558,0.3199084,-0.6425298,0.6257761,0.3053169,
1,23,67.485,0.3950762,0.04147927,-0.7767346,0.3199135,-0.6425544,0.6258441,0.3051204,
1,23,67.487,0.3950762,0.04147927,-0.7767346,0.3199135,-0.6425544,0.6258441,0.3051204,
1,23,67.489,0.3950762,0.04147927,-0.7767346,0.3199135,-0.6425544,0.6258441,0.3051204,
1,23,67.491,0.3950762,0.04147927,-0.7767346,0.3199135,-0.6425544,0.6258441,0.3051204,
1,23,67.493,0.3950357,0.04148648,-0.7766995,0.3198578,-0.642553,0.6258761,0.3051161,
1,23,67.495,0.3950357,0.04148648,-0.7766995,0.3198578,-0.642553,0.6258761,0.3051161,
1,23,67.497,0.3950357,0.04148648,-0.7766995,0.3198578,-0.642553,0.6258761,0.3051161,
1,23,67.499,0.3950357,0.04148648,-0.7766995,0.3198578,-0.642553,0.6258761,0.3051161,
1,23,67.501,0.395086,0.04144562,-0.776785,0.3199216,-0.6425136,0.6258134,0.3052606,
1,23,67.503,0.395086,0.04144562,-0.776785,0.3199216,-0.6425136,0.6258134,0.3052606,
1,23,67.505,0.395086,0.04144562,-0.776785,0.3199216,-0.6425136,0.6258134,0.3052606,
1,23,67.507,0.395086,0.04144562,-0.776785,0.3199216,-0.6425136,0.6258134,0.3052606,
1,23,67.509,0.3950827,0.04146463,-0.7767298,0.3198721,-0.6425354,0.6258552,0.3051809,
1,23,67.511,0.3950827,0.04146463,-0.7767298,0.3198721,-0.6425354,0.6258552,0.3051809,
1,23,67.513,0.3950827,0.04146463,-0.7767298,0.3198721,-0.6425354,0.6258552,0.3051809,
1,23,67.515,0.3950827,0.04146463,-0.7767298,0.3198721,-0.6425354,0.6258552,0.3051809,
1,23,67.517,0.3950827,0.04146463,-0.7767298,0.3198721,-0.6425354,0.6258552,0.3051809,
1,23,67.519,0.3950828,0.0414382,-0.7767411,0.3198636,-0.6425453,0.6258573,0.3051648,
1,23,67.521,0.3950828,0.0414382,-0.7767411,0.3198636,-0.6425453,0.6258573,0.3051648,
1,23,67.523,0.3950828,0.0414382,-0.7767411,0.3198636,-0.6425453,0.6258573,0.3051648,
1,23,67.525,0.3950828,0.0414382,-0.7767411,0.3198636,-0.6425453,0.6258573,0.3051648,
1,23,67.527,0.3950971,0.04142816,-0.7767558,0.3198547,-0.6425527,0.6258476,0.3051783,
1,23,67.529,0.3950971,0.04142816,-0.7767558,0.3198547,-0.6425527,0.6258476,0.3051783,
1,23,67.531,0.3950971,0.04142816,-0.7767558,0.3198547,-0.6425527,0.6258476,0.3051783,
1,23,67.533,0.3950971,0.04142816,-0.7767558,0.3198547,-0.6425527,0.6258476,0.3051783,
1,23,67.535,0.3950517,0.04146261,-0.7766689,0.319869,-0.6425765,0.6258485,0.3051114,
1,23,67.537,0.3950517,0.04146261,-0.7766689,0.319869,-0.6425765,0.6258485,0.3051114,
1,23,67.539,0.3950517,0.04146261,-0.7766689,0.319869,-0.6425765,0.6258485,0.3051114,
1,23,67.541,0.3950517,0.04146261,-0.7766689,0.319869,-0.6425765,0.6258485,0.3051114,
1,23,67.543,0.3950631,0.04141916,-0.7767349,0.3198617,-0.6425333,0.6258231,0.3052619,
1,23,67.545,0.3950631,0.04141916,-0.7767349,0.3198617,-0.6425333,0.6258231,0.3052619,
1,23,67.547,0.3950631,0.04141916,-0.7767349,0.3198617,-0.6425333,0.6258231,0.3052619,
1,23,67.549,0.3950631,0.04141916,-0.7767349,0.3198617,-0.6425333,0.6258231,0.3052619,
1,23,67.551,0.3950807,0.04141321,-0.7767693,0.3198133,-0.6425198,0.6258455,0.3052954,
1,23,67.553,0.3950807,0.04141321,-0.7767693,0.3198133,-0.6425198,0.6258455,0.3052954,
1,23,67.555,0.3950807,0.04141321,-0.7767693,0.3198133,-0.6425198,0.6258455,0.3052954,
1,23,67.557,0.3950807,0.04141321,-0.7767693,0.3198133,-0.6425198,0.6258455,0.3052954,
1,23,67.559,0.3951331,0.04141059,-0.7768372,0.3198791,-0.6425037,0.6258217,0.3053093,
1,23,67.561,0.3951331,0.04141059,-0.7768372,0.3198791,-0.6425037,0.6258217,0.3053093,
1,23,67.563,0.3951331,0.04141059,-0.7768372,0.3198791,-0.6425037,0.6258217,0.3053093,
1,23,67.565,0.3951331,0.04141059,-0.7768372,0.3198791,-0.6425037,0.6258217,0.3053093,
1,23,67.567,0.3951331,0.04141059,-0.7768372,0.3198791,-0.6425037,0.6258217,0.3053093,
1,23,67.569,0.3950907,0.0414143,-0.7767633,0.3198581,-0.6425593,0.6258278,0.3052015,
1,23,67.571,0.3950907,0.0414143,-0.7767633,0.3198581,-0.6425593,0.6258278,0.3052015,
1,23,67.573,0.3950907,0.0414143,-0.7767633,0.3198581,-0.6425593,0.6258278,0.3052015,
1,23,67.575,0.3950907,0.0414143,-0.7767633,0.3198581,-0.6425593,0.6258278,0.3052015,
1,23,67.577,0.3950748,0.0414283,-0.7767544,0.3198824,-0.6425589,0.6258239,0.305185,
1,23,67.579,0.3950748,0.0414283,-0.7767544,0.3198824,-0.6425589,0.6258239,0.305185,
1,23,67.581,0.3950748,0.0414283,-0.7767544,0.3198824,-0.6425589,0.6258239,0.305185,
1,23,67.583,0.3950748,0.0414283,-0.7767544,0.3198824,-0.6425589,0.6258239,0.305185,
1,23,67.585,0.395092,0.04140697,-0.7767767,0.3198811,-0.642551,0.6258035,0.3052445,
1,23,67.587,0.395092,0.04140697,-0.7767767,0.3198811,-0.642551,0.6258035,0.3052445,
1,23,67.589,0.395092,0.04140697,-0.7767767,0.3198811,-0.642551,0.6258035,0.3052445,
1,23,67.591,0.395092,0.04140697,-0.7767767,0.3198811,-0.642551,0.6258035,0.3052445,
1,23,67.593,0.3951395,0.04141476,-0.7767954,0.3199246,-0.642566,0.625785,0.3052056,
1,23,67.595,0.3951395,0.04141476,-0.7767954,0.3199246,-0.642566,0.625785,0.3052056,
1,23,67.597,0.3951395,0.04141476,-0.7767954,0.3199246,-0.642566,0.625785,0.3052056,
1,23,67.599,0.3951395,0.04141476,-0.7767954,0.3199246,-0.642566,0.625785,0.3052056,
1,23,67.601,0.3950704,0.041433,-0.7767935,0.3199081,-0.6424966,0.6258175,0.3053022,
1,23,67.603,0.3950704,0.041433,-0.7767935,0.3199081,-0.6424966,0.6258175,0.3053022,
1,23,67.605,0.3950704,0.041433,-0.7767935,0.3199081,-0.6424966,0.6258175,0.3053022,
1,23,67.607,0.3950704,0.041433,-0.7767935,0.3199081,-0.6424966,0.6258175,0.3053022,
1,23,67.609,0.3950831,0.0414236,-0.7767773,0.3198682,-0.6425448,0.6258399,0.3051966,
1,23,67.611,0.3950831,0.0414236,-0.7767773,0.3198682,-0.6425448,0.6258399,0.3051966,
1,23,67.613,0.3950831,0.0414236,-0.7767773,0.3198682,-0.6425448,0.6258399,0.3051966,
1,23,67.615,0.3950831,0.0414236,-0.7767773,0.3198682,-0.6425448,0.6258399,0.3051966,
1,23,67.617,0.3950831,0.0414236,-0.7767773,0.3198682,-0.6425448,0.6258399,0.3051966,
1,23,67.619,0.3951007,0.04139091,-0.7767789,0.3198751,-0.6425866,0.6258156,0.3051512,
1,23,67.621,0.3951007,0.04139091,-0.7767789,0.3198751,-0.6425866,0.6258156,0.3051512,
1,23,67.623,0.3951007,0.04139091,-0.7767789,0.3198751,-0.6425866,0.6258156,0.3051512,
1,23,67.625,0.3951007,0.04139091,-0.7767789,0.3198751,-0.6425866,0.6258156,0.3051512,
1,23,67.627,0.3950669,0.04148062,-0.7767276,0.3198496,-0.6425272,0.6258851,0.3051605,
1,23,67.629,0.3950669,0.04148062,-0.7767276,0.3198496,-0.6425272,0.6258851,0.3051605,
1,23,67.631,0.3950669,0.04148062,-0.7767276,0.3198496,-0.6425272,0.6258851,0.3051605,
1,23,67.633,0.3950669,0.04148062,-0.7767276,0.3198496,-0.6425272,0.6258851,0.3051605,
1,23,67.635,0.3950768,0.04144571,-0.776757,0.3198386,-0.6425228,0.6258731,0.3052057,
1,23,67.637,0.3950768,0.04144571,-0.776757,0.3198386,-0.6425228,0.6258731,0.3052057,
1,23,67.639,0.3950768,0.04144571,-0.776757,0.3198386,-0.6425228,0.6258731,0.3052057,
1,23,67.641,0.3950768,0.04144571,-0.776757,0.3198386,-0.6425228,0.6258731,0.3052057,
1,23,67.643,0.3951277,0.04134974,-0.7768658,0.3198704,-0.6425166,0.6257755,0.3053856,
1,23,67.645,0.3951277,0.04134974,-0.7768658,0.3198704,-0.6425166,0.6257755,0.3053856,
1,23,67.647,0.3951277,0.04134974,-0.7768658,0.3198704,-0.6425166,0.6257755,0.3053856,
1,23,67.649,0.3951277,0.04134974,-0.7768658,0.3198704,-0.6425166,0.6257755,0.3053856,
1,23,67.651,0.3951512,0.04132187,-0.7768509,0.3198826,-0.642553,0.6257522,0.3053443,
1,23,67.653,0.3951512,0.04132187,-0.7768509,0.3198826,-0.642553,0.6257522,0.3053443,
1,23,67.655,0.3951512,0.04132187,-0.7768509,0.3198826,-0.642553,0.6257522,0.3053443,
1,23,67.657,0.3951512,0.04132187,-0.7768509,0.3198826,-0.642553,0.6257522,0.3053443,
1,23,67.659,0.3950968,0.04134817,-0.7768089,0.3198524,-0.6425509,0.6257985,0.3052852,
1,23,67.661,0.3950968,0.04134817,-0.7768089,0.3198524,-0.6425509,0.6257985,0.3052852,
1,23,67.663,0.3950968,0.04134817,-0.7768089,0.3198524,-0.6425509,0.6257985,0.3052852,
1,23,67.665,0.3950968,0.04134817,-0.7768089,0.3198524,-0.6425509,0.6257985,0.3052852,
1,23,67.667,0.3950968,0.04134817,-0.7768089,0.3198524,-0.6425509,0.6257985,0.3052852,
1,23,67.669,0.3951308,0.04138384,-0.7767892,0.3198758,-0.6425473,0.6257942,0.3052769,
1,23,67.671,0.3951308,0.04138384,-0.7767892,0.3198758,-0.6425473,0.6257942,0.3052769,
1,23,67.673,0.3951308,0.04138384,-0.7767892,0.3198758,-0.6425473,0.6257942,0.3052769,
1,23,67.675,0.3951308,0.04138384,-0.7767892,0.3198758,-0.6425473,0.6257942,0.3052769,
1,23,67.677,0.3950593,0.04141912,-0.7767391,0.3198524,-0.6425418,0.6258333,0.3052331,
1,23,67.679,0.3950593,0.04141912,-0.7767391,0.3198524,-0.6425418,0.6258333,0.3052331,
1,23,67.681,0.3950593,0.04141912,-0.7767391,0.3198524,-0.6425418,0.6258333,0.3052331,
1,23,67.683,0.3950593,0.04141912,-0.7767391,0.3198524,-0.6425418,0.6258333,0.3052331,
1,23,67.685,0.3951081,0.04133661,-0.7768004,0.3198216,-0.6425645,0.6257982,0.3052895,
1,23,67.687,0.3951081,0.04133661,-0.7768004,0.3198216,-0.6425645,0.6257982,0.3052895,
1,23,67.689,0.3951081,0.04133661,-0.7768004,0.3198216,-0.6425645,0.6257982,0.3052895,
1,23,67.691,0.3951081,0.04133661,-0.7768004,0.3198216,-0.6425645,0.6257982,0.3052895,
1,23,67.693,0.3950541,0.04137411,-0.7767393,0.3198109,-0.642569,0.6258321,0.3052215,
1,23,67.695,0.3950541,0.04137411,-0.7767393,0.3198109,-0.642569,0.6258321,0.3052215,
1,23,67.697,0.3950541,0.04137411,-0.7767393,0.3198109,-0.642569,0.6258321,0.3052215,
1,23,67.699,0.3950541,0.04137411,-0.7767393,0.3198109,-0.642569,0.6258321,0.3052215,
1,23,67.701,0.3950911,0.04137517,-0.7767836,0.3198518,-0.6425491,0.6258104,0.3052651,
1,23,67.703,0.3950911,0.04137517,-0.7767836,0.3198518,-0.6425491,0.6258104,0.3052651,
1,23,67.705,0.3950911,0.04137517,-0.7767836,0.3198518,-0.6425491,0.6258104,0.3052651,
1,23,67.707,0.3950911,0.04137517,-0.7767836,0.3198518,-0.6425491,0.6258104,0.3052651,
1,23,67.709,0.3951008,0.04141723,-0.7767665,0.319851,-0.6425376,0.6258519,0.3052052,
1,23,67.711,0.3951008,0.04141723,-0.7767665,0.319851,-0.6425376,0.6258519,0.3052052,
1,23,67.713,0.3951008,0.04141723,-0.7767665,0.319851,-0.6425376,0.6258519,0.3052052,
1,23,67.715,0.3951008,0.04141723,-0.7767665,0.319851,-0.6425376,0.6258519,0.3052052,
1,23,67.717,0.3951008,0.04141723,-0.7767665,0.319851,-0.6425376,0.6258519,0.3052052,
1,23,67.719,0.3950972,0.04143339,-0.7767801,0.3198674,-0.6425174,0.6258378,0.3052594,
1,23,67.721,0.3950972,0.04143339,-0.7767801,0.3198674,-0.6425174,0.6258378,0.3052594,
1,23,67.723,0.3950972,0.04143339,-0.7767801,0.3198674,-0.6425174,0.6258378,0.3052594,
1,23,67.725,0.3950972,0.04143339,-0.7767801,0.3198674,-0.6425174,0.6258378,0.3052594,
1,23,67.727,0.3951316,0.04136743,-0.7767944,0.3198893,-0.6425771,0.625797,0.3051947,
1,23,67.729,0.3951316,0.04136743,-0.7767944,0.3198893,-0.6425771,0.625797,0.3051947,
1,23,67.731,0.3951316,0.04136743,-0.7767944,0.3198893,-0.6425771,0.625797,0.3051947,
1,23,67.733,0.3951316,0.04136743,-0.7767944,0.3198893,-0.6425771,0.625797,0.3051947,
1,23,67.735,0.3950745,0.04138592,-0.7767429,0.3198475,-0.6425848,0.6258222,0.3051704,
1,23,67.737,0.3950745,0.04138592,-0.7767429,0.3198475,-0.6425848,0.6258222,0.3051704,
1,23,67.739,0.3950745,0.04138592,-0.7767429,0.3198475,-0.6425848,0.6258222,0.3051704,
1,23,67.741,0.3950745,0.04138592,-0.7767429,0.3198475,-0.6425848,0.6258222,0.3051704,
1,23,67.743,0.3950793,0.0413519,-0.7767495,0.3198629,-0.6426152,0.6257879,0.3051605,
1,23,67.745,0.3950793,0.0413519,-0.7767495,0.3198629,-0.6426152,0.6257879,0.3051605,
1,23,67.747,0.3950793,0.0413519,-0.7767495,0.3198629,-0.6426152,0.6257879,0.3051605,
1,23,67.749,0.3950793,0.0413519,-0.7767495,0.3198629,-0.6426152,0.6257879,0.3051605,
1,23,67.751,0.3950993,0.04138357,-0.7767946,0.3198906,-0.6425688,0.6257849,0.3052356,
1,23,67.753,0.3950993,0.04138357,-0.7767946,0.3198906,-0.6425688,0.6257849,0.3052356,
1,23,67.755,0.3950993,0.04138357,-0.7767946,0.3198906,-0.6425688,0.6257849,0.3052356,
1,23,67.757,0.3950993,0.04138357,-0.7767946,0.3198906,-0.6425688,0.6257849,0.3052356,
1,23,67.759,0.3950754,0.04143938,-0.7767333,0.3198655,-0.6425481,0.625845,0.3051822,
1,23,67.761,0.3950754,0.04143938,-0.7767333,0.3198655,-0.6425481,0.625845,0.3051822,
1,23,67.763,0.3950754,0.04143938,-0.7767333,0.3198655,-0.6425481,0.625845,0.3051822,
1,23,67.765,0.3950754,0.04143938,-0.7767333,0.3198655,-0.6425481,0.625845,0.3051822,
1,23,67.767,0.3950754,0.04143938,-0.7767333,0.3198655,-0.6425481,0.625845,0.3051822,
1,23,67.769,0.3951045,0.04144847,-0.7767432,0.3199033,-0.6425703,0.6258302,0.3051259,
1,23,67.771,0.3951045,0.04144847,-0.7767432,0.3199033,-0.6425703,0.6258302,0.3051259,
1,23,67.773,0.3951045,0.04144847,-0.7767432,0.3199033,-0.6425703,0.6258302,0.3051259,
1,23,67.775,0.3951045,0.04144847,-0.7767432,0.3199033,-0.6425703,0.6258302,0.3051259,
1,23,67.777,0.3950902,0.04138593,-0.7767792,0.3198933,-0.642561,0.6257911,0.3052363,
1,23,67.779,0.3950902,0.04138593,-0.7767792,0.3198933,-0.642561,0.6257911,0.3052363,
1,23,67.781,0.3950902,0.04138593,-0.7767792,0.3198933,-0.642561,0.6257911,0.3052363,
1,23,67.783,0.3950902,0.04138593,-0.7767792,0.3198933,-0.642561,0.6257911,0.3052363,
1,23,67.785,0.3951334,0.04133669,-0.7768399,0.3199135,-0.6425903,0.6257419,0.3052544,
1,23,67.787,0.3951334,0.04133669,-0.7768399,0.3199135,-0.6425903,0.6257419,0.3052544,
1,23,67.789,0.3951334,0.04133669,-0.7768399,0.3199135,-0.6425903,0.6257419,0.3052544,
1,23,67.791,0.3951334,0.04133669,-0.7768399,0.3199135,-0.6425903,0.6257419,0.3052544,
1,23,67.793,0.3951058,0.04144257,-0.7767516,0.3198711,-0.6425451,0.6258449,0.3051828,
1,23,67.795,0.3951058,0.04144257,-0.7767516,0.3198711,-0.6425451,0.6258449,0.3051828,
1,23,67.797,0.3951058,0.04144257,-0.7767516,0.3198711,-0.6425451,0.6258449,0.3051828,
1,23,67.799,0.3951058,0.04144257,-0.7767516,0.3198711,-0.6425451,0.6258449,0.3051828,
1,23,67.801,0.3951167,0.04147527,-0.7767736,0.3198931,-0.6425132,0.62587,0.3051754,
1,23,67.803,0.3951167,0.04147527,-0.7767736,0.3198931,-0.6425132,0.62587,0.3051754,
1,23,67.805,0.3951167,0.04147527,-0.7767736,0.3198931,-0.6425132,0.62587,0.3051754,
1,23,67.807,0.3951167,0.04147527,-0.7767736,0.3198931,-0.6425132,0.62587,0.3051754,
1,23,67.809,0.3950655,0.04141292,-0.77674,0.3198673,-0.6425702,0.6258376,0.3051487,
1,23,67.811,0.3950655,0.04141292,-0.77674,0.3198673,-0.6425702,0.6258376,0.3051487,
1,23,67.813,0.3950655,0.04141292,-0.77674,0.3198673,-0.6425702,0.6258376,0.3051487,
1,23,67.815,0.3950655,0.04141292,-0.77674,0.3198673,-0.6425702,0.6258376,0.3051487,
1,23,67.817,0.3950655,0.04141292,-0.77674,0.3198673,-0.6425702,0.6258376,0.3051487,
1,23,67.819,0.3951191,0.04143566,-0.7767711,0.3199159,-0.6425597,0.625822,0.3051521,
1,23,67.821,0.3951191,0.04143566,-0.7767711,0.3199159,-0.6425597,0.625822,0.3051521,
1,23,67.823,0.3951191,0.04143566,-0.7767711,0.3199159,-0.6425597,0.625822,0.3051521,
1,23,67.825,0.3951191,0.04143566,-0.7767711,0.3199159,-0.6425597,0.625822,0.3051521,
1,23,67.827,0.3950748,0.04146539,-0.7767371,0.3198961,-0.6425557,0.6258481,0.3051274,
1,23,67.829,0.3950748,0.04146539,-0.7767371,0.3198961,-0.6425557,0.6258481,0.3051274,
1,23,67.831,0.3950748,0.04146539,-0.7767371,0.3198961,-0.6425557,0.6258481,0.3051274,
1,23,67.833,0.3950748,0.04146539,-0.7767371,0.3198961,-0.6425557,0.6258481,0.3051274,
1,23,67.835,0.3950612,0.04149324,-0.7767441,0.3198736,-0.6425022,0.6258699,0.3052192,
1,23,67.837,0.3950612,0.04149324,-0.7767441,0.3198736,-0.6425022,0.6258699,0.3052192,
1,23,67.839,0.3950612,0.04149324,-0.7767441,0.3198736,-0.6425022,0.6258699,0.3052192,
1,23,67.841,0.3950612,0.04149324,-0.7767441,0.3198736,-0.6425022,0.6258699,0.3052192,
1,23,67.843,0.3950709,0.0415055,-0.7767487,0.3198622,-0.6424812,0.6258903,0.3052335,
1,23,67.845,0.3950709,0.0415055,-0.7767487,0.3198622,-0.6424812,0.6258903,0.3052335,
1,23,67.847,0.3950709,0.0415055,-0.7767487,0.3198622,-0.6424812,0.6258903,0.3052335,
1,23,67.849,0.3950709,0.0415055,-0.7767487,0.3198622,-0.6424812,0.6258903,0.3052335,
1,23,67.851,0.3950965,0.04147471,-0.7767464,0.3198695,-0.6425138,0.6258611,0.305217,
1,23,67.853,0.3950965,0.04147471,-0.7767464,0.3198695,-0.6425138,0.6258611,0.305217,
1,23,67.855,0.3950965,0.04147471,-0.7767464,0.3198695,-0.6425138,0.6258611,0.305217,
1,23,67.857,0.3950965,0.04147471,-0.7767464,0.3198695,-0.6425138,0.6258611,0.305217,
1,23,67.859,0.3950846,0.04145737,-0.7767531,0.3198834,-0.6425406,0.6258582,0.3051518,
1,23,67.861,0.3950846,0.04145737,-0.7767531,0.3198834,-0.6425406,0.6258582,0.3051518,
1,23,67.863,0.3950846,0.04145737,-0.7767531,0.3198834,-0.6425406,0.6258582,0.3051518,
1,23,67.865,0.3950846,0.04145737,-0.7767531,0.3198834,-0.6425406,0.6258582,0.3051518,
1,23,67.867,0.3950846,0.04145737,-0.7767531,0.3198834,-0.6425406,0.6258582,0.3051518,
1,23,67.869,0.3950942,0.04143295,-0.7767882,0.3199321,-0.6425695,0.6258104,0.3051382,
1,23,67.871,0.3950942,0.04143295,-0.7767882,0.3199321,-0.6425695,0.6258104,0.3051382,
1,23,67.873,0.3950942,0.04143295,-0.7767882,0.3199321,-0.6425695,0.6258104,0.3051382,
1,23,67.875,0.3950942,0.04143295,-0.7767882,0.3199321,-0.6425695,0.6258104,0.3051382,
1,23,67.877,0.3951026,0.04145665,-0.7767832,0.3199135,-0.6425461,0.625837,0.3051525,
1,23,67.879,0.3951026,0.04145665,-0.7767832,0.3199135,-0.6425461,0.625837,0.3051525,
1,23,67.881,0.3951026,0.04145665,-0.7767832,0.3199135,-0.6425461,0.625837,0.3051525,
1,23,67.883,0.3951026,0.04145665,-0.7767832,0.3199135,-0.6425461,0.625837,0.3051525,
1,23,67.885,0.3951155,0.04144054,-0.7767431,0.3198891,-0.6425925,0.6258211,0.3051129,
1,23,67.887,0.3951155,0.04144054,-0.7767431,0.3198891,-0.6425925,0.6258211,0.3051129,
1,23,67.889,0.3951155,0.04144054,-0.7767431,0.3198891,-0.6425925,0.6258211,0.3051129,
1,23,67.891,0.3951155,0.04144054,-0.7767431,0.3198891,-0.6425925,0.6258211,0.3051129,
1,23,67.893,0.395058,0.04143297,-0.7767041,0.3198774,-0.6426072,0.6258277,0.3050807,
1,23,67.895,0.395058,0.04143297,-0.7767041,0.3198774,-0.6426072,0.6258277,0.3050807,
1,23,67.897,0.395058,0.04143297,-0.7767041,0.3198774,-0.6426072,0.6258277,0.3050807,
1,23,67.899,0.395058,0.04143297,-0.7767041,0.3198774,-0.6426072,0.6258277,0.3050807,
1,23,67.901,0.3950477,0.04146227,-0.776754,0.3198895,-0.6425356,0.6258373,0.3051992,
1,23,67.903,0.3950477,0.04146227,-0.776754,0.3198895,-0.6425356,0.6258373,0.3051992,
1,23,67.905,0.3950477,0.04146227,-0.776754,0.3198895,-0.6425356,0.6258373,0.3051992,
1,23,67.907,0.3950477,0.04146227,-0.776754,0.3198895,-0.6425356,0.6258373,0.3051992,
1,23,67.909,0.3950932,0.04144702,-0.7767743,0.3198819,-0.6425376,0.6258351,0.3052073,
1,23,67.911,0.3950932,0.04144702,-0.7767743,0.3198819,-0.6425376,0.6258351,0.3052073,
1,23,67.913,0.3950932,0.04144702,-0.7767743,0.3198819,-0.6425376,0.6258351,0.3052073,
1,23,67.915,0.3950932,0.04144702,-0.7767743,0.3198819,-0.6425376,0.6258351,0.3052073,
1,23,67.917,0.3950932,0.04144702,-0.7767743,0.3198819,-0.6425376,0.6258351,0.3052073,
1,23,67.919,0.3951391,0.04140295,-0.7767983,0.3198995,-0.6425811,0.6258051,0.3051585,
1,23,67.921,0.3951391,0.04140295,-0.7767983,0.3198995,-0.6425811,0.6258051,0.3051585,
1,23,67.923,0.3951391,0.04140295,-0.7767983,0.3198995,-0.6425811,0.6258051,0.3051585,
1,23,67.925,0.3951391,0.04140295,-0.7767983,0.3198995,-0.6425811,0.6258051,0.3051585,
1,23,67.927,0.3950832,0.04142447,-0.7767553,0.3198716,-0.6425601,0.6258424,0.305156,
1,23,67.929,0.3950832,0.04142447,-0.7767553,0.3198716,-0.6425601,0.6258424,0.305156,
1,23,67.931,0.3950832,0.04142447,-0.7767553,0.3198716,-0.6425601,0.6258424,0.305156,
1,23,67.933,0.3950832,0.04142447,-0.7767553,0.3198716,-0.6425601,0.6258424,0.305156,
1,23,67.935,0.3950845,0.04134708,-0.7767552,0.3199013,-0.642635,0.6257499,0.3051567,
1,23,67.937,0.3950845,0.04134708,-0.7767552,0.3199013,-0.642635,0.6257499,0.3051567,
1,23,67.939,0.3950845,0.04134708,-0.7767552,0.3199013,-0.642635,0.6257499,0.3051567,
1,23,67.941,0.3950845,0.04134708,-0.7767552,0.3199013,-0.642635,0.6257499,0.3051567,
1,23,67.943,0.3950742,0.04147418,-0.7767101,0.3198693,-0.6425524,0.6258693,0.3051192,
1,23,67.945,0.3950742,0.04147418,-0.7767101,0.3198693,-0.6425524,0.6258693,0.3051192,
1,23,67.947,0.3950742,0.04147418,-0.7767101,0.3198693,-0.6425524,0.6258693,0.3051192,
1,23,67.949,0.3950742,0.04147418,-0.7767101,0.3198693,-0.6425524,0.6258693,0.3051192,
1,23,67.951,0.395083,0.04141554,-0.7767453,0.3198425,-0.6425759,0.6258447,0.3051482,
1,23,67.953,0.395083,0.04141554,-0.7767453,0.3198425,-0.6425759,0.6258447,0.3051482,
1,23,67.955,0.395083,0.04141554,-0.7767453,0.3198425,-0.6425759,0.6258447,0.3051482,
1,23,67.957,0.395083,0.04141554,-0.7767453,0.3198425,-0.6425759,0.6258447,0.3051482,
1,23,67.959,0.3951007,0.0414182,-0.7767727,0.3198663,-0.6425523,0.6258413,0.30518,
1,23,67.961,0.3951007,0.0414182,-0.7767727,0.3198663,-0.6425523,0.6258413,0.30518,
1,23,67.963,0.3951007,0.0414182,-0.7767727,0.3198663,-0.6425523,0.6258413,0.30518,
1,23,67.965,0.3951007,0.0414182,-0.7767727,0.3198663,-0.6425523,0.6258413,0.30518,
1,23,67.967,0.3951007,0.0414182,-0.7767727,0.3198663,-0.6425523,0.6258413,0.30518,
1,23,67.969,0.3951127,0.041354,-0.7768195,0.3198695,-0.6425754,0.6257959,0.3052211,
1,23,67.971,0.3951127,0.041354,-0.7768195,0.3198695,-0.6425754,0.6257959,0.3052211,
1,23,67.973,0.3951127,0.041354,-0.7768195,0.3198695,-0.6425754,0.6257959,0.3052211,
1,23,67.975,0.3951127,0.041354,-0.7768195,0.3198695,-0.6425754,0.6257959,0.3052211,
1,23,67.977,0.3951187,0.04135182,-0.776831,0.3198642,-0.642576,0.6257889,0.3052401,
1,23,67.979,0.3951187,0.04135182,-0.776831,0.3198642,-0.642576,0.6257889,0.3052401,
1,23,67.981,0.3951187,0.04135182,-0.776831,0.3198642,-0.642576,0.6257889,0.3052401,
1,23,67.983,0.3951187,0.04135182,-0.776831,0.3198642,-0.642576,0.6257889,0.3052401,
1,23,67.985,0.3951162,0.04135294,-0.7768015,0.3198617,-0.6425734,0.6257796,0.305267,
1,23,67.987,0.3951162,0.04135294,-0.7768015,0.3198617,-0.6425734,0.6257796,0.305267,
1,23,67.989,0.3951162,0.04135294,-0.7768015,0.3198617,-0.6425734,0.6257796,0.305267,
1,23,67.991,0.3951162,0.04135294,-0.7768015,0.3198617,-0.6425734,0.6257796,0.305267,
1,23,67.993,0.395142,0.0414204,-0.7767909,0.3198997,-0.6425505,0.6258234,0.3051853,
1,23,67.995,0.395142,0.0414204,-0.7767909,0.3198997,-0.6425505,0.6258234,0.3051853,
1,23,67.997,0.395142,0.0414204,-0.7767909,0.3198997,-0.6425505,0.6258234,0.3051853,
1,23,67.999,0.395142,0.0414204,-0.7767909,0.3198997,-0.6425505,0.6258234,0.3051853,
1,23,68.001,0.3951319,0.0413507,-0.7768331,0.3199156,-0.6425905,0.6257647,0.3052053,
1,23,68.003,0.3951319,0.0413507,-0.7768331,0.3199156,-0.6425905,0.6257647,0.3052053,
1,23,68.005,0.3951319,0.0413507,-0.7768331,0.3199156,-0.6425905,0.6257647,0.3052053,
1,23,68.007,0.3951319,0.0413507,-0.7768331,0.3199156,-0.6425905,0.6257647,0.3052053,
1,23,68.009,0.3950911,0.04143593,-0.776758,0.3198535,-0.642542,0.6258489,0.3051997,
1,23,68.011,0.3950911,0.04143593,-0.776758,0.3198535,-0.642542,0.6258489,0.3051997,
1,23,68.013,0.3950911,0.04143593,-0.776758,0.3198535,-0.642542,0.6258489,0.3051997,
1,23,68.015,0.3950911,0.04143593,-0.776758,0.3198535,-0.642542,0.6258489,0.3051997,
1,23,68.017,0.3950911,0.04143593,-0.776758,0.3198535,-0.642542,0.6258489,0.3051997,
1,23,68.019,0.395083,0.04136232,-0.7767664,0.3198614,-0.6425971,0.6258009,0.3051735,
1,23,68.021,0.395083,0.04136232,-0.7767664,0.3198614,-0.6425971,0.6258009,0.3051735,
1,23,68.023,0.395083,0.04136232,-0.7767664,0.3198614,-0.6425971,0.6258009,0.3051735,
1,23,68.025,0.395083,0.04136232,-0.7767664,0.3198614,-0.6425971,0.6258009,0.3051735,
1,23,68.027,0.3951191,0.04140511,-0.776792,0.3198953,-0.642575,0.6258056,0.3051751,
1,23,68.029,0.3951191,0.04140511,-0.776792,0.3198953,-0.642575,0.6258056,0.3051751,
1,23,68.031,0.3951191,0.04140511,-0.776792,0.3198953,-0.642575,0.6258056,0.3051751,
1,23,68.033,0.3951191,0.04140511,-0.776792,0.3198953,-0.642575,0.6258056,0.3051751,
1,23,68.035,0.3951085,0.04137617,-0.7768255,0.3198861,-0.6425553,0.625782,0.3052744,
1,23,68.037,0.3951085,0.04137617,-0.7768255,0.3198861,-0.6425553,0.625782,0.3052744,
1,23,68.039,0.3951085,0.04137617,-0.7768255,0.3198861,-0.6425553,0.625782,0.3052744,
1,23,68.041,0.3951085,0.04137617,-0.7768255,0.3198861,-0.6425553,0.625782,0.3052744,
1,23,68.043,0.3951051,0.04139234,-0.776773,0.3198634,-0.642579,0.6258091,0.3051931,
1,23,68.045,0.3951051,0.04139234,-0.776773,0.3198634,-0.642579,0.6258091,0.3051931,
1,23,68.047,0.3951051,0.04139234,-0.776773,0.3198634,-0.642579,0.6258091,0.3051931,
1,23,68.049,0.3951051,0.04139234,-0.776773,0.3198634,-0.642579,0.6258091,0.3051931,
1,23,68.051,0.3951092,0.04143901,-0.7767386,0.3198726,-0.6425663,0.6258432,0.30514,
1,23,68.053,0.3951092,0.04143901,-0.7767386,0.3198726,-0.6425663,0.6258432,0.30514,
1,23,68.055,0.3951092,0.04143901,-0.7767386,0.3198726,-0.6425663,0.6258432,0.30514,
1,23,68.057,0.3951092,0.04143901,-0.7767386,0.3198726,-0.6425663,0.6258432,0.30514,
1,23,68.059,0.3950751,0.04144276,-0.7767094,0.3198455,-0.6425542,0.6258514,0.305177,
1,23,68.061,0.3950751,0.04144276,-0.7767094,0.3198455,-0.6425542,0.6258514,0.305177,
1,23,68.063,0.3950751,0.04144276,-0.7767094,0.3198455,-0.6425542,0.6258514,0.305177,
1,23,68.065,0.3950751,0.04144276,-0.7767094,0.3198455,-0.6425542,0.6258514,0.305177,
1,23,68.067,0.3950751,0.04144276,-0.7767094,0.3198455,-0.6425542,0.6258514,0.305177,
1,23,68.069,0.3950897,0.04137615,-0.7767813,0.3198411,-0.6425757,0.6258103,0.3052206,
1,23,68.071,0.3950897,0.04137615,-0.7767813,0.3198411,-0.6425757,0.6258103,0.3052206,
1,23,68.073,0.3950897,0.04137615,-0.7767813,0.3198411,-0.6425757,0.6258103,0.3052206,
1,23,68.075,0.3950897,0.04137615,-0.7767813,0.3198411,-0.6425757,0.6258103,0.3052206,
1,23,68.077,0.3950537,0.04141357,-0.7767192,0.3198096,-0.6425511,0.6258535,0.3052172,
1,23,68.079,0.3950537,0.04141357,-0.7767192,0.3198096,-0.6425511,0.6258535,0.3052172,
1,23,68.081,0.3950537,0.04141357,-0.7767192,0.3198096,-0.6425511,0.6258535,0.3052172,
1,23,68.083,0.3950537,0.04141357,-0.7767192,0.3198096,-0.6425511,0.6258535,0.3052172,CourtEnter
1,23,68.085,0.3950844,0.0414452,-0.7767522,0.3198049,-0.6425226,0.625878,0.3052317,
1,23,68.087,0.3950844,0.0414452,-0.7767522,0.3198049,-0.6425226,0.625878,0.3052317,
1,23,68.089,0.3950844,0.0414452,-0.7767522,0.3198049,-0.6425226,0.625878,0.3052317,
1,23,68.091,0.3950844,0.0414452,-0.7767522,0.3198049,-0.6425226,0.625878,0.3052317,CourtExit
1,23,68.093,0.3950637,0.04149921,-0.7767178,0.3198395,-0.6425065,0.6258942,0.3051962,
1,23,68.095,0.3950637,0.04149921,-0.7767178,0.3198395,-0.6425065,0.6258942,0.3051962,
1,23,68.097,0.3950637,0.04149921,-0.7767178,0.3198395,-0.6425065,0.6258942,0.3051962,
1,23,68.099,0.3950637,0.04149921,-0.7767178,0.3198395,-0.6425065,0.6258942,0.3051962,
1,23,68.101,0.3950446,0.04144745,-0.776696,0.3198269,-0.642558,0.625872,0.3051463,
1,23,68.103,0.3950446,0.04144745,-0.776696,0.3198269,-0.642558,0.625872,0.3051463,
1,23,68.105,0.3950446,0.04144745,-0.776696,0.3198269,-0.642558,0.625872,0.3051463,
1,23,68.107,0.3950446,0.04144745,-0.776696,0.3198269,-0.642558,0.625872,0.3051463,
1,23,68.109,0.3950873,0.04140377,-0.7767757,0.3198899,-0.6425511,0.6258113,0.3052192,
1,23,68.111,0.3950873,0.04140377,-0.7767757,0.3198899,-0.6425511,0.6258113,0.3052192,
1,23,68.113,0.3950873,0.04140377,-0.7767757,0.3198899,-0.6425511,0.6258113,0.3052192,
1,23,68.115,0.3950873,0.04140377,-0.7767757,0.3198899,-0.6425511,0.6258113,0.3052192,
1,23,68.117,0.3950873,0.04140377,-0.7767757,0.3198899,-0.6425511,0.6258113,0.3052192,
1,23,68.119,0.3950844,0.04135304,-0.776763,0.3198356,-0.6426013,0.6258027,0.3051881,
1,23,68.121,0.3950844,0.04135304,-0.776763,0.3198356,-0.6426013,0.6258027,0.3051881,
1,23,68.123,0.3950844,0.04135304,-0.776763,0.3198356,-0.6426013,0.6258027,0.3051881,
1,23,68.125,0.3950844,0.04135304,-0.776763,0.3198356,-0.6426013,0.6258027,0.3051881,
1,23,68.127,0.3951223,0.04138649,-0.7767786,0.3198445,-0.6425785,0.6258171,0.3051972,
1,23,68.129,0.3951223,0.04138649,-0.7767786,0.3198445,-0.6425785,0.6258171,0.3051972,
1,23,68.131,0.3951223,0.04138649,-0.7767786,0.3198445,-0.6425785,0.6258171,0.3051972,
1,23,68.133,0.3951223,0.04138649,-0.7767786,0.3198445,-0.6425785,0.6258171,0.3051972,
1,23,68.135,0.3950796,0.0413668,-0.7767442,0.3198471,-0.6426109,0.6257985,0.3051644,
1,23,68.137,0.3950796,0.0413668,-0.7767442,0.3198471,-0.6426109,0.6257985,0.3051644,
1,23,68.139,0.3950796,0.0413668,-0.7767442,0.3198471,-0.6426109,0.6257985,0.3051644,
1,23,68.141,0.3950796,0.0413668,-0.7767442,0.3198471,-0.6426109,0.6257985,0.3051644,
1,23,68.143,0.3950547,0.04143025,-0.7767453,0.3198484,-0.6425388,0.6258419,0.305226,
1,23,68.145,0.3950547,0.04143025,-0.7767453,0.3198484,-0.6425388,0.6258419,0.305226,
1,23,68.147,0.3950547,0.04143025,-0.7767453,0.3198484,-0.6425388,0.6258419,0.305226,
1,23,68.149,0.3950547,0.04143025,-0.7767453,0.3198484,-0.6425388,0.6258419,0.305226,
1,23,68.151,0.3951054,0.04145029,-0.7767767,0.3198602,-0.6425105,0.6258506,0.3052555,
1,23,68.153,0.3951054,0.04145029,-0.7767767,0.3198602,-0.6425105,0.6258506,0.3052555,
1,23,68.155,0.3951054,0.04145029,-0.7767767,0.3198602,-0.6425105,0.6258506,0.3052555,
1,23,68.157,0.3951054,0.04145029,-0.7767767,0.3198602,-0.6425105,0.6258506,0.3052555,
1,23,68.159,0.3950936,0.04138554,-0.7767682,0.3198592,-0.6425699,0.6258082,0.305218,
1,23,68.161,0.3950936,0.04138554,-0.7767682,0.3198592,-0.6425699,0.6258082,0.305218,
1,23,68.163,0.3950936,0.04138554,-0.7767682,0.3198592,-0.6425699,0.6258082,0.305218,
1,23,68.165,0.3950936,0.04138554,-0.7767682,0.3198592,-0.6425699,0.6258082,0.305218,
1,23,68.167,0.3950936,0.04138554,-0.7767682,0.3198592,-0.6425699,0.6258082,0.305218,
1,23,68.169,0.3950722,0.04136004,-0.7767899,0.319878,-0.6425839,0.6257801,0.3052268,
1,23,68.171,0.3950722,0.04136004,-0.7767899,0.319878,-0.6425839,0.6257801,0.3052268,
1,23,68.173,0.3950722,0.04136004,-0.7767899,0.319878,-0.6425839,0.6257801,0.3052268,
1,23,68.175,0.3950722,0.04136004,-0.7767899,0.319878,-0.6425839,0.6257801,0.3052268,
1,23,68.177,0.3950987,0.04131019,-0.7767869,0.3198822,-0.6426358,0.6257514,0.3051717,
1,23,68.179,0.3950987,0.04131019,-0.7767869,0.3198822,-0.6426358,0.6257514,0.3051717,
1,23,68.181,0.3950987,0.04131019,-0.7767869,0.3198822,-0.6426358,0.6257514,0.3051717,
1,23,68.183,0.3950987,0.04131019,-0.7767869,0.3198822,-0.6426358,0.6257514,0.3051717,
1,23,68.185,0.3951245,0.04130617,-0.7768096,0.3199097,-0.6426433,0.6257312,0.3051686,
1,23,68.187,0.3951245,0.04130617,-0.7768096,0.3199097,-0.6426433,0.6257312,0.3051686,
1,23,68.189,0.3951245,0.04130617,-0.7768096,0.3199097,-0.6426433,0.6257312,0.3051686,
1,23,68.191,0.3951245,0.04130617,-0.7768096,0.3199097,-0.6426433,0.6257312,0.3051686,
1,23,68.193,0.3950638,0.04138644,-0.7767735,0.3198802,-0.6425677,0.625798,0.3052216,
1,23,68.195,0.3950638,0.04138644,-0.7767735,0.3198802,-0.6425677,0.625798,0.3052216,
1,23,68.197,0.3950638,0.04138644,-0.7767735,0.3198802,-0.6425677,0.625798,0.3052216,
1,23,68.199,0.3950638,0.04138644,-0.7767735,0.3198802,-0.6425677,0.625798,0.3052216,
1,23,68.201,0.3950756,0.04145976,-0.7767504,0.3198634,-0.642528,0.6258571,0.3052018,
1,23,68.203,0.3950756,0.04145976,-0.7767504,0.3198634,-0.642528,0.6258571,0.3052018,
1,23,68.205,0.3950756,0.04145976,-0.7767504,0.3198634,-0.642528,0.6258571,0.3052018,
1,23,68.207,0.3950756,0.04145976,-0.7767504,0.3198634,-0.642528,0.6258571,0.3052018,
1,23,68.209,0.395053,0.04146177,-0.7767037,0.3198412,-0.6425604,0.6258746,0.3051209,
1,23,68.211,0.395053,0.04146177,-0.7767037,0.3198412,-0.6425604,0.6258746,0.3051209,
1,23,68.213,0.395053,0.04146177,-0.7767037,0.3198412,-0.6425604,0.6258746,0.3051209,
1,23,68.215,0.395053,0.04146177,-0.7767037,0.3198412,-0.6425604,0.6258746,0.3051209,
1,23,68.217,0.395053,0.04146177,-0.7767037,0.3198412,-0.6425604,0.6258746,0.3051209,
1,23,68.219,0.3951049,0.04141825,-0.7767684,0.3198723,-0.6425861,0.6258241,0.3051377,
1,23,68.221,0.3951049,0.04141825,-0.7767684,0.3198723,-0.6425861,0.6258241,0.3051377,
1,23,68.223,0.3951049,0.04141825,-0.7767684,0.3198723,-0.6425861,0.6258241,0.3051377,
1,23,68.225,0.3951049,0.04141825,-0.7767684,0.3198723,-0.6425861,0.6258241,0.3051377,
1,23,68.227,0.3950671,0.04146972,-0.7767545,0.3198446,-0.6425318,0.6258721,0.3051825,
1,23,68.229,0.3950671,0.04146972,-0.7767545,0.3198446,-0.6425318,0.6258721,0.3051825,
1,23,68.231,0.3950671,0.04146972,-0.7767545,0.3198446,-0.6425318,0.6258721,0.3051825,
1,23,68.233,0.3950671,0.04146972,-0.7767545,0.3198446,-0.6425318,0.6258721,0.3051825,
1,23,68.235,0.3950941,0.04135795,-0.7767936,0.3198837,-0.642601,0.6257668,0.305212,
1,23,68.237,0.3950941,0.04135795,-0.7767936,0.3198837,-0.642601,0.6257668,0.305212,
1,23,68.239,0.3950941,0.04135795,-0.7767936,0.3198837,-0.642601,0.6257668,0.305212,
1,23,68.241,0.3950941,0.04135795,-0.7767936,0.3198837,-0.642601,0.6257668,0.305212,
1,23,68.243,0.3950769,0.04137906,-0.7767734,0.3198624,-0.6425952,0.6258004,0.3051778,
1,23,68.245,0.3950769,0.04137906,-0.7767734,0.3198624,-0.6425952,0.6258004,0.3051778,
1,23,68.247,0.3950769,0.04137906,-0.7767734,0.3198624,-0.6425952,0.6258004,0.3051778,
1,23,68.249,0.3950769,0.04137906,-0.7767734,0.3198624,-0.6425952,0.6258004,0.3051778,
1,23,68.251,0.3950636,0.04140543,-0.7767653,0.3198646,-0.6425664,0.6258302,0.3051747,
1,23,68.253,0.3950636,0.04140543,-0.7767653,0.3198646,-0.6425664,0.6258302,0.3051747,
1,23,68.255,0.3950636,0.04140543,-0.7767653,0.3198646,-0.6425664,0.6258302,0.3051747,
1,23,68.257,0.3950636,0.04140543,-0.7767653,0.3198646,-0.6425664,0.6258302,0.3051747,
1,23,68.259,0.3950757,0.04145046,-0.7767618,0.3198819,-0.6425388,0.6258293,0.3052167,
1,23,68.261,0.3950757,0.04145046,-0.7767618,0.3198819,-0.6425388,0.6258293,0.3052167,
1,23,68.263,0.3950757,0.04145046,-0.7767618,0.3198819,-0.6425388,0.6258293,0.3052167,
1,23,68.265,0.3950757,0.04145046,-0.7767618,0.3198819,-0.6425388,0.6258293,0.3052167,
1,23,68.267,0.3950757,0.04145046,-0.7767618,0.3198819,-0.6425388,0.6258293,0.3052167,
1,23,68.269,0.3950825,0.04145392,-0.776753,0.319859,-0.6425401,0.6258639,0.3051671,
1,23,68.271,0.3950825,0.04145392,-0.776753,0.319859,-0.6425401,0.6258639,0.3051671,
1,23,68.273,0.3950825,0.04145392,-0.776753,0.319859,-0.6425401,0.6258639,0.3051671,
1,23,68.275,0.3950825,0.04145392,-0.776753,0.319859,-0.6425401,0.6258639,0.3051671,
1,23,68.277,0.3950678,0.04145162,-0.7767348,0.3198208,-0.6425459,0.6258721,0.3051778,
1,23,68.279,0.3950678,0.04145162,-0.7767348,0.3198208,-0.6425459,0.6258721,0.3051778,
1,23,68.281,0.3950678,0.04145162,-0.7767348,0.3198208,-0.6425459,0.6258721,0.3051778,
1,23,68.283,0.3950678,0.04145162,-0.7767348,0.3198208,-0.6425459,0.6258721,0.3051778,
1,23,68.285,0.3950434,0.04136962,-0.7767711,0.3198606,-0.6425836,0.6257885,0.3052282,
1,23,68.287,0.3950434,0.04136962,-0.7767711,0.3198606,-0.6425836,0.6257885,0.3052282,
1,23,68.289,0.3950434,0.04136962,-0.7767711,0.3198606,-0.6425836,0.6257885,0.3052282,
1,23,68.291,0.3950434,0.04136962,-0.7767711,0.3198606,-0.6425836,0.6257885,0.3052282,
1,23,68.293,0.3950955,0.0414228,-0.7767799,0.3198738,-0.642558,0.6258335,0.305176,
1,23,68.295,0.3950955,0.0414228,-0.7767799,0.3198738,-0.642558,0.6258335,0.305176,
1,23,68.297,0.3950955,0.0414228,-0.7767799,0.3198738,-0.642558,0.6258335,0.305176,
1,23,68.299,0.3950955,0.0414228,-0.7767799,0.3198738,-0.642558,0.6258335,0.305176,
1,23,68.301,0.3951052,0.04144434,-0.7767988,0.3198828,-0.6425391,0.6258203,0.3052332,
1,23,68.303,0.3951052,0.04144434,-0.7767988,0.3198828,-0.6425391,0.6258203,0.3052332,
1,23,68.305,0.3951052,0.04144434,-0.7767988,0.3198828,-0.6425391,0.6258203,0.3052332,
1,23,68.307,0.3951052,0.04144434,-0.7767988,0.3198828,-0.6425391,0.6258203,0.3052332,
1,23,68.309,0.3951108,0.04141285,-0.7768381,0.3199057,-0.6425023,0.625803,0.3053224,
1,23,68.311,0.3951108,0.04141285,-0.7768381,0.3199057,-0.6425023,0.625803,0.3053224,
1,23,68.313,0.3951108,0.04141285,-0.7768381,0.3199057,-0.6425023,0.625803,0.3053224,
1,23,68.315,0.3951108,0.04141285,-0.7768381,0.3199057,-0.6425023,0.625803,0.3053224,
1,23,68.317,0.3951108,0.04141285,-0.7768381,0.3199057,-0.6425023,0.625803,0.3053224,
1,23,68.319,0.3951049,0.04141654,-0.7768278,0.3199087,-0.6425161,0.6257993,0.3052977,
1,23,68.321,0.3951049,0.04141654,-0.7768278,0.3199087,-0.6425161,0.6257993,0.3052977,
1,23,68.323,0.3951049,0.04141654,-0.7768278,0.3199087,-0.6425161,0.6257993,0.3052977,
1,23,68.325,0.3951049,0.04141654,-0.7768278,0.3199087,-0.6425161,0.6257993,0.3052977,
1,23,68.327,0.3951225,0.04145923,-0.7768076,0.3199159,-0.6425285,0.6258327,0.3051955,
1,23,68.329,0.3951225,0.04145923,-0.7768076,0.3199159,-0.6425285,0.6258327,0.3051955,
1,23,68.331,0.3951225,0.04145923,-0.7768076,0.3199159,-0.6425285,0.6258327,0.3051955,
1,23,68.333,0.3951225,0.04145923,-0.7768076,0.3199159,-0.6425285,0.6258327,0.3051955,
1,23,68.335,0.3950972,0.04139847,-0.7767818,0.3199008,-0.6425849,0.6258069,0.3051457,
1,23,68.337,0.3950972,0.04139847,-0.7767818,0.3199008,-0.6425849,0.6258069,0.3051457,
1,23,68.339,0.3950972,0.04139847,-0.7767818,0.3199008,-0.6425849,0.6258069,0.3051457,
1,23,68.341,0.3950972,0.04139847,-0.7767818,0.3199008,-0.6425849,0.6258069,0.3051457,
1,23,68.343,0.3950765,0.04136778,-0.7768234,0.3198965,-0.6425611,0.6257793,0.3052569,
1,23,68.345,0.3950765,0.04136778,-0.7768234,0.3198965,-0.6425611,0.6257793,0.3052569,
1,23,68.347,0.3950765,0.04136778,-0.7768234,0.3198965,-0.6425611,0.6257793,0.3052569,
1,23,68.349,0.3950765,0.04136778,-0.7768234,0.3198965,-0.6425611,0.6257793,0.3052569,
1,23,68.351,0.395091,0.04138725,-0.7767843,0.3198498,-0.6425627,0.6258175,0.3052239,
1,23,68.353,0.395091,0.04138725,-0.7767843,0.3198498,-0.6425627,0.6258175,0.3052239,
1,23,68.355,0.395091,0.04138725,-0.7767843,0.3198498,-0.6425627,0.6258175,0.3052239,
1,23,68.357,0.395091,0.04138725,-0.7767843,0.3198498,-0.6425627,0.6258175,0.3052239,
1,23,68.359,0.3950787,0.04141437,-0.7767751,0.3198392,-0.6425264,0.6258408,0.305264,
1,23,68.361,0.3950787,0.04141437,-0.7767751,0.3198392,-0.6425264,0.6258408,0.305264,
1,23,68.363,0.3950787,0.04141437,-0.7767751,0.3198392,-0.6425264,0.6258408,0.305264,
1,23,68.365,0.3950787,0.04141437,-0.7767751,0.3198392,-0.6425264,0.6258408,0.305264,
1,23,68.367,0.3950787,0.04141437,-0.7767751,0.3198392,-0.6425264,0.6258408,0.305264,
1,23,68.369,0.3950915,0.04139484,-0.7767391,0.3198621,-0.642621,0.6258089,0.305106,
1,23,68.371,0.3950915,0.04139484,-0.7767391,0.3198621,-0.642621,0.6258089,0.305106,
1,23,68.373,0.3950915,0.04139484,-0.7767391,0.3198621,-0.642621,0.6258089,0.305106,
1,23,68.375,0.3950915,0.04139484,-0.7767391,0.3198621,-0.642621,0.6258089,0.305106,
1,23,68.377,0.3950411,0.04144828,-0.7767009,0.319855,-0.6425683,0.6258431,0.3051542,
1,23,68.379,0.3950411,0.04144828,-0.7767009,0.319855,-0.6425683,0.6258431,0.3051542,
1,23,68.381,0.3950411,0.04144828,-0.7767009,0.319855,-0.6425683,0.6258431,0.3051542,
1,23,68.383,0.3950411,0.04144828,-0.7767009,0.319855,-0.6425683,0.6258431,0.3051542,
1,23,68.385,0.3950474,0.0414295,-0.7766865,0.3198341,-0.6426004,0.625851,0.3050925,
1,23,68.387,0.3950474,0.0414295,-0.7766865,0.3198341,-0.6426004,0.625851,0.3050925,
1,23,68.389,0.3950474,0.0414295,-0.7766865,0.3198341,-0.6426004,0.625851,0.3050925,
1,23,68.391,0.3950474,0.0414295,-0.7766865,0.3198341,-0.6426004,0.625851,0.3050925,
1,23,68.393,0.3950553,0.04137552,-0.776722,0.3198352,-0.6426132,0.6258249,0.3051183,
1,23,68.395,0.3950553,0.04137552,-0.776722,0.3198352,-0.6426132,0.6258249,0.3051183,
1,23,68.397,0.3950553,0.04137552,-0.776722,0.3198352,-0.6426132,0.6258249,0.3051183,
1,23,68.399,0.3950553,0.04137552,-0.776722,0.3198352,-0.6426132,0.6258249,0.3051183,
1,23,68.401,0.3951049,0.04133311,-0.7768294,0.3198808,-0.6425952,0.62577,0.3052207,
1,23,68.403,0.3951049,0.04133311,-0.7768294,0.3198808,-0.6425952,0.62577,0.3052207,
1,23,68.405,0.3951049,0.04133311,-0.7768294,0.3198808,-0.6425952,0.62577,0.3052207,
1,23,68.407,0.3951049,0.04133311,-0.7768294,0.3198808,-0.6425952,0.62577,0.3052207,
1,23,68.409,0.3950852,0.04136107,-0.7767704,0.3198543,-0.6426032,0.6257932,0.305184,
1,23,68.411,0.3950852,0.04136107,-0.7767704,0.3198543,-0.6426032,0.6257932,0.305184,
1,23,68.413,0.3950852,0.04136107,-0.7767704,0.3198543,-0.6426032,0.6257932,0.305184,
1,23,68.415,0.3950852,0.04136107,-0.7767704,0.3198543,-0.6426032,0.6257932,0.305184,
1,23,68.417,0.3950852,0.04136107,-0.7767704,0.3198543,-0.6426032,0.6257932,0.305184,
1,23,68.419,0.3951097,0.04137379,-0.7768071,0.3198835,-0.6425642,0.6257895,0.3052432,
1,23,68.421,0.3951097,0.04137379,-0.7768071,0.3198835,-0.6425642,0.6257895,0.3052432,
1,23,68.423,0.3951097,0.04137379,-0.7768071,0.3198835,-0.6425642,0.6257895,0.3052432,
1,23,68.425,0.3951097,0.04137379,-0.7768071,0.3198835,-0.6425642,0.6257895,0.3052432,
1,23,68.427,0.3950887,0.04139574,-0.7767982,0.3198617,-0.6425507,0.625829,0.3052134,
1,23,68.429,0.3950887,0.04139574,-0.7767982,0.3198617,-0.6425507,0.625829,0.3052134,
1,23,68.431,0.3950887,0.04139574,-0.7767982,0.3198617,-0.6425507,0.625829,0.3052134,
1,23,68.433,0.3950887,0.04139574,-0.7767982,0.3198617,-0.6425507,0.625829,0.3052134,
1,23,68.435,0.3950649,0.04141525,-0.7767488,0.3198543,-0.6425622,0.6258453,0.3051634,
1,23,68.437,0.3950649,0.04141525,-0.7767488,0.3198543,-0.6425622,0.6258453,0.3051634,
1,23,68.439,0.3950649,0.04141525,-0.7767488,0.3198543,-0.6425622,0.6258453,0.3051634,
1,23,68.441,0.3950649,0.04141525,-0.7767488,0.3198543,-0.6425622,0.6258453,0.3051634,
1,23,68.443,0.3951174,0.04139846,-0.776786,0.3198604,-0.6425632,0.6258258,0.305195,
1,23,68.445,0.3951174,0.04139846,-0.776786,0.3198604,-0.6425632,0.6258258,0.305195,
1,23,68.447,0.3951174,0.04139846,-0.776786,0.3198604,-0.6425632,0.6258258,0.305195,
1,23,68.449,0.3951174,0.04139846,-0.776786,0.3198604,-0.6425632,0.6258258,0.305195,
1,23,68.451,0.3950713,0.04140081,-0.7767681,0.3198538,-0.6425604,0.6258321,0.3051949,
1,23,68.453,0.3950713,0.04140081,-0.7767681,0.3198538,-0.6425604,0.6258321,0.3051949,
1,23,68.455,0.3950713,0.04140081,-0.7767681,0.3198538,-0.6425604,0.6258321,0.3051949,
1,23,68.457,0.3950713,0.04140081,-0.7767681,0.3198538,-0.6425604,0.6258321,0.3051949,
1,23,68.459,0.3950963,0.04137416,-0.7768161,0.3198721,-0.6425455,0.625796,0.3052811,
1,23,68.461,0.3950963,0.04137416,-0.7768161,0.3198721,-0.6425455,0.625796,0.3052811,
1,23,68.463,0.3950963,0.04137416,-0.7768161,0.3198721,-0.6425455,0.625796,0.3052811,
1,23,68.465,0.3950963,0.04137416,-0.7768161,0.3198721,-0.6425455,0.625796,0.3052811,
1,23,68.467,0.3950963,0.04137416,-0.7768161,0.3198721,-0.6425455,0.625796,0.3052811,
1,23,68.469,0.3951064,0.0414129,-0.7767906,0.3198718,-0.6425266,0.6258236,0.3052645,
1,23,68.471,0.3951064,0.0414129,-0.7767906,0.3198718,-0.6425266,0.6258236,0.3052645,
1,23,68.473,0.3951064,0.0414129,-0.7767906,0.3198718,-0.6425266,0.6258236,0.3052645,
1,23,68.475,0.3951064,0.0414129,-0.7767906,0.3198718,-0.6425266,0.6258236,0.3052645,
1,23,68.477,0.3950966,0.04147777,-0.7767299,0.3198438,-0.6425347,0.6258766,0.3051682,
1,23,68.479,0.3950966,0.04147777,-0.7767299,0.3198438,-0.6425347,0.6258766,0.3051682,
1,23,68.481,0.3950966,0.04147777,-0.7767299,0.3198438,-0.6425347,0.6258766,0.3051682,
1,23,68.483,0.3950966,0.04147777,-0.7767299,0.3198438,-0.6425347,0.6258766,0.3051682,
1,23,68.485,0.3950852,0.04147303,-0.7767238,0.3198534,-0.6425445,0.625878,0.3051347,
1,23,68.487,0.3950852,0.04147303,-0.7767238,0.3198534,-0.6425445,0.625878,0.3051347,
1,23,68.489,0.3950852,0.04147303,-0.7767238,0.3198534,-0.6425445,0.625878,0.3051347,
1,23,68.491,0.3950852,0.04147303,-0.7767238,0.3198534,-0.6425445,0.625878,0.3051347,
1,23,68.493,0.3950884,0.04137892,-0.776787,0.3198464,-0.6425735,0.6258212,0.3051974,
1,23,68.495,0.3950884,0.04137892,-0.776787,0.3198464,-0.6425735,0.6258212,0.3051974,
1,23,68.497,0.3950884,0.04137892,-0.776787,0.3198464,-0.6425735,0.6258212,0.3051974,
1,23,68.499,0.3950884,0.04137892,-0.776787,0.3198464,-0.6425735,0.6258212,0.3051974,
1,23,68.501,0.3950554,0.04146751,-0.7766864,0.3198249,-0.6425506,0.6258941,0.3051184,
1,23,68.503,0.3950554,0.04146751,-0.7766864,0.3198249,-0.6425506,0.6258941,0.3051184,
1,23,68.505,0.3950554,0.04146751,-0.7766864,0.3198249,-0.6425506,0.6258941,0.3051184,
1,23,68.507,0.3950554,0.04146751,-0.7766864,0.3198249,-0.6425506,0.6258941,0.3051184,
1,23,68.509,0.3950873,0.04137493,-0.7767724,0.3198613,-0.6425893,0.6258193,0.3051524,
1,23,68.511,0.3950873,0.04137493,-0.7767724,0.3198613,-0.6425893,0.6258193,0.3051524,
1,23,68.513,0.3950873,0.04137493,-0.7767724,0.3198613,-0.6425893,0.6258193,0.3051524,
1,23,68.515,0.3950873,0.04137493,-0.7767724,0.3198613,-0.6425893,0.6258193,0.3051524,
1,23,68.517,0.3950873,0.04137493,-0.7767724,0.3198613,-0.6425893,0.6258193,0.3051524,
1,23,68.519,0.3950821,0.04144638,-0.776746,0.3198857,-0.6425672,0.6258457,0.3051194,
1,23,68.521,0.3950821,0.04144638,-0.776746,0.3198857,-0.6425672,0.6258457,0.3051194,
1,23,68.523,0.3950821,0.04144638,-0.776746,0.3198857,-0.6425672,0.6258457,0.3051194,
1,23,68.525,0.3950821,0.04144638,-0.776746,0.3198857,-0.6425672,0.6258457,0.3051194,
1,23,68.527,0.3950589,0.0414089,-0.7767541,0.3198773,-0.6425579,0.625824,0.3051924,
1,23,68.529,0.3950589,0.0414089,-0.7767541,0.3198773,-0.6425579,0.625824,0.3051924,
1,23,68.531,0.3950589,0.0414089,-0.7767541,0.3198773,-0.6425579,0.625824,0.3051924,
1,23,68.533,0.3950589,0.0414089,-0.7767541,0.3198773,-0.6425579,0.625824,0.3051924,
1,23,68.535,0.3950885,0.04142828,-0.776787,0.3198431,-0.642537,0.6258464,0.305226,
1,23,68.537,0.3950885,0.04142828,-0.776787,0.3198431,-0.642537,0.6258464,0.305226,
1,23,68.539,0.3950885,0.04142828,-0.776787,0.3198431,-0.642537,0.6258464,0.305226,
1,23,68.541,0.3950885,0.04142828,-0.776787,0.3198431,-0.642537,0.6258464,0.305226,
1,23,68.543,0.3950824,0.04149285,-0.7768056,0.3199076,-0.642507,0.6258551,0.305204,
1,23,68.545,0.3950824,0.04149285,-0.7768056,0.3199076,-0.642507,0.6258551,0.305204,
1,23,68.547,0.3950824,0.04149285,-0.7768056,0.3199076,-0.642507,0.6258551,0.305204,
1,23,68.549,0.3950824,0.04149285,-0.7768056,0.3199076,-0.642507,0.6258551,0.305204,
1,23,68.551,0.3950685,0.04141768,-0.7767636,0.3198753,-0.6425797,0.6258232,0.3051499,
1,23,68.553,0.3950685,0.04141768,-0.7767636,0.3198753,-0.6425797,0.6258232,0.3051499,
1,23,68.555,0.3950685,0.04141768,-0.7767636,0.3198753,-0.6425797,0.6258232,0.3051499,
1,23,68.557,0.3950685,0.04141768,-0.7767636,0.3198753,-0.6425797,0.6258232,0.3051499,
1,23,68.559,0.3950739,0.04145787,-0.7767646,0.319894,-0.6425493,0.625823,0.3051947,
1,23,68.561,0.3950739,0.04145787,-0.7767646,0.319894,-0.6425493,0.625823,0.3051947,
1,23,68.563,0.3950739,0.04145787,-0.7767646,0.319894,-0.6425493,0.625823,0.3051947,
1,23,68.565,0.3950739,0.04145787,-0.7767646,0.319894,-0.6425493,0.625823,0.3051947,
1,23,68.567,0.3950739,0.04145787,-0.7767646,0.319894,-0.6425493,0.625823,0.3051947,
1,23,68.569,0.3950618,0.04145418,-0.7767376,0.3198916,-0.6425738,0.6258206,0.3051504,
1,23,68.571,0.3950618,0.04145418,-0.7767376,0.3198916,-0.6425738,0.6258206,0.3051504,
1,23,68.573,0.3950618,0.04145418,-0.7767376,0.3198916,-0.6425738,0.6258206,0.3051504,
1,23,68.575,0.3950618,0.04145418,-0.7767376,0.3198916,-0.6425738,0.6258206,0.3051504,
1,23,68.577,0.3950356,0.04145076,-0.7767106,0.3198786,-0.6425801,0.6258317,0.3051283,
1,23,68.579,0.3950356,0.04145076,-0.7767106,0.3198786,-0.6425801,0.6258317,0.3051283,
1,23,68.581,0.3950356,0.04145076,-0.7767106,0.3198786,-0.6425801,0.6258317,0.3051283,
1,23,68.583,0.3950356,0.04145076,-0.7767106,0.3198786,-0.6425801,0.6258317,0.3051283,
1,23,68.585,0.3951104,0.04144148,-0.7767582,0.319872,-0.6425849,0.6258228,0.3051433,
1,23,68.587,0.3951104,0.04144148,-0.7767582,0.319872,-0.6425849,0.6258228,0.3051433,
1,23,68.589,0.3951104,0.04144148,-0.7767582,0.319872,-0.6425849,0.6258228,0.3051433,
1,23,68.591,0.3951104,0.04144148,-0.7767582,0.319872,-0.6425849,0.6258228,0.3051433,
1,23,68.593,0.3950805,0.04140676,-0.7767838,0.319909,-0.6425853,0.6257851,0.3051811,
1,23,68.595,0.3950805,0.04140676,-0.7767838,0.319909,-0.6425853,0.6257851,0.3051811,
1,23,68.597,0.3950805,0.04140676,-0.7767838,0.319909,-0.6425853,0.6257851,0.3051811,
1,23,68.599,0.3950805,0.04140676,-0.7767838,0.319909,-0.6425853,0.6257851,0.3051811,
1,23,68.601,0.3950636,0.04144286,-0.7767578,0.3198678,-0.6425492,0.6258313,0.3052056,
1,23,68.603,0.3950636,0.04144286,-0.7767578,0.3198678,-0.6425492,0.6258313,0.3052056,
1,23,68.605,0.3950636,0.04144286,-0.7767578,0.3198678,-0.6425492,0.6258313,0.3052056,
1,23,68.607,0.3950636,0.04144286,-0.7767578,0.3198678,-0.6425492,0.6258313,0.3052056,
1,23,68.609,0.3951237,0.04139699,-0.7768389,0.3199392,-0.6425716,0.6257654,0.3052184,
1,23,68.611,0.3951237,0.04139699,-0.7768389,0.3199392,-0.6425716,0.6257654,0.3052184,
1,23,68.613,0.3951237,0.04139699,-0.7768389,0.3199392,-0.6425716,0.6257654,0.3052184,
1,23,68.615,0.3951237,0.04139699,-0.7768389,0.3199392,-0.6425716,0.6257654,0.3052184,
1,23,68.617,0.3951237,0.04139699,-0.7768389,0.3199392,-0.6425716,0.6257654,0.3052184,
1,23,68.619,0.3951072,0.04144171,-0.7767867,0.3199086,-0.642571,0.6258113,0.3051575,
1,23,68.621,0.3951072,0.04144171,-0.7767867,0.3199086,-0.642571,0.6258113,0.3051575,
1,23,68.623,0.3951072,0.04144171,-0.7767867,0.3199086,-0.642571,0.6258113,0.3051575,
1,23,68.625,0.3951072,0.04144171,-0.7767867,0.3199086,-0.642571,0.6258113,0.3051575,
1,23,68.627,0.3950669,0.04142039,-0.7767814,0.3199143,-0.642567,0.6257924,0.3051989,
1,23,68.629,0.3950669,0.04142039,-0.7767814,0.3199143,-0.642567,0.6257924,0.3051989,
1,23,68.631,0.3950669,0.04142039,-0.7767814,0.3199143,-0.642567,0.6257924,0.3051989,
1,23,68.633,0.3950669,0.04142039,-0.7767814,0.3199143,-0.642567,0.6257924,0.3051989,
1,23,68.635,0.3950928,0.04135627,-0.7768242,0.3199267,-0.6425749,0.6257333,0.3052906,
1,23,68.637,0.3950928,0.04135627,-0.7768242,0.3199267,-0.6425749,0.6257333,0.3052906,
1,23,68.639,0.3950928,0.04135627,-0.7768242,0.3199267,-0.6425749,0.6257333,0.3052906,
1,23,68.641,0.3950928,0.04135627,-0.7768242,0.3199267,-0.6425749,0.6257333,0.3052906,
1,23,68.643,0.3951242,0.04137922,-0.776816,0.3199088,-0.6425843,0.6257815,0.3051907,
1,23,68.645,0.3951242,0.04137922,-0.776816,0.3199088,-0.6425843,0.6257815,0.3051907,
1,23,68.647,0.3951242,0.04137922,-0.776816,0.3199088,-0.6425843,0.6257815,0.3051907,
1,23,68.649,0.3951242,0.04137922,-0.776816,0.3199088,-0.6425843,0.6257815,0.3051907,
1,23,68.651,0.3951046,0.04136104,-0.7768031,0.3199391,-0.642623,0.6257604,0.3051209,
1,23,68.653,0.3951046,0.04136104,-0.7768031,0.3199391,-0.642623,0.6257604,0.3051209,
1,23,68.655,0.3951046,0.04136104,-0.7768031,0.3199391,-0.642623,0.6257604,0.3051209,
1,23,68.657,0.3951046,0.04136104,-0.7768031,0.3199391,-0.642623,0.6257604,0.3051209,
1,23,68.659,0.3951339,0.04139725,-0.776841,0.3199432,-0.6425607,0.6257734,0.3052211,
1,23,68.661,0.3951339,0.04139725,-0.776841,0.3199432,-0.6425607,0.6257734,0.3052211,
1,23,68.663,0.3951339,0.04139725,-0.776841,0.3199432,-0.6425607,0.6257734,0.3052211,
1,23,68.665,0.3951339,0.04139725,-0.776841,0.3199432,-0.6425607,0.6257734,0.3052211,
1,23,68.667,0.3951339,0.04139725,-0.776841,0.3199432,-0.6425607,0.6257734,0.3052211,
1,23,68.669,0.3950803,0.04145255,-0.7767588,0.3198944,-0.6425553,0.6258425,0.3051419,
1,23,68.671,0.3950803,0.04145255,-0.7767588,0.3198944,-0.6425553,0.6258425,0.3051419,
1,23,68.673,0.3950803,0.04145255,-0.7767588,0.3198944,-0.6425553,0.6258425,0.3051419,
1,23,68.675,0.3950803,0.04145255,-0.7767588,0.3198944,-0.6425553,0.6258425,0.3051419,
1,23,68.677,0.3950893,0.04146757,-0.7767855,0.3198838,-0.6425315,0.6258559,0.3051754,
1,23,68.679,0.3950893,0.04146757,-0.7767855,0.3198838,-0.6425315,0.6258559,0.3051754,
1,23,68.681,0.3950893,0.04146757,-0.7767855,0.3198838,-0.6425315,0.6258559,0.3051754,
1,23,68.683,0.3950893,0.04146757,-0.7767855,0.3198838,-0.6425315,0.6258559,0.3051754,
1,23,68.685,0.3950834,0.04147101,-0.7767747,0.3198815,-0.6425239,0.6258485,0.3052091,
1,23,68.687,0.3950834,0.04147101,-0.7767747,0.3198815,-0.6425239,0.6258485,0.3052091,
1,23,68.689,0.3950834,0.04147101,-0.7767747,0.3198815,-0.6425239,0.6258485,0.3052091,
1,23,68.691,0.3950834,0.04147101,-0.7767747,0.3198815,-0.6425239,0.6258485,0.3052091,
1,23,68.693,0.3951161,0.0414548,-0.7768191,0.3199214,-0.6425269,0.6258107,0.3052385,
1,23,68.695,0.3951161,0.0414548,-0.7768191,0.3199214,-0.6425269,0.6258107,0.3052385,
1,23,68.697,0.3951161,0.0414548,-0.7768191,0.3199214,-0.6425269,0.6258107,0.3052385,
1,23,68.699,0.3951161,0.0414548,-0.7768191,0.3199214,-0.6425269,0.6258107,0.3052385,
1,23,68.701,0.3951136,0.04147488,-0.7767927,0.3199206,-0.6425442,0.6258338,0.3051554,
1,23,68.703,0.3951136,0.04147488,-0.7767927,0.3199206,-0.6425442,0.6258338,0.3051554,
1,23,68.705,0.3951136,0.04147488,-0.7767927,0.3199206,-0.6425442,0.6258338,0.3051554,
1,23,68.707,0.3951136,0.04147488,-0.7767927,0.3199206,-0.6425442,0.6258338,0.3051554,
1,23,68.709,0.395119,0.04146625,-0.7767695,0.3199261,-0.642566,0.625828,0.3051157,
1,23,68.711,0.395119,0.04146625,-0.7767695,0.3199261,-0.642566,0.625828,0.3051157,
1,23,68.713,0.395119,0.04146625,-0.7767695,0.3199261,-0.642566,0.625828,0.3051157,
1,23,68.715,0.395119,0.04146625,-0.7767695,0.3199261,-0.642566,0.625828,0.3051157,
1,23,68.717,0.395119,0.04146625,-0.7767695,0.3199261,-0.642566,0.625828,0.3051157,
1,23,68.719,0.3950913,0.04146985,-0.7767563,0.3199176,-0.6425437,0.6258478,0.3051313,
1,23,68.721,0.3950913,0.04146985,-0.7767563,0.3199176,-0.6425437,0.6258478,0.3051313,
1,23,68.723,0.3950913,0.04146985,-0.7767563,0.3199176,-0.6425437,0.6258478,0.3051313,
1,23,68.725,0.3950913,0.04146985,-0.7767563,0.3199176,-0.6425437,0.6258478,0.3051313,
1,23,68.727,0.3951048,0.04140082,-0.7768272,0.3199561,-0.6425593,0.6257716,0.3052139,
1,23,68.729,0.3951048,0.04140082,-0.7768272,0.3199561,-0.6425593,0.6257716,0.3052139,
1,23,68.731,0.3951048,0.04140082,-0.7768272,0.3199561,-0.6425593,0.6257716,0.3052139,
1,23,68.733,0.3951048,0.04140082,-0.7768272,0.3199561,-0.6425593,0.6257716,0.3052139,
1,23,68.735,0.3951052,0.04137943,-0.7768357,0.3199141,-0.6425818,0.6257721,0.3052095,
1,23,68.737,0.3951052,0.04137943,-0.7768357,0.3199141,-0.6425818,0.6257721,0.3052095,
1,23,68.739,0.3951052,0.04137943,-0.7768357,0.3199141,-0.6425818,0.6257721,0.3052095,
1,23,68.741,0.3951052,0.04137943,-0.7768357,0.3199141,-0.6425818,0.6257721,0.3052095,
1,23,68.743,0.3951492,0.04128021,-0.7769003,0.3199334,-0.642605,0.6256967,0.3052951,
1,23,68.745,0.3951492,0.04128021,-0.7769003,0.3199334,-0.642605,0.6256967,0.3052951,
1,23,68.747,0.3951492,0.04128021,-0.7769003,0.3199334,-0.642605,0.6256967,0.3052951,
1,23,68.749,0.3951492,0.04128021,-0.7769003,0.3199334,-0.642605,0.6256967,0.3052951,
1,23,68.751,0.3951167,0.04131851,-0.7767985,0.319914,-0.6426662,0.6257215,0.3051361,
1,23,68.753,0.3951167,0.04131851,-0.7767985,0.319914,-0.6426662,0.6257215,0.3051361,
1,23,68.755,0.3951167,0.04131851,-0.7767985,0.319914,-0.6426662,0.6257215,0.3051361,CourtEnter
1,23,68.757,0.3951167,0.04131851,-0.7767985,0.319914,-0.6426662,0.6257215,0.3051361,
1,23,68.759,0.3950955,0.04137406,-0.7767786,0.319896,-0.6426176,0.6257761,0.3051449,
1,23,68.761,0.3950955,0.04137406,-0.7767786,0.319896,-0.6426176,0.6257761,0.3051449,
1,23,68.763,0.3950955,0.04137406,-0.7767786,0.319896,-0.6426176,0.6257761,0.3051449,
1,23,68.765,0.3950955,0.04137406,-0.7767786,0.319896,-0.6426176,0.6257761,0.3051449,
1,23,68.767,0.3950955,0.04137406,-0.7767786,0.319896,-0.6426176,0.6257761,0.3051449,CourtExit
1,23,68.769,0.3951033,0.04139686,-0.7768236,0.3199058,-0.6425487,0.6257865,0.3052586,
1,23,68.771,0.3951033,0.04139686,-0.7768236,0.3199058,-0.6425487,0.6257865,0.3052586,
1,23,68.773,0.3951033,0.04139686,-0.7768236,0.3199058,-0.6425487,0.6257865,0.3052586,
1,23,68.775,0.3951033,0.04139686,-0.7768236,0.3199058,-0.6425487,0.6257865,0.3052586,
1,23,68.777,0.3951004,0.04133525,-0.7767984,0.3198658,-0.6425943,0.6257873,0.3052028,
1,23,68.779,0.3951004,0.04133525,-0.7767984,0.3198658,-0.6425943,0.6257873,0.3052028,
1,23,68.781,0.3951004,0.04133525,-0.7767984,0.3198658,-0.6425943,0.6257873,0.3052028,
1,23,68.783,0.3951004,0.04133525,-0.7767984,0.3198658,-0.6425943,0.6257873,0.3052028,
1,23,68.785,0.395113,0.04136323,-0.7768061,0.319888,-0.6425939,0.6257837,0.3051878,
1,23,68.787,0.395113,0.04136323,-0.7768061,0.319888,-0.6425939,0.6257837,0.3051878,
1,23,68.789,0.395113,0.04136323,-0.7768061,0.319888,-0.6425939,0.6257837,0.3051878,
1,23,68.791,0.395113,0.04136323,-0.7768061,0.319888,-0.6425939,0.6257837,0.3051878,
1,23,68.793,0.3950943,0.04135202,-0.7767763,0.3198941,-0.6426156,0.6257581,0.3051884,
1,23,68.795,0.3950943,0.04135202,-0.7767763,0.3198941,-0.6426156,0.6257581,0.3051884,
1,23,68.797,0.3950943,0.04135202,-0.7767763,0.3198941,-0.6426156,0.6257581,0.3051884,
1,23,68.799,0.3950943,0.04135202,-0.7767763,0.3198941,-0.6426156,0.6257581,0.3051884,
1,23,68.801,0.3950758,0.04130924,-0.7768213,0.3198663,-0.6425883,0.625747,0.3052974,
1,23,68.803,0.3950758,0.04130924,-0.7768213,0.3198663,-0.6425883,0.625747,0.3052974,
1,23,68.805,0.3950758,0.04130924,-0.7768213,0.3198663,-0.6425883,0.625747,0.3052974,
1,23,68.807,0.3950758,0.04130924,-0.7768213,0.3198663,-0.6425883,0.625747,0.3052974,
1,23,68.809,0.3950815,0.04138574,-0.7767776,0.319858,-0.6425396,0.6257955,0.3053091,
1,23,68.811,0.3950815,0.04138574,-0.7767776,0.319858,-0.6425396,0.6257955,0.3053091,
1,23,68.813,0.3950815,0.04138574,-0.7767776,0.319858,-0.6425396,0.6257955,0.3053091,
1,23,68.815,0.3950815,0.04138574,-0.7767776,0.319858,-0.6425396,0.6257955,0.3053091,
1,23,68.817,0.3950815,0.04138574,-0.7767776,0.319858,-0.6425396,0.6257955,0.3053091,
1,23,68.819,0.3951302,0.04136733,-0.7768174,0.3198776,-0.6425645,0.6257942,0.3052388,
1,23,68.821,0.3951302,0.04136733,-0.7768174,0.3198776,-0.6425645,0.6257942,0.3052388,
1,23,68.823,0.3951302,0.04136733,-0.7768174,0.3198776,-0.6425645,0.6257942,0.3052388,
1,23,68.825,0.3951302,0.04136733,-0.7768174,0.3198776,-0.6425645,0.6257942,0.3052388,
1,23,68.827,0.395096,0.04137916,-0.7768075,0.3198848,-0.6425541,0.6257966,0.3052486,
1,23,68.829,0.395096,0.04137916,-0.7768075,0.3198848,-0.6425541,0.6257966,0.3052486,
1,23,68.831,0.395096,0.04137916,-0.7768075,0.3198848,-0.6425541,0.6257966,0.3052486,
1,23,68.833,0.395096,0.04137916,-0.7768075,0.3198848,-0.6425541,0.6257966,0.3052486,
1,23,68.835,0.3951144,0.04139431,-0.7768329,0.3198718,-0.6425315,0.625802,0.3052987,
1,23,68.837,0.3951144,0.04139431,-0.7768329,0.3198718,-0.6425315,0.625802,0.3052987,
1,23,68.839,0.3951144,0.04139431,-0.7768329,0.3198718,-0.6425315,0.625802,0.3052987,
1,23,68.841,0.3951144,0.04139431,-0.7768329,0.3198718,-0.6425315,0.625802,0.3052987,
1,23,68.843,0.3950656,0.04140391,-0.7767743,0.319858,-0.642545,0.6258202,0.3052472,
1,23,68.845,0.3950656,0.04140391,-0.7767743,0.319858,-0.642545,0.6258202,0.3052472,
1,23,68.847,0.3950656,0.04140391,-0.7767743,0.319858,-0.642545,0.6258202,0.3052472,
1,23,68.849,0.3950656,0.04140391,-0.7767743,0.319858,-0.642545,0.6258202,0.3052472,
1,23,68.851,0.3950863,0.04138028,-0.7767624,0.319869,-0.6425868,0.6258002,0.3051888,
1,23,68.853,0.3950863,0.04138028,-0.7767624,0.319869,-0.6425868,0.6258002,0.3051888,
1,23,68.855,0.3950863,0.04138028,-0.7767624,0.319869,-0.6425868,0.6258002,0.3051888,
1,23,68.857,0.3950863,0.04138028,-0.7767624,0.319869,-0.6425868,0.6258002,0.3051888,
1,23,68.859,0.3951397,0.0413436,-0.7768073,0.3199202,-0.6426185,0.625757,0.3051569,
1,23,68.861,0.3951397,0.0413436,-0.7768073,0.3199202,-0.6426185,0.625757,0.3051569,
1,23,68.863,0.3951397,0.0413436,-0.7768073,0.3199202,-0.6426185,0.625757,0.3051569,
1,23,68.865,0.3951397,0.0413436,-0.7768073,0.3199202,-0.6426185,0.625757,0.3051569,
1,23,68.867,0.3951397,0.0413436,-0.7768073,0.3199202,-0.6426185,0.625757,0.3051569,
1,23,68.869,0.3950455,0.04143628,-0.7767263,0.3198736,-0.6425843,0.6258384,0.3051109,
1,23,68.871,0.3950455,0.04143628,-0.7767263,0.3198736,-0.6425843,0.6258384,0.3051109,
1,23,68.873,0.3950455,0.04143628,-0.7767263,0.3198736,-0.6425843,0.6258384,0.3051109,
1,23,68.875,0.3950455,0.04143628,-0.7767263,0.3198736,-0.6425843,0.6258384,0.3051109,
1,23,68.877,0.3950604,0.04147928,-0.7767236,0.3198611,-0.6425515,0.6258695,0.3051293,
1,23,68.879,0.3950604,0.04147928,-0.7767236,0.3198611,-0.6425515,0.6258695,0.3051293,
1,23,68.881,0.3950604,0.04147928,-0.7767236,0.3198611,-0.6425515,0.6258695,0.3051293,
1,23,68.883,0.3950604,0.04147928,-0.7767236,0.3198611,-0.6425515,0.6258695,0.3051293,
1,23,68.885,0.3951167,0.04142527,-0.7768039,0.3199117,-0.6425587,0.6258209,0.3051605,
1,23,68.887,0.3951167,0.04142527,-0.7768039,0.3199117,-0.6425587,0.6258209,0.3051605,
1,23,68.889,0.3951167,0.04142527,-0.7768039,0.3199117,-0.6425587,0.6258209,0.3051605,
1,23,68.891,0.3951167,0.04142527,-0.7768039,0.3199117,-0.6425587,0.6258209,0.3051605,
1,23,68.893,0.3951319,0.04131907,-0.7768535,0.3199189,-0.6426051,0.6257482,0.3052047,
1,23,68.895,0.3951319,0.04131907,-0.7768535,0.3199189,-0.6426051,0.6257482,0.3052047,
1,23,68.897,0.3951319,0.04131907,-0.7768535,0.3199189,-0.6426051,0.6257482,0.3052047,
1,23,68.899,0.3951319,0.04131907,-0.7768535,0.3199189,-0.6426051,0.6257482,0.3052047,
1,23,68.901,0.3950809,0.04138172,-0.7767773,0.3198811,-0.6426063,0.6257871,0.3051619,
1,23,68.903,0.3950809,0.04138172,-0.7767773,0.3198811,-0.6426063,0.6257871,0.3051619,
1,23,68.905,0.3950809,0.04138172,-0.7767773,0.3198811,-0.6426063,0.6257871,0.3051619,
1,23,68.907,0.3950809,0.04138172,-0.7767773,0.3198811,-0.6426063,0.6257871,0.3051619,
1,23,68.909,0.3950882,0.04136701,-0.7767646,0.3198854,-0.6426225,0.6257808,0.3051365,
1,23,68.911,0.3950882,0.04136701,-0.7767646,0.3198854,-0.6426225,0.6257808,0.3051365,
1,23,68.913,0.3950882,0.04136701,-0.7767646,0.3198854,-0.6426225,0.6257808,0.3051365,
1,23,68.915,0.3950882,0.04136701,-0.7767646,0.3198854,-0.6426225,0.6257808,0.3051365,
1,23,68.917,0.3950882,0.04136701,-0.7767646,0.3198854,-0.6426225,0.6257808,0.3051365,
1,23,68.919,0.3951155,0.04129698,-0.77686,0.3199298,-0.6425997,0.6257035,0.305296,
1,23,68.921,0.3951155,0.04129698,-0.77686,0.3199298,-0.6425997,0.6257035,0.305296,
1,23,68.923,0.3951155,0.04129698,-0.77686,0.3199298,-0.6425997,0.6257035,0.305296,
1,23,68.925,0.3951155,0.04129698,-0.77686,0.3199298,-0.6425997,0.6257035,0.305296,
1,23,68.927,0.395081,0.04146252,-0.7767725,0.3198924,-0.6425208,0.625845,0.3052115,
1,23,68.929,0.395081,0.04146252,-0.7767725,0.3198924,-0.6425208,0.625845,0.3052115,
1,23,68.931,0.395081,0.04146252,-0.7767725,0.3198924,-0.6425208,0.625845,0.3052115,
1,23,68.933,0.395081,0.04146252,-0.7767725,0.3198924,-0.6425208,0.625845,0.3052115,
1,23,68.935,0.3951061,0.04141624,-0.7767556,0.3198726,-0.6425819,0.6258179,0.3051591,
1,23,68.937,0.3951061,0.04141624,-0.7767556,0.3198726,-0.6425819,0.6258179,0.3051591,
1,23,68.939,0.3951061,0.04141624,-0.7767556,0.3198726,-0.6425819,0.6258179,0.3051591,
1,23,68.941,0.3951061,0.04141624,-0.7767556,0.3198726,-0.6425819,0.6258179,0.3051591,
1,23,68.943,0.3950976,0.0413767,-0.7767714,0.3198756,-0.6426052,0.6257972,0.3051492,
1,23,68.945,0.3950976,0.0413767,-0.7767714,0.3198756,-0.6426052,0.6257972,0.3051492,
1,23,68.947,0.3950976,0.0413767,-0.7767714,0.3198756,-0.6426052,0.6257972,0.3051492,
1,23,68.949,0.3950976,0.0413767,-0.7767714,0.3198756,-0.6426052,0.6257972,0.3051492,
1,23,68.951,0.3950567,0.04138107,-0.776749,0.3198783,-0.6426028,0.6258029,0.3051396,
1,23,68.953,0.3950567,0.04138107,-0.776749,0.3198783,-0.6426028,0.6258029,0.3051396,
1,23,68.955,0.3950567,0.04138107,-0.776749,0.3198783,-0.6426028,0.6258029,0.3051396,
1,23,68.957,0.3950567,0.04138107,-0.776749,0.3198783,-0.6426028,0.6258029,0.3051396,
1,23,68.959,0.3951137,0.04138874,-0.7768109,0.3198732,-0.6425563,0.6258143,0.3052196,
1,23,68.961,0.3951137,0.04138874,-0.7768109,0.3198732,-0.6425563,0.6258143,0.3052196,
1,23,68.963,0.3951137,0.04138874,-0.7768109,0.3198732,-0.6425563,0.6258143,0.3052196,
1,23,68.965,0.3951137,0.04138874,-0.7768109,0.3198732,-0.6425563,0.6258143,0.3052196,
1,23,68.967,0.3951137,0.04138874,-0.7768109,0.3198732,-0.6425563,0.6258143,0.3052196,
1,23,68.969,0.3951282,0.04142115,-0.7768152,0.3199261,-0.6425539,0.6258085,0.3051811,
1,23,68.971,0.3951282,0.04142115,-0.7768152,0.3199261,-0.6425539,0.6258085,0.3051811,
1,23,68.973,0.3951282,0.04142115,-0.7768152,0.3199261,-0.6425539,0.6258085,0.3051811,
1,23,68.975,0.3951282,0.04142115,-0.7768152,0.3199261,-0.6425539,0.6258085,0.3051811,
1,23,68.977,0.3950756,0.04141553,-0.7767576,0.3198796,-0.6425697,0.6258281,0.3051565,
1,23,68.979,0.3950756,0.04141553,-0.7767576,0.3198796,-0.6425697,0.6258281,0.3051565,
1,23,68.981,0.3950756,0.04141553,-0.7767576,0.3198796,-0.6425697,0.6258281,0.3051565,
1,23,68.983,0.3950756,0.04141553,-0.7767576,0.3198796,-0.6425697,0.6258281,0.3051565,
1,23,68.985,0.3950548,0.04143383,-0.7767198,0.319856,-0.642582,0.6258421,0.3051267,
1,23,68.987,0.3950548,0.04143383,-0.7767198,0.319856,-0.642582,0.6258421,0.3051267,
1,23,68.989,0.3950548,0.04143383,-0.7767198,0.319856,-0.642582,0.6258421,0.3051267,
1,23,68.991,0.3950548,0.04143383,-0.7767198,0.319856,-0.642582,0.6258421,0.3051267,
1,23,68.993,0.3950781,0.04148737,-0.7767265,0.3198715,-0.6425406,0.625872,0.3051363,
1,23,68.995,0.3950781,0.04148737,-0.7767265,0.3198715,-0.6425406,0.625872,0.3051363,
1,23,68.997,0.3950781,0.04148737,-0.7767265,0.3198715,-0.6425406,0.625872,0.3051363,
1,23,68.999,0.3950781,0.04148737,-0.7767265,0.3198715,-0.6425406,0.625872,0.3051363,
1,24,69.001,0.3951044,0.04136287,-0.7767985,0.3199053,-0.642615,0.6257661,0.3051614,CourtExit
1,24,69.003,0.3951044,0.04136287,-0.7767985,0.3199053,-0.642615,0.6257661,0.3051614,
1,24,69.005,0.3951044,0.04136287,-0.7767985,0.3199053,-0.642615,0.6257661,0.3051614,
1,24,69.007,0.3951044,0.04136287,-0.7767985,0.3199053,-0.642615,0.6257661,0.3051614,
1,24,69.009,0.395078,0.04140273,-0.7767916,0.3198845,-0.6425709,0.6258141,0.3051777,
1,24,69.011,0.395078,0.04140273,-0.7767916,0.3198845,-0.6425709,0.6258141,0.3051777,
1,24,69.013,0.395078,0.04140273,-0.7767916,0.3198845,-0.6425709,0.6258141,0.3051777,
1,24,69.015,0.395078,0.04140273,-0.7767916,0.3198845,-0.6425709,0.6258141,0.3051777,
1,24,69.017,0.395078,0.04140273,-0.7767916,0.3198845,-0.6425709,0.6258141,0.3051777,
1,24,69.019,0.3950791,0.04145209,-0.7767537,0.3198582,-0.6425369,0.6258636,0.3051752,
1,24,69.021,0.3950791,0.04145209,-0.7767537,0.3198582,-0.6425369,0.6258636,0.3051752,
1,24,69.023,0.3950791,0.04145209,-0.7767537,0.3198582,-0.6425369,0.6258636,0.3051752,
1,24,69.025,0.3950791,0.04145209,-0.7767537,0.3198582,-0.6425369,0.6258636,0.3051752,
1,24,69.027,0.395081,0.04144491,-0.7767708,0.3198715,-0.6425527,0.6258468,0.3051622,
1,24,69.029,0.395081,0.04144491,-0.7767708,0.3198715,-0.6425527,0.6258468,0.3051622,
1,24,69.031,0.395081,0.04144491,-0.7767708,0.3198715,-0.6425527,0.6258468,0.3051622,
1,24,69.033,0.395081,0.04144491,-0.7767708,0.3198715,-0.6425527,0.6258468,0.3051622,
1,24,69.035,0.3950723,0.04137483,-0.7767905,0.3198625,-0.6425797,0.6258081,0.3051944,
1,24,69.037,0.3950723,0.04137483,-0.7767905,0.3198625,-0.6425797,0.6258081,0.3051944,
1,24,69.039,0.3950723,0.04137483,-0.7767905,0.3198625,-0.6425797,0.6258081,0.3051944,
1,24,69.041,0.3950723,0.04137483,-0.7767905,0.3198625,-0.6425797,0.6258081,0.3051944,
1,24,69.043,0.3950746,0.04135324,-0.7767871,0.3198504,-0.6425896,0.6257983,0.3052063,
1,24,69.045,0.3950746,0.04135324,-0.7767871,0.3198504,-0.6425896,0.6257983,0.3052063,
1,24,69.047,0.3950746,0.04135324,-0.7767871,0.3198504,-0.6425896,0.6257983,0.3052063,
1,24,69.049,0.3950746,0.04135324,-0.7767871,0.3198504,-0.6425896,0.6257983,0.3052063,
1,24,69.051,0.395072,0.04136591,-0.7767982,0.3198728,-0.6425723,0.6257811,0.3052544,
1,24,69.053,0.395072,0.04136591,-0.7767982,0.3198728,-0.6425723,0.6257811,0.3052544,
1,24,69.055,0.395072,0.04136591,-0.7767982,0.3198728,-0.6425723,0.6257811,0.3052544,
1,24,69.057,0.395072,0.04136591,-0.7767982,0.3198728,-0.6425723,0.6257811,0.3052544,
1,24,69.059,0.3950471,0.04139447,-0.7767732,0.3198371,-0.642551,0.6258109,0.3052756,
1,24,69.061,0.3950471,0.04139447,-0.7767732,0.3198371,-0.642551,0.6258109,0.3052756,
1,24,69.063,0.3950471,0.04139447,-0.7767732,0.3198371,-0.642551,0.6258109,0.3052756,
1,24,69.065,0.3950471,0.04139447,-0.7767732,0.3198371,-0.642551,0.6258109,0.3052756,
1,24,69.067,0.3950471,0.04139447,-0.7767732,0.3198371,-0.642551,0.6258109,0.3052756,
1,24,69.069,0.3951038,0.04144623,-0.776756,0.3198542,-0.6425635,0.6258478,0.305156,
1,24,69.071,0.3951038,0.04144623,-0.776756,0.3198542,-0.6425635,0.6258478,0.305156,
1,24,69.073,0.3951038,0.04144623,-0.776756,0.3198542,-0.6425635,0.6258478,0.305156,
1,24,69.075,0.3951038,0.04144623,-0.776756,0.3198542,-0.6425635,0.6258478,0.305156,
1,24,69.077,0.3950655,0.04137624,-0.776769,0.3198762,-0.642588,0.6257857,0.3052087,
1,24,69.079,0.3950655,0.04137624,-0.776769,0.3198762,-0.642588,0.6257857,0.3052087,
1,24,69.081,0.3950655,0.04137624,-0.776769,0.3198762,-0.642588,0.6257857,0.3052087,
1,24,69.083,0.3950655,0.04137624,-0.776769,0.3198762,-0.642588,0.6257857,0.3052087,
1,24,69.085,0.3951352,0.04137274,-0.7768584,0.319888,-0.6425494,0.6257842,0.3052804,
1,24,69.087,0.3951352,0.04137274,-0.7768584,0.319888,-0.6425494,0.6257842,0.3052804,
1,24,69.089,0.3951352,0.04137274,-0.7768584,0.319888,-0.6425494,0.6257842,0.3052804,
1,24,69.091,0.3951352,0.04137274,-0.7768584,0.319888,-0.6425494,0.6257842,0.3052804,
1,24,69.093,0.3950952,0.04135112,-0.7768214,0.3198695,-0.6425909,0.62578,0.3052208,
1,24,69.095,0.3950952,0.04135112,-0.7768214,0.3198695,-0.6425909,0.62578,0.3052208,
1,24,69.097,0.3950952,0.04135112,-0.7768214,0.3198695,-0.6425909,0.62578,0.3052208,
1,24,69.099,0.3950952,0.04135112,-0.7768214,0.3198695,-0.6425909,0.62578,0.3052208,
1,24,69.101,0.3950851,0.04134002,-0.7768085,0.3198861,-0.6426102,0.6257647,0.3051943,
1,24,69.103,0.3950851,0.04134002,-0.7768085,0.3198861,-0.6426102,0.6257647,0.3051943,
1,24,69.105,0.3950851,0.04134002,-0.7768085,0.3198861,-0.6426102,0.6257647,0.3051943,
1,24,69.107,0.3950851,0.04134002,-0.7768085,0.3198861,-0.6426102,0.6257647,0.3051943,
1,24,69.109,0.3950593,0.04138876,-0.7767601,0.3198397,-0.6425899,0.625818,0.3051765,
1,24,69.111,0.3950593,0.04138876,-0.7767601,0.3198397,-0.6425899,0.625818,0.3051765,
1,24,69.113,0.3950593,0.04138876,-0.7767601,0.3198397,-0.6425899,0.625818,0.3051765,
1,24,69.115,0.3950593,0.04138876,-0.7767601,0.3198397,-0.6425899,0.625818,0.3051765,
1,24,69.117,0.3950593,0.04138876,-0.7767601,0.3198397,-0.6425899,0.625818,0.3051765,
1,24,69.119,0.3950808,0.04142661,-0.7767261,0.3198562,-0.642593,0.6258346,0.3051184,
1,24,69.121,0.3950808,0.04142661,-0.7767261,0.3198562,-0.642593,0.6258346,0.3051184,
1,24,69.123,0.3950808,0.04142661,-0.7767261,0.3198562,-0.642593,0.6258346,0.3051184,
1,24,69.125,0.3950808,0.04142661,-0.7767261,0.3198562,-0.642593,0.6258346,0.3051184,
1,24,69.127,0.3951294,0.04135394,-0.7768425,0.3199238,-0.6425693,0.6257491,0.3052731,
1,24,69.129,0.3951294,0.04135394,-0.7768425,0.3199238,-0.6425693,0.6257491,0.3052731,
1,24,69.131,0.3951294,0.04135394,-0.7768425,0.3199238,-0.6425693,0.6257491,0.3052731,
1,24,69.133,0.3951294,0.04135394,-0.7768425,0.3199238,-0.6425693,0.6257491,0.3052731,
1,24,69.135,0.3951027,0.04132343,-0.7768439,0.3199115,-0.6425842,0.6257354,0.3052825,
1,24,69.137,0.3951027,0.04132343,-0.7768439,0.3199115,-0.6425842,0.6257354,0.3052825,
1,24,69.139,0.3951027,0.04132343,-0.7768439,0.3199115,-0.6425842,0.6257354,0.3052825,
1,24,69.141,0.3951027,0.04132343,-0.7768439,0.3199115,-0.6425842,0.6257354,0.3052825,
1,24,69.143,0.3950963,0.04135007,-0.7768394,0.3199159,-0.6425518,0.6257513,0.3053137,
1,24,69.145,0.3950963,0.04135007,-0.7768394,0.3199159,-0.6425518,0.6257513,0.3053137,
1,24,69.147,0.3950963,0.04135007,-0.7768394,0.3199159,-0.6425518,0.6257513,0.3053137,
1,24,69.149,0.3950963,0.04135007,-0.7768394,0.3199159,-0.6425518,0.6257513,0.3053137,
1,24,69.151,0.3950994,0.04146686,-0.7767566,0.3198791,-0.642521,0.6258728,0.305168,
1,24,69.153,0.3950994,0.04146686,-0.7767566,0.3198791,-0.642521,0.6258728,0.305168,
1,24,69.155,0.3950994,0.04146686,-0.7767566,0.3198791,-0.642521,0.6258728,0.305168,
1,24,69.157,0.3950994,0.04146686,-0.7767566,0.3198791,-0.642521,0.6258728,0.305168,
1,24,69.159,0.3951182,0.04139845,-0.7767889,0.3198998,-0.6425686,0.6257952,0.3052052,
1,24,69.161,0.3951182,0.04139845,-0.7767889,0.3198998,-0.6425686,0.6257952,0.3052052,
1,24,69.163,0.3951182,0.04139845,-0.7767889,0.3198998,-0.6425686,0.6257952,0.3052052,
1,24,69.165,0.3951182,0.04139845,-0.7767889,0.3198998,-0.6425686,0.6257952,0.3052052,
1,24,69.167,0.3951182,0.04139845,-0.7767889,0.3198998,-0.6425686,0.6257952,0.3052052,
1,24,69.169,0.3951179,0.04138745,-0.7768058,0.3199295,-0.642588,0.6257774,0.3051695,
1,24,69.171,0.3951179,0.04138745,-0.7768058,0.3199295,-0.642588,0.6257774,0.3051695,
1,24,69.173,0.3951179,0.04138745,-0.7768058,0.3199295,-0.642588,0.6257774,0.3051695,
1,24,69.175,0.3951179,0.04138745,-0.7768058,0.3199295,-0.642588,0.6257774,0.3051695,
1,24,69.177,0.3950799,0.04138764,-0.7767563,0.3198922,-0.6426005,0.6257999,0.3051361,
1,24,69.179,0.3950799,0.04138764,-0.7767563,0.3198922,-0.6426005,0.6257999,0.3051361,
1,24,69.181,0.3950799,0.04138764,-0.7767563,0.3198922,-0.6426005,0.6257999,0.3051361,
1,24,69.183,0.3950799,0.04138764,-0.7767563,0.3198922,-0.6426005,0.6257999,0.3051361,
1,24,69.185,0.3951097,0.04140787,-0.7767853,0.3199139,-0.6425784,0.6258063,0.3051467,
1,24,69.187,0.3951097,0.04140787,-0.7767853,0.3199139,-0.6425784,0.6258063,0.3051467,
1,24,69.189,0.3951097,0.04140787,-0.7767853,0.3199139,-0.6425784,0.6258063,0.3051467,
1,24,69.191,0.3951097,0.04140787,-0.7767853,0.3199139,-0.6425784,0.6258063,0.3051467,
1,24,69.193,0.395093,0.04143785,-0.7767725,0.3199071,-0.642556,0.6258324,0.3051477,
1,24,69.195,0.395093,0.04143785,-0.7767725,0.3199071,-0.642556,0.6258324,0.3051477,
1,24,69.197,0.395093,0.04143785,-0.7767725,0.3199071,-0.642556,0.6258324,0.3051477,
1,24,69.199,0.395093,0.04143785,-0.7767725,0.3199071,-0.642556,0.6258324,0.3051477,
1,24,69.201,0.3950949,0.04146122,-0.7767587,0.3199379,-0.6425742,0.6258198,0.3051029,
1,24,69.203,0.3950949,0.04146122,-0.7767587,0.3199379,-0.6425742,0.6258198,0.3051029,
1,24,69.205,0.3950949,0.04146122,-0.7767587,0.3199379,-0.6425742,0.6258198,0.3051029,
1,24,69.207,0.3950949,0.04146122,-0.7767587,0.3199379,-0.6425742,0.6258198,0.3051029,
1,24,69.209,0.3950859,0.04141925,-0.7767596,0.3198997,-0.6425875,0.6258215,0.3051116,
1,24,69.211,0.3950859,0.04141925,-0.7767596,0.3198997,-0.6425875,0.6258215,0.3051116,
1,24,69.213,0.3950859,0.04141925,-0.7767596,0.3198997,-0.6425875,0.6258215,0.3051116,
1,24,69.215,0.3950859,0.04141925,-0.7767596,0.3198997,-0.6425875,0.6258215,0.3051116,
1,24,69.217,0.3950859,0.04141925,-0.7767596,0.3198997,-0.6425875,0.6258215,0.3051116,
1,24,69.219,0.3951067,0.04144521,-0.7767674,0.3198934,-0.642564,0.6258354,0.3051389,
1,24,69.221,0.3951067,0.04144521,-0.7767674,0.3198934,-0.642564,0.6258354,0.3051389,
1,24,69.223,0.3951067,0.04144521,-0.7767674,0.3198934,-0.642564,0.6258354,0.3051389,
1,24,69.225,0.3951067,0.04144521,-0.7767674,0.3198934,-0.642564,0.6258354,0.3051389,
1,24,69.227,0.3950619,0.04142946,-0.7767313,0.3198249,-0.6425605,0.6258607,0.3051665,
1,24,69.229,0.3950619,0.04142946,-0.7767313,0.3198249,-0.6425605,0.6258607,0.3051665,
1,24,69.231,0.3950619,0.04142946,-0.7767313,0.3198249,-0.6425605,0.6258607,0.3051665,
1,24,69.233,0.3950619,0.04142946,-0.7767313,0.3198249,-0.6425605,0.6258607,0.3051665,
1,24,69.235,0.3950612,0.04139492,-0.7767606,0.3198347,-0.6425601,0.6258434,0.3051925,
1,24,69.237,0.3950612,0.04139492,-0.7767606,0.3198347,-0.6425601,0.6258434,0.3051925,
1,24,69.239,0.3950612,0.04139492,-0.7767606,0.3198347,-0.6425601,0.6258434,0.3051925,
1,24,69.241,0.3950612,0.04139492,-0.7767606,0.3198347,-0.6425601,0.6258434,0.3051925,
1,24,69.243,0.3950837,0.04144833,-0.7767771,0.3198503,-0.6425205,0.6258705,0.3052038,
1,24,69.245,0.3950837,0.04144833,-0.7767771,0.3198503,-0.6425205,0.6258705,0.3052038,
1,24,69.247,0.3950837,0.04144833,-0.7767771,0.3198503,-0.6425205,0.6258705,0.3052038,
1,24,69.249,0.3950837,0.04144833,-0.7767771,0.3198503,-0.6425205,0.6258705,0.3052038,
1,24,69.251,0.3950756,0.04144401,-0.7767398,0.3198851,-0.642561,0.6258402,0.3051445,
1,24,69.253,0.3950756,0.04144401,-0.7767398,0.3198851,-0.642561,0.6258402,0.3051445,
1,24,69.255,0.3950756,0.04144401,-0.7767398,0.3198851,-0.642561,0.6258402,0.3051445,
1,24,69.257,0.3950756,0.04144401,-0.7767398,0.3198851,-0.642561,0.6258402,0.3051445,
1,24,69.259,0.3951022,0.04137222,-0.7768033,0.319912,-0.6425787,0.6257748,0.3052128,
1,24,69.261,0.3951022,0.04137222,-0.7768033,0.319912,-0.6425787,0.6257748,0.3052128,
1,24,69.263,0.3951022,0.04137222,-0.7768033,0.319912,-0.6425787,0.6257748,0.3052128,
1,24,69.265,0.3951022,0.04137222,-0.7768033,0.319912,-0.6425787,0.6257748,0.3052128,
1,24,69.267,0.3951022,0.04137222,-0.7768033,0.319912,-0.6425787,0.6257748,0.3052128,
1,24,69.269,0.3951218,0.04130943,-0.7768394,0.3198982,-0.6426055,0.625745,0.3052317,
1,24,69.271,0.3951218,0.04130943,-0.7768394,0.3198982,-0.6426055,0.625745,0.3052317,
1,24,69.273,0.3951218,0.04130943,-0.7768394,0.3198982,-0.6426055,0.625745,0.3052317,
1,24,69.275,0.3951218,0.04130943,-0.7768394,0.3198982,-0.6426055,0.625745,0.3052317,
1,24,69.277,0.3951273,0.04135777,-0.7768143,0.3199313,-0.6426015,0.6257673,0.3051599,
1,24,69.279,0.3951273,0.04135777,-0.7768143,0.3199313,-0.6426015,0.6257673,0.3051599,
1,24,69.281,0.3951273,0.04135777,-0.7768143,0.3199313,-0.6426015,0.6257673,0.3051599,
1,24,69.283,0.3951273,0.04135777,-0.7768143,0.3199313,-0.6426015,0.6257673,0.3051599,
1,24,69.285,0.3951141,0.04139084,-0.7768005,0.3199367,-0.6425941,0.6257777,0.3051486,
1,24,69.287,0.3951141,0.04139084,-0.7768005,0.3199367,-0.6425941,0.6257777,0.3051486,
1,24,69.289,0.3951141,0.04139084,-0.7768005,0.3199367,-0.6425941,0.6257777,0.3051486,
1,24,69.291,0.3951141,0.04139084,-0.7768005,0.3199367,-0.6425941,0.6257777,0.3051486,
1,24,69.293,0.3951315,0.04136947,-0.7768523,0.3199249,-0.6425627,0.6257792,0.305224,
1,24,69.295,0.3951315,0.04136947,-0.7768523,0.3199249,-0.6425627,0.6257792,0.305224,
1,24,69.297,0.3951315,0.04136947,-0.7768523,0.3199249,-0.6425627,0.6257792,0.305224,
1,24,69.299,0.3951315,0.04136947,-0.7768523,0.3199249,-0.6425627,0.6257792,0.305224,
1,24,69.301,0.3950785,0.04141414,-0.776773,0.3199286,-0.6425676,0.6257932,0.3051808,
1,24,69.303,0.3950785,0.04141414,-0.776773,0.3199286,-0.6425676,0.6257932,0.3051808,
1,24,69.305,0.3950785,0.04141414,-0.776773,0.3199286,-0.6425676,0.6257932,0.3051808,
1,24,69.307,0.3950785,0.04141414,-0.776773,0.3199286,-0.6425676,0.6257932,0.3051808,
1,24,69.309,0.3950868,0.04137535,-0.7767965,0.3199288,-0.6425914,0.6257683,0.3051819,
1,24,69.311,0.3950868,0.04137535,-0.7767965,0.3199288,-0.6425914,0.6257683,0.3051819,
1,24,69.313,0.3950868,0.04137535,-0.7767965,0.3199288,-0.6425914,0.6257683,0.3051819,
1,24,69.315,0.3950868,0.04137535,-0.7767965,0.3199288,-0.6425914,0.6257683,0.3051819,
1,24,69.317,0.3950868,0.04137535,-0.7767965,0.3199288,-0.6425914,0.6257683,0.3051819,
1,24,69.319,0.3950767,0.04134745,-0.7768143,0.3199104,-0.6425911,0.6257585,0.305222,
1,24,69.321,0.3950767,0.04134745,-0.7768143,0.3199104,-0.6425911,0.6257585,0.305222,
1,24,69.323,0.3950767,0.04134745,-0.7768143,0.3199104,-0.6425911,0.6257585,0.305222,
1,24,69.325,0.3950767,0.04134745,-0.7768143,0.3199104,-0.6425911,0.6257585,0.305222,
1,24,69.327,0.3951111,0.04130963,-0.77683,0.319909,-0.64262,0.6257355,0.3052098,
1,24,69.329,0.3951111,0.04130963,-0.77683,0.319909,-0.64262,0.6257355,0.3052098,
1,24,69.331,0.3951111,0.04130963,-0.77683,0.319909,-0.64262,0.6257355,0.3052098,
1,24,69.333,0.3951111,0.04130963,-0.77683,0.319909,-0.64262,0.6257355,0.3052098,
1,24,69.335,0.3951013,0.041426,-0.7767635,0.3199253,-0.642587,0.6258089,0.3051116,
1,24,69.337,0.3951013,0.041426,-0.7767635,0.3199253,-0.642587,0.6258089,0.3051116,
1,24,69.339,0.3951013,0.041426,-0.7767635,0.3199253,-0.642587,0.6258089,0.3051116,
1,24,69.341,0.3951013,0.041426,-0.7767635,0.3199253,-0.642587,0.6258089,0.3051116,
1,24,69.343,0.3950831,0.041421,-0.776775,0.3199346,-0.6425673,0.6257915,0.3051789,
1,24,69.345,0.3950831,0.041421,-0.776775,0.3199346,-0.6425673,0.6257915,0.3051789,
1,24,69.347,0.3950831,0.041421,-0.776775,0.3199346,-0.6425673,0.6257915,0.3051789,
1,24,69.349,0.3950831,0.041421,-0.776775,0.3199346,-0.6425673,0.6257915,0.3051789,
1,24,69.351,0.3951078,0.04136878,-0.776776,0.3199159,-0.642594,0.6257606,0.3052056,
1,24,69.353,0.3951078,0.04136878,-0.776776,0.3199159,-0.642594,0.6257606,0.3052056,
1,24,69.355,0.3951078,0.04136878,-0.776776,0.3199159,-0.642594,0.6257606,0.3052056,
1,24,69.357,0.3951078,0.04136878,-0.776776,0.3199159,-0.642594,0.6257606,0.3052056,
1,24,69.359,0.3951003,0.04129678,-0.7768328,0.3199041,-0.6426093,0.6257138,0.3052819,
1,24,69.361,0.3951003,0.04129678,-0.7768328,0.3199041,-0.6426093,0.6257138,0.3052819,
1,24,69.363,0.3951003,0.04129678,-0.7768328,0.3199041,-0.6426093,0.6257138,0.3052819,
1,24,69.365,0.3951003,0.04129678,-0.7768328,0.3199041,-0.6426093,0.6257138,0.3052819,
1,24,69.367,0.3951003,0.04129678,-0.7768328,0.3199041,-0.6426093,0.6257138,0.3052819,
1,24,69.369,0.3950948,0.04135344,-0.7768088,0.3198735,-0.6425573,0.6257789,0.30529,
1,24,69.371,0.3950948,0.04135344,-0.7768088,0.3198735,-0.6425573,0.6257789,0.30529,
1,24,69.373,0.3950948,0.04135344,-0.7768088,0.3198735,-0.6425573,0.6257789,0.30529,
1,24,69.375,0.3950948,0.04135344,-0.7768088,0.3198735,-0.6425573,0.6257789,0.30529,
1,24,69.377,0.395082,0.04140414,-0.7767712,0.3198544,-0.6425593,0.6258391,0.3051822,
1,24,69.379,0.395082,0.04140414,-0.7767712,0.3198544,-0.6425593,0.6258391,0.3051822,
1,24,69.381,0.395082,0.04140414,-0.7767712,0.3198544,-0.6425593,0.6258391,0.3051822,
1,24,69.383,0.395082,0.04140414,-0.7767712,0.3198544,-0.6425593,0.6258391,0.3051822,
1,24,69.385,0.3950732,0.04138353,-0.7767413,0.3198841,-0.6426105,0.625804,0.3051151,
1,24,69.387,0.3950732,0.04138353,-0.7767413,0.3198841,-0.6426105,0.625804,0.3051151,
1,24,69.389,0.3950732,0.04138353,-0.7767413,0.3198841,-0.6426105,0.625804,0.3051151,
1,24,69.391,0.3950732,0.04138353,-0.7767413,0.3198841,-0.6426105,0.625804,0.3051151,
1,24,69.393,0.3951082,0.04131936,-0.7767656,0.3199062,-0.6426497,0.6257283,0.3051646,
1,24,69.395,0.3951082,0.04131936,-0.7767656,0.3199062,-0.6426497,0.6257283,0.3051646,
1,24,69.397,0.3951082,0.04131936,-0.7767656,0.3199062,-0.6426497,0.6257283,0.3051646,
1,24,69.399,0.3951082,0.04131936,-0.7767656,0.3199062,-0.6426497,0.6257283,0.3051646,
1,24,69.401,0.3950928,0.04138521,-0.7767906,0.3198788,-0.6425499,0.6257966,0.3052635,
1,24,69.403,0.3950928,0.04138521,-0.7767906,0.3198788,-0.6425499,0.6257966,0.3052635,
1,24,69.405,0.3950928,0.04138521,-0.7767906,0.3198788,-0.6425499,0.6257966,0.3052635,
1,24,69.407,0.3950928,0.04138521,-0.7767906,0.3198788,-0.6425499,0.6257966,0.3052635,
1,24,69.409,0.3951221,0.0413976,-0.7767681,0.3198853,-0.6425827,0.6258044,0.3051717,
1,24,69.411,0.3951221,0.0413976,-0.7767681,0.3198853,-0.6425827,0.6258044,0.3051717,
1,24,69.413,0.3951221,0.0413976,-0.7767681,0.3198853,-0.6425827,0.6258044,0.3051717,
1,24,69.415,0.3951221,0.0413976,-0.7767681,0.3198853,-0.6425827,0.6258044,0.3051717,
1,24,69.417,0.3951221,0.0413976,-0.7767681,0.3198853,-0.6425827,0.6258044,0.3051717,
1,24,69.419,0.3951522,0.04142174,-0.7768219,0.3199616,-0.6425616,0.6257913,0.3051632,
1,24,69.421,0.3951522,0.04142174,-0.7768219,0.3199616,-0.6425616,0.6257913,0.3051632,
1,24,69.423,0.3951522,0.04142174,-0.7768219,0.3199616,-0.6425616,0.6257913,0.3051632,
1,24,69.425,0.3951522,0.04142174,-0.7768219,0.3199616,-0.6425616,0.6257913,0.3051632,
1,24,69.427,0.3951481,0.04136904,-0.7767894,0.319943,-0.6426171,0.6257645,0.3051206,
1,24,69.429,0.3951481,0.04136904,-0.7767894,0.319943,-0.6426171,0.6257645,0.3051206,
1,24,69.431,0.3951481,0.04136904,-0.7767894,0.319943,-0.6426171,0.6257645,0.3051206,
1,24,69.433,0.3951481,0.04136904,-0.7767894,0.319943,-0.6426171,0.6257645,0.3051206,
1,24,69.435,0.3950986,0.04136915,-0.7767695,0.3199106,-0.6426088,0.6257841,0.3051318,
1,24,69.437,0.3950986,0.04136915,-0.7767695,0.3199106,-0.6426088,0.6257841,0.3051318,
1,24,69.439,0.3950986,0.04136915,-0.7767695,0.3199106,-0.6426088,0.6257841,0.3051318,
1,24,69.441,0.3950986,0.04136915,-0.7767695,0.3199106,-0.6426088,0.6257841,0.3051318,
1,24,69.443,0.3951096,0.04133523,-0.776825,0.319929,-0.6425848,0.6257471,0.305239,
1,24,69.445,0.3951096,0.04133523,-0.776825,0.319929,-0.6425848,0.6257471,0.305239,
1,24,69.447,0.3951096,0.04133523,-0.776825,0.319929,-0.6425848,0.6257471,0.305239,
1,24,69.449,0.3951096,0.04133523,-0.776825,0.319929,-0.6425848,0.6257471,0.305239,
1,24,69.451,0.395122,0.04133328,-0.7768224,0.3199098,-0.6425912,0.6257584,0.3052225,
1,24,69.453,0.395122,0.04133328,-0.7768224,0.3199098,-0.6425912,0.6257584,0.3052225,
1,24,69.455,0.395122,0.04133328,-0.7768224,0.3199098,-0.6425912,0.6257584,0.3052225,
1,24,69.457,0.395122,0.04133328,-0.7768224,0.3199098,-0.6425912,0.6257584,0.3052225,
1,24,69.459,0.3951359,0.0413543,-0.7767892,0.3199407,-0.6426215,0.6257617,0.3051195,
1,24,69.461,0.3951359,0.0413543,-0.7767892,0.3199407,-0.6426215,0.6257617,0.3051195,
1,24,69.463,0.3951359,0.0413543,-0.7767892,0.3199407,-0.6426215,0.6257617,0.3051195,
1,24,69.465,0.3951359,0.0413543,-0.7767892,0.3199407,-0.6426215,0.6257617,0.3051195,
1,24,69.467,0.3951359,0.0413543,-0.7767892,0.3199407,-0.6426215,0.6257617,0.3051195,
1,24,69.469,0.3951029,0.04138656,-0.7767541,0.3199197,-0.6426185,0.6257784,0.3051135,
1,24,69.471,0.3951029,0.04138656,-0.7767541,0.3199197,-0.6426185,0.6257784,0.3051135,
1,24,69.473,0.3951029,0.04138656,-0.7767541,0.3199197,-0.6426185,0.6257784,0.3051135,
1,24,69.475,0.3951029,0.04138656,-0.7767541,0.3199197,-0.6426185,0.6257784,0.3051135,
1,24,69.477,0.3950962,0.04139332,-0.7767907,0.3199126,-0.6425682,0.6257834,0.3052166,
1,24,69.479,0.3950962,0.04139332,-0.7767907,0.3199126,-0.6425682,0.6257834,0.3052166,
1,24,69.481,0.3950962,0.04139332,-0.7767907,0.3199126,-0.6425682,0.6257834,0.3052166,
1,24,69.483,0.3950962,0.04139332,-0.7767907,0.3199126,-0.6425682,0.6257834,0.3052166,
1,24,69.485,0.3951236,0.04135225,-0.7768099,0.3198979,-0.6426002,0.6257756,0.3051805,
1,24,69.487,0.3951236,0.04135225,-0.7768099,0.3198979,-0.6426002,0.6257756,0.3051805,
1,24,69.489,0.3951236,0.04135225,-0.7768099,0.3198979,-0.6426002,0.6257756,0.3051805,
1,24,69.491,0.3951236,0.04135225,-0.7768099,0.3198979,-0.6426002,0.6257756,0.3051805,
1,24,69.493,0.3951372,0.04139479,-0.7768175,0.3199163,-0.6425755,0.625794,0.3051757,
1,24,69.495,0.3951372,0.04139479,-0.7768175,0.3199163,-0.6425755,0.625794,0.3051757,
1,24,69.497,0.3951372,0.04139479,-0.7768175,0.3199163,-0.6425755,0.625794,0.3051757,
1,24,69.499,0.3951372,0.04139479,-0.7768175,0.3199163,-0.6425755,0.625794,0.3051757,
1,24,69.501,0.3951049,0.04137473,-0.7767947,0.3199131,-0.6425901,0.6257883,0.30516,
1,24,69.503,0.3951049,0.04137473,-0.7767947,0.3199131,-0.6425901,0.6257883,0.30516,
1,24,69.505,0.3951049,0.04137473,-0.7767947,0.3199131,-0.6425901,0.6257883,0.30516,
1,24,69.507,0.3951049,0.04137473,-0.7767947,0.3199131,-0.6425901,0.6257883,0.30516,
1,24,69.509,0.3950902,0.04139927,-0.7767842,0.3198844,-0.6425713,0.6258169,0.3051711,
1,24,69.511,0.3950902,0.04139927,-0.7767842,0.3198844,-0.6425713,0.6258169,0.3051711,
1,24,69.513,0.3950902,0.04139927,-0.7767842,0.3198844,-0.6425713,0.6258169,0.3051711,
1,24,69.515,0.3950902,0.04139927,-0.7767842,0.3198844,-0.6425713,0.6258169,0.3051711,
1,24,69.517,0.3950902,0.04139927,-0.7767842,0.3198844,-0.6425713,0.6258169,0.3051711,
1,24,69.519,0.3950908,0.04142128,-0.7767673,0.3198686,-0.6425706,0.6258241,0.3051744,
1,24,69.521,0.3950908,0.04142128,-0.7767673,0.3198686,-0.6425706,0.6258241,0.3051744,
1,24,69.523,0.3950908,0.04142128,-0.7767673,0.3198686,-0.6425706,0.6258241,0.3051744,
1,24,69.525,0.3950908,0.04142128,-0.7767673,0.3198686,-0.6425706,0.6258241,0.3051744,
1,24,69.527,0.3951207,0.04133174,-0.7768154,0.3199265,-0.6426114,0.6257289,0.3052228,
1,24,69.529,0.3951207,0.04133174,-0.7768154,0.3199265,-0.6426114,0.6257289,0.3052228,
1,24,69.531,0.3951207,0.04133174,-0.7768154,0.3199265,-0.6426114,0.6257289,0.3052228,
1,24,69.533,0.3951207,0.04133174,-0.7768154,0.3199265,-0.6426114,0.6257289,0.3052228,
1,24,69.535,0.3950834,0.04141295,-0.7767666,0.3198917,-0.6425481,0.6258105,0.305225,
1,24,69.537,0.3950834,0.04141295,-0.7767666,0.3198917,-0.6425481,0.6258105,0.305225,
1,24,69.539,0.3950834,0.04141295,-0.7767666,0.3198917,-0.6425481,0.6258105,0.305225,
1,24,69.541,0.3950834,0.04141295,-0.7767666,0.3198917,-0.6425481,0.6258105,0.305225,
1,24,69.543,0.3950998,0.04141321,-0.7767802,0.3199192,-0.6425751,0.6258031,0.3051548,
1,24,69.545,0.3950998,0.04141321,-0.7767802,0.3199192,-0.6425751,0.6258031,0.3051548,
1,24,69.547,0.3950998,0.04141321,-0.7767802,0.3199192,-0.6425751,0.6258031,0.3051548,
1,24,69.549,0.3950998,0.04141321,-0.7767802,0.3199192,-0.6425751,0.6258031,0.3051548,
1,24,69.551,0.3950758,0.04142482,-0.7767472,0.3199092,-0.6425752,0.6258096,0.305152,
1,24,69.553,0.3950758,0.04142482,-0.7767472,0.3199092,-0.6425752,0.6258096,0.305152,
1,24,69.555,0.3950758,0.04142482,-0.7767472,0.3199092,-0.6425752,0.6258096,0.305152,
1,24,69.557,0.3950758,0.04142482,-0.7767472,0.3199092,-0.6425752,0.6258096,0.305152,
1,24,69.559,0.3950949,0.04139928,-0.7767479,0.3199024,-0.6425941,0.6257854,0.3051687,
1,24,69.561,0.3950949,0.04139928,-0.7767479,0.3199024,-0.6425941,0.6257854,0.3051687,
1,24,69.563,0.3950949,0.04139928,-0.7767479,0.3199024,-0.6425941,0.6257854,0.3051687,
1,24,69.565,0.3950949,0.04139928,-0.7767479,0.3199024,-0.6425941,0.6257854,0.3051687,
1,24,69.567,0.3950949,0.04139928,-0.7767479,0.3199024,-0.6425941,0.6257854,0.3051687,
1,24,69.569,0.3951235,0.04140221,-0.7768122,0.3199148,-0.6425388,0.625793,0.3052564,
1,24,69.571,0.3951235,0.04140221,-0.7768122,0.3199148,-0.6425388,0.625793,0.3052564,
1,24,69.573,0.3951235,0.04140221,-0.7768122,0.3199148,-0.6425388,0.625793,0.3052564,
1,24,69.575,0.3951235,0.04140221,-0.7768122,0.3199148,-0.6425388,0.625793,0.3052564,
1,24,69.577,0.3951608,0.04134201,-0.7768193,0.3199072,-0.6426264,0.6257491,0.3051702,
1,24,69.579,0.3951608,0.04134201,-0.7768193,0.3199072,-0.6426264,0.6257491,0.3051702,
1,24,69.581,0.3951608,0.04134201,-0.7768193,0.3199072,-0.6426264,0.6257491,0.3051702,
1,24,69.583,0.3951608,0.04134201,-0.7768193,0.3199072,-0.6426264,0.6257491,0.3051702,
1,24,69.585,0.3950631,0.04136362,-0.7767149,0.3198823,-0.6426329,0.6257711,0.3051375,
1,24,69.587,0.3950631,0.04136362,-0.7767149,0.3198823,-0.6426329,0.6257711,0.3051375,
1,24,69.589,0.3950631,0.04136362,-0.7767149,0.3198823,-0.6426329,0.6257711,0.3051375,
1,24,69.591,0.3950631,0.04136362,-0.7767149,0.3198823,-0.6426329,0.6257711,0.3051375,
1,24,69.593,0.3950884,0.04141838,-0.7767369,0.3198655,-0.6425866,0.6258271,0.3051378,
1,24,69.595,0.3950884,0.04141838,-0.7767369,0.3198655,-0.6425866,0.6258271,0.3051378,
1,24,69.597,0.3950884,0.04141838,-0.7767369,0.3198655,-0.6425866,0.6258271,0.3051378,
1,24,69.599,0.3950884,0.04141838,-0.7767369,0.3198655,-0.6425866,0.6258271,0.3051378,
1,24,69.601,0.3950879,0.04145518,-0.7767505,0.3199112,-0.6425667,0.6258405,0.3051043,
1,24,69.603,0.3950879,0.04145518,-0.7767505,0.3199112,-0.6425667,0.6258405,0.3051043,
1,24,69.605,0.3950879,0.04145518,-0.7767505,0.3199112,-0.6425667,0.6258405,0.3051043,
1,24,69.607,0.3950879,0.04145518,-0.7767505,0.3199112,-0.6425667,0.6258405,0.3051043,
1,24,69.609,0.3950832,0.04137688,-0.7767738,0.3198875,-0.6425982,0.6257979,0.3051499,
1,24,69.611,0.3950832,0.04137688,-0.7767738,0.3198875,-0.6425982,0.6257979,0.3051499,
1,24,69.613,0.3950832,0.04137688,-0.7767738,0.3198875,-0.6425982,0.6257979,0.3051499,
1,24,69.615,0.3950832,0.04137688,-0.7767738,0.3198875,-0.6425982,0.6257979,0.3051499,
1,24,69.617,0.3950832,0.04137688,-0.7767738,0.3198875,-0.6425982,0.6257979,0.3051499,
1,24,69.619,0.3950914,0.0412996,-0.7768165,0.3198895,-0.6426333,0.6257433,0.305186,
1,24,69.621,0.3950914,0.0412996,-0.7768165,0.3198895,-0.6426333,0.6257433,0.305186,
1,24,69.623,0.3950914,0.0412996,-0.7768165,0.3198895,-0.6426333,0.6257433,0.305186,
1,24,69.625,0.3950914,0.0412996,-0.7768165,0.3198895,-0.6426333,0.6257433,0.305186,
1,24,69.627,0.3951072,0.04134152,-0.7768459,0.3199139,-0.6425829,0.6257446,0.305264,
1,24,69.629,0.3951072,0.04134152,-0.7768459,0.3199139,-0.6425829,0.6257446,0.305264,
1,24,69.631,0.3951072,0.04134152,-0.7768459,0.3199139,-0.6425829,0.6257446,0.305264,
1,24,69.633,0.3951072,0.04134152,-0.7768459,0.3199139,-0.6425829,0.6257446,0.305264,
1,24,69.635,0.3951184,0.04129791,-0.7768797,0.3199261,-0.6425781,0.6257156,0.3053205,
1,24,69.637,0.3951184,0.04129791,-0.7768797,0.3199261,-0.6425781,0.6257156,0.3053205,
1,24,69.639,0.3951184,0.04129791,-0.7768797,0.3199261,-0.6425781,0.6257156,0.3053205,
1,24,69.641,0.3951184,0.04129791,-0.7768797,0.3199261,-0.6425781,0.6257156,0.3053205,
1,24,69.643,0.3951442,0.04134049,-0.7768644,0.3199394,-0.6425678,0.6257371,0.3052846,
1,24,69.645,0.3951442,0.04134049,-0.7768644,0.3199394,-0.6425678,0.6257371,0.3052846,
1,24,69.647,0.3951442,0.04134049,-0.7768644,0.3199394,-0.6425678,0.6257371,0.3052846,
1,24,69.649,0.3951442,0.04134049,-0.7768644,0.3199394,-0.6425678,0.6257371,0.3052846,
1,24,69.651,0.3950874,0.04137784,-0.7767963,0.3199153,-0.6425883,0.6257878,0.3051625,
1,24,69.653,0.3950874,0.04137784,-0.7767963,0.3199153,-0.6425883,0.6257878,0.3051625,
1,24,69.655,0.3950874,0.04137784,-0.7767963,0.3199153,-0.6425883,0.6257878,0.3051625,
1,24,69.657,0.3950874,0.04137784,-0.7767963,0.3199153,-0.6425883,0.6257878,0.3051625,
1,24,69.659,0.3951262,0.0413431,-0.7768247,0.3199179,-0.6425945,0.6257485,0.3052275,
1,24,69.661,0.3951262,0.0413431,-0.7768247,0.3199179,-0.6425945,0.6257485,0.3052275,
1,24,69.663,0.3951262,0.0413431,-0.7768247,0.3199179,-0.6425945,0.6257485,0.3052275,
1,24,69.665,0.3951262,0.0413431,-0.7768247,0.3199179,-0.6425945,0.6257485,0.3052275,
1,24,69.667,0.3951262,0.0413431,-0.7768247,0.3199179,-0.6425945,0.6257485,0.3052275,
1,24,69.669,0.3950947,0.04146458,-0.7767673,0.3198915,-0.6425208,0.6258641,0.3051731,
1,24,69.671,0.3950947,0.04146458,-0.7767673,0.3198915,-0.6425208,0.6258641,0.3051731,
1,24,69.673,0.3950947,0.04146458,-0.7767673,0.3198915,-0.6425208,0.6258641,0.3051731,
1,24,69.675,0.3950947,0.04146458,-0.7767673,0.3198915,-0.6425208,0.6258641,0.3051731,
1,24,69.677,0.3950693,0.04142252,-0.7767656,0.3199044,-0.6425686,0.6258074,0.3051752,
1,24,69.679,0.3950693,0.04142252,-0.7767656,0.3199044,-0.6425686,0.6258074,0.3051752,
1,24,69.681,0.3950693,0.04142252,-0.7767656,0.3199044,-0.6425686,0.6258074,0.3051752,
1,24,69.683,0.3950693,0.04142252,-0.7767656,0.3199044,-0.6425686,0.6258074,0.3051752,
1,24,69.685,0.3950407,0.04140637,-0.7767367,0.3198998,-0.6425773,0.6257844,0.3052089,
1,24,69.687,0.3950407,0.04140637,-0.7767367,0.3198998,-0.6425773,0.6257844,0.3052089,
1,24,69.689,0.3950407,0.04140637,-0.7767367,0.3198998,-0.6425773,0.6257844,0.3052089,
1,24,69.691,0.3950407,0.04140637,-0.7767367,0.3198998,-0.6425773,0.6257844,0.3052089,
1,24,69.693,0.3951333,0.04135638,-0.776829,0.3199371,-0.6425927,0.625766,0.3051751,
1,24,69.695,0.3951333,0.04135638,-0.776829,0.3199371,-0.6425927,0.625766,0.3051751,
1,24,69.697,0.3951333,0.04135638,-0.776829,0.3199371,-0.6425927,0.625766,0.3051751,
1,24,69.699,0.3951333,0.04135638,-0.776829,0.3199371,-0.6425927,0.625766,0.3051751,
1,24,69.701,0.3951203,0.04138548,-0.7768085,0.3199579,-0.6425927,0.6257727,0.3051397,
1,24,69.703,0.3951203,0.04138548,-0.7768085,0.3199579,-0.6425927,0.6257727,0.3051397,
1,24,69.705,0.3951203,0.04138548,-0.7768085,0.3199579,-0.6425927,0.6257727,0.3051397,
1,24,69.707,0.3951203,0.04138548,-0.7768085,0.3199579,-0.6425927,0.6257727,0.3051397,
1,24,69.709,0.3950883,0.04140693,-0.7767683,0.3199069,-0.6425809,0.6258082,0.3051452,
1,24,69.711,0.3950883,0.04140693,-0.7767683,0.3199069,-0.6425809,0.6258082,0.3051452,
1,24,69.713,0.3950883,0.04140693,-0.7767683,0.3199069,-0.6425809,0.6258082,0.3051452,
1,24,69.715,0.3950883,0.04140693,-0.7767683,0.3199069,-0.6425809,0.6258082,0.3051452,
1,24,69.717,0.3950883,0.04140693,-0.7767683,0.3199069,-0.6425809,0.6258082,0.3051452,
1,24,69.719,0.3950874,0.04138193,-0.7767833,0.3198994,-0.642584,0.6257969,0.3051695,
1,24,69.721,0.3950874,0.04138193,-0.7767833,0.3198994,-0.642584,0.6257969,0.3051695,
1,24,69.723,0.3950874,0.04138193,-0.7767833,0.3198994,-0.642584,0.6257969,0.3051695,
1,24,69.725,0.3950874,0.04138193,-0.7767833,0.3198994,-0.642584,0.6257969,0.3051695,
1,24,69.727,0.3950529,0.04137475,-0.7767558,0.3198689,-0.6425929,0.6258106,0.3051546,
1,24,69.729,0.3950529,0.04137475,-0.7767558,0.3198689,-0.6425929,0.6258106,0.3051546,
1,24,69.731,0.3950529,0.04137475,-0.7767558,0.3198689,-0.6425929,0.6258106,0.3051546,
1,24,69.733,0.3950529,0.04137475,-0.7767558,0.3198689,-0.6425929,0.6258106,0.3051546,
1,24,69.735,0.395113,0.04140446,-0.7767777,0.3199401,-0.6426009,0.6257853,0.305115,
1,24,69.737,0.395113,0.04140446,-0.7767777,0.3199401,-0.6426009,0.6257853,0.305115,
1,24,69.739,0.395113,0.04140446,-0.7767777,0.3199401,-0.6426009,0.6257853,0.305115,
1,24,69.741,0.395113,0.04140446,-0.7767777,0.3199401,-0.6426009,0.6257853,0.305115,
1,24,69.743,0.3951516,0.04144189,-0.7768069,0.3199406,-0.6425389,0.6258107,0.3051931,
1,24,69.745,0.3951516,0.04144189,-0.7768069,0.3199406,-0.6425389,0.6258107,0.3051931,
1,24,69.747,0.3951516,0.04144189,-0.7768069,0.3199406,-0.6425389,0.6258107,0.3051931,
1,24,69.749,0.3951516,0.04144189,-0.7768069,0.3199406,-0.6425389,0.6258107,0.3051931,
1,24,69.751,0.3951235,0.04140802,-0.7768068,0.3198977,-0.642564,0.62581,0.3051866,
1,24,69.753,0.3951235,0.04140802,-0.7768068,0.3198977,-0.642564,0.62581,0.3051866,
1,24,69.755,0.3951235,0.04140802,-0.7768068,0.3198977,-0.642564,0.62581,0.3051866,
1,24,69.757,0.3951235,0.04140802,-0.7768068,0.3198977,-0.642564,0.62581,0.3051866,
1,24,69.759,0.3951086,0.04140183,-0.7767929,0.3199052,-0.642563,0.6258181,0.3051645,
1,24,69.761,0.3951086,0.04140183,-0.7767929,0.3199052,-0.642563,0.6258181,0.3051645,
1,24,69.763,0.3951086,0.04140183,-0.7767929,0.3199052,-0.642563,0.6258181,0.3051645,
1,24,69.765,0.3951086,0.04140183,-0.7767929,0.3199052,-0.642563,0.6258181,0.3051645,
1,24,69.767,0.3951086,0.04140183,-0.7767929,0.3199052,-0.642563,0.6258181,0.3051645,
1,24,69.769,0.3950765,0.04144249,-0.77672,0.3198576,-0.6425703,0.6258555,0.3051222,
1,24,69.771,0.3950765,0.04144249,-0.77672,0.3198576,-0.6425703,0.6258555,0.3051222,
1,24,69.773,0.3950765,0.04144249,-0.77672,0.3198576,-0.6425703,0.6258555,0.3051222,
1,24,69.775,0.3950765,0.04144249,-0.77672,0.3198576,-0.6425703,0.6258555,0.3051222,
1,24,69.777,0.3950654,0.04141109,-0.7767683,0.3199118,-0.6425607,0.6258106,0.3051773,
1,24,69.779,0.3950654,0.04141109,-0.7767683,0.3199118,-0.6425607,0.6258106,0.3051773,
1,24,69.781,0.3950654,0.04141109,-0.7767683,0.3199118,-0.6425607,0.6258106,0.3051773,
1,24,69.783,0.3950654,0.04141109,-0.7767683,0.3199118,-0.6425607,0.6258106,0.3051773,
1,24,69.785,0.3950654,0.04140741,-0.7767315,0.3198986,-0.6426089,0.6258131,0.3050849,
1,24,69.787,0.3950654,0.04140741,-0.7767315,0.3198986,-0.6426089,0.6258131,0.3050849,
1,24,69.789,0.3950654,0.04140741,-0.7767315,0.3198986,-0.6426089,0.6258131,0.3050849,
1,24,69.791,0.3950654,0.04140741,-0.7767315,0.3198986,-0.6426089,0.6258131,0.3050849,
1,24,69.793,0.3950607,0.04138436,-0.7767795,0.3199246,-0.6425939,0.6257811,0.3051547,
1,24,69.795,0.3950607,0.04138436,-0.7767795,0.3199246,-0.6425939,0.6257811,0.3051547,
1,24,69.797,0.3950607,0.04138436,-0.7767795,0.3199246,-0.6425939,0.6257811,0.3051547,
1,24,69.799,0.3950607,0.04138436,-0.7767795,0.3199246,-0.6425939,0.6257811,0.3051547,
1,24,69.801,0.3951043,0.04141505,-0.7767822,0.3199109,-0.6425848,0.6258081,0.305133,
1,24,69.803,0.3951043,0.04141505,-0.7767822,0.3199109,-0.6425848,0.6258081,0.305133,
1,24,69.805,0.3951043,0.04141505,-0.7767822,0.3199109,-0.6425848,0.6258081,0.305133,
1,24,69.807,0.3951043,0.04141505,-0.7767822,0.3199109,-0.6425848,0.6258081,0.305133,
1,24,69.809,0.3950842,0.04134791,-0.7768018,0.3199233,-0.6426291,0.625751,0.3051438,
1,24,69.811,0.3950842,0.04134791,-0.7768018,0.3199233,-0.6426291,0.625751,0.3051438,
1,24,69.813,0.3950842,0.04134791,-0.7768018,0.3199233,-0.6426291,0.625751,0.3051438,
1,24,69.815,0.3950842,0.04134791,-0.7768018,0.3199233,-0.6426291,0.625751,0.3051438,
1,24,69.817,0.3950842,0.04134791,-0.7768018,0.3199233,-0.6426291,0.625751,0.3051438,
1,24,69.819,0.3951221,0.04140063,-0.7768152,0.3199259,-0.6425853,0.6257911,0.3051513,
1,24,69.821,0.3951221,0.04140063,-0.7768152,0.3199259,-0.6425853,0.6257911,0.3051513,
1,24,69.823,0.3951221,0.04140063,-0.7768152,0.3199259,-0.6425853,0.6257911,0.3051513,
1,24,69.825,0.3951221,0.04140063,-0.7768152,0.3199259,-0.6425853,0.6257911,0.3051513,
1,24,69.827,0.3950812,0.04141026,-0.7767928,0.3198966,-0.642557,0.6258041,0.3052145,
1,24,69.829,0.3950812,0.04141026,-0.7767928,0.3198966,-0.642557,0.6258041,0.3052145,
1,24,69.831,0.3950812,0.04141026,-0.7767928,0.3198966,-0.642557,0.6258041,0.3052145,
1,24,69.833,0.3950812,0.04141026,-0.7767928,0.3198966,-0.642557,0.6258041,0.3052145,
1,24,69.835,0.395069,0.04142977,-0.7767816,0.3198726,-0.642543,0.6258373,0.3052014,
1,24,69.837,0.395069,0.04142977,-0.7767816,0.3198726,-0.642543,0.6258373,0.3052014,
1,24,69.839,0.395069,0.04142977,-0.7767816,0.3198726,-0.642543,0.6258373,0.3052014,
1,24,69.841,0.395069,0.04142977,-0.7767816,0.3198726,-0.642543,0.6258373,0.3052014,
1,24,69.843,0.3950803,0.04140295,-0.7767531,0.3198696,-0.6426026,0.6258156,0.3051237,
1,24,69.845,0.3950803,0.04140295,-0.7767531,0.3198696,-0.6426026,0.6258156,0.3051237,
1,24,69.847,0.3950803,0.04140295,-0.7767531,0.3198696,-0.6426026,0.6258156,0.3051237,
1,24,69.849,0.3950803,0.04140295,-0.7767531,0.3198696,-0.6426026,0.6258156,0.3051237,
1,24,69.851,0.3950602,0.04138646,-0.7767546,0.3198748,-0.6425961,0.6257922,0.3051795,
1,24,69.853,0.3950602,0.04138646,-0.7767546,0.3198748,-0.6425961,0.6257922,0.3051795,
1,24,69.855,0.3950602,0.04138646,-0.7767546,0.3198748,-0.6425961,0.6257922,0.3051795,
1,24,69.857,0.3950602,0.04138646,-0.7767546,0.3198748,-0.6425961,0.6257922,0.3051795,
1,24,69.859,0.3950846,0.04143735,-0.7767843,0.3198872,-0.6425414,0.6258366,0.3051906,
1,24,69.861,0.3950846,0.04143735,-0.7767843,0.3198872,-0.6425414,0.6258366,0.3051906,
1,24,69.863,0.3950846,0.04143735,-0.7767843,0.3198872,-0.6425414,0.6258366,0.3051906,
1,24,69.865,0.3950846,0.04143735,-0.7767843,0.3198872,-0.6425414,0.6258366,0.3051906,
1,24,69.867,0.3950846,0.04143735,-0.7767843,0.3198872,-0.6425414,0.6258366,0.3051906,
1,24,69.869,0.3950791,0.04141895,-0.7767639,0.3198837,-0.6425719,0.6258317,0.3051402,
1,24,69.871,0.3950791,0.04141895,-0.7767639,0.3198837,-0.6425719,0.6258317,0.3051402,
1,24,69.873,0.3950791,0.04141895,-0.7767639,0.3198837,-0.6425719,0.6258317,0.3051402,
1,24,69.875,0.3950791,0.04141895,-0.7767639,0.3198837,-0.6425719,0.6258317,0.3051402,
1,24,69.877,0.3951166,0.04136609,-0.776794,0.3199357,-0.6426297,0.6257587,0.3051133,
1,24,69.879,0.3951166,0.04136609,-0.776794,0.3199357,-0.6426297,0.6257587,0.3051133,
1,24,69.881,0.3951166,0.04136609,-0.776794,0.3199357,-0.6426297,0.6257587,0.3051133,
1,24,69.883,0.3951166,0.04136609,-0.776794,0.3199357,-0.6426297,0.6257587,0.3051133,
1,24,69.885,0.3950864,0.04142726,-0.776792,0.3199376,-0.6425598,0.6257921,0.3051903,
1,24,69.887,0.3950864,0.04142726,-0.776792,0.3199376,-0.6425598,0.6257921,0.3051903,
1,24,69.889,0.3950864,0.04142726,-0.776792,0.3199376,-0.6425598,0.6257921,0.3051903,
1,24,69.891,0.3950864,0.04142726,-0.776792,0.3199376,-0.6425598,0.6257921,0.3051903,
1,24,69.893,0.395107,0.04144221,-0.7767888,0.3199312,-0.6425439,0.6258286,0.3051555,
1,24,69.895,0.395107,0.04144221,-0.7767888,0.3199312,-0.6425439,0.6258286,0.3051555,
1,24,69.897,0.395107,0.04144221,-0.7767888,0.3199312,-0.6425439,0.6258286,0.3051555,
1,24,69.899,0.395107,0.04144221,-0.7767888,0.3199312,-0.6425439,0.6258286,0.3051555,
1,24,69.901,0.3950853,0.04146567,-0.7767521,0.3199021,-0.6425364,0.6258594,0.3051389,
1,24,69.903,0.3950853,0.04146567,-0.7767521,0.3199021,-0.6425364,0.6258594,0.3051389,
1,24,69.905,0.3950853,0.04146567,-0.7767521,0.3199021,-0.6425364,0.6258594,0.3051389,
1,24,69.907,0.3950853,0.04146567,-0.7767521,0.3199021,-0.6425364,0.6258594,0.3051389,
1,24,69.909,0.3951217,0.04135934,-0.7768088,0.3199129,-0.6425908,0.6257848,0.3051658,
1,24,69.911,0.3951217,0.04135934,-0.7768088,0.3199129,-0.6425908,0.6257848,0.3051658,
1,24,69.913,0.3951217,0.04135934,-0.7768088,0.3199129,-0.6425908,0.6257848,0.3051658,
1,24,69.915,0.3951217,0.04135934,-0.7768088,0.3199129,-0.6425908,0.6257848,0.3051658,
1,24,69.917,0.3951217,0.04135934,-0.7768088,0.3199129,-0.6425908,0.6257848,0.3051658,
1,24,69.919,0.3950834,0.0413556,-0.7767338,0.3198469,-0.6426231,0.6258028,0.3051304,
1,24,69.921,0.3950834,0.0413556,-0.7767338,0.3198469,-0.6426231,0.6258028,0.3051304,
1,24,69.923,0.3950834,0.0413556,-0.7767338,0.3198469,-0.6426231,0.6258028,0.3051304,
1,24,69.925,0.3950834,0.0413556,-0.7767338,0.3198469,-0.6426231,0.6258028,0.3051304,
1,24,69.927,0.3950459,0.04144125,-0.7767314,0.3198444,-0.6425383,0.6258569,0.3052005,
1,24,69.929,0.3950459,0.04144125,-0.7767314,0.3198444,-0.6425383,0.6258569,0.3052005,
1,24,69.931,0.3950459,0.04144125,-0.7767314,0.3198444,-0.6425383,0.6258569,0.3052005,
1,24,69.933,0.3950459,0.04144125,-0.7767314,0.3198444,-0.6425383,0.6258569,0.3052005,
1,24,69.935,0.3950785,0.04140859,-0.7767712,0.3198618,-0.6425554,0.6258435,0.3051736,
1,24,69.937,0.3950785,0.04140859,-0.7767712,0.3198618,-0.6425554,0.6258435,0.3051736,
1,24,69.939,0.3950785,0.04140859,-0.7767712,0.3198618,-0.6425554,0.6258435,0.3051736,
1,24,69.941,0.3950785,0.04140859,-0.7767712,0.3198618,-0.6425554,0.6258435,0.3051736,
1,24,69.943,0.3950658,0.04147229,-0.7767218,0.319902,-0.6425731,0.6258537,0.3050736,
1,24,69.945,0.3950658,0.04147229,-0.7767218,0.319902,-0.6425731,0.6258537,0.3050736,
1,24,69.947,0.3950658,0.04147229,-0.7767218,0.319902,-0.6425731,0.6258537,0.3050736,
1,24,69.949,0.3950658,0.04147229,-0.7767218,0.319902,-0.6425731,0.6258537,0.3050736,
1,24,69.951,0.3950884,0.04141208,-0.7767782,0.3199176,-0.6425833,0.6258127,0.3051195,
1,24,69.953,0.3950884,0.04141208,-0.7767782,0.3199176,-0.6425833,0.6258127,0.3051195,
1,24,69.955,0.3950884,0.04141208,-0.7767782,0.3199176,-0.6425833,0.6258127,0.3051195,
1,24,69.957,0.3950884,0.04141208,-0.7767782,0.3199176,-0.6425833,0.6258127,0.3051195,
1,24,69.959,0.3950846,0.04136765,-0.7768168,0.3199149,-0.6425747,0.6257722,0.3052236,
1,24,69.961,0.3950846,0.04136765,-0.7768168,0.3199149,-0.6425747,0.6257722,0.3052236,
1,24,69.963,0.3950846,0.04136765,-0.7768168,0.3199149,-0.6425747,0.6257722,0.3052236,
1,24,69.965,0.3950846,0.04136765,-0.7768168,0.3199149,-0.6425747,0.6257722,0.3052236,
1,24,69.967,0.3950846,0.04136765,-0.7768168,0.3199149,-0.6425747,0.6257722,0.3052236,
1,24,69.969,0.3951053,0.041423,-0.7767779,0.3199185,-0.6425736,0.6258221,0.3051196,
1,24,69.971,0.3951053,0.041423,-0.7767779,0.3199185,-0.6425736,0.6258221,0.3051196,
1,24,69.973,0.3951053,0.041423,-0.7767779,0.3199185,-0.6425736,0.6258221,0.3051196,
1,24,69.975,0.3951053,0.041423,-0.7767779,0.3199185,-0.6425736,0.6258221,0.3051196,
1,24,69.977,0.3950849,0.04150483,-0.776754,0.3198933,-0.6425139,0.625889,0.3051348,
1,24,69.979,0.3950849,0.04150483,-0.776754,0.3198933,-0.6425139,0.625889,0.3051348,
1,24,69.981,0.3950849,0.04150483,-0.776754,0.3198933,-0.6425139,0.625889,0.3051348,
1,24,69.983,0.3950849,0.04150483,-0.776754,0.3198933,-0.6425139,0.625889,0.3051348,
1,24,69.985,0.3950026,0.0414785,-0.7767251,0.319879,-0.6425151,0.6258632,0.3052,
1,24,69.987,0.3950026,0.0414785,-0.7767251,0.319879,-0.6425151,0.6258632,0.3052,
1,24,69.989,0.3950026,0.0414785,-0.7767251,0.319879,-0.6425151,0.6258632,0.3052,
1,24,69.991,0.3950026,0.0414785,-0.7767251,0.319879,-0.6425151,0.6258632,0.3052,
1,24,69.993,0.395106,0.04139978,-0.7768254,0.3199396,-0.6425463,0.6257743,0.3052532,
1,24,69.995,0.395106,0.04139978,-0.7768254,0.3199396,-0.6425463,0.6257743,0.3052532,
1,24,69.997,0.395106,0.04139978,-0.7768254,0.3199396,-0.6425463,0.6257743,0.3052532,
1,24,69.999,0.395106,0.04139978,-0.7768254,0.3199396,-0.6425463,0.6257743,0.3052532,
1,24,70.001,0.3950866,0.04140955,-0.776781,0.3199301,-0.6425774,0.6257961,0.3051526,
1,24,70.003,0.3950866,0.04140955,-0.776781,0.3199301,-0.6425774,0.6257961,0.3051526,
1,24,70.005,0.3950866,0.04140955,-0.776781,0.3199301,-0.6425774,0.6257961,0.3051526,
1,24,70.007,0.3950866,0.04140955,-0.776781,0.3199301,-0.6425774,0.6257961,0.3051526,
1,24,70.009,0.3950842,0.04146232,-0.7767524,0.3199149,-0.6425548,0.625844,0.3051183,
1,24,70.011,0.3950842,0.04146232,-0.7767524,0.3199149,-0.6425548,0.625844,0.3051183,
1,24,70.013,0.3950842,0.04146232,-0.7767524,0.3199149,-0.6425548,0.625844,0.3051183,
1,24,70.015,0.3950842,0.04146232,-0.7767524,0.3199149,-0.6425548,0.625844,0.3051183,
1,24,70.017,0.3950842,0.04146232,-0.7767524,0.3199149,-0.6425548,0.625844,0.3051183,
1,24,70.019,0.3951285,0.04130185,-0.7768389,0.3199745,-0.6426558,0.6257051,0.305128,
1,24,70.021,0.3951285,0.04130185,-0.7768389,0.3199745,-0.6426558,0.6257051,0.305128,
1,24,70.023,0.3951285,0.04130185,-0.7768389,0.3199745,-0.6426558,0.6257051,0.305128,
1,24,70.025,0.3951285,0.04130185,-0.7768389,0.3199745,-0.6426558,0.6257051,0.305128,
1,24,70.027,0.3951067,0.04138657,-0.7767788,0.3199543,-0.6426275,0.6257655,0.3050847,
1,24,70.029,0.3951067,0.04138657,-0.7767788,0.3199543,-0.6426275,0.6257655,0.3050847,
1,24,70.031,0.3951067,0.04138657,-0.7767788,0.3199543,-0.6426275,0.6257655,0.3050847,
1,24,70.033,0.3951067,0.04138657,-0.7767788,0.3199543,-0.6426275,0.6257655,0.3050847,
1,24,70.035,0.395115,0.04140777,-0.776769,0.3199461,-0.6426004,0.6257852,0.3051103,
1,24,70.037,0.395115,0.04140777,-0.776769,0.3199461,-0.6426004,0.6257852,0.3051103,
1,24,70.039,0.395115,0.04140777,-0.776769,0.3199461,-0.6426004,0.6257852,0.3051103,
1,24,70.041,0.395115,0.04140777,-0.776769,0.3199461,-0.6426004,0.6257852,0.3051103,
1,24,70.043,0.3950915,0.04144454,-0.7767794,0.3199142,-0.6425359,0.6258124,0.3052236,
1,24,70.045,0.3950915,0.04144454,-0.7767794,0.3199142,-0.6425359,0.6258124,0.3052236,
1,24,70.047,0.3950915,0.04144454,-0.7767794,0.3199142,-0.6425359,0.6258124,0.3052236,
1,24,70.049,0.3950915,0.04144454,-0.7767794,0.3199142,-0.6425359,0.6258124,0.3052236,
1,24,70.051,0.3951325,0.04135635,-0.7768313,0.3199394,-0.6425886,0.6257564,0.305201,
1,24,70.053,0.3951325,0.04135635,-0.7768313,0.3199394,-0.6425886,0.6257564,0.305201,
1,24,70.055,0.3951325,0.04135635,-0.7768313,0.3199394,-0.6425886,0.6257564,0.305201,
1,24,70.057,0.3951325,0.04135635,-0.7768313,0.3199394,-0.6425886,0.6257564,0.305201,
1,24,70.059,0.3951211,0.04134062,-0.7768389,0.3199213,-0.6425918,0.6257543,0.3052176,
1,24,70.061,0.3951211,0.04134062,-0.7768389,0.3199213,-0.6425918,0.6257543,0.3052176,
1,24,70.063,0.3951211,0.04134062,-0.7768389,0.3199213,-0.6425918,0.6257543,0.3052176,
1,24,70.065,0.3951211,0.04134062,-0.7768389,0.3199213,-0.6425918,0.6257543,0.3052176,
1,24,70.067,0.3951211,0.04134062,-0.7768389,0.3199213,-0.6425918,0.6257543,0.3052176,
1,24,70.069,0.3950563,0.04135423,-0.7767558,0.3198902,-0.6426023,0.6257826,0.30517,
1,24,70.071,0.3950563,0.04135423,-0.7767558,0.3198902,-0.6426023,0.6257826,0.30517,
1,24,70.073,0.3950563,0.04135423,-0.7767558,0.3198902,-0.6426023,0.6257826,0.30517,
1,24,70.075,0.3950563,0.04135423,-0.7767558,0.3198902,-0.6426023,0.6257826,0.30517,
1,24,70.077,0.3950771,0.04131073,-0.7767886,0.3198959,-0.6426136,0.6257399,0.3052276,
1,24,70.079,0.3950771,0.04131073,-0.7767886,0.3198959,-0.6426136,0.6257399,0.3052276,
1,24,70.081,0.3950771,0.04131073,-0.7767886,0.3198959,-0.6426136,0.6257399,0.3052276,
1,24,70.083,0.3950771,0.04131073,-0.7767886,0.3198959,-0.6426136,0.6257399,0.3052276,
1,24,70.085,0.3951233,0.04137961,-0.7767981,0.3199036,-0.6425877,0.6257899,0.3051716,
1,24,70.087,0.3951233,0.04137961,-0.7767981,0.3199036,-0.6425877,0.6257899,0.3051716,
1,24,70.089,0.3951233,0.04137961,-0.7767981,0.3199036,-0.6425877,0.6257899,0.3051716,
1,24,70.091,0.3951233,0.04137961,-0.7767981,0.3199036,-0.6425877,0.6257899,0.3051716,
1,24,70.093,0.395119,0.04135838,-0.776805,0.3199151,-0.6426021,0.6257759,0.305158,
1,24,70.095,0.395119,0.04135838,-0.776805,0.3199151,-0.6426021,0.6257759,0.305158,
1,24,70.097,0.395119,0.04135838,-0.776805,0.3199151,-0.6426021,0.6257759,0.305158,
1,24,70.099,0.395119,0.04135838,-0.776805,0.3199151,-0.6426021,0.6257759,0.305158,
1,24,70.101,0.3950907,0.04134838,-0.7767826,0.319922,-0.6426146,0.6257725,0.3051315,
1,24,70.103,0.3950907,0.04134838,-0.7767826,0.319922,-0.6426146,0.6257725,0.3051315,
1,24,70.105,0.3950907,0.04134838,-0.7767826,0.319922,-0.6426146,0.6257725,0.3051315,
1,24,70.107,0.3950907,0.04134838,-0.7767826,0.319922,-0.6426146,0.6257725,0.3051315,
1,24,70.109,0.3951177,0.04142348,-0.7767878,0.3199211,-0.6425693,0.6258202,0.3051298,
1,24,70.111,0.3951177,0.04142348,-0.7767878,0.3199211,-0.6425693,0.6258202,0.3051298,
1,24,70.113,0.3951177,0.04142348,-0.7767878,0.3199211,-0.6425693,0.6258202,0.3051298,
1,24,70.115,0.3951177,0.04142348,-0.7767878,0.3199211,-0.6425693,0.6258202,0.3051298,
1,24,70.117,0.3951177,0.04142348,-0.7767878,0.3199211,-0.6425693,0.6258202,0.3051298,
1,24,70.119,0.3951104,0.04143728,-0.7767984,0.3198841,-0.6425229,0.6258313,0.3052438,
1,24,70.121,0.3951104,0.04143728,-0.7767984,0.3198841,-0.6425229,0.6258313,0.3052438,
1,24,70.123,0.3951104,0.04143728,-0.7767984,0.3198841,-0.6425229,0.6258313,0.3052438,
1,24,70.125,0.3951104,0.04143728,-0.7767984,0.3198841,-0.6425229,0.6258313,0.3052438,
1,24,70.127,0.3951126,0.04134423,-0.7767955,0.3199184,-0.6426307,0.6257567,0.3051338,
1,24,70.129,0.3951126,0.04134423,-0.7767955,0.3199184,-0.6426307,0.6257567,0.3051338,
1,24,70.131,0.3951126,0.04134423,-0.7767955,0.3199184,-0.6426307,0.6257567,0.3051338,
1,24,70.133,0.3951126,0.04134423,-0.7767955,0.3199184,-0.6426307,0.6257567,0.3051338,
1,24,70.135,0.3950943,0.04140169,-0.7767756,0.3198972,-0.6425697,0.625818,0.3051587,
1,24,70.137,0.3950943,0.04140169,-0.7767756,0.3198972,-0.6425697,0.625818,0.3051587,
1,24,70.139,0.3950943,0.04140169,-0.7767756,0.3198972,-0.6425697,0.625818,0.3051587,
1,24,70.141,0.3950943,0.04140169,-0.7767756,0.3198972,-0.6425697,0.625818,0.3051587,
1,24,70.143,0.3950955,0.04136829,-0.7767924,0.3199282,-0.6426024,0.6257595,0.3051773,
1,24,70.145,0.3950955,0.04136829,-0.7767924,0.3199282,-0.6426024,0.6257595,0.3051773,
1,24,70.147,0.3950955,0.04136829,-0.7767924,0.3199282,-0.6426024,0.6257595,0.3051773,
1,24,70.149,0.3950955,0.04136829,-0.7767924,0.3199282,-0.6426024,0.6257595,0.3051773,
1,24,70.151,0.3950937,0.04135045,-0.776787,0.319911,-0.6426227,0.6257538,0.305164,
1,24,70.153,0.3950937,0.04135045,-0.776787,0.319911,-0.6426227,0.6257538,0.305164,
1,24,70.155,0.3950937,0.04135045,-0.776787,0.319911,-0.6426227,0.6257538,0.305164,
1,24,70.157,0.3950937,0.04135045,-0.776787,0.319911,-0.6426227,0.6257538,0.305164,
1,24,70.159,0.3951018,0.04135218,-0.7768048,0.3199171,-0.6426173,0.6257665,0.3051432,
1,24,70.161,0.3951018,0.04135218,-0.7768048,0.3199171,-0.6426173,0.6257665,0.3051432,
1,24,70.163,0.3951018,0.04135218,-0.7768048,0.3199171,-0.6426173,0.6257665,0.3051432,
1,24,70.165,0.3951018,0.04135218,-0.7768048,0.3199171,-0.6426173,0.6257665,0.3051432,
1,24,70.167,0.3951018,0.04135218,-0.7768048,0.3199171,-0.6426173,0.6257665,0.3051432,
1,24,70.169,0.3951371,0.04142515,-0.7768013,0.3199649,-0.642587,0.6257886,0.3051114,
1,24,70.171,0.3951371,0.04142515,-0.7768013,0.3199649,-0.642587,0.6257886,0.3051114,
1,24,70.173,0.3951371,0.04142515,-0.7768013,0.3199649,-0.642587,0.6257886,0.3051114,
1,24,70.175,0.3951371,0.04142515,-0.7768013,0.3199649,-0.642587,0.6257886,0.3051114,
1,24,70.177,0.3950768,0.04138885,-0.7767539,0.3199031,-0.6426178,0.6257903,0.3051082,
1,24,70.179,0.3950768,0.04138885,-0.7767539,0.3199031,-0.6426178,0.6257903,0.3051082,
1,24,70.181,0.3950768,0.04138885,-0.7767539,0.3199031,-0.6426178,0.6257903,0.3051082,CourtEnter
1,24,70.183,0.3950768,0.04138885,-0.7767539,0.3199031,-0.6426178,0.6257903,0.3051082,
1,24,70.185,0.3950761,0.04137602,-0.7768113,0.3199343,-0.6425801,0.6257671,0.3052024,
1,24,70.187,0.3950761,0.04137602,-0.7768113,0.3199343,-0.6425801,0.6257671,0.3052024,
1,24,70.189,0.3950761,0.04137602,-0.7768113,0.3199343,-0.6425801,0.6257671,0.3052024,CourtExit
1,24,70.191,0.3950761,0.04137602,-0.7768113,0.3199343,-0.6425801,0.6257671,0.3052024,
1,24,70.193,0.3951291,0.04142428,-0.7768137,0.3199124,-0.6425405,0.6258222,0.3051956,
1,24,70.195,0.3951291,0.04142428,-0.7768137,0.3199124,-0.6425405,0.6258222,0.3051956,
1,24,70.197,0.3951291,0.04142428,-0.7768137,0.3199124,-0.6425405,0.6258222,0.3051956,
1,24,70.199,0.3951291,0.04142428,-0.7768137,0.3199124,-0.6425405,0.6258222,0.3051956,
1,24,70.201,0.3951028,0.04136996,-0.7767904,0.3198982,-0.6425914,0.6257946,0.3051599,
1,24,70.203,0.3951028,0.04136996,-0.7767904,0.3198982,-0.6425914,0.6257946,0.3051599,
1,24,70.205,0.3951028,0.04136996,-0.7767904,0.3198982,-0.6425914,0.6257946,0.3051599,
1,24,70.207,0.3951028,0.04136996,-0.7767904,0.3198982,-0.6425914,0.6257946,0.3051599,
1,24,70.209,0.395066,0.04147436,-0.7767251,0.3198678,-0.642548,0.6258715,0.3051255,
1,24,70.211,0.395066,0.04147436,-0.7767251,0.3198678,-0.642548,0.6258715,0.3051255,
1,24,70.213,0.395066,0.04147436,-0.7767251,0.3198678,-0.642548,0.6258715,0.3051255,
1,24,70.215,0.395066,0.04147436,-0.7767251,0.3198678,-0.642548,0.6258715,0.3051255,
1,24,70.217,0.395066,0.04147436,-0.7767251,0.3198678,-0.642548,0.6258715,0.3051255,
1,24,70.219,0.3950799,0.04132554,-0.77674,0.3199168,-0.6426618,0.6257555,0.3050724,
1,24,70.221,0.3950799,0.04132554,-0.77674,0.3199168,-0.6426618,0.6257555,0.3050724,
1,24,70.223,0.3950799,0.04132554,-0.77674,0.3199168,-0.6426618,0.6257555,0.3050724,
1,24,70.225,0.3950799,0.04132554,-0.77674,0.3199168,-0.6426618,0.6257555,0.3050724,
1,24,70.227,0.3950893,0.04136951,-0.7767814,0.3198955,-0.6425971,0.6257954,0.3051492,
1,24,70.229,0.3950893,0.04136951,-0.7767814,0.3198955,-0.6425971,0.6257954,0.3051492,
1,24,70.231,0.3950893,0.04136951,-0.7767814,0.3198955,-0.6425971,0.6257954,0.3051492,
1,24,70.233,0.3950893,0.04136951,-0.7767814,0.3198955,-0.6425971,0.6257954,0.3051492,
1,24,70.235,0.3951014,0.04139855,-0.7767882,0.3198846,-0.6425703,0.6258143,0.3051783,
1,24,70.237,0.3951014,0.04139855,-0.7767882,0.3198846,-0.6425703,0.6258143,0.3051783,
1,24,70.239,0.3951014,0.04139855,-0.7767882,0.3198846,-0.6425703,0.6258143,0.3051783,
1,24,70.241,0.3951014,0.04139855,-0.7767882,0.3198846,-0.6425703,0.6258143,0.3051783,
1,24,70.243,0.3950691,0.04134518,-0.7767704,0.3198816,-0.6426218,0.6257768,0.3051497,
1,24,70.245,0.3950691,0.04134518,-0.7767704,0.3198816,-0.6426218,0.6257768,0.3051497,
1,24,70.247,0.3950691,0.04134518,-0.7767704,0.3198816,-0.6426218,0.6257768,0.3051497,
1,24,70.249,0.3950691,0.04134518,-0.7767704,0.3198816,-0.6426218,0.6257768,0.3051497,
1,24,70.251,0.3951049,0.04137839,-0.7768073,0.3199116,-0.642566,0.6257782,0.3052332,
1,24,70.253,0.3951049,0.04137839,-0.7768073,0.3199116,-0.642566,0.6257782,0.3052332,
1,24,70.255,0.3951049,0.04137839,-0.7768073,0.3199116,-0.642566,0.6257782,0.3052332,
1,24,70.257,0.3951049,0.04137839,-0.7768073,0.3199116,-0.642566,0.6257782,0.3052332,
1,24,70.259,0.3950765,0.04143071,-0.7767524,0.3198889,-0.6425618,0.6258383,0.3051423,
1,24,70.261,0.3950765,0.04143071,-0.7767524,0.3198889,-0.6425618,0.6258383,0.3051423,
1,24,70.263,0.3950765,0.04143071,-0.7767524,0.3198889,-0.6425618,0.6258383,0.3051423,
1,24,70.265,0.3950765,0.04143071,-0.7767524,0.3198889,-0.6425618,0.6258383,0.3051423,
1,24,70.267,0.3950765,0.04143071,-0.7767524,0.3198889,-0.6425618,0.6258383,0.3051423,
1,24,70.269,0.3950811,0.04145609,-0.7767557,0.3199201,-0.6425574,0.6258374,0.3051208,
1,24,70.271,0.3950811,0.04145609,-0.7767557,0.3199201,-0.6425574,0.6258374,0.3051208,
1,24,70.273,0.3950811,0.04145609,-0.7767557,0.3199201,-0.6425574,0.6258374,0.3051208,
1,24,70.275,0.3950811,0.04145609,-0.7767557,0.3199201,-0.6425574,0.6258374,0.3051208,
1,24,70.277,0.3951088,0.04136585,-0.7768062,0.3199025,-0.6425729,0.6257777,0.3052291,
1,24,70.279,0.3951088,0.04136585,-0.7768062,0.3199025,-0.6425729,0.6257777,0.3052291,
1,24,70.281,0.3951088,0.04136585,-0.7768062,0.3199025,-0.6425729,0.6257777,0.3052291,
1,24,70.283,0.3951088,0.04136585,-0.7768062,0.3199025,-0.6425729,0.6257777,0.3052291,
1,24,70.285,0.3951167,0.04142068,-0.7767617,0.3199243,-0.642596,0.6257988,0.3051143,
1,24,70.287,0.3951167,0.04142068,-0.7767617,0.3199243,-0.642596,0.6257988,0.3051143,
1,24,70.289,0.3951167,0.04142068,-0.7767617,0.3199243,-0.642596,0.6257988,0.3051143,
1,24,70.291,0.3951167,0.04142068,-0.7767617,0.3199243,-0.642596,0.6257988,0.3051143,
1,24,70.293,0.3951195,0.04144247,-0.7767611,0.3199465,-0.6425739,0.6258242,0.3050855,
1,24,70.295,0.3951195,0.04144247,-0.7767611,0.3199465,-0.6425739,0.6258242,0.3050855,
1,24,70.297,0.3951195,0.04144247,-0.7767611,0.3199465,-0.6425739,0.6258242,0.3050855,
1,24,70.299,0.3951195,0.04144247,-0.7767611,0.3199465,-0.6425739,0.6258242,0.3050855,
1,24,70.301,0.3951262,0.0413615,-0.7767998,0.3199568,-0.6426042,0.6257622,0.3051383,
1,24,70.303,0.3951262,0.0413615,-0.7767998,0.3199568,-0.6426042,0.6257622,0.3051383,
1,24,70.305,0.3951262,0.0413615,-0.7767998,0.3199568,-0.6426042,0.6257622,0.3051383,
1,24,70.307,0.3951262,0.0413615,-0.7767998,0.3199568,-0.6426042,0.6257622,0.3051383,
1,24,70.309,0.3951312,0.041394,-0.7768112,0.3199552,-0.6425773,0.625785,0.3051497,
1,24,70.311,0.3951312,0.041394,-0.7768112,0.3199552,-0.6425773,0.625785,0.3051497,
1,24,70.313,0.3951312,0.041394,-0.7768112,0.3199552,-0.6425773,0.625785,0.3051497,
1,24,70.315,0.3951312,0.041394,-0.7768112,0.3199552,-0.6425773,0.625785,0.3051497,
1,24,70.317,0.3951312,0.041394,-0.7768112,0.3199552,-0.6425773,0.625785,0.3051497,
1,24,70.319,0.3951337,0.0413324,-0.7768108,0.3199315,-0.6426172,0.6257604,0.3051409,
1,24,70.321,0.3951337,0.0413324,-0.7768108,0.3199315,-0.6426172,0.6257604,0.3051409,
1,24,70.323,0.3951337,0.0413324,-0.7768108,0.3199315,-0.6426172,0.6257604,0.3051409,
1,24,70.325,0.3951337,0.0413324,-0.7768108,0.3199315,-0.6426172,0.6257604,0.3051409,
1,24,70.327,0.3951173,0.04134903,-0.7768021,0.3199366,-0.6426212,0.6257611,0.3051257,
1,24,70.329,0.3951173,0.04134903,-0.7768021,0.3199366,-0.6426212,0.6257611,0.3051257,
1,24,70.331,0.3951173,0.04134903,-0.7768021,0.3199366,-0.6426212,0.6257611,0.3051257,
1,24,70.333,0.3951173,0.04134903,-0.7768021,0.3199366,-0.6426212,0.6257611,0.3051257,
1,24,70.335,0.3951032,0.0414168,-0.7767568,0.3199387,-0.6425862,0.6258066,0.3051037,
1,24,70.337,0.3951032,0.0414168,-0.7767568,0.3199387,-0.6425862,0.6258066,0.3051037,
1,24,70.339,0.3951032,0.0414168,-0.7767568,0.3199387,-0.6425862,0.6258066,0.3051037,
1,24,70.341,0.3951032,0.0414168,-0.7767568,0.3199387,-0.6425862,0.6258066,0.3051037,
1,24,70.343,0.3951607,0.04135698,-0.7768387,0.319987,-0.6425964,0.6257522,0.3051435,
1,24,70.345,0.3951607,0.04135698,-0.7768387,0.319987,-0.6425964,0.6257522,0.3051435,
1,24,70.347,0.3951607,0.04135698,-0.7768387,0.319987,-0.6425964,0.6257522,0.3051435,
1,24,70.349,0.3951607,0.04135698,-0.7768387,0.319987,-0.6425964,0.6257522,0.3051435,
1,24,70.351,0.3951307,0.04141663,-0.7767589,0.319989,-0.6426151,0.6257749,0.305055,
1,24,70.353,0.3951307,0.04141663,-0.7767589,0.319989,-0.6426151,0.6257749,0.305055,
1,24,70.355,0.3951307,0.04141663,-0.7767589,0.319989,-0.6426151,0.6257749,0.305055,
1,24,70.357,0.3951307,0.04141663,-0.7767589,0.319989,-0.6426151,0.6257749,0.305055,
1,24,70.359,0.3950947,0.04142401,-0.7767823,0.319993,-0.6425454,0.6257753,0.3051969,
1,24,70.361,0.3950947,0.04142401,-0.7767823,0.319993,-0.6425454,0.6257753,0.3051969,
1,24,70.363,0.3950947,0.04142401,-0.7767823,0.319993,-0.6425454,0.6257753,0.3051969,
1,24,70.365,0.3950947,0.04142401,-0.7767823,0.319993,-0.6425454,0.6257753,0.3051969,
1,24,70.367,0.3950947,0.04142401,-0.7767823,0.319993,-0.6425454,0.6257753,0.3051969,
1,24,70.369,0.3951356,0.04135305,-0.7768553,0.3199291,-0.6425574,0.6257755,0.3052381,
1,24,70.371,0.3951356,0.04135305,-0.7768553,0.3199291,-0.6425574,0.6257755,0.3052381,
1,24,70.373,0.3951356,0.04135305,-0.7768553,0.3199291,-0.6425574,0.6257755,0.3052381,
1,24,70.375,0.3951356,0.04135305,-0.7768553,0.3199291,-0.6425574,0.6257755,0.3052381,
1,24,70.377,0.3951193,0.04139632,-0.7767851,0.3199017,-0.6425786,0.625804,0.3051641,
1,24,70.379,0.3951193,0.04139632,-0.7767851,0.3199017,-0.6425786,0.625804,0.3051641,
1,24,70.381,0.3951193,0.04139632,-0.7767851,0.3199017,-0.6425786,0.625804,0.3051641,
1,24,70.383,0.3951193,0.04139632,-0.7767851,0.3199017,-0.6425786,0.625804,0.3051641,
1,24,70.385,0.3951066,0.04137178,-0.776757,0.3199079,-0.6426079,0.6257849,0.305135,
1,24,70.387,0.3951066,0.04137178,-0.776757,0.3199079,-0.6426079,0.6257849,0.305135,
1,24,70.389,0.3951066,0.04137178,-0.776757,0.3199079,-0.6426079,0.6257849,0.305135,
1,24,70.391,0.3951066,0.04137178,-0.776757,0.3199079,-0.6426079,0.6257849,0.305135,
1,24,70.393,0.3951143,0.04135761,-0.7768196,0.3199192,-0.6425839,0.6257793,0.3051849,
1,24,70.395,0.3951143,0.04135761,-0.7768196,0.3199192,-0.6425839,0.6257793,0.3051849,
1,24,70.397,0.3951143,0.04135761,-0.7768196,0.3199192,-0.6425839,0.6257793,0.3051849,
1,24,70.399,0.3951143,0.04135761,-0.7768196,0.3199192,-0.6425839,0.6257793,0.3051849,
1,24,70.401,0.3950967,0.04130214,-0.7767962,0.3199498,-0.6426565,0.6257014,0.3051599,
1,24,70.403,0.3950967,0.04130214,-0.7767962,0.3199498,-0.6426565,0.6257014,0.3051599,
1,24,70.405,0.3950967,0.04130214,-0.7767962,0.3199498,-0.6426565,0.6257014,0.3051599,
1,24,70.407,0.3950967,0.04130214,-0.7767962,0.3199498,-0.6426565,0.6257014,0.3051599,
1,24,70.409,0.395136,0.04129284,-0.7768704,0.3199583,-0.6425945,0.6257014,0.3052815,
1,24,70.411,0.395136,0.04129284,-0.7768704,0.3199583,-0.6425945,0.6257014,0.3052815,
1,24,70.413,0.395136,0.04129284,-0.7768704,0.3199583,-0.6425945,0.6257014,0.3052815,
1,24,70.415,0.395136,0.04129284,-0.7768704,0.3199583,-0.6425945,0.6257014,0.3052815,
1,24,70.417,0.395136,0.04129284,-0.7768704,0.3199583,-0.6425945,0.6257014,0.3052815,
1,24,70.419,0.3950994,0.04138364,-0.7767649,0.3199207,-0.6425997,0.6257837,0.3051413,
1,24,70.421,0.3950994,0.04138364,-0.7767649,0.3199207,-0.6425997,0.6257837,0.3051413,
1,24,70.423,0.3950994,0.04138364,-0.7767649,0.3199207,-0.6425997,0.6257837,0.3051413,
1,24,70.425,0.3950994,0.04138364,-0.7767649,0.3199207,-0.6425997,0.6257837,0.3051413,
1,24,70.427,0.3950992,0.04135182,-0.7767719,0.3198935,-0.6426145,0.6257626,0.3051818,
1,24,70.429,0.3950992,0.04135182,-0.7767719,0.3198935,-0.6426145,0.6257626,0.3051818,
1,24,70.431,0.3950992,0.04135182,-0.7767719,0.3198935,-0.6426145,0.6257626,0.3051818,
1,24,70.433,0.3950992,0.04135182,-0.7767719,0.3198935,-0.6426145,0.6257626,0.3051818,
1,24,70.435,0.3950916,0.04138897,-0.7767874,0.3199056,-0.6425689,0.6257893,0.3052104,
1,24,70.437,0.3950916,0.04138897,-0.7767874,0.3199056,-0.6425689,0.6257893,0.3052104,
1,24,70.439,0.3950916,0.04138897,-0.7767874,0.3199056,-0.6425689,0.6257893,0.3052104,
1,24,70.441,0.3950916,0.04138897,-0.7767874,0.3199056,-0.6425689,0.6257893,0.3052104,
1,24,70.443,0.395084,0.04139523,-0.7767293,0.3198825,-0.6426059,0.6258057,0.3051231,
1,24,70.445,0.395084,0.04139523,-0.7767293,0.3198825,-0.6426059,0.6258057,0.3051231,
1,24,70.447,0.395084,0.04139523,-0.7767293,0.3198825,-0.6426059,0.6258057,0.3051231,
1,24,70.449,0.395084,0.04139523,-0.7767293,0.3198825,-0.6426059,0.6258057,0.3051231,
1,24,70.451,0.3950837,0.04141514,-0.7767553,0.3198735,-0.642571,0.6258165,0.305184,
1,24,70.453,0.3950837,0.04141514,-0.7767553,0.3198735,-0.642571,0.6258165,0.305184,
1,24,70.455,0.3950837,0.04141514,-0.7767553,0.3198735,-0.642571,0.6258165,0.305184,
1,24,70.457,0.3950837,0.04141514,-0.7767553,0.3198735,-0.642571,0.6258165,0.305184,
1,24,70.459,0.395117,0.04136138,-0.7768233,0.3199051,-0.6425707,0.6257712,0.3052444,
1,24,70.461,0.395117,0.04136138,-0.7768233,0.3199051,-0.6425707,0.6257712,0.3052444,
1,24,70.463,0.395117,0.04136138,-0.7768233,0.3199051,-0.6425707,0.6257712,0.3052444,
1,24,70.465,0.395117,0.04136138,-0.7768233,0.3199051,-0.6425707,0.6257712,0.3052444,
1,24,70.467,0.395117,0.04136138,-0.7768233,0.3199051,-0.6425707,0.6257712,0.3052444,
1,24,70.469,0.3951191,0.0414507,-0.7768027,0.3199152,-0.6425132,0.6258287,0.3052371,
1,24,70.471,0.3951191,0.0414507,-0.7768027,0.3199152,-0.6425132,0.6258287,0.3052371,
1,24,70.473,0.3951191,0.0414507,-0.7768027,0.3199152,-0.6425132,0.6258287,0.3052371,
1,24,70.475,0.3951191,0.0414507,-0.7768027,0.3199152,-0.6425132,0.6258287,0.3052371,
1,24,70.477,0.3950642,0.04136217,-0.7767278,0.3198687,-0.6426432,0.6257873,0.3050967,
1,24,70.479,0.3950642,0.04136217,-0.7767278,0.3198687,-0.6426432,0.6257873,0.3050967,
1,24,70.481,0.3950642,0.04136217,-0.7767278,0.3198687,-0.6426432,0.6257873,0.3050967,
1,24,70.483,0.3950642,0.04136217,-0.7767278,0.3198687,-0.6426432,0.6257873,0.3050967,
1,24,70.485,0.395064,0.04139084,-0.7767404,0.3198623,-0.6426014,0.6258186,0.3051271,
1,24,70.487,0.395064,0.04139084,-0.7767404,0.3198623,-0.6426014,0.6258186,0.3051271,
1,24,70.489,0.395064,0.04139084,-0.7767404,0.3198623,-0.6426014,0.6258186,0.3051271,
1,24,70.491,0.395064,0.04139084,-0.7767404,0.3198623,-0.6426014,0.6258186,0.3051271,
1,24,70.493,0.3950666,0.0414151,-0.7767467,0.3198669,-0.6425681,0.625837,0.3051549,
1,24,70.495,0.3950666,0.0414151,-0.7767467,0.3198669,-0.6425681,0.625837,0.3051549,
1,24,70.497,0.3950666,0.0414151,-0.7767467,0.3198669,-0.6425681,0.625837,0.3051549,
1,24,70.499,0.3950666,0.0414151,-0.7767467,0.3198669,-0.6425681,0.625837,0.3051549,
1,24,70.501,0.3950398,0.04139816,-0.7767705,0.3198524,-0.6425312,0.6258161,0.3052908,
1,24,70.503,0.3950398,0.04139816,-0.7767705,0.3198524,-0.6425312,0.6258161,0.3052908,
1,24,70.505,0.3950398,0.04139816,-0.7767705,0.3198524,-0.6425312,0.6258161,0.3052908,
1,24,70.507,0.3950398,0.04139816,-0.7767705,0.3198524,-0.6425312,0.6258161,0.3052908,
1,24,70.509,0.3950779,0.04126357,-0.7768484,0.3198506,-0.6425817,0.6257384,0.3053455,
1,24,70.511,0.3950779,0.04126357,-0.7768484,0.3198506,-0.6425817,0.6257384,0.3053455,
1,24,70.513,0.3950779,0.04126357,-0.7768484,0.3198506,-0.6425817,0.6257384,0.3053455,
1,24,70.515,0.3950779,0.04126357,-0.7768484,0.3198506,-0.6425817,0.6257384,0.3053455,
1,24,70.517,0.3950779,0.04126357,-0.7768484,0.3198506,-0.6425817,0.6257384,0.3053455,
1,24,70.519,0.3950745,0.04135879,-0.7767937,0.3198628,-0.6425642,0.6258094,0.305224,
1,24,70.521,0.3950745,0.04135879,-0.7767937,0.3198628,-0.6425642,0.6258094,0.305224,
1,24,70.523,0.3950745,0.04135879,-0.7767937,0.3198628,-0.6425642,0.6258094,0.305224,
1,24,70.525,0.3950745,0.04135879,-0.7767937,0.3198628,-0.6425642,0.6258094,0.305224,
1,24,70.527,0.3950616,0.04144678,-0.7767405,0.3198672,-0.642549,0.6258641,0.3051393,
1,24,70.529,0.3950616,0.04144678,-0.7767405,0.3198672,-0.642549,0.6258641,0.3051393,
1,24,70.531,0.3950616,0.04144678,-0.7767405,0.3198672,-0.642549,0.6258641,0.3051393,
1,24,70.533,0.3950616,0.04144678,-0.7767405,0.3198672,-0.642549,0.6258641,0.3051393,
1,24,70.535,0.3950747,0.04145914,-0.7767562,0.3198714,-0.6425437,0.6258567,0.3051608,
1,24,70.537,0.3950747,0.04145914,-0.7767562,0.3198714,-0.6425437,0.6258567,0.3051608,
1,24,70.539,0.3950747,0.04145914,-0.7767562,0.3198714,-0.6425437,0.6258567,0.3051608,
1,24,70.541,0.3950747,0.04145914,-0.7767562,0.3198714,-0.6425437,0.6258567,0.3051608,
1,24,70.543,0.3950818,0.04146834,-0.7767448,0.3198578,-0.6425367,0.625879,0.3051443,
1,24,70.545,0.3950818,0.04146834,-0.7767448,0.3198578,-0.6425367,0.625879,0.3051443,
1,24,70.547,0.3950818,0.04146834,-0.7767448,0.3198578,-0.6425367,0.625879,0.3051443,
1,24,70.549,0.3950818,0.04146834,-0.7767448,0.3198578,-0.6425367,0.625879,0.3051443,
1,24,70.551,0.3950702,0.04139303,-0.7767673,0.3198517,-0.6425799,0.6258208,0.3051791,
1,24,70.553,0.3950702,0.04139303,-0.7767673,0.3198517,-0.6425799,0.6258208,0.3051791,
1,24,70.555,0.3950702,0.04139303,-0.7767673,0.3198517,-0.6425799,0.6258208,0.3051791,
1,24,70.557,0.3950702,0.04139303,-0.7767673,0.3198517,-0.6425799,0.6258208,0.3051791,
1,24,70.559,0.3951232,0.04140912,-0.7768319,0.3198946,-0.6425348,0.625822,0.305227,
1,24,70.561,0.3951232,0.04140912,-0.7768319,0.3198946,-0.6425348,0.625822,0.305227,
1,24,70.563,0.3951232,0.04140912,-0.7768319,0.3198946,-0.6425348,0.625822,0.305227,
1,24,70.565,0.3951232,0.04140912,-0.7768319,0.3198946,-0.6425348,0.625822,0.305227,
1,24,70.567,0.3951232,0.04140912,-0.7768319,0.3198946,-0.6425348,0.625822,0.305227,
1,24,70.569,0.3950896,0.0413819,-0.7767899,0.3198637,-0.6426022,0.6258047,0.3051528,
1,24,70.571,0.3950896,0.0413819,-0.7767899,0.3198637,-0.6426022,0.6258047,0.3051528,
1,24,70.573,0.3950896,0.0413819,-0.7767899,0.3198637,-0.6426022,0.6258047,0.3051528,
1,24,70.575,0.3950896,0.0413819,-0.7767899,0.3198637,-0.6426022,0.6258047,0.3051528,
1,24,70.577,0.3950807,0.04136066,-0.7768,0.3199081,-0.6425902,0.6257635,0.3052159,
1,24,70.579,0.3950807,0.04136066,-0.7768,0.3199081,-0.6425902,0.6257635,0.3052159,
1,24,70.581,0.3950807,0.04136066,-0.7768,0.3199081,-0.6425902,0.6257635,0.3052159,
1,24,70.583,0.3950807,0.04136066,-0.7768,0.3199081,-0.6425902,0.6257635,0.3052159,
1,24,70.585,0.3950972,0.04143689,-0.7768049,0.3198918,-0.6425078,0.6258249,0.3052803,
1,24,70.587,0.3950972,0.04143689,-0.7768049,0.3198918,-0.6425078,0.6258249,0.3052803,
1,24,70.589,0.3950972,0.04143689,-0.7768049,0.3198918,-0.6425078,0.6258249,0.3052803,
1,24,70.591,0.3950972,0.04143689,-0.7768049,0.3198918,-0.6425078,0.6258249,0.3052803,
1,24,70.593,0.3950876,0.04143542,-0.77676,0.319885,-0.6425625,0.6258342,0.3051533,
1,24,70.595,0.3950876,0.04143542,-0.77676,0.319885,-0.6425625,0.6258342,0.3051533,
1,24,70.597,0.3950876,0.04143542,-0.77676,0.319885,-0.6425625,0.6258342,0.3051533,
1,24,70.599,0.3950876,0.04143542,-0.77676,0.319885,-0.6425625,0.6258342,0.3051533,
1,24,70.601,0.3950987,0.04133977,-0.7767984,0.3199023,-0.6426183,0.6257653,0.3051591,
1,24,70.603,0.3950987,0.04133977,-0.7767984,0.3199023,-0.6426183,0.6257653,0.3051591,
1,24,70.605,0.3950987,0.04133977,-0.7767984,0.3199023,-0.6426183,0.6257653,0.3051591,
1,24,70.607,0.3950987,0.04133977,-0.7767984,0.3199023,-0.6426183,0.6257653,0.3051591,
1,24,70.609,0.395084,0.04140262,-0.7768058,0.3198768,-0.6425307,0.6258135,0.3052713,
1,24,70.611,0.395084,0.04140262,-0.7768058,0.3198768,-0.6425307,0.6258135,0.3052713,
1,24,70.613,0.395084,0.04140262,-0.7768058,0.3198768,-0.6425307,0.6258135,0.3052713,
1,24,70.615,0.395084,0.04140262,-0.7768058,0.3198768,-0.6425307,0.6258135,0.3052713,
1,24,70.617,0.395084,0.04140262,-0.7768058,0.3198768,-0.6425307,0.6258135,0.3052713,
1,24,70.619,0.3950796,0.04139844,-0.7767414,0.3198305,-0.6425689,0.6258461,0.3051726,
1,24,70.621,0.3950796,0.04139844,-0.7767414,0.3198305,-0.6425689,0.6258461,0.3051726,
1,24,70.623,0.3950796,0.04139844,-0.7767414,0.3198305,-0.6425689,0.6258461,0.3051726,
1,24,70.625,0.3950796,0.04139844,-0.7767414,0.3198305,-0.6425689,0.6258461,0.3051726,
1,24,70.627,0.3950909,0.04138035,-0.776794,0.3198972,-0.6425903,0.6257958,0.3051609,
1,24,70.629,0.3950909,0.04138035,-0.776794,0.3198972,-0.6425903,0.6257958,0.3051609,
1,24,70.631,0.3950909,0.04138035,-0.776794,0.3198972,-0.6425903,0.6257958,0.3051609,
1,24,70.633,0.3950909,0.04138035,-0.776794,0.3198972,-0.6425903,0.6257958,0.3051609,
1,24,70.635,0.3950538,0.04141141,-0.7767433,0.3199143,-0.6425785,0.6258023,0.3051543,
1,24,70.637,0.3950538,0.04141141,-0.7767433,0.3199143,-0.6425785,0.6258023,0.3051543,
1,24,70.639,0.3950538,0.04141141,-0.7767433,0.3199143,-0.6425785,0.6258023,0.3051543,
1,24,70.641,0.3950538,0.04141141,-0.7767433,0.3199143,-0.6425785,0.6258023,0.3051543,
1,24,70.643,0.3951055,0.04133552,-0.7768413,0.3199015,-0.6425648,0.625757,0.3052895,
1,24,70.645,0.3951055,0.04133552,-0.7768413,0.3199015,-0.6425648,0.625757,0.3052895,
1,24,70.647,0.3951055,0.04133552,-0.7768413,0.3199015,-0.6425648,0.625757,0.3052895,
1,24,70.649,0.3951055,0.04133552,-0.7768413,0.3199015,-0.6425648,0.625757,0.3052895,
1,24,70.651,0.395099,0.04131087,-0.7768353,0.3198781,-0.6425757,0.6257579,0.3052894,
1,24,70.653,0.395099,0.04131087,-0.7768353,0.3198781,-0.6425757,0.6257579,0.3052894,
1,24,70.655,0.395099,0.04131087,-0.7768353,0.3198781,-0.6425757,0.6257579,0.3052894,
1,24,70.657,0.395099,0.04131087,-0.7768353,0.3198781,-0.6425757,0.6257579,0.3052894,
1,24,70.659,0.3950894,0.04132424,-0.7767923,0.3198692,-0.642626,0.6257681,0.3051717,
1,24,70.661,0.3950894,0.04132424,-0.7767923,0.3198692,-0.642626,0.6257681,0.3051717,
1,24,70.663,0.3950894,0.04132424,-0.7767923,0.3198692,-0.642626,0.6257681,0.3051717,
1,24,70.665,0.3950894,0.04132424,-0.7767923,0.3198692,-0.642626,0.6257681,0.3051717,
1,24,70.667,0.3950894,0.04132424,-0.7767923,0.3198692,-0.642626,0.6257681,0.3051717,
1,24,70.669,0.3950661,0.04141241,-0.7767344,0.3198645,-0.6425846,0.6258349,0.3051269,
1,24,70.671,0.3950661,0.04141241,-0.7767344,0.3198645,-0.6425846,0.6258349,0.3051269,
1,24,70.673,0.3950661,0.04141241,-0.7767344,0.3198645,-0.6425846,0.6258349,0.3051269,
1,24,70.675,0.3950661,0.04141241,-0.7767344,0.3198645,-0.6425846,0.6258349,0.3051269,
1,24,70.677,0.3951051,0.04143243,-0.7767507,0.3198676,-0.6425611,0.6258454,0.3051517,
1,24,70.679,0.3951051,0.04143243,-0.7767507,0.3198676,-0.6425611,0.6258454,0.3051517,
1,24,70.681,0.3951051,0.04143243,-0.7767507,0.3198676,-0.6425611,0.6258454,0.3051517,
1,24,70.683,0.3951051,0.04143243,-0.7767507,0.3198676,-0.6425611,0.6258454,0.3051517,
1,24,70.685,0.3951006,0.0414483,-0.7767754,0.3199139,-0.6425419,0.6258398,0.3051548,
1,24,70.687,0.3951006,0.0414483,-0.7767754,0.3199139,-0.6425419,0.6258398,0.3051548,
1,24,70.689,0.3951006,0.0414483,-0.7767754,0.3199139,-0.6425419,0.6258398,0.3051548,
1,24,70.691,0.3951006,0.0414483,-0.7767754,0.3199139,-0.6425419,0.6258398,0.3051548,
1,24,70.693,0.3950874,0.04142519,-0.776768,0.3198661,-0.6425436,0.625828,0.3052258,
1,24,70.695,0.3950874,0.04142519,-0.776768,0.3198661,-0.6425436,0.625828,0.3052258,
1,24,70.697,0.3950874,0.04142519,-0.776768,0.3198661,-0.6425436,0.625828,0.3052258,
1,24,70.699,0.3950874,0.04142519,-0.776768,0.3198661,-0.6425436,0.625828,0.3052258,
1,24,70.701,0.3950901,0.04130368,-0.7768211,0.3198977,-0.6426002,0.6257413,0.3052511,
1,24,70.703,0.3950901,0.04130368,-0.7768211,0.3198977,-0.6426002,0.6257413,0.3052511,
1,24,70.705,0.3950901,0.04130368,-0.7768211,0.3198977,-0.6426002,0.6257413,0.3052511,
1,24,70.707,0.3950901,0.04130368,-0.7768211,0.3198977,-0.6426002,0.6257413,0.3052511,
1,24,70.709,0.3950829,0.04134312,-0.7768086,0.3198912,-0.6425792,0.6257724,0.3052386,
1,24,70.711,0.3950829,0.04134312,-0.7768086,0.3198912,-0.6425792,0.6257724,0.3052386,
1,24,70.713,0.3950829,0.04134312,-0.7768086,0.3198912,-0.6425792,0.6257724,0.3052386,
1,24,70.715,0.3950829,0.04134312,-0.7768086,0.3198912,-0.6425792,0.6257724,0.3052386,
1,24,70.717,0.3950829,0.04134312,-0.7768086,0.3198912,-0.6425792,0.6257724,0.3052386,
1,24,70.719,0.3951386,0.04134277,-0.7768776,0.3199542,-0.6425484,0.6257409,0.3053021,
1,24,70.721,0.3951386,0.04134277,-0.7768776,0.3199542,-0.6425484,0.6257409,0.3053021,
1,24,70.723,0.3951386,0.04134277,-0.7768776,0.3199542,-0.6425484,0.6257409,0.3053021,
1,24,70.725,0.3951386,0.04134277,-0.7768776,0.3199542,-0.6425484,0.6257409,0.3053021,
1,24,70.727,0.3950979,0.04141089,-0.776786,0.3198927,-0.6425339,0.6258188,0.3052372,
1,24,70.729,0.3950979,0.04141089,-0.776786,0.3198927,-0.6425339,0.6258188,0.3052372,
1,24,70.731,0.3950979,0.04141089,-0.776786,0.3198927,-0.6425339,0.6258188,0.3052372,
1,24,70.733,0.3950979,0.04141089,-0.776786,0.3198927,-0.6425339,0.6258188,0.3052372,
1,24,70.735,0.3951375,0.0413308,-0.7768053,0.3199115,-0.642617,0.6257496,0.3051844,
1,24,70.737,0.3951375,0.0413308,-0.7768053,0.3199115,-0.642617,0.6257496,0.3051844,
1,24,70.739,0.3951375,0.0413308,-0.7768053,0.3199115,-0.642617,0.6257496,0.3051844,
1,24,70.741,0.3951375,0.0413308,-0.7768053,0.3199115,-0.642617,0.6257496,0.3051844,
1,24,70.743,0.3950983,0.04136623,-0.7767738,0.3198927,-0.6426017,0.6257882,0.3051568,
1,24,70.745,0.3950983,0.04136623,-0.7767738,0.3198927,-0.6426017,0.6257882,0.3051568,
1,24,70.747,0.3950983,0.04136623,-0.7767738,0.3198927,-0.6426017,0.6257882,0.3051568,
1,24,70.749,0.3950983,0.04136623,-0.7767738,0.3198927,-0.6426017,0.6257882,0.3051568,
1,24,70.751,0.3950885,0.04136167,-0.7768181,0.3199212,-0.6425459,0.625762,0.3052983,
1,24,70.753,0.3950885,0.04136167,-0.7768181,0.3199212,-0.6425459,0.625762,0.3052983,
1,24,70.755,0.3950885,0.04136167,-0.7768181,0.3199212,-0.6425459,0.625762,0.3052983,
1,24,70.757,0.3950885,0.04136167,-0.7768181,0.3199212,-0.6425459,0.625762,0.3052983,
1,24,70.759,0.3951199,0.04134606,-0.7767867,0.3198929,-0.6426048,0.6257715,0.3051845,
1,24,70.761,0.3951199,0.04134606,-0.7767867,0.3198929,-0.6426048,0.6257715,0.3051845,
1,24,70.763,0.3951199,0.04134606,-0.7767867,0.3198929,-0.6426048,0.6257715,0.3051845,
1,24,70.765,0.3951199,0.04134606,-0.7767867,0.3198929,-0.6426048,0.6257715,0.3051845,
1,24,70.767,0.3951199,0.04134606,-0.7767867,0.3198929,-0.6426048,0.6257715,0.3051845,
1,24,70.769,0.3951062,0.04137547,-0.7768064,0.3198996,-0.6425638,0.6257829,0.3052405,
1,24,70.771,0.3951062,0.04137547,-0.7768064,0.3198996,-0.6425638,0.6257829,0.3052405,
1,24,70.773,0.3951062,0.04137547,-0.7768064,0.3198996,-0.6425638,0.6257829,0.3052405,
1,24,70.775,0.3951062,0.04137547,-0.7768064,0.3198996,-0.6425638,0.6257829,0.3052405,
1,24,70.777,0.3951129,0.04137022,-0.7768034,0.3198951,-0.6425827,0.6257733,0.3052253,
1,24,70.779,0.3951129,0.04137022,-0.7768034,0.3198951,-0.6425827,0.6257733,0.3052253,
1,24,70.781,0.3951129,0.04137022,-0.7768034,0.3198951,-0.6425827,0.6257733,0.3052253,
1,24,70.783,0.3951129,0.04137022,-0.7768034,0.3198951,-0.6425827,0.6257733,0.3052253,
1,24,70.785,0.3951367,0.04136473,-0.7768308,0.3199052,-0.6425793,0.6257799,0.3052084,
1,24,70.787,0.3951367,0.04136473,-0.7768308,0.3199052,-0.6425793,0.6257799,0.3052084,
1,24,70.789,0.3951367,0.04136473,-0.7768308,0.3199052,-0.6425793,0.6257799,0.3052084,
1,24,70.791,0.3951367,0.04136473,-0.7768308,0.3199052,-0.6425793,0.6257799,0.3052084,
1,24,70.793,0.3951592,0.04138275,-0.776839,0.3199012,-0.64254,0.6257943,0.3052658,
1,24,70.795,0.3951592,0.04138275,-0.776839,0.3199012,-0.64254,0.6257943,0.3052658,
1,24,70.797,0.3951592,0.04138275,-0.776839,0.3199012,-0.64254,0.6257943,0.3052658,
1,24,70.799,0.3951592,0.04138275,-0.776839,0.3199012,-0.64254,0.6257943,0.3052658,
1,24,70.801,0.3951124,0.04132025,-0.7768199,0.3199145,-0.6425904,0.6257452,0.3052463,
1,24,70.803,0.3951124,0.04132025,-0.7768199,0.3199145,-0.6425904,0.6257452,0.3052463,
1,24,70.805,0.3951124,0.04132025,-0.7768199,0.3199145,-0.6425904,0.6257452,0.3052463,
1,24,70.807,0.3951124,0.04132025,-0.7768199,0.3199145,-0.6425904,0.6257452,0.3052463,
1,24,70.809,0.395126,0.04139287,-0.7768224,0.3199275,-0.6425566,0.6257913,0.3052093,
1,24,70.811,0.395126,0.04139287,-0.7768224,0.3199275,-0.6425566,0.6257913,0.3052093,
1,24,70.813,0.395126,0.04139287,-0.7768224,0.3199275,-0.6425566,0.6257913,0.3052093,
1,24,70.815,0.395126,0.04139287,-0.7768224,0.3199275,-0.6425566,0.6257913,0.3052093,
1,24,70.817,0.395126,0.04139287,-0.7768224,0.3199275,-0.6425566,0.6257913,0.3052093,
1,24,70.819,0.3950933,0.04135228,-0.7767813,0.3198664,-0.6425951,0.6258003,0.3051739,
1,24,70.821,0.3950933,0.04135228,-0.7767813,0.3198664,-0.6425951,0.6258003,0.3051739,
1,24,70.823,0.3950933,0.04135228,-0.7767813,0.3198664,-0.6425951,0.6258003,0.3051739,
1,24,70.825,0.3950933,0.04135228,-0.7767813,0.3198664,-0.6425951,0.6258003,0.3051739,
1,24,70.827,0.3950863,0.04133495,-0.7767609,0.3198857,-0.64264,0.6257664,0.3051285,
1,24,70.829,0.3950863,0.04133495,-0.7767609,0.3198857,-0.64264,0.6257664,0.3051285,
1,24,70.831,0.3950863,0.04133495,-0.7767609,0.3198857,-0.64264,0.6257664,0.3051285,
1,24,70.833,0.3950863,0.04133495,-0.7767609,0.3198857,-0.64264,0.6257664,0.3051285,
1,24,70.835,0.395131,0.04139949,-0.7768189,0.3199643,-0.642581,0.6257773,0.305148,
1,24,70.837,0.395131,0.04139949,-0.7768189,0.3199643,-0.642581,0.6257773,0.305148,
1,24,70.839,0.395131,0.04139949,-0.7768189,0.3199643,-0.642581,0.6257773,0.305148,
1,24,70.841,0.395131,0.04139949,-0.7768189,0.3199643,-0.642581,0.6257773,0.305148,
1,24,70.843,0.3951307,0.04129301,-0.776886,0.3199607,-0.6425943,0.6257102,0.3052613,
1,24,70.845,0.3951307,0.04129301,-0.776886,0.3199607,-0.6425943,0.6257102,0.3052613,
1,24,70.847,0.3951307,0.04129301,-0.776886,0.3199607,-0.6425943,0.6257102,0.3052613,
1,24,70.849,0.3951307,0.04129301,-0.776886,0.3199607,-0.6425943,0.6257102,0.3052613,
1,24,70.851,0.395134,0.04137315,-0.7768586,0.3199441,-0.6425522,0.6257578,0.3052699,
1,24,70.853,0.395134,0.04137315,-0.7768586,0.3199441,-0.6425522,0.6257578,0.3052699,
1,24,70.855,0.395134,0.04137315,-0.7768586,0.3199441,-0.6425522,0.6257578,0.3052699,
1,24,70.857,0.395134,0.04137315,-0.7768586,0.3199441,-0.6425522,0.6257578,0.3052699,
1,24,70.859,0.3951013,0.04138819,-0.7768279,0.319904,-0.6425564,0.6258002,0.3052159,
1,24,70.861,0.3951013,0.04138819,-0.7768279,0.319904,-0.6425564,0.6258002,0.3052159,
1,24,70.863,0.3951013,0.04138819,-0.7768279,0.319904,-0.6425564,0.6258002,0.3052159,
1,24,70.865,0.3951013,0.04138819,-0.7768279,0.319904,-0.6425564,0.6258002,0.3052159,
1,24,70.867,0.3951013,0.04138819,-0.7768279,0.319904,-0.6425564,0.6258002,0.3052159,
1,24,70.869,0.3950866,0.04138724,-0.7767867,0.3198732,-0.6425784,0.6258134,0.3051748,
1,24,70.871,0.3950866,0.04138724,-0.7767867,0.3198732,-0.6425784,0.6258134,0.3051748,
1,24,70.873,0.3950866,0.04138724,-0.7767867,0.3198732,-0.6425784,0.6258134,0.3051748,
1,24,70.875,0.3950866,0.04138724,-0.7767867,0.3198732,-0.6425784,0.6258134,0.3051748,
1,24,70.877,0.395114,0.04136862,-0.7768027,0.3198798,-0.6425774,0.6257958,0.3052064,
1,24,70.879,0.395114,0.04136862,-0.7768027,0.3198798,-0.6425774,0.6257958,0.3052064,
1,24,70.881,0.395114,0.04136862,-0.7768027,0.3198798,-0.6425774,0.6257958,0.3052064,
1,24,70.883,0.395114,0.04136862,-0.7768027,0.3198798,-0.6425774,0.6257958,0.3052064,
1,24,70.885,0.3951117,0.04138556,-0.7767856,0.3198714,-0.6425731,0.6258104,0.3051941,
1,24,70.887,0.3951117,0.04138556,-0.7767856,0.3198714,-0.6425731,0.6258104,0.3051941,
1,24,70.889,0.3951117,0.04138556,-0.7767856,0.3198714,-0.6425731,0.6258104,0.3051941,
1,24,70.891,0.3951117,0.04138556,-0.7767856,0.3198714,-0.6425731,0.6258104,0.3051941,
1,24,70.893,0.3950964,0.04140693,-0.7767383,0.3198923,-0.64261,0.6258026,0.3051105,
1,24,70.895,0.3950964,0.04140693,-0.7767383,0.3198923,-0.64261,0.6258026,0.3051105,
1,24,70.897,0.3950964,0.04140693,-0.7767383,0.3198923,-0.64261,0.6258026,0.3051105,
1,24,70.899,0.3950964,0.04140693,-0.7767383,0.3198923,-0.64261,0.6258026,0.3051105,
1,24,70.901,0.3951332,0.0414377,-0.7768091,0.3199741,-0.642552,0.6257824,0.3051885,
1,24,70.903,0.3951332,0.0414377,-0.7768091,0.3199741,-0.642552,0.6257824,0.3051885,
1,24,70.905,0.3951332,0.0414377,-0.7768091,0.3199741,-0.642552,0.6257824,0.3051885,
1,24,70.907,0.3951332,0.0414377,-0.7768091,0.3199741,-0.642552,0.6257824,0.3051885,
1,24,70.909,0.3951327,0.04139001,-0.7768465,0.3199471,-0.6425471,0.6257642,0.3052644,
1,24,70.911,0.3951327,0.04139001,-0.7768465,0.3199471,-0.6425471,0.6257642,0.3052644,
1,24,70.913,0.3951327,0.04139001,-0.7768465,0.3199471,-0.6425471,0.6257642,0.3052644,
1,24,70.915,0.3951327,0.04139001,-0.7768465,0.3199471,-0.6425471,0.6257642,0.3052644,
1,24,70.917,0.3951327,0.04139001,-0.7768465,0.3199471,-0.6425471,0.6257642,0.3052644,
1,24,70.919,0.3951202,0.04142208,-0.7768403,0.3199142,-0.6425082,0.6257997,0.305308,
1,24,70.921,0.3951202,0.04142208,-0.7768403,0.3199142,-0.6425082,0.6257997,0.305308,
1,24,70.923,0.3951202,0.04142208,-0.7768403,0.3199142,-0.6425082,0.6257997,0.305308,
1,24,70.925,0.3951202,0.04142208,-0.7768403,0.3199142,-0.6425082,0.6257997,0.305308,
1,24,70.927,0.3951328,0.04139783,-0.7767801,0.3198951,-0.642581,0.6257969,0.3051804,
1,24,70.929,0.3951328,0.04139783,-0.7767801,0.3198951,-0.642581,0.6257969,0.3051804,
1,24,70.931,0.3951328,0.04139783,-0.7767801,0.3198951,-0.642581,0.6257969,0.3051804,
1,24,70.933,0.3951328,0.04139783,-0.7767801,0.3198951,-0.642581,0.6257969,0.3051804,
1,24,70.935,0.3950973,0.04140516,-0.7767799,0.3199077,-0.6425898,0.6257928,0.3051571,
1,24,70.937,0.3950973,0.04140516,-0.7767799,0.3199077,-0.6425898,0.6257928,0.3051571,
1,24,70.939,0.3950973,0.04140516,-0.7767799,0.3199077,-0.6425898,0.6257928,0.3051571,
1,24,70.941,0.3950973,0.04140516,-0.7767799,0.3199077,-0.6425898,0.6257928,0.3051571,
1,24,70.943,0.3950766,0.04139454,-0.7767719,0.3198808,-0.6425874,0.6258111,0.305153,
1,24,70.945,0.3950766,0.04139454,-0.7767719,0.3198808,-0.6425874,0.6258111,0.305153,
1,24,70.947,0.3950766,0.04139454,-0.7767719,0.3198808,-0.6425874,0.6258111,0.305153,
1,24,70.949,0.3950766,0.04139454,-0.7767719,0.3198808,-0.6425874,0.6258111,0.305153,
1,24,70.951,0.3951389,0.04135559,-0.776871,0.3199271,-0.6425532,0.6257582,0.3052847,
1,24,70.953,0.3951389,0.04135559,-0.776871,0.3199271,-0.6425532,0.6257582,0.3052847,
1,24,70.955,0.3951389,0.04135559,-0.776871,0.3199271,-0.6425532,0.6257582,0.3052847,
1,24,70.957,0.3951389,0.04135559,-0.776871,0.3199271,-0.6425532,0.6257582,0.3052847,
1,24,70.959,0.3951482,0.04131629,-0.7768798,0.3199209,-0.6425909,0.6257442,0.3052407,
1,24,70.961,0.3951482,0.04131629,-0.7768798,0.3199209,-0.6425909,0.6257442,0.3052407,
1,24,70.963,0.3951482,0.04131629,-0.7768798,0.3199209,-0.6425909,0.6257442,0.3052407,
1,24,70.965,0.3951482,0.04131629,-0.7768798,0.3199209,-0.6425909,0.6257442,0.3052407,
1,24,70.967,0.3951482,0.04131629,-0.7768798,0.3199209,-0.6425909,0.6257442,0.3052407,
1,24,70.969,0.3951306,0.04135935,-0.7768533,0.3199022,-0.642553,0.62577,0.3052871,
1,24,70.971,0.3951306,0.04135935,-0.7768533,0.3199022,-0.642553,0.62577,0.3052871,
1,24,70.973,0.3951306,0.04135935,-0.7768533,0.3199022,-0.642553,0.62577,0.3052871,
1,24,70.975,0.3951306,0.04135935,-0.7768533,0.3199022,-0.642553,0.62577,0.3052871,
1,24,70.977,0.3951172,0.04135013,-0.7768234,0.3199272,-0.6425872,0.6257502,0.3052295,
1,24,70.979,0.3951172,0.04135013,-0.7768234,0.3199272,-0.6425872,0.6257502,0.3052295,
1,24,70.981,0.3951172,0.04135013,-0.7768234,0.3199272,-0.6425872,0.6257502,0.3052295,
1,24,70.983,0.3951172,0.04135013,-0.7768234,0.3199272,-0.6425872,0.6257502,0.3052295,
1,24,70.985,0.3951144,0.04136043,-0.7768081,0.3198977,-0.64259,0.6257783,0.3051967,
1,24,70.987,0.3951144,0.04136043,-0.7768081,0.3198977,-0.64259,0.6257783,0.3051967,
1,24,70.989,0.3951144,0.04136043,-0.7768081,0.3198977,-0.64259,0.6257783,0.3051967,
1,24,70.991,0.3951144,0.04136043,-0.7768081,0.3198977,-0.64259,0.6257783,0.3051967,
1,24,70.993,0.3950735,0.04141793,-0.7767411,0.3198806,-0.642584,0.6258358,0.3051096,
1,24,70.995,0.3950735,0.04141793,-0.7767411,0.3198806,-0.642584,0.6258358,0.3051096,
1,24,70.997,0.3950735,0.04141793,-0.7767411,0.3198806,-0.642584,0.6258358,0.3051096,
1,24,70.999,0.3950735,0.04141793,-0.7767411,0.3198806,-0.642584,0.6258358,0.3051096,
1,24,71.001,0.3951317,0.04141353,-0.7768134,0.3199345,-0.6425455,0.6257982,0.3052112,
1,24,71.003,0.3951317,0.04141353,-0.7768134,0.3199345,-0.6425455,0.6257982,0.3052112,
1,24,71.005,0.3951317,0.04141353,-0.7768134,0.3199345,-0.6425455,0.6257982,0.3052112,
1,24,71.007,0.3951317,0.04141353,-0.7768134,0.3199345,-0.6425455,0.6257982,0.3052112,
1,24,71.009,0.3950868,0.04140848,-0.7768195,0.3198785,-0.6425518,0.6258157,0.3052205,
1,24,71.011,0.3950868,0.04140848,-0.7768195,0.3198785,-0.6425518,0.6258157,0.3052205,
1,24,71.013,0.3950868,0.04140848,-0.7768195,0.3198785,-0.6425518,0.6258157,0.3052205,
1,24,71.015,0.3950868,0.04140848,-0.7768195,0.3198785,-0.6425518,0.6258157,0.3052205,
1,24,71.017,0.3950868,0.04140848,-0.7768195,0.3198785,-0.6425518,0.6258157,0.3052205,
1,24,71.019,0.3950212,0.04143536,-0.7767525,0.3197848,-0.6425563,0.625875,0.3051878,
1,24,71.021,0.3950212,0.04143536,-0.7767525,0.3197848,-0.6425563,0.625875,0.3051878,
1,24,71.023,0.3950212,0.04143536,-0.7767525,0.3197848,-0.6425563,0.625875,0.3051878,
1,24,71.025,0.3950212,0.04143536,-0.7767525,0.3197848,-0.6425563,0.625875,0.3051878,
1,24,71.027,0.3950289,0.04136725,-0.7768028,0.319778,-0.6425521,0.6258417,0.305272,
1,24,71.029,0.3950289,0.04136725,-0.7768028,0.319778,-0.6425521,0.6258417,0.305272,
1,24,71.031,0.3950289,0.04136725,-0.7768028,0.319778,-0.6425521,0.6258417,0.305272,
1,24,71.033,0.3950289,0.04136725,-0.7768028,0.319778,-0.6425521,0.6258417,0.305272,
1,24,71.035,0.3950298,0.04139094,-0.7767462,0.3197756,-0.6425787,0.6258509,0.3051999,
1,24,71.037,0.3950298,0.04139094,-0.7767462,0.3197756,-0.6425787,0.6258509,0.3051999,
1,24,71.039,0.3950298,0.04139094,-0.7767462,0.3197756,-0.6425787,0.6258509,0.3051999,
1,24,71.041,0.3950298,0.04139094,-0.7767462,0.3197756,-0.6425787,0.6258509,0.3051999,
1,24,71.043,0.3950201,0.04137755,-0.7767589,0.3197349,-0.6425678,0.6258664,0.3052335,
1,24,71.045,0.3950201,0.04137755,-0.7767589,0.3197349,-0.6425678,0.6258664,0.3052335,
1,24,71.047,0.3950201,0.04137755,-0.7767589,0.3197349,-0.6425678,0.6258664,0.3052335,
1,24,71.049,0.3950201,0.04137755,-0.7767589,0.3197349,-0.6425678,0.6258664,0.3052335,
1,24,71.051,0.3950091,0.04141546,-0.776732,0.3197257,-0.6425409,0.6259072,0.3052161,
1,24,71.053,0.3950091,0.04141546,-0.776732,0.3197257,-0.6425409,0.6259072,0.3052161,
1,24,71.055,0.3950091,0.04141546,-0.776732,0.3197257,-0.6425409,0.6259072,0.3052161,
1,24,71.057,0.3950091,0.04141546,-0.776732,0.3197257,-0.6425409,0.6259072,0.3052161,
1,24,71.059,0.395038,0.04134016,-0.7767942,0.3197577,-0.6426029,0.6258271,0.3052166,
1,24,71.061,0.395038,0.04134016,-0.7767942,0.3197577,-0.6426029,0.6258271,0.3052166,
1,24,71.063,0.395038,0.04134016,-0.7767942,0.3197577,-0.6426029,0.6258271,0.3052166,
1,24,71.065,0.395038,0.04134016,-0.7767942,0.3197577,-0.6426029,0.6258271,0.3052166,
1,24,71.067,0.395038,0.04134016,-0.7767942,0.3197577,-0.6426029,0.6258271,0.3052166,
1,24,71.069,0.3950394,0.04131261,-0.7768283,0.3197868,-0.6426098,0.6257942,0.3052387,
1,24,71.071,0.3950394,0.04131261,-0.7768283,0.3197868,-0.6426098,0.6257942,0.3052387,
1,24,71.073,0.3950394,0.04131261,-0.7768283,0.3197868,-0.6426098,0.6257942,0.3052387,
1,24,71.075,0.3950394,0.04131261,-0.7768283,0.3197868,-0.6426098,0.6257942,0.3052387,
1,24,71.077,0.3950078,0.0413769,-0.7767462,0.3197767,-0.6426082,0.6258378,0.3051636,
1,24,71.079,0.3950078,0.0413769,-0.7767462,0.3197767,-0.6426082,0.6258378,0.3051636,
1,24,71.081,0.3950078,0.0413769,-0.7767462,0.3197767,-0.6426082,0.6258378,0.3051636,
1,24,71.083,0.3950078,0.0413769,-0.7767462,0.3197767,-0.6426082,0.6258378,0.3051636,CourtEnter
1,24,71.085,0.3949628,0.04144086,-0.776716,0.3196759,-0.6425585,0.6259133,0.3052187,
1,24,71.087,0.3949628,0.04144086,-0.776716,0.3196759,-0.6425585,0.6259133,0.3052187,
1,24,71.089,0.3949628,0.04144086,-0.776716,0.3196759,-0.6425585,0.6259133,0.3052187,
1,24,71.091,0.3949628,0.04144086,-0.776716,0.3196759,-0.6425585,0.6259133,0.3052187,CourtExit
1,24,71.093,0.3949866,0.04145072,-0.7767644,0.3196307,-0.6425053,0.6259306,0.3053424,
1,24,71.095,0.3949866,0.04145072,-0.7767644,0.3196307,-0.6425053,0.6259306,0.3053424,
1,24,71.097,0.3949866,0.04145072,-0.7767644,0.3196307,-0.6425053,0.6259306,0.3053424,
1,24,71.099,0.3949866,0.04145072,-0.7767644,0.3196307,-0.6425053,0.6259306,0.3053424,
1,24,71.101,0.3949642,0.04146546,-0.7767305,0.3195832,-0.6424841,0.6259675,0.3053613,
1,24,71.103,0.3949642,0.04146546,-0.7767305,0.3195832,-0.6424841,0.6259675,0.3053613,
1,24,71.105,0.3949642,0.04146546,-0.7767305,0.3195832,-0.6424841,0.6259675,0.3053613,
1,24,71.107,0.3949642,0.04146546,-0.7767305,0.3195832,-0.6424841,0.6259675,0.3053613,
1,24,71.109,0.3949725,0.04148734,-0.7767736,0.3196396,-0.6424464,0.6259518,0.3054139,
1,24,71.111,0.3949725,0.04148734,-0.7767736,0.3196396,-0.6424464,0.6259518,0.3054139,
1,24,71.113,0.3949725,0.04148734,-0.7767736,0.3196396,-0.6424464,0.6259518,0.3054139,
1,24,71.115,0.3949725,0.04148734,-0.7767736,0.3196396,-0.6424464,0.6259518,0.3054139,
1,24,71.117,0.3949725,0.04148734,-0.7767736,0.3196396,-0.6424464,0.6259518,0.3054139,
1,24,71.119,0.3949556,0.04150695,-0.7767004,0.3196243,-0.6424896,0.6259757,0.3052898,
1,24,71.121,0.3949556,0.04150695,-0.7767004,0.3196243,-0.6424896,0.6259757,0.3052898,
1,24,71.123,0.3949556,0.04150695,-0.7767004,0.3196243,-0.6424896,0.6259757,0.3052898,
1,24,71.125,0.3949556,0.04150695,-0.7767004,0.3196243,-0.6424896,0.6259757,0.3052898,
1,24,71.127,0.3949988,0.04145562,-0.7767515,0.3196126,-0.6425208,0.6259466,0.3052963,
1,24,71.129,0.3949988,0.04145562,-0.7767515,0.3196126,-0.6425208,0.6259466,0.3052963,
1,24,71.131,0.3949988,0.04145562,-0.7767515,0.3196126,-0.6425208,0.6259466,0.3052963,
1,24,71.133,0.3949988,0.04145562,-0.7767515,0.3196126,-0.6425208,0.6259466,0.3052963,
1,24,71.135,0.394973,0.04140389,-0.776786,0.3195966,-0.6424906,0.6259151,0.305441,
1,24,71.137,0.394973,0.04140389,-0.776786,0.3195966,-0.6424906,0.6259151,0.305441,
1,24,71.139,0.394973,0.04140389,-0.776786,0.3195966,-0.6424906,0.6259151,0.305441,
1,24,71.141,0.394973,0.04140389,-0.776786,0.3195966,-0.6424906,0.6259151,0.305441,
1,24,71.143,0.3949972,0.04149355,-0.7767159,0.3195785,-0.6424878,0.6259816,0.3053299,
1,24,71.145,0.3949972,0.04149355,-0.7767159,0.3195785,-0.6424878,0.6259816,0.3053299,
1,24,71.147,0.3949972,0.04149355,-0.7767159,0.3195785,-0.6424878,0.6259816,0.3053299,
1,24,71.149,0.3949972,0.04149355,-0.7767159,0.3195785,-0.6424878,0.6259816,0.3053299,
1,24,71.151,0.3949868,0.04149049,-0.7767146,0.319618,-0.6424931,0.6259822,0.3052757,
1,24,71.153,0.3949868,0.04149049,-0.7767146,0.319618,-0.6424931,0.6259822,0.3052757,
1,24,71.155,0.3949868,0.04149049,-0.7767146,0.319618,-0.6424931,0.6259822,0.3052757,
1,24,71.157,0.3949868,0.04149049,-0.7767146,0.319618,-0.6424931,0.6259822,0.3052757,
1,24,71.159,0.3949802,0.04145046,-0.7767317,0.3196204,-0.6425216,0.6259447,0.3052901,
1,24,71.161,0.3949802,0.04145046,-0.7767317,0.3196204,-0.6425216,0.6259447,0.3052901,
1,24,71.163,0.3949802,0.04145046,-0.7767317,0.3196204,-0.6425216,0.6259447,0.3052901,
1,24,71.165,0.3949802,0.04145046,-0.7767317,0.3196204,-0.6425216,0.6259447,0.3052901,
1,24,71.167,0.3949802,0.04145046,-0.7767317,0.3196204,-0.6425216,0.6259447,0.3052901,
1,24,71.169,0.3949764,0.0414327,-0.776727,0.3196088,-0.6425126,0.6259527,0.3053051,
1,24,71.171,0.3949764,0.0414327,-0.776727,0.3196088,-0.6425126,0.6259527,0.3053051,
1,24,71.173,0.3949764,0.0414327,-0.776727,0.3196088,-0.6425126,0.6259527,0.3053051,
1,24,71.175,0.3949764,0.0414327,-0.776727,0.3196088,-0.6425126,0.6259527,0.3053051,
1,24,71.177,0.3949544,0.04149825,-0.7767267,0.3196136,-0.6424415,0.6259919,0.3053692,
1,24,71.179,0.3949544,0.04149825,-0.7767267,0.3196136,-0.6424415,0.6259919,0.3053692,
1,24,71.181,0.3949544,0.04149825,-0.7767267,0.3196136,-0.6424415,0.6259919,0.3053692,
1,24,71.183,0.3949544,0.04149825,-0.7767267,0.3196136,-0.6424415,0.6259919,0.3053692,
1,24,71.185,0.3949887,0.04150344,-0.7766862,0.3196737,-0.6425061,0.6259668,0.3052214,
1,24,71.187,0.3949887,0.04150344,-0.7766862,0.3196737,-0.6425061,0.6259668,0.3052214,
1,24,71.189,0.3949887,0.04150344,-0.7766862,0.3196737,-0.6425061,0.6259668,0.3052214,
1,24,71.191,0.3949887,0.04150344,-0.7766862,0.3196737,-0.6425061,0.6259668,0.3052214,
1,24,71.193,0.3950309,0.04147093,-0.7767425,0.3197292,-0.6425231,0.6259221,0.3052197,
1,24,71.195,0.3950309,0.04147093,-0.7767425,0.3197292,-0.6425231,0.6259221,0.3052197,
1,24,71.197,0.3950309,0.04147093,-0.7767425,0.3197292,-0.6425231,0.6259221,0.3052197,
1,24,71.199,0.3950309,0.04147093,-0.7767425,0.3197292,-0.6425231,0.6259221,0.3052197,
1,24,71.201,0.3950249,0.04147413,-0.7767315,0.3197739,-0.6425275,0.6258944,0.3052203,
1,24,71.203,0.3950249,0.04147413,-0.7767315,0.3197739,-0.6425275,0.6258944,0.3052203,
1,24,71.205,0.3950249,0.04147413,-0.7767315,0.3197739,-0.6425275,0.6258944,0.3052203,
1,24,71.207,0.3950249,0.04147413,-0.7767315,0.3197739,-0.6425275,0.6258944,0.3052203,
1,24,71.209,0.395049,0.04146035,-0.7767801,0.3198234,-0.6425009,0.6258726,0.3052692,
1,24,71.211,0.395049,0.04146035,-0.7767801,0.3198234,-0.6425009,0.6258726,0.3052692,
1,24,71.213,0.395049,0.04146035,-0.7767801,0.3198234,-0.6425009,0.6258726,0.3052692,
1,24,71.215,0.395049,0.04146035,-0.7767801,0.3198234,-0.6425009,0.6258726,0.3052692,
1,24,71.217,0.395049,0.04146035,-0.7767801,0.3198234,-0.6425009,0.6258726,0.3052692,
1,24,71.219,0.3950697,0.04143596,-0.7767861,0.3198121,-0.6425126,0.6258619,0.3052782,
1,24,71.221,0.3950697,0.04143596,-0.7767861,0.3198121,-0.6425126,0.6258619,0.3052782,
1,24,71.223,0.3950697,0.04143596,-0.7767861,0.3198121,-0.6425126,0.6258619,0.3052782,
1,24,71.225,0.3950697,0.04143596,-0.7767861,0.3198121,-0.6425126,0.6258619,0.3052782,
1,24,71.227,0.3950284,0.04140938,-0.7767149,0.3198155,-0.6426131,0.6258295,0.3051294,
1,24,71.229,0.3950284,0.04140938,-0.7767149,0.3198155,-0.6426131,0.6258295,0.3051294,
1,24,71.231,0.3950284,0.04140938,-0.7767149,0.3198155,-0.6426131,0.6258295,0.3051294,
1,24,71.233,0.3950284,0.04140938,-0.7767149,0.3198155,-0.6426131,0.6258295,0.3051294,
1,24,71.235,0.3949943,0.04137973,-0.7766806,0.3197512,-0.6426283,0.6258392,0.3051447,
1,24,71.237,0.3949943,0.04137973,-0.7766806,0.3197512,-0.6426283,0.6258392,0.3051447,
1,24,71.239,0.3949943,0.04137973,-0.7766806,0.3197512,-0.6426283,0.6258392,0.3051447,
1,24,71.241,0.3949943,0.04137973,-0.7766806,0.3197512,-0.6426283,0.6258392,0.3051447,
1,24,71.243,0.3950309,0.04139201,-0.7767664,0.319789,-0.6425655,0.6258396,0.3052367,
1,24,71.245,0.3950309,0.04139201,-0.7767664,0.319789,-0.6425655,0.6258396,0.3052367,
1,24,71.247,0.3950309,0.04139201,-0.7767664,0.319789,-0.6425655,0.6258396,0.3052367,
1,24,71.249,0.3950309,0.04139201,-0.7767664,0.319789,-0.6425655,0.6258396,0.3052367,
1,24,71.251,0.395045,0.04142801,-0.7767659,0.3198217,-0.642529,0.6258473,0.3052635,
1,24,71.253,0.395045,0.04142801,-0.7767659,0.3198217,-0.642529,0.6258473,0.3052635,
1,24,71.255,0.395045,0.04142801,-0.7767659,0.3198217,-0.642529,0.6258473,0.3052635,
1,24,71.257,0.395045,0.04142801,-0.7767659,0.3198217,-0.642529,0.6258473,0.3052635,
1,24,71.259,0.3950751,0.04143539,-0.7768126,0.3198436,-0.642535,0.6258423,0.3052379,
1,24,71.261,0.3950751,0.04143539,-0.7768126,0.3198436,-0.642535,0.6258423,0.3052379,
1,24,71.263,0.3950751,0.04143539,-0.7768126,0.3198436,-0.642535,0.6258423,0.3052379,
1,24,71.265,0.3950751,0.04143539,-0.7768126,0.3198436,-0.642535,0.6258423,0.3052379,
1,24,71.267,0.3950751,0.04143539,-0.7768126,0.3198436,-0.642535,0.6258423,0.3052379,
1,24,71.269,0.3950574,0.04141506,-0.7768068,0.3198136,-0.6425374,0.6258586,0.3052312,
1,24,71.271,0.3950574,0.04141506,-0.7768068,0.3198136,-0.6425374,0.6258586,0.3052312,
1,24,71.273,0.3950574,0.04141506,-0.7768068,0.3198136,-0.6425374,0.6258586,0.3052312,
1,24,71.275,0.3950574,0.04141506,-0.7768068,0.3198136,-0.6425374,0.6258586,0.3052312,
1,24,71.277,0.3950369,0.04142126,-0.7767941,0.3197639,-0.6425227,0.6258663,0.3052985,
1,24,71.279,0.3950369,0.04142126,-0.7767941,0.3197639,-0.6425227,0.6258663,0.3052985,
1,24,71.281,0.3950369,0.04142126,-0.7767941,0.3197639,-0.6425227,0.6258663,0.3052985,
1,24,71.283,0.3950369,0.04142126,-0.7767941,0.3197639,-0.6425227,0.6258663,0.3052985,
1,24,71.285,0.3950455,0.04142538,-0.7768127,0.3197244,-0.6425221,0.6258893,0.3052937,
1,24,71.287,0.3950455,0.04142538,-0.7768127,0.3197244,-0.6425221,0.6258893,0.3052937,
1,24,71.289,0.3950455,0.04142538,-0.7768127,0.3197244,-0.6425221,0.6258893,0.3052937,
1,24,71.291,0.3950455,0.04142538,-0.7768127,0.3197244,-0.6425221,0.6258893,0.3052937,
1,24,71.293,0.3949794,0.04147525,-0.7767439,0.3196752,-0.6425046,0.6259508,0.305256,
1,24,71.295,0.3949794,0.04147525,-0.7767439,0.3196752,-0.6425046,0.6259508,0.305256,
1,24,71.297,0.3949794,0.04147525,-0.7767439,0.3196752,-0.6425046,0.6259508,0.305256,
1,24,71.299,0.3949794,0.04147525,-0.7767439,0.3196752,-0.6425046,0.6259508,0.305256,
1,24,71.301,0.3949758,0.04152814,-0.7767168,0.319673,-0.6424997,0.625972,0.3052251,
1,24,71.303,0.3949758,0.04152814,-0.7767168,0.319673,-0.6424997,0.625972,0.3052251,
1,24,71.305,0.3949758,0.04152814,-0.7767168,0.319673,-0.6424997,0.625972,0.3052251,
1,24,71.307,0.3949758,0.04152814,-0.7767168,0.319673,-0.6424997,0.625972,0.3052251,
1,24,71.309,0.3949619,0.04148867,-0.7767249,0.3196492,-0.6425025,0.6259452,0.3052991,
1,24,71.311,0.3949619,0.04148867,-0.7767249,0.3196492,-0.6425025,0.6259452,0.3052991,
1,24,71.313,0.3949619,0.04148867,-0.7767249,0.3196492,-0.6425025,0.6259452,0.3052991,
1,24,71.315,0.3949619,0.04148867,-0.7767249,0.3196492,-0.6425025,0.6259452,0.3052991,
1,24,71.317,0.3949619,0.04148867,-0.7767249,0.3196492,-0.6425025,0.6259452,0.3052991,
1,24,71.319,0.3949883,0.04149669,-0.7767284,0.319637,-0.6425011,0.6259606,0.3052835,
1,24,71.321,0.3949883,0.04149669,-0.7767284,0.319637,-0.6425011,0.6259606,0.3052835,
1,24,71.323,0.3949883,0.04149669,-0.7767284,0.319637,-0.6425011,0.6259606,0.3052835,
1,24,71.325,0.3949883,0.04149669,-0.7767284,0.319637,-0.6425011,0.6259606,0.3052835,
1,24,71.327,0.3949254,0.04150452,-0.7766823,0.3196092,-0.6424907,0.6259953,0.305263,
1,24,71.329,0.3949254,0.04150452,-0.7766823,0.3196092,-0.6424907,0.6259953,0.305263,
1,24,71.331,0.3949254,0.04150452,-0.7766823,0.3196092,-0.6424907,0.6259953,0.305263,
1,24,71.333,0.3949254,0.04150452,-0.7766823,0.3196092,-0.6424907,0.6259953,0.305263,
1,24,71.335,0.3949295,0.04155815,-0.7766584,0.3195743,-0.6424576,0.6260501,0.3052568,
1,24,71.337,0.3949295,0.04155815,-0.7766584,0.3195743,-0.6424576,0.6260501,0.3052568,
1,24,71.339,0.3949295,0.04155815,-0.7766584,0.3195743,-0.6424576,0.6260501,0.3052568,
1,24,71.341,0.3949295,0.04155815,-0.7766584,0.3195743,-0.6424576,0.6260501,0.3052568,
1,24,71.343,0.3949496,0.04152568,-0.776688,0.3196121,-0.6424847,0.6260065,0.30525,
1,24,71.345,0.3949496,0.04152568,-0.776688,0.3196121,-0.6424847,0.6260065,0.30525,
1,24,71.347,0.3949496,0.04152568,-0.776688,0.3196121,-0.6424847,0.6260065,0.30525,
1,24,71.349,0.3949496,0.04152568,-0.776688,0.3196121,-0.6424847,0.6260065,0.30525,
1,24,71.351,0.3949887,0.04153499,-0.7767378,0.3196636,-0.6424603,0.6259905,0.3052801,
1,24,71.353,0.3949887,0.04153499,-0.7767378,0.3196636,-0.6424603,0.6259905,0.3052801,
1,24,71.355,0.3949887,0.04153499,-0.7767378,0.3196636,-0.6424603,0.6259905,0.3052801,
1,24,71.357,0.3949887,0.04153499,-0.7767378,0.3196636,-0.6424603,0.6259905,0.3052801,
1,24,71.359,0.3950054,0.04147787,-0.7767466,0.3197255,-0.6425011,0.6259149,0.3052844,
1,24,71.361,0.3950054,0.04147787,-0.7767466,0.3197255,-0.6425011,0.6259149,0.3052844,
1,24,71.363,0.3950054,0.04147787,-0.7767466,0.3197255,-0.6425011,0.6259149,0.3052844,
1,24,71.365,0.3950054,0.04147787,-0.7767466,0.3197255,-0.6425011,0.6259149,0.3052844,
1,24,71.367,0.3950054,0.04147787,-0.7767466,0.3197255,-0.6425011,0.6259149,0.3052844,
1,24,71.369,0.3950373,0.04139531,-0.7767981,0.3197982,-0.6425584,0.6258282,0.3052653,
1,24,71.371,0.3950373,0.04139531,-0.7767981,0.3197982,-0.6425584,0.6258282,0.3052653,
1,24,71.373,0.3950373,0.04139531,-0.7767981,0.3197982,-0.6425584,0.6258282,0.3052653,
1,24,71.375,0.3950373,0.04139531,-0.7767981,0.3197982,-0.6425584,0.6258282,0.3052653,
1,24,71.377,0.3950641,0.0413768,-0.7768086,0.3198592,-0.64258,0.6258005,0.3052126,
1,24,71.379,0.3950641,0.0413768,-0.7768086,0.3198592,-0.64258,0.6258005,0.3052126,
1,24,71.381,0.3950641,0.0413768,-0.7768086,0.3198592,-0.64258,0.6258005,0.3052126,
1,24,71.383,0.3950641,0.0413768,-0.7768086,0.3198592,-0.64258,0.6258005,0.3052126,
1,24,71.385,0.3950972,0.04139665,-0.7768283,0.3198648,-0.6425525,0.6258111,0.305243,
1,24,71.387,0.3950972,0.04139665,-0.7768283,0.3198648,-0.6425525,0.6258111,0.305243,
1,24,71.389,0.3950972,0.04139665,-0.7768283,0.3198648,-0.6425525,0.6258111,0.305243,
1,24,71.391,0.3950972,0.04139665,-0.7768283,0.3198648,-0.6425525,0.6258111,0.305243,
1,24,71.393,0.3950746,0.04140374,-0.7767952,0.3198696,-0.6425583,0.6258004,0.3052478,
1,24,71.395,0.3950746,0.04140374,-0.7767952,0.3198696,-0.6425583,0.6258004,0.3052478,
1,24,71.397,0.3950746,0.04140374,-0.7767952,0.3198696,-0.6425583,0.6258004,0.3052478,
1,24,71.399,0.3950746,0.04140374,-0.7767952,0.3198696,-0.6425583,0.6258004,0.3052478,
1,24,71.401,0.3951152,0.04144652,-0.7768095,0.3199009,-0.6425342,0.6258311,0.3052027,
1,24,71.403,0.3951152,0.04144652,-0.7768095,0.3199009,-0.6425342,0.6258311,0.3052027,
1,24,71.405,0.3951152,0.04144652,-0.7768095,0.3199009,-0.6425342,0.6258311,0.3052027,
1,24,71.407,0.3951152,0.04144652,-0.7768095,0.3199009,-0.6425342,0.6258311,0.3052027,
1,24,71.409,0.3950952,0.04147721,-0.7767566,0.3198849,-0.6425374,0.6258414,0.3051919,
1,24,71.411,0.3950952,0.04147721,-0.7767566,0.3198849,-0.6425374,0.6258414,0.3051919,
1,24,71.413,0.3950952,0.04147721,-0.7767566,0.3198849,-0.6425374,0.6258414,0.3051919,
1,24,71.415,0.3950952,0.04147721,-0.7767566,0.3198849,-0.6425374,0.6258414,0.3051919,
1,24,71.417,0.3950952,0.04147721,-0.7767566,0.3198849,-0.6425374,0.6258414,0.3051919,
1,24,71.419,0.3950789,0.04144302,-0.7767667,0.3198383,-0.6425437,0.6258535,0.3052025,
1,24,71.421,0.3950789,0.04144302,-0.7767667,0.3198383,-0.6425437,0.6258535,0.3052025,
1,24,71.423,0.3950789,0.04144302,-0.7767667,0.3198383,-0.6425437,0.6258535,0.3052025,
1,24,71.425,0.3950789,0.04144302,-0.7767667,0.3198383,-0.6425437,0.6258535,0.3052025,
1,24,71.427,0.3951088,0.04131969,-0.776862,0.3198637,-0.6425849,0.6257478,0.3053055,
1,24,71.429,0.3951088,0.04131969,-0.776862,0.3198637,-0.6425849,0.6257478,0.3053055,
1,24,71.431,0.3951088,0.04131969,-0.776862,0.3198637,-0.6425849,0.6257478,0.3053055,
1,24,71.433,0.3951088,0.04131969,-0.776862,0.3198637,-0.6425849,0.6257478,0.3053055,
1,24,71.435,0.3950727,0.04138482,-0.7767856,0.3198465,-0.6425779,0.6258126,0.3052058,
1,24,71.437,0.3950727,0.04138482,-0.7767856,0.3198465,-0.6425779,0.6258126,0.3052058,
1,24,71.439,0.3950727,0.04138482,-0.7767856,0.3198465,-0.6425779,0.6258126,0.3052058,
1,24,71.441,0.3950727,0.04138482,-0.7767856,0.3198465,-0.6425779,0.6258126,0.3052058,
1,24,71.443,0.3950299,0.0413602,-0.7767527,0.3198351,-0.6426362,0.6257604,0.305202,
1,24,71.445,0.3950299,0.0413602,-0.7767527,0.3198351,-0.6426362,0.6257604,0.305202,
1,24,71.447,0.3950299,0.0413602,-0.7767527,0.3198351,-0.6426362,0.6257604,0.305202,
1,24,71.449,0.3950299,0.0413602,-0.7767527,0.3198351,-0.6426362,0.6257604,0.305202,
1,24,71.451,0.3950536,0.04132845,-0.7767649,0.3197965,-0.6426519,0.6257579,0.3052146,
1,24,71.453,0.3950536,0.04132845,-0.7767649,0.3197965,-0.6426519,0.6257579,0.3052146,
1,24,71.455,0.3950536,0.04132845,-0.7767649,0.3197965,-0.6426519,0.6257579,0.3052146,
1,24,71.457,0.3950536,0.04132845,-0.7767649,0.3197965,-0.6426519,0.6257579,0.3052146,
1,24,71.459,0.3950786,0.04136189,-0.7768341,0.319912,-0.6426084,0.6257401,0.3052214,
1,24,71.461,0.3950786,0.04136189,-0.7768341,0.319912,-0.6426084,0.6257401,0.3052214,
1,24,71.463,0.3950786,0.04136189,-0.7768341,0.319912,-0.6426084,0.6257401,0.3052214,
1,24,71.465,0.3950786,0.04136189,-0.7768341,0.319912,-0.6426084,0.6257401,0.3052214,
1,24,71.467,0.3950786,0.04136189,-0.7768341,0.319912,-0.6426084,0.6257401,0.3052214,
1,24,71.469,0.3950043,0.04148883,-0.7767375,0.3197831,-0.6425319,0.6259001,0.3051899,
1,24,71.471,0.3950043,0.04148883,-0.7767375,0.3197831,-0.6425319,0.6259001,0.3051899,
1,24,71.473,0.3950043,0.04148883,-0.7767375,0.3197831,-0.6425319,0.6259001,0.3051899,
1,24,71.475,0.3950043,0.04148883,-0.7767375,0.3197831,-0.6425319,0.6259001,0.3051899,
1,24,71.477,0.3949736,0.04148515,-0.7767231,0.3196566,-0.6425196,0.6259533,0.3052387,
1,24,71.479,0.3949736,0.04148515,-0.7767231,0.3196566,-0.6425196,0.6259533,0.3052387,
1,24,71.481,0.3949736,0.04148515,-0.7767231,0.3196566,-0.6425196,0.6259533,0.3052387,
1,24,71.483,0.3949736,0.04148515,-0.7767231,0.3196566,-0.6425196,0.6259533,0.3052387,
1,24,71.485,0.3949564,0.0415267,-0.7767095,0.3195978,-0.6424651,0.6259913,0.3053373,
1,24,71.487,0.3949564,0.0415267,-0.7767095,0.3195978,-0.6424651,0.6259913,0.3053373,
1,24,71.489,0.3949564,0.0415267,-0.7767095,0.3195978,-0.6424651,0.6259913,0.3053373,
1,24,71.491,0.3949564,0.0415267,-0.7767095,0.3195978,-0.6424651,0.6259913,0.3053373,
1,24,71.493,0.3950016,0.04143147,-0.7767283,0.3196592,-0.6425376,0.6259313,0.3052434,
1,24,71.495,0.3950016,0.04143147,-0.7767283,0.3196592,-0.6425376,0.6259313,0.3052434,
1,24,71.497,0.3950016,0.04143147,-0.7767283,0.3196592,-0.6425376,0.6259313,0.3052434,
1,24,71.499,0.3950016,0.04143147,-0.7767283,0.3196592,-0.6425376,0.6259313,0.3052434,
1,24,71.501,0.3950163,0.04141383,-0.7767085,0.3197866,-0.6426201,0.6258512,0.3051005,
1,24,71.503,0.3950163,0.04141383,-0.7767085,0.3197866,-0.6426201,0.6258512,0.3051005,
1,24,71.505,0.3950163,0.04141383,-0.7767085,0.3197866,-0.6426201,0.6258512,0.3051005,
1,24,71.507,0.3950163,0.04141383,-0.7767085,0.3197866,-0.6426201,0.6258512,0.3051005,
1,24,71.509,0.3950261,0.04136383,-0.7767636,0.3197996,-0.6426218,0.6258177,0.3051519,
1,24,71.511,0.3950261,0.04136383,-0.7767636,0.3197996,-0.6426218,0.6258177,0.3051519,
1,24,71.513,0.3950261,0.04136383,-0.7767636,0.3197996,-0.6426218,0.6258177,0.3051519,
1,24,71.515,0.3950261,0.04136383,-0.7767636,0.3197996,-0.6426218,0.6258177,0.3051519,
1,24,71.517,0.3950261,0.04136383,-0.7767636,0.3197996,-0.6426218,0.6258177,0.3051519,
1,24,71.519,0.3950355,0.04132251,-0.7768226,0.3197668,-0.6425902,0.6258187,0.3052507,
1,24,71.521,0.3950355,0.04132251,-0.7768226,0.3197668,-0.6425902,0.6258187,0.3052507,
1,24,71.523,0.3950355,0.04132251,-0.7768226,0.3197668,-0.6425902,0.6258187,0.3052507,
1,24,71.525,0.3950355,0.04132251,-0.7768226,0.3197668,-0.6425902,0.6258187,0.3052507,
1,24,71.527,0.3950181,0.04138859,-0.7767633,0.3197461,-0.6425585,0.6258574,0.3052598,
1,24,71.529,0.3950181,0.04138859,-0.7767633,0.3197461,-0.6425585,0.6258574,0.3052598,
1,24,71.531,0.3950181,0.04138859,-0.7767633,0.3197461,-0.6425585,0.6258574,0.3052598,
1,24,71.533,0.3950181,0.04138859,-0.7767633,0.3197461,-0.6425585,0.6258574,0.3052598,
1,24,71.535,0.3949986,0.04140197,-0.7767414,0.3197294,-0.6425321,0.6258834,0.3052797,
1,24,71.537,0.3949986,0.04140197,-0.7767414,0.3197294,-0.6425321,0.6258834,0.3052797,
1,24,71.539,0.3949986,0.04140197,-0.7767414,0.3197294,-0.6425321,0.6258834,0.3052797,
1,24,71.541,0.3949986,0.04140197,-0.7767414,0.3197294,-0.6425321,0.6258834,0.3052797,
1,24,71.543,0.3950408,0.04136144,-0.7767704,0.3197465,-0.6425872,0.6258479,0.3052184,
1,24,71.545,0.3950408,0.04136144,-0.7767704,0.3197465,-0.6425872,0.6258479,0.3052184,
1,24,71.547,0.3950408,0.04136144,-0.7767704,0.3197465,-0.6425872,0.6258479,0.3052184,
1,24,71.549,0.3950408,0.04136144,-0.7767704,0.3197465,-0.6425872,0.6258479,0.3052184,
1,24,71.551,0.3950112,0.04134448,-0.7767568,0.3197152,-0.6425985,0.6258275,0.3052692,
1,24,71.553,0.3950112,0.04134448,-0.7767568,0.3197152,-0.6425985,0.6258275,0.3052692,
1,24,71.555,0.3950112,0.04134448,-0.7767568,0.3197152,-0.6425985,0.6258275,0.3052692,
1,24,71.557,0.3950112,0.04134448,-0.7767568,0.3197152,-0.6425985,0.6258275,0.3052692,
1,24,71.559,0.3950414,0.04136507,-0.7767767,0.3197255,-0.6425889,0.6258352,0.305263,
1,24,71.561,0.3950414,0.04136507,-0.7767767,0.3197255,-0.6425889,0.6258352,0.305263,
1,24,71.563,0.3950414,0.04136507,-0.7767767,0.3197255,-0.6425889,0.6258352,0.305263,
1,24,71.565,0.3950414,0.04136507,-0.7767767,0.3197255,-0.6425889,0.6258352,0.305263,
1,24,71.567,0.3950414,0.04136507,-0.7767767,0.3197255,-0.6425889,0.6258352,0.305263,
1,24,71.569,0.3950191,0.04141671,-0.7767111,0.3197405,-0.6425859,0.6258763,0.3051694,
1,24,71.571,0.3950191,0.04141671,-0.7767111,0.3197405,-0.6425859,0.6258763,0.3051694,
1,24,71.573,0.3950191,0.04141671,-0.7767111,0.3197405,-0.6425859,0.6258763,0.3051694,
1,24,71.575,0.3950191,0.04141671,-0.7767111,0.3197405,-0.6425859,0.6258763,0.3051694,
1,24,71.577,0.3950582,0.04146336,-0.776787,0.3198293,-0.642529,0.6258712,0.3052067,
1,24,71.579,0.3950582,0.04146336,-0.776787,0.3198293,-0.642529,0.6258712,0.3052067,
1,24,71.581,0.3950582,0.04146336,-0.776787,0.3198293,-0.642529,0.6258712,0.3052067,
1,24,71.583,0.3950582,0.04146336,-0.776787,0.3198293,-0.642529,0.6258712,0.3052067,
1,24,71.585,0.3950481,0.04140816,-0.7767796,0.3198093,-0.6425723,0.6258458,0.3051884,
1,24,71.587,0.3950481,0.04140816,-0.7767796,0.3198093,-0.6425723,0.6258458,0.3051884,
1,24,71.589,0.3950481,0.04140816,-0.7767796,0.3198093,-0.6425723,0.6258458,0.3051884,
1,24,71.591,0.3950481,0.04140816,-0.7767796,0.3198093,-0.6425723,0.6258458,0.3051884,
1,24,71.593,0.3950141,0.04140426,-0.776743,0.3197678,-0.6425745,0.6258667,0.3051842,
1,24,71.595,0.3950141,0.04140426,-0.776743,0.3197678,-0.6425745,0.6258667,0.3051842,
1,24,71.597,0.3950141,0.04140426,-0.776743,0.3197678,-0.6425745,0.6258667,0.3051842,
1,24,71.599,0.3950141,0.04140426,-0.776743,0.3197678,-0.6425745,0.6258667,0.3051842,
1,24,71.601,0.3950233,0.04139037,-0.7767773,0.3198052,-0.6425831,0.6258103,0.3052428,
1,24,71.603,0.3950233,0.04139037,-0.7767773,0.3198052,-0.6425831,0.6258103,0.3052428,
1,24,71.605,0.3950233,0.04139037,-0.7767773,0.3198052,-0.6425831,0.6258103,0.3052428,
1,24,71.607,0.3950233,0.04139037,-0.7767773,0.3198052,-0.6425831,0.6258103,0.3052428,
1,24,71.609,0.3950599,0.04140794,-0.7768195,0.3198295,-0.6425616,0.6258292,0.3052238,
1,24,71.611,0.3950599,0.04140794,-0.7768195,0.3198295,-0.6425616,0.6258292,0.3052238,
1,24,71.613,0.3950599,0.04140794,-0.7768195,0.3198295,-0.6425616,0.6258292,0.3052238,
1,24,71.615,0.3950599,0.04140794,-0.7768195,0.3198295,-0.6425616,0.6258292,0.3052238,
1,24,71.617,0.3950599,0.04140794,-0.7768195,0.3198295,-0.6425616,0.6258292,0.3052238,
1,24,71.619,0.3950274,0.04141055,-0.7767582,0.319815,-0.6425755,0.6258564,0.3051538,
1,24,71.621,0.3950274,0.04141055,-0.7767582,0.319815,-0.6425755,0.6258564,0.3051538,
1,24,71.623,0.3950274,0.04141055,-0.7767582,0.319815,-0.6425755,0.6258564,0.3051538,
1,24,71.625,0.3950274,0.04141055,-0.7767582,0.319815,-0.6425755,0.6258564,0.3051538,
1,24,71.627,0.3950024,0.04144354,-0.7767265,0.3197952,-0.6425821,0.6258742,0.3051243,
1,24,71.629,0.3950024,0.04144354,-0.7767265,0.3197952,-0.6425821,0.6258742,0.3051243,
1,24,71.631,0.3950024,0.04144354,-0.7767265,0.3197952,-0.6425821,0.6258742,0.3051243,
1,24,71.633,0.3950024,0.04144354,-0.7767265,0.3197952,-0.6425821,0.6258742,0.3051243,
1,24,71.635,0.3950774,0.04137907,-0.7768384,0.3198619,-0.6425639,0.6257865,0.3052727,
1,24,71.637,0.3950774,0.04137907,-0.7768384,0.3198619,-0.6425639,0.6257865,0.3052727,
1,24,71.639,0.3950774,0.04137907,-0.7768384,0.3198619,-0.6425639,0.6257865,0.3052727,
1,24,71.641,0.3950774,0.04137907,-0.7768384,0.3198619,-0.6425639,0.6257865,0.3052727,
1,24,71.643,0.3950334,0.04141361,-0.7767833,0.3197902,-0.6425633,0.62585,0.3052188,
1,24,71.645,0.3950334,0.04141361,-0.7767833,0.3197902,-0.6425633,0.62585,0.3052188,
1,24,71.647,0.3950334,0.04141361,-0.7767833,0.3197902,-0.6425633,0.62585,0.3052188,
1,24,71.649,0.3950334,0.04141361,-0.7767833,0.3197902,-0.6425633,0.62585,0.3052188,
1,24,71.651,0.3950354,0.04147086,-0.7767721,0.3198271,-0.6425608,0.6258618,0.3051612,
1,24,71.653,0.3950354,0.04147086,-0.7767721,0.3198271,-0.6425608,0.6258618,0.3051612,
1,24,71.655,0.3950354,0.04147086,-0.7767721,0.3198271,-0.6425608,0.6258618,0.3051612,
1,24,71.657,0.3950354,0.04147086,-0.7767721,0.3198271,-0.6425608,0.6258618,0.3051612,
1,24,71.659,0.3950296,0.04144235,-0.7767882,0.3198281,-0.6425461,0.6258528,0.3052094,
1,24,71.661,0.3950296,0.04144235,-0.7767882,0.3198281,-0.6425461,0.6258528,0.3052094,
1,24,71.663,0.3950296,0.04144235,-0.7767882,0.3198281,-0.6425461,0.6258528,0.3052094,
1,24,71.665,0.3950296,0.04144235,-0.7767882,0.3198281,-0.6425461,0.6258528,0.3052094,
1,24,71.667,0.3950296,0.04144235,-0.7767882,0.3198281,-0.6425461,0.6258528,0.3052094,
1,24,71.669,0.3950266,0.04148336,-0.7767292,0.3197922,-0.6425521,0.6259073,0.3051226,
1,24,71.671,0.3950266,0.04148336,-0.7767292,0.3197922,-0.6425521,0.6259073,0.3051226,
1,24,71.673,0.3950266,0.04148336,-0.7767292,0.3197922,-0.6425521,0.6259073,0.3051226,
1,24,71.675,0.3950266,0.04148336,-0.7767292,0.3197922,-0.6425521,0.6259073,0.3051226,
1,24,71.677,0.3950485,0.0414093,-0.7768201,0.3198175,-0.6425719,0.6258367,0.3051993,
1,24,71.679,0.3950485,0.0414093,-0.7768201,0.3198175,-0.6425719,0.6258367,0.3051993,
1,24,71.681,0.3950485,0.0414093,-0.7768201,0.3198175,-0.6425719,0.6258367,0.3051993,
1,24,71.683,0.3950485,0.0414093,-0.7768201,0.3198175,-0.6425719,0.6258367,0.3051993,
1,24,71.685,0.3950032,0.04148173,-0.7767954,0.3197651,-0.6425074,0.6258922,0.3052761,
1,24,71.687,0.3950032,0.04148173,-0.7767954,0.3197651,-0.6425074,0.6258922,0.3052761,
1,24,71.689,0.3950032,0.04148173,-0.7767954,0.3197651,-0.6425074,0.6258922,0.3052761,
1,24,71.691,0.3950032,0.04148173,-0.7767954,0.3197651,-0.6425074,0.6258922,0.3052761,
1,24,71.693,0.3949578,0.04146125,-0.776746,0.3196854,-0.6425123,0.6259366,0.3052586,
1,24,71.695,0.3949578,0.04146125,-0.776746,0.3196854,-0.6425123,0.6259366,0.3052586,
1,24,71.697,0.3949578,0.04146125,-0.776746,0.3196854,-0.6425123,0.6259366,0.3052586,
1,24,71.699,0.3949578,0.04146125,-0.776746,0.3196854,-0.6425123,0.6259366,0.3052586,
1,24,71.701,0.3950605,0.04141191,-0.7768292,0.3197947,-0.6425295,0.6258574,0.3052701,
1,24,71.703,0.3950605,0.04141191,-0.7768292,0.3197947,-0.6425295,0.6258574,0.3052701,
1,24,71.705,0.3950605,0.04141191,-0.7768292,0.3197947,-0.6425295,0.6258574,0.3052701,
1,24,71.707,0.3950605,0.04141191,-0.7768292,0.3197947,-0.6425295,0.6258574,0.3052701,
1,24,71.709,0.3950717,0.04141451,-0.7768056,0.3198776,-0.6425531,0.6258214,0.305207,
1,24,71.711,0.3950717,0.04141451,-0.7768056,0.3198776,-0.6425531,0.6258214,0.305207,
1,24,71.713,0.3950717,0.04141451,-0.7768056,0.3198776,-0.6425531,0.6258214,0.305207,
1,24,71.715,0.3950717,0.04141451,-0.7768056,0.3198776,-0.6425531,0.6258214,0.305207,
1,24,71.717,0.3950717,0.04141451,-0.7768056,0.3198776,-0.6425531,0.6258214,0.305207,
1,24,71.719,0.3950538,0.04139221,-0.7768111,0.3198922,-0.6425556,0.625792,0.3052469,
1,24,71.721,0.3950538,0.04139221,-0.7768111,0.3198922,-0.6425556,0.625792,0.3052469,
1,24,71.723,0.3950538,0.04139221,-0.7768111,0.3198922,-0.6425556,0.625792,0.3052469,
1,24,71.725,0.3950538,0.04139221,-0.7768111,0.3198922,-0.6425556,0.625792,0.3052469,
1,24,71.727,0.3950731,0.04142395,-0.7768059,0.3198838,-0.6425145,0.6258115,0.3053024,
1,24,71.729,0.3950731,0.04142395,-0.7768059,0.3198838,-0.6425145,0.6258115,0.3053024,
1,24,71.731,0.3950731,0.04142395,-0.7768059,0.3198838,-0.6425145,0.6258115,0.3053024,
1,24,71.733,0.3950731,0.04142395,-0.7768059,0.3198838,-0.6425145,0.6258115,0.3053024,
1,24,71.735,0.395087,0.0413847,-0.7768327,0.3199042,-0.6425315,0.6257907,0.3052878,
1,24,71.737,0.395087,0.0413847,-0.7768327,0.3199042,-0.6425315,0.6257907,0.3052878,
1,24,71.739,0.395087,0.0413847,-0.7768327,0.3199042,-0.6425315,0.6257907,0.3052878,
1,24,71.741,0.395087,0.0413847,-0.7768327,0.3199042,-0.6425315,0.6257907,0.3052878,
1,24,71.743,0.395115,0.04141959,-0.7768555,0.3199198,-0.6425251,0.6258026,0.3052604,
1,24,71.745,0.395115,0.04141959,-0.7768555,0.3199198,-0.6425251,0.6258026,0.3052604,
1,24,71.747,0.395115,0.04141959,-0.7768555,0.3199198,-0.6425251,0.6258026,0.3052604,
1,24,71.749,0.395115,0.04141959,-0.7768555,0.3199198,-0.6425251,0.6258026,0.3052604,
1,24,71.751,0.3951246,0.0415055,-0.7768251,0.3199247,-0.6424978,0.6258555,0.3052044,
1,24,71.753,0.3951246,0.0415055,-0.7768251,0.3199247,-0.6424978,0.6258555,0.3052044,
1,24,71.755,0.3951246,0.0415055,-0.7768251,0.3199247,-0.6424978,0.6258555,0.3052044,CourtEnter
1,24,71.757,0.3951246,0.0415055,-0.7768251,0.3199247,-0.6424978,0.6258555,0.3052044,
1,24,71.759,0.395143,0.04146529,-0.7768478,0.3199445,-0.6425219,0.6258256,0.305194,
1,24,71.761,0.395143,0.04146529,-0.7768478,0.3199445,-0.6425219,0.6258256,0.305194,
1,24,71.763,0.395143,0.04146529,-0.7768478,0.3199445,-0.6425219,0.6258256,0.305194,
1,24,71.765,0.395143,0.04146529,-0.7768478,0.3199445,-0.6425219,0.6258256,0.305194,
1,24,71.767,0.395143,0.04146529,-0.7768478,0.3199445,-0.6425219,0.6258256,0.305194,CourtExit
1,24,71.769,0.3951135,0.04139357,-0.7768269,0.3199319,-0.6425617,0.6257756,0.3052262,
1,24,71.771,0.3951135,0.04139357,-0.7768269,0.3199319,-0.6425617,0.6257756,0.3052262,
1,24,71.773,0.3951135,0.04139357,-0.7768269,0.3199319,-0.6425617,0.6257756,0.3052262,
1,24,71.775,0.3951135,0.04139357,-0.7768269,0.3199319,-0.6425617,0.6257756,0.3052262,
1,24,71.777,0.3951045,0.04144168,-0.7767956,0.3199339,-0.6425692,0.6258021,0.3051539,
1,24,71.779,0.3951045,0.04144168,-0.7767956,0.3199339,-0.6425692,0.6258021,0.3051539,
1,24,71.781,0.3951045,0.04144168,-0.7767956,0.3199339,-0.6425692,0.6258021,0.3051539,
1,24,71.783,0.3951045,0.04144168,-0.7767956,0.3199339,-0.6425692,0.6258021,0.3051539,
1,24,71.785,0.3951115,0.04142803,-0.7767997,0.3199056,-0.6425542,0.6258212,0.305176,
1,24,71.787,0.3951115,0.04142803,-0.7767997,0.3199056,-0.6425542,0.6258212,0.305176,
1,24,71.789,0.3951115,0.04142803,-0.7767997,0.3199056,-0.6425542,0.6258212,0.305176,
1,24,71.791,0.3951115,0.04142803,-0.7767997,0.3199056,-0.6425542,0.6258212,0.305176,
1,24,71.793,0.3950666,0.04146312,-0.7767769,0.3198751,-0.6425235,0.6258651,0.3051825,
1,24,71.795,0.3950666,0.04146312,-0.7767769,0.3198751,-0.6425235,0.6258651,0.3051825,
1,24,71.797,0.3950666,0.04146312,-0.7767769,0.3198751,-0.6425235,0.6258651,0.3051825,
1,24,71.799,0.3950666,0.04146312,-0.7767769,0.3198751,-0.6425235,0.6258651,0.3051825,
1,24,71.801,0.395095,0.04139043,-0.7768,0.3199094,-0.6425781,0.6257919,0.3051817,
1,24,71.803,0.395095,0.04139043,-0.7768,0.3199094,-0.6425781,0.6257919,0.3051817,
1,24,71.805,0.395095,0.04139043,-0.7768,0.3199094,-0.6425781,0.6257919,0.3051817,
1,24,71.807,0.395095,0.04139043,-0.7768,0.3199094,-0.6425781,0.6257919,0.3051817,
1,24,71.809,0.3951029,0.04143204,-0.7768241,0.3198979,-0.6425139,0.6258098,0.3052925,
1,24,71.811,0.3951029,0.04143204,-0.7768241,0.3198979,-0.6425139,0.6258098,0.3052925,
1,24,71.813,0.3951029,0.04143204,-0.7768241,0.3198979,-0.6425139,0.6258098,0.3052925,
1,24,71.815,0.3951029,0.04143204,-0.7768241,0.3198979,-0.6425139,0.6258098,0.3052925,
1,24,71.817,0.3951029,0.04143204,-0.7768241,0.3198979,-0.6425139,0.6258098,0.3052925,
1,24,71.819,0.3951042,0.04142379,-0.776841,0.3198854,-0.6424997,0.6258206,0.3053132,
1,24,71.821,0.3951042,0.04142379,-0.776841,0.3198854,-0.6424997,0.6258206,0.3053132,
1,24,71.823,0.3951042,0.04142379,-0.776841,0.3198854,-0.6424997,0.6258206,0.3053132,
1,24,71.825,0.3951042,0.04142379,-0.776841,0.3198854,-0.6424997,0.6258206,0.3053132,
1,24,71.827,0.395132,0.04141797,-0.776867,0.3199493,-0.6425189,0.6257767,0.3052956,
1,24,71.829,0.395132,0.04141797,-0.776867,0.3199493,-0.6425189,0.6257767,0.3052956,
1,24,71.831,0.395132,0.04141797,-0.776867,0.3199493,-0.6425189,0.6257767,0.3052956,
1,24,71.833,0.395132,0.04141797,-0.776867,0.3199493,-0.6425189,0.6257767,0.3052956,
1,24,71.835,0.3950811,0.04146158,-0.7767601,0.3199072,-0.6425495,0.6258332,0.3051596,
1,24,71.837,0.3950811,0.04146158,-0.7767601,0.3199072,-0.6425495,0.6258332,0.3051596,
1,24,71.839,0.3950811,0.04146158,-0.7767601,0.3199072,-0.6425495,0.6258332,0.3051596,
1,24,71.841,0.3950811,0.04146158,-0.7767601,0.3199072,-0.6425495,0.6258332,0.3051596,
1,24,71.843,0.395128,0.04142995,-0.7768275,0.3199715,-0.6425699,0.6257796,0.3051591,
1,24,71.845,0.395128,0.04142995,-0.7768275,0.3199715,-0.6425699,0.6257796,0.3051591,
1,24,71.847,0.395128,0.04142995,-0.7768275,0.3199715,-0.6425699,0.6257796,0.3051591,
1,24,71.849,0.395128,0.04142995,-0.7768275,0.3199715,-0.6425699,0.6257796,0.3051591,
1,24,71.851,0.3950941,0.04141702,-0.7768056,0.3199287,-0.642585,0.6257912,0.3051485,
1,24,71.853,0.3950941,0.04141702,-0.7768056,0.3199287,-0.642585,0.6257912,0.3051485,
1,24,71.855,0.3950941,0.04141702,-0.7768056,0.3199287,-0.642585,0.6257912,0.3051485,
1,24,71.857,0.3950941,0.04141702,-0.7768056,0.3199287,-0.642585,0.6257912,0.3051485,
1,24,71.859,0.3950857,0.04140636,-0.7768248,0.3199013,-0.6425523,0.6257909,0.3052465,
1,24,71.861,0.3950857,0.04140636,-0.7768248,0.3199013,-0.6425523,0.6257909,0.3052465,
1,24,71.863,0.3950857,0.04140636,-0.7768248,0.3199013,-0.6425523,0.6257909,0.3052465,
1,24,71.865,0.3950857,0.04140636,-0.7768248,0.3199013,-0.6425523,0.6257909,0.3052465,
1,24,71.867,0.3950857,0.04140636,-0.7768248,0.3199013,-0.6425523,0.6257909,0.3052465,
1,24,71.869,0.3950746,0.04140293,-0.7768056,0.3198773,-0.6425707,0.6258141,0.3051855,
1,24,71.871,0.3950746,0.04140293,-0.7768056,0.3198773,-0.6425707,0.6258141,0.3051855,
1,24,71.873,0.3950746,0.04140293,-0.7768056,0.3198773,-0.6425707,0.6258141,0.3051855,
1,24,71.875,0.3950746,0.04140293,-0.7768056,0.3198773,-0.6425707,0.6258141,0.3051855,
1,24,71.877,0.3950679,0.04145049,-0.7767796,0.3198568,-0.6425202,0.6258518,0.3052361,
1,24,71.879,0.3950679,0.04145049,-0.7767796,0.3198568,-0.6425202,0.6258518,0.3052361,
1,24,71.881,0.3950679,0.04145049,-0.7767796,0.3198568,-0.6425202,0.6258518,0.3052361,
1,24,71.883,0.3950679,0.04145049,-0.7767796,0.3198568,-0.6425202,0.6258518,0.3052361,
1,24,71.885,0.3951157,0.0414383,-0.7768354,0.3199152,-0.642522,0.6258074,0.305262,
1,24,71.887,0.3951157,0.0414383,-0.7768354,0.3199152,-0.642522,0.6258074,0.305262,
1,24,71.889,0.3951157,0.0414383,-0.7768354,0.3199152,-0.642522,0.6258074,0.305262,
1,24,71.891,0.3951157,0.0414383,-0.7768354,0.3199152,-0.642522,0.6258074,0.305262,
1,24,71.893,0.3950754,0.04145636,-0.7768055,0.3198892,-0.6425228,0.6258322,0.3052367,
1,24,71.895,0.3950754,0.04145636,-0.7768055,0.3198892,-0.6425228,0.6258322,0.3052367,
1,24,71.897,0.3950754,0.04145636,-0.7768055,0.3198892,-0.6425228,0.6258322,0.3052367,
1,24,71.899,0.3950754,0.04145636,-0.7768055,0.3198892,-0.6425228,0.6258322,0.3052367,
1,24,71.901,0.3950743,0.04148341,-0.7767824,0.3198863,-0.6425198,0.6258631,0.3051828,
1,24,71.903,0.3950743,0.04148341,-0.7767824,0.3198863,-0.6425198,0.6258631,0.3051828,
1,24,71.905,0.3950743,0.04148341,-0.7767824,0.3198863,-0.6425198,0.6258631,0.3051828,
1,24,71.907,0.3950743,0.04148341,-0.7767824,0.3198863,-0.6425198,0.6258631,0.3051828,
1,24,71.909,0.3950743,0.04144806,-0.7767878,0.3198846,-0.6425642,0.6258059,0.3052082,
1,24,71.911,0.3950743,0.04144806,-0.7767878,0.3198846,-0.6425642,0.6258059,0.3052082,
1,24,71.913,0.3950743,0.04144806,-0.7767878,0.3198846,-0.6425642,0.6258059,0.3052082,
1,24,71.915,0.3950743,0.04144806,-0.7767878,0.3198846,-0.6425642,0.6258059,0.3052082,
1,24,71.917,0.3950743,0.04144806,-0.7767878,0.3198846,-0.6425642,0.6258059,0.3052082,
1,24,71.919,0.3950831,0.04139699,-0.7767854,0.319878,-0.6426038,0.6257756,0.305194,
1,24,71.921,0.3950831,0.04139699,-0.7767854,0.319878,-0.6426038,0.6257756,0.305194,
1,24,71.923,0.3950831,0.04139699,-0.7767854,0.319878,-0.6426038,0.6257756,0.305194,
1,24,71.925,0.3950831,0.04139699,-0.7767854,0.319878,-0.6426038,0.6257756,0.305194,
1,24,71.927,0.3950439,0.04144837,-0.7767656,0.3198625,-0.6425346,0.625828,0.3052486,
1,24,71.929,0.3950439,0.04144837,-0.7767656,0.3198625,-0.6425346,0.625828,0.3052486,
1,24,71.931,0.3950439,0.04144837,-0.7767656,0.3198625,-0.6425346,0.625828,0.3052486,
1,24,71.933,0.3950439,0.04144837,-0.7767656,0.3198625,-0.6425346,0.625828,0.3052486,
1,24,71.935,0.3951292,0.0414122,-0.7768912,0.3199602,-0.6425027,0.6257629,0.3053467,
1,24,71.937,0.3951292,0.0414122,-0.7768912,0.3199602,-0.6425027,0.6257629,0.3053467,
1,24,71.939,0.3951292,0.0414122,-0.7768912,0.3199602,-0.6425027,0.6257629,0.3053467,
1,24,71.941,0.3951292,0.0414122,-0.7768912,0.3199602,-0.6425027,0.6257629,0.3053467,
1,24,71.943,0.3951399,0.04140019,-0.7768939,0.3199672,-0.6425186,0.6257624,0.3053068,
1,24,71.945,0.3951399,0.04140019,-0.7768939,0.3199672,-0.6425186,0.6257624,0.3053068,
1,24,71.947,0.3951399,0.04140019,-0.7768939,0.3199672,-0.6425186,0.6257624,0.3053068,
1,24,71.949,0.3951399,0.04140019,-0.7768939,0.3199672,-0.6425186,0.6257624,0.3053068,
1,24,71.951,0.3951387,0.0413927,-0.7768991,0.3199503,-0.6425282,0.6257572,0.3053153,
1,24,71.953,0.3951387,0.0413927,-0.7768991,0.3199503,-0.6425282,0.6257572,0.3053153,
1,24,71.955,0.3951387,0.0413927,-0.7768991,0.3199503,-0.6425282,0.6257572,0.3053153,
1,24,71.957,0.3951387,0.0413927,-0.7768991,0.3199503,-0.6425282,0.6257572,0.3053153,
1,24,71.959,0.3951073,0.04140718,-0.7768272,0.3199046,-0.6425557,0.6257957,0.305226,
1,24,71.961,0.3951073,0.04140718,-0.7768272,0.3199046,-0.6425557,0.6257957,0.305226,
1,24,71.963,0.3951073,0.04140718,-0.7768272,0.3199046,-0.6425557,0.6257957,0.305226,
1,24,71.965,0.3951073,0.04140718,-0.7768272,0.3199046,-0.6425557,0.6257957,0.305226,
1,24,71.967,0.3951073,0.04140718,-0.7768272,0.3199046,-0.6425557,0.6257957,0.305226,
1,24,71.969,0.3951186,0.04142572,-0.7768164,0.3199449,-0.6425635,0.6257964,0.3051661,
1,24,71.971,0.3951186,0.04142572,-0.7768164,0.3199449,-0.6425635,0.6257964,0.3051661,
1,24,71.973,0.3951186,0.04142572,-0.7768164,0.3199449,-0.6425635,0.6257964,0.3051661,
1,24,71.975,0.3951186,0.04142572,-0.7768164,0.3199449,-0.6425635,0.6257964,0.3051661,
1,24,71.977,0.3951017,0.04145614,-0.7767856,0.3199382,-0.6425648,0.6258237,0.3051142,
1,24,71.979,0.3951017,0.04145614,-0.7767856,0.3199382,-0.6425648,0.6258237,0.3051142,
1,24,71.981,0.3951017,0.04145614,-0.7767856,0.3199382,-0.6425648,0.6258237,0.3051142,
1,24,71.983,0.3951017,0.04145614,-0.7767856,0.3199382,-0.6425648,0.6258237,0.3051142,
1,24,71.985,0.3951025,0.04139832,-0.7768198,0.3199384,-0.6425982,0.6257746,0.3051445,
1,24,71.987,0.3951025,0.04139832,-0.7768198,0.3199384,-0.6425982,0.6257746,0.3051445,
1,24,71.989,0.3951025,0.04139832,-0.7768198,0.3199384,-0.6425982,0.6257746,0.3051445,
1,24,71.991,0.3951025,0.04139832,-0.7768198,0.3199384,-0.6425982,0.6257746,0.3051445,
1,24,71.993,0.3950904,0.04145532,-0.7768022,0.3199045,-0.6425523,0.6258225,0.3051785,
1,24,71.995,0.3950904,0.04145532,-0.7768022,0.3199045,-0.6425523,0.6258225,0.3051785,
1,24,71.997,0.3950904,0.04145532,-0.7768022,0.3199045,-0.6425523,0.6258225,0.3051785,
1,24,71.999,0.3950904,0.04145532,-0.7768022,0.3199045,-0.6425523,0.6258225,0.3051785,
1,25,72.001,0.3950565,0.04150736,-0.776819,0.3198192,-0.6424761,0.6258971,0.3052753,CourtExit
1,25,72.003,0.3950565,0.04150736,-0.776819,0.3198192,-0.6424761,0.6258971,0.3052753,
1,25,72.005,0.3950565,0.04150736,-0.776819,0.3198192,-0.6424761,0.6258971,0.3052753,
1,25,72.007,0.3950565,0.04150736,-0.776819,0.3198192,-0.6424761,0.6258971,0.3052753,
1,25,72.009,0.3950677,0.04135308,-0.7768426,0.3198694,-0.6425955,0.6257796,0.3052122,
1,25,72.011,0.3950677,0.04135308,-0.7768426,0.3198694,-0.6425955,0.6257796,0.3052122,
1,25,72.013,0.3950677,0.04135308,-0.7768426,0.3198694,-0.6425955,0.6257796,0.3052122,
1,25,72.015,0.3950677,0.04135308,-0.7768426,0.3198694,-0.6425955,0.6257796,0.3052122,
1,25,72.017,0.3950677,0.04135308,-0.7768426,0.3198694,-0.6425955,0.6257796,0.3052122,
1,25,72.019,0.3950395,0.04144157,-0.7767737,0.3198493,-0.6425849,0.6258414,0.3051288,
1,25,72.021,0.3950395,0.04144157,-0.7767737,0.3198493,-0.6425849,0.6258414,0.3051288,
1,25,72.023,0.3950395,0.04144157,-0.7767737,0.3198493,-0.6425849,0.6258414,0.3051288,
1,25,72.025,0.3950395,0.04144157,-0.7767737,0.3198493,-0.6425849,0.6258414,0.3051288,
1,25,72.027,0.395013,0.04148287,-0.776749,0.3198691,-0.6425582,0.6258578,0.3051306,
1,25,72.029,0.395013,0.04148287,-0.776749,0.3198691,-0.6425582,0.6258578,0.3051306,
1,25,72.031,0.395013,0.04148287,-0.776749,0.3198691,-0.6425582,0.6258578,0.3051306,
1,25,72.033,0.395013,0.04148287,-0.776749,0.3198691,-0.6425582,0.6258578,0.3051306,
1,25,72.035,0.3950851,0.04144319,-0.7768327,0.3199015,-0.6425385,0.6258191,0.3052176,
1,25,72.037,0.3950851,0.04144319,-0.7768327,0.3199015,-0.6425385,0.6258191,0.3052176,
1,25,72.039,0.3950851,0.04144319,-0.7768327,0.3199015,-0.6425385,0.6258191,0.3052176,
1,25,72.041,0.3950851,0.04144319,-0.7768327,0.3199015,-0.6425385,0.6258191,0.3052176,
1,25,72.043,0.3950676,0.04147075,-0.7768061,0.3198471,-0.642531,0.6258737,0.3051783,
1,25,72.045,0.3950676,0.04147075,-0.7768061,0.3198471,-0.642531,0.6258737,0.3051783,
1,25,72.047,0.3950676,0.04147075,-0.7768061,0.3198471,-0.642531,0.6258737,0.3051783,
1,25,72.049,0.3950676,0.04147075,-0.7768061,0.3198471,-0.642531,0.6258737,0.3051783,
1,25,72.051,0.3949906,0.04148066,-0.7767172,0.3197745,-0.642529,0.6259114,0.3051815,
1,25,72.053,0.3949906,0.04148066,-0.7767172,0.3197745,-0.642529,0.6259114,0.3051815,
1,25,72.055,0.3949906,0.04148066,-0.7767172,0.3197745,-0.642529,0.6259114,0.3051815,
1,25,72.057,0.3949906,0.04148066,-0.7767172,0.3197745,-0.642529,0.6259114,0.3051815,
1,25,72.059,0.3949999,0.0414848,-0.7767447,0.3197748,-0.6425321,0.6259246,0.3051475,
1,25,72.061,0.3949999,0.0414848,-0.7767447,0.3197748,-0.6425321,0.6259246,0.3051475,
1,25,72.063,0.3949999,0.0414848,-0.7767447,0.3197748,-0.6425321,0.6259246,0.3051475,
1,25,72.065,0.3949999,0.0414848,-0.7767447,0.3197748,-0.6425321,0.6259246,0.3051475,
1,25,72.067,0.3949999,0.0414848,-0.7767447,0.3197748,-0.6425321,0.6259246,0.3051475,
1,25,72.069,0.3950004,0.04147058,-0.7766962,0.319803,-0.6425852,0.6258931,0.305071,
1,25,72.071,0.3950004,0.04147058,-0.7766962,0.319803,-0.6425852,0.6258931,0.305071,
1,25,72.073,0.3950004,0.04147058,-0.7766962,0.319803,-0.6425852,0.6258931,0.305071,
1,25,72.075,0.3950004,0.04147058,-0.7766962,0.319803,-0.6425852,0.6258931,0.305071,
1,25,72.077,0.3950331,0.04142383,-0.7767418,0.3197972,-0.6425882,0.625868,0.305122,
1,25,72.079,0.3950331,0.04142383,-0.7767418,0.3197972,-0.6425882,0.625868,0.305122,
1,25,72.081,0.3950331,0.04142383,-0.7767418,0.3197972,-0.6425882,0.625868,0.305122,
1,25,72.083,0.3950331,0.04142383,-0.7767418,0.3197972,-0.6425882,0.625868,0.305122,
1,25,72.085,0.3950401,0.04146874,-0.7767353,0.3197983,-0.6425549,0.6258973,0.305131,
1,25,72.087,0.3950401,0.04146874,-0.7767353,0.3197983,-0.6425549,0.6258973,0.305131,
1,25,72.089,0.3950401,0.04146874,-0.7767353,0.3197983,-0.6425549,0.6258973,0.305131,
1,25,72.091,0.3950401,0.04146874,-0.7767353,0.3197983,-0.6425549,0.6258973,0.305131,
1,25,72.093,0.3950543,0.04140081,-0.7767577,0.3198575,-0.6425992,0.6258304,0.3051127,
1,25,72.095,0.3950543,0.04140081,-0.7767577,0.3198575,-0.6425992,0.6258304,0.3051127,
1,25,72.097,0.3950543,0.04140081,-0.7767577,0.3198575,-0.6425992,0.6258304,0.3051127,
1,25,72.099,0.3950543,0.04140081,-0.7767577,0.3198575,-0.6425992,0.6258304,0.3051127,
1,25,72.101,0.3949931,0.04143291,-0.7767181,0.3197975,-0.6425613,0.6258687,0.3051769,
1,25,72.103,0.3949931,0.04143291,-0.7767181,0.3197975,-0.6425613,0.6258687,0.3051769,
1,25,72.105,0.3949931,0.04143291,-0.7767181,0.3197975,-0.6425613,0.6258687,0.3051769,
1,25,72.107,0.3949931,0.04143291,-0.7767181,0.3197975,-0.6425613,0.6258687,0.3051769,
1,25,72.109,0.3950415,0.0414622,-0.776745,0.3197848,-0.6425419,0.6258769,0.3052142,
1,25,72.111,0.3950415,0.0414622,-0.776745,0.3197848,-0.6425419,0.6258769,0.3052142,
1,25,72.113,0.3950415,0.0414622,-0.776745,0.3197848,-0.6425419,0.6258769,0.3052142,
1,25,72.115,0.3950415,0.0414622,-0.776745,0.3197848,-0.6425419,0.6258769,0.3052142,
1,25,72.117,0.3950415,0.0414622,-0.776745,0.3197848,-0.6425419,0.6258769,0.3052142,
1,25,72.119,0.3950152,0.04134819,-0.776768,0.3198018,-0.6426052,0.6257983,0.3052241,
1,25,72.121,0.3950152,0.04134819,-0.776768,0.3198018,-0.6426052,0.6257983,0.3052241,
1,25,72.123,0.3950152,0.04134819,-0.776768,0.3198018,-0.6426052,0.6257983,0.3052241,
1,25,72.125,0.3950152,0.04134819,-0.776768,0.3198018,-0.6426052,0.6257983,0.3052241,
1,25,72.127,0.3950195,0.04134942,-0.7768036,0.3198062,-0.6425775,0.6257989,0.3052769,
1,25,72.129,0.3950195,0.04134942,-0.7768036,0.3198062,-0.6425775,0.6257989,0.3052769,
1,25,72.131,0.3950195,0.04134942,-0.7768036,0.3198062,-0.6425775,0.6257989,0.3052769,
1,25,72.133,0.3950195,0.04134942,-0.7768036,0.3198062,-0.6425775,0.6257989,0.3052769,
1,25,72.135,0.3950007,0.04144175,-0.7766981,0.3197819,-0.6425996,0.6258693,0.3051111,
1,25,72.137,0.3950007,0.04144175,-0.7766981,0.3197819,-0.6425996,0.6258693,0.3051111,
1,25,72.139,0.3950007,0.04144175,-0.7766981,0.3197819,-0.6425996,0.6258693,0.3051111,
1,25,72.141,0.3950007,0.04144175,-0.7766981,0.3197819,-0.6425996,0.6258693,0.3051111,
1,25,72.143,0.3949999,0.04144445,-0.7766754,0.3197926,-0.6426078,0.6258777,0.3050656,
1,25,72.145,0.3949999,0.04144445,-0.7766754,0.3197926,-0.6426078,0.6258777,0.3050656,
1,25,72.147,0.3949999,0.04144445,-0.7766754,0.3197926,-0.6426078,0.6258777,0.3050656,
1,25,72.149,0.3949999,0.04144445,-0.7766754,0.3197926,-0.6426078,0.6258777,0.3050656,
1,25,72.151,0.3949967,0.04143048,-0.7767234,0.3198003,-0.6425843,0.6258717,0.3051193,
1,25,72.153,0.3949967,0.04143048,-0.7767234,0.3198003,-0.6425843,0.6258717,0.3051193,
1,25,72.155,0.3949967,0.04143048,-0.7767234,0.3198003,-0.6425843,0.6258717,0.3051193,
1,25,72.157,0.3949967,0.04143048,-0.7767234,0.3198003,-0.6425843,0.6258717,0.3051193,
1,25,72.159,0.3950195,0.04138406,-0.7767562,0.3198561,-0.6426237,0.6257968,0.3051316,
1,25,72.161,0.3950195,0.04138406,-0.7767562,0.3198561,-0.6426237,0.6257968,0.3051316,
1,25,72.163,0.3950195,0.04138406,-0.7767562,0.3198561,-0.6426237,0.6257968,0.3051316,
1,25,72.165,0.3950195,0.04138406,-0.7767562,0.3198561,-0.6426237,0.6257968,0.3051316,
1,25,72.167,0.3950195,0.04138406,-0.7767562,0.3198561,-0.6426237,0.6257968,0.3051316,
1,25,72.169,0.3950171,0.04138657,-0.7767551,0.3198507,-0.642607,0.6258032,0.3051591,
1,25,72.171,0.3950171,0.04138657,-0.7767551,0.3198507,-0.642607,0.6258032,0.3051591,
1,25,72.173,0.3950171,0.04138657,-0.7767551,0.3198507,-0.642607,0.6258032,0.3051591,
1,25,72.175,0.3950171,0.04138657,-0.7767551,0.3198507,-0.642607,0.6258032,0.3051591,
1,25,72.177,0.3950593,0.04141145,-0.7767948,0.3198452,-0.6425775,0.625827,0.3051784,
1,25,72.179,0.3950593,0.04141145,-0.7767948,0.3198452,-0.6425775,0.625827,0.3051784,
1,25,72.181,0.3950593,0.04141145,-0.7767948,0.3198452,-0.6425775,0.625827,0.3051784,
1,25,72.183,0.3950593,0.04141145,-0.7767948,0.3198452,-0.6425775,0.625827,0.3051784,
1,25,72.185,0.3950783,0.04145924,-0.7768019,0.3198693,-0.6425496,0.6258587,0.3051469,
1,25,72.187,0.3950783,0.04145924,-0.7768019,0.3198693,-0.6425496,0.6258587,0.3051469,
1,25,72.189,0.3950783,0.04145924,-0.7768019,0.3198693,-0.6425496,0.6258587,0.3051469,
1,25,72.191,0.3950783,0.04145924,-0.7768019,0.3198693,-0.6425496,0.6258587,0.3051469,
1,25,72.193,0.3950313,0.04143748,-0.776755,0.3198653,-0.6426018,0.6258386,0.3050823,
1,25,72.195,0.3950313,0.04143748,-0.776755,0.3198653,-0.6426018,0.6258386,0.3050823,
1,25,72.197,0.3950313,0.04143748,-0.776755,0.3198653,-0.6426018,0.6258386,0.3050823,
1,25,72.199,0.3950313,0.04143748,-0.776755,0.3198653,-0.6426018,0.6258386,0.3050823,
1,25,72.201,0.3949854,0.04146682,-0.776716,0.3197854,-0.6425551,0.6258866,0.305166,
1,25,72.203,0.3949854,0.04146682,-0.776716,0.3197854,-0.6425551,0.6258866,0.305166,
1,25,72.205,0.3949854,0.04146682,-0.776716,0.3197854,-0.6425551,0.6258866,0.305166,
1,25,72.207,0.3949854,0.04146682,-0.776716,0.3197854,-0.6425551,0.6258866,0.305166,
1,25,72.209,0.3950362,0.04147694,-0.7767663,0.3198271,-0.6425474,0.6258875,0.3051366,
1,25,72.211,0.3950362,0.04147694,-0.7767663,0.3198271,-0.6425474,0.6258875,0.3051366,
1,25,72.213,0.3950362,0.04147694,-0.7767663,0.3198271,-0.6425474,0.6258875,0.3051366,
1,25,72.215,0.3950362,0.04147694,-0.7767663,0.3198271,-0.6425474,0.6258875,0.3051366,
1,25,72.217,0.3950362,0.04147694,-0.7767663,0.3198271,-0.6425474,0.6258875,0.3051366,
1,25,72.219,0.3950364,0.04147866,-0.7767727,0.319816,-0.6425296,0.6259004,0.3051592,
1,25,72.221,0.3950364,0.04147866,-0.7767727,0.319816,-0.6425296,0.6259004,0.3051592,
1,25,72.223,0.3950364,0.04147866,-0.7767727,0.319816,-0.6425296,0.6259004,0.3051592,
1,25,72.225,0.3950364,0.04147866,-0.7767727,0.319816,-0.6425296,0.6259004,0.3051592,
1,25,72.227,0.3950696,0.04137186,-0.7768171,0.3198533,-0.6426058,0.6258011,0.3051632,
1,25,72.229,0.3950696,0.04137186,-0.7768171,0.3198533,-0.6426058,0.6258011,0.3051632,
1,25,72.231,0.3950696,0.04137186,-0.7768171,0.3198533,-0.6426058,0.6258011,0.3051632,
1,25,72.233,0.3950696,0.04137186,-0.7768171,0.3198533,-0.6426058,0.6258011,0.3051632,
1,25,72.235,0.3950773,0.04142486,-0.776834,0.3198578,-0.6425449,0.6258312,0.3052251,
1,25,72.237,0.3950773,0.04142486,-0.776834,0.3198578,-0.6425449,0.6258312,0.3052251,
1,25,72.239,0.3950773,0.04142486,-0.776834,0.3198578,-0.6425449,0.6258312,0.3052251,
1,25,72.241,0.3950773,0.04142486,-0.776834,0.3198578,-0.6425449,0.6258312,0.3052251,
1,25,72.243,0.3950782,0.04140991,-0.7768162,0.3198668,-0.6425974,0.6258074,0.3051538,
1,25,72.245,0.3950782,0.04140991,-0.7768162,0.3198668,-0.6425974,0.6258074,0.3051538,
1,25,72.247,0.3950782,0.04140991,-0.7768162,0.3198668,-0.6425974,0.6258074,0.3051538,
1,25,72.249,0.3950782,0.04140991,-0.7768162,0.3198668,-0.6425974,0.6258074,0.3051538,
1,25,72.251,0.3950298,0.04142758,-0.7767992,0.3198662,-0.6425716,0.6258137,0.305196,
1,25,72.253,0.3950298,0.04142758,-0.7767992,0.3198662,-0.6425716,0.6258137,0.305196,
1,25,72.255,0.3950298,0.04142758,-0.7767992,0.3198662,-0.6425716,0.6258137,0.305196,
1,25,72.257,0.3950298,0.04142758,-0.7767992,0.3198662,-0.6425716,0.6258137,0.305196,
1,25,72.259,0.3950218,0.04146258,-0.7767571,0.3198219,-0.6425543,0.6258789,0.3051452,
1,25,72.261,0.3950218,0.04146258,-0.7767571,0.3198219,-0.6425543,0.6258789,0.3051452,
1,25,72.263,0.3950218,0.04146258,-0.7767571,0.3198219,-0.6425543,0.6258789,0.3051452,
1,25,72.265,0.3950218,0.04146258,-0.7767571,0.3198219,-0.6425543,0.6258789,0.3051452,
1,25,72.267,0.3950218,0.04146258,-0.7767571,0.3198219,-0.6425543,0.6258789,0.3051452,
1,25,72.269,0.3950291,0.04138963,-0.7767855,0.3198125,-0.6425918,0.6258388,0.3051585,
1,25,72.271,0.3950291,0.04138963,-0.7767855,0.3198125,-0.6425918,0.6258388,0.3051585,
1,25,72.273,0.3950291,0.04138963,-0.7767855,0.3198125,-0.6425918,0.6258388,0.3051585,
1,25,72.275,0.3950291,0.04138963,-0.7767855,0.3198125,-0.6425918,0.6258388,0.3051585,
1,25,72.277,0.3950168,0.04138866,-0.7767972,0.3197758,-0.6425749,0.6258398,0.3052302,
1,25,72.279,0.3950168,0.04138866,-0.7767972,0.3197758,-0.6425749,0.6258398,0.3052302,
1,25,72.281,0.3950168,0.04138866,-0.7767972,0.3197758,-0.6425749,0.6258398,0.3052302,
1,25,72.283,0.3950168,0.04138866,-0.7767972,0.3197758,-0.6425749,0.6258398,0.3052302,
1,25,72.285,0.3950408,0.04141551,-0.7768047,0.3198158,-0.6425287,0.6258351,0.3052955,
1,25,72.287,0.3950408,0.04141551,-0.7768047,0.3198158,-0.6425287,0.6258351,0.3052955,
1,25,72.289,0.3950408,0.04141551,-0.7768047,0.3198158,-0.6425287,0.6258351,0.3052955,
1,25,72.291,0.3950408,0.04141551,-0.7768047,0.3198158,-0.6425287,0.6258351,0.3052955,
1,25,72.293,0.3950457,0.04140827,-0.7768081,0.3198459,-0.6425554,0.6258215,0.3052355,
1,25,72.295,0.3950457,0.04140827,-0.7768081,0.3198459,-0.6425554,0.6258215,0.3052355,
1,25,72.297,0.3950457,0.04140827,-0.7768081,0.3198459,-0.6425554,0.6258215,0.3052355,
1,25,72.299,0.3950457,0.04140827,-0.7768081,0.3198459,-0.6425554,0.6258215,0.3052355,
1,25,72.301,0.3950597,0.04142965,-0.7768031,0.3198856,-0.6425837,0.6258253,0.3051263,
1,25,72.303,0.3950597,0.04142965,-0.7768031,0.3198856,-0.6425837,0.6258253,0.3051263,
1,25,72.305,0.3950597,0.04142965,-0.7768031,0.3198856,-0.6425837,0.6258253,0.3051263,
1,25,72.307,0.3950597,0.04142965,-0.7768031,0.3198856,-0.6425837,0.6258253,0.3051263,
1,25,72.309,0.3950498,0.04144397,-0.7767947,0.3198532,-0.6425518,0.6258525,0.3051721,
1,25,72.311,0.3950498,0.04144397,-0.7767947,0.3198532,-0.6425518,0.6258525,0.3051721,
1,25,72.313,0.3950498,0.04144397,-0.7767947,0.3198532,-0.6425518,0.6258525,0.3051721,
1,25,72.315,0.3950498,0.04144397,-0.7767947,0.3198532,-0.6425518,0.6258525,0.3051721,
1,25,72.317,0.3950498,0.04144397,-0.7767947,0.3198532,-0.6425518,0.6258525,0.3051721,
1,25,72.319,0.3950384,0.04145001,-0.7767752,0.3198317,-0.6425556,0.62587,0.3051503,
1,25,72.321,0.3950384,0.04145001,-0.7767752,0.3198317,-0.6425556,0.62587,0.3051503,
1,25,72.323,0.3950384,0.04145001,-0.7767752,0.3198317,-0.6425556,0.62587,0.3051503,
1,25,72.325,0.3950384,0.04145001,-0.7767752,0.3198317,-0.6425556,0.62587,0.3051503,
1,25,72.327,0.395035,0.04149953,-0.7767327,0.3198337,-0.6425429,0.6259031,0.3051075,
1,25,72.329,0.395035,0.04149953,-0.7767327,0.3198337,-0.6425429,0.6259031,0.3051075,
1,25,72.331,0.395035,0.04149953,-0.7767327,0.3198337,-0.6425429,0.6259031,0.3051075,
1,25,72.333,0.395035,0.04149953,-0.7767327,0.3198337,-0.6425429,0.6259031,0.3051075,
1,25,72.335,0.3950214,0.04136274,-0.7768041,0.3198191,-0.6425894,0.6258047,0.3052263,
1,25,72.337,0.3950214,0.04136274,-0.7768041,0.3198191,-0.6425894,0.6258047,0.3052263,
1,25,72.339,0.3950214,0.04136274,-0.7768041,0.3198191,-0.6425894,0.6258047,0.3052263,
1,25,72.341,0.3950214,0.04136274,-0.7768041,0.3198191,-0.6425894,0.6258047,0.3052263,
1,25,72.343,0.3950011,0.04140722,-0.7767568,0.3198018,-0.642589,0.6258281,0.3051972,
1,25,72.345,0.3950011,0.04140722,-0.7767568,0.3198018,-0.642589,0.6258281,0.3051972,
1,25,72.347,0.3950011,0.04140722,-0.7767568,0.3198018,-0.642589,0.6258281,0.3051972,
1,25,72.349,0.3950011,0.04140722,-0.7767568,0.3198018,-0.642589,0.6258281,0.3051972,
1,25,72.351,0.3950297,0.04138111,-0.7767739,0.3198161,-0.6426018,0.6258256,0.3051605,
1,25,72.353,0.3950297,0.04138111,-0.7767739,0.3198161,-0.6426018,0.6258256,0.3051605,
1,25,72.355,0.3950297,0.04138111,-0.7767739,0.3198161,-0.6426018,0.6258256,0.3051605,
1,25,72.357,0.3950297,0.04138111,-0.7767739,0.3198161,-0.6426018,0.6258256,0.3051605,
1,25,72.359,0.3950141,0.04144582,-0.77674,0.319832,-0.6425798,0.6258519,0.3051363,
1,25,72.361,0.3950141,0.04144582,-0.77674,0.319832,-0.6425798,0.6258519,0.3051363,
1,25,72.363,0.3950141,0.04144582,-0.77674,0.319832,-0.6425798,0.6258519,0.3051363,
1,25,72.365,0.3950141,0.04144582,-0.77674,0.319832,-0.6425798,0.6258519,0.3051363,
1,25,72.367,0.3950141,0.04144582,-0.77674,0.319832,-0.6425798,0.6258519,0.3051363,
1,25,72.369,0.3950041,0.04142031,-0.776711,0.3197667,-0.6425918,0.6258782,0.3051252,
1,25,72.371,0.3950041,0.04142031,-0.776711,0.3197667,-0.6425918,0.6258782,0.3051252,
1,25,72.373,0.3950041,0.04142031,-0.776711,0.3197667,-0.6425918,0.6258782,0.3051252,
1,25,72.375,0.3950041,0.04142031,-0.776711,0.3197667,-0.6425918,0.6258782,0.3051252,
1,25,72.377,0.3950066,0.04141367,-0.7767668,0.319766,-0.6425558,0.6258509,0.3052582,
1,25,72.379,0.3950066,0.04141367,-0.7767668,0.319766,-0.6425558,0.6258509,0.3052582,
1,25,72.381,0.3950066,0.04141367,-0.7767668,0.319766,-0.6425558,0.6258509,0.3052582,
1,25,72.383,0.3950066,0.04141367,-0.7767668,0.319766,-0.6425558,0.6258509,0.3052582,
1,25,72.385,0.3950534,0.04141634,-0.7767987,0.3198441,-0.6425802,0.6258406,0.3051462,
1,25,72.387,0.3950534,0.04141634,-0.7767987,0.3198441,-0.6425802,0.6258406,0.3051462,
1,25,72.389,0.3950534,0.04141634,-0.7767987,0.3198441,-0.6425802,0.6258406,0.3051462,
1,25,72.391,0.3950534,0.04141634,-0.7767987,0.3198441,-0.6425802,0.6258406,0.3051462,
1,25,72.393,0.3950276,0.04146881,-0.7767244,0.3198077,-0.642577,0.6258798,0.3051104,
1,25,72.395,0.3950276,0.04146881,-0.7767244,0.3198077,-0.642577,0.6258798,0.3051104,
1,25,72.397,0.3950276,0.04146881,-0.7767244,0.3198077,-0.642577,0.6258798,0.3051104,
1,25,72.399,0.3950276,0.04146881,-0.7767244,0.3198077,-0.642577,0.6258798,0.3051104,
1,25,72.401,0.3949969,0.04147937,-0.7767198,0.3197907,-0.6425394,0.6258997,0.3051663,
1,25,72.403,0.3949969,0.04147937,-0.7767198,0.3197907,-0.6425394,0.6258997,0.3051663,
1,25,72.405,0.3949969,0.04147937,-0.7767198,0.3197907,-0.6425394,0.6258997,0.3051663,
1,25,72.407,0.3949969,0.04147937,-0.7767198,0.3197907,-0.6425394,0.6258997,0.3051663,
1,25,72.409,0.3950062,0.04145643,-0.776739,0.3197751,-0.6425557,0.6258889,0.305171,
1,25,72.411,0.3950062,0.04145643,-0.776739,0.3197751,-0.6425557,0.6258889,0.305171,
1,25,72.413,0.3950062,0.04145643,-0.776739,0.3197751,-0.6425557,0.6258889,0.305171,
1,25,72.415,0.3950062,0.04145643,-0.776739,0.3197751,-0.6425557,0.6258889,0.305171,
1,25,72.417,0.3950062,0.04145643,-0.776739,0.3197751,-0.6425557,0.6258889,0.305171,
1,25,72.419,0.3950028,0.04152289,-0.7766799,0.3197798,-0.6425463,0.6259418,0.3050773,
1,25,72.421,0.3950028,0.04152289,-0.7766799,0.3197798,-0.6425463,0.6259418,0.3050773,
1,25,72.423,0.3950028,0.04152289,-0.7766799,0.3197798,-0.6425463,0.6259418,0.3050773,
1,25,72.425,0.3950028,0.04152289,-0.7766799,0.3197798,-0.6425463,0.6259418,0.3050773,
1,25,72.427,0.3950559,0.04141511,-0.7768004,0.3198388,-0.6425726,0.6258445,0.3051596,
1,25,72.429,0.3950559,0.04141511,-0.7768004,0.3198388,-0.6425726,0.6258445,0.3051596,
1,25,72.431,0.3950559,0.04141511,-0.7768004,0.3198388,-0.6425726,0.6258445,0.3051596,
1,25,72.433,0.3950559,0.04141511,-0.7768004,0.3198388,-0.6425726,0.6258445,0.3051596,
1,25,72.435,0.395085,0.04132237,-0.7768441,0.3199112,-0.6426346,0.6257433,0.3051607,
1,25,72.437,0.395085,0.04132237,-0.7768441,0.3199112,-0.6426346,0.6257433,0.3051607,
1,25,72.439,0.395085,0.04132237,-0.7768441,0.3199112,-0.6426346,0.6257433,0.3051607,
1,25,72.441,0.395085,0.04132237,-0.7768441,0.3199112,-0.6426346,0.6257433,0.3051607,
1,25,72.443,0.3950604,0.04143392,-0.7767521,0.3199089,-0.642621,0.6258155,0.3050436,
1,25,72.445,0.3950604,0.04143392,-0.7767521,0.3199089,-0.642621,0.6258155,0.3050436,
1,25,72.447,0.3950604,0.04143392,-0.7767521,0.3199089,-0.642621,0.6258155,0.3050436,
1,25,72.449,0.3950604,0.04143392,-0.7767521,0.3199089,-0.642621,0.6258155,0.3050436,
1,25,72.451,0.3950711,0.04142847,-0.7767934,0.3199647,-0.6425881,0.6257811,0.3051247,
1,25,72.453,0.3950711,0.04142847,-0.7767934,0.3199647,-0.6425881,0.6257811,0.3051247,
1,25,72.455,0.3950711,0.04142847,-0.7767934,0.3199647,-0.6425881,0.6257811,0.3051247,
1,25,72.457,0.3950711,0.04142847,-0.7767934,0.3199647,-0.6425881,0.6257811,0.3051247,
1,25,72.459,0.3950692,0.04152523,-0.7767648,0.3199118,-0.6425531,0.6258624,0.3050874,
1,25,72.461,0.3950692,0.04152523,-0.7767648,0.3199118,-0.6425531,0.6258624,0.3050874,
1,25,72.463,0.3950692,0.04152523,-0.7767648,0.3199118,-0.6425531,0.6258624,0.3050874,
1,25,72.465,0.3950692,0.04152523,-0.7767648,0.3199118,-0.6425531,0.6258624,0.3050874,
1,25,72.467,0.3950692,0.04152523,-0.7767648,0.3199118,-0.6425531,0.6258624,0.3050874,
1,25,72.469,0.395025,0.04140664,-0.7767725,0.3198525,-0.6426148,0.6258228,0.3051006,
1,25,72.471,0.395025,0.04140664,-0.7767725,0.3198525,-0.6426148,0.6258228,0.3051006,
1,25,72.473,0.395025,0.04140664,-0.7767725,0.3198525,-0.6426148,0.6258228,0.3051006,
1,25,72.475,0.395025,0.04140664,-0.7767725,0.3198525,-0.6426148,0.6258228,0.3051006,
1,25,72.477,0.3950293,0.0414741,-0.7767786,0.319854,-0.6425333,0.6258569,0.3052008,
1,25,72.479,0.3950293,0.0414741,-0.7767786,0.319854,-0.6425333,0.6258569,0.3052008,
1,25,72.481,0.3950293,0.0414741,-0.7767786,0.319854,-0.6425333,0.6258569,0.3052008,
1,25,72.483,0.3950293,0.0414741,-0.7767786,0.319854,-0.6425333,0.6258569,0.3052008,
1,25,72.485,0.3950066,0.04141575,-0.7767242,0.3198088,-0.6426209,0.6258438,0.3050908,
1,25,72.487,0.3950066,0.04141575,-0.7767242,0.3198088,-0.6426209,0.6258438,0.3050908,
1,25,72.489,0.3950066,0.04141575,-0.7767242,0.3198088,-0.6426209,0.6258438,0.3050908,
1,25,72.491,0.3950066,0.04141575,-0.7767242,0.3198088,-0.6426209,0.6258438,0.3050908,
1,25,72.493,0.3949826,0.04145698,-0.7767118,0.3198147,-0.6425891,0.6258771,0.3050829,
1,25,72.495,0.3949826,0.04145698,-0.7767118,0.3198147,-0.6425891,0.6258771,0.3050829,
1,25,72.497,0.3949826,0.04145698,-0.7767118,0.3198147,-0.6425891,0.6258771,0.3050829,
1,25,72.499,0.3949826,0.04145698,-0.7767118,0.3198147,-0.6425891,0.6258771,0.3050829,
1,25,72.501,0.3950084,0.04149836,-0.7767168,0.3198441,-0.6425681,0.6258724,0.305106,
1,25,72.503,0.3950084,0.04149836,-0.7767168,0.3198441,-0.6425681,0.6258724,0.305106,
1,25,72.505,0.3950084,0.04149836,-0.7767168,0.3198441,-0.6425681,0.6258724,0.305106,
1,25,72.507,0.3950084,0.04149836,-0.7767168,0.3198441,-0.6425681,0.6258724,0.305106,
1,25,72.509,0.3949927,0.04147558,-0.7766823,0.3198034,-0.6425939,0.6258903,0.3050578,
1,25,72.511,0.3949927,0.04147558,-0.7766823,0.3198034,-0.6425939,0.6258903,0.3050578,
1,25,72.513,0.3949927,0.04147558,-0.7766823,0.3198034,-0.6425939,0.6258903,0.3050578,
1,25,72.515,0.3949927,0.04147558,-0.7766823,0.3198034,-0.6425939,0.6258903,0.3050578,
1,25,72.517,0.3949927,0.04147558,-0.7766823,0.3198034,-0.6425939,0.6258903,0.3050578,
1,25,72.519,0.395004,0.04141759,-0.7767514,0.3198287,-0.642606,0.6258454,0.3050977,
1,25,72.521,0.395004,0.04141759,-0.7767514,0.3198287,-0.642606,0.6258454,0.3050977,
1,25,72.523,0.395004,0.04141759,-0.7767514,0.3198287,-0.642606,0.6258454,0.3050977,
1,25,72.525,0.395004,0.04141759,-0.7767514,0.3198287,-0.642606,0.6258454,0.3050977,
1,25,72.527,0.3950135,0.04137559,-0.7767546,0.3198344,-0.6426353,0.6258079,0.3051071,
1,25,72.529,0.3950135,0.04137559,-0.7767546,0.3198344,-0.6426353,0.6258079,0.3051071,
1,25,72.531,0.3950135,0.04137559,-0.7767546,0.3198344,-0.6426353,0.6258079,0.3051071,
1,25,72.533,0.3950135,0.04137559,-0.7767546,0.3198344,-0.6426353,0.6258079,0.3051071,
1,25,72.535,0.3951153,0.04142608,-0.7768156,0.3199363,-0.6425744,0.6258024,0.3051398,
1,25,72.537,0.3951153,0.04142608,-0.7768156,0.3199363,-0.6425744,0.6258024,0.3051398,
1,25,72.539,0.3951153,0.04142608,-0.7768156,0.3199363,-0.6425744,0.6258024,0.3051398,
1,25,72.541,0.3951153,0.04142608,-0.7768156,0.3199363,-0.6425744,0.6258024,0.3051398,
1,25,72.543,0.3951149,0.0413532,-0.7768251,0.3199928,-0.6426309,0.6257274,0.3051152,
1,25,72.545,0.3951149,0.0413532,-0.7768251,0.3199928,-0.6426309,0.6257274,0.3051152,
1,25,72.547,0.3951149,0.0413532,-0.7768251,0.3199928,-0.6426309,0.6257274,0.3051152,
1,25,72.549,0.3951149,0.0413532,-0.7768251,0.3199928,-0.6426309,0.6257274,0.3051152,
1,25,72.551,0.3951133,0.04139076,-0.7767966,0.3199853,-0.6426351,0.6257457,0.3050771,
1,25,72.553,0.3951133,0.04139076,-0.7767966,0.3199853,-0.6426351,0.6257457,0.3050771,
1,25,72.555,0.3951133,0.04139076,-0.7767966,0.3199853,-0.6426351,0.6257457,0.3050771,
1,25,72.557,0.3951133,0.04139076,-0.7767966,0.3199853,-0.6426351,0.6257457,0.3050771,
1,25,72.559,0.3950719,0.04142136,-0.7767506,0.3199853,-0.6426393,0.6257624,0.3050338,
1,25,72.561,0.3950719,0.04142136,-0.7767506,0.3199853,-0.6426393,0.6257624,0.3050338,
1,25,72.563,0.3950719,0.04142136,-0.7767506,0.3199853,-0.6426393,0.6257624,0.3050338,
1,25,72.565,0.3950719,0.04142136,-0.7767506,0.3199853,-0.6426393,0.6257624,0.3050338,
1,25,72.567,0.3950719,0.04142136,-0.7767506,0.3199853,-0.6426393,0.6257624,0.3050338,
1,25,72.569,0.3950959,0.04139402,-0.7768167,0.3199807,-0.6426024,0.6257626,0.3051157,
1,25,72.571,0.3950959,0.04139402,-0.7768167,0.3199807,-0.6426024,0.6257626,0.3051157,
1,25,72.573,0.3950959,0.04139402,-0.7768167,0.3199807,-0.6426024,0.6257626,0.3051157,
1,25,72.575,0.3950959,0.04139402,-0.7768167,0.3199807,-0.6426024,0.6257626,0.3051157,
1,25,72.577,0.3951094,0.04135427,-0.7768607,0.3199924,-0.6425953,0.6257191,0.3052078,
1,25,72.579,0.3951094,0.04135427,-0.7768607,0.3199924,-0.6425953,0.6257191,0.3052078,
1,25,72.581,0.3951094,0.04135427,-0.7768607,0.3199924,-0.6425953,0.6257191,0.3052078,
1,25,72.583,0.3951094,0.04135427,-0.7768607,0.3199924,-0.6425953,0.6257191,0.3052078,
1,25,72.585,0.3951295,0.0414154,-0.7768083,0.3200164,-0.6426074,0.6257515,0.3050908,
1,25,72.587,0.3951295,0.0414154,-0.7768083,0.3200164,-0.6426074,0.6257515,0.3050908,
1,25,72.589,0.3951295,0.0414154,-0.7768083,0.3200164,-0.6426074,0.6257515,0.3050908,
1,25,72.591,0.3951295,0.0414154,-0.7768083,0.3200164,-0.6426074,0.6257515,0.3050908,
1,25,72.593,0.395071,0.04147428,-0.7767801,0.3200068,-0.6425603,0.6257883,0.305124,
1,25,72.595,0.395071,0.04147428,-0.7767801,0.3200068,-0.6425603,0.6257883,0.305124,
1,25,72.597,0.395071,0.04147428,-0.7767801,0.3200068,-0.6425603,0.6257883,0.305124,
1,25,72.599,0.395071,0.04147428,-0.7767801,0.3200068,-0.6425603,0.6257883,0.305124,
1,25,72.601,0.3951294,0.04134023,-0.7768748,0.3200069,-0.6425959,0.6256997,0.3052311,
1,25,72.603,0.3951294,0.04134023,-0.7768748,0.3200069,-0.6425959,0.6256997,0.3052311,
1,25,72.605,0.3951294,0.04134023,-0.7768748,0.3200069,-0.6425959,0.6256997,0.3052311,
1,25,72.607,0.3951294,0.04134023,-0.7768748,0.3200069,-0.6425959,0.6256997,0.3052311,
1,25,72.609,0.3951092,0.04139718,-0.7768285,0.3199646,-0.6425864,0.6257689,0.3051537,
1,25,72.611,0.3951092,0.04139718,-0.7768285,0.3199646,-0.6425864,0.6257689,0.3051537,
1,25,72.613,0.3951092,0.04139718,-0.7768285,0.3199646,-0.6425864,0.6257689,0.3051537,
1,25,72.615,0.3951092,0.04139718,-0.7768285,0.3199646,-0.6425864,0.6257689,0.3051537,
1,25,72.617,0.3951092,0.04139718,-0.7768285,0.3199646,-0.6425864,0.6257689,0.3051537,
1,25,72.619,0.3950971,0.04144767,-0.7767707,0.3199708,-0.642586,0.6258045,0.3050749,
1,25,72.621,0.3950971,0.04144767,-0.7767707,0.3199708,-0.642586,0.6258045,0.3050749,
1,25,72.623,0.3950971,0.04144767,-0.7767707,0.3199708,-0.642586,0.6258045,0.3050749,
1,25,72.625,0.3950971,0.04144767,-0.7767707,0.3199708,-0.642586,0.6258045,0.3050749,
1,25,72.627,0.395077,0.04143099,-0.7768278,0.3199854,-0.6425489,0.6257732,0.3052019,
1,25,72.629,0.395077,0.04143099,-0.7768278,0.3199854,-0.6425489,0.6257732,0.3052019,
1,25,72.631,0.395077,0.04143099,-0.7768278,0.3199854,-0.6425489,0.6257732,0.3052019,
1,25,72.633,0.395077,0.04143099,-0.7768278,0.3199854,-0.6425489,0.6257732,0.3052019,
1,25,72.635,0.3951059,0.0413707,-0.776834,0.3199443,-0.6425843,0.6257631,0.3051913,
1,25,72.637,0.3951059,0.0413707,-0.776834,0.3199443,-0.6425843,0.6257631,0.3051913,
1,25,72.639,0.3951059,0.0413707,-0.776834,0.3199443,-0.6425843,0.6257631,0.3051913,
1,25,72.641,0.3951059,0.0413707,-0.776834,0.3199443,-0.6425843,0.6257631,0.3051913,
1,25,72.643,0.3951049,0.04138389,-0.7768287,0.3199719,-0.6425854,0.6257408,0.3052055,
1,25,72.645,0.3951049,0.04138389,-0.7768287,0.3199719,-0.6425854,0.6257408,0.3052055,
1,25,72.647,0.3951049,0.04138389,-0.7768287,0.3199719,-0.6425854,0.6257408,0.3052055,
1,25,72.649,0.3951049,0.04138389,-0.7768287,0.3199719,-0.6425854,0.6257408,0.3052055,
1,25,72.651,0.3951128,0.04136993,-0.7768358,0.3199761,-0.6425892,0.6257275,0.3052203,
1,25,72.653,0.3951128,0.04136993,-0.7768358,0.3199761,-0.6425892,0.6257275,0.3052203,
1,25,72.655,0.3951128,0.04136993,-0.7768358,0.3199761,-0.6425892,0.6257275,0.3052203,
1,25,72.657,0.3951128,0.04136993,-0.7768358,0.3199761,-0.6425892,0.6257275,0.3052203,
1,25,72.659,0.3951294,0.04139541,-0.7768323,0.3199661,-0.6425823,0.6257645,0.3051697,
1,25,72.661,0.3951294,0.04139541,-0.7768323,0.3199661,-0.6425823,0.6257645,0.3051697,
1,25,72.663,0.3951294,0.04139541,-0.7768323,0.3199661,-0.6425823,0.6257645,0.3051697,
1,25,72.665,0.3951294,0.04139541,-0.7768323,0.3199661,-0.6425823,0.6257645,0.3051697,
1,25,72.667,0.3951294,0.04139541,-0.7768323,0.3199661,-0.6425823,0.6257645,0.3051697,
1,25,72.669,0.3951364,0.04136367,-0.7768571,0.319988,-0.6426044,0.625738,0.3051547,
1,25,72.671,0.3951364,0.04136367,-0.7768571,0.319988,-0.6426044,0.625738,0.3051547,
1,25,72.673,0.3951364,0.04136367,-0.7768571,0.319988,-0.6426044,0.625738,0.3051547,
1,25,72.675,0.3951364,0.04136367,-0.7768571,0.319988,-0.6426044,0.625738,0.3051547,
1,25,72.677,0.3951227,0.0413141,-0.7768368,0.3199765,-0.642638,0.6257119,0.3051497,
1,25,72.679,0.3951227,0.0413141,-0.7768368,0.3199765,-0.642638,0.6257119,0.3051497,
1,25,72.681,0.3951227,0.0413141,-0.7768368,0.3199765,-0.642638,0.6257119,0.3051497,
1,25,72.683,0.3951227,0.0413141,-0.7768368,0.3199765,-0.642638,0.6257119,0.3051497,
1,25,72.685,0.3951125,0.04132764,-0.7768778,0.3200306,-0.642597,0.6256848,0.3052345,
1,25,72.687,0.3951125,0.04132764,-0.7768778,0.3200306,-0.642597,0.6256848,0.3052345,
1,25,72.689,0.3951125,0.04132764,-0.7768778,0.3200306,-0.642597,0.6256848,0.3052345,
1,25,72.691,0.3951125,0.04132764,-0.7768778,0.3200306,-0.642597,0.6256848,0.3052345,
1,25,72.693,0.3951325,0.04135884,-0.7768624,0.3200106,-0.6426121,0.6257116,0.3051688,
1,25,72.695,0.3951325,0.04135884,-0.7768624,0.3200106,-0.6426121,0.6257116,0.3051688,
1,25,72.697,0.3951325,0.04135884,-0.7768624,0.3200106,-0.6426121,0.6257116,0.3051688,
1,25,72.699,0.3951325,0.04135884,-0.7768624,0.3200106,-0.6426121,0.6257116,0.3051688,
1,25,72.701,0.3950474,0.0414772,-0.7767822,0.319866,-0.6425469,0.6258705,0.305132,
1,25,72.703,0.3950474,0.0414772,-0.7767822,0.319866,-0.6425469,0.6258705,0.305132,
1,25,72.705,0.3950474,0.0414772,-0.7767822,0.319866,-0.6425469,0.6258705,0.305132,
1,25,72.707,0.3950474,0.0414772,-0.7767822,0.319866,-0.6425469,0.6258705,0.305132,
1,25,72.709,0.3950229,0.0414423,-0.776774,0.3198197,-0.6425647,0.6258458,0.3051935,
1,25,72.711,0.3950229,0.0414423,-0.776774,0.3198197,-0.6425647,0.6258458,0.3051935,
1,25,72.713,0.3950229,0.0414423,-0.776774,0.3198197,-0.6425647,0.6258458,0.3051935,
1,25,72.715,0.3950229,0.0414423,-0.776774,0.3198197,-0.6425647,0.6258458,0.3051935,
1,25,72.717,0.3950229,0.0414423,-0.776774,0.3198197,-0.6425647,0.6258458,0.3051935,
1,25,72.719,0.3950677,0.04148168,-0.7767429,0.3198972,-0.6425532,0.6258576,0.3051121,
1,25,72.721,0.3950677,0.04148168,-0.7767429,0.3198972,-0.6425532,0.6258576,0.3051121,
1,25,72.723,0.3950677,0.04148168,-0.7767429,0.3198972,-0.6425532,0.6258576,0.3051121,
1,25,72.725,0.3950677,0.04148168,-0.7767429,0.3198972,-0.6425532,0.6258576,0.3051121,
1,25,72.727,0.3950758,0.04145303,-0.7767378,0.3199369,-0.6425866,0.6258223,0.3050728,
1,25,72.729,0.3950758,0.04145303,-0.7767378,0.3199369,-0.6425866,0.6258223,0.3050728,
1,25,72.731,0.3950758,0.04145303,-0.7767378,0.3199369,-0.6425866,0.6258223,0.3050728,
1,25,72.733,0.3950758,0.04145303,-0.7767378,0.3199369,-0.6425866,0.6258223,0.3050728,
1,25,72.735,0.3950889,0.0414033,-0.7767807,0.3199405,-0.642574,0.6257837,0.3051744,
1,25,72.737,0.3950889,0.0414033,-0.7767807,0.3199405,-0.642574,0.6257837,0.3051744,
1,25,72.739,0.3950889,0.0414033,-0.7767807,0.3199405,-0.642574,0.6257837,0.3051744,
1,25,72.741,0.3950889,0.0414033,-0.7767807,0.3199405,-0.642574,0.6257837,0.3051744,
1,25,72.743,0.3951263,0.04136152,-0.7768648,0.3199522,-0.6425651,0.625751,0.3052481,
1,25,72.745,0.3951263,0.04136152,-0.7768648,0.3199522,-0.6425651,0.625751,0.3052481,
1,25,72.747,0.3951263,0.04136152,-0.7768648,0.3199522,-0.6425651,0.625751,0.3052481,
1,25,72.749,0.3951263,0.04136152,-0.7768648,0.3199522,-0.6425651,0.625751,0.3052481,
1,25,72.751,0.3951201,0.04135992,-0.7768075,0.319946,-0.6426226,0.6257472,0.3051414,
1,25,72.753,0.3951201,0.04135992,-0.7768075,0.319946,-0.6426226,0.6257472,0.3051414,
1,25,72.755,0.3951201,0.04135992,-0.7768075,0.319946,-0.6426226,0.6257472,0.3051414,
1,25,72.757,0.3951201,0.04135992,-0.7768075,0.319946,-0.6426226,0.6257472,0.3051414,
1,25,72.759,0.395139,0.04134161,-0.7768323,0.3199709,-0.6426407,0.6257263,0.3051201,
1,25,72.761,0.395139,0.04134161,-0.7768323,0.3199709,-0.6426407,0.6257263,0.3051201,
1,25,72.763,0.395139,0.04134161,-0.7768323,0.3199709,-0.6426407,0.6257263,0.3051201,
1,25,72.765,0.395139,0.04134161,-0.7768323,0.3199709,-0.6426407,0.6257263,0.3051201,
1,25,72.767,0.395139,0.04134161,-0.7768323,0.3199709,-0.6426407,0.6257263,0.3051201,
1,25,72.769,0.3951177,0.0414231,-0.7767913,0.3199299,-0.6425807,0.625801,0.3051361,
1,25,72.771,0.3951177,0.0414231,-0.7767913,0.3199299,-0.6425807,0.625801,0.3051361,
1,25,72.773,0.3951177,0.0414231,-0.7767913,0.3199299,-0.6425807,0.625801,0.3051361,
1,25,72.775,0.3951177,0.0414231,-0.7767913,0.3199299,-0.6425807,0.625801,0.3051361,
1,25,72.777,0.3950926,0.04140242,-0.7768225,0.3199254,-0.6425509,0.6257833,0.3052399,
1,25,72.779,0.3950926,0.04140242,-0.7768225,0.3199254,-0.6425509,0.6257833,0.3052399,
1,25,72.781,0.3950926,0.04140242,-0.7768225,0.3199254,-0.6425509,0.6257833,0.3052399,
1,25,72.783,0.3950926,0.04140242,-0.7768225,0.3199254,-0.6425509,0.6257833,0.3052399,
1,25,72.785,0.3951226,0.04140551,-0.7768012,0.3199263,-0.642583,0.625791,0.3051557,
1,25,72.787,0.3951226,0.04140551,-0.7768012,0.3199263,-0.642583,0.625791,0.3051557,
1,25,72.789,0.3951226,0.04140551,-0.7768012,0.3199263,-0.642583,0.625791,0.3051557,
1,25,72.791,0.3951226,0.04140551,-0.7768012,0.3199263,-0.642583,0.625791,0.3051557,
1,25,72.793,0.3951088,0.04143652,-0.7768128,0.3199475,-0.6425534,0.6257912,0.3051951,
1,25,72.795,0.3951088,0.04143652,-0.7768128,0.3199475,-0.6425534,0.6257912,0.3051951,
1,25,72.797,0.3951088,0.04143652,-0.7768128,0.3199475,-0.6425534,0.6257912,0.3051951,
1,25,72.799,0.3951088,0.04143652,-0.7768128,0.3199475,-0.6425534,0.6257912,0.3051951,
1,25,72.801,0.395108,0.04142755,-0.7768298,0.3199376,-0.6425427,0.6257995,0.3052111,
1,25,72.803,0.395108,0.04142755,-0.7768298,0.3199376,-0.6425427,0.6257995,0.3052111,
1,25,72.805,0.395108,0.04142755,-0.7768298,0.3199376,-0.6425427,0.6257995,0.3052111,
1,25,72.807,0.395108,0.04142755,-0.7768298,0.3199376,-0.6425427,0.6257995,0.3052111,
1,25,72.809,0.3950967,0.04142275,-0.776794,0.3199069,-0.6425605,0.6257991,0.3052068,
1,25,72.811,0.3950967,0.04142275,-0.776794,0.3199069,-0.6425605,0.6257991,0.3052068,
1,25,72.813,0.3950967,0.04142275,-0.776794,0.3199069,-0.6425605,0.6257991,0.3052068,
1,25,72.815,0.3950967,0.04142275,-0.776794,0.3199069,-0.6425605,0.6257991,0.3052068,
1,25,72.817,0.3950967,0.04142275,-0.776794,0.3199069,-0.6425605,0.6257991,0.3052068,
1,25,72.819,0.39513,0.04143445,-0.776813,0.319957,-0.6425551,0.6258107,0.3051416,
1,25,72.821,0.39513,0.04143445,-0.776813,0.319957,-0.6425551,0.6258107,0.3051416,
1,25,72.823,0.39513,0.04143445,-0.776813,0.319957,-0.6425551,0.6258107,0.3051416,
1,25,72.825,0.39513,0.04143445,-0.776813,0.319957,-0.6425551,0.6258107,0.3051416,
1,25,72.827,0.3950793,0.04144542,-0.7767528,0.3199379,-0.6425817,0.6258192,0.3050884,
1,25,72.829,0.3950793,0.04144542,-0.7767528,0.3199379,-0.6425817,0.6258192,0.3050884,
1,25,72.831,0.3950793,0.04144542,-0.7767528,0.3199379,-0.6425817,0.6258192,0.3050884,
1,25,72.833,0.3950793,0.04144542,-0.7767528,0.3199379,-0.6425817,0.6258192,0.3050884,
1,25,72.835,0.3951215,0.04145554,-0.7767979,0.3199622,-0.6425586,0.625809,0.3051327,
1,25,72.837,0.3951215,0.04145554,-0.7767979,0.3199622,-0.6425586,0.625809,0.3051327,
1,25,72.839,0.3951215,0.04145554,-0.7767979,0.3199622,-0.6425586,0.625809,0.3051327,
1,25,72.841,0.3951215,0.04145554,-0.7767979,0.3199622,-0.6425586,0.625809,0.3051327,
1,25,72.843,0.3950953,0.04141047,-0.7767925,0.3199388,-0.6425902,0.6257883,0.3051329,
1,25,72.845,0.3950953,0.04141047,-0.7767925,0.3199388,-0.6425902,0.6257883,0.3051329,
1,25,72.847,0.3950953,0.04141047,-0.7767925,0.3199388,-0.6425902,0.6257883,0.3051329,
1,25,72.849,0.3950953,0.04141047,-0.7767925,0.3199388,-0.6425902,0.6257883,0.3051329,
1,25,72.851,0.3951021,0.04138017,-0.776817,0.3199439,-0.6425948,0.6257744,0.3051465,
1,25,72.853,0.3951021,0.04138017,-0.776817,0.3199439,-0.6425948,0.6257744,0.3051465,
1,25,72.855,0.3951021,0.04138017,-0.776817,0.3199439,-0.6425948,0.6257744,0.3051465,
1,25,72.857,0.3951021,0.04138017,-0.776817,0.3199439,-0.6425948,0.6257744,0.3051465,
1,25,72.859,0.3950811,0.04145036,-0.7767634,0.3199149,-0.6425607,0.6258337,0.3051269,
1,25,72.861,0.3950811,0.04145036,-0.7767634,0.3199149,-0.6425607,0.6258337,0.3051269,
1,25,72.863,0.3950811,0.04145036,-0.7767634,0.3199149,-0.6425607,0.6258337,0.3051269,
1,25,72.865,0.3950811,0.04145036,-0.7767634,0.3199149,-0.6425607,0.6258337,0.3051269,
1,25,72.867,0.3950811,0.04145036,-0.7767634,0.3199149,-0.6425607,0.6258337,0.3051269,
1,25,72.869,0.3950759,0.04142579,-0.7767771,0.3199409,-0.6425647,0.625797,0.3051664,
1,25,72.871,0.3950759,0.04142579,-0.7767771,0.3199409,-0.6425647,0.625797,0.3051664,
1,25,72.873,0.3950759,0.04142579,-0.7767771,0.3199409,-0.6425647,0.625797,0.3051664,
1,25,72.875,0.3950759,0.04142579,-0.7767771,0.3199409,-0.6425647,0.625797,0.3051664,
1,25,72.877,0.3950904,0.0414186,-0.7768141,0.3199136,-0.6425651,0.6257957,0.3051968,
1,25,72.879,0.3950904,0.0414186,-0.7768141,0.3199136,-0.6425651,0.6257957,0.3051968,
1,25,72.881,0.3950904,0.0414186,-0.7768141,0.3199136,-0.6425651,0.6257957,0.3051968,
1,25,72.883,0.3950904,0.0414186,-0.7768141,0.3199136,-0.6425651,0.6257957,0.3051968,
1,25,72.885,0.3950974,0.04145923,-0.7767581,0.3199429,-0.6425934,0.6258083,0.3050806,
1,25,72.887,0.3950974,0.04145923,-0.7767581,0.3199429,-0.6425934,0.6258083,0.3050806,
1,25,72.889,0.3950974,0.04145923,-0.7767581,0.3199429,-0.6425934,0.6258083,0.3050806,
1,25,72.891,0.3950974,0.04145923,-0.7767581,0.3199429,-0.6425934,0.6258083,0.3050806,
1,25,72.893,0.3950951,0.04151207,-0.7767708,0.3199484,-0.6425333,0.6258565,0.3051028,
1,25,72.895,0.3950951,0.04151207,-0.7767708,0.3199484,-0.6425333,0.6258565,0.3051028,
1,25,72.897,0.3950951,0.04151207,-0.7767708,0.3199484,-0.6425333,0.6258565,0.3051028,
1,25,72.899,0.3950951,0.04151207,-0.7767708,0.3199484,-0.6425333,0.6258565,0.3051028,
1,25,72.901,0.3951332,0.04147458,-0.7767975,0.3199618,-0.6425533,0.6258225,0.3051162,
1,25,72.903,0.3951332,0.04147458,-0.7767975,0.3199618,-0.6425533,0.6258225,0.3051162,
1,25,72.905,0.3951332,0.04147458,-0.7767975,0.3199618,-0.6425533,0.6258225,0.3051162,
1,25,72.907,0.3951332,0.04147458,-0.7767975,0.3199618,-0.6425533,0.6258225,0.3051162,
1,25,72.909,0.3950909,0.04146982,-0.7767524,0.3199709,-0.6425769,0.6258168,0.3050688,
1,25,72.911,0.3950909,0.04146982,-0.7767524,0.3199709,-0.6425769,0.6258168,0.3050688,
1,25,72.913,0.3950909,0.04146982,-0.7767524,0.3199709,-0.6425769,0.6258168,0.3050688,
1,25,72.915,0.3950909,0.04146982,-0.7767524,0.3199709,-0.6425769,0.6258168,0.3050688,
1,25,72.917,0.3950909,0.04146982,-0.7767524,0.3199709,-0.6425769,0.6258168,0.3050688,
1,25,72.919,0.3950695,0.04144662,-0.776795,0.3199249,-0.6425345,0.6258178,0.3052042,
1,25,72.921,0.3950695,0.04144662,-0.776795,0.3199249,-0.6425345,0.6258178,0.3052042,
1,25,72.923,0.3950695,0.04144662,-0.776795,0.3199249,-0.6425345,0.6258178,0.3052042,
1,25,72.925,0.3950695,0.04144662,-0.776795,0.3199249,-0.6425345,0.6258178,0.3052042,
1,25,72.927,0.3951057,0.04138571,-0.776842,0.3199316,-0.6425556,0.6257788,0.3052329,
1,25,72.929,0.3951057,0.04138571,-0.776842,0.3199316,-0.6425556,0.6257788,0.3052329,
1,25,72.931,0.3951057,0.04138571,-0.776842,0.3199316,-0.6425556,0.6257788,0.3052329,
1,25,72.933,0.3951057,0.04138571,-0.776842,0.3199316,-0.6425556,0.6257788,0.3052329,
1,25,72.935,0.3951218,0.0413615,-0.7768724,0.3199639,-0.642575,0.6257454,0.3052265,
1,25,72.937,0.3951218,0.0413615,-0.7768724,0.3199639,-0.642575,0.6257454,0.3052265,
1,25,72.939,0.3951218,0.0413615,-0.7768724,0.3199639,-0.642575,0.6257454,0.3052265,
1,25,72.941,0.3951218,0.0413615,-0.7768724,0.3199639,-0.642575,0.6257454,0.3052265,
1,25,72.943,0.3951006,0.04143665,-0.776803,0.3199633,-0.6425484,0.6257945,0.3051825,
1,25,72.945,0.3951006,0.04143665,-0.776803,0.3199633,-0.6425484,0.6257945,0.3051825,
1,25,72.947,0.3951006,0.04143665,-0.776803,0.3199633,-0.6425484,0.6257945,0.3051825,
1,25,72.949,0.3951006,0.04143665,-0.776803,0.3199633,-0.6425484,0.6257945,0.3051825,
1,25,72.951,0.3950922,0.04143085,-0.776791,0.3199644,-0.6425694,0.6257954,0.3051353,
1,25,72.953,0.3950922,0.04143085,-0.776791,0.3199644,-0.6425694,0.6257954,0.3051353,
1,25,72.955,0.3950922,0.04143085,-0.776791,0.3199644,-0.6425694,0.6257954,0.3051353,
1,25,72.957,0.3950922,0.04143085,-0.776791,0.3199644,-0.6425694,0.6257954,0.3051353,
1,25,72.959,0.3950739,0.04139504,-0.7767501,0.3199756,-0.6426454,0.6257614,0.3050333,
1,25,72.961,0.3950739,0.04139504,-0.7767501,0.3199756,-0.6426454,0.6257614,0.3050333,
1,25,72.963,0.3950739,0.04139504,-0.7767501,0.3199756,-0.6426454,0.6257614,0.3050333,
1,25,72.965,0.3950739,0.04139504,-0.7767501,0.3199756,-0.6426454,0.6257614,0.3050333,
1,25,72.967,0.3950739,0.04139504,-0.7767501,0.3199756,-0.6426454,0.6257614,0.3050333,
1,25,72.969,0.3950592,0.04142996,-0.7767296,0.3199226,-0.6426191,0.625804,0.3050568,
1,25,72.971,0.3950592,0.04142996,-0.7767296,0.3199226,-0.6426191,0.625804,0.3050568,
1,25,72.973,0.3950592,0.04142996,-0.7767296,0.3199226,-0.6426191,0.625804,0.3050568,
1,25,72.975,0.3950592,0.04142996,-0.7767296,0.3199226,-0.6426191,0.625804,0.3050568,
1,25,72.977,0.3950991,0.04138346,-0.7768153,0.3199565,-0.642592,0.6257603,0.3051683,
1,25,72.979,0.3950991,0.04138346,-0.7768153,0.3199565,-0.642592,0.6257603,0.3051683,
1,25,72.981,0.3950991,0.04138346,-0.7768153,0.3199565,-0.642592,0.6257603,0.3051683,
1,25,72.983,0.3950991,0.04138346,-0.7768153,0.3199565,-0.642592,0.6257603,0.3051683,
1,25,72.985,0.3951107,0.04146203,-0.7768338,0.3199834,-0.6425176,0.6257989,0.3052174,
1,25,72.987,0.3951107,0.04146203,-0.7768338,0.3199834,-0.6425176,0.6257989,0.3052174,
1,25,72.989,0.3951107,0.04146203,-0.7768338,0.3199834,-0.6425176,0.6257989,0.3052174,
1,25,72.991,0.3951107,0.04146203,-0.7768338,0.3199834,-0.6425176,0.6257989,0.3052174,
1,25,72.993,0.3951165,0.04145677,-0.7768424,0.3199628,-0.6425056,0.6258076,0.305246,
1,25,72.995,0.3951165,0.04145677,-0.7768424,0.3199628,-0.6425056,0.6258076,0.305246,
1,25,72.997,0.3951165,0.04145677,-0.7768424,0.3199628,-0.6425056,0.6258076,0.305246,
1,25,72.999,0.3951165,0.04145677,-0.7768424,0.3199628,-0.6425056,0.6258076,0.305246,
1,25,73.001,0.395189,0.04145436,-0.7769195,0.3200113,-0.642494,0.6258045,0.3052262,
1,25,73.003,0.395189,0.04145436,-0.7769195,0.3200113,-0.642494,0.6258045,0.3052262,
1,25,73.005,0.395189,0.04145436,-0.7769195,0.3200113,-0.642494,0.6258045,0.3052262,
1,25,73.007,0.395189,0.04145436,-0.7769195,0.3200113,-0.642494,0.6258045,0.3052262,
1,25,73.009,0.3951483,0.04144307,-0.7768424,0.319998,-0.6425442,0.6258013,0.3051409,
1,25,73.011,0.3951483,0.04144307,-0.7768424,0.319998,-0.6425442,0.6258013,0.3051409,
1,25,73.013,0.3951483,0.04144307,-0.7768424,0.319998,-0.6425442,0.6258013,0.3051409,
1,25,73.015,0.3951483,0.04144307,-0.7768424,0.319998,-0.6425442,0.6258013,0.3051409,
1,25,73.017,0.3951483,0.04144307,-0.7768424,0.319998,-0.6425442,0.6258013,0.3051409,
1,25,73.019,0.3951424,0.04139413,-0.7768776,0.319985,-0.6425573,0.6257542,0.3052238,
1,25,73.021,0.3951424,0.04139413,-0.7768776,0.319985,-0.6425573,0.6257542,0.3052238,
1,25,73.023,0.3951424,0.04139413,-0.7768776,0.319985,-0.6425573,0.6257542,0.3052238,
1,25,73.025,0.3951424,0.04139413,-0.7768776,0.319985,-0.6425573,0.6257542,0.3052238,
1,25,73.027,0.3951432,0.04144442,-0.7768333,0.3199548,-0.6425341,0.6258116,0.3051862,
1,25,73.029,0.3951432,0.04144442,-0.7768333,0.3199548,-0.6425341,0.6258116,0.3051862,
1,25,73.031,0.3951432,0.04144442,-0.7768333,0.3199548,-0.6425341,0.6258116,0.3051862,
1,25,73.033,0.3951432,0.04144442,-0.7768333,0.3199548,-0.6425341,0.6258116,0.3051862,
1,25,73.035,0.3951054,0.04138219,-0.7768112,0.3199828,-0.642616,0.6257555,0.3050998,
1,25,73.037,0.3951054,0.04138219,-0.7768112,0.3199828,-0.642616,0.6257555,0.3050998,
1,25,73.039,0.3951054,0.04138219,-0.7768112,0.3199828,-0.642616,0.6257555,0.3050998,
1,25,73.041,0.3951054,0.04138219,-0.7768112,0.3199828,-0.642616,0.6257555,0.3050998,
1,25,73.043,0.3950965,0.04142739,-0.776798,0.3199908,-0.6425786,0.6257743,0.3051315,
1,25,73.045,0.3950965,0.04142739,-0.776798,0.3199908,-0.6425786,0.6257743,0.3051315,
1,25,73.047,0.3950965,0.04142739,-0.776798,0.3199908,-0.6425786,0.6257743,0.3051315,
1,25,73.049,0.3950965,0.04142739,-0.776798,0.3199908,-0.6425786,0.6257743,0.3051315,
1,25,73.051,0.3951537,0.04138672,-0.7768735,0.3200418,-0.6425818,0.6257386,0.3051445,
1,25,73.053,0.3951537,0.04138672,-0.7768735,0.3200418,-0.6425818,0.6257386,0.3051445,
1,25,73.055,0.3951537,0.04138672,-0.7768735,0.3200418,-0.6425818,0.6257386,0.3051445,
1,25,73.057,0.3951537,0.04138672,-0.7768735,0.3200418,-0.6425818,0.6257386,0.3051445,
1,25,73.059,0.3951436,0.04130067,-0.776891,0.3200494,-0.642655,0.6256664,0.3051305,
1,25,73.061,0.3951436,0.04130067,-0.776891,0.3200494,-0.642655,0.6256664,0.3051305,
1,25,73.063,0.3951436,0.04130067,-0.776891,0.3200494,-0.642655,0.6256664,0.3051305,
1,25,73.065,0.3951436,0.04130067,-0.776891,0.3200494,-0.642655,0.6256664,0.3051305,
1,25,73.067,0.3951436,0.04130067,-0.776891,0.3200494,-0.642655,0.6256664,0.3051305,
1,25,73.069,0.3951457,0.04139692,-0.7768548,0.3199833,-0.6425843,0.6257626,0.3051513,
1,25,73.071,0.3951457,0.04139692,-0.7768548,0.3199833,-0.6425843,0.6257626,0.3051513,
1,25,73.073,0.3951457,0.04139692,-0.7768548,0.3199833,-0.6425843,0.6257626,0.3051513,
1,25,73.075,0.3951457,0.04139692,-0.7768548,0.3199833,-0.6425843,0.6257626,0.3051513,
1,25,73.077,0.3950887,0.04143431,-0.7767998,0.3199428,-0.642564,0.625808,0.3051435,
1,25,73.079,0.3950887,0.04143431,-0.7767998,0.3199428,-0.642564,0.625808,0.3051435,
1,25,73.081,0.3950887,0.04143431,-0.7767998,0.3199428,-0.642564,0.625808,0.3051435,
1,25,73.083,0.3950887,0.04143431,-0.7767998,0.3199428,-0.642564,0.625808,0.3051435,
1,25,73.085,0.3951281,0.04143449,-0.7768242,0.3199731,-0.6425633,0.6257947,0.3051403,
1,25,73.087,0.3951281,0.04143449,-0.7768242,0.3199731,-0.6425633,0.6257947,0.3051403,
1,25,73.089,0.3951281,0.04143449,-0.7768242,0.3199731,-0.6425633,0.6257947,0.3051403,
1,25,73.091,0.3951281,0.04143449,-0.7768242,0.3199731,-0.6425633,0.6257947,0.3051403,
1,25,73.093,0.395145,0.0413762,-0.7768509,0.3200048,-0.6425893,0.6257373,0.3051703,
1,25,73.095,0.395145,0.0413762,-0.7768509,0.3200048,-0.6425893,0.6257373,0.3051703,
1,25,73.097,0.395145,0.0413762,-0.7768509,0.3200048,-0.6425893,0.6257373,0.3051703,
1,25,73.099,0.395145,0.0413762,-0.7768509,0.3200048,-0.6425893,0.6257373,0.3051703,
1,25,73.101,0.3950694,0.04139687,-0.776754,0.3199478,-0.6426196,0.6257723,0.3050942,
1,25,73.103,0.3950694,0.04139687,-0.776754,0.3199478,-0.6426196,0.6257723,0.3050942,
1,25,73.105,0.3950694,0.04139687,-0.776754,0.3199478,-0.6426196,0.6257723,0.3050942,
1,25,73.107,0.3950694,0.04139687,-0.776754,0.3199478,-0.6426196,0.6257723,0.3050942,
1,25,73.109,0.3950916,0.04136886,-0.7767997,0.31997,-0.6426171,0.62576,0.3051017,
1,25,73.111,0.3950916,0.04136886,-0.7767997,0.31997,-0.6426171,0.62576,0.3051017,
1,25,73.113,0.3950916,0.04136886,-0.7767997,0.31997,-0.6426171,0.62576,0.3051017,
1,25,73.115,0.3950916,0.04136886,-0.7767997,0.31997,-0.6426171,0.62576,0.3051017,
1,25,73.117,0.3950916,0.04136886,-0.7767997,0.31997,-0.6426171,0.62576,0.3051017,
1,25,73.119,0.3951166,0.04141409,-0.7768041,0.3199784,-0.6425875,0.6257842,0.3051054,
1,25,73.121,0.3951166,0.04141409,-0.7768041,0.3199784,-0.6425875,0.6257842,0.3051054,
1,25,73.123,0.3951166,0.04141409,-0.7768041,0.3199784,-0.6425875,0.6257842,0.3051054,
1,25,73.125,0.3951166,0.04141409,-0.7768041,0.3199784,-0.6425875,0.6257842,0.3051054,
1,25,73.127,0.395127,0.04144783,-0.7768108,0.3199998,-0.6425536,0.6258082,0.3051051,
1,25,73.129,0.395127,0.04144783,-0.7768108,0.3199998,-0.6425536,0.6258082,0.3051051,
1,25,73.131,0.395127,0.04144783,-0.7768108,0.3199998,-0.6425536,0.6258082,0.3051051,
1,25,73.133,0.395127,0.04144783,-0.7768108,0.3199998,-0.6425536,0.6258082,0.3051051,
1,25,73.135,0.3951271,0.04143921,-0.7768167,0.3199874,-0.6425492,0.6258043,0.3051356,
1,25,73.137,0.3951271,0.04143921,-0.7768167,0.3199874,-0.6425492,0.6258043,0.3051356,
1,25,73.139,0.3951271,0.04143921,-0.7768167,0.3199874,-0.6425492,0.6258043,0.3051356,
1,25,73.141,0.3951271,0.04143921,-0.7768167,0.3199874,-0.6425492,0.6258043,0.3051356,
1,25,73.143,0.3951316,0.04141055,-0.7768054,0.3200079,-0.642603,0.6257678,0.3050754,
1,25,73.145,0.3951316,0.04141055,-0.7768054,0.3200079,-0.642603,0.6257678,0.3050754,
1,25,73.147,0.3951316,0.04141055,-0.7768054,0.3200079,-0.642603,0.6257678,0.3050754,
1,25,73.149,0.3951316,0.04141055,-0.7768054,0.3200079,-0.642603,0.6257678,0.3050754,
1,25,73.151,0.395069,0.04144032,-0.7767819,0.3199149,-0.6425891,0.6258233,0.3050883,
1,25,73.153,0.395069,0.04144032,-0.7767819,0.3199149,-0.6425891,0.6258233,0.3050883,
1,25,73.155,0.395069,0.04144032,-0.7767819,0.3199149,-0.6425891,0.6258233,0.3050883,
1,25,73.157,0.395069,0.04144032,-0.7767819,0.3199149,-0.6425891,0.6258233,0.3050883,
1,25,73.159,0.3950324,0.04146518,-0.7767579,0.3198418,-0.6425737,0.6258678,0.3051063,
1,25,73.161,0.3950324,0.04146518,-0.7767579,0.3198418,-0.6425737,0.6258678,0.3051063,
1,25,73.163,0.3950324,0.04146518,-0.7767579,0.3198418,-0.6425737,0.6258678,0.3051063,
1,25,73.165,0.3950324,0.04146518,-0.7767579,0.3198418,-0.6425737,0.6258678,0.3051063,
1,25,73.167,0.3950324,0.04146518,-0.7767579,0.3198418,-0.6425737,0.6258678,0.3051063,
1,25,73.169,0.3949826,0.04151463,-0.7766969,0.3197686,-0.642535,0.6259432,0.3051099,
1,25,73.171,0.3949826,0.04151463,-0.7766969,0.3197686,-0.642535,0.6259432,0.3051099,
1,25,73.173,0.3949826,0.04151463,-0.7766969,0.3197686,-0.642535,0.6259432,0.3051099,
1,25,73.175,0.3949826,0.04151463,-0.7766969,0.3197686,-0.642535,0.6259432,0.3051099,
1,25,73.177,0.3949683,0.04148738,-0.7767011,0.3197745,-0.6425512,0.625923,0.3051109,
1,25,73.179,0.3949683,0.04148738,-0.7767011,0.3197745,-0.6425512,0.625923,0.3051109,
1,25,73.181,0.3949683,0.04148738,-0.7767011,0.3197745,-0.6425512,0.625923,0.3051109,CourtEnter
1,25,73.183,0.3949683,0.04148738,-0.7767011,0.3197745,-0.6425512,0.625923,0.3051109,
1,25,73.185,0.3950224,0.04147115,-0.7767729,0.3198174,-0.6425137,0.6258775,0.3052382,
1,25,73.187,0.3950224,0.04147115,-0.7767729,0.3198174,-0.6425137,0.6258775,0.3052382,
1,25,73.189,0.3950224,0.04147115,-0.7767729,0.3198174,-0.6425137,0.6258775,0.3052382,CourtExit
1,25,73.191,0.3950224,0.04147115,-0.7767729,0.3198174,-0.6425137,0.6258775,0.3052382,
1,25,73.193,0.3950776,0.04141908,-0.776827,0.3198606,-0.6425437,0.6258251,0.3052371,
1,25,73.195,0.3950776,0.04141908,-0.776827,0.3198606,-0.6425437,0.6258251,0.3052371,
1,25,73.197,0.3950776,0.04141908,-0.776827,0.3198606,-0.6425437,0.6258251,0.3052371,
1,25,73.199,0.3950776,0.04141908,-0.776827,0.3198606,-0.6425437,0.6258251,0.3052371,
1,25,73.201,0.3950476,0.04146802,-0.7767921,0.3198161,-0.64251,0.6258848,0.3052325,
1,25,73.203,0.3950476,0.04146802,-0.7767921,0.3198161,-0.64251,0.6258848,0.3052325,
1,25,73.205,0.3950476,0.04146802,-0.7767921,0.3198161,-0.64251,0.6258848,0.3052325,
1,25,73.207,0.3950476,0.04146802,-0.7767921,0.3198161,-0.64251,0.6258848,0.3052325,
1,25,73.209,0.3950371,0.04152115,-0.7767637,0.3198125,-0.642479,0.6259293,0.3052101,
1,25,73.211,0.3950371,0.04152115,-0.7767637,0.3198125,-0.642479,0.6259293,0.3052101,
1,25,73.213,0.3950371,0.04152115,-0.7767637,0.3198125,-0.642479,0.6259293,0.3052101,
1,25,73.215,0.3950371,0.04152115,-0.7767637,0.3198125,-0.642479,0.6259293,0.3052101,
1,25,73.217,0.3950371,0.04152115,-0.7767637,0.3198125,-0.642479,0.6259293,0.3052101,
1,25,73.219,0.3949648,0.0415685,-0.7767121,0.3196912,-0.6424598,0.6260147,0.3052022,
1,25,73.221,0.3949648,0.0415685,-0.7767121,0.3196912,-0.6424598,0.6260147,0.3052022,
1,25,73.223,0.3949648,0.0415685,-0.7767121,0.3196912,-0.6424598,0.6260147,0.3052022,
1,25,73.225,0.3949648,0.0415685,-0.7767121,0.3196912,-0.6424598,0.6260147,0.3052022,
1,25,73.227,0.3949476,0.04159912,-0.7766914,0.3196813,-0.6424305,0.6260213,0.3052607,
1,25,73.229,0.3949476,0.04159912,-0.7766914,0.3196813,-0.6424305,0.6260213,0.3052607,
1,25,73.231,0.3949476,0.04159912,-0.7766914,0.3196813,-0.6424305,0.6260213,0.3052607,
1,25,73.233,0.3949476,0.04159912,-0.7766914,0.3196813,-0.6424305,0.6260213,0.3052607,
1,25,73.235,0.3950449,0.04147549,-0.7767316,0.3198451,-0.6425496,0.6258833,0.3051219,
1,25,73.237,0.3950449,0.04147549,-0.7767316,0.3198451,-0.6425496,0.6258833,0.3051219,
1,25,73.239,0.3950449,0.04147549,-0.7767316,0.3198451,-0.6425496,0.6258833,0.3051219,
1,25,73.241,0.3950449,0.04147549,-0.7767316,0.3198451,-0.6425496,0.6258833,0.3051219,
1,25,73.243,0.3951238,0.04140756,-0.7768275,0.319956,-0.6425689,0.6257954,0.305145,
1,25,73.245,0.3951238,0.04140756,-0.7768275,0.319956,-0.6425689,0.6257954,0.305145,
1,25,73.247,0.3951238,0.04140756,-0.7768275,0.319956,-0.6425689,0.6257954,0.305145,
1,25,73.249,0.3951238,0.04140756,-0.7768275,0.319956,-0.6425689,0.6257954,0.305145,
1,25,73.251,0.3950775,0.04142466,-0.7768055,0.3199421,-0.6425455,0.6258029,0.3051937,
1,25,73.253,0.3950775,0.04142466,-0.7768055,0.3199421,-0.6425455,0.6258029,0.3051937,
1,25,73.255,0.3950775,0.04142466,-0.7768055,0.3199421,-0.6425455,0.6258029,0.3051937,
1,25,73.257,0.3950775,0.04142466,-0.7768055,0.3199421,-0.6425455,0.6258029,0.3051937,
1,25,73.259,0.3950818,0.04134052,-0.7768075,0.3199161,-0.6426097,0.6257509,0.3051922,
1,25,73.261,0.3950818,0.04134052,-0.7768075,0.3199161,-0.6426097,0.6257509,0.3051922,
1,25,73.263,0.3950818,0.04134052,-0.7768075,0.3199161,-0.6426097,0.6257509,0.3051922,
1,25,73.265,0.3950818,0.04134052,-0.7768075,0.3199161,-0.6426097,0.6257509,0.3051922,
1,25,73.267,0.3950818,0.04134052,-0.7768075,0.3199161,-0.6426097,0.6257509,0.3051922,
1,25,73.269,0.3951011,0.04138353,-0.7768019,0.3199105,-0.6425904,0.6257896,0.3051592,
1,25,73.271,0.3951011,0.04138353,-0.7768019,0.3199105,-0.6425904,0.6257896,0.3051592,
1,25,73.273,0.3951011,0.04138353,-0.7768019,0.3199105,-0.6425904,0.6257896,0.3051592,
1,25,73.275,0.3951011,0.04138353,-0.7768019,0.3199105,-0.6425904,0.6257896,0.3051592,
1,25,73.277,0.3950972,0.04145528,-0.7768019,0.3199015,-0.6425207,0.6258321,0.3052285,
1,25,73.279,0.3950972,0.04145528,-0.7768019,0.3199015,-0.6425207,0.6258321,0.3052285,
1,25,73.281,0.3950972,0.04145528,-0.7768019,0.3199015,-0.6425207,0.6258321,0.3052285,
1,25,73.283,0.3950972,0.04145528,-0.7768019,0.3199015,-0.6425207,0.6258321,0.3052285,
1,25,73.285,0.3950966,0.04144978,-0.7767814,0.3198682,-0.6425415,0.6258467,0.3051895,
1,25,73.287,0.3950966,0.04144978,-0.7767814,0.3198682,-0.6425415,0.6258467,0.3051895,
1,25,73.289,0.3950966,0.04144978,-0.7767814,0.3198682,-0.6425415,0.6258467,0.3051895,
1,25,73.291,0.3950966,0.04144978,-0.7767814,0.3198682,-0.6425415,0.6258467,0.3051895,
1,25,73.293,0.3950546,0.04147653,-0.7767527,0.3198608,-0.6425581,0.6258688,0.3051172,
1,25,73.295,0.3950546,0.04147653,-0.7767527,0.3198608,-0.6425581,0.6258688,0.3051172,
1,25,73.297,0.3950546,0.04147653,-0.7767527,0.3198608,-0.6425581,0.6258688,0.3051172,
1,25,73.299,0.3950546,0.04147653,-0.7767527,0.3198608,-0.6425581,0.6258688,0.3051172,
1,25,73.301,0.3950551,0.04149053,-0.7768139,0.3198638,-0.6424646,0.6258757,0.3052965,
1,25,73.303,0.3950551,0.04149053,-0.7768139,0.3198638,-0.6424646,0.6258757,0.3052965,
1,25,73.305,0.3950551,0.04149053,-0.7768139,0.3198638,-0.6424646,0.6258757,0.3052965,
1,25,73.307,0.3950551,0.04149053,-0.7768139,0.3198638,-0.6424646,0.6258757,0.3052965,
1,25,73.309,0.3950428,0.04151471,-0.7767881,0.3198218,-0.6424528,0.6259069,0.3053014,
1,25,73.311,0.3950428,0.04151471,-0.7767881,0.3198218,-0.6424528,0.6259069,0.3053014,
1,25,73.313,0.3950428,0.04151471,-0.7767881,0.3198218,-0.6424528,0.6259069,0.3053014,
1,25,73.315,0.3950428,0.04151471,-0.7767881,0.3198218,-0.6424528,0.6259069,0.3053014,
1,25,73.317,0.3950428,0.04151471,-0.7767881,0.3198218,-0.6424528,0.6259069,0.3053014,
1,25,73.319,0.3950826,0.04147528,-0.7767933,0.319847,-0.6424976,0.625882,0.3052318,
1,25,73.321,0.3950826,0.04147528,-0.7767933,0.319847,-0.6424976,0.625882,0.3052318,
1,25,73.323,0.3950826,0.04147528,-0.7767933,0.319847,-0.6424976,0.625882,0.3052318,
1,25,73.325,0.3950826,0.04147528,-0.7767933,0.319847,-0.6424976,0.625882,0.3052318,
1,25,73.327,0.395077,0.04141173,-0.776827,0.3198812,-0.6425216,0.6258026,0.3053084,
1,25,73.329,0.395077,0.04141173,-0.776827,0.3198812,-0.6425216,0.6258026,0.3053084,
1,25,73.331,0.395077,0.04141173,-0.776827,0.3198812,-0.6425216,0.6258026,0.3053084,
1,25,73.333,0.395077,0.04141173,-0.776827,0.3198812,-0.6425216,0.6258026,0.3053084,
1,25,73.335,0.3950802,0.04143522,-0.776787,0.3198817,-0.6425409,0.6258346,0.3052014,
1,25,73.337,0.3950802,0.04143522,-0.776787,0.3198817,-0.6425409,0.6258346,0.3052014,
1,25,73.339,0.3950802,0.04143522,-0.776787,0.3198817,-0.6425409,0.6258346,0.3052014,
1,25,73.341,0.3950802,0.04143522,-0.776787,0.3198817,-0.6425409,0.6258346,0.3052014,
1,25,73.343,0.3951055,0.0414404,-0.7767617,0.3199047,-0.6425784,0.6258237,0.3051208,
1,25,73.345,0.3951055,0.0414404,-0.7767617,0.3199047,-0.6425784,0.6258237,0.3051208,
1,25,73.347,0.3951055,0.0414404,-0.7767617,0.3199047,-0.6425784,0.6258237,0.3051208,
1,25,73.349,0.3951055,0.0414404,-0.7767617,0.3199047,-0.6425784,0.6258237,0.3051208,
1,25,73.351,0.3951134,0.0413889,-0.7768204,0.3199422,-0.6425766,0.6257695,0.3051963,
1,25,73.353,0.3951134,0.0413889,-0.7768204,0.3199422,-0.6425766,0.6257695,0.3051963,
1,25,73.355,0.3951134,0.0413889,-0.7768204,0.3199422,-0.6425766,0.6257695,0.3051963,
1,25,73.357,0.3951134,0.0413889,-0.7768204,0.3199422,-0.6425766,0.6257695,0.3051963,
1,25,73.359,0.3951285,0.04139269,-0.776868,0.3199628,-0.6425407,0.6257552,0.3052798,
1,25,73.361,0.3951285,0.04139269,-0.776868,0.3199628,-0.6425407,0.6257552,0.3052798,
1,25,73.363,0.3951285,0.04139269,-0.776868,0.3199628,-0.6425407,0.6257552,0.3052798,
1,25,73.365,0.3951285,0.04139269,-0.776868,0.3199628,-0.6425407,0.6257552,0.3052798,
1,25,73.367,0.3951285,0.04139269,-0.776868,0.3199628,-0.6425407,0.6257552,0.3052798,
1,25,73.369,0.3950902,0.04141486,-0.7768217,0.3199211,-0.642516,0.6258,0.3052836,
1,25,73.371,0.3950902,0.04141486,-0.7768217,0.3199211,-0.642516,0.6258,0.3052836,
1,25,73.373,0.3950902,0.04141486,-0.7768217,0.3199211,-0.642516,0.6258,0.3052836,
1,25,73.375,0.3950902,0.04141486,-0.7768217,0.3199211,-0.642516,0.6258,0.3052836,
1,25,73.377,0.3950843,0.04143908,-0.7767874,0.3199168,-0.6425534,0.6258211,0.3051662,
1,25,73.379,0.3950843,0.04143908,-0.7767874,0.3199168,-0.6425534,0.6258211,0.3051662,
1,25,73.381,0.3950843,0.04143908,-0.7767874,0.3199168,-0.6425534,0.6258211,0.3051662,
1,25,73.383,0.3950843,0.04143908,-0.7767874,0.3199168,-0.6425534,0.6258211,0.3051662,
1,25,73.385,0.3950947,0.04140938,-0.7768162,0.3199357,-0.6425615,0.6258001,0.3051724,
1,25,73.387,0.3950947,0.04140938,-0.7768162,0.3199357,-0.6425615,0.6258001,0.3051724,
1,25,73.389,0.3950947,0.04140938,-0.7768162,0.3199357,-0.6425615,0.6258001,0.3051724,
1,25,73.391,0.3950947,0.04140938,-0.7768162,0.3199357,-0.6425615,0.6258001,0.3051724,
1,25,73.393,0.3951202,0.04142968,-0.7768363,0.3199394,-0.6425421,0.625806,0.3051975,
1,25,73.395,0.3951202,0.04142968,-0.7768363,0.3199394,-0.6425421,0.625806,0.3051975,
1,25,73.397,0.3951202,0.04142968,-0.7768363,0.3199394,-0.6425421,0.625806,0.3051975,
1,25,73.399,0.3951202,0.04142968,-0.7768363,0.3199394,-0.6425421,0.625806,0.3051975,
1,25,73.401,0.3951235,0.04140949,-0.776822,0.3199314,-0.6425741,0.6257877,0.3051757,
1,25,73.403,0.3951235,0.04140949,-0.776822,0.3199314,-0.6425741,0.6257877,0.3051757,
1,25,73.405,0.3951235,0.04140949,-0.776822,0.3199314,-0.6425741,0.6257877,0.3051757,
1,25,73.407,0.3951235,0.04140949,-0.776822,0.3199314,-0.6425741,0.6257877,0.3051757,
1,25,73.409,0.3950664,0.04138546,-0.7767899,0.3198751,-0.6425744,0.6258003,0.3052082,
1,25,73.411,0.3950664,0.04138546,-0.7767899,0.3198751,-0.6425744,0.6258003,0.3052082,
1,25,73.413,0.3950664,0.04138546,-0.7767899,0.3198751,-0.6425744,0.6258003,0.3052082,
1,25,73.415,0.3950664,0.04138546,-0.7767899,0.3198751,-0.6425744,0.6258003,0.3052082,
1,25,73.417,0.3950664,0.04138546,-0.7767899,0.3198751,-0.6425744,0.6258003,0.3052082,
1,25,73.419,0.3950463,0.0414204,-0.7767361,0.3198408,-0.64258,0.6258485,0.3051337,
1,25,73.421,0.3950463,0.0414204,-0.7767361,0.3198408,-0.64258,0.6258485,0.3051337,
1,25,73.423,0.3950463,0.0414204,-0.7767361,0.3198408,-0.64258,0.6258485,0.3051337,
1,25,73.425,0.3950463,0.0414204,-0.7767361,0.3198408,-0.64258,0.6258485,0.3051337,
1,25,73.427,0.3950699,0.04145635,-0.7767578,0.3198832,-0.6425549,0.6258447,0.3051498,
1,25,73.429,0.3950699,0.04145635,-0.7767578,0.3198832,-0.6425549,0.6258447,0.3051498,
1,25,73.431,0.3950699,0.04145635,-0.7767578,0.3198832,-0.6425549,0.6258447,0.3051498,
1,25,73.433,0.3950699,0.04145635,-0.7767578,0.3198832,-0.6425549,0.6258447,0.3051498,
1,25,73.435,0.395092,0.04138789,-0.776824,0.319903,-0.6425498,0.6257877,0.3052566,
1,25,73.437,0.395092,0.04138789,-0.776824,0.319903,-0.6425498,0.6257877,0.3052566,
1,25,73.439,0.395092,0.04138789,-0.776824,0.319903,-0.6425498,0.6257877,0.3052566,
1,25,73.441,0.395092,0.04138789,-0.776824,0.319903,-0.6425498,0.6257877,0.3052566,
1,25,73.443,0.3950995,0.04138062,-0.7768221,0.3198875,-0.6425531,0.6257938,0.3052532,
1,25,73.445,0.3950995,0.04138062,-0.7768221,0.3198875,-0.6425531,0.6257938,0.3052532,
1,25,73.447,0.3950995,0.04138062,-0.7768221,0.3198875,-0.6425531,0.6257938,0.3052532,
1,25,73.449,0.3950995,0.04138062,-0.7768221,0.3198875,-0.6425531,0.6257938,0.3052532,
1,25,73.451,0.3951093,0.04140585,-0.7768216,0.3199095,-0.6425651,0.625788,0.3052171,
1,25,73.453,0.3951093,0.04140585,-0.7768216,0.3199095,-0.6425651,0.625788,0.3052171,
1,25,73.455,0.3951093,0.04140585,-0.7768216,0.3199095,-0.6425651,0.625788,0.3052171,
1,25,73.457,0.3951093,0.04140585,-0.7768216,0.3199095,-0.6425651,0.625788,0.3052171,
1,25,73.459,0.3950976,0.04144577,-0.7768329,0.3198692,-0.6425207,0.6258432,0.3052394,
1,25,73.461,0.3950976,0.04144577,-0.7768329,0.3198692,-0.6425207,0.6258432,0.3052394,
1,25,73.463,0.3950976,0.04144577,-0.7768329,0.3198692,-0.6425207,0.6258432,0.3052394,
1,25,73.465,0.3950976,0.04144577,-0.7768329,0.3198692,-0.6425207,0.6258432,0.3052394,
1,25,73.467,0.3950976,0.04144577,-0.7768329,0.3198692,-0.6425207,0.6258432,0.3052394,
1,25,73.469,0.3949759,0.0415772,-0.7767051,0.3196656,-0.6424669,0.6260161,0.3052115,
1,25,73.471,0.3949759,0.0415772,-0.7767051,0.3196656,-0.6424669,0.6260161,0.3052115,
1,25,73.473,0.3949759,0.0415772,-0.7767051,0.3196656,-0.6424669,0.6260161,0.3052115,
1,25,73.475,0.3949759,0.0415772,-0.7767051,0.3196656,-0.6424669,0.6260161,0.3052115,
1,25,73.477,0.3950244,0.04140982,-0.7768077,0.3198112,-0.6425373,0.6258491,0.3052533,
1,25,73.479,0.3950244,0.04140982,-0.7768077,0.3198112,-0.6425373,0.6258491,0.3052533,
1,25,73.481,0.3950244,0.04140982,-0.7768077,0.3198112,-0.6425373,0.6258491,0.3052533,
1,25,73.483,0.3950244,0.04140982,-0.7768077,0.3198112,-0.6425373,0.6258491,0.3052533,
1,25,73.485,0.3950466,0.04148216,-0.7768101,0.3198439,-0.6424797,0.6258767,0.3052839,
1,25,73.487,0.3950466,0.04148216,-0.7768101,0.3198439,-0.6424797,0.6258767,0.3052839,
1,25,73.489,0.3950466,0.04148216,-0.7768101,0.3198439,-0.6424797,0.6258767,0.3052839,
1,25,73.491,0.3950466,0.04148216,-0.7768101,0.3198439,-0.6424797,0.6258767,0.3052839,
1,25,73.493,0.3950287,0.04144775,-0.7767605,0.3197816,-0.6425685,0.6258732,0.3051693,
1,25,73.495,0.3950287,0.04144775,-0.7767605,0.3197816,-0.6425685,0.6258732,0.3051693,
1,25,73.497,0.3950287,0.04144775,-0.7767605,0.3197816,-0.6425685,0.6258732,0.3051693,
1,25,73.499,0.3950287,0.04144775,-0.7767605,0.3197816,-0.6425685,0.6258732,0.3051693,
1,25,73.501,0.3949837,0.04148803,-0.7766677,0.3197362,-0.6425663,0.6259444,0.3050753,
1,25,73.503,0.3949837,0.04148803,-0.7766677,0.3197362,-0.6425663,0.6259444,0.3050753,
1,25,73.505,0.3949837,0.04148803,-0.7766677,0.3197362,-0.6425663,0.6259444,0.3050753,
1,25,73.507,0.3949837,0.04148803,-0.7766677,0.3197362,-0.6425663,0.6259444,0.3050753,
1,25,73.509,0.394961,0.04137852,-0.7766751,0.319749,-0.6426593,0.6258515,0.3050567,
1,25,73.511,0.394961,0.04137852,-0.7766751,0.319749,-0.6426593,0.6258515,0.3050567,
1,25,73.513,0.394961,0.04137852,-0.7766751,0.319749,-0.6426593,0.6258515,0.3050567,
1,25,73.515,0.394961,0.04137852,-0.7766751,0.319749,-0.6426593,0.6258515,0.3050567,
1,25,73.517,0.394961,0.04137852,-0.7766751,0.319749,-0.6426593,0.6258515,0.3050567,
1,25,73.519,0.3949836,0.04147294,-0.7766933,0.3197446,-0.6425588,0.6259264,0.3051193,
1,25,73.521,0.3949836,0.04147294,-0.7766933,0.3197446,-0.6425588,0.6259264,0.3051193,
1,25,73.523,0.3949836,0.04147294,-0.7766933,0.3197446,-0.6425588,0.6259264,0.3051193,
1,25,73.525,0.3949836,0.04147294,-0.7766933,0.3197446,-0.6425588,0.6259264,0.3051193,
1,25,73.527,0.394969,0.04148644,-0.7767325,0.3197651,-0.6425085,0.6259305,0.3051953,
1,25,73.529,0.394969,0.04148644,-0.7767325,0.3197651,-0.6425085,0.6259305,0.3051953,
1,25,73.531,0.394969,0.04148644,-0.7767325,0.3197651,-0.6425085,0.6259305,0.3051953,
1,25,73.533,0.394969,0.04148644,-0.7767325,0.3197651,-0.6425085,0.6259305,0.3051953,
1,25,73.535,0.3950183,0.04144483,-0.7767757,0.3197985,-0.6425371,0.6258833,0.3051971,
1,25,73.537,0.3950183,0.04144483,-0.7767757,0.3197985,-0.6425371,0.6258833,0.3051971,
1,25,73.539,0.3950183,0.04144483,-0.7767757,0.3197985,-0.6425371,0.6258833,0.3051971,
1,25,73.541,0.3950183,0.04144483,-0.7767757,0.3197985,-0.6425371,0.6258833,0.3051971,
1,25,73.543,0.3950251,0.04146591,-0.7767867,0.3198119,-0.642537,0.6258984,0.3051521,
1,25,73.545,0.3950251,0.04146591,-0.7767867,0.3198119,-0.642537,0.6258984,0.3051521,
1,25,73.547,0.3950251,0.04146591,-0.7767867,0.3198119,-0.642537,0.6258984,0.3051521,
1,25,73.549,0.3950251,0.04146591,-0.7767867,0.3198119,-0.642537,0.6258984,0.3051521,
1,25,73.551,0.3949941,0.04148842,-0.7767231,0.3198048,-0.6425622,0.6259087,0.3050854,
1,25,73.553,0.3949941,0.04148842,-0.7767231,0.3198048,-0.6425622,0.6259087,0.3050854,
1,25,73.555,0.3949941,0.04148842,-0.7767231,0.3198048,-0.6425622,0.6259087,0.3050854,
1,25,73.557,0.3949941,0.04148842,-0.7767231,0.3198048,-0.6425622,0.6259087,0.3050854,
1,25,73.559,0.394991,0.0414614,-0.7766967,0.3197889,-0.6425848,0.6259006,0.3050712,
1,25,73.561,0.394991,0.0414614,-0.7766967,0.3197889,-0.6425848,0.6259006,0.3050712,
1,25,73.563,0.394991,0.0414614,-0.7766967,0.3197889,-0.6425848,0.6259006,0.3050712,
1,25,73.565,0.394991,0.0414614,-0.7766967,0.3197889,-0.6425848,0.6259006,0.3050712,
1,25,73.567,0.394991,0.0414614,-0.7766967,0.3197889,-0.6425848,0.6259006,0.3050712,
1,25,73.569,0.3950126,0.04145597,-0.7767447,0.3198437,-0.6425695,0.6258783,0.3050918,
1,25,73.571,0.3950126,0.04145597,-0.7767447,0.3198437,-0.6425695,0.6258783,0.3050918,
1,25,73.573,0.3950126,0.04145597,-0.7767447,0.3198437,-0.6425695,0.6258783,0.3050918,
1,25,73.575,0.3950126,0.04145597,-0.7767447,0.3198437,-0.6425695,0.6258783,0.3050918,
1,25,73.577,0.3950408,0.04139202,-0.7768046,0.3198486,-0.6425692,0.6258219,0.3052026,
1,25,73.579,0.3950408,0.04139202,-0.7768046,0.3198486,-0.6425692,0.6258219,0.3052026,
1,25,73.581,0.3950408,0.04139202,-0.7768046,0.3198486,-0.6425692,0.6258219,0.3052026,
1,25,73.583,0.3950408,0.04139202,-0.7768046,0.3198486,-0.6425692,0.6258219,0.3052026,
1,25,73.585,0.3950506,0.04144669,-0.7768039,0.3198521,-0.6425405,0.6258551,0.3051914,
1,25,73.587,0.3950506,0.04144669,-0.7768039,0.3198521,-0.6425405,0.6258551,0.3051914,
1,25,73.589,0.3950506,0.04144669,-0.7768039,0.3198521,-0.6425405,0.6258551,0.3051914,
1,25,73.591,0.3950506,0.04144669,-0.7768039,0.3198521,-0.6425405,0.6258551,0.3051914,
1,25,73.593,0.3949975,0.04154573,-0.7767084,0.3197691,-0.6425042,0.6259683,0.3051228,
1,25,73.595,0.3949975,0.04154573,-0.7767084,0.3197691,-0.6425042,0.6259683,0.3051228,
1,25,73.597,0.3949975,0.04154573,-0.7767084,0.3197691,-0.6425042,0.6259683,0.3051228,
1,25,73.599,0.3949975,0.04154573,-0.7767084,0.3197691,-0.6425042,0.6259683,0.3051228,
1,25,73.601,0.3950124,0.0414399,-0.7767742,0.3198248,-0.642555,0.6258584,0.3051826,
1,25,73.603,0.3950124,0.0414399,-0.7767742,0.3198248,-0.642555,0.6258584,0.3051826,
1,25,73.605,0.3950124,0.0414399,-0.7767742,0.3198248,-0.642555,0.6258584,0.3051826,
1,25,73.607,0.3950124,0.0414399,-0.7767742,0.3198248,-0.642555,0.6258584,0.3051826,
1,25,73.609,0.395013,0.04141871,-0.7767582,0.319823,-0.6425858,0.625855,0.3051267,
1,25,73.611,0.395013,0.04141871,-0.7767582,0.319823,-0.6425858,0.625855,0.3051267,
1,25,73.613,0.395013,0.04141871,-0.7767582,0.319823,-0.6425858,0.625855,0.3051267,
1,25,73.615,0.395013,0.04141871,-0.7767582,0.319823,-0.6425858,0.625855,0.3051267,
1,25,73.617,0.395013,0.04141871,-0.7767582,0.319823,-0.6425858,0.625855,0.3051267,
1,25,73.619,0.3950007,0.04145246,-0.7767385,0.3197962,-0.6425768,0.625886,0.30511,
1,25,73.621,0.3950007,0.04145246,-0.7767385,0.3197962,-0.6425768,0.625886,0.30511,
1,25,73.623,0.3950007,0.04145246,-0.7767385,0.3197962,-0.6425768,0.625886,0.30511,
1,25,73.625,0.3950007,0.04145246,-0.7767385,0.3197962,-0.6425768,0.625886,0.30511,
1,25,73.627,0.3949881,0.04147374,-0.7767247,0.3198147,-0.6425518,0.6258863,0.3051429,
1,25,73.629,0.3949881,0.04147374,-0.7767247,0.3198147,-0.6425518,0.6258863,0.3051429,
1,25,73.631,0.3949881,0.04147374,-0.7767247,0.3198147,-0.6425518,0.6258863,0.3051429,
1,25,73.633,0.3949881,0.04147374,-0.7767247,0.3198147,-0.6425518,0.6258863,0.3051429,
1,25,73.635,0.3949941,0.04150803,-0.7767246,0.3197908,-0.6425157,0.6259316,0.3051509,
1,25,73.637,0.3949941,0.04150803,-0.7767246,0.3197908,-0.6425157,0.6259316,0.3051509,
1,25,73.639,0.3949941,0.04150803,-0.7767246,0.3197908,-0.6425157,0.6259316,0.3051509,
1,25,73.641,0.3949941,0.04150803,-0.7767246,0.3197908,-0.6425157,0.6259316,0.3051509,
1,25,73.643,0.3950339,0.04146818,-0.7767959,0.3198282,-0.6425182,0.6258806,0.3052111,
1,25,73.645,0.3950339,0.04146818,-0.7767959,0.3198282,-0.6425182,0.6258806,0.3052111,
1,25,73.647,0.3950339,0.04146818,-0.7767959,0.3198282,-0.6425182,0.6258806,0.3052111,
1,25,73.649,0.3950339,0.04146818,-0.7767959,0.3198282,-0.6425182,0.6258806,0.3052111,
1,25,73.651,0.3950589,0.04144324,-0.7768095,0.3198387,-0.6425585,0.6258547,0.3051685,
1,25,73.653,0.3950589,0.04144324,-0.7768095,0.3198387,-0.6425585,0.6258547,0.3051685,
1,25,73.655,0.3950589,0.04144324,-0.7768095,0.3198387,-0.6425585,0.6258547,0.3051685,
1,25,73.657,0.3950589,0.04144324,-0.7768095,0.3198387,-0.6425585,0.6258547,0.3051685,
1,25,73.659,0.3950153,0.04144369,-0.7767639,0.3198164,-0.6425616,0.625879,0.3051353,
1,25,73.661,0.3950153,0.04144369,-0.7767639,0.3198164,-0.6425616,0.625879,0.3051353,
1,25,73.663,0.3950153,0.04144369,-0.7767639,0.3198164,-0.6425616,0.625879,0.3051353,
1,25,73.665,0.3950153,0.04144369,-0.7767639,0.3198164,-0.6425616,0.625879,0.3051353,
1,25,73.667,0.3950153,0.04144369,-0.7767639,0.3198164,-0.6425616,0.625879,0.3051353,
1,25,73.669,0.395009,0.04144753,-0.7767421,0.3197919,-0.6425681,0.6258908,0.3051232,
1,25,73.671,0.395009,0.04144753,-0.7767421,0.3197919,-0.6425681,0.6258908,0.3051232,
1,25,73.673,0.395009,0.04144753,-0.7767421,0.3197919,-0.6425681,0.6258908,0.3051232,
1,25,73.675,0.395009,0.04144753,-0.7767421,0.3197919,-0.6425681,0.6258908,0.3051232,
1,25,73.677,0.3950005,0.04136599,-0.7767671,0.3198015,-0.6426061,0.6258173,0.3051839,
1,25,73.679,0.3950005,0.04136599,-0.7767671,0.3198015,-0.6426061,0.6258173,0.3051839,
1,25,73.681,0.3950005,0.04136599,-0.7767671,0.3198015,-0.6426061,0.6258173,0.3051839,
1,25,73.683,0.3950005,0.04136599,-0.7767671,0.3198015,-0.6426061,0.6258173,0.3051839,
1,25,73.685,0.3950285,0.04136539,-0.776806,0.3198332,-0.6425744,0.6258047,0.3052431,
1,25,73.687,0.3950285,0.04136539,-0.776806,0.3198332,-0.6425744,0.6258047,0.3052431,
1,25,73.689,0.3950285,0.04136539,-0.776806,0.3198332,-0.6425744,0.6258047,0.3052431,
1,25,73.691,0.3950285,0.04136539,-0.776806,0.3198332,-0.6425744,0.6258047,0.3052431,
1,25,73.693,0.3950321,0.04135832,-0.7768189,0.3198017,-0.6425637,0.6258241,0.3052589,
1,25,73.695,0.3950321,0.04135832,-0.7768189,0.3198017,-0.6425637,0.6258241,0.3052589,
1,25,73.697,0.3950321,0.04135832,-0.7768189,0.3198017,-0.6425637,0.6258241,0.3052589,
1,25,73.699,0.3950321,0.04135832,-0.7768189,0.3198017,-0.6425637,0.6258241,0.3052589,
1,25,73.701,0.395033,0.04133673,-0.7767792,0.3198051,-0.6426309,0.6258097,0.3051436,
1,25,73.703,0.395033,0.04133673,-0.7767792,0.3198051,-0.6426309,0.6258097,0.3051436,
1,25,73.705,0.395033,0.04133673,-0.7767792,0.3198051,-0.6426309,0.6258097,0.3051436,
1,25,73.707,0.395033,0.04133673,-0.7767792,0.3198051,-0.6426309,0.6258097,0.3051436,
1,25,73.709,0.3950156,0.04131034,-0.7767988,0.3197732,-0.6426213,0.6257958,0.3052256,
1,25,73.711,0.3950156,0.04131034,-0.7767988,0.3197732,-0.6426213,0.6257958,0.3052256,
1,25,73.713,0.3950156,0.04131034,-0.7767988,0.3197732,-0.6426213,0.6257958,0.3052256,
1,25,73.715,0.3950156,0.04131034,-0.7767988,0.3197732,-0.6426213,0.6257958,0.3052256,
1,25,73.717,0.3950156,0.04131034,-0.7767988,0.3197732,-0.6426213,0.6257958,0.3052256,
1,25,73.719,0.3950315,0.04137169,-0.7767766,0.3197847,-0.6426008,0.6258335,0.3051793,
1,25,73.721,0.3950315,0.04137169,-0.7767766,0.3197847,-0.6426008,0.6258335,0.3051793,
1,25,73.723,0.3950315,0.04137169,-0.7767766,0.3197847,-0.6426008,0.6258335,0.3051793,
1,25,73.725,0.3950315,0.04137169,-0.7767766,0.3197847,-0.6426008,0.6258335,0.3051793,
1,25,73.727,0.3949911,0.04135844,-0.776751,0.3197956,-0.6426251,0.6258228,0.3051386,
1,25,73.729,0.3949911,0.04135844,-0.776751,0.3197956,-0.6426251,0.6258228,0.3051386,
1,25,73.731,0.3949911,0.04135844,-0.776751,0.3197956,-0.6426251,0.6258228,0.3051386,
1,25,73.733,0.3949911,0.04135844,-0.776751,0.3197956,-0.6426251,0.6258228,0.3051386,
1,25,73.735,0.3950085,0.04144749,-0.7767184,0.3197695,-0.6425778,0.6258905,0.3051267,
1,25,73.737,0.3950085,0.04144749,-0.7767184,0.3197695,-0.6425778,0.6258905,0.3051267,
1,25,73.739,0.3950085,0.04144749,-0.7767184,0.3197695,-0.6425778,0.6258905,0.3051267,
1,25,73.741,0.3950085,0.04144749,-0.7767184,0.3197695,-0.6425778,0.6258905,0.3051267,
1,25,73.743,0.3950409,0.04134821,-0.7768197,0.3198159,-0.6425662,0.6257992,0.30529,
1,25,73.745,0.3950409,0.04134821,-0.7768197,0.3198159,-0.6425662,0.6257992,0.30529,
1,25,73.747,0.3950409,0.04134821,-0.7768197,0.3198159,-0.6425662,0.6257992,0.30529,
1,25,73.749,0.3950409,0.04134821,-0.7768197,0.3198159,-0.6425662,0.6257992,0.30529,
1,25,73.751,0.39503,0.04143576,-0.7767719,0.3197957,-0.6425209,0.6258737,0.3052535,
1,25,73.753,0.39503,0.04143576,-0.7767719,0.3197957,-0.6425209,0.6258737,0.3052535,
1,25,73.755,0.39503,0.04143576,-0.7767719,0.3197957,-0.6425209,0.6258737,0.3052535,
1,25,73.757,0.39503,0.04143576,-0.7767719,0.3197957,-0.6425209,0.6258737,0.3052535,
1,25,73.759,0.3950246,0.04144388,-0.7767502,0.3198207,-0.6425512,0.6258686,0.3051739,
1,25,73.761,0.3950246,0.04144388,-0.7767502,0.3198207,-0.6425512,0.6258686,0.3051739,
1,25,73.763,0.3950246,0.04144388,-0.7767502,0.3198207,-0.6425512,0.6258686,0.3051739,
1,25,73.765,0.3950246,0.04144388,-0.7767502,0.3198207,-0.6425512,0.6258686,0.3051739,
1,25,73.767,0.3950246,0.04144388,-0.7767502,0.3198207,-0.6425512,0.6258686,0.3051739,
1,25,73.769,0.3950377,0.04146709,-0.7767649,0.319827,-0.6425455,0.6258869,0.3051421,
1,25,73.771,0.3950377,0.04146709,-0.7767649,0.319827,-0.6425455,0.6258869,0.3051421,
1,25,73.773,0.3950377,0.04146709,-0.7767649,0.319827,-0.6425455,0.6258869,0.3051421,
1,25,73.775,0.3950377,0.04146709,-0.7767649,0.319827,-0.6425455,0.6258869,0.3051421,
1,25,73.777,0.3949988,0.04144737,-0.7767272,0.3197806,-0.6425626,0.6258917,0.3051448,
1,25,73.779,0.3949988,0.04144737,-0.7767272,0.3197806,-0.6425626,0.6258917,0.3051448,
1,25,73.781,0.3949988,0.04144737,-0.7767272,0.3197806,-0.6425626,0.6258917,0.3051448,
1,25,73.783,0.3949988,0.04144737,-0.7767272,0.3197806,-0.6425626,0.6258917,0.3051448,
1,25,73.785,0.3950105,0.04143547,-0.7767146,0.3197886,-0.6425819,0.625887,0.3051053,
1,25,73.787,0.3950105,0.04143547,-0.7767146,0.3197886,-0.6425819,0.625887,0.3051053,
1,25,73.789,0.3950105,0.04143547,-0.7767146,0.3197886,-0.6425819,0.625887,0.3051053,
1,25,73.791,0.3950105,0.04143547,-0.7767146,0.3197886,-0.6425819,0.625887,0.3051053,
1,25,73.793,0.3950102,0.04141604,-0.7767719,0.3197983,-0.6425526,0.6258591,0.3052141,
1,25,73.795,0.3950102,0.04141604,-0.7767719,0.3197983,-0.6425526,0.6258591,0.3052141,
1,25,73.797,0.3950102,0.04141604,-0.7767719,0.3197983,-0.6425526,0.6258591,0.3052141,
1,25,73.799,0.3950102,0.04141604,-0.7767719,0.3197983,-0.6425526,0.6258591,0.3052141,
1,25,73.801,0.3950396,0.04149066,-0.7767667,0.3197798,-0.6425055,0.62593,0.3051875,
1,25,73.803,0.3950396,0.04149066,-0.7767667,0.3197798,-0.6425055,0.62593,0.3051875,
1,25,73.805,0.3950396,0.04149066,-0.7767667,0.3197798,-0.6425055,0.62593,0.3051875,
1,25,73.807,0.3950396,0.04149066,-0.7767667,0.3197798,-0.6425055,0.62593,0.3051875,
1,25,73.809,0.3950323,0.04145077,-0.7767597,0.3197976,-0.6425419,0.6258984,0.3051568,
1,25,73.811,0.3950323,0.04145077,-0.7767597,0.3197976,-0.6425419,0.6258984,0.3051568,
1,25,73.813,0.3950323,0.04145077,-0.7767597,0.3197976,-0.6425419,0.6258984,0.3051568,
1,25,73.815,0.3950323,0.04145077,-0.7767597,0.3197976,-0.6425419,0.6258984,0.3051568,
1,25,73.817,0.3950323,0.04145077,-0.7767597,0.3197976,-0.6425419,0.6258984,0.3051568,
1,25,73.819,0.3950311,0.04138368,-0.7767923,0.3198212,-0.6425956,0.6258329,0.3051533,
1,25,73.821,0.3950311,0.04138368,-0.7767923,0.3198212,-0.6425956,0.6258329,0.3051533,
1,25,73.823,0.3950311,0.04138368,-0.7767923,0.3198212,-0.6425956,0.6258329,0.3051533,
1,25,73.825,0.3950311,0.04138368,-0.7767923,0.3198212,-0.6425956,0.6258329,0.3051533,
1,25,73.827,0.3950206,0.04145625,-0.7767608,0.3198223,-0.6425285,0.6258809,0.3051949,
1,25,73.829,0.3950206,0.04145625,-0.7767608,0.3198223,-0.6425285,0.6258809,0.3051949,
1,25,73.831,0.3950206,0.04145625,-0.7767608,0.3198223,-0.6425285,0.6258809,0.3051949,
1,25,73.833,0.3950206,0.04145625,-0.7767608,0.3198223,-0.6425285,0.6258809,0.3051949,
1,25,73.835,0.3950306,0.04141088,-0.7767879,0.3198198,-0.642558,0.6258495,0.3051999,
1,25,73.837,0.3950306,0.04141088,-0.7767879,0.3198198,-0.642558,0.6258495,0.3051999,
1,25,73.839,0.3950306,0.04141088,-0.7767879,0.3198198,-0.642558,0.6258495,0.3051999,
1,25,73.841,0.3950306,0.04141088,-0.7767879,0.3198198,-0.642558,0.6258495,0.3051999,
1,25,73.843,0.3950276,0.04146289,-0.7767423,0.3197912,-0.6425681,0.6258932,0.3051191,
1,25,73.845,0.3950276,0.04146289,-0.7767423,0.3197912,-0.6425681,0.6258932,0.3051191,
1,25,73.847,0.3950276,0.04146289,-0.7767423,0.3197912,-0.6425681,0.6258932,0.3051191,
1,25,73.849,0.3950276,0.04146289,-0.7767423,0.3197912,-0.6425681,0.6258932,0.3051191,
1,25,73.851,0.3950291,0.0414699,-0.7767339,0.3197956,-0.642559,0.6258985,0.3051225,
1,25,73.853,0.3950291,0.0414699,-0.7767339,0.3197956,-0.642559,0.6258985,0.3051225,
1,25,73.855,0.3950291,0.0414699,-0.7767339,0.3197956,-0.642559,0.6258985,0.3051225,
1,25,73.857,0.3950291,0.0414699,-0.7767339,0.3197956,-0.642559,0.6258985,0.3051225,
1,25,73.859,0.3950155,0.0414528,-0.7767488,0.3198496,-0.6425778,0.6258602,0.3051051,
1,25,73.861,0.3950155,0.0414528,-0.7767488,0.3198496,-0.6425778,0.6258602,0.3051051,
1,25,73.863,0.3950155,0.0414528,-0.7767488,0.3198496,-0.6425778,0.6258602,0.3051051,
1,25,73.865,0.3950155,0.0414528,-0.7767488,0.3198496,-0.6425778,0.6258602,0.3051051,
1,25,73.867,0.3950155,0.0414528,-0.7767488,0.3198496,-0.6425778,0.6258602,0.3051051,
1,25,73.869,0.3950394,0.04146486,-0.7767629,0.3198142,-0.6425424,0.6258938,0.3051479,
1,25,73.871,0.3950394,0.04146486,-0.7767629,0.3198142,-0.6425424,0.6258938,0.3051479,
1,25,73.873,0.3950394,0.04146486,-0.7767629,0.3198142,-0.6425424,0.6258938,0.3051479,
1,25,73.875,0.3950394,0.04146486,-0.7767629,0.3198142,-0.6425424,0.6258938,0.3051479,
1,25,73.877,0.394991,0.04145019,-0.7767643,0.3197751,-0.6424936,0.6258981,0.3052826,
1,25,73.879,0.394991,0.04145019,-0.7767643,0.3197751,-0.6424936,0.6258981,0.3052826,
1,25,73.881,0.394991,0.04145019,-0.7767643,0.3197751,-0.6424936,0.6258981,0.3052826,
1,25,73.883,0.394991,0.04145019,-0.7767643,0.3197751,-0.6424936,0.6258981,0.3052826,
1,25,73.885,0.3950739,0.04143277,-0.776757,0.3198797,-0.6425549,0.6258434,0.305156,
1,25,73.887,0.3950739,0.04143277,-0.776757,0.3198797,-0.6425549,0.6258434,0.305156,
1,25,73.889,0.3950739,0.04143277,-0.776757,0.3198797,-0.6425549,0.6258434,0.305156,
1,25,73.891,0.3950739,0.04143277,-0.776757,0.3198797,-0.6425549,0.6258434,0.305156,
1,25,73.893,0.3950818,0.0414025,-0.776733,0.3199708,-0.6426383,0.6257737,0.305028,
1,25,73.895,0.3950818,0.0414025,-0.776733,0.3199708,-0.6426383,0.6257737,0.305028,
1,25,73.897,0.3950818,0.0414025,-0.776733,0.3199708,-0.6426383,0.6257737,0.305028,
1,25,73.899,0.3950818,0.0414025,-0.776733,0.3199708,-0.6426383,0.6257737,0.305028,
1,25,73.901,0.3951316,0.04137115,-0.7768155,0.3199814,-0.6426035,0.6257523,0.3051341,
1,25,73.903,0.3951316,0.04137115,-0.7768155,0.3199814,-0.6426035,0.6257523,0.3051341,
1,25,73.905,0.3951316,0.04137115,-0.7768155,0.3199814,-0.6426035,0.6257523,0.3051341,
1,25,73.907,0.3951316,0.04137115,-0.7768155,0.3199814,-0.6426035,0.6257523,0.3051341,
1,25,73.909,0.3951414,0.04143024,-0.7768234,0.3199979,-0.6425812,0.6257752,0.3051167,
1,25,73.911,0.3951414,0.04143024,-0.7768234,0.3199979,-0.6425812,0.6257752,0.3051167,
1,25,73.913,0.3951414,0.04143024,-0.7768234,0.3199979,-0.6425812,0.6257752,0.3051167,
1,25,73.915,0.3951414,0.04143024,-0.7768234,0.3199979,-0.6425812,0.6257752,0.3051167,
1,25,73.917,0.3951414,0.04143024,-0.7768234,0.3199979,-0.6425812,0.6257752,0.3051167,
1,25,73.919,0.3951289,0.0414318,-0.7768235,0.3199801,-0.6425448,0.6257747,0.3052131,
1,25,73.921,0.3951289,0.0414318,-0.7768235,0.3199801,-0.6425448,0.6257747,0.3052131,
1,25,73.923,0.3951289,0.0414318,-0.7768235,0.3199801,-0.6425448,0.6257747,0.3052131,
1,25,73.925,0.3951289,0.0414318,-0.7768235,0.3199801,-0.6425448,0.6257747,0.3052131,
1,25,73.927,0.3951179,0.04139663,-0.7768204,0.319967,-0.6425812,0.6257767,0.305146,
1,25,73.929,0.3951179,0.04139663,-0.7768204,0.319967,-0.6425812,0.6257767,0.305146,
1,25,73.931,0.3951179,0.04139663,-0.7768204,0.319967,-0.6425812,0.6257767,0.305146,
1,25,73.933,0.3951179,0.04139663,-0.7768204,0.319967,-0.6425812,0.6257767,0.305146,
1,25,73.935,0.3951053,0.04135884,-0.7768235,0.3199804,-0.6426173,0.6257421,0.3051266,
1,25,73.937,0.3951053,0.04135884,-0.7768235,0.3199804,-0.6426173,0.6257421,0.3051266,
1,25,73.939,0.3951053,0.04135884,-0.7768235,0.3199804,-0.6426173,0.6257421,0.3051266,
1,25,73.941,0.3951053,0.04135884,-0.7768235,0.3199804,-0.6426173,0.6257421,0.3051266,
1,25,73.943,0.3951489,0.04140076,-0.7768288,0.3199964,-0.642584,0.6257638,0.3051356,
1,25,73.945,0.3951489,0.04140076,-0.7768288,0.3199964,-0.642584,0.6257638,0.3051356,
1,25,73.947,0.3951489,0.04140076,-0.7768288,0.3199964,-0.642584,0.6257638,0.3051356,
1,25,73.949,0.3951489,0.04140076,-0.7768288,0.3199964,-0.642584,0.6257638,0.3051356,
1,25,73.951,0.3951217,0.04144384,-0.7768519,0.3200562,-0.6425208,0.6257616,0.3052106,
1,25,73.953,0.3951217,0.04144384,-0.7768519,0.3200562,-0.6425208,0.6257616,0.3052106,
1,25,73.955,0.3951217,0.04144384,-0.7768519,0.3200562,-0.6425208,0.6257616,0.3052106,
1,25,73.957,0.3951217,0.04144384,-0.7768519,0.3200562,-0.6425208,0.6257616,0.3052106,
1,25,73.959,0.3951153,0.04141037,-0.7768044,0.3199897,-0.6425768,0.6257755,0.305134,
1,25,73.961,0.3951153,0.04141037,-0.7768044,0.3199897,-0.6425768,0.6257755,0.305134,
1,25,73.963,0.3951153,0.04141037,-0.7768044,0.3199897,-0.6425768,0.6257755,0.305134,
1,25,73.965,0.3951153,0.04141037,-0.7768044,0.3199897,-0.6425768,0.6257755,0.305134,
1,25,73.967,0.3951153,0.04141037,-0.7768044,0.3199897,-0.6425768,0.6257755,0.305134,
1,25,73.969,0.3951129,0.04141286,-0.7768238,0.3199823,-0.6425729,0.6257864,0.3051277,
1,25,73.971,0.3951129,0.04141286,-0.7768238,0.3199823,-0.6425729,0.6257864,0.3051277,
1,25,73.973,0.3951129,0.04141286,-0.7768238,0.3199823,-0.6425729,0.6257864,0.3051277,
1,25,73.975,0.3951129,0.04141286,-0.7768238,0.3199823,-0.6425729,0.6257864,0.3051277,
1,25,73.977,0.3951155,0.04142506,-0.7768058,0.3200205,-0.6425905,0.6257721,0.3050798,
1,25,73.979,0.3951155,0.04142506,-0.7768058,0.3200205,-0.6425905,0.6257721,0.3050798,
1,25,73.981,0.3951155,0.04142506,-0.7768058,0.3200205,-0.6425905,0.6257721,0.3050798,
1,25,73.983,0.3951155,0.04142506,-0.7768058,0.3200205,-0.6425905,0.6257721,0.3050798,
1,25,73.985,0.395146,0.04143555,-0.7768713,0.3200264,-0.6425261,0.6257743,0.3052047,
1,25,73.987,0.395146,0.04143555,-0.7768713,0.3200264,-0.6425261,0.6257743,0.3052047,
1,25,73.989,0.395146,0.04143555,-0.7768713,0.3200264,-0.6425261,0.6257743,0.3052047,
1,25,73.991,0.395146,0.04143555,-0.7768713,0.3200264,-0.6425261,0.6257743,0.3052047,
1,25,73.993,0.3950662,0.04146487,-0.7767917,0.3198762,-0.6425406,0.6258583,0.3051596,
1,25,73.995,0.3950662,0.04146487,-0.7767917,0.3198762,-0.6425406,0.6258583,0.3051596,
1,25,73.997,0.3950662,0.04146487,-0.7767917,0.3198762,-0.6425406,0.6258583,0.3051596,
1,25,73.999,0.3950662,0.04146487,-0.7767917,0.3198762,-0.6425406,0.6258583,0.3051596,
1,25,74.001,0.3950216,0.04149079,-0.7767394,0.3198183,-0.6425278,0.6259156,0.3051294,
1,25,74.003,0.3950216,0.04149079,-0.7767394,0.3198183,-0.6425278,0.6259156,0.3051294,
1,25,74.005,0.3950216,0.04149079,-0.7767394,0.3198183,-0.6425278,0.6259156,0.3051294,
1,25,74.007,0.3950216,0.04149079,-0.7767394,0.3198183,-0.6425278,0.6259156,0.3051294,
1,25,74.009,0.3950005,0.04145874,-0.7767072,0.3198023,-0.6425717,0.6258974,0.3050911,
1,25,74.011,0.3950005,0.04145874,-0.7767072,0.3198023,-0.6425717,0.6258974,0.3050911,
1,25,74.013,0.3950005,0.04145874,-0.7767072,0.3198023,-0.6425717,0.6258974,0.3050911,
1,25,74.015,0.3950005,0.04145874,-0.7767072,0.3198023,-0.6425717,0.6258974,0.3050911,
1,25,74.017,0.3950005,0.04145874,-0.7767072,0.3198023,-0.6425717,0.6258974,0.3050911,
1,25,74.019,0.3949683,0.04148604,-0.7766907,0.3197666,-0.6425465,0.6259308,0.3051131,
1,25,74.021,0.3949683,0.04148604,-0.7766907,0.3197666,-0.6425465,0.6259308,0.3051131,
1,25,74.023,0.3949683,0.04148604,-0.7766907,0.3197666,-0.6425465,0.6259308,0.3051131,
1,25,74.025,0.3949683,0.04148604,-0.7766907,0.3197666,-0.6425465,0.6259308,0.3051131,
1,25,74.027,0.3950255,0.04147496,-0.7767621,0.319795,-0.6425314,0.6259053,0.3051675,
1,25,74.029,0.3950255,0.04147496,-0.7767621,0.319795,-0.6425314,0.6259053,0.3051675,
1,25,74.031,0.3950255,0.04147496,-0.7767621,0.319795,-0.6425314,0.6259053,0.3051675,
1,25,74.033,0.3950255,0.04147496,-0.7767621,0.319795,-0.6425314,0.6259053,0.3051675,
1,25,74.035,0.3950256,0.04136882,-0.7768185,0.3197977,-0.6425607,0.625829,0.3052592,
1,25,74.037,0.3950256,0.04136882,-0.7768185,0.3197977,-0.6425607,0.625829,0.3052592,
1,25,74.039,0.3950256,0.04136882,-0.7768185,0.3197977,-0.6425607,0.625829,0.3052592,
1,25,74.041,0.3950256,0.04136882,-0.7768185,0.3197977,-0.6425607,0.625829,0.3052592,
1,25,74.043,0.3950567,0.04142751,-0.7767903,0.3198049,-0.6425458,0.625872,0.3051949,
1,25,74.045,0.3950567,0.04142751,-0.7767903,0.3198049,-0.6425458,0.625872,0.3051949,
1,25,74.047,0.3950567,0.04142751,-0.7767903,0.3198049,-0.6425458,0.625872,0.3051949,
1,25,74.049,0.3950567,0.04142751,-0.7767903,0.3198049,-0.6425458,0.625872,0.3051949,
1,25,74.051,0.3950614,0.04134757,-0.7767912,0.3199269,-0.6425852,0.625761,0.305212,
1,25,74.053,0.3950614,0.04134757,-0.7767912,0.3199269,-0.6425852,0.625761,0.305212,
1,25,74.055,0.3950614,0.04134757,-0.7767912,0.3199269,-0.6425852,0.625761,0.305212,
1,25,74.057,0.3950614,0.04134757,-0.7767912,0.3199269,-0.6425852,0.625761,0.305212,
1,25,74.059,0.3950644,0.04133007,-0.7768002,0.3199407,-0.6425856,0.6257507,0.3052176,
1,25,74.061,0.3950644,0.04133007,-0.7768002,0.3199407,-0.6425856,0.6257507,0.3052176,
1,25,74.063,0.3950644,0.04133007,-0.7768002,0.3199407,-0.6425856,0.6257507,0.3052176,
1,25,74.065,0.3950644,0.04133007,-0.7768002,0.3199407,-0.6425856,0.6257507,0.3052176,
1,25,74.067,0.3950644,0.04133007,-0.7768002,0.3199407,-0.6425856,0.6257507,0.3052176,
1,25,74.069,0.3951555,0.04143372,-0.7768332,0.3200021,-0.6425686,0.6257875,0.3051136,
1,25,74.071,0.3951555,0.04143372,-0.7768332,0.3200021,-0.6425686,0.6257875,0.3051136,
1,25,74.073,0.3951555,0.04143372,-0.7768332,0.3200021,-0.6425686,0.6257875,0.3051136,
1,25,74.075,0.3951555,0.04143372,-0.7768332,0.3200021,-0.6425686,0.6257875,0.3051136,
1,25,74.077,0.3950953,0.04145449,-0.7767663,0.3199587,-0.6425613,0.6258276,0.3050923,
1,25,74.079,0.3950953,0.04145449,-0.7767663,0.3199587,-0.6425613,0.6258276,0.3050923,
1,25,74.081,0.3950953,0.04145449,-0.7767663,0.3199587,-0.6425613,0.6258276,0.3050923,
1,25,74.083,0.3950953,0.04145449,-0.7767663,0.3199587,-0.6425613,0.6258276,0.3050923,CourtEnter
1,25,74.085,0.395071,0.04147103,-0.7767926,0.3199624,-0.6425283,0.6258249,0.3051636,
1,25,74.087,0.395071,0.04147103,-0.7767926,0.3199624,-0.6425283,0.6258249,0.3051636,
1,25,74.089,0.395071,0.04147103,-0.7767926,0.3199624,-0.6425283,0.6258249,0.3051636,
1,25,74.091,0.395071,0.04147103,-0.7767926,0.3199624,-0.6425283,0.6258249,0.3051636,CourtExit
1,25,74.093,0.3951389,0.04152645,-0.7768214,0.32,-0.6424996,0.6258525,0.3051278,
1,25,74.095,0.3951389,0.04152645,-0.7768214,0.32,-0.6424996,0.6258525,0.3051278,
1,25,74.097,0.3951389,0.04152645,-0.7768214,0.32,-0.6424996,0.6258525,0.3051278,
1,25,74.099,0.3951389,0.04152645,-0.7768214,0.32,-0.6424996,0.6258525,0.3051278,
1,25,74.101,0.3951663,0.04147474,-0.7768539,0.3200156,-0.6425352,0.6258172,0.3051087,
1,25,74.103,0.3951663,0.04147474,-0.7768539,0.3200156,-0.6425352,0.6258172,0.3051087,
1,25,74.105,0.3951663,0.04147474,-0.7768539,0.3200156,-0.6425352,0.6258172,0.3051087,
1,25,74.107,0.3951663,0.04147474,-0.7768539,0.3200156,-0.6425352,0.6258172,0.3051087,
1,25,74.109,0.3950683,0.04152454,-0.7767388,0.3199383,-0.6425453,0.6258744,0.3050512,
1,25,74.111,0.3950683,0.04152454,-0.7767388,0.3199383,-0.6425453,0.6258744,0.3050512,
1,25,74.113,0.3950683,0.04152454,-0.7767388,0.3199383,-0.6425453,0.6258744,0.3050512,
1,25,74.115,0.3950683,0.04152454,-0.7767388,0.3199383,-0.6425453,0.6258744,0.3050512,
1,25,74.117,0.3950683,0.04152454,-0.7767388,0.3199383,-0.6425453,0.6258744,0.3050512,
1,25,74.119,0.3950992,0.04144523,-0.7768087,0.3200034,-0.6425704,0.6257839,0.3051156,
1,25,74.121,0.3950992,0.04144523,-0.7768087,0.3200034,-0.6425704,0.6257839,0.3051156,
1,25,74.123,0.3950992,0.04144523,-0.7768087,0.3200034,-0.6425704,0.6257839,0.3051156,
1,25,74.125,0.3950992,0.04144523,-0.7768087,0.3200034,-0.6425704,0.6257839,0.3051156,
1,25,74.127,0.395158,0.04136972,-0.7769254,0.3200447,-0.6425597,0.6257132,0.3052402,
1,25,74.129,0.395158,0.04136972,-0.7769254,0.3200447,-0.6425597,0.6257132,0.3052402,
1,25,74.131,0.395158,0.04136972,-0.7769254,0.3200447,-0.6425597,0.6257132,0.3052402,
1,25,74.133,0.395158,0.04136972,-0.7769254,0.3200447,-0.6425597,0.6257132,0.3052402,
1,25,74.135,0.395124,0.04141171,-0.776855,0.3200298,-0.6425601,0.6257525,0.3051741,
1,25,74.137,0.395124,0.04141171,-0.776855,0.3200298,-0.6425601,0.6257525,0.3051741,
1,25,74.139,0.395124,0.04141171,-0.776855,0.3200298,-0.6425601,0.6257525,0.3051741,
1,25,74.141,0.395124,0.04141171,-0.776855,0.3200298,-0.6425601,0.6257525,0.3051741,
1,25,74.143,0.3951421,0.04141143,-0.7768422,0.3200176,-0.6425855,0.6257508,0.3051372,
1,25,74.145,0.3951421,0.04141143,-0.7768422,0.3200176,-0.6425855,0.6257508,0.3051372,
1,25,74.147,0.3951421,0.04141143,-0.7768422,0.3200176,-0.6425855,0.6257508,0.3051372,
1,25,74.149,0.3951421,0.04141143,-0.7768422,0.3200176,-0.6425855,0.6257508,0.3051372,
1,25,74.151,0.3951652,0.04133867,-0.7768942,0.3200442,-0.6426035,0.6256977,0.3051801,
1,25,74.153,0.3951652,0.04133867,-0.7768942,0.3200442,-0.6426035,0.6256977,0.3051801,
1,25,74.155,0.3951652,0.04133867,-0.7768942,0.3200442,-0.6426035,0.6256977,0.3051801,
1,25,74.157,0.3951652,0.04133867,-0.7768942,0.3200442,-0.6426035,0.6256977,0.3051801,
1,25,74.159,0.3951281,0.04143156,-0.7768252,0.3200178,-0.6425769,0.6257842,0.3050864,
1,25,74.161,0.3951281,0.04143156,-0.7768252,0.3200178,-0.6425769,0.6257842,0.3050864,
1,25,74.163,0.3951281,0.04143156,-0.7768252,0.3200178,-0.6425769,0.6257842,0.3050864,
1,25,74.165,0.3951281,0.04143156,-0.7768252,0.3200178,-0.6425769,0.6257842,0.3050864,
1,25,74.167,0.3951281,0.04143156,-0.7768252,0.3200178,-0.6425769,0.6257842,0.3050864,
1,25,74.169,0.3951359,0.04144241,-0.7768211,0.3200279,-0.6425948,0.6257784,0.30505,
1,25,74.171,0.3951359,0.04144241,-0.7768211,0.3200279,-0.6425948,0.6257784,0.30505,
1,25,74.173,0.3951359,0.04144241,-0.7768211,0.3200279,-0.6425948,0.6257784,0.30505,
1,25,74.175,0.3951359,0.04144241,-0.7768211,0.3200279,-0.6425948,0.6257784,0.30505,
1,25,74.177,0.3950927,0.04143062,-0.7768184,0.3199986,-0.6425919,0.6257852,0.3050729,
1,25,74.179,0.3950927,0.04143062,-0.7768184,0.3199986,-0.6425919,0.6257852,0.3050729,
1,25,74.181,0.3950927,0.04143062,-0.7768184,0.3199986,-0.6425919,0.6257852,0.3050729,
1,25,74.183,0.3950927,0.04143062,-0.7768184,0.3199986,-0.6425919,0.6257852,0.3050729,
1,25,74.185,0.3950333,0.04149884,-0.7768157,0.3198801,-0.6425014,0.6258593,0.305236,
1,25,74.187,0.3950333,0.04149884,-0.7768157,0.3198801,-0.6425014,0.6258593,0.305236,
1,25,74.189,0.3950333,0.04149884,-0.7768157,0.3198801,-0.6425014,0.6258593,0.305236,
1,25,74.191,0.3950333,0.04149884,-0.7768157,0.3198801,-0.6425014,0.6258593,0.305236,
1,25,74.193,0.3950942,0.04149,-0.7768467,0.3199331,-0.6425008,0.6258435,0.3052139,
1,25,74.195,0.3950942,0.04149,-0.7768467,0.3199331,-0.6425008,0.6258435,0.3052139,
1,25,74.197,0.3950942,0.04149,-0.7768467,0.3199331,-0.6425008,0.6258435,0.3052139,
1,25,74.199,0.3950942,0.04149,-0.7768467,0.3199331,-0.6425008,0.6258435,0.3052139,
1,25,74.201,0.3950888,0.04141986,-0.7768179,0.3199576,-0.642586,0.6258007,0.3050968,
1,25,74.203,0.3950888,0.04141986,-0.7768179,0.3199576,-0.642586,0.6258007,0.3050968,
1,25,74.205,0.3950888,0.04141986,-0.7768179,0.3199576,-0.642586,0.6258007,0.3050968,
1,25,74.207,0.3950888,0.04141986,-0.7768179,0.3199576,-0.642586,0.6258007,0.3050968,
1,25,74.209,0.3950801,0.04139804,-0.7768155,0.3199888,-0.6425641,0.6257548,0.305204,
1,25,74.211,0.3950801,0.04139804,-0.7768155,0.3199888,-0.6425641,0.6257548,0.305204,
1,25,74.213,0.3950801,0.04139804,-0.7768155,0.3199888,-0.6425641,0.6257548,0.305204,
1,25,74.215,0.3950801,0.04139804,-0.7768155,0.3199888,-0.6425641,0.6257548,0.305204,
1,25,74.217,0.3950801,0.04139804,-0.7768155,0.3199888,-0.6425641,0.6257548,0.305204,
1,25,74.219,0.3950995,0.04143776,-0.776804,0.319976,-0.6425527,0.6257855,0.3051788,
1,25,74.221,0.3950995,0.04143776,-0.776804,0.319976,-0.6425527,0.6257855,0.3051788,
1,25,74.223,0.3950995,0.04143776,-0.776804,0.319976,-0.6425527,0.6257855,0.3051788,
1,25,74.225,0.3950995,0.04143776,-0.776804,0.319976,-0.6425527,0.6257855,0.3051788,
1,25,74.227,0.3951033,0.04145976,-0.7767764,0.3199849,-0.6425662,0.6258137,0.3050829,
1,25,74.229,0.3951033,0.04145976,-0.7767764,0.3199849,-0.6425662,0.6258137,0.3050829,
1,25,74.231,0.3951033,0.04145976,-0.7767764,0.3199849,-0.6425662,0.6258137,0.3050829,
1,25,74.233,0.3951033,0.04145976,-0.7767764,0.3199849,-0.6425662,0.6258137,0.3050829,
1,25,74.235,0.3951246,0.04142626,-0.7768462,0.320034,-0.6425427,0.6257572,0.305197,
1,25,74.237,0.3951246,0.04142626,-0.7768462,0.320034,-0.6425427,0.6257572,0.305197,
1,25,74.239,0.3951246,0.04142626,-0.7768462,0.320034,-0.6425427,0.6257572,0.305197,
1,25,74.241,0.3951246,0.04142626,-0.7768462,0.320034,-0.6425427,0.6257572,0.305197,
1,25,74.243,0.3951293,0.04140908,-0.7768543,0.3200125,-0.6425228,0.6257489,0.3052783,
1,25,74.245,0.3951293,0.04140908,-0.7768543,0.3200125,-0.6425228,0.6257489,0.3052783,
1,25,74.247,0.3951293,0.04140908,-0.7768543,0.3200125,-0.6425228,0.6257489,0.3052783,
1,25,74.249,0.3951293,0.04140908,-0.7768543,0.3200125,-0.6425228,0.6257489,0.3052783,
1,25,74.251,0.3951038,0.04138875,-0.7767576,0.3199708,-0.6426288,0.6257578,0.3050805,
1,25,74.253,0.3951038,0.04138875,-0.7767576,0.3199708,-0.6426288,0.6257578,0.3050805,
1,25,74.255,0.3951038,0.04138875,-0.7767576,0.3199708,-0.6426288,0.6257578,0.3050805,
1,25,74.257,0.3951038,0.04138875,-0.7767576,0.3199708,-0.6426288,0.6257578,0.3050805,
1,25,74.259,0.3951058,0.04144758,-0.7767662,0.3200007,-0.6425918,0.6258019,0.3050364,
1,25,74.261,0.3951058,0.04144758,-0.7767662,0.3200007,-0.6425918,0.6258019,0.3050364,
1,25,74.263,0.3951058,0.04144758,-0.7767662,0.3200007,-0.6425918,0.6258019,0.3050364,
1,25,74.265,0.3951058,0.04144758,-0.7767662,0.3200007,-0.6425918,0.6258019,0.3050364,
1,25,74.267,0.3951058,0.04144758,-0.7767662,0.3200007,-0.6425918,0.6258019,0.3050364,
1,25,74.269,0.3951011,0.04144747,-0.7767887,0.3199978,-0.6425616,0.6258088,0.3050892,
1,25,74.271,0.3951011,0.04144747,-0.7767887,0.3199978,-0.6425616,0.6258088,0.3050892,
1,25,74.273,0.3951011,0.04144747,-0.7767887,0.3199978,-0.6425616,0.6258088,0.3050892,
1,25,74.275,0.3951011,0.04144747,-0.7767887,0.3199978,-0.6425616,0.6258088,0.3050892,
1,25,74.277,0.3951178,0.04138596,-0.7767929,0.3199763,-0.6426164,0.6257638,0.3050887,
1,25,74.279,0.3951178,0.04138596,-0.7767929,0.3199763,-0.6426164,0.6257638,0.3050887,
1,25,74.281,0.3951178,0.04138596,-0.7767929,0.3199763,-0.6426164,0.6257638,0.3050887,
1,25,74.283,0.3951178,0.04138596,-0.7767929,0.3199763,-0.6426164,0.6257638,0.3050887,
1,25,74.285,0.3951344,0.04133194,-0.776861,0.3199985,-0.6426016,0.6257165,0.3051934,
1,25,74.287,0.3951344,0.04133194,-0.776861,0.3199985,-0.6426016,0.6257165,0.3051934,
1,25,74.289,0.3951344,0.04133194,-0.776861,0.3199985,-0.6426016,0.6257165,0.3051934,
1,25,74.291,0.3951344,0.04133194,-0.776861,0.3199985,-0.6426016,0.6257165,0.3051934,
1,25,74.293,0.3951411,0.04136354,-0.7768455,0.3199908,-0.6425905,0.6257446,0.3051673,
1,25,74.295,0.3951411,0.04136354,-0.7768455,0.3199908,-0.6425905,0.6257446,0.3051673,
1,25,74.297,0.3951411,0.04136354,-0.7768455,0.3199908,-0.6425905,0.6257446,0.3051673,
1,25,74.299,0.3951411,0.04136354,-0.7768455,0.3199908,-0.6425905,0.6257446,0.3051673,
1,25,74.301,0.3950704,0.04141198,-0.7767898,0.3199658,-0.6425521,0.6257934,0.3051745,
1,25,74.303,0.3950704,0.04141198,-0.7767898,0.3199658,-0.6425521,0.6257934,0.3051745,
1,25,74.305,0.3950704,0.04141198,-0.7767898,0.3199658,-0.6425521,0.6257934,0.3051745,
1,25,74.307,0.3950704,0.04141198,-0.7767898,0.3199658,-0.6425521,0.6257934,0.3051745,
1,25,74.309,0.3951111,0.04144025,-0.7768092,0.3199782,-0.6425253,0.6257966,0.3052112,
1,25,74.311,0.3951111,0.04144025,-0.7768092,0.3199782,-0.6425253,0.6257966,0.3052112,
1,25,74.313,0.3951111,0.04144025,-0.7768092,0.3199782,-0.6425253,0.6257966,0.3052112,
1,25,74.315,0.3951111,0.04144025,-0.7768092,0.3199782,-0.6425253,0.6257966,0.3052112,
1,25,74.317,0.3951111,0.04144025,-0.7768092,0.3199782,-0.6425253,0.6257966,0.3052112,
1,25,74.319,0.3951085,0.04133133,-0.7768503,0.3200273,-0.6426379,0.6256955,0.3051299,
1,25,74.321,0.3951085,0.04133133,-0.7768503,0.3200273,-0.6426379,0.6256955,0.3051299,
1,25,74.323,0.3951085,0.04133133,-0.7768503,0.3200273,-0.6426379,0.6256955,0.3051299,
1,25,74.325,0.3951085,0.04133133,-0.7768503,0.3200273,-0.6426379,0.6256955,0.3051299,
1,25,74.327,0.3951425,0.04130443,-0.7768962,0.3200039,-0.6426162,0.6256983,0.3051946,
1,25,74.329,0.3951425,0.04130443,-0.7768962,0.3200039,-0.6426162,0.6256983,0.3051946,
1,25,74.331,0.3951425,0.04130443,-0.7768962,0.3200039,-0.6426162,0.6256983,0.3051946,
1,25,74.333,0.3951425,0.04130443,-0.7768962,0.3200039,-0.6426162,0.6256983,0.3051946,
1,25,74.335,0.395132,0.04130328,-0.7768494,0.319994,-0.6426497,0.6256783,0.3051756,
1,25,74.337,0.395132,0.04130328,-0.7768494,0.319994,-0.6426497,0.6256783,0.3051756,
1,25,74.339,0.395132,0.04130328,-0.7768494,0.319994,-0.6426497,0.6256783,0.3051756,
1,25,74.341,0.395132,0.04130328,-0.7768494,0.319994,-0.6426497,0.6256783,0.3051756,
1,25,74.343,0.3951685,0.04131867,-0.7769077,0.3199934,-0.6426064,0.625704,0.3052144,
1,25,74.345,0.3951685,0.04131867,-0.7769077,0.3199934,-0.6426064,0.625704,0.3052144,
1,25,74.347,0.3951685,0.04131867,-0.7769077,0.3199934,-0.6426064,0.625704,0.3052144,
1,25,74.349,0.3951685,0.04131867,-0.7769077,0.3199934,-0.6426064,0.625704,0.3052144,
1,25,74.351,0.3950826,0.04135904,-0.7768043,0.3199686,-0.6426089,0.6257436,0.305154,
1,25,74.353,0.3950826,0.04135904,-0.7768043,0.3199686,-0.6426089,0.6257436,0.305154,
1,25,74.355,0.3950826,0.04135904,-0.7768043,0.3199686,-0.6426089,0.6257436,0.305154,
1,25,74.357,0.3950826,0.04135904,-0.7768043,0.3199686,-0.6426089,0.6257436,0.305154,
1,25,74.359,0.3951073,0.04140954,-0.7767948,0.3199906,-0.6425891,0.6257654,0.3051278,
1,25,74.361,0.3951073,0.04140954,-0.7767948,0.3199906,-0.6425891,0.6257654,0.3051278,
1,25,74.363,0.3951073,0.04140954,-0.7767948,0.3199906,-0.6425891,0.6257654,0.3051278,
1,25,74.365,0.3951073,0.04140954,-0.7767948,0.3199906,-0.6425891,0.6257654,0.3051278,
1,25,74.367,0.3951073,0.04140954,-0.7767948,0.3199906,-0.6425891,0.6257654,0.3051278,
1,25,74.369,0.3951075,0.0414445,-0.7767898,0.3200017,-0.6425622,0.6257886,0.3051254,
1,25,74.371,0.3951075,0.0414445,-0.7767898,0.3200017,-0.6425622,0.6257886,0.3051254,
1,25,74.373,0.3951075,0.0414445,-0.7767898,0.3200017,-0.6425622,0.6257886,0.3051254,
1,25,74.375,0.3951075,0.0414445,-0.7767898,0.3200017,-0.6425622,0.6257886,0.3051254,
1,25,74.377,0.3951223,0.04137502,-0.7768326,0.319981,-0.6425838,0.6257613,0.3051572,
1,25,74.379,0.3951223,0.04137502,-0.7768326,0.319981,-0.6425838,0.6257613,0.3051572,
1,25,74.381,0.3951223,0.04137502,-0.7768326,0.319981,-0.6425838,0.6257613,0.3051572,
1,25,74.383,0.3951223,0.04137502,-0.7768326,0.319981,-0.6425838,0.6257613,0.3051572,
1,25,74.385,0.3951054,0.04138787,-0.7767886,0.3199673,-0.6426045,0.6257744,0.3051012,
1,25,74.387,0.3951054,0.04138787,-0.7767886,0.3199673,-0.6426045,0.6257744,0.3051012,
1,25,74.389,0.3951054,0.04138787,-0.7767886,0.3199673,-0.6426045,0.6257744,0.3051012,
1,25,74.391,0.3951054,0.04138787,-0.7767886,0.3199673,-0.6426045,0.6257744,0.3051012,
1,25,74.393,0.3951122,0.04149481,-0.7767508,0.3199483,-0.6425495,0.625854,0.3050739,
1,25,74.395,0.3951122,0.04149481,-0.7767508,0.3199483,-0.6425495,0.625854,0.3050739,
1,25,74.397,0.3951122,0.04149481,-0.7767508,0.3199483,-0.6425495,0.625854,0.3050739,
1,25,74.399,0.3951122,0.04149481,-0.7767508,0.3199483,-0.6425495,0.625854,0.3050739,
1,25,74.401,0.3950502,0.04138185,-0.7767947,0.3198822,-0.6425721,0.6257951,0.3052166,
1,25,74.403,0.3950502,0.04138185,-0.7767947,0.3198822,-0.6425721,0.6257951,0.3052166,
1,25,74.405,0.3950502,0.04138185,-0.7767947,0.3198822,-0.6425721,0.6257951,0.3052166,
1,25,74.407,0.3950502,0.04138185,-0.7767947,0.3198822,-0.6425721,0.6257951,0.3052166,
1,25,74.409,0.3950103,0.04150702,-0.776725,0.3197961,-0.6425059,0.6259362,0.3051566,
1,25,74.411,0.3950103,0.04150702,-0.776725,0.3197961,-0.6425059,0.6259362,0.3051566,
1,25,74.413,0.3950103,0.04150702,-0.776725,0.3197961,-0.6425059,0.6259362,0.3051566,
1,25,74.415,0.3950103,0.04150702,-0.776725,0.3197961,-0.6425059,0.6259362,0.3051566,
1,25,74.417,0.3950103,0.04150702,-0.776725,0.3197961,-0.6425059,0.6259362,0.3051566,
1,25,74.419,0.3950272,0.04147925,-0.7767725,0.3198144,-0.642524,0.6258955,0.305183,
1,25,74.421,0.3950272,0.04147925,-0.7767725,0.3198144,-0.642524,0.6258955,0.305183,
1,25,74.423,0.3950272,0.04147925,-0.7767725,0.3198144,-0.642524,0.6258955,0.305183,
1,25,74.425,0.3950272,0.04147925,-0.7767725,0.3198144,-0.642524,0.6258955,0.305183,
1,25,74.427,0.3950492,0.04142442,-0.7768251,0.3198226,-0.6425276,0.6258452,0.3052697,
1,25,74.429,0.3950492,0.04142442,-0.7768251,0.3198226,-0.6425276,0.6258452,0.3052697,
1,25,74.431,0.3950492,0.04142442,-0.7768251,0.3198226,-0.6425276,0.6258452,0.3052697,
1,25,74.433,0.3950492,0.04142442,-0.7768251,0.3198226,-0.6425276,0.6258452,0.3052697,
1,25,74.435,0.3950304,0.04151452,-0.7767234,0.3197949,-0.6425192,0.6259344,0.3051333,
1,25,74.437,0.3950304,0.04151452,-0.7767234,0.3197949,-0.6425192,0.6259344,0.3051333,
1,25,74.439,0.3950304,0.04151452,-0.7767234,0.3197949,-0.6425192,0.6259344,0.3051333,
1,25,74.441,0.3950304,0.04151452,-0.7767234,0.3197949,-0.6425192,0.6259344,0.3051333,
1,25,74.443,0.3950208,0.04142009,-0.7767701,0.3197995,-0.6425415,0.6258717,0.3052104,
1,25,74.445,0.3950208,0.04142009,-0.7767701,0.3197995,-0.6425415,0.6258717,0.3052104,
1,25,74.447,0.3950208,0.04142009,-0.7767701,0.3197995,-0.6425415,0.6258717,0.3052104,
1,25,74.449,0.3950208,0.04142009,-0.7767701,0.3197995,-0.6425415,0.6258717,0.3052104,
1,25,74.451,0.3950537,0.04138066,-0.7767907,0.3197829,-0.6425796,0.6258419,0.305209,
1,25,74.453,0.3950537,0.04138066,-0.7767907,0.3197829,-0.6425796,0.6258419,0.305209,
1,25,74.455,0.3950537,0.04138066,-0.7767907,0.3197829,-0.6425796,0.6258419,0.305209,
1,25,74.457,0.3950537,0.04138066,-0.7767907,0.3197829,-0.6425796,0.6258419,0.305209,
1,25,74.459,0.3950282,0.04143668,-0.7767012,0.3197902,-0.6426014,0.6258708,0.3050959,
1,25,74.461,0.3950282,0.04143668,-0.7767012,0.3197902,-0.6426014,0.6258708,0.3050959,
1,25,74.463,0.3950282,0.04143668,-0.7767012,0.3197902,-0.6426014,0.6258708,0.3050959,
1,25,74.465,0.3950282,0.04143668,-0.7767012,0.3197902,-0.6426014,0.6258708,0.3050959,
1,25,74.467,0.3950282,0.04143668,-0.7767012,0.3197902,-0.6426014,0.6258708,0.3050959,
1,25,74.469,0.395007,0.04138847,-0.776736,0.3197686,-0.6425915,0.6258662,0.305149,
1,25,74.471,0.395007,0.04138847,-0.776736,0.3197686,-0.6425915,0.6258662,0.305149,
1,25,74.473,0.395007,0.04138847,-0.776736,0.3197686,-0.6425915,0.6258662,0.305149,
1,25,74.475,0.395007,0.04138847,-0.776736,0.3197686,-0.6425915,0.6258662,0.305149,
1,25,74.477,0.3950545,0.04143853,-0.7767626,0.3197988,-0.6425687,0.625878,0.3051408,
1,25,74.479,0.3950545,0.04143853,-0.7767626,0.3197988,-0.6425687,0.625878,0.3051408,
1,25,74.481,0.3950545,0.04143853,-0.7767626,0.3197988,-0.6425687,0.625878,0.3051408,
1,25,74.483,0.3950545,0.04143853,-0.7767626,0.3197988,-0.6425687,0.625878,0.3051408,
1,25,74.485,0.3950375,0.04146858,-0.7767527,0.3197926,-0.6425484,0.6259019,0.3051412,
1,25,74.487,0.3950375,0.04146858,-0.7767527,0.3197926,-0.6425484,0.6259019,0.3051412,
1,25,74.489,0.3950375,0.04146858,-0.7767527,0.3197926,-0.6425484,0.6259019,0.3051412,
1,25,74.491,0.3950375,0.04146858,-0.7767527,0.3197926,-0.6425484,0.6259019,0.3051412,
1,25,74.493,0.395014,0.04141523,-0.7767255,0.319789,-0.6426039,0.6258634,0.3051071,
1,25,74.495,0.395014,0.04141523,-0.7767255,0.319789,-0.6426039,0.6258634,0.3051071,
1,25,74.497,0.395014,0.04141523,-0.7767255,0.319789,-0.6426039,0.6258634,0.3051071,
1,25,74.499,0.395014,0.04141523,-0.7767255,0.319789,-0.6426039,0.6258634,0.3051071,
1,25,74.501,0.3950889,0.04144463,-0.7767575,0.3198802,-0.642564,0.6258467,0.3051297,
1,25,74.503,0.3950889,0.04144463,-0.7767575,0.3198802,-0.642564,0.6258467,0.3051297,
1,25,74.505,0.3950889,0.04144463,-0.7767575,0.3198802,-0.642564,0.6258467,0.3051297,
1,25,74.507,0.3950889,0.04144463,-0.7767575,0.3198802,-0.642564,0.6258467,0.3051297,
1,25,74.509,0.3950773,0.04140629,-0.7767296,0.3198898,-0.6425996,0.6258212,0.3050972,
1,25,74.511,0.3950773,0.04140629,-0.7767296,0.3198898,-0.6425996,0.6258212,0.3050972,
1,25,74.513,0.3950773,0.04140629,-0.7767296,0.3198898,-0.6425996,0.6258212,0.3050972,
1,25,74.515,0.3950773,0.04140629,-0.7767296,0.3198898,-0.6425996,0.6258212,0.3050972,
1,25,74.517,0.3950773,0.04140629,-0.7767296,0.3198898,-0.6425996,0.6258212,0.3050972,
1,25,74.519,0.3950928,0.04129923,-0.7767899,0.3199244,-0.6426706,0.6257342,0.3050898,
1,25,74.521,0.3950928,0.04129923,-0.7767899,0.3199244,-0.6426706,0.6257342,0.3050898,
1,25,74.523,0.3950928,0.04129923,-0.7767899,0.3199244,-0.6426706,0.6257342,0.3050898,
1,25,74.525,0.3950928,0.04129923,-0.7767899,0.3199244,-0.6426706,0.6257342,0.3050898,
1,25,74.527,0.3951215,0.04135605,-0.7767948,0.3199624,-0.6426325,0.6257569,0.3050834,
1,25,74.529,0.3951215,0.04135605,-0.7767948,0.3199624,-0.6426325,0.6257569,0.3050834,
1,25,74.531,0.3951215,0.04135605,-0.7767948,0.3199624,-0.6426325,0.6257569,0.3050834,
1,25,74.533,0.3951215,0.04135605,-0.7767948,0.3199624,-0.6426325,0.6257569,0.3050834,
1,25,74.535,0.3950377,0.0413778,-0.7767664,0.3198468,-0.6426066,0.6258026,0.3051655,
1,25,74.537,0.3950377,0.0413778,-0.7767664,0.3198468,-0.6426066,0.6258026,0.3051655,
1,25,74.539,0.3950377,0.0413778,-0.7767664,0.3198468,-0.6426066,0.6258026,0.3051655,
1,25,74.541,0.3950377,0.0413778,-0.7767664,0.3198468,-0.6426066,0.6258026,0.3051655,
1,25,74.543,0.3950195,0.04145851,-0.7767385,0.3197603,-0.6425133,0.6259087,0.305235,
1,25,74.545,0.3950195,0.04145851,-0.7767385,0.3197603,-0.6425133,0.6259087,0.305235,
1,25,74.547,0.3950195,0.04145851,-0.7767385,0.3197603,-0.6425133,0.6259087,0.305235,
1,25,74.549,0.3950195,0.04145851,-0.7767385,0.3197603,-0.6425133,0.6259087,0.305235,
1,25,74.551,0.3950259,0.04148465,-0.7767305,0.3197562,-0.6425277,0.6259319,0.3051616,
1,25,74.553,0.3950259,0.04148465,-0.7767305,0.3197562,-0.6425277,0.6259319,0.3051616,
1,25,74.555,0.3950259,0.04148465,-0.7767305,0.3197562,-0.6425277,0.6259319,0.3051616,
1,25,74.557,0.3950259,0.04148465,-0.7767305,0.3197562,-0.6425277,0.6259319,0.3051616,
1,25,74.559,0.3950223,0.04149024,-0.7767246,0.3197569,-0.6425271,0.6259355,0.3051545,
1,25,74.561,0.3950223,0.04149024,-0.7767246,0.3197569,-0.6425271,0.6259355,0.3051545,
1,25,74.563,0.3950223,0.04149024,-0.7767246,0.3197569,-0.6425271,0.6259355,0.3051545,
1,25,74.565,0.3950223,0.04149024,-0.7767246,0.3197569,-0.6425271,0.6259355,0.3051545,
1,25,74.567,0.3950223,0.04149024,-0.7767246,0.3197569,-0.6425271,0.6259355,0.3051545,
1,25,74.569,0.395008,0.04145573,-0.7767463,0.3197776,-0.6425183,0.625904,0.305216,
1,25,74.571,0.395008,0.04145573,-0.7767463,0.3197776,-0.6425183,0.625904,0.305216,
1,25,74.573,0.395008,0.04145573,-0.7767463,0.3197776,-0.6425183,0.625904,0.305216,
1,25,74.575,0.395008,0.04145573,-0.7767463,0.3197776,-0.6425183,0.625904,0.305216,
1,25,74.577,0.395021,0.04143792,-0.776792,0.3197891,-0.6424965,0.6258726,0.3053143,
1,25,74.579,0.395021,0.04143792,-0.776792,0.3197891,-0.6424965,0.6258726,0.3053143,
1,25,74.581,0.395021,0.04143792,-0.776792,0.3197891,-0.6424965,0.6258726,0.3053143,
1,25,74.583,0.395021,0.04143792,-0.776792,0.3197891,-0.6424965,0.6258726,0.3053143,
1,25,74.585,0.3951333,0.04146407,-0.7767884,0.3199076,-0.6425235,0.6258507,0.3051781,
1,25,74.587,0.3951333,0.04146407,-0.7767884,0.3199076,-0.6425235,0.6258507,0.3051781,
1,25,74.589,0.3951333,0.04146407,-0.7767884,0.3199076,-0.6425235,0.6258507,0.3051781,
1,25,74.591,0.3951333,0.04146407,-0.7767884,0.3199076,-0.6425235,0.6258507,0.3051781,
1,25,74.593,0.3951343,0.04136424,-0.7768093,0.3199733,-0.6426122,0.6257618,0.3051046,
1,25,74.595,0.3951343,0.04136424,-0.7768093,0.3199733,-0.6426122,0.6257618,0.3051046,
1,25,74.597,0.3951343,0.04136424,-0.7768093,0.3199733,-0.6426122,0.6257618,0.3051046,
1,25,74.599,0.3951343,0.04136424,-0.7768093,0.3199733,-0.6426122,0.6257618,0.3051046,
1,25,74.601,0.3951227,0.04146262,-0.776757,0.3199816,-0.6425689,0.6258155,0.3050772,
1,25,74.603,0.3951227,0.04146262,-0.776757,0.3199816,-0.6425689,0.6258155,0.3050772,
1,25,74.605,0.3951227,0.04146262,-0.776757,0.3199816,-0.6425689,0.6258155,0.3050772,
1,25,74.607,0.3951227,0.04146262,-0.776757,0.3199816,-0.6425689,0.6258155,0.3050772,
1,25,74.609,0.3951265,0.0414179,-0.7767682,0.3199615,-0.6425892,0.6257901,0.3051076,
1,25,74.611,0.3951265,0.0414179,-0.7767682,0.3199615,-0.6425892,0.6257901,0.3051076,
1,25,74.613,0.3951265,0.0414179,-0.7767682,0.3199615,-0.6425892,0.6257901,0.3051076,
1,25,74.615,0.3951265,0.0414179,-0.7767682,0.3199615,-0.6425892,0.6257901,0.3051076,
1,25,74.617,0.3951265,0.0414179,-0.7767682,0.3199615,-0.6425892,0.6257901,0.3051076,
1,25,74.619,0.395112,0.04146315,-0.776757,0.3199391,-0.6425778,0.6258298,0.3050738,
1,25,74.621,0.395112,0.04146315,-0.776757,0.3199391,-0.6425778,0.6258298,0.3050738,
1,25,74.623,0.395112,0.04146315,-0.776757,0.3199391,-0.6425778,0.6258298,0.3050738,
1,25,74.625,0.395112,0.04146315,-0.776757,0.3199391,-0.6425778,0.6258298,0.3050738,
1,25,74.627,0.3950425,0.04145893,-0.77679,0.319838,-0.6425099,0.6258619,0.3052563,
1,25,74.629,0.3950425,0.04145893,-0.77679,0.319838,-0.6425099,0.6258619,0.3052563,
1,25,74.631,0.3950425,0.04145893,-0.77679,0.319838,-0.6425099,0.6258619,0.3052563,
1,25,74.633,0.3950425,0.04145893,-0.77679,0.319838,-0.6425099,0.6258619,0.3052563,
1,25,74.635,0.3950148,0.04139104,-0.7767453,0.3197377,-0.6425874,0.6258639,0.3051947,
1,25,74.637,0.3950148,0.04139104,-0.7767453,0.3197377,-0.6425874,0.6258639,0.3051947,
1,25,74.639,0.3950148,0.04139104,-0.7767453,0.3197377,-0.6425874,0.6258639,0.3051947,
1,25,74.641,0.3950148,0.04139104,-0.7767453,0.3197377,-0.6425874,0.6258639,0.3051947,
1,25,74.643,0.3949924,0.04139889,-0.7767204,0.319727,-0.6425823,0.6258761,0.3051915,
1,25,74.645,0.3949924,0.04139889,-0.7767204,0.319727,-0.6425823,0.6258761,0.3051915,
1,25,74.647,0.3949924,0.04139889,-0.7767204,0.319727,-0.6425823,0.6258761,0.3051915,
1,25,74.649,0.3949924,0.04139889,-0.7767204,0.319727,-0.6425823,0.6258761,0.3051915,
1,25,74.651,0.395007,0.04144735,-0.7767127,0.3197664,-0.6425623,0.6258954,0.3051524,
1,25,74.653,0.395007,0.04144735,-0.7767127,0.3197664,-0.6425623,0.6258954,0.3051524,
1,25,74.655,0.395007,0.04144735,-0.7767127,0.3197664,-0.6425623,0.6258954,0.3051524,
1,25,74.657,0.395007,0.04144735,-0.7767127,0.3197664,-0.6425623,0.6258954,0.3051524,
1,25,74.659,0.3950086,0.0413719,-0.7767012,0.3197785,-0.6426859,0.6258106,0.3050535,
1,25,74.661,0.3950086,0.0413719,-0.7767012,0.3197785,-0.6426859,0.6258106,0.3050535,
1,25,74.663,0.3950086,0.0413719,-0.7767012,0.3197785,-0.6426859,0.6258106,0.3050535,
1,25,74.665,0.3950086,0.0413719,-0.7767012,0.3197785,-0.6426859,0.6258106,0.3050535,
1,25,74.667,0.3950086,0.0413719,-0.7767012,0.3197785,-0.6426859,0.6258106,0.3050535,
1,25,74.669,0.3949819,0.04144926,-0.7766585,0.3197429,-0.6426092,0.6258944,0.3050807,
1,25,74.671,0.3949819,0.04144926,-0.7766585,0.3197429,-0.6426092,0.6258944,0.3050807,
1,25,74.673,0.3949819,0.04144926,-0.7766585,0.3197429,-0.6426092,0.6258944,0.3050807,
1,25,74.675,0.3949819,0.04144926,-0.7766585,0.3197429,-0.6426092,0.6258944,0.3050807,
1,25,74.677,0.3950585,0.04140414,-0.7767308,0.3199074,-0.6426226,0.6258045,0.3050641,
1,25,74.679,0.3950585,0.04140414,-0.7767308,0.3199074,-0.6426226,0.6258045,0.3050641,
1,25,74.681,0.3950585,0.04140414,-0.7767308,0.3199074,-0.6426226,0.6258045,0.3050641,
1,25,74.683,0.3950585,0.04140414,-0.7767308,0.3199074,-0.6426226,0.6258045,0.3050641,
1,25,74.685,0.3951066,0.04142344,-0.7767654,0.3199815,-0.6426182,0.625774,0.3050586,
1,25,74.687,0.3951066,0.04142344,-0.7767654,0.3199815,-0.6426182,0.625774,0.3050586,
1,25,74.689,0.3951066,0.04142344,-0.7767654,0.3199815,-0.6426182,0.625774,0.3050586,
1,25,74.691,0.3951066,0.04142344,-0.7767654,0.3199815,-0.6426182,0.625774,0.3050586,
1,25,74.693,0.3950722,0.04134448,-0.7767508,0.3199468,-0.6426855,0.6257223,0.3050592,
1,25,74.695,0.3950722,0.04134448,-0.7767508,0.3199468,-0.6426855,0.6257223,0.3050592,
1,25,74.697,0.3950722,0.04134448,-0.7767508,0.3199468,-0.6426855,0.6257223,0.3050592,
1,25,74.699,0.3950722,0.04134448,-0.7767508,0.3199468,-0.6426855,0.6257223,0.3050592,
1,25,74.701,0.3951179,0.04139242,-0.7768315,0.3199798,-0.6425819,0.6257441,0.3051981,
1,25,74.703,0.3951179,0.04139242,-0.7768315,0.3199798,-0.6425819,0.6257441,0.3051981,
1,25,74.705,0.3951179,0.04139242,-0.7768315,0.3199798,-0.6425819,0.6257441,0.3051981,
1,25,74.707,0.3951179,0.04139242,-0.7768315,0.3199798,-0.6425819,0.6257441,0.3051981,
1,25,74.709,0.3950858,0.04138797,-0.7767676,0.3199311,-0.6426301,0.6257525,0.3051304,
1,25,74.711,0.3950858,0.04138797,-0.7767676,0.3199311,-0.6426301,0.6257525,0.3051304,
1,25,74.713,0.3950858,0.04138797,-0.7767676,0.3199311,-0.6426301,0.6257525,0.3051304,
1,25,74.715,0.3950858,0.04138797,-0.7767676,0.3199311,-0.6426301,0.6257525,0.3051304,
1,25,74.717,0.3950858,0.04138797,-0.7767676,0.3199311,-0.6426301,0.6257525,0.3051304,
1,25,74.719,0.3951142,0.04138711,-0.7767797,0.319924,-0.6426348,0.6257613,0.3051098,
1,25,74.721,0.3951142,0.04138711,-0.7767797,0.319924,-0.6426348,0.6257613,0.3051098,
1,25,74.723,0.3951142,0.04138711,-0.7767797,0.319924,-0.6426348,0.6257613,0.3051098,
1,25,74.725,0.3951142,0.04138711,-0.7767797,0.319924,-0.6426348,0.6257613,0.3051098,
1,25,74.727,0.3951068,0.04129134,-0.7768739,0.3199546,-0.6426188,0.6257,0.3052369,
1,25,74.729,0.3951068,0.04129134,-0.7768739,0.3199546,-0.6426188,0.6257,0.3052369,
1,25,74.731,0.3951068,0.04129134,-0.7768739,0.3199546,-0.6426188,0.6257,0.3052369,
1,25,74.733,0.3951068,0.04129134,-0.7768739,0.3199546,-0.6426188,0.6257,0.3052369,
1,25,74.735,0.3951446,0.04135839,-0.7768542,0.3199282,-0.6425843,0.6257526,0.3052298,
1,25,74.737,0.3951446,0.04135839,-0.7768542,0.3199282,-0.6425843,0.6257526,0.3052298,
1,25,74.739,0.3951446,0.04135839,-0.7768542,0.3199282,-0.6425843,0.6257526,0.3052298,
1,25,74.741,0.3951446,0.04135839,-0.7768542,0.3199282,-0.6425843,0.6257526,0.3052298,
1,25,74.743,0.3951124,0.0413276,-0.7768492,0.3199475,-0.6426315,0.6257127,0.3051919,
1,25,74.745,0.3951124,0.0413276,-0.7768492,0.3199475,-0.6426315,0.6257127,0.3051919,
1,25,74.747,0.3951124,0.0413276,-0.7768492,0.3199475,-0.6426315,0.6257127,0.3051919,
1,25,74.749,0.3951124,0.0413276,-0.7768492,0.3199475,-0.6426315,0.6257127,0.3051919,
1,25,74.751,0.3951077,0.04139642,-0.7768241,0.3199179,-0.6425858,0.6257799,0.3051813,
1,25,74.753,0.3951077,0.04139642,-0.7768241,0.3199179,-0.6425858,0.6257799,0.3051813,
1,25,74.755,0.3951077,0.04139642,-0.7768241,0.3199179,-0.6425858,0.6257799,0.3051813,CourtEnter
1,25,74.757,0.3951077,0.04139642,-0.7768241,0.3199179,-0.6425858,0.6257799,0.3051813,
1,25,74.759,0.3950461,0.04147024,-0.7767252,0.3198678,-0.6425716,0.6258551,0.3051096,
1,25,74.761,0.3950461,0.04147024,-0.7767252,0.3198678,-0.6425716,0.6258551,0.3051096,
1,25,74.763,0.3950461,0.04147024,-0.7767252,0.3198678,-0.6425716,0.6258551,0.3051096,
1,25,74.765,0.3950461,0.04147024,-0.7767252,0.3198678,-0.6425716,0.6258551,0.3051096,
1,25,74.767,0.3950461,0.04147024,-0.7767252,0.3198678,-0.6425716,0.6258551,0.3051096,CourtExit
1,25,74.769,0.3950746,0.04154166,-0.7767042,0.3198817,-0.6425415,0.6258919,0.3050827,
1,25,74.771,0.3950746,0.04154166,-0.7767042,0.3198817,-0.6425415,0.6258919,0.3050827,
1,25,74.773,0.3950746,0.04154166,-0.7767042,0.3198817,-0.6425415,0.6258919,0.3050827,
1,25,74.775,0.3950746,0.04154166,-0.7767042,0.3198817,-0.6425415,0.6258919,0.3050827,
1,25,74.777,0.3950786,0.04149883,-0.7767229,0.3198905,-0.6425543,0.6258661,0.3050993,
1,25,74.779,0.3950786,0.04149883,-0.7767229,0.3198905,-0.6425543,0.6258661,0.3050993,
1,25,74.781,0.3950786,0.04149883,-0.7767229,0.3198905,-0.6425543,0.6258661,0.3050993,
1,25,74.783,0.3950786,0.04149883,-0.7767229,0.3198905,-0.6425543,0.6258661,0.3050993,
1,25,74.785,0.3951259,0.04144637,-0.776813,0.3199407,-0.6425421,0.6258014,0.3052053,
1,25,74.787,0.3951259,0.04144637,-0.776813,0.3199407,-0.6425421,0.6258014,0.3052053,
1,25,74.789,0.3951259,0.04144637,-0.776813,0.3199407,-0.6425421,0.6258014,0.3052053,
1,25,74.791,0.3951259,0.04144637,-0.776813,0.3199407,-0.6425421,0.6258014,0.3052053,
1,25,74.793,0.3951118,0.04143053,-0.7768113,0.3199474,-0.6425594,0.6257768,0.3052122,
1,25,74.795,0.3951118,0.04143053,-0.7768113,0.3199474,-0.6425594,0.6257768,0.3052122,
1,25,74.797,0.3951118,0.04143053,-0.7768113,0.3199474,-0.6425594,0.6257768,0.3052122,
1,25,74.799,0.3951118,0.04143053,-0.7768113,0.3199474,-0.6425594,0.6257768,0.3052122,
1,25,74.801,0.3951243,0.04142964,-0.7768411,0.3199047,-0.6425455,0.6258053,0.3052279,
1,25,74.803,0.3951243,0.04142964,-0.7768411,0.3199047,-0.6425455,0.6258053,0.3052279,
1,25,74.805,0.3951243,0.04142964,-0.7768411,0.3199047,-0.6425455,0.6258053,0.3052279,
1,25,74.807,0.3951243,0.04142964,-0.7768411,0.3199047,-0.6425455,0.6258053,0.3052279,
1,25,74.809,0.3951389,0.04142104,-0.7768781,0.3199745,-0.6425108,0.6257662,0.3053078,
1,25,74.811,0.3951389,0.04142104,-0.7768781,0.3199745,-0.6425108,0.6257662,0.3053078,
1,25,74.813,0.3951389,0.04142104,-0.7768781,0.3199745,-0.6425108,0.6257662,0.3053078,
1,25,74.815,0.3951389,0.04142104,-0.7768781,0.3199745,-0.6425108,0.6257662,0.3053078,
1,25,74.817,0.3951389,0.04142104,-0.7768781,0.3199745,-0.6425108,0.6257662,0.3053078,
1,25,74.819,0.3951522,0.04139308,-0.7768939,0.3199823,-0.6425182,0.6257366,0.3053447,
1,25,74.821,0.3951522,0.04139308,-0.7768939,0.3199823,-0.6425182,0.6257366,0.3053447,
1,25,74.823,0.3951522,0.04139308,-0.7768939,0.3199823,-0.6425182,0.6257366,0.3053447,
1,25,74.825,0.3951522,0.04139308,-0.7768939,0.3199823,-0.6425182,0.6257366,0.3053447,
1,25,74.827,0.3951624,0.04134448,-0.7769026,0.3199433,-0.6425581,0.6257254,0.3053247,
1,25,74.829,0.3951624,0.04134448,-0.7769026,0.3199433,-0.6425581,0.6257254,0.3053247,
1,25,74.831,0.3951624,0.04134448,-0.7769026,0.3199433,-0.6425581,0.6257254,0.3053247,
1,25,74.833,0.3951624,0.04134448,-0.7769026,0.3199433,-0.6425581,0.6257254,0.3053247,
1,25,74.835,0.3951743,0.04133992,-0.7768954,0.3199233,-0.6425782,0.6257483,0.3052562,
1,25,74.837,0.3951743,0.04133992,-0.7768954,0.3199233,-0.6425782,0.6257483,0.3052562,
1,25,74.839,0.3951743,0.04133992,-0.7768954,0.3199233,-0.6425782,0.6257483,0.3052562,
1,25,74.841,0.3951743,0.04133992,-0.7768954,0.3199233,-0.6425782,0.6257483,0.3052562,
1,25,74.843,0.3951527,0.04136457,-0.7768685,0.3199221,-0.642583,0.6257602,0.3052232,
1,25,74.845,0.3951527,0.04136457,-0.7768685,0.3199221,-0.642583,0.6257602,0.3052232,
1,25,74.847,0.3951527,0.04136457,-0.7768685,0.3199221,-0.642583,0.6257602,0.3052232,
1,25,74.849,0.3951527,0.04136457,-0.7768685,0.3199221,-0.642583,0.6257602,0.3052232,
1,25,74.851,0.3951196,0.04143599,-0.7768227,0.319939,-0.6425406,0.6257837,0.3052464,
1,25,74.853,0.3951196,0.04143599,-0.7768227,0.319939,-0.6425406,0.6257837,0.3052464,
1,25,74.855,0.3951196,0.04143599,-0.7768227,0.319939,-0.6425406,0.6257837,0.3052464,
1,25,74.857,0.3951196,0.04143599,-0.7768227,0.319939,-0.6425406,0.6257837,0.3052464,
1,25,74.859,0.3951505,0.04145221,-0.7768394,0.3199493,-0.6425065,0.6257989,0.3052762,
1,25,74.861,0.3951505,0.04145221,-0.7768394,0.3199493,-0.6425065,0.6257989,0.3052762,
1,25,74.863,0.3951505,0.04145221,-0.7768394,0.3199493,-0.6425065,0.6257989,0.3052762,
1,25,74.865,0.3951505,0.04145221,-0.7768394,0.3199493,-0.6425065,0.6257989,0.3052762,
1,25,74.867,0.3951505,0.04145221,-0.7768394,0.3199493,-0.6425065,0.6257989,0.3052762,
1,25,74.869,0.3951463,0.04140492,-0.7768635,0.3199395,-0.6425179,0.6257795,0.3053022,
1,25,74.871,0.3951463,0.04140492,-0.7768635,0.3199395,-0.6425179,0.6257795,0.3053022,
1,25,74.873,0.3951463,0.04140492,-0.7768635,0.3199395,-0.6425179,0.6257795,0.3053022,
1,25,74.875,0.3951463,0.04140492,-0.7768635,0.3199395,-0.6425179,0.6257795,0.3053022,
1,25,74.877,0.3951431,0.04139961,-0.7768307,0.3199154,-0.6425585,0.6257896,0.3052215,
1,25,74.879,0.3951431,0.04139961,-0.7768307,0.3199154,-0.6425585,0.6257896,0.3052215,
1,25,74.881,0.3951431,0.04139961,-0.7768307,0.3199154,-0.6425585,0.6257896,0.3052215,
1,25,74.883,0.3951431,0.04139961,-0.7768307,0.3199154,-0.6425585,0.6257896,0.3052215,
1,25,74.885,0.3950982,0.0414578,-0.7768129,0.3199259,-0.6425175,0.62582,0.3052344,
1,25,74.887,0.3950982,0.0414578,-0.7768129,0.3199259,-0.6425175,0.62582,0.3052344,
1,25,74.889,0.3950982,0.0414578,-0.7768129,0.3199259,-0.6425175,0.62582,0.3052344,
1,25,74.891,0.3950982,0.0414578,-0.7768129,0.3199259,-0.6425175,0.62582,0.3052344,
1,25,74.893,0.3950607,0.04148202,-0.7767692,0.3199061,-0.6425114,0.6258414,0.3052243,
1,25,74.895,0.3950607,0.04148202,-0.7767692,0.3199061,-0.6425114,0.6258414,0.3052243,
1,25,74.897,0.3950607,0.04148202,-0.7767692,0.3199061,-0.6425114,0.6258414,0.3052243,
1,25,74.899,0.3950607,0.04148202,-0.7767692,0.3199061,-0.6425114,0.6258414,0.3052243,
1,25,74.901,0.3951128,0.04146087,-0.7767805,0.319927,-0.6425619,0.6258214,0.305137,
1,25,74.903,0.3951128,0.04146087,-0.7767805,0.319927,-0.6425619,0.6258214,0.305137,
1,25,74.905,0.3951128,0.04146087,-0.7767805,0.319927,-0.6425619,0.6258214,0.305137,
1,25,74.907,0.3951128,0.04146087,-0.7767805,0.319927,-0.6425619,0.6258214,0.305137,
1,25,74.909,0.3951327,0.04146295,-0.7767968,0.3199321,-0.6425521,0.6258235,0.3051479,
1,25,74.911,0.3951327,0.04146295,-0.7767968,0.3199321,-0.6425521,0.6258235,0.3051479,
1,25,74.913,0.3951327,0.04146295,-0.7767968,0.3199321,-0.6425521,0.6258235,0.3051479,
1,25,74.915,0.3951327,0.04146295,-0.7767968,0.3199321,-0.6425521,0.6258235,0.3051479,
1,25,74.917,0.3951327,0.04146295,-0.7767968,0.3199321,-0.6425521,0.6258235,0.3051479,
1,25,74.919,0.3950963,0.04148074,-0.7767904,0.3199372,-0.6425271,0.6258224,0.3051976,
1,25,74.921,0.3950963,0.04148074,-0.7767904,0.3199372,-0.6425271,0.6258224,0.3051976,
1,25,74.923,0.3950963,0.04148074,-0.7767904,0.3199372,-0.6425271,0.6258224,0.3051976,
1,25,74.925,0.3950963,0.04148074,-0.7767904,0.3199372,-0.6425271,0.6258224,0.3051976,
1,25,74.927,0.3951239,0.04145964,-0.7767797,0.3199312,-0.642544,0.625804,0.3052062,
1,25,74.929,0.3951239,0.04145964,-0.7767797,0.3199312,-0.642544,0.625804,0.3052062,
1,25,74.931,0.3951239,0.04145964,-0.7767797,0.3199312,-0.642544,0.625804,0.3052062,
1,25,74.933,0.3951239,0.04145964,-0.7767797,0.3199312,-0.642544,0.625804,0.3052062,
1,25,74.935,0.3951378,0.0414371,-0.7767777,0.3199507,-0.6425817,0.6257908,0.3051332,
1,25,74.937,0.3951378,0.0414371,-0.7767777,0.3199507,-0.6425817,0.6257908,0.3051332,
1,25,74.939,0.3951378,0.0414371,-0.7767777,0.3199507,-0.6425817,0.6257908,0.3051332,
1,25,74.941,0.3951378,0.0414371,-0.7767777,0.3199507,-0.6425817,0.6257908,0.3051332,
1,25,74.943,0.3951239,0.04142884,-0.7767797,0.3199325,-0.6425905,0.6258012,0.3051123,
1,25,74.945,0.3951239,0.04142884,-0.7767797,0.3199325,-0.6425905,0.6258012,0.3051123,
1,25,74.947,0.3951239,0.04142884,-0.7767797,0.3199325,-0.6425905,0.6258012,0.3051123,
1,25,74.949,0.3951239,0.04142884,-0.7767797,0.3199325,-0.6425905,0.6258012,0.3051123,
1,25,74.951,0.3950668,0.04145562,-0.7767532,0.3198975,-0.6425705,0.625832,0.3051282,
1,25,74.953,0.3950668,0.04145562,-0.7767532,0.3198975,-0.6425705,0.625832,0.3051282,
1,25,74.955,0.3950668,0.04145562,-0.7767532,0.3198975,-0.6425705,0.625832,0.3051282,
1,25,74.957,0.3950668,0.04145562,-0.7767532,0.3198975,-0.6425705,0.625832,0.3051282,
1,25,74.959,0.3950697,0.04144663,-0.7767794,0.3199028,-0.6425537,0.6258142,0.3051945,
1,25,74.961,0.3950697,0.04144663,-0.7767794,0.3199028,-0.6425537,0.6258142,0.3051945,
1,25,74.963,0.3950697,0.04144663,-0.7767794,0.3199028,-0.6425537,0.6258142,0.3051945,
1,25,74.965,0.3950697,0.04144663,-0.7767794,0.3199028,-0.6425537,0.6258142,0.3051945,
1,25,74.967,0.3950697,0.04144663,-0.7767794,0.3199028,-0.6425537,0.6258142,0.3051945,
1,25,74.969,0.3950842,0.04141463,-0.7768263,0.3199191,-0.6425246,0.6257946,0.3052786,
1,25,74.971,0.3950842,0.04141463,-0.7768263,0.3199191,-0.6425246,0.6257946,0.3052786,
1,25,74.973,0.3950842,0.04141463,-0.7768263,0.3199191,-0.6425246,0.6257946,0.3052786,
1,25,74.975,0.3950842,0.04141463,-0.7768263,0.3199191,-0.6425246,0.6257946,0.3052786,
1,25,74.977,0.3951203,0.04135527,-0.776843,0.3199259,-0.6425872,0.6257544,0.3052219,
1,25,74.979,0.3951203,0.04135527,-0.776843,0.3199259,-0.6425872,0.6257544,0.3052219,
1,25,74.981,0.3951203,0.04135527,-0.776843,0.3199259,-0.6425872,0.6257544,0.3052219,
1,25,74.983,0.3951203,0.04135527,-0.776843,0.3199259,-0.6425872,0.6257544,0.3052219,
1,25,74.985,0.3951161,0.04138351,-0.7768158,0.3199213,-0.6425883,0.6257781,0.3051763,
1,25,74.987,0.3951161,0.04138351,-0.7768158,0.3199213,-0.6425883,0.6257781,0.3051763,
1,25,74.989,0.3951161,0.04138351,-0.7768158,0.3199213,-0.6425883,0.6257781,0.3051763,
1,25,74.991,0.3951161,0.04138351,-0.7768158,0.3199213,-0.6425883,0.6257781,0.3051763,
1,25,74.993,0.3951181,0.04139161,-0.7767863,0.319901,-0.6426076,0.6257842,0.3051443,
1,25,74.995,0.3951181,0.04139161,-0.7767863,0.319901,-0.6426076,0.6257842,0.3051443,
1,25,74.997,0.3951181,0.04139161,-0.7767863,0.319901,-0.6426076,0.6257842,0.3051443,
1,25,74.999,0.3951181,0.04139161,-0.7767863,0.319901,-0.6426076,0.6257842,0.3051443,
1,26,75.001,0.3950989,0.04134583,-0.776811,0.3198923,-0.6426309,0.6257522,0.3051697,CourtExit
1,26,75.003,0.3950989,0.04134583,-0.776811,0.3198923,-0.6426309,0.6257522,0.3051697,
1,26,75.005,0.3950989,0.04134583,-0.776811,0.3198923,-0.6426309,0.6257522,0.3051697,
1,26,75.007,0.3950989,0.04134583,-0.776811,0.3198923,-0.6426309,0.6257522,0.3051697,
1,26,75.009,0.3951235,0.04136479,-0.7768617,0.3198905,-0.6425827,0.62577,0.3052369,
1,26,75.011,0.3951235,0.04136479,-0.7768617,0.3198905,-0.6425827,0.62577,0.3052369,
1,26,75.013,0.3951235,0.04136479,-0.7768617,0.3198905,-0.6425827,0.62577,0.3052369,
1,26,75.015,0.3951235,0.04136479,-0.7768617,0.3198905,-0.6425827,0.62577,0.3052369,
1,26,75.017,0.3951235,0.04136479,-0.7768617,0.3198905,-0.6425827,0.62577,0.3052369,
1,26,75.019,0.395141,0.04140165,-0.7768686,0.3199214,-0.642542,0.6257728,0.3052846,
1,26,75.021,0.395141,0.04140165,-0.7768686,0.3199214,-0.642542,0.6257728,0.3052846,
1,26,75.023,0.395141,0.04140165,-0.7768686,0.3199214,-0.642542,0.6257728,0.3052846,
1,26,75.025,0.395141,0.04140165,-0.7768686,0.3199214,-0.642542,0.6257728,0.3052846,
1,26,75.027,0.3951478,0.04140596,-0.776887,0.3199517,-0.642532,0.6257614,0.3052972,
1,26,75.029,0.3951478,0.04140596,-0.776887,0.3199517,-0.642532,0.6257614,0.3052972,
1,26,75.031,0.3951478,0.04140596,-0.776887,0.3199517,-0.642532,0.6257614,0.3052972,
1,26,75.033,0.3951478,0.04140596,-0.776887,0.3199517,-0.642532,0.6257614,0.3052972,
1,26,75.035,0.3951335,0.04138627,-0.7768453,0.3199139,-0.6425746,0.6257746,0.3052199,
1,26,75.037,0.3951335,0.04138627,-0.7768453,0.3199139,-0.6425746,0.6257746,0.3052199,
1,26,75.039,0.3951335,0.04138627,-0.7768453,0.3199139,-0.6425746,0.6257746,0.3052199,
1,26,75.041,0.3951335,0.04138627,-0.7768453,0.3199139,-0.6425746,0.6257746,0.3052199,
1,26,75.043,0.3951371,0.04143726,-0.7768214,0.3199354,-0.6425576,0.6258104,0.3051596,
1,26,75.045,0.3951371,0.04143726,-0.7768214,0.3199354,-0.6425576,0.6258104,0.3051596,
1,26,75.047,0.3951371,0.04143726,-0.7768214,0.3199354,-0.6425576,0.6258104,0.3051596,
1,26,75.049,0.3951371,0.04143726,-0.7768214,0.3199354,-0.6425576,0.6258104,0.3051596,
1,26,75.051,0.395108,0.04144795,-0.7768074,0.3199452,-0.6425498,0.6257907,0.3052065,
1,26,75.053,0.395108,0.04144795,-0.7768074,0.3199452,-0.6425498,0.6257907,0.3052065,
1,26,75.055,0.395108,0.04144795,-0.7768074,0.3199452,-0.6425498,0.6257907,0.3052065,
1,26,75.057,0.395108,0.04144795,-0.7768074,0.3199452,-0.6425498,0.6257907,0.3052065,
1,26,75.059,0.3951478,0.04143568,-0.7768315,0.3199324,-0.6425348,0.6257867,0.3052596,
1,26,75.061,0.3951478,0.04143568,-0.7768315,0.3199324,-0.6425348,0.6257867,0.3052596,
1,26,75.063,0.3951478,0.04143568,-0.7768315,0.3199324,-0.6425348,0.6257867,0.3052596,
1,26,75.065,0.3951478,0.04143568,-0.7768315,0.3199324,-0.6425348,0.6257867,0.3052596,
1,26,75.067,0.3951478,0.04143568,-0.7768315,0.3199324,-0.6425348,0.6257867,0.3052596,
1,26,75.069,0.3951394,0.0413876,-0.7768457,0.3198956,-0.6425654,0.6257792,0.3052489,
1,26,75.071,0.3951394,0.0413876,-0.7768457,0.3198956,-0.6425654,0.6257792,0.3052489,
1,26,75.073,0.3951394,0.0413876,-0.7768457,0.3198956,-0.6425654,0.6257792,0.3052489,
1,26,75.075,0.3951394,0.0413876,-0.7768457,0.3198956,-0.6425654,0.6257792,0.3052489,
1,26,75.077,0.3950986,0.04140562,-0.7768412,0.3199,-0.6425457,0.6257896,0.3052644,
1,26,75.079,0.3950986,0.04140562,-0.7768412,0.3199,-0.6425457,0.6257896,0.3052644,
1,26,75.081,0.3950986,0.04140562,-0.7768412,0.3199,-0.6425457,0.6257896,0.3052644,
1,26,75.083,0.3950986,0.04140562,-0.7768412,0.3199,-0.6425457,0.6257896,0.3052644,
1,26,75.085,0.3951414,0.04140016,-0.7768159,0.3199006,-0.6425653,0.6257979,0.3052056,
1,26,75.087,0.3951414,0.04140016,-0.7768159,0.3199006,-0.6425653,0.6257979,0.3052056,
1,26,75.089,0.3951414,0.04140016,-0.7768159,0.3199006,-0.6425653,0.6257979,0.3052056,
1,26,75.091,0.3951414,0.04140016,-0.7768159,0.3199006,-0.6425653,0.6257979,0.3052056,
1,26,75.093,0.3951424,0.04141166,-0.7768276,0.3199147,-0.6425747,0.6257905,0.3051862,
1,26,75.095,0.3951424,0.04141166,-0.7768276,0.3199147,-0.6425747,0.6257905,0.3051862,
1,26,75.097,0.3951424,0.04141166,-0.7768276,0.3199147,-0.6425747,0.6257905,0.3051862,
1,26,75.099,0.3951424,0.04141166,-0.7768276,0.3199147,-0.6425747,0.6257905,0.3051862,
1,26,75.101,0.3951322,0.04140365,-0.7768408,0.3199147,-0.6425807,0.625789,0.3051767,
1,26,75.103,0.3951322,0.04140365,-0.7768408,0.3199147,-0.6425807,0.625789,0.3051767,
1,26,75.105,0.3951322,0.04140365,-0.7768408,0.3199147,-0.6425807,0.625789,0.3051767,
1,26,75.107,0.3951322,0.04140365,-0.7768408,0.3199147,-0.6425807,0.625789,0.3051767,
1,26,75.109,0.3951045,0.04139537,-0.7767883,0.319903,-0.6426148,0.6257785,0.3051388,
1,26,75.111,0.3951045,0.04139537,-0.7767883,0.319903,-0.6426148,0.6257785,0.3051388,
1,26,75.113,0.3951045,0.04139537,-0.7767883,0.319903,-0.6426148,0.6257785,0.3051388,
1,26,75.115,0.3951045,0.04139537,-0.7767883,0.319903,-0.6426148,0.6257785,0.3051388,
1,26,75.117,0.3951045,0.04139537,-0.7767883,0.319903,-0.6426148,0.6257785,0.3051388,
1,26,75.119,0.3950999,0.04134631,-0.7768262,0.3199362,-0.6426065,0.6257317,0.3052172,
1,26,75.121,0.3950999,0.04134631,-0.7768262,0.3199362,-0.6426065,0.6257317,0.3052172,
1,26,75.123,0.3950999,0.04134631,-0.7768262,0.3199362,-0.6426065,0.6257317,0.3052172,
1,26,75.125,0.3950999,0.04134631,-0.7768262,0.3199362,-0.6426065,0.6257317,0.3052172,
1,26,75.127,0.3950916,0.04135011,-0.7768347,0.319966,-0.6425821,0.6257125,0.305277,
1,26,75.129,0.3950916,0.04135011,-0.7768347,0.319966,-0.6425821,0.6257125,0.305277,
1,26,75.131,0.3950916,0.04135011,-0.7768347,0.319966,-0.6425821,0.6257125,0.305277,
1,26,75.133,0.3950916,0.04135011,-0.7768347,0.319966,-0.6425821,0.6257125,0.305277,
1,26,75.135,0.3951144,0.04138841,-0.7768246,0.3199536,-0.6425665,0.6257491,0.3052476,
1,26,75.137,0.3951144,0.04138841,-0.7768246,0.3199536,-0.6425665,0.6257491,0.3052476,
1,26,75.139,0.3951144,0.04138841,-0.7768246,0.3199536,-0.6425665,0.6257491,0.3052476,
1,26,75.141,0.3951144,0.04138841,-0.7768246,0.3199536,-0.6425665,0.6257491,0.3052476,
1,26,75.143,0.3951226,0.04136024,-0.7768235,0.3199575,-0.6425959,0.62573,0.3052209,
1,26,75.145,0.3951226,0.04136024,-0.7768235,0.3199575,-0.6425959,0.62573,0.3052209,
1,26,75.147,0.3951226,0.04136024,-0.7768235,0.3199575,-0.6425959,0.62573,0.3052209,
1,26,75.149,0.3951226,0.04136024,-0.7768235,0.3199575,-0.6425959,0.62573,0.3052209,
1,26,75.151,0.3951367,0.04141158,-0.7768099,0.3199436,-0.6425905,0.6257727,0.3051592,
1,26,75.153,0.3951367,0.04141158,-0.7768099,0.3199436,-0.6425905,0.6257727,0.3051592,
1,26,75.155,0.3951367,0.04141158,-0.7768099,0.3199436,-0.6425905,0.6257727,0.3051592,
1,26,75.157,0.3951367,0.04141158,-0.7768099,0.3199436,-0.6425905,0.6257727,0.3051592,
1,26,75.159,0.3951467,0.04146961,-0.776807,0.3199734,-0.6425388,0.6258156,0.3051486,
1,26,75.161,0.3951467,0.04146961,-0.776807,0.3199734,-0.6425388,0.6258156,0.3051486,
1,26,75.163,0.3951467,0.04146961,-0.776807,0.3199734,-0.6425388,0.6258156,0.3051486,
1,26,75.165,0.3951467,0.04146961,-0.776807,0.3199734,-0.6425388,0.6258156,0.3051486,
1,26,75.167,0.3951467,0.04146961,-0.776807,0.3199734,-0.6425388,0.6258156,0.3051486,
1,26,75.169,0.3951562,0.04140932,-0.7768593,0.3199667,-0.6425698,0.6257691,0.3051859,
1,26,75.171,0.3951562,0.04140932,-0.7768593,0.3199667,-0.6425698,0.6257691,0.3051859,
1,26,75.173,0.3951562,0.04140932,-0.7768593,0.3199667,-0.6425698,0.6257691,0.3051859,
1,26,75.175,0.3951562,0.04140932,-0.7768593,0.3199667,-0.6425698,0.6257691,0.3051859,
1,26,75.177,0.3951561,0.04139949,-0.7768434,0.3199732,-0.6425834,0.6257597,0.3051697,
1,26,75.179,0.3951561,0.04139949,-0.7768434,0.3199732,-0.6425834,0.6257597,0.3051697,
1,26,75.181,0.3951561,0.04139949,-0.7768434,0.3199732,-0.6425834,0.6257597,0.3051697,
1,26,75.183,0.3951561,0.04139949,-0.7768434,0.3199732,-0.6425834,0.6257597,0.3051697,
1,26,75.185,0.3951038,0.04144128,-0.776733,0.3199497,-0.6426196,0.6257924,0.305051,
1,26,75.187,0.3951038,0.04144128,-0.776733,0.3199497,-0.6426196,0.6257924,0.305051,
1,26,75.189,0.3951038,0.04144128,-0.776733,0.3199497,-0.6426196,0.6257924,0.305051,
1,26,75.191,0.3951038,0.04144128,-0.776733,0.3199497,-0.6426196,0.6257924,0.305051,
1,26,75.193,0.3950798,0.04138304,-0.7767728,0.3199502,-0.6426201,0.6257489,0.3051387,
1,26,75.195,0.3950798,0.04138304,-0.7767728,0.3199502,-0.6426201,0.6257489,0.3051387,
1,26,75.197,0.3950798,0.04138304,-0.7767728,0.3199502,-0.6426201,0.6257489,0.3051387,
1,26,75.199,0.3950798,0.04138304,-0.7767728,0.3199502,-0.6426201,0.6257489,0.3051387,
1,26,75.201,0.3951028,0.04136655,-0.7767987,0.319949,-0.6426228,0.6257378,0.3051572,
1,26,75.203,0.3951028,0.04136655,-0.7767987,0.319949,-0.6426228,0.6257378,0.3051572,
1,26,75.205,0.3951028,0.04136655,-0.7767987,0.319949,-0.6426228,0.6257378,0.3051572,
1,26,75.207,0.3951028,0.04136655,-0.7767987,0.319949,-0.6426228,0.6257378,0.3051572,
1,26,75.209,0.3951191,0.04133377,-0.7768469,0.3199845,-0.6425982,0.62571,0.305229,
1,26,75.211,0.3951191,0.04133377,-0.7768469,0.3199845,-0.6425982,0.62571,0.305229,
1,26,75.213,0.3951191,0.04133377,-0.7768469,0.3199845,-0.6425982,0.62571,0.305229,
1,26,75.215,0.3951191,0.04133377,-0.7768469,0.3199845,-0.6425982,0.62571,0.305229,
1,26,75.217,0.3951191,0.04133377,-0.7768469,0.3199845,-0.6425982,0.62571,0.305229,
1,26,75.219,0.3951735,0.04127779,-0.7768674,0.3200152,-0.642679,0.6256443,0.3051611,
1,26,75.221,0.3951735,0.04127779,-0.7768674,0.3200152,-0.642679,0.6256443,0.3051611,
1,26,75.223,0.3951735,0.04127779,-0.7768674,0.3200152,-0.642679,0.6256443,0.3051611,
1,26,75.225,0.3951735,0.04127779,-0.7768674,0.3200152,-0.642679,0.6256443,0.3051611,
1,26,75.227,0.3951465,0.04132599,-0.7768412,0.3199876,-0.6426748,0.6256853,0.3051149,
1,26,75.229,0.3951465,0.04132599,-0.7768412,0.3199876,-0.6426748,0.6256853,0.3051149,
1,26,75.231,0.3951465,0.04132599,-0.7768412,0.3199876,-0.6426748,0.6256853,0.3051149,
1,26,75.233,0.3951465,0.04132599,-0.7768412,0.3199876,-0.6426748,0.6256853,0.3051149,
1,26,75.235,0.3951258,0.0414359,-0.7767836,0.3199629,-0.6425812,0.6258,0.3051024,
1,26,75.237,0.3951258,0.0414359,-0.7767836,0.3199629,-0.6425812,0.6258,0.3051024,
1,26,75.239,0.3951258,0.0414359,-0.7767836,0.3199629,-0.6425812,0.6258,0.3051024,
1,26,75.241,0.3951258,0.0414359,-0.7767836,0.3199629,-0.6425812,0.6258,0.3051024,
1,26,75.243,0.3951502,0.04141598,-0.7768179,0.3200282,-0.6426011,0.6257497,0.3050953,
1,26,75.245,0.3951502,0.04141598,-0.7768179,0.3200282,-0.6426011,0.6257497,0.3050953,
1,26,75.247,0.3951502,0.04141598,-0.7768179,0.3200282,-0.6426011,0.6257497,0.3050953,
1,26,75.249,0.3951502,0.04141598,-0.7768179,0.3200282,-0.6426011,0.6257497,0.3050953,
1,26,75.251,0.3951534,0.04143637,-0.7768317,0.320025,-0.642588,0.6257624,0.3051001,
1,26,75.253,0.3951534,0.04143637,-0.7768317,0.320025,-0.642588,0.6257624,0.3051001,
1,26,75.255,0.3951534,0.04143637,-0.7768317,0.320025,-0.642588,0.6257624,0.3051001,
1,26,75.257,0.3951534,0.04143637,-0.7768317,0.320025,-0.642588,0.6257624,0.3051001,
1,26,75.259,0.3951389,0.04135891,-0.7768561,0.320004,-0.6426027,0.6257159,0.3051865,
1,26,75.261,0.3951389,0.04135891,-0.7768561,0.320004,-0.6426027,0.6257159,0.3051865,
1,26,75.263,0.3951389,0.04135891,-0.7768561,0.320004,-0.6426027,0.6257159,0.3051865,
1,26,75.265,0.3951389,0.04135891,-0.7768561,0.320004,-0.6426027,0.6257159,0.3051865,
1,26,75.267,0.3951389,0.04135891,-0.7768561,0.320004,-0.6426027,0.6257159,0.3051865,
1,26,75.269,0.395144,0.04137819,-0.7768647,0.3200315,-0.6425887,0.6257174,0.3051842,
1,26,75.271,0.395144,0.04137819,-0.7768647,0.3200315,-0.6425887,0.6257174,0.3051842,
1,26,75.273,0.395144,0.04137819,-0.7768647,0.3200315,-0.6425887,0.6257174,0.3051842,
1,26,75.275,0.395144,0.04137819,-0.7768647,0.3200315,-0.6425887,0.6257174,0.3051842,
1,26,75.277,0.3951699,0.04136747,-0.7768764,0.3200404,-0.6425989,0.625719,0.3051501,
1,26,75.279,0.3951699,0.04136747,-0.7768764,0.3200404,-0.6425989,0.625719,0.3051501,
1,26,75.281,0.3951699,0.04136747,-0.7768764,0.3200404,-0.6425989,0.625719,0.3051501,
1,26,75.283,0.3951699,0.04136747,-0.7768764,0.3200404,-0.6425989,0.625719,0.3051501,
1,26,75.285,0.3951142,0.04137848,-0.7768034,0.3199641,-0.6426328,0.6257532,0.3050885,
1,26,75.287,0.3951142,0.04137848,-0.7768034,0.3199641,-0.6426328,0.6257532,0.3050885,
1,26,75.289,0.3951142,0.04137848,-0.7768034,0.3199641,-0.6426328,0.6257532,0.3050885,
1,26,75.291,0.3951142,0.04137848,-0.7768034,0.3199641,-0.6426328,0.6257532,0.3050885,
1,26,75.293,0.3950506,0.04141752,-0.7767954,0.3199066,-0.6425793,0.6258,0.3051656,
1,26,75.295,0.3950506,0.04141752,-0.7767954,0.3199066,-0.6425793,0.6258,0.3051656,
1,26,75.297,0.3950506,0.04141752,-0.7767954,0.3199066,-0.6425793,0.6258,0.3051656,
1,26,75.299,0.3950506,0.04141752,-0.7767954,0.3199066,-0.6425793,0.6258,0.3051656,
1,26,75.301,0.3950205,0.04143754,-0.7767538,0.3198394,-0.6425747,0.6258401,0.3051636,
1,26,75.303,0.3950205,0.04143754,-0.7767538,0.3198394,-0.6425747,0.6258401,0.3051636,
1,26,75.305,0.3950205,0.04143754,-0.7767538,0.3198394,-0.6425747,0.6258401,0.3051636,
1,26,75.307,0.3950205,0.04143754,-0.7767538,0.3198394,-0.6425747,0.6258401,0.3051636,
1,26,75.309,0.3950247,0.04147116,-0.7767311,0.3197739,-0.6425467,0.6258941,0.3051804,
1,26,75.311,0.3950247,0.04147116,-0.7767311,0.3197739,-0.6425467,0.6258941,0.3051804,
1,26,75.313,0.3950247,0.04147116,-0.7767311,0.3197739,-0.6425467,0.6258941,0.3051804,
1,26,75.315,0.3950247,0.04147116,-0.7767311,0.3197739,-0.6425467,0.6258941,0.3051804,
1,26,75.317,0.3950247,0.04147116,-0.7767311,0.3197739,-0.6425467,0.6258941,0.3051804,
1,26,75.319,0.3950181,0.04146643,-0.7767371,0.3197529,-0.642543,0.6259111,0.3051755,
1,26,75.321,0.3950181,0.04146643,-0.7767371,0.3197529,-0.642543,0.6259111,0.3051755,
1,26,75.323,0.3950181,0.04146643,-0.7767371,0.3197529,-0.642543,0.6259111,0.3051755,
1,26,75.325,0.3950181,0.04146643,-0.7767371,0.3197529,-0.642543,0.6259111,0.3051755,
1,26,75.327,0.3950028,0.04149491,-0.7767185,0.3197538,-0.6425237,0.6259391,0.3051574,
1,26,75.329,0.3950028,0.04149491,-0.7767185,0.3197538,-0.6425237,0.6259391,0.3051574,
1,26,75.331,0.3950028,0.04149491,-0.7767185,0.3197538,-0.6425237,0.6259391,0.3051574,
1,26,75.333,0.3950028,0.04149491,-0.7767185,0.3197538,-0.6425237,0.6259391,0.3051574,
1,26,75.335,0.3950397,0.0414431,-0.776777,0.3197831,-0.6425503,0.6258818,0.3051885,
1,26,75.337,0.3950397,0.0414431,-0.776777,0.3197831,-0.6425503,0.6258818,0.3051885,
1,26,75.339,0.3950397,0.0414431,-0.776777,0.3197831,-0.6425503,0.6258818,0.3051885,
1,26,75.341,0.3950397,0.0414431,-0.776777,0.3197831,-0.6425503,0.6258818,0.3051885,
1,26,75.343,0.3950431,0.04149163,-0.7767735,0.3197755,-0.6425204,0.6259122,0.3051968,
1,26,75.345,0.3950431,0.04149163,-0.7767735,0.3197755,-0.6425204,0.6259122,0.3051968,
1,26,75.347,0.3950431,0.04149163,-0.7767735,0.3197755,-0.6425204,0.6259122,0.3051968,
1,26,75.349,0.3950431,0.04149163,-0.7767735,0.3197755,-0.6425204,0.6259122,0.3051968,
1,26,75.351,0.3950345,0.04150106,-0.7767619,0.3198063,-0.6425072,0.6258992,0.3052193,
1,26,75.353,0.3950345,0.04150106,-0.7767619,0.3198063,-0.6425072,0.6258992,0.3052193,
1,26,75.355,0.3950345,0.04150106,-0.7767619,0.3198063,-0.6425072,0.6258992,0.3052193,
1,26,75.357,0.3950345,0.04150106,-0.7767619,0.3198063,-0.6425072,0.6258992,0.3052193,
1,26,75.359,0.3950626,0.04148047,-0.776757,0.3198024,-0.6425475,0.62589,0.305157,
1,26,75.361,0.3950626,0.04148047,-0.776757,0.3198024,-0.6425475,0.62589,0.305157,
1,26,75.363,0.3950626,0.04148047,-0.776757,0.3198024,-0.6425475,0.62589,0.305157,
1,26,75.365,0.3950626,0.04148047,-0.776757,0.3198024,-0.6425475,0.62589,0.305157,
1,26,75.367,0.3950626,0.04148047,-0.776757,0.3198024,-0.6425475,0.62589,0.305157,
1,26,75.369,0.3950611,0.04151281,-0.7767467,0.3197786,-0.6425347,0.6259256,0.3051362,
1,26,75.371,0.3950611,0.04151281,-0.7767467,0.3197786,-0.6425347,0.6259256,0.3051362,
1,26,75.373,0.3950611,0.04151281,-0.7767467,0.3197786,-0.6425347,0.6259256,0.3051362,
1,26,75.375,0.3950611,0.04151281,-0.7767467,0.3197786,-0.6425347,0.6259256,0.3051362,
1,26,75.377,0.3950281,0.04148695,-0.7767732,0.3198136,-0.6425058,0.6259018,0.3052092,
1,26,75.379,0.3950281,0.04148695,-0.7767732,0.3198136,-0.6425058,0.6259018,0.3052092,
1,26,75.381,0.3950281,0.04148695,-0.7767732,0.3198136,-0.6425058,0.6259018,0.3052092,
1,26,75.383,0.3950281,0.04148695,-0.7767732,0.3198136,-0.6425058,0.6259018,0.3052092,
1,26,75.385,0.3950422,0.04144733,-0.7767726,0.3198044,-0.6425344,0.6258764,0.3052106,
1,26,75.387,0.3950422,0.04144733,-0.7767726,0.3198044,-0.6425344,0.6258764,0.3052106,
1,26,75.389,0.3950422,0.04144733,-0.7767726,0.3198044,-0.6425344,0.6258764,0.3052106,
1,26,75.391,0.3950422,0.04144733,-0.7767726,0.3198044,-0.6425344,0.6258764,0.3052106,
1,26,75.393,0.3950573,0.04144476,-0.7767701,0.319791,-0.6425402,0.6258856,0.3051937,
1,26,75.395,0.3950573,0.04144476,-0.7767701,0.319791,-0.6425402,0.6258856,0.3051937,
1,26,75.397,0.3950573,0.04144476,-0.7767701,0.319791,-0.6425402,0.6258856,0.3051937,
1,26,75.399,0.3950573,0.04144476,-0.7767701,0.319791,-0.6425402,0.6258856,0.3051937,
1,26,75.401,0.3950359,0.04146923,-0.7767353,0.3198091,-0.6425577,0.6258885,0.3051319,
1,26,75.403,0.3950359,0.04146923,-0.7767353,0.3198091,-0.6425577,0.6258885,0.3051319,
1,26,75.405,0.3950359,0.04146923,-0.7767353,0.3198091,-0.6425577,0.6258885,0.3051319,
1,26,75.407,0.3950359,0.04146923,-0.7767353,0.3198091,-0.6425577,0.6258885,0.3051319,
1,26,75.409,0.3950182,0.04149194,-0.7767321,0.319818,-0.6425346,0.62589,0.305168,
1,26,75.411,0.3950182,0.04149194,-0.7767321,0.319818,-0.6425346,0.62589,0.305168,
1,26,75.413,0.3950182,0.04149194,-0.7767321,0.319818,-0.6425346,0.62589,0.305168,
1,26,75.415,0.3950182,0.04149194,-0.7767321,0.319818,-0.6425346,0.62589,0.305168,
1,26,75.417,0.3950182,0.04149194,-0.7767321,0.319818,-0.6425346,0.62589,0.305168,
1,26,75.419,0.395056,0.04147819,-0.7767551,0.3198318,-0.6425352,0.6258757,0.3051816,
1,26,75.421,0.395056,0.04147819,-0.7767551,0.3198318,-0.6425352,0.6258757,0.3051816,
1,26,75.423,0.395056,0.04147819,-0.7767551,0.3198318,-0.6425352,0.6258757,0.3051816,
1,26,75.425,0.395056,0.04147819,-0.7767551,0.3198318,-0.6425352,0.6258757,0.3051816,
1,26,75.427,0.3950704,0.0414691,-0.776788,0.3198619,-0.6425457,0.6258472,0.3051864,
1,26,75.429,0.3950704,0.0414691,-0.776788,0.3198619,-0.6425457,0.6258472,0.3051864,
1,26,75.431,0.3950704,0.0414691,-0.776788,0.3198619,-0.6425457,0.6258472,0.3051864,
1,26,75.433,0.3950704,0.0414691,-0.776788,0.3198619,-0.6425457,0.6258472,0.3051864,
1,26,75.435,0.395027,0.04148101,-0.7767264,0.3198273,-0.642587,0.6258712,0.3050864,
1,26,75.437,0.395027,0.04148101,-0.7767264,0.3198273,-0.642587,0.6258712,0.3050864,
1,26,75.439,0.395027,0.04148101,-0.7767264,0.3198273,-0.642587,0.6258712,0.3050864,
1,26,75.441,0.395027,0.04148101,-0.7767264,0.3198273,-0.642587,0.6258712,0.3050864,
1,26,75.443,0.3950064,0.04150839,-0.7766774,0.3198188,-0.6425995,0.6258929,0.3050246,
1,26,75.445,0.3950064,0.04150839,-0.7766774,0.3198188,-0.6425995,0.6258929,0.3050246,
1,26,75.447,0.3950064,0.04150839,-0.7766774,0.3198188,-0.6425995,0.6258929,0.3050246,
1,26,75.449,0.3950064,0.04150839,-0.7766774,0.3198188,-0.6425995,0.6258929,0.3050246,
1,26,75.451,0.3949836,0.04151811,-0.776691,0.3198329,-0.6425583,0.6258922,0.3050981,
1,26,75.453,0.3949836,0.04151811,-0.776691,0.3198329,-0.6425583,0.6258922,0.3050981,
1,26,75.455,0.3949836,0.04151811,-0.776691,0.3198329,-0.6425583,0.6258922,0.3050981,
1,26,75.457,0.3949836,0.04151811,-0.776691,0.3198329,-0.6425583,0.6258922,0.3050981,
1,26,75.459,0.3950567,0.04146907,-0.7767763,0.319873,-0.6425747,0.6258424,0.3051236,
1,26,75.461,0.3950567,0.04146907,-0.7767763,0.319873,-0.6425747,0.6258424,0.3051236,
1,26,75.463,0.3950567,0.04146907,-0.7767763,0.319873,-0.6425747,0.6258424,0.3051236,
1,26,75.465,0.3950567,0.04146907,-0.7767763,0.319873,-0.6425747,0.6258424,0.3051236,
1,26,75.467,0.3950567,0.04146907,-0.7767763,0.319873,-0.6425747,0.6258424,0.3051236,
1,26,75.469,0.395042,0.04145909,-0.7767324,0.3198179,-0.6426051,0.6258576,0.3050862,
1,26,75.471,0.395042,0.04145909,-0.7767324,0.3198179,-0.6426051,0.6258576,0.3050862,
1,26,75.473,0.395042,0.04145909,-0.7767324,0.3198179,-0.6426051,0.6258576,0.3050862,
1,26,75.475,0.395042,0.04145909,-0.7767324,0.3198179,-0.6426051,0.6258576,0.3050862,
1,26,75.477,0.3950237,0.04146752,-0.7767082,0.3198197,-0.6426136,0.6258602,0.3050609,
1,26,75.479,0.3950237,0.04146752,-0.7767082,0.3198197,-0.6426136,0.6258602,0.3050609,
1,26,75.481,0.3950237,0.04146752,-0.7767082,0.3198197,-0.6426136,0.6258602,0.3050609,
1,26,75.483,0.3950237,0.04146752,-0.7767082,0.3198197,-0.6426136,0.6258602,0.3050609,
1,26,75.485,0.3950216,0.04144744,-0.7767626,0.3198102,-0.642576,0.6258479,0.3051752,
1,26,75.487,0.3950216,0.04144744,-0.7767626,0.3198102,-0.642576,0.6258479,0.3051752,
1,26,75.489,0.3950216,0.04144744,-0.7767626,0.3198102,-0.642576,0.6258479,0.3051752,
1,26,75.491,0.3950216,0.04144744,-0.7767626,0.3198102,-0.642576,0.6258479,0.3051752,
1,26,75.493,0.3949941,0.04148961,-0.7767217,0.319789,-0.6425467,0.6258962,0.3051603,
1,26,75.495,0.3949941,0.04148961,-0.7767217,0.319789,-0.6425467,0.6258962,0.3051603,
1,26,75.497,0.3949941,0.04148961,-0.7767217,0.319789,-0.6425467,0.6258962,0.3051603,
1,26,75.499,0.3949941,0.04148961,-0.7767217,0.319789,-0.6425467,0.6258962,0.3051603,
1,26,75.501,0.3949889,0.04146042,-0.7767099,0.3198221,-0.6425859,0.6258494,0.3051386,
1,26,75.503,0.3949889,0.04146042,-0.7767099,0.3198221,-0.6425859,0.6258494,0.3051386,
1,26,75.505,0.3949889,0.04146042,-0.7767099,0.3198221,-0.6425859,0.6258494,0.3051386,
1,26,75.507,0.3949889,0.04146042,-0.7767099,0.3198221,-0.6425859,0.6258494,0.3051386,
1,26,75.509,0.3950399,0.04143036,-0.77679,0.3198175,-0.6425487,0.62585,0.305221,
1,26,75.511,0.3950399,0.04143036,-0.77679,0.3198175,-0.6425487,0.62585,0.305221,
1,26,75.513,0.3950399,0.04143036,-0.77679,0.3198175,-0.6425487,0.62585,0.305221,
1,26,75.515,0.3950399,0.04143036,-0.77679,0.3198175,-0.6425487,0.62585,0.305221,
1,26,75.517,0.3950399,0.04143036,-0.77679,0.3198175,-0.6425487,0.62585,0.305221,
1,26,75.519,0.3950346,0.04147267,-0.7767825,0.3198076,-0.6425146,0.6258794,0.3052428,
1,26,75.521,0.3950346,0.04147267,-0.7767825,0.3198076,-0.6425146,0.6258794,0.3052428,
1,26,75.523,0.3950346,0.04147267,-0.7767825,0.3198076,-0.6425146,0.6258794,0.3052428,
1,26,75.525,0.3950346,0.04147267,-0.7767825,0.3198076,-0.6425146,0.6258794,0.3052428,
1,26,75.527,0.3950455,0.04145822,-0.7768038,0.3198124,-0.6425242,0.625869,0.3052387,
1,26,75.529,0.3950455,0.04145822,-0.7768038,0.3198124,-0.6425242,0.625869,0.3052387,
1,26,75.531,0.3950455,0.04145822,-0.7768038,0.3198124,-0.6425242,0.625869,0.3052387,
1,26,75.533,0.3950455,0.04145822,-0.7768038,0.3198124,-0.6425242,0.625869,0.3052387,
1,26,75.535,0.3950199,0.04146053,-0.7767562,0.3198114,-0.6425573,0.6258605,0.3051879,
1,26,75.537,0.3950199,0.04146053,-0.7767562,0.3198114,-0.6425573,0.6258605,0.3051879,
1,26,75.539,0.3950199,0.04146053,-0.7767562,0.3198114,-0.6425573,0.6258605,0.3051879,
1,26,75.541,0.3950199,0.04146053,-0.7767562,0.3198114,-0.6425573,0.6258605,0.3051879,
1,26,75.543,0.3949835,0.04149804,-0.776724,0.3197691,-0.6425279,0.6258938,0.3052255,
1,26,75.545,0.3949835,0.04149804,-0.776724,0.3197691,-0.6425279,0.6258938,0.3052255,
1,26,75.547,0.3949835,0.04149804,-0.776724,0.3197691,-0.6425279,0.6258938,0.3052255,
1,26,75.549,0.3949835,0.04149804,-0.776724,0.3197691,-0.6425279,0.6258938,0.3052255,
1,26,75.551,0.395028,0.04148469,-0.7767403,0.3197864,-0.6425515,0.625879,0.3051877,
1,26,75.553,0.395028,0.04148469,-0.7767403,0.3197864,-0.6425515,0.625879,0.3051877,
1,26,75.555,0.395028,0.04148469,-0.7767403,0.3197864,-0.6425515,0.625879,0.3051877,
1,26,75.557,0.395028,0.04148469,-0.7767403,0.3197864,-0.6425515,0.625879,0.3051877,
1,26,75.559,0.3950407,0.04143303,-0.7767373,0.3197785,-0.6425841,0.6258718,0.3051424,
1,26,75.561,0.3950407,0.04143303,-0.7767373,0.3197785,-0.6425841,0.6258718,0.3051424,
1,26,75.563,0.3950407,0.04143303,-0.7767373,0.3197785,-0.6425841,0.6258718,0.3051424,
1,26,75.565,0.3950407,0.04143303,-0.7767373,0.3197785,-0.6425841,0.6258718,0.3051424,
1,26,75.567,0.3950407,0.04143303,-0.7767373,0.3197785,-0.6425841,0.6258718,0.3051424,
1,26,75.569,0.3950311,0.04154715,-0.7767159,0.3197902,-0.6425271,0.6259453,0.3050996,
1,26,75.571,0.3950311,0.04154715,-0.7767159,0.3197902,-0.6425271,0.6259453,0.3050996,
1,26,75.573,0.3950311,0.04154715,-0.7767159,0.3197902,-0.6425271,0.6259453,0.3050996,
1,26,75.575,0.3950311,0.04154715,-0.7767159,0.3197902,-0.6425271,0.6259453,0.3050996,
1,26,75.577,0.3950025,0.04157032,-0.7766871,0.3197725,-0.6425163,0.6259731,0.3050839,
1,26,75.579,0.3950025,0.04157032,-0.7766871,0.3197725,-0.6425163,0.6259731,0.3050839,
1,26,75.581,0.3950025,0.04157032,-0.7766871,0.3197725,-0.6425163,0.6259731,0.3050839,
1,26,75.583,0.3950025,0.04157032,-0.7766871,0.3197725,-0.6425163,0.6259731,0.3050839,
1,26,75.585,0.3949901,0.04154177,-0.7767168,0.3197816,-0.6425137,0.6259364,0.3051551,
1,26,75.587,0.3949901,0.04154177,-0.7767168,0.3197816,-0.6425137,0.6259364,0.3051551,
1,26,75.589,0.3949901,0.04154177,-0.7767168,0.3197816,-0.6425137,0.6259364,0.3051551,
1,26,75.591,0.3949901,0.04154177,-0.7767168,0.3197816,-0.6425137,0.6259364,0.3051551,
1,26,75.593,0.3950305,0.04149408,-0.7767262,0.3198049,-0.6425667,0.6258888,0.3051166,
1,26,75.595,0.3950305,0.04149408,-0.7767262,0.3198049,-0.6425667,0.6258888,0.3051166,
1,26,75.597,0.3950305,0.04149408,-0.7767262,0.3198049,-0.6425667,0.6258888,0.3051166,
1,26,75.599,0.3950305,0.04149408,-0.7767262,0.3198049,-0.6425667,0.6258888,0.3051166,
1,26,75.601,0.3950509,0.04153388,-0.7767301,0.3198399,-0.6425306,0.6259,0.3051329,
1,26,75.603,0.3950509,0.04153388,-0.7767301,0.3198399,-0.6425306,0.6259,0.3051329,
1,26,75.605,0.3950509,0.04153388,-0.7767301,0.3198399,-0.6425306,0.6259,0.3051329,
1,26,75.607,0.3950509,0.04153388,-0.7767301,0.3198399,-0.6425306,0.6259,0.3051329,
1,26,75.609,0.3950214,0.0415357,-0.7767178,0.3198365,-0.6425309,0.6259072,0.305121,
1,26,75.611,0.3950214,0.0415357,-0.7767178,0.3198365,-0.6425309,0.6259072,0.305121,
1,26,75.613,0.3950214,0.0415357,-0.7767178,0.3198365,-0.6425309,0.6259072,0.305121,
1,26,75.615,0.3950214,0.0415357,-0.7767178,0.3198365,-0.6425309,0.6259072,0.305121,
1,26,75.617,0.3950214,0.0415357,-0.7767178,0.3198365,-0.6425309,0.6259072,0.305121,
1,26,75.619,0.3949788,0.04150041,-0.7767152,0.3197928,-0.6425354,0.6259007,0.3051708,
1,26,75.621,0.3949788,0.04150041,-0.7767152,0.3197928,-0.6425354,0.6259007,0.3051708,
1,26,75.623,0.3949788,0.04150041,-0.7767152,0.3197928,-0.6425354,0.6259007,0.3051708,
1,26,75.625,0.3949788,0.04150041,-0.7767152,0.3197928,-0.6425354,0.6259007,0.3051708,
1,26,75.627,0.3950068,0.04140137,-0.7767923,0.3198529,-0.6425674,0.6258068,0.3052329,
1,26,75.629,0.3950068,0.04140137,-0.7767923,0.3198529,-0.6425674,0.6258068,0.3052329,
1,26,75.631,0.3950068,0.04140137,-0.7767923,0.3198529,-0.6425674,0.6258068,0.3052329,
1,26,75.633,0.3950068,0.04140137,-0.7767923,0.3198529,-0.6425674,0.6258068,0.3052329,
1,26,75.635,0.395044,0.04139568,-0.7768383,0.3198704,-0.6425487,0.6257982,0.3052714,
1,26,75.637,0.395044,0.04139568,-0.7768383,0.3198704,-0.6425487,0.6257982,0.3052714,
1,26,75.639,0.395044,0.04139568,-0.7768383,0.3198704,-0.6425487,0.6257982,0.3052714,
1,26,75.641,0.395044,0.04139568,-0.7768383,0.3198704,-0.6425487,0.6257982,0.3052714,
1,26,75.643,0.3950135,0.0414649,-0.7767777,0.3198543,-0.6425298,0.6258401,0.3052423,
1,26,75.645,0.3950135,0.0414649,-0.7767777,0.3198543,-0.6425298,0.6258401,0.3052423,
1,26,75.647,0.3950135,0.0414649,-0.7767777,0.3198543,-0.6425298,0.6258401,0.3052423,
1,26,75.649,0.3950135,0.0414649,-0.7767777,0.3198543,-0.6425298,0.6258401,0.3052423,
1,26,75.651,0.3950652,0.04143227,-0.7768076,0.3198451,-0.642545,0.625822,0.3052571,
1,26,75.653,0.3950652,0.04143227,-0.7768076,0.3198451,-0.642545,0.625822,0.3052571,
1,26,75.655,0.3950652,0.04143227,-0.7768076,0.3198451,-0.642545,0.625822,0.3052571,
1,26,75.657,0.3950652,0.04143227,-0.7768076,0.3198451,-0.642545,0.625822,0.3052571,
1,26,75.659,0.3951132,0.04144076,-0.7768188,0.3198392,-0.6425458,0.6258448,0.3052147,
1,26,75.661,0.3951132,0.04144076,-0.7768188,0.3198392,-0.6425458,0.6258448,0.3052147,
1,26,75.663,0.3951132,0.04144076,-0.7768188,0.3198392,-0.6425458,0.6258448,0.3052147,
1,26,75.665,0.3951132,0.04144076,-0.7768188,0.3198392,-0.6425458,0.6258448,0.3052147,
1,26,75.667,0.3951132,0.04144076,-0.7768188,0.3198392,-0.6425458,0.6258448,0.3052147,
1,26,75.669,0.395067,0.04148705,-0.7767668,0.319851,-0.6425492,0.6258896,0.3051036,
1,26,75.671,0.395067,0.04148705,-0.7767668,0.319851,-0.6425492,0.6258896,0.3051036,
1,26,75.673,0.395067,0.04148705,-0.7767668,0.319851,-0.6425492,0.6258896,0.3051036,
1,26,75.675,0.395067,0.04148705,-0.7767668,0.319851,-0.6425492,0.6258896,0.3051036,
1,26,75.677,0.3950361,0.04152761,-0.7767051,0.3198255,-0.6425478,0.6259243,0.3050617,
1,26,75.679,0.3950361,0.04152761,-0.7767051,0.3198255,-0.6425478,0.6259243,0.3050617,
1,26,75.681,0.3950361,0.04152761,-0.7767051,0.3198255,-0.6425478,0.6259243,0.3050617,
1,26,75.683,0.3950361,0.04152761,-0.7767051,0.3198255,-0.6425478,0.6259243,0.3050617,
1,26,75.685,0.3950515,0.04146381,-0.7767034,0.3198656,-0.6425852,0.6258636,0.3050656,
1,26,75.687,0.3950515,0.04146381,-0.7767034,0.3198656,-0.6425852,0.6258636,0.3050656,
1,26,75.689,0.3950515,0.04146381,-0.7767034,0.3198656,-0.6425852,0.6258636,0.3050656,
1,26,75.691,0.3950515,0.04146381,-0.7767034,0.3198656,-0.6425852,0.6258636,0.3050656,
1,26,75.693,0.395116,0.04135727,-0.7768449,0.3199841,-0.642592,0.6257387,0.3051832,
1,26,75.695,0.395116,0.04135727,-0.7768449,0.3199841,-0.642592,0.6257387,0.3051832,
1,26,75.697,0.395116,0.04135727,-0.7768449,0.3199841,-0.642592,0.6257387,0.3051832,
1,26,75.699,0.395116,0.04135727,-0.7768449,0.3199841,-0.642592,0.6257387,0.3051832,
1,26,75.701,0.3951516,0.04137176,-0.776849,0.3200081,-0.6425902,0.6257399,0.3051594,
1,26,75.703,0.3951516,0.04137176,-0.776849,0.3200081,-0.6425902,0.6257399,0.3051594,
1,26,75.705,0.3951516,0.04137176,-0.776849,0.3200081,-0.6425902,0.6257399,0.3051594,
1,26,75.707,0.3951516,0.04137176,-0.776849,0.3200081,-0.6425902,0.6257399,0.3051594,
1,26,75.709,0.3951368,0.04137537,-0.7768197,0.3200141,-0.6425878,0.6257285,0.3051816,
1,26,75.711,0.3951368,0.04137537,-0.7768197,0.3200141,-0.6425878,0.6257285,0.3051816,
1,26,75.713,0.3951368,0.04137537,-0.7768197,0.3200141,-0.6425878,0.6257285,0.3051816,
1,26,75.715,0.3951368,0.04137537,-0.7768197,0.3200141,-0.6425878,0.6257285,0.3051816,
1,26,75.717,0.3951368,0.04137537,-0.7768197,0.3200141,-0.6425878,0.6257285,0.3051816,
1,26,75.719,0.395151,0.04138117,-0.7768787,0.3200341,-0.6425397,0.6257274,0.3052637,
1,26,75.721,0.395151,0.04138117,-0.7768787,0.3200341,-0.6425397,0.6257274,0.3052637,
1,26,75.723,0.395151,0.04138117,-0.7768787,0.3200341,-0.6425397,0.6257274,0.3052637,
1,26,75.725,0.395151,0.04138117,-0.7768787,0.3200341,-0.6425397,0.6257274,0.3052637,
1,26,75.727,0.3951614,0.04143958,-0.7768614,0.3200496,-0.6425182,0.6257516,0.3052434,
1,26,75.729,0.3951614,0.04143958,-0.7768614,0.3200496,-0.6425182,0.6257516,0.3052434,
1,26,75.731,0.3951614,0.04143958,-0.7768614,0.3200496,-0.6425182,0.6257516,0.3052434,
1,26,75.733,0.3951614,0.04143958,-0.7768614,0.3200496,-0.6425182,0.6257516,0.3052434,
1,26,75.735,0.3951802,0.04139628,-0.776861,0.3200401,-0.6425909,0.6257371,0.3051301,
1,26,75.737,0.3951802,0.04139628,-0.776861,0.3200401,-0.6425909,0.6257371,0.3051301,
1,26,75.739,0.3951802,0.04139628,-0.776861,0.3200401,-0.6425909,0.6257371,0.3051301,
1,26,75.741,0.3951802,0.04139628,-0.776861,0.3200401,-0.6425909,0.6257371,0.3051301,
1,26,75.743,0.3951637,0.04144689,-0.7768506,0.3200568,-0.6425607,0.6257778,0.3050928,
1,26,75.745,0.3951637,0.04144689,-0.7768506,0.3200568,-0.6425607,0.6257778,0.3050928,
1,26,75.747,0.3951637,0.04144689,-0.7768506,0.3200568,-0.6425607,0.6257778,0.3050928,
1,26,75.749,0.3951637,0.04144689,-0.7768506,0.3200568,-0.6425607,0.6257778,0.3050928,
1,26,75.751,0.3951263,0.04144135,-0.7768263,0.3200418,-0.6425658,0.6257834,0.3050863,
1,26,75.753,0.3951263,0.04144135,-0.7768263,0.3200418,-0.6425658,0.6257834,0.3050863,
1,26,75.755,0.3951263,0.04144135,-0.7768263,0.3200418,-0.6425658,0.6257834,0.3050863,
1,26,75.757,0.3951263,0.04144135,-0.7768263,0.3200418,-0.6425658,0.6257834,0.3050863,
1,26,75.759,0.3950731,0.04137217,-0.776763,0.3199603,-0.6426235,0.625747,0.3051248,
1,26,75.761,0.3950731,0.04137217,-0.776763,0.3199603,-0.6426235,0.625747,0.3051248,
1,26,75.763,0.3950731,0.04137217,-0.776763,0.3199603,-0.6426235,0.625747,0.3051248,
1,26,75.765,0.3950731,0.04137217,-0.776763,0.3199603,-0.6426235,0.625747,0.3051248,
1,26,75.767,0.3950731,0.04137217,-0.776763,0.3199603,-0.6426235,0.625747,0.3051248,
1,26,75.769,0.3950723,0.04135991,-0.7767509,0.3199519,-0.6426413,0.6257474,0.3050953,
1,26,75.771,0.3950723,0.04135991,-0.7767509,0.3199519,-0.6426413,0.6257474,0.3050953,
1,26,75.773,0.3950723,0.04135991,-0.7767509,0.3199519,-0.6426413,0.6257474,0.3050953,
1,26,75.775,0.3950723,0.04135991,-0.7767509,0.3199519,-0.6426413,0.6257474,0.3050953,
1,26,75.777,0.3950772,0.0413673,-0.7767618,0.3199992,-0.6426432,0.6257205,0.305097,
1,26,75.779,0.3950772,0.0413673,-0.7767618,0.3199992,-0.6426432,0.6257205,0.305097,
1,26,75.781,0.3950772,0.0413673,-0.7767618,0.3199992,-0.6426432,0.6257205,0.305097,
1,26,75.783,0.3950772,0.0413673,-0.7767618,0.3199992,-0.6426432,0.6257205,0.305097,
1,26,75.785,0.3951534,0.04132389,-0.7768461,0.3200188,-0.6426616,0.625688,0.3051044,
1,26,75.787,0.3951534,0.04132389,-0.7768461,0.3200188,-0.6426616,0.625688,0.3051044,
1,26,75.789,0.3951534,0.04132389,-0.7768461,0.3200188,-0.6426616,0.625688,0.3051044,
1,26,75.791,0.3951534,0.04132389,-0.7768461,0.3200188,-0.6426616,0.625688,0.3051044,
1,26,75.793,0.3951339,0.04137907,-0.7768139,0.3200082,-0.6426331,0.6257334,0.3050821,
1,26,75.795,0.3951339,0.04137907,-0.7768139,0.3200082,-0.6426331,0.6257334,0.3050821,
1,26,75.797,0.3951339,0.04137907,-0.7768139,0.3200082,-0.6426331,0.6257334,0.3050821,
1,26,75.799,0.3951339,0.04137907,-0.7768139,0.3200082,-0.6426331,0.6257334,0.3050821,
1,26,75.801,0.395137,0.04136736,-0.7767925,0.3200029,-0.6426451,0.625733,0.3050635,
1,26,75.803,0.395137,0.04136736,-0.7767925,0.3200029,-0.6426451,0.625733,0.3050635,
1,26,75.805,0.395137,0.04136736,-0.7767925,0.3200029,-0.6426451,0.625733,0.3050635,
1,26,75.807,0.395137,0.04136736,-0.7767925,0.3200029,-0.6426451,0.625733,0.3050635,
1,26,75.809,0.3950953,0.04141846,-0.7767966,0.3200054,-0.6425527,0.6257567,0.3052066,
1,26,75.811,0.3950953,0.04141846,-0.7767966,0.3200054,-0.6425527,0.6257567,0.3052066,
1,26,75.813,0.3950953,0.04141846,-0.7767966,0.3200054,-0.6425527,0.6257567,0.3052066,
1,26,75.815,0.3950953,0.04141846,-0.7767966,0.3200054,-0.6425527,0.6257567,0.3052066,
1,26,75.817,0.3950953,0.04141846,-0.7767966,0.3200054,-0.6425527,0.6257567,0.3052066,
1,26,75.819,0.3950885,0.04131708,-0.7768471,0.3199846,-0.6426014,0.6256901,0.3052627,
1,26,75.821,0.3950885,0.04131708,-0.7768471,0.3199846,-0.6426014,0.6256901,0.3052627,
1,26,75.823,0.3950885,0.04131708,-0.7768471,0.3199846,-0.6426014,0.6256901,0.3052627,
1,26,75.825,0.3950885,0.04131708,-0.7768471,0.3199846,-0.6426014,0.6256901,0.3052627,
1,26,75.827,0.3951576,0.04146507,-0.776827,0.3199908,-0.6425537,0.6257926,0.3051466,
1,26,75.829,0.3951576,0.04146507,-0.776827,0.3199908,-0.6425537,0.6257926,0.3051466,
1,26,75.831,0.3951576,0.04146507,-0.776827,0.3199908,-0.6425537,0.6257926,0.3051466,
1,26,75.833,0.3951576,0.04146507,-0.776827,0.3199908,-0.6425537,0.6257926,0.3051466,
1,26,75.835,0.3951293,0.04139966,-0.7768241,0.3199805,-0.6425942,0.6257671,0.3051241,
1,26,75.837,0.3951293,0.04139966,-0.7768241,0.3199805,-0.6425942,0.6257671,0.3051241,
1,26,75.839,0.3951293,0.04139966,-0.7768241,0.3199805,-0.6425942,0.6257671,0.3051241,
1,26,75.841,0.3951293,0.04139966,-0.7768241,0.3199805,-0.6425942,0.6257671,0.3051241,
1,26,75.843,0.3951134,0.04144929,-0.776794,0.3199774,-0.6425807,0.6257939,0.3051008,
1,26,75.845,0.3951134,0.04144929,-0.776794,0.3199774,-0.6425807,0.6257939,0.3051008,
1,26,75.847,0.3951134,0.04144929,-0.776794,0.3199774,-0.6425807,0.6257939,0.3051008,
1,26,75.849,0.3951134,0.04144929,-0.776794,0.3199774,-0.6425807,0.6257939,0.3051008,
1,26,75.851,0.3951005,0.04138722,-0.7768193,0.3199617,-0.6426001,0.6257662,0.3051332,
1,26,75.853,0.3951005,0.04138722,-0.7768193,0.3199617,-0.6426001,0.6257662,0.3051332,
1,26,75.855,0.3951005,0.04138722,-0.7768193,0.3199617,-0.6426001,0.6257662,0.3051332,
1,26,75.857,0.3951005,0.04138722,-0.7768193,0.3199617,-0.6426001,0.6257662,0.3051332,
1,26,75.859,0.39507,0.04141095,-0.7767981,0.3199671,-0.6425885,0.6257662,0.305152,
1,26,75.861,0.39507,0.04141095,-0.7767981,0.3199671,-0.6425885,0.6257662,0.305152,
1,26,75.863,0.39507,0.04141095,-0.7767981,0.3199671,-0.6425885,0.6257662,0.305152,
1,26,75.865,0.39507,0.04141095,-0.7767981,0.3199671,-0.6425885,0.6257662,0.305152,
1,26,75.867,0.39507,0.04141095,-0.7767981,0.3199671,-0.6425885,0.6257662,0.305152,
1,26,75.869,0.395102,0.04134764,-0.7768262,0.3199846,-0.6426249,0.6257257,0.3051404,
1,26,75.871,0.395102,0.04134764,-0.7768262,0.3199846,-0.6426249,0.6257257,0.3051404,
1,26,75.873,0.395102,0.04134764,-0.7768262,0.3199846,-0.6426249,0.6257257,0.3051404,
1,26,75.875,0.395102,0.04134764,-0.7768262,0.3199846,-0.6426249,0.6257257,0.3051404,
1,26,75.877,0.3951067,0.0413298,-0.7768235,0.3199728,-0.6426288,0.625727,0.3051414,
1,26,75.879,0.3951067,0.0413298,-0.7768235,0.3199728,-0.6426288,0.625727,0.3051414,
1,26,75.881,0.3951067,0.0413298,-0.7768235,0.3199728,-0.6426288,0.625727,0.3051414,
1,26,75.883,0.3951067,0.0413298,-0.7768235,0.3199728,-0.6426288,0.625727,0.3051414,
1,26,75.885,0.3951242,0.04138579,-0.7768352,0.3199955,-0.6425782,0.6257473,0.3051825,
1,26,75.887,0.3951242,0.04138579,-0.7768352,0.3199955,-0.6425782,0.6257473,0.3051825,
1,26,75.889,0.3951242,0.04138579,-0.7768352,0.3199955,-0.6425782,0.6257473,0.3051825,
1,26,75.891,0.3951242,0.04138579,-0.7768352,0.3199955,-0.6425782,0.6257473,0.3051825,
1,26,75.893,0.3951263,0.04140064,-0.7768587,0.3199959,-0.6425513,0.6257478,0.3052379,
1,26,75.895,0.3951263,0.04140064,-0.7768587,0.3199959,-0.6425513,0.6257478,0.3052379,
1,26,75.897,0.3951263,0.04140064,-0.7768587,0.3199959,-0.6425513,0.6257478,0.3052379,
1,26,75.899,0.3951263,0.04140064,-0.7768587,0.3199959,-0.6425513,0.6257478,0.3052379,
1,26,75.901,0.3951313,0.04136955,-0.7768428,0.320017,-0.6425859,0.6257091,0.3052225,
1,26,75.903,0.3951313,0.04136955,-0.7768428,0.320017,-0.6425859,0.6257091,0.3052225,
1,26,75.905,0.3951313,0.04136955,-0.7768428,0.320017,-0.6425859,0.6257091,0.3052225,
1,26,75.907,0.3951313,0.04136955,-0.7768428,0.320017,-0.6425859,0.6257091,0.3052225,
1,26,75.909,0.3951838,0.04137228,-0.7768855,0.3199995,-0.6425806,0.6257333,0.3052022,
1,26,75.911,0.3951838,0.04137228,-0.7768855,0.3199995,-0.6425806,0.6257333,0.3052022,
1,26,75.913,0.3951838,0.04137228,-0.7768855,0.3199995,-0.6425806,0.6257333,0.3052022,
1,26,75.915,0.3951838,0.04137228,-0.7768855,0.3199995,-0.6425806,0.6257333,0.3052022,
1,26,75.917,0.3951838,0.04137228,-0.7768855,0.3199995,-0.6425806,0.6257333,0.3052022,
1,26,75.919,0.395126,0.04137873,-0.7768508,0.3199763,-0.642565,0.6257463,0.305233,
1,26,75.921,0.395126,0.04137873,-0.7768508,0.3199763,-0.642565,0.6257463,0.305233,
1,26,75.923,0.395126,0.04137873,-0.7768508,0.3199763,-0.642565,0.6257463,0.305233,
1,26,75.925,0.395126,0.04137873,-0.7768508,0.3199763,-0.642565,0.6257463,0.305233,
1,26,75.927,0.3951362,0.04145321,-0.7768099,0.3200001,-0.6425771,0.6257786,0.3051164,
1,26,75.929,0.3951362,0.04145321,-0.7768099,0.3200001,-0.6425771,0.6257786,0.3051164,
1,26,75.931,0.3951362,0.04145321,-0.7768099,0.3200001,-0.6425771,0.6257786,0.3051164,
1,26,75.933,0.3951362,0.04145321,-0.7768099,0.3200001,-0.6425771,0.6257786,0.3051164,
1,26,75.935,0.3951032,0.04144293,-0.7768095,0.3199792,-0.642542,0.625779,0.305211,
1,26,75.937,0.3951032,0.04144293,-0.7768095,0.3199792,-0.642542,0.625779,0.305211,
1,26,75.939,0.3951032,0.04144293,-0.7768095,0.3199792,-0.642542,0.625779,0.305211,
1,26,75.941,0.3951032,0.04144293,-0.7768095,0.3199792,-0.642542,0.625779,0.305211,
1,26,75.943,0.3950927,0.04136536,-0.7768282,0.3199414,-0.6425755,0.6257566,0.3052261,
1,26,75.945,0.3950927,0.04136536,-0.7768282,0.3199414,-0.6425755,0.6257566,0.3052261,
1,26,75.947,0.3950927,0.04136536,-0.7768282,0.3199414,-0.6425755,0.6257566,0.3052261,
1,26,75.949,0.3950927,0.04136536,-0.7768282,0.3199414,-0.6425755,0.6257566,0.3052261,
1,26,75.951,0.3951429,0.04144685,-0.7768612,0.3199884,-0.6425123,0.6257868,0.305248,
1,26,75.953,0.3951429,0.04144685,-0.7768612,0.3199884,-0.6425123,0.6257868,0.305248,
1,26,75.955,0.3951429,0.04144685,-0.7768612,0.3199884,-0.6425123,0.6257868,0.305248,
1,26,75.957,0.3951429,0.04144685,-0.7768612,0.3199884,-0.6425123,0.6257868,0.305248,
1,26,75.959,0.3951214,0.04133475,-0.7769176,0.3200112,-0.6425669,0.6256939,0.3052997,
1,26,75.961,0.3951214,0.04133475,-0.7769176,0.3200112,-0.6425669,0.6256939,0.3052997,
1,26,75.963,0.3951214,0.04133475,-0.7769176,0.3200112,-0.6425669,0.6256939,0.3052997,
1,26,75.965,0.3951214,0.04133475,-0.7769176,0.3200112,-0.6425669,0.6256939,0.3052997,
1,26,75.967,0.3951214,0.04133475,-0.7769176,0.3200112,-0.6425669,0.6256939,0.3052997,
1,26,75.969,0.3951517,0.04143231,-0.7768773,0.3200494,-0.6425149,0.6257353,0.3052842,
1,26,75.971,0.3951517,0.04143231,-0.7768773,0.3200494,-0.6425149,0.6257353,0.3052842,
1,26,75.973,0.3951517,0.04143231,-0.7768773,0.3200494,-0.6425149,0.6257353,0.3052842,
1,26,75.975,0.3951517,0.04143231,-0.7768773,0.3200494,-0.6425149,0.6257353,0.3052842,
1,26,75.977,0.3951316,0.0414065,-0.77688,0.3200169,-0.6425609,0.6257455,0.3052005,
1,26,75.979,0.3951316,0.0414065,-0.77688,0.3200169,-0.6425609,0.6257455,0.3052005,
1,26,75.981,0.3951316,0.0414065,-0.77688,0.3200169,-0.6425609,0.6257455,0.3052005,
1,26,75.983,0.3951316,0.0414065,-0.77688,0.3200169,-0.6425609,0.6257455,0.3052005,
1,26,75.985,0.3951797,0.04131507,-0.7769358,0.3200097,-0.6426106,0.6256859,0.3052256,
1,26,75.987,0.3951797,0.04131507,-0.7769358,0.3200097,-0.6426106,0.6256859,0.3052256,
1,26,75.989,0.3951797,0.04131507,-0.7769358,0.3200097,-0.6426106,0.6256859,0.3052256,
1,26,75.991,0.3951797,0.04131507,-0.7769358,0.3200097,-0.6426106,0.6256859,0.3052256,
1,26,75.993,0.3950984,0.04141118,-0.7768277,0.3199933,-0.6425763,0.6257568,0.3051696,
1,26,75.995,0.3950984,0.04141118,-0.7768277,0.3199933,-0.6425763,0.6257568,0.3051696,
1,26,75.997,0.3950984,0.04141118,-0.7768277,0.3199933,-0.6425763,0.6257568,0.3051696,
1,26,75.999,0.3950984,0.04141118,-0.7768277,0.3199933,-0.6425763,0.6257568,0.3051696,
1,26,76.001,0.3951386,0.0414717,-0.77683,0.320007,-0.6425435,0.6257908,0.3051547,
1,26,76.003,0.3951386,0.0414717,-0.77683,0.320007,-0.6425435,0.6257908,0.3051547,
1,26,76.005,0.3951386,0.0414717,-0.77683,0.320007,-0.6425435,0.6257908,0.3051547,
1,26,76.007,0.3951386,0.0414717,-0.77683,0.320007,-0.6425435,0.6257908,0.3051547,
1,26,76.009,0.3951194,0.04148357,-0.7767719,0.3200078,-0.6425748,0.6257839,0.3051021,
1,26,76.011,0.3951194,0.04148357,-0.7767719,0.3200078,-0.6425748,0.6257839,0.3051021,
1,26,76.013,0.3951194,0.04148357,-0.7767719,0.3200078,-0.6425748,0.6257839,0.3051021,
1,26,76.015,0.3951194,0.04148357,-0.7767719,0.3200078,-0.6425748,0.6257839,0.3051021,
1,26,76.017,0.3951194,0.04148357,-0.7767719,0.3200078,-0.6425748,0.6257839,0.3051021,
1,26,76.019,0.3950919,0.0414165,-0.7768451,0.3200138,-0.64256,0.6257482,0.3052,
1,26,76.021,0.3950919,0.0414165,-0.7768451,0.3200138,-0.64256,0.6257482,0.3052,
1,26,76.023,0.3950919,0.0414165,-0.7768451,0.3200138,-0.64256,0.6257482,0.3052,
1,26,76.025,0.3950919,0.0414165,-0.7768451,0.3200138,-0.64256,0.6257482,0.3052,
1,26,76.027,0.3951388,0.04147496,-0.7768199,0.3200256,-0.6425835,0.6257762,0.3050808,
1,26,76.029,0.3951388,0.04147496,-0.7768199,0.3200256,-0.6425835,0.6257762,0.3050808,
1,26,76.031,0.3951388,0.04147496,-0.7768199,0.3200256,-0.6425835,0.6257762,0.3050808,
1,26,76.033,0.3951388,0.04147496,-0.7768199,0.3200256,-0.6425835,0.6257762,0.3050808,
1,26,76.035,0.3950846,0.04142576,-0.7768038,0.3199756,-0.642579,0.6257673,0.3051609,
1,26,76.037,0.3950846,0.04142576,-0.7768038,0.3199756,-0.642579,0.6257673,0.3051609,
1,26,76.039,0.3950846,0.04142576,-0.7768038,0.3199756,-0.642579,0.6257673,0.3051609,
1,26,76.041,0.3950846,0.04142576,-0.7768038,0.3199756,-0.642579,0.6257673,0.3051609,
1,26,76.043,0.3951324,0.04147314,-0.7768537,0.3200161,-0.6425463,0.6257958,0.3051288,
1,26,76.045,0.3951324,0.04147314,-0.7768537,0.3200161,-0.6425463,0.6257958,0.3051288,
1,26,76.047,0.3951324,0.04147314,-0.7768537,0.3200161,-0.6425463,0.6257958,0.3051288,
1,26,76.049,0.3951324,0.04147314,-0.7768537,0.3200161,-0.6425463,0.6257958,0.3051288,
1,26,76.051,0.3950857,0.04141673,-0.7768251,0.3199652,-0.6425595,0.6257761,0.3051947,
1,26,76.053,0.3950857,0.04141673,-0.7768251,0.3199652,-0.6425595,0.6257761,0.3051947,
1,26,76.055,0.3950857,0.04141673,-0.7768251,0.3199652,-0.6425595,0.6257761,0.3051947,
1,26,76.057,0.3950857,0.04141673,-0.7768251,0.3199652,-0.6425595,0.6257761,0.3051947,
1,26,76.059,0.3951116,0.04149058,-0.7767723,0.3199563,-0.6425484,0.6258358,0.3051049,
1,26,76.061,0.3951116,0.04149058,-0.7767723,0.3199563,-0.6425484,0.6258358,0.3051049,
1,26,76.063,0.3951116,0.04149058,-0.7767723,0.3199563,-0.6425484,0.6258358,0.3051049,
1,26,76.065,0.3951116,0.04149058,-0.7767723,0.3199563,-0.6425484,0.6258358,0.3051049,
1,26,76.067,0.3951116,0.04149058,-0.7767723,0.3199563,-0.6425484,0.6258358,0.3051049,
1,26,76.069,0.3950733,0.0414825,-0.7767016,0.3199467,-0.6426033,0.6258298,0.3050118,
1,26,76.071,0.3950733,0.0414825,-0.7767016,0.3199467,-0.6426033,0.6258298,0.3050118,
1,26,76.073,0.3950733,0.0414825,-0.7767016,0.3199467,-0.6426033,0.6258298,0.3050118,
1,26,76.075,0.3950733,0.0414825,-0.7767016,0.3199467,-0.6426033,0.6258298,0.3050118,
1,26,76.077,0.3950346,0.0414788,-0.7767329,0.3199321,-0.6425723,0.6258223,0.3051079,
1,26,76.079,0.3950346,0.0414788,-0.7767329,0.3199321,-0.6425723,0.6258223,0.3051079,
1,26,76.081,0.3950346,0.0414788,-0.7767329,0.3199321,-0.6425723,0.6258223,0.3051079,
1,26,76.083,0.3950346,0.0414788,-0.7767329,0.3199321,-0.6425723,0.6258223,0.3051079,
1,26,76.085,0.3950752,0.04147887,-0.7767762,0.3199475,-0.6425481,0.6258285,0.3051299,
1,26,76.087,0.3950752,0.04147887,-0.7767762,0.3199475,-0.6425481,0.6258285,0.3051299,
1,26,76.089,0.3950752,0.04147887,-0.7767762,0.3199475,-0.6425481,0.6258285,0.3051299,
1,26,76.091,0.3950752,0.04147887,-0.7767762,0.3199475,-0.6425481,0.6258285,0.3051299,
1,26,76.093,0.3950838,0.04150004,-0.7767726,0.319943,-0.6425101,0.6258498,0.3051709,
1,26,76.095,0.3950838,0.04150004,-0.7767726,0.319943,-0.6425101,0.6258498,0.3051709,
1,26,76.097,0.3950838,0.04150004,-0.7767726,0.319943,-0.6425101,0.6258498,0.3051709,
1,26,76.099,0.3950838,0.04150004,-0.7767726,0.319943,-0.6425101,0.6258498,0.3051709,
1,26,76.101,0.3950708,0.04144925,-0.7767521,0.3199379,-0.6425802,0.6258013,0.3051282,
1,26,76.103,0.3950708,0.04144925,-0.7767521,0.3199379,-0.6425802,0.6258013,0.3051282,
1,26,76.105,0.3950708,0.04144925,-0.7767521,0.3199379,-0.6425802,0.6258013,0.3051282,
1,26,76.107,0.3950708,0.04144925,-0.7767521,0.3199379,-0.6425802,0.6258013,0.3051282,
1,26,76.109,0.3950803,0.04148845,-0.77674,0.3199615,-0.642579,0.6258303,0.3050466,
1,26,76.111,0.3950803,0.04148845,-0.77674,0.3199615,-0.642579,0.6258303,0.3050466,
1,26,76.113,0.3950803,0.04148845,-0.77674,0.3199615,-0.642579,0.6258303,0.3050466,
1,26,76.115,0.3950803,0.04148845,-0.77674,0.3199615,-0.642579,0.6258303,0.3050466,
1,26,76.117,0.3950803,0.04148845,-0.77674,0.3199615,-0.642579,0.6258303,0.3050466,
1,26,76.119,0.3951472,0.04153917,-0.7767853,0.3199947,-0.6425295,0.6258468,0.3050821,
1,26,76.121,0.3951472,0.04153917,-0.7767853,0.3199947,-0.6425295,0.6258468,0.3050821,
1,26,76.123,0.3951472,0.04153917,-0.7767853,0.3199947,-0.6425295,0.6258468,0.3050821,
1,26,76.125,0.3951472,0.04153917,-0.7767853,0.3199947,-0.6425295,0.6258468,0.3050821,
1,26,76.127,0.3951333,0.04148664,-0.776807,0.3199669,-0.6425495,0.6258218,0.3051203,
1,26,76.129,0.3951333,0.04148664,-0.776807,0.3199669,-0.6425495,0.6258218,0.3051203,
1,26,76.131,0.3951333,0.04148664,-0.776807,0.3199669,-0.6425495,0.6258218,0.3051203,
1,26,76.133,0.3951333,0.04148664,-0.776807,0.3199669,-0.6425495,0.6258218,0.3051203,
1,26,76.135,0.3950886,0.04145128,-0.776803,0.3199322,-0.6425498,0.6258199,0.30516,
1,26,76.137,0.3950886,0.04145128,-0.776803,0.3199322,-0.6425498,0.6258199,0.30516,
1,26,76.139,0.3950886,0.04145128,-0.776803,0.3199322,-0.6425498,0.6258199,0.30516,
1,26,76.141,0.3950886,0.04145128,-0.776803,0.3199322,-0.6425498,0.6258199,0.30516,
1,26,76.143,0.3950604,0.04145883,-0.7767098,0.3199074,-0.6426073,0.6258255,0.3050534,
1,26,76.145,0.3950604,0.04145883,-0.7767098,0.3199074,-0.6426073,0.6258255,0.3050534,
1,26,76.147,0.3950604,0.04145883,-0.7767098,0.3199074,-0.6426073,0.6258255,0.3050534,
1,26,76.149,0.3950604,0.04145883,-0.7767098,0.3199074,-0.6426073,0.6258255,0.3050534,
1,26,76.151,0.3950551,0.04149611,-0.7767484,0.3199296,-0.6425334,0.6258407,0.3051547,
1,26,76.153,0.3950551,0.04149611,-0.7767484,0.3199296,-0.6425334,0.6258407,0.3051547,
1,26,76.155,0.3950551,0.04149611,-0.7767484,0.3199296,-0.6425334,0.6258407,0.3051547,
1,26,76.157,0.3950551,0.04149611,-0.7767484,0.3199296,-0.6425334,0.6258407,0.3051547,
1,26,76.159,0.3950757,0.04145854,-0.7767927,0.3199587,-0.6425504,0.6258032,0.3051652,
1,26,76.161,0.3950757,0.04145854,-0.7767927,0.3199587,-0.6425504,0.6258032,0.3051652,
1,26,76.163,0.3950757,0.04145854,-0.7767927,0.3199587,-0.6425504,0.6258032,0.3051652,
1,26,76.165,0.3950757,0.04145854,-0.7767927,0.3199587,-0.6425504,0.6258032,0.3051652,
1,26,76.167,0.3950757,0.04145854,-0.7767927,0.3199587,-0.6425504,0.6258032,0.3051652,
1,26,76.169,0.3951029,0.04144111,-0.7767974,0.3199651,-0.6425912,0.6257859,0.305108,
1,26,76.171,0.3951029,0.04144111,-0.7767974,0.3199651,-0.6425912,0.6257859,0.305108,
1,26,76.173,0.3951029,0.04144111,-0.7767974,0.3199651,-0.6425912,0.6257859,0.305108,
1,26,76.175,0.3951029,0.04144111,-0.7767974,0.3199651,-0.6425912,0.6257859,0.305108,
1,26,76.177,0.39517,0.04134935,-0.776907,0.3200347,-0.6426103,0.6256891,0.3051935,
1,26,76.179,0.39517,0.04134935,-0.776907,0.3200347,-0.6426103,0.6256891,0.3051935,
1,26,76.181,0.39517,0.04134935,-0.776907,0.3200347,-0.6426103,0.6256891,0.3051935,CourtEnter
1,26,76.183,0.39517,0.04134935,-0.776907,0.3200347,-0.6426103,0.6256891,0.3051935,
1,26,76.185,0.3951116,0.0413748,-0.7768691,0.3200139,-0.6425681,0.6257111,0.305259,
1,26,76.187,0.3951116,0.0413748,-0.7768691,0.3200139,-0.6425681,0.6257111,0.305259,
1,26,76.189,0.3951116,0.0413748,-0.7768691,0.3200139,-0.6425681,0.6257111,0.305259,CourtExit
1,26,76.191,0.3951116,0.0413748,-0.7768691,0.3200139,-0.6425681,0.6257111,0.305259,
1,26,76.193,0.3951593,0.04130971,-0.7768938,0.3200123,-0.6426289,0.6256791,0.3051981,
1,26,76.195,0.3951593,0.04130971,-0.7768938,0.3200123,-0.6426289,0.6256791,0.3051981,
1,26,76.197,0.3951593,0.04130971,-0.7768938,0.3200123,-0.6426289,0.6256791,0.3051981,
1,26,76.199,0.3951593,0.04130971,-0.7768938,0.3200123,-0.6426289,0.6256791,0.3051981,
1,26,76.201,0.3951612,0.04140925,-0.7768734,0.3200233,-0.6425804,0.6257497,0.3051441,
1,26,76.203,0.3951612,0.04140925,-0.7768734,0.3200233,-0.6425804,0.6257497,0.3051441,
1,26,76.205,0.3951612,0.04140925,-0.7768734,0.3200233,-0.6425804,0.6257497,0.3051441,
1,26,76.207,0.3951612,0.04140925,-0.7768734,0.3200233,-0.6425804,0.6257497,0.3051441,
1,26,76.209,0.3951367,0.04137869,-0.7768278,0.3199903,-0.6426226,0.6257206,0.3051494,
1,26,76.211,0.3951367,0.04137869,-0.7768278,0.3199903,-0.6426226,0.6257206,0.3051494,
1,26,76.213,0.3951367,0.04137869,-0.7768278,0.3199903,-0.6426226,0.6257206,0.3051494,
1,26,76.215,0.3951367,0.04137869,-0.7768278,0.3199903,-0.6426226,0.6257206,0.3051494,
1,26,76.217,0.3951367,0.04137869,-0.7768278,0.3199903,-0.6426226,0.6257206,0.3051494,
1,26,76.219,0.3950946,0.04146055,-0.7767411,0.3199825,-0.6426013,0.6258037,0.305032,
1,26,76.221,0.3950946,0.04146055,-0.7767411,0.3199825,-0.6426013,0.6258037,0.305032,
1,26,76.223,0.3950946,0.04146055,-0.7767411,0.3199825,-0.6426013,0.6258037,0.305032,
1,26,76.225,0.3950946,0.04146055,-0.7767411,0.3199825,-0.6426013,0.6258037,0.305032,
1,26,76.227,0.3951003,0.04138737,-0.7767853,0.3199868,-0.6426516,0.6257488,0.3050342,
1,26,76.229,0.3951003,0.04138737,-0.7767853,0.3199868,-0.6426516,0.6257488,0.3050342,
1,26,76.231,0.3951003,0.04138737,-0.7767853,0.3199868,-0.6426516,0.6257488,0.3050342,
1,26,76.233,0.3951003,0.04138737,-0.7767853,0.3199868,-0.6426516,0.6257488,0.3050342,
1,26,76.235,0.3950687,0.04134196,-0.7768062,0.3199981,-0.6426424,0.6257099,0.3051214,
1,26,76.237,0.3950687,0.04134196,-0.7768062,0.3199981,-0.6426424,0.6257099,0.3051214,
1,26,76.239,0.3950687,0.04134196,-0.7768062,0.3199981,-0.6426424,0.6257099,0.3051214,
1,26,76.241,0.3950687,0.04134196,-0.7768062,0.3199981,-0.6426424,0.6257099,0.3051214,
1,26,76.243,0.3951308,0.04135612,-0.7768801,0.3200121,-0.6425972,0.6257,0.3052223,
1,26,76.245,0.3951308,0.04135612,-0.7768801,0.3200121,-0.6425972,0.6257,0.3052223,
1,26,76.247,0.3951308,0.04135612,-0.7768801,0.3200121,-0.6425972,0.6257,0.3052223,
1,26,76.249,0.3951308,0.04135612,-0.7768801,0.3200121,-0.6425972,0.6257,0.3052223,
1,26,76.251,0.3951369,0.04136602,-0.7768792,0.320008,-0.6425847,0.6257278,0.3051958,
1,26,76.253,0.3951369,0.04136602,-0.7768792,0.320008,-0.6425847,0.6257278,0.3051958,
1,26,76.255,0.3951369,0.04136602,-0.7768792,0.320008,-0.6425847,0.6257278,0.3051958,
1,26,76.257,0.3951369,0.04136602,-0.7768792,0.320008,-0.6425847,0.6257278,0.3051958,
1,26,76.259,0.3951576,0.04137439,-0.7768704,0.31999,-0.6426026,0.6257345,0.3051633,
1,26,76.261,0.3951576,0.04137439,-0.7768704,0.31999,-0.6426026,0.6257345,0.3051633,
1,26,76.263,0.3951576,0.04137439,-0.7768704,0.31999,-0.6426026,0.6257345,0.3051633,
1,26,76.265,0.3951576,0.04137439,-0.7768704,0.31999,-0.6426026,0.6257345,0.3051633,
1,26,76.267,0.3951576,0.04137439,-0.7768704,0.31999,-0.6426026,0.6257345,0.3051633,
1,26,76.269,0.3950862,0.04138933,-0.7767976,0.3198767,-0.6426308,0.6257868,0.3051156,
1,26,76.271,0.3950862,0.04138933,-0.7767976,0.3198767,-0.6426308,0.6257868,0.3051156,
1,26,76.273,0.3950862,0.04138933,-0.7767976,0.3198767,-0.6426308,0.6257868,0.3051156,
1,26,76.275,0.3950862,0.04138933,-0.7767976,0.3198767,-0.6426308,0.6257868,0.3051156,
1,26,76.277,0.3950714,0.04148327,-0.7767731,0.319855,-0.6425744,0.6258608,0.3051052,
1,26,76.279,0.3950714,0.04148327,-0.7767731,0.319855,-0.6425744,0.6258608,0.3051052,
1,26,76.281,0.3950714,0.04148327,-0.7767731,0.319855,-0.6425744,0.6258608,0.3051052,
1,26,76.283,0.3950714,0.04148327,-0.7767731,0.319855,-0.6425744,0.6258608,0.3051052,
1,26,76.285,0.3950444,0.04137793,-0.7768233,0.3198655,-0.6426051,0.6257799,0.3051955,
1,26,76.287,0.3950444,0.04137793,-0.7768233,0.3198655,-0.6426051,0.6257799,0.3051955,
1,26,76.289,0.3950444,0.04137793,-0.7768233,0.3198655,-0.6426051,0.6257799,0.3051955,
1,26,76.291,0.3950444,0.04137793,-0.7768233,0.3198655,-0.6426051,0.6257799,0.3051955,
1,26,76.293,0.3950409,0.0413829,-0.776843,0.3198476,-0.6425832,0.6257867,0.3052466,
1,26,76.295,0.3950409,0.0413829,-0.776843,0.3198476,-0.6425832,0.6257867,0.3052466,
1,26,76.297,0.3950409,0.0413829,-0.776843,0.3198476,-0.6425832,0.6257867,0.3052466,
1,26,76.299,0.3950409,0.0413829,-0.776843,0.3198476,-0.6425832,0.6257867,0.3052466,
1,26,76.301,0.3950502,0.04146226,-0.7767676,0.3198428,-0.6425983,0.6258398,0.3051107,
1,26,76.303,0.3950502,0.04146226,-0.7767676,0.3198428,-0.6425983,0.6258398,0.3051107,
1,26,76.305,0.3950502,0.04146226,-0.7767676,0.3198428,-0.6425983,0.6258398,0.3051107,
1,26,76.307,0.3950502,0.04146226,-0.7767676,0.3198428,-0.6425983,0.6258398,0.3051107,
1,26,76.309,0.3950049,0.04143938,-0.7767857,0.3198294,-0.6425781,0.6258154,0.3052175,
1,26,76.311,0.3950049,0.04143938,-0.7767857,0.3198294,-0.6425781,0.6258154,0.3052175,
1,26,76.313,0.3950049,0.04143938,-0.7767857,0.3198294,-0.6425781,0.6258154,0.3052175,
1,26,76.315,0.3950049,0.04143938,-0.7767857,0.3198294,-0.6425781,0.6258154,0.3052175,
1,26,76.317,0.3950049,0.04143938,-0.7767857,0.3198294,-0.6425781,0.6258154,0.3052175,
1,26,76.319,0.395017,0.04147427,-0.7767718,0.3198377,-0.6425363,0.6258597,0.3052059,
1,26,76.321,0.395017,0.04147427,-0.7767718,0.3198377,-0.6425363,0.6258597,0.3052059,
1,26,76.323,0.395017,0.04147427,-0.7767718,0.3198377,-0.6425363,0.6258597,0.3052059,
1,26,76.325,0.395017,0.04147427,-0.7767718,0.3198377,-0.6425363,0.6258597,0.3052059,
1,26,76.327,0.3950283,0.04146009,-0.7768251,0.3198785,-0.642526,0.6258196,0.305267,
1,26,76.329,0.3950283,0.04146009,-0.7768251,0.3198785,-0.642526,0.6258196,0.305267,
1,26,76.331,0.3950283,0.04146009,-0.7768251,0.3198785,-0.642526,0.6258196,0.305267,
1,26,76.333,0.3950283,0.04146009,-0.7768251,0.3198785,-0.642526,0.6258196,0.305267,
1,26,76.335,0.3951089,0.04144266,-0.7768803,0.3198845,-0.6425397,0.6258104,0.3052508,
1,26,76.337,0.3951089,0.04144266,-0.7768803,0.3198845,-0.6425397,0.6258104,0.3052508,
1,26,76.339,0.3951089,0.04144266,-0.7768803,0.3198845,-0.6425397,0.6258104,0.3052508,
1,26,76.341,0.3951089,0.04144266,-0.7768803,0.3198845,-0.6425397,0.6258104,0.3052508,
1,26,76.343,0.3950754,0.04149764,-0.7768151,0.3198612,-0.6425438,0.6258696,0.305145,
1,26,76.345,0.3950754,0.04149764,-0.7768151,0.3198612,-0.6425438,0.6258696,0.305145,
1,26,76.347,0.3950754,0.04149764,-0.7768151,0.3198612,-0.6425438,0.6258696,0.305145,
1,26,76.349,0.3950754,0.04149764,-0.7768151,0.3198612,-0.6425438,0.6258696,0.305145,
1,26,76.351,0.3950149,0.04150539,-0.7767917,0.3198854,-0.6425456,0.6258492,0.3051578,
1,26,76.353,0.3950149,0.04150539,-0.7767917,0.3198854,-0.6425456,0.6258492,0.3051578,
1,26,76.355,0.3950149,0.04150539,-0.7767917,0.3198854,-0.6425456,0.6258492,0.3051578,
1,26,76.357,0.3950149,0.04150539,-0.7767917,0.3198854,-0.6425456,0.6258492,0.3051578,
1,26,76.359,0.3950486,0.04145368,-0.7768168,0.3198328,-0.642557,0.6258507,0.3051858,
1,26,76.361,0.3950486,0.04145368,-0.7768168,0.3198328,-0.642557,0.6258507,0.3051858,
1,26,76.363,0.3950486,0.04145368,-0.7768168,0.3198328,-0.642557,0.6258507,0.3051858,
1,26,76.365,0.3950486,0.04145368,-0.7768168,0.3198328,-0.642557,0.6258507,0.3051858,
1,26,76.367,0.3950486,0.04145368,-0.7768168,0.3198328,-0.642557,0.6258507,0.3051858,
1,26,76.369,0.3949758,0.04149693,-0.7767283,0.3198253,-0.642557,0.6258752,0.3051435,
1,26,76.371,0.3949758,0.04149693,-0.7767283,0.3198253,-0.642557,0.6258752,0.3051435,
1,26,76.373,0.3949758,0.04149693,-0.7767283,0.3198253,-0.642557,0.6258752,0.3051435,
1,26,76.375,0.3949758,0.04149693,-0.7767283,0.3198253,-0.642557,0.6258752,0.3051435,
1,26,76.377,0.395033,0.04152467,-0.7767752,0.3198434,-0.6425205,0.6258732,0.3052055,
1,26,76.379,0.395033,0.04152467,-0.7767752,0.3198434,-0.6425205,0.6258732,0.3052055,
1,26,76.381,0.395033,0.04152467,-0.7767752,0.3198434,-0.6425205,0.6258732,0.3052055,
1,26,76.383,0.395033,0.04152467,-0.7767752,0.3198434,-0.6425205,0.6258732,0.3052055,
1,26,76.385,0.3950766,0.04141445,-0.7768232,0.3198604,-0.6425904,0.6258155,0.3051589,
1,26,76.387,0.3950766,0.04141445,-0.7768232,0.3198604,-0.6425904,0.6258155,0.3051589,
1,26,76.389,0.3950766,0.04141445,-0.7768232,0.3198604,-0.6425904,0.6258155,0.3051589,
1,26,76.391,0.3950766,0.04141445,-0.7768232,0.3198604,-0.6425904,0.6258155,0.3051589,
1,26,76.393,0.3950447,0.04144539,-0.7767973,0.3198439,-0.6425744,0.6258484,0.3051425,
1,26,76.395,0.3950447,0.04144539,-0.7767973,0.3198439,-0.6425744,0.6258484,0.3051425,
1,26,76.397,0.3950447,0.04144539,-0.7767973,0.3198439,-0.6425744,0.6258484,0.3051425,
1,26,76.399,0.3950447,0.04144539,-0.7767973,0.3198439,-0.6425744,0.6258484,0.3051425,
1,26,76.401,0.3950486,0.04144891,-0.7767881,0.3198594,-0.6426156,0.6258188,0.3051002,
1,26,76.403,0.3950486,0.04144891,-0.7767881,0.3198594,-0.6426156,0.6258188,0.3051002,
1,26,76.405,0.3950486,0.04144891,-0.7767881,0.3198594,-0.6426156,0.6258188,0.3051002,
1,26,76.407,0.3950486,0.04144891,-0.7767881,0.3198594,-0.6426156,0.6258188,0.3051002,
1,26,76.409,0.3950195,0.04141792,-0.7767996,0.3198051,-0.6425658,0.6258267,0.3052455,
1,26,76.411,0.3950195,0.04141792,-0.7767996,0.3198051,-0.6425658,0.6258267,0.3052455,
1,26,76.413,0.3950195,0.04141792,-0.7767996,0.3198051,-0.6425658,0.6258267,0.3052455,
1,26,76.415,0.3950195,0.04141792,-0.7767996,0.3198051,-0.6425658,0.6258267,0.3052455,
1,26,76.417,0.3950195,0.04141792,-0.7767996,0.3198051,-0.6425658,0.6258267,0.3052455,
1,26,76.419,0.3950658,0.04145514,-0.7768153,0.3198584,-0.6425664,0.6258206,0.3052007,
1,26,76.421,0.3950658,0.04145514,-0.7768153,0.3198584,-0.6425664,0.6258206,0.3052007,
1,26,76.423,0.3950658,0.04145514,-0.7768153,0.3198584,-0.6425664,0.6258206,0.3052007,
1,26,76.425,0.3950658,0.04145514,-0.7768153,0.3198584,-0.6425664,0.6258206,0.3052007,
1,26,76.427,0.3950543,0.04145845,-0.7767696,0.3198364,-0.642581,0.6258456,0.305142,
1,26,76.429,0.3950543,0.04145845,-0.7767696,0.3198364,-0.642581,0.6258456,0.305142,
1,26,76.431,0.3950543,0.04145845,-0.7767696,0.3198364,-0.642581,0.6258456,0.305142,
1,26,76.433,0.3950543,0.04145845,-0.7767696,0.3198364,-0.642581,0.6258456,0.305142,
1,26,76.435,0.3950648,0.04139408,-0.7768112,0.3198577,-0.6426287,0.6257945,0.3051241,
1,26,76.437,0.3950648,0.04139408,-0.7768112,0.3198577,-0.6426287,0.6257945,0.3051241,
1,26,76.439,0.3950648,0.04139408,-0.7768112,0.3198577,-0.6426287,0.6257945,0.3051241,
1,26,76.441,0.3950648,0.04139408,-0.7768112,0.3198577,-0.6426287,0.6257945,0.3051241,
1,26,76.443,0.3950172,0.04145573,-0.7766989,0.3198278,-0.6426305,0.6258529,0.3050319,
1,26,76.445,0.3950172,0.04145573,-0.7766989,0.3198278,-0.6426305,0.6258529,0.3050319,
1,26,76.447,0.3950172,0.04145573,-0.7766989,0.3198278,-0.6426305,0.6258529,0.3050319,
1,26,76.449,0.3950172,0.04145573,-0.7766989,0.3198278,-0.6426305,0.6258529,0.3050319,
1,26,76.451,0.3950524,0.04146219,-0.776792,0.3198885,-0.6425714,0.6258269,0.305146,
1,26,76.453,0.3950524,0.04146219,-0.776792,0.3198885,-0.6425714,0.6258269,0.305146,
1,26,76.455,0.3950524,0.04146219,-0.776792,0.3198885,-0.6425714,0.6258269,0.305146,
1,26,76.457,0.3950524,0.04146219,-0.776792,0.3198885,-0.6425714,0.6258269,0.305146,
1,26,76.459,0.3950475,0.04151058,-0.7767895,0.3198102,-0.6425279,0.6258781,0.3052148,
1,26,76.461,0.3950475,0.04151058,-0.7767895,0.3198102,-0.6425279,0.6258781,0.3052148,
1,26,76.463,0.3950475,0.04151058,-0.7767895,0.3198102,-0.6425279,0.6258781,0.3052148,
1,26,76.465,0.3950475,0.04151058,-0.7767895,0.3198102,-0.6425279,0.6258781,0.3052148,
1,26,76.467,0.3950475,0.04151058,-0.7767895,0.3198102,-0.6425279,0.6258781,0.3052148,
1,26,76.469,0.3949953,0.0414297,-0.7767614,0.3198146,-0.6425855,0.6258411,0.3051648,
1,26,76.471,0.3949953,0.0414297,-0.7767614,0.3198146,-0.6425855,0.6258411,0.3051648,
1,26,76.473,0.3949953,0.0414297,-0.7767614,0.3198146,-0.6425855,0.6258411,0.3051648,
1,26,76.475,0.3949953,0.0414297,-0.7767614,0.3198146,-0.6425855,0.6258411,0.3051648,
1,26,76.477,0.395063,0.04141614,-0.7767884,0.3198354,-0.6426164,0.6258146,0.3051322,
1,26,76.479,0.395063,0.04141614,-0.7767884,0.3198354,-0.6426164,0.6258146,0.3051322,
1,26,76.481,0.395063,0.04141614,-0.7767884,0.3198354,-0.6426164,0.6258146,0.3051322,
1,26,76.483,0.395063,0.04141614,-0.7767884,0.3198354,-0.6426164,0.6258146,0.3051322,
1,26,76.485,0.3950265,0.04144355,-0.7767241,0.3198125,-0.6426465,0.6258349,0.3050511,
1,26,76.487,0.3950265,0.04144355,-0.7767241,0.3198125,-0.6426465,0.6258349,0.3050511,
1,26,76.489,0.3950265,0.04144355,-0.7767241,0.3198125,-0.6426465,0.6258349,0.3050511,
1,26,76.491,0.3950265,0.04144355,-0.7767241,0.3198125,-0.6426465,0.6258349,0.3050511,
1,26,76.493,0.3950201,0.04141107,-0.7767416,0.3197844,-0.6426397,0.6258318,0.3051012,
1,26,76.495,0.3950201,0.04141107,-0.7767416,0.3197844,-0.6426397,0.6258318,0.3051012,
1,26,76.497,0.3950201,0.04141107,-0.7767416,0.3197844,-0.6426397,0.6258318,0.3051012,
1,26,76.499,0.3950201,0.04141107,-0.7767416,0.3197844,-0.6426397,0.6258318,0.3051012,
1,26,76.501,0.3950607,0.04135349,-0.7768249,0.3198191,-0.6426074,0.6257828,0.3052334,
1,26,76.503,0.3950607,0.04135349,-0.7768249,0.3198191,-0.6426074,0.6257828,0.3052334,
1,26,76.505,0.3950607,0.04135349,-0.7768249,0.3198191,-0.6426074,0.6257828,0.3052334,
1,26,76.507,0.3950607,0.04135349,-0.7768249,0.3198191,-0.6426074,0.6257828,0.3052334,
1,26,76.509,0.3950517,0.04134427,-0.7768787,0.3198367,-0.6425942,0.6257516,0.305307,
1,26,76.511,0.3950517,0.04134427,-0.7768787,0.3198367,-0.6425942,0.6257516,0.305307,
1,26,76.513,0.3950517,0.04134427,-0.7768787,0.3198367,-0.6425942,0.6257516,0.305307,
1,26,76.515,0.3950517,0.04134427,-0.7768787,0.3198367,-0.6425942,0.6257516,0.305307,
1,26,76.517,0.3950517,0.04134427,-0.7768787,0.3198367,-0.6425942,0.6257516,0.305307,
1,26,76.519,0.3950934,0.04147002,-0.7768826,0.319878,-0.6424852,0.6258249,0.3053424,
1,26,76.521,0.3950934,0.04147002,-0.7768826,0.319878,-0.6424852,0.6258249,0.3053424,
1,26,76.523,0.3950934,0.04147002,-0.7768826,0.319878,-0.6424852,0.6258249,0.3053424,
1,26,76.525,0.3950934,0.04147002,-0.7768826,0.319878,-0.6424852,0.6258249,0.3053424,
1,26,76.527,0.3950761,0.04147732,-0.7768214,0.3198173,-0.6425275,0.6258689,0.3052267,
1,26,76.529,0.3950761,0.04147732,-0.7768214,0.3198173,-0.6425275,0.6258689,0.3052267,
1,26,76.531,0.3950761,0.04147732,-0.7768214,0.3198173,-0.6425275,0.6258689,0.3052267,
1,26,76.533,0.3950761,0.04147732,-0.7768214,0.3198173,-0.6425275,0.6258689,0.3052267,
1,26,76.535,0.3950389,0.04139969,-0.7768233,0.3197915,-0.6425986,0.6258101,0.3052248,
1,26,76.537,0.3950389,0.04139969,-0.7768233,0.3197915,-0.6425986,0.6258101,0.3052248,
1,26,76.539,0.3950389,0.04139969,-0.7768233,0.3197915,-0.6425986,0.6258101,0.3052248,
1,26,76.541,0.3950389,0.04139969,-0.7768233,0.3197915,-0.6425986,0.6258101,0.3052248,
1,26,76.543,0.3950538,0.04146377,-0.7767832,0.3197831,-0.6425511,0.625872,0.3052067,
1,26,76.545,0.3950538,0.04146377,-0.7767832,0.3197831,-0.6425511,0.625872,0.3052067,
1,26,76.547,0.3950538,0.04146377,-0.7767832,0.3197831,-0.6425511,0.625872,0.3052067,
1,26,76.549,0.3950538,0.04146377,-0.7767832,0.3197831,-0.6425511,0.625872,0.3052067,
1,26,76.551,0.395016,0.04148849,-0.7767845,0.3198424,-0.6425368,0.625844,0.3052319,
1,26,76.553,0.395016,0.04148849,-0.7767845,0.3198424,-0.6425368,0.625844,0.3052319,
1,26,76.555,0.395016,0.04148849,-0.7767845,0.3198424,-0.6425368,0.625844,0.3052319,
1,26,76.557,0.395016,0.04148849,-0.7767845,0.3198424,-0.6425368,0.625844,0.3052319,
1,26,76.559,0.3950524,0.04145455,-0.7768165,0.3198313,-0.6425621,0.6258334,0.3052124,
1,26,76.561,0.3950524,0.04145455,-0.7768165,0.3198313,-0.6425621,0.6258334,0.3052124,
1,26,76.563,0.3950524,0.04145455,-0.7768165,0.3198313,-0.6425621,0.6258334,0.3052124,
1,26,76.565,0.3950524,0.04145455,-0.7768165,0.3198313,-0.6425621,0.6258334,0.3052124,
1,26,76.567,0.3950524,0.04145455,-0.7768165,0.3198313,-0.6425621,0.6258334,0.3052124,
1,26,76.569,0.3951142,0.04145885,-0.7768306,0.3199373,-0.6425358,0.6257972,0.3052307,
1,26,76.571,0.3951142,0.04145885,-0.7768306,0.3199373,-0.6425358,0.6257972,0.3052307,
1,26,76.573,0.3951142,0.04145885,-0.7768306,0.3199373,-0.6425358,0.6257972,0.3052307,
1,26,76.575,0.3951142,0.04145885,-0.7768306,0.3199373,-0.6425358,0.6257972,0.3052307,
1,26,76.577,0.3951341,0.04133934,-0.776873,0.319993,-0.6426197,0.625693,0.3052097,
1,26,76.579,0.3951341,0.04133934,-0.776873,0.319993,-0.6426197,0.625693,0.3052097,
1,26,76.581,0.3951341,0.04133934,-0.776873,0.319993,-0.6426197,0.625693,0.3052097,
1,26,76.583,0.3951341,0.04133934,-0.776873,0.319993,-0.6426197,0.625693,0.3052097,
1,26,76.585,0.3951594,0.04139672,-0.7768257,0.3199725,-0.642633,0.6257263,0.3051348,
1,26,76.587,0.3951594,0.04139672,-0.7768257,0.3199725,-0.642633,0.6257263,0.3051348,
1,26,76.589,0.3951594,0.04139672,-0.7768257,0.3199725,-0.642633,0.6257263,0.3051348,
1,26,76.591,0.3951594,0.04139672,-0.7768257,0.3199725,-0.642633,0.6257263,0.3051348,
1,26,76.593,0.3951326,0.04140146,-0.7768158,0.3199617,-0.6426306,0.6257453,0.305112,
1,26,76.595,0.3951326,0.04140146,-0.7768158,0.3199617,-0.6426306,0.6257453,0.305112,
1,26,76.597,0.3951326,0.04140146,-0.7768158,0.3199617,-0.6426306,0.6257453,0.305112,
1,26,76.599,0.3951326,0.04140146,-0.7768158,0.3199617,-0.6426306,0.6257453,0.305112,
1,26,76.601,0.3951308,0.04131538,-0.7768633,0.3199949,-0.6426488,0.6256629,0.3052078,
1,26,76.603,0.3951308,0.04131538,-0.7768633,0.3199949,-0.6426488,0.6256629,0.3052078,
1,26,76.605,0.3951308,0.04131538,-0.7768633,0.3199949,-0.6426488,0.6256629,0.3052078,
1,26,76.607,0.3951308,0.04131538,-0.7768633,0.3199949,-0.6426488,0.6256629,0.3052078,
1,26,76.609,0.395116,0.04137116,-0.7768091,0.319951,-0.6426326,0.6257355,0.305139,
1,26,76.611,0.395116,0.04137116,-0.7768091,0.319951,-0.6426326,0.6257355,0.305139,
1,26,76.613,0.395116,0.04137116,-0.7768091,0.319951,-0.6426326,0.6257355,0.305139,
1,26,76.615,0.395116,0.04137116,-0.7768091,0.319951,-0.6426326,0.6257355,0.305139,
1,26,76.617,0.395116,0.04137116,-0.7768091,0.319951,-0.6426326,0.6257355,0.305139,
1,26,76.619,0.3950845,0.04131523,-0.7767994,0.3198526,-0.6426393,0.6257461,0.3052065,
1,26,76.621,0.3950845,0.04131523,-0.7767994,0.3198526,-0.6426393,0.6257461,0.3052065,
1,26,76.623,0.3950845,0.04131523,-0.7767994,0.3198526,-0.6426393,0.6257461,0.3052065,
1,26,76.625,0.3950845,0.04131523,-0.7767994,0.3198526,-0.6426393,0.6257461,0.3052065,
1,26,76.627,0.3951384,0.04136039,-0.7768294,0.3199062,-0.6425675,0.6257641,0.3052644,
1,26,76.629,0.3951384,0.04136039,-0.7768294,0.3199062,-0.6425675,0.6257641,0.3052644,
1,26,76.631,0.3951384,0.04136039,-0.7768294,0.3199062,-0.6425675,0.6257641,0.3052644,
1,26,76.633,0.3951384,0.04136039,-0.7768294,0.3199062,-0.6425675,0.6257641,0.3052644,
1,26,76.635,0.3951392,0.04139896,-0.776811,0.3199072,-0.6425725,0.6257724,0.3052357,
1,26,76.637,0.3951392,0.04139896,-0.776811,0.3199072,-0.6425725,0.6257724,0.3052357,
1,26,76.639,0.3951392,0.04139896,-0.776811,0.3199072,-0.6425725,0.6257724,0.3052357,
1,26,76.641,0.3951392,0.04139896,-0.776811,0.3199072,-0.6425725,0.6257724,0.3052357,
1,26,76.643,0.3951057,0.04142644,-0.7767959,0.3198691,-0.6425468,0.6258165,0.3052395,
1,26,76.645,0.3951057,0.04142644,-0.7767959,0.3198691,-0.6425468,0.6258165,0.3052395,
1,26,76.647,0.3951057,0.04142644,-0.7767959,0.3198691,-0.6425468,0.6258165,0.3052395,
1,26,76.649,0.3951057,0.04142644,-0.7767959,0.3198691,-0.6425468,0.6258165,0.3052395,
1,26,76.651,0.3951029,0.04134955,-0.7768208,0.3198845,-0.6425852,0.6257597,0.3052591,
1,26,76.653,0.3951029,0.04134955,-0.7768208,0.3198845,-0.6425852,0.6257597,0.3052591,
1,26,76.655,0.3951029,0.04134955,-0.7768208,0.3198845,-0.6425852,0.6257597,0.3052591,
1,26,76.657,0.3951029,0.04134955,-0.7768208,0.3198845,-0.6425852,0.6257597,0.3052591,
1,26,76.659,0.3951358,0.04143917,-0.7768234,0.3199364,-0.6425545,0.6257942,0.3051986,
1,26,76.661,0.3951358,0.04143917,-0.7768234,0.3199364,-0.6425545,0.6257942,0.3051986,
1,26,76.663,0.3951358,0.04143917,-0.7768234,0.3199364,-0.6425545,0.6257942,0.3051986,
1,26,76.665,0.3951358,0.04143917,-0.7768234,0.3199364,-0.6425545,0.6257942,0.3051986,
1,26,76.667,0.3951358,0.04143917,-0.7768234,0.3199364,-0.6425545,0.6257942,0.3051986,
1,26,76.669,0.3951474,0.04147627,-0.7768233,0.3199711,-0.6425308,0.6257942,0.305212,
1,26,76.671,0.3951474,0.04147627,-0.7768233,0.3199711,-0.6425308,0.6257942,0.305212,
1,26,76.673,0.3951474,0.04147627,-0.7768233,0.3199711,-0.6425308,0.6257942,0.305212,
1,26,76.675,0.3951474,0.04147627,-0.7768233,0.3199711,-0.6425308,0.6257942,0.305212,
1,26,76.677,0.3951799,0.04136424,-0.7769139,0.3199769,-0.6425767,0.6257328,0.3052354,
1,26,76.679,0.3951799,0.04136424,-0.7769139,0.3199769,-0.6425767,0.6257328,0.3052354,
1,26,76.681,0.3951799,0.04136424,-0.7769139,0.3199769,-0.6425767,0.6257328,0.3052354,
1,26,76.683,0.3951799,0.04136424,-0.7769139,0.3199769,-0.6425767,0.6257328,0.3052354,
1,26,76.685,0.3951398,0.04138118,-0.7768527,0.3199425,-0.6426011,0.6257336,0.3052184,
1,26,76.687,0.3951398,0.04138118,-0.7768527,0.3199425,-0.6426011,0.6257336,0.3052184,
1,26,76.689,0.3951398,0.04138118,-0.7768527,0.3199425,-0.6426011,0.6257336,0.3052184,
1,26,76.691,0.3951398,0.04138118,-0.7768527,0.3199425,-0.6426011,0.6257336,0.3052184,
1,26,76.693,0.3951936,0.04138007,-0.7768653,0.319982,-0.6426093,0.6257163,0.3051952,
1,26,76.695,0.3951936,0.04138007,-0.7768653,0.319982,-0.6426093,0.6257163,0.3051952,
1,26,76.697,0.3951936,0.04138007,-0.7768653,0.319982,-0.6426093,0.6257163,0.3051952,
1,26,76.699,0.3951936,0.04138007,-0.7768653,0.319982,-0.6426093,0.6257163,0.3051952,
1,26,76.701,0.3951328,0.04139103,-0.7768623,0.3199639,-0.6425727,0.6257412,0.3052399,
1,26,76.703,0.3951328,0.04139103,-0.7768623,0.3199639,-0.6425727,0.6257412,0.3052399,
1,26,76.705,0.3951328,0.04139103,-0.7768623,0.3199639,-0.6425727,0.6257412,0.3052399,
1,26,76.707,0.3951328,0.04139103,-0.7768623,0.3199639,-0.6425727,0.6257412,0.3052399,
1,26,76.709,0.3951371,0.04142911,-0.776837,0.3199584,-0.6425905,0.6257706,0.3051479,
1,26,76.711,0.3951371,0.04142911,-0.776837,0.3199584,-0.6425905,0.6257706,0.3051479,
1,26,76.713,0.3951371,0.04142911,-0.776837,0.3199584,-0.6425905,0.6257706,0.3051479,
1,26,76.715,0.3951371,0.04142911,-0.776837,0.3199584,-0.6425905,0.6257706,0.3051479,
1,26,76.717,0.3951371,0.04142911,-0.776837,0.3199584,-0.6425905,0.6257706,0.3051479,
1,26,76.719,0.3951029,0.0414224,-0.776817,0.3199857,-0.6425707,0.6257604,0.3051821,
1,26,76.721,0.3951029,0.0414224,-0.776817,0.3199857,-0.6425707,0.6257604,0.3051821,
1,26,76.723,0.3951029,0.0414224,-0.776817,0.3199857,-0.6425707,0.6257604,0.3051821,
1,26,76.725,0.3951029,0.0414224,-0.776817,0.3199857,-0.6425707,0.6257604,0.3051821,
1,26,76.727,0.3951171,0.04142152,-0.7768339,0.3199419,-0.6425393,0.6257806,0.3052526,
1,26,76.729,0.3951171,0.04142152,-0.7768339,0.3199419,-0.6425393,0.6257806,0.3052526,
1,26,76.731,0.3951171,0.04142152,-0.7768339,0.3199419,-0.6425393,0.6257806,0.3052526,
1,26,76.733,0.3951171,0.04142152,-0.7768339,0.3199419,-0.6425393,0.6257806,0.3052526,
1,26,76.735,0.3951257,0.04131313,-0.776913,0.3200207,-0.6425877,0.6256757,0.3052832,
1,26,76.737,0.3951257,0.04131313,-0.776913,0.3200207,-0.6425877,0.6256757,0.3052832,
1,26,76.739,0.3951257,0.04131313,-0.776913,0.3200207,-0.6425877,0.6256757,0.3052832,
1,26,76.741,0.3951257,0.04131313,-0.776913,0.3200207,-0.6425877,0.6256757,0.3052832,
1,26,76.743,0.3951673,0.04134322,-0.7769039,0.3199774,-0.6425558,0.6257259,0.3052927,
1,26,76.745,0.3951673,0.04134322,-0.7769039,0.3199774,-0.6425558,0.6257259,0.3052927,
1,26,76.747,0.3951673,0.04134322,-0.7769039,0.3199774,-0.6425558,0.6257259,0.3052927,
1,26,76.749,0.3951673,0.04134322,-0.7769039,0.3199774,-0.6425558,0.6257259,0.3052927,
1,26,76.751,0.3951579,0.04141506,-0.7768291,0.3199463,-0.6425816,0.625773,0.3051748,
1,26,76.753,0.3951579,0.04141506,-0.7768291,0.3199463,-0.6425816,0.625773,0.3051748,
1,26,76.755,0.3951579,0.04141506,-0.7768291,0.3199463,-0.6425816,0.625773,0.3051748,
1,26,76.757,0.3951579,0.04141506,-0.7768291,0.3199463,-0.6425816,0.625773,0.3051748,
1,26,76.759,0.3951311,0.04143549,-0.7768182,0.3199573,-0.6425479,0.6257955,0.3051879,
1,26,76.761,0.3951311,0.04143549,-0.7768182,0.3199573,-0.6425479,0.6257955,0.3051879,
1,26,76.763,0.3951311,0.04143549,-0.7768182,0.3199573,-0.6425479,0.6257955,0.3051879,
1,26,76.765,0.3951311,0.04143549,-0.7768182,0.3199573,-0.6425479,0.6257955,0.3051879,
1,26,76.767,0.3951311,0.04143549,-0.7768182,0.3199573,-0.6425479,0.6257955,0.3051879,
1,26,76.769,0.3951132,0.0413449,-0.7768437,0.3199532,-0.6425911,0.6257408,0.3052133,
1,26,76.771,0.3951132,0.0413449,-0.7768437,0.3199532,-0.6425911,0.6257408,0.3052133,
1,26,76.773,0.3951132,0.0413449,-0.7768437,0.3199532,-0.6425911,0.6257408,0.3052133,
1,26,76.775,0.3951132,0.0413449,-0.7768437,0.3199532,-0.6425911,0.6257408,0.3052133,
1,26,76.777,0.3950869,0.04137195,-0.7767988,0.3199469,-0.6425665,0.6257513,0.3052503,
1,26,76.779,0.3950869,0.04137195,-0.7767988,0.3199469,-0.6425665,0.6257513,0.3052503,
1,26,76.781,0.3950869,0.04137195,-0.7767988,0.3199469,-0.6425665,0.6257513,0.3052503,
1,26,76.783,0.3950869,0.04137195,-0.7767988,0.3199469,-0.6425665,0.6257513,0.3052503,
1,26,76.785,0.3950772,0.04144033,-0.7767302,0.3199123,-0.6425762,0.6258176,0.30513,
1,26,76.787,0.3950772,0.04144033,-0.7767302,0.3199123,-0.6425762,0.6258176,0.30513,
1,26,76.789,0.3950772,0.04144033,-0.7767302,0.3199123,-0.6425762,0.6258176,0.30513,
1,26,76.791,0.3950772,0.04144033,-0.7767302,0.3199123,-0.6425762,0.6258176,0.30513,
1,26,76.793,0.3950823,0.0413737,-0.7768003,0.3199385,-0.6425949,0.6257657,0.3051693,
1,26,76.795,0.3950823,0.0413737,-0.7768003,0.3199385,-0.6425949,0.6257657,0.3051693,
1,26,76.797,0.3950823,0.0413737,-0.7768003,0.3199385,-0.6425949,0.6257657,0.3051693,
1,26,76.799,0.3950823,0.0413737,-0.7768003,0.3199385,-0.6425949,0.6257657,0.3051693,
1,26,76.801,0.3951485,0.04140079,-0.7768171,0.3199996,-0.642616,0.6257308,0.3051325,
1,26,76.803,0.3951485,0.04140079,-0.7768171,0.3199996,-0.642616,0.6257308,0.3051325,
1,26,76.805,0.3951485,0.04140079,-0.7768171,0.3199996,-0.642616,0.6257308,0.3051325,
1,26,76.807,0.3951485,0.04140079,-0.7768171,0.3199996,-0.642616,0.6257308,0.3051325,
1,26,76.809,0.3951096,0.04135718,-0.7768021,0.3199401,-0.6426358,0.6257426,0.305129,
1,26,76.811,0.3951096,0.04135718,-0.7768021,0.3199401,-0.6426358,0.6257426,0.305129,
1,26,76.813,0.3951096,0.04135718,-0.7768021,0.3199401,-0.6426358,0.6257426,0.305129,
1,26,76.815,0.3951096,0.04135718,-0.7768021,0.3199401,-0.6426358,0.6257426,0.305129,
1,26,76.817,0.3951096,0.04135718,-0.7768021,0.3199401,-0.6426358,0.6257426,0.305129,
1,26,76.819,0.3950628,0.04144376,-0.776727,0.3198898,-0.6425929,0.6258298,0.3050934,
1,26,76.821,0.3950628,0.04144376,-0.776727,0.3198898,-0.6425929,0.6258298,0.3050934,
1,26,76.823,0.3950628,0.04144376,-0.776727,0.3198898,-0.6425929,0.6258298,0.3050934,
1,26,76.825,0.3950628,0.04144376,-0.776727,0.3198898,-0.6425929,0.6258298,0.3050934,
1,26,76.827,0.3950983,0.0414584,-0.7767503,0.3199366,-0.6425884,0.6257952,0.3051247,
1,26,76.829,0.3950983,0.0414584,-0.7767503,0.3199366,-0.6425884,0.6257952,0.3051247,
1,26,76.831,0.3950983,0.0414584,-0.7767503,0.3199366,-0.6425884,0.6257952,0.3051247,
1,26,76.833,0.3950983,0.0414584,-0.7767503,0.3199366,-0.6425884,0.6257952,0.3051247,
1,26,76.835,0.395046,0.04144928,-0.7767329,0.3198952,-0.6425735,0.6258188,0.3051512,
1,26,76.837,0.395046,0.04144928,-0.7767329,0.3198952,-0.6425735,0.6258188,0.3051512,
1,26,76.839,0.395046,0.04144928,-0.7767329,0.3198952,-0.6425735,0.6258188,0.3051512,
1,26,76.841,0.395046,0.04144928,-0.7767329,0.3198952,-0.6425735,0.6258188,0.3051512,
1,26,76.843,0.3950823,0.04142895,-0.7767783,0.3199069,-0.6425689,0.6258023,0.3051826,
1,26,76.845,0.3950823,0.04142895,-0.7767783,0.3199069,-0.6425689,0.6258023,0.3051826,
1,26,76.847,0.3950823,0.04142895,-0.7767783,0.3199069,-0.6425689,0.6258023,0.3051826,
1,26,76.849,0.3950823,0.04142895,-0.7767783,0.3199069,-0.6425689,0.6258023,0.3051826,
1,26,76.851,0.3950729,0.04143431,-0.7767337,0.3198997,-0.6426046,0.6258008,0.3051178,
1,26,76.853,0.3950729,0.04143431,-0.7767337,0.3198997,-0.6426046,0.6258008,0.3051178,
1,26,76.855,0.3950729,0.04143431,-0.7767337,0.3198997,-0.6426046,0.6258008,0.3051178,
1,26,76.857,0.3950729,0.04143431,-0.7767337,0.3198997,-0.6426046,0.6258008,0.3051178,
1,26,76.859,0.3950924,0.04146343,-0.7767448,0.3199113,-0.642577,0.6258335,0.3050968,
1,26,76.861,0.3950924,0.04146343,-0.7767448,0.3199113,-0.642577,0.6258335,0.3050968,
1,26,76.863,0.3950924,0.04146343,-0.7767448,0.3199113,-0.642577,0.6258335,0.3050968,
1,26,76.865,0.3950924,0.04146343,-0.7767448,0.3199113,-0.642577,0.6258335,0.3050968,
1,26,76.867,0.3950924,0.04146343,-0.7767448,0.3199113,-0.642577,0.6258335,0.3050968,
1,26,76.869,0.3950678,0.0414341,-0.7767851,0.3199397,-0.6425692,0.6257966,0.305159,
1,26,76.871,0.3950678,0.0414341,-0.7767851,0.3199397,-0.6425692,0.6257966,0.305159,
1,26,76.873,0.3950678,0.0414341,-0.7767851,0.3199397,-0.6425692,0.6257966,0.305159,
1,26,76.875,0.3950678,0.0414341,-0.7767851,0.3199397,-0.6425692,0.6257966,0.305159,
1,26,76.877,0.3950877,0.04145405,-0.7767798,0.3199825,-0.6425313,0.6257815,0.305225,
1,26,76.879,0.3950877,0.04145405,-0.7767798,0.3199825,-0.6425313,0.6257815,0.305225,
1,26,76.881,0.3950877,0.04145405,-0.7767798,0.3199825,-0.6425313,0.6257815,0.305225,
1,26,76.883,0.3950877,0.04145405,-0.7767798,0.3199825,-0.6425313,0.6257815,0.305225,
1,26,76.885,0.3950953,0.04147555,-0.7767681,0.3199046,-0.6425333,0.6258487,0.3051649,
1,26,76.887,0.3950953,0.04147555,-0.7767681,0.3199046,-0.6425333,0.6258487,0.3051649,
1,26,76.889,0.3950953,0.04147555,-0.7767681,0.3199046,-0.6425333,0.6258487,0.3051649,
1,26,76.891,0.3950953,0.04147555,-0.7767681,0.3199046,-0.6425333,0.6258487,0.3051649,
1,26,76.893,0.3951668,0.04134985,-0.7768846,0.3199916,-0.6425915,0.625725,0.3052046,
1,26,76.895,0.3951668,0.04134985,-0.7768846,0.3199916,-0.6425915,0.625725,0.3052046,
1,26,76.897,0.3951668,0.04134985,-0.7768846,0.3199916,-0.6425915,0.625725,0.3052046,
1,26,76.899,0.3951668,0.04134985,-0.7768846,0.3199916,-0.6425915,0.625725,0.3052046,
1,26,76.901,0.3950934,0.04144419,-0.7767817,0.3199886,-0.6425464,0.6257684,0.3052139,
1,26,76.903,0.3950934,0.04144419,-0.7767817,0.3199886,-0.6425464,0.6257684,0.3052139,
1,26,76.905,0.3950934,0.04144419,-0.7767817,0.3199886,-0.6425464,0.6257684,0.3052139,
1,26,76.907,0.3950934,0.04144419,-0.7767817,0.3199886,-0.6425464,0.6257684,0.3052139,
1,26,76.909,0.395117,0.04145768,-0.7767683,0.3199608,-0.6425792,0.625801,0.3051069,
1,26,76.911,0.395117,0.04145768,-0.7767683,0.3199608,-0.6425792,0.625801,0.3051069,
1,26,76.913,0.395117,0.04145768,-0.7767683,0.3199608,-0.6425792,0.625801,0.3051069,
1,26,76.915,0.395117,0.04145768,-0.7767683,0.3199608,-0.6425792,0.625801,0.3051069,
1,26,76.917,0.395117,0.04145768,-0.7767683,0.3199608,-0.6425792,0.625801,0.3051069,
1,26,76.919,0.395148,0.04145613,-0.7768105,0.3200143,-0.6425572,0.6257681,0.3051647,
1,26,76.921,0.395148,0.04145613,-0.7768105,0.3200143,-0.6425572,0.6257681,0.3051647,
1,26,76.923,0.395148,0.04145613,-0.7768105,0.3200143,-0.6425572,0.6257681,0.3051647,
1,26,76.925,0.395148,0.04145613,-0.7768105,0.3200143,-0.6425572,0.6257681,0.3051647,
1,26,76.927,0.395106,0.0414038,-0.7767981,0.3199675,-0.6426091,0.6257636,0.3051134,
1,26,76.929,0.395106,0.0414038,-0.7767981,0.3199675,-0.6426091,0.6257636,0.3051134,
1,26,76.931,0.395106,0.0414038,-0.7767981,0.3199675,-0.6426091,0.6257636,0.3051134,
1,26,76.933,0.395106,0.0414038,-0.7767981,0.3199675,-0.6426091,0.6257636,0.3051134,
1,26,76.935,0.395089,0.04140399,-0.7768129,0.3199861,-0.6425705,0.625746,0.3052115,
1,26,76.937,0.395089,0.04140399,-0.7768129,0.3199861,-0.6425705,0.625746,0.3052115,
1,26,76.939,0.395089,0.04140399,-0.7768129,0.3199861,-0.6425705,0.625746,0.3052115,
1,26,76.941,0.395089,0.04140399,-0.7768129,0.3199861,-0.6425705,0.625746,0.3052115,
1,26,76.943,0.3951576,0.04148499,-0.776805,0.3199513,-0.6425265,0.6258353,0.3051577,
1,26,76.945,0.3951576,0.04148499,-0.776805,0.3199513,-0.6425265,0.6258353,0.3051577,
1,26,76.947,0.3951576,0.04148499,-0.776805,0.3199513,-0.6425265,0.6258353,0.3051577,
1,26,76.949,0.3951576,0.04148499,-0.776805,0.3199513,-0.6425265,0.6258353,0.3051577,
1,26,76.951,0.3951484,0.04140432,-0.7768003,0.3199772,-0.6426026,0.6257745,0.3050947,
1,26,76.953,0.3951484,0.04140432,-0.7768003,0.3199772,-0.6426026,0.6257745,0.3050947,
1,26,76.955,0.3951484,0.04140432,-0.7768003,0.3199772,-0.6426026,0.6257745,0.3050947,
1,26,76.957,0.3951484,0.04140432,-0.7768003,0.3199772,-0.6426026,0.6257745,0.3050947,
1,26,76.959,0.3951392,0.04135966,-0.7768564,0.3199957,-0.6426016,0.6256996,0.3052311,
1,26,76.961,0.3951392,0.04135966,-0.7768564,0.3199957,-0.6426016,0.6256996,0.3052311,
1,26,76.963,0.3951392,0.04135966,-0.7768564,0.3199957,-0.6426016,0.6256996,0.3052311,
1,26,76.965,0.3951392,0.04135966,-0.7768564,0.3199957,-0.6426016,0.6256996,0.3052311,
1,26,76.967,0.3951392,0.04135966,-0.7768564,0.3199957,-0.6426016,0.6256996,0.3052311,
1,26,76.969,0.3951275,0.0413916,-0.7768519,0.3200327,-0.64257,0.6257023,0.3052532,
1,26,76.971,0.3951275,0.0413916,-0.7768519,0.3200327,-0.64257,0.6257023,0.3052532,
1,26,76.973,0.3951275,0.0413916,-0.7768519,0.3200327,-0.64257,0.6257023,0.3052532,
1,26,76.975,0.3951275,0.0413916,-0.7768519,0.3200327,-0.64257,0.6257023,0.3052532,
1,26,76.977,0.3951752,0.04134083,-0.7769627,0.3200572,-0.6425471,0.6256762,0.3053292,
1,26,76.979,0.3951752,0.04134083,-0.7769627,0.3200572,-0.6425471,0.6256762,0.3053292,
1,26,76.981,0.3951752,0.04134083,-0.7769627,0.3200572,-0.6425471,0.6256762,0.3053292,
1,26,76.983,0.3951752,0.04134083,-0.7769627,0.3200572,-0.6425471,0.6256762,0.3053292,
1,26,76.985,0.3951783,0.04139185,-0.7768904,0.3200117,-0.6425426,0.6257367,0.3052627,
1,26,76.987,0.3951783,0.04139185,-0.7768904,0.3200117,-0.6425426,0.6257367,0.3052627,
1,26,76.989,0.3951783,0.04139185,-0.7768904,0.3200117,-0.6425426,0.6257367,0.3052627,
1,26,76.991,0.3951783,0.04139185,-0.7768904,0.3200117,-0.6425426,0.6257367,0.3052627,
1,26,76.993,0.3951558,0.04137944,-0.7768424,0.3200123,-0.6426083,0.6257402,0.3051162,
1,26,76.995,0.3951558,0.04137944,-0.7768424,0.3200123,-0.6426083,0.6257402,0.3051162,
1,26,76.997,0.3951558,0.04137944,-0.7768424,0.3200123,-0.6426083,0.6257402,0.3051162,
1,26,76.999,0.3951558,0.04137944,-0.7768424,0.3200123,-0.6426083,0.6257402,0.3051162,
1,26,77.001,0.3951163,0.04147137,-0.7767841,0.3200182,-0.6425649,0.6258018,0.3050753,
1,26,77.003,0.3951163,0.04147137,-0.7767841,0.3200182,-0.6425649,0.6258018,0.3050753,
1,26,77.005,0.3951163,0.04147137,-0.7767841,0.3200182,-0.6425649,0.6258018,0.3050753,
1,26,77.007,0.3951163,0.04147137,-0.7767841,0.3200182,-0.6425649,0.6258018,0.3050753,
1,26,77.009,0.3951218,0.04138795,-0.7768106,0.3199941,-0.6426086,0.6257637,0.3050865,
1,26,77.011,0.3951218,0.04138795,-0.7768106,0.3199941,-0.6426086,0.6257637,0.3050865,
1,26,77.013,0.3951218,0.04138795,-0.7768106,0.3199941,-0.6426086,0.6257637,0.3050865,
1,26,77.015,0.3951218,0.04138795,-0.7768106,0.3199941,-0.6426086,0.6257637,0.3050865,
1,26,77.017,0.3951218,0.04138795,-0.7768106,0.3199941,-0.6426086,0.6257637,0.3050865,
1,26,77.019,0.395133,0.04140737,-0.7768435,0.320027,-0.6425691,0.6257513,0.3051608,
1,26,77.021,0.395133,0.04140737,-0.7768435,0.320027,-0.6425691,0.6257513,0.3051608,
1,26,77.023,0.395133,0.04140737,-0.7768435,0.320027,-0.6425691,0.6257513,0.3051608,
1,26,77.025,0.395133,0.04140737,-0.7768435,0.320027,-0.6425691,0.6257513,0.3051608,
1,26,77.027,0.3951766,0.04137722,-0.7768544,0.3200115,-0.6426101,0.6257451,0.3051037,
1,26,77.029,0.3951766,0.04137722,-0.7768544,0.3200115,-0.6426101,0.6257451,0.3051037,
1,26,77.031,0.3951766,0.04137722,-0.7768544,0.3200115,-0.6426101,0.6257451,0.3051037,
1,26,77.033,0.3951766,0.04137722,-0.7768544,0.3200115,-0.6426101,0.6257451,0.3051037,
1,26,77.035,0.3950884,0.04146291,-0.7767611,0.3199725,-0.642576,0.625823,0.305056,
1,26,77.037,0.3950884,0.04146291,-0.7767611,0.3199725,-0.642576,0.625823,0.305056,
1,26,77.039,0.3950884,0.04146291,-0.7767611,0.3199725,-0.642576,0.625823,0.305056,
1,26,77.041,0.3950884,0.04146291,-0.7767611,0.3199725,-0.642576,0.625823,0.305056,
1,26,77.043,0.3950475,0.04145492,-0.7767394,0.3199273,-0.6425471,0.6258352,0.3051395,
1,26,77.045,0.3950475,0.04145492,-0.7767394,0.3199273,-0.6425471,0.6258352,0.3051395,
1,26,77.047,0.3950475,0.04145492,-0.7767394,0.3199273,-0.6425471,0.6258352,0.3051395,
1,26,77.049,0.3950475,0.04145492,-0.7767394,0.3199273,-0.6425471,0.6258352,0.3051395,
1,26,77.051,0.3951489,0.04136227,-0.7768881,0.3199843,-0.6425381,0.6257614,0.3052501,
1,26,77.053,0.3951489,0.04136227,-0.7768881,0.3199843,-0.6425381,0.6257614,0.3052501,
1,26,77.055,0.3951489,0.04136227,-0.7768881,0.3199843,-0.6425381,0.6257614,0.3052501,
1,26,77.057,0.3951489,0.04136227,-0.7768881,0.3199843,-0.6425381,0.6257614,0.3052501,
1,26,77.059,0.395154,0.0414139,-0.7768615,0.3199731,-0.6425294,0.6258085,0.3051834,
1,26,77.061,0.395154,0.0414139,-0.7768615,0.3199731,-0.6425294,0.6258085,0.3051834,
1,26,77.063,0.395154,0.0414139,-0.7768615,0.3199731,-0.6425294,0.6258085,0.3051834,
1,26,77.065,0.395154,0.0414139,-0.7768615,0.3199731,-0.6425294,0.6258085,0.3051834,
1,26,77.067,0.395154,0.0414139,-0.7768615,0.3199731,-0.6425294,0.6258085,0.3051834,
1,26,77.069,0.3950849,0.04145374,-0.7767353,0.319937,-0.64255,0.6258325,0.3051289,
1,26,77.071,0.3950849,0.04145374,-0.7767353,0.319937,-0.64255,0.6258325,0.3051289,
1,26,77.073,0.3950849,0.04145374,-0.7767353,0.319937,-0.64255,0.6258325,0.3051289,
1,26,77.075,0.3950849,0.04145374,-0.7767353,0.319937,-0.64255,0.6258325,0.3051289,
1,26,77.077,0.3951125,0.04146921,-0.7767916,0.3199537,-0.6425078,0.6258383,0.3051882,
1,26,77.079,0.3951125,0.04146921,-0.7767916,0.3199537,-0.6425078,0.6258383,0.3051882,
1,26,77.081,0.3951125,0.04146921,-0.7767916,0.3199537,-0.6425078,0.6258383,0.3051882,
1,26,77.083,0.3951125,0.04146921,-0.7767916,0.3199537,-0.6425078,0.6258383,0.3051882,CourtEnter
1,26,77.085,0.3951092,0.04137768,-0.7768525,0.3199954,-0.6425649,0.6257486,0.3052081,
1,26,77.087,0.3951092,0.04137768,-0.7768525,0.3199954,-0.6425649,0.6257486,0.3052081,
1,26,77.089,0.3951092,0.04137768,-0.7768525,0.3199954,-0.6425649,0.6257486,0.3052081,
1,26,77.091,0.3951092,0.04137768,-0.7768525,0.3199954,-0.6425649,0.6257486,0.3052081,CourtExit
1,26,77.093,0.3951393,0.0414251,-0.7768117,0.3200252,-0.6426003,0.6257483,0.3051031,
1,26,77.095,0.3951393,0.0414251,-0.7768117,0.3200252,-0.6426003,0.6257483,0.3051031,
1,26,77.097,0.3951393,0.0414251,-0.7768117,0.3200252,-0.6426003,0.6257483,0.3051031,
1,26,77.099,0.3951393,0.0414251,-0.7768117,0.3200252,-0.6426003,0.6257483,0.3051031,
1,26,77.101,0.3950911,0.04144724,-0.7767909,0.3200089,-0.6425822,0.6257854,0.3050823,
1,26,77.103,0.3950911,0.04144724,-0.7767909,0.3200089,-0.6425822,0.6257854,0.3050823,
1,26,77.105,0.3950911,0.04144724,-0.7767909,0.3200089,-0.6425822,0.6257854,0.3050823,
1,26,77.107,0.3950911,0.04144724,-0.7767909,0.3200089,-0.6425822,0.6257854,0.3050823,
1,26,77.109,0.3951538,0.04149597,-0.7768083,0.3200559,-0.6425306,0.6257733,0.3051666,
1,26,77.111,0.3951538,0.04149597,-0.7768083,0.3200559,-0.6425306,0.6257733,0.3051666,
1,26,77.113,0.3951538,0.04149597,-0.7768083,0.3200559,-0.6425306,0.6257733,0.3051666,
1,26,77.115,0.3951538,0.04149597,-0.7768083,0.3200559,-0.6425306,0.6257733,0.3051666,
1,26,77.117,0.3951538,0.04149597,-0.7768083,0.3200559,-0.6425306,0.6257733,0.3051666,
1,26,77.119,0.3950958,0.04145565,-0.7768035,0.3200178,-0.6425374,0.6257828,0.3051725,
1,26,77.121,0.3950958,0.04145565,-0.7768035,0.3200178,-0.6425374,0.6257828,0.3051725,
1,26,77.123,0.3950958,0.04145565,-0.7768035,0.3200178,-0.6425374,0.6257828,0.3051725,
1,26,77.125,0.3950958,0.04145565,-0.7768035,0.3200178,-0.6425374,0.6257828,0.3051725,
1,26,77.127,0.3951175,0.0414706,-0.7767746,0.3199803,-0.6425544,0.6258259,0.3050876,
1,26,77.129,0.3951175,0.0414706,-0.7767746,0.3199803,-0.6425544,0.6258259,0.3050876,
1,26,77.131,0.3951175,0.0414706,-0.7767746,0.3199803,-0.6425544,0.6258259,0.3050876,
1,26,77.133,0.3951175,0.0414706,-0.7767746,0.3199803,-0.6425544,0.6258259,0.3050876,
1,26,77.135,0.3951219,0.04143162,-0.7768068,0.3199927,-0.6425861,0.6257845,0.3050928,
1,26,77.137,0.3951219,0.04143162,-0.7768068,0.3199927,-0.6425861,0.6257845,0.3050928,
1,26,77.139,0.3951219,0.04143162,-0.7768068,0.3199927,-0.6425861,0.6257845,0.3050928,
1,26,77.141,0.3951219,0.04143162,-0.7768068,0.3199927,-0.6425861,0.6257845,0.3050928,
1,26,77.143,0.3950582,0.04149474,-0.7767398,0.3199922,-0.6425651,0.6258244,0.3050559,
1,26,77.145,0.3950582,0.04149474,-0.7767398,0.3199922,-0.6425651,0.6258244,0.3050559,
1,26,77.147,0.3950582,0.04149474,-0.7767398,0.3199922,-0.6425651,0.6258244,0.3050559,
1,26,77.149,0.3950582,0.04149474,-0.7767398,0.3199922,-0.6425651,0.6258244,0.3050559,
1,26,77.151,0.3951136,0.04139654,-0.7768023,0.3200065,-0.6425988,0.6257443,0.3051341,
1,26,77.153,0.3951136,0.04139654,-0.7768023,0.3200065,-0.6425988,0.6257443,0.3051341,
1,26,77.155,0.3951136,0.04139654,-0.7768023,0.3200065,-0.6425988,0.6257443,0.3051341,
1,26,77.157,0.3951136,0.04139654,-0.7768023,0.3200065,-0.6425988,0.6257443,0.3051341,
1,26,77.159,0.395108,0.04146456,-0.7767981,0.3200326,-0.6425614,0.6257782,0.305116,
1,26,77.161,0.395108,0.04146456,-0.7767981,0.3200326,-0.6425614,0.6257782,0.305116,
1,26,77.163,0.395108,0.04146456,-0.7767981,0.3200326,-0.6425614,0.6257782,0.305116,
1,26,77.165,0.395108,0.04146456,-0.7767981,0.3200326,-0.6425614,0.6257782,0.305116,
1,26,77.167,0.395108,0.04146456,-0.7767981,0.3200326,-0.6425614,0.6257782,0.305116,
1,26,77.169,0.3951197,0.04142048,-0.7767985,0.3200307,-0.6426148,0.625758,0.3050465,
1,26,77.171,0.3951197,0.04142048,-0.7767985,0.3200307,-0.6426148,0.625758,0.3050465,
1,26,77.173,0.3951197,0.04142048,-0.7767985,0.3200307,-0.6426148,0.625758,0.3050465,
1,26,77.175,0.3951197,0.04142048,-0.7767985,0.3200307,-0.6426148,0.625758,0.3050465,
1,26,77.177,0.3951101,0.04141486,-0.7768309,0.3200194,-0.6425889,0.6257603,0.3051085,
1,26,77.179,0.3951101,0.04141486,-0.7768309,0.3200194,-0.6425889,0.6257603,0.3051085,
1,26,77.181,0.3951101,0.04141486,-0.7768309,0.3200194,-0.6425889,0.6257603,0.3051085,
1,26,77.183,0.3951101,0.04141486,-0.7768309,0.3200194,-0.6425889,0.6257603,0.3051085,
1,26,77.185,0.3950697,0.04144791,-0.7767736,0.3200339,-0.6425811,0.6257586,0.3051131,
1,26,77.187,0.3950697,0.04144791,-0.7767736,0.3200339,-0.6425811,0.6257586,0.3051131,
1,26,77.189,0.3950697,0.04144791,-0.7767736,0.3200339,-0.6425811,0.6257586,0.3051131,
1,26,77.191,0.3950697,0.04144791,-0.7767736,0.3200339,-0.6425811,0.6257586,0.3051131,
1,26,77.193,0.3951034,0.04150829,-0.7767715,0.3200318,-0.6425443,0.6257963,0.3051155,
1,26,77.195,0.3951034,0.04150829,-0.7767715,0.3200318,-0.6425443,0.6257963,0.3051155,
1,26,77.197,0.3951034,0.04150829,-0.7767715,0.3200318,-0.6425443,0.6257963,0.3051155,
1,26,77.199,0.3951034,0.04150829,-0.7767715,0.3200318,-0.6425443,0.6257963,0.3051155,
1,26,77.201,0.3951032,0.04146639,-0.7768042,0.3200115,-0.6425487,0.6257962,0.3051276,
1,26,77.203,0.3951032,0.04146639,-0.7768042,0.3200115,-0.6425487,0.6257962,0.3051276,
1,26,77.205,0.3951032,0.04146639,-0.7768042,0.3200115,-0.6425487,0.6257962,0.3051276,
1,26,77.207,0.3951032,0.04146639,-0.7768042,0.3200115,-0.6425487,0.6257962,0.3051276,
1,26,77.209,0.3951257,0.0413426,-0.7768564,0.3200549,-0.6426339,0.6256976,0.305105,
1,26,77.211,0.3951257,0.0413426,-0.7768564,0.3200549,-0.6426339,0.6256976,0.305105,
1,26,77.213,0.3951257,0.0413426,-0.7768564,0.3200549,-0.6426339,0.6256976,0.305105,
1,26,77.215,0.3951257,0.0413426,-0.7768564,0.3200549,-0.6426339,0.6256976,0.305105,
1,26,77.217,0.3951257,0.0413426,-0.7768564,0.3200549,-0.6426339,0.6256976,0.305105,
1,26,77.219,0.39512,0.04139319,-0.7767974,0.3200268,-0.642635,0.6257415,0.3050419,
1,26,77.221,0.39512,0.04139319,-0.7767974,0.3200268,-0.642635,0.6257415,0.3050419,
1,26,77.223,0.39512,0.04139319,-0.7767974,0.3200268,-0.642635,0.6257415,0.3050419,
1,26,77.225,0.39512,0.04139319,-0.7767974,0.3200268,-0.642635,0.6257415,0.3050419,
1,26,77.227,0.3950758,0.04140618,-0.7767893,0.3199852,-0.6425905,0.6257821,0.3050962,
1,26,77.229,0.3950758,0.04140618,-0.7767893,0.3199852,-0.6425905,0.6257821,0.3050962,
1,26,77.231,0.3950758,0.04140618,-0.7767893,0.3199852,-0.6425905,0.6257821,0.3050962,
1,26,77.233,0.3950758,0.04140618,-0.7767893,0.3199852,-0.6425905,0.6257821,0.3050962,
1,26,77.235,0.39507,0.04147553,-0.7767565,0.3199613,-0.6425641,0.6258273,0.3050844,
1,26,77.237,0.39507,0.04147553,-0.7767565,0.3199613,-0.6425641,0.6258273,0.3050844,
1,26,77.239,0.39507,0.04147553,-0.7767565,0.3199613,-0.6425641,0.6258273,0.3050844,
1,26,77.241,0.39507,0.04147553,-0.7767565,0.3199613,-0.6425641,0.6258273,0.3050844,
1,26,77.243,0.3950748,0.04144507,-0.7767665,0.3199847,-0.6425757,0.6257853,0.3051215,
1,26,77.245,0.3950748,0.04144507,-0.7767665,0.3199847,-0.6425757,0.6257853,0.3051215,
1,26,77.247,0.3950748,0.04144507,-0.7767665,0.3199847,-0.6425757,0.6257853,0.3051215,
1,26,77.249,0.3950748,0.04144507,-0.7767665,0.3199847,-0.6425757,0.6257853,0.3051215,
1,26,77.251,0.3951047,0.04136998,-0.7768312,0.3200071,-0.6425953,0.6257299,0.3051704,
1,26,77.253,0.3951047,0.04136998,-0.7768312,0.3200071,-0.6425953,0.6257299,0.3051704,
1,26,77.255,0.3951047,0.04136998,-0.7768312,0.3200071,-0.6425953,0.6257299,0.3051704,
1,26,77.257,0.3951047,0.04136998,-0.7768312,0.3200071,-0.6425953,0.6257299,0.3051704,
1,26,77.259,0.3951083,0.04133668,-0.7768573,0.3200151,-0.6426076,0.6257037,0.3051899,
1,26,77.261,0.3951083,0.04133668,-0.7768573,0.3200151,-0.6426076,0.6257037,0.3051899,
1,26,77.263,0.3951083,0.04133668,-0.7768573,0.3200151,-0.6426076,0.6257037,0.3051899,
1,26,77.265,0.3951083,0.04133668,-0.7768573,0.3200151,-0.6426076,0.6257037,0.3051899,
1,26,77.267,0.3951083,0.04133668,-0.7768573,0.3200151,-0.6426076,0.6257037,0.3051899,
1,26,77.269,0.3951233,0.04142905,-0.7768102,0.3200066,-0.6425787,0.6257719,0.3051195,
1,26,77.271,0.3951233,0.04142905,-0.7768102,0.3200066,-0.6425787,0.6257719,0.3051195,
1,26,77.273,0.3951233,0.04142905,-0.7768102,0.3200066,-0.6425787,0.6257719,0.3051195,
1,26,77.275,0.3951233,0.04142905,-0.7768102,0.3200066,-0.6425787,0.6257719,0.3051195,
1,26,77.277,0.3951303,0.04147783,-0.7767968,0.3199942,-0.6425402,0.6258146,0.3051263,
1,26,77.279,0.3951303,0.04147783,-0.7767968,0.3199942,-0.6425402,0.6258146,0.3051263,
1,26,77.281,0.3951303,0.04147783,-0.7767968,0.3199942,-0.6425402,0.6258146,0.3051263,
1,26,77.283,0.3951303,0.04147783,-0.7767968,0.3199942,-0.6425402,0.6258146,0.3051263,
1,26,77.285,0.3950634,0.0413673,-0.77676,0.3199709,-0.6426419,0.6257445,0.3050802,
1,26,77.287,0.3950634,0.0413673,-0.77676,0.3199709,-0.6426419,0.6257445,0.3050802,
1,26,77.289,0.3950634,0.0413673,-0.77676,0.3199709,-0.6426419,0.6257445,0.3050802,
1,26,77.291,0.3950634,0.0413673,-0.77676,0.3199709,-0.6426419,0.6257445,0.3050802,
1,26,77.293,0.3950726,0.04140045,-0.7767677,0.3199714,-0.6426095,0.6257604,0.305115,
1,26,77.295,0.3950726,0.04140045,-0.7767677,0.3199714,-0.6426095,0.6257604,0.305115,
1,26,77.297,0.3950726,0.04140045,-0.7767677,0.3199714,-0.6426095,0.6257604,0.305115,
1,26,77.299,0.3950726,0.04140045,-0.7767677,0.3199714,-0.6426095,0.6257604,0.305115,
1,26,77.301,0.3951083,0.04131213,-0.7767936,0.3199621,-0.642672,0.6257057,0.3051055,
1,26,77.303,0.3951083,0.04131213,-0.7767936,0.3199621,-0.642672,0.6257057,0.3051055,
1,26,77.305,0.3951083,0.04131213,-0.7767936,0.3199621,-0.642672,0.6257057,0.3051055,
1,26,77.307,0.3951083,0.04131213,-0.7767936,0.3199621,-0.642672,0.6257057,0.3051055,
1,26,77.309,0.3950847,0.04141982,-0.7767287,0.3199315,-0.6426201,0.6258105,0.3050319,
1,26,77.311,0.3950847,0.04141982,-0.7767287,0.3199315,-0.6426201,0.6258105,0.3050319,
1,26,77.313,0.3950847,0.04141982,-0.7767287,0.3199315,-0.6426201,0.6258105,0.3050319,
1,26,77.315,0.3950847,0.04141982,-0.7767287,0.3199315,-0.6426201,0.6258105,0.3050319,
1,26,77.317,0.3950847,0.04141982,-0.7767287,0.3199315,-0.6426201,0.6258105,0.3050319,
1,26,77.319,0.3950757,0.04138847,-0.7767642,0.3199437,-0.6426108,0.6257815,0.305098,
1,26,77.321,0.3950757,0.04138847,-0.7767642,0.3199437,-0.6426108,0.6257815,0.305098,
1,26,77.323,0.3950757,0.04138847,-0.7767642,0.3199437,-0.6426108,0.6257815,0.305098,
1,26,77.325,0.3950757,0.04138847,-0.7767642,0.3199437,-0.6426108,0.6257815,0.305098,
1,26,77.327,0.395124,0.0413385,-0.7768594,0.319977,-0.6425917,0.6257243,0.3052209,
1,26,77.329,0.395124,0.0413385,-0.7768594,0.319977,-0.6425917,0.6257243,0.3052209,
1,26,77.331,0.395124,0.0413385,-0.7768594,0.319977,-0.6425917,0.6257243,0.3052209,
1,26,77.333,0.395124,0.0413385,-0.7768594,0.319977,-0.6425917,0.6257243,0.3052209,
1,26,77.335,0.3951139,0.04143514,-0.7768021,0.3199522,-0.642563,0.6257975,0.3051571,
1,26,77.337,0.3951139,0.04143514,-0.7768021,0.3199522,-0.642563,0.6257975,0.3051571,
1,26,77.339,0.3951139,0.04143514,-0.7768021,0.3199522,-0.642563,0.6257975,0.3051571,
1,26,77.341,0.3951139,0.04143514,-0.7768021,0.3199522,-0.642563,0.6257975,0.3051571,
1,26,77.343,0.3950906,0.04144822,-0.776747,0.3199223,-0.642588,0.6258276,0.3050742,
1,26,77.345,0.3950906,0.04144822,-0.776747,0.3199223,-0.642588,0.6258276,0.3050742,
1,26,77.347,0.3950906,0.04144822,-0.776747,0.3199223,-0.642588,0.6258276,0.3050742,
1,26,77.349,0.3950906,0.04144822,-0.776747,0.3199223,-0.642588,0.6258276,0.3050742,
1,26,77.351,0.3950609,0.041504,-0.7767094,0.3199235,-0.6425723,0.6258664,0.3050265,
1,26,77.353,0.3950609,0.041504,-0.7767094,0.3199235,-0.6425723,0.6258664,0.3050265,
1,26,77.355,0.3950609,0.041504,-0.7767094,0.3199235,-0.6425723,0.6258664,0.3050265,
1,26,77.357,0.3950609,0.041504,-0.7767094,0.3199235,-0.6425723,0.6258664,0.3050265,
1,26,77.359,0.3950317,0.04150243,-0.7767229,0.3199468,-0.6425489,0.6258428,0.3050998,
1,26,77.361,0.3950317,0.04150243,-0.7767229,0.3199468,-0.6425489,0.6258428,0.3050998,
1,26,77.363,0.3950317,0.04150243,-0.7767229,0.3199468,-0.6425489,0.6258428,0.3050998,
1,26,77.365,0.3950317,0.04150243,-0.7767229,0.3199468,-0.6425489,0.6258428,0.3050998,
1,26,77.367,0.3950317,0.04150243,-0.7767229,0.3199468,-0.6425489,0.6258428,0.3050998,
1,26,77.369,0.3950757,0.04147051,-0.7767851,0.3200031,-0.6425365,0.6257983,0.3051578,
1,26,77.371,0.3950757,0.04147051,-0.7767851,0.3200031,-0.6425365,0.6257983,0.3051578,
1,26,77.373,0.3950757,0.04147051,-0.7767851,0.3200031,-0.6425365,0.6257983,0.3051578,
1,26,77.375,0.3950757,0.04147051,-0.7767851,0.3200031,-0.6425365,0.6257983,0.3051578,
1,26,77.377,0.3950744,0.04146883,-0.776764,0.3199856,-0.6425812,0.6258085,0.305061,
1,26,77.379,0.3950744,0.04146883,-0.776764,0.3199856,-0.6425812,0.6258085,0.305061,
1,26,77.381,0.3950744,0.04146883,-0.776764,0.3199856,-0.6425812,0.6258085,0.305061,
1,26,77.383,0.3950744,0.04146883,-0.776764,0.3199856,-0.6425812,0.6258085,0.305061,
1,26,77.385,0.3950976,0.04144298,-0.7767769,0.3199852,-0.6425964,0.6258031,0.3050408,
1,26,77.387,0.3950976,0.04144298,-0.7767769,0.3199852,-0.6425964,0.6258031,0.3050408,
1,26,77.389,0.3950976,0.04144298,-0.7767769,0.3199852,-0.6425964,0.6258031,0.3050408,
1,26,77.391,0.3950976,0.04144298,-0.7767769,0.3199852,-0.6425964,0.6258031,0.3050408,
1,26,77.393,0.3950585,0.04140719,-0.7767534,0.3199691,-0.6426307,0.625783,0.3050266,
1,26,77.395,0.3950585,0.04140719,-0.7767534,0.3199691,-0.6426307,0.625783,0.3050266,
1,26,77.397,0.3950585,0.04140719,-0.7767534,0.3199691,-0.6426307,0.625783,0.3050266,
1,26,77.399,0.3950585,0.04140719,-0.7767534,0.3199691,-0.6426307,0.625783,0.3050266,
1,26,77.401,0.3950548,0.04138063,-0.7767498,0.3199447,-0.6426395,0.6257772,0.3050455,
1,26,77.403,0.3950548,0.04138063,-0.7767498,0.3199447,-0.6426395,0.6257772,0.3050455,
1,26,77.405,0.3950548,0.04138063,-0.7767498,0.3199447,-0.6426395,0.6257772,0.3050455,
1,26,77.407,0.3950548,0.04138063,-0.7767498,0.3199447,-0.6426395,0.6257772,0.3050455,
1,26,77.409,0.3950705,0.04140946,-0.7767345,0.319952,-0.6426232,0.6257867,0.3050526,
1,26,77.411,0.3950705,0.04140946,-0.7767345,0.319952,-0.6426232,0.6257867,0.3050526,
1,26,77.413,0.3950705,0.04140946,-0.7767345,0.319952,-0.6426232,0.6257867,0.3050526,
1,26,77.415,0.3950705,0.04140946,-0.7767345,0.319952,-0.6426232,0.6257867,0.3050526,
1,26,77.417,0.3950705,0.04140946,-0.7767345,0.319952,-0.6426232,0.6257867,0.3050526,
1,26,77.419,0.3950728,0.04137827,-0.7767562,0.3199819,-0.6426591,0.6257447,0.305032,
1,26,77.421,0.3950728,0.04137827,-0.7767562,0.3199819,-0.6426591,0.6257447,0.305032,
1,26,77.423,0.3950728,0.04137827,-0.7767562,0.3199819,-0.6426591,0.6257447,0.305032,
1,26,77.425,0.3950728,0.04137827,-0.7767562,0.3199819,-0.6426591,0.6257447,0.305032,
1,26,77.427,0.3950692,0.04139193,-0.7767445,0.3199482,-0.6426442,0.6257702,0.3050466,
1,26,77.429,0.3950692,0.04139193,-0.7767445,0.3199482,-0.6426442,0.6257702,0.3050466,
1,26,77.431,0.3950692,0.04139193,-0.7767445,0.3199482,-0.6426442,0.6257702,0.3050466,
1,26,77.433,0.3950692,0.04139193,-0.7767445,0.3199482,-0.6426442,0.6257702,0.3050466,
1,26,77.435,0.3950741,0.04147832,-0.7767561,0.3199894,-0.6425653,0.6258062,0.3050956,
1,26,77.437,0.3950741,0.04147832,-0.7767561,0.3199894,-0.6425653,0.6258062,0.3050956,
1,26,77.439,0.3950741,0.04147832,-0.7767561,0.3199894,-0.6425653,0.6258062,0.3050956,
1,26,77.441,0.3950741,0.04147832,-0.7767561,0.3199894,-0.6425653,0.6258062,0.3050956,
1,26,77.443,0.3950801,0.04146503,-0.7767866,0.3199539,-0.6425396,0.6258185,0.3051618,
1,26,77.445,0.3950801,0.04146503,-0.7767866,0.3199539,-0.6425396,0.6258185,0.3051618,
1,26,77.447,0.3950801,0.04146503,-0.7767866,0.3199539,-0.6425396,0.6258185,0.3051618,
1,26,77.449,0.3950801,0.04146503,-0.7767866,0.3199539,-0.6425396,0.6258185,0.3051618,
1,26,77.451,0.3950986,0.0413986,-0.7767618,0.3199569,-0.6426368,0.6257701,0.3050529,
1,26,77.453,0.3950986,0.0413986,-0.7767618,0.3199569,-0.6426368,0.6257701,0.3050529,
1,26,77.455,0.3950986,0.0413986,-0.7767618,0.3199569,-0.6426368,0.6257701,0.3050529,
1,26,77.457,0.3950986,0.0413986,-0.7767618,0.3199569,-0.6426368,0.6257701,0.3050529,
1,26,77.459,0.3950942,0.04142722,-0.7767581,0.3199647,-0.6426163,0.6257866,0.3050542,
1,26,77.461,0.3950942,0.04142722,-0.7767581,0.3199647,-0.6426163,0.6257866,0.3050542,
1,26,77.463,0.3950942,0.04142722,-0.7767581,0.3199647,-0.6426163,0.6257866,0.3050542,
1,26,77.465,0.3950942,0.04142722,-0.7767581,0.3199647,-0.6426163,0.6257866,0.3050542,
1,26,77.467,0.3950942,0.04142722,-0.7767581,0.3199647,-0.6426163,0.6257866,0.3050542,
1,26,77.469,0.3950683,0.04143971,-0.7767432,0.3199724,-0.6425964,0.6257817,0.3050981,
1,26,77.471,0.3950683,0.04143971,-0.7767432,0.3199724,-0.6425964,0.6257817,0.3050981,
1,26,77.473,0.3950683,0.04143971,-0.7767432,0.3199724,-0.6425964,0.6257817,0.3050981,
1,26,77.475,0.3950683,0.04143971,-0.7767432,0.3199724,-0.6425964,0.6257817,0.3050981,
1,26,77.477,0.3950804,0.04142101,-0.7767567,0.3199492,-0.6425902,0.6257937,0.3051109,
1,26,77.479,0.3950804,0.04142101,-0.7767567,0.3199492,-0.6425902,0.6257937,0.3051109,
1,26,77.481,0.3950804,0.04142101,-0.7767567,0.3199492,-0.6425902,0.6257937,0.3051109,
1,26,77.483,0.3950804,0.04142101,-0.7767567,0.3199492,-0.6425902,0.6257937,0.3051109,
1,26,77.485,0.3951231,0.04142511,-0.776781,0.3199464,-0.6425841,0.6258043,0.3051047,
1,26,77.487,0.3951231,0.04142511,-0.776781,0.3199464,-0.6425841,0.6258043,0.3051047,
1,26,77.489,0.3951231,0.04142511,-0.776781,0.3199464,-0.6425841,0.6258043,0.3051047,
1,26,77.491,0.3951231,0.04142511,-0.776781,0.3199464,-0.6425841,0.6258043,0.3051047,
1,26,77.493,0.3951411,0.04141352,-0.7768011,0.3199612,-0.6425916,0.6257872,0.305109,
1,26,77.495,0.3951411,0.04141352,-0.7768011,0.3199612,-0.6425916,0.6257872,0.305109,
1,26,77.497,0.3951411,0.04141352,-0.7768011,0.3199612,-0.6425916,0.6257872,0.305109,
1,26,77.499,0.3951411,0.04141352,-0.7768011,0.3199612,-0.6425916,0.6257872,0.305109,
1,26,77.501,0.3950893,0.04138264,-0.7768216,0.3199965,-0.6425799,0.6257339,0.3052055,
1,26,77.503,0.3950893,0.04138264,-0.7768216,0.3199965,-0.6425799,0.6257339,0.3052055,
1,26,77.505,0.3950893,0.04138264,-0.7768216,0.3199965,-0.6425799,0.6257339,0.3052055,
1,26,77.507,0.3950893,0.04138264,-0.7768216,0.3199965,-0.6425799,0.6257339,0.3052055,
1,26,77.509,0.3950595,0.04139984,-0.7767947,0.3199835,-0.6425699,0.6257418,0.3052241,
1,26,77.511,0.3950595,0.04139984,-0.7767947,0.3199835,-0.6425699,0.6257418,0.3052241,
1,26,77.513,0.3950595,0.04139984,-0.7767947,0.3199835,-0.6425699,0.6257418,0.3052241,
1,26,77.515,0.3950595,0.04139984,-0.7767947,0.3199835,-0.6425699,0.6257418,0.3052241,
1,26,77.517,0.3950595,0.04139984,-0.7767947,0.3199835,-0.6425699,0.6257418,0.3052241,
1,26,77.519,0.3951285,0.04126761,-0.7768723,0.320007,-0.6426418,0.6256623,0.3052111,
1,26,77.521,0.3951285,0.04126761,-0.7768723,0.320007,-0.6426418,0.6256623,0.3052111,
1,26,77.523,0.3951285,0.04126761,-0.7768723,0.320007,-0.6426418,0.6256623,0.3052111,
1,26,77.525,0.3951285,0.04126761,-0.7768723,0.320007,-0.6426418,0.6256623,0.3052111,
1,26,77.527,0.3951262,0.04132839,-0.7767892,0.3199844,-0.6426687,0.6256987,0.3051034,
1,26,77.529,0.3951262,0.04132839,-0.7767892,0.3199844,-0.6426687,0.6256987,0.3051034,
1,26,77.531,0.3951262,0.04132839,-0.7767892,0.3199844,-0.6426687,0.6256987,0.3051034,
1,26,77.533,0.3951262,0.04132839,-0.7767892,0.3199844,-0.6426687,0.6256987,0.3051034,
1,26,77.535,0.3950937,0.04140013,-0.7767968,0.319995,-0.6425769,0.6257511,0.3051785,
1,26,77.537,0.3950937,0.04140013,-0.7767968,0.319995,-0.6425769,0.6257511,0.3051785,
1,26,77.539,0.3950937,0.04140013,-0.7767968,0.319995,-0.6425769,0.6257511,0.3051785,
1,26,77.541,0.3950937,0.04140013,-0.7767968,0.319995,-0.6425769,0.6257511,0.3051785,
1,26,77.543,0.3950915,0.04145126,-0.7767751,0.3199639,-0.6425484,0.6258065,0.3051572,
1,26,77.545,0.3950915,0.04145126,-0.7767751,0.3199639,-0.6425484,0.6258065,0.3051572,
1,26,77.547,0.3950915,0.04145126,-0.7767751,0.3199639,-0.6425484,0.6258065,0.3051572,
1,26,77.549,0.3950915,0.04145126,-0.7767751,0.3199639,-0.6425484,0.6258065,0.3051572,
1,26,77.551,0.3950991,0.04144951,-0.7767984,0.319938,-0.6425329,0.6258256,0.3051777,
1,26,77.553,0.3950991,0.04144951,-0.7767984,0.319938,-0.6425329,0.6258256,0.3051777,
1,26,77.555,0.3950991,0.04144951,-0.7767984,0.319938,-0.6425329,0.6258256,0.3051777,
1,26,77.557,0.3950991,0.04144951,-0.7767984,0.319938,-0.6425329,0.6258256,0.3051777,
1,26,77.559,0.3951007,0.04141457,-0.7768031,0.3199624,-0.6425892,0.6257858,0.3051153,
1,26,77.561,0.3951007,0.04141457,-0.7768031,0.3199624,-0.6425892,0.6257858,0.3051153,
1,26,77.563,0.3951007,0.04141457,-0.7768031,0.3199624,-0.6425892,0.6257858,0.3051153,
1,26,77.565,0.3951007,0.04141457,-0.7768031,0.3199624,-0.6425892,0.6257858,0.3051153,
1,26,77.567,0.3951007,0.04141457,-0.7768031,0.3199624,-0.6425892,0.6257858,0.3051153,
1,26,77.569,0.395077,0.04143854,-0.7767565,0.3199815,-0.6425964,0.6257888,0.3050741,
1,26,77.571,0.395077,0.04143854,-0.7767565,0.3199815,-0.6425964,0.6257888,0.3050741,
1,26,77.573,0.395077,0.04143854,-0.7767565,0.3199815,-0.6425964,0.6257888,0.3050741,
1,26,77.575,0.395077,0.04143854,-0.7767565,0.3199815,-0.6425964,0.6257888,0.3050741,
1,26,77.577,0.395047,0.04144616,-0.7767253,0.3199549,-0.6425852,0.6258042,0.305094,
1,26,77.579,0.395047,0.04144616,-0.7767253,0.3199549,-0.6425852,0.6258042,0.305094,
1,26,77.581,0.395047,0.04144616,-0.7767253,0.3199549,-0.6425852,0.6258042,0.305094,
1,26,77.583,0.395047,0.04144616,-0.7767253,0.3199549,-0.6425852,0.6258042,0.305094,
1,26,77.585,0.3950734,0.04143069,-0.776736,0.3199557,-0.6425868,0.6258082,0.3050815,
1,26,77.587,0.3950734,0.04143069,-0.776736,0.3199557,-0.6425868,0.6258082,0.3050815,
1,26,77.589,0.3950734,0.04143069,-0.776736,0.3199557,-0.6425868,0.6258082,0.3050815,
1,26,77.591,0.3950734,0.04143069,-0.776736,0.3199557,-0.6425868,0.6258082,0.3050815,
1,26,77.593,0.3950731,0.04133885,-0.7767989,0.3199614,-0.6425991,0.6257514,0.305166,
1,26,77.595,0.3950731,0.04133885,-0.7767989,0.3199614,-0.6425991,0.6257514,0.305166,
1,26,77.597,0.3950731,0.04133885,-0.7767989,0.3199614,-0.6425991,0.6257514,0.305166,
1,26,77.599,0.3950731,0.04133885,-0.7767989,0.3199614,-0.6425991,0.6257514,0.305166,
1,26,77.601,0.3950926,0.04137899,-0.776834,0.3200045,-0.642554,0.6257366,0.3052461,
1,26,77.603,0.3950926,0.04137899,-0.776834,0.3200045,-0.642554,0.6257366,0.3052461,
1,26,77.605,0.3950926,0.04137899,-0.776834,0.3200045,-0.642554,0.6257366,0.3052461,
1,26,77.607,0.3950926,0.04137899,-0.776834,0.3200045,-0.642554,0.6257366,0.3052461,
1,26,77.609,0.3950906,0.04142857,-0.7768236,0.3199968,-0.6425347,0.6257804,0.3052051,
1,26,77.611,0.3950906,0.04142857,-0.7768236,0.3199968,-0.6425347,0.6257804,0.3052051,
1,26,77.613,0.3950906,0.04142857,-0.7768236,0.3199968,-0.6425347,0.6257804,0.3052051,
1,26,77.615,0.3950906,0.04142857,-0.7768236,0.3199968,-0.6425347,0.6257804,0.3052051,
1,26,77.617,0.3950906,0.04142857,-0.7768236,0.3199968,-0.6425347,0.6257804,0.3052051,
1,26,77.619,0.3951219,0.04138438,-0.7768469,0.3199835,-0.6425584,0.6257803,0.3051694,
1,26,77.621,0.3951219,0.04138438,-0.7768469,0.3199835,-0.6425584,0.6257803,0.3051694,
1,26,77.623,0.3951219,0.04138438,-0.7768469,0.3199835,-0.6425584,0.6257803,0.3051694,
1,26,77.625,0.3951219,0.04138438,-0.7768469,0.3199835,-0.6425584,0.6257803,0.3051694,
1,26,77.627,0.3951303,0.04135315,-0.7768721,0.320005,-0.6425959,0.6257235,0.3051842,
1,26,77.629,0.3951303,0.04135315,-0.7768721,0.320005,-0.6425959,0.6257235,0.3051842,
1,26,77.631,0.3951303,0.04135315,-0.7768721,0.320005,-0.6425959,0.6257235,0.3051842,
1,26,77.633,0.3951303,0.04135315,-0.7768721,0.320005,-0.6425959,0.6257235,0.3051842,
1,26,77.635,0.3951117,0.0414146,-0.776819,0.3200052,-0.6425627,0.6257534,0.3051928,
1,26,77.637,0.3951117,0.0414146,-0.776819,0.3200052,-0.6425627,0.6257534,0.3051928,
1,26,77.639,0.3951117,0.0414146,-0.776819,0.3200052,-0.6425627,0.6257534,0.3051928,
1,26,77.641,0.3951117,0.0414146,-0.776819,0.3200052,-0.6425627,0.6257534,0.3051928,
1,26,77.643,0.3951307,0.0415093,-0.7767915,0.3200096,-0.6424924,0.6258191,0.3052013,
1,26,77.645,0.3951307,0.0415093,-0.7767915,0.3200096,-0.6424924,0.6258191,0.3052013,
1,26,77.647,0.3951307,0.0415093,-0.7767915,0.3200096,-0.6424924,0.6258191,0.3052013,
1,26,77.649,0.3951307,0.0415093,-0.7767915,0.3200096,-0.6424924,0.6258191,0.3052013,
1,26,77.651,0.3951515,0.04148205,-0.7768325,0.3200125,-0.6425124,0.6258031,0.3051889,
1,26,77.653,0.3951515,0.04148205,-0.7768325,0.3200125,-0.6425124,0.6258031,0.3051889,
1,26,77.655,0.3951515,0.04148205,-0.7768325,0.3200125,-0.6425124,0.6258031,0.3051889,
1,26,77.657,0.3951515,0.04148205,-0.7768325,0.3200125,-0.6425124,0.6258031,0.3051889,
1,26,77.659,0.3951491,0.04141012,-0.7768856,0.3200434,-0.6425503,0.6257393,0.3052076,
1,26,77.661,0.3951491,0.04141012,-0.7768856,0.3200434,-0.6425503,0.6257393,0.3052076,
1,26,77.663,0.3951491,0.04141012,-0.7768856,0.3200434,-0.6425503,0.6257393,0.3052076,
1,26,77.665,0.3951491,0.04141012,-0.7768856,0.3200434,-0.6425503,0.6257393,0.3052076,
1,26,77.667,0.3951491,0.04141012,-0.7768856,0.3200434,-0.6425503,0.6257393,0.3052076,
1,26,77.669,0.3951706,0.0414128,-0.7768424,0.3200379,-0.6426044,0.625735,0.3051084,
1,26,77.671,0.3951706,0.0414128,-0.7768424,0.3200379,-0.6426044,0.625735,0.3051084,
1,26,77.673,0.3951706,0.0414128,-0.7768424,0.3200379,-0.6426044,0.625735,0.3051084,
1,26,77.675,0.3951706,0.0414128,-0.7768424,0.3200379,-0.6426044,0.625735,0.3051084,
1,26,77.677,0.3950968,0.04137352,-0.7767857,0.3200184,-0.6426463,0.6257367,0.3050372,
1,26,77.679,0.3950968,0.04137352,-0.7767857,0.3200184,-0.6426463,0.6257367,0.3050372,
1,26,77.681,0.3950968,0.04137352,-0.7767857,0.3200184,-0.6426463,0.6257367,0.3050372,
1,26,77.683,0.3950968,0.04137352,-0.7767857,0.3200184,-0.6426463,0.6257367,0.3050372,
1,26,77.685,0.3951014,0.04139155,-0.7768137,0.3200255,-0.6425987,0.6257445,0.3051137,
1,26,77.687,0.3951014,0.04139155,-0.7768137,0.3200255,-0.6425987,0.6257445,0.3051137,
1,26,77.689,0.3951014,0.04139155,-0.7768137,0.3200255,-0.6425987,0.6257445,0.3051137,
1,26,77.691,0.3951014,0.04139155,-0.7768137,0.3200255,-0.6425987,0.6257445,0.3051137,
1,26,77.693,0.3950927,0.04142617,-0.7767925,0.319993,-0.64257,0.625788,0.3051192,
1,26,77.695,0.3950927,0.04142617,-0.7767925,0.319993,-0.64257,0.625788,0.3051192,
1,26,77.697,0.3950927,0.04142617,-0.7767925,0.319993,-0.64257,0.625788,0.3051192,
1,26,77.699,0.3950927,0.04142617,-0.7767925,0.319993,-0.64257,0.625788,0.3051192,
1,26,77.701,0.3950963,0.04137025,-0.7768154,0.3199698,-0.6425901,0.6257511,0.3051769,
1,26,77.703,0.3950963,0.04137025,-0.7768154,0.3199698,-0.6425901,0.6257511,0.3051769,
1,26,77.705,0.3950963,0.04137025,-0.7768154,0.3199698,-0.6425901,0.6257511,0.3051769,
1,26,77.707,0.3950963,0.04137025,-0.7768154,0.3199698,-0.6425901,0.6257511,0.3051769,
1,26,77.709,0.3951204,0.04130203,-0.776858,0.3199793,-0.6426347,0.6256928,0.3051923,
1,26,77.711,0.3951204,0.04130203,-0.776858,0.3199793,-0.6426347,0.6256928,0.3051923,
1,26,77.713,0.3951204,0.04130203,-0.776858,0.3199793,-0.6426347,0.6256928,0.3051923,
1,26,77.715,0.3951204,0.04130203,-0.776858,0.3199793,-0.6426347,0.6256928,0.3051923,
1,26,77.717,0.3951204,0.04130203,-0.776858,0.3199793,-0.6426347,0.6256928,0.3051923,
1,26,77.719,0.3951291,0.04126368,-0.7769241,0.3200158,-0.642626,0.6256527,0.3052548,
1,26,77.721,0.3951291,0.04126368,-0.7769241,0.3200158,-0.642626,0.6256527,0.3052548,
1,26,77.723,0.3951291,0.04126368,-0.7769241,0.3200158,-0.642626,0.6256527,0.3052548,
1,26,77.725,0.3951291,0.04126368,-0.7769241,0.3200158,-0.642626,0.6256527,0.3052548,
1,26,77.727,0.3951317,0.041429,-0.7768323,0.3200181,-0.642538,0.6257666,0.3052042,
1,26,77.729,0.3951317,0.041429,-0.7768323,0.3200181,-0.642538,0.6257666,0.3052042,
1,26,77.731,0.3951317,0.041429,-0.7768323,0.3200181,-0.642538,0.6257666,0.3052042,
1,26,77.733,0.3951317,0.041429,-0.7768323,0.3200181,-0.642538,0.6257666,0.3052042,
1,26,77.735,0.3951319,0.04142341,-0.7768346,0.3200349,-0.6425475,0.6257522,0.305196,
1,26,77.737,0.3951319,0.04142341,-0.7768346,0.3200349,-0.6425475,0.6257522,0.305196,
1,26,77.739,0.3951319,0.04142341,-0.7768346,0.3200349,-0.6425475,0.6257522,0.305196,
1,26,77.741,0.3951319,0.04142341,-0.7768346,0.3200349,-0.6425475,0.6257522,0.305196,
1,26,77.743,0.3951315,0.04143101,-0.7768385,0.320017,-0.6425476,0.625773,0.3051721,
1,26,77.745,0.3951315,0.04143101,-0.7768385,0.320017,-0.6425476,0.625773,0.3051721,
1,26,77.747,0.3951315,0.04143101,-0.7768385,0.320017,-0.6425476,0.625773,0.3051721,
1,26,77.749,0.3951315,0.04143101,-0.7768385,0.320017,-0.6425476,0.625773,0.3051721,
1,26,77.751,0.3950895,0.04141589,-0.7767795,0.319959,-0.6425933,0.6258023,0.3050764,
1,26,77.753,0.3950895,0.04141589,-0.7767795,0.319959,-0.6425933,0.6258023,0.3050764,
1,26,77.755,0.3950895,0.04141589,-0.7767795,0.319959,-0.6425933,0.6258023,0.3050764,CourtEnter
1,26,77.757,0.3950895,0.04141589,-0.7767795,0.319959,-0.6425933,0.6258023,0.3050764,
1,26,77.759,0.3950629,0.04141977,-0.7767451,0.3199897,-0.6426191,0.6257808,0.3050339,
1,26,77.761,0.3950629,0.04141977,-0.7767451,0.3199897,-0.6426191,0.6257808,0.3050339,
1,26,77.763,0.3950629,0.04141977,-0.7767451,0.3199897,-0.6426191,0.6257808,0.3050339,
1,26,77.765,0.3950629,0.04141977,-0.7767451,0.3199897,-0.6426191,0.6257808,0.3050339,
1,26,77.767,0.3950629,0.04141977,-0.7767451,0.3199897,-0.6426191,0.6257808,0.3050339,CourtExit
1,26,77.769,0.3950687,0.04139504,-0.7767817,0.3200268,-0.642612,0.6257337,0.3051068,
1,26,77.771,0.3950687,0.04139504,-0.7767817,0.3200268,-0.642612,0.6257337,0.3051068,
1,26,77.773,0.3950687,0.04139504,-0.7767817,0.3200268,-0.642612,0.6257337,0.3051068,
1,26,77.775,0.3950687,0.04139504,-0.7767817,0.3200268,-0.642612,0.6257337,0.3051068,
1,26,77.777,0.3950881,0.04146701,-0.7767993,0.3199857,-0.6425532,0.6258092,0.3051186,
1,26,77.779,0.3950881,0.04146701,-0.7767993,0.3199857,-0.6425532,0.6258092,0.3051186,
1,26,77.781,0.3950881,0.04146701,-0.7767993,0.3199857,-0.6425532,0.6258092,0.3051186,
1,26,77.783,0.3950881,0.04146701,-0.7767993,0.3199857,-0.6425532,0.6258092,0.3051186,
1,26,77.785,0.3950801,0.04139743,-0.7767806,0.3199663,-0.6426158,0.6257781,0.3050712,
1,26,77.787,0.3950801,0.04139743,-0.7767806,0.3199663,-0.6426158,0.6257781,0.3050712,
1,26,77.789,0.3950801,0.04139743,-0.7767806,0.3199663,-0.6426158,0.6257781,0.3050712,
1,26,77.791,0.3950801,0.04139743,-0.7767806,0.3199663,-0.6426158,0.6257781,0.3050712,
1,26,77.793,0.3950428,0.04136361,-0.7767876,0.3199739,-0.6426023,0.6257534,0.3051421,
1,26,77.795,0.3950428,0.04136361,-0.7767876,0.3199739,-0.6426023,0.6257534,0.3051421,
1,26,77.797,0.3950428,0.04136361,-0.7767876,0.3199739,-0.6426023,0.6257534,0.3051421,
1,26,77.799,0.3950428,0.04136361,-0.7767876,0.3199739,-0.6426023,0.6257534,0.3051421,
1,26,77.801,0.3950539,0.04139283,-0.7767985,0.3199594,-0.6425707,0.6257766,0.3051763,
1,26,77.803,0.3950539,0.04139283,-0.7767985,0.3199594,-0.6425707,0.6257766,0.3051763,
1,26,77.805,0.3950539,0.04139283,-0.7767985,0.3199594,-0.6425707,0.6257766,0.3051763,
1,26,77.807,0.3950539,0.04139283,-0.7767985,0.3199594,-0.6425707,0.6257766,0.3051763,
1,26,77.809,0.3950893,0.04143479,-0.7768185,0.3199613,-0.6425438,0.6257999,0.3051832,
1,26,77.811,0.3950893,0.04143479,-0.7768185,0.3199613,-0.6425438,0.6257999,0.3051832,
1,26,77.813,0.3950893,0.04143479,-0.7768185,0.3199613,-0.6425438,0.6257999,0.3051832,
1,26,77.815,0.3950893,0.04143479,-0.7768185,0.3199613,-0.6425438,0.6257999,0.3051832,
1,26,77.817,0.3950893,0.04143479,-0.7768185,0.3199613,-0.6425438,0.6257999,0.3051832,
1,26,77.819,0.3950728,0.04142954,-0.7768229,0.3199661,-0.6425379,0.6257877,0.3052155,
1,26,77.821,0.3950728,0.04142954,-0.7768229,0.3199661,-0.6425379,0.6257877,0.3052155,
1,26,77.823,0.3950728,0.04142954,-0.7768229,0.3199661,-0.6425379,0.6257877,0.3052155,
1,26,77.825,0.3950728,0.04142954,-0.7768229,0.3199661,-0.6425379,0.6257877,0.3052155,
1,26,77.827,0.3950897,0.0414323,-0.7768413,0.3199932,-0.6425103,0.6257814,0.3052583,
1,26,77.829,0.3950897,0.0414323,-0.7768413,0.3199932,-0.6425103,0.6257814,0.3052583,
1,26,77.831,0.3950897,0.0414323,-0.7768413,0.3199932,-0.6425103,0.6257814,0.3052583,
1,26,77.833,0.3950897,0.0414323,-0.7768413,0.3199932,-0.6425103,0.6257814,0.3052583,
1,26,77.835,0.3951063,0.04132916,-0.776861,0.3199914,-0.6425949,0.6257111,0.3052258,
1,26,77.837,0.3951063,0.04132916,-0.776861,0.3199914,-0.6425949,0.6257111,0.3052258,
1,26,77.839,0.3951063,0.04132916,-0.776861,0.3199914,-0.6425949,0.6257111,0.3052258,
1,26,77.841,0.3951063,0.04132916,-0.776861,0.3199914,-0.6425949,0.6257111,0.3052258,
1,26,77.843,0.3951054,0.04137817,-0.7768408,0.3200091,-0.6425703,0.6257309,0.3052187,
1,26,77.845,0.3951054,0.04137817,-0.7768408,0.3200091,-0.6425703,0.6257309,0.3052187,
1,26,77.847,0.3951054,0.04137817,-0.7768408,0.3200091,-0.6425703,0.6257309,0.3052187,
1,26,77.849,0.3951054,0.04137817,-0.7768408,0.3200091,-0.6425703,0.6257309,0.3052187,
1,26,77.851,0.3951026,0.04134739,-0.7768664,0.3199815,-0.6425765,0.6257317,0.3052331,
1,26,77.853,0.3951026,0.04134739,-0.7768664,0.3199815,-0.6425765,0.6257317,0.3052331,
1,26,77.855,0.3951026,0.04134739,-0.7768664,0.3199815,-0.6425765,0.6257317,0.3052331,
1,26,77.857,0.3951026,0.04134739,-0.7768664,0.3199815,-0.6425765,0.6257317,0.3052331,
1,26,77.859,0.3950851,0.04136018,-0.7768232,0.3199642,-0.642593,0.6257437,0.305192,
1,26,77.861,0.3950851,0.04136018,-0.7768232,0.3199642,-0.642593,0.6257437,0.305192,
1,26,77.863,0.3950851,0.04136018,-0.7768232,0.3199642,-0.642593,0.6257437,0.305192,
1,26,77.865,0.3950851,0.04136018,-0.7768232,0.3199642,-0.642593,0.6257437,0.305192,
1,26,77.867,0.3950851,0.04136018,-0.7768232,0.3199642,-0.642593,0.6257437,0.305192,
1,26,77.869,0.3950686,0.0414027,-0.7767569,0.3199466,-0.6426195,0.6257692,0.3051021,
1,26,77.871,0.3950686,0.0414027,-0.7767569,0.3199466,-0.6426195,0.6257692,0.3051021,
1,26,77.873,0.3950686,0.0414027,-0.7767569,0.3199466,-0.6426195,0.6257692,0.3051021,
1,26,77.875,0.3950686,0.0414027,-0.7767569,0.3199466,-0.6426195,0.6257692,0.3051021,
1,26,77.877,0.3951537,0.04145374,-0.7767798,0.3199847,-0.6425416,0.6258329,0.3050957,
1,26,77.879,0.3951537,0.04145374,-0.7767798,0.3199847,-0.6425416,0.6258329,0.3050957,
1,26,77.881,0.3951537,0.04145374,-0.7767798,0.3199847,-0.6425416,0.6258329,0.3050957,
1,26,77.883,0.3951537,0.04145374,-0.7767798,0.3199847,-0.6425416,0.6258329,0.3050957,
1,26,77.885,0.3951577,0.04142007,-0.7768213,0.3199936,-0.6425653,0.6257918,0.3051209,
1,26,77.887,0.3951577,0.04142007,-0.7768213,0.3199936,-0.6425653,0.6257918,0.3051209,
1,26,77.889,0.3951577,0.04142007,-0.7768213,0.3199936,-0.6425653,0.6257918,0.3051209,
1,26,77.891,0.3951577,0.04142007,-0.7768213,0.3199936,-0.6425653,0.6257918,0.3051209,
1,26,77.893,0.395136,0.04136637,-0.7768611,0.3200076,-0.6425859,0.6257287,0.3051919,
1,26,77.895,0.395136,0.04136637,-0.7768611,0.3200076,-0.6425859,0.6257287,0.3051919,
1,26,77.897,0.395136,0.04136637,-0.7768611,0.3200076,-0.6425859,0.6257287,0.3051919,
1,26,77.899,0.395136,0.04136637,-0.7768611,0.3200076,-0.6425859,0.6257287,0.3051919,
1,26,77.901,0.3951819,0.0413555,-0.7768955,0.3200863,-0.6425955,0.6256555,0.3052396,
1,26,77.903,0.3951819,0.0413555,-0.7768955,0.3200863,-0.6425955,0.6256555,0.3052396,
1,26,77.905,0.3951819,0.0413555,-0.7768955,0.3200863,-0.6425955,0.6256555,0.3052396,
1,26,77.907,0.3951819,0.0413555,-0.7768955,0.3200863,-0.6425955,0.6256555,0.3052396,
1,26,77.909,0.3952008,0.0413848,-0.7768959,0.3200794,-0.6425837,0.6256855,0.3052098,
1,26,77.911,0.3952008,0.0413848,-0.7768959,0.3200794,-0.6425837,0.6256855,0.3052098,
1,26,77.913,0.3952008,0.0413848,-0.7768959,0.3200794,-0.6425837,0.6256855,0.3052098,
1,26,77.915,0.3952008,0.0413848,-0.7768959,0.3200794,-0.6425837,0.6256855,0.3052098,
1,26,77.917,0.3952008,0.0413848,-0.7768959,0.3200794,-0.6425837,0.6256855,0.3052098,
1,26,77.919,0.3952206,0.04140923,-0.7769015,0.3200693,-0.6425881,0.6257184,0.3051435,
1,26,77.921,0.3952206,0.04140923,-0.7769015,0.3200693,-0.6425881,0.6257184,0.3051435,
1,26,77.923,0.3952206,0.04140923,-0.7769015,0.3200693,-0.6425881,0.6257184,0.3051435,
1,26,77.925,0.3952206,0.04140923,-0.7769015,0.3200693,-0.6425881,0.6257184,0.3051435,
1,26,77.927,0.3951575,0.0413976,-0.7768614,0.3200416,-0.6426206,0.6257287,0.3050835,
1,26,77.929,0.3951575,0.0413976,-0.7768614,0.3200416,-0.6426206,0.6257287,0.3050835,
1,26,77.931,0.3951575,0.0413976,-0.7768614,0.3200416,-0.6426206,0.6257287,0.3050835,
1,26,77.933,0.3951575,0.0413976,-0.7768614,0.3200416,-0.6426206,0.6257287,0.3050835,
1,26,77.935,0.395093,0.04144723,-0.7767525,0.3200277,-0.6426245,0.6257662,0.3050129,
1,26,77.937,0.395093,0.04144723,-0.7767525,0.3200277,-0.6426245,0.6257662,0.3050129,
1,26,77.939,0.395093,0.04144723,-0.7767525,0.3200277,-0.6426245,0.6257662,0.3050129,
1,26,77.941,0.395093,0.04144723,-0.7767525,0.3200277,-0.6426245,0.6257662,0.3050129,
1,26,77.943,0.3951205,0.04139637,-0.7768015,0.3200603,-0.6426481,0.6257249,0.3050137,
1,26,77.945,0.3951205,0.04139637,-0.7768015,0.3200603,-0.6426481,0.6257249,0.3050137,
1,26,77.947,0.3951205,0.04139637,-0.7768015,0.3200603,-0.6426481,0.6257249,0.3050137,
1,26,77.949,0.3951205,0.04139637,-0.7768015,0.3200603,-0.6426481,0.6257249,0.3050137,
1,26,77.951,0.3951045,0.04148261,-0.7767623,0.3200517,-0.6425945,0.6257856,0.3050108,
1,26,77.953,0.3951045,0.04148261,-0.7767623,0.3200517,-0.6425945,0.6257856,0.3050108,
1,26,77.955,0.3951045,0.04148261,-0.7767623,0.3200517,-0.6425945,0.6257856,0.3050108,
1,26,77.957,0.3951045,0.04148261,-0.7767623,0.3200517,-0.6425945,0.6257856,0.3050108,
1,26,77.959,0.3950994,0.04146101,-0.7767895,0.3200321,-0.6425796,0.6257938,0.3050462,
1,26,77.961,0.3950994,0.04146101,-0.7767895,0.3200321,-0.6425796,0.6257938,0.3050462,
1,26,77.963,0.3950994,0.04146101,-0.7767895,0.3200321,-0.6425796,0.6257938,0.3050462,
1,26,77.965,0.3950994,0.04146101,-0.7767895,0.3200321,-0.6425796,0.6257938,0.3050462,
1,26,77.967,0.3950994,0.04146101,-0.7767895,0.3200321,-0.6425796,0.6257938,0.3050462,
1,26,77.969,0.3950681,0.04146593,-0.776774,0.3200567,-0.6425886,0.6257687,0.3050531,
1,26,77.971,0.3950681,0.04146593,-0.776774,0.3200567,-0.6425886,0.6257687,0.3050531,
1,26,77.973,0.3950681,0.04146593,-0.776774,0.3200567,-0.6425886,0.6257687,0.3050531,
1,26,77.975,0.3950681,0.04146593,-0.776774,0.3200567,-0.6425886,0.6257687,0.3050531,
1,26,77.977,0.3950791,0.04140189,-0.7768115,0.3200395,-0.6425954,0.6257429,0.3051094,
1,26,77.979,0.3950791,0.04140189,-0.7768115,0.3200395,-0.6425954,0.6257429,0.3051094,
1,26,77.981,0.3950791,0.04140189,-0.7768115,0.3200395,-0.6425954,0.6257429,0.3051094,
1,26,77.983,0.3950791,0.04140189,-0.7768115,0.3200395,-0.6425954,0.6257429,0.3051094,
1,26,77.985,0.3951313,0.04141226,-0.7768447,0.3200583,-0.642591,0.625739,0.3051071,
1,26,77.987,0.3951313,0.04141226,-0.7768447,0.3200583,-0.642591,0.625739,0.3051071,
1,26,77.989,0.3951313,0.04141226,-0.7768447,0.3200583,-0.642591,0.625739,0.3051071,
1,26,77.991,0.3951313,0.04141226,-0.7768447,0.3200583,-0.642591,0.625739,0.3051071,
1,26,77.993,0.3950779,0.04145739,-0.7767558,0.3200759,-0.6426265,0.6257671,0.3049562,
1,26,77.995,0.3950779,0.04145739,-0.7767558,0.3200759,-0.6426265,0.6257671,0.3049562,
1,26,77.997,0.3950779,0.04145739,-0.7767558,0.3200759,-0.6426265,0.6257671,0.3049562,
1,26,77.999,0.3950779,0.04145739,-0.7767558,0.3200759,-0.6426265,0.6257671,0.3049562,
1,27,78.001,0.3951331,0.04146377,-0.7768366,0.3200875,-0.6425801,0.6257696,0.3050367,CourtExit
1,27,78.003,0.3951331,0.04146377,-0.7768366,0.3200875,-0.6425801,0.6257696,0.3050367,
1,27,78.005,0.3951331,0.04146377,-0.7768366,0.3200875,-0.6425801,0.6257696,0.3050367,
1,27,78.007,0.3951331,0.04146377,-0.7768366,0.3200875,-0.6425801,0.6257696,0.3050367,
1,27,78.009,0.3950901,0.0414215,-0.7768183,0.3200438,-0.6426057,0.6257542,0.30506,
1,27,78.011,0.3950901,0.0414215,-0.7768183,0.3200438,-0.6426057,0.6257542,0.30506,
1,27,78.013,0.3950901,0.0414215,-0.7768183,0.3200438,-0.6426057,0.6257542,0.30506,
1,27,78.015,0.3950901,0.0414215,-0.7768183,0.3200438,-0.6426057,0.6257542,0.30506,
1,27,78.017,0.3950901,0.0414215,-0.7768183,0.3200438,-0.6426057,0.6257542,0.30506,
1,27,78.019,0.3950429,0.04149996,-0.7768262,0.319932,-0.6425446,0.6258443,0.3051209,
1,27,78.021,0.3950429,0.04149996,-0.7768262,0.319932,-0.6425446,0.6258443,0.3051209,
1,27,78.023,0.3950429,0.04149996,-0.7768262,0.319932,-0.6425446,0.6258443,0.3051209,
1,27,78.025,0.3950429,0.04149996,-0.7768262,0.319932,-0.6425446,0.6258443,0.3051209,
1,27,78.027,0.3950845,0.04136595,-0.7769094,0.3199843,-0.6426169,0.6257288,0.305151,
1,27,78.029,0.3950845,0.04136595,-0.7769094,0.3199843,-0.6426169,0.6257288,0.305151,
1,27,78.031,0.3950845,0.04136595,-0.7769094,0.3199843,-0.6426169,0.6257288,0.305151,
1,27,78.033,0.3950845,0.04136595,-0.7769094,0.3199843,-0.6426169,0.6257288,0.305151,
1,27,78.035,0.395027,0.04148903,-0.7767534,0.3199329,-0.6425915,0.6258352,0.3050403,
1,27,78.037,0.395027,0.04148903,-0.7767534,0.3199329,-0.6425915,0.6258352,0.3050403,
1,27,78.039,0.395027,0.04148903,-0.7767534,0.3199329,-0.6425915,0.6258352,0.3050403,
1,27,78.041,0.395027,0.04148903,-0.7767534,0.3199329,-0.6425915,0.6258352,0.3050403,
1,27,78.043,0.3950576,0.04134558,-0.7768741,0.3199534,-0.6426276,0.6257468,0.3051238,
1,27,78.045,0.3950576,0.04134558,-0.7768741,0.3199534,-0.6426276,0.6257468,0.3051238,
1,27,78.047,0.3950576,0.04134558,-0.7768741,0.3199534,-0.6426276,0.6257468,0.3051238,
1,27,78.049,0.3950576,0.04134558,-0.7768741,0.3199534,-0.6426276,0.6257468,0.3051238,
1,27,78.051,0.3950459,0.04149763,-0.7768034,0.3199238,-0.6425322,0.6258519,0.3051404,
1,27,78.053,0.3950459,0.04149763,-0.7768034,0.3199238,-0.6425322,0.6258519,0.3051404,
1,27,78.055,0.3950459,0.04149763,-0.7768034,0.3199238,-0.6425322,0.6258519,0.3051404,
1,27,78.057,0.3950459,0.04149763,-0.7768034,0.3199238,-0.6425322,0.6258519,0.3051404,
1,27,78.059,0.3950836,0.04144388,-0.7768167,0.3199896,-0.6425632,0.6257959,0.3051211,
1,27,78.061,0.3950836,0.04144388,-0.7768167,0.3199896,-0.6425632,0.6257959,0.3051211,
1,27,78.063,0.3950836,0.04144388,-0.7768167,0.3199896,-0.6425632,0.6257959,0.3051211,
1,27,78.065,0.3950836,0.04144388,-0.7768167,0.3199896,-0.6425632,0.6257959,0.3051211,
1,27,78.067,0.3950836,0.04144388,-0.7768167,0.3199896,-0.6425632,0.6257959,0.3051211,
1,27,78.069,0.3950949,0.04140132,-0.7768056,0.3200194,-0.6426296,0.6257501,0.3050438,
1,27,78.071,0.3950949,0.04140132,-0.7768056,0.3200194,-0.6426296,0.6257501,0.3050438,
1,27,78.073,0.3950949,0.04140132,-0.7768056,0.3200194,-0.6426296,0.6257501,0.3050438,
1,27,78.075,0.3950949,0.04140132,-0.7768056,0.3200194,-0.6426296,0.6257501,0.3050438,
1,27,78.077,0.3950583,0.04136509,-0.7768014,0.3199769,-0.6426309,0.6257529,0.3050799,
1,27,78.079,0.3950583,0.04136509,-0.7768014,0.3199769,-0.6426309,0.6257529,0.3050799,
1,27,78.081,0.3950583,0.04136509,-0.7768014,0.3199769,-0.6426309,0.6257529,0.3050799,
1,27,78.083,0.3950583,0.04136509,-0.7768014,0.3199769,-0.6426309,0.6257529,0.3050799,
1,27,78.085,0.3950376,0.04147022,-0.7767771,0.3199565,-0.6425765,0.6258184,0.3050815,
1,27,78.087,0.3950376,0.04147022,-0.7767771,0.3199565,-0.6425765,0.6258184,0.3050815,
1,27,78.089,0.3950376,0.04147022,-0.7767771,0.3199565,-0.6425765,0.6258184,0.3050815,
1,27,78.091,0.3950376,0.04147022,-0.7767771,0.3199565,-0.6425765,0.6258184,0.3050815,
1,27,78.093,0.3950513,0.0415005,-0.7767808,0.3199093,-0.6425616,0.6258597,0.3050775,
1,27,78.095,0.3950513,0.0415005,-0.7767808,0.3199093,-0.6425616,0.6258597,0.3050775,
1,27,78.097,0.3950513,0.0415005,-0.7767808,0.3199093,-0.6425616,0.6258597,0.3050775,
1,27,78.099,0.3950513,0.0415005,-0.7767808,0.3199093,-0.6425616,0.6258597,0.3050775,
1,27,78.101,0.394989,0.04153421,-0.7767447,0.319862,-0.6425101,0.6259123,0.3051279,
1,27,78.103,0.394989,0.04153421,-0.7767447,0.319862,-0.6425101,0.6259123,0.3051279,
1,27,78.105,0.394989,0.04153421,-0.7767447,0.319862,-0.6425101,0.6259123,0.3051279,
1,27,78.107,0.394989,0.04153421,-0.7767447,0.319862,-0.6425101,0.6259123,0.3051279,
1,27,78.109,0.3949725,0.04151575,-0.7767649,0.319857,-0.6424829,0.6258937,0.3052284,
1,27,78.111,0.3949725,0.04151575,-0.7767649,0.319857,-0.6424829,0.6258937,0.3052284,
1,27,78.113,0.3949725,0.04151575,-0.7767649,0.319857,-0.6424829,0.6258937,0.3052284,
1,27,78.115,0.3949725,0.04151575,-0.7767649,0.319857,-0.6424829,0.6258937,0.3052284,
1,27,78.117,0.3949725,0.04151575,-0.7767649,0.319857,-0.6424829,0.6258937,0.3052284,
1,27,78.119,0.3949756,0.04147843,-0.7767866,0.3198049,-0.6425022,0.6259006,0.3052284,
1,27,78.121,0.3949756,0.04147843,-0.7767866,0.3198049,-0.6425022,0.6259006,0.3052284,
1,27,78.123,0.3949756,0.04147843,-0.7767866,0.3198049,-0.6425022,0.6259006,0.3052284,
1,27,78.125,0.3949756,0.04147843,-0.7767866,0.3198049,-0.6425022,0.6259006,0.3052284,
1,27,78.127,0.3950269,0.0414696,-0.7767729,0.319832,-0.6425566,0.6258798,0.3051278,
1,27,78.129,0.3950269,0.0414696,-0.7767729,0.319832,-0.6425566,0.6258798,0.3051278,
1,27,78.131,0.3950269,0.0414696,-0.7767729,0.319832,-0.6425566,0.6258798,0.3051278,
1,27,78.133,0.3950269,0.0414696,-0.7767729,0.319832,-0.6425566,0.6258798,0.3051278,
1,27,78.135,0.3949952,0.04143583,-0.7767245,0.3198461,-0.6426035,0.6258664,0.305042,
1,27,78.137,0.3949952,0.04143583,-0.7767245,0.3198461,-0.6426035,0.6258664,0.305042,
1,27,78.139,0.3949952,0.04143583,-0.7767245,0.3198461,-0.6426035,0.6258664,0.305042,
1,27,78.141,0.3949952,0.04143583,-0.7767245,0.3198461,-0.6426035,0.6258664,0.305042,
1,27,78.143,0.395031,0.04141125,-0.7768202,0.3198983,-0.6425707,0.6258103,0.3051712,
1,27,78.145,0.395031,0.04141125,-0.7768202,0.3198983,-0.6425707,0.6258103,0.3051712,
1,27,78.147,0.395031,0.04141125,-0.7768202,0.3198983,-0.6425707,0.6258103,0.3051712,
1,27,78.149,0.395031,0.04141125,-0.7768202,0.3198983,-0.6425707,0.6258103,0.3051712,
1,27,78.151,0.3950426,0.04135216,-0.7768292,0.3198795,-0.6426049,0.6257805,0.3051799,
1,27,78.153,0.3950426,0.04135216,-0.7768292,0.3198795,-0.6426049,0.6257805,0.3051799,
1,27,78.155,0.3950426,0.04135216,-0.7768292,0.3198795,-0.6426049,0.6257805,0.3051799,
1,27,78.157,0.3950426,0.04135216,-0.7768292,0.3198795,-0.6426049,0.6257805,0.3051799,
1,27,78.159,0.395063,0.04142614,-0.7768046,0.3199225,-0.6425883,0.6258146,0.3051001,
1,27,78.161,0.395063,0.04142614,-0.7768046,0.3199225,-0.6425883,0.6258146,0.3051001,
1,27,78.163,0.395063,0.04142614,-0.7768046,0.3199225,-0.6425883,0.6258146,0.3051001,
1,27,78.165,0.395063,0.04142614,-0.7768046,0.3199225,-0.6425883,0.6258146,0.3051001,
1,27,78.167,0.395063,0.04142614,-0.7768046,0.3199225,-0.6425883,0.6258146,0.3051001,
1,27,78.169,0.3950597,0.04143498,-0.7768142,0.3199118,-0.6425586,0.6258189,0.3051648,
1,27,78.171,0.3950597,0.04143498,-0.7768142,0.3199118,-0.6425586,0.6258189,0.3051648,
1,27,78.173,0.3950597,0.04143498,-0.7768142,0.3199118,-0.6425586,0.6258189,0.3051648,
1,27,78.175,0.3950597,0.04143498,-0.7768142,0.3199118,-0.6425586,0.6258189,0.3051648,
1,27,78.177,0.3951111,0.04142859,-0.7768308,0.3199932,-0.6425601,0.6257983,0.3051187,
1,27,78.179,0.3951111,0.04142859,-0.7768308,0.3199932,-0.6425601,0.6257983,0.3051187,
1,27,78.181,0.3951111,0.04142859,-0.7768308,0.3199932,-0.6425601,0.6257983,0.3051187,
1,27,78.183,0.3951111,0.04142859,-0.7768308,0.3199932,-0.6425601,0.6257983,0.3051187,
1,27,78.185,0.3951197,0.04132529,-0.7768824,0.3200607,-0.642619,0.6256801,0.3051662,
1,27,78.187,0.3951197,0.04132529,-0.7768824,0.3200607,-0.642619,0.6256801,0.3051662,
1,27,78.189,0.3951197,0.04132529,-0.7768824,0.3200607,-0.642619,0.6256801,0.3051662,
1,27,78.191,0.3951197,0.04132529,-0.7768824,0.3200607,-0.642619,0.6256801,0.3051662,
1,27,78.193,0.3951601,0.04139078,-0.7768953,0.3201212,-0.6425703,0.6256866,0.3051922,
1,27,78.195,0.3951601,0.04139078,-0.7768953,0.3201212,-0.6425703,0.6256866,0.3051922,
1,27,78.197,0.3951601,0.04139078,-0.7768953,0.3201212,-0.6425703,0.6256866,0.3051922,
1,27,78.199,0.3951601,0.04139078,-0.7768953,0.3201212,-0.6425703,0.6256866,0.3051922,
1,27,78.201,0.3951501,0.04131525,-0.7769023,0.3200759,-0.6426206,0.6256819,0.3051433,
1,27,78.203,0.3951501,0.04131525,-0.7769023,0.3200759,-0.6426206,0.6256819,0.3051433,
1,27,78.205,0.3951501,0.04131525,-0.7769023,0.3200759,-0.6426206,0.6256819,0.3051433,
1,27,78.207,0.3951501,0.04131525,-0.7769023,0.3200759,-0.6426206,0.6256819,0.3051433,
1,27,78.209,0.3951482,0.04142977,-0.7768465,0.3200859,-0.6425664,0.625745,0.3051174,
1,27,78.211,0.3951482,0.04142977,-0.7768465,0.3200859,-0.6425664,0.625745,0.3051174,
1,27,78.213,0.3951482,0.04142977,-0.7768465,0.3200859,-0.6425664,0.625745,0.3051174,
1,27,78.215,0.3951482,0.04142977,-0.7768465,0.3200859,-0.6425664,0.625745,0.3051174,
1,27,78.217,0.3951482,0.04142977,-0.7768465,0.3200859,-0.6425664,0.625745,0.3051174,
1,27,78.219,0.3951529,0.04139891,-0.7768629,0.3200688,-0.6425846,0.6257403,0.3051069,
1,27,78.221,0.3951529,0.04139891,-0.7768629,0.3200688,-0.6425846,0.6257403,0.3051069,
1,27,78.223,0.3951529,0.04139891,-0.7768629,0.3200688,-0.6425846,0.6257403,0.3051069,
1,27,78.225,0.3951529,0.04139891,-0.7768629,0.3200688,-0.6425846,0.6257403,0.3051069,
1,27,78.227,0.3951032,0.0413902,-0.7767981,0.3200503,-0.6426168,0.6257259,0.3050877,
1,27,78.229,0.3951032,0.0413902,-0.7767981,0.3200503,-0.6426168,0.6257259,0.3050877,
1,27,78.231,0.3951032,0.0413902,-0.7767981,0.3200503,-0.6426168,0.6257259,0.3050877,
1,27,78.233,0.3951032,0.0413902,-0.7767981,0.3200503,-0.6426168,0.6257259,0.3050877,
1,27,78.235,0.3951516,0.04134488,-0.7768297,0.3200457,-0.6426458,0.6257,0.3050851,
1,27,78.237,0.3951516,0.04134488,-0.7768297,0.3200457,-0.6426458,0.6257,0.3050851,
1,27,78.239,0.3951516,0.04134488,-0.7768297,0.3200457,-0.6426458,0.6257,0.3050851,
1,27,78.241,0.3951516,0.04134488,-0.7768297,0.3200457,-0.6426458,0.6257,0.3050851,
1,27,78.243,0.3951349,0.0413884,-0.7768202,0.3200465,-0.6426122,0.6257421,0.3050683,
1,27,78.245,0.3951349,0.0413884,-0.7768202,0.3200465,-0.6426122,0.6257421,0.3050683,
1,27,78.247,0.3951349,0.0413884,-0.7768202,0.3200465,-0.6426122,0.6257421,0.3050683,
1,27,78.249,0.3951349,0.0413884,-0.7768202,0.3200465,-0.6426122,0.6257421,0.3050683,
1,27,78.251,0.3950896,0.04140956,-0.7767655,0.3199995,-0.6425941,0.6257694,0.3050996,
1,27,78.253,0.3950896,0.04140956,-0.7767655,0.3199995,-0.6425941,0.6257694,0.3050996,
1,27,78.255,0.3950896,0.04140956,-0.7767655,0.3199995,-0.6425941,0.6257694,0.3050996,
1,27,78.257,0.3950896,0.04140956,-0.7767655,0.3199995,-0.6425941,0.6257694,0.3050996,
1,27,78.259,0.3951119,0.04141792,-0.776786,0.320016,-0.6426049,0.6257657,0.3050671,
1,27,78.261,0.3951119,0.04141792,-0.776786,0.320016,-0.6426049,0.6257657,0.3050671,
1,27,78.263,0.3951119,0.04141792,-0.776786,0.320016,-0.6426049,0.6257657,0.3050671,
1,27,78.265,0.3951119,0.04141792,-0.776786,0.320016,-0.6426049,0.6257657,0.3050671,
1,27,78.267,0.3951119,0.04141792,-0.776786,0.320016,-0.6426049,0.6257657,0.3050671,
1,27,78.269,0.3951074,0.04139997,-0.7768137,0.3199963,-0.6425635,0.6257803,0.3051452,
1,27,78.271,0.3951074,0.04139997,-0.7768137,0.3199963,-0.6425635,0.6257803,0.3051452,
1,27,78.273,0.3951074,0.04139997,-0.7768137,0.3199963,-0.6425635,0.6257803,0.3051452,
1,27,78.275,0.3951074,0.04139997,-0.7768137,0.3199963,-0.6425635,0.6257803,0.3051452,
1,27,78.277,0.3951477,0.04142202,-0.7768478,0.3200501,-0.6425428,0.625743,0.305209,
1,27,78.279,0.3951477,0.04142202,-0.7768478,0.3200501,-0.6425428,0.625743,0.305209,
1,27,78.281,0.3951477,0.04142202,-0.7768478,0.3200501,-0.6425428,0.625743,0.305209,
1,27,78.283,0.3951477,0.04142202,-0.7768478,0.3200501,-0.6425428,0.625743,0.305209,
1,27,78.285,0.3951397,0.04137906,-0.7768734,0.3200071,-0.6425681,0.6257591,0.3051676,
1,27,78.287,0.3951397,0.04137906,-0.7768734,0.3200071,-0.6425681,0.6257591,0.3051676,
1,27,78.289,0.3951397,0.04137906,-0.7768734,0.3200071,-0.6425681,0.6257591,0.3051676,
1,27,78.291,0.3951397,0.04137906,-0.7768734,0.3200071,-0.6425681,0.6257591,0.3051676,
1,27,78.293,0.3950984,0.04128045,-0.7768424,0.319944,-0.6426509,0.6256964,0.3051881,
1,27,78.295,0.3950984,0.04128045,-0.7768424,0.319944,-0.6426509,0.6256964,0.3051881,
1,27,78.297,0.3950984,0.04128045,-0.7768424,0.319944,-0.6426509,0.6256964,0.3051881,
1,27,78.299,0.3950984,0.04128045,-0.7768424,0.319944,-0.6426509,0.6256964,0.3051881,
1,27,78.301,0.3950648,0.04131444,-0.7767625,0.319921,-0.6426638,0.6257199,0.3051367,
1,27,78.303,0.3950648,0.04131444,-0.7767625,0.319921,-0.6426638,0.6257199,0.3051367,
1,27,78.305,0.3950648,0.04131444,-0.7767625,0.319921,-0.6426638,0.6257199,0.3051367,
1,27,78.307,0.3950648,0.04131444,-0.7767625,0.319921,-0.6426638,0.6257199,0.3051367,
1,27,78.309,0.3950875,0.04133904,-0.7767453,0.3199351,-0.6426923,0.6257432,0.3050144,
1,27,78.311,0.3950875,0.04133904,-0.7767453,0.3199351,-0.6426923,0.6257432,0.3050144,
1,27,78.313,0.3950875,0.04133904,-0.7767453,0.3199351,-0.6426923,0.6257432,0.3050144,
1,27,78.315,0.3950875,0.04133904,-0.7767453,0.3199351,-0.6426923,0.6257432,0.3050144,
1,27,78.317,0.3950875,0.04133904,-0.7767453,0.3199351,-0.6426923,0.6257432,0.3050144,
1,27,78.319,0.3950939,0.04135015,-0.7767987,0.3200011,-0.6426171,0.6257333,0.3051236,
1,27,78.321,0.3950939,0.04135015,-0.7767987,0.3200011,-0.6426171,0.6257333,0.3051236,
1,27,78.323,0.3950939,0.04135015,-0.7767987,0.3200011,-0.6426171,0.6257333,0.3051236,
1,27,78.325,0.3950939,0.04135015,-0.7767987,0.3200011,-0.6426171,0.6257333,0.3051236,
1,27,78.327,0.3951104,0.04140516,-0.7768056,0.3199964,-0.6425951,0.6257713,0.3050971,
1,27,78.329,0.3951104,0.04140516,-0.7768056,0.3199964,-0.6425951,0.6257713,0.3050971,
1,27,78.331,0.3951104,0.04140516,-0.7768056,0.3199964,-0.6425951,0.6257713,0.3050971,
1,27,78.333,0.3951104,0.04140516,-0.7768056,0.3199964,-0.6425951,0.6257713,0.3050971,
1,27,78.335,0.3950855,0.04132814,-0.7768039,0.3200073,-0.6426627,0.6256982,0.3050933,
1,27,78.337,0.3950855,0.04132814,-0.7768039,0.3200073,-0.6426627,0.6256982,0.3050933,
1,27,78.339,0.3950855,0.04132814,-0.7768039,0.3200073,-0.6426627,0.6256982,0.3050933,
1,27,78.341,0.3950855,0.04132814,-0.7768039,0.3200073,-0.6426627,0.6256982,0.3050933,
1,27,78.343,0.3951423,0.0414381,-0.7768206,0.3200471,-0.6425687,0.6257708,0.3051005,
1,27,78.345,0.3951423,0.0414381,-0.7768206,0.3200471,-0.6425687,0.6257708,0.3051005,
1,27,78.347,0.3951423,0.0414381,-0.7768206,0.3200471,-0.6425687,0.6257708,0.3051005,
1,27,78.349,0.3951423,0.0414381,-0.7768206,0.3200471,-0.6425687,0.6257708,0.3051005,
1,27,78.351,0.3951548,0.04142113,-0.7768233,0.3200601,-0.6425983,0.6257584,0.30505,
1,27,78.353,0.3951548,0.04142113,-0.7768233,0.3200601,-0.6425983,0.6257584,0.30505,
1,27,78.355,0.3951548,0.04142113,-0.7768233,0.3200601,-0.6425983,0.6257584,0.30505,
1,27,78.357,0.3951548,0.04142113,-0.7768233,0.3200601,-0.6425983,0.6257584,0.30505,
1,27,78.359,0.3951431,0.04141176,-0.7768642,0.3200703,-0.6425481,0.6257274,0.3052085,
1,27,78.361,0.3951431,0.04141176,-0.7768642,0.3200703,-0.6425481,0.6257274,0.3052085,
1,27,78.363,0.3951431,0.04141176,-0.7768642,0.3200703,-0.6425481,0.6257274,0.3052085,
1,27,78.365,0.3951431,0.04141176,-0.7768642,0.3200703,-0.6425481,0.6257274,0.3052085,
1,27,78.367,0.3951431,0.04141176,-0.7768642,0.3200703,-0.6425481,0.6257274,0.3052085,
1,27,78.369,0.3951294,0.0414349,-0.7767807,0.320038,-0.6426146,0.6257607,0.3050342,
1,27,78.371,0.3951294,0.0414349,-0.7767807,0.320038,-0.6426146,0.6257607,0.3050342,
1,27,78.373,0.3951294,0.0414349,-0.7767807,0.320038,-0.6426146,0.6257607,0.3050342,
1,27,78.375,0.3951294,0.0414349,-0.7767807,0.320038,-0.6426146,0.6257607,0.3050342,
1,27,78.377,0.3951325,0.04143938,-0.7768164,0.3200301,-0.6425637,0.6257931,0.3050831,
1,27,78.379,0.3951325,0.04143938,-0.7768164,0.3200301,-0.6425637,0.6257931,0.3050831,
1,27,78.381,0.3951325,0.04143938,-0.7768164,0.3200301,-0.6425637,0.6257931,0.3050831,
1,27,78.383,0.3951325,0.04143938,-0.7768164,0.3200301,-0.6425637,0.6257931,0.3050831,
1,27,78.385,0.3951072,0.04137363,-0.7768282,0.3200027,-0.6425934,0.6257476,0.3051424,
1,27,78.387,0.3951072,0.04137363,-0.7768282,0.3200027,-0.6425934,0.6257476,0.3051424,
1,27,78.389,0.3951072,0.04137363,-0.7768282,0.3200027,-0.6425934,0.6257476,0.3051424,
1,27,78.391,0.3951072,0.04137363,-0.7768282,0.3200027,-0.6425934,0.6257476,0.3051424,
1,27,78.393,0.3951134,0.04129756,-0.7768558,0.3199988,-0.6426514,0.6257003,0.3051215,
1,27,78.395,0.3951134,0.04129756,-0.7768558,0.3199988,-0.6426514,0.6257003,0.3051215,
1,27,78.397,0.3951134,0.04129756,-0.7768558,0.3199988,-0.6426514,0.6257003,0.3051215,
1,27,78.399,0.3951134,0.04129756,-0.7768558,0.3199988,-0.6426514,0.6257003,0.3051215,
1,27,78.401,0.3951001,0.04137573,-0.7767943,0.3200106,-0.6426284,0.6257277,0.3051015,
1,27,78.403,0.3951001,0.04137573,-0.7767943,0.3200106,-0.6426284,0.6257277,0.3051015,
1,27,78.405,0.3951001,0.04137573,-0.7767943,0.3200106,-0.6426284,0.6257277,0.3051015,
1,27,78.407,0.3951001,0.04137573,-0.7767943,0.3200106,-0.6426284,0.6257277,0.3051015,
1,27,78.409,0.395129,0.04143786,-0.7768058,0.3200798,-0.642607,0.6257553,0.3050176,
1,27,78.411,0.395129,0.04143786,-0.7768058,0.3200798,-0.642607,0.6257553,0.3050176,
1,27,78.413,0.395129,0.04143786,-0.7768058,0.3200798,-0.642607,0.6257553,0.3050176,
1,27,78.415,0.395129,0.04143786,-0.7768058,0.3200798,-0.642607,0.6257553,0.3050176,
1,27,78.417,0.395129,0.04143786,-0.7768058,0.3200798,-0.642607,0.6257553,0.3050176,
1,27,78.419,0.3951141,0.04140963,-0.7768363,0.3200948,-0.6425894,0.6257188,0.3051134,
1,27,78.421,0.3951141,0.04140963,-0.7768363,0.3200948,-0.6425894,0.6257188,0.3051134,
1,27,78.423,0.3951141,0.04140963,-0.7768363,0.3200948,-0.6425894,0.6257188,0.3051134,
1,27,78.425,0.3951141,0.04140963,-0.7768363,0.3200948,-0.6425894,0.6257188,0.3051134,
1,27,78.427,0.3951378,0.04142851,-0.776843,0.320074,-0.6425704,0.6257428,0.3051261,
1,27,78.429,0.3951378,0.04142851,-0.776843,0.320074,-0.6425704,0.6257428,0.3051261,
1,27,78.431,0.3951378,0.04142851,-0.776843,0.320074,-0.6425704,0.6257428,0.3051261,
1,27,78.433,0.3951378,0.04142851,-0.776843,0.320074,-0.6425704,0.6257428,0.3051261,
1,27,78.435,0.395108,0.0414364,-0.7768397,0.3200369,-0.6425511,0.6257664,0.3051572,
1,27,78.437,0.395108,0.0414364,-0.7768397,0.3200369,-0.6425511,0.6257664,0.3051572,
1,27,78.439,0.395108,0.0414364,-0.7768397,0.3200369,-0.6425511,0.6257664,0.3051572,
1,27,78.441,0.395108,0.0414364,-0.7768397,0.3200369,-0.6425511,0.6257664,0.3051572,
1,27,78.443,0.3951501,0.04137003,-0.7768602,0.3200726,-0.6426039,0.6257021,0.3051403,
1,27,78.445,0.3951501,0.04137003,-0.7768602,0.3200726,-0.6426039,0.6257021,0.3051403,
1,27,78.447,0.3951501,0.04137003,-0.7768602,0.3200726,-0.6426039,0.6257021,0.3051403,
1,27,78.449,0.3951501,0.04137003,-0.7768602,0.3200726,-0.6426039,0.6257021,0.3051403,
1,27,78.451,0.3951436,0.0414195,-0.7768535,0.3200409,-0.6425728,0.6257701,0.3050998,
1,27,78.453,0.3951436,0.0414195,-0.7768535,0.3200409,-0.6425728,0.6257701,0.3050998,
1,27,78.455,0.3951436,0.0414195,-0.7768535,0.3200409,-0.6425728,0.6257701,0.3050998,
1,27,78.457,0.3951436,0.0414195,-0.7768535,0.3200409,-0.6425728,0.6257701,0.3050998,
1,27,78.459,0.3951155,0.04143448,-0.7768152,0.3200419,-0.6425828,0.6257784,0.3050606,
1,27,78.461,0.3951155,0.04143448,-0.7768152,0.3200419,-0.6425828,0.6257784,0.3050606,
1,27,78.463,0.3951155,0.04143448,-0.7768152,0.3200419,-0.6425828,0.6257784,0.3050606,
1,27,78.465,0.3951155,0.04143448,-0.7768152,0.3200419,-0.6425828,0.6257784,0.3050606,
1,27,78.467,0.3951155,0.04143448,-0.7768152,0.3200419,-0.6425828,0.6257784,0.3050606,
1,27,78.469,0.3951137,0.04145163,-0.7767875,0.3200224,-0.6425789,0.6257992,0.3050466,
1,27,78.471,0.3951137,0.04145163,-0.7767875,0.3200224,-0.6425789,0.6257992,0.3050466,
1,27,78.473,0.3951137,0.04145163,-0.7767875,0.3200224,-0.6425789,0.6257992,0.3050466,
1,27,78.475,0.3951137,0.04145163,-0.7767875,0.3200224,-0.6425789,0.6257992,0.3050466,
1,27,78.477,0.3951365,0.04138771,-0.7768155,0.3200503,-0.6426219,0.6257427,0.3050426,
1,27,78.479,0.3951365,0.04138771,-0.7768155,0.3200503,-0.6426219,0.6257427,0.3050426,
1,27,78.481,0.3951365,0.04138771,-0.7768155,0.3200503,-0.6426219,0.6257427,0.3050426,
1,27,78.483,0.3951365,0.04138771,-0.7768155,0.3200503,-0.6426219,0.6257427,0.3050426,
1,27,78.485,0.3950832,0.04139448,-0.7768027,0.3200114,-0.6425893,0.6257606,0.3051154,
1,27,78.487,0.3950832,0.04139448,-0.7768027,0.3200114,-0.6425893,0.6257606,0.3051154,
1,27,78.489,0.3950832,0.04139448,-0.7768027,0.3200114,-0.6425893,0.6257606,0.3051154,
1,27,78.491,0.3950832,0.04139448,-0.7768027,0.3200114,-0.6425893,0.6257606,0.3051154,
1,27,78.493,0.3950979,0.04133971,-0.7768006,0.3200052,-0.6426501,0.6257018,0.3051142,
1,27,78.495,0.3950979,0.04133971,-0.7768006,0.3200052,-0.6426501,0.6257018,0.3051142,
1,27,78.497,0.3950979,0.04133971,-0.7768006,0.3200052,-0.6426501,0.6257018,0.3051142,
1,27,78.499,0.3950979,0.04133971,-0.7768006,0.3200052,-0.6426501,0.6257018,0.3051142,
1,27,78.501,0.3951188,0.04142013,-0.7768307,0.3200554,-0.6425639,0.6257681,0.3051074,
1,27,78.503,0.3951188,0.04142013,-0.7768307,0.3200554,-0.6425639,0.6257681,0.3051074,
1,27,78.505,0.3951188,0.04142013,-0.7768307,0.3200554,-0.6425639,0.6257681,0.3051074,
1,27,78.507,0.3951188,0.04142013,-0.7768307,0.3200554,-0.6425639,0.6257681,0.3051074,
1,27,78.509,0.3951013,0.04141687,-0.7768288,0.3200057,-0.6425456,0.6257824,0.3051687,
1,27,78.511,0.3951013,0.04141687,-0.7768288,0.3200057,-0.6425456,0.6257824,0.3051687,
1,27,78.513,0.3951013,0.04141687,-0.7768288,0.3200057,-0.6425456,0.6257824,0.3051687,
1,27,78.515,0.3951013,0.04141687,-0.7768288,0.3200057,-0.6425456,0.6257824,0.3051687,
1,27,78.517,0.3951013,0.04141687,-0.7768288,0.3200057,-0.6425456,0.6257824,0.3051687,
1,27,78.519,0.3951158,0.04143757,-0.7767749,0.3200362,-0.6426013,0.6257727,0.3050394,
1,27,78.521,0.3951158,0.04143757,-0.7767749,0.3200362,-0.6426013,0.6257727,0.3050394,
1,27,78.523,0.3951158,0.04143757,-0.7767749,0.3200362,-0.6426013,0.6257727,0.3050394,
1,27,78.525,0.3951158,0.04143757,-0.7767749,0.3200362,-0.6426013,0.6257727,0.3050394,
1,27,78.527,0.3951046,0.04143222,-0.7768102,0.32006,-0.6425741,0.6257634,0.3050908,
1,27,78.529,0.3951046,0.04143222,-0.7768102,0.32006,-0.6425741,0.6257634,0.3050908,
1,27,78.531,0.3951046,0.04143222,-0.7768102,0.32006,-0.6425741,0.6257634,0.3050908,
1,27,78.533,0.3951046,0.04143222,-0.7768102,0.32006,-0.6425741,0.6257634,0.3050908,
1,27,78.535,0.3951541,0.04127444,-0.7769252,0.3200755,-0.6426252,0.6256489,0.3052018,
1,27,78.537,0.3951541,0.04127444,-0.7769252,0.3200755,-0.6426252,0.6256489,0.3052018,
1,27,78.539,0.3951541,0.04127444,-0.7769252,0.3200755,-0.6426252,0.6256489,0.3052018,
1,27,78.541,0.3951541,0.04127444,-0.7769252,0.3200755,-0.6426252,0.6256489,0.3052018,
1,27,78.543,0.3951304,0.04132434,-0.7769185,0.3201072,-0.6425928,0.6256565,0.3052211,
1,27,78.545,0.3951304,0.04132434,-0.7769185,0.3201072,-0.6425928,0.6256565,0.3052211,
1,27,78.547,0.3951304,0.04132434,-0.7769185,0.3201072,-0.6425928,0.6256565,0.3052211,
1,27,78.549,0.3951304,0.04132434,-0.7769185,0.3201072,-0.6425928,0.6256565,0.3052211,
1,27,78.551,0.3951922,0.04138683,-0.7768965,0.3201124,-0.6425934,0.6256853,0.3051553,
1,27,78.553,0.3951922,0.04138683,-0.7768965,0.3201124,-0.6425934,0.6256853,0.3051553,
1,27,78.555,0.3951922,0.04138683,-0.7768965,0.3201124,-0.6425934,0.6256853,0.3051553,
1,27,78.557,0.3951922,0.04138683,-0.7768965,0.3201124,-0.6425934,0.6256853,0.3051553,
1,27,78.559,0.3951461,0.0414089,-0.7768382,0.3200781,-0.6425976,0.6257383,0.3050734,
1,27,78.561,0.3951461,0.0414089,-0.7768382,0.3200781,-0.6425976,0.6257383,0.3050734,
1,27,78.563,0.3951461,0.0414089,-0.7768382,0.3200781,-0.6425976,0.6257383,0.3050734,
1,27,78.565,0.3951461,0.0414089,-0.7768382,0.3200781,-0.6425976,0.6257383,0.3050734,
1,27,78.567,0.3951461,0.0414089,-0.7768382,0.3200781,-0.6425976,0.6257383,0.3050734,
1,27,78.569,0.3950894,0.04135425,-0.7768318,0.3199582,-0.6426401,0.625737,0.3051127,
1,27,78.571,0.3950894,0.04135425,-0.7768318,0.3199582,-0.6426401,0.625737,0.3051127,
1,27,78.573,0.3950894,0.04135425,-0.7768318,0.3199582,-0.6426401,0.625737,0.3051127,
1,27,78.575,0.3950894,0.04135425,-0.7768318,0.3199582,-0.6426401,0.625737,0.3051127,
1,27,78.577,0.3950348,0.04136512,-0.7768121,0.3199128,-0.6426154,0.6257694,0.3051457,
1,27,78.579,0.3950348,0.04136512,-0.7768121,0.3199128,-0.6426154,0.6257694,0.3051457,
1,27,78.581,0.3950348,0.04136512,-0.7768121,0.3199128,-0.6426154,0.6257694,0.3051457,
1,27,78.583,0.3950348,0.04136512,-0.7768121,0.3199128,-0.6426154,0.6257694,0.3051457,
1,27,78.585,0.3950153,0.04149701,-0.7767521,0.3198821,-0.6425524,0.6258736,0.3050967,
1,27,78.587,0.3950153,0.04149701,-0.7767521,0.3198821,-0.6425524,0.6258736,0.3050967,
1,27,78.589,0.3950153,0.04149701,-0.7767521,0.3198821,-0.6425524,0.6258736,0.3050967,
1,27,78.591,0.3950153,0.04149701,-0.7767521,0.3198821,-0.6425524,0.6258736,0.3050967,
1,27,78.593,0.395081,0.04142611,-0.7768668,0.3198993,-0.6425428,0.6258156,0.3052182,
1,27,78.595,0.395081,0.04142611,-0.7768668,0.3198993,-0.6425428,0.6258156,0.3052182,
1,27,78.597,0.395081,0.04142611,-0.7768668,0.3198993,-0.6425428,0.6258156,0.3052182,
1,27,78.599,0.395081,0.04142611,-0.7768668,0.3198993,-0.6425428,0.6258156,0.3052182,
1,27,78.601,0.395074,0.04146678,-0.7768425,0.3199054,-0.6425433,0.625855,0.3051299,
1,27,78.603,0.395074,0.04146678,-0.7768425,0.3199054,-0.6425433,0.625855,0.3051299,
1,27,78.605,0.395074,0.04146678,-0.7768425,0.3199054,-0.6425433,0.625855,0.3051299,
1,27,78.607,0.395074,0.04146678,-0.7768425,0.3199054,-0.6425433,0.625855,0.3051299,
1,27,78.609,0.3949924,0.04141126,-0.7767045,0.3198235,-0.6426525,0.6258249,0.3050472,
1,27,78.611,0.3949924,0.04141126,-0.7767045,0.3198235,-0.6426525,0.6258249,0.3050472,
1,27,78.613,0.3949924,0.04141126,-0.7767045,0.3198235,-0.6426525,0.6258249,0.3050472,
1,27,78.615,0.3949924,0.04141126,-0.7767045,0.3198235,-0.6426525,0.6258249,0.3050472,
1,27,78.617,0.3949924,0.04141126,-0.7767045,0.3198235,-0.6426525,0.6258249,0.3050472,
1,27,78.619,0.3950222,0.04141379,-0.7767693,0.3198573,-0.6426146,0.6258335,0.3050742,
1,27,78.621,0.3950222,0.04141379,-0.7767693,0.3198573,-0.6426146,0.6258335,0.3050742,
1,27,78.623,0.3950222,0.04141379,-0.7767693,0.3198573,-0.6426146,0.6258335,0.3050742,
1,27,78.625,0.3950222,0.04141379,-0.7767693,0.3198573,-0.6426146,0.6258335,0.3050742,
1,27,78.627,0.3950645,0.04134192,-0.7768465,0.3199332,-0.6426212,0.6257746,0.3051015,
1,27,78.629,0.3950645,0.04134192,-0.7768465,0.3199332,-0.6426212,0.6257746,0.3051015,
1,27,78.631,0.3950645,0.04134192,-0.7768465,0.3199332,-0.6426212,0.6257746,0.3051015,
1,27,78.633,0.3950645,0.04134192,-0.7768465,0.3199332,-0.6426212,0.6257746,0.3051015,
1,27,78.635,0.395045,0.04140633,-0.7768179,0.3199037,-0.6425767,0.6258219,0.3051292,
1,27,78.637,0.395045,0.04140633,-0.7768179,0.3199037,-0.6425767,0.6258219,0.3051292,
1,27,78.639,0.395045,0.04140633,-0.7768179,0.3199037,-0.6425767,0.6258219,0.3051292,
1,27,78.641,0.395045,0.04140633,-0.7768179,0.3199037,-0.6425767,0.6258219,0.3051292,
1,27,78.643,0.3950001,0.0414256,-0.7767876,0.3198627,-0.6425672,0.6258423,0.3051504,
1,27,78.645,0.3950001,0.0414256,-0.7767876,0.3198627,-0.6425672,0.6258423,0.3051504,
1,27,78.647,0.3950001,0.0414256,-0.7767876,0.3198627,-0.6425672,0.6258423,0.3051504,
1,27,78.649,0.3950001,0.0414256,-0.7767876,0.3198627,-0.6425672,0.6258423,0.3051504,
1,27,78.651,0.3950462,0.04144865,-0.7768267,0.3198993,-0.6425314,0.625837,0.3051983,
1,27,78.653,0.3950462,0.04144865,-0.7768267,0.3198993,-0.6425314,0.625837,0.3051983,
1,27,78.655,0.3950462,0.04144865,-0.7768267,0.3198993,-0.6425314,0.625837,0.3051983,
1,27,78.657,0.3950462,0.04144865,-0.7768267,0.3198993,-0.6425314,0.625837,0.3051983,
1,27,78.659,0.3950441,0.04139917,-0.7768153,0.319911,-0.6425755,0.625816,0.305136,
1,27,78.661,0.3950441,0.04139917,-0.7768153,0.319911,-0.6425755,0.625816,0.305136,
1,27,78.663,0.3950441,0.04139917,-0.7768153,0.319911,-0.6425755,0.625816,0.305136,
1,27,78.665,0.3950441,0.04139917,-0.7768153,0.319911,-0.6425755,0.625816,0.305136,
1,27,78.667,0.3950441,0.04139917,-0.7768153,0.319911,-0.6425755,0.625816,0.305136,
1,27,78.669,0.3950169,0.0414697,-0.7767841,0.3198844,-0.6425371,0.6258818,0.3051099,
1,27,78.671,0.3950169,0.0414697,-0.7767841,0.3198844,-0.6425371,0.6258818,0.3051099,
1,27,78.673,0.3950169,0.0414697,-0.7767841,0.3198844,-0.6425371,0.6258818,0.3051099,
1,27,78.675,0.3950169,0.0414697,-0.7767841,0.3198844,-0.6425371,0.6258818,0.3051099,
1,27,78.677,0.3950701,0.04143582,-0.7768543,0.3199035,-0.642511,0.6258479,0.3052147,
1,27,78.679,0.3950701,0.04143582,-0.7768543,0.3199035,-0.642511,0.6258479,0.3052147,
1,27,78.681,0.3950701,0.04143582,-0.7768543,0.3199035,-0.642511,0.6258479,0.3052147,
1,27,78.683,0.3950701,0.04143582,-0.7768543,0.3199035,-0.642511,0.6258479,0.3052147,
1,27,78.685,0.3950787,0.04146537,-0.7768174,0.3198906,-0.6425272,0.6258739,0.3051408,
1,27,78.687,0.3950787,0.04146537,-0.7768174,0.3198906,-0.6425272,0.6258739,0.3051408,
1,27,78.689,0.3950787,0.04146537,-0.7768174,0.3198906,-0.6425272,0.6258739,0.3051408,
1,27,78.691,0.3950787,0.04146537,-0.7768174,0.3198906,-0.6425272,0.6258739,0.3051408,
1,27,78.693,0.3950061,0.04149798,-0.7767762,0.3198416,-0.6424903,0.6259099,0.3051956,
1,27,78.695,0.3950061,0.04149798,-0.7767762,0.3198416,-0.6424903,0.6259099,0.3051956,
1,27,78.697,0.3950061,0.04149798,-0.7767762,0.3198416,-0.6424903,0.6259099,0.3051956,
1,27,78.699,0.3950061,0.04149798,-0.7767762,0.3198416,-0.6424903,0.6259099,0.3051956,
1,27,78.701,0.3950471,0.04147921,-0.7768109,0.3198691,-0.6424797,0.6258716,0.3052676,
1,27,78.703,0.3950471,0.04147921,-0.7768109,0.3198691,-0.6424797,0.6258716,0.3052676,
1,27,78.705,0.3950471,0.04147921,-0.7768109,0.3198691,-0.6424797,0.6258716,0.3052676,
1,27,78.707,0.3950471,0.04147921,-0.7768109,0.3198691,-0.6424797,0.6258716,0.3052676,
1,27,78.709,0.3950852,0.04146375,-0.7768542,0.319892,-0.6425108,0.6258444,0.305234,
1,27,78.711,0.3950852,0.04146375,-0.7768542,0.319892,-0.6425108,0.6258444,0.305234,
1,27,78.713,0.3950852,0.04146375,-0.7768542,0.319892,-0.6425108,0.6258444,0.305234,
1,27,78.715,0.3950852,0.04146375,-0.7768542,0.319892,-0.6425108,0.6258444,0.305234,
1,27,78.717,0.3950852,0.04146375,-0.7768542,0.319892,-0.6425108,0.6258444,0.305234,
1,27,78.719,0.3950754,0.04137575,-0.7768664,0.3199286,-0.642581,0.6257815,0.3051769,
1,27,78.721,0.3950754,0.04137575,-0.7768664,0.3199286,-0.642581,0.6257815,0.3051769,
1,27,78.723,0.3950754,0.04137575,-0.7768664,0.3199286,-0.642581,0.6257815,0.3051769,
1,27,78.725,0.3950754,0.04137575,-0.7768664,0.3199286,-0.642581,0.6257815,0.3051769,
1,27,78.727,0.3950796,0.04144472,-0.7768408,0.3199396,-0.6425506,0.6258196,0.3051512,
1,27,78.729,0.3950796,0.04144472,-0.7768408,0.3199396,-0.6425506,0.6258196,0.3051512,
1,27,78.731,0.3950796,0.04144472,-0.7768408,0.3199396,-0.6425506,0.6258196,0.3051512,
1,27,78.733,0.3950796,0.04144472,-0.7768408,0.3199396,-0.6425506,0.6258196,0.3051512,
1,27,78.735,0.3950278,0.0414593,-0.7767628,0.3199171,-0.6425936,0.6258404,0.3050415,
1,27,78.737,0.3950278,0.0414593,-0.7767628,0.3199171,-0.6425936,0.6258404,0.3050415,
1,27,78.739,0.3950278,0.0414593,-0.7767628,0.3199171,-0.6425936,0.6258404,0.3050415,
1,27,78.741,0.3950278,0.0414593,-0.7767628,0.3199171,-0.6425936,0.6258404,0.3050415,
1,27,78.743,0.3950198,0.04138993,-0.77683,0.3199153,-0.6425908,0.6257913,0.30515,
1,27,78.745,0.3950198,0.04138993,-0.77683,0.3199153,-0.6425908,0.6257913,0.30515,
1,27,78.747,0.3950198,0.04138993,-0.77683,0.3199153,-0.6425908,0.6257913,0.30515,
1,27,78.749,0.3950198,0.04138993,-0.77683,0.3199153,-0.6425908,0.6257913,0.30515,
1,27,78.751,0.3950758,0.04143684,-0.7768362,0.3199225,-0.642575,0.6258186,0.3051197,
1,27,78.753,0.3950758,0.04143684,-0.7768362,0.3199225,-0.642575,0.6258186,0.3051197,
1,27,78.755,0.3950758,0.04143684,-0.7768362,0.3199225,-0.642575,0.6258186,0.3051197,
1,27,78.757,0.3950758,0.04143684,-0.7768362,0.3199225,-0.642575,0.6258186,0.3051197,
1,27,78.759,0.3950324,0.04143613,-0.7767874,0.3199113,-0.6426032,0.6258281,0.3050526,
1,27,78.761,0.3950324,0.04143613,-0.7767874,0.3199113,-0.6426032,0.6258281,0.3050526,
1,27,78.763,0.3950324,0.04143613,-0.7767874,0.3199113,-0.6426032,0.6258281,0.3050526,
1,27,78.765,0.3950324,0.04143613,-0.7767874,0.3199113,-0.6426032,0.6258281,0.3050526,
1,27,78.767,0.3950324,0.04143613,-0.7767874,0.3199113,-0.6426032,0.6258281,0.3050526,
1,27,78.769,0.395032,0.04140587,-0.7767971,0.3198926,-0.6425923,0.6258115,0.3051294,
1,27,78.771,0.395032,0.04140587,-0.7767971,0.3198926,-0.6425923,0.6258115,0.3051294,
1,27,78.773,0.395032,0.04140587,-0.7767971,0.3198926,-0.6425923,0.6258115,0.3051294,
1,27,78.775,0.395032,0.04140587,-0.7767971,0.3198926,-0.6425923,0.6258115,0.3051294,
1,27,78.777,0.3950304,0.04150256,-0.7767689,0.3199131,-0.642557,0.6258677,0.3050669,
1,27,78.779,0.3950304,0.04150256,-0.7767689,0.3199131,-0.642557,0.6258677,0.3050669,
1,27,78.781,0.3950304,0.04150256,-0.7767689,0.3199131,-0.642557,0.6258677,0.3050669,
1,27,78.783,0.3950304,0.04150256,-0.7767689,0.3199131,-0.642557,0.6258677,0.3050669,
1,27,78.785,0.395036,0.04149806,-0.7767891,0.3199271,-0.6425402,0.6258563,0.3051113,
1,27,78.787,0.395036,0.04149806,-0.7767891,0.3199271,-0.6425402,0.6258563,0.3051113,
1,27,78.789,0.395036,0.04149806,-0.7767891,0.3199271,-0.6425402,0.6258563,0.3051113,
1,27,78.791,0.395036,0.04149806,-0.7767891,0.3199271,-0.6425402,0.6258563,0.3051113,
1,27,78.793,0.3950256,0.04154052,-0.776769,0.3199042,-0.6425323,0.625902,0.3050577,
1,27,78.795,0.3950256,0.04154052,-0.776769,0.3199042,-0.6425323,0.625902,0.3050577,
1,27,78.797,0.3950256,0.04154052,-0.776769,0.3199042,-0.6425323,0.625902,0.3050577,
1,27,78.799,0.3950256,0.04154052,-0.776769,0.3199042,-0.6425323,0.625902,0.3050577,
1,27,78.801,0.3950322,0.04152998,-0.7767403,0.3199269,-0.6425567,0.6258893,0.3050089,
1,27,78.803,0.3950322,0.04152998,-0.7767403,0.3199269,-0.6425567,0.6258893,0.3050089,
1,27,78.805,0.3950322,0.04152998,-0.7767403,0.3199269,-0.6425567,0.6258893,0.3050089,
1,27,78.807,0.3950322,0.04152998,-0.7767403,0.3199269,-0.6425567,0.6258893,0.3050089,
1,27,78.809,0.395033,0.04148869,-0.7767419,0.3199251,-0.6425878,0.6258388,0.3050486,
1,27,78.811,0.395033,0.04148869,-0.7767419,0.3199251,-0.6425878,0.6258388,0.3050486,
1,27,78.813,0.395033,0.04148869,-0.7767419,0.3199251,-0.6425878,0.6258388,0.3050486,
1,27,78.815,0.395033,0.04148869,-0.7767419,0.3199251,-0.6425878,0.6258388,0.3050486,
1,27,78.817,0.395033,0.04148869,-0.7767419,0.3199251,-0.6425878,0.6258388,0.3050486,
1,27,78.819,0.395053,0.04150539,-0.7767789,0.3199435,-0.6425658,0.6258578,0.3050367,
1,27,78.821,0.395053,0.04150539,-0.7767789,0.3199435,-0.6425658,0.6258578,0.3050367,
1,27,78.823,0.395053,0.04150539,-0.7767789,0.3199435,-0.6425658,0.6258578,0.3050367,
1,27,78.825,0.395053,0.04150539,-0.7767789,0.3199435,-0.6425658,0.6258578,0.3050367,
1,27,78.827,0.3950424,0.0414847,-0.7767785,0.3199625,-0.6425728,0.6258295,0.3050604,
1,27,78.829,0.3950424,0.0414847,-0.7767785,0.3199625,-0.6425728,0.6258295,0.3050604,
1,27,78.831,0.3950424,0.0414847,-0.7767785,0.3199625,-0.6425728,0.6258295,0.3050604,
1,27,78.833,0.3950424,0.0414847,-0.7767785,0.3199625,-0.6425728,0.6258295,0.3050604,
1,27,78.835,0.3950794,0.04143629,-0.776818,0.3199403,-0.6426175,0.6257989,0.3050518,
1,27,78.837,0.3950794,0.04143629,-0.776818,0.3199403,-0.6426175,0.6257989,0.3050518,
1,27,78.839,0.3950794,0.04143629,-0.776818,0.3199403,-0.6426175,0.6257989,0.3050518,
1,27,78.841,0.3950794,0.04143629,-0.776818,0.3199403,-0.6426175,0.6257989,0.3050518,
1,27,78.843,0.3950769,0.04142868,-0.7768011,0.3199561,-0.6426283,0.6257973,0.305016,
1,27,78.845,0.3950769,0.04142868,-0.7768011,0.3199561,-0.6426283,0.6257973,0.305016,
1,27,78.847,0.3950769,0.04142868,-0.7768011,0.3199561,-0.6426283,0.6257973,0.305016,
1,27,78.849,0.3950769,0.04142868,-0.7768011,0.3199561,-0.6426283,0.6257973,0.305016,
1,27,78.851,0.3950099,0.0414325,-0.7767717,0.3199216,-0.6425974,0.625805,0.3051012,
1,27,78.853,0.3950099,0.0414325,-0.7767717,0.3199216,-0.6425974,0.625805,0.3051012,
1,27,78.855,0.3950099,0.0414325,-0.7767717,0.3199216,-0.6425974,0.625805,0.3051012,
1,27,78.857,0.3950099,0.0414325,-0.7767717,0.3199216,-0.6425974,0.625805,0.3051012,
1,27,78.859,0.3950592,0.04140187,-0.7767369,0.3199119,-0.6426919,0.625775,0.3049742,
1,27,78.861,0.3950592,0.04140187,-0.7767369,0.3199119,-0.6426919,0.625775,0.3049742,
1,27,78.863,0.3950592,0.04140187,-0.7767369,0.3199119,-0.6426919,0.625775,0.3049742,
1,27,78.865,0.3950592,0.04140187,-0.7767369,0.3199119,-0.6426919,0.625775,0.3049742,
1,27,78.867,0.3950592,0.04140187,-0.7767369,0.3199119,-0.6426919,0.625775,0.3049742,
1,27,78.869,0.3949974,0.04142367,-0.7767273,0.319916,-0.6426412,0.6257994,0.3050265,
1,27,78.871,0.3949974,0.04142367,-0.7767273,0.319916,-0.6426412,0.6257994,0.3050265,
1,27,78.873,0.3949974,0.04142367,-0.7767273,0.319916,-0.6426412,0.6257994,0.3050265,
1,27,78.875,0.3949974,0.04142367,-0.7767273,0.319916,-0.6426412,0.6257994,0.3050265,
1,27,78.877,0.3950309,0.04139623,-0.7767813,0.3199028,-0.6426306,0.6258025,0.3050565,
1,27,78.879,0.3950309,0.04139623,-0.7767813,0.3199028,-0.6426306,0.6258025,0.3050565,
1,27,78.881,0.3950309,0.04139623,-0.7767813,0.3199028,-0.6426306,0.6258025,0.3050565,
1,27,78.883,0.3950309,0.04139623,-0.7767813,0.3199028,-0.6426306,0.6258025,0.3050565,
1,27,78.885,0.3950098,0.04134632,-0.7767847,0.3198999,-0.6426768,0.6257481,0.3050737,
1,27,78.887,0.3950098,0.04134632,-0.7767847,0.3198999,-0.6426768,0.6257481,0.3050737,
1,27,78.889,0.3950098,0.04134632,-0.7767847,0.3198999,-0.6426768,0.6257481,0.3050737,
1,27,78.891,0.3950098,0.04134632,-0.7767847,0.3198999,-0.6426768,0.6257481,0.3050737,
1,27,78.893,0.395041,0.04139806,-0.7767847,0.3199055,-0.642627,0.6257948,0.305077,
1,27,78.895,0.395041,0.04139806,-0.7767847,0.3199055,-0.642627,0.6257948,0.305077,
1,27,78.897,0.395041,0.04139806,-0.7767847,0.3199055,-0.642627,0.6257948,0.305077,
1,27,78.899,0.395041,0.04139806,-0.7767847,0.3199055,-0.642627,0.6257948,0.305077,
1,27,78.901,0.3950517,0.04142609,-0.776759,0.3198865,-0.6426321,0.625805,0.3050649,
1,27,78.903,0.3950517,0.04142609,-0.776759,0.3198865,-0.6426321,0.625805,0.3050649,
1,27,78.905,0.3950517,0.04142609,-0.776759,0.3198865,-0.6426321,0.625805,0.3050649,
1,27,78.907,0.3950517,0.04142609,-0.776759,0.3198865,-0.6426321,0.625805,0.3050649,
1,27,78.909,0.3949922,0.04143753,-0.7767049,0.3198367,-0.6426237,0.6258667,0.3050088,
1,27,78.911,0.3949922,0.04143753,-0.7767049,0.3198367,-0.6426237,0.6258667,0.3050088,
1,27,78.913,0.3949922,0.04143753,-0.7767049,0.3198367,-0.6426237,0.6258667,0.3050088,
1,27,78.915,0.3949922,0.04143753,-0.7767049,0.3198367,-0.6426237,0.6258667,0.3050088,
1,27,78.917,0.3949922,0.04143753,-0.7767049,0.3198367,-0.6426237,0.6258667,0.3050088,
1,27,78.919,0.395007,0.04151202,-0.7767237,0.3198869,-0.6425551,0.6258969,0.3050385,
1,27,78.921,0.395007,0.04151202,-0.7767237,0.3198869,-0.6425551,0.6258969,0.3050385,
1,27,78.923,0.395007,0.04151202,-0.7767237,0.3198869,-0.6425551,0.6258969,0.3050385,
1,27,78.925,0.395007,0.04151202,-0.7767237,0.3198869,-0.6425551,0.6258969,0.3050385,
1,27,78.927,0.395032,0.04142122,-0.7767819,0.3198861,-0.6425908,0.6258417,0.3050775,
1,27,78.929,0.395032,0.04142122,-0.7767819,0.3198861,-0.6425908,0.6258417,0.3050775,
1,27,78.931,0.395032,0.04142122,-0.7767819,0.3198861,-0.6425908,0.6258417,0.3050775,
1,27,78.933,0.395032,0.04142122,-0.7767819,0.3198861,-0.6425908,0.6258417,0.3050775,
1,27,78.935,0.3949989,0.04143487,-0.776742,0.3198742,-0.6425882,0.6258363,0.3051065,
1,27,78.937,0.3949989,0.04143487,-0.776742,0.3198742,-0.6425882,0.6258363,0.3051065,
1,27,78.939,0.3949989,0.04143487,-0.776742,0.3198742,-0.6425882,0.6258363,0.3051065,
1,27,78.941,0.3949989,0.04143487,-0.776742,0.3198742,-0.6425882,0.6258363,0.3051065,
1,27,78.943,0.3950271,0.04145929,-0.7767437,0.3198787,-0.6425773,0.6258427,0.3051113,
1,27,78.945,0.3950271,0.04145929,-0.7767437,0.3198787,-0.6425773,0.6258427,0.3051113,
1,27,78.947,0.3950271,0.04145929,-0.7767437,0.3198787,-0.6425773,0.6258427,0.3051113,
1,27,78.949,0.3950271,0.04145929,-0.7767437,0.3198787,-0.6425773,0.6258427,0.3051113,
1,27,78.951,0.3950428,0.04146663,-0.7767277,0.3199081,-0.6426011,0.6258481,0.3050194,
1,27,78.953,0.3950428,0.04146663,-0.7767277,0.3199081,-0.6426011,0.6258481,0.3050194,
1,27,78.955,0.3950428,0.04146663,-0.7767277,0.3199081,-0.6426011,0.6258481,0.3050194,
1,27,78.957,0.3950428,0.04146663,-0.7767277,0.3199081,-0.6426011,0.6258481,0.3050194,
1,27,78.959,0.3950742,0.0414304,-0.7767788,0.3199696,-0.6426294,0.6258036,0.3049866,
1,27,78.961,0.3950742,0.0414304,-0.7767788,0.3199696,-0.6426294,0.6258036,0.3049866,
1,27,78.963,0.3950742,0.0414304,-0.7767788,0.3199696,-0.6426294,0.6258036,0.3049866,
1,27,78.965,0.3950742,0.0414304,-0.7767788,0.3199696,-0.6426294,0.6258036,0.3049866,
1,27,78.967,0.3950742,0.0414304,-0.7767788,0.3199696,-0.6426294,0.6258036,0.3049866,
1,27,78.969,0.3950356,0.0414286,-0.7768127,0.3199798,-0.6425881,0.6257926,0.3050857,
1,27,78.971,0.3950356,0.0414286,-0.7768127,0.3199798,-0.6425881,0.6257926,0.3050857,
1,27,78.973,0.3950356,0.0414286,-0.7768127,0.3199798,-0.6425881,0.6257926,0.3050857,
1,27,78.975,0.3950356,0.0414286,-0.7768127,0.3199798,-0.6425881,0.6257926,0.3050857,
1,27,78.977,0.3950388,0.04143478,-0.7767717,0.3199067,-0.6425828,0.6258381,0.3050801,
1,27,78.979,0.3950388,0.04143478,-0.7767717,0.3199067,-0.6425828,0.6258381,0.3050801,
1,27,78.981,0.3950388,0.04143478,-0.7767717,0.3199067,-0.6425828,0.6258381,0.3050801,
1,27,78.983,0.3950388,0.04143478,-0.7767717,0.3199067,-0.6425828,0.6258381,0.3050801,
1,27,78.985,0.3950449,0.04154418,-0.7767334,0.319971,-0.6425593,0.6258687,0.3049991,
1,27,78.987,0.3950449,0.04154418,-0.7767334,0.319971,-0.6425593,0.6258687,0.3049991,
1,27,78.989,0.3950449,0.04154418,-0.7767334,0.319971,-0.6425593,0.6258687,0.3049991,
1,27,78.991,0.3950449,0.04154418,-0.7767334,0.319971,-0.6425593,0.6258687,0.3049991,
1,27,78.993,0.3950386,0.04142987,-0.7767742,0.3199303,-0.642603,0.6258091,0.3050722,
1,27,78.995,0.3950386,0.04142987,-0.7767742,0.3199303,-0.642603,0.6258091,0.3050722,
1,27,78.997,0.3950386,0.04142987,-0.7767742,0.3199303,-0.642603,0.6258091,0.3050722,
1,27,78.999,0.3950386,0.04142987,-0.7767742,0.3199303,-0.642603,0.6258091,0.3050722,
1,27,79.001,0.3950419,0.04139668,-0.7767771,0.3199018,-0.6426123,0.6258147,0.3050706,
1,27,79.003,0.3950419,0.04139668,-0.7767771,0.3199018,-0.6426123,0.6258147,0.3050706,
1,27,79.005,0.3950419,0.04139668,-0.7767771,0.3199018,-0.6426123,0.6258147,0.3050706,
1,27,79.007,0.3950419,0.04139668,-0.7767771,0.3199018,-0.6426123,0.6258147,0.3050706,
1,27,79.009,0.3950153,0.04136916,-0.7767798,0.3198954,-0.6426252,0.6257859,0.3051094,
1,27,79.011,0.3950153,0.04136916,-0.7767798,0.3198954,-0.6426252,0.6257859,0.3051094,
1,27,79.013,0.3950153,0.04136916,-0.7767798,0.3198954,-0.6426252,0.6257859,0.3051094,
1,27,79.015,0.3950153,0.04136916,-0.7767798,0.3198954,-0.6426252,0.6257859,0.3051094,
1,27,79.017,0.3950153,0.04136916,-0.7767798,0.3198954,-0.6426252,0.6257859,0.3051094,
1,27,79.019,0.3950744,0.0413804,-0.7768837,0.319926,-0.6425534,0.6257719,0.3052575,
1,27,79.021,0.3950744,0.0413804,-0.7768837,0.319926,-0.6425534,0.6257719,0.3052575,
1,27,79.023,0.3950744,0.0413804,-0.7768837,0.319926,-0.6425534,0.6257719,0.3052575,
1,27,79.025,0.3950744,0.0413804,-0.7768837,0.319926,-0.6425534,0.6257719,0.3052575,
1,27,79.027,0.395074,0.04146691,-0.7768582,0.3198973,-0.6424814,0.6258596,0.3052592,
1,27,79.029,0.395074,0.04146691,-0.7768582,0.3198973,-0.6424814,0.6258596,0.3052592,
1,27,79.031,0.395074,0.04146691,-0.7768582,0.3198973,-0.6424814,0.6258596,0.3052592,
1,27,79.033,0.395074,0.04146691,-0.7768582,0.3198973,-0.6424814,0.6258596,0.3052592,
1,27,79.035,0.3950751,0.04141005,-0.7768917,0.3199007,-0.6425136,0.62582,0.3052688,
1,27,79.037,0.3950751,0.04141005,-0.7768917,0.3199007,-0.6425136,0.62582,0.3052688,
1,27,79.039,0.3950751,0.04141005,-0.7768917,0.3199007,-0.6425136,0.62582,0.3052688,
1,27,79.041,0.3950751,0.04141005,-0.7768917,0.3199007,-0.6425136,0.62582,0.3052688,
1,27,79.043,0.3950607,0.04140202,-0.7768535,0.3199335,-0.6425587,0.6257962,0.3051885,
1,27,79.045,0.3950607,0.04140202,-0.7768535,0.3199335,-0.6425587,0.6257962,0.3051885,
1,27,79.047,0.3950607,0.04140202,-0.7768535,0.3199335,-0.6425587,0.6257962,0.3051885,
1,27,79.049,0.3950607,0.04140202,-0.7768535,0.3199335,-0.6425587,0.6257962,0.3051885,
1,27,79.051,0.3950786,0.04140974,-0.7768048,0.3199531,-0.6425633,0.6258116,0.3051268,
1,27,79.053,0.3950786,0.04140974,-0.7768048,0.3199531,-0.6425633,0.6258116,0.3051268,
1,27,79.055,0.3950786,0.04140974,-0.7768048,0.3199531,-0.6425633,0.6258116,0.3051268,
1,27,79.057,0.3950786,0.04140974,-0.7768048,0.3199531,-0.6425633,0.6258116,0.3051268,
1,27,79.059,0.395093,0.04133689,-0.7768402,0.3200663,-0.6425898,0.6256996,0.3051817,
1,27,79.061,0.395093,0.04133689,-0.7768402,0.3200663,-0.6425898,0.6256996,0.3051817,
1,27,79.063,0.395093,0.04133689,-0.7768402,0.3200663,-0.6425898,0.6256996,0.3051817,
1,27,79.065,0.395093,0.04133689,-0.7768402,0.3200663,-0.6425898,0.6256996,0.3051817,
1,27,79.067,0.395093,0.04133689,-0.7768402,0.3200663,-0.6425898,0.6256996,0.3051817,
1,27,79.069,0.3951175,0.04141187,-0.7767983,0.3200532,-0.6425902,0.6257604,0.3050702,
1,27,79.071,0.3951175,0.04141187,-0.7767983,0.3200532,-0.6425902,0.6257604,0.3050702,
1,27,79.073,0.3951175,0.04141187,-0.7767983,0.3200532,-0.6425902,0.6257604,0.3050702,
1,27,79.075,0.3951175,0.04141187,-0.7767983,0.3200532,-0.6425902,0.6257604,0.3050702,
1,27,79.077,0.3951258,0.04141462,-0.7768202,0.32007,-0.642595,0.6257582,0.3050467,
1,27,79.079,0.3951258,0.04141462,-0.7768202,0.32007,-0.642595,0.6257582,0.3050467,
1,27,79.081,0.3951258,0.04141462,-0.7768202,0.32007,-0.642595,0.6257582,0.3050467,
1,27,79.083,0.3951258,0.04141462,-0.7768202,0.32007,-0.642595,0.6257582,0.3050467,
1,27,79.085,0.3951324,0.04138855,-0.7768471,0.3200481,-0.6425925,0.6257491,0.3050937,
1,27,79.087,0.3951324,0.04138855,-0.7768471,0.3200481,-0.6425925,0.6257491,0.3050937,
1,27,79.089,0.3951324,0.04138855,-0.7768471,0.3200481,-0.6425925,0.6257491,0.3050937,
1,27,79.091,0.3951324,0.04138855,-0.7768471,0.3200481,-0.6425925,0.6257491,0.3050937,
1,27,79.093,0.3951522,0.04136972,-0.7768609,0.3200693,-0.6425862,0.6256953,0.3051949,
1,27,79.095,0.3951522,0.04136972,-0.7768609,0.3200693,-0.6425862,0.6256953,0.3051949,
1,27,79.097,0.3951522,0.04136972,-0.7768609,0.3200693,-0.6425862,0.6256953,0.3051949,
1,27,79.099,0.3951522,0.04136972,-0.7768609,0.3200693,-0.6425862,0.6256953,0.3051949,
1,27,79.101,0.3951315,0.04138689,-0.7768208,0.3200695,-0.642624,0.6257214,0.3050615,
1,27,79.103,0.3951315,0.04138689,-0.7768208,0.3200695,-0.642624,0.6257214,0.3050615,
1,27,79.105,0.3951315,0.04138689,-0.7768208,0.3200695,-0.642624,0.6257214,0.3050615,
1,27,79.107,0.3951315,0.04138689,-0.7768208,0.3200695,-0.642624,0.6257214,0.3050615,
1,27,79.109,0.3951429,0.04133825,-0.7768089,0.3200722,-0.6426885,0.6256883,0.3049909,
1,27,79.111,0.3951429,0.04133825,-0.7768089,0.3200722,-0.6426885,0.6256883,0.3049909,
1,27,79.113,0.3951429,0.04133825,-0.7768089,0.3200722,-0.6426885,0.6256883,0.3049909,
1,27,79.115,0.3951429,0.04133825,-0.7768089,0.3200722,-0.6426885,0.6256883,0.3049909,
1,27,79.117,0.3951429,0.04133825,-0.7768089,0.3200722,-0.6426885,0.6256883,0.3049909,
1,27,79.119,0.3951538,0.04141953,-0.7768421,0.3200685,-0.6425759,0.6257589,0.3050872,
1,27,79.121,0.3951538,0.04141953,-0.7768421,0.3200685,-0.6425759,0.6257589,0.3050872,
1,27,79.123,0.3951538,0.04141953,-0.7768421,0.3200685,-0.6425759,0.6257589,0.3050872,
1,27,79.125,0.3951538,0.04141953,-0.7768421,0.3200685,-0.6425759,0.6257589,0.3050872,
1,27,79.127,0.3951043,0.04145502,-0.7767839,0.3200615,-0.6425803,0.6257817,0.3050384,
1,27,79.129,0.3951043,0.04145502,-0.7767839,0.3200615,-0.6425803,0.6257817,0.3050384,
1,27,79.131,0.3951043,0.04145502,-0.7767839,0.3200615,-0.6425803,0.6257817,0.3050384,
1,27,79.133,0.3951043,0.04145502,-0.7767839,0.3200615,-0.6425803,0.6257817,0.3050384,
1,27,79.135,0.3950937,0.04144712,-0.7767947,0.320076,-0.6425776,0.6257515,0.3050909,
1,27,79.137,0.3950937,0.04144712,-0.7767947,0.320076,-0.6425776,0.6257515,0.3050909,
1,27,79.139,0.3950937,0.04144712,-0.7767947,0.320076,-0.6425776,0.6257515,0.3050909,
1,27,79.141,0.3950937,0.04144712,-0.7767947,0.320076,-0.6425776,0.6257515,0.3050909,
1,27,79.143,0.3951153,0.04141949,-0.7768334,0.3200924,-0.6425734,0.6257227,0.3051419,
1,27,79.145,0.3951153,0.04141949,-0.7768334,0.3200924,-0.6425734,0.6257227,0.3051419,
1,27,79.147,0.3951153,0.04141949,-0.7768334,0.3200924,-0.6425734,0.6257227,0.3051419,
1,27,79.149,0.3951153,0.04141949,-0.7768334,0.3200924,-0.6425734,0.6257227,0.3051419,
1,27,79.151,0.3951443,0.04137511,-0.77687,0.3200845,-0.6425951,0.6257012,0.3051484,
1,27,79.153,0.3951443,0.04137511,-0.77687,0.3200845,-0.6425951,0.6257012,0.3051484,
1,27,79.155,0.3951443,0.04137511,-0.77687,0.3200845,-0.6425951,0.6257012,0.3051484,
1,27,79.157,0.3951443,0.04137511,-0.77687,0.3200845,-0.6425951,0.6257012,0.3051484,
1,27,79.159,0.3951449,0.04135864,-0.7768681,0.3200759,-0.6426185,0.6257089,0.3050923,
1,27,79.161,0.3951449,0.04135864,-0.7768681,0.3200759,-0.6426185,0.6257089,0.3050923,
1,27,79.163,0.3951449,0.04135864,-0.7768681,0.3200759,-0.6426185,0.6257089,0.3050923,
1,27,79.165,0.3951449,0.04135864,-0.7768681,0.3200759,-0.6426185,0.6257089,0.3050923,
1,27,79.167,0.3951449,0.04135864,-0.7768681,0.3200759,-0.6426185,0.6257089,0.3050923,
1,27,79.169,0.3951174,0.04139148,-0.7768262,0.3200547,-0.6426094,0.6257417,0.3050666,
1,27,79.171,0.3951174,0.04139148,-0.7768262,0.3200547,-0.6426094,0.6257417,0.3050666,
1,27,79.173,0.3951174,0.04139148,-0.7768262,0.3200547,-0.6426094,0.6257417,0.3050666,
1,27,79.175,0.3951174,0.04139148,-0.7768262,0.3200547,-0.6426094,0.6257417,0.3050666,
1,27,79.177,0.3950976,0.0413993,-0.7767884,0.3200665,-0.64262,0.6257223,0.3050714,
1,27,79.179,0.3950976,0.0413993,-0.7767884,0.3200665,-0.64262,0.6257223,0.3050714,
1,27,79.181,0.3950976,0.0413993,-0.7767884,0.3200665,-0.64262,0.6257223,0.3050714,CourtEnter
1,27,79.183,0.3950976,0.0413993,-0.7767884,0.3200665,-0.64262,0.6257223,0.3050714,
1,27,79.185,0.3950858,0.04137829,-0.7767971,0.3200662,-0.6426126,0.6257008,0.3051315,
1,27,79.187,0.3950858,0.04137829,-0.7767971,0.3200662,-0.6426126,0.6257008,0.3051315,
1,27,79.189,0.3950858,0.04137829,-0.7767971,0.3200662,-0.6426126,0.6257008,0.3051315,CourtExit
1,27,79.191,0.3950858,0.04137829,-0.7767971,0.3200662,-0.6426126,0.6257008,0.3051315,
1,27,79.193,0.3951263,0.04139925,-0.776827,0.3200333,-0.6425688,0.6257465,0.3051645,
1,27,79.195,0.3951263,0.04139925,-0.776827,0.3200333,-0.6425688,0.6257465,0.3051645,
1,27,79.197,0.3951263,0.04139925,-0.776827,0.3200333,-0.6425688,0.6257465,0.3051645,
1,27,79.199,0.3951263,0.04139925,-0.776827,0.3200333,-0.6425688,0.6257465,0.3051645,
1,27,79.201,0.3951142,0.04143861,-0.7767832,0.3200078,-0.6425884,0.6257821,0.3050771,
1,27,79.203,0.3951142,0.04143861,-0.7767832,0.3200078,-0.6425884,0.6257821,0.3050771,
1,27,79.205,0.3951142,0.04143861,-0.7767832,0.3200078,-0.6425884,0.6257821,0.3050771,
1,27,79.207,0.3951142,0.04143861,-0.7767832,0.3200078,-0.6425884,0.6257821,0.3050771,
1,27,79.209,0.3950908,0.04147119,-0.7767431,0.3199795,-0.6425753,0.6258216,0.3050534,
1,27,79.211,0.3950908,0.04147119,-0.7767431,0.3199795,-0.6425753,0.6258216,0.3050534,
1,27,79.213,0.3950908,0.04147119,-0.7767431,0.3199795,-0.6425753,0.6258216,0.3050534,
1,27,79.215,0.3950908,0.04147119,-0.7767431,0.3199795,-0.6425753,0.6258216,0.3050534,
1,27,79.217,0.3950908,0.04147119,-0.7767431,0.3199795,-0.6425753,0.6258216,0.3050534,
1,27,79.219,0.3950795,0.04141713,-0.7767872,0.3200178,-0.6425798,0.6257691,0.3051112,
1,27,79.221,0.3950795,0.04141713,-0.7767872,0.3200178,-0.6425798,0.6257691,0.3051112,
1,27,79.223,0.3950795,0.04141713,-0.7767872,0.3200178,-0.6425798,0.6257691,0.3051112,
1,27,79.225,0.3950795,0.04141713,-0.7767872,0.3200178,-0.6425798,0.6257691,0.3051112,
1,27,79.227,0.3951319,0.04139084,-0.7768588,0.3200385,-0.6425628,0.6257457,0.3051735,
1,27,79.229,0.3951319,0.04139084,-0.7768588,0.3200385,-0.6425628,0.6257457,0.3051735,
1,27,79.231,0.3951319,0.04139084,-0.7768588,0.3200385,-0.6425628,0.6257457,0.3051735,
1,27,79.233,0.3951319,0.04139084,-0.7768588,0.3200385,-0.6425628,0.6257457,0.3051735,
1,27,79.235,0.3951271,0.04144938,-0.7768558,0.3200483,-0.6425046,0.6257776,0.3052204,
1,27,79.237,0.3951271,0.04144938,-0.7768558,0.3200483,-0.6425046,0.6257776,0.3052204,
1,27,79.239,0.3951271,0.04144938,-0.7768558,0.3200483,-0.6425046,0.6257776,0.3052204,
1,27,79.241,0.3951271,0.04144938,-0.7768558,0.3200483,-0.6425046,0.6257776,0.3052204,
1,27,79.243,0.3951523,0.04145345,-0.7768255,0.3200261,-0.6425321,0.6258016,0.3051365,
1,27,79.245,0.3951523,0.04145345,-0.7768255,0.3200261,-0.6425321,0.6258016,0.3051365,
1,27,79.247,0.3951523,0.04145345,-0.7768255,0.3200261,-0.6425321,0.6258016,0.3051365,
1,27,79.249,0.3951523,0.04145345,-0.7768255,0.3200261,-0.6425321,0.6258016,0.3051365,
1,27,79.251,0.3951537,0.04143928,-0.7768424,0.3200468,-0.6425509,0.6257896,0.3050995,
1,27,79.253,0.3951537,0.04143928,-0.7768424,0.3200468,-0.6425509,0.6257896,0.3050995,
1,27,79.255,0.3951537,0.04143928,-0.7768424,0.3200468,-0.6425509,0.6257896,0.3050995,
1,27,79.257,0.3951537,0.04143928,-0.7768424,0.3200468,-0.6425509,0.6257896,0.3050995,
1,27,79.259,0.3951034,0.04146153,-0.7768209,0.3200408,-0.642523,0.6257952,0.3051532,
1,27,79.261,0.3951034,0.04146153,-0.7768209,0.3200408,-0.642523,0.6257952,0.3051532,
1,27,79.263,0.3951034,0.04146153,-0.7768209,0.3200408,-0.642523,0.6257952,0.3051532,
1,27,79.265,0.3951034,0.04146153,-0.7768209,0.3200408,-0.642523,0.6257952,0.3051532,
1,27,79.267,0.3951034,0.04146153,-0.7768209,0.3200408,-0.642523,0.6257952,0.3051532,
1,27,79.269,0.3951495,0.04132034,-0.7769344,0.3201014,-0.642565,0.6256579,0.3052827,
1,27,79.271,0.3951495,0.04132034,-0.7769344,0.3201014,-0.642565,0.6256579,0.3052827,
1,27,79.273,0.3951495,0.04132034,-0.7769344,0.3201014,-0.642565,0.6256579,0.3052827,
1,27,79.275,0.3951495,0.04132034,-0.7769344,0.3201014,-0.642565,0.6256579,0.3052827,
1,27,79.277,0.3951637,0.04133273,-0.7769234,0.3200728,-0.6425692,0.6256874,0.3052434,
1,27,79.279,0.3951637,0.04133273,-0.7769234,0.3200728,-0.6425692,0.6256874,0.3052434,
1,27,79.281,0.3951637,0.04133273,-0.7769234,0.3200728,-0.6425692,0.6256874,0.3052434,
1,27,79.283,0.3951637,0.04133273,-0.7769234,0.3200728,-0.6425692,0.6256874,0.3052434,
1,27,79.285,0.3951519,0.04140946,-0.7768589,0.3200457,-0.6425669,0.6257586,0.3051308,
1,27,79.287,0.3951519,0.04140946,-0.7768589,0.3200457,-0.6425669,0.6257586,0.3051308,
1,27,79.289,0.3951519,0.04140946,-0.7768589,0.3200457,-0.6425669,0.6257586,0.3051308,
1,27,79.291,0.3951519,0.04140946,-0.7768589,0.3200457,-0.6425669,0.6257586,0.3051308,
1,27,79.293,0.395167,0.04141176,-0.7768567,0.320045,-0.6425648,0.6257634,0.305126,
1,27,79.295,0.395167,0.04141176,-0.7768567,0.320045,-0.6425648,0.6257634,0.305126,
1,27,79.297,0.395167,0.04141176,-0.7768567,0.320045,-0.6425648,0.6257634,0.305126,
1,27,79.299,0.395167,0.04141176,-0.7768567,0.320045,-0.6425648,0.6257634,0.305126,
1,27,79.301,0.3951496,0.04134215,-0.7768637,0.3200356,-0.6426096,0.6257255,0.3051192,
1,27,79.303,0.3951496,0.04134215,-0.7768637,0.3200356,-0.6426096,0.6257255,0.3051192,
1,27,79.305,0.3951496,0.04134215,-0.7768637,0.3200356,-0.6426096,0.6257255,0.3051192,
1,27,79.307,0.3951496,0.04134215,-0.7768637,0.3200356,-0.6426096,0.6257255,0.3051192,
1,27,79.309,0.3951331,0.04136783,-0.7768334,0.3200056,-0.6425961,0.625756,0.3051165,
1,27,79.311,0.3951331,0.04136783,-0.7768334,0.3200056,-0.6425961,0.625756,0.3051165,
1,27,79.313,0.3951331,0.04136783,-0.7768334,0.3200056,-0.6425961,0.625756,0.3051165,
1,27,79.315,0.3951331,0.04136783,-0.7768334,0.3200056,-0.6425961,0.625756,0.3051165,
1,27,79.317,0.3951331,0.04136783,-0.7768334,0.3200056,-0.6425961,0.625756,0.3051165,
1,27,79.319,0.3951236,0.04142387,-0.7767891,0.3200181,-0.6425899,0.6257716,0.3050843,
1,27,79.321,0.3951236,0.04142387,-0.7767891,0.3200181,-0.6425899,0.6257716,0.3050843,
1,27,79.323,0.3951236,0.04142387,-0.7767891,0.3200181,-0.6425899,0.6257716,0.3050843,
1,27,79.325,0.3951236,0.04142387,-0.7767891,0.3200181,-0.6425899,0.6257716,0.3050843,
1,27,79.327,0.3951364,0.04141629,-0.776827,0.3200406,-0.6425666,0.6257493,0.3051558,
1,27,79.329,0.3951364,0.04141629,-0.776827,0.3200406,-0.6425666,0.6257493,0.3051558,
1,27,79.331,0.3951364,0.04141629,-0.776827,0.3200406,-0.6425666,0.6257493,0.3051558,
1,27,79.333,0.3951364,0.04141629,-0.776827,0.3200406,-0.6425666,0.6257493,0.3051558,
1,27,79.335,0.3951531,0.04143209,-0.7768503,0.32006,-0.6425465,0.625752,0.3051721,
1,27,79.337,0.3951531,0.04143209,-0.7768503,0.32006,-0.6425465,0.625752,0.3051721,
1,27,79.339,0.3951531,0.04143209,-0.7768503,0.32006,-0.6425465,0.625752,0.3051721,
1,27,79.341,0.3951531,0.04143209,-0.7768503,0.32006,-0.6425465,0.625752,0.3051721,
1,27,79.343,0.3952056,0.04138307,-0.7769029,0.3200631,-0.6425542,0.6257264,0.3052053,
1,27,79.345,0.3952056,0.04138307,-0.7769029,0.3200631,-0.6425542,0.6257264,0.3052053,
1,27,79.347,0.3952056,0.04138307,-0.7769029,0.3200631,-0.6425542,0.6257264,0.3052053,
1,27,79.349,0.3952056,0.04138307,-0.7769029,0.3200631,-0.6425542,0.6257264,0.3052053,
1,27,79.351,0.3951684,0.04142517,-0.776845,0.3200387,-0.6425697,0.6257627,0.3051239,
1,27,79.353,0.3951684,0.04142517,-0.776845,0.3200387,-0.6425697,0.6257627,0.3051239,
1,27,79.355,0.3951684,0.04142517,-0.776845,0.3200387,-0.6425697,0.6257627,0.3051239,
1,27,79.357,0.3951684,0.04142517,-0.776845,0.3200387,-0.6425697,0.6257627,0.3051239,
1,27,79.359,0.3950971,0.04147214,-0.7767894,0.3200265,-0.6425285,0.6257969,0.3051534,
1,27,79.361,0.3950971,0.04147214,-0.7767894,0.3200265,-0.6425285,0.6257969,0.3051534,
1,27,79.363,0.3950971,0.04147214,-0.7767894,0.3200265,-0.6425285,0.6257969,0.3051534,
1,27,79.365,0.3950971,0.04147214,-0.7767894,0.3200265,-0.6425285,0.6257969,0.3051534,
1,27,79.367,0.3950971,0.04147214,-0.7767894,0.3200265,-0.6425285,0.6257969,0.3051534,
1,27,79.369,0.3951151,0.04146281,-0.776787,0.3200047,-0.642537,0.625799,0.3051538,
1,27,79.371,0.3951151,0.04146281,-0.776787,0.3200047,-0.642537,0.625799,0.3051538,
1,27,79.373,0.3951151,0.04146281,-0.776787,0.3200047,-0.642537,0.625799,0.3051538,
1,27,79.375,0.3951151,0.04146281,-0.776787,0.3200047,-0.642537,0.625799,0.3051538,
1,27,79.377,0.3951301,0.04138232,-0.7768447,0.3200135,-0.6425629,0.6257455,0.3051997,
1,27,79.379,0.3951301,0.04138232,-0.7768447,0.3200135,-0.6425629,0.6257455,0.3051997,
1,27,79.381,0.3951301,0.04138232,-0.7768447,0.3200135,-0.6425629,0.6257455,0.3051997,
1,27,79.383,0.3951301,0.04138232,-0.7768447,0.3200135,-0.6425629,0.6257455,0.3051997,
1,27,79.385,0.3951742,0.0413693,-0.7768795,0.320047,-0.6425774,0.6257346,0.3051564,
1,27,79.387,0.3951742,0.0413693,-0.7768795,0.320047,-0.6425774,0.6257346,0.3051564,
1,27,79.389,0.3951742,0.0413693,-0.7768795,0.320047,-0.6425774,0.6257346,0.3051564,
1,27,79.391,0.3951742,0.0413693,-0.7768795,0.320047,-0.6425774,0.6257346,0.3051564,
1,27,79.393,0.3951676,0.04143098,-0.776836,0.320041,-0.6425657,0.6257752,0.3051044,
1,27,79.395,0.3951676,0.04143098,-0.776836,0.320041,-0.6425657,0.6257752,0.3051044,
1,27,79.397,0.3951676,0.04143098,-0.776836,0.320041,-0.6425657,0.6257752,0.3051044,
1,27,79.399,0.3951676,0.04143098,-0.776836,0.320041,-0.6425657,0.6257752,0.3051044,
1,27,79.401,0.3951248,0.04145689,-0.7768245,0.3200405,-0.6425275,0.6257867,0.3051615,
1,27,79.403,0.3951248,0.04145689,-0.7768245,0.3200405,-0.6425275,0.6257867,0.3051615,
1,27,79.405,0.3951248,0.04145689,-0.7768245,0.3200405,-0.6425275,0.6257867,0.3051615,
1,27,79.407,0.3951248,0.04145689,-0.7768245,0.3200405,-0.6425275,0.6257867,0.3051615,
1,27,79.409,0.3951189,0.04143061,-0.7767788,0.3199833,-0.6425734,0.6257961,0.3051054,
1,27,79.411,0.3951189,0.04143061,-0.7767788,0.3199833,-0.6425734,0.6257961,0.3051054,
1,27,79.413,0.3951189,0.04143061,-0.7767788,0.3199833,-0.6425734,0.6257961,0.3051054,
1,27,79.415,0.3951189,0.04143061,-0.7767788,0.3199833,-0.6425734,0.6257961,0.3051054,
1,27,79.417,0.3951189,0.04143061,-0.7767788,0.3199833,-0.6425734,0.6257961,0.3051054,
1,27,79.419,0.395138,0.04132546,-0.7768355,0.3199967,-0.6426026,0.6257263,0.3051731,
1,27,79.421,0.395138,0.04132546,-0.7768355,0.3199967,-0.6426026,0.6257263,0.3051731,
1,27,79.423,0.395138,0.04132546,-0.7768355,0.3199967,-0.6426026,0.6257263,0.3051731,
1,27,79.425,0.395138,0.04132546,-0.7768355,0.3199967,-0.6426026,0.6257263,0.3051731,
1,27,79.427,0.3951739,0.0413061,-0.7768964,0.3200312,-0.6426099,0.6257003,0.305175,
1,27,79.429,0.3951739,0.0413061,-0.7768964,0.3200312,-0.6426099,0.6257003,0.305175,
1,27,79.431,0.3951739,0.0413061,-0.7768964,0.3200312,-0.6426099,0.6257003,0.305175,
1,27,79.433,0.3951739,0.0413061,-0.7768964,0.3200312,-0.6426099,0.6257003,0.305175,
1,27,79.435,0.3951164,0.04140067,-0.7768084,0.3200043,-0.6425874,0.6257603,0.3051274,
1,27,79.437,0.3951164,0.04140067,-0.7768084,0.3200043,-0.6425874,0.6257603,0.3051274,
1,27,79.439,0.3951164,0.04140067,-0.7768084,0.3200043,-0.6425874,0.6257603,0.3051274,
1,27,79.441,0.3951164,0.04140067,-0.7768084,0.3200043,-0.6425874,0.6257603,0.3051274,
1,27,79.443,0.3951041,0.0414077,-0.7767747,0.3200096,-0.6425941,0.6257555,0.3051176,
1,27,79.445,0.3951041,0.0414077,-0.7767747,0.3200096,-0.6425941,0.6257555,0.3051176,
1,27,79.447,0.3951041,0.0414077,-0.7767747,0.3200096,-0.6425941,0.6257555,0.3051176,
1,27,79.449,0.3951041,0.0414077,-0.7767747,0.3200096,-0.6425941,0.6257555,0.3051176,
1,27,79.451,0.3950876,0.04143149,-0.7767709,0.3200176,-0.6425651,0.6257643,0.3051522,
1,27,79.453,0.3950876,0.04143149,-0.7767709,0.3200176,-0.6425651,0.6257643,0.3051522,
1,27,79.455,0.3950876,0.04143149,-0.7767709,0.3200176,-0.6425651,0.6257643,0.3051522,
1,27,79.457,0.3950876,0.04143149,-0.7767709,0.3200176,-0.6425651,0.6257643,0.3051522,
1,27,79.459,0.3950891,0.04138793,-0.7768162,0.3200059,-0.642566,0.6257438,0.3052046,
1,27,79.461,0.3950891,0.04138793,-0.7768162,0.3200059,-0.642566,0.6257438,0.3052046,
1,27,79.463,0.3950891,0.04138793,-0.7768162,0.3200059,-0.642566,0.6257438,0.3052046,
1,27,79.465,0.3950891,0.04138793,-0.7768162,0.3200059,-0.642566,0.6257438,0.3052046,
1,27,79.467,0.3950891,0.04138793,-0.7768162,0.3200059,-0.642566,0.6257438,0.3052046,
1,27,79.469,0.3950968,0.04137665,-0.7768139,0.3199901,-0.6425917,0.6257422,0.3051703,
1,27,79.471,0.3950968,0.04137665,-0.7768139,0.3199901,-0.6425917,0.6257422,0.3051703,
1,27,79.473,0.3950968,0.04137665,-0.7768139,0.3199901,-0.6425917,0.6257422,0.3051703,
1,27,79.475,0.3950968,0.04137665,-0.7768139,0.3199901,-0.6425917,0.6257422,0.3051703,
1,27,79.477,0.3951104,0.04139736,-0.7768135,0.3200302,-0.6425894,0.6257342,0.3051497,
1,27,79.479,0.3951104,0.04139736,-0.7768135,0.3200302,-0.6425894,0.6257342,0.3051497,
1,27,79.481,0.3951104,0.04139736,-0.7768135,0.3200302,-0.6425894,0.6257342,0.3051497,
1,27,79.483,0.3951104,0.04139736,-0.7768135,0.3200302,-0.6425894,0.6257342,0.3051497,
1,27,79.485,0.3951313,0.04143847,-0.7768576,0.3200362,-0.6425336,0.6257519,0.3052246,
1,27,79.487,0.3951313,0.04143847,-0.7768576,0.3200362,-0.6425336,0.6257519,0.3052246,
1,27,79.489,0.3951313,0.04143847,-0.7768576,0.3200362,-0.6425336,0.6257519,0.3052246,
1,27,79.491,0.3951313,0.04143847,-0.7768576,0.3200362,-0.6425336,0.6257519,0.3052246,
1,27,79.493,0.3951693,0.04138608,-0.7768709,0.3200327,-0.6425915,0.6257239,0.3051637,
1,27,79.495,0.3951693,0.04138608,-0.7768709,0.3200327,-0.6425915,0.6257239,0.3051637,
1,27,79.497,0.3951693,0.04138608,-0.7768709,0.3200327,-0.6425915,0.6257239,0.3051637,
1,27,79.499,0.3951693,0.04138608,-0.7768709,0.3200327,-0.6425915,0.6257239,0.3051637,
1,27,79.501,0.3951964,0.04138132,-0.7768978,0.320088,-0.6425823,0.6257314,0.3051099,
1,27,79.503,0.3951964,0.04138132,-0.7768978,0.320088,-0.6425823,0.6257314,0.3051099,
1,27,79.505,0.3951964,0.04138132,-0.7768978,0.320088,-0.6425823,0.6257314,0.3051099,
1,27,79.507,0.3951964,0.04138132,-0.7768978,0.320088,-0.6425823,0.6257314,0.3051099,
1,27,79.509,0.3951801,0.04131643,-0.7769146,0.3200872,-0.6426375,0.6256757,0.3051088,
1,27,79.511,0.3951801,0.04131643,-0.7769146,0.3200872,-0.6426375,0.6256757,0.3051088,
1,27,79.513,0.3951801,0.04131643,-0.7769146,0.3200872,-0.6426375,0.6256757,0.3051088,
1,27,79.515,0.3951801,0.04131643,-0.7769146,0.3200872,-0.6426375,0.6256757,0.3051088,
1,27,79.517,0.3951801,0.04131643,-0.7769146,0.3200872,-0.6426375,0.6256757,0.3051088,
1,27,79.519,0.3951155,0.04138438,-0.7768622,0.3200653,-0.6425939,0.6257114,0.3051503,
1,27,79.521,0.3951155,0.04138438,-0.7768622,0.3200653,-0.6425939,0.6257114,0.3051503,
1,27,79.523,0.3951155,0.04138438,-0.7768622,0.3200653,-0.6425939,0.6257114,0.3051503,
1,27,79.525,0.3951155,0.04138438,-0.7768622,0.3200653,-0.6425939,0.6257114,0.3051503,
1,27,79.527,0.3951135,0.04138047,-0.7768364,0.3200431,-0.6425872,0.6257184,0.305173,
1,27,79.529,0.3951135,0.04138047,-0.7768364,0.3200431,-0.6425872,0.6257184,0.305173,
1,27,79.531,0.3951135,0.04138047,-0.7768364,0.3200431,-0.6425872,0.6257184,0.305173,
1,27,79.533,0.3951135,0.04138047,-0.7768364,0.3200431,-0.6425872,0.6257184,0.305173,
1,27,79.535,0.3951244,0.04140241,-0.7768072,0.3200298,-0.6426208,0.6257415,0.305069,
1,27,79.537,0.3951244,0.04140241,-0.7768072,0.3200298,-0.6426208,0.6257415,0.305069,
1,27,79.539,0.3951244,0.04140241,-0.7768072,0.3200298,-0.6426208,0.6257415,0.305069,
1,27,79.541,0.3951244,0.04140241,-0.7768072,0.3200298,-0.6426208,0.6257415,0.305069,
1,27,79.543,0.3951051,0.04143966,-0.7767949,0.3200307,-0.6425864,0.625785,0.3050514,
1,27,79.545,0.3951051,0.04143966,-0.7767949,0.3200307,-0.6425864,0.625785,0.3050514,
1,27,79.547,0.3951051,0.04143966,-0.7767949,0.3200307,-0.6425864,0.625785,0.3050514,
1,27,79.549,0.3951051,0.04143966,-0.7767949,0.3200307,-0.6425864,0.625785,0.3050514,
1,27,79.551,0.395084,0.04141391,-0.7768154,0.3200592,-0.6425833,0.6257447,0.3051105,
1,27,79.553,0.395084,0.04141391,-0.7768154,0.3200592,-0.6425833,0.6257447,0.3051105,
1,27,79.555,0.395084,0.04141391,-0.7768154,0.3200592,-0.6425833,0.6257447,0.3051105,
1,27,79.557,0.395084,0.04141391,-0.7768154,0.3200592,-0.6425833,0.6257447,0.3051105,
1,27,79.559,0.3951311,0.04140544,-0.7768753,0.3200438,-0.6425431,0.6257389,0.3052233,
1,27,79.561,0.3951311,0.04140544,-0.7768753,0.3200438,-0.6425431,0.6257389,0.3052233,
1,27,79.563,0.3951311,0.04140544,-0.7768753,0.3200438,-0.6425431,0.6257389,0.3052233,
1,27,79.565,0.3951311,0.04140544,-0.7768753,0.3200438,-0.6425431,0.6257389,0.3052233,
1,27,79.567,0.3951311,0.04140544,-0.7768753,0.3200438,-0.6425431,0.6257389,0.3052233,
1,27,79.569,0.3951371,0.04139227,-0.7768731,0.3200279,-0.6425444,0.625743,0.3052287,
1,27,79.571,0.3951371,0.04139227,-0.7768731,0.3200279,-0.6425444,0.625743,0.3052287,
1,27,79.573,0.3951371,0.04139227,-0.7768731,0.3200279,-0.6425444,0.625743,0.3052287,
1,27,79.575,0.3951371,0.04139227,-0.7768731,0.3200279,-0.6425444,0.625743,0.3052287,
1,27,79.577,0.395171,0.04135964,-0.7769169,0.3200797,-0.642556,0.6256909,0.3052568,
1,27,79.579,0.395171,0.04135964,-0.7769169,0.3200797,-0.642556,0.6256909,0.3052568,
1,27,79.581,0.395171,0.04135964,-0.7769169,0.3200797,-0.642556,0.6256909,0.3052568,
1,27,79.583,0.395171,0.04135964,-0.7769169,0.3200797,-0.642556,0.6256909,0.3052568,
1,27,79.585,0.3951483,0.04139253,-0.7768432,0.3200702,-0.6426063,0.6257251,0.3050909,
1,27,79.587,0.3951483,0.04139253,-0.7768432,0.3200702,-0.6426063,0.6257251,0.3050909,
1,27,79.589,0.3951483,0.04139253,-0.7768432,0.3200702,-0.6426063,0.6257251,0.3050909,
1,27,79.591,0.3951483,0.04139253,-0.7768432,0.3200702,-0.6426063,0.6257251,0.3050909,
1,27,79.593,0.3951418,0.04139205,-0.7768167,0.3200791,-0.6426281,0.6257132,0.3050598,
1,27,79.595,0.3951418,0.04139205,-0.7768167,0.3200791,-0.6426281,0.6257132,0.3050598,
1,27,79.597,0.3951418,0.04139205,-0.7768167,0.3200791,-0.6426281,0.6257132,0.3050598,
1,27,79.599,0.3951418,0.04139205,-0.7768167,0.3200791,-0.6426281,0.6257132,0.3050598,
1,27,79.601,0.3951091,0.04142388,-0.7767937,0.3200653,-0.6426067,0.6257432,0.305058,
1,27,79.603,0.3951091,0.04142388,-0.7767937,0.3200653,-0.6426067,0.6257432,0.305058,
1,27,79.605,0.3951091,0.04142388,-0.7767937,0.3200653,-0.6426067,0.6257432,0.305058,
1,27,79.607,0.3951091,0.04142388,-0.7767937,0.3200653,-0.6426067,0.6257432,0.305058,
1,27,79.609,0.3951018,0.04143499,-0.776811,0.3200715,-0.6425797,0.6257426,0.3051096,
1,27,79.611,0.3951018,0.04143499,-0.776811,0.3200715,-0.6425797,0.6257426,0.3051096,
1,27,79.613,0.3951018,0.04143499,-0.776811,0.3200715,-0.6425797,0.6257426,0.3051096,
1,27,79.615,0.3951018,0.04143499,-0.776811,0.3200715,-0.6425797,0.6257426,0.3051096,
1,27,79.617,0.3951018,0.04143499,-0.776811,0.3200715,-0.6425797,0.6257426,0.3051096,
1,27,79.619,0.3951325,0.04137709,-0.7768871,0.320074,-0.6425796,0.6257164,0.3051606,
1,27,79.621,0.3951325,0.04137709,-0.7768871,0.320074,-0.6425796,0.6257164,0.3051606,
1,27,79.623,0.3951325,0.04137709,-0.7768871,0.320074,-0.6425796,0.6257164,0.3051606,
1,27,79.625,0.3951325,0.04137709,-0.7768871,0.320074,-0.6425796,0.6257164,0.3051606,
1,27,79.627,0.3951302,0.04135634,-0.776849,0.3201115,-0.6426633,0.6256763,0.3050272,
1,27,79.629,0.3951302,0.04135634,-0.776849,0.3201115,-0.6426633,0.6256763,0.3050272,
1,27,79.631,0.3951302,0.04135634,-0.776849,0.3201115,-0.6426633,0.6256763,0.3050272,
1,27,79.633,0.3951302,0.04135634,-0.776849,0.3201115,-0.6426633,0.6256763,0.3050272,
1,27,79.635,0.3951236,0.04133515,-0.7768276,0.3200638,-0.6426528,0.6257018,0.3050476,
1,27,79.637,0.3951236,0.04133515,-0.7768276,0.3200638,-0.6426528,0.6257018,0.3050476,
1,27,79.639,0.3951236,0.04133515,-0.7768276,0.3200638,-0.6426528,0.6257018,0.3050476,
1,27,79.641,0.3951236,0.04133515,-0.7768276,0.3200638,-0.6426528,0.6257018,0.3050476,
1,27,79.643,0.3951145,0.04136889,-0.7768237,0.3200606,-0.6426268,0.6257343,0.3050388,
1,27,79.645,0.3951145,0.04136889,-0.7768237,0.3200606,-0.6426268,0.6257343,0.3050388,
1,27,79.647,0.3951145,0.04136889,-0.7768237,0.3200606,-0.6426268,0.6257343,0.3050388,
1,27,79.649,0.3951145,0.04136889,-0.7768237,0.3200606,-0.6426268,0.6257343,0.3050388,
1,27,79.651,0.3951215,0.04133144,-0.776883,0.3201101,-0.6426414,0.6256604,0.305108,
1,27,79.653,0.3951215,0.04133144,-0.776883,0.3201101,-0.6426414,0.6256604,0.305108,
1,27,79.655,0.3951215,0.04133144,-0.776883,0.3201101,-0.6426414,0.6256604,0.305108,
1,27,79.657,0.3951215,0.04133144,-0.776883,0.3201101,-0.6426414,0.6256604,0.305108,
1,27,79.659,0.3951635,0.04134869,-0.7768931,0.3200484,-0.6426103,0.6257043,0.305148,
1,27,79.661,0.3951635,0.04134869,-0.7768931,0.3200484,-0.6426103,0.6257043,0.305148,
1,27,79.663,0.3951635,0.04134869,-0.7768931,0.3200484,-0.6426103,0.6257043,0.305148,
1,27,79.665,0.3951635,0.04134869,-0.7768931,0.3200484,-0.6426103,0.6257043,0.305148,
1,27,79.667,0.3951635,0.04134869,-0.7768931,0.3200484,-0.6426103,0.6257043,0.305148,
1,27,79.669,0.3951554,0.04134516,-0.7768992,0.3200326,-0.6426173,0.62569,0.305179,
1,27,79.671,0.3951554,0.04134516,-0.7768992,0.3200326,-0.6426173,0.62569,0.305179,
1,27,79.673,0.3951554,0.04134516,-0.7768992,0.3200326,-0.6426173,0.62569,0.305179,
1,27,79.675,0.3951554,0.04134516,-0.7768992,0.3200326,-0.6426173,0.62569,0.305179,
1,27,79.677,0.3951011,0.04135394,-0.7768741,0.3200476,-0.6425977,0.6256875,0.3052095,
1,27,79.679,0.3951011,0.04135394,-0.7768741,0.3200476,-0.6425977,0.6256875,0.3052095,
1,27,79.681,0.3951011,0.04135394,-0.7768741,0.3200476,-0.6425977,0.6256875,0.3052095,
1,27,79.683,0.3951011,0.04135394,-0.7768741,0.3200476,-0.6425977,0.6256875,0.3052095,
1,27,79.685,0.3951136,0.04133284,-0.7768575,0.3200289,-0.6426086,0.6257031,0.3051743,
1,27,79.687,0.3951136,0.04133284,-0.7768575,0.3200289,-0.6426086,0.6257031,0.3051743,
1,27,79.689,0.3951136,0.04133284,-0.7768575,0.3200289,-0.6426086,0.6257031,0.3051743,
1,27,79.691,0.3951136,0.04133284,-0.7768575,0.3200289,-0.6426086,0.6257031,0.3051743,
1,27,79.693,0.3951073,0.04135239,-0.7768345,0.3200399,-0.6426269,0.6257049,0.3051205,
1,27,79.695,0.3951073,0.04135239,-0.7768345,0.3200399,-0.6426269,0.6257049,0.3051205,
1,27,79.697,0.3951073,0.04135239,-0.7768345,0.3200399,-0.6426269,0.6257049,0.3051205,
1,27,79.699,0.3951073,0.04135239,-0.7768345,0.3200399,-0.6426269,0.6257049,0.3051205,
1,27,79.701,0.3951216,0.04139239,-0.7768345,0.3200461,-0.642629,0.6257345,0.3050488,
1,27,79.703,0.3951216,0.04139239,-0.7768345,0.3200461,-0.642629,0.6257345,0.3050488,
1,27,79.705,0.3951216,0.04139239,-0.7768345,0.3200461,-0.642629,0.6257345,0.3050488,
1,27,79.707,0.3951216,0.04139239,-0.7768345,0.3200461,-0.642629,0.6257345,0.3050488,
1,27,79.709,0.3950737,0.04141099,-0.7767808,0.3200002,-0.6426048,0.6257651,0.3050851,
1,27,79.711,0.3950737,0.04141099,-0.7767808,0.3200002,-0.6426048,0.6257651,0.3050851,
1,27,79.713,0.3950737,0.04141099,-0.7767808,0.3200002,-0.6426048,0.6257651,0.3050851,
1,27,79.715,0.3950737,0.04141099,-0.7767808,0.3200002,-0.6426048,0.6257651,0.3050851,
1,27,79.717,0.3950737,0.04141099,-0.7767808,0.3200002,-0.6426048,0.6257651,0.3050851,
1,27,79.719,0.3951059,0.04145807,-0.7767626,0.3200094,-0.6426088,0.6257952,0.3050052,
1,27,79.721,0.3951059,0.04145807,-0.7767626,0.3200094,-0.6426088,0.6257952,0.3050052,
1,27,79.723,0.3951059,0.04145807,-0.7767626,0.3200094,-0.6426088,0.6257952,0.3050052,
1,27,79.725,0.3951059,0.04145807,-0.7767626,0.3200094,-0.6426088,0.6257952,0.3050052,
1,27,79.727,0.3951469,0.04136165,-0.7769182,0.320076,-0.6425678,0.6257015,0.305214,
1,27,79.729,0.3951469,0.04136165,-0.7769182,0.320076,-0.6425678,0.6257015,0.305214,
1,27,79.731,0.3951469,0.04136165,-0.7769182,0.320076,-0.6425678,0.6257015,0.305214,
1,27,79.733,0.3951469,0.04136165,-0.7769182,0.320076,-0.6425678,0.6257015,0.305214,
1,27,79.735,0.3951267,0.04142091,-0.7768785,0.3200422,-0.642546,0.6257575,0.3051808,
1,27,79.737,0.3951267,0.04142091,-0.7768785,0.3200422,-0.642546,0.6257575,0.3051808,
1,27,79.739,0.3951267,0.04142091,-0.7768785,0.3200422,-0.642546,0.6257575,0.3051808,
1,27,79.741,0.3951267,0.04142091,-0.7768785,0.3200422,-0.642546,0.6257575,0.3051808,
1,27,79.743,0.3950936,0.04143447,-0.7768176,0.3200355,-0.6425731,0.6257626,0.3051202,
1,27,79.745,0.3950936,0.04143447,-0.7768176,0.3200355,-0.6425731,0.6257626,0.3051202,
1,27,79.747,0.3950936,0.04143447,-0.7768176,0.3200355,-0.6425731,0.6257626,0.3051202,
1,27,79.749,0.3950936,0.04143447,-0.7768176,0.3200355,-0.6425731,0.6257626,0.3051202,
1,27,79.751,0.3951163,0.04139362,-0.77683,0.3200457,-0.6426094,0.6257465,0.3050659,
1,27,79.753,0.3951163,0.04139362,-0.77683,0.3200457,-0.6426094,0.6257465,0.3050659,
1,27,79.755,0.3951163,0.04139362,-0.77683,0.3200457,-0.6426094,0.6257465,0.3050659,
1,27,79.757,0.3951163,0.04139362,-0.77683,0.3200457,-0.6426094,0.6257465,0.3050659,
1,27,79.759,0.3951451,0.04141138,-0.7769018,0.3200805,-0.642532,0.6257327,0.3052209,
1,27,79.761,0.3951451,0.04141138,-0.7769018,0.3200805,-0.642532,0.6257327,0.3052209,
1,27,79.763,0.3951451,0.04141138,-0.7769018,0.3200805,-0.642532,0.6257327,0.3052209,
1,27,79.765,0.3951451,0.04141138,-0.7769018,0.3200805,-0.642532,0.6257327,0.3052209,
1,27,79.767,0.3951451,0.04141138,-0.7769018,0.3200805,-0.642532,0.6257327,0.3052209,
1,27,79.769,0.3951544,0.04139186,-0.7769224,0.3200731,-0.6425587,0.6257075,0.3052242,
1,27,79.771,0.3951544,0.04139186,-0.7769224,0.3200731,-0.6425587,0.6257075,0.3052242,
1,27,79.773,0.3951544,0.04139186,-0.7769224,0.3200731,-0.6425587,0.6257075,0.3052242,
1,27,79.775,0.3951544,0.04139186,-0.7769224,0.3200731,-0.6425587,0.6257075,0.3052242,
1,27,79.777,0.3951459,0.04143403,-0.7768663,0.3200872,-0.6425821,0.62574,0.3050935,
1,27,79.779,0.3951459,0.04143403,-0.7768663,0.3200872,-0.6425821,0.62574,0.3050935,
1,27,79.781,0.3951459,0.04143403,-0.7768663,0.3200872,-0.6425821,0.62574,0.3050935,
1,27,79.783,0.3951459,0.04143403,-0.7768663,0.3200872,-0.6425821,0.62574,0.3050935,
1,27,79.785,0.3951473,0.04136294,-0.7769115,0.3201247,-0.6425794,0.6256774,0.3051881,
1,27,79.787,0.3951473,0.04136294,-0.7769115,0.3201247,-0.6425794,0.6256774,0.3051881,
1,27,79.789,0.3951473,0.04136294,-0.7769115,0.3201247,-0.6425794,0.6256774,0.3051881,
1,27,79.791,0.3951473,0.04136294,-0.7769115,0.3201247,-0.6425794,0.6256774,0.3051881,
1,27,79.793,0.3951235,0.04135898,-0.7768903,0.3200952,-0.6425991,0.6256781,0.3051762,
1,27,79.795,0.3951235,0.04135898,-0.7768903,0.3200952,-0.6425991,0.6256781,0.3051762,
1,27,79.797,0.3951235,0.04135898,-0.7768903,0.3200952,-0.6425991,0.6256781,0.3051762,
1,27,79.799,0.3951235,0.04135898,-0.7768903,0.3200952,-0.6425991,0.6256781,0.3051762,
1,27,79.801,0.3951478,0.04144076,-0.7768146,0.3200349,-0.6425872,0.6257732,0.3050693,
1,27,79.803,0.3951478,0.04144076,-0.7768146,0.3200349,-0.6425872,0.6257732,0.3050693,
1,27,79.805,0.3951478,0.04144076,-0.7768146,0.3200349,-0.6425872,0.6257732,0.3050693,
1,27,79.807,0.3951478,0.04144076,-0.7768146,0.3200349,-0.6425872,0.6257732,0.3050693,
1,27,79.809,0.3950723,0.04142912,-0.7768006,0.3200457,-0.6425806,0.6257626,0.3050938,
1,27,79.811,0.3950723,0.04142912,-0.7768006,0.3200457,-0.6425806,0.6257626,0.3050938,
1,27,79.813,0.3950723,0.04142912,-0.7768006,0.3200457,-0.6425806,0.6257626,0.3050938,
1,27,79.815,0.3950723,0.04142912,-0.7768006,0.3200457,-0.6425806,0.6257626,0.3050938,
1,27,79.817,0.3950723,0.04142912,-0.7768006,0.3200457,-0.6425806,0.6257626,0.3050938,
1,27,79.819,0.3951347,0.04141016,-0.7768906,0.3200869,-0.642543,0.6257225,0.3052119,
1,27,79.821,0.3951347,0.04141016,-0.7768906,0.3200869,-0.642543,0.6257225,0.3052119,
1,27,79.823,0.3951347,0.04141016,-0.7768906,0.3200869,-0.642543,0.6257225,0.3052119,
1,27,79.825,0.3951347,0.04141016,-0.7768906,0.3200869,-0.642543,0.6257225,0.3052119,
1,27,79.827,0.3951415,0.0413744,-0.7768937,0.320085,-0.6425589,0.6257017,0.3052231,
1,27,79.829,0.3951415,0.0413744,-0.7768937,0.320085,-0.6425589,0.6257017,0.3052231,
1,27,79.831,0.3951415,0.0413744,-0.7768937,0.320085,-0.6425589,0.6257017,0.3052231,
1,27,79.833,0.3951415,0.0413744,-0.7768937,0.320085,-0.6425589,0.6257017,0.3052231,
1,27,79.835,0.3951017,0.04141237,-0.7768627,0.3200533,-0.6425208,0.6257461,0.3052453,
1,27,79.837,0.3951017,0.04141237,-0.7768627,0.3200533,-0.6425208,0.6257461,0.3052453,
1,27,79.839,0.3951017,0.04141237,-0.7768627,0.3200533,-0.6425208,0.6257461,0.3052453,
1,27,79.841,0.3951017,0.04141237,-0.7768627,0.3200533,-0.6425208,0.6257461,0.3052453,
1,27,79.843,0.3950876,0.04135615,-0.7768373,0.3200433,-0.6425916,0.6257234,0.3051532,
1,27,79.845,0.3950876,0.04135615,-0.7768373,0.3200433,-0.6425916,0.6257234,0.3051532,
1,27,79.847,0.3950876,0.04135615,-0.7768373,0.3200433,-0.6425916,0.6257234,0.3051532,
1,27,79.849,0.3950876,0.04135615,-0.7768373,0.3200433,-0.6425916,0.6257234,0.3051532,
1,27,79.851,0.3951003,0.0414637,-0.7768084,0.3200222,-0.6425443,0.6257873,0.3051445,
1,27,79.853,0.3951003,0.0414637,-0.7768084,0.3200222,-0.6425443,0.6257873,0.3051445,
1,27,79.855,0.3951003,0.0414637,-0.7768084,0.3200222,-0.6425443,0.6257873,0.3051445,
1,27,79.857,0.3951003,0.0414637,-0.7768084,0.3200222,-0.6425443,0.6257873,0.3051445,
1,27,79.859,0.3950847,0.04148851,-0.7767748,0.3200016,-0.6425509,0.6258131,0.3050988,
1,27,79.861,0.3950847,0.04148851,-0.7767748,0.3200016,-0.6425509,0.6258131,0.3050988,
1,27,79.863,0.3950847,0.04148851,-0.7767748,0.3200016,-0.6425509,0.6258131,0.3050988,
1,27,79.865,0.3950847,0.04148851,-0.7767748,0.3200016,-0.6425509,0.6258131,0.3050988,
1,27,79.867,0.3950847,0.04148851,-0.7767748,0.3200016,-0.6425509,0.6258131,0.3050988,
1,27,79.869,0.395091,0.04143113,-0.7768013,0.3200036,-0.6425708,0.6257874,0.3051077,
1,27,79.871,0.395091,0.04143113,-0.7768013,0.3200036,-0.6425708,0.6257874,0.3051077,
1,27,79.873,0.395091,0.04143113,-0.7768013,0.3200036,-0.6425708,0.6257874,0.3051077,
1,27,79.875,0.395091,0.04143113,-0.7768013,0.3200036,-0.6425708,0.6257874,0.3051077,
1,27,79.877,0.3951065,0.04149601,-0.7768012,0.3200152,-0.6425235,0.6258156,0.3051375,
1,27,79.879,0.3951065,0.04149601,-0.7768012,0.3200152,-0.6425235,0.6258156,0.3051375,
1,27,79.881,0.3951065,0.04149601,-0.7768012,0.3200152,-0.6425235,0.6258156,0.3051375,
1,27,79.883,0.3951065,0.04149601,-0.7768012,0.3200152,-0.6425235,0.6258156,0.3051375,
1,27,79.885,0.3951316,0.04140409,-0.7768675,0.3200065,-0.6425366,0.6257686,0.305215,
1,27,79.887,0.3951316,0.04140409,-0.7768675,0.3200065,-0.6425366,0.6257686,0.305215,
1,27,79.889,0.3951316,0.04140409,-0.7768675,0.3200065,-0.6425366,0.6257686,0.305215,
1,27,79.891,0.3951316,0.04140409,-0.7768675,0.3200065,-0.6425366,0.6257686,0.305215,
1,27,79.893,0.3950873,0.04132437,-0.7768811,0.3200462,-0.6425955,0.6256841,0.3052227,
1,27,79.895,0.3950873,0.04132437,-0.7768811,0.3200462,-0.6425955,0.6256841,0.3052227,
1,27,79.897,0.3950873,0.04132437,-0.7768811,0.3200462,-0.6425955,0.6256841,0.3052227,
1,27,79.899,0.3950873,0.04132437,-0.7768811,0.3200462,-0.6425955,0.6256841,0.3052227,
1,27,79.901,0.3951026,0.04145559,-0.7768186,0.319992,-0.6425352,0.6258047,0.3051594,
1,27,79.903,0.3951026,0.04145559,-0.7768186,0.319992,-0.6425352,0.6258047,0.3051594,
1,27,79.905,0.3951026,0.04145559,-0.7768186,0.319992,-0.6425352,0.6258047,0.3051594,
1,27,79.907,0.3951026,0.04145559,-0.7768186,0.319992,-0.6425352,0.6258047,0.3051594,
1,27,79.909,0.3951261,0.04133103,-0.7768387,0.3199948,-0.6426733,0.6257083,0.3050633,
1,27,79.911,0.3951261,0.04133103,-0.7768387,0.3199948,-0.6426733,0.6257083,0.3050633,
1,27,79.913,0.3951261,0.04133103,-0.7768387,0.3199948,-0.6426733,0.6257083,0.3050633,
1,27,79.915,0.3951261,0.04133103,-0.7768387,0.3199948,-0.6426733,0.6257083,0.3050633,
1,27,79.917,0.3951261,0.04133103,-0.7768387,0.3199948,-0.6426733,0.6257083,0.3050633,
1,27,79.919,0.3950724,0.04132659,-0.7767891,0.3199664,-0.6426669,0.6257223,0.3050776,
1,27,79.921,0.3950724,0.04132659,-0.7767891,0.3199664,-0.6426669,0.6257223,0.3050776,
1,27,79.923,0.3950724,0.04132659,-0.7767891,0.3199664,-0.6426669,0.6257223,0.3050776,
1,27,79.925,0.3950724,0.04132659,-0.7767891,0.3199664,-0.6426669,0.6257223,0.3050776,
1,27,79.927,0.3951276,0.04145293,-0.7768373,0.3200159,-0.6425293,0.6257949,0.3051668,
1,27,79.929,0.3951276,0.04145293,-0.7768373,0.3200159,-0.6425293,0.6257949,0.3051668,
1,27,79.931,0.3951276,0.04145293,-0.7768373,0.3200159,-0.6425293,0.6257949,0.3051668,
1,27,79.933,0.3951276,0.04145293,-0.7768373,0.3200159,-0.6425293,0.6257949,0.3051668,
1,27,79.935,0.3950973,0.04148261,-0.7767947,0.3200262,-0.6425438,0.6258138,0.3050866,
1,27,79.937,0.3950973,0.04148261,-0.7767947,0.3200262,-0.6425438,0.6258138,0.3050866,
1,27,79.939,0.3950973,0.04148261,-0.7767947,0.3200262,-0.6425438,0.6258138,0.3050866,
1,27,79.941,0.3950973,0.04148261,-0.7767947,0.3200262,-0.6425438,0.6258138,0.3050866,
1,27,79.943,0.395079,0.04154054,-0.776744,0.3199861,-0.6425167,0.6258792,0.3050517,
1,27,79.945,0.395079,0.04154054,-0.776744,0.3199861,-0.6425167,0.6258792,0.3050517,
1,27,79.947,0.395079,0.04154054,-0.776744,0.3199861,-0.6425167,0.6258792,0.3050517,
1,27,79.949,0.395079,0.04154054,-0.776744,0.3199861,-0.6425167,0.6258792,0.3050517,
1,27,79.951,0.3950669,0.04141088,-0.7767214,0.3199418,-0.6426785,0.6257828,0.3049549,
1,27,79.953,0.3950669,0.04141088,-0.7767214,0.3199418,-0.6426785,0.6257828,0.3049549,
1,27,79.955,0.3950669,0.04141088,-0.7767214,0.3199418,-0.6426785,0.6257828,0.3049549,
1,27,79.957,0.3950669,0.04141088,-0.7767214,0.3199418,-0.6426785,0.6257828,0.3049549,
1,27,79.959,0.3949864,0.04135625,-0.7766737,0.3199,-0.6427149,0.6257423,0.3050055,
1,27,79.961,0.3949864,0.04135625,-0.7766737,0.3199,-0.6427149,0.6257423,0.3050055,
1,27,79.963,0.3949864,0.04135625,-0.7766737,0.3199,-0.6427149,0.6257423,0.3050055,
1,27,79.965,0.3949864,0.04135625,-0.7766737,0.3199,-0.6427149,0.6257423,0.3050055,
1,27,79.967,0.3949864,0.04135625,-0.7766737,0.3199,-0.6427149,0.6257423,0.3050055,
1,27,79.969,0.3950658,0.04134902,-0.7768106,0.3200182,-0.6426109,0.6257005,0.3051862,
1,27,79.971,0.3950658,0.04134902,-0.7768106,0.3200182,-0.6426109,0.6257005,0.3051862,
1,27,79.973,0.3950658,0.04134902,-0.7768106,0.3200182,-0.6426109,0.6257005,0.3051862,
1,27,79.975,0.3950658,0.04134902,-0.7768106,0.3200182,-0.6426109,0.6257005,0.3051862,
1,27,79.977,0.3951114,0.04131788,-0.7768508,0.3200434,-0.6426288,0.6256907,0.3051423,
1,27,79.979,0.3951114,0.04131788,-0.7768508,0.3200434,-0.6426288,0.6256907,0.3051423,
1,27,79.981,0.3951114,0.04131788,-0.7768508,0.3200434,-0.6426288,0.6256907,0.3051423,
1,27,79.983,0.3951114,0.04131788,-0.7768508,0.3200434,-0.6426288,0.6256907,0.3051423,
1,27,79.985,0.395135,0.0414535,-0.7767854,0.3200321,-0.6426095,0.6257684,0.3050353,
1,27,79.987,0.395135,0.0414535,-0.7767854,0.3200321,-0.6426095,0.6257684,0.3050353,
1,27,79.989,0.395135,0.0414535,-0.7767854,0.3200321,-0.6426095,0.6257684,0.3050353,
1,27,79.991,0.395135,0.0414535,-0.7767854,0.3200321,-0.6426095,0.6257684,0.3050353,
1,27,79.993,0.3950618,0.04148911,-0.7767935,0.320035,-0.6425394,0.6258119,0.3050905,
1,27,79.995,0.3950618,0.04148911,-0.7767935,0.320035,-0.6425394,0.6258119,0.3050905,
1,27,79.997,0.3950618,0.04148911,-0.7767935,0.320035,-0.6425394,0.6258119,0.3050905,
1,27,79.999,0.3950618,0.04148911,-0.7767935,0.320035,-0.6425394,0.6258119,0.3050905,
1,27,80.001,0.3950951,0.04147439,-0.7768121,0.320056,-0.6425489,0.6257876,0.3050983,
1,27,80.003,0.3950951,0.04147439,-0.7768121,0.320056,-0.6425489,0.6257876,0.3050983,
1,27,80.005,0.3950951,0.04147439,-0.7768121,0.320056,-0.6425489,0.6257876,0.3050983,
1,27,80.007,0.3950951,0.04147439,-0.7768121,0.320056,-0.6425489,0.6257876,0.3050983,
1,27,80.009,0.395137,0.04142048,-0.776861,0.3200564,-0.6425789,0.6257655,0.3050803,
1,27,80.011,0.395137,0.04142048,-0.776861,0.3200564,-0.6425789,0.6257655,0.3050803,
1,27,80.013,0.395137,0.04142048,-0.776861,0.3200564,-0.6425789,0.6257655,0.3050803,
1,27,80.015,0.395137,0.04142048,-0.776861,0.3200564,-0.6425789,0.6257655,0.3050803,
1,27,80.017,0.395137,0.04142048,-0.776861,0.3200564,-0.6425789,0.6257655,0.3050803,
1,27,80.019,0.3951314,0.0414903,-0.7768123,0.3201051,-0.6425467,0.6257503,0.3051281,
1,27,80.021,0.3951314,0.0414903,-0.7768123,0.3201051,-0.6425467,0.6257503,0.3051281,
1,27,80.023,0.3951314,0.0414903,-0.7768123,0.3201051,-0.6425467,0.6257503,0.3051281,
1,27,80.025,0.3951314,0.0414903,-0.7768123,0.3201051,-0.6425467,0.6257503,0.3051281,
1,27,80.027,0.3951217,0.04141678,-0.7768365,0.3200653,-0.6425539,0.6257561,0.3051426,
1,27,80.029,0.3951217,0.04141678,-0.7768365,0.3200653,-0.6425539,0.6257561,0.3051426,
1,27,80.031,0.3951217,0.04141678,-0.7768365,0.3200653,-0.6425539,0.6257561,0.3051426,
1,27,80.033,0.3951217,0.04141678,-0.7768365,0.3200653,-0.6425539,0.6257561,0.3051426,
1,27,80.035,0.3951141,0.04148386,-0.776772,0.3200458,-0.6425846,0.6258101,0.3049876,
1,27,80.037,0.3951141,0.04148386,-0.776772,0.3200458,-0.6425846,0.6258101,0.3049876,
1,27,80.039,0.3951141,0.04148386,-0.776772,0.3200458,-0.6425846,0.6258101,0.3049876,
1,27,80.041,0.3951141,0.04148386,-0.776772,0.3200458,-0.6425846,0.6258101,0.3049876,
1,27,80.043,0.3950738,0.04143734,-0.7767345,0.32004,-0.6426302,0.6257823,0.3049549,
1,27,80.045,0.3950738,0.04143734,-0.7767345,0.32004,-0.6426302,0.6257823,0.3049549,
1,27,80.047,0.3950738,0.04143734,-0.7767345,0.32004,-0.6426302,0.6257823,0.3049549,
1,27,80.049,0.3950738,0.04143734,-0.7767345,0.32004,-0.6426302,0.6257823,0.3049549,
1,27,80.051,0.3950568,0.04140456,-0.7768058,0.3200422,-0.6425846,0.6257547,0.3051053,
1,27,80.053,0.3950568,0.04140456,-0.7768058,0.3200422,-0.6425846,0.6257547,0.3051053,
1,27,80.055,0.3950568,0.04140456,-0.7768058,0.3200422,-0.6425846,0.6257547,0.3051053,
1,27,80.057,0.3950568,0.04140456,-0.7768058,0.3200422,-0.6425846,0.6257547,0.3051053,
1,27,80.059,0.395117,0.04142861,-0.776827,0.3200799,-0.6425819,0.625744,0.3050932,
1,27,80.061,0.395117,0.04142861,-0.776827,0.3200799,-0.6425819,0.625744,0.3050932,
1,27,80.063,0.395117,0.04142861,-0.776827,0.3200799,-0.6425819,0.625744,0.3050932,
1,27,80.065,0.395117,0.04142861,-0.776827,0.3200799,-0.6425819,0.625744,0.3050932,
1,27,80.067,0.395117,0.04142861,-0.776827,0.3200799,-0.6425819,0.625744,0.3050932,
1,27,80.069,0.3951056,0.04150698,-0.7767848,0.3200323,-0.6425505,0.6258219,0.3050494,
1,27,80.071,0.3951056,0.04150698,-0.7767848,0.3200323,-0.6425505,0.6258219,0.3050494,
1,27,80.073,0.3951056,0.04150698,-0.7767848,0.3200323,-0.6425505,0.6258219,0.3050494,
1,27,80.075,0.3951056,0.04150698,-0.7767848,0.3200323,-0.6425505,0.6258219,0.3050494,
1,27,80.077,0.3950986,0.04146407,-0.7767853,0.320042,-0.6425862,0.6257979,0.3050135,
1,27,80.079,0.3950986,0.04146407,-0.7767853,0.320042,-0.6425862,0.6257979,0.3050135,
1,27,80.081,0.3950986,0.04146407,-0.7767853,0.320042,-0.6425862,0.6257979,0.3050135,
1,27,80.083,0.3950986,0.04146407,-0.7767853,0.320042,-0.6425862,0.6257979,0.3050135,CourtEnter
1,27,80.085,0.3950993,0.04146738,-0.7768333,0.3200611,-0.6425416,0.6257788,0.3051262,
1,27,80.087,0.3950993,0.04146738,-0.7768333,0.3200611,-0.6425416,0.6257788,0.3051262,
1,27,80.089,0.3950993,0.04146738,-0.7768333,0.3200611,-0.6425416,0.6257788,0.3051262,
1,27,80.091,0.3950993,0.04146738,-0.7768333,0.3200611,-0.6425416,0.6257788,0.3051262,CourtExit
1,27,80.093,0.3950903,0.04142053,-0.7768334,0.3200474,-0.6426064,0.6257546,0.305054,
1,27,80.095,0.3950903,0.04142053,-0.7768334,0.3200474,-0.6426064,0.6257546,0.305054,
1,27,80.097,0.3950903,0.04142053,-0.7768334,0.3200474,-0.6426064,0.6257546,0.305054,
1,27,80.099,0.3950903,0.04142053,-0.7768334,0.3200474,-0.6426064,0.6257546,0.305054,
1,27,80.101,0.3950718,0.04148159,-0.7767941,0.3200644,-0.6425633,0.6257787,0.3050776,
1,27,80.103,0.3950718,0.04148159,-0.7767941,0.3200644,-0.6425633,0.6257787,0.3050776,
1,27,80.105,0.3950718,0.04148159,-0.7767941,0.3200644,-0.6425633,0.6257787,0.3050776,
1,27,80.107,0.3950718,0.04148159,-0.7767941,0.3200644,-0.6425633,0.6257787,0.3050776,
1,27,80.109,0.3951261,0.04140831,-0.7768267,0.3200637,-0.6426181,0.6257366,0.3050491,
1,27,80.111,0.3951261,0.04140831,-0.7768267,0.3200637,-0.6426181,0.6257366,0.3050491,
1,27,80.113,0.3951261,0.04140831,-0.7768267,0.3200637,-0.6426181,0.6257366,0.3050491,
1,27,80.115,0.3951261,0.04140831,-0.7768267,0.3200637,-0.6426181,0.6257366,0.3050491,
1,27,80.117,0.3951261,0.04140831,-0.7768267,0.3200637,-0.6426181,0.6257366,0.3050491,
1,27,80.119,0.3950937,0.04145075,-0.7768062,0.3200637,-0.64259,0.6257766,0.3050263,
1,27,80.121,0.3950937,0.04145075,-0.7768062,0.3200637,-0.64259,0.6257766,0.3050263,
1,27,80.123,0.3950937,0.04145075,-0.7768062,0.3200637,-0.64259,0.6257766,0.3050263,
1,27,80.125,0.3950937,0.04145075,-0.7768062,0.3200637,-0.64259,0.6257766,0.3050263,
1,27,80.127,0.3951029,0.04140304,-0.7768618,0.3200802,-0.6425639,0.6257149,0.3051904,
1,27,80.129,0.3951029,0.04140304,-0.7768618,0.3200802,-0.6425639,0.6257149,0.3051904,
1,27,80.131,0.3951029,0.04140304,-0.7768618,0.3200802,-0.6425639,0.6257149,0.3051904,
1,27,80.133,0.3951029,0.04140304,-0.7768618,0.3200802,-0.6425639,0.6257149,0.3051904,
1,27,80.135,0.3951589,0.04136924,-0.7769188,0.3200903,-0.6425722,0.6256903,0.3052129,
1,27,80.137,0.3951589,0.04136924,-0.7769188,0.3200903,-0.6425722,0.6256903,0.3052129,
1,27,80.139,0.3951589,0.04136924,-0.7769188,0.3200903,-0.6425722,0.6256903,0.3052129,
1,27,80.141,0.3951589,0.04136924,-0.7769188,0.3200903,-0.6425722,0.6256903,0.3052129,
1,27,80.143,0.395154,0.04141401,-0.7768538,0.3200745,-0.6425896,0.6257529,0.3050643,
1,27,80.145,0.395154,0.04141401,-0.7768538,0.3200745,-0.6425896,0.6257529,0.3050643,
1,27,80.147,0.395154,0.04141401,-0.7768538,0.3200745,-0.6425896,0.6257529,0.3050643,
1,27,80.149,0.395154,0.04141401,-0.7768538,0.3200745,-0.6425896,0.6257529,0.3050643,
1,27,80.151,0.3951242,0.04140371,-0.7768115,0.3200463,-0.6426101,0.6257306,0.3050965,
1,27,80.153,0.3951242,0.04140371,-0.7768115,0.3200463,-0.6426101,0.6257306,0.3050965,
1,27,80.155,0.3951242,0.04140371,-0.7768115,0.3200463,-0.6426101,0.6257306,0.3050965,
1,27,80.157,0.3951242,0.04140371,-0.7768115,0.3200463,-0.6426101,0.6257306,0.3050965,
1,27,80.159,0.3951556,0.0414467,-0.7768348,0.320078,-0.6425841,0.625771,0.3050351,
1,27,80.161,0.3951556,0.0414467,-0.7768348,0.320078,-0.6425841,0.625771,0.3050351,
1,27,80.163,0.3951556,0.0414467,-0.7768348,0.320078,-0.6425841,0.625771,0.3050351,
1,27,80.165,0.3951556,0.0414467,-0.7768348,0.320078,-0.6425841,0.625771,0.3050351,
1,27,80.167,0.3951556,0.0414467,-0.7768348,0.320078,-0.6425841,0.625771,0.3050351,
1,27,80.169,0.3951202,0.04136132,-0.7768441,0.3200652,-0.6426146,0.6257076,0.3051142,
1,27,80.171,0.3951202,0.04136132,-0.7768441,0.3200652,-0.6426146,0.6257076,0.3051142,
1,27,80.173,0.3951202,0.04136132,-0.7768441,0.3200652,-0.6426146,0.6257076,0.3051142,
1,27,80.175,0.3951202,0.04136132,-0.7768441,0.3200652,-0.6426146,0.6257076,0.3051142,
1,27,80.177,0.395146,0.04134038,-0.7768817,0.3200933,-0.6426095,0.625686,0.3051398,
1,27,80.179,0.395146,0.04134038,-0.7768817,0.3200933,-0.6426095,0.625686,0.3051398,
1,27,80.181,0.395146,0.04134038,-0.7768817,0.3200933,-0.6426095,0.625686,0.3051398,
1,27,80.183,0.395146,0.04134038,-0.7768817,0.3200933,-0.6426095,0.625686,0.3051398,
1,27,80.185,0.3951146,0.04143528,-0.7767894,0.3200271,-0.6425988,0.6257646,0.3050706,
1,27,80.187,0.3951146,0.04143528,-0.7767894,0.3200271,-0.6425988,0.6257646,0.3050706,
1,27,80.189,0.3951146,0.04143528,-0.7767894,0.3200271,-0.6425988,0.6257646,0.3050706,
1,27,80.191,0.3951146,0.04143528,-0.7767894,0.3200271,-0.6425988,0.6257646,0.3050706,
1,27,80.193,0.3950834,0.04143819,-0.776835,0.3200743,-0.6425325,0.6257627,0.3051649,
1,27,80.195,0.3950834,0.04143819,-0.776835,0.3200743,-0.6425325,0.6257627,0.3051649,
1,27,80.197,0.3950834,0.04143819,-0.776835,0.3200743,-0.6425325,0.6257627,0.3051649,
1,27,80.199,0.3950834,0.04143819,-0.776835,0.3200743,-0.6425325,0.6257627,0.3051649,
1,27,80.201,0.3951058,0.0413988,-0.7768354,0.3200527,-0.6425797,0.625747,0.30512,
1,27,80.203,0.3951058,0.0413988,-0.7768354,0.3200527,-0.6425797,0.625747,0.30512,
1,27,80.205,0.3951058,0.0413988,-0.7768354,0.3200527,-0.6425797,0.625747,0.30512,
1,27,80.207,0.3951058,0.0413988,-0.7768354,0.3200527,-0.6425797,0.625747,0.30512,
1,27,80.209,0.3952215,0.04125547,-0.7768707,0.3200852,-0.6426824,0.6256336,0.3051022,
1,27,80.211,0.3952215,0.04125547,-0.7768707,0.3200852,-0.6426824,0.6256336,0.3051022,
1,27,80.213,0.3952215,0.04125547,-0.7768707,0.3200852,-0.6426824,0.6256336,0.3051022,
1,27,80.215,0.3952215,0.04125547,-0.7768707,0.3200852,-0.6426824,0.6256336,0.3051022,
1,27,80.217,0.3952215,0.04125547,-0.7768707,0.3200852,-0.6426824,0.6256336,0.3051022,
1,27,80.219,0.3951238,0.04106541,-0.7768173,0.3200389,-0.6428056,0.6255253,0.3051134,
1,27,80.221,0.3951238,0.04106541,-0.7768173,0.3200389,-0.6428056,0.6255253,0.3051134,
1,27,80.223,0.3951238,0.04106541,-0.7768173,0.3200389,-0.6428056,0.6255253,0.3051134,
1,27,80.225,0.3951238,0.04106541,-0.7768173,0.3200389,-0.6428056,0.6255253,0.3051134,
1,27,80.227,0.3951818,0.04107902,-0.776844,0.3200469,-0.6428069,0.6255342,0.3050843,
1,27,80.229,0.3951818,0.04107902,-0.776844,0.3200469,-0.6428069,0.6255342,0.3050843,
1,27,80.231,0.3951818,0.04107902,-0.776844,0.3200469,-0.6428069,0.6255342,0.3050843,
1,27,80.233,0.3951818,0.04107902,-0.776844,0.3200469,-0.6428069,0.6255342,0.3050843,
1,27,80.235,0.3951193,0.04112439,-0.7768027,0.3200245,-0.6427734,0.6255659,0.3051128,
1,27,80.237,0.3951193,0.04112439,-0.7768027,0.3200245,-0.6427734,0.6255659,0.3051128,
1,27,80.239,0.3951193,0.04112439,-0.7768027,0.3200245,-0.6427734,0.6255659,0.3051128,
1,27,80.241,0.3951193,0.04112439,-0.7768027,0.3200245,-0.6427734,0.6255659,0.3051128,
1,27,80.243,0.3951192,0.04106541,-0.7768655,0.3200004,-0.6428074,0.6255343,0.3051318,
1,27,80.245,0.3951192,0.04106541,-0.7768655,0.3200004,-0.6428074,0.6255343,0.3051318,
1,27,80.247,0.3951192,0.04106541,-0.7768655,0.3200004,-0.6428074,0.6255343,0.3051318,
1,27,80.249,0.3951192,0.04106541,-0.7768655,0.3200004,-0.6428074,0.6255343,0.3051318,
1,27,80.251,0.3951142,0.04104704,-0.776893,0.3199813,-0.6427972,0.6255317,0.3051783,
1,27,80.253,0.3951142,0.04104704,-0.776893,0.3199813,-0.6427972,0.6255317,0.3051783,
1,27,80.255,0.3951142,0.04104704,-0.776893,0.3199813,-0.6427972,0.6255317,0.3051783,
1,27,80.257,0.3951142,0.04104704,-0.776893,0.3199813,-0.6427972,0.6255317,0.3051783,
1,27,80.259,0.3951358,0.04108475,-0.7768121,0.3199916,-0.6427764,0.6255531,0.3051675,
1,27,80.261,0.3951358,0.04108475,-0.7768121,0.3199916,-0.6427764,0.6255531,0.3051675,
1,27,80.263,0.3951358,0.04108475,-0.7768121,0.3199916,-0.6427764,0.6255531,0.3051675,
1,27,80.265,0.3951358,0.04108475,-0.7768121,0.3199916,-0.6427764,0.6255531,0.3051675,
1,27,80.267,0.3951358,0.04108475,-0.7768121,0.3199916,-0.6427764,0.6255531,0.3051675,
1,27,80.269,0.3951639,0.04106618,-0.776888,0.3200418,-0.6427721,0.6255295,0.3051724,
1,27,80.271,0.3951639,0.04106618,-0.776888,0.3200418,-0.6427721,0.6255295,0.3051724,
1,27,80.273,0.3951639,0.04106618,-0.776888,0.3200418,-0.6427721,0.6255295,0.3051724,
1,27,80.275,0.3951639,0.04106618,-0.776888,0.3200418,-0.6427721,0.6255295,0.3051724,
1,27,80.277,0.3951989,0.04111133,-0.7768792,0.3201014,-0.6427662,0.6255198,0.3051423,
1,27,80.279,0.3951989,0.04111133,-0.7768792,0.3201014,-0.6427662,0.6255198,0.3051423,
1,27,80.281,0.3951989,0.04111133,-0.7768792,0.3201014,-0.6427662,0.6255198,0.3051423,
1,27,80.283,0.3951989,0.04111133,-0.7768792,0.3201014,-0.6427662,0.6255198,0.3051423,
1,27,80.285,0.3951764,0.0410463,-0.7768682,0.3200878,-0.6427986,0.6254749,0.3051804,
1,27,80.287,0.3951764,0.0410463,-0.7768682,0.3200878,-0.6427986,0.6254749,0.3051804,
1,27,80.289,0.3951764,0.0410463,-0.7768682,0.3200878,-0.6427986,0.6254749,0.3051804,
1,27,80.291,0.3951764,0.0410463,-0.7768682,0.3200878,-0.6427986,0.6254749,0.3051804,
1,27,80.293,0.3952119,0.04107891,-0.776927,0.3201002,-0.642768,0.6255225,0.3051343,
1,27,80.295,0.3952119,0.04107891,-0.776927,0.3201002,-0.642768,0.6255225,0.3051343,
1,27,80.297,0.3952119,0.04107891,-0.776927,0.3201002,-0.642768,0.6255225,0.3051343,
1,27,80.299,0.3952119,0.04107891,-0.776927,0.3201002,-0.642768,0.6255225,0.3051343,
1,27,80.301,0.3952206,0.04104263,-0.7769108,0.3201173,-0.6428162,0.6254856,0.3050905,
1,27,80.303,0.3952206,0.04104263,-0.7769108,0.3201173,-0.6428162,0.6254856,0.3050905,
1,27,80.305,0.3952206,0.04104263,-0.7769108,0.3201173,-0.6428162,0.6254856,0.3050905,
1,27,80.307,0.3952206,0.04104263,-0.7769108,0.3201173,-0.6428162,0.6254856,0.3050905,
1,27,80.309,0.395235,0.04112192,-0.7769129,0.3201046,-0.642781,0.6255118,0.305124,
1,27,80.311,0.395235,0.04112192,-0.7769129,0.3201046,-0.642781,0.6255118,0.305124,
1,27,80.313,0.395235,0.04112192,-0.7769129,0.3201046,-0.642781,0.6255118,0.305124,
1,27,80.315,0.395235,0.04112192,-0.7769129,0.3201046,-0.642781,0.6255118,0.305124,
1,27,80.317,0.395235,0.04112192,-0.7769129,0.3201046,-0.642781,0.6255118,0.305124,
1,27,80.319,0.3952027,0.04100211,-0.7769243,0.3201052,-0.6428002,0.6254545,0.3052003,
1,27,80.321,0.3952027,0.04100211,-0.7769243,0.3201052,-0.6428002,0.6254545,0.3052003,
1,27,80.323,0.3952027,0.04100211,-0.7769243,0.3201052,-0.6428002,0.6254545,0.3052003,
1,27,80.325,0.3952027,0.04100211,-0.7769243,0.3201052,-0.6428002,0.6254545,0.3052003,
1,27,80.327,0.3951593,0.04095243,-0.776944,0.3199496,-0.6428599,0.6254408,0.3052661,
1,27,80.329,0.3951593,0.04095243,-0.776944,0.3199496,-0.6428599,0.6254408,0.3052661,
1,27,80.331,0.3951593,0.04095243,-0.776944,0.3199496,-0.6428599,0.6254408,0.3052661,
1,27,80.333,0.3951593,0.04095243,-0.776944,0.3199496,-0.6428599,0.6254408,0.3052661,
1,27,80.335,0.3952625,0.04105701,-0.776962,0.3200814,-0.6427395,0.62549,0.3052803,
1,27,80.337,0.3952625,0.04105701,-0.776962,0.3200814,-0.6427395,0.62549,0.3052803,
1,27,80.339,0.3952625,0.04105701,-0.776962,0.3200814,-0.6427395,0.62549,0.3052803,
1,27,80.341,0.3952625,0.04105701,-0.776962,0.3200814,-0.6427395,0.62549,0.3052803,
1,27,80.343,0.3952148,0.04107795,-0.7769178,0.3201312,-0.6427287,0.6254724,0.305287,
1,27,80.345,0.3952148,0.04107795,-0.7769178,0.3201312,-0.6427287,0.6254724,0.305287,
1,27,80.347,0.3952148,0.04107795,-0.7769178,0.3201312,-0.6427287,0.6254724,0.305287,
1,27,80.349,0.3952148,0.04107795,-0.7769178,0.3201312,-0.6427287,0.6254724,0.305287,
1,27,80.351,0.3951865,0.04103424,-0.7769072,0.3200839,-0.6427766,0.6254817,0.3052167,
1,27,80.353,0.3951865,0.04103424,-0.7769072,0.3200839,-0.6427766,0.6254817,0.3052167,
1,27,80.355,0.3951865,0.04103424,-0.7769072,0.3200839,-0.6427766,0.6254817,0.3052167,
1,27,80.357,0.3951865,0.04103424,-0.7769072,0.3200839,-0.6427766,0.6254817,0.3052167,
1,27,80.359,0.3952288,0.04103437,-0.7769879,0.3200875,-0.6427625,0.6254595,0.305288,
1,27,80.361,0.3952288,0.04103437,-0.7769879,0.3200875,-0.6427625,0.6254595,0.305288,
1,27,80.363,0.3952288,0.04103437,-0.7769879,0.3200875,-0.6427625,0.6254595,0.305288,
1,27,80.365,0.3952288,0.04103437,-0.7769879,0.3200875,-0.6427625,0.6254595,0.305288,
1,27,80.367,0.3952288,0.04103437,-0.7769879,0.3200875,-0.6427625,0.6254595,0.305288,
1,27,80.369,0.3952408,0.04116303,-0.7768582,0.3201291,-0.64272,0.6256006,0.3050448,
1,27,80.371,0.3952408,0.04116303,-0.7768582,0.3201291,-0.64272,0.6256006,0.3050448,
1,27,80.373,0.3952408,0.04116303,-0.7768582,0.3201291,-0.64272,0.6256006,0.3050448,
1,27,80.375,0.3952408,0.04116303,-0.7768582,0.3201291,-0.64272,0.6256006,0.3050448,
1,27,80.377,0.3952171,0.04115231,-0.7768544,0.3202264,-0.6427691,0.6255352,0.3049731,
1,27,80.379,0.3952171,0.04115231,-0.7768544,0.3202264,-0.6427691,0.6255352,0.3049731,
1,27,80.381,0.3952171,0.04115231,-0.7768544,0.3202264,-0.6427691,0.6255352,0.3049731,
1,27,80.383,0.3952171,0.04115231,-0.7768544,0.3202264,-0.6427691,0.6255352,0.3049731,
1,27,80.385,0.3952704,0.04117962,-0.7768936,0.3202231,-0.6427507,0.6255525,0.3049801,
1,27,80.387,0.3952704,0.04117962,-0.7768936,0.3202231,-0.6427507,0.6255525,0.3049801,
1,27,80.389,0.3952704,0.04117962,-0.7768936,0.3202231,-0.6427507,0.6255525,0.3049801,
1,27,80.391,0.3952704,0.04117962,-0.7768936,0.3202231,-0.6427507,0.6255525,0.3049801,
1,27,80.393,0.3952248,0.04129985,-0.776832,0.320352,-0.6426821,0.6256216,0.3048478,
1,27,80.395,0.3952248,0.04129985,-0.776832,0.320352,-0.6426821,0.6256216,0.3048478,
1,27,80.397,0.3952248,0.04129985,-0.776832,0.320352,-0.6426821,0.6256216,0.3048478,
1,27,80.399,0.3952248,0.04129985,-0.776832,0.320352,-0.6426821,0.6256216,0.3048478,
1,27,80.401,0.3954072,0.04117715,-0.7770236,0.3204696,-0.6427302,0.6254727,0.3049281,
1,27,80.403,0.3954072,0.04117715,-0.7770236,0.3204696,-0.6427302,0.6254727,0.3049281,
1,27,80.405,0.3954072,0.04117715,-0.7770236,0.3204696,-0.6427302,0.6254727,0.3049281,
1,27,80.407,0.3954072,0.04117715,-0.7770236,0.3204696,-0.6427302,0.6254727,0.3049281,
1,27,80.409,0.3951696,0.041164,-0.7767084,0.3203186,-0.6428417,0.6255149,0.304765,
1,27,80.411,0.3951696,0.041164,-0.7767084,0.3203186,-0.6428417,0.6255149,0.304765,
1,27,80.413,0.3951696,0.041164,-0.7767084,0.3203186,-0.6428417,0.6255149,0.304765,
1,27,80.415,0.3951696,0.041164,-0.7767084,0.3203186,-0.6428417,0.6255149,0.304765,
1,27,80.417,0.3951696,0.041164,-0.7767084,0.3203186,-0.6428417,0.6255149,0.304765,
1,27,80.419,0.3951264,0.04131315,-0.7766446,0.320223,-0.6428051,0.6256603,0.3046441,
1,27,80.421,0.3951264,0.04131315,-0.7766446,0.320223,-0.6428051,0.6256603,0.3046441,
1,27,80.423,0.3951264,0.04131315,-0.7766446,0.320223,-0.6428051,0.6256603,0.3046441,
1,27,80.425,0.3951264,0.04131315,-0.7766446,0.320223,-0.6428051,0.6256603,0.3046441,
1,27,80.427,0.3952506,0.04132532,-0.7768196,0.3204167,-0.6427535,0.6256096,0.3046535,
1,27,80.429,0.3952506,0.04132532,-0.7768196,0.3204167,-0.6427535,0.6256096,0.3046535,
1,27,80.431,0.3952506,0.04132532,-0.7768196,0.3204167,-0.6427535,0.6256096,0.3046535,
1,27,80.433,0.3952506,0.04132532,-0.7768196,0.3204167,-0.6427535,0.6256096,0.3046535,
1,27,80.435,0.3953288,0.04135305,-0.776912,0.3205179,-0.6426873,0.6256011,0.3047043,
1,27,80.437,0.3953288,0.04135305,-0.776912,0.3205179,-0.6426873,0.6256011,0.3047043,
1,27,80.439,0.3953288,0.04135305,-0.776912,0.3205179,-0.6426873,0.6256011,0.3047043,
1,27,80.441,0.3953288,0.04135305,-0.776912,0.3205179,-0.6426873,0.6256011,0.3047043,
1,27,80.443,0.3952755,0.04128301,-0.776948,0.3204065,-0.6427183,0.6255655,0.3048289,
1,27,80.445,0.3952755,0.04128301,-0.776948,0.3204065,-0.6427183,0.6255655,0.3048289,
1,27,80.447,0.3952755,0.04128301,-0.776948,0.3204065,-0.6427183,0.6255655,0.3048289,
1,27,80.449,0.3952755,0.04128301,-0.776948,0.3204065,-0.6427183,0.6255655,0.3048289,
1,27,80.451,0.3952377,0.04133318,-0.7769278,0.3203547,-0.6426895,0.6256088,0.3048555,
1,27,80.453,0.3952377,0.04133318,-0.7769278,0.3203547,-0.6426895,0.6256088,0.3048555,
1,27,80.455,0.3952377,0.04133318,-0.7769278,0.3203547,-0.6426895,0.6256088,0.3048555,
1,27,80.457,0.3952377,0.04133318,-0.7769278,0.3203547,-0.6426895,0.6256088,0.3048555,
1,27,80.459,0.3951161,0.04120067,-0.7768443,0.3201535,-0.6428266,0.6255268,0.3049459,
1,27,80.461,0.3951161,0.04120067,-0.7768443,0.3201535,-0.6428266,0.6255268,0.3049459,
1,27,80.463,0.3951161,0.04120067,-0.7768443,0.3201535,-0.6428266,0.6255268,0.3049459,
1,27,80.465,0.3951161,0.04120067,-0.7768443,0.3201535,-0.6428266,0.6255268,0.3049459,
1,27,80.467,0.3951161,0.04120067,-0.7768443,0.3201535,-0.6428266,0.6255268,0.3049459,
1,27,80.469,0.3951142,0.04118901,-0.7767777,0.3199914,-0.6427809,0.6256074,0.305047,
1,27,80.471,0.3951142,0.04118901,-0.7767777,0.3199914,-0.6427809,0.6256074,0.305047,
1,27,80.473,0.3951142,0.04118901,-0.7767777,0.3199914,-0.6427809,0.6256074,0.305047,
1,27,80.475,0.3951142,0.04118901,-0.7767777,0.3199914,-0.6427809,0.6256074,0.305047,
1,27,80.477,0.3951157,0.04110583,-0.7767991,0.3199388,-0.6427824,0.6256063,0.3051013,
1,27,80.479,0.3951157,0.04110583,-0.7767991,0.3199388,-0.6427824,0.6256063,0.3051013,
1,27,80.481,0.3951157,0.04110583,-0.7767991,0.3199388,-0.6427824,0.6256063,0.3051013,
1,27,80.483,0.3951157,0.04110583,-0.7767991,0.3199388,-0.6427824,0.6256063,0.3051013,
1,27,80.485,0.3951799,0.04108754,-0.7768459,0.3199977,-0.6428147,0.6255489,0.3050891,
1,27,80.487,0.3951799,0.04108754,-0.7768459,0.3199977,-0.6428147,0.6255489,0.3050891,
1,27,80.489,0.3951799,0.04108754,-0.7768459,0.3199977,-0.6428147,0.6255489,0.3050891,
1,27,80.491,0.3951799,0.04108754,-0.7768459,0.3199977,-0.6428147,0.6255489,0.3050891,
1,27,80.493,0.3951687,0.04108798,-0.7769496,0.320049,-0.6427867,0.6255102,0.3051735,
1,27,80.495,0.3951687,0.04108798,-0.7769496,0.320049,-0.6427867,0.6255102,0.3051735,
1,27,80.497,0.3951687,0.04108798,-0.7769496,0.320049,-0.6427867,0.6255102,0.3051735,
1,27,80.499,0.3951687,0.04108798,-0.7769496,0.320049,-0.6427867,0.6255102,0.3051735,
1,27,80.501,0.3952591,0.04126317,-0.7770294,0.3202846,-0.6427594,0.625483,0.3050399,
1,27,80.503,0.3952591,0.04126317,-0.7770294,0.3202846,-0.6427594,0.625483,0.3050399,
1,27,80.505,0.3952591,0.04126317,-0.7770294,0.3202846,-0.6427594,0.625483,0.3050399,
1,27,80.507,0.3952591,0.04126317,-0.7770294,0.3202846,-0.6427594,0.625483,0.3050399,
1,27,80.509,0.3950558,0.04110394,-0.7767023,0.3199646,-0.6428077,0.6255863,0.3050618,
1,27,80.511,0.3950558,0.04110394,-0.7767023,0.3199646,-0.6428077,0.6255863,0.3050618,
1,27,80.513,0.3950558,0.04110394,-0.7767023,0.3199646,-0.6428077,0.6255863,0.3050618,
1,27,80.515,0.3950558,0.04110394,-0.7767023,0.3199646,-0.6428077,0.6255863,0.3050618,
1,27,80.517,0.3950558,0.04110394,-0.7767023,0.3199646,-0.6428077,0.6255863,0.3050618,
1,27,80.519,0.3950224,0.04105502,-0.7767103,0.319871,-0.642809,0.625601,0.3051271,
1,27,80.521,0.3950224,0.04105502,-0.7767103,0.319871,-0.642809,0.625601,0.3051271,
1,27,80.523,0.3950224,0.04105502,-0.7767103,0.319871,-0.642809,0.625601,0.3051271,
1,27,80.525,0.3950224,0.04105502,-0.7767103,0.319871,-0.642809,0.625601,0.3051271,
1,27,80.527,0.3951687,0.04107995,-0.7768612,0.3199781,-0.6428054,0.6255551,0.3051167,
1,27,80.529,0.3951687,0.04107995,-0.7768612,0.3199781,-0.6428054,0.6255551,0.3051167,
1,27,80.531,0.3951687,0.04107995,-0.7768612,0.3199781,-0.6428054,0.6255551,0.3051167,
1,27,80.533,0.3951687,0.04107995,-0.7768612,0.3199781,-0.6428054,0.6255551,0.3051167,
1,27,80.535,0.3950796,0.04108564,-0.7767808,0.3199429,-0.6428169,0.6255558,0.3051278,
1,27,80.537,0.3950796,0.04108564,-0.7767808,0.3199429,-0.6428169,0.6255558,0.3051278,
1,27,80.539,0.3950796,0.04108564,-0.7767808,0.3199429,-0.6428169,0.6255558,0.3051278,
1,27,80.541,0.3950796,0.04108564,-0.7767808,0.3199429,-0.6428169,0.6255558,0.3051278,
1,27,80.543,0.3950161,0.04105015,-0.7766532,0.319815,-0.6428612,0.6256018,0.3050739,
1,27,80.545,0.3950161,0.04105015,-0.7766532,0.319815,-0.6428612,0.6256018,0.3050739,
1,27,80.547,0.3950161,0.04105015,-0.7766532,0.319815,-0.6428612,0.6256018,0.3050739,
1,27,80.549,0.3950161,0.04105015,-0.7766532,0.319815,-0.6428612,0.6256018,0.3050739,
1,27,80.551,0.3951391,0.04107652,-0.7767761,0.3199058,-0.6428152,0.625581,0.3051186,
1,27,80.553,0.3951391,0.04107652,-0.7767761,0.3199058,-0.6428152,0.625581,0.3051186,
1,27,80.555,0.3951391,0.04107652,-0.7767761,0.3199058,-0.6428152,0.625581,0.3051186,
1,27,80.557,0.3951391,0.04107652,-0.7767761,0.3199058,-0.6428152,0.625581,0.3051186,
1,27,80.559,0.3952659,0.04097776,-0.777112,0.3200468,-0.6427545,0.6254347,0.3053985,
1,27,80.561,0.3952659,0.04097776,-0.777112,0.3200468,-0.6427545,0.6254347,0.3053985,
1,27,80.563,0.3952659,0.04097776,-0.777112,0.3200468,-0.6427545,0.6254347,0.3053985,
1,27,80.565,0.3952659,0.04097776,-0.777112,0.3200468,-0.6427545,0.6254347,0.3053985,
1,27,80.567,0.3952659,0.04097776,-0.777112,0.3200468,-0.6427545,0.6254347,0.3053985,
1,27,80.569,0.3954675,0.04096255,-0.7774096,0.3201852,-0.6426681,0.6253548,0.3055987,
1,27,80.571,0.3954675,0.04096255,-0.7774096,0.3201852,-0.6426681,0.6253548,0.3055987,
1,27,80.573,0.3954675,0.04096255,-0.7774096,0.3201852,-0.6426681,0.6253548,0.3055987,
1,27,80.575,0.3954675,0.04096255,-0.7774096,0.3201852,-0.6426681,0.6253548,0.3055987,
1,27,80.577,0.3951366,0.04099807,-0.7769376,0.3199244,-0.6427653,0.6255336,0.3053015,
1,27,80.579,0.3951366,0.04099807,-0.7769376,0.3199244,-0.6427653,0.6255336,0.3053015,
1,27,80.581,0.3951366,0.04099807,-0.7769376,0.3199244,-0.6427653,0.6255336,0.3053015,
1,27,80.583,0.3951366,0.04099807,-0.7769376,0.3199244,-0.6427653,0.6255336,0.3053015,
1,27,80.585,0.3945176,0.04083533,-0.7762719,0.319531,-0.6430113,0.625643,0.3049708,
1,27,80.587,0.3945176,0.04083533,-0.7762719,0.319531,-0.6430113,0.625643,0.3049708,
1,27,80.589,0.3945176,0.04083533,-0.7762719,0.319531,-0.6430113,0.625643,0.3049708,
1,27,80.591,0.3945176,0.04083533,-0.7762719,0.319531,-0.6430113,0.625643,0.3049708,
1,27,80.593,0.3944261,0.04078487,-0.7762016,0.3191001,-0.6429498,0.6258074,0.3052146,
1,27,80.595,0.3944261,0.04078487,-0.7762016,0.3191001,-0.6429498,0.6258074,0.3052146,
1,27,80.597,0.3944261,0.04078487,-0.7762016,0.3191001,-0.6429498,0.6258074,0.3052146,
1,27,80.599,0.3944261,0.04078487,-0.7762016,0.3191001,-0.6429498,0.6258074,0.3052146,
1,27,80.601,0.3944716,0.04064508,-0.7763004,0.31874,-0.642866,0.6258597,0.3056595,
1,27,80.603,0.3944716,0.04064508,-0.7763004,0.31874,-0.642866,0.6258597,0.3056595,
1,27,80.605,0.3944716,0.04064508,-0.7763004,0.31874,-0.642866,0.6258597,0.3056595,
1,27,80.607,0.3944716,0.04064508,-0.7763004,0.31874,-0.642866,0.6258597,0.3056595,
1,27,80.609,0.3944834,0.04063946,-0.776325,0.3187159,-0.6428453,0.6258898,0.3056667,
1,27,80.611,0.3944834,0.04063946,-0.776325,0.3187159,-0.6428453,0.6258898,0.3056667,
1,27,80.613,0.3944834,0.04063946,-0.776325,0.3187159,-0.6428453,0.6258898,0.3056667,
1,27,80.615,0.3944834,0.04063946,-0.776325,0.3187159,-0.6428453,0.6258898,0.3056667,
1,27,80.617,0.3944834,0.04063946,-0.776325,0.3187159,-0.6428453,0.6258898,0.3056667,
1,27,80.619,0.3945277,0.04057554,-0.7763615,0.3186885,-0.6428643,0.625865,0.305706,
1,27,80.621,0.3945277,0.04057554,-0.7763615,0.3186885,-0.6428643,0.625865,0.305706,
1,27,80.623,0.3945277,0.04057554,-0.7763615,0.3186885,-0.6428643,0.625865,0.305706,
1,27,80.625,0.3945277,0.04057554,-0.7763615,0.3186885,-0.6428643,0.625865,0.305706,
1,27,80.627,0.3944637,0.04074614,-0.7762393,0.318573,-0.6427874,0.6259886,0.3057351,
1,27,80.629,0.3944637,0.04074614,-0.7762393,0.318573,-0.6427874,0.6259886,0.3057351,
1,27,80.631,0.3944637,0.04074614,-0.7762393,0.318573,-0.6427874,0.6259886,0.3057351,
1,27,80.633,0.3944637,0.04074614,-0.7762393,0.318573,-0.6427874,0.6259886,0.3057351,
1,27,80.635,0.3946077,0.04095548,-0.7762523,0.3191568,-0.6428853,0.6258706,0.3051615,
1,27,80.637,0.3946077,0.04095548,-0.7762523,0.3191568,-0.6428853,0.6258706,0.3051615,
1,27,80.639,0.3946077,0.04095548,-0.7762523,0.3191568,-0.6428853,0.6258706,0.3051615,
1,27,80.641,0.3946077,0.04095548,-0.7762523,0.3191568,-0.6428853,0.6258706,0.3051615,
1,27,80.643,0.3946158,0.04096423,-0.7762557,0.3199237,-0.6432152,0.6255066,0.3044086,
1,27,80.645,0.3946158,0.04096423,-0.7762557,0.3199237,-0.6432152,0.6255066,0.3044086,
1,27,80.647,0.3946158,0.04096423,-0.7762557,0.3199237,-0.6432152,0.6255066,0.3044086,
1,27,80.649,0.3946158,0.04096423,-0.7762557,0.3199237,-0.6432152,0.6255066,0.3044086,
1,27,80.651,0.3950115,0.04104373,-0.7768155,0.3207849,-0.6432258,0.6251048,0.3043054,
1,27,80.653,0.3950115,0.04104373,-0.7768155,0.3207849,-0.6432258,0.6251048,0.3043054,
1,27,80.655,0.3950115,0.04104373,-0.7768155,0.3207849,-0.6432258,0.6251048,0.3043054,
1,27,80.657,0.3950115,0.04104373,-0.7768155,0.3207849,-0.6432258,0.6251048,0.3043054,
1,27,80.659,0.3953353,0.04115416,-0.7772398,0.3210765,-0.6430966,0.625034,0.3044161,
1,27,80.661,0.3953353,0.04115416,-0.7772398,0.3210765,-0.6430966,0.625034,0.3044161,
1,27,80.663,0.3953353,0.04115416,-0.7772398,0.3210765,-0.6430966,0.625034,0.3044161,
1,27,80.665,0.3953353,0.04115416,-0.7772398,0.3210765,-0.6430966,0.625034,0.3044161,
1,27,80.667,0.3953353,0.04115416,-0.7772398,0.3210765,-0.6430966,0.625034,0.3044161,
1,27,80.669,0.3951877,0.0410318,-0.7771149,0.3205785,-0.6430003,0.6252256,0.3047505,
1,27,80.671,0.3951877,0.0410318,-0.7771149,0.3205785,-0.6430003,0.6252256,0.3047505,
1,27,80.673,0.3951877,0.0410318,-0.7771149,0.3205785,-0.6430003,0.6252256,0.3047505,
1,27,80.675,0.3951877,0.0410318,-0.7771149,0.3205785,-0.6430003,0.6252256,0.3047505,
1,27,80.677,0.3950214,0.04097185,-0.7768478,0.3199105,-0.6428521,0.6254995,0.3052031,
1,27,80.679,0.3950214,0.04097185,-0.7768478,0.3199105,-0.6428521,0.6254995,0.3052031,
1,27,80.681,0.3950214,0.04097185,-0.7768478,0.3199105,-0.6428521,0.6254995,0.3052031,
1,27,80.683,0.3950214,0.04097185,-0.7768478,0.3199105,-0.6428521,0.6254995,0.3052031,
1,27,80.685,0.3950383,0.04104267,-0.7768692,0.3195941,-0.6426642,0.6256706,0.3055794,
1,27,80.687,0.3950383,0.04104267,-0.7768692,0.3195941,-0.6426642,0.6256706,0.3055794,
1,27,80.689,0.3950383,0.04104267,-0.7768692,0.3195941,-0.6426642,0.6256706,0.3055794,
1,27,80.691,0.3950383,0.04104267,-0.7768692,0.3195941,-0.6426642,0.6256706,0.3055794,
1,27,80.693,0.3949662,0.04098641,-0.7767226,0.319579,-0.6427602,0.6256672,0.3054002,
1,27,80.695,0.3949662,0.04098641,-0.7767226,0.319579,-0.6427602,0.6256672,0.3054002,
1,27,80.697,0.3949662,0.04098641,-0.7767226,0.319579,-0.6427602,0.6256672,0.3054002,
1,27,80.699,0.3949662,0.04098641,-0.7767226,0.319579,-0.6427602,0.6256672,0.3054002,
1,27,80.701,0.3949347,0.04108315,-0.7767077,0.3200274,-0.6429498,0.6255046,0.3048641,
1,27,80.703,0.3949347,0.04108315,-0.7767077,0.3200274,-0.6429498,0.6255046,0.3048641,
1,27,80.705,0.3949347,0.04108315,-0.7767077,0.3200274,-0.6429498,0.6255046,0.3048641,
1,27,80.707,0.3949347,0.04108315,-0.7767077,0.3200274,-0.6429498,0.6255046,0.3048641,
1,27,80.709,0.3950143,0.04128351,-0.776877,0.3206046,-0.6429916,0.6253321,0.3045233,
1,27,80.711,0.3950143,0.04128351,-0.776877,0.3206046,-0.6429916,0.6253321,0.3045233,
1,27,80.713,0.3950143,0.04128351,-0.776877,0.3206046,-0.6429916,0.6253321,0.3045233,
1,27,80.715,0.3950143,0.04128351,-0.776877,0.3206046,-0.6429916,0.6253321,0.3045233,
1,27,80.717,0.3950143,0.04128351,-0.776877,0.3206046,-0.6429916,0.6253321,0.3045233,
1,27,80.719,0.395154,0.04127126,-0.7770635,0.3209057,-0.6430407,0.6251713,0.3044324,
1,27,80.721,0.395154,0.04127126,-0.7770635,0.3209057,-0.6430407,0.6251713,0.3044324,
1,27,80.723,0.395154,0.04127126,-0.7770635,0.3209057,-0.6430407,0.6251713,0.3044324,
1,27,80.725,0.395154,0.04127126,-0.7770635,0.3209057,-0.6430407,0.6251713,0.3044324,
1,27,80.727,0.3952454,0.04124356,-0.7771003,0.3209228,-0.6430579,0.6251556,0.3044102,
1,27,80.729,0.3952454,0.04124356,-0.7771003,0.3209228,-0.6430579,0.6251556,0.3044102,
1,27,80.731,0.3952454,0.04124356,-0.7771003,0.3209228,-0.6430579,0.6251556,0.3044102,
1,27,80.733,0.3952454,0.04124356,-0.7771003,0.3209228,-0.6430579,0.6251556,0.3044102,
1,27,80.735,0.395152,0.04118256,-0.7770436,0.320672,-0.6430115,0.6252558,0.3045669,
1,27,80.737,0.395152,0.04118256,-0.7770436,0.320672,-0.6430115,0.6252558,0.3045669,
1,27,80.739,0.395152,0.04118256,-0.7770436,0.320672,-0.6430115,0.6252558,0.3045669,
1,27,80.741,0.395152,0.04118256,-0.7770436,0.320672,-0.6430115,0.6252558,0.3045669,
1,27,80.743,0.3950912,0.04119388,-0.7769539,0.3202853,-0.6428615,0.6254548,0.3048817,
1,27,80.745,0.3950912,0.04119388,-0.7769539,0.3202853,-0.6428615,0.6254548,0.3048817,
1,27,80.747,0.3950912,0.04119388,-0.7769539,0.3202853,-0.6428615,0.6254548,0.3048817,
1,27,80.749,0.3950912,0.04119388,-0.7769539,0.3202853,-0.6428615,0.6254548,0.3048817,
1,27,80.751,0.3950876,0.04111493,-0.7768894,0.3199137,-0.6427869,0.6255835,0.3051646,
1,27,80.753,0.3950876,0.04111493,-0.7768894,0.3199137,-0.6427869,0.6255835,0.3051646,
1,27,80.755,0.3950876,0.04111493,-0.7768894,0.3199137,-0.6427869,0.6255835,0.3051646,CourtEnter
1,27,80.757,0.3950876,0.04111493,-0.7768894,0.3199137,-0.6427869,0.6255835,0.3051646,
1,27,80.759,0.3950753,0.04102045,-0.7769777,0.319764,-0.6427042,0.6256084,0.3054445,
1,27,80.761,0.3950753,0.04102045,-0.7769777,0.319764,-0.6427042,0.6256084,0.3054445,
1,27,80.763,0.3950753,0.04102045,-0.7769777,0.319764,-0.6427042,0.6256084,0.3054445,
1,27,80.765,0.3950753,0.04102045,-0.7769777,0.319764,-0.6427042,0.6256084,0.3054445,
1,27,80.767,0.3950753,0.04102045,-0.7769777,0.319764,-0.6427042,0.6256084,0.3054445,CourtExit
1,27,80.769,0.3951381,0.04099644,-0.7770233,0.3198178,-0.6427467,0.6255543,0.3054098,
1,27,80.771,0.3951381,0.04099644,-0.7770233,0.3198178,-0.6427467,0.6255543,0.3054098,
1,27,80.773,0.3951381,0.04099644,-0.7770233,0.3198178,-0.6427467,0.6255543,0.3054098,
1,27,80.775,0.3951381,0.04099644,-0.7770233,0.3198178,-0.6427467,0.6255543,0.3054098,
1,27,80.777,0.3951496,0.04095627,-0.777114,0.3200381,-0.6427623,0.6254554,0.3053486,
1,27,80.779,0.3951496,0.04095627,-0.777114,0.3200381,-0.6427623,0.6254554,0.3053486,
1,27,80.781,0.3951496,0.04095627,-0.777114,0.3200381,-0.6427623,0.6254554,0.3053486,
1,27,80.783,0.3951496,0.04095627,-0.777114,0.3200381,-0.6427623,0.6254554,0.3053486,
1,27,80.785,0.3952025,0.0410046,-0.7772179,0.3198948,-0.6426555,0.6255522,0.3055253,
1,27,80.787,0.3952025,0.0410046,-0.7772179,0.3198948,-0.6426555,0.6255522,0.3055253,
1,27,80.789,0.3952025,0.0410046,-0.7772179,0.3198948,-0.6426555,0.6255522,0.3055253,
1,27,80.791,0.3952025,0.0410046,-0.7772179,0.3198948,-0.6426555,0.6255522,0.3055253,
1,27,80.793,0.3952329,0.04091052,-0.7773768,0.3198397,-0.6426015,0.6254988,0.3058059,
1,27,80.795,0.3952329,0.04091052,-0.7773768,0.3198397,-0.6426015,0.6254988,0.3058059,
1,27,80.797,0.3952329,0.04091052,-0.7773768,0.3198397,-0.6426015,0.6254988,0.3058059,
1,27,80.799,0.3952329,0.04091052,-0.7773768,0.3198397,-0.6426015,0.6254988,0.3058059,
1,27,80.801,0.3953235,0.04097126,-0.777518,0.3200009,-0.6426063,0.6254798,0.3056661,
1,27,80.803,0.3953235,0.04097126,-0.777518,0.3200009,-0.6426063,0.6254798,0.3056661,
1,27,80.805,0.3953235,0.04097126,-0.777518,0.3200009,-0.6426063,0.6254798,0.3056661,
1,27,80.807,0.3953235,0.04097126,-0.777518,0.3200009,-0.6426063,0.6254798,0.3056661,
1,27,80.809,0.3953192,0.04105452,-0.7775668,0.3200222,-0.6425579,0.6255106,0.3056821,
1,27,80.811,0.3953192,0.04105452,-0.7775668,0.3200222,-0.6425579,0.6255106,0.3056821,
1,27,80.813,0.3953192,0.04105452,-0.7775668,0.3200222,-0.6425579,0.6255106,0.3056821,
1,27,80.815,0.3953192,0.04105452,-0.7775668,0.3200222,-0.6425579,0.6255106,0.3056821,
1,27,80.817,0.3953192,0.04105452,-0.7775668,0.3200222,-0.6425579,0.6255106,0.3056821,
1,27,80.819,0.3951594,0.04117519,-0.7773298,0.3200679,-0.6425607,0.6255518,0.3055443,
1,27,80.821,0.3951594,0.04117519,-0.7773298,0.3200679,-0.6425607,0.6255518,0.3055443,
1,27,80.823,0.3951594,0.04117519,-0.7773298,0.3200679,-0.6425607,0.6255518,0.3055443,
1,27,80.825,0.3951594,0.04117519,-0.7773298,0.3200679,-0.6425607,0.6255518,0.3055443,
1,27,80.827,0.3951944,0.04117888,-0.7772966,0.320279,-0.6427286,0.6254375,0.3052037,
1,27,80.829,0.3951944,0.04117888,-0.7772966,0.320279,-0.6427286,0.6254375,0.3052037,
1,27,80.831,0.3951944,0.04117888,-0.7772966,0.320279,-0.6427286,0.6254375,0.3052037,
1,27,80.833,0.3951944,0.04117888,-0.7772966,0.320279,-0.6427286,0.6254375,0.3052037,
1,27,80.835,0.3951768,0.04125005,-0.7772623,0.3206212,-0.6428363,0.6253327,0.304832,
1,27,80.837,0.3951768,0.04125005,-0.7772623,0.3206212,-0.6428363,0.6253327,0.304832,
1,27,80.839,0.3951768,0.04125005,-0.7772623,0.3206212,-0.6428363,0.6253327,0.304832,
1,27,80.841,0.3951768,0.04125005,-0.7772623,0.3206212,-0.6428363,0.6253327,0.304832,
1,27,80.843,0.3955693,0.0412635,-0.7774252,0.3212553,-0.6430248,0.6249899,0.3044699,
1,27,80.845,0.3955693,0.0412635,-0.7774252,0.3212553,-0.6430248,0.6249899,0.3044699,
1,27,80.847,0.3955693,0.0412635,-0.7774252,0.3212553,-0.6430248,0.6249899,0.3044699,
1,27,80.849,0.3955693,0.0412635,-0.7774252,0.3212553,-0.6430248,0.6249899,0.3044699,
1,27,80.851,0.3977487,0.042475,-0.7787128,0.3222874,-0.6417847,0.6251304,0.3057044,
1,27,80.853,0.3977487,0.042475,-0.7787128,0.3222874,-0.6417847,0.6251304,0.3057044,
1,27,80.855,0.3977487,0.042475,-0.7787128,0.3222874,-0.6417847,0.6251304,0.3057044,
1,27,80.857,0.3977487,0.042475,-0.7787128,0.3222874,-0.6417847,0.6251304,0.3057044,
1,27,80.859,0.4019709,0.04639415,-0.7809217,0.3238505,-0.6387335,0.6264125,0.3078114,
1,27,80.861,0.4019709,0.04639415,-0.7809217,0.3238505,-0.6387335,0.6264125,0.3078114,
1,27,80.863,0.4019709,0.04639415,-0.7809217,0.3238505,-0.6387335,0.6264125,0.3078114,
1,27,80.865,0.4019709,0.04639415,-0.7809217,0.3238505,-0.6387335,0.6264125,0.3078114,
1,27,80.867,0.4019709,0.04639415,-0.7809217,0.3238505,-0.6387335,0.6264125,0.3078114,
1,27,80.869,0.4066798,0.05382452,-0.7821382,0.3247505,-0.6336676,0.6299054,0.3101963,
1,27,80.871,0.4066798,0.05382452,-0.7821382,0.3247505,-0.6336676,0.6299054,0.3101963,
1,27,80.873,0.4066798,0.05382452,-0.7821382,0.3247505,-0.6336676,0.6299054,0.3101963,
1,27,80.875,0.4066798,0.05382452,-0.7821382,0.3247505,-0.6336676,0.6299054,0.3101963,
1,27,80.877,0.4116028,0.063755,-0.78336,0.325791,-0.6269163,0.6349662,0.3124967,
1,27,80.879,0.4116028,0.063755,-0.78336,0.325791,-0.6269163,0.6349662,0.3124967,
1,27,80.881,0.4116028,0.063755,-0.78336,0.325791,-0.6269163,0.6349662,0.3124967,
1,27,80.883,0.4116028,0.063755,-0.78336,0.325791,-0.6269163,0.6349662,0.3124967,
1,27,80.885,0.4144836,0.07380114,-0.7841144,0.3262004,-0.6203121,0.6404201,0.3141153,
1,27,80.887,0.4144836,0.07380114,-0.7841144,0.3262004,-0.6203121,0.6404201,0.3141153,
1,27,80.889,0.4144836,0.07380114,-0.7841144,0.3262004,-0.6203121,0.6404201,0.3141153,
1,27,80.891,0.4144836,0.07380114,-0.7841144,0.3262004,-0.6203121,0.6404201,0.3141153,
1,27,80.893,0.4146804,0.08587569,-0.7843281,0.3257384,-0.6130313,0.6474071,0.3145651,
1,27,80.895,0.4146804,0.08587569,-0.7843281,0.3257384,-0.6130313,0.6474071,0.3145651,
1,27,80.897,0.4146804,0.08587569,-0.7843281,0.3257384,-0.6130313,0.6474071,0.3145651,
1,27,80.899,0.4146804,0.08587569,-0.7843281,0.3257384,-0.6130313,0.6474071,0.3145651,
1,27,80.901,0.4121924,0.09967191,-0.7847608,0.3255151,-0.6054247,0.6553067,0.3131676,
1,27,80.903,0.4121924,0.09967191,-0.7847608,0.3255151,-0.6054247,0.6553067,0.3131676,
1,27,80.905,0.4121924,0.09967191,-0.7847608,0.3255151,-0.6054247,0.6553067,0.3131676,
1,27,80.907,0.4121924,0.09967191,-0.7847608,0.3255151,-0.6054247,0.6553067,0.3131676,
1,27,80.909,0.4074968,0.1150234,-0.7851058,0.325974,-0.5977917,0.6637642,0.309521,
1,27,80.911,0.4074968,0.1150234,-0.7851058,0.325974,-0.5977917,0.6637642,0.309521,
1,27,80.913,0.4074968,0.1150234,-0.7851058,0.325974,-0.5977917,0.6637642,0.309521,
1,27,80.915,0.4074968,0.1150234,-0.7851058,0.325974,-0.5977917,0.6637642,0.309521,
1,27,80.917,0.4074968,0.1150234,-0.7851058,0.325974,-0.5977917,0.6637642,0.309521,
1,27,80.919,0.4015155,0.1303172,-0.7851388,0.3276732,-0.5910777,0.6716244,0.3036084,
1,27,80.921,0.4015155,0.1303172,-0.7851388,0.3276732,-0.5910777,0.6716244,0.3036084,
1,27,80.923,0.4015155,0.1303172,-0.7851388,0.3276732,-0.5910777,0.6716244,0.3036084,
1,27,80.925,0.4015155,0.1303172,-0.7851388,0.3276732,-0.5910777,0.6716244,0.3036084,
1,27,80.927,0.3950887,0.1449511,-0.7847652,0.3325273,-0.5861507,0.67765,0.2943525,
1,27,80.929,0.3950887,0.1449511,-0.7847652,0.3325273,-0.5861507,0.67765,0.2943525,
1,27,80.931,0.3950887,0.1449511,-0.7847652,0.3325273,-0.5861507,0.67765,0.2943525,
1,27,80.933,0.3950887,0.1449511,-0.7847652,0.3325273,-0.5861507,0.67765,0.2943525,
1,27,80.935,0.3896974,0.1612572,-0.7843575,0.3408216,-0.5811579,0.682548,0.2832392,
1,27,80.937,0.3896974,0.1612572,-0.7843575,0.3408216,-0.5811579,0.682548,0.2832392,
1,27,80.939,0.3896974,0.1612572,-0.7843575,0.3408216,-0.5811579,0.682548,0.2832392,
1,27,80.941,0.3896974,0.1612572,-0.7843575,0.3408216,-0.5811579,0.682548,0.2832392,
1,27,80.943,0.3853837,0.1796461,-0.7843272,0.3521667,-0.5756281,0.6866145,0.2705395,
1,27,80.945,0.3853837,0.1796461,-0.7843272,0.3521667,-0.5756281,0.6866145,0.2705395,
1,27,80.947,0.3853837,0.1796461,-0.7843272,0.3521667,-0.5756281,0.6866145,0.2705395,
1,27,80.949,0.3853837,0.1796461,-0.7843272,0.3521667,-0.5756281,0.6866145,0.2705395,
1,27,80.951,0.3813139,0.199811,-0.7860929,0.3655565,-0.5687995,0.6903348,0.2574367,
1,27,80.953,0.3813139,0.199811,-0.7860929,0.3655565,-0.5687995,0.6903348,0.2574367,
1,27,80.955,0.3813139,0.199811,-0.7860929,0.3655565,-0.5687995,0.6903348,0.2574367,
1,27,80.957,0.3813139,0.199811,-0.7860929,0.3655565,-0.5687995,0.6903348,0.2574367,
1,27,80.959,0.3766316,0.221898,-0.7891595,0.3788113,-0.5599687,0.694877,0.2451185,
1,27,80.961,0.3766316,0.221898,-0.7891595,0.3788113,-0.5599687,0.694877,0.2451185,
1,27,80.963,0.3766316,0.221898,-0.7891595,0.3788113,-0.5599687,0.694877,0.2451185,
1,27,80.965,0.3766316,0.221898,-0.7891595,0.3788113,-0.5599687,0.694877,0.2451185,
1,27,80.967,0.3766316,0.221898,-0.7891595,0.3788113,-0.5599687,0.694877,0.2451185,
1,27,80.969,0.3707888,0.2454185,-0.7920746,0.392988,-0.550493,0.6991997,0.231598,
1,27,80.971,0.3707888,0.2454185,-0.7920746,0.392988,-0.550493,0.6991997,0.231598,
1,27,80.973,0.3707888,0.2454185,-0.7920746,0.392988,-0.550493,0.6991997,0.231598,
1,27,80.975,0.3707888,0.2454185,-0.7920746,0.392988,-0.550493,0.6991997,0.231598,
1,27,80.977,0.3638526,0.269282,-0.7950663,0.407093,-0.5404049,0.703422,0.2177964,
1,27,80.979,0.3638526,0.269282,-0.7950663,0.407093,-0.5404049,0.703422,0.2177964,
1,27,80.981,0.3638526,0.269282,-0.7950663,0.407093,-0.5404049,0.703422,0.2177964,
1,27,80.983,0.3638526,0.269282,-0.7950663,0.407093,-0.5404049,0.703422,0.2177964,
1,27,80.985,0.3561889,0.2932983,-0.7973641,0.4205303,-0.5299672,0.7076907,0.2036248,
1,27,80.987,0.3561889,0.2932983,-0.7973641,0.4205303,-0.5299672,0.7076907,0.2036248,
1,27,80.989,0.3561889,0.2932983,-0.7973641,0.4205303,-0.5299672,0.7076907,0.2036248,
1,27,80.991,0.3561889,0.2932983,-0.7973641,0.4205303,-0.5299672,0.7076907,0.2036248,
1,27,80.993,0.3476969,0.3188274,-0.7990579,0.4310403,-0.517909,0.7137692,0.1910708,
1,27,80.995,0.3476969,0.3188274,-0.7990579,0.4310403,-0.517909,0.7137692,0.1910708,
1,27,80.997,0.3476969,0.3188274,-0.7990579,0.4310403,-0.517909,0.7137692,0.1910708,
1,27,80.999,0.3476969,0.3188274,-0.7990579,0.4310403,-0.517909,0.7137692,0.1910708,
1,28,81.001,0.3400651,0.3445974,-0.7994871,0.4375071,-0.5064849,0.7204067,0.1818649,CourtExit
1,28,81.003,0.3400651,0.3445974,-0.7994871,0.4375071,-0.5064849,0.7204067,0.1818649,
1,28,81.005,0.3400651,0.3445974,-0.7994871,0.4375071,-0.5064849,0.7204067,0.1818649,
1,28,81.007,0.3400651,0.3445974,-0.7994871,0.4375071,-0.5064849,0.7204067,0.1818649,
1,28,81.009,0.3339134,0.3695568,-0.7999174,0.4398338,-0.4976255,0.7262098,0.1775795,
1,28,81.011,0.3339134,0.3695568,-0.7999174,0.4398338,-0.4976255,0.7262098,0.1775795,
1,28,81.013,0.3339134,0.3695568,-0.7999174,0.4398338,-0.4976255,0.7262098,0.1775795,
1,28,81.015,0.3339134,0.3695568,-0.7999174,0.4398338,-0.4976255,0.7262098,0.1775795,
1,28,81.017,0.3339134,0.3695568,-0.7999174,0.4398338,-0.4976255,0.7262098,0.1775795,
1,28,81.019,0.3293036,0.3939639,-0.799991,0.438847,-0.492296,0.7304201,0.1776079,
1,28,81.021,0.3293036,0.3939639,-0.799991,0.438847,-0.492296,0.7304201,0.1776079,
1,28,81.023,0.3293036,0.3939639,-0.799991,0.438847,-0.492296,0.7304201,0.1776079,
1,28,81.025,0.3293036,0.3939639,-0.799991,0.438847,-0.492296,0.7304201,0.1776079,
1,28,81.027,0.3237016,0.4201173,-0.7987236,0.4336217,-0.4889624,0.7351255,0.1802186,
1,28,81.029,0.3237016,0.4201173,-0.7987236,0.4336217,-0.4889624,0.7351255,0.1802186,
1,28,81.031,0.3237016,0.4201173,-0.7987236,0.4336217,-0.4889624,0.7351255,0.1802186,
1,28,81.033,0.3237016,0.4201173,-0.7987236,0.4336217,-0.4889624,0.7351255,0.1802186,
1,28,81.035,0.3201698,0.4444468,-0.7978075,0.4254102,-0.4902948,0.7373992,0.1867609,
1,28,81.037,0.3201698,0.4444468,-0.7978075,0.4254102,-0.4902948,0.7373992,0.1867609,
1,28,81.039,0.3201698,0.4444468,-0.7978075,0.4254102,-0.4902948,0.7373992,0.1867609,
1,28,81.041,0.3201698,0.4444468,-0.7978075,0.4254102,-0.4902948,0.7373992,0.1867609,
1,28,81.043,0.3156174,0.469691,-0.795958,0.4139589,-0.4931366,0.7399364,0.1948041,
1,28,81.045,0.3156174,0.469691,-0.795958,0.4139589,-0.4931366,0.7399364,0.1948041,
1,28,81.047,0.3156174,0.469691,-0.795958,0.4139589,-0.4931366,0.7399364,0.1948041,
1,28,81.049,0.3156174,0.469691,-0.795958,0.4139589,-0.4931366,0.7399364,0.1948041,
1,28,81.051,0.3120209,0.4940264,-0.794265,0.4014989,-0.4986117,0.7405066,0.2045362,
1,28,81.053,0.3120209,0.4940264,-0.794265,0.4014989,-0.4986117,0.7405066,0.2045362,
1,28,81.055,0.3120209,0.4940264,-0.794265,0.4014989,-0.4986117,0.7405066,0.2045362,
1,28,81.057,0.3120209,0.4940264,-0.794265,0.4014989,-0.4986117,0.7405066,0.2045362,
1,28,81.059,0.3082606,0.5190077,-0.7925584,0.3889983,-0.5052927,0.7397912,0.2146359,
1,28,81.061,0.3082606,0.5190077,-0.7925584,0.3889983,-0.5052927,0.7397912,0.2146359,
1,28,81.063,0.3082606,0.5190077,-0.7925584,0.3889983,-0.5052927,0.7397912,0.2146359,
1,28,81.065,0.3082606,0.5190077,-0.7925584,0.3889983,-0.5052927,0.7397912,0.2146359,
1,28,81.067,0.3082606,0.5190077,-0.7925584,0.3889983,-0.5052927,0.7397912,0.2146359,
1,28,81.069,0.3052856,0.5439102,-0.7911914,0.3785185,-0.5133206,0.7367962,0.2244041,
1,28,81.071,0.3052856,0.5439102,-0.7911914,0.3785185,-0.5133206,0.7367962,0.2244041,
1,28,81.073,0.3052856,0.5439102,-0.7911914,0.3785185,-0.5133206,0.7367962,0.2244041,
1,28,81.075,0.3052856,0.5439102,-0.7911914,0.3785185,-0.5133206,0.7367962,0.2244041,
1,28,81.077,0.3025531,0.5686275,-0.7901661,0.3708952,-0.5226114,0.7315163,0.2328049,
1,28,81.079,0.3025531,0.5686275,-0.7901661,0.3708952,-0.5226114,0.7315163,0.2328049,
1,28,81.081,0.3025531,0.5686275,-0.7901661,0.3708952,-0.5226114,0.7315163,0.2328049,
1,28,81.083,0.3025531,0.5686275,-0.7901661,0.3708952,-0.5226114,0.7315163,0.2328049,
1,28,81.085,0.2998555,0.5943686,-0.7893345,0.3662515,-0.532708,0.7244641,0.2392361,
1,28,81.087,0.2998555,0.5943686,-0.7893345,0.3662515,-0.532708,0.7244641,0.2392361,
1,28,81.089,0.2998555,0.5943686,-0.7893345,0.3662515,-0.532708,0.7244641,0.2392361,
1,28,81.091,0.2998555,0.5943686,-0.7893345,0.3662515,-0.532708,0.7244641,0.2392361,
1,28,81.093,0.2973812,0.6200901,-0.7895788,0.363897,-0.5428853,0.7162803,0.2445345,
1,28,81.095,0.2973812,0.6200901,-0.7895788,0.363897,-0.5428853,0.7162803,0.2445345,
1,28,81.097,0.2973812,0.6200901,-0.7895788,0.363897,-0.5428853,0.7162803,0.2445345,
1,28,81.099,0.2973812,0.6200901,-0.7895788,0.363897,-0.5428853,0.7162803,0.2445345,
1,28,81.101,0.2946397,0.646166,-0.7895645,0.3646842,-0.55453,0.7061331,0.2467349,
1,28,81.103,0.2946397,0.646166,-0.7895645,0.3646842,-0.55453,0.7061331,0.2467349,
1,28,81.105,0.2946397,0.646166,-0.7895645,0.3646842,-0.55453,0.7061331,0.2467349,
1,28,81.107,0.2946397,0.646166,-0.7895645,0.3646842,-0.55453,0.7061331,0.2467349,
1,28,81.109,0.2931115,0.6669708,-0.7899534,0.3675505,-0.5702213,0.691299,0.2487168,
1,28,81.111,0.2931115,0.6669708,-0.7899534,0.3675505,-0.5702213,0.691299,0.2487168,
1,28,81.113,0.2931115,0.6669708,-0.7899534,0.3675505,-0.5702213,0.691299,0.2487168,
1,28,81.115,0.2931115,0.6669708,-0.7899534,0.3675505,-0.5702213,0.691299,0.2487168,
1,28,81.117,0.2931115,0.6669708,-0.7899534,0.3675505,-0.5702213,0.691299,0.2487168,
1,28,81.119,0.2886236,0.6986102,-0.7910941,0.3686828,-0.5767518,0.6850117,0.249378,
1,28,81.121,0.2886236,0.6986102,-0.7910941,0.3686828,-0.5767518,0.6850117,0.249378,
1,28,81.123,0.2886236,0.6986102,-0.7910941,0.3686828,-0.5767518,0.6850117,0.249378,
1,28,81.125,0.2886236,0.6986102,-0.7910941,0.3686828,-0.5767518,0.6850117,0.249378,
1,28,81.127,0.2853894,0.7236337,-0.7921649,0.3701781,-0.5878468,0.6742373,0.2506165,
1,28,81.129,0.2853894,0.7236337,-0.7921649,0.3701781,-0.5878468,0.6742373,0.2506165,
1,28,81.131,0.2853894,0.7236337,-0.7921649,0.3701781,-0.5878468,0.6742373,0.2506165,
1,28,81.133,0.2853894,0.7236337,-0.7921649,0.3701781,-0.5878468,0.6742373,0.2506165,
1,28,81.135,0.2816035,0.7492741,-0.7930738,0.3698528,-0.5978933,0.6647213,0.2527413,
1,28,81.137,0.2816035,0.7492741,-0.7930738,0.3698528,-0.5978933,0.6647213,0.2527413,
1,28,81.139,0.2816035,0.7492741,-0.7930738,0.3698528,-0.5978933,0.6647213,0.2527413,
1,28,81.141,0.2816035,0.7492741,-0.7930738,0.3698528,-0.5978933,0.6647213,0.2527413,
1,28,81.143,0.2776993,0.7735803,-0.7943783,0.3675202,-0.6068811,0.6560866,0.2572443,
1,28,81.145,0.2776993,0.7735803,-0.7943783,0.3675202,-0.6068811,0.6560866,0.2572443,
1,28,81.147,0.2776993,0.7735803,-0.7943783,0.3675202,-0.6068811,0.6560866,0.2572443,
1,28,81.149,0.2776993,0.7735803,-0.7943783,0.3675202,-0.6068811,0.6560866,0.2572443,
1,28,81.151,0.2740508,0.7977009,-0.7964253,0.3645135,-0.6150082,0.6481398,0.262316,
1,28,81.153,0.2740508,0.7977009,-0.7964253,0.3645135,-0.6150082,0.6481398,0.262316,
1,28,81.155,0.2740508,0.7977009,-0.7964253,0.3645135,-0.6150082,0.6481398,0.262316,
1,28,81.157,0.2740508,0.7977009,-0.7964253,0.3645135,-0.6150082,0.6481398,0.262316,
1,28,81.159,0.2697881,0.819122,-0.7983612,0.3584203,-0.6227888,0.6405764,0.2707971,
1,28,81.161,0.2697881,0.819122,-0.7983612,0.3584203,-0.6227888,0.6405764,0.2707971,
1,28,81.163,0.2697881,0.819122,-0.7983612,0.3584203,-0.6227888,0.6405764,0.2707971,
1,28,81.165,0.2697881,0.819122,-0.7983612,0.3584203,-0.6227888,0.6405764,0.2707971,
1,28,81.167,0.2697881,0.819122,-0.7983612,0.3584203,-0.6227888,0.6405764,0.2707971,
1,28,81.169,0.2654983,0.8434467,-0.8001094,0.3552311,-0.6288128,0.6343945,0.2755883,
1,28,81.171,0.2654983,0.8434467,-0.8001094,0.3552311,-0.6288128,0.6343945,0.2755883,
1,28,81.173,0.2654983,0.8434467,-0.8001094,0.3552311,-0.6288128,0.6343945,0.2755883,
1,28,81.175,0.2654983,0.8434467,-0.8001094,0.3552311,-0.6288128,0.6343945,0.2755883,
1,28,81.177,0.2605561,0.864632,-0.8023269,0.3497695,-0.6346103,0.6283201,0.2830987,
1,28,81.179,0.2605561,0.864632,-0.8023269,0.3497695,-0.6346103,0.6283201,0.2830987,
1,28,81.181,0.2605561,0.864632,-0.8023269,0.3497695,-0.6346103,0.6283201,0.2830987,
1,28,81.183,0.2605561,0.864632,-0.8023269,0.3497695,-0.6346103,0.6283201,0.2830987,
1,28,81.185,0.2556229,0.8865829,-0.8045261,0.3459072,-0.6397263,0.6225975,0.2889133,
1,28,81.187,0.2556229,0.8865829,-0.8045261,0.3459072,-0.6397263,0.6225975,0.2889133,
1,28,81.189,0.2556229,0.8865829,-0.8045261,0.3459072,-0.6397263,0.6225975,0.2889133,
1,28,81.191,0.2556229,0.8865829,-0.8045261,0.3459072,-0.6397263,0.6225975,0.2889133,
1,28,81.193,0.2508724,0.9082913,-0.8067496,0.3427177,-0.6449466,0.6166964,0.2937243,
1,28,81.195,0.2508724,0.9082913,-0.8067496,0.3427177,-0.6449466,0.6166964,0.2937243,
1,28,81.197,0.2508724,0.9082913,-0.8067496,0.3427177,-0.6449466,0.6166964,0.2937243,
1,28,81.199,0.2508724,0.9082913,-0.8067496,0.3427177,-0.6449466,0.6166964,0.2937243,
1,28,81.201,0.2456158,0.9285042,-0.8089501,0.3400318,-0.6492597,0.6115842,0.2980018,
1,28,81.203,0.2456158,0.9285042,-0.8089501,0.3400318,-0.6492597,0.6115842,0.2980018,
1,28,81.205,0.2456158,0.9285042,-0.8089501,0.3400318,-0.6492597,0.6115842,0.2980018,
1,28,81.207,0.2456158,0.9285042,-0.8089501,0.3400318,-0.6492597,0.6115842,0.2980018,
1,28,81.209,0.2403026,0.948644,-0.8112513,0.3376348,-0.6535583,0.606438,0.3018234,
1,28,81.211,0.2403026,0.948644,-0.8112513,0.3376348,-0.6535583,0.606438,0.3018234,
1,28,81.213,0.2403026,0.948644,-0.8112513,0.3376348,-0.6535583,0.606438,0.3018234,
1,28,81.215,0.2403026,0.948644,-0.8112513,0.3376348,-0.6535583,0.606438,0.3018234,
1,28,81.217,0.2403026,0.948644,-0.8112513,0.3376348,-0.6535583,0.606438,0.3018234,
1,28,81.219,0.2351,0.9678332,-0.8133876,0.3358273,-0.6579227,0.6011869,0.3048478,
1,28,81.221,0.2351,0.9678332,-0.8133876,0.3358273,-0.6579227,0.6011869,0.3048478,
1,28,81.223,0.2351,0.9678332,-0.8133876,0.3358273,-0.6579227,0.6011869,0.3048478,
1,28,81.225,0.2351,0.9678332,-0.8133876,0.3358273,-0.6579227,0.6011869,0.3048478,
1,28,81.227,0.2300571,0.9858643,-0.8154466,0.3347177,-0.6628394,0.5952257,0.3071066,
1,28,81.229,0.2300571,0.9858643,-0.8154466,0.3347177,-0.6628394,0.5952257,0.3071066,
1,28,81.231,0.2300571,0.9858643,-0.8154466,0.3347177,-0.6628394,0.5952257,0.3071066,
1,28,81.233,0.2300571,0.9858643,-0.8154466,0.3347177,-0.6628394,0.5952257,0.3071066,
1,28,81.235,0.2252935,1.003334,-0.817636,0.3344881,-0.6680989,0.588666,0.3085998,
1,28,81.237,0.2252935,1.003334,-0.817636,0.3344881,-0.6680989,0.588666,0.3085998,
1,28,81.239,0.2252935,1.003334,-0.817636,0.3344881,-0.6680989,0.588666,0.3085998,
1,28,81.241,0.2252935,1.003334,-0.817636,0.3344881,-0.6680989,0.588666,0.3085998,
1,28,81.243,0.2206902,1.020412,-0.8195287,0.3351192,-0.6737529,0.5815163,0.3091779,
1,28,81.245,0.2206902,1.020412,-0.8195287,0.3351192,-0.6737529,0.5815163,0.3091779,
1,28,81.247,0.2206902,1.020412,-0.8195287,0.3351192,-0.6737529,0.5815163,0.3091779,
1,28,81.249,0.2206902,1.020412,-0.8195287,0.3351192,-0.6737529,0.5815163,0.3091779,
1,28,81.251,0.2163319,1.036539,-0.8214688,0.3359915,-0.6797988,0.5737743,0.3094614,
1,28,81.253,0.2163319,1.036539,-0.8214688,0.3359915,-0.6797988,0.5737743,0.3094614,
1,28,81.255,0.2163319,1.036539,-0.8214688,0.3359915,-0.6797988,0.5737743,0.3094614,
1,28,81.257,0.2163319,1.036539,-0.8214688,0.3359915,-0.6797988,0.5737743,0.3094614,
1,28,81.259,0.2119779,1.051818,-0.8230902,0.3362907,-0.6859865,0.5657665,0.3102246,
1,28,81.261,0.2119779,1.051818,-0.8230902,0.3362907,-0.6859865,0.5657665,0.3102246,
1,28,81.263,0.2119779,1.051818,-0.8230902,0.3362907,-0.6859865,0.5657665,0.3102246,
1,28,81.265,0.2119779,1.051818,-0.8230902,0.3362907,-0.6859865,0.5657665,0.3102246,
1,28,81.267,0.2119779,1.051818,-0.8230902,0.3362907,-0.6859865,0.5657665,0.3102246,
1,28,81.269,0.2078193,1.066189,-0.8244784,0.3350769,-0.691475,0.5581849,0.3130743,
1,28,81.271,0.2078193,1.066189,-0.8244784,0.3350769,-0.691475,0.5581849,0.3130743,
1,28,81.273,0.2078193,1.066189,-0.8244784,0.3350769,-0.691475,0.5581849,0.3130743,
1,28,81.275,0.2078193,1.066189,-0.8244784,0.3350769,-0.691475,0.5581849,0.3130743,
1,28,81.277,0.2040174,1.079719,-0.8258832,0.3319528,-0.6960646,0.5511228,0.318693,
1,28,81.279,0.2040174,1.079719,-0.8258832,0.3319528,-0.6960646,0.5511228,0.318693,
1,28,81.281,0.2040174,1.079719,-0.8258832,0.3319528,-0.6960646,0.5511228,0.318693,
1,28,81.283,0.2040174,1.079719,-0.8258832,0.3319528,-0.6960646,0.5511228,0.318693,
1,28,81.285,0.200038,1.092818,-0.8266073,0.3268838,-0.69978,0.5448951,0.3264112,
1,28,81.287,0.200038,1.092818,-0.8266073,0.3268838,-0.69978,0.5448951,0.3264112,
1,28,81.289,0.200038,1.092818,-0.8266073,0.3268838,-0.69978,0.5448951,0.3264112,
1,28,81.291,0.200038,1.092818,-0.8266073,0.3268838,-0.69978,0.5448951,0.3264112,
1,28,81.293,0.1960508,1.104807,-0.8272949,0.3200925,-0.7026352,0.5389944,0.3366448,
1,28,81.295,0.1960508,1.104807,-0.8272949,0.3200925,-0.7026352,0.5389944,0.3366448,
1,28,81.297,0.1960508,1.104807,-0.8272949,0.3200925,-0.7026352,0.5389944,0.3366448,
1,28,81.299,0.1960508,1.104807,-0.8272949,0.3200925,-0.7026352,0.5389944,0.3366448,
1,28,81.301,0.1922141,1.116275,-0.8274013,0.311665,-0.7044191,0.5335768,0.34922,
1,28,81.303,0.1922141,1.116275,-0.8274013,0.311665,-0.7044191,0.5335768,0.34922,
1,28,81.305,0.1922141,1.116275,-0.8274013,0.311665,-0.7044191,0.5335768,0.34922,
1,28,81.307,0.1922141,1.116275,-0.8274013,0.311665,-0.7044191,0.5335768,0.34922,
1,28,81.309,0.1881667,1.126654,-0.8270838,0.301296,-0.7050091,0.5285305,0.3644701,
1,28,81.311,0.1881667,1.126654,-0.8270838,0.301296,-0.7050091,0.5285305,0.3644701,
1,28,81.313,0.1881667,1.126654,-0.8270838,0.301296,-0.7050091,0.5285305,0.3644701,
1,28,81.315,0.1881667,1.126654,-0.8270838,0.301296,-0.7050091,0.5285305,0.3644701,
1,28,81.317,0.1881667,1.126654,-0.8270838,0.301296,-0.7050091,0.5285305,0.3644701,
1,28,81.319,0.1840513,1.135813,-0.8265218,0.289727,-0.7046862,0.5233822,0.3815061,
1,28,81.321,0.1840513,1.135813,-0.8265218,0.289727,-0.7046862,0.5233822,0.3815061,
1,28,81.323,0.1840513,1.135813,-0.8265218,0.289727,-0.7046862,0.5233822,0.3815061,
1,28,81.325,0.1840513,1.135813,-0.8265218,0.289727,-0.7046862,0.5233822,0.3815061,
1,28,81.327,0.1799479,1.144527,-0.8253864,0.2771498,-0.7029243,0.5185819,0.4001979,
1,28,81.329,0.1799479,1.144527,-0.8253864,0.2771498,-0.7029243,0.5185819,0.4001979,
1,28,81.331,0.1799479,1.144527,-0.8253864,0.2771498,-0.7029243,0.5185819,0.4001979,
1,28,81.333,0.1799479,1.144527,-0.8253864,0.2771498,-0.7029243,0.5185819,0.4001979,
1,28,81.335,0.1758815,1.152677,-0.8238469,0.2637253,-0.6993128,0.5143539,0.4205363,
1,28,81.337,0.1758815,1.152677,-0.8238469,0.2637253,-0.6993128,0.5143539,0.4205363,
1,28,81.339,0.1758815,1.152677,-0.8238469,0.2637253,-0.6993128,0.5143539,0.4205363,
1,28,81.341,0.1758815,1.152677,-0.8238469,0.2637253,-0.6993128,0.5143539,0.4205363,
1,28,81.343,0.1716435,1.159748,-0.8220724,0.2496953,-0.694438,0.5101616,0.4417503,
1,28,81.345,0.1716435,1.159748,-0.8220724,0.2496953,-0.694438,0.5101616,0.4417503,
1,28,81.347,0.1716435,1.159748,-0.8220724,0.2496953,-0.694438,0.5101616,0.4417503,
1,28,81.349,0.1716435,1.159748,-0.8220724,0.2496953,-0.694438,0.5101616,0.4417503,
1,28,81.351,0.1672892,1.166348,-0.81998,0.2355546,-0.6881566,0.5061595,0.463419,
1,28,81.353,0.1672892,1.166348,-0.81998,0.2355546,-0.6881566,0.5061595,0.463419,
1,28,81.355,0.1672892,1.166348,-0.81998,0.2355546,-0.6881566,0.5061595,0.463419,
1,28,81.357,0.1672892,1.166348,-0.81998,0.2355546,-0.6881566,0.5061595,0.463419,
1,28,81.359,0.1629998,1.172269,-0.817867,0.2221544,-0.6810827,0.5020105,0.4845196,
1,28,81.361,0.1629998,1.172269,-0.817867,0.2221544,-0.6810827,0.5020105,0.4845196,
1,28,81.363,0.1629998,1.172269,-0.817867,0.2221544,-0.6810827,0.5020105,0.4845196,
1,28,81.365,0.1629998,1.172269,-0.817867,0.2221544,-0.6810827,0.5020105,0.4845196,
1,28,81.367,0.1629998,1.172269,-0.817867,0.2221544,-0.6810827,0.5020105,0.4845196,
1,28,81.369,0.15849,1.177286,-0.8156032,0.2104376,-0.6744534,0.4974357,0.5033751,
1,28,81.371,0.15849,1.177286,-0.8156032,0.2104376,-0.6744534,0.4974357,0.5033751,
1,28,81.373,0.15849,1.177286,-0.8156032,0.2104376,-0.6744534,0.4974357,0.5033751,
1,28,81.375,0.15849,1.177286,-0.8156032,0.2104376,-0.6744534,0.4974357,0.5033751,
1,28,81.377,0.1541695,1.18186,-0.8135132,0.201651,-0.6689965,0.4924797,0.5188875,
1,28,81.379,0.1541695,1.18186,-0.8135132,0.201651,-0.6689965,0.4924797,0.5188875,
1,28,81.381,0.1541695,1.18186,-0.8135132,0.201651,-0.6689965,0.4924797,0.5188875,
1,28,81.383,0.1541695,1.18186,-0.8135132,0.201651,-0.6689965,0.4924797,0.5188875,
1,28,81.385,0.1502043,1.186313,-0.8114365,0.1966294,-0.6656823,0.4871857,0.5299568,
1,28,81.387,0.1502043,1.186313,-0.8114365,0.1966294,-0.6656823,0.4871857,0.5299568,
1,28,81.389,0.1502043,1.186313,-0.8114365,0.1966294,-0.6656823,0.4871857,0.5299568,
1,28,81.391,0.1502043,1.186313,-0.8114365,0.1966294,-0.6656823,0.4871857,0.5299568,
1,28,81.393,0.14685,1.190854,-0.8093909,0.1961907,-0.6653277,0.481683,0.535565,
1,28,81.395,0.14685,1.190854,-0.8093909,0.1961907,-0.6653277,0.481683,0.535565,
1,28,81.397,0.14685,1.190854,-0.8093909,0.1961907,-0.6653277,0.481683,0.535565,
1,28,81.399,0.14685,1.190854,-0.8093909,0.1961907,-0.6653277,0.481683,0.535565,
1,28,81.401,0.1444004,1.195548,-0.807991,0.202834,-0.6703835,0.4747639,0.5329575,
1,28,81.403,0.1444004,1.195548,-0.807991,0.202834,-0.6703835,0.4747639,0.5329575,
1,28,81.405,0.1444004,1.195548,-0.807991,0.202834,-0.6703835,0.4747639,0.5329575,
1,28,81.407,0.1444004,1.195548,-0.807991,0.202834,-0.6703835,0.4747639,0.5329575,
1,28,81.409,0.1432304,1.200314,-0.8075085,0.2181528,-0.6825961,0.4652059,0.5196686,
1,28,81.411,0.1432304,1.200314,-0.8075085,0.2181528,-0.6825961,0.4652059,0.5196686,
1,28,81.413,0.1432304,1.200314,-0.8075085,0.2181528,-0.6825961,0.4652059,0.5196686,
1,28,81.415,0.1432304,1.200314,-0.8075085,0.2181528,-0.6825961,0.4652059,0.5196686,
1,28,81.417,0.1432304,1.200314,-0.8075085,0.2181528,-0.6825961,0.4652059,0.5196686,
1,28,81.419,0.1439359,1.205676,-0.8077606,0.2451876,-0.7040145,0.4510517,0.4907126,
1,28,81.421,0.1439359,1.205676,-0.8077606,0.2451876,-0.7040145,0.4510517,0.4907126,
1,28,81.423,0.1439359,1.205676,-0.8077606,0.2451876,-0.7040145,0.4510517,0.4907126,
1,28,81.425,0.1439359,1.205676,-0.8077606,0.2451876,-0.7040145,0.4510517,0.4907126,
1,28,81.427,0.1480902,1.213766,-0.8085889,0.2863962,-0.7338455,0.4303966,0.440689,
1,28,81.429,0.1480902,1.213766,-0.8085889,0.2863962,-0.7338455,0.4303966,0.440689,
1,28,81.431,0.1480902,1.213766,-0.8085889,0.2863962,-0.7338455,0.4303966,0.440689,
1,28,81.433,0.1480902,1.213766,-0.8085889,0.2863962,-0.7338455,0.4303966,0.440689,
1,28,81.435,0.1536239,1.223387,-0.8101922,0.3437481,-0.7736328,0.3941662,0.3577187,
1,28,81.437,0.1536239,1.223387,-0.8101922,0.3437481,-0.7736328,0.3941662,0.3577187,
1,28,81.439,0.1536239,1.223387,-0.8101922,0.3437481,-0.7736328,0.3941662,0.3577187,
1,28,81.441,0.1536239,1.223387,-0.8101922,0.3437481,-0.7736328,0.3941662,0.3577187,
1,28,81.443,0.1608776,1.237044,-0.8106697,0.4125431,-0.8112838,0.3390897,0.2380021,
1,28,81.445,0.1608776,1.237044,-0.8106697,0.4125431,-0.8112838,0.3390897,0.2380021,
1,28,81.447,0.1608776,1.237044,-0.8106697,0.4125431,-0.8112838,0.3390897,0.2380021,
1,28,81.449,0.1608776,1.237044,-0.8106697,0.4125431,-0.8112838,0.3390897,0.2380021,
1,28,81.451,0.1685722,1.254934,-0.8068832,0.4811831,-0.8308107,0.2649816,0.08944967,
1,28,81.453,0.1685722,1.254934,-0.8068832,0.4811831,-0.8308107,0.2649816,0.08944967,
1,28,81.455,0.1685722,1.254934,-0.8068832,0.4811831,-0.8308107,0.2649816,0.08944967,
1,28,81.457,0.1685722,1.254934,-0.8068832,0.4811831,-0.8308107,0.2649816,0.08944967,
1,28,81.459,0.1742152,1.273583,-0.7978931,0.5372423,-0.8215449,0.1777005,-0.06969307,
1,28,81.461,0.1742152,1.273583,-0.7978931,0.5372423,-0.8215449,0.1777005,-0.06969307,
1,28,81.463,0.1742152,1.273583,-0.7978931,0.5372423,-0.8215449,0.1777005,-0.06969307,
1,28,81.465,0.1742152,1.273583,-0.7978931,0.5372423,-0.8215449,0.1777005,-0.06969307,
1,28,81.467,0.1742152,1.273583,-0.7978931,0.5372423,-0.8215449,0.1777005,-0.06969307,
1,28,81.469,0.1781056,1.290565,-0.785817,0.5744509,-0.783988,0.08532262,-0.2192924,
1,28,81.471,0.1781056,1.290565,-0.785817,0.5744509,-0.783988,0.08532262,-0.2192924,
1,28,81.473,0.1781056,1.290565,-0.785817,0.5744509,-0.783988,0.08532262,-0.2192924,
1,28,81.475,0.1781056,1.290565,-0.785817,0.5744509,-0.783988,0.08532262,-0.2192924,
1,28,81.477,0.1811336,1.303863,-0.7734812,0.5929051,-0.7268615,-0.004748046,-0.3465738,
1,28,81.479,0.1811336,1.303863,-0.7734812,0.5929051,-0.7268615,-0.004748046,-0.3465738,
1,28,81.481,0.1811336,1.303863,-0.7734812,0.5929051,-0.7268615,-0.004748046,-0.3465738,
1,28,81.483,0.1811336,1.303863,-0.7734812,0.5929051,-0.7268615,-0.004748046,-0.3465738,
1,28,81.485,0.184025,1.312357,-0.7620471,0.5958136,-0.6593576,-0.08903727,-0.4498066,
1,28,81.487,0.184025,1.312357,-0.7620471,0.5958136,-0.6593576,-0.08903727,-0.4498066,
1,28,81.489,0.184025,1.312357,-0.7620471,0.5958136,-0.6593576,-0.08903727,-0.4498066,
1,28,81.491,0.184025,1.312357,-0.7620471,0.5958136,-0.6593576,-0.08903727,-0.4498066,
1,28,81.493,0.1880401,1.316509,-0.7540536,0.5868352,-0.5893741,-0.1670132,-0.5294991,
1,28,81.495,0.1880401,1.316509,-0.7540536,0.5868352,-0.5893741,-0.1670132,-0.5294991,
1,28,81.497,0.1880401,1.316509,-0.7540536,0.5868352,-0.5893741,-0.1670132,-0.5294991,
1,28,81.499,0.1880401,1.316509,-0.7540536,0.5868352,-0.5893741,-0.1670132,-0.5294991,
1,28,81.501,0.1915525,1.316574,-0.749104,0.5682745,-0.519291,-0.2383376,-0.5921117,
1,28,81.503,0.1915525,1.316574,-0.749104,0.5682745,-0.519291,-0.2383376,-0.5921117,
1,28,81.505,0.1915525,1.316574,-0.749104,0.5682745,-0.519291,-0.2383376,-0.5921117,
1,28,81.507,0.1915525,1.316574,-0.749104,0.5682745,-0.519291,-0.2383376,-0.5921117,
1,28,81.509,0.1957957,1.313284,-0.7479619,0.541673,-0.45057,-0.3048003,-0.6408384,
1,28,81.511,0.1957957,1.313284,-0.7479619,0.541673,-0.45057,-0.3048003,-0.6408384,
1,28,81.513,0.1957957,1.313284,-0.7479619,0.541673,-0.45057,-0.3048003,-0.6408384,
1,28,81.515,0.1957957,1.313284,-0.7479619,0.541673,-0.45057,-0.3048003,-0.6408384,
1,28,81.517,0.1957957,1.313284,-0.7479619,0.541673,-0.45057,-0.3048003,-0.6408384,
1,28,81.519,0.2002531,1.305963,-0.7500556,0.507047,-0.3833847,-0.3661569,-0.6795944,
1,28,81.521,0.2002531,1.305963,-0.7500556,0.507047,-0.3833847,-0.3661569,-0.6795944,
1,28,81.523,0.2002531,1.305963,-0.7500556,0.507047,-0.3833847,-0.3661569,-0.6795944,
1,28,81.525,0.2002531,1.305963,-0.7500556,0.507047,-0.3833847,-0.3661569,-0.6795944,
1,28,81.527,0.2039648,1.293689,-0.7531163,0.465136,-0.3161182,-0.420967,-0.7116914,
1,28,81.529,0.2039648,1.293689,-0.7531163,0.465136,-0.3161182,-0.420967,-0.7116914,
1,28,81.531,0.2039648,1.293689,-0.7531163,0.465136,-0.3161182,-0.420967,-0.7116914,
1,28,81.533,0.2039648,1.293689,-0.7531163,0.465136,-0.3161182,-0.420967,-0.7116914,
1,28,81.535,0.2060263,1.278552,-0.7551515,0.4201114,-0.2487718,-0.4679631,-0.736634,
1,28,81.537,0.2060263,1.278552,-0.7551515,0.4201114,-0.2487718,-0.4679631,-0.736634,
1,28,81.539,0.2060263,1.278552,-0.7551515,0.4201114,-0.2487718,-0.4679631,-0.736634,
1,28,81.541,0.2060263,1.278552,-0.7551515,0.4201114,-0.2487718,-0.4679631,-0.736634,
1,28,81.543,0.2068439,1.262013,-0.7563938,0.3733579,-0.1817233,-0.5085257,-0.7543091,
1,28,81.545,0.2068439,1.262013,-0.7563938,0.3733579,-0.1817233,-0.5085257,-0.7543091,
1,28,81.547,0.2068439,1.262013,-0.7563938,0.3733579,-0.1817233,-0.5085257,-0.7543091,
1,28,81.549,0.2068439,1.262013,-0.7563938,0.3733579,-0.1817233,-0.5085257,-0.7543091,
1,28,81.551,0.2063583,1.244326,-0.7566619,0.3252799,-0.1139914,-0.5435407,-0.7653512,
1,28,81.553,0.2063583,1.244326,-0.7566619,0.3252799,-0.1139914,-0.5435407,-0.7653512,
1,28,81.555,0.2063583,1.244326,-0.7566619,0.3252799,-0.1139914,-0.5435407,-0.7653512,
1,28,81.557,0.2063583,1.244326,-0.7566619,0.3252799,-0.1139914,-0.5435407,-0.7653512,
1,28,81.559,0.2048644,1.223561,-0.7569392,0.276455,-0.04848389,-0.5725808,-0.7703073,
1,28,81.561,0.2048644,1.223561,-0.7569392,0.276455,-0.04848389,-0.5725808,-0.7703073,
1,28,81.563,0.2048644,1.223561,-0.7569392,0.276455,-0.04848389,-0.5725808,-0.7703073,
1,28,81.565,0.2048644,1.223561,-0.7569392,0.276455,-0.04848389,-0.5725808,-0.7703073,
1,28,81.567,0.2048644,1.223561,-0.7569392,0.276455,-0.04848389,-0.5725808,-0.7703073,
1,28,81.569,0.2017252,1.201868,-0.754487,0.2295198,0.01655348,-0.5967494,-0.7687243,
1,28,81.571,0.2017252,1.201868,-0.754487,0.2295198,0.01655348,-0.5967494,-0.7687243,
1,28,81.573,0.2017252,1.201868,-0.754487,0.2295198,0.01655348,-0.5967494,-0.7687243,
1,28,81.575,0.2017252,1.201868,-0.754487,0.2295198,0.01655348,-0.5967494,-0.7687243,
1,28,81.577,0.1975927,1.181543,-0.7498777,0.1859417,0.07913132,-0.6182874,-0.7595292,
1,28,81.579,0.1975927,1.181543,-0.7498777,0.1859417,0.07913132,-0.6182874,-0.7595292,
1,28,81.581,0.1975927,1.181543,-0.7498777,0.1859417,0.07913132,-0.6182874,-0.7595292,
1,28,81.583,0.1975927,1.181543,-0.7498777,0.1859417,0.07913132,-0.6182874,-0.7595292,
1,28,81.585,0.1935732,1.164649,-0.7440272,0.1468534,0.1353191,-0.6390535,-0.7427877,
1,28,81.587,0.1935732,1.164649,-0.7440272,0.1468534,0.1353191,-0.6390535,-0.7427877,
1,28,81.589,0.1935732,1.164649,-0.7440272,0.1468534,0.1353191,-0.6390535,-0.7427877,
1,28,81.591,0.1935732,1.164649,-0.7440272,0.1468534,0.1353191,-0.6390535,-0.7427877,
1,28,81.593,0.1917096,1.151926,-0.7382703,0.1159217,0.1762499,-0.6601369,-0.7209143,
1,28,81.595,0.1917096,1.151926,-0.7382703,0.1159217,0.1762499,-0.6601369,-0.7209143,
1,28,81.597,0.1917096,1.151926,-0.7382703,0.1159217,0.1762499,-0.6601369,-0.7209143,
1,28,81.599,0.1917096,1.151926,-0.7382703,0.1159217,0.1762499,-0.6601369,-0.7209143,
1,28,81.601,0.1936087,1.143225,-0.7331073,0.1022519,0.1909288,-0.6803646,-0.7001392,
1,28,81.603,0.1936087,1.143225,-0.7331073,0.1022519,0.1909288,-0.6803646,-0.7001392,
1,28,81.605,0.1936087,1.143225,-0.7331073,0.1022519,0.1909288,-0.6803646,-0.7001392,
1,28,81.607,0.1936087,1.143225,-0.7331073,0.1022519,0.1909288,-0.6803646,-0.7001392,
1,28,81.609,0.1972634,1.136766,-0.7283611,0.1064886,0.1833393,-0.6994499,-0.6825077,
1,28,81.611,0.1972634,1.136766,-0.7283611,0.1064886,0.1833393,-0.6994499,-0.6825077,
1,28,81.613,0.1972634,1.136766,-0.7283611,0.1064886,0.1833393,-0.6994499,-0.6825077,
1,28,81.615,0.1972634,1.136766,-0.7283611,0.1064886,0.1833393,-0.6994499,-0.6825077,
1,28,81.617,0.1972634,1.136766,-0.7283611,0.1064886,0.1833393,-0.6994499,-0.6825077,
1,28,81.619,0.2002646,1.131132,-0.7233241,0.1243667,0.163391,-0.7156839,-0.6675573,
1,28,81.621,0.2002646,1.131132,-0.7233241,0.1243667,0.163391,-0.7156839,-0.6675573,
1,28,81.623,0.2002646,1.131132,-0.7233241,0.1243667,0.163391,-0.7156839,-0.6675573,
1,28,81.625,0.2002646,1.131132,-0.7233241,0.1243667,0.163391,-0.7156839,-0.6675573,
1,28,81.627,0.2028292,1.126966,-0.7180436,0.1534524,0.1346604,-0.7277045,-0.6548016,
1,28,81.629,0.2028292,1.126966,-0.7180436,0.1534524,0.1346604,-0.7277045,-0.6548016,
1,28,81.631,0.2028292,1.126966,-0.7180436,0.1534524,0.1346604,-0.7277045,-0.6548016,
1,28,81.633,0.2028292,1.126966,-0.7180436,0.1534524,0.1346604,-0.7277045,-0.6548016,
1,28,81.635,0.204578,1.123053,-0.7124934,0.1858905,0.10565,-0.7339885,-0.6446269,
1,28,81.637,0.204578,1.123053,-0.7124934,0.1858905,0.10565,-0.7339885,-0.6446269,
1,28,81.639,0.204578,1.123053,-0.7124934,0.1858905,0.10565,-0.7339885,-0.6446269,
1,28,81.641,0.204578,1.123053,-0.7124934,0.1858905,0.10565,-0.7339885,-0.6446269,
1,28,81.643,0.2059408,1.117862,-0.7071624,0.2142159,0.08175095,-0.7357066,-0.6373101,
1,28,81.645,0.2059408,1.117862,-0.7071624,0.2142159,0.08175095,-0.7357066,-0.6373101,
1,28,81.647,0.2059408,1.117862,-0.7071624,0.2142159,0.08175095,-0.7357066,-0.6373101,
1,28,81.649,0.2059408,1.117862,-0.7071624,0.2142159,0.08175095,-0.7357066,-0.6373101,
1,28,81.651,0.2069829,1.111769,-0.7017053,0.2356446,0.06541962,-0.7338592,-0.6337528,
1,28,81.653,0.2069829,1.111769,-0.7017053,0.2356446,0.06541962,-0.7338592,-0.6337528,
1,28,81.655,0.2069829,1.111769,-0.7017053,0.2356446,0.06541962,-0.7338592,-0.6337528,
1,28,81.657,0.2069829,1.111769,-0.7017053,0.2356446,0.06541962,-0.7338592,-0.6337528,
1,28,81.659,0.2074497,1.105304,-0.6955665,0.2518653,0.05520742,-0.7288343,-0.6342843,
1,28,81.661,0.2074497,1.105304,-0.6955665,0.2518653,0.05520742,-0.7288343,-0.6342843,
1,28,81.663,0.2074497,1.105304,-0.6955665,0.2518653,0.05520742,-0.7288343,-0.6342843,
1,28,81.665,0.2074497,1.105304,-0.6955665,0.2518653,0.05520742,-0.7288343,-0.6342843,
1,28,81.667,0.2074497,1.105304,-0.6955665,0.2518653,0.05520742,-0.7288343,-0.6342843,
1,28,81.669,0.2074332,1.09885,-0.6892991,0.2674613,0.04570374,-0.720033,-0.6386925,
1,28,81.671,0.2074332,1.09885,-0.6892991,0.2674613,0.04570374,-0.720033,-0.6386925,
1,28,81.673,0.2074332,1.09885,-0.6892991,0.2674613,0.04570374,-0.720033,-0.6386925,
1,28,81.675,0.2074332,1.09885,-0.6892991,0.2674613,0.04570374,-0.720033,-0.6386925,
1,28,81.677,0.206888,1.092873,-0.6830109,0.287025,0.03229891,-0.7063975,-0.6462012,
1,28,81.679,0.206888,1.092873,-0.6830109,0.287025,0.03229891,-0.7063975,-0.6462012,
1,28,81.681,0.206888,1.092873,-0.6830109,0.287025,0.03229891,-0.7063975,-0.6462012,
1,28,81.683,0.206888,1.092873,-0.6830109,0.287025,0.03229891,-0.7063975,-0.6462012,
1,28,81.685,0.2053664,1.087496,-0.6764876,0.3128266,0.01241467,-0.6868559,-0.6559073,
1,28,81.687,0.2053664,1.087496,-0.6764876,0.3128266,0.01241467,-0.6868559,-0.6559073,
1,28,81.689,0.2053664,1.087496,-0.6764876,0.3128266,0.01241467,-0.6868559,-0.6559073,
1,28,81.691,0.2053664,1.087496,-0.6764876,0.3128266,0.01241467,-0.6868559,-0.6559073,
1,28,81.693,0.202532,1.083456,-0.6696743,0.3457975,-0.01599512,-0.6606387,-0.6661267,
1,28,81.695,0.202532,1.083456,-0.6696743,0.3457975,-0.01599512,-0.6606387,-0.6661267,
1,28,81.697,0.202532,1.083456,-0.6696743,0.3457975,-0.01599512,-0.6606387,-0.6661267,
1,28,81.699,0.202532,1.083456,-0.6696743,0.3457975,-0.01599512,-0.6606387,-0.6661267,
1,28,81.701,0.198464,1.080926,-0.6627654,0.3855612,-0.05455967,-0.6265484,-0.6751319,
1,28,81.703,0.198464,1.080926,-0.6627654,0.3855612,-0.05455967,-0.6265484,-0.6751319,
1,28,81.705,0.198464,1.080926,-0.6627654,0.3855612,-0.05455967,-0.6265484,-0.6751319,
1,28,81.707,0.198464,1.080926,-0.6627654,0.3855612,-0.05455967,-0.6265484,-0.6751319,
1,28,81.709,0.1938792,1.079743,-0.6564653,0.4290089,-0.1031677,-0.5841768,-0.6812087,
1,28,81.711,0.1938792,1.079743,-0.6564653,0.4290089,-0.1031677,-0.5841768,-0.6812087,
1,28,81.713,0.1938792,1.079743,-0.6564653,0.4290089,-0.1031677,-0.5841768,-0.6812087,
1,28,81.715,0.1938792,1.079743,-0.6564653,0.4290089,-0.1031677,-0.5841768,-0.6812087,
1,28,81.717,0.1938792,1.079743,-0.6564653,0.4290089,-0.1031677,-0.5841768,-0.6812087,
1,28,81.719,0.1894199,1.088915,-0.6519703,0.4507975,-0.1274875,-0.5614809,-0.6821054,
1,28,81.721,0.1894199,1.088915,-0.6519703,0.4507975,-0.1274875,-0.5614809,-0.6821054,
1,28,81.723,0.1894199,1.088915,-0.6519703,0.4507975,-0.1274875,-0.5614809,-0.6821054,
1,28,81.725,0.1894199,1.088915,-0.6519703,0.4507975,-0.1274875,-0.5614809,-0.6821054,
1,28,81.727,0.1828623,1.080092,-0.6455191,0.5087055,-0.2165187,-0.4805892,-0.6807146,
1,28,81.729,0.1828623,1.080092,-0.6455191,0.5087055,-0.2165187,-0.4805892,-0.6807146,
1,28,81.731,0.1828623,1.080092,-0.6455191,0.5087055,-0.2165187,-0.4805892,-0.6807146,
1,28,81.733,0.1828623,1.080092,-0.6455191,0.5087055,-0.2165187,-0.4805892,-0.6807146,
1,28,81.735,0.1774141,1.082327,-0.6411198,0.5372548,-0.2727674,-0.426544,-0.6745485,
1,28,81.737,0.1774141,1.082327,-0.6411198,0.5372548,-0.2727674,-0.426544,-0.6745485,
1,28,81.739,0.1774141,1.082327,-0.6411198,0.5372548,-0.2727674,-0.426544,-0.6745485,
1,28,81.741,0.1774141,1.082327,-0.6411198,0.5372548,-0.2727674,-0.426544,-0.6745485,
1,28,81.743,0.1728978,1.084884,-0.6373049,0.5560822,-0.3238979,-0.3763495,-0.6665012,
1,28,81.745,0.1728978,1.084884,-0.6373049,0.5560822,-0.3238979,-0.3763495,-0.6665012,
1,28,81.747,0.1728978,1.084884,-0.6373049,0.5560822,-0.3238979,-0.3763495,-0.6665012,
1,28,81.749,0.1728978,1.084884,-0.6373049,0.5560822,-0.3238979,-0.3763495,-0.6665012,
1,28,81.751,0.1698634,1.084686,-0.6343842,0.5633024,-0.3639773,-0.3364893,-0.6610492,
1,28,81.753,0.1698634,1.084686,-0.6343842,0.5633024,-0.3639773,-0.3364893,-0.6610492,
1,28,81.755,0.1698634,1.084686,-0.6343842,0.5633024,-0.3639773,-0.3364893,-0.6610492,
1,28,81.757,0.1698634,1.084686,-0.6343842,0.5633024,-0.3639773,-0.3364893,-0.6610492,
1,28,81.759,0.169316,1.087421,-0.6324691,0.5579451,-0.3857691,-0.3148574,-0.6638858,
1,28,81.761,0.169316,1.087421,-0.6324691,0.5579451,-0.3857691,-0.3148574,-0.6638858,
1,28,81.763,0.169316,1.087421,-0.6324691,0.5579451,-0.3857691,-0.3148574,-0.6638858,
1,28,81.765,0.169316,1.087421,-0.6324691,0.5579451,-0.3857691,-0.3148574,-0.6638858,
1,28,81.767,0.169316,1.087421,-0.6324691,0.5579451,-0.3857691,-0.3148574,-0.6638858,
1,28,81.769,0.1707624,1.091035,-0.6324535,0.5356923,-0.3754458,-0.3221636,-0.6843134,
1,28,81.771,0.1707624,1.091035,-0.6324535,0.5356923,-0.3754458,-0.3221636,-0.6843134,
1,28,81.773,0.1707624,1.091035,-0.6324535,0.5356923,-0.3754458,-0.3221636,-0.6843134,
1,28,81.775,0.1707624,1.091035,-0.6324535,0.5356923,-0.3754458,-0.3221636,-0.6843134,
1,28,81.777,0.1724566,1.094895,-0.6356578,0.4894139,-0.3179602,-0.3635744,-0.7260779,
1,28,81.779,0.1724566,1.094895,-0.6356578,0.4894139,-0.3179602,-0.3635744,-0.7260779,
1,28,81.781,0.1724566,1.094895,-0.6356578,0.4894139,-0.3179602,-0.3635744,-0.7260779,
1,28,81.783,0.1724566,1.094895,-0.6356578,0.4894139,-0.3179602,-0.3635744,-0.7260779,
1,28,81.785,0.1737369,1.100391,-0.6401443,0.4177368,-0.2101156,-0.4266813,-0.7741386,
1,28,81.787,0.1737369,1.100391,-0.6401443,0.4177368,-0.2101156,-0.4266813,-0.7741386,
1,28,81.789,0.1737369,1.100391,-0.6401443,0.4177368,-0.2101156,-0.4266813,-0.7741386,
1,28,81.791,0.1737369,1.100391,-0.6401443,0.4177368,-0.2101156,-0.4266813,-0.7741386,
1,28,81.793,0.1757338,1.109321,-0.6438954,0.3193029,-0.056135,-0.4953632,-0.8059217,
1,28,81.795,0.1757338,1.109321,-0.6438954,0.3193029,-0.056135,-0.4953632,-0.8059217,
1,28,81.797,0.1757338,1.109321,-0.6438954,0.3193029,-0.056135,-0.4953632,-0.8059217,
1,28,81.799,0.1757338,1.109321,-0.6438954,0.3193029,-0.056135,-0.4953632,-0.8059217,
1,28,81.801,0.1794892,1.120787,-0.6480802,0.1986333,0.1216941,-0.5511277,-0.8012451,
1,28,81.803,0.1794892,1.120787,-0.6480802,0.1986333,0.1216941,-0.5511277,-0.8012451,
1,28,81.805,0.1794892,1.120787,-0.6480802,0.1986333,0.1216941,-0.5511277,-0.8012451,
1,28,81.807,0.1794892,1.120787,-0.6480802,0.1986333,0.1216941,-0.5511277,-0.8012451,
1,28,81.809,0.1837276,1.134808,-0.6508973,0.06705587,0.3001352,-0.5820295,-0.752771,
1,28,81.811,0.1837276,1.134808,-0.6508973,0.06705587,0.3001352,-0.5820295,-0.752771,
1,28,81.813,0.1837276,1.134808,-0.6508973,0.06705587,0.3001352,-0.5820295,-0.752771,
1,28,81.815,0.1837276,1.134808,-0.6508973,0.06705587,0.3001352,-0.5820295,-0.752771,
1,28,81.817,0.1837276,1.134808,-0.6508973,0.06705587,0.3001352,-0.5820295,-0.752771,
1,28,81.819,0.1884527,1.149366,-0.6520774,-0.06655717,0.4624043,-0.5839388,-0.6639037,
1,28,81.821,0.1884527,1.149366,-0.6520774,-0.06655717,0.4624043,-0.5839388,-0.6639037,
1,28,81.823,0.1884527,1.149366,-0.6520774,-0.06655717,0.4624043,-0.5839388,-0.6639037,
1,28,81.825,0.1884527,1.149366,-0.6520774,-0.06655717,0.4624043,-0.5839388,-0.6639037,
1,28,81.827,0.1920918,1.16104,-0.6517948,-0.1890147,0.5935493,-0.5581084,-0.5481676,
1,28,81.829,0.1920918,1.16104,-0.6517948,-0.1890147,0.5935493,-0.5581084,-0.5481676,
1,28,81.831,0.1920918,1.16104,-0.6517948,-0.1890147,0.5935493,-0.5581084,-0.5481676,
1,28,81.833,0.1920918,1.16104,-0.6517948,-0.1890147,0.5935493,-0.5581084,-0.5481676,
1,28,81.835,0.1962995,1.170379,-0.6529532,-0.2989378,0.6911453,-0.5098907,-0.4158916,
1,28,81.837,0.1962995,1.170379,-0.6529532,-0.2989378,0.6911453,-0.5098907,-0.4158916,
1,28,81.839,0.1962995,1.170379,-0.6529532,-0.2989378,0.6911453,-0.5098907,-0.4158916,
1,28,81.841,0.1962995,1.170379,-0.6529532,-0.2989378,0.6911453,-0.5098907,-0.4158916,
1,28,81.843,0.200772,1.178179,-0.6547338,-0.3946871,0.7570238,-0.4434761,-0.272885,
1,28,81.845,0.200772,1.178179,-0.6547338,-0.3946871,0.7570238,-0.4434761,-0.272885,
1,28,81.847,0.200772,1.178179,-0.6547338,-0.3946871,0.7570238,-0.4434761,-0.272885,
1,28,81.849,0.200772,1.178179,-0.6547338,-0.3946871,0.7570238,-0.4434761,-0.272885,
1,28,81.851,0.2045239,1.182697,-0.6562759,-0.4726308,0.7932546,-0.3626261,-0.1259751,
1,28,81.853,0.2045239,1.182697,-0.6562759,-0.4726308,0.7932546,-0.3626261,-0.1259751,
1,28,81.855,0.2045239,1.182697,-0.6562759,-0.4726308,0.7932546,-0.3626261,-0.1259751,
1,28,81.857,0.2045239,1.182697,-0.6562759,-0.4726308,0.7932546,-0.3626261,-0.1259751,
1,28,81.859,0.2068672,1.181682,-0.6580141,-0.5317817,0.8028864,-0.2683356,0.0240363,
1,28,81.861,0.2068672,1.181682,-0.6580141,-0.5317817,0.8028864,-0.2683356,0.0240363,
1,28,81.863,0.2068672,1.181682,-0.6580141,-0.5317817,0.8028864,-0.2683356,0.0240363,
1,28,81.865,0.2068672,1.181682,-0.6580141,-0.5317817,0.8028864,-0.2683356,0.0240363,
1,28,81.867,0.2068672,1.181682,-0.6580141,-0.5317817,0.8028864,-0.2683356,0.0240363,
1,28,81.869,0.2080928,1.17592,-0.6598188,-0.569945,0.7862059,-0.1667872,0.1709536,
1,28,81.871,0.2080928,1.17592,-0.6598188,-0.569945,0.7862059,-0.1667872,0.1709536,
1,28,81.873,0.2080928,1.17592,-0.6598188,-0.569945,0.7862059,-0.1667872,0.1709536,
1,28,81.875,0.2080928,1.17592,-0.6598188,-0.569945,0.7862059,-0.1667872,0.1709536,
1,28,81.877,0.2071392,1.166172,-0.6588558,-0.587217,0.7438968,-0.06482446,0.3123965,
1,28,81.879,0.2071392,1.166172,-0.6588558,-0.587217,0.7438968,-0.06482446,0.3123965,
1,28,81.881,0.2071392,1.166172,-0.6588558,-0.587217,0.7438968,-0.06482446,0.3123965,
1,28,81.883,0.2071392,1.166172,-0.6588558,-0.587217,0.7438968,-0.06482446,0.3123965,
1,28,81.885,0.2032938,1.152175,-0.6538703,-0.5856205,0.6762304,0.03327531,0.4457062,
1,28,81.887,0.2032938,1.152175,-0.6538703,-0.5856205,0.6762304,0.03327531,0.4457062,
1,28,81.889,0.2032938,1.152175,-0.6538703,-0.5856205,0.6762304,0.03327531,0.4457062,
1,28,81.891,0.2032938,1.152175,-0.6538703,-0.5856205,0.6762304,0.03327531,0.4457062,
1,28,81.893,0.1997425,1.137845,-0.6476867,-0.5700165,0.58512,0.1271998,0.5626154,
1,28,81.895,0.1997425,1.137845,-0.6476867,-0.5700165,0.58512,0.1271998,0.5626154,
1,28,81.897,0.1997425,1.137845,-0.6476867,-0.5700165,0.58512,0.1271998,0.5626154,
1,28,81.899,0.1997425,1.137845,-0.6476867,-0.5700165,0.58512,0.1271998,0.5626154,
1,28,81.901,0.1976412,1.123751,-0.6426808,-0.5419962,0.4762574,0.2169635,0.6575301,
1,28,81.903,0.1976412,1.123751,-0.6426808,-0.5419962,0.4762574,0.2169635,0.6575301,
1,28,81.905,0.1976412,1.123751,-0.6426808,-0.5419962,0.4762574,0.2169635,0.6575301,
1,28,81.907,0.1976412,1.123751,-0.6426808,-0.5419962,0.4762574,0.2169635,0.6575301,
1,28,81.909,0.1964099,1.107446,-0.6392204,-0.5000669,0.3537724,0.3014534,0.7306873,
1,28,81.911,0.1964099,1.107446,-0.6392204,-0.5000669,0.3537724,0.3014534,0.7306873,
1,28,81.913,0.1964099,1.107446,-0.6392204,-0.5000669,0.3537724,0.3014534,0.7306873,
1,28,81.915,0.1964099,1.107446,-0.6392204,-0.5000669,0.3537724,0.3014534,0.7306873,
1,28,81.917,0.1964099,1.107446,-0.6392204,-0.5000669,0.3537724,0.3014534,0.7306873,
1,28,81.919,0.1956153,1.087427,-0.6369158,-0.4445429,0.2225086,0.3775716,0.7812243,
1,28,81.921,0.1956153,1.087427,-0.6369158,-0.4445429,0.2225086,0.3775716,0.7812243,
1,28,81.923,0.1956153,1.087427,-0.6369158,-0.4445429,0.2225086,0.3775716,0.7812243,
1,28,81.925,0.1956153,1.087427,-0.6369158,-0.4445429,0.2225086,0.3775716,0.7812243,
1,28,81.927,0.1937143,1.06508,-0.6327446,-0.3803612,0.0856302,0.4415112,0.8081217,
1,28,81.929,0.1937143,1.06508,-0.6327446,-0.3803612,0.0856302,0.4415112,0.8081217,
1,28,81.931,0.1937143,1.06508,-0.6327446,-0.3803612,0.0856302,0.4415112,0.8081217,
1,28,81.933,0.1937143,1.06508,-0.6327446,-0.3803612,0.0856302,0.4415112,0.8081217,
1,28,81.935,0.1925052,1.044237,-0.6267017,-0.3122399,-0.05174077,0.495633,0.8088121,
1,28,81.937,0.1925052,1.044237,-0.6267017,-0.3122399,-0.05174077,0.495633,0.8088121,
1,28,81.939,0.1925052,1.044237,-0.6267017,-0.3122399,-0.05174077,0.495633,0.8088121,
1,28,81.941,0.1925052,1.044237,-0.6267017,-0.3122399,-0.05174077,0.495633,0.8088121,
1,28,81.943,0.1934723,1.026545,-0.6198118,-0.2405194,-0.1823575,0.5422648,0.7841206,
1,28,81.945,0.1934723,1.026545,-0.6198118,-0.2405194,-0.1823575,0.5422648,0.7841206,
1,28,81.947,0.1934723,1.026545,-0.6198118,-0.2405194,-0.1823575,0.5422648,0.7841206,
1,28,81.949,0.1934723,1.026545,-0.6198118,-0.2405194,-0.1823575,0.5422648,0.7841206,
1,28,81.951,0.1954376,1.012522,-0.6104579,-0.1668483,-0.301782,0.5818174,0.7365989,
1,28,81.953,0.1954376,1.012522,-0.6104579,-0.1668483,-0.301782,0.5818174,0.7365989,
1,28,81.955,0.1954376,1.012522,-0.6104579,-0.1668483,-0.301782,0.5818174,0.7365989,
1,28,81.957,0.1954376,1.012522,-0.6104579,-0.1668483,-0.301782,0.5818174,0.7365989,
1,28,81.959,0.2019165,0.9932561,-0.6111705,-0.1177316,-0.3642244,0.6018779,0.7008729,
1,28,81.961,0.2019165,0.9932561,-0.6111705,-0.1177316,-0.3642244,0.6018779,0.7008729,
1,28,81.963,0.2019165,0.9932561,-0.6111705,-0.1177316,-0.3642244,0.6018779,0.7008729,
1,28,81.965,0.2019165,0.9932561,-0.6111705,-0.1177316,-0.3642244,0.6018779,0.7008729,
1,28,81.967,0.2019165,0.9932561,-0.6111705,-0.1177316,-0.3642244,0.6018779,0.7008729,
1,28,81.969,0.2101836,0.99661,-0.6006021,-0.01621659,-0.4717643,0.642745,0.6033692,
1,28,81.971,0.2101836,0.99661,-0.6006021,-0.01621659,-0.4717643,0.642745,0.6033692,
1,28,81.973,0.2101836,0.99661,-0.6006021,-0.01621659,-0.4717643,0.642745,0.6033692,
1,28,81.975,0.2101836,0.99661,-0.6006021,-0.01621659,-0.4717643,0.642745,0.6033692,
1,28,81.977,0.2173778,0.9925486,-0.5969138,0.04267786,-0.5135229,0.6652421,0.5403017,
1,28,81.979,0.2173778,0.9925486,-0.5969138,0.04267786,-0.5135229,0.6652421,0.5403017,
1,28,81.981,0.2173778,0.9925486,-0.5969138,0.04267786,-0.5135229,0.6652421,0.5403017,
1,28,81.983,0.2173778,0.9925486,-0.5969138,0.04267786,-0.5135229,0.6652421,0.5403017,
1,28,81.985,0.225637,0.9909377,-0.5947117,0.07937172,-0.5236313,0.6882908,0.4957481,
1,28,81.987,0.225637,0.9909377,-0.5947117,0.07937172,-0.5236313,0.6882908,0.4957481,
1,28,81.989,0.225637,0.9909377,-0.5947117,0.07937172,-0.5236313,0.6882908,0.4957481,
1,28,81.991,0.225637,0.9909377,-0.5947117,0.07937172,-0.5236313,0.6882908,0.4957481,
1,28,81.993,0.2347202,0.9906899,-0.5935128,0.08923493,-0.5086209,0.712857,0.4745281,
1,28,81.995,0.2347202,0.9906899,-0.5935128,0.08923493,-0.5086209,0.712857,0.4745281,
1,28,81.997,0.2347202,0.9906899,-0.5935128,0.08923493,-0.5086209,0.712857,0.4745281,
1,28,81.999,0.2347202,0.9906899,-0.5935128,0.08923493,-0.5086209,0.712857,0.4745281,
1,28,82.001,0.2433159,0.9903893,-0.5932468,0.07719763,-0.4801411,0.7364482,0.470265,
1,28,82.003,0.2433159,0.9903893,-0.5932468,0.07719763,-0.4801411,0.7364482,0.470265,
1,28,82.005,0.2433159,0.9903893,-0.5932468,0.07719763,-0.4801411,0.7364482,0.470265,
1,28,82.007,0.2433159,0.9903893,-0.5932468,0.07719763,-0.4801411,0.7364482,0.470265,
1,28,82.009,0.250373,0.9887961,-0.5928764,0.05228266,-0.4504672,0.7547087,0.4740893,
1,28,82.011,0.250373,0.9887961,-0.5928764,0.05228266,-0.4504672,0.7547087,0.4740893,
1,28,82.013,0.250373,0.9887961,-0.5928764,0.05228266,-0.4504672,0.7547087,0.4740893,
1,28,82.015,0.250373,0.9887961,-0.5928764,0.05228266,-0.4504672,0.7547087,0.4740893,
1,28,82.017,0.250373,0.9887961,-0.5928764,0.05228266,-0.4504672,0.7547087,0.4740893,
1,28,82.019,0.2560611,0.9859968,-0.5912964,0.02632479,-0.4289191,0.7655451,0.4788279,
1,28,82.021,0.2560611,0.9859968,-0.5912964,0.02632479,-0.4289191,0.7655451,0.4788279,
1,28,82.023,0.2560611,0.9859968,-0.5912964,0.02632479,-0.4289191,0.7655451,0.4788279,
1,28,82.025,0.2560611,0.9859968,-0.5912964,0.02632479,-0.4289191,0.7655451,0.4788279,
1,28,82.027,0.2608007,0.9824158,-0.5891178,0.008633822,-0.4204487,0.7695401,0.4805794,
1,28,82.029,0.2608007,0.9824158,-0.5891178,0.008633822,-0.4204487,0.7695401,0.4805794,
1,28,82.031,0.2608007,0.9824158,-0.5891178,0.008633822,-0.4204487,0.7695401,0.4805794,
1,28,82.033,0.2608007,0.9824158,-0.5891178,0.008633822,-0.4204487,0.7695401,0.4805794,
1,28,82.035,0.2654325,0.9775491,-0.5873222,-0.0004616231,-0.4229524,0.7677671,0.481295,
1,28,82.037,0.2654325,0.9775491,-0.5873222,-0.0004616231,-0.4229524,0.7677671,0.481295,
1,28,82.039,0.2654325,0.9775491,-0.5873222,-0.0004616231,-0.4229524,0.7677671,0.481295,
1,28,82.041,0.2654325,0.9775491,-0.5873222,-0.0004616231,-0.4229524,0.7677671,0.481295,
1,28,82.043,0.2701318,0.9736223,-0.5869871,-0.005319729,-0.4299234,0.7629887,0.4826862,
1,28,82.045,0.2701318,0.9736223,-0.5869871,-0.005319729,-0.4299234,0.7629887,0.4826862,
1,28,82.047,0.2701318,0.9736223,-0.5869871,-0.005319729,-0.4299234,0.7629887,0.4826862,
1,28,82.049,0.2701318,0.9736223,-0.5869871,-0.005319729,-0.4299234,0.7629887,0.4826862,
1,28,82.051,0.2748824,0.9700689,-0.5880224,-0.01108533,-0.4366807,0.7558416,0.4877403,
1,28,82.053,0.2748824,0.9700689,-0.5880224,-0.01108533,-0.4366807,0.7558416,0.4877403,
1,28,82.055,0.2748824,0.9700689,-0.5880224,-0.01108533,-0.4366807,0.7558416,0.4877403,
1,28,82.057,0.2748824,0.9700689,-0.5880224,-0.01108533,-0.4366807,0.7558416,0.4877403,
1,28,82.059,0.2787879,0.966665,-0.5893074,-0.020842,-0.4415045,0.7470988,0.4964704,
1,28,82.061,0.2787879,0.966665,-0.5893074,-0.020842,-0.4415045,0.7470988,0.4964704,
1,28,82.063,0.2787879,0.966665,-0.5893074,-0.020842,-0.4415045,0.7470988,0.4964704,
1,28,82.065,0.2787879,0.966665,-0.5893074,-0.020842,-0.4415045,0.7470988,0.4964704,
1,28,82.067,0.2787879,0.966665,-0.5893074,-0.020842,-0.4415045,0.7470988,0.4964704,
1,28,82.069,0.2804428,0.9656427,-0.5897858,-0.0332247,-0.4455287,0.7381638,0.5054843,
1,28,82.071,0.2804428,0.9656427,-0.5897858,-0.0332247,-0.4455287,0.7381638,0.5054843,
1,28,82.073,0.2804428,0.9656427,-0.5897858,-0.0332247,-0.4455287,0.7381638,0.5054843,
1,28,82.075,0.2804428,0.9656427,-0.5897858,-0.0332247,-0.4455287,0.7381638,0.5054843,
1,28,82.077,0.2822182,0.9653875,-0.5922264,-0.04276697,-0.4503383,0.7289832,0.5137606,
1,28,82.079,0.2822182,0.9653875,-0.5922264,-0.04276697,-0.4503383,0.7289832,0.5137606,
1,28,82.081,0.2822182,0.9653875,-0.5922264,-0.04276697,-0.4503383,0.7289832,0.5137606,
1,28,82.083,0.2822182,0.9653875,-0.5922264,-0.04276697,-0.4503383,0.7289832,0.5137606,
1,28,82.085,0.2840869,0.9660022,-0.5963604,-0.04851583,-0.4565998,0.7198925,0.5204976,
1,28,82.087,0.2840869,0.9660022,-0.5963604,-0.04851583,-0.4565998,0.7198925,0.5204976,
1,28,82.089,0.2840869,0.9660022,-0.5963604,-0.04851583,-0.4565998,0.7198925,0.5204976,
1,28,82.091,0.2840869,0.9660022,-0.5963604,-0.04851583,-0.4565998,0.7198925,0.5204976,
1,28,82.093,0.2854147,0.9671773,-0.6009471,-0.05122727,-0.4648175,0.7110747,0.5250651,
1,28,82.095,0.2854147,0.9671773,-0.6009471,-0.05122727,-0.4648175,0.7110747,0.5250651,
1,28,82.097,0.2854147,0.9671773,-0.6009471,-0.05122727,-0.4648175,0.7110747,0.5250651,
1,28,82.099,0.2854147,0.9671773,-0.6009471,-0.05122727,-0.4648175,0.7110747,0.5250651,
1,28,82.101,0.2864051,0.9679112,-0.6061871,-0.05118324,-0.4750086,0.702181,0.52791,
1,28,82.103,0.2864051,0.9679112,-0.6061871,-0.05118324,-0.4750086,0.702181,0.52791,
1,28,82.105,0.2864051,0.9679112,-0.6061871,-0.05118324,-0.4750086,0.702181,0.52791,
1,28,82.107,0.2864051,0.9679112,-0.6061871,-0.05118324,-0.4750086,0.702181,0.52791,
1,28,82.109,0.2871165,0.9698176,-0.6116067,-0.04965647,-0.4856321,0.694135,0.5290298,
1,28,82.111,0.2871165,0.9698176,-0.6116067,-0.04965647,-0.4856321,0.694135,0.5290298,
1,28,82.113,0.2871165,0.9698176,-0.6116067,-0.04965647,-0.4856321,0.694135,0.5290298,
1,28,82.115,0.2871165,0.9698176,-0.6116067,-0.04965647,-0.4856321,0.694135,0.5290298,
1,28,82.117,0.2871165,0.9698176,-0.6116067,-0.04965647,-0.4856321,0.694135,0.5290298,
1,28,82.119,0.287865,0.9725656,-0.6173729,-0.04727347,-0.4960963,0.6869577,0.5289071,
1,28,82.121,0.287865,0.9725656,-0.6173729,-0.04727347,-0.4960963,0.6869577,0.5289071,
1,28,82.123,0.287865,0.9725656,-0.6173729,-0.04727347,-0.4960963,0.6869577,0.5289071,
1,28,82.125,0.287865,0.9725656,-0.6173729,-0.04727347,-0.4960963,0.6869577,0.5289071,
1,28,82.127,0.2880585,0.9750924,-0.6227899,-0.04505733,-0.5065425,0.6802019,0.52793,
1,28,82.129,0.2880585,0.9750924,-0.6227899,-0.04505733,-0.5065425,0.6802019,0.52793,
1,28,82.131,0.2880585,0.9750924,-0.6227899,-0.04505733,-0.5065425,0.6802019,0.52793,
1,28,82.133,0.2880585,0.9750924,-0.6227899,-0.04505733,-0.5065425,0.6802019,0.52793,
1,28,82.135,0.2879521,0.9775921,-0.6280262,-0.0445624,-0.5152267,0.6739917,0.5275328,
1,28,82.137,0.2879521,0.9775921,-0.6280262,-0.0445624,-0.5152267,0.6739917,0.5275328,
1,28,82.139,0.2879521,0.9775921,-0.6280262,-0.0445624,-0.5152267,0.6739917,0.5275328,
1,28,82.141,0.2879521,0.9775921,-0.6280262,-0.0445624,-0.5152267,0.6739917,0.5275328,
1,28,82.143,0.2876692,0.9797603,-0.6333683,-0.04516816,-0.5233606,0.6678809,0.5272463,
1,28,82.145,0.2876692,0.9797603,-0.6333683,-0.04516816,-0.5233606,0.6678809,0.5272463,
1,28,82.147,0.2876692,0.9797603,-0.6333683,-0.04516816,-0.5233606,0.6678809,0.5272463,
1,28,82.149,0.2876692,0.9797603,-0.6333683,-0.04516816,-0.5233606,0.6678809,0.5272463,
1,28,82.151,0.2876087,0.9818668,-0.6385356,-0.04703102,-0.5293853,0.6627794,0.5275062,
1,28,82.153,0.2876087,0.9818668,-0.6385356,-0.04703102,-0.5293853,0.6627794,0.5275062,
1,28,82.155,0.2876087,0.9818668,-0.6385356,-0.04703102,-0.5293853,0.6627794,0.5275062,
1,28,82.157,0.2876087,0.9818668,-0.6385356,-0.04703102,-0.5293853,0.6627794,0.5275062,
1,28,82.159,0.288357,0.9848242,-0.6444455,-0.05061361,-0.5323613,0.6587367,0.5292408,
1,28,82.161,0.288357,0.9848242,-0.6444455,-0.05061361,-0.5323613,0.6587367,0.5292408,
1,28,82.163,0.288357,0.9848242,-0.6444455,-0.05061361,-0.5323613,0.6587367,0.5292408,
1,28,82.165,0.288357,0.9848242,-0.6444455,-0.05061361,-0.5323613,0.6587367,0.5292408,
1,28,82.167,0.288357,0.9848242,-0.6444455,-0.05061361,-0.5323613,0.6587367,0.5292408,
1,28,82.169,0.2886729,0.9876291,-0.6497152,-0.05661035,-0.5339392,0.6550556,0.5316073,
1,28,82.171,0.2886729,0.9876291,-0.6497152,-0.05661035,-0.5339392,0.6550556,0.5316073,
1,28,82.173,0.2886729,0.9876291,-0.6497152,-0.05661035,-0.5339392,0.6550556,0.5316073,
1,28,82.175,0.2886729,0.9876291,-0.6497152,-0.05661035,-0.5339392,0.6550556,0.5316073,
1,28,82.177,0.2876304,0.9891869,-0.6538423,-0.06576632,-0.5341147,0.6512176,0.5350813,
1,28,82.179,0.2876304,0.9891869,-0.6538423,-0.06576632,-0.5341147,0.6512176,0.5350813,
1,28,82.181,0.2876304,0.9891869,-0.6538423,-0.06576632,-0.5341147,0.6512176,0.5350813,CourtEnter
1,28,82.183,0.2876304,0.9891869,-0.6538423,-0.06576632,-0.5341147,0.6512176,0.5350813,
1,28,82.185,0.2873328,0.9914603,-0.6585084,-0.07574624,-0.5326068,0.6483375,0.5387495,
1,28,82.187,0.2873328,0.9914603,-0.6585084,-0.07574624,-0.5326068,0.6483375,0.5387495,
1,28,82.189,0.2873328,0.9914603,-0.6585084,-0.07574624,-0.5326068,0.6483375,0.5387495,CourtExit
1,28,82.191,0.2873328,0.9914603,-0.6585084,-0.07574624,-0.5326068,0.6483375,0.5387495,
1,28,82.193,0.2879061,0.9940681,-0.6636885,-0.08619031,-0.5292598,0.6463524,0.542848,
1,28,82.195,0.2879061,0.9940681,-0.6636885,-0.08619031,-0.5292598,0.6463524,0.542848,
1,28,82.197,0.2879061,0.9940681,-0.6636885,-0.08619031,-0.5292598,0.6463524,0.542848,
1,28,82.199,0.2879061,0.9940681,-0.6636885,-0.08619031,-0.5292598,0.6463524,0.542848,
1,28,82.201,0.2885309,0.996579,-0.6687493,-0.09681724,-0.5257111,0.6450388,0.5460581,
1,28,82.203,0.2885309,0.996579,-0.6687493,-0.09681724,-0.5257111,0.6450388,0.5460581,
1,28,82.205,0.2885309,0.996579,-0.6687493,-0.09681724,-0.5257111,0.6450388,0.5460581,
1,28,82.207,0.2885309,0.996579,-0.6687493,-0.09681724,-0.5257111,0.6450388,0.5460581,
1,28,82.209,0.2894431,0.9992396,-0.6737779,-0.1068312,-0.5223802,0.644348,0.5481987,
1,28,82.211,0.2894431,0.9992396,-0.6737779,-0.1068312,-0.5223802,0.644348,0.5481987,
1,28,82.213,0.2894431,0.9992396,-0.6737779,-0.1068312,-0.5223802,0.644348,0.5481987,
1,28,82.215,0.2894431,0.9992396,-0.6737779,-0.1068312,-0.5223802,0.644348,0.5481987,
1,28,82.217,0.2894431,0.9992396,-0.6737779,-0.1068312,-0.5223802,0.644348,0.5481987,
1,28,82.219,0.2906343,1.002093,-0.6786934,-0.1159926,-0.519716,0.6445183,0.5486686,
1,28,82.221,0.2906343,1.002093,-0.6786934,-0.1159926,-0.519716,0.6445183,0.5486686,
1,28,82.223,0.2906343,1.002093,-0.6786934,-0.1159926,-0.519716,0.6445183,0.5486686,
1,28,82.225,0.2906343,1.002093,-0.6786934,-0.1159926,-0.519716,0.6445183,0.5486686,
1,28,82.227,0.2923521,1.004963,-0.6837759,-0.1233876,-0.5184293,0.6453784,0.5472598,
1,28,82.229,0.2923521,1.004963,-0.6837759,-0.1233876,-0.5184293,0.6453784,0.5472598,
1,28,82.231,0.2923521,1.004963,-0.6837759,-0.1233876,-0.5184293,0.6453784,0.5472598,
1,28,82.233,0.2923521,1.004963,-0.6837759,-0.1233876,-0.5184293,0.6453784,0.5472598,
1,28,82.235,0.2946748,1.007697,-0.6890469,-0.1292764,-0.5182388,0.6467224,0.5444872,
1,28,82.237,0.2946748,1.007697,-0.6890469,-0.1292764,-0.5182388,0.6467224,0.5444872,
1,28,82.239,0.2946748,1.007697,-0.6890469,-0.1292764,-0.5182388,0.6467224,0.5444872,
1,28,82.241,0.2946748,1.007697,-0.6890469,-0.1292764,-0.5182388,0.6467224,0.5444872,
1,28,82.243,0.2974647,1.010389,-0.6943864,-0.1335861,-0.5192726,0.6486607,0.5401388,
1,28,82.245,0.2974647,1.010389,-0.6943864,-0.1335861,-0.5192726,0.6486607,0.5401388,
1,28,82.247,0.2974647,1.010389,-0.6943864,-0.1335861,-0.5192726,0.6486607,0.5401388,
1,28,82.249,0.2974647,1.010389,-0.6943864,-0.1335861,-0.5192726,0.6486607,0.5401388,
1,28,82.251,0.3005286,1.012651,-0.6999831,-0.1363751,-0.5221257,0.6505231,0.5344215,
1,28,82.253,0.3005286,1.012651,-0.6999831,-0.1363751,-0.5221257,0.6505231,0.5344215,
1,28,82.255,0.3005286,1.012651,-0.6999831,-0.1363751,-0.5221257,0.6505231,0.5344215,
1,28,82.257,0.3005286,1.012651,-0.6999831,-0.1363751,-0.5221257,0.6505231,0.5344215,
1,28,82.259,0.3034626,1.014611,-0.7055841,-0.1391242,-0.5256939,0.6520742,0.5282894,
1,28,82.261,0.3034626,1.014611,-0.7055841,-0.1391242,-0.5256939,0.6520742,0.5282894,
1,28,82.263,0.3034626,1.014611,-0.7055841,-0.1391242,-0.5256939,0.6520742,0.5282894,
1,28,82.265,0.3034626,1.014611,-0.7055841,-0.1391242,-0.5256939,0.6520742,0.5282894,
1,28,82.267,0.3034626,1.014611,-0.7055841,-0.1391242,-0.5256939,0.6520742,0.5282894,
1,28,82.269,0.306693,1.016365,-0.711466,-0.1418754,-0.5297624,0.6532581,0.5219934,
1,28,82.271,0.306693,1.016365,-0.711466,-0.1418754,-0.5297624,0.6532581,0.5219934,
1,28,82.273,0.306693,1.016365,-0.711466,-0.1418754,-0.5297624,0.6532581,0.5219934,
1,28,82.275,0.306693,1.016365,-0.711466,-0.1418754,-0.5297624,0.6532581,0.5219934,
1,28,82.277,0.3108191,1.018175,-0.7181116,-0.144139,-0.5341746,0.6541056,0.5157784,
1,28,82.279,0.3108191,1.018175,-0.7181116,-0.144139,-0.5341746,0.6541056,0.5157784,
1,28,82.281,0.3108191,1.018175,-0.7181116,-0.144139,-0.5341746,0.6541056,0.5157784,
1,28,82.283,0.3108191,1.018175,-0.7181116,-0.144139,-0.5341746,0.6541056,0.5157784,
1,28,82.285,0.3147977,1.0195,-0.7248859,-0.1469477,-0.5393493,0.6540334,0.5096558,
1,28,82.287,0.3147977,1.0195,-0.7248859,-0.1469477,-0.5393493,0.6540334,0.5096558,
1,28,82.289,0.3147977,1.0195,-0.7248859,-0.1469477,-0.5393493,0.6540334,0.5096558,
1,28,82.291,0.3147977,1.0195,-0.7248859,-0.1469477,-0.5393493,0.6540334,0.5096558,
1,28,82.293,0.318595,1.020894,-0.7316024,-0.1507817,-0.5447336,0.6531066,0.5039662,
1,28,82.295,0.318595,1.020894,-0.7316024,-0.1507817,-0.5447336,0.6531066,0.5039662,
1,28,82.297,0.318595,1.020894,-0.7316024,-0.1507817,-0.5447336,0.6531066,0.5039662,
1,28,82.299,0.318595,1.020894,-0.7316024,-0.1507817,-0.5447336,0.6531066,0.5039662,
1,28,82.301,0.3227792,1.0224,-0.7389481,-0.1547788,-0.5504429,0.6517595,0.4982628,
1,28,82.303,0.3227792,1.0224,-0.7389481,-0.1547788,-0.5504429,0.6517595,0.4982628,
1,28,82.305,0.3227792,1.0224,-0.7389481,-0.1547788,-0.5504429,0.6517595,0.4982628,
1,28,82.307,0.3227792,1.0224,-0.7389481,-0.1547788,-0.5504429,0.6517595,0.4982628,
1,28,82.309,0.3271413,1.023973,-0.7465806,-0.1595775,-0.5563631,0.6496091,0.4929534,
1,28,82.311,0.3271413,1.023973,-0.7465806,-0.1595775,-0.5563631,0.6496091,0.4929534,
1,28,82.313,0.3271413,1.023973,-0.7465806,-0.1595775,-0.5563631,0.6496091,0.4929534,
1,28,82.315,0.3271413,1.023973,-0.7465806,-0.1595775,-0.5563631,0.6496091,0.4929534,
1,28,82.317,0.3271413,1.023973,-0.7465806,-0.1595775,-0.5563631,0.6496091,0.4929534,
1,28,82.319,0.3312754,1.025717,-0.7542033,-0.1648744,-0.5627014,0.6468958,0.4875545,
1,28,82.321,0.3312754,1.025717,-0.7542033,-0.1648744,-0.5627014,0.6468958,0.4875545,
1,28,82.323,0.3312754,1.025717,-0.7542033,-0.1648744,-0.5627014,0.6468958,0.4875545,
1,28,82.325,0.3312754,1.025717,-0.7542033,-0.1648744,-0.5627014,0.6468958,0.4875545,
1,28,82.327,0.335961,1.028181,-0.7622994,-0.1696763,-0.56937,0.6441815,0.481724,
1,28,82.329,0.335961,1.028181,-0.7622994,-0.1696763,-0.56937,0.6441815,0.481724,
1,28,82.331,0.335961,1.028181,-0.7622994,-0.1696763,-0.56937,0.6441815,0.481724,
1,28,82.333,0.335961,1.028181,-0.7622994,-0.1696763,-0.56937,0.6441815,0.481724,
1,28,82.335,0.3406266,1.030862,-0.7705468,-0.173862,-0.576913,0.641308,0.4750448,
1,28,82.337,0.3406266,1.030862,-0.7705468,-0.173862,-0.576913,0.641308,0.4750448,
1,28,82.339,0.3406266,1.030862,-0.7705468,-0.173862,-0.576913,0.641308,0.4750448,
1,28,82.341,0.3406266,1.030862,-0.7705468,-0.173862,-0.576913,0.641308,0.4750448,
1,28,82.343,0.3458481,1.034134,-0.7788343,-0.1770905,-0.5849438,0.6385834,0.4676439,
1,28,82.345,0.3458481,1.034134,-0.7788343,-0.1770905,-0.5849438,0.6385834,0.4676439,
1,28,82.347,0.3458481,1.034134,-0.7788343,-0.1770905,-0.5849438,0.6385834,0.4676439,
1,28,82.349,0.3458481,1.034134,-0.7788343,-0.1770905,-0.5849438,0.6385834,0.4676439,
1,28,82.351,0.3508214,1.037673,-0.7867927,-0.1797133,-0.5937306,0.6357048,0.45942,
1,28,82.353,0.3508214,1.037673,-0.7867927,-0.1797133,-0.5937306,0.6357048,0.45942,
1,28,82.355,0.3508214,1.037673,-0.7867927,-0.1797133,-0.5937306,0.6357048,0.45942,
1,28,82.357,0.3508214,1.037673,-0.7867927,-0.1797133,-0.5937306,0.6357048,0.45942,
1,28,82.359,0.3568147,1.041807,-0.7947582,-0.1801393,-0.6035247,0.6331599,0.4499071,
1,28,82.361,0.3568147,1.041807,-0.7947582,-0.1801393,-0.6035247,0.6331599,0.4499071,
1,28,82.363,0.3568147,1.041807,-0.7947582,-0.1801393,-0.6035247,0.6331599,0.4499071,
1,28,82.365,0.3568147,1.041807,-0.7947582,-0.1801393,-0.6035247,0.6331599,0.4499071,
1,28,82.367,0.3568147,1.041807,-0.7947582,-0.1801393,-0.6035247,0.6331599,0.4499071,
1,28,82.369,0.3630187,1.046141,-0.8025929,-0.1796237,-0.6141399,0.6302912,0.4396596,
1,28,82.371,0.3630187,1.046141,-0.8025929,-0.1796237,-0.6141399,0.6302912,0.4396596,
1,28,82.373,0.3630187,1.046141,-0.8025929,-0.1796237,-0.6141399,0.6302912,0.4396596,
1,28,82.375,0.3630187,1.046141,-0.8025929,-0.1796237,-0.6141399,0.6302912,0.4396596,
1,28,82.377,0.3692066,1.050299,-0.8098651,-0.178725,-0.6249375,0.6269206,0.4295126,
1,28,82.379,0.3692066,1.050299,-0.8098651,-0.178725,-0.6249375,0.6269206,0.4295126,
1,28,82.381,0.3692066,1.050299,-0.8098651,-0.178725,-0.6249375,0.6269206,0.4295126,
1,28,82.383,0.3692066,1.050299,-0.8098651,-0.178725,-0.6249375,0.6269206,0.4295126,
1,28,82.385,0.3755587,1.054716,-0.8168117,-0.1763125,-0.6367439,0.6233313,0.4182456,
1,28,82.387,0.3755587,1.054716,-0.8168117,-0.1763125,-0.6367439,0.6233313,0.4182456,
1,28,82.389,0.3755587,1.054716,-0.8168117,-0.1763125,-0.6367439,0.6233313,0.4182456,
1,28,82.391,0.3755587,1.054716,-0.8168117,-0.1763125,-0.6367439,0.6233313,0.4182456,
1,28,82.393,0.3823307,1.059916,-0.8235078,-0.1749852,-0.6473646,0.619771,0.4076557,
1,28,82.395,0.3823307,1.059916,-0.8235078,-0.1749852,-0.6473646,0.619771,0.4076557,
1,28,82.397,0.3823307,1.059916,-0.8235078,-0.1749852,-0.6473646,0.619771,0.4076557,
1,28,82.399,0.3823307,1.059916,-0.8235078,-0.1749852,-0.6473646,0.619771,0.4076557,
1,28,82.401,0.3879763,1.06317,-0.8291855,-0.1665032,-0.6635188,0.6153654,0.3915927,
1,28,82.403,0.3879763,1.06317,-0.8291855,-0.1665032,-0.6635188,0.6153654,0.3915927,
1,28,82.405,0.3879763,1.06317,-0.8291855,-0.1665032,-0.6635188,0.6153654,0.3915927,
1,28,82.407,0.3879763,1.06317,-0.8291855,-0.1665032,-0.6635188,0.6153654,0.3915927,
1,28,82.409,0.3935536,1.066965,-0.8347986,-0.1581335,-0.6792683,0.6109443,0.3746136,
1,28,82.411,0.3935536,1.066965,-0.8347986,-0.1581335,-0.6792683,0.6109443,0.3746136,
1,28,82.413,0.3935536,1.066965,-0.8347986,-0.1581335,-0.6792683,0.6109443,0.3746136,
1,28,82.415,0.3935536,1.066965,-0.8347986,-0.1581335,-0.6792683,0.6109443,0.3746136,
1,28,82.417,0.3935536,1.066965,-0.8347986,-0.1581335,-0.6792683,0.6109443,0.3746136,
1,28,82.419,0.402779,1.073903,-0.8398777,-0.1467272,-0.6924939,0.6090013,0.3578278,
1,28,82.421,0.402779,1.073903,-0.8398777,-0.1467272,-0.6924939,0.6090013,0.3578278,
1,28,82.423,0.402779,1.073903,-0.8398777,-0.1467272,-0.6924939,0.6090013,0.3578278,
1,28,82.425,0.402779,1.073903,-0.8398777,-0.1467272,-0.6924939,0.6090013,0.3578278,
1,28,82.427,0.4095864,1.078955,-0.8440794,-0.1336264,-0.7077522,0.6056771,0.3382101,
1,28,82.429,0.4095864,1.078955,-0.8440794,-0.1336264,-0.7077522,0.6056771,0.3382101,
1,28,82.431,0.4095864,1.078955,-0.8440794,-0.1336264,-0.7077522,0.6056771,0.3382101,
1,28,82.433,0.4095864,1.078955,-0.8440794,-0.1336264,-0.7077522,0.6056771,0.3382101,
1,28,82.435,0.4157084,1.083665,-0.8476038,-0.1191361,-0.7229992,0.6018479,0.3175811,
1,28,82.437,0.4157084,1.083665,-0.8476038,-0.1191361,-0.7229992,0.6018479,0.3175811,
1,28,82.439,0.4157084,1.083665,-0.8476038,-0.1191361,-0.7229992,0.6018479,0.3175811,
1,28,82.441,0.4157084,1.083665,-0.8476038,-0.1191361,-0.7229992,0.6018479,0.3175811,
1,28,82.443,0.4204434,1.087247,-0.85036,-0.1046953,-0.7377216,0.5968289,0.2976591,
1,28,82.445,0.4204434,1.087247,-0.85036,-0.1046953,-0.7377216,0.5968289,0.2976591,
1,28,82.447,0.4204434,1.087247,-0.85036,-0.1046953,-0.7377216,0.5968289,0.2976591,
1,28,82.449,0.4204434,1.087247,-0.85036,-0.1046953,-0.7377216,0.5968289,0.2976591,
1,28,82.451,0.4245234,1.090052,-0.8525324,-0.09061806,-0.7511803,0.5908824,0.2799547,
1,28,82.453,0.4245234,1.090052,-0.8525324,-0.09061806,-0.7511803,0.5908824,0.2799547,
1,28,82.455,0.4245234,1.090052,-0.8525324,-0.09061806,-0.7511803,0.5908824,0.2799547,
1,28,82.457,0.4245234,1.090052,-0.8525324,-0.09061806,-0.7511803,0.5908824,0.2799547,
1,28,82.459,0.4291218,1.093378,-0.8542267,-0.07619014,-0.7626779,0.5853217,0.2644165,
1,28,82.461,0.4291218,1.093378,-0.8542267,-0.07619014,-0.7626779,0.5853217,0.2644165,
1,28,82.463,0.4291218,1.093378,-0.8542267,-0.07619014,-0.7626779,0.5853217,0.2644165,
1,28,82.465,0.4291218,1.093378,-0.8542267,-0.07619014,-0.7626779,0.5853217,0.2644165,
1,28,82.467,0.4291218,1.093378,-0.8542267,-0.07619014,-0.7626779,0.5853217,0.2644165,
1,28,82.469,0.4342322,1.097081,-0.8555486,-0.06192031,-0.7720896,0.5801079,0.252029,
1,28,82.471,0.4342322,1.097081,-0.8555486,-0.06192031,-0.7720896,0.5801079,0.252029,
1,28,82.473,0.4342322,1.097081,-0.8555486,-0.06192031,-0.7720896,0.5801079,0.252029,
1,28,82.475,0.4342322,1.097081,-0.8555486,-0.06192031,-0.7720896,0.5801079,0.252029,
1,28,82.477,0.4392994,1.101376,-0.8562871,-0.04806239,-0.7795277,0.5755212,0.242491,
1,28,82.479,0.4392994,1.101376,-0.8562871,-0.04806239,-0.7795277,0.5755212,0.242491,
1,28,82.481,0.4392994,1.101376,-0.8562871,-0.04806239,-0.7795277,0.5755212,0.242491,
1,28,82.483,0.4392994,1.101376,-0.8562871,-0.04806239,-0.7795277,0.5755212,0.242491,
1,28,82.485,0.443922,1.105605,-0.8563616,-0.03420547,-0.7855707,0.5714177,0.2349266,
1,28,82.487,0.443922,1.105605,-0.8563616,-0.03420547,-0.7855707,0.5714177,0.2349266,
1,28,82.489,0.443922,1.105605,-0.8563616,-0.03420547,-0.7855707,0.5714177,0.2349266,
1,28,82.491,0.443922,1.105605,-0.8563616,-0.03420547,-0.7855707,0.5714177,0.2349266,
1,28,82.493,0.4480564,1.109738,-0.8558908,-0.02010935,-0.7904378,0.5678715,0.2287482,
1,28,82.495,0.4480564,1.109738,-0.8558908,-0.02010935,-0.7904378,0.5678715,0.2287482,
1,28,82.497,0.4480564,1.109738,-0.8558908,-0.02010935,-0.7904378,0.5678715,0.2287482,
1,28,82.499,0.4480564,1.109738,-0.8558908,-0.02010935,-0.7904378,0.5678715,0.2287482,
1,28,82.501,0.4525894,1.114923,-0.8548936,-0.005161248,-0.7936537,0.5656185,0.2239705,
1,28,82.503,0.4525894,1.114923,-0.8548936,-0.005161248,-0.7936537,0.5656185,0.2239705,
1,28,82.505,0.4525894,1.114923,-0.8548936,-0.005161248,-0.7936537,0.5656185,0.2239705,
1,28,82.507,0.4525894,1.114923,-0.8548936,-0.005161248,-0.7936537,0.5656185,0.2239705,
1,28,82.509,0.4562586,1.119703,-0.8534194,0.01029425,-0.7959816,0.5639778,0.2196279,
1,28,82.511,0.4562586,1.119703,-0.8534194,0.01029425,-0.7959816,0.5639778,0.2196279,
1,28,82.513,0.4562586,1.119703,-0.8534194,0.01029425,-0.7959816,0.5639778,0.2196279,
1,28,82.515,0.4562586,1.119703,-0.8534194,0.01029425,-0.7959816,0.5639778,0.2196279,
1,28,82.517,0.4562586,1.119703,-0.8534194,0.01029425,-0.7959816,0.5639778,0.2196279,
1,28,82.519,0.457912,1.123381,-0.8516227,0.02683039,-0.7984824,0.5620766,0.2139531,
1,28,82.521,0.457912,1.123381,-0.8516227,0.02683039,-0.7984824,0.5620766,0.2139531,
1,28,82.523,0.457912,1.123381,-0.8516227,0.02683039,-0.7984824,0.5620766,0.2139531,
1,28,82.525,0.457912,1.123381,-0.8516227,0.02683039,-0.7984824,0.5620766,0.2139531,
1,28,82.527,0.4586971,1.126323,-0.8495551,0.0452387,-0.8005989,0.5603406,0.2073966,
1,28,82.529,0.4586971,1.126323,-0.8495551,0.0452387,-0.8005989,0.5603406,0.2073966,
1,28,82.531,0.4586971,1.126323,-0.8495551,0.0452387,-0.8005989,0.5603406,0.2073966,
1,28,82.533,0.4586971,1.126323,-0.8495551,0.0452387,-0.8005989,0.5603406,0.2073966,
1,28,82.535,0.4594904,1.129956,-0.8470546,0.06515364,-0.8015464,0.5594646,0.2006935,
1,28,82.537,0.4594904,1.129956,-0.8470546,0.06515364,-0.8015464,0.5594646,0.2006935,
1,28,82.539,0.4594904,1.129956,-0.8470546,0.06515364,-0.8015464,0.5594646,0.2006935,
1,28,82.541,0.4594904,1.129956,-0.8470546,0.06515364,-0.8015464,0.5594646,0.2006935,
1,28,82.543,0.4597433,1.134021,-0.8440833,0.08790393,-0.8016871,0.5591666,0.1921028,
1,28,82.545,0.4597433,1.134021,-0.8440833,0.08790393,-0.8016871,0.5591666,0.1921028,
1,28,82.547,0.4597433,1.134021,-0.8440833,0.08790393,-0.8016871,0.5591666,0.1921028,
1,28,82.549,0.4597433,1.134021,-0.8440833,0.08790393,-0.8016871,0.5591666,0.1921028,
1,28,82.551,0.4596407,1.138368,-0.8406561,0.1132512,-0.8009241,0.5590284,0.1821598,
1,28,82.553,0.4596407,1.138368,-0.8406561,0.1132512,-0.8009241,0.5590284,0.1821598,
1,28,82.555,0.4596407,1.138368,-0.8406561,0.1132512,-0.8009241,0.5590284,0.1821598,
1,28,82.557,0.4596407,1.138368,-0.8406561,0.1132512,-0.8009241,0.5590284,0.1821598,
1,28,82.559,0.4565327,1.140546,-0.8367598,0.1360272,-0.8008391,0.5571457,0.1724587,
1,28,82.561,0.4565327,1.140546,-0.8367598,0.1360272,-0.8008391,0.5571457,0.1724587,
1,28,82.563,0.4565327,1.140546,-0.8367598,0.1360272,-0.8008391,0.5571457,0.1724587,
1,28,82.565,0.4565327,1.140546,-0.8367598,0.1360272,-0.8008391,0.5571457,0.1724587,
1,28,82.567,0.4565327,1.140546,-0.8367598,0.1360272,-0.8008391,0.5571457,0.1724587,
1,28,82.569,0.4571673,1.147319,-0.8328324,0.1705441,-0.7967358,0.5574427,0.1593256,
1,28,82.571,0.4571673,1.147319,-0.8328324,0.1705441,-0.7967358,0.5574427,0.1593256,
1,28,82.573,0.4571673,1.147319,-0.8328324,0.1705441,-0.7967358,0.5574427,0.1593256,
1,28,82.575,0.4571673,1.147319,-0.8328324,0.1705441,-0.7967358,0.5574427,0.1593256,
1,28,82.577,0.4555238,1.151297,-0.8287393,0.2024199,-0.7930338,0.5551898,0.1479455,
1,28,82.579,0.4555238,1.151297,-0.8287393,0.2024199,-0.7930338,0.5551898,0.1479455,
1,28,82.581,0.4555238,1.151297,-0.8287393,0.2024199,-0.7930338,0.5551898,0.1479455,
1,28,82.583,0.4555238,1.151297,-0.8287393,0.2024199,-0.7930338,0.5551898,0.1479455,
1,28,82.585,0.4541327,1.15588,-0.8247062,0.2362031,-0.7877184,0.5521586,0.1372174,
1,28,82.587,0.4541327,1.15588,-0.8247062,0.2362031,-0.7877184,0.5521586,0.1372174,
1,28,82.589,0.4541327,1.15588,-0.8247062,0.2362031,-0.7877184,0.5521586,0.1372174,
1,28,82.591,0.4541327,1.15588,-0.8247062,0.2362031,-0.7877184,0.5521586,0.1372174,
1,28,82.593,0.4514376,1.161023,-0.8202804,0.271162,-0.7806516,0.5485462,0.127088,
1,28,82.595,0.4514376,1.161023,-0.8202804,0.271162,-0.7806516,0.5485462,0.127088,
1,28,82.597,0.4514376,1.161023,-0.8202804,0.271162,-0.7806516,0.5485462,0.127088,
1,28,82.599,0.4514376,1.161023,-0.8202804,0.271162,-0.7806516,0.5485462,0.127088,
1,28,82.601,0.448514,1.16625,-0.8158796,0.3069574,-0.7719709,0.5438365,0.1186592,
1,28,82.603,0.448514,1.16625,-0.8158796,0.3069574,-0.7719709,0.5438365,0.1186592,
1,28,82.605,0.448514,1.16625,-0.8158796,0.3069574,-0.7719709,0.5438365,0.1186592,
1,28,82.607,0.448514,1.16625,-0.8158796,0.3069574,-0.7719709,0.5438365,0.1186592,
1,28,82.609,0.4451052,1.171568,-0.8114015,0.3441215,-0.7615194,0.5377207,0.1119157,
1,28,82.611,0.4451052,1.171568,-0.8114015,0.3441215,-0.7615194,0.5377207,0.1119157,
1,28,82.613,0.4451052,1.171568,-0.8114015,0.3441215,-0.7615194,0.5377207,0.1119157,
1,28,82.615,0.4451052,1.171568,-0.8114015,0.3441215,-0.7615194,0.5377207,0.1119157,
1,28,82.617,0.4451052,1.171568,-0.8114015,0.3441215,-0.7615194,0.5377207,0.1119157,
1,28,82.619,0.4413186,1.17673,-0.8072064,0.3817604,-0.7498405,0.5297642,0.1065277,
1,28,82.621,0.4413186,1.17673,-0.8072064,0.3817604,-0.7498405,0.5297642,0.1065277,
1,28,82.623,0.4413186,1.17673,-0.8072064,0.3817604,-0.7498405,0.5297642,0.1065277,
1,28,82.625,0.4413186,1.17673,-0.8072064,0.3817604,-0.7498405,0.5297642,0.1065277,
1,28,82.627,0.4370805,1.182248,-0.8028609,0.4201899,-0.7365026,0.5202035,0.101945,
1,28,82.629,0.4370805,1.182248,-0.8028609,0.4201899,-0.7365026,0.5202035,0.101945,
1,28,82.631,0.4370805,1.182248,-0.8028609,0.4201899,-0.7365026,0.5202035,0.101945,
1,28,82.633,0.4370805,1.182248,-0.8028609,0.4201899,-0.7365026,0.5202035,0.101945,
1,28,82.635,0.4319511,1.188052,-0.7982952,0.4578292,-0.7216282,0.5096238,0.09964274,
1,28,82.637,0.4319511,1.188052,-0.7982952,0.4578292,-0.7216282,0.5096238,0.09964274,
1,28,82.639,0.4319511,1.188052,-0.7982952,0.4578292,-0.7216282,0.5096238,0.09964274,
1,28,82.641,0.4319511,1.188052,-0.7982952,0.4578292,-0.7216282,0.5096238,0.09964274,
1,28,82.643,0.4268042,1.193635,-0.7943007,0.4951255,-0.7055396,0.4970888,0.09983717,
1,28,82.645,0.4268042,1.193635,-0.7943007,0.4951255,-0.7055396,0.4970888,0.09983717,
1,28,82.647,0.4268042,1.193635,-0.7943007,0.4951255,-0.7055396,0.4970888,0.09983717,
1,28,82.649,0.4268042,1.193635,-0.7943007,0.4951255,-0.7055396,0.4970888,0.09983717,
1,28,82.651,0.4218489,1.19753,-0.7915112,0.5308784,-0.6890359,0.4823877,0.1034406,
1,28,82.653,0.4218489,1.19753,-0.7915112,0.5308784,-0.6890359,0.4823877,0.1034406,
1,28,82.655,0.4218489,1.19753,-0.7915112,0.5308784,-0.6890359,0.4823877,0.1034406,
1,28,82.657,0.4218489,1.19753,-0.7915112,0.5308784,-0.6890359,0.4823877,0.1034406,
1,28,82.659,0.4160094,1.201607,-0.7886461,0.5644764,-0.6716067,0.4673242,0.1091743,
1,28,82.661,0.4160094,1.201607,-0.7886461,0.5644764,-0.6716067,0.4673242,0.1091743,
1,28,82.663,0.4160094,1.201607,-0.7886461,0.5644764,-0.6716067,0.4673242,0.1091743,
1,28,82.665,0.4160094,1.201607,-0.7886461,0.5644764,-0.6716067,0.4673242,0.1091743,
1,28,82.667,0.4160094,1.201607,-0.7886461,0.5644764,-0.6716067,0.4673242,0.1091743,
1,28,82.669,0.4092759,1.205464,-0.784457,0.5933533,-0.6532094,0.4550346,0.1191334,
1,28,82.671,0.4092759,1.205464,-0.784457,0.5933533,-0.6532094,0.4550346,0.1191334,
1,28,82.673,0.4092759,1.205464,-0.784457,0.5933533,-0.6532094,0.4550346,0.1191334,
1,28,82.675,0.4092759,1.205464,-0.784457,0.5933533,-0.6532094,0.4550346,0.1191334,
1,28,82.677,0.4020396,1.208584,-0.7806097,0.6175876,-0.6343094,0.4453683,0.1337317,
1,28,82.679,0.4020396,1.208584,-0.7806097,0.6175876,-0.6343094,0.4453683,0.1337317,
1,28,82.681,0.4020396,1.208584,-0.7806097,0.6175876,-0.6343094,0.4453683,0.1337317,
1,28,82.683,0.4020396,1.208584,-0.7806097,0.6175876,-0.6343094,0.4453683,0.1337317,
1,28,82.685,0.3945094,1.210438,-0.7760161,0.6377518,-0.6154615,0.4378485,0.1508928,
1,28,82.687,0.3945094,1.210438,-0.7760161,0.6377518,-0.6154615,0.4378485,0.1508928,
1,28,82.689,0.3945094,1.210438,-0.7760161,0.6377518,-0.6154615,0.4378485,0.1508928,
1,28,82.691,0.3945094,1.210438,-0.7760161,0.6377518,-0.6154615,0.4378485,0.1508928,
1,28,82.693,0.3870181,1.21162,-0.7710911,0.655431,-0.596936,0.4308515,0.1686555,
1,28,82.695,0.3870181,1.21162,-0.7710911,0.655431,-0.596936,0.4308515,0.1686555,
1,28,82.697,0.3870181,1.21162,-0.7710911,0.655431,-0.596936,0.4308515,0.1686555,
1,28,82.699,0.3870181,1.21162,-0.7710911,0.655431,-0.596936,0.4308515,0.1686555,
1,28,82.701,0.3797245,1.211593,-0.7659751,0.6708586,-0.5788752,0.4239309,0.1874432,
1,28,82.703,0.3797245,1.211593,-0.7659751,0.6708586,-0.5788752,0.4239309,0.1874432,
1,28,82.705,0.3797245,1.211593,-0.7659751,0.6708586,-0.5788752,0.4239309,0.1874432,
1,28,82.707,0.3797245,1.211593,-0.7659751,0.6708586,-0.5788752,0.4239309,0.1874432,
1,28,82.709,0.3727763,1.211028,-0.7609428,0.6842793,-0.5616381,0.4168934,0.2062147,
1,28,82.711,0.3727763,1.211028,-0.7609428,0.6842793,-0.5616381,0.4168934,0.2062147,
1,28,82.713,0.3727763,1.211028,-0.7609428,0.6842793,-0.5616381,0.4168934,0.2062147,
1,28,82.715,0.3727763,1.211028,-0.7609428,0.6842793,-0.5616381,0.4168934,0.2062147,
1,28,82.717,0.3727763,1.211028,-0.7609428,0.6842793,-0.5616381,0.4168934,0.2062147,
1,28,82.719,0.3662229,1.209396,-0.7546974,0.6958256,-0.5460668,0.4091635,0.2241049,
1,28,82.721,0.3662229,1.209396,-0.7546974,0.6958256,-0.5460668,0.4091635,0.2241049,
1,28,82.723,0.3662229,1.209396,-0.7546974,0.6958256,-0.5460668,0.4091635,0.2241049,
1,28,82.725,0.3662229,1.209396,-0.7546974,0.6958256,-0.5460668,0.4091635,0.2241049,
1,28,82.727,0.3601459,1.207262,-0.7478454,0.7057933,-0.5322383,0.400766,0.2407591,
1,28,82.729,0.3601459,1.207262,-0.7478454,0.7057933,-0.5322383,0.400766,0.2407591,
1,28,82.731,0.3601459,1.207262,-0.7478454,0.7057933,-0.5322383,0.400766,0.2407591,
1,28,82.733,0.3601459,1.207262,-0.7478454,0.7057933,-0.5322383,0.400766,0.2407591,
1,28,82.735,0.3545625,1.205097,-0.7399611,0.7137972,-0.5198181,0.3929822,0.2566084,
1,28,82.737,0.3545625,1.205097,-0.7399611,0.7137972,-0.5198181,0.3929822,0.2566084,
1,28,82.739,0.3545625,1.205097,-0.7399611,0.7137972,-0.5198181,0.3929822,0.2566084,
1,28,82.741,0.3545625,1.205097,-0.7399611,0.7137972,-0.5198181,0.3929822,0.2566084,
1,28,82.743,0.3497967,1.202203,-0.7314419,0.7193491,-0.5092021,0.3860711,0.2723951,
1,28,82.745,0.3497967,1.202203,-0.7314419,0.7193491,-0.5092021,0.3860711,0.2723951,
1,28,82.747,0.3497967,1.202203,-0.7314419,0.7193491,-0.5092021,0.3860711,0.2723951,
1,28,82.749,0.3497967,1.202203,-0.7314419,0.7193491,-0.5092021,0.3860711,0.2723951,
1,28,82.751,0.3458597,1.198336,-0.7228352,0.7223734,-0.4996408,0.3806105,0.2892602,
1,28,82.753,0.3458597,1.198336,-0.7228352,0.7223734,-0.4996408,0.3806105,0.2892602,
1,28,82.755,0.3458597,1.198336,-0.7228352,0.7223734,-0.4996408,0.3806105,0.2892602,
1,28,82.757,0.3458597,1.198336,-0.7228352,0.7223734,-0.4996408,0.3806105,0.2892602,
1,28,82.759,0.3429891,1.194161,-0.7134454,0.7223501,-0.4906041,0.3784249,0.3071036,
1,28,82.761,0.3429891,1.194161,-0.7134454,0.7223501,-0.4906041,0.3784249,0.3071036,
1,28,82.763,0.3429891,1.194161,-0.7134454,0.7223501,-0.4906041,0.3784249,0.3071036,
1,28,82.765,0.3429891,1.194161,-0.7134454,0.7223501,-0.4906041,0.3784249,0.3071036,
1,28,82.767,0.3429891,1.194161,-0.7134454,0.7223501,-0.4906041,0.3784249,0.3071036,
1,28,82.769,0.3409811,1.189748,-0.7038785,0.7200741,-0.4816391,0.3784677,0.3260053,
1,28,82.771,0.3409811,1.189748,-0.7038785,0.7200741,-0.4816391,0.3784677,0.3260053,
1,28,82.773,0.3409811,1.189748,-0.7038785,0.7200741,-0.4816391,0.3784677,0.3260053,
1,28,82.775,0.3409811,1.189748,-0.7038785,0.7200741,-0.4816391,0.3784677,0.3260053,
1,28,82.777,0.3394433,1.185261,-0.6935752,0.7160825,-0.4719368,0.3804281,0.3460867,
1,28,82.779,0.3394433,1.185261,-0.6935752,0.7160825,-0.4719368,0.3804281,0.3460867,
1,28,82.781,0.3394433,1.185261,-0.6935752,0.7160825,-0.4719368,0.3804281,0.3460867,
1,28,82.783,0.3394433,1.185261,-0.6935752,0.7160825,-0.4719368,0.3804281,0.3460867,
1,28,82.785,0.3389681,1.180269,-0.6828171,0.7095421,-0.4631501,0.3850579,0.3657492,
1,28,82.787,0.3389681,1.180269,-0.6828171,0.7095421,-0.4631501,0.3850579,0.3657492,
1,28,82.789,0.3389681,1.180269,-0.6828171,0.7095421,-0.4631501,0.3850579,0.3657492,
1,28,82.791,0.3389681,1.180269,-0.6828171,0.7095421,-0.4631501,0.3850579,0.3657492,
1,28,82.793,0.3390827,1.174709,-0.6722082,0.7016187,-0.4542812,0.390696,0.3856377,
1,28,82.795,0.3390827,1.174709,-0.6722082,0.7016187,-0.4542812,0.390696,0.3856377,
1,28,82.797,0.3390827,1.174709,-0.6722082,0.7016187,-0.4542812,0.390696,0.3856377,
1,28,82.799,0.3390827,1.174709,-0.6722082,0.7016187,-0.4542812,0.390696,0.3856377,
1,28,82.801,0.3396485,1.168951,-0.6614019,0.693042,-0.4451088,0.396497,0.4054146,
1,28,82.803,0.3396485,1.168951,-0.6614019,0.693042,-0.4451088,0.396497,0.4054146,
1,28,82.805,0.3396485,1.168951,-0.6614019,0.693042,-0.4451088,0.396497,0.4054146,
1,28,82.807,0.3396485,1.168951,-0.6614019,0.693042,-0.4451088,0.396497,0.4054146,
1,28,82.809,0.3407714,1.163071,-0.6500954,0.683737,-0.4361671,0.4024037,0.4246565,
1,28,82.811,0.3407714,1.163071,-0.6500954,0.683737,-0.4361671,0.4024037,0.4246565,
1,28,82.813,0.3407714,1.163071,-0.6500954,0.683737,-0.4361671,0.4024037,0.4246565,
1,28,82.815,0.3407714,1.163071,-0.6500954,0.683737,-0.4361671,0.4024037,0.4246565,
1,28,82.817,0.3407714,1.163071,-0.6500954,0.683737,-0.4361671,0.4024037,0.4246565,
1,28,82.819,0.3422835,1.157265,-0.6392764,0.6747621,-0.4277843,0.4072638,0.4425303,
1,28,82.821,0.3422835,1.157265,-0.6392764,0.6747621,-0.4277843,0.4072638,0.4425303,
1,28,82.823,0.3422835,1.157265,-0.6392764,0.6747621,-0.4277843,0.4072638,0.4425303,
1,28,82.825,0.3422835,1.157265,-0.6392764,0.6747621,-0.4277843,0.4072638,0.4425303,
1,28,82.827,0.3441812,1.151665,-0.6277331,0.6655177,-0.4191082,0.4124978,0.4596522,
1,28,82.829,0.3441812,1.151665,-0.6277331,0.6655177,-0.4191082,0.4124978,0.4596522,
1,28,82.831,0.3441812,1.151665,-0.6277331,0.6655177,-0.4191082,0.4124978,0.4596522,
1,28,82.833,0.3441812,1.151665,-0.6277331,0.6655177,-0.4191082,0.4124978,0.4596522,
1,28,82.835,0.3464678,1.146211,-0.616374,0.656643,-0.4109568,0.41681,0.4756091,
1,28,82.837,0.3464678,1.146211,-0.616374,0.656643,-0.4109568,0.41681,0.4756091,
1,28,82.839,0.3464678,1.146211,-0.616374,0.656643,-0.4109568,0.41681,0.4756091,
1,28,82.841,0.3464678,1.146211,-0.616374,0.656643,-0.4109568,0.41681,0.4756091,
1,28,82.843,0.3491762,1.140839,-0.6049987,0.6478117,-0.402725,0.4208421,0.4909629,
1,28,82.845,0.3491762,1.140839,-0.6049987,0.6478117,-0.402725,0.4208421,0.4909629,
1,28,82.847,0.3491762,1.140839,-0.6049987,0.6478117,-0.402725,0.4208421,0.4909629,
1,28,82.849,0.3491762,1.140839,-0.6049987,0.6478117,-0.402725,0.4208421,0.4909629,
1,28,82.851,0.35199,1.136165,-0.5940642,0.639521,-0.3944146,0.4245512,0.5051795,
1,28,82.853,0.35199,1.136165,-0.5940642,0.639521,-0.3944146,0.4245512,0.5051795,
1,28,82.855,0.35199,1.136165,-0.5940642,0.639521,-0.3944146,0.4245512,0.5051795,
1,28,82.857,0.35199,1.136165,-0.5940642,0.639521,-0.3944146,0.4245512,0.5051795,
1,28,82.859,0.3551688,1.13191,-0.5830681,0.630913,-0.3854415,0.4289549,0.5190197,
1,28,82.861,0.3551688,1.13191,-0.5830681,0.630913,-0.3854415,0.4289549,0.5190197,
1,28,82.863,0.3551688,1.13191,-0.5830681,0.630913,-0.3854415,0.4289549,0.5190197,
1,28,82.865,0.3551688,1.13191,-0.5830681,0.630913,-0.3854415,0.4289549,0.5190197,
1,28,82.867,0.3551688,1.13191,-0.5830681,0.630913,-0.3854415,0.4289549,0.5190197,
1,28,82.869,0.3586051,1.127444,-0.5723918,0.6223781,-0.3766577,0.4329421,0.5322928,
1,28,82.871,0.3586051,1.127444,-0.5723918,0.6223781,-0.3766577,0.4329421,0.5322928,
1,28,82.873,0.3586051,1.127444,-0.5723918,0.6223781,-0.3766577,0.4329421,0.5322928,
1,28,82.875,0.3586051,1.127444,-0.5723918,0.6223781,-0.3766577,0.4329421,0.5322928,
1,28,82.877,0.3624246,1.122883,-0.5614378,0.6139391,-0.3686892,0.4365452,0.5445873,
1,28,82.879,0.3624246,1.122883,-0.5614378,0.6139391,-0.3686892,0.4365452,0.5445873,
1,28,82.881,0.3624246,1.122883,-0.5614378,0.6139391,-0.3686892,0.4365452,0.5445873,
1,28,82.883,0.3624246,1.122883,-0.5614378,0.6139391,-0.3686892,0.4365452,0.5445873,
1,28,82.885,0.3663163,1.118681,-0.5506495,0.6057093,-0.3611605,0.4399075,0.5560223,
1,28,82.887,0.3663163,1.118681,-0.5506495,0.6057093,-0.3611605,0.4399075,0.5560223,
1,28,82.889,0.3663163,1.118681,-0.5506495,0.6057093,-0.3611605,0.4399075,0.5560223,
1,28,82.891,0.3663163,1.118681,-0.5506495,0.6057093,-0.3611605,0.4399075,0.5560223,
1,28,82.893,0.3701349,1.115565,-0.5401092,0.5985278,-0.3542208,0.4427323,0.5659332,
1,28,82.895,0.3701349,1.115565,-0.5401092,0.5985278,-0.3542208,0.4427323,0.5659332,
1,28,82.897,0.3701349,1.115565,-0.5401092,0.5985278,-0.3542208,0.4427323,0.5659332,
1,28,82.899,0.3701349,1.115565,-0.5401092,0.5985278,-0.3542208,0.4427323,0.5659332,
1,28,82.901,0.3739409,1.113017,-0.530072,0.5924549,-0.3483912,0.4443553,0.5746034,
1,28,82.903,0.3739409,1.113017,-0.530072,0.5924549,-0.3483912,0.4443553,0.5746034,
1,28,82.905,0.3739409,1.113017,-0.530072,0.5924549,-0.3483912,0.4443553,0.5746034,
1,28,82.907,0.3739409,1.113017,-0.530072,0.5924549,-0.3483912,0.4443553,0.5746034,
1,28,82.909,0.3777468,1.110416,-0.5201035,0.5866758,-0.3436036,0.4451343,0.5827553,
1,28,82.911,0.3777468,1.110416,-0.5201035,0.5866758,-0.3436036,0.4451343,0.5827553,
1,28,82.913,0.3777468,1.110416,-0.5201035,0.5866758,-0.3436036,0.4451343,0.5827553,
1,28,82.915,0.3777468,1.110416,-0.5201035,0.5866758,-0.3436036,0.4451343,0.5827553,
1,28,82.917,0.3777468,1.110416,-0.5201035,0.5866758,-0.3436036,0.4451343,0.5827553,
1,28,82.919,0.3810706,1.107545,-0.5120681,0.5810822,-0.3376662,0.4451924,0.5917168,
1,28,82.921,0.3810706,1.107545,-0.5120681,0.5810822,-0.3376662,0.4451924,0.5917168,
1,28,82.923,0.3810706,1.107545,-0.5120681,0.5810822,-0.3376662,0.4451924,0.5917168,
1,28,82.925,0.3810706,1.107545,-0.5120681,0.5810822,-0.3376662,0.4451924,0.5917168,
1,28,82.927,0.3854738,1.106271,-0.5015036,0.5761048,-0.3352055,0.4459518,0.5973839,
1,28,82.929,0.3854738,1.106271,-0.5015036,0.5761048,-0.3352055,0.4459518,0.5973839,
1,28,82.931,0.3854738,1.106271,-0.5015036,0.5761048,-0.3352055,0.4459518,0.5973839,
1,28,82.933,0.3854738,1.106271,-0.5015036,0.5761048,-0.3352055,0.4459518,0.5973839,
1,28,82.935,0.3893894,1.104801,-0.4926506,0.5707836,-0.3308007,0.4465819,0.604435,
1,28,82.937,0.3893894,1.104801,-0.4926506,0.5707836,-0.3308007,0.4465819,0.604435,
1,28,82.939,0.3893894,1.104801,-0.4926506,0.5707836,-0.3308007,0.4465819,0.604435,
1,28,82.941,0.3893894,1.104801,-0.4926506,0.5707836,-0.3308007,0.4465819,0.604435,
1,28,82.943,0.3932073,1.103285,-0.4844514,0.5647899,-0.3253206,0.4475669,0.6122604,
1,28,82.945,0.3932073,1.103285,-0.4844514,0.5647899,-0.3253206,0.4475669,0.6122604,
1,28,82.947,0.3932073,1.103285,-0.4844514,0.5647899,-0.3253206,0.4475669,0.6122604,
1,28,82.949,0.3932073,1.103285,-0.4844514,0.5647899,-0.3253206,0.4475669,0.6122604,
1,28,82.951,0.3970846,1.101814,-0.4767863,0.5582103,-0.3191445,0.4489892,0.6204488,
1,28,82.953,0.3970846,1.101814,-0.4767863,0.5582103,-0.3191445,0.4489892,0.6204488,
1,28,82.955,0.3970846,1.101814,-0.4767863,0.5582103,-0.3191445,0.4489892,0.6204488,
1,28,82.957,0.3970846,1.101814,-0.4767863,0.5582103,-0.3191445,0.4489892,0.6204488,
1,28,82.959,0.4008242,1.099791,-0.469129,0.5511509,-0.3127503,0.4501808,0.6290924,
1,28,82.961,0.4008242,1.099791,-0.469129,0.5511509,-0.3127503,0.4501808,0.6290924,
1,28,82.963,0.4008242,1.099791,-0.469129,0.5511509,-0.3127503,0.4501808,0.6290924,
1,28,82.965,0.4008242,1.099791,-0.469129,0.5511509,-0.3127503,0.4501808,0.6290924,
1,28,82.967,0.4008242,1.099791,-0.469129,0.5511509,-0.3127503,0.4501808,0.6290924,
1,28,82.969,0.4045356,1.098254,-0.4619743,0.5439333,-0.3054761,0.4517396,0.6377713,
1,28,82.971,0.4045356,1.098254,-0.4619743,0.5439333,-0.3054761,0.4517396,0.6377713,
1,28,82.973,0.4045356,1.098254,-0.4619743,0.5439333,-0.3054761,0.4517396,0.6377713,
1,28,82.975,0.4045356,1.098254,-0.4619743,0.5439333,-0.3054761,0.4517396,0.6377713,
1,28,82.977,0.4080605,1.097111,-0.4547905,0.5366322,-0.2977287,0.4536172,0.6462313,
1,28,82.979,0.4080605,1.097111,-0.4547905,0.5366322,-0.2977287,0.4536172,0.6462313,
1,28,82.981,0.4080605,1.097111,-0.4547905,0.5366322,-0.2977287,0.4536172,0.6462313,
1,28,82.983,0.4080605,1.097111,-0.4547905,0.5366322,-0.2977287,0.4536172,0.6462313,
1,28,82.985,0.4113704,1.095831,-0.4478133,0.5295857,-0.290601,0.4547535,0.6544383,
1,28,82.987,0.4113704,1.095831,-0.4478133,0.5295857,-0.290601,0.4547535,0.6544383,
1,28,82.989,0.4113704,1.095831,-0.4478133,0.5295857,-0.290601,0.4547535,0.6544383,
1,28,82.991,0.4113704,1.095831,-0.4478133,0.5295857,-0.290601,0.4547535,0.6544383,
1,28,82.993,0.4144257,1.094477,-0.4408021,0.5234107,-0.2846937,0.4548421,0.6618984,
1,28,82.995,0.4144257,1.094477,-0.4408021,0.5234107,-0.2846937,0.4548421,0.6618984,
1,28,82.997,0.4144257,1.094477,-0.4408021,0.5234107,-0.2846937,0.4548421,0.6618984,
1,28,82.999,0.4144257,1.094477,-0.4408021,0.5234107,-0.2846937,0.4548421,0.6618984,
1,28,83.001,0.4171132,1.093269,-0.4341105,0.5182442,-0.2795076,0.4539587,0.668745,
1,28,83.003,0.4171132,1.093269,-0.4341105,0.5182442,-0.2795076,0.4539587,0.668745,
1,28,83.005,0.4171132,1.093269,-0.4341105,0.5182442,-0.2795076,0.4539587,0.668745,
1,28,83.007,0.4171132,1.093269,-0.4341105,0.5182442,-0.2795076,0.4539587,0.668745,
1,28,83.009,0.4194498,1.091513,-0.4277967,0.5137752,-0.2752174,0.4517766,0.6754172,
1,28,83.011,0.4194498,1.091513,-0.4277967,0.5137752,-0.2752174,0.4517766,0.6754172,
1,28,83.013,0.4194498,1.091513,-0.4277967,0.5137752,-0.2752174,0.4517766,0.6754172,
1,28,83.015,0.4194498,1.091513,-0.4277967,0.5137752,-0.2752174,0.4517766,0.6754172,
1,28,83.017,0.4194498,1.091513,-0.4277967,0.5137752,-0.2752174,0.4517766,0.6754172,
1,28,83.019,0.4213296,1.08945,-0.4215726,0.5096974,-0.2713199,0.4489988,0.6819049,
1,28,83.021,0.4213296,1.08945,-0.4215726,0.5096974,-0.2713199,0.4489988,0.6819049,
1,28,83.023,0.4213296,1.08945,-0.4215726,0.5096974,-0.2713199,0.4489988,0.6819049,
1,28,83.025,0.4213296,1.08945,-0.4215726,0.5096974,-0.2713199,0.4489988,0.6819049,
1,28,83.027,0.42279,1.086714,-0.4154802,0.5055444,-0.2671014,0.445788,0.6887342,
1,28,83.029,0.42279,1.086714,-0.4154802,0.5055444,-0.2671014,0.445788,0.6887342,
1,28,83.031,0.42279,1.086714,-0.4154802,0.5055444,-0.2671014,0.445788,0.6887342,
1,28,83.033,0.42279,1.086714,-0.4154802,0.5055444,-0.2671014,0.445788,0.6887342,
1,28,83.035,0.4238726,1.083028,-0.4097035,0.5010035,-0.2621273,0.4423893,0.6961153,
1,28,83.037,0.4238726,1.083028,-0.4097035,0.5010035,-0.2621273,0.4423893,0.6961153,
1,28,83.039,0.4238726,1.083028,-0.4097035,0.5010035,-0.2621273,0.4423893,0.6961153,
1,28,83.041,0.4238726,1.083028,-0.4097035,0.5010035,-0.2621273,0.4423893,0.6961153,
1,28,83.043,0.4244187,1.07937,-0.404645,0.4961869,-0.2551354,0.4394387,0.7039874,
1,28,83.045,0.4244187,1.07937,-0.404645,0.4961869,-0.2551354,0.4394387,0.7039874,
1,28,83.047,0.4244187,1.07937,-0.404645,0.4961869,-0.2551354,0.4394387,0.7039874,
1,28,83.049,0.4244187,1.07937,-0.404645,0.4961869,-0.2551354,0.4394387,0.7039874,
1,28,83.051,0.4249614,1.076141,-0.3995804,0.490887,-0.2460143,0.437685,0.7119963,
1,28,83.053,0.4249614,1.076141,-0.3995804,0.490887,-0.2460143,0.437685,0.7119963,
1,28,83.055,0.4249614,1.076141,-0.3995804,0.490887,-0.2460143,0.437685,0.7119963,
1,28,83.057,0.4249614,1.076141,-0.3995804,0.490887,-0.2460143,0.437685,0.7119963,
1,28,83.059,0.425377,1.073125,-0.3947935,0.4854515,-0.2353342,0.4365879,0.7199622,
1,28,83.061,0.425377,1.073125,-0.3947935,0.4854515,-0.2353342,0.4365879,0.7199622,
1,28,83.063,0.425377,1.073125,-0.3947935,0.4854515,-0.2353342,0.4365879,0.7199622,
1,28,83.065,0.425377,1.073125,-0.3947935,0.4854515,-0.2353342,0.4365879,0.7199622,
1,28,83.067,0.425377,1.073125,-0.3947935,0.4854515,-0.2353342,0.4365879,0.7199622,
1,28,83.069,0.4256784,1.07166,-0.3907127,0.4808872,-0.223003,0.4364197,0.727018,
1,28,83.071,0.4256784,1.07166,-0.3907127,0.4808872,-0.223003,0.4364197,0.727018,
1,28,83.073,0.4256784,1.07166,-0.3907127,0.4808872,-0.223003,0.4364197,0.727018,
1,28,83.075,0.4256784,1.07166,-0.3907127,0.4808872,-0.223003,0.4364197,0.727018,
1,28,83.077,0.4257708,1.070311,-0.3868912,0.4774959,-0.2112334,0.4353682,0.7333707,
1,28,83.079,0.4257708,1.070311,-0.3868912,0.4774959,-0.2112334,0.4353682,0.7333707,
1,28,83.081,0.4257708,1.070311,-0.3868912,0.4774959,-0.2112334,0.4353682,0.7333707,
1,28,83.083,0.4257708,1.070311,-0.3868912,0.4774959,-0.2112334,0.4353682,0.7333707,CourtEnter
1,28,83.085,0.4258168,1.070366,-0.3838681,0.4766341,-0.201391,0.4329547,0.7381139,
1,28,83.087,0.4258168,1.070366,-0.3838681,0.4766341,-0.201391,0.4329547,0.7381139,
1,28,83.089,0.4258168,1.070366,-0.3838681,0.4766341,-0.201391,0.4329547,0.7381139,
1,28,83.091,0.4258168,1.070366,-0.3838681,0.4766341,-0.201391,0.4329547,0.7381139,CourtExit
1,28,83.093,0.4260188,1.071111,-0.3811442,0.4781754,-0.1944172,0.4283853,0.7416444,
1,28,83.095,0.4260188,1.071111,-0.3811442,0.4781754,-0.1944172,0.4283853,0.7416444,
1,28,83.097,0.4260188,1.071111,-0.3811442,0.4781754,-0.1944172,0.4283853,0.7416444,
1,28,83.099,0.4260188,1.071111,-0.3811442,0.4781754,-0.1944172,0.4283853,0.7416444,
1,28,83.101,0.4264022,1.072079,-0.3787316,0.4819019,-0.191002,0.4215842,0.7440132,
1,28,83.103,0.4264022,1.072079,-0.3787316,0.4819019,-0.191002,0.4215842,0.7440132,
1,28,83.105,0.4264022,1.072079,-0.3787316,0.4819019,-0.191002,0.4215842,0.7440132,
1,28,83.107,0.4264022,1.072079,-0.3787316,0.4819019,-0.191002,0.4215842,0.7440132,
1,28,83.109,0.4268483,1.072715,-0.3765795,0.4863503,-0.1886435,0.413341,0.7463419,
1,28,83.111,0.4268483,1.072715,-0.3765795,0.4863503,-0.1886435,0.413341,0.7463419,
1,28,83.113,0.4268483,1.072715,-0.3765795,0.4863503,-0.1886435,0.413341,0.7463419,
1,28,83.115,0.4268483,1.072715,-0.3765795,0.4863503,-0.1886435,0.413341,0.7463419,
1,28,83.117,0.4268483,1.072715,-0.3765795,0.4863503,-0.1886435,0.413341,0.7463419,
1,28,83.119,0.4273219,1.073452,-0.3748079,0.4909028,-0.1861242,0.4047022,0.7487245,
1,28,83.121,0.4273219,1.073452,-0.3748079,0.4909028,-0.1861242,0.4047022,0.7487245,
1,28,83.123,0.4273219,1.073452,-0.3748079,0.4909028,-0.1861242,0.4047022,0.7487245,
1,28,83.125,0.4273219,1.073452,-0.3748079,0.4909028,-0.1861242,0.4047022,0.7487245,
1,28,83.127,0.4278755,1.074109,-0.3734357,0.4948878,-0.1824675,0.3962762,0.7515031,
1,28,83.129,0.4278755,1.074109,-0.3734357,0.4948878,-0.1824675,0.3962762,0.7515031,
1,28,83.131,0.4278755,1.074109,-0.3734357,0.4948878,-0.1824675,0.3962762,0.7515031,
1,28,83.133,0.4278755,1.074109,-0.3734357,0.4948878,-0.1824675,0.3962762,0.7515031,
1,28,83.135,0.428582,1.074944,-0.3725165,0.4979397,-0.1763957,0.388958,0.7547531,
1,28,83.137,0.428582,1.074944,-0.3725165,0.4979397,-0.1763957,0.388958,0.7547531,
1,28,83.139,0.428582,1.074944,-0.3725165,0.4979397,-0.1763957,0.388958,0.7547531,
1,28,83.141,0.428582,1.074944,-0.3725165,0.4979397,-0.1763957,0.388958,0.7547531,
1,28,83.143,0.4298632,1.075517,-0.3712769,0.4993978,-0.1677571,0.3834091,0.7585887,
1,28,83.145,0.4298632,1.075517,-0.3712769,0.4993978,-0.1677571,0.3834091,0.7585887,
1,28,83.147,0.4298632,1.075517,-0.3712769,0.4993978,-0.1677571,0.3834091,0.7585887,
1,28,83.149,0.4298632,1.075517,-0.3712769,0.4993978,-0.1677571,0.3834091,0.7585887,
1,28,83.151,0.4310713,1.075835,-0.370481,0.5000569,-0.1570087,0.3786674,0.7628253,
1,28,83.153,0.4310713,1.075835,-0.370481,0.5000569,-0.1570087,0.3786674,0.7628253,
1,28,83.155,0.4310713,1.075835,-0.370481,0.5000569,-0.1570087,0.3786674,0.7628253,
1,28,83.157,0.4310713,1.075835,-0.370481,0.5000569,-0.1570087,0.3786674,0.7628253,
1,28,83.159,0.4322263,1.076107,-0.3701027,0.5009087,-0.1459981,0.3735065,0.7669864,
1,28,83.161,0.4322263,1.076107,-0.3701027,0.5009087,-0.1459981,0.3735065,0.7669864,
1,28,83.163,0.4322263,1.076107,-0.3701027,0.5009087,-0.1459981,0.3735065,0.7669864,
1,28,83.165,0.4322263,1.076107,-0.3701027,0.5009087,-0.1459981,0.3735065,0.7669864,
1,28,83.167,0.4322263,1.076107,-0.3701027,0.5009087,-0.1459981,0.3735065,0.7669864,
1,28,83.169,0.4336288,1.076375,-0.369777,0.5022023,-0.1355753,0.3678764,0.7707654,
1,28,83.171,0.4336288,1.076375,-0.369777,0.5022023,-0.1355753,0.3678764,0.7707654,
1,28,83.173,0.4336288,1.076375,-0.369777,0.5022023,-0.1355753,0.3678764,0.7707654,
1,28,83.175,0.4336288,1.076375,-0.369777,0.5022023,-0.1355753,0.3678764,0.7707654,
1,28,83.177,0.4350227,1.076571,-0.3697637,0.5041381,-0.1257885,0.3612408,0.7742915,
1,28,83.179,0.4350227,1.076571,-0.3697637,0.5041381,-0.1257885,0.3612408,0.7742915,
1,28,83.181,0.4350227,1.076571,-0.3697637,0.5041381,-0.1257885,0.3612408,0.7742915,
1,28,83.183,0.4350227,1.076571,-0.3697637,0.5041381,-0.1257885,0.3612408,0.7742915,
1,28,83.185,0.4366021,1.077107,-0.3700739,0.5066217,-0.1161821,0.3541906,0.7774221,
1,28,83.187,0.4366021,1.077107,-0.3700739,0.5066217,-0.1161821,0.3541906,0.7774221,
1,28,83.189,0.4366021,1.077107,-0.3700739,0.5066217,-0.1161821,0.3541906,0.7774221,
1,28,83.191,0.4366021,1.077107,-0.3700739,0.5066217,-0.1161821,0.3541906,0.7774221,
1,28,83.193,0.4381412,1.076902,-0.370533,0.5090311,-0.106762,0.3463879,0.7807078,
1,28,83.195,0.4381412,1.076902,-0.370533,0.5090311,-0.106762,0.3463879,0.7807078,
1,28,83.197,0.4381412,1.076902,-0.370533,0.5090311,-0.106762,0.3463879,0.7807078,
1,28,83.199,0.4381412,1.076902,-0.370533,0.5090311,-0.106762,0.3463879,0.7807078,
1,28,83.201,0.4396922,1.076337,-0.3712193,0.5113688,-0.09692405,0.3381599,0.7840636,
1,28,83.203,0.4396922,1.076337,-0.3712193,0.5113688,-0.09692405,0.3381599,0.7840636,
1,28,83.205,0.4396922,1.076337,-0.3712193,0.5113688,-0.09692405,0.3381599,0.7840636,
1,28,83.207,0.4396922,1.076337,-0.3712193,0.5113688,-0.09692405,0.3381599,0.7840636,
1,28,83.209,0.4414726,1.075616,-0.3718287,0.5136845,-0.08712572,0.3297496,0.7872754,
1,28,83.211,0.4414726,1.075616,-0.3718287,0.5136845,-0.08712572,0.3297496,0.7872754,
1,28,83.213,0.4414726,1.075616,-0.3718287,0.5136845,-0.08712572,0.3297496,0.7872754,
1,28,83.215,0.4414726,1.075616,-0.3718287,0.5136845,-0.08712572,0.3297496,0.7872754,
1,28,83.217,0.4414726,1.075616,-0.3718287,0.5136845,-0.08712572,0.3297496,0.7872754,
1,28,83.219,0.443521,1.074958,-0.372511,0.5159954,-0.07717122,0.3211586,0.7903484,
1,28,83.221,0.443521,1.074958,-0.372511,0.5159954,-0.07717122,0.3211586,0.7903484,
1,28,83.223,0.443521,1.074958,-0.372511,0.5159954,-0.07717122,0.3211586,0.7903484,
1,28,83.225,0.443521,1.074958,-0.372511,0.5159954,-0.07717122,0.3211586,0.7903484,
1,28,83.227,0.4456069,1.074251,-0.373364,0.5184582,-0.06664199,0.3124285,0.7931888,
1,28,83.229,0.4456069,1.074251,-0.373364,0.5184582,-0.06664199,0.3124285,0.7931888,
1,28,83.231,0.4456069,1.074251,-0.373364,0.5184582,-0.06664199,0.3124285,0.7931888,
1,28,83.233,0.4456069,1.074251,-0.373364,0.5184582,-0.06664199,0.3124285,0.7931888,
1,28,83.235,0.4478454,1.073593,-0.3743722,0.5210849,-0.0555694,0.303656,0.7957233,
1,28,83.237,0.4478454,1.073593,-0.3743722,0.5210849,-0.0555694,0.303656,0.7957233,
1,28,83.239,0.4478454,1.073593,-0.3743722,0.5210849,-0.0555694,0.303656,0.7957233,
1,28,83.241,0.4478454,1.073593,-0.3743722,0.5210849,-0.0555694,0.303656,0.7957233,
1,28,83.243,0.4504869,1.073216,-0.3755416,0.5238109,-0.04377936,0.2950944,0.7978877,
1,28,83.245,0.4504869,1.073216,-0.3755416,0.5238109,-0.04377936,0.2950944,0.7978877,
1,28,83.247,0.4504869,1.073216,-0.3755416,0.5238109,-0.04377936,0.2950944,0.7978877,
1,28,83.249,0.4504869,1.073216,-0.3755416,0.5238109,-0.04377936,0.2950944,0.7978877,
1,28,83.251,0.4531456,1.07336,-0.3770066,0.5270715,-0.03120819,0.2865165,0.799456,
1,28,83.253,0.4531456,1.07336,-0.3770066,0.5270715,-0.03120819,0.2865165,0.799456,
1,28,83.255,0.4531456,1.07336,-0.3770066,0.5270715,-0.03120819,0.2865165,0.799456,
1,28,83.257,0.4531456,1.07336,-0.3770066,0.5270715,-0.03120819,0.2865165,0.799456,
1,28,83.259,0.4563718,1.073511,-0.3783894,0.5304701,-0.0182274,0.2778405,0.800671,
1,28,83.261,0.4563718,1.073511,-0.3783894,0.5304701,-0.0182274,0.2778405,0.800671,
1,28,83.263,0.4563718,1.073511,-0.3783894,0.5304701,-0.0182274,0.2778405,0.800671,
1,28,83.265,0.4563718,1.073511,-0.3783894,0.5304701,-0.0182274,0.2778405,0.800671,
1,28,83.267,0.4563718,1.073511,-0.3783894,0.5304701,-0.0182274,0.2778405,0.800671,
1,28,83.269,0.4600087,1.07351,-0.3797423,0.5340691,-0.005905271,0.2684441,0.801669,
1,28,83.271,0.4600087,1.07351,-0.3797423,0.5340691,-0.005905271,0.2684441,0.801669,
1,28,83.273,0.4600087,1.07351,-0.3797423,0.5340691,-0.005905271,0.2684441,0.801669,
1,28,83.275,0.4600087,1.07351,-0.3797423,0.5340691,-0.005905271,0.2684441,0.801669,
1,28,83.277,0.4628021,1.075159,-0.3821771,0.5394069,0.007600963,0.2582448,0.8014312,
1,28,83.279,0.4628021,1.075159,-0.3821771,0.5394069,0.007600963,0.2582448,0.8014312,
1,28,83.281,0.4628021,1.075159,-0.3821771,0.5394069,0.007600963,0.2582448,0.8014312,
1,28,83.283,0.4628021,1.075159,-0.3821771,0.5394069,0.007600963,0.2582448,0.8014312,
1,28,83.285,0.4655806,1.077489,-0.3844399,0.5454481,0.02027941,0.2470706,0.8006443,
1,28,83.287,0.4655806,1.077489,-0.3844399,0.5454481,0.02027941,0.2470706,0.8006443,
1,28,83.289,0.4655806,1.077489,-0.3844399,0.5454481,0.02027941,0.2470706,0.8006443,
1,28,83.291,0.4655806,1.077489,-0.3844399,0.5454481,0.02027941,0.2470706,0.8006443,
1,28,83.293,0.4685132,1.079958,-0.3867261,0.5521147,0.03102708,0.2340958,0.7996286,
1,28,83.295,0.4685132,1.079958,-0.3867261,0.5521147,0.03102708,0.2340958,0.7996286,
1,28,83.297,0.4685132,1.079958,-0.3867261,0.5521147,0.03102708,0.2340958,0.7996286,
1,28,83.299,0.4685132,1.079958,-0.3867261,0.5521147,0.03102708,0.2340958,0.7996286,
1,28,83.301,0.4712561,1.082846,-0.388779,0.5590985,0.04108211,0.2197115,0.7984034,
1,28,83.303,0.4712561,1.082846,-0.388779,0.5590985,0.04108211,0.2197115,0.7984034,
1,28,83.305,0.4712561,1.082846,-0.388779,0.5590985,0.04108211,0.2197115,0.7984034,
1,28,83.307,0.4712561,1.082846,-0.388779,0.5590985,0.04108211,0.2197115,0.7984034,
1,28,83.309,0.4743122,1.085302,-0.3904771,0.5660463,0.04936379,0.204004,0.7972059,
1,28,83.311,0.4743122,1.085302,-0.3904771,0.5660463,0.04936379,0.204004,0.7972059,
1,28,83.313,0.4743122,1.085302,-0.3904771,0.5660463,0.04936379,0.204004,0.7972059,
1,28,83.315,0.4743122,1.085302,-0.3904771,0.5660463,0.04936379,0.204004,0.7972059,
1,28,83.317,0.4743122,1.085302,-0.3904771,0.5660463,0.04936379,0.204004,0.7972059,
1,28,83.319,0.4781185,1.086821,-0.3912358,0.5717888,0.05850479,0.1890923,0.7961651,
1,28,83.321,0.4781185,1.086821,-0.3912358,0.5717888,0.05850479,0.1890923,0.7961651,
1,28,83.323,0.4781185,1.086821,-0.3912358,0.5717888,0.05850479,0.1890923,0.7961651,
1,28,83.325,0.4781185,1.086821,-0.3912358,0.5717888,0.05850479,0.1890923,0.7961651,
1,28,83.327,0.4823179,1.087277,-0.3912275,0.5760378,0.06936294,0.1756675,0.7953051,
1,28,83.329,0.4823179,1.087277,-0.3912275,0.5760378,0.06936294,0.1756675,0.7953051,
1,28,83.331,0.4823179,1.087277,-0.3912275,0.5760378,0.06936294,0.1756675,0.7953051,
1,28,83.333,0.4823179,1.087277,-0.3912275,0.5760378,0.06936294,0.1756675,0.7953051,
1,28,83.335,0.4870021,1.087155,-0.390402,0.5788974,0.08485594,0.1661902,0.7937621,
1,28,83.337,0.4870021,1.087155,-0.390402,0.5788974,0.08485594,0.1661902,0.7937621,
1,28,83.339,0.4870021,1.087155,-0.390402,0.5788974,0.08485594,0.1661902,0.7937621,
1,28,83.341,0.4870021,1.087155,-0.390402,0.5788974,0.08485594,0.1661902,0.7937621,
1,28,83.343,0.4916311,1.086975,-0.3892317,0.5812278,0.1033665,0.1596114,0.7912103,
1,28,83.345,0.4916311,1.086975,-0.3892317,0.5812278,0.1033665,0.1596114,0.7912103,
1,28,83.347,0.4916311,1.086975,-0.3892317,0.5812278,0.1033665,0.1596114,0.7912103,
1,28,83.349,0.4916311,1.086975,-0.3892317,0.5812278,0.1033665,0.1596114,0.7912103,
1,28,83.351,0.4963744,1.086634,-0.3872265,0.5832334,0.1250299,0.1563655,0.787246,
1,28,83.353,0.4963744,1.086634,-0.3872265,0.5832334,0.1250299,0.1563655,0.787246,
1,28,83.355,0.4963744,1.086634,-0.3872265,0.5832334,0.1250299,0.1563655,0.787246,
1,28,83.357,0.4963744,1.086634,-0.3872265,0.5832334,0.1250299,0.1563655,0.787246,
1,28,83.359,0.5012594,1.086915,-0.3844406,0.5855198,0.1493089,0.1567668,0.7812155,
1,28,83.361,0.5012594,1.086915,-0.3844406,0.5855198,0.1493089,0.1567668,0.7812155,
1,28,83.363,0.5012594,1.086915,-0.3844406,0.5855198,0.1493089,0.1567668,0.7812155,
1,28,83.365,0.5012594,1.086915,-0.3844406,0.5855198,0.1493089,0.1567668,0.7812155,
1,28,83.367,0.5012594,1.086915,-0.3844406,0.5855198,0.1493089,0.1567668,0.7812155,
1,28,83.369,0.5075706,1.086117,-0.3806194,0.5870239,0.1724579,0.1591483,0.7748117,
1,28,83.371,0.5075706,1.086117,-0.3806194,0.5870239,0.1724579,0.1591483,0.7748117,
1,28,83.373,0.5075706,1.086117,-0.3806194,0.5870239,0.1724579,0.1591483,0.7748117,
1,28,83.375,0.5075706,1.086117,-0.3806194,0.5870239,0.1724579,0.1591483,0.7748117,
1,28,83.377,0.5150472,1.086227,-0.3764068,0.58914,0.1931582,0.162583,0.7675746,
1,28,83.379,0.5150472,1.086227,-0.3764068,0.58914,0.1931582,0.162583,0.7675746,
1,28,83.381,0.5150472,1.086227,-0.3764068,0.58914,0.1931582,0.162583,0.7675746,
1,28,83.383,0.5150472,1.086227,-0.3764068,0.58914,0.1931582,0.162583,0.7675746,
1,28,83.385,0.522891,1.086583,-0.3718322,0.5915912,0.2114075,0.1663041,0.7600459,
1,28,83.387,0.522891,1.086583,-0.3718322,0.5915912,0.2114075,0.1663041,0.7600459,
1,28,83.389,0.522891,1.086583,-0.3718322,0.5915912,0.2114075,0.1663041,0.7600459,
1,28,83.391,0.522891,1.086583,-0.3718322,0.5915912,0.2114075,0.1663041,0.7600459,
1,28,83.393,0.5288399,1.085253,-0.3665171,0.5935569,0.2279365,0.1660162,0.7537731,
1,28,83.395,0.5288399,1.085253,-0.3665171,0.5935569,0.2279365,0.1660162,0.7537731,
1,28,83.397,0.5288399,1.085253,-0.3665171,0.5935569,0.2279365,0.1660162,0.7537731,
1,28,83.399,0.5288399,1.085253,-0.3665171,0.5935569,0.2279365,0.1660162,0.7537731,
1,28,83.401,0.5325659,1.082543,-0.3611438,0.5947883,0.2444066,0.1615008,0.7486054,
1,28,83.403,0.5325659,1.082543,-0.3611438,0.5947883,0.2444066,0.1615008,0.7486054,
1,28,83.405,0.5325659,1.082543,-0.3611438,0.5947883,0.2444066,0.1615008,0.7486054,
1,28,83.407,0.5325659,1.082543,-0.3611438,0.5947883,0.2444066,0.1615008,0.7486054,
1,28,83.409,0.5366288,1.080409,-0.3560658,0.595828,0.2607768,0.1569399,0.7432055,
1,28,83.411,0.5366288,1.080409,-0.3560658,0.595828,0.2607768,0.1569399,0.7432055,
1,28,83.413,0.5366288,1.080409,-0.3560658,0.595828,0.2607768,0.1569399,0.7432055,
1,28,83.415,0.5366288,1.080409,-0.3560658,0.595828,0.2607768,0.1569399,0.7432055,
1,28,83.417,0.5366288,1.080409,-0.3560658,0.595828,0.2607768,0.1569399,0.7432055,
1,28,83.419,0.5580418,1.086071,-0.3508003,0.5949442,0.2676575,0.1856507,0.7348024,
1,28,83.421,0.5580418,1.086071,-0.3508003,0.5949442,0.2676575,0.1856507,0.7348024,
1,28,83.423,0.5580418,1.086071,-0.3508003,0.5949442,0.2676575,0.1856507,0.7348024,
1,28,83.425,0.5580418,1.086071,-0.3508003,0.5949442,0.2676575,0.1856507,0.7348024,
1,28,83.427,0.5703446,1.085052,-0.3423355,0.5914968,0.2933484,0.1989646,0.7242178,
1,28,83.429,0.5703446,1.085052,-0.3423355,0.5914968,0.2933484,0.1989646,0.7242178,
1,28,83.431,0.5703446,1.085052,-0.3423355,0.5914968,0.2933484,0.1989646,0.7242178,
1,28,83.433,0.5703446,1.085052,-0.3423355,0.5914968,0.2933484,0.1989646,0.7242178,
1,28,83.435,0.5795116,1.084172,-0.3352746,0.5849639,0.3201283,0.2154514,0.7133834,
1,28,83.437,0.5795116,1.084172,-0.3352746,0.5849639,0.3201283,0.2154514,0.7133834,
1,28,83.439,0.5795116,1.084172,-0.3352746,0.5849639,0.3201283,0.2154514,0.7133834,
1,28,83.441,0.5795116,1.084172,-0.3352746,0.5849639,0.3201283,0.2154514,0.7133834,
1,28,83.443,0.5889023,1.083764,-0.3284867,0.5759705,0.3497372,0.2354198,0.700371,
1,28,83.445,0.5889023,1.083764,-0.3284867,0.5759705,0.3497372,0.2354198,0.700371,
1,28,83.447,0.5889023,1.083764,-0.3284867,0.5759705,0.3497372,0.2354198,0.700371,
1,28,83.449,0.5889023,1.083764,-0.3284867,0.5759705,0.3497372,0.2354198,0.700371,
1,28,83.451,0.5984882,1.083208,-0.3215333,0.5647248,0.3803599,0.2566388,0.6859655,
1,28,83.453,0.5984882,1.083208,-0.3215333,0.5647248,0.3803599,0.2566388,0.6859655,
1,28,83.455,0.5984882,1.083208,-0.3215333,0.5647248,0.3803599,0.2566388,0.6859655,
1,28,83.457,0.5984882,1.083208,-0.3215333,0.5647248,0.3803599,0.2566388,0.6859655,
1,28,83.459,0.6078988,1.083424,-0.3147424,0.5520633,0.411114,0.2784695,0.6698255,
1,28,83.461,0.6078988,1.083424,-0.3147424,0.5520633,0.411114,0.2784695,0.6698255,
1,28,83.463,0.6078988,1.083424,-0.3147424,0.5520633,0.411114,0.2784695,0.6698255,
1,28,83.465,0.6078988,1.083424,-0.3147424,0.5520633,0.411114,0.2784695,0.6698255,
1,28,83.467,0.6078988,1.083424,-0.3147424,0.5520633,0.411114,0.2784695,0.6698255,
1,28,83.469,0.6164085,1.084641,-0.3079906,0.5388929,0.4405468,0.2994547,0.652564,
1,28,83.471,0.6164085,1.084641,-0.3079906,0.5388929,0.4405468,0.2994547,0.652564,
1,28,83.473,0.6164085,1.084641,-0.3079906,0.5388929,0.4405468,0.2994547,0.652564,
1,28,83.475,0.6164085,1.084641,-0.3079906,0.5388929,0.4405468,0.2994547,0.652564,
1,28,83.477,0.6242566,1.087176,-0.3009598,0.526093,0.4674176,0.3191695,0.6347266,
1,28,83.479,0.6242566,1.087176,-0.3009598,0.526093,0.4674176,0.3191695,0.6347266,
1,28,83.481,0.6242566,1.087176,-0.3009598,0.526093,0.4674176,0.3191695,0.6347266,
1,28,83.483,0.6242566,1.087176,-0.3009598,0.526093,0.4674176,0.3191695,0.6347266,
1,28,83.485,0.6316669,1.090419,-0.2941293,0.5136194,0.4913836,0.3375432,0.6170914,
1,28,83.487,0.6316669,1.090419,-0.2941293,0.5136194,0.4913836,0.3375432,0.6170914,
1,28,83.489,0.6316669,1.090419,-0.2941293,0.5136194,0.4913836,0.3375432,0.6170914,
1,28,83.491,0.6316669,1.090419,-0.2941293,0.5136194,0.4913836,0.3375432,0.6170914,
1,28,83.493,0.638878,1.094083,-0.2879066,0.5017879,0.5116273,0.3543378,0.6007422,
1,28,83.495,0.638878,1.094083,-0.2879066,0.5017879,0.5116273,0.3543378,0.6007422,
1,28,83.497,0.638878,1.094083,-0.2879066,0.5017879,0.5116273,0.3543378,0.6007422,
1,28,83.499,0.638878,1.094083,-0.2879066,0.5017879,0.5116273,0.3543378,0.6007422,
1,28,83.501,0.6456543,1.097909,-0.2823884,0.4913012,0.5274442,0.3684581,0.5870812,
1,28,83.503,0.6456543,1.097909,-0.2823884,0.4913012,0.5274442,0.3684581,0.5870812,
1,28,83.505,0.6456543,1.097909,-0.2823884,0.4913012,0.5274442,0.3684581,0.5870812,
1,28,83.507,0.6456543,1.097909,-0.2823884,0.4913012,0.5274442,0.3684581,0.5870812,
1,28,83.509,0.6523612,1.101591,-0.2773105,0.482515,0.5382684,0.3791905,0.577634,
1,28,83.511,0.6523612,1.101591,-0.2773105,0.482515,0.5382684,0.3791905,0.577634,
1,28,83.513,0.6523612,1.101591,-0.2773105,0.482515,0.5382684,0.3791905,0.577634,
1,28,83.515,0.6523612,1.101591,-0.2773105,0.482515,0.5382684,0.3791905,0.577634,
1,28,83.517,0.6523612,1.101591,-0.2773105,0.482515,0.5382684,0.3791905,0.577634,
1,28,83.519,0.6588309,1.104886,-0.2725154,0.4753662,0.5447837,0.3864927,0.5725915,
1,28,83.521,0.6588309,1.104886,-0.2725154,0.4753662,0.5447837,0.3864927,0.5725915,
1,28,83.523,0.6588309,1.104886,-0.2725154,0.4753662,0.5447837,0.3864927,0.5725915,
1,28,83.525,0.6588309,1.104886,-0.2725154,0.4753662,0.5447837,0.3864927,0.5725915,
1,28,83.527,0.6650959,1.107921,-0.2681301,0.4698063,0.5471702,0.3906834,0.5720607,
1,28,83.529,0.6650959,1.107921,-0.2681301,0.4698063,0.5471702,0.3906834,0.5720607,
1,28,83.531,0.6650959,1.107921,-0.2681301,0.4698063,0.5471702,0.3906834,0.5720607,
1,28,83.533,0.6650959,1.107921,-0.2681301,0.4698063,0.5471702,0.3906834,0.5720607,
1,28,83.535,0.6715614,1.110164,-0.2637908,0.4635045,0.5489858,0.3939186,0.5732419,
1,28,83.537,0.6715614,1.110164,-0.2637908,0.4635045,0.5489858,0.3939186,0.5732419,
1,28,83.539,0.6715614,1.110164,-0.2637908,0.4635045,0.5489858,0.3939186,0.5732419,
1,28,83.541,0.6715614,1.110164,-0.2637908,0.4635045,0.5489858,0.3939186,0.5732419,
1,28,83.543,0.6782287,1.111467,-0.2592953,0.4541984,0.5537082,0.398539,0.5729551,
1,28,83.545,0.6782287,1.111467,-0.2592953,0.4541984,0.5537082,0.398539,0.5729551,
1,28,83.547,0.6782287,1.111467,-0.2592953,0.4541984,0.5537082,0.398539,0.5729551,
1,28,83.549,0.6782287,1.111467,-0.2592953,0.4541984,0.5537082,0.398539,0.5729551,
1,28,83.551,0.6859573,1.112007,-0.254943,0.4397835,0.5635159,0.4070466,0.5686417,
1,28,83.553,0.6859573,1.112007,-0.254943,0.4397835,0.5635159,0.4070466,0.5686417,
1,28,83.555,0.6859573,1.112007,-0.254943,0.4397835,0.5635159,0.4070466,0.5686417,
1,28,83.557,0.6859573,1.112007,-0.254943,0.4397835,0.5635159,0.4070466,0.5686417,
1,28,83.559,0.6939739,1.11204,-0.2507207,0.4194864,0.5801957,0.4199523,0.5577135,
1,28,83.561,0.6939739,1.11204,-0.2507207,0.4194864,0.5801957,0.4199523,0.5577135,
1,28,83.563,0.6939739,1.11204,-0.2507207,0.4194864,0.5801957,0.4199523,0.5577135,
1,28,83.565,0.6939739,1.11204,-0.2507207,0.4194864,0.5801957,0.4199523,0.5577135,
1,28,83.567,0.6939739,1.11204,-0.2507207,0.4194864,0.5801957,0.4199523,0.5577135,
1,28,83.569,0.7023237,1.111874,-0.2467415,0.39302,0.603596,0.4367855,0.5389116,
1,28,83.571,0.7023237,1.111874,-0.2467415,0.39302,0.603596,0.4367855,0.5389116,
1,28,83.573,0.7023237,1.111874,-0.2467415,0.39302,0.603596,0.4367855,0.5389116,
1,28,83.575,0.7023237,1.111874,-0.2467415,0.39302,0.603596,0.4367855,0.5389116,
1,28,83.577,0.710834,1.111576,-0.2428906,0.3605935,0.6325302,0.4559864,0.5118148,
1,28,83.579,0.710834,1.111576,-0.2428906,0.3605935,0.6325302,0.4559864,0.5118148,
1,28,83.581,0.710834,1.111576,-0.2428906,0.3605935,0.6325302,0.4559864,0.5118148,
1,28,83.583,0.710834,1.111576,-0.2428906,0.3605935,0.6325302,0.4559864,0.5118148,
1,28,83.585,0.7187023,1.111404,-0.2391999,0.323574,0.6645424,0.4754227,0.4771338,
1,28,83.587,0.7187023,1.111404,-0.2391999,0.323574,0.6645424,0.4754227,0.4771338,
1,28,83.589,0.7187023,1.111404,-0.2391999,0.323574,0.6645424,0.4754227,0.4771338,
1,28,83.591,0.7187023,1.111404,-0.2391999,0.323574,0.6645424,0.4754227,0.4771338,
1,28,83.593,0.7275081,1.111936,-0.2357718,0.2837757,0.6954681,0.493692,0.4382508,
1,28,83.595,0.7275081,1.111936,-0.2357718,0.2837757,0.6954681,0.493692,0.4382508,
1,28,83.597,0.7275081,1.111936,-0.2357718,0.2837757,0.6954681,0.493692,0.4382508,
1,28,83.599,0.7275081,1.111936,-0.2357718,0.2837757,0.6954681,0.493692,0.4382508,
1,28,83.601,0.7350475,1.11229,-0.2323799,0.2439371,0.7241402,0.5083654,0.3970898,
1,28,83.603,0.7350475,1.11229,-0.2323799,0.2439371,0.7241402,0.5083654,0.3970898,
1,28,83.605,0.7350475,1.11229,-0.2323799,0.2439371,0.7241402,0.5083654,0.3970898,
1,28,83.607,0.7350475,1.11229,-0.2323799,0.2439371,0.7241402,0.5083654,0.3970898,
1,28,83.609,0.7423069,1.112622,-0.2291679,0.2059152,0.7487311,0.5191828,0.3570014,
1,28,83.611,0.7423069,1.112622,-0.2291679,0.2059152,0.7487311,0.5191828,0.3570014,
1,28,83.613,0.7423069,1.112622,-0.2291679,0.2059152,0.7487311,0.5191828,0.3570014,
1,28,83.615,0.7423069,1.112622,-0.2291679,0.2059152,0.7487311,0.5191828,0.3570014,
1,28,83.617,0.7423069,1.112622,-0.2291679,0.2059152,0.7487311,0.5191828,0.3570014,
1,28,83.619,0.7491638,1.113207,-0.226146,0.1717299,0.7684934,0.5262851,0.3208597,
1,28,83.621,0.7491638,1.113207,-0.226146,0.1717299,0.7684934,0.5262851,0.3208597,
1,28,83.623,0.7491638,1.113207,-0.226146,0.1717299,0.7684934,0.5262851,0.3208597,
1,28,83.625,0.7491638,1.113207,-0.226146,0.1717299,0.7684934,0.5262851,0.3208597,
1,28,83.627,0.7558898,1.114195,-0.2231741,0.1431359,0.7831383,0.5303406,0.2914541,
1,28,83.629,0.7558898,1.114195,-0.2231741,0.1431359,0.7831383,0.5303406,0.2914541,
1,28,83.631,0.7558898,1.114195,-0.2231741,0.1431359,0.7831383,0.5303406,0.2914541,
1,28,83.633,0.7558898,1.114195,-0.2231741,0.1431359,0.7831383,0.5303406,0.2914541,
1,28,83.635,0.7612472,1.114665,-0.2200416,0.1211451,0.7940499,0.5311658,0.2695767,
1,28,83.637,0.7612472,1.114665,-0.2200416,0.1211451,0.7940499,0.5311658,0.2695767,
1,28,83.639,0.7612472,1.114665,-0.2200416,0.1211451,0.7940499,0.5311658,0.2695767,
1,28,83.641,0.7612472,1.114665,-0.2200416,0.1211451,0.7940499,0.5311658,0.2695767,
1,28,83.643,0.76587,1.115401,-0.2170475,0.1057464,0.8014242,0.5302121,0.2557578,
1,28,83.645,0.76587,1.115401,-0.2170475,0.1057464,0.8014242,0.5302121,0.2557578,
1,28,83.647,0.76587,1.115401,-0.2170475,0.1057464,0.8014242,0.5302121,0.2557578,
1,28,83.649,0.76587,1.115401,-0.2170475,0.1057464,0.8014242,0.5302121,0.2557578,
1,28,83.651,0.7703375,1.116453,-0.2142338,0.09605357,0.8058405,0.5283372,0.2495089,
1,28,83.653,0.7703375,1.116453,-0.2142338,0.09605357,0.8058405,0.5283372,0.2495089,
1,28,83.655,0.7703375,1.116453,-0.2142338,0.09605357,0.8058405,0.5283372,0.2495089,
1,28,83.657,0.7703375,1.116453,-0.2142338,0.09605357,0.8058405,0.5283372,0.2495089,
1,28,83.659,0.7740992,1.117611,-0.2115386,0.09094822,0.8083739,0.5258349,0.2485116,
1,28,83.661,0.7740992,1.117611,-0.2115386,0.09094822,0.8083739,0.5258349,0.2485116,
1,28,83.663,0.7740992,1.117611,-0.2115386,0.09094822,0.8083739,0.5258349,0.2485116,
1,28,83.665,0.7740992,1.117611,-0.2115386,0.09094822,0.8083739,0.5258349,0.2485116,
1,28,83.667,0.7740992,1.117611,-0.2115386,0.09094822,0.8083739,0.5258349,0.2485116,
1,28,83.669,0.7775067,1.118829,-0.2088024,0.08904755,0.8095649,0.5229332,0.2514281,
1,28,83.671,0.7775067,1.118829,-0.2088024,0.08904755,0.8095649,0.5229332,0.2514281,
1,28,83.673,0.7775067,1.118829,-0.2088024,0.08904755,0.8095649,0.5229332,0.2514281,
1,28,83.675,0.7775067,1.118829,-0.2088024,0.08904755,0.8095649,0.5229332,0.2514281,
1,28,83.677,0.7802616,1.119968,-0.2062811,0.08903909,0.8101182,0.5197675,0.2561685,
1,28,83.679,0.7802616,1.119968,-0.2062811,0.08903909,0.8101182,0.5197675,0.2561685,
1,28,83.681,0.7802616,1.119968,-0.2062811,0.08903909,0.8101182,0.5197675,0.2561685,
1,28,83.683,0.7802616,1.119968,-0.2062811,0.08903909,0.8101182,0.5197675,0.2561685,
1,28,83.685,0.7829865,1.120958,-0.2037522,0.08965594,0.8103786,0.5164647,0.2617493,
1,28,83.687,0.7829865,1.120958,-0.2037522,0.08965594,0.8103786,0.5164647,0.2617493,
1,28,83.689,0.7829865,1.120958,-0.2037522,0.08965594,0.8103786,0.5164647,0.2617493,
1,28,83.691,0.7829865,1.120958,-0.2037522,0.08965594,0.8103786,0.5164647,0.2617493,
1,28,83.693,0.7855878,1.12181,-0.2013935,0.08990827,0.8108396,0.5132786,0.2664597,
1,28,83.695,0.7855878,1.12181,-0.2013935,0.08990827,0.8108396,0.5132786,0.2664597,
1,28,83.697,0.7855878,1.12181,-0.2013935,0.08990827,0.8108396,0.5132786,0.2664597,
1,28,83.699,0.7855878,1.12181,-0.2013935,0.08990827,0.8108396,0.5132786,0.2664597,
1,28,83.701,0.7878674,1.122685,-0.1991769,0.0894537,0.8117256,0.5102988,0.2696198,
1,28,83.703,0.7878674,1.122685,-0.1991769,0.0894537,0.8117256,0.5102988,0.2696198,
1,28,83.705,0.7878674,1.122685,-0.1991769,0.0894537,0.8117256,0.5102988,0.2696198,
1,28,83.707,0.7878674,1.122685,-0.1991769,0.0894537,0.8117256,0.5102988,0.2696198,
1,28,83.709,0.7900386,1.123266,-0.1969184,0.08786219,0.8132399,0.5074604,0.2709337,
1,28,83.711,0.7900386,1.123266,-0.1969184,0.08786219,0.8132399,0.5074604,0.2709337,
1,28,83.713,0.7900386,1.123266,-0.1969184,0.08786219,0.8132399,0.5074604,0.2709337,
1,28,83.715,0.7900386,1.123266,-0.1969184,0.08786219,0.8132399,0.5074604,0.2709337,
1,28,83.717,0.7900386,1.123266,-0.1969184,0.08786219,0.8132399,0.5074604,0.2709337,
1,28,83.719,0.7924614,1.123958,-0.1947754,0.08495811,0.8152535,0.5051395,0.2701445,
1,28,83.721,0.7924614,1.123958,-0.1947754,0.08495811,0.8152535,0.5051395,0.2701445,
1,28,83.723,0.7924614,1.123958,-0.1947754,0.08495811,0.8152535,0.5051395,0.2701445,
1,28,83.725,0.7924614,1.123958,-0.1947754,0.08495811,0.8152535,0.5051395,0.2701445,
1,28,83.727,0.7944193,1.124993,-0.1930088,0.0817821,0.8174025,0.5034287,0.2678143,
1,28,83.729,0.7944193,1.124993,-0.1930088,0.0817821,0.8174025,0.5034287,0.2678143,
1,28,83.731,0.7944193,1.124993,-0.1930088,0.0817821,0.8174025,0.5034287,0.2678143,
1,28,83.733,0.7944193,1.124993,-0.1930088,0.0817821,0.8174025,0.5034287,0.2678143,
1,28,83.735,0.7962066,1.125426,-0.1910792,0.07807899,0.8199641,0.5016217,0.2644587,
1,28,83.737,0.7962066,1.125426,-0.1910792,0.07807899,0.8199641,0.5016217,0.2644587,
1,28,83.739,0.7962066,1.125426,-0.1910792,0.07807899,0.8199641,0.5016217,0.2644587,
1,28,83.741,0.7962066,1.125426,-0.1910792,0.07807899,0.8199641,0.5016217,0.2644587,
1,28,83.743,0.7981044,1.125612,-0.1891074,0.07446343,0.822277,0.499953,0.2614628,
1,28,83.745,0.7981044,1.125612,-0.1891074,0.07446343,0.822277,0.499953,0.2614628,
1,28,83.747,0.7981044,1.125612,-0.1891074,0.07446343,0.822277,0.499953,0.2614628,
1,28,83.749,0.7981044,1.125612,-0.1891074,0.07446343,0.822277,0.499953,0.2614628,
1,28,83.751,0.8002328,1.125797,-0.1871172,0.07121345,0.8241267,0.4986012,0.2591154,
1,28,83.753,0.8002328,1.125797,-0.1871172,0.07121345,0.8241267,0.4986012,0.2591154,
1,28,83.755,0.8002328,1.125797,-0.1871172,0.07121345,0.8241267,0.4986012,0.2591154,CourtEnter
1,28,83.757,0.8002328,1.125797,-0.1871172,0.07121345,0.8241267,0.4986012,0.2591154,
1,28,83.759,0.8025007,1.125394,-0.1848634,0.06803188,0.8258793,0.4971918,0.2570904,
1,28,83.761,0.8025007,1.125394,-0.1848634,0.06803188,0.8258793,0.4971918,0.2570904,
1,28,83.763,0.8025007,1.125394,-0.1848634,0.06803188,0.8258793,0.4971918,0.2570904,
1,28,83.765,0.8025007,1.125394,-0.1848634,0.06803188,0.8258793,0.4971918,0.2570904,
1,28,83.767,0.8025007,1.125394,-0.1848634,0.06803188,0.8258793,0.4971918,0.2570904,CourtExit
1,28,83.769,0.8053684,1.124548,-0.1820241,0.06405979,0.8278767,0.4957995,0.2543609,
1,28,83.771,0.8053684,1.124548,-0.1820241,0.06405979,0.8278767,0.4957995,0.2543609,
1,28,83.773,0.8053684,1.124548,-0.1820241,0.06405979,0.8278767,0.4957995,0.2543609,
1,28,83.775,0.8053684,1.124548,-0.1820241,0.06405979,0.8278767,0.4957995,0.2543609,
1,28,83.777,0.8080403,1.123568,-0.179058,0.06026709,0.8297043,0.4947906,0.2512787,
1,28,83.779,0.8080403,1.123568,-0.179058,0.06026709,0.8297043,0.4947906,0.2512787,
1,28,83.781,0.8080403,1.123568,-0.179058,0.06026709,0.8297043,0.4947906,0.2512787,
1,28,83.783,0.8080403,1.123568,-0.179058,0.06026709,0.8297043,0.4947906,0.2512787,
1,28,83.785,0.8115702,1.1223,-0.1755695,0.05531433,0.8317808,0.4940939,0.2468853,
1,28,83.787,0.8115702,1.1223,-0.1755695,0.05531433,0.8317808,0.4940939,0.2468853,
1,28,83.789,0.8115702,1.1223,-0.1755695,0.05531433,0.8317808,0.4940939,0.2468853,
1,28,83.791,0.8115702,1.1223,-0.1755695,0.05531433,0.8317808,0.4940939,0.2468853,
1,28,83.793,0.8159611,1.12037,-0.1712938,0.047746,0.8349655,0.4937776,0.2381949,
1,28,83.795,0.8159611,1.12037,-0.1712938,0.047746,0.8349655,0.4937776,0.2381949,
1,28,83.797,0.8159611,1.12037,-0.1712938,0.047746,0.8349655,0.4937776,0.2381949,
1,28,83.799,0.8159611,1.12037,-0.1712938,0.047746,0.8349655,0.4937776,0.2381949,
1,28,83.801,0.8232587,1.117155,-0.1652104,0.03147498,0.8413578,0.4950195,0.2146675,
1,28,83.803,0.8232587,1.117155,-0.1652104,0.03147498,0.8413578,0.4950195,0.2146675,
1,28,83.805,0.8232587,1.117155,-0.1652104,0.03147498,0.8413578,0.4950195,0.2146675,
1,28,83.807,0.8232587,1.117155,-0.1652104,0.03147498,0.8413578,0.4950195,0.2146675,
1,28,83.809,0.832667,1.113349,-0.1583263,0.006499559,0.8494893,0.4979955,0.1741444,
1,28,83.811,0.832667,1.113349,-0.1583263,0.006499559,0.8494893,0.4979955,0.1741444,
1,28,83.813,0.832667,1.113349,-0.1583263,0.006499559,0.8494893,0.4979955,0.1741444,
1,28,83.815,0.832667,1.113349,-0.1583263,0.006499559,0.8494893,0.4979955,0.1741444,
1,28,83.817,0.832667,1.113349,-0.1583263,0.006499559,0.8494893,0.4979955,0.1741444,
1,28,83.819,0.8491709,1.1065,-0.1477279,-0.0394161,0.8563555,0.5070916,0.08921751,
1,28,83.821,0.8491709,1.1065,-0.1477279,-0.0394161,0.8563555,0.5070916,0.08921751,
1,28,83.823,0.8491709,1.1065,-0.1477279,-0.0394161,0.8563555,0.5070916,0.08921751,
1,28,83.825,0.8491709,1.1065,-0.1477279,-0.0394161,0.8563555,0.5070916,0.08921751,
1,28,83.827,0.8545309,1.105338,-0.1447835,-0.05163452,0.8538218,0.5142692,0.06204478,
1,28,83.829,0.8545309,1.105338,-0.1447835,-0.05163452,0.8538218,0.5142692,0.06204478,
1,28,83.831,0.8545309,1.105338,-0.1447835,-0.05163452,0.8538218,0.5142692,0.06204478,
1,28,83.833,0.8545309,1.105338,-0.1447835,-0.05163452,0.8538218,0.5142692,0.06204478,
1,28,83.835,0.8602321,1.106687,-0.1421837,-0.05860189,0.8476685,0.5253897,0.04460611,
1,28,83.837,0.8602321,1.106687,-0.1421837,-0.05860189,0.8476685,0.5253897,0.04460611,
1,28,83.839,0.8602321,1.106687,-0.1421837,-0.05860189,0.8476685,0.5253897,0.04460611,
1,28,83.841,0.8602321,1.106687,-0.1421837,-0.05860189,0.8476685,0.5253897,0.04460611,
1,28,83.843,0.8657881,1.109785,-0.1401556,-0.06032166,0.8388993,0.5397446,0.03584835,
1,28,83.845,0.8657881,1.109785,-0.1401556,-0.06032166,0.8388993,0.5397446,0.03584835,
1,28,83.847,0.8657881,1.109785,-0.1401556,-0.06032166,0.8388993,0.5397446,0.03584835,
1,28,83.849,0.8657881,1.109785,-0.1401556,-0.06032166,0.8388993,0.5397446,0.03584835,
1,28,83.851,0.870524,1.113921,-0.1386329,-0.05813822,0.8289363,0.5553535,0.03266509,
1,28,83.853,0.870524,1.113921,-0.1386329,-0.05813822,0.8289363,0.5553535,0.03266509,
1,28,83.855,0.870524,1.113921,-0.1386329,-0.05813822,0.8289363,0.5553535,0.03266509,
1,28,83.857,0.870524,1.113921,-0.1386329,-0.05813822,0.8289363,0.5553535,0.03266509,
1,28,83.859,0.8740355,1.118698,-0.1376235,-0.05189481,0.8186892,0.5708734,0.0340373,
1,28,83.861,0.8740355,1.118698,-0.1376235,-0.05189481,0.8186892,0.5708734,0.0340373,
1,28,83.863,0.8740355,1.118698,-0.1376235,-0.05189481,0.8186892,0.5708734,0.0340373,
1,28,83.865,0.8740355,1.118698,-0.1376235,-0.05189481,0.8186892,0.5708734,0.0340373,
1,28,83.867,0.8740355,1.118698,-0.1376235,-0.05189481,0.8186892,0.5708734,0.0340373,
1,28,83.869,0.8766012,1.123748,-0.1369883,-0.0408287,0.8088042,0.5851761,0.04168839,
1,28,83.871,0.8766012,1.123748,-0.1369883,-0.0408287,0.8088042,0.5851761,0.04168839,
1,28,83.873,0.8766012,1.123748,-0.1369883,-0.0408287,0.8088042,0.5851761,0.04168839,
1,28,83.875,0.8766012,1.123748,-0.1369883,-0.0408287,0.8088042,0.5851761,0.04168839,
1,28,83.877,0.8790802,1.129173,-0.137294,-0.0245426,0.7998756,0.5968271,0.05825825,
1,28,83.879,0.8790802,1.129173,-0.137294,-0.0245426,0.7998756,0.5968271,0.05825825,
1,28,83.881,0.8790802,1.129173,-0.137294,-0.0245426,0.7998756,0.5968271,0.05825825,
1,28,83.883,0.8790802,1.129173,-0.137294,-0.0245426,0.7998756,0.5968271,0.05825825,
1,28,83.885,0.8823234,1.134189,-0.1384341,-0.006870687,0.7926961,0.6042158,0.08067811,
1,28,83.887,0.8823234,1.134189,-0.1384341,-0.006870687,0.7926961,0.6042158,0.08067811,
1,28,83.889,0.8823234,1.134189,-0.1384341,-0.006870687,0.7926961,0.6042158,0.08067811,
1,28,83.891,0.8823234,1.134189,-0.1384341,-0.006870687,0.7926961,0.6042158,0.08067811,
1,28,83.893,0.886612,1.138408,-0.1400769,0.006750286,0.787993,0.6070332,0.1026264,
1,28,83.895,0.886612,1.138408,-0.1400769,0.006750286,0.787993,0.6070332,0.1026264,
1,28,83.897,0.886612,1.138408,-0.1400769,0.006750286,0.787993,0.6070332,0.1026264,
1,28,83.899,0.886612,1.138408,-0.1400769,0.006750286,0.787993,0.6070332,0.1026264,
1,28,83.901,0.8917276,1.141884,-0.1421927,0.01502076,0.7856677,0.606226,0.1224373,
1,28,83.903,0.8917276,1.141884,-0.1421927,0.01502076,0.7856677,0.606226,0.1224373,
1,28,83.905,0.8917276,1.141884,-0.1421927,0.01502076,0.7856677,0.606226,0.1224373,
1,28,83.907,0.8917276,1.141884,-0.1421927,0.01502076,0.7856677,0.606226,0.1224373,
1,28,83.909,0.8972983,1.144174,-0.1443311,0.0212087,0.7849256,0.6021785,0.1443027,
1,28,83.911,0.8972983,1.144174,-0.1443311,0.0212087,0.7849256,0.6021785,0.1443027,
1,28,83.913,0.8972983,1.144174,-0.1443311,0.0212087,0.7849256,0.6021785,0.1443027,
1,28,83.915,0.8972983,1.144174,-0.1443311,0.0212087,0.7849256,0.6021785,0.1443027,
1,28,83.917,0.8972983,1.144174,-0.1443311,0.0212087,0.7849256,0.6021785,0.1443027,
1,28,83.919,0.9036476,1.146262,-0.1467437,0.02919054,0.783216,0.5964088,0.1732548,
1,28,83.921,0.9036476,1.146262,-0.1467437,0.02919054,0.783216,0.5964088,0.1732548,
1,28,83.923,0.9036476,1.146262,-0.1467437,0.02919054,0.783216,0.5964088,0.1732548,
1,28,83.925,0.9036476,1.146262,-0.1467437,0.02919054,0.783216,0.5964088,0.1732548,
1,28,83.927,0.9101869,1.148338,-0.1492968,0.04152358,0.7785887,0.5892705,0.2117444,
1,28,83.929,0.9101869,1.148338,-0.1492968,0.04152358,0.7785887,0.5892705,0.2117444,
1,28,83.931,0.9101869,1.148338,-0.1492968,0.04152358,0.7785887,0.5892705,0.2117444,
1,28,83.933,0.9101869,1.148338,-0.1492968,0.04152358,0.7785887,0.5892705,0.2117444,
1,28,83.935,0.916766,1.150947,-0.1515454,0.05760214,0.7693535,0.5816992,0.2576884,
1,28,83.937,0.916766,1.150947,-0.1515454,0.05760214,0.7693535,0.5816992,0.2576884,
1,28,83.939,0.916766,1.150947,-0.1515454,0.05760214,0.7693535,0.5816992,0.2576884,
1,28,83.941,0.916766,1.150947,-0.1515454,0.05760214,0.7693535,0.5816992,0.2576884,
1,28,83.943,0.9227125,1.153665,-0.1528545,0.07521543,0.7556168,0.5739982,0.3064505,
1,28,83.945,0.9227125,1.153665,-0.1528545,0.07521543,0.7556168,0.5739982,0.3064505,
1,28,83.947,0.9227125,1.153665,-0.1528545,0.07521543,0.7556168,0.5739982,0.3064505,
1,28,83.949,0.9227125,1.153665,-0.1528545,0.07521543,0.7556168,0.5739982,0.3064505,
1,28,83.951,0.9285265,1.157107,-0.153875,0.09089527,0.7386847,0.567066,0.3528731,
1,28,83.953,0.9285265,1.157107,-0.153875,0.09089527,0.7386847,0.567066,0.3528731,
1,28,83.955,0.9285265,1.157107,-0.153875,0.09089527,0.7386847,0.567066,0.3528731,
1,28,83.957,0.9285265,1.157107,-0.153875,0.09089527,0.7386847,0.567066,0.3528731,
1,28,83.959,0.9349796,1.161903,-0.1543275,0.09967974,0.7218084,0.5624385,0.3907934,
1,28,83.961,0.9349796,1.161903,-0.1543275,0.09967974,0.7218084,0.5624385,0.3907934,
1,28,83.963,0.9349796,1.161903,-0.1543275,0.09967974,0.7218084,0.5624385,0.3907934,
1,28,83.965,0.9349796,1.161903,-0.1543275,0.09967974,0.7218084,0.5624385,0.3907934,
1,28,83.967,0.9349796,1.161903,-0.1543275,0.09967974,0.7218084,0.5624385,0.3907934,
1,28,83.969,0.941959,1.16788,-0.1542154,0.09828603,0.7091421,0.5610465,0.415553,
1,28,83.971,0.941959,1.16788,-0.1542154,0.09828603,0.7091421,0.5610465,0.415553,
1,28,83.973,0.941959,1.16788,-0.1542154,0.09828603,0.7091421,0.5610465,0.415553,
1,28,83.975,0.941959,1.16788,-0.1542154,0.09828603,0.7091421,0.5610465,0.415553,
1,28,83.977,0.949419,1.174752,-0.1534336,0.08631334,0.7027594,0.5628022,0.4265361,
1,28,83.979,0.949419,1.174752,-0.1534336,0.08631334,0.7027594,0.5628022,0.4265361,
1,28,83.981,0.949419,1.174752,-0.1534336,0.08631334,0.7027594,0.5628022,0.4265361,
1,28,83.983,0.949419,1.174752,-0.1534336,0.08631334,0.7027594,0.5628022,0.4265361,
1,28,83.985,0.9562566,1.182019,-0.1524422,0.068802,0.7009172,0.5661254,0.4283496,
1,28,83.987,0.9562566,1.182019,-0.1524422,0.068802,0.7009172,0.5661254,0.4283496,
1,28,83.989,0.9562566,1.182019,-0.1524422,0.068802,0.7009172,0.5661254,0.4283496,
1,28,83.991,0.9562566,1.182019,-0.1524422,0.068802,0.7009172,0.5661254,0.4283496,
1,28,83.993,0.9624255,1.189664,-0.1511596,0.04939097,0.7007409,0.5700809,0.4260639,
1,28,83.995,0.9624255,1.189664,-0.1511596,0.04939097,0.7007409,0.5700809,0.4260639,
1,28,83.997,0.9624255,1.189664,-0.1511596,0.04939097,0.7007409,0.5700809,0.4260639,
1,28,83.999,0.9624255,1.189664,-0.1511596,0.04939097,0.7007409,0.5700809,0.4260639,
1,29,84.001,0.9677725,1.197345,-0.1498749,0.03070951,0.7007219,0.5740318,0.4225321,CourtExit
1,29,84.003,0.9677725,1.197345,-0.1498749,0.03070951,0.7007219,0.5740318,0.4225321,
1,29,84.005,0.9677725,1.197345,-0.1498749,0.03070951,0.7007219,0.5740318,0.4225321,
1,29,84.007,0.9677725,1.197345,-0.1498749,0.03070951,0.7007219,0.5740318,0.4225321,
1,29,84.009,0.9731228,1.205753,-0.1486936,0.01364201,0.6994401,0.5785137,0.4194273,
1,29,84.011,0.9731228,1.205753,-0.1486936,0.01364201,0.6994401,0.5785137,0.4194273,
1,29,84.013,0.9731228,1.205753,-0.1486936,0.01364201,0.6994401,0.5785137,0.4194273,
1,29,84.015,0.9731228,1.205753,-0.1486936,0.01364201,0.6994401,0.5785137,0.4194273,
1,29,84.017,0.9731228,1.205753,-0.1486936,0.01364201,0.6994401,0.5785137,0.4194273,
1,29,84.019,0.9771476,1.213221,-0.1476921,-0.0008385777,0.6977515,0.5824249,0.4170412,
1,29,84.021,0.9771476,1.213221,-0.1476921,-0.0008385777,0.6977515,0.5824249,0.4170412,
1,29,84.023,0.9771476,1.213221,-0.1476921,-0.0008385777,0.6977515,0.5824249,0.4170412,
1,29,84.025,0.9771476,1.213221,-0.1476921,-0.0008385777,0.6977515,0.5824249,0.4170412,
1,29,84.027,0.9799525,1.220188,-0.1470612,-0.01213792,0.6950783,0.5861531,0.4161051,
1,29,84.029,0.9799525,1.220188,-0.1470612,-0.01213792,0.6950783,0.5861531,0.4161051,
1,29,84.031,0.9799525,1.220188,-0.1470612,-0.01213792,0.6950783,0.5861531,0.4161051,
1,29,84.033,0.9799525,1.220188,-0.1470612,-0.01213792,0.6950783,0.5861531,0.4161051,
1,29,84.035,0.9821405,1.226486,-0.1466786,-0.02047539,0.6911827,0.5896442,0.4173332,
1,29,84.037,0.9821405,1.226486,-0.1466786,-0.02047539,0.6911827,0.5896442,0.4173332,
1,29,84.039,0.9821405,1.226486,-0.1466786,-0.02047539,0.6911827,0.5896442,0.4173332,
1,29,84.041,0.9821405,1.226486,-0.1466786,-0.02047539,0.6911827,0.5896442,0.4173332,
1,29,84.043,0.9838082,1.232119,-0.146592,-0.02649644,0.6866238,0.5928562,0.419961,
1,29,84.045,0.9838082,1.232119,-0.146592,-0.02649644,0.6866238,0.5928562,0.419961,
1,29,84.047,0.9838082,1.232119,-0.146592,-0.02649644,0.6866238,0.5928562,0.419961,
1,29,84.049,0.9838082,1.232119,-0.146592,-0.02649644,0.6866238,0.5928562,0.419961,
1,29,84.051,0.9853526,1.237013,-0.1466497,-0.03113538,0.6818058,0.5957192,0.4234266,
1,29,84.053,0.9853526,1.237013,-0.1466497,-0.03113538,0.6818058,0.5957192,0.4234266,
1,29,84.055,0.9853526,1.237013,-0.1466497,-0.03113538,0.6818058,0.5957192,0.4234266,
1,29,84.057,0.9853526,1.237013,-0.1466497,-0.03113538,0.6818058,0.5957192,0.4234266,
1,29,84.059,0.9866914,1.24093,-0.1469854,-0.0354355,0.6776592,0.5978577,0.4267184,
1,29,84.061,0.9866914,1.24093,-0.1469854,-0.0354355,0.6776592,0.5978577,0.4267184,
1,29,84.063,0.9866914,1.24093,-0.1469854,-0.0354355,0.6776592,0.5978577,0.4267184,
1,29,84.065,0.9866914,1.24093,-0.1469854,-0.0354355,0.6776592,0.5978577,0.4267184,
1,29,84.067,0.9866914,1.24093,-0.1469854,-0.0354355,0.6776592,0.5978577,0.4267184,
1,29,84.069,0.9876594,1.243835,-0.1475968,-0.03978837,0.6748627,0.5992537,0.4288033,
1,29,84.071,0.9876594,1.243835,-0.1475968,-0.03978837,0.6748627,0.5992537,0.4288033,
1,29,84.073,0.9876594,1.243835,-0.1475968,-0.03978837,0.6748627,0.5992537,0.4288033,
1,29,84.075,0.9876594,1.243835,-0.1475968,-0.03978837,0.6748627,0.5992537,0.4288033,
1,29,84.077,0.9886258,1.245793,-0.1482376,-0.04477093,0.673264,0.6000068,0.4297707,
1,29,84.079,0.9886258,1.245793,-0.1482376,-0.04477093,0.673264,0.6000068,0.4297707,
1,29,84.081,0.9886258,1.245793,-0.1482376,-0.04477093,0.673264,0.6000068,0.4297707,
1,29,84.083,0.9886258,1.245793,-0.1482376,-0.04477093,0.673264,0.6000068,0.4297707,
1,29,84.085,0.9892459,1.246824,-0.1490982,-0.04958102,0.6727699,0.6001142,0.4298668,
1,29,84.087,0.9892459,1.246824,-0.1490982,-0.04958102,0.6727699,0.6001142,0.4298668,
1,29,84.089,0.9892459,1.246824,-0.1490982,-0.04958102,0.6727699,0.6001142,0.4298668,
1,29,84.091,0.9892459,1.246824,-0.1490982,-0.04958102,0.6727699,0.6001142,0.4298668,
1,29,84.093,0.9897634,1.247182,-0.1501841,-0.05395022,0.6729156,0.5998427,0.4294912,
1,29,84.095,0.9897634,1.247182,-0.1501841,-0.05395022,0.6729156,0.5998427,0.4294912,
1,29,84.097,0.9897634,1.247182,-0.1501841,-0.05395022,0.6729156,0.5998427,0.4294912,
1,29,84.099,0.9897634,1.247182,-0.1501841,-0.05395022,0.6729156,0.5998427,0.4294912,
1,29,84.101,0.9900128,1.246872,-0.1514886,-0.05694693,0.6732427,0.5992868,0.4293677,
1,29,84.103,0.9900128,1.246872,-0.1514886,-0.05694693,0.6732427,0.5992868,0.4293677,
1,29,84.105,0.9900128,1.246872,-0.1514886,-0.05694693,0.6732427,0.5992868,0.4293677,
1,29,84.107,0.9900128,1.246872,-0.1514886,-0.05694693,0.6732427,0.5992868,0.4293677,
1,29,84.109,0.9900439,1.245994,-0.15306,-0.0583452,0.6734601,0.5986043,0.429791,
1,29,84.111,0.9900439,1.245994,-0.15306,-0.0583452,0.6734601,0.5986043,0.429791,
1,29,84.113,0.9900439,1.245994,-0.15306,-0.0583452,0.6734601,0.5986043,0.429791,
1,29,84.115,0.9900439,1.245994,-0.15306,-0.0583452,0.6734601,0.5986043,0.429791,
1,29,84.117,0.9900439,1.245994,-0.15306,-0.0583452,0.6734601,0.5986043,0.429791,
1,29,84.119,0.989936,1.244894,-0.154736,-0.05776694,0.6730478,0.5980884,0.4312309,
1,29,84.121,0.989936,1.244894,-0.154736,-0.05776694,0.6730478,0.5980884,0.4312309,
1,29,84.123,0.989936,1.244894,-0.154736,-0.05776694,0.6730478,0.5980884,0.4312309,
1,29,84.125,0.989936,1.244894,-0.154736,-0.05776694,0.6730478,0.5980884,0.4312309,
1,29,84.127,0.9893969,1.243607,-0.1566047,-0.05535468,0.6721423,0.5977112,0.4334766,
1,29,84.129,0.9893969,1.243607,-0.1566047,-0.05535468,0.6721423,0.5977112,0.4334766,
1,29,84.131,0.9893969,1.243607,-0.1566047,-0.05535468,0.6721423,0.5977112,0.4334766,
1,29,84.133,0.9893969,1.243607,-0.1566047,-0.05535468,0.6721423,0.5977112,0.4334766,
1,29,84.135,0.9888182,1.24234,-0.158455,-0.05177885,0.6710528,0.5974337,0.4359819,
1,29,84.137,0.9888182,1.24234,-0.158455,-0.05177885,0.6710528,0.5974337,0.4359819,
1,29,84.139,0.9888182,1.24234,-0.158455,-0.05177885,0.6710528,0.5974337,0.4359819,
1,29,84.141,0.9888182,1.24234,-0.158455,-0.05177885,0.6710528,0.5974337,0.4359819,
1,29,84.143,0.9880509,1.241101,-0.1603207,-0.047883,0.6703449,0.5971861,0.4378512,
1,29,84.145,0.9880509,1.241101,-0.1603207,-0.047883,0.6703449,0.5971861,0.4378512,
1,29,84.147,0.9880509,1.241101,-0.1603207,-0.047883,0.6703449,0.5971861,0.4378512,
1,29,84.149,0.9880509,1.241101,-0.1603207,-0.047883,0.6703449,0.5971861,0.4378512,
1,29,84.151,0.9874585,1.24001,-0.1620236,-0.04424971,0.6700738,0.5969454,0.4389752,
1,29,84.153,0.9874585,1.24001,-0.1620236,-0.04424971,0.6700738,0.5969454,0.4389752,
1,29,84.155,0.9874585,1.24001,-0.1620236,-0.04424971,0.6700738,0.5969454,0.4389752,
1,29,84.157,0.9874585,1.24001,-0.1620236,-0.04424971,0.6700738,0.5969454,0.4389752,
1,29,84.159,0.9867272,1.239091,-0.1636996,-0.04070839,0.6704187,0.5966825,0.4391486,
1,29,84.161,0.9867272,1.239091,-0.1636996,-0.04070839,0.6704187,0.5966825,0.4391486,
1,29,84.163,0.9867272,1.239091,-0.1636996,-0.04070839,0.6704187,0.5966825,0.4391486,
1,29,84.165,0.9867272,1.239091,-0.1636996,-0.04070839,0.6704187,0.5966825,0.4391486,
1,29,84.167,0.9867272,1.239091,-0.1636996,-0.04070839,0.6704187,0.5966825,0.4391486,
1,29,84.169,0.9859748,1.238385,-0.1653757,-0.03695151,0.6710059,0.5963576,0.4390255,
1,29,84.171,0.9859748,1.238385,-0.1653757,-0.03695151,0.6710059,0.5963576,0.4390255,
1,29,84.173,0.9859748,1.238385,-0.1653757,-0.03695151,0.6710059,0.5963576,0.4390255,
1,29,84.175,0.9859748,1.238385,-0.1653757,-0.03695151,0.6710059,0.5963576,0.4390255,
1,29,84.177,0.985485,1.237838,-0.1668436,-0.03334656,0.6715474,0.5959908,0.4389843,
1,29,84.179,0.985485,1.237838,-0.1668436,-0.03334656,0.6715474,0.5959908,0.4389843,
1,29,84.181,0.985485,1.237838,-0.1668436,-0.03334656,0.6715474,0.5959908,0.4389843,
1,29,84.183,0.985485,1.237838,-0.1668436,-0.03334656,0.6715474,0.5959908,0.4389843,
1,29,84.185,0.9850653,1.23752,-0.1683167,-0.02948034,0.6721704,0.5955681,0.4388811,
1,29,84.187,0.9850653,1.23752,-0.1683167,-0.02948034,0.6721704,0.5955681,0.4388811,
1,29,84.189,0.9850653,1.23752,-0.1683167,-0.02948034,0.6721704,0.5955681,0.4388811,
1,29,84.191,0.9850653,1.23752,-0.1683167,-0.02948034,0.6721704,0.5955681,0.4388811,
1,29,84.193,0.9847842,1.237032,-0.16964,-0.025895,0.6730487,0.5948301,0.4387621,
1,29,84.195,0.9847842,1.237032,-0.16964,-0.025895,0.6730487,0.5948301,0.4387621,
1,29,84.197,0.9847842,1.237032,-0.16964,-0.025895,0.6730487,0.5948301,0.4387621,
1,29,84.199,0.9847842,1.237032,-0.16964,-0.025895,0.6730487,0.5948301,0.4387621,
1,29,84.201,0.9844731,1.236666,-0.1709021,-0.02239338,0.6742197,0.5939133,0.4383989,
1,29,84.203,0.9844731,1.236666,-0.1709021,-0.02239338,0.6742197,0.5939133,0.4383989,
1,29,84.205,0.9844731,1.236666,-0.1709021,-0.02239338,0.6742197,0.5939133,0.4383989,
1,29,84.207,0.9844731,1.236666,-0.1709021,-0.02239338,0.6742197,0.5939133,0.4383989,
1,29,84.209,0.9845085,1.236689,-0.1719755,-0.01929513,0.6754657,0.5930187,0.4378388,
1,29,84.211,0.9845085,1.236689,-0.1719755,-0.01929513,0.6754657,0.5930187,0.4378388,
1,29,84.213,0.9845085,1.236689,-0.1719755,-0.01929513,0.6754657,0.5930187,0.4378388,
1,29,84.215,0.9845085,1.236689,-0.1719755,-0.01929513,0.6754657,0.5930187,0.4378388,
1,29,84.217,0.9845085,1.236689,-0.1719755,-0.01929513,0.6754657,0.5930187,0.4378388,
1,29,84.219,0.9849063,1.236977,-0.1730191,-0.01643866,0.6766598,0.5921998,0.4372191,
1,29,84.221,0.9849063,1.236977,-0.1730191,-0.01643866,0.6766598,0.5921998,0.4372191,
1,29,84.223,0.9849063,1.236977,-0.1730191,-0.01643866,0.6766598,0.5921998,0.4372191,
1,29,84.225,0.9849063,1.236977,-0.1730191,-0.01643866,0.6766598,0.5921998,0.4372191,
1,29,84.227,0.9854276,1.237849,-0.1740781,-0.01342157,0.6774805,0.591663,0.4367779,
1,29,84.229,0.9854276,1.237849,-0.1740781,-0.01342157,0.6774805,0.591663,0.4367779,
1,29,84.231,0.9854276,1.237849,-0.1740781,-0.01342157,0.6774805,0.591663,0.4367779,
1,29,84.233,0.9854276,1.237849,-0.1740781,-0.01342157,0.6774805,0.591663,0.4367779,
1,29,84.235,0.9858706,1.23858,-0.1749773,-0.01001671,0.6781774,0.5908824,0.4368445,
1,29,84.237,0.9858706,1.23858,-0.1749773,-0.01001671,0.6781774,0.5908824,0.4368445,
1,29,84.239,0.9858706,1.23858,-0.1749773,-0.01001671,0.6781774,0.5908824,0.4368445,
1,29,84.241,0.9858706,1.23858,-0.1749773,-0.01001671,0.6781774,0.5908824,0.4368445,
1,29,84.243,0.9863386,1.239618,-0.1758567,-0.005695194,0.6781527,0.5902414,0.4378259,
1,29,84.245,0.9863386,1.239618,-0.1758567,-0.005695194,0.6781527,0.5902414,0.4378259,
1,29,84.247,0.9863386,1.239618,-0.1758567,-0.005695194,0.6781527,0.5902414,0.4378259,
1,29,84.249,0.9863386,1.239618,-0.1758567,-0.005695194,0.6781527,0.5902414,0.4378259,
1,29,84.251,0.9868153,1.240722,-0.1767049,-0.001114994,0.6779613,0.5895063,0.4391465,
1,29,84.253,0.9868153,1.240722,-0.1767049,-0.001114994,0.6779613,0.5895063,0.4391465,
1,29,84.255,0.9868153,1.240722,-0.1767049,-0.001114994,0.6779613,0.5895063,0.4391465,
1,29,84.257,0.9868153,1.240722,-0.1767049,-0.001114994,0.6779613,0.5895063,0.4391465,
1,29,84.259,0.9876243,1.242241,-0.1773594,0.003450185,0.6773616,0.5889465,0.4408077,
1,29,84.261,0.9876243,1.242241,-0.1773594,0.003450185,0.6773616,0.5889465,0.4408077,
1,29,84.263,0.9876243,1.242241,-0.1773594,0.003450185,0.6773616,0.5889465,0.4408077,
1,29,84.265,0.9876243,1.242241,-0.1773594,0.003450185,0.6773616,0.5889465,0.4408077,
1,29,84.267,0.9876243,1.242241,-0.1773594,0.003450185,0.6773616,0.5889465,0.4408077,
1,29,84.269,0.9883863,1.243748,-0.1781223,0.007515371,0.6771834,0.5882649,0.4419394,
1,29,84.271,0.9883863,1.243748,-0.1781223,0.007515371,0.6771834,0.5882649,0.4419394,
1,29,84.273,0.9883863,1.243748,-0.1781223,0.007515371,0.6771834,0.5882649,0.4419394,
1,29,84.275,0.9883863,1.243748,-0.1781223,0.007515371,0.6771834,0.5882649,0.4419394,
1,29,84.277,0.9894598,1.245458,-0.1787697,0.01131296,0.6770154,0.5876914,0.4428782,
1,29,84.279,0.9894598,1.245458,-0.1787697,0.01131296,0.6770154,0.5876914,0.4428782,
1,29,84.281,0.9894598,1.245458,-0.1787697,0.01131296,0.6770154,0.5876914,0.4428782,
1,29,84.283,0.9894598,1.245458,-0.1787697,0.01131296,0.6770154,0.5876914,0.4428782,
1,29,84.285,0.9903637,1.246901,-0.1792784,0.0146406,0.6773027,0.5868015,0.4435208,
1,29,84.287,0.9903637,1.246901,-0.1792784,0.0146406,0.6773027,0.5868015,0.4435208,
1,29,84.289,0.9903637,1.246901,-0.1792784,0.0146406,0.6773027,0.5868015,0.4435208,
1,29,84.291,0.9903637,1.246901,-0.1792784,0.0146406,0.6773027,0.5868015,0.4435208,
1,29,84.293,0.9912281,1.248348,-0.1798274,0.01777583,0.6777076,0.5858628,0.4440285,
1,29,84.295,0.9912281,1.248348,-0.1798274,0.01777583,0.6777076,0.5858628,0.4440285,
1,29,84.297,0.9912281,1.248348,-0.1798274,0.01777583,0.6777076,0.5858628,0.4440285,
1,29,84.299,0.9912281,1.248348,-0.1798274,0.01777583,0.6777076,0.5858628,0.4440285,
1,29,84.301,0.9923007,1.249877,-0.180408,0.02047357,0.6782533,0.5850435,0.4441592,
1,29,84.303,0.9923007,1.249877,-0.180408,0.02047357,0.6782533,0.5850435,0.4441592,
1,29,84.305,0.9923007,1.249877,-0.180408,0.02047357,0.6782533,0.5850435,0.4441592,
1,29,84.307,0.9923007,1.249877,-0.180408,0.02047357,0.6782533,0.5850435,0.4441592,
1,29,84.309,0.9933416,1.251399,-0.1809551,0.02309915,0.6787057,0.5843278,0.4442815,
1,29,84.311,0.9933416,1.251399,-0.1809551,0.02309915,0.6787057,0.5843278,0.4442815,
1,29,84.313,0.9933416,1.251399,-0.1809551,0.02309915,0.6787057,0.5843278,0.4442815,
1,29,84.315,0.9933416,1.251399,-0.1809551,0.02309915,0.6787057,0.5843278,0.4442815,
1,29,84.317,0.9933416,1.251399,-0.1809551,0.02309915,0.6787057,0.5843278,0.4442815,
1,29,84.319,0.9944962,1.252762,-0.1815209,0.02499992,0.6795243,0.5836667,0.443796,
1,29,84.321,0.9944962,1.252762,-0.1815209,0.02499992,0.6795243,0.5836667,0.443796,
1,29,84.323,0.9944962,1.252762,-0.1815209,0.02499992,0.6795243,0.5836667,0.443796,
1,29,84.325,0.9944962,1.252762,-0.1815209,0.02499992,0.6795243,0.5836667,0.443796,
1,29,84.327,0.9955955,1.253891,-0.1820686,0.02629411,0.6807683,0.5830201,0.4426633,
1,29,84.329,0.9955955,1.253891,-0.1820686,0.02629411,0.6807683,0.5830201,0.4426633,
1,29,84.331,0.9955955,1.253891,-0.1820686,0.02629411,0.6807683,0.5830201,0.4426633,
1,29,84.333,0.9955955,1.253891,-0.1820686,0.02629411,0.6807683,0.5830201,0.4426633,
1,29,84.335,0.9965022,1.254805,-0.1827897,0.02715996,0.6822065,0.5825875,0.4409632,
1,29,84.337,0.9965022,1.254805,-0.1827897,0.02715996,0.6822065,0.5825875,0.4409632,
1,29,84.339,0.9965022,1.254805,-0.1827897,0.02715996,0.6822065,0.5825875,0.4409632,
1,29,84.341,0.9965022,1.254805,-0.1827897,0.02715996,0.6822065,0.5825875,0.4409632,
1,29,84.343,0.9978268,1.255802,-0.1835855,0.02803957,0.6831094,0.5824612,0.4396753,
1,29,84.345,0.9978268,1.255802,-0.1835855,0.02803957,0.6831094,0.5824612,0.4396753,
1,29,84.347,0.9978268,1.255802,-0.1835855,0.02803957,0.6831094,0.5824612,0.4396753,
1,29,84.349,0.9978268,1.255802,-0.1835855,0.02803957,0.6831094,0.5824612,0.4396753,
1,29,84.351,0.9990172,1.256494,-0.1846025,0.02927232,0.6835917,0.5824276,0.438889,
1,29,84.353,0.9990172,1.256494,-0.1846025,0.02927232,0.6835917,0.5824276,0.438889,
1,29,84.355,0.9990172,1.256494,-0.1846025,0.02927232,0.6835917,0.5824276,0.438889,
1,29,84.357,0.9990172,1.256494,-0.1846025,0.02927232,0.6835917,0.5824276,0.438889,
1,29,84.359,0.9999617,1.25686,-0.1856339,0.03106818,0.6836109,0.5823987,0.4387741,
1,29,84.361,0.9999617,1.25686,-0.1856339,0.03106818,0.6836109,0.5823987,0.4387741,
1,29,84.363,0.9999617,1.25686,-0.1856339,0.03106818,0.6836109,0.5823987,0.4387741,
1,29,84.365,0.9999617,1.25686,-0.1856339,0.03106818,0.6836109,0.5823987,0.4387741,
1,29,84.367,0.9999617,1.25686,-0.1856339,0.03106818,0.6836109,0.5823987,0.4387741,
1,29,84.369,1.000844,1.257072,-0.1867625,0.03334749,0.6831496,0.5824937,0.4391988,
1,29,84.371,1.000844,1.257072,-0.1867625,0.03334749,0.6831496,0.5824937,0.4391988,
1,29,84.373,1.000844,1.257072,-0.1867625,0.03334749,0.6831496,0.5824937,0.4391988,
1,29,84.375,1.000844,1.257072,-0.1867625,0.03334749,0.6831496,0.5824937,0.4391988,
1,29,84.377,1.001727,1.2571,-0.188214,0.03567892,0.68252,0.5827823,0.4396114,
1,29,84.379,1.001727,1.2571,-0.188214,0.03567892,0.68252,0.5827823,0.4396114,
1,29,84.381,1.001727,1.2571,-0.188214,0.03567892,0.68252,0.5827823,0.4396114,
1,29,84.383,1.001727,1.2571,-0.188214,0.03567892,0.68252,0.5827823,0.4396114,
1,29,84.385,1.002613,1.256951,-0.1896068,0.0380947,0.6815401,0.5831532,0.4404364,
1,29,84.387,1.002613,1.256951,-0.1896068,0.0380947,0.6815401,0.5831532,0.4404364,
1,29,84.389,1.002613,1.256951,-0.1896068,0.0380947,0.6815401,0.5831532,0.4404364,
1,29,84.391,1.002613,1.256951,-0.1896068,0.0380947,0.6815401,0.5831532,0.4404364,
1,29,84.393,1.003341,1.256678,-0.1909746,0.04068607,0.6803211,0.5836077,0.4414862,
1,29,84.395,1.003341,1.256678,-0.1909746,0.04068607,0.6803211,0.5836077,0.4414862,
1,29,84.397,1.003341,1.256678,-0.1909746,0.04068607,0.6803211,0.5836077,0.4414862,
1,29,84.399,1.003341,1.256678,-0.1909746,0.04068607,0.6803211,0.5836077,0.4414862,
1,29,84.401,1.003733,1.256333,-0.1926597,0.04370105,0.678896,0.5841374,0.4426897,
1,29,84.403,1.003733,1.256333,-0.1926597,0.04370105,0.678896,0.5841374,0.4426897,
1,29,84.405,1.003733,1.256333,-0.1926597,0.04370105,0.678896,0.5841374,0.4426897,
1,29,84.407,1.003733,1.256333,-0.1926597,0.04370105,0.678896,0.5841374,0.4426897,
1,29,84.409,1.004473,1.255996,-0.1943634,0.0465692,0.6770549,0.5848781,0.4442361,
1,29,84.411,1.004473,1.255996,-0.1943634,0.0465692,0.6770549,0.5848781,0.4442361,
1,29,84.413,1.004473,1.255996,-0.1943634,0.0465692,0.6770549,0.5848781,0.4442361,
1,29,84.415,1.004473,1.255996,-0.1943634,0.0465692,0.6770549,0.5848781,0.4442361,
1,29,84.417,1.004473,1.255996,-0.1943634,0.0465692,0.6770549,0.5848781,0.4442361,
1,29,84.419,1.005358,1.255739,-0.1959806,0.04933637,0.6748306,0.5857919,0.4461139,
1,29,84.421,1.005358,1.255739,-0.1959806,0.04933637,0.6748306,0.5857919,0.4461139,
1,29,84.423,1.005358,1.255739,-0.1959806,0.04933637,0.6748306,0.5857919,0.4461139,
1,29,84.425,1.005358,1.255739,-0.1959806,0.04933637,0.6748306,0.5857919,0.4461139,
1,29,84.427,1.00599,1.255348,-0.1976276,0.05165756,0.6729075,0.5866557,0.4476183,
1,29,84.429,1.00599,1.255348,-0.1976276,0.05165756,0.6729075,0.5866557,0.4476183,
1,29,84.431,1.00599,1.255348,-0.1976276,0.05165756,0.6729075,0.5866557,0.4476183,
1,29,84.433,1.00599,1.255348,-0.1976276,0.05165756,0.6729075,0.5866557,0.4476183,
1,29,84.435,1.006572,1.254835,-0.1991713,0.05348101,0.6712433,0.5875475,0.448732,
1,29,84.437,1.006572,1.254835,-0.1991713,0.05348101,0.6712433,0.5875475,0.448732,
1,29,84.439,1.006572,1.254835,-0.1991713,0.05348101,0.6712433,0.5875475,0.448732,
1,29,84.441,1.006572,1.254835,-0.1991713,0.05348101,0.6712433,0.5875475,0.448732,
1,29,84.443,1.00754,1.254688,-0.2007475,0.05447641,0.6696136,0.5888432,0.4493481,
1,29,84.445,1.00754,1.254688,-0.2007475,0.05447641,0.6696136,0.5888432,0.4493481,
1,29,84.447,1.00754,1.254688,-0.2007475,0.05447641,0.6696136,0.5888432,0.4493481,
1,29,84.449,1.00754,1.254688,-0.2007475,0.05447641,0.6696136,0.5888432,0.4493481,
1,29,84.451,1.008288,1.254521,-0.2023316,0.05435959,0.6688357,0.5902226,0.4487106,
1,29,84.453,1.008288,1.254521,-0.2023316,0.05435959,0.6688357,0.5902226,0.4487106,
1,29,84.455,1.008288,1.254521,-0.2023316,0.05435959,0.6688357,0.5902226,0.4487106,
1,29,84.457,1.008288,1.254521,-0.2023316,0.05435959,0.6688357,0.5902226,0.4487106,
1,29,84.459,1.009083,1.254199,-0.2037807,0.05347961,0.6683803,0.5916218,0.4476508,
1,29,84.461,1.009083,1.254199,-0.2037807,0.05347961,0.6683803,0.5916218,0.4476508,
1,29,84.463,1.009083,1.254199,-0.2037807,0.05347961,0.6683803,0.5916218,0.4476508,
1,29,84.465,1.009083,1.254199,-0.2037807,0.05347961,0.6683803,0.5916218,0.4476508,
1,29,84.467,1.009083,1.254199,-0.2037807,0.05347961,0.6683803,0.5916218,0.4476508,
1,29,84.469,1.00993,1.254007,-0.2052086,0.05236465,0.6678042,0.5931597,0.4466062,
1,29,84.471,1.00993,1.254007,-0.2052086,0.05236465,0.6678042,0.5931597,0.4466062,
1,29,84.473,1.00993,1.254007,-0.2052086,0.05236465,0.6678042,0.5931597,0.4466062,
1,29,84.475,1.00993,1.254007,-0.2052086,0.05236465,0.6678042,0.5931597,0.4466062,
1,29,84.477,1.010801,1.253635,-0.2065125,0.0514017,0.6670579,0.5945467,0.4459887,
1,29,84.479,1.010801,1.253635,-0.2065125,0.0514017,0.6670579,0.5945467,0.4459887,
1,29,84.481,1.010801,1.253635,-0.2065125,0.0514017,0.6670579,0.5945467,0.4459887,
1,29,84.483,1.010801,1.253635,-0.2065125,0.0514017,0.6670579,0.5945467,0.4459887,
1,29,84.485,1.012005,1.253609,-0.2078157,0.05061933,0.6655758,0.5961892,0.4460999,
1,29,84.487,1.012005,1.253609,-0.2078157,0.05061933,0.6655758,0.5961892,0.4460999,
1,29,84.489,1.012005,1.253609,-0.2078157,0.05061933,0.6655758,0.5961892,0.4460999,
1,29,84.491,1.012005,1.253609,-0.2078157,0.05061933,0.6655758,0.5961892,0.4460999,
1,29,84.493,1.01323,1.253489,-0.2090639,0.050134,0.6638084,0.5977681,0.4466749,
1,29,84.495,1.01323,1.253489,-0.2090639,0.050134,0.6638084,0.5977681,0.4466749,
1,29,84.497,1.01323,1.253489,-0.2090639,0.050134,0.6638084,0.5977681,0.4466749,
1,29,84.499,1.01323,1.253489,-0.2090639,0.050134,0.6638084,0.5977681,0.4466749,
1,29,84.501,1.014083,1.253108,-0.210214,0.04943252,0.6623956,0.5992321,0.4468887,
1,29,84.503,1.014083,1.253108,-0.210214,0.04943252,0.6623956,0.5992321,0.4468887,
1,29,84.505,1.014083,1.253108,-0.210214,0.04943252,0.6623956,0.5992321,0.4468887,
1,29,84.507,1.014083,1.253108,-0.210214,0.04943252,0.6623956,0.5992321,0.4468887,
1,29,84.509,1.015167,1.252682,-0.21125,0.04792875,0.6613277,0.6008085,0.4465173,
1,29,84.511,1.015167,1.252682,-0.21125,0.04792875,0.6613277,0.6008085,0.4465173,
1,29,84.513,1.015167,1.252682,-0.21125,0.04792875,0.6613277,0.6008085,0.4465173,
1,29,84.515,1.015167,1.252682,-0.21125,0.04792875,0.6613277,0.6008085,0.4465173,
1,29,84.517,1.015167,1.252682,-0.21125,0.04792875,0.6613277,0.6008085,0.4465173,
1,29,84.519,1.016375,1.252461,-0.2120394,0.04535988,0.6608877,0.6025881,0.4450368,
1,29,84.521,1.016375,1.252461,-0.2120394,0.04535988,0.6608877,0.6025881,0.4450368,
1,29,84.523,1.016375,1.252461,-0.2120394,0.04535988,0.6608877,0.6025881,0.4450368,
1,29,84.525,1.016375,1.252461,-0.2120394,0.04535988,0.6608877,0.6025881,0.4450368,
1,29,84.527,1.017505,1.251934,-0.2128073,0.04199997,0.6612236,0.6042561,0.4425992,
1,29,84.529,1.017505,1.251934,-0.2128073,0.04199997,0.6612236,0.6042561,0.4425992,
1,29,84.531,1.017505,1.251934,-0.2128073,0.04199997,0.6612236,0.6042561,0.4425992,
1,29,84.533,1.017505,1.251934,-0.2128073,0.04199997,0.6612236,0.6042561,0.4425992,
1,29,84.535,1.018737,1.25152,-0.2134753,0.03837192,0.6615824,0.6061014,0.4398609,
1,29,84.537,1.018737,1.25152,-0.2134753,0.03837192,0.6615824,0.6061014,0.4398609,
1,29,84.539,1.018737,1.25152,-0.2134753,0.03837192,0.6615824,0.6061014,0.4398609,
1,29,84.541,1.018737,1.25152,-0.2134753,0.03837192,0.6615824,0.6061014,0.4398609,
1,29,84.543,1.019593,1.250976,-0.2141099,0.03546846,0.6619334,0.6077814,0.4372503,
1,29,84.545,1.019593,1.250976,-0.2141099,0.03546846,0.6619334,0.6077814,0.4372503,
1,29,84.547,1.019593,1.250976,-0.2141099,0.03546846,0.6619334,0.6077814,0.4372503,
1,29,84.549,1.019593,1.250976,-0.2141099,0.03546846,0.6619334,0.6077814,0.4372503,
1,29,84.551,1.020435,1.250711,-0.2147643,0.03329945,0.6616523,0.6096768,0.4352028,
1,29,84.553,1.020435,1.250711,-0.2147643,0.03329945,0.6616523,0.6096768,0.4352028,
1,29,84.555,1.020435,1.250711,-0.2147643,0.03329945,0.6616523,0.6096768,0.4352028,
1,29,84.557,1.020435,1.250711,-0.2147643,0.03329945,0.6616523,0.6096768,0.4352028,
1,29,84.559,1.020953,1.250212,-0.2153172,0.03175908,0.661379,0.6113062,0.4334444,
1,29,84.561,1.020953,1.250212,-0.2153172,0.03175908,0.661379,0.6113062,0.4334444,
1,29,84.563,1.020953,1.250212,-0.2153172,0.03175908,0.661379,0.6113062,0.4334444,
1,29,84.565,1.020953,1.250212,-0.2153172,0.03175908,0.661379,0.6113062,0.4334444,
1,29,84.567,1.020953,1.250212,-0.2153172,0.03175908,0.661379,0.6113062,0.4334444,
1,29,84.569,1.021424,1.249912,-0.2158927,0.03110692,0.6605727,0.6131151,0.4321643,
1,29,84.571,1.021424,1.249912,-0.2158927,0.03110692,0.6605727,0.6131151,0.4321643,
1,29,84.573,1.021424,1.249912,-0.2158927,0.03110692,0.6605727,0.6131151,0.4321643,
1,29,84.575,1.021424,1.249912,-0.2158927,0.03110692,0.6605727,0.6131151,0.4321643,
1,29,84.577,1.021606,1.24955,-0.2165814,0.03099492,0.659795,0.6147859,0.4309852,
1,29,84.579,1.021606,1.24955,-0.2165814,0.03099492,0.659795,0.6147859,0.4309852,
1,29,84.581,1.021606,1.24955,-0.2165814,0.03099492,0.659795,0.6147859,0.4309852,
1,29,84.583,1.021606,1.24955,-0.2165814,0.03099492,0.659795,0.6147859,0.4309852,
1,29,84.585,1.02168,1.24941,-0.2173004,0.03133306,0.6587285,0.6165812,0.4300263,
1,29,84.587,1.02168,1.24941,-0.2173004,0.03133306,0.6587285,0.6165812,0.4300263,
1,29,84.589,1.02168,1.24941,-0.2173004,0.03133306,0.6587285,0.6165812,0.4300263,
1,29,84.591,1.02168,1.24941,-0.2173004,0.03133306,0.6587285,0.6165812,0.4300263,
1,29,84.593,1.021687,1.24927,-0.2179396,0.03180629,0.6577095,0.6182485,0.4291567,
1,29,84.595,1.021687,1.24927,-0.2179396,0.03180629,0.6577095,0.6182485,0.4291567,
1,29,84.597,1.021687,1.24927,-0.2179396,0.03180629,0.6577095,0.6182485,0.4291567,
1,29,84.599,1.021687,1.24927,-0.2179396,0.03180629,0.6577095,0.6182485,0.4291567,
1,29,84.601,1.021808,1.249259,-0.2186794,0.03169739,0.656865,0.6199443,0.4280102,
1,29,84.603,1.021808,1.249259,-0.2186794,0.03169739,0.656865,0.6199443,0.4280102,
1,29,84.605,1.021808,1.249259,-0.2186794,0.03169739,0.656865,0.6199443,0.4280102,
1,29,84.607,1.021808,1.249259,-0.2186794,0.03169739,0.656865,0.6199443,0.4280102,
1,29,84.609,1.021862,1.249074,-0.219389,0.03141809,0.6564608,0.6212933,0.426693,
1,29,84.611,1.021862,1.249074,-0.219389,0.03141809,0.6564608,0.6212933,0.426693,
1,29,84.613,1.021862,1.249074,-0.219389,0.03141809,0.6564608,0.6212933,0.426693,
1,29,84.615,1.021862,1.249074,-0.219389,0.03141809,0.6564608,0.6212933,0.426693,
1,29,84.617,1.021862,1.249074,-0.219389,0.03141809,0.6564608,0.6212933,0.426693,
1,29,84.619,1.022101,1.249014,-0.2200359,0.03069431,0.6561427,0.6225758,0.4253634,
1,29,84.621,1.022101,1.249014,-0.2200359,0.03069431,0.6561427,0.6225758,0.4253634,
1,29,84.623,1.022101,1.249014,-0.2200359,0.03069431,0.6561427,0.6225758,0.4253634,
1,29,84.625,1.022101,1.249014,-0.2200359,0.03069431,0.6561427,0.6225758,0.4253634,
1,29,84.627,1.022669,1.248881,-0.2206562,0.02943629,0.6560257,0.6235813,0.4241583,
1,29,84.629,1.022669,1.248881,-0.2206562,0.02943629,0.6560257,0.6235813,0.4241583,
1,29,84.631,1.022669,1.248881,-0.2206562,0.02943629,0.6560257,0.6235813,0.4241583,
1,29,84.633,1.022669,1.248881,-0.2206562,0.02943629,0.6560257,0.6235813,0.4241583,
1,29,84.635,1.023271,1.248752,-0.2213042,0.02799681,0.6561195,0.6243404,0.4229923,
1,29,84.637,1.023271,1.248752,-0.2213042,0.02799681,0.6561195,0.6243404,0.4229923,
1,29,84.639,1.023271,1.248752,-0.2213042,0.02799681,0.6561195,0.6243404,0.4229923,
1,29,84.641,1.023271,1.248752,-0.2213042,0.02799681,0.6561195,0.6243404,0.4229923,
1,29,84.643,1.023861,1.248462,-0.2220071,0.02653483,0.6563851,0.6247925,0.4220059,
1,29,84.645,1.023861,1.248462,-0.2220071,0.02653483,0.6563851,0.6247925,0.4220059,
1,29,84.647,1.023861,1.248462,-0.2220071,0.02653483,0.6563851,0.6247925,0.4220059,
1,29,84.649,1.023861,1.248462,-0.2220071,0.02653483,0.6563851,0.6247925,0.4220059,
1,29,84.651,1.024579,1.24824,-0.222709,0.02539402,0.6564246,0.625122,0.4215263,
1,29,84.653,1.024579,1.24824,-0.222709,0.02539402,0.6564246,0.625122,0.4215263,
1,29,84.655,1.024579,1.24824,-0.222709,0.02539402,0.6564246,0.625122,0.4215263,
1,29,84.657,1.024579,1.24824,-0.222709,0.02539402,0.6564246,0.625122,0.4215263,
1,29,84.659,1.025568,1.247917,-0.2232646,0.02437809,0.6562206,0.6252953,0.4216468,
1,29,84.661,1.025568,1.247917,-0.2232646,0.02437809,0.6562206,0.6252953,0.4216468,
1,29,84.663,1.025568,1.247917,-0.2232646,0.02437809,0.6562206,0.6252953,0.4216468,
1,29,84.665,1.025568,1.247917,-0.2232646,0.02437809,0.6562206,0.6252953,0.4216468,
1,29,84.667,1.025568,1.247917,-0.2232646,0.02437809,0.6562206,0.6252953,0.4216468,
1,29,84.669,1.026423,1.247708,-0.2237854,0.02335647,0.6561381,0.6253647,0.4217301,
1,29,84.671,1.026423,1.247708,-0.2237854,0.02335647,0.6561381,0.6253647,0.4217301,
1,29,84.673,1.026423,1.247708,-0.2237854,0.02335647,0.6561381,0.6253647,0.4217301,
1,29,84.675,1.026423,1.247708,-0.2237854,0.02335647,0.6561381,0.6253647,0.4217301,
1,29,84.677,1.027128,1.247429,-0.2243518,0.02235538,0.6563057,0.625288,0.4216372,
1,29,84.679,1.027128,1.247429,-0.2243518,0.02235538,0.6563057,0.625288,0.4216372,
1,29,84.681,1.027128,1.247429,-0.2243518,0.02235538,0.6563057,0.625288,0.4216372,
1,29,84.683,1.027128,1.247429,-0.2243518,0.02235538,0.6563057,0.625288,0.4216372,
1,29,84.685,1.027795,1.247079,-0.224957,0.02127138,0.6567176,0.6251325,0.4212825,
1,29,84.687,1.027795,1.247079,-0.224957,0.02127138,0.6567176,0.6251325,0.4212825,
1,29,84.689,1.027795,1.247079,-0.224957,0.02127138,0.6567176,0.6251325,0.4212825,
1,29,84.691,1.027795,1.247079,-0.224957,0.02127138,0.6567176,0.6251325,0.4212825,
1,29,84.693,1.028384,1.246809,-0.2255072,0.02040541,0.6571233,0.6249416,0.4209758,
1,29,84.695,1.028384,1.246809,-0.2255072,0.02040541,0.6571233,0.6249416,0.4209758,
1,29,84.697,1.028384,1.246809,-0.2255072,0.02040541,0.6571233,0.6249416,0.4209758,
1,29,84.699,1.028384,1.246809,-0.2255072,0.02040541,0.6571233,0.6249416,0.4209758,
1,29,84.701,1.028966,1.246612,-0.2259961,0.01971123,0.6575016,0.6247698,0.4206733,
1,29,84.703,1.028966,1.246612,-0.2259961,0.01971123,0.6575016,0.6247698,0.4206733,
1,29,84.705,1.028966,1.246612,-0.2259961,0.01971123,0.6575016,0.6247698,0.4206733,
1,29,84.707,1.028966,1.246612,-0.2259961,0.01971123,0.6575016,0.6247698,0.4206733,
1,29,84.709,1.029627,1.246554,-0.2264755,0.01926729,0.657708,0.6246821,0.4205009,
1,29,84.711,1.029627,1.246554,-0.2264755,0.01926729,0.657708,0.6246821,0.4205009,
1,29,84.713,1.029627,1.246554,-0.2264755,0.01926729,0.657708,0.6246821,0.4205009,
1,29,84.715,1.029627,1.246554,-0.2264755,0.01926729,0.657708,0.6246821,0.4205009,
1,29,84.717,1.029627,1.246554,-0.2264755,0.01926729,0.657708,0.6246821,0.4205009,
1,29,84.719,1.030168,1.246408,-0.2269516,0.01893052,0.6580121,0.6245164,0.4202869,
1,29,84.721,1.030168,1.246408,-0.2269516,0.01893052,0.6580121,0.6245164,0.4202869,
1,29,84.723,1.030168,1.246408,-0.2269516,0.01893052,0.6580121,0.6245164,0.4202869,
1,29,84.725,1.030168,1.246408,-0.2269516,0.01893052,0.6580121,0.6245164,0.4202869,
1,29,84.727,1.030618,1.246158,-0.2273943,0.01884943,0.6583308,0.6242715,0.4201553,
1,29,84.729,1.030618,1.246158,-0.2273943,0.01884943,0.6583308,0.6242715,0.4201553,
1,29,84.731,1.030618,1.246158,-0.2273943,0.01884943,0.6583308,0.6242715,0.4201553,
1,29,84.733,1.030618,1.246158,-0.2273943,0.01884943,0.6583308,0.6242715,0.4201553,
1,29,84.735,1.031006,1.245881,-0.2277682,0.01895058,0.65861,0.6240277,0.4200752,
1,29,84.737,1.031006,1.245881,-0.2277682,0.01895058,0.65861,0.6240277,0.4200752,
1,29,84.739,1.031006,1.245881,-0.2277682,0.01895058,0.65861,0.6240277,0.4200752,
1,29,84.741,1.031006,1.245881,-0.2277682,0.01895058,0.65861,0.6240277,0.4200752,
1,29,84.743,1.031268,1.245634,-0.2280384,0.01925856,0.6588393,0.6238247,0.4200031,
1,29,84.745,1.031268,1.245634,-0.2280384,0.01925856,0.6588393,0.6238247,0.4200031,
1,29,84.747,1.031268,1.245634,-0.2280384,0.01925856,0.6588393,0.6238247,0.4200031,
1,29,84.749,1.031268,1.245634,-0.2280384,0.01925856,0.6588393,0.6238247,0.4200031,
1,29,84.751,1.031402,1.245328,-0.2283655,0.01963297,0.6591837,0.6236405,0.4197186,
1,29,84.753,1.031402,1.245328,-0.2283655,0.01963297,0.6591837,0.6236405,0.4197186,
1,29,84.755,1.031402,1.245328,-0.2283655,0.01963297,0.6591837,0.6236405,0.4197186,
1,29,84.757,1.031402,1.245328,-0.2283655,0.01963297,0.6591837,0.6236405,0.4197186,
1,29,84.759,1.03143,1.245059,-0.2287203,0.02007127,0.659541,0.6235561,0.4192621,
1,29,84.761,1.03143,1.245059,-0.2287203,0.02007127,0.659541,0.6235561,0.4192621,
1,29,84.763,1.03143,1.245059,-0.2287203,0.02007127,0.659541,0.6235561,0.4192621,
1,29,84.765,1.03143,1.245059,-0.2287203,0.02007127,0.659541,0.6235561,0.4192621,
1,29,84.767,1.03143,1.245059,-0.2287203,0.02007127,0.659541,0.6235561,0.4192621,
1,29,84.769,1.031442,1.244801,-0.2290311,0.02046978,0.659874,0.6235518,0.418725,
1,29,84.771,1.031442,1.244801,-0.2290311,0.02046978,0.659874,0.6235518,0.418725,
1,29,84.773,1.031442,1.244801,-0.2290311,0.02046978,0.659874,0.6235518,0.418725,
1,29,84.775,1.031442,1.244801,-0.2290311,0.02046978,0.659874,0.6235518,0.418725,
1,29,84.777,1.031392,1.24452,-0.2292932,0.02073744,0.6602747,0.6235858,0.4180287,
1,29,84.779,1.031392,1.24452,-0.2292932,0.02073744,0.6602747,0.6235858,0.4180287,
1,29,84.781,1.031392,1.24452,-0.2292932,0.02073744,0.6602747,0.6235858,0.4180287,
1,29,84.783,1.031392,1.24452,-0.2292932,0.02073744,0.6602747,0.6235858,0.4180287,
1,29,84.785,1.031275,1.244192,-0.2295153,0.02090406,0.6607357,0.6236295,0.4172263,
1,29,84.787,1.031275,1.244192,-0.2295153,0.02090406,0.6607357,0.6236295,0.4172263,
1,29,84.789,1.031275,1.244192,-0.2295153,0.02090406,0.6607357,0.6236295,0.4172263,
1,29,84.791,1.031275,1.244192,-0.2295153,0.02090406,0.6607357,0.6236295,0.4172263,
1,29,84.793,1.031165,1.243775,-0.2297284,0.02112207,0.6611816,0.6236646,0.4164557,
1,29,84.795,1.031165,1.243775,-0.2297284,0.02112207,0.6611816,0.6236646,0.4164557,
1,29,84.797,1.031165,1.243775,-0.2297284,0.02112207,0.6611816,0.6236646,0.4164557,
1,29,84.799,1.031165,1.243775,-0.2297284,0.02112207,0.6611816,0.6236646,0.4164557,
1,29,84.801,1.031016,1.243273,-0.2299605,0.02155551,0.6614902,0.6236746,0.415928,
1,29,84.803,1.031016,1.243273,-0.2299605,0.02155551,0.6614902,0.6236746,0.415928,
1,29,84.805,1.031016,1.243273,-0.2299605,0.02155551,0.6614902,0.6236746,0.415928,
1,29,84.807,1.031016,1.243273,-0.2299605,0.02155551,0.6614902,0.6236746,0.415928,
1,29,84.809,1.030802,1.242796,-0.2302446,0.02224427,0.6615794,0.6237253,0.4156737,
1,29,84.811,1.030802,1.242796,-0.2302446,0.02224427,0.6615794,0.6237253,0.4156737,
1,29,84.813,1.030802,1.242796,-0.2302446,0.02224427,0.6615794,0.6237253,0.4156737,
1,29,84.815,1.030802,1.242796,-0.2302446,0.02224427,0.6615794,0.6237253,0.4156737,
1,29,84.817,1.030802,1.242796,-0.2302446,0.02224427,0.6615794,0.6237253,0.4156737,
1,29,84.819,1.030444,1.242374,-0.2305954,0.02326432,0.6614298,0.623814,0.4157231,
1,29,84.821,1.030444,1.242374,-0.2305954,0.02326432,0.6614298,0.623814,0.4157231,
1,29,84.823,1.030444,1.242374,-0.2305954,0.02326432,0.6614298,0.623814,0.4157231,
1,29,84.825,1.030444,1.242374,-0.2305954,0.02326432,0.6614298,0.623814,0.4157231,
1,29,84.827,1.030128,1.241951,-0.2308972,0.02441484,0.6611029,0.6239179,0.416021,
1,29,84.829,1.030128,1.241951,-0.2308972,0.02441484,0.6611029,0.6239179,0.416021,
1,29,84.831,1.030128,1.241951,-0.2308972,0.02441484,0.6611029,0.6239179,0.416021,
1,29,84.833,1.030128,1.241951,-0.2308972,0.02441484,0.6611029,0.6239179,0.416021,
1,29,84.835,1.02966,1.241473,-0.2312771,0.02564958,0.660732,0.6239668,0.4164623,
1,29,84.837,1.02966,1.241473,-0.2312771,0.02564958,0.660732,0.6239668,0.4164623,
1,29,84.839,1.02966,1.241473,-0.2312771,0.02564958,0.660732,0.6239668,0.4164623,
1,29,84.841,1.02966,1.241473,-0.2312771,0.02564958,0.660732,0.6239668,0.4164623,
1,29,84.843,1.029155,1.240873,-0.2316186,0.02677998,0.6603853,0.6239392,0.4169818,
1,29,84.845,1.029155,1.240873,-0.2316186,0.02677998,0.6603853,0.6239392,0.4169818,
1,29,84.847,1.029155,1.240873,-0.2316186,0.02677998,0.6603853,0.6239392,0.4169818,
1,29,84.849,1.029155,1.240873,-0.2316186,0.02677998,0.6603853,0.6239392,0.4169818,
1,29,84.851,1.028658,1.240267,-0.231947,0.02764049,0.6600735,0.6239077,0.4174663,
1,29,84.853,1.028658,1.240267,-0.231947,0.02764049,0.6600735,0.6239077,0.4174663,
1,29,84.855,1.028658,1.240267,-0.231947,0.02764049,0.6600735,0.6239077,0.4174663,
1,29,84.857,1.028658,1.240267,-0.231947,0.02764049,0.6600735,0.6239077,0.4174663,
1,29,84.859,1.028319,1.239594,-0.2321788,0.02811947,0.6597464,0.6238855,0.4179844,
1,29,84.861,1.028319,1.239594,-0.2321788,0.02811947,0.6597464,0.6238855,0.4179844,
1,29,84.863,1.028319,1.239594,-0.2321788,0.02811947,0.6597464,0.6238855,0.4179844,
1,29,84.865,1.028319,1.239594,-0.2321788,0.02811947,0.6597464,0.6238855,0.4179844,
1,29,84.867,1.028319,1.239594,-0.2321788,0.02811947,0.6597464,0.6238855,0.4179844,
1,29,84.869,1.028118,1.239056,-0.2323803,0.02811667,0.6594857,0.6239241,0.4183382,
1,29,84.871,1.028118,1.239056,-0.2323803,0.02811667,0.6594857,0.6239241,0.4183382,
1,29,84.873,1.028118,1.239056,-0.2323803,0.02811667,0.6594857,0.6239241,0.4183382,
1,29,84.875,1.028118,1.239056,-0.2323803,0.02811667,0.6594857,0.6239241,0.4183382,
1,29,84.877,1.027797,1.238566,-0.2325228,0.02788168,0.6593037,0.6239765,0.4185627,
1,29,84.879,1.027797,1.238566,-0.2325228,0.02788168,0.6593037,0.6239765,0.4185627,
1,29,84.881,1.027797,1.238566,-0.2325228,0.02788168,0.6593037,0.6239765,0.4185627,
1,29,84.883,1.027797,1.238566,-0.2325228,0.02788168,0.6593037,0.6239765,0.4185627,
1,29,84.885,1.027527,1.237998,-0.2326553,0.02726489,0.6592815,0.6240275,0.4185623,
1,29,84.887,1.027527,1.237998,-0.2326553,0.02726489,0.6592815,0.6240275,0.4185623,
1,29,84.889,1.027527,1.237998,-0.2326553,0.02726489,0.6592815,0.6240275,0.4185623,
1,29,84.891,1.027527,1.237998,-0.2326553,0.02726489,0.6592815,0.6240275,0.4185623,
1,29,84.893,1.0273,1.237528,-0.2326941,0.02659979,0.6590949,0.6241543,0.4187098,
1,29,84.895,1.0273,1.237528,-0.2326941,0.02659979,0.6590949,0.6241543,0.4187098,
1,29,84.897,1.0273,1.237528,-0.2326941,0.02659979,0.6590949,0.6241543,0.4187098,
1,29,84.899,1.0273,1.237528,-0.2326941,0.02659979,0.6590949,0.6241543,0.4187098,
1,29,84.901,1.026992,1.237097,-0.2326695,0.02596873,0.6588656,0.6242859,0.4189139,
1,29,84.903,1.026992,1.237097,-0.2326695,0.02596873,0.6588656,0.6242859,0.4189139,
1,29,84.905,1.026992,1.237097,-0.2326695,0.02596873,0.6588656,0.6242859,0.4189139,
1,29,84.907,1.026992,1.237097,-0.2326695,0.02596873,0.6588656,0.6242859,0.4189139,
1,29,84.909,1.026604,1.236534,-0.2325711,0.02551594,0.6585534,0.6243395,0.4193528,
1,29,84.911,1.026604,1.236534,-0.2325711,0.02551594,0.6585534,0.6243395,0.4193528,
1,29,84.913,1.026604,1.236534,-0.2325711,0.02551594,0.6585534,0.6243395,0.4193528,
1,29,84.915,1.026604,1.236534,-0.2325711,0.02551594,0.6585534,0.6243395,0.4193528,
1,29,84.917,1.026604,1.236534,-0.2325711,0.02551594,0.6585534,0.6243395,0.4193528,
1,29,84.919,1.026317,1.236074,-0.2323565,0.02488151,0.6581627,0.6244859,0.4197858,
1,29,84.921,1.026317,1.236074,-0.2323565,0.02488151,0.6581627,0.6244859,0.4197858,
1,29,84.923,1.026317,1.236074,-0.2323565,0.02488151,0.6581627,0.6244859,0.4197858,
1,29,84.925,1.026317,1.236074,-0.2323565,0.02488151,0.6581627,0.6244859,0.4197858,
1,29,84.927,1.026005,1.235871,-0.2320946,0.02417594,0.6576551,0.624799,0.4201566,
1,29,84.929,1.026005,1.235871,-0.2320946,0.02417594,0.6576551,0.624799,0.4201566,
1,29,84.931,1.026005,1.235871,-0.2320946,0.02417594,0.6576551,0.624799,0.4201566,
1,29,84.933,1.026005,1.235871,-0.2320946,0.02417594,0.6576551,0.624799,0.4201566,
1,29,84.935,1.025592,1.235747,-0.2318462,0.02351469,0.6571273,0.6251991,0.4204247,
1,29,84.937,1.025592,1.235747,-0.2318462,0.02351469,0.6571273,0.6251991,0.4204247,
1,29,84.939,1.025592,1.235747,-0.2318462,0.02351469,0.6571273,0.6251991,0.4204247,
1,29,84.941,1.025592,1.235747,-0.2318462,0.02351469,0.6571273,0.6251991,0.4204247,
1,29,84.943,1.024973,1.235508,-0.2315306,0.02305609,0.6566697,0.6254884,0.4207345,
1,29,84.945,1.024973,1.235508,-0.2315306,0.02305609,0.6566697,0.6254884,0.4207345,
1,29,84.947,1.024973,1.235508,-0.2315306,0.02305609,0.6566697,0.6254884,0.4207345,
1,29,84.949,1.024973,1.235508,-0.2315306,0.02305609,0.6566697,0.6254884,0.4207345,
1,29,84.951,1.024277,1.235232,-0.2311912,0.02258977,0.6562737,0.6257303,0.4210182,
1,29,84.953,1.024277,1.235232,-0.2311912,0.02258977,0.6562737,0.6257303,0.4210182,
1,29,84.955,1.024277,1.235232,-0.2311912,0.02258977,0.6562737,0.6257303,0.4210182,
1,29,84.957,1.024277,1.235232,-0.2311912,0.02258977,0.6562737,0.6257303,0.4210182,
1,29,84.959,1.023378,1.234944,-0.2308341,0.02238664,0.6558325,0.6259046,0.4214571,
1,29,84.961,1.023378,1.234944,-0.2308341,0.02238664,0.6558325,0.6259046,0.4214571,
1,29,84.963,1.023378,1.234944,-0.2308341,0.02238664,0.6558325,0.6259046,0.4214571,
1,29,84.965,1.023378,1.234944,-0.2308341,0.02238664,0.6558325,0.6259046,0.4214571,
1,29,84.967,1.023378,1.234944,-0.2308341,0.02238664,0.6558325,0.6259046,0.4214571,
1,29,84.969,1.022605,1.234769,-0.2303726,0.0221771,0.6552088,0.6261557,0.4220648,
1,29,84.971,1.022605,1.234769,-0.2303726,0.0221771,0.6552088,0.6261557,0.4220648,
1,29,84.973,1.022605,1.234769,-0.2303726,0.0221771,0.6552088,0.6261557,0.4220648,
1,29,84.975,1.022605,1.234769,-0.2303726,0.0221771,0.6552088,0.6261557,0.4220648,
1,29,84.977,1.022095,1.234704,-0.2297527,0.02183929,0.6543442,0.6264778,0.4229449,
1,29,84.979,1.022095,1.234704,-0.2297527,0.02183929,0.6543442,0.6264778,0.4229449,
1,29,84.981,1.022095,1.234704,-0.2297527,0.02183929,0.6543442,0.6264778,0.4229449,
1,29,84.983,1.022095,1.234704,-0.2297527,0.02183929,0.6543442,0.6264778,0.4229449,
1,29,84.985,1.021601,1.234723,-0.2291416,0.02125755,0.6536118,0.6268319,0.4235818,
1,29,84.987,1.021601,1.234723,-0.2291416,0.02125755,0.6536118,0.6268319,0.4235818,
1,29,84.989,1.021601,1.234723,-0.2291416,0.02125755,0.6536118,0.6268319,0.4235818,
1,29,84.991,1.021601,1.234723,-0.2291416,0.02125755,0.6536118,0.6268319,0.4235818,
1,29,84.993,1.02085,1.23481,-0.2285307,0.02051148,0.6531301,0.6272267,0.4237772,
1,29,84.995,1.02085,1.23481,-0.2285307,0.02051148,0.6531301,0.6272267,0.4237772,
1,29,84.997,1.02085,1.23481,-0.2285307,0.02051148,0.6531301,0.6272267,0.4237772,
1,29,84.999,1.02085,1.23481,-0.2285307,0.02051148,0.6531301,0.6272267,0.4237772,
1,29,85.001,1.019892,1.234879,-0.2279214,0.01937425,0.6530424,0.6275722,0.4234541,
1,29,85.003,1.019892,1.234879,-0.2279214,0.01937425,0.6530424,0.6275722,0.4234541,
1,29,85.005,1.019892,1.234879,-0.2279214,0.01937425,0.6530424,0.6275722,0.4234541,
1,29,85.007,1.019892,1.234879,-0.2279214,0.01937425,0.6530424,0.6275722,0.4234541,
1,29,85.009,1.019062,1.23495,-0.2271762,0.01830956,0.6527458,0.627902,0.4234702,
1,29,85.011,1.019062,1.23495,-0.2271762,0.01830956,0.6527458,0.627902,0.4234702,
1,29,85.013,1.019062,1.23495,-0.2271762,0.01830956,0.6527458,0.627902,0.4234702,
1,29,85.015,1.019062,1.23495,-0.2271762,0.01830956,0.6527458,0.627902,0.4234702,
1,29,85.017,1.019062,1.23495,-0.2271762,0.01830956,0.6527458,0.627902,0.4234702,
1,29,85.019,1.018237,1.234979,-0.2263531,0.01735517,0.6523428,0.62819,0.423704,
1,29,85.021,1.018237,1.234979,-0.2263531,0.01735517,0.6523428,0.62819,0.423704,
1,29,85.023,1.018237,1.234979,-0.2263531,0.01735517,0.6523428,0.62819,0.423704,
1,29,85.025,1.018237,1.234979,-0.2263531,0.01735517,0.6523428,0.62819,0.423704,
1,29,85.027,1.017636,1.235101,-0.225415,0.01643091,0.6516559,0.6285219,0.4243051,
1,29,85.029,1.017636,1.235101,-0.225415,0.01643091,0.6516559,0.6285219,0.4243051,
1,29,85.031,1.017636,1.235101,-0.225415,0.01643091,0.6516559,0.6285219,0.4243051,
1,29,85.033,1.017636,1.235101,-0.225415,0.01643091,0.6516559,0.6285219,0.4243051,
1,29,85.035,1.016898,1.235403,-0.224541,0.01571655,0.6508864,0.628935,0.4249007,
1,29,85.037,1.016898,1.235403,-0.224541,0.01571655,0.6508864,0.628935,0.4249007,
1,29,85.039,1.016898,1.235403,-0.224541,0.01571655,0.6508864,0.628935,0.4249007,
1,29,85.041,1.016898,1.235403,-0.224541,0.01571655,0.6508864,0.628935,0.4249007,
1,29,85.043,1.015953,1.235685,-0.2236614,0.01483715,0.6503143,0.6293201,0.4252381,
1,29,85.045,1.015953,1.235685,-0.2236614,0.01483715,0.6503143,0.6293201,0.4252381,
1,29,85.047,1.015953,1.235685,-0.2236614,0.01483715,0.6503143,0.6293201,0.4252381,
1,29,85.049,1.015953,1.235685,-0.2236614,0.01483715,0.6503143,0.6293201,0.4252381,
1,29,85.051,1.015086,1.235845,-0.2227099,0.01361561,0.6498182,0.6296561,0.4255397,
1,29,85.053,1.015086,1.235845,-0.2227099,0.01361561,0.6498182,0.6296561,0.4255397,
1,29,85.055,1.015086,1.235845,-0.2227099,0.01361561,0.6498182,0.6296561,0.4255397,
1,29,85.057,1.015086,1.235845,-0.2227099,0.01361561,0.6498182,0.6296561,0.4255397,
1,29,85.059,1.01439,1.236214,-0.221847,0.01215437,0.6494932,0.6301152,0.4254008,
1,29,85.061,1.01439,1.236214,-0.221847,0.01215437,0.6494932,0.6301152,0.4254008,
1,29,85.063,1.01439,1.236214,-0.221847,0.01215437,0.6494932,0.6301152,0.4254008,
1,29,85.065,1.01439,1.236214,-0.221847,0.01215437,0.6494932,0.6301152,0.4254008,
1,29,85.067,1.01439,1.236214,-0.221847,0.01215437,0.6494932,0.6301152,0.4254008,
1,29,85.069,1.013565,1.236695,-0.220923,0.01074171,0.6490804,0.6305617,0.4254069,
1,29,85.071,1.013565,1.236695,-0.220923,0.01074171,0.6490804,0.6305617,0.4254069,
1,29,85.073,1.013565,1.236695,-0.220923,0.01074171,0.6490804,0.6305617,0.4254069,
1,29,85.075,1.013565,1.236695,-0.220923,0.01074171,0.6490804,0.6305617,0.4254069,
1,29,85.077,1.013006,1.23714,-0.2198469,0.00960815,0.6481824,0.631009,0.4261396,
1,29,85.079,1.013006,1.23714,-0.2198469,0.00960815,0.6481824,0.631009,0.4261396,
1,29,85.081,1.013006,1.23714,-0.2198469,0.00960815,0.6481824,0.631009,0.4261396,
1,29,85.083,1.013006,1.23714,-0.2198469,0.00960815,0.6481824,0.631009,0.4261396,
1,29,85.085,1.012125,1.237316,-0.2187929,0.00893119,0.647338,0.6312479,0.427083,
1,29,85.087,1.012125,1.237316,-0.2187929,0.00893119,0.647338,0.6312479,0.427083,
1,29,85.089,1.012125,1.237316,-0.2187929,0.00893119,0.647338,0.6312479,0.427083,
1,29,85.091,1.012125,1.237316,-0.2187929,0.00893119,0.647338,0.6312479,0.427083,
1,29,85.093,1.011037,1.237465,-0.2178683,0.008688599,0.6464047,0.6314616,0.4281842,
1,29,85.095,1.011037,1.237465,-0.2178683,0.008688599,0.6464047,0.6314616,0.4281842,
1,29,85.097,1.011037,1.237465,-0.2178683,0.008688599,0.6464047,0.6314616,0.4281842,
1,29,85.099,1.011037,1.237465,-0.2178683,0.008688599,0.6464047,0.6314616,0.4281842,
1,29,85.101,1.010212,1.23774,-0.216907,0.00860399,0.6451342,0.631811,0.4295845,
1,29,85.103,1.010212,1.23774,-0.216907,0.00860399,0.6451342,0.631811,0.4295845,
1,29,85.105,1.010212,1.23774,-0.216907,0.00860399,0.6451342,0.631811,0.4295845,
1,29,85.107,1.010212,1.23774,-0.216907,0.00860399,0.6451342,0.631811,0.4295845,
1,29,85.109,1.009485,1.23808,-0.2158109,0.008167893,0.6437885,0.6322299,0.4309931,
1,29,85.111,1.009485,1.23808,-0.2158109,0.008167893,0.6437885,0.6322299,0.4309931,
1,29,85.113,1.009485,1.23808,-0.2158109,0.008167893,0.6437885,0.6322299,0.4309931,
1,29,85.115,1.009485,1.23808,-0.2158109,0.008167893,0.6437885,0.6322299,0.4309931,
1,29,85.117,1.009485,1.23808,-0.2158109,0.008167893,0.6437885,0.6322299,0.4309931,
1,29,85.119,1.008701,1.238363,-0.2147332,0.007472396,0.642736,0.6326467,0.4319639,
1,29,85.121,1.008701,1.238363,-0.2147332,0.007472396,0.642736,0.6326467,0.4319639,
1,29,85.123,1.008701,1.238363,-0.2147332,0.007472396,0.642736,0.6326467,0.4319639,
1,29,85.125,1.008701,1.238363,-0.2147332,0.007472396,0.642736,0.6326467,0.4319639,
1,29,85.127,1.007869,1.238585,-0.2136418,0.006453782,0.6419455,0.633104,0.4324856,
1,29,85.129,1.007869,1.238585,-0.2136418,0.006453782,0.6419455,0.633104,0.4324856,
1,29,85.131,1.007869,1.238585,-0.2136418,0.006453782,0.6419455,0.633104,0.4324856,
1,29,85.133,1.007869,1.238585,-0.2136418,0.006453782,0.6419455,0.633104,0.4324856,
1,29,85.135,1.007057,1.238841,-0.2125726,0.005072802,0.6413926,0.6335933,0.4326077,
1,29,85.137,1.007057,1.238841,-0.2125726,0.005072802,0.6413926,0.6335933,0.4326077,
1,29,85.139,1.007057,1.238841,-0.2125726,0.005072802,0.6413926,0.6335933,0.4326077,
1,29,85.141,1.007057,1.238841,-0.2125726,0.005072802,0.6413926,0.6335933,0.4326077,
1,29,85.143,1.006381,1.239197,-0.2114841,0.003378421,0.6407335,0.634211,0.4326957,
1,29,85.145,1.006381,1.239197,-0.2114841,0.003378421,0.6407335,0.634211,0.4326957,
1,29,85.147,1.006381,1.239197,-0.2114841,0.003378421,0.6407335,0.634211,0.4326957,
1,29,85.149,1.006381,1.239197,-0.2114841,0.003378421,0.6407335,0.634211,0.4326957,
1,29,85.151,1.005562,1.239486,-0.2105437,0.001520604,0.640411,0.6348158,0.4322966,
1,29,85.153,1.005562,1.239486,-0.2105437,0.001520604,0.640411,0.6348158,0.4322966,
1,29,85.155,1.005562,1.239486,-0.2105437,0.001520604,0.640411,0.6348158,0.4322966,
1,29,85.157,1.005562,1.239486,-0.2105437,0.001520604,0.640411,0.6348158,0.4322966,
1,29,85.159,1.004828,1.239692,-0.2095247,-0.0003984869,0.6401218,0.6353636,0.4319225,
1,29,85.161,1.004828,1.239692,-0.2095247,-0.0003984869,0.6401218,0.6353636,0.4319225,
1,29,85.163,1.004828,1.239692,-0.2095247,-0.0003984869,0.6401218,0.6353636,0.4319225,
1,29,85.165,1.004828,1.239692,-0.2095247,-0.0003984869,0.6401218,0.6353636,0.4319225,
1,29,85.167,1.004828,1.239692,-0.2095247,-0.0003984869,0.6401218,0.6353636,0.4319225,
1,29,85.169,1.004225,1.239969,-0.2085261,-0.002297074,0.6395579,0.6360123,0.4317973,
1,29,85.171,1.004225,1.239969,-0.2085261,-0.002297074,0.6395579,0.6360123,0.4317973,
1,29,85.173,1.004225,1.239969,-0.2085261,-0.002297074,0.6395579,0.6360123,0.4317973,
1,29,85.175,1.004225,1.239969,-0.2085261,-0.002297074,0.6395579,0.6360123,0.4317973,
1,29,85.177,1.003781,1.24033,-0.2076029,-0.004118323,0.638887,0.6367288,0.431721,
1,29,85.179,1.003781,1.24033,-0.2076029,-0.004118323,0.638887,0.6367288,0.431721,
1,29,85.181,1.003781,1.24033,-0.2076029,-0.004118323,0.638887,0.6367288,0.431721,CourtEnter
1,29,85.183,1.003781,1.24033,-0.2076029,-0.004118323,0.638887,0.6367288,0.431721,
1,29,85.185,1.003139,1.240609,-0.2067731,-0.005761087,0.6383919,0.6373395,0.4315335,
1,29,85.187,1.003139,1.240609,-0.2067731,-0.005761087,0.6383919,0.6373395,0.4315335,
1,29,85.189,1.003139,1.240609,-0.2067731,-0.005761087,0.6383919,0.6373395,0.4315335,CourtExit
1,29,85.191,1.003139,1.240609,-0.2067731,-0.005761087,0.6383919,0.6373395,0.4315335,
1,29,85.193,1.002618,1.240765,-0.2059167,-0.007324785,0.6377879,0.6379188,0.4315467,
1,29,85.195,1.002618,1.240765,-0.2059167,-0.007324785,0.6377879,0.6379188,0.4315467,
1,29,85.197,1.002618,1.240765,-0.2059167,-0.007324785,0.6377879,0.6379188,0.4315467,
1,29,85.199,1.002618,1.240765,-0.2059167,-0.007324785,0.6377879,0.6379188,0.4315467,
1,29,85.201,1.002101,1.241004,-0.2051015,-0.008784831,0.6370692,0.6385913,0.4315864,
1,29,85.203,1.002101,1.241004,-0.2051015,-0.008784831,0.6370692,0.6385913,0.4315864,
1,29,85.205,1.002101,1.241004,-0.2051015,-0.008784831,0.6370692,0.6385913,0.4315864,
1,29,85.207,1.002101,1.241004,-0.2051015,-0.008784831,0.6370692,0.6385913,0.4315864,
1,29,85.209,1.001581,1.241249,-0.2043992,-0.01014331,0.6364146,0.6392899,0.4314881,
1,29,85.211,1.001581,1.241249,-0.2043992,-0.01014331,0.6364146,0.6392899,0.4314881,
1,29,85.213,1.001581,1.241249,-0.2043992,-0.01014331,0.6364146,0.6392899,0.4314881,
1,29,85.215,1.001581,1.241249,-0.2043992,-0.01014331,0.6364146,0.6392899,0.4314881,
1,29,85.217,1.001581,1.241249,-0.2043992,-0.01014331,0.6364146,0.6392899,0.4314881,
1,29,85.219,1.00128,1.24155,-0.2036331,-0.01152658,0.6356552,0.6400319,0.4314729,
1,29,85.221,1.00128,1.24155,-0.2036331,-0.01152658,0.6356552,0.6400319,0.4314729,
1,29,85.223,1.00128,1.24155,-0.2036331,-0.01152658,0.6356552,0.6400319,0.4314729,
1,29,85.225,1.00128,1.24155,-0.2036331,-0.01152658,0.6356552,0.6400319,0.4314729,
1,29,85.227,1.001005,1.241821,-0.202844,-0.01289234,0.6349347,0.6407347,0.4314521,
1,29,85.229,1.001005,1.241821,-0.202844,-0.01289234,0.6349347,0.6407347,0.4314521,
1,29,85.231,1.001005,1.241821,-0.202844,-0.01289234,0.6349347,0.6407347,0.4314521,
1,29,85.233,1.001005,1.241821,-0.202844,-0.01289234,0.6349347,0.6407347,0.4314521,
1,29,85.235,1.000599,1.242092,-0.2022068,-0.01426443,0.6344858,0.6414131,0.4310609,
1,29,85.237,1.000599,1.242092,-0.2022068,-0.01426443,0.6344858,0.6414131,0.4310609,
1,29,85.239,1.000599,1.242092,-0.2022068,-0.01426443,0.6344858,0.6414131,0.4310609,
1,29,85.241,1.000599,1.242092,-0.2022068,-0.01426443,0.6344858,0.6414131,0.4310609,
1,29,85.243,1.000131,1.242556,-0.2015966,-0.01552108,0.6340266,0.6422133,0.4305016,
1,29,85.245,1.000131,1.242556,-0.2015966,-0.01552108,0.6340266,0.6422133,0.4305016,
1,29,85.247,1.000131,1.242556,-0.2015966,-0.01552108,0.6340266,0.6422133,0.4305016,
1,29,85.249,1.000131,1.242556,-0.2015966,-0.01552108,0.6340266,0.6422133,0.4305016,
1,29,85.251,0.9996393,1.243056,-0.2011116,-0.01666784,0.6336234,0.6430545,0.429796,
1,29,85.253,0.9996393,1.243056,-0.2011116,-0.01666784,0.6336234,0.6430545,0.429796,
1,29,85.255,0.9996393,1.243056,-0.2011116,-0.01666784,0.6336234,0.6430545,0.429796,
1,29,85.257,0.9996393,1.243056,-0.2011116,-0.01666784,0.6336234,0.6430545,0.429796,
1,29,85.259,0.9991535,1.243531,-0.2007053,-0.01739088,0.6330729,0.6438607,0.4293713,
1,29,85.261,0.9991535,1.243531,-0.2007053,-0.01739088,0.6330729,0.6438607,0.4293713,
1,29,85.263,0.9991535,1.243531,-0.2007053,-0.01739088,0.6330729,0.6438607,0.4293713,
1,29,85.265,0.9991535,1.243531,-0.2007053,-0.01739088,0.6330729,0.6438607,0.4293713,
1,29,85.267,0.9991535,1.243531,-0.2007053,-0.01739088,0.6330729,0.6438607,0.4293713,
1,29,85.269,0.9986808,1.244018,-0.2003627,-0.01785219,0.6323524,0.6446949,0.4291622,
1,29,85.271,0.9986808,1.244018,-0.2003627,-0.01785219,0.6323524,0.6446949,0.4291622,
1,29,85.273,0.9986808,1.244018,-0.2003627,-0.01785219,0.6323524,0.6446949,0.4291622,
1,29,85.275,0.9986808,1.244018,-0.2003627,-0.01785219,0.6323524,0.6446949,0.4291622,
1,29,85.277,0.9981956,1.244509,-0.2000769,-0.01817182,0.6316558,0.6454729,0.4290053,
1,29,85.279,0.9981956,1.244509,-0.2000769,-0.01817182,0.6316558,0.6454729,0.4290053,
1,29,85.281,0.9981956,1.244509,-0.2000769,-0.01817182,0.6316558,0.6454729,0.4290053,
1,29,85.283,0.9981956,1.244509,-0.2000769,-0.01817182,0.6316558,0.6454729,0.4290053,
1,29,85.285,0.9978242,1.245154,-0.1998254,-0.0185332,0.6309341,0.6463127,0.4287875,
1,29,85.287,0.9978242,1.245154,-0.1998254,-0.0185332,0.6309341,0.6463127,0.4287875,
1,29,85.289,0.9978242,1.245154,-0.1998254,-0.0185332,0.6309341,0.6463127,0.4287875,
1,29,85.291,0.9978242,1.245154,-0.1998254,-0.0185332,0.6309341,0.6463127,0.4287875,
1,29,85.293,0.9977076,1.2458,-0.19966,-0.01917672,0.6303374,0.6471218,0.4284163,
1,29,85.295,0.9977076,1.2458,-0.19966,-0.01917672,0.6303374,0.6471218,0.4284163,
1,29,85.297,0.9977076,1.2458,-0.19966,-0.01917672,0.6303374,0.6471218,0.4284163,
1,29,85.299,0.9977076,1.2458,-0.19966,-0.01917672,0.6303374,0.6471218,0.4284163,
1,29,85.301,0.9975888,1.246374,-0.1995663,-0.02017969,0.6300772,0.6477765,0.427763,
1,29,85.303,0.9975888,1.246374,-0.1995663,-0.02017969,0.6300772,0.6477765,0.427763,
1,29,85.305,0.9975888,1.246374,-0.1995663,-0.02017969,0.6300772,0.6477765,0.427763,
1,29,85.307,0.9975888,1.246374,-0.1995663,-0.02017969,0.6300772,0.6477765,0.427763,
1,29,85.309,0.9974946,1.246788,-0.1995073,-0.02129209,0.630066,0.6482441,0.4270166,
1,29,85.311,0.9974946,1.246788,-0.1995073,-0.02129209,0.630066,0.6482441,0.4270166,
1,29,85.313,0.9974946,1.246788,-0.1995073,-0.02129209,0.630066,0.6482441,0.4270166,
1,29,85.315,0.9974946,1.246788,-0.1995073,-0.02129209,0.630066,0.6482441,0.4270166,
1,29,85.317,0.9974946,1.246788,-0.1995073,-0.02129209,0.630066,0.6482441,0.4270166,
1,29,85.319,0.9974818,1.247086,-0.1995301,-0.02225816,0.6300876,0.6485751,0.4264323,
1,29,85.321,0.9974818,1.247086,-0.1995301,-0.02225816,0.6300876,0.6485751,0.4264323,
1,29,85.323,0.9974818,1.247086,-0.1995301,-0.02225816,0.6300876,0.6485751,0.4264323,
1,29,85.325,0.9974818,1.247086,-0.1995301,-0.02225816,0.6300876,0.6485751,0.4264323,
1,29,85.327,0.9975066,1.247231,-0.199663,-0.02285084,0.6300671,0.6487528,0.4261609,
1,29,85.329,0.9975066,1.247231,-0.199663,-0.02285084,0.6300671,0.6487528,0.4261609,
1,29,85.331,0.9975066,1.247231,-0.199663,-0.02285084,0.6300671,0.6487528,0.4261609,
1,29,85.333,0.9975066,1.247231,-0.199663,-0.02285084,0.6300671,0.6487528,0.4261609,
1,29,85.335,0.9976648,1.247401,-0.1998859,-0.02317521,0.6298538,0.64889,0.4262499,
1,29,85.337,0.9976648,1.247401,-0.1998859,-0.02317521,0.6298538,0.64889,0.4262499,
1,29,85.339,0.9976648,1.247401,-0.1998859,-0.02317521,0.6298538,0.64889,0.4262499,
1,29,85.341,0.9976648,1.247401,-0.1998859,-0.02317521,0.6298538,0.64889,0.4262499,
1,29,85.343,0.9979671,1.247642,-0.2001642,-0.02324182,0.6295018,0.6490458,0.426529,
1,29,85.345,0.9979671,1.247642,-0.2001642,-0.02324182,0.6295018,0.6490458,0.426529,
1,29,85.347,0.9979671,1.247642,-0.2001642,-0.02324182,0.6295018,0.6490458,0.426529,
1,29,85.349,0.9979671,1.247642,-0.2001642,-0.02324182,0.6295018,0.6490458,0.426529,
1,29,85.351,0.9981589,1.247581,-0.2005168,-0.022742,0.6290666,0.6490196,0.427237,
1,29,85.353,0.9981589,1.247581,-0.2005168,-0.022742,0.6290666,0.6490196,0.427237,
1,29,85.355,0.9981589,1.247581,-0.2005168,-0.022742,0.6290666,0.6490196,0.427237,
1,29,85.357,0.9981589,1.247581,-0.2005168,-0.022742,0.6290666,0.6490196,0.427237,
1,29,85.359,0.9984382,1.247532,-0.2009398,-0.02208933,0.6286409,0.648959,0.4279894,
1,29,85.361,0.9984382,1.247532,-0.2009398,-0.02208933,0.6286409,0.648959,0.4279894,
1,29,85.363,0.9984382,1.247532,-0.2009398,-0.02208933,0.6286409,0.648959,0.4279894,
1,29,85.365,0.9984382,1.247532,-0.2009398,-0.02208933,0.6286409,0.648959,0.4279894,
1,29,85.367,0.9984382,1.247532,-0.2009398,-0.02208933,0.6286409,0.648959,0.4279894,
1,29,85.369,0.9987153,1.247474,-0.2014583,-0.02121687,0.6282442,0.6488929,0.4287157,
1,29,85.371,0.9987153,1.247474,-0.2014583,-0.02121687,0.6282442,0.6488929,0.4287157,
1,29,85.373,0.9987153,1.247474,-0.2014583,-0.02121687,0.6282442,0.6488929,0.4287157,
1,29,85.375,0.9987153,1.247474,-0.2014583,-0.02121687,0.6282442,0.6488929,0.4287157,
1,29,85.377,0.9990363,1.247461,-0.2020445,-0.02013963,0.6277903,0.6488432,0.4295068,
1,29,85.379,0.9990363,1.247461,-0.2020445,-0.02013963,0.6277903,0.6488432,0.4295068,
1,29,85.381,0.9990363,1.247461,-0.2020445,-0.02013963,0.6277903,0.6488432,0.4295068,
1,29,85.383,0.9990363,1.247461,-0.2020445,-0.02013963,0.6277903,0.6488432,0.4295068,
1,29,85.385,0.999438,1.247431,-0.2027143,-0.01854962,0.6270975,0.6488014,0.4306522,
1,29,85.387,0.999438,1.247431,-0.2027143,-0.01854962,0.6270975,0.6488014,0.4306522,
1,29,85.389,0.999438,1.247431,-0.2027143,-0.01854962,0.6270975,0.6488014,0.4306522,
1,29,85.391,0.999438,1.247431,-0.2027143,-0.01854962,0.6270975,0.6488014,0.4306522,
1,29,85.393,0.9998446,1.247317,-0.2034869,-0.01598296,0.6259663,0.6487294,0.4325055,
1,29,85.395,0.9998446,1.247317,-0.2034869,-0.01598296,0.6259663,0.6487294,0.4325055,
1,29,85.397,0.9998446,1.247317,-0.2034869,-0.01598296,0.6259663,0.6487294,0.4325055,
1,29,85.399,0.9998446,1.247317,-0.2034869,-0.01598296,0.6259663,0.6487294,0.4325055,
1,29,85.401,1.000334,1.247204,-0.2042911,-0.01235402,0.6242278,0.6487029,0.4351686,
1,29,85.403,1.000334,1.247204,-0.2042911,-0.01235402,0.6242278,0.6487029,0.4351686,
1,29,85.405,1.000334,1.247204,-0.2042911,-0.01235402,0.6242278,0.6487029,0.4351686,
1,29,85.407,1.000334,1.247204,-0.2042911,-0.01235402,0.6242278,0.6487029,0.4351686,
1,29,85.409,1.000829,1.247179,-0.205157,-0.007962853,0.6219501,0.6487161,0.4384997,
1,29,85.411,1.000829,1.247179,-0.205157,-0.007962853,0.6219501,0.6487161,0.4384997,
1,29,85.413,1.000829,1.247179,-0.205157,-0.007962853,0.6219501,0.6487161,0.4384997,
1,29,85.415,1.000829,1.247179,-0.205157,-0.007962853,0.6219501,0.6487161,0.4384997,
1,29,85.417,1.000829,1.247179,-0.205157,-0.007962853,0.6219501,0.6487161,0.4384997,
1,29,85.419,1.001156,1.246856,-0.2060882,-0.002673924,0.6194219,0.6485538,0.4423657,
1,29,85.421,1.001156,1.246856,-0.2060882,-0.002673924,0.6194219,0.6485538,0.4423657,
1,29,85.423,1.001156,1.246856,-0.2060882,-0.002673924,0.6194219,0.6485538,0.4423657,
1,29,85.425,1.001156,1.246856,-0.2060882,-0.002673924,0.6194219,0.6485538,0.4423657,
1,29,85.427,1.001474,1.246745,-0.2071113,0.0031977,0.616538,0.6484462,0.446529,
1,29,85.429,1.001474,1.246745,-0.2071113,0.0031977,0.616538,0.6484462,0.446529,
1,29,85.431,1.001474,1.246745,-0.2071113,0.0031977,0.616538,0.6484462,0.446529,
1,29,85.433,1.001474,1.246745,-0.2071113,0.0031977,0.616538,0.6484462,0.446529,
1,29,85.435,1.001897,1.246626,-0.2080724,0.008847475,0.613809,0.6482648,0.4504587,
1,29,85.437,1.001897,1.246626,-0.2080724,0.008847475,0.613809,0.6482648,0.4504587,
1,29,85.439,1.001897,1.246626,-0.2080724,0.008847475,0.613809,0.6482648,0.4504587,
1,29,85.441,1.001897,1.246626,-0.2080724,0.008847475,0.613809,0.6482648,0.4504587,
1,29,85.443,1.002264,1.246383,-0.2089801,0.01392263,0.611635,0.6479574,0.4537179,
1,29,85.445,1.002264,1.246383,-0.2089801,0.01392263,0.611635,0.6479574,0.4537179,
1,29,85.447,1.002264,1.246383,-0.2089801,0.01392263,0.611635,0.6479574,0.4537179,
1,29,85.449,1.002264,1.246383,-0.2089801,0.01392263,0.611635,0.6479574,0.4537179,
1,29,85.451,1.002523,1.246162,-0.2099076,0.01837301,0.6099684,0.6476345,0.4562571,
1,29,85.453,1.002523,1.246162,-0.2099076,0.01837301,0.6099684,0.6476345,0.4562571,
1,29,85.455,1.002523,1.246162,-0.2099076,0.01837301,0.6099684,0.6476345,0.4562571,
1,29,85.457,1.002523,1.246162,-0.2099076,0.01837301,0.6099684,0.6476345,0.4562571,
1,29,85.459,1.002795,1.245898,-0.2107795,0.02241832,0.6085629,0.6472831,0.4584466,
1,29,85.461,1.002795,1.245898,-0.2107795,0.02241832,0.6085629,0.6472831,0.4584466,
1,29,85.463,1.002795,1.245898,-0.2107795,0.02241832,0.6085629,0.6472831,0.4584466,
1,29,85.465,1.002795,1.245898,-0.2107795,0.02241832,0.6085629,0.6472831,0.4584466,
1,29,85.467,1.002795,1.245898,-0.2107795,0.02241832,0.6085629,0.6472831,0.4584466,
1,29,85.469,1.002941,1.245516,-0.2115808,0.02620119,0.6073687,0.6469163,0.4603436,
1,29,85.471,1.002941,1.245516,-0.2115808,0.02620119,0.6073687,0.6469163,0.4603436,
1,29,85.473,1.002941,1.245516,-0.2115808,0.02620119,0.6073687,0.6469163,0.4603436,
1,29,85.475,1.002941,1.245516,-0.2115808,0.02620119,0.6073687,0.6469163,0.4603436,
1,29,85.477,1.003106,1.245133,-0.2123601,0.02973098,0.6063034,0.6465105,0.4621001,
1,29,85.479,1.003106,1.245133,-0.2123601,0.02973098,0.6063034,0.6465105,0.4621001,
1,29,85.481,1.003106,1.245133,-0.2123601,0.02973098,0.6063034,0.6465105,0.4621001,
1,29,85.483,1.003106,1.245133,-0.2123601,0.02973098,0.6063034,0.6465105,0.4621001,
1,29,85.485,1.003386,1.244673,-0.2130473,0.03261083,0.6055143,0.6461183,0.4634869,
1,29,85.487,1.003386,1.244673,-0.2130473,0.03261083,0.6055143,0.6461183,0.4634869,
1,29,85.489,1.003386,1.244673,-0.2130473,0.03261083,0.6055143,0.6461183,0.4634869,
1,29,85.491,1.003386,1.244673,-0.2130473,0.03261083,0.6055143,0.6461183,0.4634869,
1,29,85.493,1.003851,1.244242,-0.2134414,0.03419942,0.6053753,0.6458218,0.463967,
1,29,85.495,1.003851,1.244242,-0.2134414,0.03419942,0.6053753,0.6458218,0.463967,
1,29,85.497,1.003851,1.244242,-0.2134414,0.03419942,0.6053753,0.6458218,0.463967,
1,29,85.499,1.003851,1.244242,-0.2134414,0.03419942,0.6053753,0.6458218,0.463967,
1,29,85.501,1.004348,1.243781,-0.2136558,0.03357211,0.6066939,0.6456054,0.4625896,
1,29,85.503,1.004348,1.243781,-0.2136558,0.03357211,0.6066939,0.6456054,0.4625896,
1,29,85.505,1.004348,1.243781,-0.2136558,0.03357211,0.6066939,0.6456054,0.4625896,
1,29,85.507,1.004348,1.243781,-0.2136558,0.03357211,0.6066939,0.6456054,0.4625896,
1,29,85.509,1.004895,1.243281,-0.2136464,0.03035429,0.6097839,0.6454743,0.4589173,
1,29,85.511,1.004895,1.243281,-0.2136464,0.03035429,0.6097839,0.6454743,0.4589173,
1,29,85.513,1.004895,1.243281,-0.2136464,0.03035429,0.6097839,0.6454743,0.4589173,
1,29,85.515,1.004895,1.243281,-0.2136464,0.03035429,0.6097839,0.6454743,0.4589173,
1,29,85.517,1.004895,1.243281,-0.2136464,0.03035429,0.6097839,0.6454743,0.4589173,
1,29,85.519,1.005606,1.2428,-0.2133302,0.02494761,0.614181,0.6454415,0.4533923,
1,29,85.521,1.005606,1.2428,-0.2133302,0.02494761,0.614181,0.6454415,0.4533923,
1,29,85.523,1.005606,1.2428,-0.2133302,0.02494761,0.614181,0.6454415,0.4533923,
1,29,85.525,1.005606,1.2428,-0.2133302,0.02494761,0.614181,0.6454415,0.4533923,
1,29,85.527,1.006255,1.24231,-0.2127248,0.0176366,0.6198213,0.6454333,0.4460115,
1,29,85.529,1.006255,1.24231,-0.2127248,0.0176366,0.6198213,0.6454333,0.4460115,
1,29,85.531,1.006255,1.24231,-0.2127248,0.0176366,0.6198213,0.6454333,0.4460115,
1,29,85.533,1.006255,1.24231,-0.2127248,0.0176366,0.6198213,0.6454333,0.4460115,
1,29,85.535,1.007029,1.241781,-0.2117002,0.007769674,0.6270598,0.6453919,0.436125,
1,29,85.537,1.007029,1.241781,-0.2117002,0.007769674,0.6270598,0.6453919,0.436125,
1,29,85.539,1.007029,1.241781,-0.2117002,0.007769674,0.6270598,0.6453919,0.436125,
1,29,85.541,1.007029,1.241781,-0.2117002,0.007769674,0.6270598,0.6453919,0.436125,
1,29,85.543,1.007869,1.241201,-0.2103799,-0.005637169,0.6364911,0.6452135,0.4225481,
1,29,85.545,1.007869,1.241201,-0.2103799,-0.005637169,0.6364911,0.6452135,0.4225481,
1,29,85.547,1.007869,1.241201,-0.2103799,-0.005637169,0.6364911,0.6452135,0.4225481,
1,29,85.549,1.007869,1.241201,-0.2103799,-0.005637169,0.6364911,0.6452135,0.4225481,
1,29,85.551,1.008919,1.240892,-0.2087774,-0.02305388,0.6481553,0.644875,0.4043506,
1,29,85.553,1.008919,1.240892,-0.2087774,-0.02305388,0.6481553,0.644875,0.4043506,
1,29,85.555,1.008919,1.240892,-0.2087774,-0.02305388,0.6481553,0.644875,0.4043506,
1,29,85.557,1.008919,1.240892,-0.2087774,-0.02305388,0.6481553,0.644875,0.4043506,
1,29,85.559,1.009851,1.24066,-0.2071192,-0.04375029,0.6615534,0.6440476,0.3816226,
1,29,85.561,1.009851,1.24066,-0.2071192,-0.04375029,0.6615534,0.6440476,0.3816226,
1,29,85.563,1.009851,1.24066,-0.2071192,-0.04375029,0.6615534,0.6440476,0.3816226,
1,29,85.565,1.009851,1.24066,-0.2071192,-0.04375029,0.6615534,0.6440476,0.3816226,
1,29,85.567,1.009851,1.24066,-0.2071192,-0.04375029,0.6615534,0.6440476,0.3816226,
1,29,85.569,1.010678,1.240566,-0.2054676,-0.06598866,0.675306,0.6425412,0.3560171,
1,29,85.571,1.010678,1.240566,-0.2054676,-0.06598866,0.675306,0.6425412,0.3560171,
1,29,85.573,1.010678,1.240566,-0.2054676,-0.06598866,0.675306,0.6425412,0.3560171,
1,29,85.575,1.010678,1.240566,-0.2054676,-0.06598866,0.675306,0.6425412,0.3560171,
1,29,85.577,1.011385,1.240527,-0.2037637,-0.08835581,0.6883917,0.6403192,0.3290917,
1,29,85.579,1.011385,1.240527,-0.2037637,-0.08835581,0.6883917,0.6403192,0.3290917,
1,29,85.581,1.011385,1.240527,-0.2037637,-0.08835581,0.6883917,0.6403192,0.3290917,
1,29,85.583,1.011385,1.240527,-0.2037637,-0.08835581,0.6883917,0.6403192,0.3290917,
1,29,85.585,1.012031,1.240428,-0.2022263,-0.1097183,0.700115,0.637593,0.3021196,
1,29,85.587,1.012031,1.240428,-0.2022263,-0.1097183,0.700115,0.637593,0.3021196,
1,29,85.589,1.012031,1.240428,-0.2022263,-0.1097183,0.700115,0.637593,0.3021196,
1,29,85.591,1.012031,1.240428,-0.2022263,-0.1097183,0.700115,0.637593,0.3021196,
1,29,85.593,1.012275,1.239701,-0.2008673,-0.1292934,0.71083,0.6340961,0.2755468,
1,29,85.595,1.012275,1.239701,-0.2008673,-0.1292934,0.71083,0.6340961,0.2755468,
1,29,85.597,1.012275,1.239701,-0.2008673,-0.1292934,0.71083,0.6340961,0.2755468,
1,29,85.599,1.012275,1.239701,-0.2008673,-0.1292934,0.71083,0.6340961,0.2755468,
1,29,85.601,1.01267,1.239277,-0.1994836,-0.1481791,0.7202275,0.6304274,0.2487504,
1,29,85.603,1.01267,1.239277,-0.1994836,-0.1481791,0.7202275,0.6304274,0.2487504,
1,29,85.605,1.01267,1.239277,-0.1994836,-0.1481791,0.7202275,0.6304274,0.2487504,
1,29,85.607,1.01267,1.239277,-0.1994836,-0.1481791,0.7202275,0.6304274,0.2487504,
1,29,85.609,1.0131,1.239182,-0.1983144,-0.1668308,0.7286356,0.6263976,0.2210966,
1,29,85.611,1.0131,1.239182,-0.1983144,-0.1668308,0.7286356,0.6263976,0.2210966,
1,29,85.613,1.0131,1.239182,-0.1983144,-0.1668308,0.7286356,0.6263976,0.2210966,
1,29,85.615,1.0131,1.239182,-0.1983144,-0.1668308,0.7286356,0.6263976,0.2210966,
1,29,85.617,1.0131,1.239182,-0.1983144,-0.1668308,0.7286356,0.6263976,0.2210966,
1,29,85.619,1.013218,1.239286,-0.1973597,-0.18577,0.736428,0.6216441,0.1916294,
1,29,85.621,1.013218,1.239286,-0.1973597,-0.18577,0.736428,0.6216441,0.1916294,
1,29,85.623,1.013218,1.239286,-0.1973597,-0.18577,0.736428,0.6216441,0.1916294,
1,29,85.625,1.013218,1.239286,-0.1973597,-0.18577,0.736428,0.6216441,0.1916294,
1,29,85.627,1.012802,1.238821,-0.1967948,-0.2038822,0.743699,0.6158817,0.1613489,
1,29,85.629,1.012802,1.238821,-0.1967948,-0.2038822,0.743699,0.6158817,0.1613489,
1,29,85.631,1.012802,1.238821,-0.1967948,-0.2038822,0.743699,0.6158817,0.1613489,
1,29,85.633,1.012802,1.238821,-0.1967948,-0.2038822,0.743699,0.6158817,0.1613489,
1,29,85.635,1.012045,1.23795,-0.1967278,-0.2195816,0.7500977,0.6096144,0.1323168,
1,29,85.637,1.012045,1.23795,-0.1967278,-0.2195816,0.7500977,0.6096144,0.1323168,
1,29,85.639,1.012045,1.23795,-0.1967278,-0.2195816,0.7500977,0.6096144,0.1323168,
1,29,85.641,1.012045,1.23795,-0.1967278,-0.2195816,0.7500977,0.6096144,0.1323168,
1,29,85.643,1.011328,1.236477,-0.1968093,-0.2313447,0.7555155,0.6034518,0.1073404,
1,29,85.645,1.011328,1.236477,-0.1968093,-0.2313447,0.7555155,0.6034518,0.1073404,
1,29,85.647,1.011328,1.236477,-0.1968093,-0.2313447,0.7555155,0.6034518,0.1073404,
1,29,85.649,1.011328,1.236477,-0.1968093,-0.2313447,0.7555155,0.6034518,0.1073404,
1,29,85.651,1.010548,1.235137,-0.197222,-0.2381309,0.7598708,0.598498,0.08769464,
1,29,85.653,1.010548,1.235137,-0.197222,-0.2381309,0.7598708,0.598498,0.08769464,
1,29,85.655,1.010548,1.235137,-0.197222,-0.2381309,0.7598708,0.598498,0.08769464,
1,29,85.657,1.010548,1.235137,-0.197222,-0.2381309,0.7598708,0.598498,0.08769464,
1,29,85.659,1.009665,1.233341,-0.1975726,-0.2412415,0.7640665,0.5940174,0.07175096,
1,29,85.661,1.009665,1.233341,-0.1975726,-0.2412415,0.7640665,0.5940174,0.07175096,
1,29,85.663,1.009665,1.233341,-0.1975726,-0.2412415,0.7640665,0.5940174,0.07175096,
1,29,85.665,1.009665,1.233341,-0.1975726,-0.2412415,0.7640665,0.5940174,0.07175096,
1,29,85.667,1.009665,1.233341,-0.1975726,-0.2412415,0.7640665,0.5940174,0.07175096,
1,29,85.669,1.008566,1.231215,-0.1981028,-0.2422907,0.7684727,0.5895009,0.05686598,
1,29,85.671,1.008566,1.231215,-0.1981028,-0.2422907,0.7684727,0.5895009,0.05686598,
1,29,85.673,1.008566,1.231215,-0.1981028,-0.2422907,0.7684727,0.5895009,0.05686598,
1,29,85.675,1.008566,1.231215,-0.1981028,-0.2422907,0.7684727,0.5895009,0.05686598,
1,29,85.677,1.006854,1.228812,-0.1987952,-0.2420241,0.773218,0.5846568,0.04165144,
1,29,85.679,1.006854,1.228812,-0.1987952,-0.2420241,0.773218,0.5846568,0.04165144,
1,29,85.681,1.006854,1.228812,-0.1987952,-0.2420241,0.773218,0.5846568,0.04165144,
1,29,85.683,1.006854,1.228812,-0.1987952,-0.2420241,0.773218,0.5846568,0.04165144,
1,29,85.685,1.004754,1.226253,-0.1996386,-0.2409267,0.778173,0.579436,0.0255928,
1,29,85.687,1.004754,1.226253,-0.1996386,-0.2409267,0.778173,0.579436,0.0255928,
1,29,85.689,1.004754,1.226253,-0.1996386,-0.2409267,0.778173,0.579436,0.0255928,
1,29,85.691,1.004754,1.226253,-0.1996386,-0.2409267,0.778173,0.579436,0.0255928,
1,29,85.693,1.001755,1.223171,-0.2004334,-0.2384085,0.7834543,0.5738264,0.009164045,
1,29,85.695,1.001755,1.223171,-0.2004334,-0.2384085,0.7834543,0.5738264,0.009164045,
1,29,85.697,1.001755,1.223171,-0.2004334,-0.2384085,0.7834543,0.5738264,0.009164045,
1,29,85.699,1.001755,1.223171,-0.2004334,-0.2384085,0.7834543,0.5738264,0.009164045,
1,29,85.701,0.9987549,1.219932,-0.2012277,-0.2341538,0.7887561,0.5683314,-0.005940295,
1,29,85.703,0.9987549,1.219932,-0.2012277,-0.2341538,0.7887561,0.5683314,-0.005940295,
1,29,85.705,0.9987549,1.219932,-0.2012277,-0.2341538,0.7887561,0.5683314,-0.005940295,
1,29,85.707,0.9987549,1.219932,-0.2012277,-0.2341538,0.7887561,0.5683314,-0.005940295,
1,29,85.709,0.995333,1.216396,-0.2018739,-0.2282068,0.7941649,0.5628731,-0.01994208,
1,29,85.711,0.995333,1.216396,-0.2018739,-0.2282068,0.7941649,0.5628731,-0.01994208,
1,29,85.713,0.995333,1.216396,-0.2018739,-0.2282068,0.7941649,0.5628731,-0.01994208,
1,29,85.715,0.995333,1.216396,-0.2018739,-0.2282068,0.7941649,0.5628731,-0.01994208,
1,29,85.717,0.995333,1.216396,-0.2018739,-0.2282068,0.7941649,0.5628731,-0.01994208,
1,29,85.719,0.9918998,1.213139,-0.2025252,-0.2211885,0.7993464,0.557709,-0.0328909,
1,29,85.721,0.9918998,1.213139,-0.2025252,-0.2211885,0.7993464,0.557709,-0.0328909,
1,29,85.723,0.9918998,1.213139,-0.2025252,-0.2211885,0.7993464,0.557709,-0.0328909,
1,29,85.725,0.9918998,1.213139,-0.2025252,-0.2211885,0.7993464,0.557709,-0.0328909,
1,29,85.727,0.9881926,1.209742,-0.2032349,-0.2137164,0.8044998,0.5522698,-0.04586415,
1,29,85.729,0.9881926,1.209742,-0.2032349,-0.2137164,0.8044998,0.5522698,-0.04586415,
1,29,85.731,0.9881926,1.209742,-0.2032349,-0.2137164,0.8044998,0.5522698,-0.04586415,
1,29,85.733,0.9881926,1.209742,-0.2032349,-0.2137164,0.8044998,0.5522698,-0.04586415,
1,29,85.735,0.9843745,1.206247,-0.2037672,-0.2063952,0.8096376,0.5462007,-0.05960467,
1,29,85.737,0.9843745,1.206247,-0.2037672,-0.2063952,0.8096376,0.5462007,-0.05960467,
1,29,85.739,0.9843745,1.206247,-0.2037672,-0.2063952,0.8096376,0.5462007,-0.05960467,
1,29,85.741,0.9843745,1.206247,-0.2037672,-0.2063952,0.8096376,0.5462007,-0.05960467,
1,29,85.743,0.9803767,1.202666,-0.2043267,-0.1984919,0.8147288,0.5398495,-0.07335127,
1,29,85.745,0.9803767,1.202666,-0.2043267,-0.1984919,0.8147288,0.5398495,-0.07335127,
1,29,85.747,0.9803767,1.202666,-0.2043267,-0.1984919,0.8147288,0.5398495,-0.07335127,
1,29,85.749,0.9803767,1.202666,-0.2043267,-0.1984919,0.8147288,0.5398495,-0.07335127,
1,29,85.751,0.9761834,1.198611,-0.204575,-0.1887928,0.8200917,0.5334448,-0.08510958,
1,29,85.753,0.9761834,1.198611,-0.204575,-0.1887928,0.8200917,0.5334448,-0.08510958,
1,29,85.755,0.9761834,1.198611,-0.204575,-0.1887928,0.8200917,0.5334448,-0.08510958,
1,29,85.757,0.9761834,1.198611,-0.204575,-0.1887928,0.8200917,0.5334448,-0.08510958,
1,29,85.759,0.9719744,1.194564,-0.2046179,-0.17653,0.8256487,0.5277812,-0.09267352,
1,29,85.761,0.9719744,1.194564,-0.2046179,-0.17653,0.8256487,0.5277812,-0.09267352,
1,29,85.763,0.9719744,1.194564,-0.2046179,-0.17653,0.8256487,0.5277812,-0.09267352,
1,29,85.765,0.9719744,1.194564,-0.2046179,-0.17653,0.8256487,0.5277812,-0.09267352,
1,29,85.767,0.9719744,1.194564,-0.2046179,-0.17653,0.8256487,0.5277812,-0.09267352,
1,29,85.769,0.9677236,1.190708,-0.2044382,-0.160979,0.8315291,0.5231524,-0.0946403,
1,29,85.771,0.9677236,1.190708,-0.2044382,-0.160979,0.8315291,0.5231524,-0.0946403,
1,29,85.773,0.9677236,1.190708,-0.2044382,-0.160979,0.8315291,0.5231524,-0.0946403,
1,29,85.775,0.9677236,1.190708,-0.2044382,-0.160979,0.8315291,0.5231524,-0.0946403,
1,29,85.777,0.9633869,1.187123,-0.2041118,-0.1418249,0.83771,0.519605,-0.09021276,
1,29,85.779,0.9633869,1.187123,-0.2041118,-0.1418249,0.83771,0.519605,-0.09021276,
1,29,85.781,0.9633869,1.187123,-0.2041118,-0.1418249,0.83771,0.519605,-0.09021276,
1,29,85.783,0.9633869,1.187123,-0.2041118,-0.1418249,0.83771,0.519605,-0.09021276,
1,29,85.785,0.9584931,1.183715,-0.2035717,-0.1190059,0.8439651,0.5169592,-0.07945897,
1,29,85.787,0.9584931,1.183715,-0.2035717,-0.1190059,0.8439651,0.5169592,-0.07945897,
1,29,85.789,0.9584931,1.183715,-0.2035717,-0.1190059,0.8439651,0.5169592,-0.07945897,
1,29,85.791,0.9584931,1.183715,-0.2035717,-0.1190059,0.8439651,0.5169592,-0.07945897,
1,29,85.793,0.954004,1.180449,-0.2025061,-0.09377894,0.8501439,0.5143166,-0.06276435,
1,29,85.795,0.954004,1.180449,-0.2025061,-0.09377894,0.8501439,0.5143166,-0.06276435,
1,29,85.797,0.954004,1.180449,-0.2025061,-0.09377894,0.8501439,0.5143166,-0.06276435,
1,29,85.799,0.954004,1.180449,-0.2025061,-0.09377894,0.8501439,0.5143166,-0.06276435,
1,29,85.801,0.949482,1.177534,-0.2014654,-0.06635597,0.8555557,0.511795,-0.04107508,
1,29,85.803,0.949482,1.177534,-0.2014654,-0.06635597,0.8555557,0.511795,-0.04107508,
1,29,85.805,0.949482,1.177534,-0.2014654,-0.06635597,0.8555557,0.511795,-0.04107508,
1,29,85.807,0.949482,1.177534,-0.2014654,-0.06635597,0.8555557,0.511795,-0.04107508,
1,29,85.809,0.9445677,1.175137,-0.2003196,-0.03596631,0.85989,0.5090292,-0.01360639,
1,29,85.811,0.9445677,1.175137,-0.2003196,-0.03596631,0.85989,0.5090292,-0.01360639,
1,29,85.813,0.9445677,1.175137,-0.2003196,-0.03596631,0.85989,0.5090292,-0.01360639,
1,29,85.815,0.9445677,1.175137,-0.2003196,-0.03596631,0.85989,0.5090292,-0.01360639,
1,29,85.817,0.9445677,1.175137,-0.2003196,-0.03596631,0.85989,0.5090292,-0.01360639,
1,29,85.819,0.939588,1.173544,-0.199285,-0.003258526,0.8623682,0.5058908,0.01961727,
1,29,85.821,0.939588,1.173544,-0.199285,-0.003258526,0.8623682,0.5058908,0.01961727,
1,29,85.823,0.939588,1.173544,-0.199285,-0.003258526,0.8623682,0.5058908,0.01961727,
1,29,85.825,0.939588,1.173544,-0.199285,-0.003258526,0.8623682,0.5058908,0.01961727,
1,29,85.827,0.9351554,1.172999,-0.1986035,0.03092414,0.8622947,0.5020775,0.05839299,
1,29,85.829,0.9351554,1.172999,-0.1986035,0.03092414,0.8622947,0.5020775,0.05839299,
1,29,85.831,0.9351554,1.172999,-0.1986035,0.03092414,0.8622947,0.5020775,0.05839299,
1,29,85.833,0.9351554,1.172999,-0.1986035,0.03092414,0.8622947,0.5020775,0.05839299,
1,29,85.835,0.9308951,1.172708,-0.197852,0.06584567,0.8595618,0.4967512,0.1002804,
1,29,85.837,0.9308951,1.172708,-0.197852,0.06584567,0.8595618,0.4967512,0.1002804,
1,29,85.839,0.9308951,1.172708,-0.197852,0.06584567,0.8595618,0.4967512,0.1002804,
1,29,85.841,0.9308951,1.172708,-0.197852,0.06584567,0.8595618,0.4967512,0.1002804,
1,29,85.843,0.9268637,1.172683,-0.1972419,0.09937531,0.8543822,0.4898941,0.1419839,
1,29,85.845,0.9268637,1.172683,-0.1972419,0.09937531,0.8543822,0.4898941,0.1419839,
1,29,85.847,0.9268637,1.172683,-0.1972419,0.09937531,0.8543822,0.4898941,0.1419839,
1,29,85.849,0.9268637,1.172683,-0.1972419,0.09937531,0.8543822,0.4898941,0.1419839,
1,29,85.851,0.9233293,1.173041,-0.1969627,0.1303053,0.8473033,0.4819872,0.1810689,
1,29,85.853,0.9233293,1.173041,-0.1969627,0.1303053,0.8473033,0.4819872,0.1810689,
1,29,85.855,0.9233293,1.173041,-0.1969627,0.1303053,0.8473033,0.4819872,0.1810689,
1,29,85.857,0.9233293,1.173041,-0.1969627,0.1303053,0.8473033,0.4819872,0.1810689,
1,29,85.859,0.9197281,1.173229,-0.1965928,0.157342,0.8396453,0.4733244,0.21495,
1,29,85.861,0.9197281,1.173229,-0.1965928,0.157342,0.8396453,0.4733244,0.21495,
1,29,85.863,0.9197281,1.173229,-0.1965928,0.157342,0.8396453,0.4733244,0.21495,
1,29,85.865,0.9197281,1.173229,-0.1965928,0.157342,0.8396453,0.4733244,0.21495,
1,29,85.867,0.9197281,1.173229,-0.1965928,0.157342,0.8396453,0.4733244,0.21495,
1,29,85.869,0.9163513,1.173437,-0.1964551,0.1798559,0.8322607,0.4649443,0.2425303,
1,29,85.871,0.9163513,1.173437,-0.1964551,0.1798559,0.8322607,0.4649443,0.2425303,
1,29,85.873,0.9163513,1.173437,-0.1964551,0.1798559,0.8322607,0.4649443,0.2425303,
1,29,85.875,0.9163513,1.173437,-0.1964551,0.1798559,0.8322607,0.4649443,0.2425303,
1,29,85.877,0.9138801,1.174449,-0.1970309,0.1986783,0.8248661,0.4579623,0.2653176,
1,29,85.879,0.9138801,1.174449,-0.1970309,0.1986783,0.8248661,0.4579623,0.2653176,
1,29,85.881,0.9138801,1.174449,-0.1970309,0.1986783,0.8248661,0.4579623,0.2653176,
1,29,85.883,0.9138801,1.174449,-0.1970309,0.1986783,0.8248661,0.4579623,0.2653176,
1,29,85.885,0.9114012,1.175277,-0.1975766,0.2151586,0.8177342,0.4515868,0.2847578,
1,29,85.887,0.9114012,1.175277,-0.1975766,0.2151586,0.8177342,0.4515868,0.2847578,
1,29,85.889,0.9114012,1.175277,-0.1975766,0.2151586,0.8177342,0.4515868,0.2847578,
1,29,85.891,0.9114012,1.175277,-0.1975766,0.2151586,0.8177342,0.4515868,0.2847578,
1,29,85.893,0.9088392,1.17608,-0.1981212,0.2312537,0.8098766,0.4452465,0.3039364,
1,29,85.895,0.9088392,1.17608,-0.1981212,0.2312537,0.8098766,0.4452465,0.3039364,
1,29,85.897,0.9088392,1.17608,-0.1981212,0.2312537,0.8098766,0.4452465,0.3039364,
1,29,85.899,0.9088392,1.17608,-0.1981212,0.2312537,0.8098766,0.4452465,0.3039364,
1,29,85.901,0.9064493,1.177175,-0.1986934,0.2476167,0.8006111,0.4386624,0.3244737,
1,29,85.903,0.9064493,1.177175,-0.1986934,0.2476167,0.8006111,0.4386624,0.3244737,
1,29,85.905,0.9064493,1.177175,-0.1986934,0.2476167,0.8006111,0.4386624,0.3244737,
1,29,85.907,0.9064493,1.177175,-0.1986934,0.2476167,0.8006111,0.4386624,0.3244737,
1,29,85.909,0.9036271,1.178357,-0.1992724,0.2653875,0.7893464,0.4310696,0.3473915,
1,29,85.911,0.9036271,1.178357,-0.1992724,0.2653875,0.7893464,0.4310696,0.3473915,
1,29,85.913,0.9036271,1.178357,-0.1992724,0.2653875,0.7893464,0.4310696,0.3473915,
1,29,85.915,0.9036271,1.178357,-0.1992724,0.2653875,0.7893464,0.4310696,0.3473915,
1,29,85.917,0.9036271,1.178357,-0.1992724,0.2653875,0.7893464,0.4310696,0.3473915,
1,29,85.919,0.9009147,1.180053,-0.2001615,0.2839982,0.7760335,0.4228184,0.3719431,
1,29,85.921,0.9009147,1.180053,-0.2001615,0.2839982,0.7760335,0.4228184,0.3719431,
1,29,85.923,0.9009147,1.180053,-0.2001615,0.2839982,0.7760335,0.4228184,0.3719431,
1,29,85.925,0.9009147,1.180053,-0.2001615,0.2839982,0.7760335,0.4228184,0.3719431,
1,29,85.927,0.898299,1.182387,-0.2014191,0.3034266,0.7605412,0.4140707,0.3975612,
1,29,85.929,0.898299,1.182387,-0.2014191,0.3034266,0.7605412,0.4140707,0.3975612,
1,29,85.931,0.898299,1.182387,-0.2014191,0.3034266,0.7605412,0.4140707,0.3975612,
1,29,85.933,0.898299,1.182387,-0.2014191,0.3034266,0.7605412,0.4140707,0.3975612,
1,29,85.935,0.8954468,1.185049,-0.2028551,0.3237484,0.7428414,0.4044843,0.4239883,
1,29,85.937,0.8954468,1.185049,-0.2028551,0.3237484,0.7428414,0.4044843,0.4239883,
1,29,85.939,0.8954468,1.185049,-0.2028551,0.3237484,0.7428414,0.4044843,0.4239883,
1,29,85.941,0.8954468,1.185049,-0.2028551,0.3237484,0.7428414,0.4044843,0.4239883,
1,29,85.943,0.8923635,1.188005,-0.204366,0.3446081,0.7233134,0.3939264,0.4504275,
1,29,85.945,0.8923635,1.188005,-0.204366,0.3446081,0.7233134,0.3939264,0.4504275,
1,29,85.947,0.8923635,1.188005,-0.204366,0.3446081,0.7233134,0.3939264,0.4504275,
1,29,85.949,0.8923635,1.188005,-0.204366,0.3446081,0.7233134,0.3939264,0.4504275,
1,29,85.951,0.8887665,1.191377,-0.2060182,0.3651169,0.7031872,0.3830177,0.4748841,
1,29,85.953,0.8887665,1.191377,-0.2060182,0.3651169,0.7031872,0.3830177,0.4748841,
1,29,85.955,0.8887665,1.191377,-0.2060182,0.3651169,0.7031872,0.3830177,0.4748841,
1,29,85.957,0.8887665,1.191377,-0.2060182,0.3651169,0.7031872,0.3830177,0.4748841,
1,29,85.959,0.8849198,1.194969,-0.2076889,0.3844565,0.6834592,0.3723372,0.496429,
1,29,85.961,0.8849198,1.194969,-0.2076889,0.3844565,0.6834592,0.3723372,0.496429,
1,29,85.963,0.8849198,1.194969,-0.2076889,0.3844565,0.6834592,0.3723372,0.496429,
1,29,85.965,0.8849198,1.194969,-0.2076889,0.3844565,0.6834592,0.3723372,0.496429,
1,29,85.967,0.8849198,1.194969,-0.2076889,0.3844565,0.6834592,0.3723372,0.496429,
1,29,85.969,0.8806731,1.198812,-0.2093285,0.4021741,0.6652217,0.3625423,0.5141003,
1,29,85.971,0.8806731,1.198812,-0.2093285,0.4021741,0.6652217,0.3625423,0.5141003,
1,29,85.973,0.8806731,1.198812,-0.2093285,0.4021741,0.6652217,0.3625423,0.5141003,
1,29,85.975,0.8806731,1.198812,-0.2093285,0.4021741,0.6652217,0.3625423,0.5141003,
1,29,85.977,0.8762841,1.202808,-0.2108471,0.4176451,0.6493996,0.3544025,0.5274957,
1,29,85.979,0.8762841,1.202808,-0.2108471,0.4176451,0.6493996,0.3544025,0.5274957,
1,29,85.981,0.8762841,1.202808,-0.2108471,0.4176451,0.6493996,0.3544025,0.5274957,
1,29,85.983,0.8762841,1.202808,-0.2108471,0.4176451,0.6493996,0.3544025,0.5274957,
1,29,85.985,0.8719316,1.206595,-0.2121925,0.4303401,0.6367729,0.3483253,0.5366539,
1,29,85.987,0.8719316,1.206595,-0.2121925,0.4303401,0.6367729,0.3483253,0.5366539,
1,29,85.989,0.8719316,1.206595,-0.2121925,0.4303401,0.6367729,0.3483253,0.5366539,
1,29,85.991,0.8719316,1.206595,-0.2121925,0.4303401,0.6367729,0.3483253,0.5366539,
1,29,85.993,0.8675614,1.210223,-0.213477,0.4399948,0.6279664,0.3448023,0.5414556,
1,29,85.995,0.8675614,1.210223,-0.213477,0.4399948,0.6279664,0.3448023,0.5414556,
1,29,85.997,0.8675614,1.210223,-0.213477,0.4399948,0.6279664,0.3448023,0.5414556,
1,29,85.999,0.8675614,1.210223,-0.213477,0.4399948,0.6279664,0.3448023,0.5414556,
1,29,86.001,0.8636811,1.213501,-0.2146153,0.4462704,0.6231599,0.344244,0.5422275,
1,29,86.003,0.8636811,1.213501,-0.2146153,0.4462704,0.6231599,0.344244,0.5422275,
1,29,86.005,0.8636811,1.213501,-0.2146153,0.4462704,0.6231599,0.344244,0.5422275,
1,29,86.007,0.8636811,1.213501,-0.2146153,0.4462704,0.6231599,0.344244,0.5422275,
1,29,86.009,0.8601395,1.2162,-0.2155356,0.4487385,0.6230515,0.3469774,0.5385605,
1,29,86.011,0.8601395,1.2162,-0.2155356,0.4487385,0.6230515,0.3469774,0.5385605,
1,29,86.013,0.8601395,1.2162,-0.2155356,0.4487385,0.6230515,0.3469774,0.5385605,
1,29,86.015,0.8601395,1.2162,-0.2155356,0.4487385,0.6230515,0.3469774,0.5385605,
1,29,86.017,0.8601395,1.2162,-0.2155356,0.4487385,0.6230515,0.3469774,0.5385605,
1,29,86.019,0.8566192,1.217952,-0.2160132,0.4468276,0.6285931,0.3534051,0.5294532,
1,29,86.021,0.8566192,1.217952,-0.2160132,0.4468276,0.6285931,0.3534051,0.5294532,
1,29,86.023,0.8566192,1.217952,-0.2160132,0.4468276,0.6285931,0.3534051,0.5294532,
1,29,86.025,0.8566192,1.217952,-0.2160132,0.4468276,0.6285931,0.3534051,0.5294532,
1,29,86.027,0.8538184,1.218973,-0.2162923,0.4398952,0.6396359,0.3642819,0.5144483,
1,29,86.029,0.8538184,1.218973,-0.2162923,0.4398952,0.6396359,0.3642819,0.5144483,
1,29,86.031,0.8538184,1.218973,-0.2162923,0.4398952,0.6396359,0.3642819,0.5144483,
1,29,86.033,0.8538184,1.218973,-0.2162923,0.4398952,0.6396359,0.3642819,0.5144483,
1,29,86.035,0.8512819,1.219493,-0.2165471,0.4278315,0.655966,0.379575,0.4925359,
1,29,86.037,0.8512819,1.219493,-0.2165471,0.4278315,0.655966,0.379575,0.4925359,
1,29,86.039,0.8512819,1.219493,-0.2165471,0.4278315,0.655966,0.379575,0.4925359,
1,29,86.041,0.8512819,1.219493,-0.2165471,0.4278315,0.655966,0.379575,0.4925359,
1,29,86.043,0.8489414,1.219983,-0.2170628,0.4112096,0.6758976,0.39848,0.4639857,
1,29,86.045,0.8489414,1.219983,-0.2170628,0.4112096,0.6758976,0.39848,0.4639857,
1,29,86.047,0.8489414,1.219983,-0.2170628,0.4112096,0.6758976,0.39848,0.4639857,
1,29,86.049,0.8489414,1.219983,-0.2170628,0.4112096,0.6758976,0.39848,0.4639857,
1,29,86.051,0.8470607,1.221869,-0.2187071,0.3910776,0.6964442,0.421184,0.4296835,
1,29,86.053,0.8470607,1.221869,-0.2187071,0.3910776,0.6964442,0.421184,0.4296835,
1,29,86.055,0.8470607,1.221869,-0.2187071,0.3910776,0.6964442,0.421184,0.4296835,
1,29,86.057,0.8470607,1.221869,-0.2187071,0.3910776,0.6964442,0.421184,0.4296835,
1,29,86.059,0.8454441,1.223461,-0.2204136,0.367764,0.7161372,0.4449883,0.3922787,
1,29,86.061,0.8454441,1.223461,-0.2204136,0.367764,0.7161372,0.4449883,0.3922787,
1,29,86.063,0.8454441,1.223461,-0.2204136,0.367764,0.7161372,0.4449883,0.3922787,
1,29,86.065,0.8454441,1.223461,-0.2204136,0.367764,0.7161372,0.4449883,0.3922787,
1,29,86.067,0.8454441,1.223461,-0.2204136,0.367764,0.7161372,0.4449883,0.3922787,
1,29,86.069,0.8438165,1.224357,-0.221471,0.3437468,0.7330422,0.4665938,0.3560583,
1,29,86.071,0.8438165,1.224357,-0.221471,0.3437468,0.7330422,0.4665938,0.3560583,
1,29,86.073,0.8438165,1.224357,-0.221471,0.3437468,0.7330422,0.4665938,0.3560583,
1,29,86.075,0.8438165,1.224357,-0.221471,0.3437468,0.7330422,0.4665938,0.3560583,
1,29,86.077,0.8425246,1.224161,-0.2225926,0.3199868,0.7468104,0.4851487,0.3232852,
1,29,86.079,0.8425246,1.224161,-0.2225926,0.3199868,0.7468104,0.4851487,0.3232852,
1,29,86.081,0.8425246,1.224161,-0.2225926,0.3199868,0.7468104,0.4851487,0.3232852,
1,29,86.083,0.8425246,1.224161,-0.2225926,0.3199868,0.7468104,0.4851487,0.3232852,CourtEnter
1,29,86.085,0.8412438,1.222582,-0.2240893,0.2978207,0.7577935,0.4997799,0.2954182,
1,29,86.087,0.8412438,1.222582,-0.2240893,0.2978207,0.7577935,0.4997799,0.2954182,
1,29,86.089,0.8412438,1.222582,-0.2240893,0.2978207,0.7577935,0.4997799,0.2954182,
1,29,86.091,0.8412438,1.222582,-0.2240893,0.2978207,0.7577935,0.4997799,0.2954182,CourtExit
1,29,86.093,0.8397611,1.21929,-0.225703,0.2769038,0.767424,0.5103786,0.2718429,
1,29,86.095,0.8397611,1.21929,-0.225703,0.2769038,0.767424,0.5103786,0.2718429,
1,29,86.097,0.8397611,1.21929,-0.225703,0.2769038,0.767424,0.5103786,0.2718429,
1,29,86.099,0.8397611,1.21929,-0.225703,0.2769038,0.767424,0.5103786,0.2718429,
1,29,86.101,0.8379618,1.214448,-0.227174,0.2560727,0.7769212,0.5179822,0.2500293,
1,29,86.103,0.8379618,1.214448,-0.227174,0.2560727,0.7769212,0.5179822,0.2500293,
1,29,86.105,0.8379618,1.214448,-0.227174,0.2560727,0.7769212,0.5179822,0.2500293,
1,29,86.107,0.8379618,1.214448,-0.227174,0.2560727,0.7769212,0.5179822,0.2500293,
1,29,86.109,0.836619,1.209239,-0.2290291,0.2323855,0.7871813,0.5247977,0.225677,
1,29,86.111,0.836619,1.209239,-0.2290291,0.2323855,0.7871813,0.5247977,0.225677,
1,29,86.113,0.836619,1.209239,-0.2290291,0.2323855,0.7871813,0.5247977,0.225677,
1,29,86.115,0.836619,1.209239,-0.2290291,0.2323855,0.7871813,0.5247977,0.225677,
1,29,86.117,0.836619,1.209239,-0.2290291,0.2323855,0.7871813,0.5247977,0.225677,
1,29,86.119,0.8358302,1.204265,-0.2316314,0.2047981,0.7979909,0.5314497,0.1970523,
1,29,86.121,0.8358302,1.204265,-0.2316314,0.2047981,0.7979909,0.5314497,0.1970523,
1,29,86.123,0.8358302,1.204265,-0.2316314,0.2047981,0.7979909,0.5314497,0.1970523,
1,29,86.125,0.8358302,1.204265,-0.2316314,0.2047981,0.7979909,0.5314497,0.1970523,
1,29,86.127,0.8343068,1.197819,-0.2342361,0.1731587,0.8099974,0.5361356,0.1627237,
1,29,86.129,0.8343068,1.197819,-0.2342361,0.1731587,0.8099974,0.5361356,0.1627237,
1,29,86.131,0.8343068,1.197819,-0.2342361,0.1731587,0.8099974,0.5361356,0.1627237,
1,29,86.133,0.8343068,1.197819,-0.2342361,0.1731587,0.8099974,0.5361356,0.1627237,
1,29,86.135,0.8322794,1.19046,-0.2367025,0.1382399,0.8219664,0.5385078,0.1235732,
1,29,86.137,0.8322794,1.19046,-0.2367025,0.1382399,0.8219664,0.5385078,0.1235732,
1,29,86.139,0.8322794,1.19046,-0.2367025,0.1382399,0.8219664,0.5385078,0.1235732,
1,29,86.141,0.8322794,1.19046,-0.2367025,0.1382399,0.8219664,0.5385078,0.1235732,
1,29,86.143,0.8304731,1.183289,-0.2398727,0.1011988,0.8322675,0.5388863,0.08180059,
1,29,86.145,0.8304731,1.183289,-0.2398727,0.1011988,0.8322675,0.5388863,0.08180059,
1,29,86.147,0.8304731,1.183289,-0.2398727,0.1011988,0.8322675,0.5388863,0.08180059,
1,29,86.149,0.8304731,1.183289,-0.2398727,0.1011988,0.8322675,0.5388863,0.08180059,
1,29,86.151,0.8275813,1.175368,-0.24267,0.06576002,0.8405293,0.5361197,0.04197603,
1,29,86.153,0.8275813,1.175368,-0.24267,0.06576002,0.8405293,0.5361197,0.04197603,
1,29,86.155,0.8275813,1.175368,-0.24267,0.06576002,0.8405293,0.5361197,0.04197603,
1,29,86.157,0.8275813,1.175368,-0.24267,0.06576002,0.8405293,0.5361197,0.04197603,
1,29,86.159,0.8237789,1.167146,-0.2454114,0.03402397,0.8467347,0.53087,0.007732011,
1,29,86.161,0.8237789,1.167146,-0.2454114,0.03402397,0.8467347,0.53087,0.007732011,
1,29,86.163,0.8237789,1.167146,-0.2454114,0.03402397,0.8467347,0.53087,0.007732011,
1,29,86.165,0.8237789,1.167146,-0.2454114,0.03402397,0.8467347,0.53087,0.007732011,
1,29,86.167,0.8237789,1.167146,-0.2454114,0.03402397,0.8467347,0.53087,0.007732011,
1,29,86.169,0.8201277,1.159312,-0.2484076,0.007390499,0.8511813,0.5245609,-0.01648414,
1,29,86.171,0.8201277,1.159312,-0.2484076,0.007390499,0.8511813,0.5245609,-0.01648414,
1,29,86.173,0.8201277,1.159312,-0.2484076,0.007390499,0.8511813,0.5245609,-0.01648414,
1,29,86.175,0.8201277,1.159312,-0.2484076,0.007390499,0.8511813,0.5245609,-0.01648414,
1,29,86.177,0.8161477,1.152,-0.2513444,-0.01318669,0.8545793,0.5183262,-0.02929712,
1,29,86.179,0.8161477,1.152,-0.2513444,-0.01318669,0.8545793,0.5183262,-0.02929712,
1,29,86.181,0.8161477,1.152,-0.2513444,-0.01318669,0.8545793,0.5183262,-0.02929712,
1,29,86.183,0.8161477,1.152,-0.2513444,-0.01318669,0.8545793,0.5183262,-0.02929712,
1,29,86.185,0.8121018,1.145403,-0.2543254,-0.02789676,0.8572833,0.5132018,-0.03018231,
1,29,86.187,0.8121018,1.145403,-0.2543254,-0.02789676,0.8572833,0.5132018,-0.03018231,
1,29,86.189,0.8121018,1.145403,-0.2543254,-0.02789676,0.8572833,0.5132018,-0.03018231,
1,29,86.191,0.8121018,1.145403,-0.2543254,-0.02789676,0.8572833,0.5132018,-0.03018231,
1,29,86.193,0.8071369,1.139429,-0.2570441,-0.03716734,0.8593196,0.5096557,-0.02096629,
1,29,86.195,0.8071369,1.139429,-0.2570441,-0.03716734,0.8593196,0.5096557,-0.02096629,
1,29,86.197,0.8071369,1.139429,-0.2570441,-0.03716734,0.8593196,0.5096557,-0.02096629,
1,29,86.199,0.8071369,1.139429,-0.2570441,-0.03716734,0.8593196,0.5096557,-0.02096629,
1,29,86.201,0.8011284,1.134012,-0.2597739,-0.04225889,0.8603445,0.5079387,-0.004454479,
1,29,86.203,0.8011284,1.134012,-0.2597739,-0.04225889,0.8603445,0.5079387,-0.004454479,
1,29,86.205,0.8011284,1.134012,-0.2597739,-0.04225889,0.8603445,0.5079387,-0.004454479,
1,29,86.207,0.8011284,1.134012,-0.2597739,-0.04225889,0.8603445,0.5079387,-0.004454479,
1,29,86.209,0.7942104,1.129226,-0.2624625,-0.04564789,0.8600146,0.5079814,0.01569055,
1,29,86.211,0.7942104,1.129226,-0.2624625,-0.04564789,0.8600146,0.5079814,0.01569055,
1,29,86.213,0.7942104,1.129226,-0.2624625,-0.04564789,0.8600146,0.5079814,0.01569055,
1,29,86.215,0.7942104,1.129226,-0.2624625,-0.04564789,0.8600146,0.5079814,0.01569055,
1,29,86.217,0.7942104,1.129226,-0.2624625,-0.04564789,0.8600146,0.5079814,0.01569055,
1,29,86.219,0.7864457,1.124862,-0.2650235,-0.04879093,0.8585271,0.5091725,0.03597358,
1,29,86.221,0.7864457,1.124862,-0.2650235,-0.04879093,0.8585271,0.5091725,0.03597358,
1,29,86.223,0.7864457,1.124862,-0.2650235,-0.04879093,0.8585271,0.5091725,0.03597358,
1,29,86.225,0.7864457,1.124862,-0.2650235,-0.04879093,0.8585271,0.5091725,0.03597358,
1,29,86.227,0.776756,1.120232,-0.2672834,-0.05241624,0.856162,0.5110945,0.05496886,
1,29,86.229,0.776756,1.120232,-0.2672834,-0.05241624,0.856162,0.5110945,0.05496886,
1,29,86.231,0.776756,1.120232,-0.2672834,-0.05241624,0.856162,0.5110945,0.05496886,
1,29,86.233,0.776756,1.120232,-0.2672834,-0.05241624,0.856162,0.5110945,0.05496886,
1,29,86.235,0.7668624,1.116438,-0.2697439,-0.05681327,0.8528978,0.5140361,0.07144644,
1,29,86.237,0.7668624,1.116438,-0.2697439,-0.05681327,0.8528978,0.5140361,0.07144644,
1,29,86.239,0.7668624,1.116438,-0.2697439,-0.05681327,0.8528978,0.5140361,0.07144644,
1,29,86.241,0.7668624,1.116438,-0.2697439,-0.05681327,0.8528978,0.5140361,0.07144644,
1,29,86.243,0.7555861,1.112654,-0.272115,-0.06259701,0.8491132,0.5174548,0.08560973,
1,29,86.245,0.7555861,1.112654,-0.272115,-0.06259701,0.8491132,0.5174548,0.08560973,
1,29,86.247,0.7555861,1.112654,-0.272115,-0.06259701,0.8491132,0.5174548,0.08560973,
1,29,86.249,0.7555861,1.112654,-0.272115,-0.06259701,0.8491132,0.5174548,0.08560973,
1,29,86.251,0.7436645,1.108953,-0.2744903,-0.06945431,0.8448306,0.5212592,0.09862161,
1,29,86.253,0.7436645,1.108953,-0.2744903,-0.06945431,0.8448306,0.5212592,0.09862161,
1,29,86.255,0.7436645,1.108953,-0.2744903,-0.06945431,0.8448306,0.5212592,0.09862161,
1,29,86.257,0.7436645,1.108953,-0.2744903,-0.06945431,0.8448306,0.5212592,0.09862161,
1,29,86.259,0.7307974,1.105232,-0.276923,-0.07671097,0.8400081,0.5254092,0.1115651,
1,29,86.261,0.7307974,1.105232,-0.276923,-0.07671097,0.8400081,0.5254092,0.1115651,
1,29,86.263,0.7307974,1.105232,-0.276923,-0.07671097,0.8400081,0.5254092,0.1115651,
1,29,86.265,0.7307974,1.105232,-0.276923,-0.07671097,0.8400081,0.5254092,0.1115651,
1,29,86.267,0.7307974,1.105232,-0.276923,-0.07671097,0.8400081,0.5254092,0.1115651,
1,29,86.269,0.7174498,1.101252,-0.2791656,-0.08392832,0.8346704,0.529644,0.1255333,
1,29,86.271,0.7174498,1.101252,-0.2791656,-0.08392832,0.8346704,0.529644,0.1255333,
1,29,86.273,0.7174498,1.101252,-0.2791656,-0.08392832,0.8346704,0.529644,0.1255333,
1,29,86.275,0.7174498,1.101252,-0.2791656,-0.08392832,0.8346704,0.529644,0.1255333,
1,29,86.277,0.7044466,1.09715,-0.2812814,-0.09174651,0.8287666,0.533904,0.140268,
1,29,86.279,0.7044466,1.09715,-0.2812814,-0.09174651,0.8287666,0.533904,0.140268,
1,29,86.281,0.7044466,1.09715,-0.2812814,-0.09174651,0.8287666,0.533904,0.140268,
1,29,86.283,0.7044466,1.09715,-0.2812814,-0.09174651,0.8287666,0.533904,0.140268,
1,29,86.285,0.6911459,1.093406,-0.2834427,-0.09913105,0.8220796,0.5385604,0.1559197,
1,29,86.287,0.6911459,1.093406,-0.2834427,-0.09913105,0.8220796,0.5385604,0.1559197,
1,29,86.289,0.6911459,1.093406,-0.2834427,-0.09913105,0.8220796,0.5385604,0.1559197,
1,29,86.291,0.6911459,1.093406,-0.2834427,-0.09913105,0.8220796,0.5385604,0.1559197,
1,29,86.293,0.6775379,1.089537,-0.2856654,-0.1072687,0.8146862,0.5432116,0.1723402,
1,29,86.295,0.6775379,1.089537,-0.2856654,-0.1072687,0.8146862,0.5432116,0.1723402,
1,29,86.297,0.6775379,1.089537,-0.2856654,-0.1072687,0.8146862,0.5432116,0.1723402,
1,29,86.299,0.6775379,1.089537,-0.2856654,-0.1072687,0.8146862,0.5432116,0.1723402,
1,29,86.301,0.6644078,1.085964,-0.2880192,-0.1170083,0.8065097,0.5481685,0.188049,
1,29,86.303,0.6644078,1.085964,-0.2880192,-0.1170083,0.8065097,0.5481685,0.188049,
1,29,86.305,0.6644078,1.085964,-0.2880192,-0.1170083,0.8065097,0.5481685,0.188049,
1,29,86.307,0.6644078,1.085964,-0.2880192,-0.1170083,0.8065097,0.5481685,0.188049,
1,29,86.309,0.65113,1.082534,-0.2906342,-0.1276744,0.7977945,0.5531061,0.2032161,
1,29,86.311,0.65113,1.082534,-0.2906342,-0.1276744,0.7977945,0.5531061,0.2032161,
1,29,86.313,0.65113,1.082534,-0.2906342,-0.1276744,0.7977945,0.5531061,0.2032161,
1,29,86.315,0.65113,1.082534,-0.2906342,-0.1276744,0.7977945,0.5531061,0.2032161,
1,29,86.317,0.65113,1.082534,-0.2906342,-0.1276744,0.7977945,0.5531061,0.2032161,
1,29,86.319,0.6380901,1.07979,-0.2936114,-0.1394826,0.7879263,0.5585629,0.2184592,
1,29,86.321,0.6380901,1.07979,-0.2936114,-0.1394826,0.7879263,0.5585629,0.2184592,
1,29,86.323,0.6380901,1.07979,-0.2936114,-0.1394826,0.7879263,0.5585629,0.2184592,
1,29,86.325,0.6380901,1.07979,-0.2936114,-0.1394826,0.7879263,0.5585629,0.2184592,
1,29,86.327,0.6258123,1.07704,-0.2961929,-0.1529426,0.7775847,0.5635614,0.2331721,
1,29,86.329,0.6258123,1.07704,-0.2961929,-0.1529426,0.7775847,0.5635614,0.2331721,
1,29,86.331,0.6258123,1.07704,-0.2961929,-0.1529426,0.7775847,0.5635614,0.2331721,
1,29,86.333,0.6258123,1.07704,-0.2961929,-0.1529426,0.7775847,0.5635614,0.2331721,
1,29,86.335,0.6140903,1.074013,-0.2987314,-0.1686327,0.7664666,0.5681037,0.2476896,
1,29,86.337,0.6140903,1.074013,-0.2987314,-0.1686327,0.7664666,0.5681037,0.2476896,
1,29,86.339,0.6140903,1.074013,-0.2987314,-0.1686327,0.7664666,0.5681037,0.2476896,
1,29,86.341,0.6140903,1.074013,-0.2987314,-0.1686327,0.7664666,0.5681037,0.2476896,
1,29,86.343,0.6035233,1.071233,-0.3010086,-0.1870731,0.7549928,0.57204,0.2603071,
1,29,86.345,0.6035233,1.071233,-0.3010086,-0.1870731,0.7549928,0.57204,0.2603071,
1,29,86.347,0.6035233,1.071233,-0.3010086,-0.1870731,0.7549928,0.57204,0.2603071,
1,29,86.349,0.6035233,1.071233,-0.3010086,-0.1870731,0.7549928,0.57204,0.2603071,
1,29,86.351,0.5934608,1.068193,-0.3029014,-0.2074249,0.7430092,0.5751435,0.2722542,
1,29,86.353,0.5934608,1.068193,-0.3029014,-0.2074249,0.7430092,0.5751435,0.2722542,
1,29,86.355,0.5934608,1.068193,-0.3029014,-0.2074249,0.7430092,0.5751435,0.2722542,
1,29,86.357,0.5934608,1.068193,-0.3029014,-0.2074249,0.7430092,0.5751435,0.2722542,
1,29,86.359,0.5843551,1.065118,-0.3047564,-0.2303075,0.7306905,0.5773617,0.2823177,
1,29,86.361,0.5843551,1.065118,-0.3047564,-0.2303075,0.7306905,0.5773617,0.2823177,
1,29,86.363,0.5843551,1.065118,-0.3047564,-0.2303075,0.7306905,0.5773617,0.2823177,
1,29,86.365,0.5843551,1.065118,-0.3047564,-0.2303075,0.7306905,0.5773617,0.2823177,
1,29,86.367,0.5843551,1.065118,-0.3047564,-0.2303075,0.7306905,0.5773617,0.2823177,
1,29,86.369,0.5758586,1.062179,-0.3064843,-0.2541503,0.7177983,0.5789845,0.2914622,
1,29,86.371,0.5758586,1.062179,-0.3064843,-0.2541503,0.7177983,0.5789845,0.2914622,
1,29,86.373,0.5758586,1.062179,-0.3064843,-0.2541503,0.7177983,0.5789845,0.2914622,
1,29,86.375,0.5758586,1.062179,-0.3064843,-0.2541503,0.7177983,0.5789845,0.2914622,
1,29,86.377,0.5686816,1.05908,-0.3077107,-0.2791941,0.7039019,0.5798895,0.3005013,
1,29,86.379,0.5686816,1.05908,-0.3077107,-0.2791941,0.7039019,0.5798895,0.3005013,
1,29,86.381,0.5686816,1.05908,-0.3077107,-0.2791941,0.7039019,0.5798895,0.3005013,
1,29,86.383,0.5686816,1.05908,-0.3077107,-0.2791941,0.7039019,0.5798895,0.3005013,
1,29,86.385,0.561192,1.055728,-0.3094283,-0.3035738,0.6887091,0.5808182,0.3101178,
1,29,86.387,0.561192,1.055728,-0.3094283,-0.3035738,0.6887091,0.5808182,0.3101178,
1,29,86.389,0.561192,1.055728,-0.3094283,-0.3035738,0.6887091,0.5808182,0.3101178,
1,29,86.391,0.561192,1.055728,-0.3094283,-0.3035738,0.6887091,0.5808182,0.3101178,
1,29,86.393,0.5545937,1.052868,-0.3109991,-0.3271526,0.6722296,0.5820194,0.3198936,
1,29,86.395,0.5545937,1.052868,-0.3109991,-0.3271526,0.6722296,0.5820194,0.3198936,
1,29,86.397,0.5545937,1.052868,-0.3109991,-0.3271526,0.6722296,0.5820194,0.3198936,
1,29,86.399,0.5545937,1.052868,-0.3109991,-0.3271526,0.6722296,0.5820194,0.3198936,
1,29,86.401,0.5483091,1.049614,-0.3126636,-0.3513045,0.6545525,0.5831231,0.3288063,
1,29,86.403,0.5483091,1.049614,-0.3126636,-0.3513045,0.6545525,0.5831231,0.3288063,
1,29,86.405,0.5483091,1.049614,-0.3126636,-0.3513045,0.6545525,0.5831231,0.3288063,
1,29,86.407,0.5483091,1.049614,-0.3126636,-0.3513045,0.6545525,0.5831231,0.3288063,
1,29,86.409,0.542882,1.047061,-0.3141834,-0.3752345,0.6353281,0.5844523,0.3375984,
1,29,86.411,0.542882,1.047061,-0.3141834,-0.3752345,0.6353281,0.5844523,0.3375984,
1,29,86.413,0.542882,1.047061,-0.3141834,-0.3752345,0.6353281,0.5844523,0.3375984,
1,29,86.415,0.542882,1.047061,-0.3141834,-0.3752345,0.6353281,0.5844523,0.3375984,
1,29,86.417,0.542882,1.047061,-0.3141834,-0.3752345,0.6353281,0.5844523,0.3375984,
1,29,86.419,0.5379148,1.044771,-0.3156092,-0.3984964,0.6146133,0.5861841,0.3461781,
1,29,86.421,0.5379148,1.044771,-0.3156092,-0.3984964,0.6146133,0.5861841,0.3461781,
1,29,86.423,0.5379148,1.044771,-0.3156092,-0.3984964,0.6146133,0.5861841,0.3461781,
1,29,86.425,0.5379148,1.044771,-0.3156092,-0.3984964,0.6146133,0.5861841,0.3461781,
1,29,86.427,0.5330094,1.041841,-0.3172078,-0.4206494,0.5926301,0.5882522,0.3546872,
1,29,86.429,0.5330094,1.041841,-0.3172078,-0.4206494,0.5926301,0.5882522,0.3546872,
1,29,86.431,0.5330094,1.041841,-0.3172078,-0.4206494,0.5926301,0.5882522,0.3546872,
1,29,86.433,0.5330094,1.041841,-0.3172078,-0.4206494,0.5926301,0.5882522,0.3546872,
1,29,86.435,0.5293171,1.039439,-0.3181733,-0.4428327,0.5688167,0.5905176,0.3628164,
1,29,86.437,0.5293171,1.039439,-0.3181733,-0.4428327,0.5688167,0.5905176,0.3628164,
1,29,86.439,0.5293171,1.039439,-0.3181733,-0.4428327,0.5688167,0.5905176,0.3628164,
1,29,86.441,0.5293171,1.039439,-0.3181733,-0.4428327,0.5688167,0.5905176,0.3628164,
1,29,86.443,0.5259776,1.036655,-0.3194344,-0.4644612,0.544862,0.5923876,0.3694296,
1,29,86.445,0.5259776,1.036655,-0.3194344,-0.4644612,0.544862,0.5923876,0.3694296,
1,29,86.447,0.5259776,1.036655,-0.3194344,-0.4644612,0.544862,0.5923876,0.3694296,
1,29,86.449,0.5259776,1.036655,-0.3194344,-0.4644612,0.544862,0.5923876,0.3694296,
1,29,86.451,0.5233852,1.033466,-0.3202402,-0.4862666,0.5204867,0.5934519,0.3747711,
1,29,86.453,0.5233852,1.033466,-0.3202402,-0.4862666,0.5204867,0.5934519,0.3747711,
1,29,86.455,0.5233852,1.033466,-0.3202402,-0.4862666,0.5204867,0.5934519,0.3747711,
1,29,86.457,0.5233852,1.033466,-0.3202402,-0.4862666,0.5204867,0.5934519,0.3747711,
1,29,86.459,0.5216869,1.029687,-0.3205363,-0.5083973,0.495912,0.5933585,0.3788525,
1,29,86.461,0.5216869,1.029687,-0.3205363,-0.5083973,0.495912,0.5933585,0.3788525,
1,29,86.463,0.5216869,1.029687,-0.3205363,-0.5083973,0.495912,0.5933585,0.3788525,
1,29,86.465,0.5216869,1.029687,-0.3205363,-0.5083973,0.495912,0.5933585,0.3788525,
1,29,86.467,0.5216869,1.029687,-0.3205363,-0.5083973,0.495912,0.5933585,0.3788525,
1,29,86.469,0.5204964,1.025865,-0.3210087,-0.5297422,0.4718307,0.5928007,0.3812302,
1,29,86.471,0.5204964,1.025865,-0.3210087,-0.5297422,0.4718307,0.5928007,0.3812302,
1,29,86.473,0.5204964,1.025865,-0.3210087,-0.5297422,0.4718307,0.5928007,0.3812302,
1,29,86.475,0.5204964,1.025865,-0.3210087,-0.5297422,0.4718307,0.5928007,0.3812302,
1,29,86.477,0.5199393,1.022058,-0.3211791,-0.5508135,0.4477774,0.5916277,0.3821998,
1,29,86.479,0.5199393,1.022058,-0.3211791,-0.5508135,0.4477774,0.5916277,0.3821998,
1,29,86.481,0.5199393,1.022058,-0.3211791,-0.5508135,0.4477774,0.5916277,0.3821998,
1,29,86.483,0.5199393,1.022058,-0.3211791,-0.5508135,0.4477774,0.5916277,0.3821998,
1,29,86.485,0.5204437,1.018301,-0.3213681,-0.5703042,0.4236221,0.5909225,0.3822409,
1,29,86.487,0.5204437,1.018301,-0.3213681,-0.5703042,0.4236221,0.5909225,0.3822409,
1,29,86.489,0.5204437,1.018301,-0.3213681,-0.5703042,0.4236221,0.5909225,0.3822409,
1,29,86.491,0.5204437,1.018301,-0.3213681,-0.5703042,0.4236221,0.5909225,0.3822409,
1,29,86.493,0.5215623,1.014519,-0.3215143,-0.5883515,0.3997596,0.590528,0.3811975,
1,29,86.495,0.5215623,1.014519,-0.3215143,-0.5883515,0.3997596,0.590528,0.3811975,
1,29,86.497,0.5215623,1.014519,-0.3215143,-0.5883515,0.3997596,0.590528,0.3811975,
1,29,86.499,0.5215623,1.014519,-0.3215143,-0.5883515,0.3997596,0.590528,0.3811975,
1,29,86.501,0.5234122,1.010783,-0.3215885,-0.6039805,0.3754622,0.5915989,0.3797979,
1,29,86.503,0.5234122,1.010783,-0.3215885,-0.6039805,0.3754622,0.5915989,0.3797979,
1,29,86.505,0.5234122,1.010783,-0.3215885,-0.6039805,0.3754622,0.5915989,0.3797979,
1,29,86.507,0.5234122,1.010783,-0.3215885,-0.6039805,0.3754622,0.5915989,0.3797979,
1,29,86.509,0.5265522,1.007271,-0.3210992,-0.6183503,0.3518071,0.5930957,0.3769777,
1,29,86.511,0.5265522,1.007271,-0.3210992,-0.6183503,0.3518071,0.5930957,0.3769777,
1,29,86.513,0.5265522,1.007271,-0.3210992,-0.6183503,0.3518071,0.5930957,0.3769777,
1,29,86.515,0.5265522,1.007271,-0.3210992,-0.6183503,0.3518071,0.5930957,0.3769777,
1,29,86.517,0.5265522,1.007271,-0.3210992,-0.6183503,0.3518071,0.5930957,0.3769777,
1,29,86.519,0.5300097,1.004077,-0.3206457,-0.6310733,0.329383,0.5951985,0.3728166,
1,29,86.521,0.5300097,1.004077,-0.3206457,-0.6310733,0.329383,0.5951985,0.3728166,
1,29,86.523,0.5300097,1.004077,-0.3206457,-0.6310733,0.329383,0.5951985,0.3728166,
1,29,86.525,0.5300097,1.004077,-0.3206457,-0.6310733,0.329383,0.5951985,0.3728166,
1,29,86.527,0.5340294,1.001354,-0.3201079,-0.6428072,0.3077654,0.5978947,0.3668804,
1,29,86.529,0.5340294,1.001354,-0.3201079,-0.6428072,0.3077654,0.5978947,0.3668804,
1,29,86.531,0.5340294,1.001354,-0.3201079,-0.6428072,0.3077654,0.5978947,0.3668804,
1,29,86.533,0.5340294,1.001354,-0.3201079,-0.6428072,0.3077654,0.5978947,0.3668804,
1,29,86.535,0.5394725,0.9981861,-0.319802,-0.652793,0.2880709,0.6012142,0.359747,
1,29,86.537,0.5394725,0.9981861,-0.319802,-0.652793,0.2880709,0.6012142,0.359747,
1,29,86.539,0.5394725,0.9981861,-0.319802,-0.652793,0.2880709,0.6012142,0.359747,
1,29,86.541,0.5394725,0.9981861,-0.319802,-0.652793,0.2880709,0.6012142,0.359747,
1,29,86.543,0.5459504,0.9952649,-0.3194556,-0.660741,0.2699237,0.605825,0.3514807,
1,29,86.545,0.5459504,0.9952649,-0.3194556,-0.660741,0.2699237,0.605825,0.3514807,
1,29,86.547,0.5459504,0.9952649,-0.3194556,-0.660741,0.2699237,0.605825,0.3514807,
1,29,86.549,0.5459504,0.9952649,-0.3194556,-0.660741,0.2699237,0.605825,0.3514807,
1,29,86.551,0.5529094,0.9929619,-0.3184473,-0.6667308,0.2524834,0.6120353,0.3422498,
1,29,86.553,0.5529094,0.9929619,-0.3184473,-0.6667308,0.2524834,0.6120353,0.3422498,
1,29,86.555,0.5529094,0.9929619,-0.3184473,-0.6667308,0.2524834,0.6120353,0.3422498,
1,29,86.557,0.5529094,0.9929619,-0.3184473,-0.6667308,0.2524834,0.6120353,0.3422498,
1,29,86.559,0.5609411,0.9906478,-0.317364,-0.6705635,0.2369883,0.6195614,0.3321521,
1,29,86.561,0.5609411,0.9906478,-0.317364,-0.6705635,0.2369883,0.6195614,0.3321521,
1,29,86.563,0.5609411,0.9906478,-0.317364,-0.6705635,0.2369883,0.6195614,0.3321521,
1,29,86.565,0.5609411,0.9906478,-0.317364,-0.6705635,0.2369883,0.6195614,0.3321521,
1,29,86.567,0.5609411,0.9906478,-0.317364,-0.6705635,0.2369883,0.6195614,0.3321521,
1,29,86.569,0.5697144,0.9887154,-0.3163041,-0.6722136,0.223062,0.6287131,0.3210795,
1,29,86.571,0.5697144,0.9887154,-0.3163041,-0.6722136,0.223062,0.6287131,0.3210795,
1,29,86.573,0.5697144,0.9887154,-0.3163041,-0.6722136,0.223062,0.6287131,0.3210795,
1,29,86.575,0.5697144,0.9887154,-0.3163041,-0.6722136,0.223062,0.6287131,0.3210795,
1,29,86.577,0.578994,0.9873635,-0.3148674,-0.6720812,0.2110903,0.638923,0.3090714,
1,29,86.579,0.578994,0.9873635,-0.3148674,-0.6720812,0.2110903,0.638923,0.3090714,
1,29,86.581,0.578994,0.9873635,-0.3148674,-0.6720812,0.2110903,0.638923,0.3090714,
1,29,86.583,0.578994,0.9873635,-0.3148674,-0.6720812,0.2110903,0.638923,0.3090714,
1,29,86.585,0.5891039,0.9862365,-0.3130108,-0.6703717,0.2013439,0.6496837,0.2966034,
1,29,86.587,0.5891039,0.9862365,-0.3130108,-0.6703717,0.2013439,0.6496837,0.2966034,
1,29,86.589,0.5891039,0.9862365,-0.3130108,-0.6703717,0.2013439,0.6496837,0.2966034,
1,29,86.591,0.5891039,0.9862365,-0.3130108,-0.6703717,0.2013439,0.6496837,0.2966034,
1,29,86.593,0.5998869,0.9857857,-0.3111007,-0.6673208,0.1943488,0.6609564,0.2829279,
1,29,86.595,0.5998869,0.9857857,-0.3111007,-0.6673208,0.1943488,0.6609564,0.2829279,
1,29,86.597,0.5998869,0.9857857,-0.3111007,-0.6673208,0.1943488,0.6609564,0.2829279,
1,29,86.599,0.5998869,0.9857857,-0.3111007,-0.6673208,0.1943488,0.6609564,0.2829279,
1,29,86.601,0.611281,0.9855053,-0.3091953,-0.6625168,0.1895418,0.6728264,0.2691655,
1,29,86.603,0.611281,0.9855053,-0.3091953,-0.6625168,0.1895418,0.6728264,0.2691655,
1,29,86.605,0.611281,0.9855053,-0.3091953,-0.6625168,0.1895418,0.6728264,0.2691655,
1,29,86.607,0.611281,0.9855053,-0.3091953,-0.6625168,0.1895418,0.6728264,0.2691655,
1,29,86.609,0.623365,0.9857557,-0.3072021,-0.6559053,0.187051,0.6854726,0.2548088,
1,29,86.611,0.623365,0.9857557,-0.3072021,-0.6559053,0.187051,0.6854726,0.2548088,
1,29,86.613,0.623365,0.9857557,-0.3072021,-0.6559053,0.187051,0.6854726,0.2548088,
1,29,86.615,0.623365,0.9857557,-0.3072021,-0.6559053,0.187051,0.6854726,0.2548088,
1,29,86.617,0.623365,0.9857557,-0.3072021,-0.6559053,0.187051,0.6854726,0.2548088,
1,29,86.619,0.6356222,0.9865071,-0.305581,-0.6482503,0.1868028,0.6982719,0.2393588,
1,29,86.621,0.6356222,0.9865071,-0.305581,-0.6482503,0.1868028,0.6982719,0.2393588,
1,29,86.623,0.6356222,0.9865071,-0.305581,-0.6482503,0.1868028,0.6982719,0.2393588,
1,29,86.625,0.6356222,0.9865071,-0.305581,-0.6482503,0.1868028,0.6982719,0.2393588,
1,29,86.627,0.6489727,0.9873849,-0.3037285,-0.6377788,0.1891229,0.7120473,0.2246316,
1,29,86.629,0.6489727,0.9873849,-0.3037285,-0.6377788,0.1891229,0.7120473,0.2246316,
1,29,86.631,0.6489727,0.9873849,-0.3037285,-0.6377788,0.1891229,0.7120473,0.2246316,
1,29,86.633,0.6489727,0.9873849,-0.3037285,-0.6377788,0.1891229,0.7120473,0.2246316,
1,29,86.635,0.66197,0.9890734,-0.3022211,-0.6258463,0.1933045,0.7261306,0.2090075,
1,29,86.637,0.66197,0.9890734,-0.3022211,-0.6258463,0.1933045,0.7261306,0.2090075,
1,29,86.639,0.66197,0.9890734,-0.3022211,-0.6258463,0.1933045,0.7261306,0.2090075,
1,29,86.641,0.66197,0.9890734,-0.3022211,-0.6258463,0.1933045,0.7261306,0.2090075,
1,29,86.643,0.6753421,0.9909565,-0.3008677,-0.6119759,0.1997458,0.7404064,0.1933532,
1,29,86.645,0.6753421,0.9909565,-0.3008677,-0.6119759,0.1997458,0.7404064,0.1933532,
1,29,86.647,0.6753421,0.9909565,-0.3008677,-0.6119759,0.1997458,0.7404064,0.1933532,
1,29,86.649,0.6753421,0.9909565,-0.3008677,-0.6119759,0.1997458,0.7404064,0.1933532,
1,29,86.651,0.6885669,0.9935681,-0.2994755,-0.5961248,0.2079491,0.7550309,0.1769769,
1,29,86.653,0.6885669,0.9935681,-0.2994755,-0.5961248,0.2079491,0.7550309,0.1769769,
1,29,86.655,0.6885669,0.9935681,-0.2994755,-0.5961248,0.2079491,0.7550309,0.1769769,
1,29,86.657,0.6885669,0.9935681,-0.2994755,-0.5961248,0.2079491,0.7550309,0.1769769,
1,29,86.659,0.7014929,0.9964246,-0.2987613,-0.578118,0.2183317,0.7696151,0.1606352,
1,29,86.661,0.7014929,0.9964246,-0.2987613,-0.578118,0.2183317,0.7696151,0.1606352,
1,29,86.663,0.7014929,0.9964246,-0.2987613,-0.578118,0.2183317,0.7696151,0.1606352,
1,29,86.665,0.7014929,0.9964246,-0.2987613,-0.578118,0.2183317,0.7696151,0.1606352,
1,29,86.667,0.7014929,0.9964246,-0.2987613,-0.578118,0.2183317,0.7696151,0.1606352,
1,29,86.669,0.7134383,0.9996865,-0.298186,-0.5589353,0.2301487,0.7835673,0.1436845,
1,29,86.671,0.7134383,0.9996865,-0.298186,-0.5589353,0.2301487,0.7835673,0.1436845,
1,29,86.673,0.7134383,0.9996865,-0.298186,-0.5589353,0.2301487,0.7835673,0.1436845,
1,29,86.675,0.7134383,0.9996865,-0.298186,-0.5589353,0.2301487,0.7835673,0.1436845,
1,29,86.677,0.7256939,1.003029,-0.2977149,-0.5378878,0.2444708,0.7967213,0.1270669,
1,29,86.679,0.7256939,1.003029,-0.2977149,-0.5378878,0.2444708,0.7967213,0.1270669,
1,29,86.681,0.7256939,1.003029,-0.2977149,-0.5378878,0.2444708,0.7967213,0.1270669,
1,29,86.683,0.7256939,1.003029,-0.2977149,-0.5378878,0.2444708,0.7967213,0.1270669,
1,29,86.685,0.7376052,1.006522,-0.2974625,-0.515538,0.2610552,0.808628,0.1104155,
1,29,86.687,0.7376052,1.006522,-0.2974625,-0.515538,0.2610552,0.808628,0.1104155,
1,29,86.689,0.7376052,1.006522,-0.2974625,-0.515538,0.2610552,0.808628,0.1104155,
1,29,86.691,0.7376052,1.006522,-0.2974625,-0.515538,0.2610552,0.808628,0.1104155,
1,29,86.693,0.7477706,1.010688,-0.2974904,-0.4914158,0.2785914,0.8198487,0.09351732,
1,29,86.695,0.7477706,1.010688,-0.2974904,-0.4914158,0.2785914,0.8198487,0.09351732,
1,29,86.697,0.7477706,1.010688,-0.2974904,-0.4914158,0.2785914,0.8198487,0.09351732,
1,29,86.699,0.7477706,1.010688,-0.2974904,-0.4914158,0.2785914,0.8198487,0.09351732,
1,29,86.701,0.7580139,1.014422,-0.2979244,-0.4664374,0.2985915,0.8290192,0.07750148,
1,29,86.703,0.7580139,1.014422,-0.2979244,-0.4664374,0.2985915,0.8290192,0.07750148,
1,29,86.705,0.7580139,1.014422,-0.2979244,-0.4664374,0.2985915,0.8290192,0.07750148,
1,29,86.707,0.7580139,1.014422,-0.2979244,-0.4664374,0.2985915,0.8290192,0.07750148,
1,29,86.709,0.767885,1.018097,-0.2987041,-0.4405318,0.3210175,0.8360968,0.06182027,
1,29,86.711,0.767885,1.018097,-0.2987041,-0.4405318,0.3210175,0.8360968,0.06182027,
1,29,86.713,0.767885,1.018097,-0.2987041,-0.4405318,0.3210175,0.8360968,0.06182027,
1,29,86.715,0.767885,1.018097,-0.2987041,-0.4405318,0.3210175,0.8360968,0.06182027,
1,29,86.717,0.767885,1.018097,-0.2987041,-0.4405318,0.3210175,0.8360968,0.06182027,
1,29,86.719,0.7760699,1.022324,-0.2996203,-0.4126579,0.3443514,0.8419871,0.04683158,
1,29,86.721,0.7760699,1.022324,-0.2996203,-0.4126579,0.3443514,0.8419871,0.04683158,
1,29,86.723,0.7760699,1.022324,-0.2996203,-0.4126579,0.3443514,0.8419871,0.04683158,
1,29,86.725,0.7760699,1.022324,-0.2996203,-0.4126579,0.3443514,0.8419871,0.04683158,
1,29,86.727,0.7836098,1.026296,-0.3008402,-0.3836504,0.369435,0.8457247,0.03286245,
1,29,86.729,0.7836098,1.026296,-0.3008402,-0.3836504,0.369435,0.8457247,0.03286245,
1,29,86.731,0.7836098,1.026296,-0.3008402,-0.3836504,0.369435,0.8457247,0.03286245,
1,29,86.733,0.7836098,1.026296,-0.3008402,-0.3836504,0.369435,0.8457247,0.03286245,
1,29,86.735,0.7905531,1.029895,-0.3023963,-0.3546679,0.3960776,0.846715,0.02017608,
1,29,86.737,0.7905531,1.029895,-0.3023963,-0.3546679,0.3960776,0.846715,0.02017608,
1,29,86.739,0.7905531,1.029895,-0.3023963,-0.3546679,0.3960776,0.846715,0.02017608,
1,29,86.741,0.7905531,1.029895,-0.3023963,-0.3546679,0.3960776,0.846715,0.02017608,
1,29,86.743,0.7963977,1.033136,-0.3045301,-0.3266171,0.4244163,0.8444785,0.006941706,
1,29,86.745,0.7963977,1.033136,-0.3045301,-0.3266171,0.4244163,0.8444785,0.006941706,
1,29,86.747,0.7963977,1.033136,-0.3045301,-0.3266171,0.4244163,0.8444785,0.006941706,
1,29,86.749,0.7963977,1.033136,-0.3045301,-0.3266171,0.4244163,0.8444785,0.006941706,
1,29,86.751,0.8020307,1.036564,-0.307001,-0.3000356,0.4537266,0.8390986,-0.004934818,
1,29,86.753,0.8020307,1.036564,-0.307001,-0.3000356,0.4537266,0.8390986,-0.004934818,
1,29,86.755,0.8020307,1.036564,-0.307001,-0.3000356,0.4537266,0.8390986,-0.004934818,CourtEnter
1,29,86.757,0.8020307,1.036564,-0.307001,-0.3000356,0.4537266,0.8390986,-0.004934818,
1,29,86.759,0.8072702,1.039514,-0.3096232,-0.275501,0.484093,0.8303415,-0.01691562,
1,29,86.761,0.8072702,1.039514,-0.3096232,-0.275501,0.484093,0.8303415,-0.01691562,
1,29,86.763,0.8072702,1.039514,-0.3096232,-0.275501,0.484093,0.8303415,-0.01691562,
1,29,86.765,0.8072702,1.039514,-0.3096232,-0.275501,0.484093,0.8303415,-0.01691562,
1,29,86.767,0.8072702,1.039514,-0.3096232,-0.275501,0.484093,0.8303415,-0.01691562,CourtExit
1,29,86.769,0.811846,1.042488,-0.3124707,-0.2519696,0.5146185,0.8190771,-0.02813882,
1,29,86.771,0.811846,1.042488,-0.3124707,-0.2519696,0.5146185,0.8190771,-0.02813882,
1,29,86.773,0.811846,1.042488,-0.3124707,-0.2519696,0.5146185,0.8190771,-0.02813882,
1,29,86.775,0.811846,1.042488,-0.3124707,-0.2519696,0.5146185,0.8190771,-0.02813882,
1,29,86.777,0.816386,1.044512,-0.3157789,-0.2304042,0.5457754,0.8046948,-0.03885137,
1,29,86.779,0.816386,1.044512,-0.3157789,-0.2304042,0.5457754,0.8046948,-0.03885137,
1,29,86.781,0.816386,1.044512,-0.3157789,-0.2304042,0.5457754,0.8046948,-0.03885137,
1,29,86.783,0.816386,1.044512,-0.3157789,-0.2304042,0.5457754,0.8046948,-0.03885137,
1,29,86.785,0.8213447,1.045394,-0.3193455,-0.2106986,0.577315,0.7873546,-0.0488492,
1,29,86.787,0.8213447,1.045394,-0.3193455,-0.2106986,0.577315,0.7873546,-0.0488492,
1,29,86.789,0.8213447,1.045394,-0.3193455,-0.2106986,0.577315,0.7873546,-0.0488492,
1,29,86.791,0.8213447,1.045394,-0.3193455,-0.2106986,0.577315,0.7873546,-0.0488492,
1,29,86.793,0.8250352,1.047287,-0.3230908,-0.1916608,0.6075064,0.7685543,-0.05938353,
1,29,86.795,0.8250352,1.047287,-0.3230908,-0.1916608,0.6075064,0.7685543,-0.05938353,
1,29,86.797,0.8250352,1.047287,-0.3230908,-0.1916608,0.6075064,0.7685543,-0.05938353,
1,29,86.799,0.8250352,1.047287,-0.3230908,-0.1916608,0.6075064,0.7685543,-0.05938353,
1,29,86.801,0.8268859,1.048772,-0.3272228,-0.1724582,0.6370147,0.7480465,-0.06997818,
1,29,86.803,0.8268859,1.048772,-0.3272228,-0.1724582,0.6370147,0.7480465,-0.06997818,
1,29,86.805,0.8268859,1.048772,-0.3272228,-0.1724582,0.6370147,0.7480465,-0.06997818,
1,29,86.807,0.8268859,1.048772,-0.3272228,-0.1724582,0.6370147,0.7480465,-0.06997818,
1,29,86.809,0.8288505,1.049895,-0.3314225,-0.1536267,0.6655844,0.7259879,-0.07961147,
1,29,86.811,0.8288505,1.049895,-0.3314225,-0.1536267,0.6655844,0.7259879,-0.07961147,
1,29,86.813,0.8288505,1.049895,-0.3314225,-0.1536267,0.6655844,0.7259879,-0.07961147,
1,29,86.815,0.8288505,1.049895,-0.3314225,-0.1536267,0.6655844,0.7259879,-0.07961147,
1,29,86.817,0.8288505,1.049895,-0.3314225,-0.1536267,0.6655844,0.7259879,-0.07961147,
1,29,86.819,0.8311887,1.049628,-0.3356509,-0.1361111,0.69334,0.7020274,-0.08894335,
1,29,86.821,0.8311887,1.049628,-0.3356509,-0.1361111,0.69334,0.7020274,-0.08894335,
1,29,86.823,0.8311887,1.049628,-0.3356509,-0.1361111,0.69334,0.7020274,-0.08894335,
1,29,86.825,0.8311887,1.049628,-0.3356509,-0.1361111,0.69334,0.7020274,-0.08894335,
1,29,86.827,0.8328581,1.048904,-0.3399109,-0.1192292,0.7195975,0.6768973,-0.09886298,
1,29,86.829,0.8328581,1.048904,-0.3399109,-0.1192292,0.7195975,0.6768973,-0.09886298,
1,29,86.831,0.8328581,1.048904,-0.3399109,-0.1192292,0.7195975,0.6768973,-0.09886298,
1,29,86.833,0.8328581,1.048904,-0.3399109,-0.1192292,0.7195975,0.6768973,-0.09886298,
1,29,86.835,0.8341933,1.047086,-0.3439196,-0.1039953,0.7441039,0.6505945,-0.1105496,
1,29,86.837,0.8341933,1.047086,-0.3439196,-0.1039953,0.7441039,0.6505945,-0.1105496,
1,29,86.839,0.8341933,1.047086,-0.3439196,-0.1039953,0.7441039,0.6505945,-0.1105496,
1,29,86.841,0.8341933,1.047086,-0.3439196,-0.1039953,0.7441039,0.6505945,-0.1105496,
1,29,86.843,0.8340136,1.045229,-0.3477006,-0.08869478,0.7662112,0.6242357,-0.1240299,
1,29,86.845,0.8340136,1.045229,-0.3477006,-0.08869478,0.7662112,0.6242357,-0.1240299,
1,29,86.847,0.8340136,1.045229,-0.3477006,-0.08869478,0.7662112,0.6242357,-0.1240299,
1,29,86.849,0.8340136,1.045229,-0.3477006,-0.08869478,0.7662112,0.6242357,-0.1240299,
1,29,86.851,0.8334259,1.04253,-0.3505975,-0.07316849,0.7861788,0.5979942,-0.1377397,
1,29,86.853,0.8334259,1.04253,-0.3505975,-0.07316849,0.7861788,0.5979942,-0.1377397,
1,29,86.855,0.8334259,1.04253,-0.3505975,-0.07316849,0.7861788,0.5979942,-0.1377397,
1,29,86.857,0.8334259,1.04253,-0.3505975,-0.07316849,0.7861788,0.5979942,-0.1377397,
1,29,86.859,0.8327074,1.039617,-0.3527797,-0.05633095,0.8043834,0.5720786,-0.1500675,
1,29,86.861,0.8327074,1.039617,-0.3527797,-0.05633095,0.8043834,0.5720786,-0.1500675,
1,29,86.863,0.8327074,1.039617,-0.3527797,-0.05633095,0.8043834,0.5720786,-0.1500675,
1,29,86.865,0.8327074,1.039617,-0.3527797,-0.05633095,0.8043834,0.5720786,-0.1500675,
1,29,86.867,0.8327074,1.039617,-0.3527797,-0.05633095,0.8043834,0.5720786,-0.1500675,
1,29,86.869,0.830631,1.036975,-0.354798,-0.0367237,0.8204208,0.5477353,-0.1598346,
1,29,86.871,0.830631,1.036975,-0.354798,-0.0367237,0.8204208,0.5477353,-0.1598346,
1,29,86.873,0.830631,1.036975,-0.354798,-0.0367237,0.8204208,0.5477353,-0.1598346,
1,29,86.875,0.830631,1.036975,-0.354798,-0.0367237,0.8204208,0.5477353,-0.1598346,
1,29,86.877,0.8285818,1.033381,-0.3557488,-0.0155617,0.8348782,0.5240467,-0.1676643,
1,29,86.879,0.8285818,1.033381,-0.3557488,-0.0155617,0.8348782,0.5240467,-0.1676643,
1,29,86.881,0.8285818,1.033381,-0.3557488,-0.0155617,0.8348782,0.5240467,-0.1676643,
1,29,86.883,0.8285818,1.033381,-0.3557488,-0.0155617,0.8348782,0.5240467,-0.1676643,
1,29,86.885,0.8249773,1.031962,-0.3568947,0.008908212,0.8468418,0.503335,-0.1715624,
1,29,86.887,0.8249773,1.031962,-0.3568947,0.008908212,0.8468418,0.503335,-0.1715624,
1,29,86.889,0.8249773,1.031962,-0.3568947,0.008908212,0.8468418,0.503335,-0.1715624,
1,29,86.891,0.8249773,1.031962,-0.3568947,0.008908212,0.8468418,0.503335,-0.1715624,
1,29,86.893,0.8215612,1.029893,-0.3573644,0.03518972,0.8573641,0.4837624,-0.1722281,
1,29,86.895,0.8215612,1.029893,-0.3573644,0.03518972,0.8573641,0.4837624,-0.1722281,
1,29,86.897,0.8215612,1.029893,-0.3573644,0.03518972,0.8573641,0.4837624,-0.1722281,
1,29,86.899,0.8215612,1.029893,-0.3573644,0.03518972,0.8573641,0.4837624,-0.1722281,
1,29,86.901,0.8175662,1.028099,-0.3576198,0.06359887,0.8661476,0.4660638,-0.168903,
1,29,86.903,0.8175662,1.028099,-0.3576198,0.06359887,0.8661476,0.4660638,-0.168903,
1,29,86.905,0.8175662,1.028099,-0.3576198,0.06359887,0.8661476,0.4660638,-0.168903,
1,29,86.907,0.8175662,1.028099,-0.3576198,0.06359887,0.8661476,0.4660638,-0.168903,
1,29,86.909,0.8125131,1.027253,-0.3580785,0.09406865,0.8726332,0.4505014,-0.1634343,
1,29,86.911,0.8125131,1.027253,-0.3580785,0.09406865,0.8726332,0.4505014,-0.1634343,
1,29,86.913,0.8125131,1.027253,-0.3580785,0.09406865,0.8726332,0.4505014,-0.1634343,
1,29,86.915,0.8125131,1.027253,-0.3580785,0.09406865,0.8726332,0.4505014,-0.1634343,
1,29,86.917,0.8125131,1.027253,-0.3580785,0.09406865,0.8726332,0.4505014,-0.1634343,
1,29,86.919,0.8075217,1.025559,-0.3578199,0.1247014,0.877336,0.4357569,-0.1576292,
1,29,86.921,0.8075217,1.025559,-0.3578199,0.1247014,0.877336,0.4357569,-0.1576292,
1,29,86.923,0.8075217,1.025559,-0.3578199,0.1247014,0.877336,0.4357569,-0.1576292,
1,29,86.925,0.8075217,1.025559,-0.3578199,0.1247014,0.877336,0.4357569,-0.1576292,
1,29,86.927,0.8010472,1.024817,-0.3578085,0.1547022,0.8788792,0.4240507,-0.1543359,
1,29,86.929,0.8010472,1.024817,-0.3578085,0.1547022,0.8788792,0.4240507,-0.1543359,
1,29,86.931,0.8010472,1.024817,-0.3578085,0.1547022,0.8788792,0.4240507,-0.1543359,
1,29,86.933,0.8010472,1.024817,-0.3578085,0.1547022,0.8788792,0.4240507,-0.1543359,
1,29,86.935,0.7945076,1.023476,-0.3574794,0.1841045,0.8780693,0.4138552,-0.1543498,
1,29,86.937,0.7945076,1.023476,-0.3574794,0.1841045,0.8780693,0.4138552,-0.1543498,
1,29,86.939,0.7945076,1.023476,-0.3574794,0.1841045,0.8780693,0.4138552,-0.1543498,
1,29,86.941,0.7945076,1.023476,-0.3574794,0.1841045,0.8780693,0.4138552,-0.1543498,
1,29,86.943,0.7876551,1.02187,-0.3568718,0.2128336,0.8748819,0.4058682,-0.1566992,
1,29,86.945,0.7876551,1.02187,-0.3568718,0.2128336,0.8748819,0.4058682,-0.1566992,
1,29,86.947,0.7876551,1.02187,-0.3568718,0.2128336,0.8748819,0.4058682,-0.1566992,
1,29,86.949,0.7876551,1.02187,-0.3568718,0.2128336,0.8748819,0.4058682,-0.1566992,
1,29,86.951,0.7795829,1.020159,-0.3557588,0.2428262,0.8694868,0.3995461,-0.1593456,
1,29,86.953,0.7795829,1.020159,-0.3557588,0.2428262,0.8694868,0.3995461,-0.1593456,
1,29,86.955,0.7795829,1.020159,-0.3557588,0.2428262,0.8694868,0.3995461,-0.1593456,
1,29,86.957,0.7795829,1.020159,-0.3557588,0.2428262,0.8694868,0.3995461,-0.1593456,
1,29,86.959,0.7712111,1.018143,-0.3546958,0.2735659,0.8621793,0.3948151,-0.1610269,
1,29,86.961,0.7712111,1.018143,-0.3546958,0.2735659,0.8621793,0.3948151,-0.1610269,
1,29,86.963,0.7712111,1.018143,-0.3546958,0.2735659,0.8621793,0.3948151,-0.1610269,
1,29,86.965,0.7712111,1.018143,-0.3546958,0.2735659,0.8621793,0.3948151,-0.1610269,
1,29,86.967,0.7712111,1.018143,-0.3546958,0.2735659,0.8621793,0.3948151,-0.1610269,
1,29,86.969,0.7626103,1.016456,-0.3532193,0.305149,0.853131,0.3910858,-0.1615664,
1,29,86.971,0.7626103,1.016456,-0.3532193,0.305149,0.853131,0.3910858,-0.1615664,
1,29,86.973,0.7626103,1.016456,-0.3532193,0.305149,0.853131,0.3910858,-0.1615664,
1,29,86.975,0.7626103,1.016456,-0.3532193,0.305149,0.853131,0.3910858,-0.1615664,
1,29,86.977,0.7540429,1.014751,-0.3516195,0.3372775,0.8423877,0.3884238,-0.1604799,
1,29,86.979,0.7540429,1.014751,-0.3516195,0.3372775,0.8423877,0.3884238,-0.1604799,
1,29,86.981,0.7540429,1.014751,-0.3516195,0.3372775,0.8423877,0.3884238,-0.1604799,
1,29,86.983,0.7540429,1.014751,-0.3516195,0.3372775,0.8423877,0.3884238,-0.1604799,
1,29,86.985,0.7455416,1.013685,-0.350155,0.3700567,0.8296698,0.3871143,-0.1576343,
1,29,86.987,0.7455416,1.013685,-0.350155,0.3700567,0.8296698,0.3871143,-0.1576343,
1,29,86.989,0.7455416,1.013685,-0.350155,0.3700567,0.8296698,0.3871143,-0.1576343,
1,29,86.991,0.7455416,1.013685,-0.350155,0.3700567,0.8296698,0.3871143,-0.1576343,
1,29,86.993,0.737118,1.012832,-0.348251,0.4025978,0.8150247,0.3870157,-0.1544945,
1,29,86.995,0.737118,1.012832,-0.348251,0.4025978,0.8150247,0.3870157,-0.1544945,
1,29,86.997,0.737118,1.012832,-0.348251,0.4025978,0.8150247,0.3870157,-0.1544945,
1,29,86.999,0.737118,1.012832,-0.348251,0.4025978,0.8150247,0.3870157,-0.1544945,
1,30,87.001,0.7284617,1.012233,-0.3455878,0.4339215,0.7980903,0.388877,-0.1534232,CourtExit
1,30,87.003,0.7284617,1.012233,-0.3455878,0.4339215,0.7980903,0.388877,-0.1534232,
1,30,87.005,0.7284617,1.012233,-0.3455878,0.4339215,0.7980903,0.388877,-0.1534232,
1,30,87.007,0.7284617,1.012233,-0.3455878,0.4339215,0.7980903,0.388877,-0.1534232,
1,30,87.009,0.7200448,1.012025,-0.343055,0.4636666,0.7792612,0.39262,-0.1536713,
1,30,87.011,0.7200448,1.012025,-0.343055,0.4636666,0.7792612,0.39262,-0.1536713,
1,30,87.013,0.7200448,1.012025,-0.343055,0.4636666,0.7792612,0.39262,-0.1536713,
1,30,87.015,0.7200448,1.012025,-0.343055,0.4636666,0.7792612,0.39262,-0.1536713,
1,30,87.017,0.7200448,1.012025,-0.343055,0.4636666,0.7792612,0.39262,-0.1536713,
1,30,87.019,0.7119582,1.012873,-0.3412867,0.490912,0.7596738,0.3979441,-0.1534326,
1,30,87.021,0.7119582,1.012873,-0.3412867,0.490912,0.7596738,0.3979441,-0.1534326,
1,30,87.023,0.7119582,1.012873,-0.3412867,0.490912,0.7596738,0.3979441,-0.1534326,
1,30,87.025,0.7119582,1.012873,-0.3412867,0.490912,0.7596738,0.3979441,-0.1534326,
1,30,87.027,0.7036797,1.013179,-0.338602,0.5172672,0.7391852,0.403099,-0.1534635,
1,30,87.029,0.7036797,1.013179,-0.338602,0.5172672,0.7391852,0.403099,-0.1534635,
1,30,87.031,0.7036797,1.013179,-0.338602,0.5172672,0.7391852,0.403099,-0.1534635,
1,30,87.033,0.7036797,1.013179,-0.338602,0.5172672,0.7391852,0.403099,-0.1534635,
1,30,87.035,0.6953272,1.014117,-0.3361527,0.5435072,0.718199,0.4075019,-0.1507731,
1,30,87.037,0.6953272,1.014117,-0.3361527,0.5435072,0.718199,0.4075019,-0.1507731,
1,30,87.039,0.6953272,1.014117,-0.3361527,0.5435072,0.718199,0.4075019,-0.1507731,
1,30,87.041,0.6953272,1.014117,-0.3361527,0.5435072,0.718199,0.4075019,-0.1507731,
1,30,87.043,0.6870807,1.015673,-0.3335314,0.5694536,0.6967747,0.4108585,-0.1463654,
1,30,87.045,0.6870807,1.015673,-0.3335314,0.5694536,0.6967747,0.4108585,-0.1463654,
1,30,87.047,0.6870807,1.015673,-0.3335314,0.5694536,0.6967747,0.4108585,-0.1463654,
1,30,87.049,0.6870807,1.015673,-0.3335314,0.5694536,0.6967747,0.4108585,-0.1463654,
1,30,87.051,0.6789147,1.016952,-0.3305987,0.593679,0.6754669,0.4137736,-0.1417083,
1,30,87.053,0.6789147,1.016952,-0.3305987,0.593679,0.6754669,0.4137736,-0.1417083,
1,30,87.055,0.6789147,1.016952,-0.3305987,0.593679,0.6754669,0.4137736,-0.1417083,
1,30,87.057,0.6789147,1.016952,-0.3305987,0.593679,0.6754669,0.4137736,-0.1417083,
1,30,87.059,0.6705492,1.017948,-0.3271606,0.6163601,0.654058,0.4163732,-0.1376293,
1,30,87.061,0.6705492,1.017948,-0.3271606,0.6163601,0.654058,0.4163732,-0.1376293,
1,30,87.063,0.6705492,1.017948,-0.3271606,0.6163601,0.654058,0.4163732,-0.1376293,
1,30,87.065,0.6705492,1.017948,-0.3271606,0.6163601,0.654058,0.4163732,-0.1376293,
1,30,87.067,0.6705492,1.017948,-0.3271606,0.6163601,0.654058,0.4163732,-0.1376293,
1,30,87.069,0.6620637,1.019376,-0.3234055,0.6383231,0.6315006,0.4192532,-0.1340796,
1,30,87.071,0.6620637,1.019376,-0.3234055,0.6383231,0.6315006,0.4192532,-0.1340796,
1,30,87.073,0.6620637,1.019376,-0.3234055,0.6383231,0.6315006,0.4192532,-0.1340796,
1,30,87.075,0.6620637,1.019376,-0.3234055,0.6383231,0.6315006,0.4192532,-0.1340796,
1,30,87.077,0.6543922,1.021748,-0.3199258,0.6572096,0.6102864,0.4223705,-0.1312608,
1,30,87.079,0.6543922,1.021748,-0.3199258,0.6572096,0.6102864,0.4223705,-0.1312608,
1,30,87.081,0.6543922,1.021748,-0.3199258,0.6572096,0.6102864,0.4223705,-0.1312608,
1,30,87.083,0.6543922,1.021748,-0.3199258,0.6572096,0.6102864,0.4223705,-0.1312608,
1,30,87.085,0.6460585,1.024135,-0.3153526,0.6763335,0.5882891,0.424089,-0.1289858,
1,30,87.087,0.6460585,1.024135,-0.3153526,0.6763335,0.5882891,0.424089,-0.1289858,
1,30,87.089,0.6460585,1.024135,-0.3153526,0.6763335,0.5882891,0.424089,-0.1289858,
1,30,87.091,0.6460585,1.024135,-0.3153526,0.6763335,0.5882891,0.424089,-0.1289858,
1,30,87.093,0.6377425,1.027356,-0.3103314,0.6949062,0.5666283,0.4241766,-0.1269326,
1,30,87.095,0.6377425,1.027356,-0.3103314,0.6949062,0.5666283,0.4241766,-0.1269326,
1,30,87.097,0.6377425,1.027356,-0.3103314,0.6949062,0.5666283,0.4241766,-0.1269326,
1,30,87.099,0.6377425,1.027356,-0.3103314,0.6949062,0.5666283,0.4241766,-0.1269326,
1,30,87.101,0.6292802,1.031209,-0.3045995,0.7133628,0.5454737,0.4219246,-0.1247069,
1,30,87.103,0.6292802,1.031209,-0.3045995,0.7133628,0.5454737,0.4219246,-0.1247069,
1,30,87.105,0.6292802,1.031209,-0.3045995,0.7133628,0.5454737,0.4219246,-0.1247069,
1,30,87.107,0.6292802,1.031209,-0.3045995,0.7133628,0.5454737,0.4219246,-0.1247069,
1,30,87.109,0.6207501,1.035778,-0.2979032,0.731314,0.5250937,0.417565,-0.1228657,
1,30,87.111,0.6207501,1.035778,-0.2979032,0.731314,0.5250937,0.417565,-0.1228657,
1,30,87.113,0.6207501,1.035778,-0.2979032,0.731314,0.5250937,0.417565,-0.1228657,
1,30,87.115,0.6207501,1.035778,-0.2979032,0.731314,0.5250937,0.417565,-0.1228657,
1,30,87.117,0.6207501,1.035778,-0.2979032,0.731314,0.5250937,0.417565,-0.1228657,
1,30,87.119,0.6131209,1.041461,-0.2916065,0.7474482,0.5052937,0.4137191,-0.121803,
1,30,87.121,0.6131209,1.041461,-0.2916065,0.7474482,0.5052937,0.4137191,-0.121803,
1,30,87.123,0.6131209,1.041461,-0.2916065,0.7474482,0.5052937,0.4137191,-0.121803,
1,30,87.125,0.6131209,1.041461,-0.2916065,0.7474482,0.5052937,0.4137191,-0.121803,
1,30,87.127,0.6047146,1.047206,-0.2836623,0.7625377,0.4870117,0.4080837,-0.121752,
1,30,87.129,0.6047146,1.047206,-0.2836623,0.7625377,0.4870117,0.4080837,-0.121752,
1,30,87.131,0.6047146,1.047206,-0.2836623,0.7625377,0.4870117,0.4080837,-0.121752,
1,30,87.133,0.6047146,1.047206,-0.2836623,0.7625377,0.4870117,0.4080837,-0.121752,
1,30,87.135,0.5966442,1.053365,-0.2753955,0.776101,0.4702636,0.4021039,-0.1217862,
1,30,87.137,0.5966442,1.053365,-0.2753955,0.776101,0.4702636,0.4021039,-0.1217862,
1,30,87.139,0.5966442,1.053365,-0.2753955,0.776101,0.4702636,0.4021039,-0.1217862,
1,30,87.141,0.5966442,1.053365,-0.2753955,0.776101,0.4702636,0.4021039,-0.1217862,
1,30,87.143,0.5886718,1.060206,-0.2676791,0.7886706,0.4554045,0.395155,-0.1202412,
1,30,87.145,0.5886718,1.060206,-0.2676791,0.7886706,0.4554045,0.395155,-0.1202412,
1,30,87.147,0.5886718,1.060206,-0.2676791,0.7886706,0.4554045,0.395155,-0.1202412,
1,30,87.149,0.5886718,1.060206,-0.2676791,0.7886706,0.4554045,0.395155,-0.1202412,
1,30,87.151,0.5804843,1.06727,-0.2596979,0.7985641,0.4429401,0.3897525,-0.119132,
1,30,87.153,0.5804843,1.06727,-0.2596979,0.7985641,0.4429401,0.3897525,-0.119132,
1,30,87.155,0.5804843,1.06727,-0.2596979,0.7985641,0.4429401,0.3897525,-0.119132,
1,30,87.157,0.5804843,1.06727,-0.2596979,0.7985641,0.4429401,0.3897525,-0.119132,
1,30,87.159,0.5719377,1.074598,-0.2515604,0.8054726,0.4330721,0.3868728,-0.1182869,
1,30,87.161,0.5719377,1.074598,-0.2515604,0.8054726,0.4330721,0.3868728,-0.1182869,
1,30,87.163,0.5719377,1.074598,-0.2515604,0.8054726,0.4330721,0.3868728,-0.1182869,
1,30,87.165,0.5719377,1.074598,-0.2515604,0.8054726,0.4330721,0.3868728,-0.1182869,
1,30,87.167,0.5719377,1.074598,-0.2515604,0.8054726,0.4330721,0.3868728,-0.1182869,
1,30,87.169,0.5625076,1.082012,-0.2433121,0.808835,0.4263011,0.3877045,-0.1172123,
1,30,87.171,0.5625076,1.082012,-0.2433121,0.808835,0.4263011,0.3877045,-0.1172123,
1,30,87.173,0.5625076,1.082012,-0.2433121,0.808835,0.4263011,0.3877045,-0.1172123,
1,30,87.175,0.5625076,1.082012,-0.2433121,0.808835,0.4263011,0.3877045,-0.1172123,
1,30,87.177,0.5522268,1.08964,-0.2361805,0.8076642,0.423666,0.3940622,-0.1135817,
1,30,87.179,0.5522268,1.08964,-0.2361805,0.8076642,0.423666,0.3940622,-0.1135817,
1,30,87.181,0.5522268,1.08964,-0.2361805,0.8076642,0.423666,0.3940622,-0.1135817,
1,30,87.183,0.5522268,1.08964,-0.2361805,0.8076642,0.423666,0.3940622,-0.1135817,
1,30,87.185,0.5411147,1.096289,-0.2296243,0.8022321,0.4253314,0.4051141,-0.106768,
1,30,87.187,0.5411147,1.096289,-0.2296243,0.8022321,0.4253314,0.4051141,-0.106768,
1,30,87.189,0.5411147,1.096289,-0.2296243,0.8022321,0.4253314,0.4051141,-0.106768,
1,30,87.191,0.5411147,1.096289,-0.2296243,0.8022321,0.4253314,0.4051141,-0.106768,
1,30,87.193,0.5295972,1.101528,-0.2239651,0.7914985,0.431504,0.4221829,-0.09537324,
1,30,87.195,0.5295972,1.101528,-0.2239651,0.7914985,0.431504,0.4221829,-0.09537324,
1,30,87.197,0.5295972,1.101528,-0.2239651,0.7914985,0.431504,0.4221829,-0.09537324,
1,30,87.199,0.5295972,1.101528,-0.2239651,0.7914985,0.431504,0.4221829,-0.09537324,
1,30,87.201,0.5187483,1.10535,-0.220355,0.7747383,0.4417136,0.4457389,-0.07737346,
1,30,87.203,0.5187483,1.10535,-0.220355,0.7747383,0.4417136,0.4457389,-0.07737346,
1,30,87.205,0.5187483,1.10535,-0.220355,0.7747383,0.4417136,0.4457389,-0.07737346,
1,30,87.207,0.5187483,1.10535,-0.220355,0.7747383,0.4417136,0.4457389,-0.07737346,
1,30,87.209,0.5083115,1.10756,-0.2187107,0.7514406,0.4557172,0.4741849,-0.05298688,
1,30,87.211,0.5083115,1.10756,-0.2187107,0.7514406,0.4557172,0.4741849,-0.05298688,
1,30,87.213,0.5083115,1.10756,-0.2187107,0.7514406,0.4557172,0.4741849,-0.05298688,
1,30,87.215,0.5083115,1.10756,-0.2187107,0.7514406,0.4557172,0.4741849,-0.05298688,
1,30,87.217,0.5083115,1.10756,-0.2187107,0.7514406,0.4557172,0.4741849,-0.05298688,
1,30,87.219,0.4983503,1.107881,-0.2194551,0.7200354,0.4732791,0.5070042,-0.02242264,
1,30,87.221,0.4983503,1.107881,-0.2194551,0.7200354,0.4732791,0.5070042,-0.02242264,
1,30,87.223,0.4983503,1.107881,-0.2194551,0.7200354,0.4732791,0.5070042,-0.02242264,
1,30,87.225,0.4983503,1.107881,-0.2194551,0.7200354,0.4732791,0.5070042,-0.02242264,
1,30,87.227,0.4903237,1.106552,-0.2226636,0.6809911,0.4925965,0.5417175,0.01191652,
1,30,87.229,0.4903237,1.106552,-0.2226636,0.6809911,0.4925965,0.5417175,0.01191652,
1,30,87.231,0.4903237,1.106552,-0.2226636,0.6809911,0.4925965,0.5417175,0.01191652,
1,30,87.233,0.4903237,1.106552,-0.2226636,0.6809911,0.4925965,0.5417175,0.01191652,
1,30,87.235,0.4845725,1.103752,-0.2279551,0.6358009,0.5124296,0.5749626,0.05090275,
1,30,87.237,0.4845725,1.103752,-0.2279551,0.6358009,0.5124296,0.5749626,0.05090275,
1,30,87.239,0.4845725,1.103752,-0.2279551,0.6358009,0.5124296,0.5749626,0.05090275,
1,30,87.241,0.4845725,1.103752,-0.2279551,0.6358009,0.5124296,0.5749626,0.05090275,
1,30,87.243,0.4810644,1.100089,-0.2350118,0.5864837,0.5309876,0.6043684,0.09395637,
1,30,87.245,0.4810644,1.100089,-0.2350118,0.5864837,0.5309876,0.6043684,0.09395637,
1,30,87.247,0.4810644,1.100089,-0.2350118,0.5864837,0.5309876,0.6043684,0.09395637,
1,30,87.249,0.4810644,1.100089,-0.2350118,0.5864837,0.5309876,0.6043684,0.09395637,
1,30,87.251,0.480926,1.096233,-0.242727,0.5366614,0.5455643,0.6279365,0.1415975,
1,30,87.253,0.480926,1.096233,-0.242727,0.5366614,0.5455643,0.6279365,0.1415975,
1,30,87.255,0.480926,1.096233,-0.242727,0.5366614,0.5455643,0.6279365,0.1415975,
1,30,87.257,0.480926,1.096233,-0.242727,0.5366614,0.5455643,0.6279365,0.1415975,
1,30,87.259,0.4839551,1.093319,-0.2502253,0.4878734,0.5549583,0.6463218,0.1904444,
1,30,87.261,0.4839551,1.093319,-0.2502253,0.4878734,0.5549583,0.6463218,0.1904444,
1,30,87.263,0.4839551,1.093319,-0.2502253,0.4878734,0.5549583,0.6463218,0.1904444,
1,30,87.265,0.4839551,1.093319,-0.2502253,0.4878734,0.5549583,0.6463218,0.1904444,
1,30,87.267,0.4839551,1.093319,-0.2502253,0.4878734,0.5549583,0.6463218,0.1904444,
1,30,87.269,0.4879884,1.091265,-0.2568514,0.4411329,0.5600706,0.6600693,0.236709,
1,30,87.271,0.4879884,1.091265,-0.2568514,0.4411329,0.5600706,0.6600693,0.236709,
1,30,87.273,0.4879884,1.091265,-0.2568514,0.4411329,0.5600706,0.6600693,0.236709,
1,30,87.275,0.4879884,1.091265,-0.2568514,0.4411329,0.5600706,0.6600693,0.236709,
1,30,87.277,0.4912231,1.090725,-0.2628,0.3976412,0.5617154,0.6701805,0.277877,
1,30,87.279,0.4912231,1.090725,-0.2628,0.3976412,0.5617154,0.6701805,0.277877,
1,30,87.281,0.4912231,1.090725,-0.2628,0.3976412,0.5617154,0.6701805,0.277877,
1,30,87.283,0.4912231,1.090725,-0.2628,0.3976412,0.5617154,0.6701805,0.277877,
1,30,87.285,0.4927576,1.091338,-0.2682158,0.3579113,0.5620808,0.6776108,0.3111402,
1,30,87.287,0.4927576,1.091338,-0.2682158,0.3579113,0.5620808,0.6776108,0.3111402,
1,30,87.289,0.4927576,1.091338,-0.2682158,0.3579113,0.5620808,0.6776108,0.3111402,
1,30,87.291,0.4927576,1.091338,-0.2682158,0.3579113,0.5620808,0.6776108,0.3111402,
1,30,87.293,0.4927798,1.093689,-0.2728088,0.3214602,0.5623049,0.6837856,0.3360268,
1,30,87.295,0.4927798,1.093689,-0.2728088,0.3214602,0.5623049,0.6837856,0.3360268,
1,30,87.297,0.4927798,1.093689,-0.2728088,0.3214602,0.5623049,0.6837856,0.3360268,
1,30,87.299,0.4927798,1.093689,-0.2728088,0.3214602,0.5623049,0.6837856,0.3360268,
1,30,87.301,0.4912509,1.096869,-0.2771136,0.2903082,0.5629835,0.688041,0.3540769,
1,30,87.303,0.4912509,1.096869,-0.2771136,0.2903082,0.5629835,0.688041,0.3540769,
1,30,87.305,0.4912509,1.096869,-0.2771136,0.2903082,0.5629835,0.688041,0.3540769,
1,30,87.307,0.4912509,1.096869,-0.2771136,0.2903082,0.5629835,0.688041,0.3540769,
1,30,87.309,0.487976,1.100741,-0.2813857,0.2664623,0.5632038,0.6899328,0.3684998,
1,30,87.311,0.487976,1.100741,-0.2813857,0.2664623,0.5632038,0.6899328,0.3684998,
1,30,87.313,0.487976,1.100741,-0.2813857,0.2664623,0.5632038,0.6899328,0.3684998,
1,30,87.315,0.487976,1.100741,-0.2813857,0.2664623,0.5632038,0.6899328,0.3684998,
1,30,87.317,0.487976,1.100741,-0.2813857,0.2664623,0.5632038,0.6899328,0.3684998,
1,30,87.319,0.4834089,1.104226,-0.2850887,0.2505819,0.5623701,0.6893792,0.3817133,
1,30,87.321,0.4834089,1.104226,-0.2850887,0.2505819,0.5623701,0.6893792,0.3817133,
1,30,87.323,0.4834089,1.104226,-0.2850887,0.2505819,0.5623701,0.6893792,0.3817133,
1,30,87.325,0.4834089,1.104226,-0.2850887,0.2505819,0.5623701,0.6893792,0.3817133,
1,30,87.327,0.4780252,1.107153,-0.288504,0.2413372,0.560576,0.6870052,0.394379,
1,30,87.329,0.4780252,1.107153,-0.288504,0.2413372,0.560576,0.6870052,0.394379,
1,30,87.331,0.4780252,1.107153,-0.288504,0.2413372,0.560576,0.6870052,0.394379,
1,30,87.333,0.4780252,1.107153,-0.288504,0.2413372,0.560576,0.6870052,0.394379,
1,30,87.335,0.4721938,1.109985,-0.2914752,0.2376762,0.5575185,0.6838751,0.4061996,
1,30,87.337,0.4721938,1.109985,-0.2914752,0.2376762,0.5575185,0.6838751,0.4061996,
1,30,87.339,0.4721938,1.109985,-0.2914752,0.2376762,0.5575185,0.6838751,0.4061996,
1,30,87.341,0.4721938,1.109985,-0.2914752,0.2376762,0.5575185,0.6838751,0.4061996,
1,30,87.343,0.4665478,1.11235,-0.2940828,0.2373964,0.5541826,0.6807425,0.41607,
1,30,87.345,0.4665478,1.11235,-0.2940828,0.2373964,0.5541826,0.6807425,0.41607,
1,30,87.347,0.4665478,1.11235,-0.2940828,0.2373964,0.5541826,0.6807425,0.41607,
1,30,87.349,0.4665478,1.11235,-0.2940828,0.2373964,0.5541826,0.6807425,0.41607,
1,30,87.351,0.4610927,1.114484,-0.2963098,0.2392618,0.550938,0.6780456,0.4236451,
1,30,87.353,0.4610927,1.114484,-0.2963098,0.2392618,0.550938,0.6780456,0.4236451,
1,30,87.355,0.4610927,1.114484,-0.2963098,0.2392618,0.550938,0.6780456,0.4236451,
1,30,87.357,0.4610927,1.114484,-0.2963098,0.2392618,0.550938,0.6780456,0.4236451,
1,30,87.359,0.4559596,1.116282,-0.2981575,0.24274,0.5479016,0.6759098,0.428984,
1,30,87.361,0.4559596,1.116282,-0.2981575,0.24274,0.5479016,0.6759098,0.428984,
1,30,87.363,0.4559596,1.116282,-0.2981575,0.24274,0.5479016,0.6759098,0.428984,
1,30,87.365,0.4559596,1.116282,-0.2981575,0.24274,0.5479016,0.6759098,0.428984,
1,30,87.367,0.4559596,1.116282,-0.2981575,0.24274,0.5479016,0.6759098,0.428984,
1,30,87.369,0.451549,1.117998,-0.299661,0.2469268,0.5454314,0.674579,0.4318274,
1,30,87.371,0.451549,1.117998,-0.299661,0.2469268,0.5454314,0.674579,0.4318274,
1,30,87.373,0.451549,1.117998,-0.299661,0.2469268,0.5454314,0.674579,0.4318274,
1,30,87.375,0.451549,1.117998,-0.299661,0.2469268,0.5454314,0.674579,0.4318274,
1,30,87.377,0.447671,1.119414,-0.3008078,0.2525332,0.5430869,0.6736966,0.4329163,
1,30,87.379,0.447671,1.119414,-0.3008078,0.2525332,0.5430869,0.6736966,0.4329163,
1,30,87.381,0.447671,1.119414,-0.3008078,0.2525332,0.5430869,0.6736966,0.4329163,
1,30,87.383,0.447671,1.119414,-0.3008078,0.2525332,0.5430869,0.6736966,0.4329163,
1,30,87.385,0.4449587,1.120846,-0.3014801,0.2595614,0.5401582,0.6732952,0.433048,
1,30,87.387,0.4449587,1.120846,-0.3014801,0.2595614,0.5401582,0.6732952,0.433048,
1,30,87.389,0.4449587,1.120846,-0.3014801,0.2595614,0.5401582,0.6732952,0.433048,
1,30,87.391,0.4449587,1.120846,-0.3014801,0.2595614,0.5401582,0.6732952,0.433048,
1,30,87.393,0.4429517,1.122144,-0.3018104,0.2676797,0.5374186,0.6731014,0.4318141,
1,30,87.395,0.4429517,1.122144,-0.3018104,0.2676797,0.5374186,0.6731014,0.4318141,
1,30,87.397,0.4429517,1.122144,-0.3018104,0.2676797,0.5374186,0.6731014,0.4318141,
1,30,87.399,0.4429517,1.122144,-0.3018104,0.2676797,0.5374186,0.6731014,0.4318141,
1,30,87.401,0.4416396,1.123227,-0.3019502,0.2759373,0.5355458,0.6734321,0.428414,
1,30,87.403,0.4416396,1.123227,-0.3019502,0.2759373,0.5355458,0.6734321,0.428414,
1,30,87.405,0.4416396,1.123227,-0.3019502,0.2759373,0.5355458,0.6734321,0.428414,
1,30,87.407,0.4416396,1.123227,-0.3019502,0.2759373,0.5355458,0.6734321,0.428414,
1,30,87.409,0.4412789,1.124159,-0.3018365,0.2835349,0.5348339,0.674239,0.4230394,
1,30,87.411,0.4412789,1.124159,-0.3018365,0.2835349,0.5348339,0.674239,0.4230394,
1,30,87.413,0.4412789,1.124159,-0.3018365,0.2835349,0.5348339,0.674239,0.4230394,
1,30,87.415,0.4412789,1.124159,-0.3018365,0.2835349,0.5348339,0.674239,0.4230394,
1,30,87.417,0.4412789,1.124159,-0.3018365,0.2835349,0.5348339,0.674239,0.4230394,
1,30,87.419,0.4416384,1.124707,-0.3015699,0.2899033,0.5356545,0.6756238,0.4154069,
1,30,87.421,0.4416384,1.124707,-0.3015699,0.2899033,0.5356545,0.6756238,0.4154069,
1,30,87.423,0.4416384,1.124707,-0.3015699,0.2899033,0.5356545,0.6756238,0.4154069,
1,30,87.425,0.4416384,1.124707,-0.3015699,0.2899033,0.5356545,0.6756238,0.4154069,
1,30,87.427,0.4424142,1.12466,-0.3012677,0.2959672,0.5376639,0.6769291,0.4063104,
1,30,87.429,0.4424142,1.12466,-0.3012677,0.2959672,0.5376639,0.6769291,0.4063104,
1,30,87.431,0.4424142,1.12466,-0.3012677,0.2959672,0.5376639,0.6769291,0.4063104,
1,30,87.433,0.4424142,1.12466,-0.3012677,0.2959672,0.5376639,0.6769291,0.4063104,
1,30,87.435,0.4438913,1.124255,-0.300884,0.3024307,0.5398983,0.6779481,0.3967768,
1,30,87.437,0.4438913,1.124255,-0.300884,0.3024307,0.5398983,0.6779481,0.3967768,
1,30,87.439,0.4438913,1.124255,-0.300884,0.3024307,0.5398983,0.6779481,0.3967768,
1,30,87.441,0.4438913,1.124255,-0.300884,0.3024307,0.5398983,0.6779481,0.3967768,
1,30,87.443,0.4461919,1.12355,-0.300382,0.3096139,0.5419174,0.6785116,0.3874104,
1,30,87.445,0.4461919,1.12355,-0.300382,0.3096139,0.5419174,0.6785116,0.3874104,
1,30,87.447,0.4461919,1.12355,-0.300382,0.3096139,0.5419174,0.6785116,0.3874104,
1,30,87.449,0.4461919,1.12355,-0.300382,0.3096139,0.5419174,0.6785116,0.3874104,
1,30,87.451,0.449267,1.122275,-0.3000333,0.3170232,0.5441583,0.6784649,0.3782504,
1,30,87.453,0.449267,1.122275,-0.3000333,0.3170232,0.5441583,0.6784649,0.3782504,
1,30,87.455,0.449267,1.122275,-0.3000333,0.3170232,0.5441583,0.6784649,0.3782504,
1,30,87.457,0.449267,1.122275,-0.3000333,0.3170232,0.5441583,0.6784649,0.3782504,
1,30,87.459,0.452859,1.120633,-0.2998504,0.3232015,0.5474126,0.678596,0.3679508,
1,30,87.461,0.452859,1.120633,-0.2998504,0.3232015,0.5474126,0.678596,0.3679508,
1,30,87.463,0.452859,1.120633,-0.2998504,0.3232015,0.5474126,0.678596,0.3679508,
1,30,87.465,0.452859,1.120633,-0.2998504,0.3232015,0.5474126,0.678596,0.3679508,
1,30,87.467,0.452859,1.120633,-0.2998504,0.3232015,0.5474126,0.678596,0.3679508,
1,30,87.469,0.4573767,1.118866,-0.2997369,0.3266723,0.5519353,0.6796561,0.3559775,
1,30,87.471,0.4573767,1.118866,-0.2997369,0.3266723,0.5519353,0.6796561,0.3559775,
1,30,87.473,0.4573767,1.118866,-0.2997369,0.3266723,0.5519353,0.6796561,0.3559775,
1,30,87.475,0.4573767,1.118866,-0.2997369,0.3266723,0.5519353,0.6796561,0.3559775,
1,30,87.477,0.4621076,1.116826,-0.2999034,0.3263581,0.5586976,0.6816976,0.3415198,
1,30,87.479,0.4621076,1.116826,-0.2999034,0.3263581,0.5586976,0.6816976,0.3415198,
1,30,87.481,0.4621076,1.116826,-0.2999034,0.3263581,0.5586976,0.6816976,0.3415198,
1,30,87.483,0.4621076,1.116826,-0.2999034,0.3263581,0.5586976,0.6816976,0.3415198,
1,30,87.485,0.4676088,1.114367,-0.3004918,0.3213641,0.5681775,0.6847614,0.3240391,
1,30,87.487,0.4676088,1.114367,-0.3004918,0.3213641,0.5681775,0.6847614,0.3240391,
1,30,87.489,0.4676088,1.114367,-0.3004918,0.3213641,0.5681775,0.6847614,0.3240391,
1,30,87.491,0.4676088,1.114367,-0.3004918,0.3213641,0.5681775,0.6847614,0.3240391,
1,30,87.493,0.4729274,1.11123,-0.3015209,0.3110341,0.5809023,0.6883538,0.3032809,
1,30,87.495,0.4729274,1.11123,-0.3015209,0.3110341,0.5809023,0.6883538,0.3032809,
1,30,87.497,0.4729274,1.11123,-0.3015209,0.3110341,0.5809023,0.6883538,0.3032809,
1,30,87.499,0.4729274,1.11123,-0.3015209,0.3110341,0.5809023,0.6883538,0.3032809,
1,30,87.501,0.4790698,1.107406,-0.3029981,0.296545,0.5956762,0.691571,0.2809991,
1,30,87.503,0.4790698,1.107406,-0.3029981,0.296545,0.5956762,0.691571,0.2809991,
1,30,87.505,0.4790698,1.107406,-0.3029981,0.296545,0.5956762,0.691571,0.2809991,
1,30,87.507,0.4790698,1.107406,-0.3029981,0.296545,0.5956762,0.691571,0.2809991,
1,30,87.509,0.4850835,1.102311,-0.3046596,0.2806042,0.6114846,0.6927789,0.259625,
1,30,87.511,0.4850835,1.102311,-0.3046596,0.2806042,0.6114846,0.6927789,0.259625,
1,30,87.513,0.4850835,1.102311,-0.3046596,0.2806042,0.6114846,0.6927789,0.259625,
1,30,87.515,0.4850835,1.102311,-0.3046596,0.2806042,0.6114846,0.6927789,0.259625,
1,30,87.517,0.4850835,1.102311,-0.3046596,0.2806042,0.6114846,0.6927789,0.259625,
1,30,87.519,0.4927003,1.097381,-0.3063858,0.2656775,0.6262981,0.691794,0.2420482,
1,30,87.521,0.4927003,1.097381,-0.3063858,0.2656775,0.6262981,0.691794,0.2420482,
1,30,87.523,0.4927003,1.097381,-0.3063858,0.2656775,0.6262981,0.691794,0.2420482,
1,30,87.525,0.4927003,1.097381,-0.3063858,0.2656775,0.6262981,0.691794,0.2420482,
1,30,87.527,0.5005099,1.09176,-0.3080916,0.2519474,0.6409136,0.6884276,0.2276399,
1,30,87.529,0.5005099,1.09176,-0.3080916,0.2519474,0.6409136,0.6884276,0.2276399,
1,30,87.531,0.5005099,1.09176,-0.3080916,0.2519474,0.6409136,0.6884276,0.2276399,
1,30,87.533,0.5005099,1.09176,-0.3080916,0.2519474,0.6409136,0.6884276,0.2276399,
1,30,87.535,0.5088922,1.086077,-0.309902,0.2384702,0.6555206,0.6834046,0.215367,
1,30,87.537,0.5088922,1.086077,-0.309902,0.2384702,0.6555206,0.6834046,0.215367,
1,30,87.539,0.5088922,1.086077,-0.309902,0.2384702,0.6555206,0.6834046,0.215367,
1,30,87.541,0.5088922,1.086077,-0.309902,0.2384702,0.6555206,0.6834046,0.215367,
1,30,87.543,0.5174626,1.080213,-0.3117416,0.2243505,0.6702931,0.6774054,0.2037058,
1,30,87.545,0.5174626,1.080213,-0.3117416,0.2243505,0.6702931,0.6774054,0.2037058,
1,30,87.547,0.5174626,1.080213,-0.3117416,0.2243505,0.6702931,0.6774054,0.2037058,
1,30,87.549,0.5174626,1.080213,-0.3117416,0.2243505,0.6702931,0.6774054,0.2037058,
1,30,87.551,0.5266318,1.075296,-0.313603,0.2099562,0.6842457,0.6711728,0.1930109,
1,30,87.553,0.5266318,1.075296,-0.313603,0.2099562,0.6842457,0.6711728,0.1930109,
1,30,87.555,0.5266318,1.075296,-0.313603,0.2099562,0.6842457,0.6711728,0.1930109,
1,30,87.557,0.5266318,1.075296,-0.313603,0.2099562,0.6842457,0.6711728,0.1930109,
1,30,87.559,0.5358949,1.070555,-0.3152446,0.1943264,0.698288,0.6646626,0.1812588,
1,30,87.561,0.5358949,1.070555,-0.3152446,0.1943264,0.698288,0.6646626,0.1812588,
1,30,87.563,0.5358949,1.070555,-0.3152446,0.1943264,0.698288,0.6646626,0.1812588,
1,30,87.565,0.5358949,1.070555,-0.3152446,0.1943264,0.698288,0.6646626,0.1812588,
1,30,87.567,0.5358949,1.070555,-0.3152446,0.1943264,0.698288,0.6646626,0.1812588,
1,30,87.569,0.5444117,1.065634,-0.3165898,0.1777699,0.7125233,0.6576436,0.1679684,
1,30,87.571,0.5444117,1.065634,-0.3165898,0.1777699,0.7125233,0.6576436,0.1679684,
1,30,87.573,0.5444117,1.065634,-0.3165898,0.1777699,0.7125233,0.6576436,0.1679684,
1,30,87.575,0.5444117,1.065634,-0.3165898,0.1777699,0.7125233,0.6576436,0.1679684,
1,30,87.577,0.552941,1.061364,-0.317595,0.1599413,0.7264953,0.6505506,0.1529938,
1,30,87.579,0.552941,1.061364,-0.317595,0.1599413,0.7264953,0.6505506,0.1529938,
1,30,87.581,0.552941,1.061364,-0.317595,0.1599413,0.7264953,0.6505506,0.1529938,
1,30,87.583,0.552941,1.061364,-0.317595,0.1599413,0.7264953,0.6505506,0.1529938,
1,30,87.585,0.561497,1.057803,-0.318472,0.1421615,0.7398369,0.6430432,0.1375757,
1,30,87.587,0.561497,1.057803,-0.318472,0.1421615,0.7398369,0.6430432,0.1375757,
1,30,87.589,0.561497,1.057803,-0.318472,0.1421615,0.7398369,0.6430432,0.1375757,
1,30,87.591,0.561497,1.057803,-0.318472,0.1421615,0.7398369,0.6430432,0.1375757,
1,30,87.593,0.569916,1.054475,-0.3189672,0.1243067,0.7529579,0.6347257,0.1213501,
1,30,87.595,0.569916,1.054475,-0.3189672,0.1243067,0.7529579,0.6347257,0.1213501,
1,30,87.597,0.569916,1.054475,-0.3189672,0.1243067,0.7529579,0.6347257,0.1213501,
1,30,87.599,0.569916,1.054475,-0.3189672,0.1243067,0.7529579,0.6347257,0.1213501,
1,30,87.601,0.5776587,1.051844,-0.3192822,0.1075162,0.7653815,0.625738,0.1052778,
1,30,87.603,0.5776587,1.051844,-0.3192822,0.1075162,0.7653815,0.625738,0.1052778,
1,30,87.605,0.5776587,1.051844,-0.3192822,0.1075162,0.7653815,0.625738,0.1052778,
1,30,87.607,0.5776587,1.051844,-0.3192822,0.1075162,0.7653815,0.625738,0.1052778,
1,30,87.609,0.5851648,1.049665,-0.3193132,0.09232941,0.7770166,0.6160951,0.09026311,
1,30,87.611,0.5851648,1.049665,-0.3193132,0.09232941,0.7770166,0.6160951,0.09026311,
1,30,87.613,0.5851648,1.049665,-0.3193132,0.09232941,0.7770166,0.6160951,0.09026311,
1,30,87.615,0.5851648,1.049665,-0.3193132,0.09232941,0.7770166,0.6160951,0.09026311,
1,30,87.617,0.5851648,1.049665,-0.3193132,0.09232941,0.7770166,0.6160951,0.09026311,
1,30,87.619,0.5921651,1.047945,-0.3191048,0.07979414,0.7877288,0.6058836,0.07759728,
1,30,87.621,0.5921651,1.047945,-0.3191048,0.07979414,0.7877288,0.6058836,0.07759728,
1,30,87.623,0.5921651,1.047945,-0.3191048,0.07979414,0.7877288,0.6058836,0.07759728,
1,30,87.625,0.5921651,1.047945,-0.3191048,0.07979414,0.7877288,0.6058836,0.07759728,
1,30,87.627,0.5984982,1.046707,-0.318665,0.06921631,0.7978691,0.5951699,0.0662329,
1,30,87.629,0.5984982,1.046707,-0.318665,0.06921631,0.7978691,0.5951699,0.0662329,
1,30,87.631,0.5984982,1.046707,-0.318665,0.06921631,0.7978691,0.5951699,0.0662329,
1,30,87.633,0.5984982,1.046707,-0.318665,0.06921631,0.7978691,0.5951699,0.0662329,
1,30,87.635,0.6044624,1.045486,-0.3178583,0.05976796,0.8076779,0.5839068,0.05600925,
1,30,87.637,0.6044624,1.045486,-0.3178583,0.05976796,0.8076779,0.5839068,0.05600925,
1,30,87.639,0.6044624,1.045486,-0.3178583,0.05976796,0.8076779,0.5839068,0.05600925,
1,30,87.641,0.6044624,1.045486,-0.3178583,0.05976796,0.8076779,0.5839068,0.05600925,
1,30,87.643,0.6108284,1.044515,-0.316555,0.05084178,0.8169464,0.5725212,0.04725667,
1,30,87.645,0.6108284,1.044515,-0.316555,0.05084178,0.8169464,0.5725212,0.04725667,
1,30,87.647,0.6108284,1.044515,-0.316555,0.05084178,0.8169464,0.5725212,0.04725667,
1,30,87.649,0.6108284,1.044515,-0.316555,0.05084178,0.8169464,0.5725212,0.04725667,
1,30,87.651,0.6167088,1.044157,-0.3152413,0.04132923,0.8258095,0.5612218,0.03688981,
1,30,87.653,0.6167088,1.044157,-0.3152413,0.04132923,0.8258095,0.5612218,0.03688981,
1,30,87.655,0.6167088,1.044157,-0.3152413,0.04132923,0.8258095,0.5612218,0.03688981,
1,30,87.657,0.6167088,1.044157,-0.3152413,0.04132923,0.8258095,0.5612218,0.03688981,
1,30,87.659,0.6230893,1.043984,-0.3137594,0.02955699,0.834655,0.5494755,0.02353817,
1,30,87.661,0.6230893,1.043984,-0.3137594,0.02955699,0.834655,0.5494755,0.02353817,
1,30,87.663,0.6230893,1.043984,-0.3137594,0.02955699,0.834655,0.5494755,0.02353817,
1,30,87.665,0.6230893,1.043984,-0.3137594,0.02955699,0.834655,0.5494755,0.02353817,
1,30,87.667,0.6230893,1.043984,-0.3137594,0.02955699,0.834655,0.5494755,0.02353817,
1,30,87.669,0.6295948,1.043758,-0.3121246,0.0160206,0.8433372,0.5370944,0.007436439,
1,30,87.671,0.6295948,1.043758,-0.3121246,0.0160206,0.8433372,0.5370944,0.007436439,
1,30,87.673,0.6295948,1.043758,-0.3121246,0.0160206,0.8433372,0.5370944,0.007436439,
1,30,87.675,0.6295948,1.043758,-0.3121246,0.0160206,0.8433372,0.5370944,0.007436439,
1,30,87.677,0.6359383,1.043667,-0.3102674,0.00184837,0.8516918,0.5239406,-0.01020353,
1,30,87.679,0.6359383,1.043667,-0.3102674,0.00184837,0.8516918,0.5239406,-0.01020353,
1,30,87.681,0.6359383,1.043667,-0.3102674,0.00184837,0.8516918,0.5239406,-0.01020353,
1,30,87.683,0.6359383,1.043667,-0.3102674,0.00184837,0.8516918,0.5239406,-0.01020353,
1,30,87.685,0.6429116,1.043557,-0.3083386,-0.01231307,0.8597891,0.5097525,-0.02763224,
1,30,87.687,0.6429116,1.043557,-0.3083386,-0.01231307,0.8597891,0.5097525,-0.02763224,
1,30,87.689,0.6429116,1.043557,-0.3083386,-0.01231307,0.8597891,0.5097525,-0.02763224,
1,30,87.691,0.6429116,1.043557,-0.3083386,-0.01231307,0.8597891,0.5097525,-0.02763224,
1,30,87.693,0.6497058,1.043161,-0.3062397,-0.02510563,0.8675318,0.4948391,-0.04350469,
1,30,87.695,0.6497058,1.043161,-0.3062397,-0.02510563,0.8675318,0.4948391,-0.04350469,
1,30,87.697,0.6497058,1.043161,-0.3062397,-0.02510563,0.8675318,0.4948391,-0.04350469,
1,30,87.699,0.6497058,1.043161,-0.3062397,-0.02510563,0.8675318,0.4948391,-0.04350469,
1,30,87.701,0.6565428,1.043318,-0.3043063,-0.0368993,0.874738,0.4797033,-0.05793681,
1,30,87.703,0.6565428,1.043318,-0.3043063,-0.0368993,0.874738,0.4797033,-0.05793681,
1,30,87.705,0.6565428,1.043318,-0.3043063,-0.0368993,0.874738,0.4797033,-0.05793681,
1,30,87.707,0.6565428,1.043318,-0.3043063,-0.0368993,0.874738,0.4797033,-0.05793681,
1,30,87.709,0.6634101,1.043473,-0.3023042,-0.04793411,0.8814166,0.4644485,-0.07137723,
1,30,87.711,0.6634101,1.043473,-0.3023042,-0.04793411,0.8814166,0.4644485,-0.07137723,
1,30,87.713,0.6634101,1.043473,-0.3023042,-0.04793411,0.8814166,0.4644485,-0.07137723,
1,30,87.715,0.6634101,1.043473,-0.3023042,-0.04793411,0.8814166,0.4644485,-0.07137723,
1,30,87.717,0.6634101,1.043473,-0.3023042,-0.04793411,0.8814166,0.4644485,-0.07137723,
1,30,87.719,0.6707746,1.04373,-0.300165,-0.05858263,0.8877225,0.4488914,-0.08374596,
1,30,87.721,0.6707746,1.04373,-0.300165,-0.05858263,0.8877225,0.4488914,-0.08374596,
1,30,87.723,0.6707746,1.04373,-0.300165,-0.05858263,0.8877225,0.4488914,-0.08374596,
1,30,87.725,0.6707746,1.04373,-0.300165,-0.05858263,0.8877225,0.4488914,-0.08374596,
1,30,87.727,0.6780109,1.043861,-0.2977681,-0.0683209,0.8934493,0.4336549,-0.09499528,
1,30,87.729,0.6780109,1.043861,-0.2977681,-0.0683209,0.8934493,0.4336549,-0.09499528,
1,30,87.731,0.6780109,1.043861,-0.2977681,-0.0683209,0.8934493,0.4336549,-0.09499528,
1,30,87.733,0.6780109,1.043861,-0.2977681,-0.0683209,0.8934493,0.4336549,-0.09499528,
1,30,87.735,0.6847559,1.044625,-0.2956595,-0.07672124,0.898424,0.419544,-0.1045517,
1,30,87.737,0.6847559,1.044625,-0.2956595,-0.07672124,0.898424,0.419544,-0.1045517,
1,30,87.739,0.6847559,1.044625,-0.2956595,-0.07672124,0.898424,0.419544,-0.1045517,
1,30,87.741,0.6847559,1.044625,-0.2956595,-0.07672124,0.898424,0.419544,-0.1045517,
1,30,87.743,0.6910282,1.045654,-0.2936401,-0.08340548,0.9029085,0.4067344,-0.1112066,
1,30,87.745,0.6910282,1.045654,-0.2936401,-0.08340548,0.9029085,0.4067344,-0.1112066,
1,30,87.747,0.6910282,1.045654,-0.2936401,-0.08340548,0.9029085,0.4067344,-0.1112066,
1,30,87.749,0.6910282,1.045654,-0.2936401,-0.08340548,0.9029085,0.4067344,-0.1112066,
1,30,87.751,0.6971751,1.047076,-0.291494,-0.08835907,0.9069445,0.3957107,-0.1142692,
1,30,87.753,0.6971751,1.047076,-0.291494,-0.08835907,0.9069445,0.3957107,-0.1142692,
1,30,87.755,0.6971751,1.047076,-0.291494,-0.08835907,0.9069445,0.3957107,-0.1142692,
1,30,87.757,0.6971751,1.047076,-0.291494,-0.08835907,0.9069445,0.3957107,-0.1142692,
1,30,87.759,0.7021076,1.04879,-0.2894802,-0.09056085,0.9107329,0.3869147,-0.1125231,
1,30,87.761,0.7021076,1.04879,-0.2894802,-0.09056085,0.9107329,0.3869147,-0.1125231,
1,30,87.763,0.7021076,1.04879,-0.2894802,-0.09056085,0.9107329,0.3869147,-0.1125231,
1,30,87.765,0.7021076,1.04879,-0.2894802,-0.09056085,0.9107329,0.3869147,-0.1125231,
1,30,87.767,0.7021076,1.04879,-0.2894802,-0.09056085,0.9107329,0.3869147,-0.1125231,
1,30,87.769,0.7073781,1.051001,-0.2875373,-0.09072368,0.9143732,0.3805192,-0.1043843,
1,30,87.771,0.7073781,1.051001,-0.2875373,-0.09072368,0.9143732,0.3805192,-0.1043843,
1,30,87.773,0.7073781,1.051001,-0.2875373,-0.09072368,0.9143732,0.3805192,-0.1043843,
1,30,87.775,0.7073781,1.051001,-0.2875373,-0.09072368,0.9143732,0.3805192,-0.1043843,
1,30,87.777,0.7121841,1.05339,-0.2855972,-0.08829509,0.9177306,0.3766597,-0.09001147,
1,30,87.779,0.7121841,1.05339,-0.2855972,-0.08829509,0.9177306,0.3766597,-0.09001147,
1,30,87.781,0.7121841,1.05339,-0.2855972,-0.08829509,0.9177306,0.3766597,-0.09001147,
1,30,87.783,0.7121841,1.05339,-0.2855972,-0.08829509,0.9177306,0.3766597,-0.09001147,
1,30,87.785,0.7162386,1.056031,-0.2842388,-0.08377691,0.9203474,0.3754083,-0.07078731,
1,30,87.787,0.7162386,1.056031,-0.2842388,-0.08377691,0.9203474,0.3754083,-0.07078731,
1,30,87.789,0.7162386,1.056031,-0.2842388,-0.08377691,0.9203474,0.3754083,-0.07078731,
1,30,87.791,0.7162386,1.056031,-0.2842388,-0.08377691,0.9203474,0.3754083,-0.07078731,
1,30,87.793,0.7198995,1.05919,-0.2833667,-0.07840562,0.9218915,0.3762212,-0.04925842,
1,30,87.795,0.7198995,1.05919,-0.2833667,-0.07840562,0.9218915,0.3762212,-0.04925842,
1,30,87.797,0.7198995,1.05919,-0.2833667,-0.07840562,0.9218915,0.3762212,-0.04925842,
1,30,87.799,0.7198995,1.05919,-0.2833667,-0.07840562,0.9218915,0.3762212,-0.04925842,
1,30,87.801,0.723729,1.062598,-0.2826748,-0.07335109,0.9222997,0.3784324,-0.02778208,
1,30,87.803,0.723729,1.062598,-0.2826748,-0.07335109,0.9222997,0.3784324,-0.02778208,
1,30,87.805,0.723729,1.062598,-0.2826748,-0.07335109,0.9222997,0.3784324,-0.02778208,
1,30,87.807,0.723729,1.062598,-0.2826748,-0.07335109,0.9222997,0.3784324,-0.02778208,
1,30,87.809,0.7271924,1.065597,-0.2818707,-0.06926391,0.9219386,0.3809816,-0.009208679,
1,30,87.811,0.7271924,1.065597,-0.2818707,-0.06926391,0.9219386,0.3809816,-0.009208679,
1,30,87.813,0.7271924,1.065597,-0.2818707,-0.06926391,0.9219386,0.3809816,-0.009208679,
1,30,87.815,0.7271924,1.065597,-0.2818707,-0.06926391,0.9219386,0.3809816,-0.009208679,
1,30,87.817,0.7271924,1.065597,-0.2818707,-0.06926391,0.9219386,0.3809816,-0.009208679,
1,30,87.819,0.730348,1.068311,-0.2811946,-0.06699544,0.9210233,0.3836818,0.003990576,
1,30,87.821,0.730348,1.068311,-0.2811946,-0.06699544,0.9210233,0.3836818,0.003990576,
1,30,87.823,0.730348,1.068311,-0.2811946,-0.06699544,0.9210233,0.3836818,0.003990576,
1,30,87.825,0.730348,1.068311,-0.2811946,-0.06699544,0.9210233,0.3836818,0.003990576,
1,30,87.827,0.7337564,1.071465,-0.2810723,-0.0673807,0.9195982,0.3868701,0.01142965,
1,30,87.829,0.7337564,1.071465,-0.2810723,-0.0673807,0.9195982,0.3868701,0.01142965,
1,30,87.831,0.7337564,1.071465,-0.2810723,-0.0673807,0.9195982,0.3868701,0.01142965,
1,30,87.833,0.7337564,1.071465,-0.2810723,-0.0673807,0.9195982,0.3868701,0.01142965,
1,30,87.835,0.7368679,1.074034,-0.281032,-0.07043138,0.9183223,0.3893439,0.01161632,
1,30,87.837,0.7368679,1.074034,-0.281032,-0.07043138,0.9183223,0.3893439,0.01161632,
1,30,87.839,0.7368679,1.074034,-0.281032,-0.07043138,0.9183223,0.3893439,0.01161632,
1,30,87.841,0.7368679,1.074034,-0.281032,-0.07043138,0.9183223,0.3893439,0.01161632,
1,30,87.843,0.7403221,1.076267,-0.2810103,-0.07626149,0.9172603,0.390873,0.006008431,
1,30,87.845,0.7403221,1.076267,-0.2810103,-0.07626149,0.9172603,0.390873,0.006008431,
1,30,87.847,0.7403221,1.076267,-0.2810103,-0.07626149,0.9172603,0.390873,0.006008431,
1,30,87.849,0.7403221,1.076267,-0.2810103,-0.07626149,0.9172603,0.390873,0.006008431,
1,30,87.851,0.7435435,1.078135,-0.2812777,-0.08360288,0.9163347,0.3915695,-0.003815956,
1,30,87.853,0.7435435,1.078135,-0.2812777,-0.08360288,0.9163347,0.3915695,-0.003815956,
1,30,87.855,0.7435435,1.078135,-0.2812777,-0.08360288,0.9163347,0.3915695,-0.003815956,
1,30,87.857,0.7435435,1.078135,-0.2812777,-0.08360288,0.9163347,0.3915695,-0.003815956,
1,30,87.859,0.7469305,1.079459,-0.2815912,-0.09186882,0.9155334,0.3912852,-0.01595974,
1,30,87.861,0.7469305,1.079459,-0.2815912,-0.09186882,0.9155334,0.3912852,-0.01595974,
1,30,87.863,0.7469305,1.079459,-0.2815912,-0.09186882,0.9155334,0.3912852,-0.01595974,
1,30,87.865,0.7469305,1.079459,-0.2815912,-0.09186882,0.9155334,0.3912852,-0.01595974,
1,30,87.867,0.7469305,1.079459,-0.2815912,-0.09186882,0.9155334,0.3912852,-0.01595974,
1,30,87.869,0.7503129,1.080055,-0.2818444,-0.1003466,0.9149287,0.3898691,-0.02894745,
1,30,87.871,0.7503129,1.080055,-0.2818444,-0.1003466,0.9149287,0.3898691,-0.02894745,
1,30,87.873,0.7503129,1.080055,-0.2818444,-0.1003466,0.9149287,0.3898691,-0.02894745,
1,30,87.875,0.7503129,1.080055,-0.2818444,-0.1003466,0.9149287,0.3898691,-0.02894745,
1,30,87.877,0.7538446,1.080151,-0.2821459,-0.1087313,0.914407,0.3876399,-0.04210485,
1,30,87.879,0.7538446,1.080151,-0.2821459,-0.1087313,0.914407,0.3876399,-0.04210485,
1,30,87.881,0.7538446,1.080151,-0.2821459,-0.1087313,0.914407,0.3876399,-0.04210485,
1,30,87.883,0.7538446,1.080151,-0.2821459,-0.1087313,0.914407,0.3876399,-0.04210485,
1,30,87.885,0.7574366,1.07959,-0.2822371,-0.1168787,0.9140615,0.3843683,-0.05560463,
1,30,87.887,0.7574366,1.07959,-0.2822371,-0.1168787,0.9140615,0.3843683,-0.05560463,
1,30,87.889,0.7574366,1.07959,-0.2822371,-0.1168787,0.9140615,0.3843683,-0.05560463,
1,30,87.891,0.7574366,1.07959,-0.2822371,-0.1168787,0.9140615,0.3843683,-0.05560463,
1,30,87.893,0.760568,1.078555,-0.2825808,-0.1241207,0.9136995,0.3808104,-0.06878117,
1,30,87.895,0.760568,1.078555,-0.2825808,-0.1241207,0.9136995,0.3808104,-0.06878117,
1,30,87.897,0.760568,1.078555,-0.2825808,-0.1241207,0.9136995,0.3808104,-0.06878117,
1,30,87.899,0.760568,1.078555,-0.2825808,-0.1241207,0.9136995,0.3808104,-0.06878117,
1,30,87.901,0.7635377,1.07731,-0.2830313,-0.1299495,0.9133497,0.3774921,-0.08003205,
1,30,87.903,0.7635377,1.07731,-0.2830313,-0.1299495,0.9133497,0.3774921,-0.08003205,
1,30,87.905,0.7635377,1.07731,-0.2830313,-0.1299495,0.9133497,0.3774921,-0.08003205,
1,30,87.907,0.7635377,1.07731,-0.2830313,-0.1299495,0.9133497,0.3774921,-0.08003205,
1,30,87.909,0.7660275,1.07555,-0.2834871,-0.1340224,0.9131088,0.3745184,-0.08947808,
1,30,87.911,0.7660275,1.07555,-0.2834871,-0.1340224,0.9131088,0.3745184,-0.08947808,
1,30,87.913,0.7660275,1.07555,-0.2834871,-0.1340224,0.9131088,0.3745184,-0.08947808,
1,30,87.915,0.7660275,1.07555,-0.2834871,-0.1340224,0.9131088,0.3745184,-0.08947808,
1,30,87.917,0.7660275,1.07555,-0.2834871,-0.1340224,0.9131088,0.3745184,-0.08947808,
1,30,87.919,0.7680995,1.07354,-0.283931,-0.1359569,0.9129698,0.3726223,-0.09568007,
1,30,87.921,0.7680995,1.07354,-0.283931,-0.1359569,0.9129698,0.3726223,-0.09568007,
1,30,87.923,0.7680995,1.07354,-0.283931,-0.1359569,0.9129698,0.3726223,-0.09568007,
1,30,87.925,0.7680995,1.07354,-0.283931,-0.1359569,0.9129698,0.3726223,-0.09568007,
1,30,87.927,0.7694661,1.071816,-0.2845466,-0.1353732,0.912738,0.3726377,-0.09861315,
1,30,87.929,0.7694661,1.071816,-0.2845466,-0.1353732,0.912738,0.3726377,-0.09861315,
1,30,87.931,0.7694661,1.071816,-0.2845466,-0.1353732,0.912738,0.3726377,-0.09861315,
1,30,87.933,0.7694661,1.071816,-0.2845466,-0.1353732,0.912738,0.3726377,-0.09861315,
1,30,87.935,0.7703317,1.070005,-0.2851698,-0.1321676,0.9124861,0.3746553,-0.09764393,
1,30,87.937,0.7703317,1.070005,-0.2851698,-0.1321676,0.9124861,0.3746553,-0.09764393,
1,30,87.939,0.7703317,1.070005,-0.2851698,-0.1321676,0.9124861,0.3746553,-0.09764393,
1,30,87.941,0.7703317,1.070005,-0.2851698,-0.1321676,0.9124861,0.3746553,-0.09764393,
1,30,87.943,0.7700555,1.067992,-0.2860146,-0.1259847,0.9121381,0.3788022,-0.09295549,
1,30,87.945,0.7700555,1.067992,-0.2860146,-0.1259847,0.9121381,0.3788022,-0.09295549,
1,30,87.947,0.7700555,1.067992,-0.2860146,-0.1259847,0.9121381,0.3788022,-0.09295549,
1,30,87.949,0.7700555,1.067992,-0.2860146,-0.1259847,0.9121381,0.3788022,-0.09295549,
1,30,87.951,0.7692428,1.066369,-0.2869489,-0.1164586,0.9116004,0.385371,-0.08313464,
1,30,87.953,0.7692428,1.066369,-0.2869489,-0.1164586,0.9116004,0.385371,-0.08313464,
1,30,87.955,0.7692428,1.066369,-0.2869489,-0.1164586,0.9116004,0.385371,-0.08313464,
1,30,87.957,0.7692428,1.066369,-0.2869489,-0.1164586,0.9116004,0.385371,-0.08313464,
1,30,87.959,0.7671911,1.06549,-0.2881401,-0.1022899,0.9105632,0.3950824,-0.06573801,
1,30,87.961,0.7671911,1.06549,-0.2881401,-0.1022899,0.9105632,0.3950824,-0.06573801,
1,30,87.963,0.7671911,1.06549,-0.2881401,-0.1022899,0.9105632,0.3950824,-0.06573801,
1,30,87.965,0.7671911,1.06549,-0.2881401,-0.1022899,0.9105632,0.3950824,-0.06573801,
1,30,87.967,0.7671911,1.06549,-0.2881401,-0.1022899,0.9105632,0.3950824,-0.06573801,
1,30,87.969,0.7652174,1.065441,-0.2891225,-0.08242342,0.9086088,0.4077295,-0.03732337,
1,30,87.971,0.7652174,1.065441,-0.2891225,-0.08242342,0.9086088,0.4077295,-0.03732337,
1,30,87.973,0.7652174,1.065441,-0.2891225,-0.08242342,0.9086088,0.4077295,-0.03732337,
1,30,87.975,0.7652174,1.065441,-0.2891225,-0.08242342,0.9086088,0.4077295,-0.03732337,
1,30,87.977,0.7621025,1.066135,-0.2902418,-0.0556576,0.9047268,0.4223382,0.001442499,
1,30,87.979,0.7621025,1.066135,-0.2902418,-0.0556576,0.9047268,0.4223382,0.001442499,
1,30,87.981,0.7621025,1.066135,-0.2902418,-0.0556576,0.9047268,0.4223382,0.001442499,
1,30,87.983,0.7621025,1.066135,-0.2902418,-0.0556576,0.9047268,0.4223382,0.001442499,
1,30,87.985,0.7584016,1.067819,-0.291675,-0.02177203,0.897387,0.4378468,0.05012637,
1,30,87.987,0.7584016,1.067819,-0.291675,-0.02177203,0.897387,0.4378468,0.05012637,
1,30,87.989,0.7584016,1.067819,-0.291675,-0.02177203,0.897387,0.4378468,0.05012637,
1,30,87.991,0.7584016,1.067819,-0.291675,-0.02177203,0.897387,0.4378468,0.05012637,
1,30,87.993,0.7542104,1.070341,-0.293329,0.01813039,0.8854935,0.4522714,0.1049908,
1,30,87.995,0.7542104,1.070341,-0.293329,0.01813039,0.8854935,0.4522714,0.1049908,
1,30,87.997,0.7542104,1.070341,-0.293329,0.01813039,0.8854935,0.4522714,0.1049908,
1,30,87.999,0.7542104,1.070341,-0.293329,0.01813039,0.8854935,0.4522714,0.1049908,
1,30,88.001,0.7495171,1.073632,-0.295315,0.06388411,0.867874,0.4645466,0.1640429,
1,30,88.003,0.7495171,1.073632,-0.295315,0.06388411,0.867874,0.4645466,0.1640429,
1,30,88.005,0.7495171,1.073632,-0.295315,0.06388411,0.867874,0.4645466,0.1640429,
1,30,88.007,0.7495171,1.073632,-0.295315,0.06388411,0.867874,0.4645466,0.1640429,
1,30,88.009,0.7444742,1.077873,-0.2975037,0.1131591,0.8449035,0.4733061,0.2220686,
1,30,88.011,0.7444742,1.077873,-0.2975037,0.1131591,0.8449035,0.4733061,0.2220686,
1,30,88.013,0.7444742,1.077873,-0.2975037,0.1131591,0.8449035,0.4733061,0.2220686,
1,30,88.015,0.7444742,1.077873,-0.2975037,0.1131591,0.8449035,0.4733061,0.2220686,
1,30,88.017,0.7444742,1.077873,-0.2975037,0.1131591,0.8449035,0.4733061,0.2220686,
1,30,88.019,0.7397197,1.082904,-0.2999733,0.1637828,0.8173715,0.4783673,0.2761227,
1,30,88.021,0.7397197,1.082904,-0.2999733,0.1637828,0.8173715,0.4783673,0.2761227,
1,30,88.023,0.7397197,1.082904,-0.2999733,0.1637828,0.8173715,0.4783673,0.2761227,
1,30,88.025,0.7397197,1.082904,-0.2999733,0.1637828,0.8173715,0.4783673,0.2761227,
1,30,88.027,0.7349404,1.088454,-0.3023372,0.2134393,0.7872744,0.4797575,0.3232267,
1,30,88.029,0.7349404,1.088454,-0.3023372,0.2134393,0.7872744,0.4797575,0.3232267,
1,30,88.031,0.7349404,1.088454,-0.3023372,0.2134393,0.7872744,0.4797575,0.3232267,
1,30,88.033,0.7349404,1.088454,-0.3023372,0.2134393,0.7872744,0.4797575,0.3232267,
1,30,88.035,0.7300576,1.094387,-0.3045344,0.2597289,0.7572282,0.4783609,0.3609947,
1,30,88.037,0.7300576,1.094387,-0.3045344,0.2597289,0.7572282,0.4783609,0.3609947,
1,30,88.039,0.7300576,1.094387,-0.3045344,0.2597289,0.7572282,0.4783609,0.3609947,
1,30,88.041,0.7300576,1.094387,-0.3045344,0.2597289,0.7572282,0.4783609,0.3609947,
1,30,88.043,0.726734,1.10037,-0.3064936,0.3011372,0.7285115,0.47624,0.3895934,
1,30,88.045,0.726734,1.10037,-0.3064936,0.3011372,0.7285115,0.47624,0.3895934,
1,30,88.047,0.726734,1.10037,-0.3064936,0.3011372,0.7285115,0.47624,0.3895934,
1,30,88.049,0.726734,1.10037,-0.3064936,0.3011372,0.7285115,0.47624,0.3895934,
1,30,88.051,0.7237689,1.10661,-0.3082094,0.3362861,0.7036469,0.4741406,0.408636,
1,30,88.053,0.7237689,1.10661,-0.3082094,0.3362861,0.7036469,0.4741406,0.408636,
1,30,88.055,0.7237689,1.10661,-0.3082094,0.3362861,0.7036469,0.4741406,0.408636,
1,30,88.057,0.7237689,1.10661,-0.3082094,0.3362861,0.7036469,0.4741406,0.408636,
1,30,88.059,0.7216031,1.112288,-0.309402,0.365886,0.6826347,0.4725897,0.4204716,
1,30,88.061,0.7216031,1.112288,-0.309402,0.365886,0.6826347,0.4725897,0.4204716,
1,30,88.063,0.7216031,1.112288,-0.309402,0.365886,0.6826347,0.4725897,0.4204716,
1,30,88.065,0.7216031,1.112288,-0.309402,0.365886,0.6826347,0.4725897,0.4204716,
1,30,88.067,0.7216031,1.112288,-0.309402,0.365886,0.6826347,0.4725897,0.4204716,
1,30,88.069,0.7200558,1.117117,-0.3102811,0.3908034,0.6650218,0.4714237,0.427526,
1,30,88.071,0.7200558,1.117117,-0.3102811,0.3908034,0.6650218,0.4714237,0.427526,
1,30,88.073,0.7200558,1.117117,-0.3102811,0.3908034,0.6650218,0.4714237,0.427526,
1,30,88.075,0.7200558,1.117117,-0.3102811,0.3908034,0.6650218,0.4714237,0.427526,
1,30,88.077,0.7190026,1.120981,-0.3109629,0.4119972,0.6501479,0.4698112,0.4322541,
1,30,88.079,0.7190026,1.120981,-0.3109629,0.4119972,0.6501479,0.4698112,0.4322541,
1,30,88.081,0.7190026,1.120981,-0.3109629,0.4119972,0.6501479,0.4698112,0.4322541,
1,30,88.083,0.7190026,1.120981,-0.3109629,0.4119972,0.6501479,0.4698112,0.4322541,
1,30,88.085,0.7186001,1.123918,-0.3115155,0.4306591,0.6368961,0.4671068,0.4367006,
1,30,88.087,0.7186001,1.123918,-0.3115155,0.4306591,0.6368961,0.4671068,0.4367006,
1,30,88.089,0.7186001,1.123918,-0.3115155,0.4306591,0.6368961,0.4671068,0.4367006,
1,30,88.091,0.7186001,1.123918,-0.3115155,0.4306591,0.6368961,0.4671068,0.4367006,
1,30,88.093,0.7186943,1.125471,-0.3120559,0.4475951,0.624501,0.46236,0.4425836,
1,30,88.095,0.7186943,1.125471,-0.3120559,0.4475951,0.624501,0.46236,0.4425836,
1,30,88.097,0.7186943,1.125471,-0.3120559,0.4475951,0.624501,0.46236,0.4425836,
1,30,88.099,0.7186943,1.125471,-0.3120559,0.4475951,0.624501,0.46236,0.4425836,
1,30,88.101,0.7188949,1.125901,-0.3125798,0.4624495,0.6138308,0.4562151,0.4485756,
1,30,88.103,0.7188949,1.125901,-0.3125798,0.4624495,0.6138308,0.4562151,0.4485756,
1,30,88.105,0.7188949,1.125901,-0.3125798,0.4624495,0.6138308,0.4562151,0.4485756,
1,30,88.107,0.7188949,1.125901,-0.3125798,0.4624495,0.6138308,0.4562151,0.4485756,
1,30,88.109,0.7196307,1.125439,-0.3132624,0.4740881,0.6055877,0.4506093,0.4532718,
1,30,88.111,0.7196307,1.125439,-0.3132624,0.4740881,0.6055877,0.4506093,0.4532718,
1,30,88.113,0.7196307,1.125439,-0.3132624,0.4740881,0.6055877,0.4506093,0.4532718,
1,30,88.115,0.7196307,1.125439,-0.3132624,0.4740881,0.6055877,0.4506093,0.4532718,
1,30,88.117,0.7196307,1.125439,-0.3132624,0.4740881,0.6055877,0.4506093,0.4532718,
1,30,88.119,0.7202348,1.12407,-0.3137699,0.4815525,0.6014143,0.447095,0.4544384,
1,30,88.121,0.7202348,1.12407,-0.3137699,0.4815525,0.6014143,0.447095,0.4544384,
1,30,88.123,0.7202348,1.12407,-0.3137699,0.4815525,0.6014143,0.447095,0.4544384,
1,30,88.125,0.7202348,1.12407,-0.3137699,0.4815525,0.6014143,0.447095,0.4544384,
1,30,88.127,0.7210477,1.122863,-0.3143509,0.4843412,0.6016843,0.447628,0.4505761,
1,30,88.129,0.7210477,1.122863,-0.3143509,0.4843412,0.6016843,0.447628,0.4505761,
1,30,88.131,0.7210477,1.122863,-0.3143509,0.4843412,0.6016843,0.447628,0.4505761,
1,30,88.133,0.7210477,1.122863,-0.3143509,0.4843412,0.6016843,0.447628,0.4505761,
1,30,88.135,0.7221666,1.121258,-0.3148791,0.4825478,0.6061746,0.4519883,0.4420481,
1,30,88.137,0.7221666,1.121258,-0.3148791,0.4825478,0.6061746,0.4519883,0.4420481,
1,30,88.139,0.7221666,1.121258,-0.3148791,0.4825478,0.6061746,0.4519883,0.4420481,
1,30,88.141,0.7221666,1.121258,-0.3148791,0.4825478,0.6061746,0.4519883,0.4420481,
1,30,88.143,0.7233506,1.119225,-0.3150634,0.4762598,0.6147026,0.4599687,0.4286564,
1,30,88.145,0.7233506,1.119225,-0.3150634,0.4762598,0.6147026,0.4599687,0.4286564,
1,30,88.147,0.7233506,1.119225,-0.3150634,0.4762598,0.6147026,0.4599687,0.4286564,
1,30,88.149,0.7233506,1.119225,-0.3150634,0.4762598,0.6147026,0.4599687,0.4286564,
1,30,88.151,0.7245798,1.116699,-0.3149646,0.4645662,0.6276141,0.4719325,0.409339,
1,30,88.153,0.7245798,1.116699,-0.3149646,0.4645662,0.6276141,0.4719325,0.409339,
1,30,88.155,0.7245798,1.116699,-0.3149646,0.4645662,0.6276141,0.4719325,0.409339,
1,30,88.157,0.7245798,1.116699,-0.3149646,0.4645662,0.6276141,0.4719325,0.409339,
1,30,88.159,0.7259624,1.113762,-0.3146241,0.4472034,0.6440822,0.4875609,0.3839944,
1,30,88.161,0.7259624,1.113762,-0.3146241,0.4472034,0.6440822,0.4875609,0.3839944,
1,30,88.163,0.7259624,1.113762,-0.3146241,0.4472034,0.6440822,0.4875609,0.3839944,
1,30,88.165,0.7259624,1.113762,-0.3146241,0.4472034,0.6440822,0.4875609,0.3839944,
1,30,88.167,0.7259624,1.113762,-0.3146241,0.4472034,0.6440822,0.4875609,0.3839944,
1,30,88.169,0.7274135,1.11028,-0.3137113,0.4247418,0.6627448,0.5054232,0.3534279,
1,30,88.171,0.7274135,1.11028,-0.3137113,0.4247418,0.6627448,0.5054232,0.3534279,
1,30,88.173,0.7274135,1.11028,-0.3137113,0.4247418,0.6627448,0.5054232,0.3534279,
1,30,88.175,0.7274135,1.11028,-0.3137113,0.4247418,0.6627448,0.5054232,0.3534279,
1,30,88.177,0.7290709,1.106207,-0.3122405,0.3974785,0.6823807,0.5243533,0.3184666,
1,30,88.179,0.7290709,1.106207,-0.3122405,0.3974785,0.6823807,0.5243533,0.3184666,
1,30,88.181,0.7290709,1.106207,-0.3122405,0.3974785,0.6823807,0.5243533,0.3184666,CourtEnter
1,30,88.183,0.7290709,1.106207,-0.3122405,0.3974785,0.6823807,0.5243533,0.3184666,
1,30,88.185,0.7317443,1.102314,-0.3106996,0.3671835,0.7008179,0.5429283,0.2815301,
1,30,88.187,0.7317443,1.102314,-0.3106996,0.3671835,0.7008179,0.5429283,0.2815301,
1,30,88.189,0.7317443,1.102314,-0.3106996,0.3671835,0.7008179,0.5429283,0.2815301,CourtExit
1,30,88.191,0.7317443,1.102314,-0.3106996,0.3671835,0.7008179,0.5429283,0.2815301,
1,30,88.193,0.7344103,1.098428,-0.3088917,0.3349232,0.7179245,0.559799,0.2429733,
1,30,88.195,0.7344103,1.098428,-0.3088917,0.3349232,0.7179245,0.559799,0.2429733,
1,30,88.197,0.7344103,1.098428,-0.3088917,0.3349232,0.7179245,0.559799,0.2429733,
1,30,88.199,0.7344103,1.098428,-0.3088917,0.3349232,0.7179245,0.559799,0.2429733,
1,30,88.201,0.7380235,1.094912,-0.3069307,0.3013206,0.7330714,0.5745221,0.2042953,
1,30,88.203,0.7380235,1.094912,-0.3069307,0.3013206,0.7330714,0.5745221,0.2042953,
1,30,88.205,0.7380235,1.094912,-0.3069307,0.3013206,0.7330714,0.5745221,0.2042953,
1,30,88.207,0.7380235,1.094912,-0.3069307,0.3013206,0.7330714,0.5745221,0.2042953,
1,30,88.209,0.7417639,1.091542,-0.3048838,0.2687114,0.7460132,0.5857887,0.1676605,
1,30,88.211,0.7417639,1.091542,-0.3048838,0.2687114,0.7460132,0.5857887,0.1676605,
1,30,88.213,0.7417639,1.091542,-0.3048838,0.2687114,0.7460132,0.5857887,0.1676605,
1,30,88.215,0.7417639,1.091542,-0.3048838,0.2687114,0.7460132,0.5857887,0.1676605,
1,30,88.217,0.7417639,1.091542,-0.3048838,0.2687114,0.7460132,0.5857887,0.1676605,
1,30,88.219,0.7458324,1.088567,-0.3027847,0.2383539,0.7568392,0.5934948,0.1347068,
1,30,88.221,0.7458324,1.088567,-0.3027847,0.2383539,0.7568392,0.5934948,0.1347068,
1,30,88.223,0.7458324,1.088567,-0.3027847,0.2383539,0.7568392,0.5934948,0.1347068,
1,30,88.225,0.7458324,1.088567,-0.3027847,0.2383539,0.7568392,0.5934948,0.1347068,
1,30,88.227,0.7500417,1.08567,-0.3003593,0.2103363,0.7663542,0.5978691,0.1049407,
1,30,88.229,0.7500417,1.08567,-0.3003593,0.2103363,0.7663542,0.5978691,0.1049407,
1,30,88.231,0.7500417,1.08567,-0.3003593,0.2103363,0.7663542,0.5978691,0.1049407,
1,30,88.233,0.7500417,1.08567,-0.3003593,0.2103363,0.7663542,0.5978691,0.1049407,
1,30,88.235,0.7543193,1.083509,-0.2977786,0.1855985,0.7743456,0.5996982,0.07939899,
1,30,88.237,0.7543193,1.083509,-0.2977786,0.1855985,0.7743456,0.5996982,0.07939899,
1,30,88.239,0.7543193,1.083509,-0.2977786,0.1855985,0.7743456,0.5996982,0.07939899,
1,30,88.241,0.7543193,1.083509,-0.2977786,0.1855985,0.7743456,0.5996982,0.07939899,
1,30,88.243,0.7580623,1.082196,-0.2948718,0.1646267,0.7810636,0.5995524,0.05809283,
1,30,88.245,0.7580623,1.082196,-0.2948718,0.1646267,0.7810636,0.5995524,0.05809283,
1,30,88.247,0.7580623,1.082196,-0.2948718,0.1646267,0.7810636,0.5995524,0.05809283,
1,30,88.249,0.7580623,1.082196,-0.2948718,0.1646267,0.7810636,0.5995524,0.05809283,
1,30,88.251,0.7611171,1.081612,-0.2916941,0.1470698,0.7870145,0.5978087,0.04004436,
1,30,88.253,0.7611171,1.081612,-0.2916941,0.1470698,0.7870145,0.5978087,0.04004436,
1,30,88.255,0.7611171,1.081612,-0.2916941,0.1470698,0.7870145,0.5978087,0.04004436,
1,30,88.257,0.7611171,1.081612,-0.2916941,0.1470698,0.7870145,0.5978087,0.04004436,
1,30,88.259,0.7647572,1.082415,-0.2884685,0.1324362,0.7917534,0.5957285,0.02635705,
1,30,88.261,0.7647572,1.082415,-0.2884685,0.1324362,0.7917534,0.5957285,0.02635705,
1,30,88.263,0.7647572,1.082415,-0.2884685,0.1324362,0.7917534,0.5957285,0.02635705,
1,30,88.265,0.7647572,1.082415,-0.2884685,0.1324362,0.7917534,0.5957285,0.02635705,
1,30,88.267,0.7647572,1.082415,-0.2884685,0.1324362,0.7917534,0.5957285,0.02635705,
1,30,88.269,0.7682033,1.083252,-0.2847295,0.1200634,0.7961699,0.5928328,0.01573288,
1,30,88.271,0.7682033,1.083252,-0.2847295,0.1200634,0.7961699,0.5928328,0.01573288,
1,30,88.273,0.7682033,1.083252,-0.2847295,0.1200634,0.7961699,0.5928328,0.01573288,
1,30,88.275,0.7682033,1.083252,-0.2847295,0.1200634,0.7961699,0.5928328,0.01573288,
1,30,88.277,0.7711606,1.084517,-0.2807633,0.1103896,0.7999906,0.5897151,0.008085184,
1,30,88.279,0.7711606,1.084517,-0.2807633,0.1103896,0.7999906,0.5897151,0.008085184,
1,30,88.281,0.7711606,1.084517,-0.2807633,0.1103896,0.7999906,0.5897151,0.008085184,
1,30,88.283,0.7711606,1.084517,-0.2807633,0.1103896,0.7999906,0.5897151,0.008085184,
1,30,88.285,0.7738709,1.086899,-0.2766175,0.1034708,0.8028943,0.5870614,0.003670543,
1,30,88.287,0.7738709,1.086899,-0.2766175,0.1034708,0.8028943,0.5870614,0.003670543,
1,30,88.289,0.7738709,1.086899,-0.2766175,0.1034708,0.8028943,0.5870614,0.003670543,
1,30,88.291,0.7738709,1.086899,-0.2766175,0.1034708,0.8028943,0.5870614,0.003670543,
1,30,88.293,0.7759783,1.090243,-0.2724487,0.09973061,0.8048903,0.5849764,0.002859421,
1,30,88.295,0.7759783,1.090243,-0.2724487,0.09973061,0.8048903,0.5849764,0.002859421,
1,30,88.297,0.7759783,1.090243,-0.2724487,0.09973061,0.8048903,0.5849764,0.002859421,
1,30,88.299,0.7759783,1.090243,-0.2724487,0.09973061,0.8048903,0.5849764,0.002859421,
1,30,88.301,0.7779297,1.094653,-0.2685657,0.09858021,0.8059426,0.5837066,0.00502833,
1,30,88.303,0.7779297,1.094653,-0.2685657,0.09858021,0.8059426,0.5837066,0.00502833,
1,30,88.305,0.7779297,1.094653,-0.2685657,0.09858021,0.8059426,0.5837066,0.00502833,
1,30,88.307,0.7779297,1.094653,-0.2685657,0.09858021,0.8059426,0.5837066,0.00502833,
1,30,88.309,0.7795063,1.099656,-0.2649201,0.09983346,0.8062167,0.5830511,0.009973869,
1,30,88.311,0.7795063,1.099656,-0.2649201,0.09983346,0.8062167,0.5830511,0.009973869,
1,30,88.313,0.7795063,1.099656,-0.2649201,0.09983346,0.8062167,0.5830511,0.009973869,
1,30,88.315,0.7795063,1.099656,-0.2649201,0.09983346,0.8062167,0.5830511,0.009973869,
1,30,88.317,0.7795063,1.099656,-0.2649201,0.09983346,0.8062167,0.5830511,0.009973869,
1,30,88.319,0.780393,1.105,-0.2616118,0.1037062,0.8056961,0.5829144,0.01759443,
1,30,88.321,0.780393,1.105,-0.2616118,0.1037062,0.8056961,0.5829144,0.01759443,
1,30,88.323,0.780393,1.105,-0.2616118,0.1037062,0.8056961,0.5829144,0.01759443,
1,30,88.325,0.780393,1.105,-0.2616118,0.1037062,0.8056961,0.5829144,0.01759443,
1,30,88.327,0.7809511,1.110469,-0.2586166,0.109424,0.8045064,0.5831426,0.02721138,
1,30,88.329,0.7809511,1.110469,-0.2586166,0.109424,0.8045064,0.5831426,0.02721138,
1,30,88.331,0.7809511,1.110469,-0.2586166,0.109424,0.8045064,0.5831426,0.02721138,
1,30,88.333,0.7809511,1.110469,-0.2586166,0.109424,0.8045064,0.5831426,0.02721138,
1,30,88.335,0.7811525,1.11404,-0.2551841,0.1119359,0.8042789,0.5827258,0.03219595,
1,30,88.337,0.7811525,1.11404,-0.2551841,0.1119359,0.8042789,0.5827258,0.03219595,
1,30,88.339,0.7811525,1.11404,-0.2551841,0.1119359,0.8042789,0.5827258,0.03219595,
1,30,88.341,0.7811525,1.11404,-0.2551841,0.1119359,0.8042789,0.5827258,0.03219595,
1,30,88.343,0.7807848,1.120636,-0.2537794,0.1268137,0.8000093,0.5840235,0.05310422,
1,30,88.345,0.7807848,1.120636,-0.2537794,0.1268137,0.8000093,0.5840235,0.05310422,
1,30,88.347,0.7807848,1.120636,-0.2537794,0.1268137,0.8000093,0.5840235,0.05310422,
1,30,88.349,0.7807848,1.120636,-0.2537794,0.1268137,0.8000093,0.5840235,0.05310422,
1,30,88.351,0.7800295,1.125218,-0.2520518,0.1384043,0.7966613,0.5843083,0.0689846,
1,30,88.353,0.7800295,1.125218,-0.2520518,0.1384043,0.7966613,0.5843083,0.0689846,
1,30,88.355,0.7800295,1.125218,-0.2520518,0.1384043,0.7966613,0.5843083,0.0689846,
1,30,88.357,0.7800295,1.125218,-0.2520518,0.1384043,0.7966613,0.5843083,0.0689846,
1,30,88.359,0.77855,1.128956,-0.2508548,0.1522536,0.7925511,0.5840442,0.08702889,
1,30,88.361,0.77855,1.128956,-0.2508548,0.1522536,0.7925511,0.5840442,0.08702889,
1,30,88.363,0.77855,1.128956,-0.2508548,0.1522536,0.7925511,0.5840442,0.08702889,
1,30,88.365,0.77855,1.128956,-0.2508548,0.1522536,0.7925511,0.5840442,0.08702889,
1,30,88.367,0.77855,1.128956,-0.2508548,0.1522536,0.7925511,0.5840442,0.08702889,
1,30,88.369,0.7765323,1.131603,-0.2504441,0.1663354,0.788263,0.5831803,0.1042827,
1,30,88.371,0.7765323,1.131603,-0.2504441,0.1663354,0.788263,0.5831803,0.1042827,
1,30,88.373,0.7765323,1.131603,-0.2504441,0.1663354,0.788263,0.5831803,0.1042827,
1,30,88.375,0.7765323,1.131603,-0.2504441,0.1663354,0.788263,0.5831803,0.1042827,
1,30,88.377,0.7739421,1.133971,-0.2508824,0.1802887,0.7834239,0.5824571,0.1203615,
1,30,88.379,0.7739421,1.133971,-0.2508824,0.1802887,0.7834239,0.5824571,0.1203615,
1,30,88.381,0.7739421,1.133971,-0.2508824,0.1802887,0.7834239,0.5824571,0.1203615,
1,30,88.383,0.7739421,1.133971,-0.2508824,0.1802887,0.7834239,0.5824571,0.1203615,
1,30,88.385,0.7704074,1.135756,-0.252227,0.1941646,0.7782855,0.5816256,0.1352168,
1,30,88.387,0.7704074,1.135756,-0.252227,0.1941646,0.7782855,0.5816256,0.1352168,
1,30,88.389,0.7704074,1.135756,-0.252227,0.1941646,0.7782855,0.5816256,0.1352168,
1,30,88.391,0.7704074,1.135756,-0.252227,0.1941646,0.7782855,0.5816256,0.1352168,
1,30,88.393,0.7658032,1.136365,-0.254276,0.2065878,0.7738031,0.5805041,0.1468509,
1,30,88.395,0.7658032,1.136365,-0.254276,0.2065878,0.7738031,0.5805041,0.1468509,
1,30,88.397,0.7658032,1.136365,-0.254276,0.2065878,0.7738031,0.5805041,0.1468509,
1,30,88.399,0.7658032,1.136365,-0.254276,0.2065878,0.7738031,0.5805041,0.1468509,
1,30,88.401,0.7606459,1.13566,-0.2570952,0.2177958,0.7697095,0.5792015,0.1569651,
1,30,88.403,0.7606459,1.13566,-0.2570952,0.2177958,0.7697095,0.5792015,0.1569651,
1,30,88.405,0.7606459,1.13566,-0.2570952,0.2177958,0.7697095,0.5792015,0.1569651,
1,30,88.407,0.7606459,1.13566,-0.2570952,0.2177958,0.7697095,0.5792015,0.1569651,
1,30,88.409,0.7551419,1.133869,-0.2608277,0.226286,0.7664987,0.5783521,0.1636567,
1,30,88.411,0.7551419,1.133869,-0.2608277,0.226286,0.7664987,0.5783521,0.1636567,
1,30,88.413,0.7551419,1.133869,-0.2608277,0.226286,0.7664987,0.5783521,0.1636567,
1,30,88.415,0.7551419,1.133869,-0.2608277,0.226286,0.7664987,0.5783521,0.1636567,
1,30,88.417,0.7551419,1.133869,-0.2608277,0.226286,0.7664987,0.5783521,0.1636567,
1,30,88.419,0.7489706,1.130846,-0.2652371,0.2320877,0.7641435,0.5782123,0.1670044,
1,30,88.421,0.7489706,1.130846,-0.2652371,0.2320877,0.7641435,0.5782123,0.1670044,
1,30,88.423,0.7489706,1.130846,-0.2652371,0.2320877,0.7641435,0.5782123,0.1670044,
1,30,88.425,0.7489706,1.130846,-0.2652371,0.2320877,0.7641435,0.5782123,0.1670044,
1,30,88.427,0.7423846,1.126734,-0.2703527,0.2348411,0.7627326,0.5789865,0.1669226,
1,30,88.429,0.7423846,1.126734,-0.2703527,0.2348411,0.7627326,0.5789865,0.1669226,
1,30,88.431,0.7423846,1.126734,-0.2703527,0.2348411,0.7627326,0.5789865,0.1669226,
1,30,88.433,0.7423846,1.126734,-0.2703527,0.2348411,0.7627326,0.5789865,0.1669226,
1,30,88.435,0.7355309,1.121818,-0.2760841,0.2356171,0.7616156,0.5807586,0.1647601,
1,30,88.437,0.7355309,1.121818,-0.2760841,0.2356171,0.7616156,0.5807586,0.1647601,
1,30,88.439,0.7355309,1.121818,-0.2760841,0.2356171,0.7616156,0.5807586,0.1647601,
1,30,88.441,0.7355309,1.121818,-0.2760841,0.2356171,0.7616156,0.5807586,0.1647601,
1,30,88.443,0.7281478,1.116078,-0.2827824,0.2352789,0.7604497,0.5832295,0.1618747,
1,30,88.445,0.7281478,1.116078,-0.2827824,0.2352789,0.7604497,0.5832295,0.1618747,
1,30,88.447,0.7281478,1.116078,-0.2827824,0.2352789,0.7604497,0.5832295,0.1618747,
1,30,88.449,0.7281478,1.116078,-0.2827824,0.2352789,0.7604497,0.5832295,0.1618747,
1,30,88.451,0.7205423,1.110132,-0.2900541,0.2345313,0.7590048,0.5862312,0.1588706,
1,30,88.453,0.7205423,1.110132,-0.2900541,0.2345313,0.7590048,0.5862312,0.1588706,
1,30,88.455,0.7205423,1.110132,-0.2900541,0.2345313,0.7590048,0.5862312,0.1588706,
1,30,88.457,0.7205423,1.110132,-0.2900541,0.2345313,0.7590048,0.5862312,0.1588706,
1,30,88.459,0.7126463,1.103463,-0.2978402,0.2337007,0.757138,0.5895344,0.1567654,
1,30,88.461,0.7126463,1.103463,-0.2978402,0.2337007,0.757138,0.5895344,0.1567654,
1,30,88.463,0.7126463,1.103463,-0.2978402,0.2337007,0.757138,0.5895344,0.1567654,
1,30,88.465,0.7126463,1.103463,-0.2978402,0.2337007,0.757138,0.5895344,0.1567654,
1,30,88.467,0.7126463,1.103463,-0.2978402,0.2337007,0.757138,0.5895344,0.1567654,
1,30,88.469,0.7049606,1.096232,-0.3060175,0.2328058,0.7549156,0.5929338,0.1559925,
1,30,88.471,0.7049606,1.096232,-0.3060175,0.2328058,0.7549156,0.5929338,0.1559925,
1,30,88.473,0.7049606,1.096232,-0.3060175,0.2328058,0.7549156,0.5929338,0.1559925,
1,30,88.475,0.7049606,1.096232,-0.3060175,0.2328058,0.7549156,0.5929338,0.1559925,
1,30,88.477,0.6971804,1.088626,-0.3143893,0.2317148,0.7525006,0.596429,0.1559602,
1,30,88.479,0.6971804,1.088626,-0.3143893,0.2317148,0.7525006,0.596429,0.1559602,
1,30,88.481,0.6971804,1.088626,-0.3143893,0.2317148,0.7525006,0.596429,0.1559602,
1,30,88.483,0.6971804,1.088626,-0.3143893,0.2317148,0.7525006,0.596429,0.1559602,
1,30,88.485,0.6898133,1.08089,-0.3230707,0.229494,0.7500367,0.6004741,0.1555908,
1,30,88.487,0.6898133,1.08089,-0.3230707,0.229494,0.7500367,0.6004741,0.1555908,
1,30,88.489,0.6898133,1.08089,-0.3230707,0.229494,0.7500367,0.6004741,0.1555908,
1,30,88.491,0.6898133,1.08089,-0.3230707,0.229494,0.7500367,0.6004741,0.1555908,
1,30,88.493,0.6825753,1.073074,-0.3317283,0.2261224,0.7478362,0.6048641,0.1541079,
1,30,88.495,0.6825753,1.073074,-0.3317283,0.2261224,0.7478362,0.6048641,0.1541079,
1,30,88.497,0.6825753,1.073074,-0.3317283,0.2261224,0.7478362,0.6048641,0.1541079,
1,30,88.499,0.6825753,1.073074,-0.3317283,0.2261224,0.7478362,0.6048641,0.1541079,
1,30,88.501,0.6751167,1.064649,-0.3406765,0.2205305,0.7464159,0.6096768,0.1500789,
1,30,88.503,0.6751167,1.064649,-0.3406765,0.2205305,0.7464159,0.6096768,0.1500789,
1,30,88.505,0.6751167,1.064649,-0.3406765,0.2205305,0.7464159,0.6096768,0.1500789,
1,30,88.507,0.6751167,1.064649,-0.3406765,0.2205305,0.7464159,0.6096768,0.1500789,
1,30,88.509,0.6675944,1.055761,-0.3497586,0.2126733,0.7458714,0.6147318,0.1433553,
1,30,88.511,0.6675944,1.055761,-0.3497586,0.2126733,0.7458714,0.6147318,0.1433553,
1,30,88.513,0.6675944,1.055761,-0.3497586,0.2126733,0.7458714,0.6147318,0.1433553,
1,30,88.515,0.6675944,1.055761,-0.3497586,0.2126733,0.7458714,0.6147318,0.1433553,
1,30,88.517,0.6675944,1.055761,-0.3497586,0.2126733,0.7458714,0.6147318,0.1433553,
1,30,88.519,0.6598758,1.046485,-0.3589624,0.2029551,0.7460876,0.6198101,0.1341571,
1,30,88.521,0.6598758,1.046485,-0.3589624,0.2029551,0.7460876,0.6198101,0.1341571,
1,30,88.523,0.6598758,1.046485,-0.3589624,0.2029551,0.7460876,0.6198101,0.1341571,
1,30,88.525,0.6598758,1.046485,-0.3589624,0.2029551,0.7460876,0.6198101,0.1341571,
1,30,88.527,0.6519412,1.037391,-0.3681536,0.1923262,0.7464124,0.6249341,0.1238419,
1,30,88.529,0.6519412,1.037391,-0.3681536,0.1923262,0.7464124,0.6249341,0.1238419,
1,30,88.531,0.6519412,1.037391,-0.3681536,0.1923262,0.7464124,0.6249341,0.1238419,
1,30,88.533,0.6519412,1.037391,-0.3681536,0.1923262,0.7464124,0.6249341,0.1238419,
1,30,88.535,0.6439148,1.028249,-0.3771481,0.1822239,0.7465041,0.6296841,0.114123,
1,30,88.537,0.6439148,1.028249,-0.3771481,0.1822239,0.7465041,0.6296841,0.114123,
1,30,88.539,0.6439148,1.028249,-0.3771481,0.1822239,0.7465041,0.6296841,0.114123,
1,30,88.541,0.6439148,1.028249,-0.3771481,0.1822239,0.7465041,0.6296841,0.114123,
1,30,88.543,0.6366664,1.019276,-0.3857282,0.1715987,0.7462893,0.6344182,0.1054504,
1,30,88.545,0.6366664,1.019276,-0.3857282,0.1715987,0.7462893,0.6344182,0.1054504,
1,30,88.547,0.6366664,1.019276,-0.3857282,0.1715987,0.7462893,0.6344182,0.1054504,
1,30,88.549,0.6366664,1.019276,-0.3857282,0.1715987,0.7462893,0.6344182,0.1054504,
1,30,88.551,0.6300385,1.010937,-0.3939049,0.1614974,0.7452991,0.6393011,0.09870277,
1,30,88.553,0.6300385,1.010937,-0.3939049,0.1614974,0.7452991,0.6393011,0.09870277,
1,30,88.555,0.6300385,1.010937,-0.3939049,0.1614974,0.7452991,0.6393011,0.09870277,
1,30,88.557,0.6300385,1.010937,-0.3939049,0.1614974,0.7452991,0.6393011,0.09870277,
1,30,88.559,0.6241385,1.003226,-0.4012955,0.151716,0.7437744,0.6442134,0.09365425,
1,30,88.561,0.6241385,1.003226,-0.4012955,0.151716,0.7437744,0.6442134,0.09365425,
1,30,88.563,0.6241385,1.003226,-0.4012955,0.151716,0.7437744,0.6442134,0.09365425,
1,30,88.565,0.6241385,1.003226,-0.4012955,0.151716,0.7437744,0.6442134,0.09365425,
1,30,88.567,0.6241385,1.003226,-0.4012955,0.151716,0.7437744,0.6442134,0.09365425,
1,30,88.569,0.6188646,0.9964388,-0.4077421,0.1426364,0.7415748,0.6492233,0.09072392,
1,30,88.571,0.6188646,0.9964388,-0.4077421,0.1426364,0.7415748,0.6492233,0.09072392,
1,30,88.573,0.6188646,0.9964388,-0.4077421,0.1426364,0.7415748,0.6492233,0.09072392,
1,30,88.575,0.6188646,0.9964388,-0.4077421,0.1426364,0.7415748,0.6492233,0.09072392,
1,30,88.577,0.6147982,0.9909776,-0.4132749,0.1344714,0.7386275,0.6543531,0.0903827,
1,30,88.579,0.6147982,0.9909776,-0.4132749,0.1344714,0.7386275,0.6543531,0.0903827,
1,30,88.581,0.6147982,0.9909776,-0.4132749,0.1344714,0.7386275,0.6543531,0.0903827,
1,30,88.583,0.6147982,0.9909776,-0.4132749,0.1344714,0.7386275,0.6543531,0.0903827,
1,30,88.585,0.6108211,0.9862781,-0.4182219,0.1271717,0.7354605,0.6592573,0.09113239,
1,30,88.587,0.6108211,0.9862781,-0.4182219,0.1271717,0.7354605,0.6592573,0.09113239,
1,30,88.589,0.6108211,0.9862781,-0.4182219,0.1271717,0.7354605,0.6592573,0.09113239,
1,30,88.591,0.6108211,0.9862781,-0.4182219,0.1271717,0.7354605,0.6592573,0.09113239,
1,30,88.593,0.607777,0.9822354,-0.4225904,0.1202975,0.7323669,0.6637253,0.09293053,
1,30,88.595,0.607777,0.9822354,-0.4225904,0.1202975,0.7323669,0.6637253,0.09293053,
1,30,88.597,0.607777,0.9822354,-0.4225904,0.1202975,0.7323669,0.6637253,0.09293053,
1,30,88.599,0.607777,0.9822354,-0.4225904,0.1202975,0.7323669,0.6637253,0.09293053,
1,30,88.601,0.6050866,0.9792436,-0.4266381,0.1144052,0.7290889,0.6679369,0.09592243,
1,30,88.603,0.6050866,0.9792436,-0.4266381,0.1144052,0.7290889,0.6679369,0.09592243,
1,30,88.605,0.6050866,0.9792436,-0.4266381,0.1144052,0.7290889,0.6679369,0.09592243,
1,30,88.607,0.6050866,0.9792436,-0.4266381,0.1144052,0.7290889,0.6679369,0.09592243,
1,30,88.609,0.6038369,0.9782856,-0.4303544,0.1093502,0.725002,0.6724346,0.101225,
1,30,88.611,0.6038369,0.9782856,-0.4303544,0.1093502,0.725002,0.6724346,0.101225,
1,30,88.613,0.6038369,0.9782856,-0.4303544,0.1093502,0.725002,0.6724346,0.101225,
1,30,88.615,0.6038369,0.9782856,-0.4303544,0.1093502,0.725002,0.6724346,0.101225,
1,30,88.617,0.6038369,0.9782856,-0.4303544,0.1093502,0.725002,0.6724346,0.101225,
1,30,88.619,0.6017472,0.9764732,-0.433301,0.104862,0.7220822,0.6754958,0.1063334,
1,30,88.621,0.6017472,0.9764732,-0.433301,0.104862,0.7220822,0.6754958,0.1063334,
1,30,88.623,0.6017472,0.9764732,-0.433301,0.104862,0.7220822,0.6754958,0.1063334,
1,30,88.625,0.6017472,0.9764732,-0.433301,0.104862,0.7220822,0.6754958,0.1063334,
1,30,88.627,0.6002838,0.9751785,-0.4357637,0.1001078,0.719338,0.6782602,0.1117791,
1,30,88.629,0.6002838,0.9751785,-0.4357637,0.1001078,0.719338,0.6782602,0.1117791,
1,30,88.631,0.6002838,0.9751785,-0.4357637,0.1001078,0.719338,0.6782602,0.1117791,
1,30,88.633,0.6002838,0.9751785,-0.4357637,0.1001078,0.719338,0.6782602,0.1117791,
1,30,88.635,0.6004689,0.9750205,-0.4381757,0.09391871,0.716506,0.6812007,0.1173197,
1,30,88.637,0.6004689,0.9750205,-0.4381757,0.09391871,0.716506,0.6812007,0.1173197,
1,30,88.639,0.6004689,0.9750205,-0.4381757,0.09391871,0.716506,0.6812007,0.1173197,
1,30,88.641,0.6004689,0.9750205,-0.4381757,0.09391871,0.716506,0.6812007,0.1173197,
1,30,88.643,0.6005843,0.9746415,-0.4403983,0.08634457,0.714772,0.6832777,0.1215613,
1,30,88.645,0.6005843,0.9746415,-0.4403983,0.08634457,0.714772,0.6832777,0.1215613,
1,30,88.647,0.6005843,0.9746415,-0.4403983,0.08634457,0.714772,0.6832777,0.1215613,
1,30,88.649,0.6005843,0.9746415,-0.4403983,0.08634457,0.714772,0.6832777,0.1215613,
1,30,88.651,0.6010145,0.9740479,-0.442613,0.07741717,0.7140558,0.6845946,0.124343,
1,30,88.653,0.6010145,0.9740479,-0.442613,0.07741717,0.7140558,0.6845946,0.124343,
1,30,88.655,0.6010145,0.9740479,-0.442613,0.07741717,0.7140558,0.6845946,0.124343,
1,30,88.657,0.6010145,0.9740479,-0.442613,0.07741717,0.7140558,0.6845946,0.124343,
1,30,88.659,0.6007947,0.9732335,-0.4449999,0.06888944,0.7141755,0.6849348,0.1267755,
1,30,88.661,0.6007947,0.9732335,-0.4449999,0.06888944,0.7141755,0.6849348,0.1267755,
1,30,88.663,0.6007947,0.9732335,-0.4449999,0.06888944,0.7141755,0.6849348,0.1267755,
1,30,88.665,0.6007947,0.9732335,-0.4449999,0.06888944,0.7141755,0.6849348,0.1267755,
1,30,88.667,0.6007947,0.9732335,-0.4449999,0.06888944,0.7141755,0.6849348,0.1267755,
1,30,88.669,0.6003973,0.9723925,-0.4475587,0.06129751,0.7147322,0.684425,0.1302415,
1,30,88.671,0.6003973,0.9723925,-0.4475587,0.06129751,0.7147322,0.684425,0.1302415,
1,30,88.673,0.6003973,0.9723925,-0.4475587,0.06129751,0.7147322,0.684425,0.1302415,
1,30,88.675,0.6003973,0.9723925,-0.4475587,0.06129751,0.7147322,0.684425,0.1302415,
1,30,88.677,0.6002879,0.9708424,-0.4502266,0.05464238,0.7160488,0.6829313,0.1337654,
1,30,88.679,0.6002879,0.9708424,-0.4502266,0.05464238,0.7160488,0.6829313,0.1337654,
1,30,88.681,0.6002879,0.9708424,-0.4502266,0.05464238,0.7160488,0.6829313,0.1337654,
1,30,88.683,0.6002879,0.9708424,-0.4502266,0.05464238,0.7160488,0.6829313,0.1337654,
1,30,88.685,0.5999085,0.9691523,-0.453285,0.04936281,0.7176102,0.6806738,0.1388602,
1,30,88.687,0.5999085,0.9691523,-0.453285,0.04936281,0.7176102,0.6806738,0.1388602,
1,30,88.689,0.5999085,0.9691523,-0.453285,0.04936281,0.7176102,0.6806738,0.1388602,
1,30,88.691,0.5999085,0.9691523,-0.453285,0.04936281,0.7176102,0.6806738,0.1388602,
1,30,88.693,0.5992067,0.9673041,-0.456605,0.04521108,0.7192219,0.6781086,0.1443768,
1,30,88.695,0.5992067,0.9673041,-0.456605,0.04521108,0.7192219,0.6781086,0.1443768,
1,30,88.697,0.5992067,0.9673041,-0.456605,0.04521108,0.7192219,0.6781086,0.1443768,
1,30,88.699,0.5992067,0.9673041,-0.456605,0.04521108,0.7192219,0.6781086,0.1443768,
1,30,88.701,0.59829,0.9658163,-0.460082,0.0424929,0.7203887,0.6756558,0.1507439,
1,30,88.703,0.59829,0.9658163,-0.460082,0.0424929,0.7203887,0.6756558,0.1507439,
1,30,88.705,0.59829,0.9658163,-0.460082,0.0424929,0.7203887,0.6756558,0.1507439,
1,30,88.707,0.59829,0.9658163,-0.460082,0.0424929,0.7203887,0.6756558,0.1507439,
1,30,88.709,0.5973054,0.964368,-0.4637057,0.04090571,0.7211158,0.6732869,0.1581246,
1,30,88.711,0.5973054,0.964368,-0.4637057,0.04090571,0.7211158,0.6732869,0.1581246,
1,30,88.713,0.5973054,0.964368,-0.4637057,0.04090571,0.7211158,0.6732869,0.1581246,
1,30,88.715,0.5973054,0.964368,-0.4637057,0.04090571,0.7211158,0.6732869,0.1581246,
1,30,88.717,0.5973054,0.964368,-0.4637057,0.04090571,0.7211158,0.6732869,0.1581246,
1,30,88.719,0.5955834,0.9626634,-0.4674657,0.04075834,0.7215483,0.6709838,0.1657939,
1,30,88.721,0.5955834,0.9626634,-0.4674657,0.04075834,0.7215483,0.6709838,0.1657939,
1,30,88.723,0.5955834,0.9626634,-0.4674657,0.04075834,0.7215483,0.6709838,0.1657939,
1,30,88.725,0.5955834,0.9626634,-0.4674657,0.04075834,0.7215483,0.6709838,0.1657939,
1,30,88.727,0.5939847,0.9619353,-0.4710456,0.04172528,0.7206702,0.6696693,0.1744612,
1,30,88.729,0.5939847,0.9619353,-0.4710456,0.04172528,0.7206702,0.6696693,0.1744612,
1,30,88.731,0.5939847,0.9619353,-0.4710456,0.04172528,0.7206702,0.6696693,0.1744612,
1,30,88.733,0.5939847,0.9619353,-0.4710456,0.04172528,0.7206702,0.6696693,0.1744612,
1,30,88.735,0.590494,0.9600781,-0.4743656,0.04429528,0.7199709,0.6680368,0.182775,
1,30,88.737,0.590494,0.9600781,-0.4743656,0.04429528,0.7199709,0.6680368,0.182775,
1,30,88.739,0.590494,0.9600781,-0.4743656,0.04429528,0.7199709,0.6680368,0.182775,
1,30,88.741,0.590494,0.9600781,-0.4743656,0.04429528,0.7199709,0.6680368,0.182775,
1,30,88.743,0.5883427,0.9596409,-0.477354,0.0473994,0.7173972,0.6678354,0.192589,
1,30,88.745,0.5883427,0.9596409,-0.477354,0.0473994,0.7173972,0.6678354,0.192589,
1,30,88.747,0.5883427,0.9596409,-0.477354,0.0473994,0.7173972,0.6678354,0.192589,
1,30,88.749,0.5883427,0.9596409,-0.477354,0.0473994,0.7173972,0.6678354,0.192589,
1,30,88.751,0.5859275,0.9602612,-0.479805,0.0516409,0.7133248,0.6687162,0.2032722,
1,30,88.753,0.5859275,0.9602612,-0.479805,0.0516409,0.7133248,0.6687162,0.2032722,
1,30,88.755,0.5859275,0.9602612,-0.479805,0.0516409,0.7133248,0.6687162,0.2032722,
1,30,88.757,0.5859275,0.9602612,-0.479805,0.0516409,0.7133248,0.6687162,0.2032722,
1,30,88.759,0.5842069,0.9614183,-0.4816165,0.0557588,0.7080233,0.6705047,0.214517,
1,30,88.761,0.5842069,0.9614183,-0.4816165,0.0557588,0.7080233,0.6705047,0.214517,
1,30,88.763,0.5842069,0.9614183,-0.4816165,0.0557588,0.7080233,0.6705047,0.214517,
1,30,88.765,0.5842069,0.9614183,-0.4816165,0.0557588,0.7080233,0.6705047,0.214517,
1,30,88.767,0.5842069,0.9614183,-0.4816165,0.0557588,0.7080233,0.6705047,0.214517,
1,30,88.769,0.5822006,0.9628274,-0.4828925,0.05968124,0.7023222,0.6728375,0.2246584,
1,30,88.771,0.5822006,0.9628274,-0.4828925,0.05968124,0.7023222,0.6728375,0.2246584,
1,30,88.773,0.5822006,0.9628274,-0.4828925,0.05968124,0.7023222,0.6728375,0.2246584,
1,30,88.775,0.5822006,0.9628274,-0.4828925,0.05968124,0.7023222,0.6728375,0.2246584,
1,30,88.777,0.5801589,0.9644192,-0.4838138,0.06190789,0.6967367,0.6757954,0.2324346,
1,30,88.779,0.5801589,0.9644192,-0.4838138,0.06190789,0.6967367,0.6757954,0.2324346,
1,30,88.781,0.5801589,0.9644192,-0.4838138,0.06190789,0.6967367,0.6757954,0.2324346,
1,30,88.783,0.5801589,0.9644192,-0.4838138,0.06190789,0.6967367,0.6757954,0.2324346,
1,30,88.785,0.5780115,0.9661891,-0.4845384,0.06167716,0.6917578,0.6793821,0.2368695,
1,30,88.787,0.5780115,0.9661891,-0.4845384,0.06167716,0.6917578,0.6793821,0.2368695,
1,30,88.789,0.5780115,0.9661891,-0.4845384,0.06167716,0.6917578,0.6793821,0.2368695,
1,30,88.791,0.5780115,0.9661891,-0.4845384,0.06167716,0.6917578,0.6793821,0.2368695,
1,30,88.793,0.5755404,0.9676141,-0.4851016,0.05841836,0.6881225,0.6831832,0.2373507,
1,30,88.795,0.5755404,0.9676141,-0.4851016,0.05841836,0.6881225,0.6831832,0.2373507,
1,30,88.797,0.5755404,0.9676141,-0.4851016,0.05841836,0.6881225,0.6831832,0.2373507,
1,30,88.799,0.5755404,0.9676141,-0.4851016,0.05841836,0.6881225,0.6831832,0.2373507,
1,30,88.801,0.5727255,0.9691227,-0.4856727,0.05330107,0.68519,0.6873491,0.2349999,
1,30,88.803,0.5727255,0.9691227,-0.4856727,0.05330107,0.68519,0.6873491,0.2349999,
1,30,88.805,0.5727255,0.9691227,-0.4856727,0.05330107,0.68519,0.6873491,0.2349999,
1,30,88.807,0.5727255,0.9691227,-0.4856727,0.05330107,0.68519,0.6873491,0.2349999,
1,30,88.809,0.5692254,0.9705194,-0.4863462,0.0481157,0.6825922,0.691568,0.2312714,
1,30,88.811,0.5692254,0.9705194,-0.4863462,0.0481157,0.6825922,0.691568,0.2312714,
1,30,88.813,0.5692254,0.9705194,-0.4863462,0.0481157,0.6825922,0.691568,0.2312714,
1,30,88.815,0.5692254,0.9705194,-0.4863462,0.0481157,0.6825922,0.691568,0.2312714,
1,30,88.817,0.5692254,0.9705194,-0.4863462,0.0481157,0.6825922,0.691568,0.2312714,
1,30,88.819,0.5660814,0.9720166,-0.4869693,0.04320341,0.6799648,0.6956442,0.2277288,
1,30,88.821,0.5660814,0.9720166,-0.4869693,0.04320341,0.6799648,0.6956442,0.2277288,
1,30,88.823,0.5660814,0.9720166,-0.4869693,0.04320341,0.6799648,0.6956442,0.2277288,
1,30,88.825,0.5660814,0.9720166,-0.4869693,0.04320341,0.6799648,0.6956442,0.2277288,
1,30,88.827,0.5627915,0.9731702,-0.4876367,0.03944737,0.6773644,0.6993015,0.2249421,
1,30,88.829,0.5627915,0.9731702,-0.4876367,0.03944737,0.6773644,0.6993015,0.2249421,
1,30,88.831,0.5627915,0.9731702,-0.4876367,0.03944737,0.6773644,0.6993015,0.2249421,
1,30,88.833,0.5627915,0.9731702,-0.4876367,0.03944737,0.6773644,0.6993015,0.2249421,
1,30,88.835,0.5597398,0.9739262,-0.4884089,0.03714827,0.6748513,0.7022747,0.2236206,
1,30,88.837,0.5597398,0.9739262,-0.4884089,0.03714827,0.6748513,0.7022747,0.2236206,
1,30,88.839,0.5597398,0.9739262,-0.4884089,0.03714827,0.6748513,0.7022747,0.2236206,
1,30,88.841,0.5597398,0.9739262,-0.4884089,0.03714827,0.6748513,0.7022747,0.2236206,
1,30,88.843,0.5573092,0.9748147,-0.4891044,0.03663421,0.6718689,0.7048987,0.2244279,
1,30,88.845,0.5573092,0.9748147,-0.4891044,0.03663421,0.6718689,0.7048987,0.2244279,
1,30,88.847,0.5573092,0.9748147,-0.4891044,0.03663421,0.6718689,0.7048987,0.2244279,
1,30,88.849,0.5573092,0.9748147,-0.4891044,0.03663421,0.6718689,0.7048987,0.2244279,
1,30,88.851,0.5551701,0.9753839,-0.489721,0.0379149,0.6688342,0.7069027,0.2269625,
1,30,88.853,0.5551701,0.9753839,-0.489721,0.0379149,0.6688342,0.7069027,0.2269625,
1,30,88.855,0.5551701,0.9753839,-0.489721,0.0379149,0.6688342,0.7069027,0.2269625,
1,30,88.857,0.5551701,0.9753839,-0.489721,0.0379149,0.6688342,0.7069027,0.2269625,
1,30,88.859,0.5534114,0.9760188,-0.4902953,0.039924,0.6658081,0.7086092,0.230171,
1,30,88.861,0.5534114,0.9760188,-0.4902953,0.039924,0.6658081,0.7086092,0.230171,
1,30,88.863,0.5534114,0.9760188,-0.4902953,0.039924,0.6658081,0.7086092,0.230171,
1,30,88.865,0.5534114,0.9760188,-0.4902953,0.039924,0.6658081,0.7086092,0.230171,
1,30,88.867,0.5534114,0.9760188,-0.4902953,0.039924,0.6658081,0.7086092,0.230171,
1,30,88.869,0.5516839,0.9764374,-0.4909155,0.04275087,0.6629993,0.7099336,0.2336633,
1,30,88.871,0.5516839,0.9764374,-0.4909155,0.04275087,0.6629993,0.7099336,0.2336633,
1,30,88.873,0.5516839,0.9764374,-0.4909155,0.04275087,0.6629993,0.7099336,0.2336633,
1,30,88.875,0.5516839,0.9764374,-0.4909155,0.04275087,0.6629993,0.7099336,0.2336633,
1,30,88.877,0.5504018,0.9771652,-0.4914955,0.04585755,0.6601055,0.711241,0.2372637,
1,30,88.879,0.5504018,0.9771652,-0.4914955,0.04585755,0.6601055,0.711241,0.2372637,
1,30,88.881,0.5504018,0.9771652,-0.4914955,0.04585755,0.6601055,0.711241,0.2372637,
1,30,88.883,0.5504018,0.9771652,-0.4914955,0.04585755,0.6601055,0.711241,0.2372637,
1,30,88.885,0.5487468,0.9776986,-0.4921634,0.04890198,0.6576069,0.7124684,0.2398968,
1,30,88.887,0.5487468,0.9776986,-0.4921634,0.04890198,0.6576069,0.7124684,0.2398968,
1,30,88.889,0.5487468,0.9776986,-0.4921634,0.04890198,0.6576069,0.7124684,0.2398968,
1,30,88.891,0.5487468,0.9776986,-0.4921634,0.04890198,0.6576069,0.7124684,0.2398968,
1,30,88.893,0.5470969,0.9787483,-0.4928421,0.05201349,0.6549039,0.7140576,0.2419036,
1,30,88.895,0.5470969,0.9787483,-0.4928421,0.05201349,0.6549039,0.7140576,0.2419036,
1,30,88.897,0.5470969,0.9787483,-0.4928421,0.05201349,0.6549039,0.7140576,0.2419036,
1,30,88.899,0.5470969,0.9787483,-0.4928421,0.05201349,0.6549039,0.7140576,0.2419036,
1,30,88.901,0.545447,0.9804471,-0.4935602,0.05582976,0.6515236,0.7161582,0.2439622,
1,30,88.903,0.545447,0.9804471,-0.4935602,0.05582976,0.6515236,0.7161582,0.2439622,
1,30,88.905,0.545447,0.9804471,-0.4935602,0.05582976,0.6515236,0.7161582,0.2439622,
1,30,88.907,0.545447,0.9804471,-0.4935602,0.05582976,0.6515236,0.7161582,0.2439622,
1,30,88.909,0.5441259,0.9822754,-0.4941597,0.0605008,0.6476898,0.7183951,0.2464672,
1,30,88.911,0.5441259,0.9822754,-0.4941597,0.0605008,0.6476898,0.7183951,0.2464672,
1,30,88.913,0.5441259,0.9822754,-0.4941597,0.0605008,0.6476898,0.7183951,0.2464672,
1,30,88.915,0.5441259,0.9822754,-0.4941597,0.0605008,0.6476898,0.7183951,0.2464672,
1,30,88.917,0.5441259,0.9822754,-0.4941597,0.0605008,0.6476898,0.7183951,0.2464672,
1,30,88.919,0.5433185,0.9848957,-0.4947165,0.06734508,0.6421019,0.7212095,0.2510514,
1,30,88.921,0.5433185,0.9848957,-0.4947165,0.06734508,0.6421019,0.7212095,0.2510514,
1,30,88.923,0.5433185,0.9848957,-0.4947165,0.06734508,0.6421019,0.7212095,0.2510514,
1,30,88.925,0.5433185,0.9848957,-0.4947165,0.06734508,0.6421019,0.7212095,0.2510514,
1,30,88.927,0.5424104,0.9876869,-0.4951984,0.07630786,0.6353998,0.7241145,0.257104,
1,30,88.929,0.5424104,0.9876869,-0.4951984,0.07630786,0.6353998,0.7241145,0.257104,
1,30,88.931,0.5424104,0.9876869,-0.4951984,0.07630786,0.6353998,0.7241145,0.257104,
1,30,88.933,0.5424104,0.9876869,-0.4951984,0.07630786,0.6353998,0.7241145,0.257104,
1,30,88.935,0.5400556,0.9883037,-0.4962566,0.08681759,0.6296437,0.7257522,0.2632399,
1,30,88.937,0.5400556,0.9883037,-0.4962566,0.08681759,0.6296437,0.7257522,0.2632399,
1,30,88.939,0.5400556,0.9883037,-0.4962566,0.08681759,0.6296437,0.7257522,0.2632399,
1,30,88.941,0.5400556,0.9883037,-0.4962566,0.08681759,0.6296437,0.7257522,0.2632399,
1,30,88.943,0.5395801,0.9913524,-0.496643,0.09840378,0.6209915,0.7287724,0.2712511,
1,30,88.945,0.5395801,0.9913524,-0.496643,0.09840378,0.6209915,0.7287724,0.2712511,
1,30,88.947,0.5395801,0.9913524,-0.496643,0.09840378,0.6209915,0.7287724,0.2712511,
1,30,88.949,0.5395801,0.9913524,-0.496643,0.09840378,0.6209915,0.7287724,0.2712511,
1,30,88.951,0.5383141,0.9935164,-0.4974567,0.1098175,0.6129868,0.7313151,0.2781467,
1,30,88.953,0.5383141,0.9935164,-0.4974567,0.1098175,0.6129868,0.7313151,0.2781467,
1,30,88.955,0.5383141,0.9935164,-0.4974567,0.1098175,0.6129868,0.7313151,0.2781467,
1,30,88.957,0.5383141,0.9935164,-0.4974567,0.1098175,0.6129868,0.7313151,0.2781467,
1,30,88.959,0.5371407,0.9948459,-0.4982124,0.121169,0.6050398,0.7334755,0.2850592,
1,30,88.961,0.5371407,0.9948459,-0.4982124,0.121169,0.6050398,0.7334755,0.2850592,
1,30,88.963,0.5371407,0.9948459,-0.4982124,0.121169,0.6050398,0.7334755,0.2850592,
1,30,88.965,0.5371407,0.9948459,-0.4982124,0.121169,0.6050398,0.7334755,0.2850592,
1,30,88.967,0.5371407,0.9948459,-0.4982124,0.121169,0.6050398,0.7334755,0.2850592,
1,30,88.969,0.536291,0.9963713,-0.4989207,0.132289,0.5967771,0.735698,0.2917281,
1,30,88.971,0.536291,0.9963713,-0.4989207,0.132289,0.5967771,0.735698,0.2917281,
1,30,88.973,0.536291,0.9963713,-0.4989207,0.132289,0.5967771,0.735698,0.2917281,
1,30,88.975,0.536291,0.9963713,-0.4989207,0.132289,0.5967771,0.735698,0.2917281,
1,30,88.977,0.5353266,0.997354,-0.4998113,0.1423953,0.5892603,0.7376895,0.2971702,
1,30,88.979,0.5353266,0.997354,-0.4998113,0.1423953,0.5892603,0.7376895,0.2971702,
1,30,88.981,0.5353266,0.997354,-0.4998113,0.1423953,0.5892603,0.7376895,0.2971702,
1,30,88.983,0.5353266,0.997354,-0.4998113,0.1423953,0.5892603,0.7376895,0.2971702,
1,30,88.985,0.534034,0.9978731,-0.5010073,0.1512478,0.5827055,0.7395031,0.301187,
1,30,88.987,0.534034,0.9978731,-0.5010073,0.1512478,0.5827055,0.7395031,0.301187,
1,30,88.989,0.534034,0.9978731,-0.5010073,0.1512478,0.5827055,0.7395031,0.301187,
1,30,88.991,0.534034,0.9978731,-0.5010073,0.1512478,0.5827055,0.7395031,0.301187,
1,30,88.993,0.5328857,0.9984082,-0.5022274,0.1595471,0.5765061,0.7413033,0.3043928,
1,30,88.995,0.5328857,0.9984082,-0.5022274,0.1595471,0.5765061,0.7413033,0.3043928,
1,30,88.997,0.5328857,0.9984082,-0.5022274,0.1595471,0.5765061,0.7413033,0.3043928,
1,30,88.999,0.5328857,0.9984082,-0.5022274,0.1595471,0.5765061,0.7413033,0.3043928,
1,30,89.001,0.5324813,0.999211,-0.5033004,0.1676364,0.5697154,0.7432793,0.3079908,
1,30,89.003,0.5324813,0.999211,-0.5033004,0.1676364,0.5697154,0.7432793,0.3079908,
1,30,89.005,0.5324813,0.999211,-0.5033004,0.1676364,0.5697154,0.7432793,0.3079908,
1,30,89.007,0.5324813,0.999211,-0.5033004,0.1676364,0.5697154,0.7432793,0.3079908,
1,30,89.009,0.5323998,0.9999209,-0.5043997,0.1761013,0.5628037,0.7449447,0.3119259,
1,30,89.011,0.5323998,0.9999209,-0.5043997,0.1761013,0.5628037,0.7449447,0.3119259,
1,30,89.013,0.5323998,0.9999209,-0.5043997,0.1761013,0.5628037,0.7449447,0.3119259,
1,30,89.015,0.5323998,0.9999209,-0.5043997,0.1761013,0.5628037,0.7449447,0.3119259,
1,30,89.017,0.5323998,0.9999209,-0.5043997,0.1761013,0.5628037,0.7449447,0.3119259,
1,30,89.019,0.5327473,1.000893,-0.5053801,0.184617,0.5555075,0.7465973,0.3161019,
1,30,89.021,0.5327473,1.000893,-0.5053801,0.184617,0.5555075,0.7465973,0.3161019,
1,30,89.023,0.5327473,1.000893,-0.5053801,0.184617,0.5555075,0.7465973,0.3161019,
1,30,89.025,0.5327473,1.000893,-0.5053801,0.184617,0.5555075,0.7465973,0.3161019,
1,30,89.027,0.5325656,1.001089,-0.506634,0.1930242,0.5490556,0.7476511,0.3198399,
1,30,89.029,0.5325656,1.001089,-0.506634,0.1930242,0.5490556,0.7476511,0.3198399,
1,30,89.031,0.5325656,1.001089,-0.506634,0.1930242,0.5490556,0.7476511,0.3198399,
1,30,89.033,0.5325656,1.001089,-0.506634,0.1930242,0.5490556,0.7476511,0.3198399,
1,30,89.035,0.5322682,1.001465,-0.5077854,0.2007734,0.5429271,0.7487572,0.3229284,
1,30,89.037,0.5322682,1.001465,-0.5077854,0.2007734,0.5429271,0.7487572,0.3229284,
1,30,89.039,0.5322682,1.001465,-0.5077854,0.2007734,0.5429271,0.7487572,0.3229284,
1,30,89.041,0.5322682,1.001465,-0.5077854,0.2007734,0.5429271,0.7487572,0.3229284,
1,30,89.043,0.531836,1.001742,-0.5090715,0.207374,0.5375363,0.7499062,0.3251024,
1,30,89.045,0.531836,1.001742,-0.5090715,0.207374,0.5375363,0.7499062,0.3251024,
1,30,89.047,0.531836,1.001742,-0.5090715,0.207374,0.5375363,0.7499062,0.3251024,
1,30,89.049,0.531836,1.001742,-0.5090715,0.207374,0.5375363,0.7499062,0.3251024,
1,30,89.051,0.5321929,1.002703,-0.509893,0.2134081,0.5315973,0.7514171,0.3274657,
1,30,89.053,0.5321929,1.002703,-0.509893,0.2134081,0.5315973,0.7514171,0.3274657,
1,30,89.055,0.5321929,1.002703,-0.509893,0.2134081,0.5315973,0.7514171,0.3274657,
1,30,89.057,0.5321929,1.002703,-0.509893,0.2134081,0.5315973,0.7514171,0.3274657,
1,30,89.059,0.5319229,1.003036,-0.5108365,0.2189634,0.5264924,0.7525832,0.3293618,
1,30,89.061,0.5319229,1.003036,-0.5108365,0.2189634,0.5264924,0.7525832,0.3293618,
1,30,89.063,0.5319229,1.003036,-0.5108365,0.2189634,0.5264924,0.7525832,0.3293618,
1,30,89.065,0.5319229,1.003036,-0.5108365,0.2189634,0.5264924,0.7525832,0.3293618,
1,30,89.067,0.5319229,1.003036,-0.5108365,0.2189634,0.5264924,0.7525832,0.3293618,
1,30,89.069,0.5317004,1.003295,-0.5117213,0.2232968,0.5222239,0.753702,0.3306873,
1,30,89.071,0.5317004,1.003295,-0.5117213,0.2232968,0.5222239,0.753702,0.3306873,
1,30,89.073,0.5317004,1.003295,-0.5117213,0.2232968,0.5222239,0.753702,0.3306873,
1,30,89.075,0.5317004,1.003295,-0.5117213,0.2232968,0.5222239,0.753702,0.3306873,
1,30,89.077,0.5321599,1.003902,-0.5122213,0.2267456,0.5177962,0.7550581,0.3322061,
1,30,89.079,0.5321599,1.003902,-0.5122213,0.2267456,0.5177962,0.7550581,0.3322061,
1,30,89.081,0.5321599,1.003902,-0.5122213,0.2267456,0.5177962,0.7550581,0.3322061,
1,30,89.083,0.5321599,1.003902,-0.5122213,0.2267456,0.5177962,0.7550581,0.3322061,CourtEnter
1,30,89.085,0.5326468,1.004574,-0.5126763,0.2297992,0.5138191,0.7562397,0.3335923,
1,30,89.087,0.5326468,1.004574,-0.5126763,0.2297992,0.5138191,0.7562397,0.3335923,
1,30,89.089,0.5326468,1.004574,-0.5126763,0.2297992,0.5138191,0.7562397,0.3335923,
1,30,89.091,0.5326468,1.004574,-0.5126763,0.2297992,0.5138191,0.7562397,0.3335923,CourtExit
1,30,89.093,0.5331329,1.004963,-0.5131513,0.2326589,0.5103337,0.7570459,0.3351282,
1,30,89.095,0.5331329,1.004963,-0.5131513,0.2326589,0.5103337,0.7570459,0.3351282,
1,30,89.097,0.5331329,1.004963,-0.5131513,0.2326589,0.5103337,0.7570459,0.3351282,
1,30,89.099,0.5331329,1.004963,-0.5131513,0.2326589,0.5103337,0.7570459,0.3351282,
1,30,89.101,0.5337793,1.00542,-0.5136437,0.2347116,0.507423,0.7577418,0.3365409,
1,30,89.103,0.5337793,1.00542,-0.5136437,0.2347116,0.507423,0.7577418,0.3365409,
1,30,89.105,0.5337793,1.00542,-0.5136437,0.2347116,0.507423,0.7577418,0.3365409,
1,30,89.107,0.5337793,1.00542,-0.5136437,0.2347116,0.507423,0.7577418,0.3365409,
1,30,89.109,0.5344556,1.005714,-0.5141487,0.2360893,0.5053043,0.7581857,0.3377631,
1,30,89.111,0.5344556,1.005714,-0.5141487,0.2360893,0.5053043,0.7581857,0.3377631,
1,30,89.113,0.5344556,1.005714,-0.5141487,0.2360893,0.5053043,0.7581857,0.3377631,
1,30,89.115,0.5344556,1.005714,-0.5141487,0.2360893,0.5053043,0.7581857,0.3377631,
1,30,89.117,0.5344556,1.005714,-0.5141487,0.2360893,0.5053043,0.7581857,0.3377631,
1,30,89.119,0.5350846,1.005883,-0.5147303,0.2365408,0.5039753,0.7585005,0.3387249,
1,30,89.121,0.5350846,1.005883,-0.5147303,0.2365408,0.5039753,0.7585005,0.3387249,
1,30,89.123,0.5350846,1.005883,-0.5147303,0.2365408,0.5039753,0.7585005,0.3387249,
1,30,89.125,0.5350846,1.005883,-0.5147303,0.2365408,0.5039753,0.7585005,0.3387249,
1,30,89.127,0.5356715,1.005803,-0.5153083,0.2361491,0.5034741,0.7586436,0.339422,
1,30,89.129,0.5356715,1.005803,-0.5153083,0.2361491,0.5034741,0.7586436,0.339422,
1,30,89.131,0.5356715,1.005803,-0.5153083,0.2361491,0.5034741,0.7586436,0.339422,
1,30,89.133,0.5356715,1.005803,-0.5153083,0.2361491,0.5034741,0.7586436,0.339422,
1,30,89.135,0.5363072,1.005613,-0.5159106,0.234789,0.5035922,0.7587495,0.3399535,
1,30,89.137,0.5363072,1.005613,-0.5159106,0.234789,0.5035922,0.7587495,0.3399535,
1,30,89.139,0.5363072,1.005613,-0.5159106,0.234789,0.5035922,0.7587495,0.3399535,
1,30,89.141,0.5363072,1.005613,-0.5159106,0.234789,0.5035922,0.7587495,0.3399535,
1,30,89.143,0.5367756,1.005329,-0.5164871,0.2330682,0.5041828,0.7587087,0.3403527,
1,30,89.145,0.5367756,1.005329,-0.5164871,0.2330682,0.5041828,0.7587087,0.3403527,
1,30,89.147,0.5367756,1.005329,-0.5164871,0.2330682,0.5041828,0.7587087,0.3403527,
1,30,89.149,0.5367756,1.005329,-0.5164871,0.2330682,0.5041828,0.7587087,0.3403527,
1,30,89.151,0.537115,1.004842,-0.517092,0.2307739,0.5053176,0.7585471,0.3405936,
1,30,89.153,0.537115,1.004842,-0.517092,0.2307739,0.5053176,0.7585471,0.3405936,
1,30,89.155,0.537115,1.004842,-0.517092,0.2307739,0.5053176,0.7585471,0.3405936,
1,30,89.157,0.537115,1.004842,-0.517092,0.2307739,0.5053176,0.7585471,0.3405936,
1,30,89.159,0.5376445,1.004203,-0.5177194,0.2281298,0.5066569,0.7582591,0.341026,
1,30,89.161,0.5376445,1.004203,-0.5177194,0.2281298,0.5066569,0.7582591,0.341026,
1,30,89.163,0.5376445,1.004203,-0.5177194,0.2281298,0.5066569,0.7582591,0.341026,
1,30,89.165,0.5376445,1.004203,-0.5177194,0.2281298,0.5066569,0.7582591,0.341026,
1,30,89.167,0.5376445,1.004203,-0.5177194,0.2281298,0.5066569,0.7582591,0.341026,
1,30,89.169,0.5383694,1.003797,-0.5181289,0.225806,0.507558,0.7579699,0.3418745,
1,30,89.171,0.5383694,1.003797,-0.5181289,0.225806,0.507558,0.7579699,0.3418745,
1,30,89.173,0.5383694,1.003797,-0.5181289,0.225806,0.507558,0.7579699,0.3418745,
1,30,89.175,0.5383694,1.003797,-0.5181289,0.225806,0.507558,0.7579699,0.3418745,
1,30,89.177,0.5389671,1.003589,-0.5184979,0.2239552,0.5082954,0.7575219,0.3429873,
1,30,89.179,0.5389671,1.003589,-0.5184979,0.2239552,0.5082954,0.7575219,0.3429873,
1,30,89.181,0.5389671,1.003589,-0.5184979,0.2239552,0.5082954,0.7575219,0.3429873,
1,30,89.183,0.5389671,1.003589,-0.5184979,0.2239552,0.5082954,0.7575219,0.3429873,
1,30,89.185,0.5397663,1.003565,-0.518696,0.2228794,0.5083396,0.7570086,0.3447517,
1,30,89.187,0.5397663,1.003565,-0.518696,0.2228794,0.5083396,0.7570086,0.3447517,
1,30,89.189,0.5397663,1.003565,-0.518696,0.2228794,0.5083396,0.7570086,0.3447517,
1,30,89.191,0.5397663,1.003565,-0.518696,0.2228794,0.5083396,0.7570086,0.3447517,
1,30,89.193,0.5403007,1.003487,-0.5190127,0.2220119,0.508595,0.7563204,0.346441,
1,30,89.195,0.5403007,1.003487,-0.5190127,0.2220119,0.508595,0.7563204,0.346441,
1,30,89.197,0.5403007,1.003487,-0.5190127,0.2220119,0.508595,0.7563204,0.346441,
1,30,89.199,0.5403007,1.003487,-0.5190127,0.2220119,0.508595,0.7563204,0.346441,
1,30,89.201,0.5408703,1.003441,-0.5191275,0.2215805,0.5084689,0.7556113,0.3484438,
1,30,89.203,0.5408703,1.003441,-0.5191275,0.2215805,0.5084689,0.7556113,0.3484438,
1,30,89.205,0.5408703,1.003441,-0.5191275,0.2215805,0.5084689,0.7556113,0.3484438,
1,30,89.207,0.5408703,1.003441,-0.5191275,0.2215805,0.5084689,0.7556113,0.3484438,
1,30,89.209,0.5413198,1.0036,-0.5192484,0.2210403,0.5084065,0.7550639,0.350061,
1,30,89.211,0.5413198,1.0036,-0.5192484,0.2210403,0.5084065,0.7550639,0.350061,
1,30,89.213,0.5413198,1.0036,-0.5192484,0.2210403,0.5084065,0.7550639,0.350061,
1,30,89.215,0.5413198,1.0036,-0.5192484,0.2210403,0.5084065,0.7550639,0.350061,
1,30,89.217,0.5413198,1.0036,-0.5192484,0.2210403,0.5084065,0.7550639,0.350061,
1,30,89.219,0.5415646,1.003553,-0.5194848,0.2200673,0.5088235,0.754542,0.3511915,
1,30,89.221,0.5415646,1.003553,-0.5194848,0.2200673,0.5088235,0.754542,0.3511915,
1,30,89.223,0.5415646,1.003553,-0.5194848,0.2200673,0.5088235,0.754542,0.3511915,
1,30,89.225,0.5415646,1.003553,-0.5194848,0.2200673,0.5088235,0.754542,0.3511915,
1,30,89.227,0.542123,1.003316,-0.519512,0.2189189,0.5090168,0.7540753,0.3526287,
1,30,89.229,0.542123,1.003316,-0.519512,0.2189189,0.5090168,0.7540753,0.3526287,
1,30,89.231,0.542123,1.003316,-0.519512,0.2189189,0.5090168,0.7540753,0.3526287,
1,30,89.233,0.542123,1.003316,-0.519512,0.2189189,0.5090168,0.7540753,0.3526287,
1,30,89.235,0.542611,1.003187,-0.5195704,0.2176244,0.5092229,0.7537853,0.3537506,
1,30,89.237,0.542611,1.003187,-0.5195704,0.2176244,0.5092229,0.7537853,0.3537506,
1,30,89.239,0.542611,1.003187,-0.5195704,0.2176244,0.5092229,0.7537853,0.3537506,
1,30,89.241,0.542611,1.003187,-0.5195704,0.2176244,0.5092229,0.7537853,0.3537506,
1,30,89.243,0.5430154,1.00313,-0.5195594,0.2160858,0.5094693,0.7536709,0.3545817,
1,30,89.245,0.5430154,1.00313,-0.5195594,0.2160858,0.5094693,0.7536709,0.3545817,
1,30,89.247,0.5430154,1.00313,-0.5195594,0.2160858,0.5094693,0.7536709,0.3545817,
1,30,89.249,0.5430154,1.00313,-0.5195594,0.2160858,0.5094693,0.7536709,0.3545817,
1,30,89.251,0.5434214,1.003009,-0.519591,0.214365,0.5097941,0.7536446,0.3552148,
1,30,89.253,0.5434214,1.003009,-0.519591,0.214365,0.5097941,0.7536446,0.3552148,
1,30,89.255,0.5434214,1.003009,-0.519591,0.214365,0.5097941,0.7536446,0.3552148,
1,30,89.257,0.5434214,1.003009,-0.519591,0.214365,0.5097941,0.7536446,0.3552148,
1,30,89.259,0.5436492,1.002951,-0.5197213,0.2128005,0.5100945,0.7536556,0.3557005,
1,30,89.261,0.5436492,1.002951,-0.5197213,0.2128005,0.5100945,0.7536556,0.3557005,
1,30,89.263,0.5436492,1.002951,-0.5197213,0.2128005,0.5100945,0.7536556,0.3557005,
1,30,89.265,0.5436492,1.002951,-0.5197213,0.2128005,0.5100945,0.7536556,0.3557005,
1,30,89.267,0.5436492,1.002951,-0.5197213,0.2128005,0.5100945,0.7536556,0.3557005,
1,30,89.269,0.5440168,1.002825,-0.5198076,0.2114342,0.5101946,0.7536591,0.3563637,
1,30,89.271,0.5440168,1.002825,-0.5198076,0.2114342,0.5101946,0.7536591,0.3563637,
1,30,89.273,0.5440168,1.002825,-0.5198076,0.2114342,0.5101946,0.7536591,0.3563637,
1,30,89.275,0.5440168,1.002825,-0.5198076,0.2114342,0.5101946,0.7536591,0.3563637,
1,30,89.277,0.5442877,1.002778,-0.5199755,0.2102319,0.5102409,0.7537091,0.3569028,
1,30,89.279,0.5442877,1.002778,-0.5199755,0.2102319,0.5102409,0.7537091,0.3569028,
1,30,89.281,0.5442877,1.002778,-0.5199755,0.2102319,0.5102409,0.7537091,0.3569028,
1,30,89.283,0.5442877,1.002778,-0.5199755,0.2102319,0.5102409,0.7537091,0.3569028,
1,30,89.285,0.5445107,1.00272,-0.5201357,0.2090002,0.5102733,0.7538399,0.3573034,
1,30,89.287,0.5445107,1.00272,-0.5201357,0.2090002,0.5102733,0.7538399,0.3573034,
1,30,89.289,0.5445107,1.00272,-0.5201357,0.2090002,0.5102733,0.7538399,0.3573034,
1,30,89.291,0.5445107,1.00272,-0.5201357,0.2090002,0.5102733,0.7538399,0.3573034,
1,30,89.293,0.5447757,1.002666,-0.5202984,0.2076951,0.510219,0.7540681,0.35766,
1,30,89.295,0.5447757,1.002666,-0.5202984,0.2076951,0.510219,0.7540681,0.35766,
1,30,89.297,0.5447757,1.002666,-0.5202984,0.2076951,0.510219,0.7540681,0.35766,
1,30,89.299,0.5447757,1.002666,-0.5202984,0.2076951,0.510219,0.7540681,0.35766,
1,30,89.301,0.5450128,1.002706,-0.5203854,0.2062949,0.5100628,0.754478,0.3578286,
1,30,89.303,0.5450128,1.002706,-0.5203854,0.2062949,0.5100628,0.754478,0.3578286,
1,30,89.305,0.5450128,1.002706,-0.5203854,0.2062949,0.5100628,0.754478,0.3578286,
1,30,89.307,0.5450128,1.002706,-0.5203854,0.2062949,0.5100628,0.754478,0.3578286,
1,30,89.309,0.5452775,1.002736,-0.5204076,0.2048391,0.50987,0.7549394,0.3579664,
1,30,89.311,0.5452775,1.002736,-0.5204076,0.2048391,0.50987,0.7549394,0.3579664,
1,30,89.313,0.5452775,1.002736,-0.5204076,0.2048391,0.50987,0.7549394,0.3579664,
1,30,89.315,0.5452775,1.002736,-0.5204076,0.2048391,0.50987,0.7549394,0.3579664,
1,30,89.317,0.5452775,1.002736,-0.5204076,0.2048391,0.50987,0.7549394,0.3579664,
1,30,89.319,0.5455271,1.002782,-0.5203602,0.203486,0.5095766,0.7554528,0.3580731,
1,30,89.321,0.5455271,1.002782,-0.5203602,0.203486,0.5095766,0.7554528,0.3580731,
1,30,89.323,0.5455271,1.002782,-0.5203602,0.203486,0.5095766,0.7554528,0.3580731,
1,30,89.325,0.5455271,1.002782,-0.5203602,0.203486,0.5095766,0.7554528,0.3580731,
1,30,89.327,0.5456204,1.00276,-0.5203453,0.2021515,0.5093327,0.7560176,0.3579838,
1,30,89.329,0.5456204,1.00276,-0.5203453,0.2021515,0.5093327,0.7560176,0.3579838,
1,30,89.331,0.5456204,1.00276,-0.5203453,0.2021515,0.5093327,0.7560176,0.3579838,
1,30,89.333,0.5456204,1.00276,-0.5203453,0.2021515,0.5093327,0.7560176,0.3579838,
1,30,89.335,0.5458093,1.002751,-0.5202715,0.2012507,0.5087828,0.7565198,0.3582124,
1,30,89.337,0.5458093,1.002751,-0.5202715,0.2012507,0.5087828,0.7565198,0.3582124,
1,30,89.339,0.5458093,1.002751,-0.5202715,0.2012507,0.5087828,0.7565198,0.3582124,
1,30,89.341,0.5458093,1.002751,-0.5202715,0.2012507,0.5087828,0.7565198,0.3582124,
1,30,89.343,0.5460144,1.002856,-0.5201716,0.2005345,0.508063,0.7570831,0.3584456,
1,30,89.345,0.5460144,1.002856,-0.5201716,0.2005345,0.508063,0.7570831,0.3584456,
1,30,89.347,0.5460144,1.002856,-0.5201716,0.2005345,0.508063,0.7570831,0.3584456,
1,30,89.349,0.5460144,1.002856,-0.5201716,0.2005345,0.508063,0.7570831,0.3584456,
1,30,89.351,0.5461982,1.002987,-0.5200051,0.1997679,0.5074371,0.7576488,0.3585649,
1,30,89.353,0.5461982,1.002987,-0.5200051,0.1997679,0.5074371,0.7576488,0.3585649,
1,30,89.355,0.5461982,1.002987,-0.5200051,0.1997679,0.5074371,0.7576488,0.3585649,
1,30,89.357,0.5461982,1.002987,-0.5200051,0.1997679,0.5074371,0.7576488,0.3585649,
1,30,89.359,0.546315,1.003038,-0.5198578,0.1989301,0.5070031,0.7581837,0.3585138,
1,30,89.361,0.546315,1.003038,-0.5198578,0.1989301,0.5070031,0.7581837,0.3585138,
1,30,89.363,0.546315,1.003038,-0.5198578,0.1989301,0.5070031,0.7581837,0.3585138,
1,30,89.365,0.546315,1.003038,-0.5198578,0.1989301,0.5070031,0.7581837,0.3585138,
1,30,89.367,0.546315,1.003038,-0.5198578,0.1989301,0.5070031,0.7581837,0.3585138,
1,30,89.369,0.5463662,1.003069,-0.5197067,0.1981523,0.5065924,0.7587078,0.3584164,
1,30,89.371,0.5463662,1.003069,-0.5197067,0.1981523,0.5065924,0.7587078,0.3584164,
1,30,89.373,0.5463662,1.003069,-0.5197067,0.1981523,0.5065924,0.7587078,0.3584164,
1,30,89.375,0.5463662,1.003069,-0.5197067,0.1981523,0.5065924,0.7587078,0.3584164,
1,30,89.377,0.5464252,1.003136,-0.5195393,0.197399,0.5061903,0.7592258,0.3583034,
1,30,89.379,0.5464252,1.003136,-0.5195393,0.197399,0.5061903,0.7592258,0.3583034,
1,30,89.381,0.5464252,1.003136,-0.5195393,0.197399,0.5061903,0.7592258,0.3583034,
1,30,89.383,0.5464252,1.003136,-0.5195393,0.197399,0.5061903,0.7592258,0.3583034,
1,30,89.385,0.5463362,1.00313,-0.5194268,0.1967809,0.5059389,0.7596556,0.3580874,
1,30,89.387,0.5463362,1.00313,-0.5194268,0.1967809,0.5059389,0.7596556,0.3580874,
1,30,89.389,0.5463362,1.00313,-0.5194268,0.1967809,0.5059389,0.7596556,0.3580874,
1,30,89.391,0.5463362,1.00313,-0.5194268,0.1967809,0.5059389,0.7596556,0.3580874,
1,30,89.393,0.546249,1.00311,-0.5193038,0.1963927,0.5056698,0.7599902,0.3579707,
1,30,89.395,0.546249,1.00311,-0.5193038,0.1963927,0.5056698,0.7599902,0.3579707,
1,30,89.397,0.546249,1.00311,-0.5193038,0.1963927,0.5056698,0.7599902,0.3579707,
1,30,89.399,0.546249,1.00311,-0.5193038,0.1963927,0.5056698,0.7599902,0.3579707,
1,30,89.401,0.5461304,1.003045,-0.519179,0.1962032,0.5054256,0.7602164,0.3579391,
1,30,89.403,0.5461304,1.003045,-0.519179,0.1962032,0.5054256,0.7602164,0.3579391,
1,30,89.405,0.5461304,1.003045,-0.519179,0.1962032,0.5054256,0.7602164,0.3579391,
1,30,89.407,0.5461304,1.003045,-0.519179,0.1962032,0.5054256,0.7602164,0.3579391,
1,30,89.409,0.5460371,1.002879,-0.5190841,0.1960203,0.5052877,0.7603473,0.3579558,
1,30,89.411,0.5460371,1.002879,-0.5190841,0.1960203,0.5052877,0.7603473,0.3579558,
1,30,89.413,0.5460371,1.002879,-0.5190841,0.1960203,0.5052877,0.7603473,0.3579558,
1,30,89.415,0.5460371,1.002879,-0.5190841,0.1960203,0.5052877,0.7603473,0.3579558,
1,30,89.417,0.5460371,1.002879,-0.5190841,0.1960203,0.5052877,0.7603473,0.3579558,
1,30,89.419,0.5459598,1.002692,-0.5189361,0.1956266,0.5052779,0.7605003,0.3578602,
1,30,89.421,0.5459598,1.002692,-0.5189361,0.1956266,0.5052779,0.7605003,0.3578602,
1,30,89.423,0.5459598,1.002692,-0.5189361,0.1956266,0.5052779,0.7605003,0.3578602,
1,30,89.425,0.5459598,1.002692,-0.5189361,0.1956266,0.5052779,0.7605003,0.3578602,
1,30,89.427,0.5459268,1.002634,-0.5187072,0.1950397,0.5052924,0.7607728,0.3575808,
1,30,89.429,0.5459268,1.002634,-0.5187072,0.1950397,0.5052924,0.7607728,0.3575808,
1,30,89.431,0.5459268,1.002634,-0.5187072,0.1950397,0.5052924,0.7607728,0.3575808,
1,30,89.433,0.5459268,1.002634,-0.5187072,0.1950397,0.5052924,0.7607728,0.3575808,
1,30,89.435,0.5458353,1.002584,-0.5184898,0.1944405,0.5053605,0.7610369,0.3572485,
1,30,89.437,0.5458353,1.002584,-0.5184898,0.1944405,0.5053605,0.7610369,0.3572485,
1,30,89.439,0.5458353,1.002584,-0.5184898,0.1944405,0.5053605,0.7610369,0.3572485,
1,30,89.441,0.5458353,1.002584,-0.5184898,0.1944405,0.5053605,0.7610369,0.3572485,
1,30,89.443,0.5457688,1.00241,-0.5182697,0.1937781,0.5056025,0.7612126,0.3568915,
1,30,89.445,0.5457688,1.00241,-0.5182697,0.1937781,0.5056025,0.7612126,0.3568915,
1,30,89.447,0.5457688,1.00241,-0.5182697,0.1937781,0.5056025,0.7612126,0.3568915,
1,30,89.449,0.5457688,1.00241,-0.5182697,0.1937781,0.5056025,0.7612126,0.3568915,
1,30,89.451,0.5456673,1.002297,-0.5180669,0.1932096,0.5058666,0.7613693,0.3564911,
1,30,89.453,0.5456673,1.002297,-0.5180669,0.1932096,0.5058666,0.7613693,0.3564911,
1,30,89.455,0.5456673,1.002297,-0.5180669,0.1932096,0.5058666,0.7613693,0.3564911,
1,30,89.457,0.5456673,1.002297,-0.5180669,0.1932096,0.5058666,0.7613693,0.3564911,
1,30,89.459,0.5456582,1.002204,-0.5178409,0.1927125,0.506073,0.7614862,0.3562175,
1,30,89.461,0.5456582,1.002204,-0.5178409,0.1927125,0.506073,0.7614862,0.3562175,
1,30,89.463,0.5456582,1.002204,-0.5178409,0.1927125,0.506073,0.7614862,0.3562175,
1,30,89.465,0.5456582,1.002204,-0.5178409,0.1927125,0.506073,0.7614862,0.3562175,
1,30,89.467,0.5456582,1.002204,-0.5178409,0.1927125,0.506073,0.7614862,0.3562175,
1,30,89.469,0.5456204,1.002091,-0.5176241,0.1921861,0.5063647,0.7616025,0.3558382,
1,30,89.471,0.5456204,1.002091,-0.5176241,0.1921861,0.5063647,0.7616025,0.3558382,
1,30,89.473,0.5456204,1.002091,-0.5176241,0.1921861,0.5063647,0.7616025,0.3558382,
1,30,89.475,0.5456204,1.002091,-0.5176241,0.1921861,0.5063647,0.7616025,0.3558382,
1,30,89.477,0.5456666,1.002045,-0.5173364,0.1914605,0.5066835,0.7617885,0.3553773,
1,30,89.479,0.5456666,1.002045,-0.5173364,0.1914605,0.5066835,0.7617885,0.3553773,
1,30,89.481,0.5456666,1.002045,-0.5173364,0.1914605,0.5066835,0.7617885,0.3553773,
1,30,89.483,0.5456666,1.002045,-0.5173364,0.1914605,0.5066835,0.7617885,0.3553773,
1,30,89.485,0.5456997,1.001987,-0.5170659,0.1906331,0.5071141,0.7619576,0.3548447,
1,30,89.487,0.5456997,1.001987,-0.5170659,0.1906331,0.5071141,0.7619576,0.3548447,
1,30,89.489,0.5456997,1.001987,-0.5170659,0.1906331,0.5071141,0.7619576,0.3548447,
1,30,89.491,0.5456997,1.001987,-0.5170659,0.1906331,0.5071141,0.7619576,0.3548447,
1,30,89.493,0.5458704,1.001726,-0.5168534,0.1899024,0.5075536,0.7619942,0.3545296,
1,30,89.495,0.5458704,1.001726,-0.5168534,0.1899024,0.5075536,0.7619942,0.3545296,
1,30,89.497,0.5458704,1.001726,-0.5168534,0.1899024,0.5075536,0.7619942,0.3545296,
1,30,89.499,0.5458704,1.001726,-0.5168534,0.1899024,0.5075536,0.7619942,0.3545296,
1,30,89.501,0.5460041,1.001626,-0.5165851,0.1895138,0.5077503,0.762035,0.3543682,
1,30,89.503,0.5460041,1.001626,-0.5165851,0.1895138,0.5077503,0.762035,0.3543682,
1,30,89.505,0.5460041,1.001626,-0.5165851,0.1895138,0.5077503,0.762035,0.3543682,
1,30,89.507,0.5460041,1.001626,-0.5165851,0.1895138,0.5077503,0.762035,0.3543682,
1,30,89.509,0.5460733,1.001459,-0.5163518,0.1892743,0.5079429,0.762025,0.3542416,
1,30,89.511,0.5460733,1.001459,-0.5163518,0.1892743,0.5079429,0.762025,0.3542416,
1,30,89.513,0.5460733,1.001459,-0.5163518,0.1892743,0.5079429,0.762025,0.3542416,
1,30,89.515,0.5460733,1.001459,-0.5163518,0.1892743,0.5079429,0.762025,0.3542416,
1,30,89.517,0.5460733,1.001459,-0.5163518,0.1892743,0.5079429,0.762025,0.3542416,
1,30,89.519,0.5460894,1.001219,-0.5161482,0.1890859,0.508142,0.7619972,0.3541165,
1,30,89.521,0.5460894,1.001219,-0.5161482,0.1890859,0.508142,0.7619972,0.3541165,
1,30,89.523,0.5460894,1.001219,-0.5161482,0.1890859,0.508142,0.7619972,0.3541165,
1,30,89.525,0.5460894,1.001219,-0.5161482,0.1890859,0.508142,0.7619972,0.3541165,
1,30,89.527,0.5461804,1.001028,-0.5159317,0.1888453,0.5082287,0.7620696,0.3539649,
1,30,89.529,0.5461804,1.001028,-0.5159317,0.1888453,0.5082287,0.7620696,0.3539649,
1,30,89.531,0.5461804,1.001028,-0.5159317,0.1888453,0.5082287,0.7620696,0.3539649,
1,30,89.533,0.5461804,1.001028,-0.5159317,0.1888453,0.5082287,0.7620696,0.3539649,
1,30,89.535,0.5461397,1.000756,-0.5157346,0.1885326,0.508442,0.7621601,0.3536301,
1,30,89.537,0.5461397,1.000756,-0.5157346,0.1885326,0.508442,0.7621601,0.3536301,
1,30,89.539,0.5461397,1.000756,-0.5157346,0.1885326,0.508442,0.7621601,0.3536301,
1,30,89.541,0.5461397,1.000756,-0.5157346,0.1885326,0.508442,0.7621601,0.3536301,
1,30,89.543,0.5460936,1.000523,-0.5155429,0.1881879,0.5085329,0.7623666,0.3532374,
1,30,89.545,0.5460936,1.000523,-0.5155429,0.1881879,0.5085329,0.7623666,0.3532374,
1,30,89.547,0.5460936,1.000523,-0.5155429,0.1881879,0.5085329,0.7623666,0.3532374,
1,30,89.549,0.5460936,1.000523,-0.5155429,0.1881879,0.5085329,0.7623666,0.3532374,
1,30,89.551,0.5460178,1.000284,-0.5153614,0.1880324,0.5084751,0.762621,0.3528542,
1,30,89.553,0.5460178,1.000284,-0.5153614,0.1880324,0.5084751,0.762621,0.3528542,
1,30,89.555,0.5460178,1.000284,-0.5153614,0.1880324,0.5084751,0.762621,0.3528542,
1,30,89.557,0.5460178,1.000284,-0.5153614,0.1880324,0.5084751,0.762621,0.3528542,
1,30,89.559,0.5458852,1.000033,-0.5151787,0.1880188,0.5083337,0.7628802,0.3525047,
1,30,89.561,0.5458852,1.000033,-0.5151787,0.1880188,0.5083337,0.7628802,0.3525047,
1,30,89.563,0.5458852,1.000033,-0.5151787,0.1880188,0.5083337,0.7628802,0.3525047,
1,30,89.565,0.5458852,1.000033,-0.5151787,0.1880188,0.5083337,0.7628802,0.3525047,
1,30,89.567,0.5458852,1.000033,-0.5151787,0.1880188,0.5083337,0.7628802,0.3525047,
1,30,89.569,0.545882,0.9999227,-0.5149777,0.1881168,0.5079405,0.763236,0.352249,
1,30,89.571,0.545882,0.9999227,-0.5149777,0.1881168,0.5079405,0.763236,0.352249,
1,30,89.573,0.545882,0.9999227,-0.5149777,0.1881168,0.5079405,0.763236,0.352249,
1,30,89.575,0.545882,0.9999227,-0.5149777,0.1881168,0.5079405,0.763236,0.352249,
1,30,89.577,0.5457244,0.9997727,-0.5148104,0.1883414,0.5075486,0.7635839,0.3519397,
1,30,89.579,0.5457244,0.9997727,-0.5148104,0.1883414,0.5075486,0.7635839,0.3519397,
1,30,89.581,0.5457244,0.9997727,-0.5148104,0.1883414,0.5075486,0.7635839,0.3519397,
1,30,89.583,0.5457244,0.9997727,-0.5148104,0.1883414,0.5075486,0.7635839,0.3519397,
1,30,89.585,0.5454892,0.9997483,-0.5146585,0.1885653,0.507094,0.7640511,0.3514609,
1,30,89.587,0.5454892,0.9997483,-0.5146585,0.1885653,0.507094,0.7640511,0.3514609,
1,30,89.589,0.5454892,0.9997483,-0.5146585,0.1885653,0.507094,0.7640511,0.3514609,
1,30,89.591,0.5454892,0.9997483,-0.5146585,0.1885653,0.507094,0.7640511,0.3514609,
1,30,89.593,0.5454785,1.000023,-0.5143852,0.1889742,0.506184,0.7646596,0.3512294,
1,30,89.595,0.5454785,1.000023,-0.5143852,0.1889742,0.506184,0.7646596,0.3512294,
1,30,89.597,0.5454785,1.000023,-0.5143852,0.1889742,0.506184,0.7646596,0.3512294,
1,30,89.599,0.5454785,1.000023,-0.5143852,0.1889742,0.506184,0.7646596,0.3512294,
1,30,89.601,0.5452971,1.000122,-0.5140787,0.1890967,0.5055203,0.7652698,0.3507903,
1,30,89.603,0.5452971,1.000122,-0.5140787,0.1890967,0.5055203,0.7652698,0.3507903,
1,30,89.605,0.5452971,1.000122,-0.5140787,0.1890967,0.5055203,0.7652698,0.3507903,
1,30,89.607,0.5452971,1.000122,-0.5140787,0.1890967,0.5055203,0.7652698,0.3507903,
1,30,89.609,0.5452526,1.000167,-0.5137774,0.1893579,0.5047653,0.7658278,0.3505188,
1,30,89.611,0.5452526,1.000167,-0.5137774,0.1893579,0.5047653,0.7658278,0.3505188,
1,30,89.613,0.5452526,1.000167,-0.5137774,0.1893579,0.5047653,0.7658278,0.3505188,
1,30,89.615,0.5452526,1.000167,-0.5137774,0.1893579,0.5047653,0.7658278,0.3505188,
1,30,89.617,0.5452526,1.000167,-0.5137774,0.1893579,0.5047653,0.7658278,0.3505188,
1,30,89.619,0.5453614,1.00017,-0.5134921,0.1893446,0.5040001,0.7664376,0.350294,
1,30,89.621,0.5453614,1.00017,-0.5134921,0.1893446,0.5040001,0.7664376,0.350294,
1,30,89.623,0.5453614,1.00017,-0.5134921,0.1893446,0.5040001,0.7664376,0.350294,
1,30,89.625,0.5453614,1.00017,-0.5134921,0.1893446,0.5040001,0.7664376,0.350294,
1,30,89.627,0.5451736,1.000181,-0.5132,0.189393,0.5034194,0.7670913,0.3496715,
1,30,89.629,0.5451736,1.000181,-0.5132,0.189393,0.5034194,0.7670913,0.3496715,
1,30,89.631,0.5451736,1.000181,-0.5132,0.189393,0.5034194,0.7670913,0.3496715,
1,30,89.633,0.5451736,1.000181,-0.5132,0.189393,0.5034194,0.7670913,0.3496715,
1,30,89.635,0.544962,1.000099,-0.5131052,0.1894462,0.5029352,0.7676187,0.349182,
1,30,89.637,0.544962,1.000099,-0.5131052,0.1894462,0.5029352,0.7676187,0.349182,
1,30,89.639,0.544962,1.000099,-0.5131052,0.1894462,0.5029352,0.7676187,0.349182,
1,30,89.641,0.544962,1.000099,-0.5131052,0.1894462,0.5029352,0.7676187,0.349182,
1,30,89.643,0.5445357,0.9997928,-0.5130566,0.1894535,0.5027773,0.7680457,0.3484653,
1,30,89.645,0.5445357,0.9997928,-0.5130566,0.1894535,0.5027773,0.7680457,0.3484653,
1,30,89.647,0.5445357,0.9997928,-0.5130566,0.1894535,0.5027773,0.7680457,0.3484653,
1,30,89.649,0.5445357,0.9997928,-0.5130566,0.1894535,0.5027773,0.7680457,0.3484653,
1,30,89.651,0.5446519,0.9998369,-0.5127525,0.189435,0.501928,0.7687215,0.3482097,
1,30,89.653,0.5446519,0.9998369,-0.5127525,0.189435,0.501928,0.7687215,0.3482097,
1,30,89.655,0.5446519,0.9998369,-0.5127525,0.189435,0.501928,0.7687215,0.3482097,
1,30,89.657,0.5446519,0.9998369,-0.5127525,0.189435,0.501928,0.7687215,0.3482097,
1,30,89.659,0.54432,0.9997745,-0.5126266,0.1897643,0.5015111,0.7691493,0.347686,
1,30,89.661,0.54432,0.9997745,-0.5126266,0.1897643,0.5015111,0.7691493,0.347686,
1,30,89.663,0.54432,0.9997745,-0.5126266,0.1897643,0.5015111,0.7691493,0.347686,
1,30,89.665,0.54432,0.9997745,-0.5126266,0.1897643,0.5015111,0.7691493,0.347686,
1,30,89.667,0.54432,0.9997745,-0.5126266,0.1897643,0.5015111,0.7691493,0.347686,
1,30,89.669,0.5440469,0.999952,-0.5124182,0.1899844,0.5008674,0.7697529,0.3471574,
1,30,89.671,0.5440469,0.999952,-0.5124182,0.1899844,0.5008674,0.7697529,0.3471574,
1,30,89.673,0.5440469,0.999952,-0.5124182,0.1899844,0.5008674,0.7697529,0.3471574,
1,30,89.675,0.5440469,0.999952,-0.5124182,0.1899844,0.5008674,0.7697529,0.3471574,
1,30,89.677,0.5438058,0.9998329,-0.5122706,0.1901938,0.5006331,0.7701224,0.3465608,
1,30,89.679,0.5438058,0.9998329,-0.5122706,0.1901938,0.5006331,0.7701224,0.3465608,
1,30,89.681,0.5438058,0.9998329,-0.5122706,0.1901938,0.5006331,0.7701224,0.3465608,
1,30,89.683,0.5438058,0.9998329,-0.5122706,0.1901938,0.5006331,0.7701224,0.3465608,
1,30,89.685,0.5440432,1.000043,-0.5118928,0.1901413,0.4998603,0.7707872,0.3462269,
1,30,89.687,0.5440432,1.000043,-0.5118928,0.1901413,0.4998603,0.7707872,0.3462269,
1,30,89.689,0.5440432,1.000043,-0.5118928,0.1901413,0.4998603,0.7707872,0.3462269,
1,30,89.691,0.5440432,1.000043,-0.5118928,0.1901413,0.4998603,0.7707872,0.3462269,
1,30,89.693,0.5438054,1.000026,-0.5116435,0.1902937,0.4996353,0.7711744,0.3456051,
1,30,89.695,0.5438054,1.000026,-0.5116435,0.1902937,0.4996353,0.7711744,0.3456051,
1,30,89.697,0.5438054,1.000026,-0.5116435,0.1902937,0.4996353,0.7711744,0.3456051,
1,30,89.699,0.5438054,1.000026,-0.5116435,0.1902937,0.4996353,0.7711744,0.3456051,
1,30,89.701,0.5438752,1.000115,-0.5112884,0.1906107,0.4990215,0.7715642,0.3454473,
1,30,89.703,0.5438752,1.000115,-0.5112884,0.1906107,0.4990215,0.7715642,0.3454473,
1,30,89.705,0.5438752,1.000115,-0.5112884,0.1906107,0.4990215,0.7715642,0.3454473,
1,30,89.707,0.5438752,1.000115,-0.5112884,0.1906107,0.4990215,0.7715642,0.3454473,
1,30,89.709,0.5437516,1.000087,-0.5110489,0.1913006,0.4985756,0.7717758,0.345237,
1,30,89.711,0.5437516,1.000087,-0.5110489,0.1913006,0.4985756,0.7717758,0.345237,
1,30,89.713,0.5437516,1.000087,-0.5110489,0.1913006,0.4985756,0.7717758,0.345237,
1,30,89.715,0.5437516,1.000087,-0.5110489,0.1913006,0.4985756,0.7717758,0.345237,
1,30,89.717,0.5437516,1.000087,-0.5110489,0.1913006,0.4985756,0.7717758,0.345237,
1,30,89.719,0.5437771,1.000079,-0.5107286,0.1920361,0.4980323,0.7719411,0.3452432,
1,30,89.721,0.5437771,1.000079,-0.5107286,0.1920361,0.4980323,0.7719411,0.3452432,
1,30,89.723,0.5437771,1.000079,-0.5107286,0.1920361,0.4980323,0.7719411,0.3452432,
1,30,89.725,0.5437771,1.000079,-0.5107286,0.1920361,0.4980323,0.7719411,0.3452432,
1,30,89.727,0.5439086,1.000179,-0.510379,0.1928889,0.4973353,0.7721673,0.3452667,
1,30,89.729,0.5439086,1.000179,-0.510379,0.1928889,0.4973353,0.7721673,0.3452667,
1,30,89.731,0.5439086,1.000179,-0.510379,0.1928889,0.4973353,0.7721673,0.3452667,
1,30,89.733,0.5439086,1.000179,-0.510379,0.1928889,0.4973353,0.7721673,0.3452667,
1,30,89.735,0.5437591,1.00007,-0.5101548,0.1935971,0.4971586,0.7722784,0.3448763,
1,30,89.737,0.5437591,1.00007,-0.5101548,0.1935971,0.4971586,0.7722784,0.3448763,
1,30,89.739,0.5437591,1.00007,-0.5101548,0.1935971,0.4971586,0.7722784,0.3448763,
1,30,89.741,0.5437591,1.00007,-0.5101548,0.1935971,0.4971586,0.7722784,0.3448763,
1,30,89.743,0.5436306,1.000083,-0.5098966,0.1941799,0.496974,0.7724826,0.344357,
1,30,89.745,0.5436306,1.000083,-0.5098966,0.1941799,0.496974,0.7724826,0.344357,
1,30,89.747,0.5436306,1.000083,-0.5098966,0.1941799,0.496974,0.7724826,0.344357,
1,30,89.749,0.5436306,1.000083,-0.5098966,0.1941799,0.496974,0.7724826,0.344357,
1,30,89.751,0.5435059,1.000045,-0.5096039,0.1948458,0.4967944,0.7726541,0.3438549,
1,30,89.753,0.5435059,1.000045,-0.5096039,0.1948458,0.4967944,0.7726541,0.3438549,
1,30,89.755,0.5435059,1.000045,-0.5096039,0.1948458,0.4967944,0.7726541,0.3438549,CourtEnter
1,30,89.757,0.5435059,1.000045,-0.5096039,0.1948458,0.4967944,0.7726541,0.3438549,
1,30,89.759,0.5434883,1.000034,-0.5092722,0.1957452,0.4964486,0.7727985,0.3435187,
1,30,89.761,0.5434883,1.000034,-0.5092722,0.1957452,0.4964486,0.7727985,0.3435187,
1,30,89.763,0.5434883,1.000034,-0.5092722,0.1957452,0.4964486,0.7727985,0.3435187,
1,30,89.765,0.5434883,1.000034,-0.5092722,0.1957452,0.4964486,0.7727985,0.3435187,
1,30,89.767,0.5434883,1.000034,-0.5092722,0.1957452,0.4964486,0.7727985,0.3435187,CourtExit
1,30,89.769,0.5434951,0.999926,-0.5089146,0.1965909,0.4962063,0.772902,0.3431528,
1,30,89.771,0.5434951,0.999926,-0.5089146,0.1965909,0.4962063,0.772902,0.3431528,
1,30,89.773,0.5434951,0.999926,-0.5089146,0.1965909,0.4962063,0.772902,0.3431528,
1,30,89.775,0.5434951,0.999926,-0.5089146,0.1965909,0.4962063,0.772902,0.3431528,
1,30,89.777,0.5436482,0.9998946,-0.5085275,0.1972976,0.4959449,0.7730496,0.3427924,
1,30,89.779,0.5436482,0.9998946,-0.5085275,0.1972976,0.4959449,0.7730496,0.3427924,
1,30,89.781,0.5436482,0.9998946,-0.5085275,0.1972976,0.4959449,0.7730496,0.3427924,
1,30,89.783,0.5436482,0.9998946,-0.5085275,0.1972976,0.4959449,0.7730496,0.3427924,
1,30,89.785,0.543503,0.9994798,-0.508348,0.1978023,0.496215,0.773077,0.3420482,
1,30,89.787,0.543503,0.9994798,-0.508348,0.1978023,0.496215,0.773077,0.3420482,
1,30,89.789,0.543503,0.9994798,-0.508348,0.1978023,0.496215,0.773077,0.3420482,
1,30,89.791,0.543503,0.9994798,-0.508348,0.1978023,0.496215,0.773077,0.3420482,
1,30,89.793,0.5436295,0.999305,-0.5080596,0.198117,0.4962305,0.7733223,0.3412881,
1,30,89.795,0.5436295,0.999305,-0.5080596,0.198117,0.4962305,0.7733223,0.3412881,
1,30,89.797,0.5436295,0.999305,-0.5080596,0.198117,0.4962305,0.7733223,0.3412881,
1,30,89.799,0.5436295,0.999305,-0.5080596,0.198117,0.4962305,0.7733223,0.3412881,
1,30,89.801,0.5435764,0.9991722,-0.5078653,0.1983399,0.4964447,0.773603,0.3402093,
1,30,89.803,0.5435764,0.9991722,-0.5078653,0.1983399,0.4964447,0.773603,0.3402093,
1,30,89.805,0.5435764,0.9991722,-0.5078653,0.1983399,0.4964447,0.773603,0.3402093,
1,30,89.807,0.5435764,0.9991722,-0.5078653,0.1983399,0.4964447,0.773603,0.3402093,
1,30,89.809,0.5435241,0.9990389,-0.5076918,0.1984178,0.4966852,0.7739562,0.3390074,
1,30,89.811,0.5435241,0.9990389,-0.5076918,0.1984178,0.4966852,0.7739562,0.3390074,
1,30,89.813,0.5435241,0.9990389,-0.5076918,0.1984178,0.4966852,0.7739562,0.3390074,
1,30,89.815,0.5435241,0.9990389,-0.5076918,0.1984178,0.4966852,0.7739562,0.3390074,
1,30,89.817,0.5435241,0.9990389,-0.5076918,0.1984178,0.4966852,0.7739562,0.3390074,
1,30,89.819,0.5434586,0.9988787,-0.5074659,0.1988187,0.4968,0.7742527,0.3379254,
1,30,89.821,0.5434586,0.9988787,-0.5074659,0.1988187,0.4968,0.7742527,0.3379254,
1,30,89.823,0.5434586,0.9988787,-0.5074659,0.1988187,0.4968,0.7742527,0.3379254,
1,30,89.825,0.5434586,0.9988787,-0.5074659,0.1988187,0.4968,0.7742527,0.3379254,
1,30,89.827,0.5435063,0.9985827,-0.5071727,0.199301,0.4967482,0.7745004,0.337149,
1,30,89.829,0.5435063,0.9985827,-0.5071727,0.199301,0.4967482,0.7745004,0.337149,
1,30,89.831,0.5435063,0.9985827,-0.5071727,0.199301,0.4967482,0.7745004,0.337149,
1,30,89.833,0.5435063,0.9985827,-0.5071727,0.199301,0.4967482,0.7745004,0.337149,
1,30,89.835,0.5436197,0.9983242,-0.5069221,0.1997478,0.4966258,0.7748033,0.3363682,
1,30,89.837,0.5436197,0.9983242,-0.5069221,0.1997478,0.4966258,0.7748033,0.3363682,
1,30,89.839,0.5436197,0.9983242,-0.5069221,0.1997478,0.4966258,0.7748033,0.3363682,
1,30,89.841,0.5436197,0.9983242,-0.5069221,0.1997478,0.4966258,0.7748033,0.3363682,
1,30,89.843,0.5437807,0.9983412,-0.5065081,0.2005907,0.4961194,0.7751944,0.3357119,
1,30,89.845,0.5437807,0.9983412,-0.5065081,0.2005907,0.4961194,0.7751944,0.3357119,
1,30,89.847,0.5437807,0.9983412,-0.5065081,0.2005907,0.4961194,0.7751944,0.3357119,
1,30,89.849,0.5437807,0.9983412,-0.5065081,0.2005907,0.4961194,0.7751944,0.3357119,
1,30,89.851,0.5438849,0.998378,-0.5061085,0.2014067,0.4956099,0.7756363,0.3349546,
1,30,89.853,0.5438849,0.998378,-0.5061085,0.2014067,0.4956099,0.7756363,0.3349546,
1,30,89.855,0.5438849,0.998378,-0.5061085,0.2014067,0.4956099,0.7756363,0.3349546,
1,30,89.857,0.5438849,0.998378,-0.5061085,0.2014067,0.4956099,0.7756363,0.3349546,
1,30,89.859,0.5439429,0.9982992,-0.5057716,0.2020632,0.4952264,0.7760757,0.3341075,
1,30,89.861,0.5439429,0.9982992,-0.5057716,0.2020632,0.4952264,0.7760757,0.3341075,
1,30,89.863,0.5439429,0.9982992,-0.5057716,0.2020632,0.4952264,0.7760757,0.3341075,
1,30,89.865,0.5439429,0.9982992,-0.5057716,0.2020632,0.4952264,0.7760757,0.3341075,
1,30,89.867,0.5439429,0.9982992,-0.5057716,0.2020632,0.4952264,0.7760757,0.3341075,
1,30,89.869,0.5440428,0.9982775,-0.5054587,0.202648,0.4948214,0.7765431,0.3332663,
1,30,89.871,0.5440428,0.9982775,-0.5054587,0.202648,0.4948214,0.7765431,0.3332663,
1,30,89.873,0.5440428,0.9982775,-0.5054587,0.202648,0.4948214,0.7765431,0.3332663,
1,30,89.875,0.5440428,0.9982775,-0.5054587,0.202648,0.4948214,0.7765431,0.3332663,
1,30,89.877,0.544127,0.9982616,-0.5051742,0.2031392,0.494392,0.7770692,0.3323769,
1,30,89.879,0.544127,0.9982616,-0.5051742,0.2031392,0.494392,0.7770692,0.3323769,
1,30,89.881,0.544127,0.9982616,-0.5051742,0.2031392,0.494392,0.7770692,0.3323769,
1,30,89.883,0.544127,0.9982616,-0.5051742,0.2031392,0.494392,0.7770692,0.3323769,
1,30,89.885,0.544324,0.9982551,-0.5048274,0.2034192,0.4940247,0.7776204,0.3314615,
1,30,89.887,0.544324,0.9982551,-0.5048274,0.2034192,0.4940247,0.7776204,0.3314615,
1,30,89.889,0.544324,0.9982551,-0.5048274,0.2034192,0.4940247,0.7776204,0.3314615,
1,30,89.891,0.544324,0.9982551,-0.5048274,0.2034192,0.4940247,0.7776204,0.3314615,
1,30,89.893,0.5444593,0.9981814,-0.504545,0.2036579,0.493783,0.7780895,0.3305733,
1,30,89.895,0.5444593,0.9981814,-0.504545,0.2036579,0.493783,0.7780895,0.3305733,
1,30,89.897,0.5444593,0.9981814,-0.504545,0.2036579,0.493783,0.7780895,0.3305733,
1,30,89.899,0.5444593,0.9981814,-0.504545,0.2036579,0.493783,0.7780895,0.3305733,
1,30,89.901,0.5445728,0.998028,-0.504287,0.2038164,0.4936342,0.7785057,0.3297169,
1,30,89.903,0.5445728,0.998028,-0.504287,0.2038164,0.4936342,0.7785057,0.3297169,
1,30,89.905,0.5445728,0.998028,-0.504287,0.2038164,0.4936342,0.7785057,0.3297169,
1,30,89.907,0.5445728,0.998028,-0.504287,0.2038164,0.4936342,0.7785057,0.3297169,
1,30,89.909,0.5446391,0.9978378,-0.504034,0.2039986,0.4934908,0.7788835,0.3289256,
1,30,89.911,0.5446391,0.9978378,-0.504034,0.2039986,0.4934908,0.7788835,0.3289256,
1,30,89.913,0.5446391,0.9978378,-0.504034,0.2039986,0.4934908,0.7788835,0.3289256,
1,30,89.915,0.5446391,0.9978378,-0.504034,0.2039986,0.4934908,0.7788835,0.3289256,
1,30,89.917,0.5446391,0.9978378,-0.504034,0.2039986,0.4934908,0.7788835,0.3289256,
1,30,89.919,0.5448945,0.9977088,-0.503677,0.2039364,0.4933077,0.7793173,0.3282104,
1,30,89.921,0.5448945,0.9977088,-0.503677,0.2039364,0.4933077,0.7793173,0.3282104,
1,30,89.923,0.5448945,0.9977088,-0.503677,0.2039364,0.4933077,0.7793173,0.3282104,
1,30,89.925,0.5448945,0.9977088,-0.503677,0.2039364,0.4933077,0.7793173,0.3282104,
1,30,89.927,0.5451038,0.9976271,-0.5033402,0.2036393,0.493184,0.7798036,0.3274247,
1,30,89.929,0.5451038,0.9976271,-0.5033402,0.2036393,0.493184,0.7798036,0.3274247,
1,30,89.931,0.5451038,0.9976271,-0.5033402,0.2036393,0.493184,0.7798036,0.3274247,
1,30,89.933,0.5451038,0.9976271,-0.5033402,0.2036393,0.493184,0.7798036,0.3274247,
1,30,89.935,0.5452192,0.9973922,-0.5030571,0.2032796,0.4932418,0.7802217,0.3265641,
1,30,89.937,0.5452192,0.9973922,-0.5030571,0.2032796,0.4932418,0.7802217,0.3265641,
1,30,89.939,0.5452192,0.9973922,-0.5030571,0.2032796,0.4932418,0.7802217,0.3265641,
1,30,89.941,0.5452192,0.9973922,-0.5030571,0.2032796,0.4932418,0.7802217,0.3265641,
1,30,89.943,0.5454113,0.9971954,-0.5027379,0.2030253,0.4931931,0.7805874,0.3259211,
1,30,89.945,0.5454113,0.9971954,-0.5027379,0.2030253,0.4931931,0.7805874,0.3259211,
1,30,89.947,0.5454113,0.9971954,-0.5027379,0.2030253,0.4931931,0.7805874,0.3259211,
1,30,89.949,0.5454113,0.9971954,-0.5027379,0.2030253,0.4931931,0.7805874,0.3259211,
1,30,89.951,0.5455341,0.9968351,-0.5025259,0.2026902,0.4934216,0.7807842,0.325312,
1,30,89.953,0.5455341,0.9968351,-0.5025259,0.2026902,0.4934216,0.7807842,0.325312,
1,30,89.955,0.5455341,0.9968351,-0.5025259,0.2026902,0.4934216,0.7807842,0.325312,
1,30,89.957,0.5455341,0.9968351,-0.5025259,0.2026902,0.4934216,0.7807842,0.325312,
1,30,89.959,0.5453122,0.9963738,-0.5024145,0.2025161,0.4937658,0.7809123,0.3245899,
1,30,89.961,0.5453122,0.9963738,-0.5024145,0.2025161,0.4937658,0.7809123,0.3245899,
1,30,89.963,0.5453122,0.9963738,-0.5024145,0.2025161,0.4937658,0.7809123,0.3245899,
1,30,89.965,0.5453122,0.9963738,-0.5024145,0.2025161,0.4937658,0.7809123,0.3245899,
1,30,89.967,0.5453122,0.9963738,-0.5024145,0.2025161,0.4937658,0.7809123,0.3245899,
1,30,89.969,0.5453714,0.9961435,-0.5021914,0.2022371,0.493867,0.7811156,0.3241205,
1,30,89.971,0.5453714,0.9961435,-0.5021914,0.2022371,0.493867,0.7811156,0.3241205,
1,30,89.973,0.5453714,0.9961435,-0.5021914,0.2022371,0.493867,0.7811156,0.3241205,
1,30,89.975,0.5453714,0.9961435,-0.5021914,0.2022371,0.493867,0.7811156,0.3241205,
1,30,89.977,0.5454786,0.9960178,-0.501866,0.2021329,0.4938016,0.781301,0.323838,
1,30,89.979,0.5454786,0.9960178,-0.501866,0.2021329,0.4938016,0.781301,0.323838,
1,30,89.981,0.5454786,0.9960178,-0.501866,0.2021329,0.4938016,0.781301,0.323838,
1,30,89.983,0.5454786,0.9960178,-0.501866,0.2021329,0.4938016,0.781301,0.323838,
1,30,89.985,0.5455563,0.9961018,-0.5015463,0.2017576,0.4937566,0.7816329,0.3233394,
1,30,89.987,0.5455563,0.9961018,-0.5015463,0.2017576,0.4937566,0.7816329,0.3233394,
1,30,89.989,0.5455563,0.9961018,-0.5015463,0.2017576,0.4937566,0.7816329,0.3233394,
1,30,89.991,0.5455563,0.9961018,-0.5015463,0.2017576,0.4937566,0.7816329,0.3233394,
1,30,89.993,0.5454721,0.9959814,-0.5012866,0.2014698,0.4938425,0.7818128,0.3229526,
1,30,89.995,0.5454721,0.9959814,-0.5012866,0.2014698,0.4938425,0.7818128,0.3229526,
1,30,89.997,0.5454721,0.9959814,-0.5012866,0.2014698,0.4938425,0.7818128,0.3229526,
1,30,89.999,0.5454721,0.9959814,-0.5012866,0.2014698,0.4938425,0.7818128,0.3229526,
1,31,90.001,0.545361,0.995811,-0.5010715,0.2009387,0.494022,0.7819885,0.3225833,CourtExit
1,31,90.003,0.545361,0.995811,-0.5010715,0.2009387,0.494022,0.7819885,0.3225833,
1,31,90.005,0.545361,0.995811,-0.5010715,0.2009387,0.494022,0.7819885,0.3225833,
1,31,90.007,0.545361,0.995811,-0.5010715,0.2009387,0.494022,0.7819885,0.3225833,
1,31,90.009,0.5451695,0.9955143,-0.5008808,0.2003051,0.4944694,0.7820475,0.3221486,
1,31,90.011,0.5451695,0.9955143,-0.5008808,0.2003051,0.4944694,0.7820475,0.3221486,
1,31,90.013,0.5451695,0.9955143,-0.5008808,0.2003051,0.4944694,0.7820475,0.3221486,
1,31,90.015,0.5451695,0.9955143,-0.5008808,0.2003051,0.4944694,0.7820475,0.3221486,
1,31,90.017,0.5451695,0.9955143,-0.5008808,0.2003051,0.4944694,0.7820475,0.3221486,
1,31,90.019,0.5450686,0.9953513,-0.5006668,0.1992648,0.4949803,0.7821892,0.3216647,
1,31,90.021,0.5450686,0.9953513,-0.5006668,0.1992648,0.4949803,0.7821892,0.3216647,
1,31,90.023,0.5450686,0.9953513,-0.5006668,0.1992648,0.4949803,0.7821892,0.3216647,
1,31,90.025,0.5450686,0.9953513,-0.5006668,0.1992648,0.4949803,0.7821892,0.3216647,
1,31,90.027,0.5453519,0.9955011,-0.5002083,0.198331,0.4951056,0.7823559,0.3216437,
1,31,90.029,0.5453519,0.9955011,-0.5002083,0.198331,0.4951056,0.7823559,0.3216437,
1,31,90.031,0.5453519,0.9955011,-0.5002083,0.198331,0.4951056,0.7823559,0.3216437,
1,31,90.033,0.5453519,0.9955011,-0.5002083,0.198331,0.4951056,0.7823559,0.3216437,
1,31,90.035,0.5453722,0.9954001,-0.4998267,0.1970648,0.4956232,0.7824262,0.3214535,
1,31,90.037,0.5453722,0.9954001,-0.4998267,0.1970648,0.4956232,0.7824262,0.3214535,
1,31,90.039,0.5453722,0.9954001,-0.4998267,0.1970648,0.4956232,0.7824262,0.3214535,
1,31,90.041,0.5453722,0.9954001,-0.4998267,0.1970648,0.4956232,0.7824262,0.3214535,
1,31,90.043,0.545154,0.9949977,-0.4995301,0.1956626,0.4965469,0.7822765,0.3212489,
1,31,90.045,0.545154,0.9949977,-0.4995301,0.1956626,0.4965469,0.7822765,0.3212489,
1,31,90.047,0.545154,0.9949977,-0.4995301,0.1956626,0.4965469,0.7822765,0.3212489,
1,31,90.049,0.545154,0.9949977,-0.4995301,0.1956626,0.4965469,0.7822765,0.3212489,
1,31,90.051,0.5453863,0.9948449,-0.4990837,0.1940553,0.4972453,0.7821962,0.3213388,
1,31,90.053,0.5453863,0.9948449,-0.4990837,0.1940553,0.4972453,0.7821962,0.3213388,
1,31,90.055,0.5453863,0.9948449,-0.4990837,0.1940553,0.4972453,0.7821962,0.3213388,
1,31,90.057,0.5453863,0.9948449,-0.4990837,0.1940553,0.4972453,0.7821962,0.3213388,
1,31,90.059,0.5458801,0.9949857,-0.4984772,0.1922369,0.497811,0.7822655,0.3213872,
1,31,90.061,0.5458801,0.9949857,-0.4984772,0.1922369,0.497811,0.7822655,0.3213872,
1,31,90.063,0.5458801,0.9949857,-0.4984772,0.1922369,0.497811,0.7822655,0.3213872,
1,31,90.065,0.5458801,0.9949857,-0.4984772,0.1922369,0.497811,0.7822655,0.3213872,
1,31,90.067,0.5458801,0.9949857,-0.4984772,0.1922369,0.497811,0.7822655,0.3213872,
1,31,90.069,0.5459726,0.9949459,-0.4979071,0.1899608,0.4989507,0.782259,0.3209893,
1,31,90.071,0.5459726,0.9949459,-0.4979071,0.1899608,0.4989507,0.782259,0.3209893,
1,31,90.073,0.5459726,0.9949459,-0.4979071,0.1899608,0.4989507,0.782259,0.3209893,
1,31,90.075,0.5459726,0.9949459,-0.4979071,0.1899608,0.4989507,0.782259,0.3209893,
1,31,90.077,0.5457301,0.9944683,-0.4976343,0.1877764,0.5006358,0.7818892,0.3205514,
1,31,90.079,0.5457301,0.9944683,-0.4976343,0.1877764,0.5006358,0.7818892,0.3205514,
1,31,90.081,0.5457301,0.9944683,-0.4976343,0.1877764,0.5006358,0.7818892,0.3205514,
1,31,90.083,0.5457301,0.9944683,-0.4976343,0.1877764,0.5006358,0.7818892,0.3205514,
1,31,90.085,0.5456343,0.9942331,-0.4972938,0.1862485,0.5019033,0.7814418,0.3205516,
1,31,90.087,0.5456343,0.9942331,-0.4972938,0.1862485,0.5019033,0.7814418,0.3205516,
1,31,90.089,0.5456343,0.9942331,-0.4972938,0.1862485,0.5019033,0.7814418,0.3205516,
1,31,90.091,0.5456343,0.9942331,-0.4972938,0.1862485,0.5019033,0.7814418,0.3205516,
1,31,90.093,0.5452975,0.9940587,-0.49694,0.1854078,0.5030595,0.7808391,0.3206953,
1,31,90.095,0.5452975,0.9940587,-0.49694,0.1854078,0.5030595,0.7808391,0.3206953,
1,31,90.097,0.5452975,0.9940587,-0.49694,0.1854078,0.5030595,0.7808391,0.3206953,
1,31,90.099,0.5452975,0.9940587,-0.49694,0.1854078,0.5030595,0.7808391,0.3206953,
1,31,90.101,0.546077,0.9946848,-0.4960662,0.1848297,0.5029801,0.7806563,0.3215973,
1,31,90.103,0.546077,0.9946848,-0.4960662,0.1848297,0.5029801,0.7806563,0.3215973,
1,31,90.105,0.546077,0.9946848,-0.4960662,0.1848297,0.5029801,0.7806563,0.3215973,
1,31,90.107,0.546077,0.9946848,-0.4960662,0.1848297,0.5029801,0.7806563,0.3215973,
1,31,90.109,0.5447873,0.9938233,-0.4961354,0.1847985,0.5044802,0.7796454,0.3217179,
1,31,90.111,0.5447873,0.9938233,-0.4961354,0.1847985,0.5044802,0.7796454,0.3217179,
1,31,90.113,0.5447873,0.9938233,-0.4961354,0.1847985,0.5044802,0.7796454,0.3217179,
1,31,90.115,0.5447873,0.9938233,-0.4961354,0.1847985,0.5044802,0.7796454,0.3217179,
1,31,90.117,0.5447873,0.9938233,-0.4961354,0.1847985,0.5044802,0.7796454,0.3217179,
1,31,90.119,0.5440248,0.9935145,-0.4958312,0.1848573,0.5052875,0.7789434,0.3221171,
1,31,90.121,0.5440248,0.9935145,-0.4958312,0.1848573,0.5052875,0.7789434,0.3221171,
1,31,90.123,0.5440248,0.9935145,-0.4958312,0.1848573,0.5052875,0.7789434,0.3221171,
1,31,90.125,0.5440248,0.9935145,-0.4958312,0.1848573,0.5052875,0.7789434,0.3221171,
1,31,90.127,0.543524,0.9935054,-0.4953444,0.1849585,0.505677,0.7784904,0.3225429,
1,31,90.129,0.543524,0.9935054,-0.4953444,0.1849585,0.505677,0.7784904,0.3225429,
1,31,90.131,0.543524,0.9935054,-0.4953444,0.1849585,0.505677,0.7784904,0.3225429,
1,31,90.133,0.543524,0.9935054,-0.4953444,0.1849585,0.505677,0.7784904,0.3225429,
1,31,90.135,0.5429628,0.99353,-0.4948195,0.1851642,0.5058474,0.7781531,0.3229712,
1,31,90.137,0.5429628,0.99353,-0.4948195,0.1851642,0.5058474,0.7781531,0.3229712,
1,31,90.139,0.5429628,0.99353,-0.4948195,0.1851642,0.5058474,0.7781531,0.3229712,
1,31,90.141,0.5429628,0.99353,-0.4948195,0.1851642,0.5058474,0.7781531,0.3229712,
1,31,90.143,0.5424048,0.993627,-0.4941675,0.1854489,0.5058171,0.7779448,0.3233571,
1,31,90.145,0.5424048,0.993627,-0.4941675,0.1854489,0.5058171,0.7779448,0.3233571,
1,31,90.147,0.5424048,0.993627,-0.4941675,0.1854489,0.5058171,0.7779448,0.3233571,
1,31,90.149,0.5424048,0.993627,-0.4941675,0.1854489,0.5058171,0.7779448,0.3233571,
1,31,90.151,0.5418254,0.9937863,-0.4935618,0.1860169,0.5055688,0.7777724,0.3238335,
1,31,90.153,0.5418254,0.9937863,-0.4935618,0.1860169,0.5055688,0.7777724,0.3238335,
1,31,90.155,0.5418254,0.9937863,-0.4935618,0.1860169,0.5055688,0.7777724,0.3238335,
1,31,90.157,0.5418254,0.9937863,-0.4935618,0.1860169,0.5055688,0.7777724,0.3238335,
1,31,90.159,0.5413806,0.9940545,-0.4928682,0.1866103,0.5051329,0.7777014,0.3243424,
1,31,90.161,0.5413806,0.9940545,-0.4928682,0.1866103,0.5051329,0.7777014,0.3243424,
1,31,90.163,0.5413806,0.9940545,-0.4928682,0.1866103,0.5051329,0.7777014,0.3243424,
1,31,90.165,0.5413806,0.9940545,-0.4928682,0.1866103,0.5051329,0.7777014,0.3243424,
1,31,90.167,0.5413806,0.9940545,-0.4928682,0.1866103,0.5051329,0.7777014,0.3243424,
1,31,90.169,0.5409057,0.9942929,-0.492266,0.1871099,0.5047626,0.7776954,0.3246454,
1,31,90.171,0.5409057,0.9942929,-0.492266,0.1871099,0.5047626,0.7776954,0.3246454,
1,31,90.173,0.5409057,0.9942929,-0.492266,0.1871099,0.5047626,0.7776954,0.3246454,
1,31,90.175,0.5409057,0.9942929,-0.492266,0.1871099,0.5047626,0.7776954,0.3246454,
1,31,90.177,0.5404435,0.994479,-0.4917591,0.1878156,0.5042698,0.7776656,0.3250748,
1,31,90.179,0.5404435,0.994479,-0.4917591,0.1878156,0.5042698,0.7776656,0.3250748,
1,31,90.181,0.5404435,0.994479,-0.4917591,0.1878156,0.5042698,0.7776656,0.3250748,
1,31,90.183,0.5404435,0.994479,-0.4917591,0.1878156,0.5042698,0.7776656,0.3250748,
1,31,90.185,0.5398954,0.9945529,-0.4913107,0.1883584,0.5039651,0.7776443,0.3252841,
1,31,90.187,0.5398954,0.9945529,-0.4913107,0.1883584,0.5039651,0.7776443,0.3252841,
1,31,90.189,0.5398954,0.9945529,-0.4913107,0.1883584,0.5039651,0.7776443,0.3252841,
1,31,90.191,0.5398954,0.9945529,-0.4913107,0.1883584,0.5039651,0.7776443,0.3252841,
1,31,90.193,0.5390468,0.9944645,-0.4910213,0.1886638,0.5040443,0.7776368,0.325002,
1,31,90.195,0.5390468,0.9944645,-0.4910213,0.1886638,0.5040443,0.7776368,0.325002,
1,31,90.197,0.5390468,0.9944645,-0.4910213,0.1886638,0.5040443,0.7776368,0.325002,
1,31,90.199,0.5390468,0.9944645,-0.4910213,0.1886638,0.5040443,0.7776368,0.325002,
1,31,90.201,0.5381172,0.9940892,-0.4908654,0.1887702,0.5043708,0.7775643,0.3246069,
1,31,90.203,0.5381172,0.9940892,-0.4908654,0.1887702,0.5043708,0.7775643,0.3246069,
1,31,90.205,0.5381172,0.9940892,-0.4908654,0.1887702,0.5043708,0.7775643,0.3246069,
1,31,90.207,0.5381172,0.9940892,-0.4908654,0.1887702,0.5043708,0.7775643,0.3246069,
1,31,90.209,0.5372553,0.9937505,-0.4906985,0.1889464,0.5045831,0.7775219,0.324276,
1,31,90.211,0.5372553,0.9937505,-0.4906985,0.1889464,0.5045831,0.7775219,0.324276,
1,31,90.213,0.5372553,0.9937505,-0.4906985,0.1889464,0.5045831,0.7775219,0.324276,
1,31,90.215,0.5372553,0.9937505,-0.4906985,0.1889464,0.5045831,0.7775219,0.324276,
1,31,90.217,0.5372553,0.9937505,-0.4906985,0.1889464,0.5045831,0.7775219,0.324276,
1,31,90.219,0.5369812,0.9938112,-0.490305,0.1887147,0.5044032,0.777789,0.3240503,
1,31,90.221,0.5369812,0.9938112,-0.490305,0.1887147,0.5044032,0.777789,0.3240503,
1,31,90.223,0.5369812,0.9938112,-0.490305,0.1887147,0.5044032,0.777789,0.3240503,
1,31,90.225,0.5369812,0.9938112,-0.490305,0.1887147,0.5044032,0.777789,0.3240503,
1,31,90.227,0.5365589,0.9937698,-0.4899773,0.1885294,0.5042556,0.7780584,0.3237407,
1,31,90.229,0.5365589,0.9937698,-0.4899773,0.1885294,0.5042556,0.7780584,0.3237407,
1,31,90.231,0.5365589,0.9937698,-0.4899773,0.1885294,0.5042556,0.7780584,0.3237407,
1,31,90.233,0.5365589,0.9937698,-0.4899773,0.1885294,0.5042556,0.7780584,0.3237407,
1,31,90.235,0.5363147,0.9937949,-0.4896198,0.1884479,0.503906,0.7783496,0.3236325,
1,31,90.237,0.5363147,0.9937949,-0.4896198,0.1884479,0.503906,0.7783496,0.3236325,
1,31,90.239,0.5363147,0.9937949,-0.4896198,0.1884479,0.503906,0.7783496,0.3236325,
1,31,90.241,0.5363147,0.9937949,-0.4896198,0.1884479,0.503906,0.7783496,0.3236325,
1,31,90.243,0.5361468,0.9938802,-0.4892633,0.1884315,0.5034702,0.7786719,0.3235451,
1,31,90.245,0.5361468,0.9938802,-0.4892633,0.1884315,0.5034702,0.7786719,0.3235451,
1,31,90.247,0.5361468,0.9938802,-0.4892633,0.1884315,0.5034702,0.7786719,0.3235451,
1,31,90.249,0.5361468,0.9938802,-0.4892633,0.1884315,0.5034702,0.7786719,0.3235451,
1,31,90.251,0.5363819,0.994285,-0.4886818,0.1887471,0.5024648,0.7791054,0.3238804,
1,31,90.253,0.5363819,0.994285,-0.4886818,0.1887471,0.5024648,0.7791054,0.3238804,
1,31,90.255,0.5363819,0.994285,-0.4886818,0.1887471,0.5024648,0.7791054,0.3238804,
1,31,90.257,0.5363819,0.994285,-0.4886818,0.1887471,0.5024648,0.7791054,0.3238804,
1,31,90.259,0.5361375,0.9941864,-0.4884824,0.1890832,0.5020761,0.7792414,0.3239598,
1,31,90.261,0.5361375,0.9941864,-0.4884824,0.1890832,0.5020761,0.7792414,0.3239598,
1,31,90.263,0.5361375,0.9941864,-0.4884824,0.1890832,0.5020761,0.7792414,0.3239598,
1,31,90.265,0.5361375,0.9941864,-0.4884824,0.1890832,0.5020761,0.7792414,0.3239598,
1,31,90.267,0.5361375,0.9941864,-0.4884824,0.1890832,0.5020761,0.7792414,0.3239598,
1,31,90.269,0.5361066,0.9942913,-0.4881849,0.1895328,0.501472,0.7794468,0.3241386,
1,31,90.271,0.5361066,0.9942913,-0.4881849,0.1895328,0.501472,0.7794468,0.3241386,
1,31,90.273,0.5361066,0.9942913,-0.4881849,0.1895328,0.501472,0.7794468,0.3241386,
1,31,90.275,0.5361066,0.9942913,-0.4881849,0.1895328,0.501472,0.7794468,0.3241386,
1,31,90.277,0.5360522,0.9942967,-0.4879935,0.1900472,0.5010755,0.7795608,0.3241765,
1,31,90.279,0.5360522,0.9942967,-0.4879935,0.1900472,0.5010755,0.7795608,0.3241765,
1,31,90.281,0.5360522,0.9942967,-0.4879935,0.1900472,0.5010755,0.7795608,0.3241765,
1,31,90.283,0.5360522,0.9942967,-0.4879935,0.1900472,0.5010755,0.7795608,0.3241765,
1,31,90.285,0.5361816,0.994342,-0.4877316,0.1907103,0.5004909,0.7796679,0.3244326,
1,31,90.287,0.5361816,0.994342,-0.4877316,0.1907103,0.5004909,0.7796679,0.3244326,
1,31,90.289,0.5361816,0.994342,-0.4877316,0.1907103,0.5004909,0.7796679,0.3244326,
1,31,90.291,0.5361816,0.994342,-0.4877316,0.1907103,0.5004909,0.7796679,0.3244326,
1,31,90.293,0.5362923,0.994363,-0.4875147,0.1914924,0.5000012,0.779706,0.3246354,
1,31,90.295,0.5362923,0.994363,-0.4875147,0.1914924,0.5000012,0.779706,0.3246354,
1,31,90.297,0.5362923,0.994363,-0.4875147,0.1914924,0.5000012,0.779706,0.3246354,
1,31,90.299,0.5362923,0.994363,-0.4875147,0.1914924,0.5000012,0.779706,0.3246354,
1,31,90.301,0.5363819,0.9944732,-0.4872739,0.1925137,0.4993903,0.7797795,0.3247949,
1,31,90.303,0.5363819,0.9944732,-0.4872739,0.1925137,0.4993903,0.7797795,0.3247949,
1,31,90.305,0.5363819,0.9944732,-0.4872739,0.1925137,0.4993903,0.7797795,0.3247949,
1,31,90.307,0.5363819,0.9944732,-0.4872739,0.1925137,0.4993903,0.7797795,0.3247949,
1,31,90.309,0.5365542,0.9946666,-0.4869592,0.1937935,0.4985784,0.7798783,0.3250439,
1,31,90.311,0.5365542,0.9946666,-0.4869592,0.1937935,0.4985784,0.7798783,0.3250439,
1,31,90.313,0.5365542,0.9946666,-0.4869592,0.1937935,0.4985784,0.7798783,0.3250439,
1,31,90.315,0.5365542,0.9946666,-0.4869592,0.1937935,0.4985784,0.7798783,0.3250439,
1,31,90.317,0.5365542,0.9946666,-0.4869592,0.1937935,0.4985784,0.7798783,0.3250439,
1,31,90.319,0.5367914,0.9948232,-0.4865878,0.1953276,0.4976825,0.7799345,0.3253636,
1,31,90.321,0.5367914,0.9948232,-0.4865878,0.1953276,0.4976825,0.7799345,0.3253636,
1,31,90.323,0.5367914,0.9948232,-0.4865878,0.1953276,0.4976825,0.7799345,0.3253636,
1,31,90.325,0.5367914,0.9948232,-0.4865878,0.1953276,0.4976825,0.7799345,0.3253636,
1,31,90.327,0.5369598,0.9950302,-0.4861856,0.1967991,0.4968247,0.7800972,0.3253976,
1,31,90.329,0.5369598,0.9950302,-0.4861856,0.1967991,0.4968247,0.7800972,0.3253976,
1,31,90.331,0.5369598,0.9950302,-0.4861856,0.1967991,0.4968247,0.7800972,0.3253976,
1,31,90.333,0.5369598,0.9950302,-0.4861856,0.1967991,0.4968247,0.7800972,0.3253976,
1,31,90.335,0.5370013,0.995059,-0.4858892,0.1979465,0.4963871,0.780214,0.3250895,
1,31,90.337,0.5370013,0.995059,-0.4858892,0.1979465,0.4963871,0.780214,0.3250895,
1,31,90.339,0.5370013,0.995059,-0.4858892,0.1979465,0.4963871,0.780214,0.3250895,
1,31,90.341,0.5370013,0.995059,-0.4858892,0.1979465,0.4963871,0.780214,0.3250895,
1,31,90.343,0.5372154,0.995213,-0.4855292,0.1987569,0.4959914,0.7804945,0.3245251,
1,31,90.345,0.5372154,0.995213,-0.4855292,0.1987569,0.4959914,0.7804945,0.3245251,
1,31,90.347,0.5372154,0.995213,-0.4855292,0.1987569,0.4959914,0.7804945,0.3245251,
1,31,90.349,0.5372154,0.995213,-0.4855292,0.1987569,0.4959914,0.7804945,0.3245251,
1,31,90.351,0.5372821,0.9951974,-0.485259,0.1997681,0.4957956,0.7806097,0.3239259,
1,31,90.353,0.5372821,0.9951974,-0.485259,0.1997681,0.4957956,0.7806097,0.3239259,
1,31,90.355,0.5372821,0.9951974,-0.485259,0.1997681,0.4957956,0.7806097,0.3239259,
1,31,90.357,0.5372821,0.9951974,-0.485259,0.1997681,0.4957956,0.7806097,0.3239259,
1,31,90.359,0.5374141,0.9951766,-0.4850026,0.2008997,0.4956538,0.7806444,0.3233592,
1,31,90.361,0.5374141,0.9951766,-0.4850026,0.2008997,0.4956538,0.7806444,0.3233592,
1,31,90.363,0.5374141,0.9951766,-0.4850026,0.2008997,0.4956538,0.7806444,0.3233592,
1,31,90.365,0.5374141,0.9951766,-0.4850026,0.2008997,0.4956538,0.7806444,0.3233592,
1,31,90.367,0.5374141,0.9951766,-0.4850026,0.2008997,0.4956538,0.7806444,0.3233592,
1,31,90.369,0.5379628,0.9952441,-0.4846936,0.2017012,0.4953972,0.7807549,0.322986,
1,31,90.371,0.5379628,0.9952441,-0.4846936,0.2017012,0.4953972,0.7807549,0.322986,
1,31,90.373,0.5379628,0.9952441,-0.4846936,0.2017012,0.4953972,0.7807549,0.322986,
1,31,90.375,0.5379628,0.9952441,-0.4846936,0.2017012,0.4953972,0.7807549,0.322986,
1,31,90.377,0.5382762,0.9951617,-0.4844516,0.2026253,0.4954505,0.7807341,0.3223757,
1,31,90.379,0.5382762,0.9951617,-0.4844516,0.2026253,0.4954505,0.7807341,0.3223757,
1,31,90.381,0.5382762,0.9951617,-0.4844516,0.2026253,0.4954505,0.7807341,0.3223757,
1,31,90.383,0.5382762,0.9951617,-0.4844516,0.2026253,0.4954505,0.7807341,0.3223757,
1,31,90.385,0.5384996,0.9952361,-0.4842535,0.2034995,0.4955534,0.78083,0.3214332,
1,31,90.387,0.5384996,0.9952361,-0.4842535,0.2034995,0.4955534,0.78083,0.3214332,
1,31,90.389,0.5384996,0.9952361,-0.4842535,0.2034995,0.4955534,0.78083,0.3214332,
1,31,90.391,0.5384996,0.9952361,-0.4842535,0.2034995,0.4955534,0.78083,0.3214332,
1,31,90.393,0.538925,0.9951726,-0.4839765,0.2042789,0.4956701,0.780828,0.320763,
1,31,90.395,0.538925,0.9951726,-0.4839765,0.2042789,0.4956701,0.780828,0.320763,
1,31,90.397,0.538925,0.9951726,-0.4839765,0.2042789,0.4956701,0.780828,0.320763,
1,31,90.399,0.538925,0.9951726,-0.4839765,0.2042789,0.4956701,0.780828,0.320763,
1,31,90.401,0.539192,0.9951333,-0.4838051,0.2053433,0.4958192,0.7807454,0.3200533,
1,31,90.403,0.539192,0.9951333,-0.4838051,0.2053433,0.4958192,0.7807454,0.3200533,
1,31,90.405,0.539192,0.9951333,-0.4838051,0.2053433,0.4958192,0.7807454,0.3200533,
1,31,90.407,0.539192,0.9951333,-0.4838051,0.2053433,0.4958192,0.7807454,0.3200533,
1,31,90.409,0.5392653,0.99507,-0.4837177,0.2062869,0.4960333,0.7807411,0.3191237,
1,31,90.411,0.5392653,0.99507,-0.4837177,0.2062869,0.4960333,0.7807411,0.3191237,
1,31,90.413,0.5392653,0.99507,-0.4837177,0.2062869,0.4960333,0.7807411,0.3191237,
1,31,90.415,0.5392653,0.99507,-0.4837177,0.2062869,0.4960333,0.7807411,0.3191237,
1,31,90.417,0.5392653,0.99507,-0.4837177,0.2062869,0.4960333,0.7807411,0.3191237,
1,31,90.419,0.5394671,0.9949557,-0.4836056,0.2073251,0.4962627,0.7806425,0.3183345,
1,31,90.421,0.5394671,0.9949557,-0.4836056,0.2073251,0.4962627,0.7806425,0.3183345,
1,31,90.423,0.5394671,0.9949557,-0.4836056,0.2073251,0.4962627,0.7806425,0.3183345,
1,31,90.425,0.5394671,0.9949557,-0.4836056,0.2073251,0.4962627,0.7806425,0.3183345,
1,31,90.427,0.539752,0.994912,-0.4834395,0.2085316,0.4963075,0.7805439,0.3177178,
1,31,90.429,0.539752,0.994912,-0.4834395,0.2085316,0.4963075,0.7805439,0.3177178,
1,31,90.431,0.539752,0.994912,-0.4834395,0.2085316,0.4963075,0.7805439,0.3177178,
1,31,90.433,0.539752,0.994912,-0.4834395,0.2085316,0.4963075,0.7805439,0.3177178,
1,31,90.435,0.5401735,0.9950152,-0.4832169,0.2094783,0.4961587,0.7806506,0.3170648,
1,31,90.437,0.5401735,0.9950152,-0.4832169,0.2094783,0.4961587,0.7806506,0.3170648,
1,31,90.439,0.5401735,0.9950152,-0.4832169,0.2094783,0.4961587,0.7806506,0.3170648,
1,31,90.441,0.5401735,0.9950152,-0.4832169,0.2094783,0.4961587,0.7806506,0.3170648,
1,31,90.443,0.5405728,0.9950264,-0.4829944,0.2105533,0.4960399,0.7806529,0.3165326,
1,31,90.445,0.5405728,0.9950264,-0.4829944,0.2105533,0.4960399,0.7806529,0.3165326,
1,31,90.447,0.5405728,0.9950264,-0.4829944,0.2105533,0.4960399,0.7806529,0.3165326,
1,31,90.449,0.5405728,0.9950264,-0.4829944,0.2105533,0.4960399,0.7806529,0.3165326,
1,31,90.451,0.5411152,0.9952219,-0.482719,0.2114744,0.4956917,0.7808276,0.3160325,
1,31,90.453,0.5411152,0.9952219,-0.482719,0.2114744,0.4956917,0.7808276,0.3160325,
1,31,90.455,0.5411152,0.9952219,-0.482719,0.2114744,0.4956917,0.7808276,0.3160325,
1,31,90.457,0.5411152,0.9952219,-0.482719,0.2114744,0.4956917,0.7808276,0.3160325,
1,31,90.459,0.5412456,0.9950241,-0.4826686,0.212431,0.4957905,0.7808079,0.3152841,
1,31,90.461,0.5412456,0.9950241,-0.4826686,0.212431,0.4957905,0.7808079,0.3152841,
1,31,90.463,0.5412456,0.9950241,-0.4826686,0.212431,0.4957905,0.7808079,0.3152841,
1,31,90.465,0.5412456,0.9950241,-0.4826686,0.212431,0.4957905,0.7808079,0.3152841,
1,31,90.467,0.5412456,0.9950241,-0.4826686,0.212431,0.4957905,0.7808079,0.3152841,
1,31,90.469,0.5413568,0.9947298,-0.4826953,0.2129886,0.4961523,0.7808279,0.3142876,
1,31,90.471,0.5413568,0.9947298,-0.4826953,0.2129886,0.4961523,0.7808279,0.3142876,
1,31,90.473,0.5413568,0.9947298,-0.4826953,0.2129886,0.4961523,0.7808279,0.3142876,
1,31,90.475,0.5413568,0.9947298,-0.4826953,0.2129886,0.4961523,0.7808279,0.3142876,
1,31,90.477,0.5416694,0.9948102,-0.4825557,0.2132847,0.4961968,0.7811407,0.3132375,
1,31,90.479,0.5416694,0.9948102,-0.4825557,0.2132847,0.4961968,0.7811407,0.3132375,
1,31,90.481,0.5416694,0.9948102,-0.4825557,0.2132847,0.4961968,0.7811407,0.3132375,
1,31,90.483,0.5416694,0.9948102,-0.4825557,0.2132847,0.4961968,0.7811407,0.3132375,
1,31,90.485,0.5418522,0.9946834,-0.4824081,0.2138542,0.4962726,0.7813059,0.3123156,
1,31,90.487,0.5418522,0.9946834,-0.4824081,0.2138542,0.4962726,0.7813059,0.3123156,
1,31,90.489,0.5418522,0.9946834,-0.4824081,0.2138542,0.4962726,0.7813059,0.3123156,
1,31,90.491,0.5418522,0.9946834,-0.4824081,0.2138542,0.4962726,0.7813059,0.3123156,
1,31,90.493,0.5425001,0.9948537,-0.4822064,0.2142194,0.4957417,0.7817219,0.3118671,
1,31,90.495,0.5425001,0.9948537,-0.4822064,0.2142194,0.4957417,0.7817219,0.3118671,
1,31,90.497,0.5425001,0.9948537,-0.4822064,0.2142194,0.4957417,0.7817219,0.3118671,
1,31,90.499,0.5425001,0.9948537,-0.4822064,0.2142194,0.4957417,0.7817219,0.3118671,
1,31,90.501,0.5426188,0.9946616,-0.4821307,0.2150995,0.4957421,0.7817147,0.3112782,
1,31,90.503,0.5426188,0.9946616,-0.4821307,0.2150995,0.4957421,0.7817147,0.3112782,
1,31,90.505,0.5426188,0.9946616,-0.4821307,0.2150995,0.4957421,0.7817147,0.3112782,
1,31,90.507,0.5426188,0.9946616,-0.4821307,0.2150995,0.4957421,0.7817147,0.3112782,
1,31,90.509,0.5432016,0.9945651,-0.4820225,0.2157181,0.4953067,0.781886,0.3111131,
1,31,90.511,0.5432016,0.9945651,-0.4820225,0.2157181,0.4953067,0.781886,0.3111131,
1,31,90.513,0.5432016,0.9945651,-0.4820225,0.2157181,0.4953067,0.781886,0.3111131,
1,31,90.515,0.5432016,0.9945651,-0.4820225,0.2157181,0.4953067,0.781886,0.3111131,
1,31,90.517,0.5432016,0.9945651,-0.4820225,0.2157181,0.4953067,0.781886,0.3111131,
1,31,90.519,0.5437123,0.9944381,-0.4819719,0.2160049,0.4951573,0.7820239,0.3108053,
1,31,90.521,0.5437123,0.9944381,-0.4819719,0.2160049,0.4951573,0.7820239,0.3108053,
1,31,90.523,0.5437123,0.9944381,-0.4819719,0.2160049,0.4951573,0.7820239,0.3108053,
1,31,90.525,0.5437123,0.9944381,-0.4819719,0.2160049,0.4951573,0.7820239,0.3108053,
1,31,90.527,0.5440307,0.9942579,-0.4819613,0.2161606,0.4951159,0.782168,0.3103998,
1,31,90.529,0.5440307,0.9942579,-0.4819613,0.2161606,0.4951159,0.782168,0.3103998,
1,31,90.531,0.5440307,0.9942579,-0.4819613,0.2161606,0.4951159,0.782168,0.3103998,
1,31,90.533,0.5440307,0.9942579,-0.4819613,0.2161606,0.4951159,0.782168,0.3103998,
1,31,90.535,0.5441933,0.9940391,-0.4819824,0.2159359,0.495342,0.7823615,0.3097069,
1,31,90.537,0.5441933,0.9940391,-0.4819824,0.2159359,0.495342,0.7823615,0.3097069,
1,31,90.539,0.5441933,0.9940391,-0.4819824,0.2159359,0.495342,0.7823615,0.3097069,
1,31,90.541,0.5441933,0.9940391,-0.4819824,0.2159359,0.495342,0.7823615,0.3097069,
1,31,90.543,0.5445508,0.9939292,-0.4819389,0.215856,0.4953276,0.7825546,0.3092976,
1,31,90.545,0.5445508,0.9939292,-0.4819389,0.215856,0.4953276,0.7825546,0.3092976,
1,31,90.547,0.5445508,0.9939292,-0.4819389,0.215856,0.4953276,0.7825546,0.3092976,
1,31,90.549,0.5445508,0.9939292,-0.4819389,0.215856,0.4953276,0.7825546,0.3092976,
1,31,90.551,0.5449506,0.9938831,-0.4818708,0.2158487,0.4952036,0.7827166,0.3090914,
1,31,90.553,0.5449506,0.9938831,-0.4818708,0.2158487,0.4952036,0.7827166,0.3090914,
1,31,90.555,0.5449506,0.9938831,-0.4818708,0.2158487,0.4952036,0.7827166,0.3090914,
1,31,90.557,0.5449506,0.9938831,-0.4818708,0.2158487,0.4952036,0.7827166,0.3090914,
1,31,90.559,0.5452686,0.993723,-0.4818162,0.2157417,0.495213,0.7828051,0.3089268,
1,31,90.561,0.5452686,0.993723,-0.4818162,0.2157417,0.495213,0.7828051,0.3089268,
1,31,90.563,0.5452686,0.993723,-0.4818162,0.2157417,0.495213,0.7828051,0.3089268,
1,31,90.565,0.5452686,0.993723,-0.4818162,0.2157417,0.495213,0.7828051,0.3089268,
1,31,90.567,0.5452686,0.993723,-0.4818162,0.2157417,0.495213,0.7828051,0.3089268,
1,31,90.569,0.5456587,0.9936936,-0.4816653,0.215792,0.4949649,0.7829048,0.3090368,
1,31,90.571,0.5456587,0.9936936,-0.4816653,0.215792,0.4949649,0.7829048,0.3090368,
1,31,90.573,0.5456587,0.9936936,-0.4816653,0.215792,0.4949649,0.7829048,0.3090368,
1,31,90.575,0.5456587,0.9936936,-0.4816653,0.215792,0.4949649,0.7829048,0.3090368,
1,31,90.577,0.5458273,0.9935188,-0.4816198,0.215682,0.4951229,0.7828789,0.3089261,
1,31,90.579,0.5458273,0.9935188,-0.4816198,0.215682,0.4951229,0.7828789,0.3089261,
1,31,90.581,0.5458273,0.9935188,-0.4816198,0.215682,0.4951229,0.7828789,0.3089261,
1,31,90.583,0.5458273,0.9935188,-0.4816198,0.215682,0.4951229,0.7828789,0.3089261,
1,31,90.585,0.5459118,0.9933654,-0.4815775,0.2155562,0.4954049,0.7827953,0.3087733,
1,31,90.587,0.5459118,0.9933654,-0.4815775,0.2155562,0.4954049,0.7827953,0.3087733,
1,31,90.589,0.5459118,0.9933654,-0.4815775,0.2155562,0.4954049,0.7827953,0.3087733,
1,31,90.591,0.5459118,0.9933654,-0.4815775,0.2155562,0.4954049,0.7827953,0.3087733,
1,31,90.593,0.5461969,0.993389,-0.4814261,0.2151792,0.4953924,0.7829092,0.3087678,
1,31,90.595,0.5461969,0.993389,-0.4814261,0.2151792,0.4953924,0.7829092,0.3087678,
1,31,90.597,0.5461969,0.993389,-0.4814261,0.2151792,0.4953924,0.7829092,0.3087678,
1,31,90.599,0.5461969,0.993389,-0.4814261,0.2151792,0.4953924,0.7829092,0.3087678,
1,31,90.601,0.5462651,0.9933347,-0.481263,0.2148291,0.4956047,0.7829225,0.3086371,
1,31,90.603,0.5462651,0.9933347,-0.481263,0.2148291,0.4956047,0.7829225,0.3086371,
1,31,90.605,0.5462651,0.9933347,-0.481263,0.2148291,0.4956047,0.7829225,0.3086371,
1,31,90.607,0.5462651,0.9933347,-0.481263,0.2148291,0.4956047,0.7829225,0.3086371,
1,31,90.609,0.5464193,0.9933279,-0.4810722,0.2143249,0.495718,0.782989,0.3086369,
1,31,90.611,0.5464193,0.9933279,-0.4810722,0.2143249,0.495718,0.782989,0.3086369,
1,31,90.613,0.5464193,0.9933279,-0.4810722,0.2143249,0.495718,0.782989,0.3086369,
1,31,90.615,0.5464193,0.9933279,-0.4810722,0.2143249,0.495718,0.782989,0.3086369,
1,31,90.617,0.5464193,0.9933279,-0.4810722,0.2143249,0.495718,0.782989,0.3086369,
1,31,90.619,0.546484,0.9933412,-0.4808492,0.2137876,0.4958718,0.7830638,0.3085728,
1,31,90.621,0.546484,0.9933412,-0.4808492,0.2137876,0.4958718,0.7830638,0.3085728,
1,31,90.623,0.546484,0.9933412,-0.4808492,0.2137876,0.4958718,0.7830638,0.3085728,
1,31,90.625,0.546484,0.9933412,-0.4808492,0.2137876,0.4958718,0.7830638,0.3085728,
1,31,90.627,0.546374,0.9932597,-0.4806786,0.2133142,0.4961552,0.7830566,0.3084631,
1,31,90.629,0.546374,0.9932597,-0.4806786,0.2133142,0.4961552,0.7830566,0.3084631,
1,31,90.631,0.546374,0.9932597,-0.4806786,0.2133142,0.4961552,0.7830566,0.3084631,
1,31,90.633,0.546374,0.9932597,-0.4806786,0.2133142,0.4961552,0.7830566,0.3084631,
1,31,90.635,0.5462688,0.9931778,-0.480509,0.2129042,0.4963467,0.7830265,0.3085148,
1,31,90.637,0.5462688,0.9931778,-0.480509,0.2129042,0.4963467,0.7830265,0.3085148,
1,31,90.639,0.5462688,0.9931778,-0.480509,0.2129042,0.4963467,0.7830265,0.3085148,
1,31,90.641,0.5462688,0.9931778,-0.480509,0.2129042,0.4963467,0.7830265,0.3085148,
1,31,90.643,0.5462123,0.9932011,-0.4802817,0.212685,0.4963317,0.7830317,0.3086767,
1,31,90.645,0.5462123,0.9932011,-0.4802817,0.212685,0.4963317,0.7830317,0.3086767,
1,31,90.647,0.5462123,0.9932011,-0.4802817,0.212685,0.4963317,0.7830317,0.3086767,
1,31,90.649,0.5462123,0.9932011,-0.4802817,0.212685,0.4963317,0.7830317,0.3086767,
1,31,90.651,0.5461349,0.9932098,-0.4801032,0.2123691,0.4963393,0.7830429,0.3088533,
1,31,90.653,0.5461349,0.9932098,-0.4801032,0.2123691,0.4963393,0.7830429,0.3088533,
1,31,90.655,0.5461349,0.9932098,-0.4801032,0.2123691,0.4963393,0.7830429,0.3088533,
1,31,90.657,0.5461349,0.9932098,-0.4801032,0.2123691,0.4963393,0.7830429,0.3088533,
1,31,90.659,0.5457877,0.9931794,-0.4798848,0.2120222,0.4963395,0.7830577,0.3090538,
1,31,90.661,0.5457877,0.9931794,-0.4798848,0.2120222,0.4963395,0.7830577,0.3090538,
1,31,90.663,0.5457877,0.9931794,-0.4798848,0.2120222,0.4963395,0.7830577,0.3090538,
1,31,90.665,0.5457877,0.9931794,-0.4798848,0.2120222,0.4963395,0.7830577,0.3090538,
1,31,90.667,0.5457877,0.9931794,-0.4798848,0.2120222,0.4963395,0.7830577,0.3090538,
1,31,90.669,0.5456378,0.9931462,-0.4797639,0.2118107,0.4962334,0.7830845,0.3093015,
1,31,90.671,0.5456378,0.9931462,-0.4797639,0.2118107,0.4962334,0.7830845,0.3093015,
1,31,90.673,0.5456378,0.9931462,-0.4797639,0.2118107,0.4962334,0.7830845,0.3093015,
1,31,90.675,0.5456378,0.9931462,-0.4797639,0.2118107,0.4962334,0.7830845,0.3093015,
1,31,90.677,0.5454973,0.9931976,-0.4796054,0.2116247,0.4959584,0.7831982,0.3095819,
1,31,90.679,0.5454973,0.9931976,-0.4796054,0.2116247,0.4959584,0.7831982,0.3095819,
1,31,90.681,0.5454973,0.9931976,-0.4796054,0.2116247,0.4959584,0.7831982,0.3095819,
1,31,90.683,0.5454973,0.9931976,-0.4796054,0.2116247,0.4959584,0.7831982,0.3095819,
1,31,90.685,0.5454434,0.9932371,-0.479487,0.2113556,0.4956284,0.7833316,0.3099561,
1,31,90.687,0.5454434,0.9932371,-0.479487,0.2113556,0.4956284,0.7833316,0.3099561,
1,31,90.689,0.5454434,0.9932371,-0.479487,0.2113556,0.4956284,0.7833316,0.3099561,
1,31,90.691,0.5454434,0.9932371,-0.479487,0.2113556,0.4956284,0.7833316,0.3099561,
1,31,90.693,0.5450697,0.9932169,-0.479443,0.2110968,0.4954737,0.78344,0.3101063,
1,31,90.695,0.5450697,0.9932169,-0.479443,0.2110968,0.4954737,0.78344,0.3101063,
1,31,90.697,0.5450697,0.9932169,-0.479443,0.2110968,0.4954737,0.78344,0.3101063,
1,31,90.699,0.5450697,0.9932169,-0.479443,0.2110968,0.4954737,0.78344,0.3101063,
1,31,90.701,0.5449713,0.9934348,-0.4792773,0.2108293,0.4950234,0.783702,0.3103452,
1,31,90.703,0.5449713,0.9934348,-0.4792773,0.2108293,0.4950234,0.783702,0.3103452,
1,31,90.705,0.5449713,0.9934348,-0.4792773,0.2108293,0.4950234,0.783702,0.3103452,
1,31,90.707,0.5449713,0.9934348,-0.4792773,0.2108293,0.4950234,0.783702,0.3103452,
1,31,90.709,0.5447515,0.9934105,-0.4792911,0.2104059,0.4948226,0.7838275,0.3106354,
1,31,90.711,0.5447515,0.9934105,-0.4792911,0.2104059,0.4948226,0.7838275,0.3106354,
1,31,90.713,0.5447515,0.9934105,-0.4792911,0.2104059,0.4948226,0.7838275,0.3106354,
1,31,90.715,0.5447515,0.9934105,-0.4792911,0.2104059,0.4948226,0.7838275,0.3106354,
1,31,90.717,0.5447515,0.9934105,-0.4792911,0.2104059,0.4948226,0.7838275,0.3106354,
1,31,90.719,0.5444299,0.9932778,-0.4793489,0.2099736,0.4947514,0.7839059,0.3108435,
1,31,90.721,0.5444299,0.9932778,-0.4793489,0.2099736,0.4947514,0.7839059,0.3108435,
1,31,90.723,0.5444299,0.9932778,-0.4793489,0.2099736,0.4947514,0.7839059,0.3108435,
1,31,90.725,0.5444299,0.9932778,-0.4793489,0.2099736,0.4947514,0.7839059,0.3108435,
1,31,90.727,0.5445298,0.9935244,-0.4792693,0.2093523,0.4942316,0.7842302,0.3112712,
1,31,90.729,0.5445298,0.9935244,-0.4792693,0.2093523,0.4942316,0.7842302,0.3112712,
1,31,90.731,0.5445298,0.9935244,-0.4792693,0.2093523,0.4942316,0.7842302,0.3112712,
1,31,90.733,0.5445298,0.9935244,-0.4792693,0.2093523,0.4942316,0.7842302,0.3112712,
1,31,90.735,0.544272,0.9933588,-0.4793767,0.2083632,0.4939647,0.7844467,0.3118124,
1,31,90.737,0.544272,0.9933588,-0.4793767,0.2083632,0.4939647,0.7844467,0.3118124,
1,31,90.739,0.544272,0.9933588,-0.4793767,0.2083632,0.4939647,0.7844467,0.3118124,
1,31,90.741,0.544272,0.9933588,-0.4793767,0.2083632,0.4939647,0.7844467,0.3118124,
1,31,90.743,0.5443164,0.9933789,-0.4793902,0.2074082,0.4936403,0.7847518,0.3121952,
1,31,90.745,0.5443164,0.9933789,-0.4793902,0.2074082,0.4936403,0.7847518,0.3121952,
1,31,90.747,0.5443164,0.9933789,-0.4793902,0.2074082,0.4936403,0.7847518,0.3121952,
1,31,90.749,0.5443164,0.9933789,-0.4793902,0.2074082,0.4936403,0.7847518,0.3121952,
1,31,90.751,0.5442326,0.9931775,-0.4794891,0.2065252,0.4935115,0.7848908,0.3126343,
1,31,90.753,0.5442326,0.9931775,-0.4794891,0.2065252,0.4935115,0.7848908,0.3126343,
1,31,90.755,0.5442326,0.9931775,-0.4794891,0.2065252,0.4935115,0.7848908,0.3126343,
1,31,90.757,0.5442326,0.9931775,-0.4794891,0.2065252,0.4935115,0.7848908,0.3126343,
1,31,90.759,0.5443349,0.9932181,-0.4795415,0.2055734,0.4931557,0.7851574,0.3131531,
1,31,90.761,0.5443349,0.9932181,-0.4795415,0.2055734,0.4931557,0.7851574,0.3131531,
1,31,90.763,0.5443349,0.9932181,-0.4795415,0.2055734,0.4931557,0.7851574,0.3131531,
1,31,90.765,0.5443349,0.9932181,-0.4795415,0.2055734,0.4931557,0.7851574,0.3131531,
1,31,90.767,0.5443349,0.9932181,-0.4795415,0.2055734,0.4931557,0.7851574,0.3131531,
1,31,90.769,0.5442146,0.9931516,-0.4796252,0.2046278,0.4930768,0.7853673,0.3133705,
1,31,90.771,0.5442146,0.9931516,-0.4796252,0.2046278,0.4930768,0.7853673,0.3133705,
1,31,90.773,0.5442146,0.9931516,-0.4796252,0.2046278,0.4930768,0.7853673,0.3133705,
1,31,90.775,0.5442146,0.9931516,-0.4796252,0.2046278,0.4930768,0.7853673,0.3133705,
1,31,90.777,0.5441307,0.9931756,-0.4796747,0.2039617,0.492839,0.7855239,0.3137857,
1,31,90.779,0.5441307,0.9931756,-0.4796747,0.2039617,0.492839,0.7855239,0.3137857,
1,31,90.781,0.5441307,0.9931756,-0.4796747,0.2039617,0.492839,0.7855239,0.3137857,
1,31,90.783,0.5441307,0.9931756,-0.4796747,0.2039617,0.492839,0.7855239,0.3137857,
1,31,90.785,0.5440167,0.9930694,-0.4797852,0.2031511,0.4929398,0.7855737,0.3140287,
1,31,90.787,0.5440167,0.9930694,-0.4797852,0.2031511,0.4929398,0.7855737,0.3140287,
1,31,90.789,0.5440167,0.9930694,-0.4797852,0.2031511,0.4929398,0.7855737,0.3140287,
1,31,90.791,0.5440167,0.9930694,-0.4797852,0.2031511,0.4929398,0.7855737,0.3140287,
1,31,90.793,0.5441124,0.9931093,-0.4797644,0.2023227,0.4927397,0.7857304,0.3144852,
1,31,90.795,0.5441124,0.9931093,-0.4797644,0.2023227,0.4927397,0.7857304,0.3144852,
1,31,90.797,0.5441124,0.9931093,-0.4797644,0.2023227,0.4927397,0.7857304,0.3144852,
1,31,90.799,0.5441124,0.9931093,-0.4797644,0.2023227,0.4927397,0.7857304,0.3144852,
1,31,90.801,0.5438787,0.9929722,-0.4797969,0.2017808,0.4928849,0.7856877,0.3147123,
1,31,90.803,0.5438787,0.9929722,-0.4797969,0.2017808,0.4928849,0.7856877,0.3147123,
1,31,90.805,0.5438787,0.9929722,-0.4797969,0.2017808,0.4928849,0.7856877,0.3147123,
1,31,90.807,0.5438787,0.9929722,-0.4797969,0.2017808,0.4928849,0.7856877,0.3147123,
1,31,90.809,0.5441338,0.9930762,-0.4796811,0.2012123,0.4924825,0.7857985,0.3154287,
1,31,90.811,0.5441338,0.9930762,-0.4796811,0.2012123,0.4924825,0.7857985,0.3154287,
1,31,90.813,0.5441338,0.9930762,-0.4796811,0.2012123,0.4924825,0.7857985,0.3154287,
1,31,90.815,0.5441338,0.9930762,-0.4796811,0.2012123,0.4924825,0.7857985,0.3154287,
1,31,90.817,0.5441338,0.9930762,-0.4796811,0.2012123,0.4924825,0.7857985,0.3154287,
1,31,90.819,0.5439966,0.9930606,-0.4796794,0.2005956,0.492604,0.7858331,0.3155454,
1,31,90.821,0.5439966,0.9930606,-0.4796794,0.2005956,0.492604,0.7858331,0.3155454,
1,31,90.823,0.5439966,0.9930606,-0.4796794,0.2005956,0.492604,0.7858331,0.3155454,
1,31,90.825,0.5439966,0.9930606,-0.4796794,0.2005956,0.492604,0.7858331,0.3155454,
1,31,90.827,0.5439793,0.9931635,-0.4796023,0.2002228,0.4925078,0.7858816,0.3158115,
1,31,90.829,0.5439793,0.9931635,-0.4796023,0.2002228,0.4925078,0.7858816,0.3158115,
1,31,90.831,0.5439793,0.9931635,-0.4796023,0.2002228,0.4925078,0.7858816,0.3158115,
1,31,90.833,0.5439793,0.9931635,-0.4796023,0.2002228,0.4925078,0.7858816,0.3158115,
1,31,90.835,0.5438397,0.9931177,-0.4796249,0.1998918,0.4927356,0.7857748,0.3159319,
1,31,90.837,0.5438397,0.9931177,-0.4796249,0.1998918,0.4927356,0.7857748,0.3159319,
1,31,90.839,0.5438397,0.9931177,-0.4796249,0.1998918,0.4927356,0.7857748,0.3159319,
1,31,90.841,0.5438397,0.9931177,-0.4796249,0.1998918,0.4927356,0.7857748,0.3159319,
1,31,90.843,0.5438791,0.9931537,-0.4795861,0.1997327,0.4926922,0.785702,0.3162809,
1,31,90.845,0.5438791,0.9931537,-0.4795861,0.1997327,0.4926922,0.785702,0.3162809,
1,31,90.847,0.5438791,0.9931537,-0.4795861,0.1997327,0.4926922,0.785702,0.3162809,
1,31,90.849,0.5438791,0.9931537,-0.4795861,0.1997327,0.4926922,0.785702,0.3162809,
1,31,90.851,0.543897,0.9932382,-0.4795075,0.1996514,0.4926832,0.7856438,0.3164909,
1,31,90.853,0.543897,0.9932382,-0.4795075,0.1996514,0.4926832,0.7856438,0.3164909,
1,31,90.855,0.543897,0.9932382,-0.4795075,0.1996514,0.4926832,0.7856438,0.3164909,
1,31,90.857,0.543897,0.9932382,-0.4795075,0.1996514,0.4926832,0.7856438,0.3164909,
1,31,90.859,0.5437076,0.9931356,-0.4795836,0.199574,0.4930957,0.7854483,0.3163826,
1,31,90.861,0.5437076,0.9931356,-0.4795836,0.199574,0.4930957,0.7854483,0.3163826,
1,31,90.863,0.5437076,0.9931356,-0.4795836,0.199574,0.4930957,0.7854483,0.3163826,
1,31,90.865,0.5437076,0.9931356,-0.4795836,0.199574,0.4930957,0.7854483,0.3163826,
1,31,90.867,0.5437076,0.9931356,-0.4795836,0.199574,0.4930957,0.7854483,0.3163826,
1,31,90.869,0.5434661,0.9930196,-0.4796681,0.1995091,0.4935513,0.7852635,0.3161714,
1,31,90.871,0.5434661,0.9930196,-0.4796681,0.1995091,0.4935513,0.7852635,0.3161714,
1,31,90.873,0.5434661,0.9930196,-0.4796681,0.1995091,0.4935513,0.7852635,0.3161714,
1,31,90.875,0.5434661,0.9930196,-0.4796681,0.1995091,0.4935513,0.7852635,0.3161714,
1,31,90.877,0.543529,0.9930843,-0.479605,0.19964,0.4934978,0.7852173,0.3162875,
1,31,90.879,0.543529,0.9930843,-0.479605,0.19964,0.4934978,0.7852173,0.3162875,
1,31,90.881,0.543529,0.9930843,-0.479605,0.19964,0.4934978,0.7852173,0.3162875,
1,31,90.883,0.543529,0.9930843,-0.479605,0.19964,0.4934978,0.7852173,0.3162875,
1,31,90.885,0.5436543,0.9929887,-0.479551,0.1996975,0.4935545,0.7851468,0.3163375,
1,31,90.887,0.5436543,0.9929887,-0.479551,0.1996975,0.4935545,0.7851468,0.3163375,
1,31,90.889,0.5436543,0.9929887,-0.479551,0.1996975,0.4935545,0.7851468,0.3163375,
1,31,90.891,0.5436543,0.9929887,-0.479551,0.1996975,0.4935545,0.7851468,0.3163375,
1,31,90.893,0.5436521,0.992844,-0.4795254,0.1997932,0.4936601,0.7851161,0.3161887,
1,31,90.895,0.5436521,0.992844,-0.4795254,0.1997932,0.4936601,0.7851161,0.3161887,
1,31,90.897,0.5436521,0.992844,-0.4795254,0.1997932,0.4936601,0.7851161,0.3161887,
1,31,90.899,0.5436521,0.992844,-0.4795254,0.1997932,0.4936601,0.7851161,0.3161887,
1,31,90.901,0.5437575,0.9927894,-0.479504,0.1998716,0.4936451,0.7851821,0.3159983,
1,31,90.903,0.5437575,0.9927894,-0.479504,0.1998716,0.4936451,0.7851821,0.3159983,
1,31,90.905,0.5437575,0.9927894,-0.479504,0.1998716,0.4936451,0.7851821,0.3159983,
1,31,90.907,0.5437575,0.9927894,-0.479504,0.1998716,0.4936451,0.7851821,0.3159983,
1,31,90.909,0.5437427,0.9927114,-0.4794987,0.2001585,0.4936618,0.7852155,0.3157076,
1,31,90.911,0.5437427,0.9927114,-0.4794987,0.2001585,0.4936618,0.7852155,0.3157076,
1,31,90.913,0.5437427,0.9927114,-0.4794987,0.2001585,0.4936618,0.7852155,0.3157076,
1,31,90.915,0.5437427,0.9927114,-0.4794987,0.2001585,0.4936618,0.7852155,0.3157076,
1,31,90.917,0.5437427,0.9927114,-0.4794987,0.2001585,0.4936618,0.7852155,0.3157076,
1,31,90.919,0.5435846,0.9926674,-0.4795237,0.2006785,0.4936591,0.7852596,0.3152718,
1,31,90.921,0.5435846,0.9926674,-0.4795237,0.2006785,0.4936591,0.7852596,0.3152718,
1,31,90.923,0.5435846,0.9926674,-0.4795237,0.2006785,0.4936591,0.7852596,0.3152718,
1,31,90.925,0.5435846,0.9926674,-0.4795237,0.2006785,0.4936591,0.7852596,0.3152718,
1,31,90.927,0.5438445,0.9928757,-0.479439,0.201238,0.4930598,0.7854943,0.3152683,
1,31,90.929,0.5438445,0.9928757,-0.479439,0.201238,0.4930598,0.7854943,0.3152683,
1,31,90.931,0.5438445,0.9928757,-0.479439,0.201238,0.4930598,0.7854943,0.3152683,
1,31,90.933,0.5438445,0.9928757,-0.479439,0.201238,0.4930598,0.7854943,0.3152683,
1,31,90.935,0.5438632,0.9928868,-0.4793719,0.2019913,0.4927257,0.7855921,0.3150651,
1,31,90.937,0.5438632,0.9928868,-0.4793719,0.2019913,0.4927257,0.7855921,0.3150651,
1,31,90.939,0.5438632,0.9928868,-0.4793719,0.2019913,0.4927257,0.7855921,0.3150651,
1,31,90.941,0.5438632,0.9928868,-0.4793719,0.2019913,0.4927257,0.7855921,0.3150651,
1,31,90.943,0.5440074,0.992928,-0.4793151,0.2026714,0.4923363,0.7857239,0.3149084,
1,31,90.945,0.5440074,0.992928,-0.4793151,0.2026714,0.4923363,0.7857239,0.3149084,
1,31,90.947,0.5440074,0.992928,-0.4793151,0.2026714,0.4923363,0.7857239,0.3149084,
1,31,90.949,0.5440074,0.992928,-0.4793151,0.2026714,0.4923363,0.7857239,0.3149084,
1,31,90.951,0.5437438,0.9927369,-0.4793825,0.2034864,0.4923994,0.7856733,0.3144102,
1,31,90.953,0.5437438,0.9927369,-0.4793825,0.2034864,0.4923994,0.7856733,0.3144102,
1,31,90.955,0.5437438,0.9927369,-0.4793825,0.2034864,0.4923994,0.7856733,0.3144102,
1,31,90.957,0.5437438,0.9927369,-0.4793825,0.2034864,0.4923994,0.7856733,0.3144102,
1,31,90.959,0.5437053,0.9927263,-0.4793822,0.2043217,0.492166,0.785831,0.3138391,
1,31,90.961,0.5437053,0.9927263,-0.4793822,0.2043217,0.492166,0.785831,0.3138391,
1,31,90.963,0.5437053,0.9927263,-0.4793822,0.2043217,0.492166,0.785831,0.3138391,
1,31,90.965,0.5437053,0.9927263,-0.4793822,0.2043217,0.492166,0.785831,0.3138391,
1,31,90.967,0.5437053,0.9927263,-0.4793822,0.2043217,0.492166,0.785831,0.3138391,
1,31,90.969,0.5437639,0.992722,-0.4793989,0.2045861,0.4920968,0.7859491,0.3134796,
1,31,90.971,0.5437639,0.992722,-0.4793989,0.2045861,0.4920968,0.7859491,0.3134796,
1,31,90.973,0.5437639,0.992722,-0.4793989,0.2045861,0.4920968,0.7859491,0.3134796,
1,31,90.975,0.5437639,0.992722,-0.4793989,0.2045861,0.4920968,0.7859491,0.3134796,
1,31,90.977,0.5437672,0.9925585,-0.4794342,0.2047105,0.4922877,0.7859613,0.3130675,
1,31,90.979,0.5437672,0.9925585,-0.4794342,0.2047105,0.4922877,0.7859613,0.3130675,
1,31,90.981,0.5437672,0.9925585,-0.4794342,0.2047105,0.4922877,0.7859613,0.3130675,
1,31,90.983,0.5437672,0.9925585,-0.4794342,0.2047105,0.4922877,0.7859613,0.3130675,
1,31,90.985,0.5437722,0.9923362,-0.4795128,0.2045849,0.4926239,0.7859651,0.3126109,
1,31,90.987,0.5437722,0.9923362,-0.4795128,0.2045849,0.4926239,0.7859651,0.3126109,
1,31,90.989,0.5437722,0.9923362,-0.4795128,0.2045849,0.4926239,0.7859651,0.3126109,
1,31,90.991,0.5437722,0.9923362,-0.4795128,0.2045849,0.4926239,0.7859651,0.3126109,
1,31,90.993,0.5439412,0.9923419,-0.4794747,0.2044344,0.4926933,0.7860824,0.3123049,
1,31,90.995,0.5439412,0.9923419,-0.4794747,0.2044344,0.4926933,0.7860824,0.3123049,
1,31,90.997,0.5439412,0.9923419,-0.4794747,0.2044344,0.4926933,0.7860824,0.3123049,
1,31,90.999,0.5439412,0.9923419,-0.4794747,0.2044344,0.4926933,0.7860824,0.3123049,
1,31,91.001,0.5439531,0.9921814,-0.4795006,0.2041568,0.4930575,0.7861124,0.3118357,
1,31,91.003,0.5439531,0.9921814,-0.4795006,0.2041568,0.4930575,0.7861124,0.3118357,
1,31,91.005,0.5439531,0.9921814,-0.4795006,0.2041568,0.4930575,0.7861124,0.3118357,
1,31,91.007,0.5439531,0.9921814,-0.4795006,0.2041568,0.4930575,0.7861124,0.3118357,
1,31,91.009,0.5441076,0.9921584,-0.4795105,0.2037512,0.4932526,0.7862141,0.3115364,
1,31,91.011,0.5441076,0.9921584,-0.4795105,0.2037512,0.4932526,0.7862141,0.3115364,
1,31,91.013,0.5441076,0.9921584,-0.4795105,0.2037512,0.4932526,0.7862141,0.3115364,
1,31,91.015,0.5441076,0.9921584,-0.4795105,0.2037512,0.4932526,0.7862141,0.3115364,
1,31,91.017,0.5441076,0.9921584,-0.4795105,0.2037512,0.4932526,0.7862141,0.3115364,
1,31,91.019,0.54412,0.9920137,-0.4795288,0.2034858,0.4935666,0.7862052,0.3112348,
1,31,91.021,0.54412,0.9920137,-0.4795288,0.2034858,0.4935666,0.7862052,0.3112348,
1,31,91.023,0.54412,0.9920137,-0.4795288,0.2034858,0.4935666,0.7862052,0.3112348,
1,31,91.025,0.54412,0.9920137,-0.4795288,0.2034858,0.4935666,0.7862052,0.3112348,
1,31,91.027,0.5442178,0.9920401,-0.4795401,0.2032417,0.493643,0.7862704,0.311108,
1,31,91.029,0.5442178,0.9920401,-0.4795401,0.2032417,0.493643,0.7862704,0.311108,
1,31,91.031,0.5442178,0.9920401,-0.4795401,0.2032417,0.493643,0.7862704,0.311108,
1,31,91.033,0.5442178,0.9920401,-0.4795401,0.2032417,0.493643,0.7862704,0.311108,
1,31,91.035,0.5441732,0.9919577,-0.479608,0.2031633,0.493831,0.7862138,0.3110042,
1,31,91.037,0.5441732,0.9919577,-0.479608,0.2031633,0.493831,0.7862138,0.3110042,
1,31,91.039,0.5441732,0.9919577,-0.479608,0.2031633,0.493831,0.7862138,0.3110042,
1,31,91.041,0.5441732,0.9919577,-0.479608,0.2031633,0.493831,0.7862138,0.3110042,
1,31,91.043,0.5441169,0.9918886,-0.4796973,0.2030353,0.4940108,0.7861542,0.3109528,
1,31,91.045,0.5441169,0.9918886,-0.4796973,0.2030353,0.4940108,0.7861542,0.3109528,
1,31,91.047,0.5441169,0.9918886,-0.4796973,0.2030353,0.4940108,0.7861542,0.3109528,
1,31,91.049,0.5441169,0.9918886,-0.4796973,0.2030353,0.4940108,0.7861542,0.3109528,
1,31,91.051,0.54419,0.9920666,-0.479683,0.2028848,0.4938703,0.7862523,0.311026,
1,31,91.053,0.54419,0.9920666,-0.479683,0.2028848,0.4938703,0.7862523,0.311026,
1,31,91.055,0.54419,0.9920666,-0.479683,0.2028848,0.4938703,0.7862523,0.311026,
1,31,91.057,0.54419,0.9920666,-0.479683,0.2028848,0.4938703,0.7862523,0.311026,
1,31,91.059,0.5439816,0.9920554,-0.4798931,0.2024164,0.4943197,0.786212,0.310719,
1,31,91.061,0.5439816,0.9920554,-0.4798931,0.2024164,0.4943197,0.786212,0.310719,
1,31,91.063,0.5439816,0.9920554,-0.4798931,0.2024164,0.4943197,0.786212,0.310719,
1,31,91.065,0.5439816,0.9920554,-0.4798931,0.2024164,0.4943197,0.786212,0.310719,
1,31,91.067,0.5439816,0.9920554,-0.4798931,0.2024164,0.4943197,0.786212,0.310719,
1,31,91.069,0.5439042,0.9921181,-0.4800343,0.201587,0.4947019,0.7862796,0.3104791,
1,31,91.071,0.5439042,0.9921181,-0.4800343,0.201587,0.4947019,0.7862796,0.3104791,
1,31,91.073,0.5439042,0.9921181,-0.4800343,0.201587,0.4947019,0.7862796,0.3104791,
1,31,91.075,0.5439042,0.9921181,-0.4800343,0.201587,0.4947019,0.7862796,0.3104791,
1,31,91.077,0.5436938,0.9920931,-0.4802442,0.2003458,0.4954418,0.7863152,0.3100122,
1,31,91.079,0.5436938,0.9920931,-0.4802442,0.2003458,0.4954418,0.7863152,0.3100122,
1,31,91.081,0.5436938,0.9920931,-0.4802442,0.2003458,0.4954418,0.7863152,0.3100122,
1,31,91.083,0.5436938,0.9920931,-0.4802442,0.2003458,0.4954418,0.7863152,0.3100122,
1,31,91.085,0.5434539,0.9919205,-0.4805201,0.1988866,0.4964178,0.786221,0.3096291,
1,31,91.087,0.5434539,0.9919205,-0.4805201,0.1988866,0.4964178,0.786221,0.3096291,
1,31,91.089,0.5434539,0.9919205,-0.4805201,0.1988866,0.4964178,0.786221,0.3096291,
1,31,91.091,0.5434539,0.9919205,-0.4805201,0.1988866,0.4964178,0.786221,0.3096291,
1,31,91.093,0.5435328,0.9919206,-0.4807214,0.1972633,0.4970345,0.786193,0.3097493,
1,31,91.095,0.5435328,0.9919206,-0.4807214,0.1972633,0.4970345,0.786193,0.3097493,
1,31,91.097,0.5435328,0.9919206,-0.4807214,0.1972633,0.4970345,0.786193,0.3097493,
1,31,91.099,0.5435328,0.9919206,-0.4807214,0.1972633,0.4970345,0.786193,0.3097493,
1,31,91.101,0.5436966,0.9920828,-0.4808428,0.1957045,0.4974361,0.7861599,0.310177,
1,31,91.103,0.5436966,0.9920828,-0.4808428,0.1957045,0.4974361,0.7861599,0.310177,
1,31,91.105,0.5436966,0.9920828,-0.4808428,0.1957045,0.4974361,0.7861599,0.310177,
1,31,91.107,0.5436966,0.9920828,-0.4808428,0.1957045,0.4974361,0.7861599,0.310177,
1,31,91.109,0.5437578,0.9919534,-0.4810818,0.1942752,0.4981379,0.7858273,0.3107917,
1,31,91.111,0.5437578,0.9919534,-0.4810818,0.1942752,0.4981379,0.7858273,0.3107917,
1,31,91.113,0.5437578,0.9919534,-0.4810818,0.1942752,0.4981379,0.7858273,0.3107917,
1,31,91.115,0.5437578,0.9919534,-0.4810818,0.1942752,0.4981379,0.7858273,0.3107917,
1,31,91.117,0.5437578,0.9919534,-0.4810818,0.1942752,0.4981379,0.7858273,0.3107917,
1,31,91.119,0.5440943,0.9918044,-0.481373,0.1922366,0.4987606,0.7853585,0.3122418,
1,31,91.121,0.5440943,0.9918044,-0.481373,0.1922366,0.4987606,0.7853585,0.3122418,
1,31,91.123,0.5440943,0.9918044,-0.481373,0.1922366,0.4987606,0.7853585,0.3122418,
1,31,91.125,0.5440943,0.9918044,-0.481373,0.1922366,0.4987606,0.7853585,0.3122418,
1,31,91.127,0.5442458,0.9916021,-0.4815898,0.191009,0.4992185,0.7849275,0.3133454,
1,31,91.129,0.5442458,0.9916021,-0.4815898,0.191009,0.4992185,0.7849275,0.3133454,
1,31,91.131,0.5442458,0.9916021,-0.4815898,0.191009,0.4992185,0.7849275,0.3133454,
1,31,91.133,0.5442458,0.9916021,-0.4815898,0.191009,0.4992185,0.7849275,0.3133454,
1,31,91.135,0.5444225,0.991646,-0.4816664,0.1900744,0.4992677,0.7846318,0.3145732,
1,31,91.137,0.5444225,0.991646,-0.4816664,0.1900744,0.4992677,0.7846318,0.3145732,
1,31,91.139,0.5444225,0.991646,-0.4816664,0.1900744,0.4992677,0.7846318,0.3145732,
1,31,91.141,0.5444225,0.991646,-0.4816664,0.1900744,0.4992677,0.7846318,0.3145732,
1,31,91.143,0.544713,0.9916394,-0.4818157,0.1886713,0.4993701,0.7844295,0.315758,
1,31,91.145,0.544713,0.9916394,-0.4818157,0.1886713,0.4993701,0.7844295,0.315758,
1,31,91.147,0.544713,0.9916394,-0.4818157,0.1886713,0.4993701,0.7844295,0.315758,
1,31,91.149,0.544713,0.9916394,-0.4818157,0.1886713,0.4993701,0.7844295,0.315758,
1,31,91.151,0.5449027,0.9916051,-0.4819647,0.1876517,0.4994449,0.7842057,0.3168013,
1,31,91.153,0.5449027,0.9916051,-0.4819647,0.1876517,0.4994449,0.7842057,0.3168013,
1,31,91.155,0.5449027,0.9916051,-0.4819647,0.1876517,0.4994449,0.7842057,0.3168013,
1,31,91.157,0.5449027,0.9916051,-0.4819647,0.1876517,0.4994449,0.7842057,0.3168013,
1,31,91.159,0.5449523,0.9917113,-0.4821763,0.1868253,0.4993458,0.784086,0.3177409,
1,31,91.161,0.5449523,0.9917113,-0.4821763,0.1868253,0.4993458,0.784086,0.3177409,
1,31,91.163,0.5449523,0.9917113,-0.4821763,0.1868253,0.4993458,0.784086,0.3177409,
1,31,91.165,0.5449523,0.9917113,-0.4821763,0.1868253,0.4993458,0.784086,0.3177409,
1,31,91.167,0.5449523,0.9917113,-0.4821763,0.1868253,0.4993458,0.784086,0.3177409,
1,31,91.169,0.5446725,0.9916873,-0.4824443,0.1863779,0.499398,0.783864,0.3184687,
1,31,91.171,0.5446725,0.9916873,-0.4824443,0.1863779,0.499398,0.783864,0.3184687,
1,31,91.173,0.5446725,0.9916873,-0.4824443,0.1863779,0.499398,0.783864,0.3184687,
1,31,91.175,0.5446725,0.9916873,-0.4824443,0.1863779,0.499398,0.783864,0.3184687,
1,31,91.177,0.5445551,0.99182,-0.4826026,0.1859826,0.4991222,0.7838073,0.3192706,
1,31,91.179,0.5445551,0.99182,-0.4826026,0.1859826,0.4991222,0.7838073,0.3192706,
1,31,91.181,0.5445551,0.99182,-0.4826026,0.1859826,0.4991222,0.7838073,0.3192706,CourtEnter
1,31,91.183,0.5445551,0.99182,-0.4826026,0.1859826,0.4991222,0.7838073,0.3192706,
1,31,91.185,0.5443351,0.9918587,-0.4828218,0.185438,0.499012,0.7837951,0.3197891,
1,31,91.187,0.5443351,0.9918587,-0.4828218,0.185438,0.499012,0.7837951,0.3197891,
1,31,91.189,0.5443351,0.9918587,-0.4828218,0.185438,0.499012,0.7837951,0.3197891,CourtExit
1,31,91.191,0.5443351,0.9918587,-0.4828218,0.185438,0.499012,0.7837951,0.3197891,
1,31,91.193,0.544241,0.9918318,-0.4830351,0.1843761,0.49873,0.7839804,0.3203886,
1,31,91.195,0.544241,0.9918318,-0.4830351,0.1843761,0.49873,0.7839804,0.3203886,
1,31,91.197,0.544241,0.9918318,-0.4830351,0.1843761,0.49873,0.7839804,0.3203886,
1,31,91.199,0.544241,0.9918318,-0.4830351,0.1843761,0.49873,0.7839804,0.3203886,
1,31,91.201,0.5441011,0.991926,-0.4831426,0.1839676,0.4984159,0.7841701,0.3206474,
1,31,91.203,0.5441011,0.991926,-0.4831426,0.1839676,0.4984159,0.7841701,0.3206474,
1,31,91.205,0.5441011,0.991926,-0.4831426,0.1839676,0.4984159,0.7841701,0.3206474,
1,31,91.207,0.5441011,0.991926,-0.4831426,0.1839676,0.4984159,0.7841701,0.3206474,
1,31,91.209,0.5441341,0.9920322,-0.4832878,0.1835674,0.4979187,0.7844037,0.3210779,
1,31,91.211,0.5441341,0.9920322,-0.4832878,0.1835674,0.4979187,0.7844037,0.3210779,
1,31,91.213,0.5441341,0.9920322,-0.4832878,0.1835674,0.4979187,0.7844037,0.3210779,
1,31,91.215,0.5441341,0.9920322,-0.4832878,0.1835674,0.4979187,0.7844037,0.3210779,
1,31,91.217,0.5441341,0.9920322,-0.4832878,0.1835674,0.4979187,0.7844037,0.3210779,
1,31,91.219,0.5440568,0.992089,-0.4834338,0.1835317,0.4974904,0.7845464,0.3214133,
1,31,91.221,0.5440568,0.992089,-0.4834338,0.1835317,0.4974904,0.7845464,0.3214133,
1,31,91.223,0.5440568,0.992089,-0.4834338,0.1835317,0.4974904,0.7845464,0.3214133,
1,31,91.225,0.5440568,0.992089,-0.4834338,0.1835317,0.4974904,0.7845464,0.3214133,
1,31,91.227,0.5437976,0.9919381,-0.4837038,0.1836009,0.4973421,0.7845437,0.3216097,
1,31,91.229,0.5437976,0.9919381,-0.4837038,0.1836009,0.4973421,0.7845437,0.3216097,
1,31,91.231,0.5437976,0.9919381,-0.4837038,0.1836009,0.4973421,0.7845437,0.3216097,
1,31,91.233,0.5437976,0.9919381,-0.4837038,0.1836009,0.4973421,0.7845437,0.3216097,
1,31,91.235,0.5434402,0.9917136,-0.4840135,0.1836122,0.4973609,0.7845569,0.3215418,
1,31,91.237,0.5434402,0.9917136,-0.4840135,0.1836122,0.4973609,0.7845569,0.3215418,
1,31,91.239,0.5434402,0.9917136,-0.4840135,0.1836122,0.4973609,0.7845569,0.3215418,
1,31,91.241,0.5434402,0.9917136,-0.4840135,0.1836122,0.4973609,0.7845569,0.3215418,
1,31,91.243,0.5432527,0.9916714,-0.4841908,0.1836118,0.4971577,0.7847251,0.3214462,
1,31,91.245,0.5432527,0.9916714,-0.4841908,0.1836118,0.4971577,0.7847251,0.3214462,
1,31,91.247,0.5432527,0.9916714,-0.4841908,0.1836118,0.4971577,0.7847251,0.3214462,
1,31,91.249,0.5432527,0.9916714,-0.4841908,0.1836118,0.4971577,0.7847251,0.3214462,
1,31,91.251,0.5429676,0.9915249,-0.4843443,0.1835865,0.4971242,0.7848583,0.3211867,
1,31,91.253,0.5429676,0.9915249,-0.4843443,0.1835865,0.4971242,0.7848583,0.3211867,
1,31,91.255,0.5429676,0.9915249,-0.4843443,0.1835865,0.4971242,0.7848583,0.3211867,
1,31,91.257,0.5429676,0.9915249,-0.4843443,0.1835865,0.4971242,0.7848583,0.3211867,
1,31,91.259,0.5429489,0.9916373,-0.4843507,0.1836042,0.4966764,0.7851692,0.3211097,
1,31,91.261,0.5429489,0.9916373,-0.4843507,0.1836042,0.4966764,0.7851692,0.3211097,
1,31,91.263,0.5429489,0.9916373,-0.4843507,0.1836042,0.4966764,0.7851692,0.3211097,
1,31,91.265,0.5429489,0.9916373,-0.4843507,0.1836042,0.4966764,0.7851692,0.3211097,
1,31,91.267,0.5429489,0.9916373,-0.4843507,0.1836042,0.4966764,0.7851692,0.3211097,
1,31,91.269,0.5426818,0.9915592,-0.4843935,0.1838453,0.496379,0.7854273,0.3208003,
1,31,91.271,0.5426818,0.9915592,-0.4843935,0.1838453,0.496379,0.7854273,0.3208003,
1,31,91.273,0.5426818,0.9915592,-0.4843935,0.1838453,0.496379,0.7854273,0.3208003,
1,31,91.275,0.5426818,0.9915592,-0.4843935,0.1838453,0.496379,0.7854273,0.3208003,
1,31,91.277,0.5425432,0.9915659,-0.4844035,0.1841506,0.4961474,0.7855936,0.3205761,
1,31,91.279,0.5425432,0.9915659,-0.4844035,0.1841506,0.4961474,0.7855936,0.3205761,
1,31,91.281,0.5425432,0.9915659,-0.4844035,0.1841506,0.4961474,0.7855936,0.3205761,
1,31,91.283,0.5425432,0.9915659,-0.4844035,0.1841506,0.4961474,0.7855936,0.3205761,
1,31,91.285,0.5423943,0.9916435,-0.4843889,0.1845042,0.4958944,0.7857853,0.3202943,
1,31,91.287,0.5423943,0.9916435,-0.4843889,0.1845042,0.4958944,0.7857853,0.3202943,
1,31,91.289,0.5423943,0.9916435,-0.4843889,0.1845042,0.4958944,0.7857853,0.3202943,
1,31,91.291,0.5423943,0.9916435,-0.4843889,0.1845042,0.4958944,0.7857853,0.3202943,
1,31,91.293,0.5423147,0.9919079,-0.4843005,0.184997,0.4954312,0.7860385,0.3201053,
1,31,91.295,0.5423147,0.9919079,-0.4843005,0.184997,0.4954312,0.7860385,0.3201053,
1,31,91.297,0.5423147,0.9919079,-0.4843005,0.184997,0.4954312,0.7860385,0.3201053,
1,31,91.299,0.5423147,0.9919079,-0.4843005,0.184997,0.4954312,0.7860385,0.3201053,
1,31,91.301,0.5422146,0.9919826,-0.4842811,0.1854504,0.4951848,0.7861319,0.3199951,
1,31,91.303,0.5422146,0.9919826,-0.4842811,0.1854504,0.4951848,0.7861319,0.3199951,
1,31,91.305,0.5422146,0.9919826,-0.4842811,0.1854504,0.4951848,0.7861319,0.3199951,
1,31,91.307,0.5422146,0.9919826,-0.4842811,0.1854504,0.4951848,0.7861319,0.3199951,
1,31,91.309,0.5420752,0.9920609,-0.4842183,0.1858875,0.4950292,0.7861995,0.3198162,
1,31,91.311,0.5420752,0.9920609,-0.4842183,0.1858875,0.4950292,0.7861995,0.3198162,
1,31,91.313,0.5420752,0.9920609,-0.4842183,0.1858875,0.4950292,0.7861995,0.3198162,
1,31,91.315,0.5420752,0.9920609,-0.4842183,0.1858875,0.4950292,0.7861995,0.3198162,
1,31,91.317,0.5420752,0.9920609,-0.4842183,0.1858875,0.4950292,0.7861995,0.3198162,
1,31,91.319,0.5420282,0.9920818,-0.4841467,0.1861975,0.494901,0.7862217,0.3197796,
1,31,91.321,0.5420282,0.9920818,-0.4841467,0.1861975,0.494901,0.7862217,0.3197796,
1,31,91.323,0.5420282,0.9920818,-0.4841467,0.1861975,0.494901,0.7862217,0.3197796,
1,31,91.325,0.5420282,0.9920818,-0.4841467,0.1861975,0.494901,0.7862217,0.3197796,
1,31,91.327,0.5418174,0.992012,-0.484176,0.1862332,0.4951556,0.7861888,0.3194453,
1,31,91.329,0.5418174,0.992012,-0.484176,0.1862332,0.4951556,0.7861888,0.3194453,
1,31,91.331,0.5418174,0.992012,-0.484176,0.1862332,0.4951556,0.7861888,0.3194453,
1,31,91.333,0.5418174,0.992012,-0.484176,0.1862332,0.4951556,0.7861888,0.3194453,
1,31,91.335,0.5418463,0.992009,-0.4840768,0.1863142,0.4950557,0.7862124,0.3194947,
1,31,91.337,0.5418463,0.992009,-0.4840768,0.1863142,0.4950557,0.7862124,0.3194947,
1,31,91.339,0.5418463,0.992009,-0.4840768,0.1863142,0.4950557,0.7862124,0.3194947,
1,31,91.341,0.5418463,0.992009,-0.4840768,0.1863142,0.4950557,0.7862124,0.3194947,
1,31,91.343,0.5416397,0.9918618,-0.4840693,0.1866085,0.4952211,0.7860761,0.3194022,
1,31,91.345,0.5416397,0.9918618,-0.4840693,0.1866085,0.4952211,0.7860761,0.3194022,
1,31,91.347,0.5416397,0.9918618,-0.4840693,0.1866085,0.4952211,0.7860761,0.3194022,
1,31,91.349,0.5416397,0.9918618,-0.4840693,0.1866085,0.4952211,0.7860761,0.3194022,
1,31,91.351,0.5416034,0.9918508,-0.4840481,0.1869695,0.4950707,0.7860246,0.3195509,
1,31,91.353,0.5416034,0.9918508,-0.4840481,0.1869695,0.4950707,0.7860246,0.3195509,
1,31,91.355,0.5416034,0.9918508,-0.4840481,0.1869695,0.4950707,0.7860246,0.3195509,
1,31,91.357,0.5416034,0.9918508,-0.4840481,0.1869695,0.4950707,0.7860246,0.3195509,
1,31,91.359,0.541615,0.9918774,-0.4840098,0.1875089,0.494781,0.7859607,0.3198405,
1,31,91.361,0.541615,0.9918774,-0.4840098,0.1875089,0.494781,0.7859607,0.3198405,
1,31,91.363,0.541615,0.9918774,-0.4840098,0.1875089,0.494781,0.7859607,0.3198405,
1,31,91.365,0.541615,0.9918774,-0.4840098,0.1875089,0.494781,0.7859607,0.3198405,
1,31,91.367,0.541615,0.9918774,-0.4840098,0.1875089,0.494781,0.7859607,0.3198405,
1,31,91.369,0.5416369,0.991914,-0.4839754,0.1880079,0.494494,0.7859281,0.3200714,
1,31,91.371,0.5416369,0.991914,-0.4839754,0.1880079,0.494494,0.7859281,0.3200714,
1,31,91.373,0.5416369,0.991914,-0.4839754,0.1880079,0.494494,0.7859281,0.3200714,
1,31,91.375,0.5416369,0.991914,-0.4839754,0.1880079,0.494494,0.7859281,0.3200714,
1,31,91.377,0.5415722,0.99187,-0.483968,0.1886067,0.4942646,0.7858558,0.3202509,
1,31,91.379,0.5415722,0.99187,-0.483968,0.1886067,0.4942646,0.7858558,0.3202509,
1,31,91.381,0.5415722,0.99187,-0.483968,0.1886067,0.4942646,0.7858558,0.3202509,
1,31,91.383,0.5415722,0.99187,-0.483968,0.1886067,0.4942646,0.7858558,0.3202509,
1,31,91.385,0.5417554,0.9919742,-0.4838556,0.1890953,0.4938032,0.7859066,0.3205497,
1,31,91.387,0.5417554,0.9919742,-0.4838556,0.1890953,0.4938032,0.7859066,0.3205497,
1,31,91.389,0.5417554,0.9919742,-0.4838556,0.1890953,0.4938032,0.7859066,0.3205497,
1,31,91.391,0.5417554,0.9919742,-0.4838556,0.1890953,0.4938032,0.7859066,0.3205497,
1,31,91.393,0.5417166,0.9919007,-0.4838317,0.189557,0.4936361,0.7858873,0.3205817,
1,31,91.395,0.5417166,0.9919007,-0.4838317,0.189557,0.4936361,0.7858873,0.3205817,
1,31,91.397,0.5417166,0.9919007,-0.4838317,0.189557,0.4936361,0.7858873,0.3205817,
1,31,91.399,0.5417166,0.9919007,-0.4838317,0.189557,0.4936361,0.7858873,0.3205817,
1,31,91.401,0.5418242,0.9918952,-0.4838017,0.189748,0.4934319,0.7859915,0.3205278,
1,31,91.403,0.5418242,0.9918952,-0.4838017,0.189748,0.4934319,0.7859915,0.3205278,
1,31,91.405,0.5418242,0.9918952,-0.4838017,0.189748,0.4934319,0.7859915,0.3205278,
1,31,91.407,0.5418242,0.9918952,-0.4838017,0.189748,0.4934319,0.7859915,0.3205278,
1,31,91.409,0.5417407,0.9917808,-0.4838907,0.1900066,0.4934023,0.7860421,0.3202959,
1,31,91.411,0.5417407,0.9917808,-0.4838907,0.1900066,0.4934023,0.7860421,0.3202959,
1,31,91.413,0.5417407,0.9917808,-0.4838907,0.1900066,0.4934023,0.7860421,0.3202959,
1,31,91.415,0.5417407,0.9917808,-0.4838907,0.1900066,0.4934023,0.7860421,0.3202959,
1,31,91.417,0.5417407,0.9917808,-0.4838907,0.1900066,0.4934023,0.7860421,0.3202959,
1,31,91.419,0.5417877,0.9915736,-0.4839373,0.1900318,0.4934179,0.7861882,0.319898,
1,31,91.421,0.5417877,0.9915736,-0.4839373,0.1900318,0.4934179,0.7861882,0.319898,
1,31,91.423,0.5417877,0.9915736,-0.4839373,0.1900318,0.4934179,0.7861882,0.319898,
1,31,91.425,0.5417877,0.9915736,-0.4839373,0.1900318,0.4934179,0.7861882,0.319898,
1,31,91.427,0.5419223,0.9914116,-0.4839457,0.1900763,0.493242,0.7863276,0.3198004,
1,31,91.429,0.5419223,0.9914116,-0.4839457,0.1900763,0.493242,0.7863276,0.3198004,
1,31,91.431,0.5419223,0.9914116,-0.4839457,0.1900763,0.493242,0.7863276,0.3198004,
1,31,91.433,0.5419223,0.9914116,-0.4839457,0.1900763,0.493242,0.7863276,0.3198004,
1,31,91.435,0.5419976,0.991235,-0.4840319,0.190098,0.4931346,0.7864475,0.3196583,
1,31,91.437,0.5419976,0.991235,-0.4840319,0.190098,0.4931346,0.7864475,0.3196583,
1,31,91.439,0.5419976,0.991235,-0.4840319,0.190098,0.4931346,0.7864475,0.3196583,
1,31,91.441,0.5419976,0.991235,-0.4840319,0.190098,0.4931346,0.7864475,0.3196583,
1,31,91.443,0.542003,0.9909968,-0.4841438,0.1899985,0.4931578,0.7865542,0.3194188,
1,31,91.445,0.542003,0.9909968,-0.4841438,0.1899985,0.4931578,0.7865542,0.3194188,
1,31,91.447,0.542003,0.9909968,-0.4841438,0.1899985,0.4931578,0.7865542,0.3194188,
1,31,91.449,0.542003,0.9909968,-0.4841438,0.1899985,0.4931578,0.7865542,0.3194188,
1,31,91.451,0.5421011,0.9909209,-0.4841539,0.189797,0.4930587,0.7868339,0.3190029,
1,31,91.453,0.5421011,0.9909209,-0.4841539,0.189797,0.4930587,0.7868339,0.3190029,
1,31,91.455,0.5421011,0.9909209,-0.4841539,0.189797,0.4930587,0.7868339,0.3190029,
1,31,91.457,0.5421011,0.9909209,-0.4841539,0.189797,0.4930587,0.7868339,0.3190029,
1,31,91.459,0.5418478,0.990653,-0.4843383,0.1897967,0.4932292,0.786946,0.3184623,
1,31,91.461,0.5418478,0.990653,-0.4843383,0.1897967,0.4932292,0.786946,0.3184623,
1,31,91.463,0.5418478,0.990653,-0.4843383,0.1897967,0.4932292,0.786946,0.3184623,
1,31,91.465,0.5418478,0.990653,-0.4843383,0.1897967,0.4932292,0.786946,0.3184623,
1,31,91.467,0.5418478,0.990653,-0.4843383,0.1897967,0.4932292,0.786946,0.3184623,
1,31,91.469,0.5416129,0.990557,-0.4844317,0.1900722,0.4930722,0.7870985,0.3181641,
1,31,91.471,0.5416129,0.990557,-0.4844317,0.1900722,0.4930722,0.7870985,0.3181641,
1,31,91.473,0.5416129,0.990557,-0.4844317,0.1900722,0.4930722,0.7870985,0.3181641,
1,31,91.475,0.5416129,0.990557,-0.4844317,0.1900722,0.4930722,0.7870985,0.3181641,
1,31,91.477,0.5415859,0.9907267,-0.4844383,0.190391,0.4925231,0.7873863,0.3181117,
1,31,91.479,0.5415859,0.9907267,-0.4844383,0.190391,0.4925231,0.7873863,0.3181117,
1,31,91.481,0.5415859,0.9907267,-0.4844383,0.190391,0.4925231,0.7873863,0.3181117,
1,31,91.483,0.5415859,0.9907267,-0.4844383,0.190391,0.4925231,0.7873863,0.3181117,
1,31,91.485,0.5413867,0.9906914,-0.484434,0.1910221,0.492088,0.7874742,0.3181891,
1,31,91.487,0.5413867,0.9906914,-0.484434,0.1910221,0.492088,0.7874742,0.3181891,
1,31,91.489,0.5413867,0.9906914,-0.484434,0.1910221,0.492088,0.7874742,0.3181891,
1,31,91.491,0.5413867,0.9906914,-0.484434,0.1910221,0.492088,0.7874742,0.3181891,
1,31,91.493,0.5413064,0.9908975,-0.4843878,0.1915925,0.491438,0.7876719,0.3183615,
1,31,91.495,0.5413064,0.9908975,-0.4843878,0.1915925,0.491438,0.7876719,0.3183615,
1,31,91.497,0.5413064,0.9908975,-0.4843878,0.1915925,0.491438,0.7876719,0.3183615,
1,31,91.499,0.5413064,0.9908975,-0.4843878,0.1915925,0.491438,0.7876719,0.3183615,
1,31,91.501,0.5412618,0.9909421,-0.4843565,0.1921049,0.4909436,0.7877229,0.318689,
1,31,91.503,0.5412618,0.9909421,-0.4843565,0.1921049,0.4909436,0.7877229,0.318689,
1,31,91.505,0.5412618,0.9909421,-0.4843565,0.1921049,0.4909436,0.7877229,0.318689,
1,31,91.507,0.5412618,0.9909421,-0.4843565,0.1921049,0.4909436,0.7877229,0.318689,
1,31,91.509,0.5412599,0.9909799,-0.4843428,0.1924186,0.4905233,0.7877682,0.3190348,
1,31,91.511,0.5412599,0.9909799,-0.4843428,0.1924186,0.4905233,0.7877682,0.3190348,
1,31,91.513,0.5412599,0.9909799,-0.4843428,0.1924186,0.4905233,0.7877682,0.3190348,
1,31,91.515,0.5412599,0.9909799,-0.4843428,0.1924186,0.4905233,0.7877682,0.3190348,
1,31,91.517,0.5412599,0.9909799,-0.4843428,0.1924186,0.4905233,0.7877682,0.3190348,
1,31,91.519,0.5410333,0.990886,-0.4844065,0.192606,0.4904343,0.7877325,0.3191471,
1,31,91.521,0.5410333,0.990886,-0.4844065,0.192606,0.4904343,0.7877325,0.3191471,
1,31,91.523,0.5410333,0.990886,-0.4844065,0.192606,0.4904343,0.7877325,0.3191471,
1,31,91.525,0.5410333,0.990886,-0.4844065,0.192606,0.4904343,0.7877325,0.3191471,
1,31,91.527,0.5409136,0.9908791,-0.4845765,0.1927277,0.4902774,0.7876095,0.3196177,
1,31,91.529,0.5409136,0.9908791,-0.4845765,0.1927277,0.4902774,0.7876095,0.3196177,
1,31,91.531,0.5409136,0.9908791,-0.4845765,0.1927277,0.4902774,0.7876095,0.3196177,
1,31,91.533,0.5409136,0.9908791,-0.4845765,0.1927277,0.4902774,0.7876095,0.3196177,
1,31,91.535,0.5409561,0.9908561,-0.4846232,0.1932797,0.4898499,0.787383,0.3204966,
1,31,91.537,0.5409561,0.9908561,-0.4846232,0.1932797,0.4898499,0.787383,0.3204966,
1,31,91.539,0.5409561,0.9908561,-0.4846232,0.1932797,0.4898499,0.787383,0.3204966,
1,31,91.541,0.5409561,0.9908561,-0.4846232,0.1932797,0.4898499,0.787383,0.3204966,
1,31,91.543,0.5410787,0.9908704,-0.4846266,0.1940471,0.4892861,0.7870775,0.3216423,
1,31,91.545,0.5410787,0.9908704,-0.4846266,0.1940471,0.4892861,0.7870775,0.3216423,
1,31,91.547,0.5410787,0.9908704,-0.4846266,0.1940471,0.4892861,0.7870775,0.3216423,
1,31,91.549,0.5410787,0.9908704,-0.4846266,0.1940471,0.4892861,0.7870775,0.3216423,
1,31,91.551,0.541181,0.9907781,-0.4847118,0.1950422,0.4888681,0.7865378,0.3229934,
1,31,91.553,0.541181,0.9907781,-0.4847118,0.1950422,0.4888681,0.7865378,0.3229934,
1,31,91.555,0.541181,0.9907781,-0.4847118,0.1950422,0.4888681,0.7865378,0.3229934,
1,31,91.557,0.541181,0.9907781,-0.4847118,0.1950422,0.4888681,0.7865378,0.3229934,
1,31,91.559,0.5412728,0.9906846,-0.4848267,0.1958713,0.4886223,0.7859615,0.3242641,
1,31,91.561,0.5412728,0.9906846,-0.4848267,0.1958713,0.4886223,0.7859615,0.3242641,
1,31,91.563,0.5412728,0.9906846,-0.4848267,0.1958713,0.4886223,0.7859615,0.3242641,
1,31,91.565,0.5412728,0.9906846,-0.4848267,0.1958713,0.4886223,0.7859615,0.3242641,
1,31,91.567,0.5412728,0.9906846,-0.4848267,0.1958713,0.4886223,0.7859615,0.3242641,
1,31,91.569,0.5415367,0.9907069,-0.4848862,0.1964203,0.4883004,0.7854611,0.3256269,
1,31,91.571,0.5415367,0.9907069,-0.4848862,0.1964203,0.4883004,0.7854611,0.3256269,
1,31,91.573,0.5415367,0.9907069,-0.4848862,0.1964203,0.4883004,0.7854611,0.3256269,
1,31,91.575,0.5415367,0.9907069,-0.4848862,0.1964203,0.4883004,0.7854611,0.3256269,
1,31,91.577,0.5415936,0.9905437,-0.4850744,0.1962956,0.4886304,0.7849628,0.3264077,
1,31,91.579,0.5415936,0.9905437,-0.4850744,0.1962956,0.4886304,0.7849628,0.3264077,
1,31,91.581,0.5415936,0.9905437,-0.4850744,0.1962956,0.4886304,0.7849628,0.3264077,
1,31,91.583,0.5415936,0.9905437,-0.4850744,0.1962956,0.4886304,0.7849628,0.3264077,
1,31,91.585,0.5416898,0.9906276,-0.485135,0.1958637,0.4889198,0.7847017,0.326861,
1,31,91.587,0.5416898,0.9906276,-0.485135,0.1958637,0.4889198,0.7847017,0.326861,
1,31,91.589,0.5416898,0.9906276,-0.485135,0.1958637,0.4889198,0.7847017,0.326861,
1,31,91.591,0.5416898,0.9906276,-0.485135,0.1958637,0.4889198,0.7847017,0.326861,
1,31,91.593,0.5415601,0.9907191,-0.4852307,0.1957331,0.489334,0.7843194,0.3272369,
1,31,91.595,0.5415601,0.9907191,-0.4852307,0.1957331,0.489334,0.7843194,0.3272369,
1,31,91.597,0.5415601,0.9907191,-0.4852307,0.1957331,0.489334,0.7843194,0.3272369,
1,31,91.599,0.5415601,0.9907191,-0.4852307,0.1957331,0.489334,0.7843194,0.3272369,
1,31,91.601,0.5415894,0.9905666,-0.4853779,0.194726,0.4901756,0.783962,0.3274345,
1,31,91.603,0.5415894,0.9905666,-0.4853779,0.194726,0.4901756,0.783962,0.3274345,
1,31,91.605,0.5415894,0.9905666,-0.4853779,0.194726,0.4901756,0.783962,0.3274345,
1,31,91.607,0.5415894,0.9905666,-0.4853779,0.194726,0.4901756,0.783962,0.3274345,
1,31,91.609,0.5416106,0.9906449,-0.4854516,0.1942153,0.4906112,0.7836441,0.327846,
1,31,91.611,0.5416106,0.9906449,-0.4854516,0.1942153,0.4906112,0.7836441,0.327846,
1,31,91.613,0.5416106,0.9906449,-0.4854516,0.1942153,0.4906112,0.7836441,0.327846,
1,31,91.615,0.5416106,0.9906449,-0.4854516,0.1942153,0.4906112,0.7836441,0.327846,
1,31,91.617,0.5416106,0.9906449,-0.4854516,0.1942153,0.4906112,0.7836441,0.327846,
1,31,91.619,0.5414624,0.9904919,-0.4856487,0.1937866,0.4913675,0.7831326,0.3281891,
1,31,91.621,0.5414624,0.9904919,-0.4856487,0.1937866,0.4913675,0.7831326,0.3281891,
1,31,91.623,0.5414624,0.9904919,-0.4856487,0.1937866,0.4913675,0.7831326,0.3281891,
1,31,91.625,0.5414624,0.9904919,-0.4856487,0.1937866,0.4913675,0.7831326,0.3281891,
1,31,91.627,0.5415269,0.9905981,-0.4856238,0.1935089,0.4916287,0.7827983,0.3287588,
1,31,91.629,0.5415269,0.9905981,-0.4856238,0.1935089,0.4916287,0.7827983,0.3287588,
1,31,91.631,0.5415269,0.9905981,-0.4856238,0.1935089,0.4916287,0.7827983,0.3287588,
1,31,91.633,0.5415269,0.9905981,-0.4856238,0.1935089,0.4916287,0.7827983,0.3287588,
1,31,91.635,0.5414525,0.9907605,-0.485654,0.1930392,0.4920017,0.7825767,0.3290045,
1,31,91.637,0.5414525,0.9907605,-0.485654,0.1930392,0.4920017,0.7825767,0.3290045,
1,31,91.639,0.5414525,0.9907605,-0.485654,0.1930392,0.4920017,0.7825767,0.3290045,
1,31,91.641,0.5414525,0.9907605,-0.485654,0.1930392,0.4920017,0.7825767,0.3290045,
1,31,91.643,0.5414363,0.9908696,-0.4856455,0.1924776,0.4924276,0.7823251,0.3292946,
1,31,91.645,0.5414363,0.9908696,-0.4856455,0.1924776,0.4924276,0.7823251,0.3292946,
1,31,91.647,0.5414363,0.9908696,-0.4856455,0.1924776,0.4924276,0.7823251,0.3292946,
1,31,91.649,0.5414363,0.9908696,-0.4856455,0.1924776,0.4924276,0.7823251,0.3292946,
1,31,91.651,0.5411884,0.9908614,-0.4856462,0.1920385,0.4930159,0.7820128,0.3294126,
1,31,91.653,0.5411884,0.9908614,-0.4856462,0.1920385,0.4930159,0.7820128,0.3294126,
1,31,91.655,0.5411884,0.9908614,-0.4856462,0.1920385,0.4930159,0.7820128,0.3294126,
1,31,91.657,0.5411884,0.9908614,-0.4856462,0.1920385,0.4930159,0.7820128,0.3294126,
1,31,91.659,0.5411115,0.9909499,-0.4855631,0.1915928,0.4933312,0.7817807,0.3297505,
1,31,91.661,0.5411115,0.9909499,-0.4855631,0.1915928,0.4933312,0.7817807,0.3297505,
1,31,91.663,0.5411115,0.9909499,-0.4855631,0.1915928,0.4933312,0.7817807,0.3297505,
1,31,91.665,0.5411115,0.9909499,-0.4855631,0.1915928,0.4933312,0.7817807,0.3297505,
1,31,91.667,0.5411115,0.9909499,-0.4855631,0.1915928,0.4933312,0.7817807,0.3297505,
1,31,91.669,0.5409323,0.9910935,-0.4853949,0.1914798,0.4934666,0.7815561,0.3301459,
1,31,91.671,0.5409323,0.9910935,-0.4853949,0.1914798,0.4934666,0.7815561,0.3301459,
1,31,91.673,0.5409323,0.9910935,-0.4853949,0.1914798,0.4934666,0.7815561,0.3301459,
1,31,91.675,0.5409323,0.9910935,-0.4853949,0.1914798,0.4934666,0.7815561,0.3301459,
1,31,91.677,0.54096,0.9912849,-0.4851618,0.1914043,0.4933953,0.7813764,0.3307212,
1,31,91.679,0.54096,0.9912849,-0.4851618,0.1914043,0.4933953,0.7813764,0.3307212,
1,31,91.681,0.54096,0.9912849,-0.4851618,0.1914043,0.4933953,0.7813764,0.3307212,
1,31,91.683,0.54096,0.9912849,-0.4851618,0.1914043,0.4933953,0.7813764,0.3307212,
1,31,91.685,0.5409708,0.9915148,-0.4849086,0.1916019,0.4932936,0.7811286,0.3313431,
1,31,91.687,0.5409708,0.9915148,-0.4849086,0.1916019,0.4932936,0.7811286,0.3313431,
1,31,91.689,0.5409708,0.9915148,-0.4849086,0.1916019,0.4932936,0.7811286,0.3313431,
1,31,91.691,0.5409708,0.9915148,-0.4849086,0.1916019,0.4932936,0.7811286,0.3313431,
1,31,91.693,0.5409058,0.9916819,-0.4847535,0.1919984,0.4932902,0.7807775,0.3319457,
1,31,91.695,0.5409058,0.9916819,-0.4847535,0.1919984,0.4932902,0.7807775,0.3319457,
1,31,91.697,0.5409058,0.9916819,-0.4847535,0.1919984,0.4932902,0.7807775,0.3319457,
1,31,91.699,0.5409058,0.9916819,-0.4847535,0.1919984,0.4932902,0.7807775,0.3319457,
1,31,91.701,0.5408707,0.9917951,-0.4846612,0.1924439,0.4932872,0.7804019,0.3325748,
1,31,91.703,0.5408707,0.9917951,-0.4846612,0.1924439,0.4932872,0.7804019,0.3325748,
1,31,91.705,0.5408707,0.9917951,-0.4846612,0.1924439,0.4932872,0.7804019,0.3325748,
1,31,91.707,0.5408707,0.9917951,-0.4846612,0.1924439,0.4932872,0.7804019,0.3325748,
1,31,91.709,0.5406885,0.9917667,-0.4846882,0.192914,0.4934953,0.7799582,0.3330345,
1,31,91.711,0.5406885,0.9917667,-0.4846882,0.192914,0.4934953,0.7799582,0.3330345,
1,31,91.713,0.5406885,0.9917667,-0.4846882,0.192914,0.4934953,0.7799582,0.3330345,
1,31,91.715,0.5406885,0.9917667,-0.4846882,0.192914,0.4934953,0.7799582,0.3330345,
1,31,91.717,0.5406885,0.9917667,-0.4846882,0.192914,0.4934953,0.7799582,0.3330345,
1,31,91.719,0.5405895,0.9917218,-0.4847234,0.1933009,0.4936476,0.7795601,0.3335161,
1,31,91.721,0.5405895,0.9917218,-0.4847234,0.1933009,0.4936476,0.7795601,0.3335161,
1,31,91.723,0.5405895,0.9917218,-0.4847234,0.1933009,0.4936476,0.7795601,0.3335161,
1,31,91.725,0.5405895,0.9917218,-0.4847234,0.1933009,0.4936476,0.7795601,0.3335161,
1,31,91.727,0.5403224,0.9915792,-0.4848484,0.1936812,0.493865,0.7792,0.3338148,
1,31,91.729,0.5403224,0.9915792,-0.4848484,0.1936812,0.493865,0.7792,0.3338148,
1,31,91.731,0.5403224,0.9915792,-0.4848484,0.1936812,0.493865,0.7792,0.3338148,
1,31,91.733,0.5403224,0.9915792,-0.4848484,0.1936812,0.493865,0.7792,0.3338148,
1,31,91.735,0.5402615,0.9915438,-0.4848663,0.1938678,0.4939132,0.7790133,0.3340709,
1,31,91.737,0.5402615,0.9915438,-0.4848663,0.1938678,0.4939132,0.7790133,0.3340709,
1,31,91.739,0.5402615,0.9915438,-0.4848663,0.1938678,0.4939132,0.7790133,0.3340709,
1,31,91.741,0.5402615,0.9915438,-0.4848663,0.1938678,0.4939132,0.7790133,0.3340709,
1,31,91.743,0.5401909,0.9916505,-0.4848534,0.1940096,0.493858,0.7789519,0.3342132,
1,31,91.745,0.5401909,0.9916505,-0.4848534,0.1940096,0.493858,0.7789519,0.3342132,
1,31,91.747,0.5401909,0.9916505,-0.4848534,0.1940096,0.493858,0.7789519,0.3342132,
1,31,91.749,0.5401909,0.9916505,-0.4848534,0.1940096,0.493858,0.7789519,0.3342132,
1,31,91.751,0.5401922,0.991715,-0.4848536,0.1940486,0.493768,0.7789621,0.3342997,
1,31,91.753,0.5401922,0.991715,-0.4848536,0.1940486,0.493768,0.7789621,0.3342997,
1,31,91.755,0.5401922,0.991715,-0.4848536,0.1940486,0.493768,0.7789621,0.3342997,
1,31,91.757,0.5401922,0.991715,-0.4848536,0.1940486,0.493768,0.7789621,0.3342997,
1,31,91.759,0.5402926,0.99177,-0.4848542,0.1940704,0.4935687,0.7790241,0.334437,
1,31,91.761,0.5402926,0.99177,-0.4848542,0.1940704,0.4935687,0.7790241,0.334437,
1,31,91.763,0.5402926,0.99177,-0.4848542,0.1940704,0.4935687,0.7790241,0.334437,
1,31,91.765,0.5402926,0.99177,-0.4848542,0.1940704,0.4935687,0.7790241,0.334437,
1,31,91.767,0.5402926,0.99177,-0.4848542,0.1940704,0.4935687,0.7790241,0.334437,
1,31,91.769,0.5402814,0.9916886,-0.4849253,0.194306,0.4934305,0.7789943,0.3345736,
1,31,91.771,0.5402814,0.9916886,-0.4849253,0.194306,0.4934305,0.7789943,0.3345736,
1,31,91.773,0.5402814,0.9916886,-0.4849253,0.194306,0.4934305,0.7789943,0.3345736,
1,31,91.775,0.5402814,0.9916886,-0.4849253,0.194306,0.4934305,0.7789943,0.3345736,
1,31,91.777,0.5404257,0.9916155,-0.4849533,0.1946179,0.4931154,0.7790003,0.3348428,
1,31,91.779,0.5404257,0.9916155,-0.4849533,0.1946179,0.4931154,0.7790003,0.3348428,
1,31,91.781,0.5404257,0.9916155,-0.4849533,0.1946179,0.4931154,0.7790003,0.3348428,
1,31,91.783,0.5404257,0.9916155,-0.4849533,0.1946179,0.4931154,0.7790003,0.3348428,
1,31,91.785,0.5405699,0.9916321,-0.4849536,0.1949846,0.4926505,0.7790985,0.3350852,
1,31,91.787,0.5405699,0.9916321,-0.4849536,0.1949846,0.4926505,0.7790985,0.3350852,
1,31,91.789,0.5405699,0.9916321,-0.4849536,0.1949846,0.4926505,0.7790985,0.3350852,
1,31,91.791,0.5405699,0.9916321,-0.4849536,0.1949846,0.4926505,0.7790985,0.3350852,
1,31,91.793,0.5406312,0.9916489,-0.4849569,0.1952809,0.4922848,0.7792636,0.3350661,
1,31,91.795,0.5406312,0.9916489,-0.4849569,0.1952809,0.4922848,0.7792636,0.3350661,
1,31,91.797,0.5406312,0.9916489,-0.4849569,0.1952809,0.4922848,0.7792636,0.3350661,
1,31,91.799,0.5406312,0.9916489,-0.4849569,0.1952809,0.4922848,0.7792636,0.3350661,
1,31,91.801,0.5407299,0.9917029,-0.4849065,0.1956617,0.491787,0.7794867,0.3350564,
1,31,91.803,0.5407299,0.9917029,-0.4849065,0.1956617,0.491787,0.7794867,0.3350564,
1,31,91.805,0.5407299,0.9917029,-0.4849065,0.1956617,0.491787,0.7794867,0.3350564,
1,31,91.807,0.5407299,0.9917029,-0.4849065,0.1956617,0.491787,0.7794867,0.3350564,
1,31,91.809,0.5407767,0.9917442,-0.4848682,0.1961647,0.4913348,0.7796693,0.3350005,
1,31,91.811,0.5407767,0.9917442,-0.4848682,0.1961647,0.4913348,0.7796693,0.3350005,
1,31,91.813,0.5407767,0.9917442,-0.4848682,0.1961647,0.4913348,0.7796693,0.3350005,
1,31,91.815,0.5407767,0.9917442,-0.4848682,0.1961647,0.4913348,0.7796693,0.3350005,
1,31,91.817,0.5407767,0.9917442,-0.4848682,0.1961647,0.4913348,0.7796693,0.3350005,
1,31,91.819,0.5408868,0.991923,-0.4847476,0.197094,0.490555,0.7798713,0.3351277,
1,31,91.821,0.5408868,0.991923,-0.4847476,0.197094,0.490555,0.7798713,0.3351277,
1,31,91.823,0.5408868,0.991923,-0.4847476,0.197094,0.490555,0.7798713,0.3351277,
1,31,91.825,0.5408868,0.991923,-0.4847476,0.197094,0.490555,0.7798713,0.3351277,
1,31,91.827,0.5410233,0.9919711,-0.4846807,0.1980954,0.4898814,0.77994,0.3353625,
1,31,91.829,0.5410233,0.9919711,-0.4846807,0.1980954,0.4898814,0.77994,0.3353625,
1,31,91.831,0.5410233,0.9919711,-0.4846807,0.1980954,0.4898814,0.77994,0.3353625,
1,31,91.833,0.5410233,0.9919711,-0.4846807,0.1980954,0.4898814,0.77994,0.3353625,
1,31,91.835,0.5409881,0.9920545,-0.484626,0.199136,0.4893946,0.7800176,0.3352766,
1,31,91.837,0.5409881,0.9920545,-0.484626,0.199136,0.4893946,0.7800176,0.3352766,
1,31,91.839,0.5409881,0.9920545,-0.484626,0.199136,0.4893946,0.7800176,0.3352766,
1,31,91.841,0.5409881,0.9920545,-0.484626,0.199136,0.4893946,0.7800176,0.3352766,
1,31,91.843,0.5410436,0.9921514,-0.4845468,0.2001185,0.4889031,0.78011,0.3351937,
1,31,91.845,0.5410436,0.9921514,-0.4845468,0.2001185,0.4889031,0.78011,0.3351937,
1,31,91.847,0.5410436,0.9921514,-0.4845468,0.2001185,0.4889031,0.78011,0.3351937,
1,31,91.849,0.5410436,0.9921514,-0.4845468,0.2001185,0.4889031,0.78011,0.3351937,
1,31,91.851,0.540989,0.9922403,-0.4844382,0.2008695,0.4886383,0.7802626,0.3347751,
1,31,91.853,0.540989,0.9922403,-0.4844382,0.2008695,0.4886383,0.7802626,0.3347751,
1,31,91.855,0.540989,0.9922403,-0.4844382,0.2008695,0.4886383,0.7802626,0.3347751,
1,31,91.857,0.540989,0.9922403,-0.4844382,0.2008695,0.4886383,0.7802626,0.3347751,
1,31,91.859,0.54098,0.9923272,-0.4843411,0.2013606,0.4884845,0.7804296,0.3343149,
1,31,91.861,0.54098,0.9923272,-0.4843411,0.2013606,0.4884845,0.7804296,0.3343149,
1,31,91.863,0.54098,0.9923272,-0.4843411,0.2013606,0.4884845,0.7804296,0.3343149,
1,31,91.865,0.54098,0.9923272,-0.4843411,0.2013606,0.4884845,0.7804296,0.3343149,
1,31,91.867,0.54098,0.9923272,-0.4843411,0.2013606,0.4884845,0.7804296,0.3343149,
1,31,91.869,0.5411339,0.9924459,-0.4842105,0.2016833,0.4883025,0.7806171,0.3339483,
1,31,91.871,0.5411339,0.9924459,-0.4842105,0.2016833,0.4883025,0.7806171,0.3339483,
1,31,91.873,0.5411339,0.9924459,-0.4842105,0.2016833,0.4883025,0.7806171,0.3339483,
1,31,91.875,0.5411339,0.9924459,-0.4842105,0.2016833,0.4883025,0.7806171,0.3339483,
1,31,91.877,0.5409852,0.9923243,-0.4842106,0.2019928,0.488635,0.7806106,0.3332895,
1,31,91.879,0.5409852,0.9923243,-0.4842106,0.2019928,0.488635,0.7806106,0.3332895,
1,31,91.881,0.5409852,0.9923243,-0.4842106,0.2019928,0.488635,0.7806106,0.3332895,
1,31,91.883,0.5409852,0.9923243,-0.4842106,0.2019928,0.488635,0.7806106,0.3332895,
1,31,91.885,0.5410608,0.9924445,-0.4840632,0.2023917,0.4885648,0.7807244,0.3328837,
1,31,91.887,0.5410608,0.9924445,-0.4840632,0.2023917,0.4885648,0.7807244,0.3328837,
1,31,91.889,0.5410608,0.9924445,-0.4840632,0.2023917,0.4885648,0.7807244,0.3328837,
1,31,91.891,0.5410608,0.9924445,-0.4840632,0.2023917,0.4885648,0.7807244,0.3328837,
1,31,91.893,0.5410802,0.9924424,-0.4839986,0.2027338,0.4887238,0.7807255,0.3324393,
1,31,91.895,0.5410802,0.9924424,-0.4839986,0.2027338,0.4887238,0.7807255,0.3324393,
1,31,91.897,0.5410802,0.9924424,-0.4839986,0.2027338,0.4887238,0.7807255,0.3324393,
1,31,91.899,0.5410802,0.9924424,-0.4839986,0.2027338,0.4887238,0.7807255,0.3324393,
1,31,91.901,0.5411006,0.9923475,-0.4840456,0.2030285,0.4889856,0.7806165,0.3321303,
1,31,91.903,0.5411006,0.9923475,-0.4840456,0.2030285,0.4889856,0.7806165,0.3321303,
1,31,91.905,0.5411006,0.9923475,-0.4840456,0.2030285,0.4889856,0.7806165,0.3321303,
1,31,91.907,0.5411006,0.9923475,-0.4840456,0.2030285,0.4889856,0.7806165,0.3321303,
1,31,91.909,0.5413007,0.9923632,-0.4840219,0.2032094,0.4890619,0.7805949,0.3319577,
1,31,91.911,0.5413007,0.9923632,-0.4840219,0.2032094,0.4890619,0.7805949,0.3319577,
1,31,91.913,0.5413007,0.9923632,-0.4840219,0.2032094,0.4890619,0.7805949,0.3319577,
1,31,91.915,0.5413007,0.9923632,-0.4840219,0.2032094,0.4890619,0.7805949,0.3319577,
1,31,91.917,0.5413007,0.9923632,-0.4840219,0.2032094,0.4890619,0.7805949,0.3319577,
1,31,91.919,0.5411733,0.9921491,-0.4841936,0.2033935,0.4895998,0.7803797,0.3315581,
1,31,91.921,0.5411733,0.9921491,-0.4841936,0.2033935,0.4895998,0.7803797,0.3315581,
1,31,91.923,0.5411733,0.9921491,-0.4841936,0.2033935,0.4895998,0.7803797,0.3315581,
1,31,91.925,0.5411733,0.9921491,-0.4841936,0.2033935,0.4895998,0.7803797,0.3315581,
1,31,91.927,0.5412363,0.9920127,-0.4843297,0.2034246,0.4899926,0.7802429,0.3312802,
1,31,91.929,0.5412363,0.9920127,-0.4843297,0.2034246,0.4899926,0.7802429,0.3312802,
1,31,91.931,0.5412363,0.9920127,-0.4843297,0.2034246,0.4899926,0.7802429,0.3312802,
1,31,91.933,0.5412363,0.9920127,-0.4843297,0.2034246,0.4899926,0.7802429,0.3312802,
1,31,91.935,0.5415286,0.9920324,-0.4843999,0.2033015,0.4900959,0.7802701,0.3311393,
1,31,91.937,0.5415286,0.9920324,-0.4843999,0.2033015,0.4900959,0.7802701,0.3311393,
1,31,91.939,0.5415286,0.9920324,-0.4843999,0.2033015,0.4900959,0.7802701,0.3311393,
1,31,91.941,0.5415286,0.9920324,-0.4843999,0.2033015,0.4900959,0.7802701,0.3311393,
1,31,91.943,0.5416186,0.9919136,-0.4845916,0.2031465,0.490468,0.7802119,0.3308203,
1,31,91.945,0.5416186,0.9919136,-0.4845916,0.2031465,0.490468,0.7802119,0.3308203,
1,31,91.947,0.5416186,0.9919136,-0.4845916,0.2031465,0.490468,0.7802119,0.3308203,
1,31,91.949,0.5416186,0.9919136,-0.4845916,0.2031465,0.490468,0.7802119,0.3308203,
1,31,91.951,0.5418187,0.9919252,-0.4846962,0.2029539,0.4905179,0.7803169,0.3306168,
1,31,91.953,0.5418187,0.9919252,-0.4846962,0.2029539,0.4905179,0.7803169,0.3306168,
1,31,91.955,0.5418187,0.9919252,-0.4846962,0.2029539,0.4905179,0.7803169,0.3306168,
1,31,91.957,0.5418187,0.9919252,-0.4846962,0.2029539,0.4905179,0.7803169,0.3306168,
1,31,91.959,0.5417299,0.9918188,-0.484919,0.2029249,0.4907152,0.7803458,0.3302735,
1,31,91.961,0.5417299,0.9918188,-0.484919,0.2029249,0.4907152,0.7803458,0.3302735,
1,31,91.963,0.5417299,0.9918188,-0.484919,0.2029249,0.4907152,0.7803458,0.3302735,
1,31,91.965,0.5417299,0.9918188,-0.484919,0.2029249,0.4907152,0.7803458,0.3302735,
1,31,91.967,0.5417299,0.9918188,-0.484919,0.2029249,0.4907152,0.7803458,0.3302735,
1,31,91.969,0.5417633,0.9917731,-0.4851006,0.203025,0.4906097,0.7804084,0.3302208,
1,31,91.971,0.5417633,0.9917731,-0.4851006,0.203025,0.4906097,0.7804084,0.3302208,
1,31,91.973,0.5417633,0.9917731,-0.4851006,0.203025,0.4906097,0.7804084,0.3302208,
1,31,91.975,0.5417633,0.9917731,-0.4851006,0.203025,0.4906097,0.7804084,0.3302208,
1,31,91.977,0.5417942,0.9918493,-0.4851862,0.2033366,0.4901731,0.7805593,0.3303208,
1,31,91.979,0.5417942,0.9918493,-0.4851862,0.2033366,0.4901731,0.7805593,0.3303208,
1,31,91.981,0.5417942,0.9918493,-0.4851862,0.2033366,0.4901731,0.7805593,0.3303208,
1,31,91.983,0.5417942,0.9918493,-0.4851862,0.2033366,0.4901731,0.7805593,0.3303208,
1,31,91.985,0.5417109,0.9917727,-0.4853399,0.2035343,0.4899628,0.7806377,0.3303258,
1,31,91.987,0.5417109,0.9917727,-0.4853399,0.2035343,0.4899628,0.7806377,0.3303258,
1,31,91.989,0.5417109,0.9917727,-0.4853399,0.2035343,0.4899628,0.7806377,0.3303258,
1,31,91.991,0.5417109,0.9917727,-0.4853399,0.2035343,0.4899628,0.7806377,0.3303258,
1,31,91.993,0.5417042,0.9917885,-0.4854211,0.203536,0.4896666,0.7808342,0.3302993,
1,31,91.995,0.5417042,0.9917885,-0.4854211,0.203536,0.4896666,0.7808342,0.3302993,
1,31,91.997,0.5417042,0.9917885,-0.4854211,0.203536,0.4896666,0.7808342,0.3302993,
1,31,91.999,0.5417042,0.9917885,-0.4854211,0.203536,0.4896666,0.7808342,0.3302993,
1,31,92.001,0.5417765,0.99191,-0.4855218,0.2034254,0.4892585,0.7810912,0.3303649,
1,31,92.003,0.5417765,0.99191,-0.4855218,0.2034254,0.4892585,0.7810912,0.3303649,
1,31,92.005,0.5417765,0.99191,-0.4855218,0.2034254,0.4892585,0.7810912,0.3303649,
1,31,92.007,0.5417765,0.99191,-0.4855218,0.2034254,0.4892585,0.7810912,0.3303649,
1,31,92.009,0.5416383,0.9918343,-0.4857326,0.2030136,0.4892969,0.7812648,0.3301507,
1,31,92.011,0.5416383,0.9918343,-0.4857326,0.2030136,0.4892969,0.7812648,0.3301507,
1,31,92.013,0.5416383,0.9918343,-0.4857326,0.2030136,0.4892969,0.7812648,0.3301507,
1,31,92.015,0.5416383,0.9918343,-0.4857326,0.2030136,0.4892969,0.7812648,0.3301507,
1,31,92.017,0.5416383,0.9918343,-0.4857326,0.2030136,0.4892969,0.7812648,0.3301507,
1,31,92.019,0.5416495,0.9919298,-0.4858475,0.2026214,0.4890619,0.7815389,0.3300908,
1,31,92.021,0.5416495,0.9919298,-0.4858475,0.2026214,0.4890619,0.7815389,0.3300908,
1,31,92.023,0.5416495,0.9919298,-0.4858475,0.2026214,0.4890619,0.7815389,0.3300908,
1,31,92.025,0.5416495,0.9919298,-0.4858475,0.2026214,0.4890619,0.7815389,0.3300908,
1,31,92.027,0.5415763,0.9919614,-0.4860397,0.2021855,0.489001,0.7817149,0.3300315,
1,31,92.029,0.5415763,0.9919614,-0.4860397,0.2021855,0.489001,0.7817149,0.3300315,
1,31,92.031,0.5415763,0.9919614,-0.4860397,0.2021855,0.489001,0.7817149,0.3300315,
1,31,92.033,0.5415763,0.9919614,-0.4860397,0.2021855,0.489001,0.7817149,0.3300315,
1,31,92.035,0.5417148,0.9920324,-0.4861855,0.2016111,0.4888004,0.7819074,0.3302239,
1,31,92.037,0.5417148,0.9920324,-0.4861855,0.2016111,0.4888004,0.7819074,0.3302239,
1,31,92.039,0.5417148,0.9920324,-0.4861855,0.2016111,0.4888004,0.7819074,0.3302239,
1,31,92.041,0.5417148,0.9920324,-0.4861855,0.2016111,0.4888004,0.7819074,0.3302239,
1,31,92.043,0.5417124,0.9921356,-0.4862996,0.2013217,0.4885973,0.7820073,0.3304645,
1,31,92.045,0.5417124,0.9921356,-0.4862996,0.2013217,0.4885973,0.7820073,0.3304645,
1,31,92.047,0.5417124,0.9921356,-0.4862996,0.2013217,0.4885973,0.7820073,0.3304645,
1,31,92.049,0.5417124,0.9921356,-0.4862996,0.2013217,0.4885973,0.7820073,0.3304645,
1,31,92.051,0.5419412,0.9922122,-0.4864233,0.2006799,0.488406,0.782095,0.3309301,
1,31,92.053,0.5419412,0.9922122,-0.4864233,0.2006799,0.488406,0.782095,0.3309301,
1,31,92.055,0.5419412,0.9922122,-0.4864233,0.2006799,0.488406,0.782095,0.3309301,
1,31,92.057,0.5419412,0.9922122,-0.4864233,0.2006799,0.488406,0.782095,0.3309301,
1,31,92.059,0.541907,0.9921014,-0.486566,0.2000964,0.4885899,0.7820252,0.3311769,
1,31,92.061,0.541907,0.9921014,-0.486566,0.2000964,0.4885899,0.7820252,0.3311769,
1,31,92.063,0.541907,0.9921014,-0.486566,0.2000964,0.4885899,0.7820252,0.3311769,
1,31,92.065,0.541907,0.9921014,-0.486566,0.2000964,0.4885899,0.7820252,0.3311769,
1,31,92.067,0.541907,0.9921014,-0.486566,0.2000964,0.4885899,0.7820252,0.3311769,
1,31,92.069,0.5419878,0.9921282,-0.4865974,0.1995969,0.4885277,0.7820423,0.3315294,
1,31,92.071,0.5419878,0.9921282,-0.4865974,0.1995969,0.4885277,0.7820423,0.3315294,
1,31,92.073,0.5419878,0.9921282,-0.4865974,0.1995969,0.4885277,0.7820423,0.3315294,
1,31,92.075,0.5419878,0.9921282,-0.4865974,0.1995969,0.4885277,0.7820423,0.3315294,
1,31,92.077,0.542111,0.9921434,-0.4866085,0.1988955,0.4885395,0.7820851,0.3318323,
1,31,92.079,0.542111,0.9921434,-0.4866085,0.1988955,0.4885395,0.7820851,0.3318323,
1,31,92.081,0.542111,0.9921434,-0.4866085,0.1988955,0.4885395,0.7820851,0.3318323,
1,31,92.083,0.542111,0.9921434,-0.4866085,0.1988955,0.4885395,0.7820851,0.3318323,CourtEnter
1,31,92.085,0.5418609,0.9919971,-0.4866663,0.1984287,0.488909,0.7819681,0.3318431,
1,31,92.087,0.5418609,0.9919971,-0.4866663,0.1984287,0.488909,0.7819681,0.3318431,
1,31,92.089,0.5418609,0.9919971,-0.4866663,0.1984287,0.488909,0.7819681,0.3318431,
1,31,92.091,0.5418609,0.9919971,-0.4866663,0.1984287,0.488909,0.7819681,0.3318431,CourtExit
1,31,92.093,0.5416535,0.9918864,-0.4867256,0.1980993,0.4891522,0.7818488,0.3319629,
1,31,92.095,0.5416535,0.9918864,-0.4867256,0.1980993,0.4891522,0.7818488,0.3319629,
1,31,92.097,0.5416535,0.9918864,-0.4867256,0.1980993,0.4891522,0.7818488,0.3319629,
1,31,92.099,0.5416535,0.9918864,-0.4867256,0.1980993,0.4891522,0.7818488,0.3319629,
1,31,92.101,0.541515,0.9918506,-0.4866785,0.1978745,0.4892077,0.781796,0.3321393,
1,31,92.103,0.541515,0.9918506,-0.4866785,0.1978745,0.4892077,0.781796,0.3321393,
1,31,92.105,0.541515,0.9918506,-0.4866785,0.1978745,0.4892077,0.781796,0.3321393,
1,31,92.107,0.541515,0.9918506,-0.4866785,0.1978745,0.4892077,0.781796,0.3321393,
1,31,92.109,0.5414737,0.9919959,-0.4865327,0.1980748,0.4889289,0.7817479,0.3325438,
1,31,92.111,0.5414737,0.9919959,-0.4865327,0.1980748,0.4889289,0.7817479,0.3325438,
1,31,92.113,0.5414737,0.9919959,-0.4865327,0.1980748,0.4889289,0.7817479,0.3325438,
1,31,92.115,0.5414737,0.9919959,-0.4865327,0.1980748,0.4889289,0.7817479,0.3325438,
1,31,92.117,0.5414737,0.9919959,-0.4865327,0.1980748,0.4889289,0.7817479,0.3325438,
1,31,92.119,0.541195,0.9920092,-0.4865161,0.1985036,0.4889225,0.7815366,0.3327938,
1,31,92.121,0.541195,0.9920092,-0.4865161,0.1985036,0.4889225,0.7815366,0.3327938,
1,31,92.123,0.541195,0.9920092,-0.4865161,0.1985036,0.4889225,0.7815366,0.3327938,
1,31,92.125,0.541195,0.9920092,-0.4865161,0.1985036,0.4889225,0.7815366,0.3327938,
1,31,92.127,0.5411885,0.9922817,-0.4863814,0.198918,0.4885207,0.7815084,0.3332024,
1,31,92.129,0.5411885,0.9922817,-0.4863814,0.198918,0.4885207,0.7815084,0.3332024,
1,31,92.131,0.5411885,0.9922817,-0.4863814,0.198918,0.4885207,0.7815084,0.3332024,
1,31,92.133,0.5411885,0.9922817,-0.4863814,0.198918,0.4885207,0.7815084,0.3332024,
1,31,92.135,0.5411097,0.9926376,-0.4861901,0.199233,0.488288,0.7814338,0.3335302,
1,31,92.137,0.5411097,0.9926376,-0.4861901,0.199233,0.488288,0.7814338,0.3335302,
1,31,92.139,0.5411097,0.9926376,-0.4861901,0.199233,0.488288,0.7814338,0.3335302,
1,31,92.141,0.5411097,0.9926376,-0.4861901,0.199233,0.488288,0.7814338,0.3335302,
1,31,92.143,0.5408497,0.9925037,-0.4862618,0.1992951,0.488744,0.7811321,0.3335317,
1,31,92.145,0.5408497,0.9925037,-0.4862618,0.1992951,0.488744,0.7811321,0.3335317,
1,31,92.147,0.5408497,0.9925037,-0.4862618,0.1992951,0.488744,0.7811321,0.3335317,
1,31,92.149,0.5408497,0.9925037,-0.4862618,0.1992951,0.488744,0.7811321,0.3335317,
1,31,92.151,0.5408854,0.9926495,-0.4861556,0.1990953,0.4888282,0.7811083,0.3335835,
1,31,92.153,0.5408854,0.9926495,-0.4861556,0.1990953,0.4888282,0.7811083,0.3335835,
1,31,92.155,0.5408854,0.9926495,-0.4861556,0.1990953,0.4888282,0.7811083,0.3335835,
1,31,92.157,0.5408854,0.9926495,-0.4861556,0.1990953,0.4888282,0.7811083,0.3335835,
1,31,92.159,0.5407927,0.9926637,-0.4860672,0.1988919,0.4891295,0.7809965,0.3335249,
1,31,92.161,0.5407927,0.9926637,-0.4860672,0.1988919,0.4891295,0.7809965,0.3335249,
1,31,92.163,0.5407927,0.9926637,-0.4860672,0.1988919,0.4891295,0.7809965,0.3335249,
1,31,92.165,0.5407927,0.9926637,-0.4860672,0.1988919,0.4891295,0.7809965,0.3335249,
1,31,92.167,0.5407927,0.9926637,-0.4860672,0.1988919,0.4891295,0.7809965,0.3335249,
1,31,92.169,0.5407994,0.9926898,-0.4859763,0.1985632,0.4893504,0.7809616,0.3334784,
1,31,92.171,0.5407994,0.9926898,-0.4859763,0.1985632,0.4893504,0.7809616,0.3334784,
1,31,92.173,0.5407994,0.9926898,-0.4859763,0.1985632,0.4893504,0.7809616,0.3334784,
1,31,92.175,0.5407994,0.9926898,-0.4859763,0.1985632,0.4893504,0.7809616,0.3334784,
1,31,92.177,0.5407718,0.9927227,-0.4859494,0.1984555,0.4895374,0.7808603,0.3335054,
1,31,92.179,0.5407718,0.9927227,-0.4859494,0.1984555,0.4895374,0.7808603,0.3335054,
1,31,92.181,0.5407718,0.9927227,-0.4859494,0.1984555,0.4895374,0.7808603,0.3335054,
1,31,92.183,0.5407718,0.9927227,-0.4859494,0.1984555,0.4895374,0.7808603,0.3335054,
1,31,92.185,0.5408205,0.9928517,-0.4858841,0.1984331,0.4895523,0.780823,0.3335843,
1,31,92.187,0.5408205,0.9928517,-0.4858841,0.1984331,0.4895523,0.780823,0.3335843,
1,31,92.189,0.5408205,0.9928517,-0.4858841,0.1984331,0.4895523,0.780823,0.3335843,
1,31,92.191,0.5408205,0.9928517,-0.4858841,0.1984331,0.4895523,0.780823,0.3335843,
1,31,92.193,0.5407344,0.9928677,-0.4859087,0.1985501,0.4896915,0.7806912,0.3336187,
1,31,92.195,0.5407344,0.9928677,-0.4859087,0.1985501,0.4896915,0.7806912,0.3336187,
1,31,92.197,0.5407344,0.9928677,-0.4859087,0.1985501,0.4896915,0.7806912,0.3336187,
1,31,92.199,0.5407344,0.9928677,-0.4859087,0.1985501,0.4896915,0.7806912,0.3336187,
1,31,92.201,0.5407178,0.9929034,-0.4859356,0.1987363,0.4896785,0.7805893,0.3337652,
1,31,92.203,0.5407178,0.9929034,-0.4859356,0.1987363,0.4896785,0.7805893,0.3337652,
1,31,92.205,0.5407178,0.9929034,-0.4859356,0.1987363,0.4896785,0.7805893,0.3337652,
1,31,92.207,0.5407178,0.9929034,-0.4859356,0.1987363,0.4896785,0.7805893,0.3337652,
1,31,92.209,0.5405579,0.992905,-0.4860117,0.1988703,0.4897839,0.780517,0.3336998,
1,31,92.211,0.5405579,0.992905,-0.4860117,0.1988703,0.4897839,0.780517,0.3336998,
1,31,92.213,0.5405579,0.992905,-0.4860117,0.1988703,0.4897839,0.780517,0.3336998,
1,31,92.215,0.5405579,0.992905,-0.4860117,0.1988703,0.4897839,0.780517,0.3336998,
1,31,92.217,0.5405579,0.992905,-0.4860117,0.1988703,0.4897839,0.780517,0.3336998,
1,31,92.219,0.5404903,0.9928806,-0.4860453,0.1988574,0.489792,0.780516,0.333698,
1,31,92.221,0.5404903,0.9928806,-0.4860453,0.1988574,0.489792,0.780516,0.333698,
1,31,92.223,0.5404903,0.9928806,-0.4860453,0.1988574,0.489792,0.780516,0.333698,
1,31,92.225,0.5404903,0.9928806,-0.4860453,0.1988574,0.489792,0.780516,0.333698,
1,31,92.227,0.540373,0.9928191,-0.4861385,0.1987537,0.4898706,0.7805275,0.3336174,
1,31,92.229,0.540373,0.9928191,-0.4861385,0.1987537,0.4898706,0.7805275,0.3336174,
1,31,92.231,0.540373,0.9928191,-0.4861385,0.1987537,0.4898706,0.7805275,0.3336174,
1,31,92.233,0.540373,0.9928191,-0.4861385,0.1987537,0.4898706,0.7805275,0.3336174,
1,31,92.235,0.5405031,0.9929652,-0.4861034,0.1986974,0.4895376,0.7806932,0.3337522,
1,31,92.237,0.5405031,0.9929652,-0.4861034,0.1986974,0.4895376,0.7806932,0.3337522,
1,31,92.239,0.5405031,0.9929652,-0.4861034,0.1986974,0.4895376,0.7806932,0.3337522,
1,31,92.241,0.5405031,0.9929652,-0.4861034,0.1986974,0.4895376,0.7806932,0.3337522,
1,31,92.243,0.5404125,0.9929518,-0.4861698,0.1988239,0.4894852,0.780694,0.3337517,
1,31,92.245,0.5404125,0.9929518,-0.4861698,0.1988239,0.4894852,0.780694,0.3337517,
1,31,92.247,0.5404125,0.9929518,-0.4861698,0.1988239,0.4894852,0.780694,0.3337517,
1,31,92.249,0.5404125,0.9929518,-0.4861698,0.1988239,0.4894852,0.780694,0.3337517,
1,31,92.251,0.540387,0.9929217,-0.4862752,0.1989157,0.4893698,0.7806901,0.3338756,
1,31,92.253,0.540387,0.9929217,-0.4862752,0.1989157,0.4893698,0.7806901,0.3338756,
1,31,92.255,0.540387,0.9929217,-0.4862752,0.1989157,0.4893698,0.7806901,0.3338756,
1,31,92.257,0.540387,0.9929217,-0.4862752,0.1989157,0.4893698,0.7806901,0.3338756,
1,31,92.259,0.5405056,0.9929969,-0.4863114,0.1989286,0.4890806,0.7807941,0.3340479,
1,31,92.261,0.5405056,0.9929969,-0.4863114,0.1989286,0.4890806,0.7807941,0.3340479,
1,31,92.263,0.5405056,0.9929969,-0.4863114,0.1989286,0.4890806,0.7807941,0.3340479,
1,31,92.265,0.5405056,0.9929969,-0.4863114,0.1989286,0.4890806,0.7807941,0.3340479,
1,31,92.267,0.5405056,0.9929969,-0.4863114,0.1989286,0.4890806,0.7807941,0.3340479,
1,31,92.269,0.5404792,0.9928956,-0.4864298,0.1988055,0.4891361,0.780791,0.3340474,
1,31,92.271,0.5404792,0.9928956,-0.4864298,0.1988055,0.4891361,0.780791,0.3340474,
1,31,92.273,0.5404792,0.9928956,-0.4864298,0.1988055,0.4891361,0.780791,0.3340474,
1,31,92.275,0.5404792,0.9928956,-0.4864298,0.1988055,0.4891361,0.780791,0.3340474,
1,31,92.277,0.5405253,0.9928316,-0.4865068,0.1985576,0.4890996,0.780871,0.3340612,
1,31,92.279,0.5405253,0.9928316,-0.4865068,0.1985576,0.4890996,0.780871,0.3340612,
1,31,92.281,0.5405253,0.9928316,-0.4865068,0.1985576,0.4890996,0.780871,0.3340612,
1,31,92.283,0.5405253,0.9928316,-0.4865068,0.1985576,0.4890996,0.780871,0.3340612,
1,31,92.285,0.5405351,0.9927318,-0.4866108,0.1982657,0.4891368,0.7809405,0.3340176,
1,31,92.287,0.5405351,0.9927318,-0.4866108,0.1982657,0.4891368,0.7809405,0.3340176,
1,31,92.289,0.5405351,0.9927318,-0.4866108,0.1982657,0.4891368,0.7809405,0.3340176,
1,31,92.291,0.5405351,0.9927318,-0.4866108,0.1982657,0.4891368,0.7809405,0.3340176,
1,31,92.293,0.540501,0.992569,-0.4867193,0.1979434,0.4892702,0.7809842,0.3339114,
1,31,92.295,0.540501,0.992569,-0.4867193,0.1979434,0.4892702,0.7809842,0.3339114,
1,31,92.297,0.540501,0.992569,-0.4867193,0.1979434,0.4892702,0.7809842,0.3339114,
1,31,92.299,0.540501,0.992569,-0.4867193,0.1979434,0.4892702,0.7809842,0.3339114,
1,31,92.301,0.5405412,0.9924712,-0.4867606,0.1977209,0.4892401,0.7810623,0.3339048,
1,31,92.303,0.5405412,0.9924712,-0.4867606,0.1977209,0.4892401,0.7810623,0.3339048,
1,31,92.305,0.5405412,0.9924712,-0.4867606,0.1977209,0.4892401,0.7810623,0.3339048,
1,31,92.307,0.5405412,0.9924712,-0.4867606,0.1977209,0.4892401,0.7810623,0.3339048,
1,31,92.309,0.5405888,0.9924462,-0.4868244,0.197448,0.4891499,0.7811989,0.3338788,
1,31,92.311,0.5405888,0.9924462,-0.4868244,0.197448,0.4891499,0.7811989,0.3338788,
1,31,92.313,0.5405888,0.9924462,-0.4868244,0.197448,0.4891499,0.7811989,0.3338788,
1,31,92.315,0.5405888,0.9924462,-0.4868244,0.197448,0.4891499,0.7811989,0.3338788,
1,31,92.317,0.5405888,0.9924462,-0.4868244,0.197448,0.4891499,0.7811989,0.3338788,
1,31,92.319,0.5406176,0.9925165,-0.4868733,0.1972261,0.4890096,0.7814016,0.333741,
1,31,92.321,0.5406176,0.9925165,-0.4868733,0.1972261,0.4890096,0.7814016,0.333741,
1,31,92.323,0.5406176,0.9925165,-0.4868733,0.1972261,0.4890096,0.7814016,0.333741,
1,31,92.325,0.5406176,0.9925165,-0.4868733,0.1972261,0.4890096,0.7814016,0.333741,
1,31,92.327,0.5406295,0.992577,-0.4869197,0.1970665,0.4888336,0.7815975,0.3336346,
1,31,92.329,0.5406295,0.992577,-0.4869197,0.1970665,0.4888336,0.7815975,0.3336346,
1,31,92.331,0.5406295,0.992577,-0.4869197,0.1970665,0.4888336,0.7815975,0.3336346,
1,31,92.333,0.5406295,0.992577,-0.4869197,0.1970665,0.4888336,0.7815975,0.3336346,
1,31,92.335,0.5406902,0.9927702,-0.4869315,0.1970797,0.4884225,0.7818574,0.3336197,
1,31,92.337,0.5406902,0.9927702,-0.4869315,0.1970797,0.4884225,0.7818574,0.3336197,
1,31,92.339,0.5406902,0.9927702,-0.4869315,0.1970797,0.4884225,0.7818574,0.3336197,
1,31,92.341,0.5406902,0.9927702,-0.4869315,0.1970797,0.4884225,0.7818574,0.3336197,
1,31,92.343,0.5407259,0.9929205,-0.486969,0.197271,0.4880309,0.782011,0.3337195,
1,31,92.345,0.5407259,0.9929205,-0.486969,0.197271,0.4880309,0.782011,0.3337195,
1,31,92.347,0.5407259,0.9929205,-0.486969,0.197271,0.4880309,0.782011,0.3337195,
1,31,92.349,0.5407259,0.9929205,-0.486969,0.197271,0.4880309,0.782011,0.3337195,
1,31,92.351,0.5406088,0.9929447,-0.4870509,0.1977662,0.4877512,0.7819976,0.3338668,
1,31,92.353,0.5406088,0.9929447,-0.4870509,0.1977662,0.4877512,0.7819976,0.3338668,
1,31,92.355,0.5406088,0.9929447,-0.4870509,0.1977662,0.4877512,0.7819976,0.3338668,
1,31,92.357,0.5406088,0.9929447,-0.4870509,0.1977662,0.4877512,0.7819976,0.3338668,
1,31,92.359,0.5407726,0.9929886,-0.4870603,0.1979091,0.487294,0.7821161,0.3341723,
1,31,92.361,0.5407726,0.9929886,-0.4870603,0.1979091,0.487294,0.7821161,0.3341723,
1,31,92.363,0.5407726,0.9929886,-0.4870603,0.1979091,0.487294,0.7821161,0.3341723,
1,31,92.365,0.5407726,0.9929886,-0.4870603,0.1979091,0.487294,0.7821161,0.3341723,
1,31,92.367,0.5407726,0.9929886,-0.4870603,0.1979091,0.487294,0.7821161,0.3341723,
1,31,92.369,0.5408814,0.9930493,-0.4870308,0.1977017,0.4872015,0.782259,0.3340952,
1,31,92.371,0.5408814,0.9930493,-0.4870308,0.1977017,0.4872015,0.782259,0.3340952,
1,31,92.373,0.5408814,0.9930493,-0.4870308,0.1977017,0.4872015,0.782259,0.3340952,
1,31,92.375,0.5408814,0.9930493,-0.4870308,0.1977017,0.4872015,0.782259,0.3340952,
1,31,92.377,0.5410189,0.9930554,-0.4870211,0.197163,0.4872576,0.7824502,0.333884,
1,31,92.379,0.5410189,0.9930554,-0.4870211,0.197163,0.4872576,0.7824502,0.333884,
1,31,92.381,0.5410189,0.9930554,-0.4870211,0.197163,0.4872576,0.7824502,0.333884,
1,31,92.383,0.5410189,0.9930554,-0.4870211,0.197163,0.4872576,0.7824502,0.333884,
1,31,92.385,0.5409058,0.9929286,-0.4870545,0.1966112,0.4875824,0.7825816,0.3334271,
1,31,92.387,0.5409058,0.9929286,-0.4870545,0.1966112,0.4875824,0.7825816,0.3334271,
1,31,92.389,0.5409058,0.9929286,-0.4870545,0.1966112,0.4875824,0.7825816,0.3334271,
1,31,92.391,0.5409058,0.9929286,-0.4870545,0.1966112,0.4875824,0.7825816,0.3334271,
1,31,92.393,0.541,0.9929944,-0.4869836,0.1961309,0.4875738,0.7828074,0.3331923,
1,31,92.395,0.541,0.9929944,-0.4869836,0.1961309,0.4875738,0.7828074,0.3331923,
1,31,92.397,0.541,0.9929944,-0.4869836,0.1961309,0.4875738,0.7828074,0.3331923,
1,31,92.399,0.541,0.9929944,-0.4869836,0.1961309,0.4875738,0.7828074,0.3331923,
1,31,92.401,0.541116,0.9930601,-0.4868925,0.1959862,0.4874177,0.7829342,0.3332077,
1,31,92.403,0.541116,0.9930601,-0.4868925,0.1959862,0.4874177,0.7829342,0.3332077,
1,31,92.405,0.541116,0.9930601,-0.4868925,0.1959862,0.4874177,0.7829342,0.3332077,
1,31,92.407,0.541116,0.9930601,-0.4868925,0.1959862,0.4874177,0.7829342,0.3332077,
1,31,92.409,0.5411402,0.9930736,-0.4867936,0.1962523,0.4872669,0.7829012,0.3333493,
1,31,92.411,0.5411402,0.9930736,-0.4867936,0.1962523,0.4872669,0.7829012,0.3333493,
1,31,92.413,0.5411402,0.9930736,-0.4867936,0.1962523,0.4872669,0.7829012,0.3333493,
1,31,92.415,0.5411402,0.9930736,-0.4867936,0.1962523,0.4872669,0.7829012,0.3333493,
1,31,92.417,0.5411402,0.9930736,-0.4867936,0.1962523,0.4872669,0.7829012,0.3333493,
1,31,92.419,0.5411078,0.9930698,-0.4867399,0.1966164,0.4871401,0.7828141,0.3335246,
1,31,92.421,0.5411078,0.9930698,-0.4867399,0.1966164,0.4871401,0.7828141,0.3335246,
1,31,92.423,0.5411078,0.9930698,-0.4867399,0.1966164,0.4871401,0.7828141,0.3335246,
1,31,92.425,0.5411078,0.9930698,-0.4867399,0.1966164,0.4871401,0.7828141,0.3335246,
1,31,92.427,0.5410233,0.993174,-0.4866467,0.1969984,0.4870159,0.7827917,0.3335331,
1,31,92.429,0.5410233,0.993174,-0.4866467,0.1969984,0.4870159,0.7827917,0.3335331,
1,31,92.431,0.5410233,0.993174,-0.4866467,0.1969984,0.4870159,0.7827917,0.3335331,
1,31,92.433,0.5410233,0.993174,-0.4866467,0.1969984,0.4870159,0.7827917,0.3335331,
1,31,92.435,0.5408221,0.9932923,-0.4866149,0.1974594,0.4870749,0.7826936,0.3334045,
1,31,92.437,0.5408221,0.9932923,-0.4866149,0.1974594,0.4870749,0.7826936,0.3334045,
1,31,92.439,0.5408221,0.9932923,-0.4866149,0.1974594,0.4870749,0.7826936,0.3334045,
1,31,92.441,0.5408221,0.9932923,-0.4866149,0.1974594,0.4870749,0.7826936,0.3334045,
1,31,92.443,0.5408179,0.9934199,-0.4865897,0.1976104,0.4870765,0.7826738,0.3333592,
1,31,92.445,0.5408179,0.9934199,-0.4865897,0.1976104,0.4870765,0.7826738,0.3333592,
1,31,92.447,0.5408179,0.9934199,-0.4865897,0.1976104,0.4870765,0.7826738,0.3333592,
1,31,92.449,0.5408179,0.9934199,-0.4865897,0.1976104,0.4870765,0.7826738,0.3333592,
1,31,92.451,0.5406701,0.9933693,-0.4866395,0.1978514,0.4872772,0.7825273,0.3332666,
1,31,92.453,0.5406701,0.9933693,-0.4866395,0.1978514,0.4872772,0.7825273,0.3332666,
1,31,92.455,0.5406701,0.9933693,-0.4866395,0.1978514,0.4872772,0.7825273,0.3332666,
1,31,92.457,0.5406701,0.9933693,-0.4866395,0.1978514,0.4872772,0.7825273,0.3332666,
1,31,92.459,0.5404944,0.9933549,-0.4866368,0.1982171,0.4873851,0.7824203,0.3331432,
1,31,92.461,0.5404944,0.9933549,-0.4866368,0.1982171,0.4873851,0.7824203,0.3331432,
1,31,92.463,0.5404944,0.9933549,-0.4866368,0.1982171,0.4873851,0.7824203,0.3331432,
1,31,92.465,0.5404944,0.9933549,-0.4866368,0.1982171,0.4873851,0.7824203,0.3331432,
1,31,92.467,0.5404944,0.9933549,-0.4866368,0.1982171,0.4873851,0.7824203,0.3331432,
1,31,92.469,0.5402941,0.9933505,-0.4866276,0.1985416,0.4875152,0.7823056,0.333029,
1,31,92.471,0.5402941,0.9933505,-0.4866276,0.1985416,0.4875152,0.7823056,0.333029,
1,31,92.473,0.5402941,0.9933505,-0.4866276,0.1985416,0.4875152,0.7823056,0.333029,
1,31,92.475,0.5402941,0.9933505,-0.4866276,0.1985416,0.4875152,0.7823056,0.333029,
1,31,92.477,0.540185,0.9932387,-0.4866278,0.1988108,0.4876352,0.7821669,0.3330183,
1,31,92.479,0.540185,0.9932387,-0.4866278,0.1988108,0.4876352,0.7821669,0.3330183,
1,31,92.481,0.540185,0.9932387,-0.4866278,0.1988108,0.4876352,0.7821669,0.3330183,
1,31,92.483,0.540185,0.9932387,-0.4866278,0.1988108,0.4876352,0.7821669,0.3330183,
1,31,92.485,0.5402553,0.9933497,-0.4865236,0.1991117,0.4874089,0.7821705,0.3331612,
1,31,92.487,0.5402553,0.9933497,-0.4865236,0.1991117,0.4874089,0.7821705,0.3331612,
1,31,92.489,0.5402553,0.9933497,-0.4865236,0.1991117,0.4874089,0.7821705,0.3331612,
1,31,92.491,0.5402553,0.9933497,-0.4865236,0.1991117,0.4874089,0.7821705,0.3331612,
1,31,92.493,0.5401974,0.9932384,-0.4865606,0.1993814,0.4874821,0.7820368,0.3332067,
1,31,92.495,0.5401974,0.9932384,-0.4865606,0.1993814,0.4874821,0.7820368,0.3332067,
1,31,92.497,0.5401974,0.9932384,-0.4865606,0.1993814,0.4874821,0.7820368,0.3332067,
1,31,92.499,0.5401974,0.9932384,-0.4865606,0.1993814,0.4874821,0.7820368,0.3332067,
1,31,92.501,0.5401751,0.9932148,-0.4865769,0.1996964,0.4874402,0.781955,0.3332713,
1,31,92.503,0.5401751,0.9932148,-0.4865769,0.1996964,0.4874402,0.781955,0.3332713,
1,31,92.505,0.5401751,0.9932148,-0.4865769,0.1996964,0.4874402,0.781955,0.3332713,
1,31,92.507,0.5401751,0.9932148,-0.4865769,0.1996964,0.4874402,0.781955,0.3332713,
1,31,92.509,0.5400426,0.9931771,-0.4866922,0.2001329,0.4875489,0.7818266,0.3331517,
1,31,92.511,0.5400426,0.9931771,-0.4866922,0.2001329,0.4875489,0.7818266,0.3331517,
1,31,92.513,0.5400426,0.9931771,-0.4866922,0.2001329,0.4875489,0.7818266,0.3331517,
1,31,92.515,0.5400426,0.9931771,-0.4866922,0.2001329,0.4875489,0.7818266,0.3331517,
1,31,92.517,0.5400426,0.9931771,-0.4866922,0.2001329,0.4875489,0.7818266,0.3331517,
1,31,92.519,0.5401877,0.9932137,-0.4866993,0.2002383,0.4874086,0.7818232,0.3333018,
1,31,92.521,0.5401877,0.9932137,-0.4866993,0.2002383,0.4874086,0.7818232,0.3333018,
1,31,92.523,0.5401877,0.9932137,-0.4866993,0.2002383,0.4874086,0.7818232,0.3333018,
1,31,92.525,0.5401877,0.9932137,-0.4866993,0.2002383,0.4874086,0.7818232,0.3333018,
1,31,92.527,0.5402435,0.993279,-0.4866658,0.2004403,0.4872591,0.7818308,0.3333811,
1,31,92.529,0.5402435,0.993279,-0.4866658,0.2004403,0.4872591,0.7818308,0.3333811,
1,31,92.531,0.5402435,0.993279,-0.4866658,0.2004403,0.4872591,0.7818308,0.3333811,
1,31,92.533,0.5402435,0.993279,-0.4866658,0.2004403,0.4872591,0.7818308,0.3333811,
1,31,92.535,0.5402609,0.9932578,-0.4866649,0.2006353,0.4872223,0.7817602,0.3334833,
1,31,92.537,0.5402609,0.9932578,-0.4866649,0.2006353,0.4872223,0.7817602,0.3334833,
1,31,92.539,0.5402609,0.9932578,-0.4866649,0.2006353,0.4872223,0.7817602,0.3334833,
1,31,92.541,0.5402609,0.9932578,-0.4866649,0.2006353,0.4872223,0.7817602,0.3334833,
1,31,92.543,0.5402669,0.9933118,-0.4865891,0.2007919,0.4871234,0.7817631,0.3335267,
1,31,92.545,0.5402669,0.9933118,-0.4865891,0.2007919,0.4871234,0.7817631,0.3335267,
1,31,92.547,0.5402669,0.9933118,-0.4865891,0.2007919,0.4871234,0.7817631,0.3335267,
1,31,92.549,0.5402669,0.9933118,-0.4865891,0.2007919,0.4871234,0.7817631,0.3335267,
1,31,92.551,0.5402892,0.993311,-0.4865564,0.200959,0.4870991,0.7816947,0.3336215,
1,31,92.553,0.5402892,0.993311,-0.4865564,0.200959,0.4870991,0.7816947,0.3336215,
1,31,92.555,0.5402892,0.993311,-0.4865564,0.200959,0.4870991,0.7816947,0.3336215,
1,31,92.557,0.5402892,0.993311,-0.4865564,0.200959,0.4870991,0.7816947,0.3336215,
1,31,92.559,0.5403106,0.9932957,-0.4865558,0.2009618,0.4871635,0.7816309,0.3336753,
1,31,92.561,0.5403106,0.9932957,-0.4865558,0.2009618,0.4871635,0.7816309,0.3336753,
1,31,92.563,0.5403106,0.9932957,-0.4865558,0.2009618,0.4871635,0.7816309,0.3336753,
1,31,92.565,0.5403106,0.9932957,-0.4865558,0.2009618,0.4871635,0.7816309,0.3336753,
1,31,92.567,0.5403106,0.9932957,-0.4865558,0.2009618,0.4871635,0.7816309,0.3336753,
1,31,92.569,0.5403758,0.9932949,-0.4865113,0.2010266,0.4871793,0.7815664,0.3337643,
1,31,92.571,0.5403758,0.9932949,-0.4865113,0.2010266,0.4871793,0.7815664,0.3337643,
1,31,92.573,0.5403758,0.9932949,-0.4865113,0.2010266,0.4871793,0.7815664,0.3337643,
1,31,92.575,0.5403758,0.9932949,-0.4865113,0.2010266,0.4871793,0.7815664,0.3337643,
1,31,92.577,0.5404727,0.9933926,-0.4864225,0.2011335,0.4870524,0.7815555,0.3339108,
1,31,92.579,0.5404727,0.9933926,-0.4864225,0.2011335,0.4870524,0.7815555,0.3339108,
1,31,92.581,0.5404727,0.9933926,-0.4864225,0.2011335,0.4870524,0.7815555,0.3339108,
1,31,92.583,0.5404727,0.9933926,-0.4864225,0.2011335,0.4870524,0.7815555,0.3339108,
1,31,92.585,0.5404015,0.9933652,-0.4864622,0.2012966,0.4871638,0.7814324,0.3339379,
1,31,92.587,0.5404015,0.9933652,-0.4864622,0.2012966,0.4871638,0.7814324,0.3339379,
1,31,92.589,0.5404015,0.9933652,-0.4864622,0.2012966,0.4871638,0.7814324,0.3339379,
1,31,92.591,0.5404015,0.9933652,-0.4864622,0.2012966,0.4871638,0.7814324,0.3339379,
1,31,92.593,0.540253,0.9932712,-0.4864814,0.2014818,0.4873621,0.7812731,0.3339095,
1,31,92.595,0.540253,0.9932712,-0.4864814,0.2014818,0.4873621,0.7812731,0.3339095,
1,31,92.597,0.540253,0.9932712,-0.4864814,0.2014818,0.4873621,0.7812731,0.3339095,
1,31,92.599,0.540253,0.9932712,-0.4864814,0.2014818,0.4873621,0.7812731,0.3339095,
1,31,92.601,0.5401409,0.9932401,-0.4864448,0.201787,0.487458,0.7811248,0.3339324,
1,31,92.603,0.5401409,0.9932401,-0.4864448,0.201787,0.487458,0.7811248,0.3339324,
1,31,92.605,0.5401409,0.9932401,-0.4864448,0.201787,0.487458,0.7811248,0.3339324,
1,31,92.607,0.5401409,0.9932401,-0.4864448,0.201787,0.487458,0.7811248,0.3339324,
1,31,92.609,0.5402585,0.9933329,-0.4863577,0.2018396,0.4873478,0.7811228,0.3340662,
1,31,92.611,0.5402585,0.9933329,-0.4863577,0.2018396,0.4873478,0.7811228,0.3340662,
1,31,92.613,0.5402585,0.9933329,-0.4863577,0.2018396,0.4873478,0.7811228,0.3340662,
1,31,92.615,0.5402585,0.9933329,-0.4863577,0.2018396,0.4873478,0.7811228,0.3340662,
1,31,92.617,0.5402585,0.9933329,-0.4863577,0.2018396,0.4873478,0.7811228,0.3340662,
1,31,92.619,0.5402364,0.9933305,-0.4863345,0.2019317,0.4874856,0.7810118,0.3340685,
1,31,92.621,0.5402364,0.9933305,-0.4863345,0.2019317,0.4874856,0.7810118,0.3340685,
1,31,92.623,0.5402364,0.9933305,-0.4863345,0.2019317,0.4874856,0.7810118,0.3340685,
1,31,92.625,0.5402364,0.9933305,-0.4863345,0.2019317,0.4874856,0.7810118,0.3340685,
1,31,92.627,0.5402473,0.9933465,-0.4862857,0.2021888,0.4875126,0.7808846,0.3341714,
1,31,92.629,0.5402473,0.9933465,-0.4862857,0.2021888,0.4875126,0.7808846,0.3341714,
1,31,92.631,0.5402473,0.9933465,-0.4862857,0.2021888,0.4875126,0.7808846,0.3341714,
1,31,92.633,0.5402473,0.9933465,-0.4862857,0.2021888,0.4875126,0.7808846,0.3341714,
1,31,92.635,0.5402418,0.9933311,-0.4862658,0.2026222,0.4875235,0.7806802,0.3343703,
1,31,92.637,0.5402418,0.9933311,-0.4862658,0.2026222,0.4875235,0.7806802,0.3343703,
1,31,92.639,0.5402418,0.9933311,-0.4862658,0.2026222,0.4875235,0.7806802,0.3343703,
1,31,92.641,0.5402418,0.9933311,-0.4862658,0.2026222,0.4875235,0.7806802,0.3343703,
1,31,92.643,0.5403426,0.9934142,-0.4861416,0.2033761,0.4872114,0.7804966,0.334796,
1,31,92.645,0.5403426,0.9934142,-0.4861416,0.2033761,0.4872114,0.7804966,0.334796,
1,31,92.647,0.5403426,0.9934142,-0.4861416,0.2033761,0.4872114,0.7804966,0.334796,
1,31,92.649,0.5403426,0.9934142,-0.4861416,0.2033761,0.4872114,0.7804966,0.334796,
1,31,92.651,0.5404189,0.9936302,-0.4859757,0.204457,0.4866534,0.780336,0.3353231,
1,31,92.653,0.5404189,0.9936302,-0.4859757,0.204457,0.4866534,0.780336,0.3353231,
1,31,92.655,0.5404189,0.9936302,-0.4859757,0.204457,0.4866534,0.780336,0.3353231,
1,31,92.657,0.5404189,0.9936302,-0.4859757,0.204457,0.4866534,0.780336,0.3353231,
1,31,92.659,0.5402458,0.9936455,-0.4858591,0.2059878,0.4862101,0.7799833,0.3358495,
1,31,92.661,0.5402458,0.9936455,-0.4858591,0.2059878,0.4862101,0.7799833,0.3358495,
1,31,92.663,0.5402458,0.9936455,-0.4858591,0.2059878,0.4862101,0.7799833,0.3358495,
1,31,92.665,0.5402458,0.9936455,-0.4858591,0.2059878,0.4862101,0.7799833,0.3358495,
1,31,92.667,0.5402458,0.9936455,-0.4858591,0.2059878,0.4862101,0.7799833,0.3358495,
1,31,92.669,0.5403453,0.9937519,-0.4856296,0.2072114,0.4855782,0.7797825,0.3364766,
1,31,92.671,0.5403453,0.9937519,-0.4856296,0.2072114,0.4855782,0.7797825,0.3364766,
1,31,92.673,0.5403453,0.9937519,-0.4856296,0.2072114,0.4855782,0.7797825,0.3364766,
1,31,92.675,0.5403453,0.9937519,-0.4856296,0.2072114,0.4855782,0.7797825,0.3364766,
1,31,92.677,0.5405422,0.9942526,-0.4851103,0.2105248,0.4835887,0.7794286,0.3381013,
1,31,92.679,0.5405422,0.9942526,-0.4851103,0.2105248,0.4835887,0.7794286,0.3381013,
1,31,92.681,0.5405422,0.9942526,-0.4851103,0.2105248,0.4835887,0.7794286,0.3381013,
1,31,92.683,0.5405422,0.9942526,-0.4851103,0.2105248,0.4835887,0.7794286,0.3381013,
1,31,92.685,0.5406366,0.9944486,-0.4847028,0.2130797,0.4822386,0.7791294,0.3391172,
1,31,92.687,0.5406366,0.9944486,-0.4847028,0.2130797,0.4822386,0.7791294,0.3391172,
1,31,92.689,0.5406366,0.9944486,-0.4847028,0.2130797,0.4822386,0.7791294,0.3391172,
1,31,92.691,0.5406366,0.9944486,-0.4847028,0.2130797,0.4822386,0.7791294,0.3391172,
1,31,92.693,0.5404785,0.9946746,-0.4842539,0.2156563,0.4811024,0.7789532,0.3395069,
1,31,92.695,0.5404785,0.9946746,-0.4842539,0.2156563,0.4811024,0.7789532,0.3395069,
1,31,92.697,0.5404785,0.9946746,-0.4842539,0.2156563,0.4811024,0.7789532,0.3395069,
1,31,92.699,0.5404785,0.9946746,-0.4842539,0.2156563,0.4811024,0.7789532,0.3395069,
1,31,92.701,0.5403112,0.9949208,-0.4838931,0.2176153,0.4802362,0.7789839,0.3394124,
1,31,92.703,0.5403112,0.9949208,-0.4838931,0.2176153,0.4802362,0.7789839,0.3394124,
1,31,92.705,0.5403112,0.9949208,-0.4838931,0.2176153,0.4802362,0.7789839,0.3394124,
1,31,92.707,0.5403112,0.9949208,-0.4838931,0.2176153,0.4802362,0.7789839,0.3394124,
1,31,92.709,0.5401615,0.9951881,-0.483493,0.2192345,0.4795255,0.7791885,0.3389055,
1,31,92.711,0.5401615,0.9951881,-0.483493,0.2192345,0.4795255,0.7791885,0.3389055,
1,31,92.713,0.5401615,0.9951881,-0.483493,0.2192345,0.4795255,0.7791885,0.3389055,
1,31,92.715,0.5401615,0.9951881,-0.483493,0.2192345,0.4795255,0.7791885,0.3389055,
1,31,92.717,0.5401615,0.9951881,-0.483493,0.2192345,0.4795255,0.7791885,0.3389055,
1,31,92.719,0.5399584,0.9955049,-0.4830834,0.2208807,0.4788938,0.7794476,0.3381331,
1,31,92.721,0.5399584,0.9955049,-0.4830834,0.2208807,0.4788938,0.7794476,0.3381331,
1,31,92.723,0.5399584,0.9955049,-0.4830834,0.2208807,0.4788938,0.7794476,0.3381331,
1,31,92.725,0.5399584,0.9955049,-0.4830834,0.2208807,0.4788938,0.7794476,0.3381331,
1,31,92.727,0.5400507,0.9955856,-0.4826323,0.222451,0.4782502,0.779571,0.3377298,
1,31,92.729,0.5400507,0.9955856,-0.4826323,0.222451,0.4782502,0.779571,0.3377298,
1,31,92.731,0.5400507,0.9955856,-0.4826323,0.222451,0.4782502,0.779571,0.3377298,
1,31,92.733,0.5400507,0.9955856,-0.4826323,0.222451,0.4782502,0.779571,0.3377298,
1,31,92.735,0.539854,0.9958935,-0.4823067,0.2238416,0.4777905,0.7798908,0.3367219,
1,31,92.737,0.539854,0.9958935,-0.4823067,0.2238416,0.4777905,0.7798908,0.3367219,
1,31,92.739,0.539854,0.9958935,-0.4823067,0.2238416,0.4777905,0.7798908,0.3367219,
1,31,92.741,0.539854,0.9958935,-0.4823067,0.2238416,0.4777905,0.7798908,0.3367219,
1,31,92.743,0.5399966,0.9960174,-0.4818871,0.2253026,0.4772717,0.780041,0.3361348,
1,31,92.745,0.5399966,0.9960174,-0.4818871,0.2253026,0.4772717,0.780041,0.3361348,
1,31,92.747,0.5399966,0.9960174,-0.4818871,0.2253026,0.4772717,0.780041,0.3361348,
1,31,92.749,0.5399966,0.9960174,-0.4818871,0.2253026,0.4772717,0.780041,0.3361348,
1,31,92.751,0.5402104,0.9960949,-0.4813482,0.2268638,0.4767724,0.7801061,0.3356418,
1,31,92.753,0.5402104,0.9960949,-0.4813482,0.2268638,0.4767724,0.7801061,0.3356418,
1,31,92.755,0.5402104,0.9960949,-0.4813482,0.2268638,0.4767724,0.7801061,0.3356418,CourtEnter
1,31,92.757,0.5402104,0.9960949,-0.4813482,0.2268638,0.4767724,0.7801061,0.3356418,
1,31,92.759,0.5402439,0.9960343,-0.4809179,0.2280459,0.4766228,0.7801319,0.3349924,
1,31,92.761,0.5402439,0.9960343,-0.4809179,0.2280459,0.4766228,0.7801319,0.3349924,
1,31,92.763,0.5402439,0.9960343,-0.4809179,0.2280459,0.4766228,0.7801319,0.3349924,
1,31,92.765,0.5402439,0.9960343,-0.4809179,0.2280459,0.4766228,0.7801319,0.3349924,
1,31,92.767,0.5402439,0.9960343,-0.4809179,0.2280459,0.4766228,0.7801319,0.3349924,CourtExit
1,31,92.769,0.540413,0.9958684,-0.4804946,0.2290668,0.4765762,0.7800878,0.3344644,
1,31,92.771,0.540413,0.9958684,-0.4804946,0.2290668,0.4765762,0.7800878,0.3344644,
1,31,92.773,0.540413,0.9958684,-0.4804946,0.2290668,0.4765762,0.7800878,0.3344644,
1,31,92.775,0.540413,0.9958684,-0.4804946,0.2290668,0.4765762,0.7800878,0.3344644,
1,31,92.777,0.5407786,0.9958358,-0.4799486,0.2301283,0.4761657,0.7801419,0.3341942,
1,31,92.779,0.5407786,0.9958358,-0.4799486,0.2301283,0.4761657,0.7801419,0.3341942,
1,31,92.781,0.5407786,0.9958358,-0.4799486,0.2301283,0.4761657,0.7801419,0.3341942,
1,31,92.783,0.5407786,0.9958358,-0.4799486,0.2301283,0.4761657,0.7801419,0.3341942,
1,31,92.785,0.5407219,0.9956888,-0.479501,0.2310982,0.4763696,0.7800392,0.3334735,
1,31,92.787,0.5407219,0.9956888,-0.479501,0.2310982,0.4763696,0.7800392,0.3334735,
1,31,92.789,0.5407219,0.9956888,-0.479501,0.2310982,0.4763696,0.7800392,0.3334735,
1,31,92.791,0.5407219,0.9956888,-0.479501,0.2310982,0.4763696,0.7800392,0.3334735,
1,31,92.793,0.5408067,0.9954882,-0.4790415,0.2314752,0.4767268,0.7800097,0.3327696,
1,31,92.795,0.5408067,0.9954882,-0.4790415,0.2314752,0.4767268,0.7800097,0.3327696,
1,31,92.797,0.5408067,0.9954882,-0.4790415,0.2314752,0.4767268,0.7800097,0.3327696,
1,31,92.799,0.5408067,0.9954882,-0.4790415,0.2314752,0.4767268,0.7800097,0.3327696,
1,31,92.801,0.5410404,0.9952591,-0.4783709,0.2326482,0.476577,0.7797136,0.3328603,
1,31,92.803,0.5410404,0.9952591,-0.4783709,0.2326482,0.476577,0.7797136,0.3328603,
1,31,92.805,0.5410404,0.9952591,-0.4783709,0.2326482,0.476577,0.7797136,0.3328603,
1,31,92.807,0.5410404,0.9952591,-0.4783709,0.2326482,0.476577,0.7797136,0.3328603,
1,31,92.809,0.5411349,0.9952297,-0.4775584,0.2342894,0.4761828,0.7793751,0.333066,
1,31,92.811,0.5411349,0.9952297,-0.4775584,0.2342894,0.4761828,0.7793751,0.333066,
1,31,92.813,0.5411349,0.9952297,-0.4775584,0.2342894,0.4761828,0.7793751,0.333066,
1,31,92.815,0.5411349,0.9952297,-0.4775584,0.2342894,0.4761828,0.7793751,0.333066,
1,31,92.817,0.5411349,0.9952297,-0.4775584,0.2342894,0.4761828,0.7793751,0.333066,
1,31,92.819,0.5413792,0.9952325,-0.4765212,0.2361386,0.4753435,0.7790003,0.3338351,
1,31,92.821,0.5413792,0.9952325,-0.4765212,0.2361386,0.4753435,0.7790003,0.3338351,
1,31,92.823,0.5413792,0.9952325,-0.4765212,0.2361386,0.4753435,0.7790003,0.3338351,
1,31,92.825,0.5413792,0.9952325,-0.4765212,0.2361386,0.4753435,0.7790003,0.3338351,
1,31,92.827,0.5415924,0.995261,-0.4752178,0.2386068,0.4739999,0.7784549,0.3352593,
1,31,92.829,0.5415924,0.995261,-0.4752178,0.2386068,0.4739999,0.7784549,0.3352593,
1,31,92.831,0.5415924,0.995261,-0.4752178,0.2386068,0.4739999,0.7784549,0.3352593,
1,31,92.833,0.5415924,0.995261,-0.4752178,0.2386068,0.4739999,0.7784549,0.3352593,
1,31,92.835,0.5418819,0.9955587,-0.4734791,0.2420618,0.4717345,0.7778189,0.3374471,
1,31,92.837,0.5418819,0.9955587,-0.4734791,0.2420618,0.4717345,0.7778189,0.3374471,
1,31,92.839,0.5418819,0.9955587,-0.4734791,0.2420618,0.4717345,0.7778189,0.3374471,
1,31,92.841,0.5418819,0.9955587,-0.4734791,0.2420618,0.4717345,0.7778189,0.3374471,
1,31,92.843,0.542358,0.9961585,-0.4713101,0.2467585,0.4683571,0.7769952,0.3406323,
1,31,92.845,0.542358,0.9961585,-0.4713101,0.2467585,0.4683571,0.7769952,0.3406323,
1,31,92.847,0.542358,0.9961585,-0.4713101,0.2467585,0.4683571,0.7769952,0.3406323,
1,31,92.849,0.542358,0.9961585,-0.4713101,0.2467585,0.4683571,0.7769952,0.3406323,
1,31,92.851,0.5428951,0.9968221,-0.4688697,0.2523911,0.4643031,0.7758402,0.3446642,
1,31,92.853,0.5428951,0.9968221,-0.4688697,0.2523911,0.4643031,0.7758402,0.3446642,
1,31,92.855,0.5428951,0.9968221,-0.4688697,0.2523911,0.4643031,0.7758402,0.3446642,
1,31,92.857,0.5428951,0.9968221,-0.4688697,0.2523911,0.4643031,0.7758402,0.3446642,
1,31,92.859,0.5436881,0.9975989,-0.4662414,0.2578945,0.4598908,0.7746606,0.3491301,
1,31,92.861,0.5436881,0.9975989,-0.4662414,0.2578945,0.4598908,0.7746606,0.3491301,
1,31,92.863,0.5436881,0.9975989,-0.4662414,0.2578945,0.4598908,0.7746606,0.3491301,
1,31,92.865,0.5436881,0.9975989,-0.4662414,0.2578945,0.4598908,0.7746606,0.3491301,
1,31,92.867,0.5436881,0.9975989,-0.4662414,0.2578945,0.4598908,0.7746606,0.3491301,
1,31,92.869,0.5445977,0.9984647,-0.4634676,0.263164,0.4554955,0.7734884,0.3535314,
1,31,92.871,0.5445977,0.9984647,-0.4634676,0.263164,0.4554955,0.7734884,0.3535314,
1,31,92.873,0.5445977,0.9984647,-0.4634676,0.263164,0.4554955,0.7734884,0.3535314,
1,31,92.875,0.5445977,0.9984647,-0.4634676,0.263164,0.4554955,0.7734884,0.3535314,
1,31,92.877,0.5455869,0.9993334,-0.4606565,0.2670278,0.4516077,0.7726679,0.3573947,
1,31,92.879,0.5455869,0.9993334,-0.4606565,0.2670278,0.4516077,0.7726679,0.3573947,
1,31,92.881,0.5455869,0.9993334,-0.4606565,0.2670278,0.4516077,0.7726679,0.3573947,
1,31,92.883,0.5455869,0.9993334,-0.4606565,0.2670278,0.4516077,0.7726679,0.3573947,
1,31,92.885,0.5464067,1.000223,-0.457892,0.2695457,0.4484853,0.7722256,0.3603799,
1,31,92.887,0.5464067,1.000223,-0.457892,0.2695457,0.4484853,0.7722256,0.3603799,
1,31,92.889,0.5464067,1.000223,-0.457892,0.2695457,0.4484853,0.7722256,0.3603799,
1,31,92.891,0.5464067,1.000223,-0.457892,0.2695457,0.4484853,0.7722256,0.3603799,
1,31,92.893,0.5474488,1.001109,-0.455145,0.2709057,0.4458106,0.7720935,0.3629528,
1,31,92.895,0.5474488,1.001109,-0.455145,0.2709057,0.4458106,0.7720935,0.3629528,
1,31,92.897,0.5474488,1.001109,-0.455145,0.2709057,0.4458106,0.7720935,0.3629528,
1,31,92.899,0.5474488,1.001109,-0.455145,0.2709057,0.4458106,0.7720935,0.3629528,
1,31,92.901,0.5486969,1.002066,-0.4524456,0.2713804,0.443516,0.7722066,0.365162,
1,31,92.903,0.5486969,1.002066,-0.4524456,0.2713804,0.443516,0.7722066,0.365162,
1,31,92.905,0.5486969,1.002066,-0.4524456,0.2713804,0.443516,0.7722066,0.365162,
1,31,92.907,0.5486969,1.002066,-0.4524456,0.2713804,0.443516,0.7722066,0.365162,
1,31,92.909,0.5500319,1.002978,-0.4498913,0.2712309,0.4416139,0.7723997,0.3671646,
1,31,92.911,0.5500319,1.002978,-0.4498913,0.2712309,0.4416139,0.7723997,0.3671646,
1,31,92.913,0.5500319,1.002978,-0.4498913,0.2712309,0.4416139,0.7723997,0.3671646,
1,31,92.915,0.5500319,1.002978,-0.4498913,0.2712309,0.4416139,0.7723997,0.3671646,
1,31,92.917,0.5500319,1.002978,-0.4498913,0.2712309,0.4416139,0.7723997,0.3671646,
1,31,92.919,0.5511911,1.003661,-0.4475775,0.2706977,0.4401882,0.7725378,0.3689748,
1,31,92.921,0.5511911,1.003661,-0.4475775,0.2706977,0.4401882,0.7725378,0.3689748,
1,31,92.923,0.5511911,1.003661,-0.4475775,0.2706977,0.4401882,0.7725378,0.3689748,
1,31,92.925,0.5511911,1.003661,-0.4475775,0.2706977,0.4401882,0.7725378,0.3689748,
1,31,92.927,0.5524455,1.004337,-0.4452599,0.2701969,0.4387171,0.7726246,0.3709074,
1,31,92.929,0.5524455,1.004337,-0.4452599,0.2701969,0.4387171,0.7726246,0.3709074,
1,31,92.931,0.5524455,1.004337,-0.4452599,0.2701969,0.4387171,0.7726246,0.3709074,
1,31,92.933,0.5524455,1.004337,-0.4452599,0.2701969,0.4387171,0.7726246,0.3709074,
1,31,92.935,0.5537553,1.005252,-0.4427743,0.2696432,0.4367535,0.7729232,0.3729996,
1,31,92.937,0.5537553,1.005252,-0.4427743,0.2696432,0.4367535,0.7729232,0.3729996,
1,31,92.939,0.5537553,1.005252,-0.4427743,0.2696432,0.4367535,0.7729232,0.3729996,
1,31,92.941,0.5537553,1.005252,-0.4427743,0.2696432,0.4367535,0.7729232,0.3729996,
1,31,92.943,0.5553322,1.006082,-0.4401533,0.2687887,0.4344064,0.7733492,0.3754662,
1,31,92.945,0.5553322,1.006082,-0.4401533,0.2687887,0.4344064,0.7733492,0.3754662,
1,31,92.947,0.5553322,1.006082,-0.4401533,0.2687887,0.4344064,0.7733492,0.3754662,
1,31,92.949,0.5553322,1.006082,-0.4401533,0.2687887,0.4344064,0.7733492,0.3754662,
1,31,92.951,0.5573468,1.00688,-0.437189,0.2674518,0.4316811,0.7739533,0.3783086,
1,31,92.953,0.5573468,1.00688,-0.437189,0.2674518,0.4316811,0.7739533,0.3783086,
1,31,92.955,0.5573468,1.00688,-0.437189,0.2674518,0.4316811,0.7739533,0.3783086,
1,31,92.957,0.5573468,1.00688,-0.437189,0.2674518,0.4316811,0.7739533,0.3783086,
1,31,92.959,0.5600013,1.00775,-0.4338062,0.2660288,0.4282272,0.7746826,0.381729,
1,31,92.961,0.5600013,1.00775,-0.4338062,0.2660288,0.4282272,0.7746826,0.381729,
1,31,92.963,0.5600013,1.00775,-0.4338062,0.2660288,0.4282272,0.7746826,0.381729,
1,31,92.965,0.5600013,1.00775,-0.4338062,0.2660288,0.4282272,0.7746826,0.381729,
1,31,92.967,0.5600013,1.00775,-0.4338062,0.2660288,0.4282272,0.7746826,0.381729,
1,31,92.969,0.563124,1.008715,-0.4300456,0.264205,0.4243816,0.7755799,0.3854501,
1,31,92.971,0.563124,1.008715,-0.4300456,0.264205,0.4243816,0.7755799,0.3854501,
1,31,92.973,0.563124,1.008715,-0.4300456,0.264205,0.4243816,0.7755799,0.3854501,
1,31,92.975,0.563124,1.008715,-0.4300456,0.264205,0.4243816,0.7755799,0.3854501,
1,31,92.977,0.5670017,1.009692,-0.425798,0.2614364,0.4204507,0.7766616,0.389447,
1,31,92.979,0.5670017,1.009692,-0.425798,0.2614364,0.4204507,0.7766616,0.389447,
1,31,92.981,0.5670017,1.009692,-0.425798,0.2614364,0.4204507,0.7766616,0.389447,
1,31,92.983,0.5670017,1.009692,-0.425798,0.2614364,0.4204507,0.7766616,0.389447,
1,31,92.985,0.571736,1.01084,-0.420936,0.2571097,0.4165787,0.7781658,0.3934652,
1,31,92.987,0.571736,1.01084,-0.420936,0.2571097,0.4165787,0.7781658,0.3934652,
1,31,92.989,0.571736,1.01084,-0.420936,0.2571097,0.4165787,0.7781658,0.3934652,
1,31,92.991,0.571736,1.01084,-0.420936,0.2571097,0.4165787,0.7781658,0.3934652,
1,31,92.993,0.5777709,1.012301,-0.415278,0.251197,0.4126178,0.7800446,0.3977149,
1,31,92.995,0.5777709,1.012301,-0.415278,0.251197,0.4126178,0.7800446,0.3977149,
1,31,92.997,0.5777709,1.012301,-0.415278,0.251197,0.4126178,0.7800446,0.3977149,
1,31,92.999,0.5777709,1.012301,-0.415278,0.251197,0.4126178,0.7800446,0.3977149,
1,32,93.001,0.5846735,1.01394,-0.4089304,0.2439492,0.4089172,0.7819638,0.4022539,CourtExit
1,32,93.003,0.5846735,1.01394,-0.4089304,0.2439492,0.4089172,0.7819638,0.4022539,
1,32,93.005,0.5846735,1.01394,-0.4089304,0.2439492,0.4089172,0.7819638,0.4022539,
1,32,93.007,0.5846735,1.01394,-0.4089304,0.2439492,0.4089172,0.7819638,0.4022539,
1,32,93.009,0.5928434,1.01581,-0.4016771,0.2342623,0.4060199,0.7840707,0.4068198,
1,32,93.011,0.5928434,1.01581,-0.4016771,0.2342623,0.4060199,0.7840707,0.4068198,
1,32,93.013,0.5928434,1.01581,-0.4016771,0.2342623,0.4060199,0.7840707,0.4068198,
1,32,93.015,0.5928434,1.01581,-0.4016771,0.2342623,0.4060199,0.7840707,0.4068198,
1,32,93.017,0.5928434,1.01581,-0.4016771,0.2342623,0.4060199,0.7840707,0.4068198,
1,32,93.019,0.6026431,1.01809,-0.3934212,0.2210899,0.4042338,0.7865789,0.4111059,
1,32,93.021,0.6026431,1.01809,-0.3934212,0.2210899,0.4042338,0.7865789,0.4111059,
1,32,93.023,0.6026431,1.01809,-0.3934212,0.2210899,0.4042338,0.7865789,0.4111059,
1,32,93.025,0.6026431,1.01809,-0.3934212,0.2210899,0.4042338,0.7865789,0.4111059,
1,32,93.027,0.6139334,1.021058,-0.3841894,0.2038474,0.4042307,0.7893445,0.4147035,
1,32,93.029,0.6139334,1.021058,-0.3841894,0.2038474,0.4042307,0.7893445,0.4147035,
1,32,93.031,0.6139334,1.021058,-0.3841894,0.2038474,0.4042307,0.7893445,0.4147035,
1,32,93.033,0.6139334,1.021058,-0.3841894,0.2038474,0.4042307,0.7893445,0.4147035,
1,32,93.035,0.6260775,1.024185,-0.3745339,0.1822346,0.4076393,0.7917634,0.4168112,
1,32,93.037,0.6260775,1.024185,-0.3745339,0.1822346,0.4076393,0.7917634,0.4168112,
1,32,93.039,0.6260775,1.024185,-0.3745339,0.1822346,0.4076393,0.7917634,0.4168112,
1,32,93.041,0.6260775,1.024185,-0.3745339,0.1822346,0.4076393,0.7917634,0.4168112,
1,32,93.043,0.6391223,1.027887,-0.3645686,0.155286,0.4148565,0.7936422,0.4170282,
1,32,93.045,0.6391223,1.027887,-0.3645686,0.155286,0.4148565,0.7936422,0.4170282,
1,32,93.047,0.6391223,1.027887,-0.3645686,0.155286,0.4148565,0.7936422,0.4170282,
1,32,93.049,0.6391223,1.027887,-0.3645686,0.155286,0.4148565,0.7936422,0.4170282,
1,32,93.051,0.6543157,1.03289,-0.3531732,0.1212898,0.4257857,0.7948499,0.4149809,
1,32,93.053,0.6543157,1.03289,-0.3531732,0.1212898,0.4257857,0.7948499,0.4149809,
1,32,93.055,0.6543157,1.03289,-0.3531732,0.1212898,0.4257857,0.7948499,0.4149809,
1,32,93.057,0.6543157,1.03289,-0.3531732,0.1212898,0.4257857,0.7948499,0.4149809,
1,32,93.059,0.6688787,1.03771,-0.3423628,0.08342585,0.4411477,0.7940412,0.4097896,
1,32,93.061,0.6688787,1.03771,-0.3423628,0.08342585,0.4411477,0.7940412,0.4097896,
1,32,93.063,0.6688787,1.03771,-0.3423628,0.08342585,0.4411477,0.7940412,0.4097896,
1,32,93.065,0.6688787,1.03771,-0.3423628,0.08342585,0.4411477,0.7940412,0.4097896,
1,32,93.067,0.6688787,1.03771,-0.3423628,0.08342585,0.4411477,0.7940412,0.4097896,
1,32,93.069,0.6839073,1.043251,-0.3313046,0.04160914,0.4598268,0.7908883,0.4016511,
1,32,93.071,0.6839073,1.043251,-0.3313046,0.04160914,0.4598268,0.7908883,0.4016511,
1,32,93.073,0.6839073,1.043251,-0.3313046,0.04160914,0.4598268,0.7908883,0.4016511,
1,32,93.075,0.6839073,1.043251,-0.3313046,0.04160914,0.4598268,0.7908883,0.4016511,
1,32,93.077,0.6992093,1.050309,-0.3197326,0.0003704131,0.479093,0.7853481,0.3920439,
1,32,93.079,0.6992093,1.050309,-0.3197326,0.0003704131,0.479093,0.7853481,0.3920439,
1,32,93.081,0.6992093,1.050309,-0.3197326,0.0003704131,0.479093,0.7853481,0.3920439,
1,32,93.083,0.6992093,1.050309,-0.3197326,0.0003704131,0.479093,0.7853481,0.3920439,
1,32,93.085,0.714701,1.058929,-0.3076166,-0.03664699,0.4962876,0.7782582,0.382975,
1,32,93.087,0.714701,1.058929,-0.3076166,-0.03664699,0.4962876,0.7782582,0.382975,
1,32,93.089,0.714701,1.058929,-0.3076166,-0.03664699,0.4962876,0.7782582,0.382975,
1,32,93.091,0.714701,1.058929,-0.3076166,-0.03664699,0.4962876,0.7782582,0.382975,
1,32,93.093,0.7293401,1.069328,-0.2961291,-0.06701884,0.5118001,0.7702115,0.3746245,
1,32,93.095,0.7293401,1.069328,-0.2961291,-0.06701884,0.5118001,0.7702115,0.3746245,
1,32,93.097,0.7293401,1.069328,-0.2961291,-0.06701884,0.5118001,0.7702115,0.3746245,
1,32,93.099,0.7293401,1.069328,-0.2961291,-0.06701884,0.5118001,0.7702115,0.3746245,
1,32,93.101,0.7434689,1.080644,-0.2848374,-0.09021288,0.5248036,0.7620443,0.3684174,
1,32,93.103,0.7434689,1.080644,-0.2848374,-0.09021288,0.5248036,0.7620443,0.3684174,
1,32,93.105,0.7434689,1.080644,-0.2848374,-0.09021288,0.5248036,0.7620443,0.3684174,
1,32,93.107,0.7434689,1.080644,-0.2848374,-0.09021288,0.5248036,0.7620443,0.3684174,
1,32,93.109,0.7566017,1.092613,-0.2743457,-0.1074046,0.5359256,0.7543737,0.3635499,
1,32,93.111,0.7566017,1.092613,-0.2743457,-0.1074046,0.5359256,0.7543737,0.3635499,
1,32,93.113,0.7566017,1.092613,-0.2743457,-0.1074046,0.5359256,0.7543737,0.3635499,
1,32,93.115,0.7566017,1.092613,-0.2743457,-0.1074046,0.5359256,0.7543737,0.3635499,
1,32,93.117,0.7566017,1.092613,-0.2743457,-0.1074046,0.5359256,0.7543737,0.3635499,
1,32,93.119,0.7689552,1.105856,-0.2643169,-0.119707,0.5453517,0.74769,0.359474,
1,32,93.121,0.7689552,1.105856,-0.2643169,-0.119707,0.5453517,0.74769,0.359474,
1,32,93.123,0.7689552,1.105856,-0.2643169,-0.119707,0.5453517,0.74769,0.359474,
1,32,93.125,0.7689552,1.105856,-0.2643169,-0.119707,0.5453517,0.74769,0.359474,
1,32,93.127,0.7805893,1.119987,-0.2547964,-0.130205,0.5541424,0.7417927,0.3545651,
1,32,93.129,0.7805893,1.119987,-0.2547964,-0.130205,0.5541424,0.7417927,0.3545651,
1,32,93.131,0.7805893,1.119987,-0.2547964,-0.130205,0.5541424,0.7417927,0.3545651,
1,32,93.133,0.7805893,1.119987,-0.2547964,-0.130205,0.5541424,0.7417927,0.3545651,
1,32,93.135,0.7917234,1.134912,-0.2456425,-0.1413889,0.5628417,0.7364801,0.3475851,
1,32,93.137,0.7917234,1.134912,-0.2456425,-0.1413889,0.5628417,0.7364801,0.3475851,
1,32,93.139,0.7917234,1.134912,-0.2456425,-0.1413889,0.5628417,0.7364801,0.3475851,
1,32,93.141,0.7917234,1.134912,-0.2456425,-0.1413889,0.5628417,0.7364801,0.3475851,
1,32,93.143,0.801914,1.15026,-0.2371994,-0.1550866,0.573009,0.7310994,0.3363074,
1,32,93.145,0.801914,1.15026,-0.2371994,-0.1550866,0.573009,0.7310994,0.3363074,
1,32,93.147,0.801914,1.15026,-0.2371994,-0.1550866,0.573009,0.7310994,0.3363074,
1,32,93.149,0.801914,1.15026,-0.2371994,-0.1550866,0.573009,0.7310994,0.3363074,
1,32,93.151,0.8118257,1.166063,-0.229049,-0.171323,0.5838115,0.7253762,0.321935,
1,32,93.153,0.8118257,1.166063,-0.229049,-0.171323,0.5838115,0.7253762,0.321935,
1,32,93.155,0.8118257,1.166063,-0.229049,-0.171323,0.5838115,0.7253762,0.321935,
1,32,93.157,0.8118257,1.166063,-0.229049,-0.171323,0.5838115,0.7253762,0.321935,
1,32,93.159,0.8216331,1.181853,-0.221505,-0.1872629,0.5941219,0.719629,0.3067343,
1,32,93.161,0.8216331,1.181853,-0.221505,-0.1872629,0.5941219,0.719629,0.3067343,
1,32,93.163,0.8216331,1.181853,-0.221505,-0.1872629,0.5941219,0.719629,0.3067343,
1,32,93.165,0.8216331,1.181853,-0.221505,-0.1872629,0.5941219,0.719629,0.3067343,
1,32,93.167,0.8216331,1.181853,-0.221505,-0.1872629,0.5941219,0.719629,0.3067343,
1,32,93.169,0.8310726,1.197215,-0.2146147,-0.2007159,0.6032873,0.7142919,0.2924803,
1,32,93.171,0.8310726,1.197215,-0.2146147,-0.2007159,0.6032873,0.7142919,0.2924803,
1,32,93.173,0.8310726,1.197215,-0.2146147,-0.2007159,0.6032873,0.7142919,0.2924803,
1,32,93.175,0.8310726,1.197215,-0.2146147,-0.2007159,0.6032873,0.7142919,0.2924803,
1,32,93.177,0.8403542,1.211666,-0.2082663,-0.2110296,0.6113598,0.7093925,0.2801214,
1,32,93.179,0.8403542,1.211666,-0.2082663,-0.2110296,0.6113598,0.7093925,0.2801214,
1,32,93.181,0.8403542,1.211666,-0.2082663,-0.2110296,0.6113598,0.7093925,0.2801214,
1,32,93.183,0.8403542,1.211666,-0.2082663,-0.2110296,0.6113598,0.7093925,0.2801214,
1,32,93.185,0.8492578,1.225666,-0.2026968,-0.2181842,0.6186883,0.705016,0.2693937,
1,32,93.187,0.8492578,1.225666,-0.2026968,-0.2181842,0.6186883,0.705016,0.2693937,
1,32,93.189,0.8492578,1.225666,-0.2026968,-0.2181842,0.6186883,0.705016,0.2693937,
1,32,93.191,0.8492578,1.225666,-0.2026968,-0.2181842,0.6186883,0.705016,0.2693937,
1,32,93.193,0.8573689,1.239,-0.1980944,-0.2219588,0.6249308,0.7018023,0.2601336,
1,32,93.195,0.8573689,1.239,-0.1980944,-0.2219588,0.6249308,0.7018023,0.2601336,
1,32,93.197,0.8573689,1.239,-0.1980944,-0.2219588,0.6249308,0.7018023,0.2601336,
1,32,93.199,0.8573689,1.239,-0.1980944,-0.2219588,0.6249308,0.7018023,0.2601336,
1,32,93.201,0.8652689,1.2514,-0.1941375,-0.2221305,0.6305743,0.6992523,0.2531407,
1,32,93.203,0.8652689,1.2514,-0.1941375,-0.2221305,0.6305743,0.6992523,0.2531407,
1,32,93.205,0.8652689,1.2514,-0.1941375,-0.2221305,0.6305743,0.6992523,0.2531407,
1,32,93.207,0.8652689,1.2514,-0.1941375,-0.2221305,0.6305743,0.6992523,0.2531407,
1,32,93.209,0.8724828,1.262708,-0.190968,-0.2178351,0.6349058,0.6980482,0.2493418,
1,32,93.211,0.8724828,1.262708,-0.190968,-0.2178351,0.6349058,0.6980482,0.2493418,
1,32,93.213,0.8724828,1.262708,-0.190968,-0.2178351,0.6349058,0.6980482,0.2493418,
1,32,93.215,0.8724828,1.262708,-0.190968,-0.2178351,0.6349058,0.6980482,0.2493418,
1,32,93.217,0.8724828,1.262708,-0.190968,-0.2178351,0.6349058,0.6980482,0.2493418,
1,32,93.219,0.8790858,1.273618,-0.1886074,-0.2089729,0.6378223,0.6984106,0.2484666,
1,32,93.221,0.8790858,1.273618,-0.1886074,-0.2089729,0.6378223,0.6984106,0.2484666,
1,32,93.223,0.8790858,1.273618,-0.1886074,-0.2089729,0.6378223,0.6984106,0.2484666,
1,32,93.225,0.8790858,1.273618,-0.1886074,-0.2089729,0.6378223,0.6984106,0.2484666,
1,32,93.227,0.8851524,1.284264,-0.186781,-0.1975966,0.6393989,0.6999191,0.2494753,
1,32,93.229,0.8851524,1.284264,-0.186781,-0.1975966,0.6393989,0.6999191,0.2494753,
1,32,93.231,0.8851524,1.284264,-0.186781,-0.1975966,0.6393989,0.6999191,0.2494753,
1,32,93.233,0.8851524,1.284264,-0.186781,-0.1975966,0.6393989,0.6999191,0.2494753,
1,32,93.235,0.8906823,1.293681,-0.1853735,-0.1837052,0.6407818,0.7013865,0.2524052,
1,32,93.237,0.8906823,1.293681,-0.1853735,-0.1837052,0.6407818,0.7013865,0.2524052,
1,32,93.239,0.8906823,1.293681,-0.1853735,-0.1837052,0.6407818,0.7013865,0.2524052,
1,32,93.241,0.8906823,1.293681,-0.1853735,-0.1837052,0.6407818,0.7013865,0.2524052,
1,32,93.243,0.8979713,1.303461,-0.1827829,-0.1782289,0.6436558,0.7008332,0.2505483,
1,32,93.245,0.8979713,1.303461,-0.1827829,-0.1782289,0.6436558,0.7008332,0.2505483,
1,32,93.247,0.8979713,1.303461,-0.1827829,-0.1782289,0.6436558,0.7008332,0.2505483,
1,32,93.249,0.8979713,1.303461,-0.1827829,-0.1782289,0.6436558,0.7008332,0.2505483,
1,32,93.251,0.9008533,1.311194,-0.1836278,-0.1536793,0.6420181,0.7047016,0.2599826,
1,32,93.253,0.9008533,1.311194,-0.1836278,-0.1536793,0.6420181,0.7047016,0.2599826,
1,32,93.255,0.9008533,1.311194,-0.1836278,-0.1536793,0.6420181,0.7047016,0.2599826,
1,32,93.257,0.9008533,1.311194,-0.1836278,-0.1536793,0.6420181,0.7047016,0.2599826,
1,32,93.259,0.905329,1.318532,-0.1831958,-0.1390915,0.6430133,0.7055523,0.2634075,
1,32,93.261,0.905329,1.318532,-0.1831958,-0.1390915,0.6430133,0.7055523,0.2634075,
1,32,93.263,0.905329,1.318532,-0.1831958,-0.1390915,0.6430133,0.7055523,0.2634075,
1,32,93.265,0.905329,1.318532,-0.1831958,-0.1390915,0.6430133,0.7055523,0.2634075,
1,32,93.267,0.905329,1.318532,-0.1831958,-0.1390915,0.6430133,0.7055523,0.2634075,
1,32,93.269,0.9092836,1.324642,-0.1828846,-0.1263462,0.644987,0.7053773,0.2654643,
1,32,93.271,0.9092836,1.324642,-0.1828846,-0.1263462,0.644987,0.7053773,0.2654643,
1,32,93.273,0.9092836,1.324642,-0.1828846,-0.1263462,0.644987,0.7053773,0.2654643,
1,32,93.275,0.9092836,1.324642,-0.1828846,-0.1263462,0.644987,0.7053773,0.2654643,
1,32,93.277,0.9129764,1.329647,-0.1828982,-0.1163487,0.6482313,0.7042203,0.265204,
1,32,93.279,0.9129764,1.329647,-0.1828982,-0.1163487,0.6482313,0.7042203,0.265204,
1,32,93.281,0.9129764,1.329647,-0.1828982,-0.1163487,0.6482313,0.7042203,0.265204,
1,32,93.283,0.9129764,1.329647,-0.1828982,-0.1163487,0.6482313,0.7042203,0.265204,
1,32,93.285,0.9167484,1.335137,-0.1826207,-0.1089022,0.6513268,0.7031617,0.2635857,
1,32,93.287,0.9167484,1.335137,-0.1826207,-0.1089022,0.6513268,0.7031617,0.2635857,
1,32,93.289,0.9167484,1.335137,-0.1826207,-0.1089022,0.6513268,0.7031617,0.2635857,
1,32,93.291,0.9167484,1.335137,-0.1826207,-0.1089022,0.6513268,0.7031617,0.2635857,
1,32,93.293,0.9200318,1.33939,-0.1828001,-0.1032274,0.6553471,0.701435,0.2604865,
1,32,93.295,0.9200318,1.33939,-0.1828001,-0.1032274,0.6553471,0.701435,0.2604865,
1,32,93.297,0.9200318,1.33939,-0.1828001,-0.1032274,0.6553471,0.701435,0.2604865,
1,32,93.299,0.9200318,1.33939,-0.1828001,-0.1032274,0.6553471,0.701435,0.2604865,
1,32,93.301,0.9239013,1.343061,-0.1826287,-0.0993779,0.6592567,0.6995091,0.2572776,
1,32,93.303,0.9239013,1.343061,-0.1826287,-0.0993779,0.6592567,0.6995091,0.2572776,
1,32,93.305,0.9239013,1.343061,-0.1826287,-0.0993779,0.6592567,0.6995091,0.2572776,
1,32,93.307,0.9239013,1.343061,-0.1826287,-0.0993779,0.6592567,0.6995091,0.2572776,
1,32,93.309,0.9270374,1.346391,-0.1828203,-0.09613198,0.6631852,0.6975865,0.2536084,
1,32,93.311,0.9270374,1.346391,-0.1828203,-0.09613198,0.6631852,0.6975865,0.2536084,
1,32,93.313,0.9270374,1.346391,-0.1828203,-0.09613198,0.6631852,0.6975865,0.2536084,
1,32,93.315,0.9270374,1.346391,-0.1828203,-0.09613198,0.6631852,0.6975865,0.2536084,
1,32,93.317,0.9270374,1.346391,-0.1828203,-0.09613198,0.6631852,0.6975865,0.2536084,
1,32,93.319,0.9298863,1.348142,-0.1832423,-0.09362608,0.667658,0.6950391,0.2497752,
1,32,93.321,0.9298863,1.348142,-0.1832423,-0.09362608,0.667658,0.6950391,0.2497752,
1,32,93.323,0.9298863,1.348142,-0.1832423,-0.09362608,0.667658,0.6950391,0.2497752,
1,32,93.325,0.9298863,1.348142,-0.1832423,-0.09362608,0.667658,0.6950391,0.2497752,
1,32,93.327,0.9328195,1.34973,-0.1836601,-0.0917556,0.6717921,0.6926231,0.2460679,
1,32,93.329,0.9328195,1.34973,-0.1836601,-0.0917556,0.6717921,0.6926231,0.2460679,
1,32,93.331,0.9328195,1.34973,-0.1836601,-0.0917556,0.6717921,0.6926231,0.2460679,
1,32,93.333,0.9328195,1.34973,-0.1836601,-0.0917556,0.6717921,0.6926231,0.2460679,
1,32,93.335,0.9356408,1.351161,-0.1843117,-0.08933172,0.6750132,0.6906797,0.2435952,
1,32,93.337,0.9356408,1.351161,-0.1843117,-0.08933172,0.6750132,0.6906797,0.2435952,
1,32,93.339,0.9356408,1.351161,-0.1843117,-0.08933172,0.6750132,0.6906797,0.2435952,
1,32,93.341,0.9356408,1.351161,-0.1843117,-0.08933172,0.6750132,0.6906797,0.2435952,
1,32,93.343,0.9383206,1.352079,-0.1851183,-0.0860841,0.6775331,0.6889639,0.2426257,
1,32,93.345,0.9383206,1.352079,-0.1851183,-0.0860841,0.6775331,0.6889639,0.2426257,
1,32,93.347,0.9383206,1.352079,-0.1851183,-0.0860841,0.6775331,0.6889639,0.2426257,
1,32,93.349,0.9383206,1.352079,-0.1851183,-0.0860841,0.6775331,0.6889639,0.2426257,
1,32,93.351,0.9408883,1.352775,-0.186065,-0.08244824,0.6793382,0.6875957,0.242722,
1,32,93.353,0.9408883,1.352775,-0.186065,-0.08244824,0.6793382,0.6875957,0.242722,
1,32,93.355,0.9408883,1.352775,-0.186065,-0.08244824,0.6793382,0.6875957,0.242722,
1,32,93.357,0.9408883,1.352775,-0.186065,-0.08244824,0.6793382,0.6875957,0.242722,
1,32,93.359,0.9433953,1.353143,-0.1871488,-0.07867748,0.6807072,0.6863456,0.2436748,
1,32,93.361,0.9433953,1.353143,-0.1871488,-0.07867748,0.6807072,0.6863456,0.2436748,
1,32,93.363,0.9433953,1.353143,-0.1871488,-0.07867748,0.6807072,0.6863456,0.2436748,
1,32,93.365,0.9433953,1.353143,-0.1871488,-0.07867748,0.6807072,0.6863456,0.2436748,
1,32,93.367,0.9433953,1.353143,-0.1871488,-0.07867748,0.6807072,0.6863456,0.2436748,
1,32,93.369,0.945981,1.353379,-0.1883133,-0.07523429,0.6815832,0.6853719,0.2450501,
1,32,93.371,0.945981,1.353379,-0.1883133,-0.07523429,0.6815832,0.6853719,0.2450501,
1,32,93.373,0.945981,1.353379,-0.1883133,-0.07523429,0.6815832,0.6853719,0.2450501,
1,32,93.375,0.945981,1.353379,-0.1883133,-0.07523429,0.6815832,0.6853719,0.2450501,
1,32,93.377,0.9481804,1.353326,-0.189543,-0.07195663,0.6822424,0.6845058,0.246616,
1,32,93.379,0.9481804,1.353326,-0.189543,-0.07195663,0.6822424,0.6845058,0.246616,
1,32,93.381,0.9481804,1.353326,-0.189543,-0.07195663,0.6822424,0.6845058,0.246616,
1,32,93.383,0.9481804,1.353326,-0.189543,-0.07195663,0.6822424,0.6845058,0.246616,
1,32,93.385,0.9501851,1.352944,-0.1908877,-0.06950679,0.682867,0.6836953,0.2478351,
1,32,93.387,0.9501851,1.352944,-0.1908877,-0.06950679,0.682867,0.6836953,0.2478351,
1,32,93.389,0.9501851,1.352944,-0.1908877,-0.06950679,0.682867,0.6836953,0.2478351,
1,32,93.391,0.9501851,1.352944,-0.1908877,-0.06950679,0.682867,0.6836953,0.2478351,
1,32,93.393,0.952075,1.352367,-0.1920416,-0.06783703,0.6834233,0.6829534,0.2488082,
1,32,93.395,0.952075,1.352367,-0.1920416,-0.06783703,0.6834233,0.6829534,0.2488082,
1,32,93.397,0.952075,1.352367,-0.1920416,-0.06783703,0.6834233,0.6829534,0.2488082,
1,32,93.399,0.952075,1.352367,-0.1920416,-0.06783703,0.6834233,0.6829534,0.2488082,
1,32,93.401,0.9537821,1.351603,-0.1933667,-0.06687999,0.6838787,0.6823986,0.2493373,
1,32,93.403,0.9537821,1.351603,-0.1933667,-0.06687999,0.6838787,0.6823986,0.2493373,
1,32,93.405,0.9537821,1.351603,-0.1933667,-0.06687999,0.6838787,0.6823986,0.2493373,
1,32,93.407,0.9537821,1.351603,-0.1933667,-0.06687999,0.6838787,0.6823986,0.2493373,
1,32,93.409,0.9552877,1.350768,-0.1946281,-0.06639507,0.6840969,0.682084,0.2497289,
1,32,93.411,0.9552877,1.350768,-0.1946281,-0.06639507,0.6840969,0.682084,0.2497289,
1,32,93.413,0.9552877,1.350768,-0.1946281,-0.06639507,0.6840969,0.682084,0.2497289,
1,32,93.415,0.9552877,1.350768,-0.1946281,-0.06639507,0.6840969,0.682084,0.2497289,
1,32,93.417,0.9552877,1.350768,-0.1946281,-0.06639507,0.6840969,0.682084,0.2497289,
1,32,93.419,0.9563935,1.349764,-0.1957155,-0.06614491,0.6841536,0.6819559,0.2499898,
1,32,93.421,0.9563935,1.349764,-0.1957155,-0.06614491,0.6841536,0.6819559,0.2499898,
1,32,93.423,0.9563935,1.349764,-0.1957155,-0.06614491,0.6841536,0.6819559,0.2499898,
1,32,93.425,0.9563935,1.349764,-0.1957155,-0.06614491,0.6841536,0.6819559,0.2499898,
1,32,93.427,0.9571967,1.34863,-0.1968423,-0.06594086,0.6838716,0.6821486,0.2502893,
1,32,93.429,0.9571967,1.34863,-0.1968423,-0.06594086,0.6838716,0.6821486,0.2502893,
1,32,93.431,0.9571967,1.34863,-0.1968423,-0.06594086,0.6838716,0.6821486,0.2502893,
1,32,93.433,0.9571967,1.34863,-0.1968423,-0.06594086,0.6838716,0.6821486,0.2502893,
1,32,93.435,0.9580923,1.347637,-0.1978673,-0.06598169,0.6830782,0.682746,0.2508156,
1,32,93.437,0.9580923,1.347637,-0.1978673,-0.06598169,0.6830782,0.682746,0.2508156,
1,32,93.439,0.9580923,1.347637,-0.1978673,-0.06598169,0.6830782,0.682746,0.2508156,
1,32,93.441,0.9580923,1.347637,-0.1978673,-0.06598169,0.6830782,0.682746,0.2508156,
1,32,93.443,0.9589927,1.347044,-0.1988458,-0.06638035,0.6816965,0.6838647,0.2514212,
1,32,93.445,0.9589927,1.347044,-0.1988458,-0.06638035,0.6816965,0.6838647,0.2514212,
1,32,93.447,0.9589927,1.347044,-0.1988458,-0.06638035,0.6816965,0.6838647,0.2514212,
1,32,93.449,0.9589927,1.347044,-0.1988458,-0.06638035,0.6816965,0.6838647,0.2514212,
1,32,93.451,0.9595481,1.346388,-0.1997245,-0.06662416,0.6800882,0.6851375,0.2522455,
1,32,93.453,0.9595481,1.346388,-0.1997245,-0.06662416,0.6800882,0.6851375,0.2522455,
1,32,93.455,0.9595481,1.346388,-0.1997245,-0.06662416,0.6800882,0.6851375,0.2522455,
1,32,93.457,0.9595481,1.346388,-0.1997245,-0.06662416,0.6800882,0.6851375,0.2522455,
1,32,93.459,0.9598839,1.345622,-0.2006504,-0.06658092,0.6782362,0.6865323,0.2534482,
1,32,93.461,0.9598839,1.345622,-0.2006504,-0.06658092,0.6782362,0.6865323,0.2534482,
1,32,93.463,0.9598839,1.345622,-0.2006504,-0.06658092,0.6782362,0.6865323,0.2534482,
1,32,93.465,0.9598839,1.345622,-0.2006504,-0.06658092,0.6782362,0.6865323,0.2534482,
1,32,93.467,0.9598839,1.345622,-0.2006504,-0.06658092,0.6782362,0.6865323,0.2534482,
1,32,93.469,0.960015,1.344835,-0.2015478,-0.06639692,0.6760851,0.6880525,0.2551158,
1,32,93.471,0.960015,1.344835,-0.2015478,-0.06639692,0.6760851,0.6880525,0.2551158,
1,32,93.473,0.960015,1.344835,-0.2015478,-0.06639692,0.6760851,0.6880525,0.2551158,
1,32,93.475,0.960015,1.344835,-0.2015478,-0.06639692,0.6760851,0.6880525,0.2551158,
1,32,93.477,0.9602708,1.344187,-0.2024799,-0.0657281,0.6733992,0.6897842,0.2577038,
1,32,93.479,0.9602708,1.344187,-0.2024799,-0.0657281,0.6733992,0.6897842,0.2577038,
1,32,93.481,0.9602708,1.344187,-0.2024799,-0.0657281,0.6733992,0.6897842,0.2577038,
1,32,93.483,0.9602708,1.344187,-0.2024799,-0.0657281,0.6733992,0.6897842,0.2577038,
1,32,93.485,0.9602941,1.343494,-0.2033616,-0.06489119,0.6705907,0.6914772,0.260685,
1,32,93.487,0.9602941,1.343494,-0.2033616,-0.06489119,0.6705907,0.6914772,0.260685,
1,32,93.489,0.9602941,1.343494,-0.2033616,-0.06489119,0.6705907,0.6914772,0.260685,
1,32,93.491,0.9602941,1.343494,-0.2033616,-0.06489119,0.6705907,0.6914772,0.260685,
1,32,93.493,0.9604748,1.342689,-0.2043018,-0.06429899,0.6677398,0.6930544,0.2639409,
1,32,93.495,0.9604748,1.342689,-0.2043018,-0.06429899,0.6677398,0.6930544,0.2639409,
1,32,93.497,0.9604748,1.342689,-0.2043018,-0.06429899,0.6677398,0.6930544,0.2639409,
1,32,93.499,0.9604748,1.342689,-0.2043018,-0.06429899,0.6677398,0.6930544,0.2639409,
1,32,93.501,0.9606349,1.341903,-0.2052297,-0.06396988,0.6649099,0.6945044,0.2673321,
1,32,93.503,0.9606349,1.341903,-0.2052297,-0.06396988,0.6649099,0.6945044,0.2673321,
1,32,93.505,0.9606349,1.341903,-0.2052297,-0.06396988,0.6649099,0.6945044,0.2673321,
1,32,93.507,0.9606349,1.341903,-0.2052297,-0.06396988,0.6649099,0.6945044,0.2673321,
1,32,93.509,0.960885,1.341188,-0.2059681,-0.06480816,0.6624482,0.6957402,0.2700146,
1,32,93.511,0.960885,1.341188,-0.2059681,-0.06480816,0.6624482,0.6957402,0.2700146,
1,32,93.513,0.960885,1.341188,-0.2059681,-0.06480816,0.6624482,0.6957402,0.2700146,
1,32,93.515,0.960885,1.341188,-0.2059681,-0.06480816,0.6624482,0.6957402,0.2700146,
1,32,93.517,0.960885,1.341188,-0.2059681,-0.06480816,0.6624482,0.6957402,0.2700146,
1,32,93.519,0.9611341,1.340362,-0.2067528,-0.06676632,0.6604533,0.6967013,0.2719395,
1,32,93.521,0.9611341,1.340362,-0.2067528,-0.06676632,0.6604533,0.6967013,0.2719395,
1,32,93.523,0.9611341,1.340362,-0.2067528,-0.06676632,0.6604533,0.6967013,0.2719395,
1,32,93.525,0.9611341,1.340362,-0.2067528,-0.06676632,0.6604533,0.6967013,0.2719395,
1,32,93.527,0.9615397,1.3395,-0.2073364,-0.06986663,0.6588373,0.6974338,0.2732002,
1,32,93.529,0.9615397,1.3395,-0.2073364,-0.06986663,0.6588373,0.6974338,0.2732002,
1,32,93.531,0.9615397,1.3395,-0.2073364,-0.06986663,0.6588373,0.6974338,0.2732002,
1,32,93.533,0.9615397,1.3395,-0.2073364,-0.06986663,0.6588373,0.6974338,0.2732002,
1,32,93.535,0.9618147,1.338617,-0.2079434,-0.07305273,0.6575023,0.6979409,0.2742854,
1,32,93.537,0.9618147,1.338617,-0.2079434,-0.07305273,0.6575023,0.6979409,0.2742854,
1,32,93.539,0.9618147,1.338617,-0.2079434,-0.07305273,0.6575023,0.6979409,0.2742854,
1,32,93.541,0.9618147,1.338617,-0.2079434,-0.07305273,0.6575023,0.6979409,0.2742854,
1,32,93.543,0.9622256,1.338078,-0.2084601,-0.07590219,0.6559112,0.6984948,0.2759064,
1,32,93.545,0.9622256,1.338078,-0.2084601,-0.07590219,0.6559112,0.6984948,0.2759064,
1,32,93.547,0.9622256,1.338078,-0.2084601,-0.07590219,0.6559112,0.6984948,0.2759064,
1,32,93.549,0.9622256,1.338078,-0.2084601,-0.07590219,0.6559112,0.6984948,0.2759064,
1,32,93.551,0.9625267,1.337367,-0.2088296,-0.07792965,0.6543012,0.6988403,0.2782788,
1,32,93.553,0.9625267,1.337367,-0.2088296,-0.07792965,0.6543012,0.6988403,0.2782788,
1,32,93.555,0.9625267,1.337367,-0.2088296,-0.07792965,0.6543012,0.6988403,0.2782788,
1,32,93.557,0.9625267,1.337367,-0.2088296,-0.07792965,0.6543012,0.6988403,0.2782788,
1,32,93.559,0.9629685,1.336906,-0.2091479,-0.07932284,0.6525389,0.6992469,0.2809888,
1,32,93.561,0.9629685,1.336906,-0.2091479,-0.07932284,0.6525389,0.6992469,0.2809888,
1,32,93.563,0.9629685,1.336906,-0.2091479,-0.07932284,0.6525389,0.6992469,0.2809888,
1,32,93.565,0.9629685,1.336906,-0.2091479,-0.07932284,0.6525389,0.6992469,0.2809888,
1,32,93.567,0.9629685,1.336906,-0.2091479,-0.07932284,0.6525389,0.6992469,0.2809888,
1,32,93.569,0.9631381,1.336453,-0.2093923,-0.08028919,0.6509215,0.6995004,0.2838206,
1,32,93.571,0.9631381,1.336453,-0.2093923,-0.08028919,0.6509215,0.6995004,0.2838206,
1,32,93.573,0.9631381,1.336453,-0.2093923,-0.08028919,0.6509215,0.6995004,0.2838206,
1,32,93.575,0.9631381,1.336453,-0.2093923,-0.08028919,0.6509215,0.6995004,0.2838206,
1,32,93.577,0.9632289,1.336113,-0.2095337,-0.08139548,0.6495548,0.6996652,0.28622,
1,32,93.579,0.9632289,1.336113,-0.2095337,-0.08139548,0.6495548,0.6996652,0.28622,
1,32,93.581,0.9632289,1.336113,-0.2095337,-0.08139548,0.6495548,0.6996652,0.28622,
1,32,93.583,0.9632289,1.336113,-0.2095337,-0.08139548,0.6495548,0.6996652,0.28622,
1,32,93.585,0.9632193,1.3359,-0.2095372,-0.08282992,0.6485857,0.6997257,0.2878536,
1,32,93.587,0.9632193,1.3359,-0.2095372,-0.08282992,0.6485857,0.6997257,0.2878536,
1,32,93.589,0.9632193,1.3359,-0.2095372,-0.08282992,0.6485857,0.6997257,0.2878536,
1,32,93.591,0.9632193,1.3359,-0.2095372,-0.08282992,0.6485857,0.6997257,0.2878536,
1,32,93.593,0.9630752,1.335864,-0.209481,-0.08480826,0.6480749,0.699706,0.2884753,
1,32,93.595,0.9630752,1.335864,-0.209481,-0.08480826,0.6480749,0.699706,0.2884753,
1,32,93.597,0.9630752,1.335864,-0.209481,-0.08480826,0.6480749,0.699706,0.2884753,
1,32,93.599,0.9630752,1.335864,-0.209481,-0.08480826,0.6480749,0.699706,0.2884753,
1,32,93.601,0.9629317,1.33573,-0.2091882,-0.08738419,0.648036,0.6994675,0.2883724,
1,32,93.603,0.9629317,1.33573,-0.2091882,-0.08738419,0.648036,0.6994675,0.2883724,
1,32,93.605,0.9629317,1.33573,-0.2091882,-0.08738419,0.648036,0.6994675,0.2883724,
1,32,93.607,0.9629317,1.33573,-0.2091882,-0.08738419,0.648036,0.6994675,0.2883724,
1,32,93.609,0.9625813,1.33573,-0.2088431,-0.08990708,0.6482037,0.6992363,0.28778,
1,32,93.611,0.9625813,1.33573,-0.2088431,-0.08990708,0.6482037,0.6992363,0.28778,
1,32,93.613,0.9625813,1.33573,-0.2088431,-0.08990708,0.6482037,0.6992363,0.28778,
1,32,93.615,0.9625813,1.33573,-0.2088431,-0.08990708,0.6482037,0.6992363,0.28778,
1,32,93.617,0.9625813,1.33573,-0.2088431,-0.08990708,0.6482037,0.6992363,0.28778,
1,32,93.619,0.9622661,1.335889,-0.2085933,-0.09230101,0.6484298,0.6990802,0.2868906,
1,32,93.621,0.9622661,1.335889,-0.2085933,-0.09230101,0.6484298,0.6990802,0.2868906,
1,32,93.623,0.9622661,1.335889,-0.2085933,-0.09230101,0.6484298,0.6990802,0.2868906,
1,32,93.625,0.9622661,1.335889,-0.2085933,-0.09230101,0.6484298,0.6990802,0.2868906,
1,32,93.627,0.9620988,1.336082,-0.2082944,-0.0941157,0.6485323,0.6989444,0.2863997,
1,32,93.629,0.9620988,1.336082,-0.2082944,-0.0941157,0.6485323,0.6989444,0.2863997,
1,32,93.631,0.9620988,1.336082,-0.2082944,-0.0941157,0.6485323,0.6989444,0.2863997,
1,32,93.633,0.9620988,1.336082,-0.2082944,-0.0941157,0.6485323,0.6989444,0.2863997,
1,32,93.635,0.9618872,1.33622,-0.2079953,-0.09534472,0.6486558,0.6987554,0.2861745,
1,32,93.637,0.9618872,1.33622,-0.2079953,-0.09534472,0.6486558,0.6987554,0.2861745,
1,32,93.639,0.9618872,1.33622,-0.2079953,-0.09534472,0.6486558,0.6987554,0.2861745,
1,32,93.641,0.9618872,1.33622,-0.2079953,-0.09534472,0.6486558,0.6987554,0.2861745,
1,32,93.643,0.9616714,1.336265,-0.2077375,-0.09602413,0.648784,0.6985487,0.2861614,
1,32,93.645,0.9616714,1.336265,-0.2077375,-0.09602413,0.648784,0.6985487,0.2861614,
1,32,93.647,0.9616714,1.336265,-0.2077375,-0.09602413,0.648784,0.6985487,0.2861614,
1,32,93.649,0.9616714,1.336265,-0.2077375,-0.09602413,0.648784,0.6985487,0.2861614,
1,32,93.651,0.9614279,1.336381,-0.2075162,-0.09642893,0.6489027,0.6984111,0.2860923,
1,32,93.653,0.9614279,1.336381,-0.2075162,-0.09642893,0.6489027,0.6984111,0.2860923,
1,32,93.655,0.9614279,1.336381,-0.2075162,-0.09642893,0.6489027,0.6984111,0.2860923,
1,32,93.657,0.9614279,1.336381,-0.2075162,-0.09642893,0.6489027,0.6984111,0.2860923,
1,32,93.659,0.9612052,1.336406,-0.2072503,-0.09694019,0.6491747,0.6982126,0.2857867,
1,32,93.661,0.9612052,1.336406,-0.2072503,-0.09694019,0.6491747,0.6982126,0.2857867,
1,32,93.663,0.9612052,1.336406,-0.2072503,-0.09694019,0.6491747,0.6982126,0.2857867,
1,32,93.665,0.9612052,1.336406,-0.2072503,-0.09694019,0.6491747,0.6982126,0.2857867,
1,32,93.667,0.9612052,1.336406,-0.2072503,-0.09694019,0.6491747,0.6982126,0.2857867,
1,32,93.669,0.9610127,1.336381,-0.2069438,-0.09771225,0.6496336,0.6979729,0.2850656,
1,32,93.671,0.9610127,1.336381,-0.2069438,-0.09771225,0.6496336,0.6979729,0.2850656,
1,32,93.673,0.9610127,1.336381,-0.2069438,-0.09771225,0.6496336,0.6979729,0.2850656,
1,32,93.675,0.9610127,1.336381,-0.2069438,-0.09771225,0.6496336,0.6979729,0.2850656,
1,32,93.677,0.9608688,1.33632,-0.2066015,-0.0984436,0.6501129,0.697741,0.284288,
1,32,93.679,0.9608688,1.33632,-0.2066015,-0.0984436,0.6501129,0.697741,0.284288,
1,32,93.681,0.9608688,1.33632,-0.2066015,-0.0984436,0.6501129,0.697741,0.284288,
1,32,93.683,0.9608688,1.33632,-0.2066015,-0.0984436,0.6501129,0.697741,0.284288,
1,32,93.685,0.9606794,1.336162,-0.2063014,-0.09872463,0.6505164,0.697552,0.2837307,
1,32,93.687,0.9606794,1.336162,-0.2063014,-0.09872463,0.6505164,0.697552,0.2837307,
1,32,93.689,0.9606794,1.336162,-0.2063014,-0.09872463,0.6505164,0.697552,0.2837307,
1,32,93.691,0.9606794,1.336162,-0.2063014,-0.09872463,0.6505164,0.697552,0.2837307,
1,32,93.693,0.9604928,1.33603,-0.2060087,-0.09846121,0.6506712,0.6975386,0.2835002,
1,32,93.695,0.9604928,1.33603,-0.2060087,-0.09846121,0.6506712,0.6975386,0.2835002,
1,32,93.697,0.9604928,1.33603,-0.2060087,-0.09846121,0.6506712,0.6975386,0.2835002,
1,32,93.699,0.9604928,1.33603,-0.2060087,-0.09846121,0.6506712,0.6975386,0.2835002,
1,32,93.701,0.9602559,1.335894,-0.2057594,-0.09793514,0.6507436,0.6976231,0.2833081,
1,32,93.703,0.9602559,1.335894,-0.2057594,-0.09793514,0.6507436,0.6976231,0.2833081,
1,32,93.705,0.9602559,1.335894,-0.2057594,-0.09793514,0.6507436,0.6976231,0.2833081,
1,32,93.707,0.9602559,1.335894,-0.2057594,-0.09793514,0.6507436,0.6976231,0.2833081,
1,32,93.709,0.9599215,1.335851,-0.2056484,-0.09717351,0.6507127,0.6978378,0.2831127,
1,32,93.711,0.9599215,1.335851,-0.2056484,-0.09717351,0.6507127,0.6978378,0.2831127,
1,32,93.713,0.9599215,1.335851,-0.2056484,-0.09717351,0.6507127,0.6978378,0.2831127,
1,32,93.715,0.9599215,1.335851,-0.2056484,-0.09717351,0.6507127,0.6978378,0.2831127,
1,32,93.717,0.9599215,1.335851,-0.2056484,-0.09717351,0.6507127,0.6978378,0.2831127,
1,32,93.719,0.9596608,1.335842,-0.2055545,-0.09643713,0.6506046,0.698102,0.2829615,
1,32,93.721,0.9596608,1.335842,-0.2055545,-0.09643713,0.6506046,0.698102,0.2829615,
1,32,93.723,0.9596608,1.335842,-0.2055545,-0.09643713,0.6506046,0.698102,0.2829615,
1,32,93.725,0.9596608,1.335842,-0.2055545,-0.09643713,0.6506046,0.698102,0.2829615,
1,32,93.727,0.9595099,1.335832,-0.205414,-0.09591734,0.6505051,0.6983681,0.2827104,
1,32,93.729,0.9595099,1.335832,-0.205414,-0.09591734,0.6505051,0.6983681,0.2827104,
1,32,93.731,0.9595099,1.335832,-0.205414,-0.09591734,0.6505051,0.6983681,0.2827104,
1,32,93.733,0.9595099,1.335832,-0.205414,-0.09591734,0.6505051,0.6983681,0.2827104,
1,32,93.735,0.959383,1.335915,-0.205317,-0.09571365,0.6504942,0.6986168,0.2821893,
1,32,93.737,0.959383,1.335915,-0.205317,-0.09571365,0.6504942,0.6986168,0.2821893,
1,32,93.739,0.959383,1.335915,-0.205317,-0.09571365,0.6504942,0.6986168,0.2821893,
1,32,93.741,0.959383,1.335915,-0.205317,-0.09571365,0.6504942,0.6986168,0.2821893,
1,32,93.743,0.959324,1.336027,-0.2052648,-0.09562033,0.6505071,0.698841,0.2816354,
1,32,93.745,0.959324,1.336027,-0.2052648,-0.09562033,0.6505071,0.698841,0.2816354,
1,32,93.747,0.959324,1.336027,-0.2052648,-0.09562033,0.6505071,0.698841,0.2816354,
1,32,93.749,0.959324,1.336027,-0.2052648,-0.09562033,0.6505071,0.698841,0.2816354,
1,32,93.751,0.9592972,1.336142,-0.2052772,-0.09544799,0.6505073,0.6990417,0.281195,
1,32,93.753,0.9592972,1.336142,-0.2052772,-0.09544799,0.6505073,0.6990417,0.281195,
1,32,93.755,0.9592972,1.336142,-0.2052772,-0.09544799,0.6505073,0.6990417,0.281195,
1,32,93.757,0.9592972,1.336142,-0.2052772,-0.09544799,0.6505073,0.6990417,0.281195,
1,32,93.759,0.9592728,1.336325,-0.2053674,-0.09514531,0.650475,0.6992431,0.2808717,
1,32,93.761,0.9592728,1.336325,-0.2053674,-0.09514531,0.650475,0.6992431,0.2808717,
1,32,93.763,0.9592728,1.336325,-0.2053674,-0.09514531,0.650475,0.6992431,0.2808717,
1,32,93.765,0.9592728,1.336325,-0.2053674,-0.09514531,0.650475,0.6992431,0.2808717,
1,32,93.767,0.9592728,1.336325,-0.2053674,-0.09514531,0.650475,0.6992431,0.2808717,
1,32,93.769,0.9592965,1.33648,-0.2054541,-0.09498206,0.650519,0.69935,0.2805586,
1,32,93.771,0.9592965,1.33648,-0.2054541,-0.09498206,0.650519,0.69935,0.2805586,
1,32,93.773,0.9592965,1.33648,-0.2054541,-0.09498206,0.650519,0.69935,0.2805586,
1,32,93.775,0.9592965,1.33648,-0.2054541,-0.09498206,0.650519,0.69935,0.2805586,
1,32,93.777,0.9593983,1.336694,-0.2055816,-0.09503514,0.6505614,0.6994724,0.280137,
1,32,93.779,0.9593983,1.336694,-0.2055816,-0.09503514,0.6505614,0.6994724,0.280137,
1,32,93.781,0.9593983,1.336694,-0.2055816,-0.09503514,0.6505614,0.6994724,0.280137,
1,32,93.783,0.9593983,1.336694,-0.2055816,-0.09503514,0.6505614,0.6994724,0.280137,
1,32,93.785,0.9595553,1.336995,-0.2057121,-0.09532773,0.6506291,0.6996009,0.2795586,
1,32,93.787,0.9595553,1.336995,-0.2057121,-0.09532773,0.6506291,0.6996009,0.2795586,
1,32,93.789,0.9595553,1.336995,-0.2057121,-0.09532773,0.6506291,0.6996009,0.2795586,
1,32,93.791,0.9595553,1.336995,-0.2057121,-0.09532773,0.6506291,0.6996009,0.2795586,
1,32,93.793,0.9597301,1.337273,-0.2058742,-0.09564033,0.6507068,0.6997031,0.2790148,
1,32,93.795,0.9597301,1.337273,-0.2058742,-0.09564033,0.6507068,0.6997031,0.2790148,
1,32,93.797,0.9597301,1.337273,-0.2058742,-0.09564033,0.6507068,0.6997031,0.2790148,
1,32,93.799,0.9597301,1.337273,-0.2058742,-0.09564033,0.6507068,0.6997031,0.2790148,
1,32,93.801,0.9599614,1.337551,-0.2060385,-0.09579158,0.6506942,0.699811,0.2787215,
1,32,93.803,0.9599614,1.337551,-0.2060385,-0.09579158,0.6506942,0.699811,0.2787215,
1,32,93.805,0.9599614,1.337551,-0.2060385,-0.09579158,0.6506942,0.699811,0.2787215,
1,32,93.807,0.9599614,1.337551,-0.2060385,-0.09579158,0.6506942,0.699811,0.2787215,
1,32,93.809,0.9601877,1.337853,-0.2062007,-0.09580776,0.6506378,0.6999277,0.2785544,
1,32,93.811,0.9601877,1.337853,-0.2062007,-0.09580776,0.6506378,0.6999277,0.2785544,
1,32,93.813,0.9601877,1.337853,-0.2062007,-0.09580776,0.6506378,0.6999277,0.2785544,
1,32,93.815,0.9601877,1.337853,-0.2062007,-0.09580776,0.6506378,0.6999277,0.2785544,
1,32,93.817,0.9601877,1.337853,-0.2062007,-0.09580776,0.6506378,0.6999277,0.2785544,
1,32,93.819,0.9604181,1.338145,-0.2063592,-0.09586447,0.6506121,0.7000286,0.2783415,
1,32,93.821,0.9604181,1.338145,-0.2063592,-0.09586447,0.6506121,0.7000286,0.2783415,
1,32,93.823,0.9604181,1.338145,-0.2063592,-0.09586447,0.6506121,0.7000286,0.2783415,
1,32,93.825,0.9604181,1.338145,-0.2063592,-0.09586447,0.6506121,0.7000286,0.2783415,
1,32,93.827,0.9606147,1.338404,-0.2065443,-0.09603187,0.6507125,0.70008,0.2779194,
1,32,93.829,0.9606147,1.338404,-0.2065443,-0.09603187,0.6507125,0.70008,0.2779194,
1,32,93.831,0.9606147,1.338404,-0.2065443,-0.09603187,0.6507125,0.70008,0.2779194,
1,32,93.833,0.9606147,1.338404,-0.2065443,-0.09603187,0.6507125,0.70008,0.2779194,
1,32,93.835,0.9607651,1.338707,-0.2067314,-0.09625301,0.6508262,0.7001526,0.2773935,
1,32,93.837,0.9607651,1.338707,-0.2067314,-0.09625301,0.6508262,0.7001526,0.2773935,
1,32,93.839,0.9607651,1.338707,-0.2067314,-0.09625301,0.6508262,0.7001526,0.2773935,
1,32,93.841,0.9607651,1.338707,-0.2067314,-0.09625301,0.6508262,0.7001526,0.2773935,
1,32,93.843,0.9608912,1.338999,-0.2069232,-0.09657001,0.6509914,0.7002113,0.2767462,
1,32,93.845,0.9608912,1.338999,-0.2069232,-0.09657001,0.6509914,0.7002113,0.2767462,
1,32,93.847,0.9608912,1.338999,-0.2069232,-0.09657001,0.6509914,0.7002113,0.2767462,
1,32,93.849,0.9608912,1.338999,-0.2069232,-0.09657001,0.6509914,0.7002113,0.2767462,
1,32,93.851,0.9610035,1.339279,-0.207095,-0.09701109,0.6512238,0.7002373,0.2759784,
1,32,93.853,0.9610035,1.339279,-0.207095,-0.09701109,0.6512238,0.7002373,0.2759784,
1,32,93.855,0.9610035,1.339279,-0.207095,-0.09701109,0.6512238,0.7002373,0.2759784,
1,32,93.857,0.9610035,1.339279,-0.207095,-0.09701109,0.6512238,0.7002373,0.2759784,
1,32,93.859,0.9611808,1.339573,-0.2072393,-0.09751782,0.6514645,0.700253,0.275191,
1,32,93.861,0.9611808,1.339573,-0.2072393,-0.09751782,0.6514645,0.700253,0.275191,
1,32,93.863,0.9611808,1.339573,-0.2072393,-0.09751782,0.6514645,0.700253,0.275191,
1,32,93.865,0.9611808,1.339573,-0.2072393,-0.09751782,0.6514645,0.700253,0.275191,
1,32,93.867,0.9611808,1.339573,-0.2072393,-0.09751782,0.6514645,0.700253,0.275191,
1,32,93.869,0.9613484,1.339849,-0.2073945,-0.09787217,0.651658,0.7002909,0.2745098,
1,32,93.871,0.9613484,1.339849,-0.2073945,-0.09787217,0.651658,0.7002909,0.2745098,
1,32,93.873,0.9613484,1.339849,-0.2073945,-0.09787217,0.651658,0.7002909,0.2745098,
1,32,93.875,0.9613484,1.339849,-0.2073945,-0.09787217,0.651658,0.7002909,0.2745098,
1,32,93.877,0.9614902,1.340068,-0.2075334,-0.09794119,0.6517634,0.7003306,0.2741333,
1,32,93.879,0.9614902,1.340068,-0.2075334,-0.09794119,0.6517634,0.7003306,0.2741333,
1,32,93.881,0.9614902,1.340068,-0.2075334,-0.09794119,0.6517634,0.7003306,0.2741333,
1,32,93.883,0.9614902,1.340068,-0.2075334,-0.09794119,0.6517634,0.7003306,0.2741333,
1,32,93.885,0.9616042,1.340251,-0.207679,-0.09776723,0.651795,0.7003952,0.273955,
1,32,93.887,0.9616042,1.340251,-0.207679,-0.09776723,0.651795,0.7003952,0.273955,
1,32,93.889,0.9616042,1.340251,-0.207679,-0.09776723,0.651795,0.7003952,0.273955,
1,32,93.891,0.9616042,1.340251,-0.207679,-0.09776723,0.651795,0.7003952,0.273955,
1,32,93.893,0.9617127,1.340348,-0.2078476,-0.0975287,0.6518323,0.7004245,0.2738766,
1,32,93.895,0.9617127,1.340348,-0.2078476,-0.0975287,0.6518323,0.7004245,0.2738766,
1,32,93.897,0.9617127,1.340348,-0.2078476,-0.0975287,0.6518323,0.7004245,0.2738766,
1,32,93.899,0.9617127,1.340348,-0.2078476,-0.0975287,0.6518323,0.7004245,0.2738766,
1,32,93.901,0.9617995,1.340409,-0.2080371,-0.09737429,0.6518922,0.7004631,0.2736901,
1,32,93.903,0.9617995,1.340409,-0.2080371,-0.09737429,0.6518922,0.7004631,0.2736901,
1,32,93.905,0.9617995,1.340409,-0.2080371,-0.09737429,0.6518922,0.7004631,0.2736901,
1,32,93.907,0.9617995,1.340409,-0.2080371,-0.09737429,0.6518922,0.7004631,0.2736901,
1,32,93.909,0.96182,1.340335,-0.2082933,-0.09740406,0.6521013,0.7004216,0.2732876,
1,32,93.911,0.96182,1.340335,-0.2082933,-0.09740406,0.6521013,0.7004216,0.2732876,
1,32,93.913,0.96182,1.340335,-0.2082933,-0.09740406,0.6521013,0.7004216,0.2732876,
1,32,93.915,0.96182,1.340335,-0.2082933,-0.09740406,0.6521013,0.7004216,0.2732876,
1,32,93.917,0.96182,1.340335,-0.2082933,-0.09740406,0.6521013,0.7004216,0.2732876,
1,32,93.919,0.9618735,1.340239,-0.2085136,-0.09764299,0.6522838,0.7004114,0.2727924,
1,32,93.921,0.9618735,1.340239,-0.2085136,-0.09764299,0.6522838,0.7004114,0.2727924,
1,32,93.923,0.9618735,1.340239,-0.2085136,-0.09764299,0.6522838,0.7004114,0.2727924,
1,32,93.925,0.9618735,1.340239,-0.2085136,-0.09764299,0.6522838,0.7004114,0.2727924,
1,32,93.927,0.9619658,1.339978,-0.2087276,-0.0978258,0.6524106,0.7003773,0.272511,
1,32,93.929,0.9619658,1.339978,-0.2087276,-0.0978258,0.6524106,0.7003773,0.272511,
1,32,93.931,0.9619658,1.339978,-0.2087276,-0.0978258,0.6524106,0.7003773,0.272511,
1,32,93.933,0.9619658,1.339978,-0.2087276,-0.0978258,0.6524106,0.7003773,0.272511,
1,32,93.935,0.9621474,1.339634,-0.2089702,-0.09783241,0.6523635,0.7003967,0.2725716,
1,32,93.937,0.9621474,1.339634,-0.2089702,-0.09783241,0.6523635,0.7003967,0.2725716,
1,32,93.939,0.9621474,1.339634,-0.2089702,-0.09783241,0.6523635,0.7003967,0.2725716,
1,32,93.941,0.9621474,1.339634,-0.2089702,-0.09783241,0.6523635,0.7003967,0.2725716,
1,32,93.943,0.9623687,1.339181,-0.2091522,-0.09773219,0.6522027,0.700425,0.2729193,
1,32,93.945,0.9623687,1.339181,-0.2091522,-0.09773219,0.6522027,0.700425,0.2729193,
1,32,93.947,0.9623687,1.339181,-0.2091522,-0.09773219,0.6522027,0.700425,0.2729193,
1,32,93.949,0.9623687,1.339181,-0.2091522,-0.09773219,0.6522027,0.700425,0.2729193,
1,32,93.951,0.9626713,1.33865,-0.2093922,-0.09767827,0.6519418,0.7005082,0.2733481,
1,32,93.953,0.9626713,1.33865,-0.2093922,-0.09767827,0.6519418,0.7005082,0.2733481,
1,32,93.955,0.9626713,1.33865,-0.2093922,-0.09767827,0.6519418,0.7005082,0.2733481,
1,32,93.957,0.9626713,1.33865,-0.2093922,-0.09767827,0.6519418,0.7005082,0.2733481,
1,32,93.959,0.962918,1.33806,-0.2096061,-0.09777942,0.6516809,0.7006081,0.2736781,
1,32,93.961,0.962918,1.33806,-0.2096061,-0.09777942,0.6516809,0.7006081,0.2736781,
1,32,93.963,0.962918,1.33806,-0.2096061,-0.09777942,0.6516809,0.7006081,0.2736781,
1,32,93.965,0.962918,1.33806,-0.2096061,-0.09777942,0.6516809,0.7006081,0.2736781,
1,32,93.967,0.962918,1.33806,-0.2096061,-0.09777942,0.6516809,0.7006081,0.2736781,
1,32,93.969,0.9631503,1.337325,-0.2097976,-0.09814551,0.6515189,0.700665,0.2737865,
1,32,93.971,0.9631503,1.337325,-0.2097976,-0.09814551,0.6515189,0.700665,0.2737865,
1,32,93.973,0.9631503,1.337325,-0.2097976,-0.09814551,0.6515189,0.700665,0.2737865,
1,32,93.975,0.9631503,1.337325,-0.2097976,-0.09814551,0.6515189,0.700665,0.2737865,
1,32,93.977,0.9632394,1.336512,-0.2101651,-0.09834287,0.6513758,0.7007509,0.2738367,
1,32,93.979,0.9632394,1.336512,-0.2101651,-0.09834287,0.6513758,0.7007509,0.2738367,
1,32,93.981,0.9632394,1.336512,-0.2101651,-0.09834287,0.6513758,0.7007509,0.2738367,
1,32,93.983,0.9632394,1.336512,-0.2101651,-0.09834287,0.6513758,0.7007509,0.2738367,
1,32,93.985,0.9636642,1.335646,-0.2104554,-0.09882286,0.6509911,0.7009534,0.2740603,
1,32,93.987,0.9636642,1.335646,-0.2104554,-0.09882286,0.6509911,0.7009534,0.2740603,
1,32,93.989,0.9636642,1.335646,-0.2104554,-0.09882286,0.6509911,0.7009534,0.2740603,
1,32,93.991,0.9636642,1.335646,-0.2104554,-0.09882286,0.6509911,0.7009534,0.2740603,
1,32,93.993,0.9638512,1.334826,-0.2107551,-0.09897187,0.6505533,0.7012227,0.2743573,
1,32,93.995,0.9638512,1.334826,-0.2107551,-0.09897187,0.6505533,0.7012227,0.2743573,
1,32,93.997,0.9638512,1.334826,-0.2107551,-0.09897187,0.6505533,0.7012227,0.2743573,
1,32,93.999,0.9638512,1.334826,-0.2107551,-0.09897187,0.6505533,0.7012227,0.2743573,
1,32,94.001,0.9640548,1.333976,-0.2110197,-0.09904143,0.6499767,0.7015738,0.2748005,
1,32,94.003,0.9640548,1.333976,-0.2110197,-0.09904143,0.6499767,0.7015738,0.2748005,
1,32,94.005,0.9640548,1.333976,-0.2110197,-0.09904143,0.6499767,0.7015738,0.2748005,
1,32,94.007,0.9640548,1.333976,-0.2110197,-0.09904143,0.6499767,0.7015738,0.2748005,
1,32,94.009,0.9643054,1.333015,-0.2112826,-0.09919503,0.6494241,0.7018883,0.2752484,
1,32,94.011,0.9643054,1.333015,-0.2112826,-0.09919503,0.6494241,0.7018883,0.2752484,
1,32,94.013,0.9643054,1.333015,-0.2112826,-0.09919503,0.6494241,0.7018883,0.2752484,
1,32,94.015,0.9643054,1.333015,-0.2112826,-0.09919503,0.6494241,0.7018883,0.2752484,
1,32,94.017,0.9643054,1.333015,-0.2112826,-0.09919503,0.6494241,0.7018883,0.2752484,
1,32,94.019,0.9644502,1.332136,-0.2115822,-0.09930691,0.6488439,0.7022731,0.2755945,
1,32,94.021,0.9644502,1.332136,-0.2115822,-0.09930691,0.6488439,0.7022731,0.2755945,
1,32,94.023,0.9644502,1.332136,-0.2115822,-0.09930691,0.6488439,0.7022731,0.2755945,
1,32,94.025,0.9644502,1.332136,-0.2115822,-0.09930691,0.6488439,0.7022731,0.2755945,
1,32,94.027,0.9645006,1.331014,-0.2118853,-0.09934017,0.6484073,0.702526,0.2759652,
1,32,94.029,0.9645006,1.331014,-0.2118853,-0.09934017,0.6484073,0.702526,0.2759652,
1,32,94.031,0.9645006,1.331014,-0.2118853,-0.09934017,0.6484073,0.702526,0.2759652,
1,32,94.033,0.9645006,1.331014,-0.2118853,-0.09934017,0.6484073,0.702526,0.2759652,
1,32,94.035,0.9646233,1.329932,-0.212246,-0.09950522,0.6478661,0.7028803,0.2762744,
1,32,94.037,0.9646233,1.329932,-0.212246,-0.09950522,0.6478661,0.7028803,0.2762744,
1,32,94.039,0.9646233,1.329932,-0.212246,-0.09950522,0.6478661,0.7028803,0.2762744,
1,32,94.041,0.9646233,1.329932,-0.212246,-0.09950522,0.6478661,0.7028803,0.2762744,
1,32,94.043,0.9649588,1.329034,-0.2125811,-0.09966481,0.647088,0.7033682,0.276798,
1,32,94.045,0.9649588,1.329034,-0.2125811,-0.09966481,0.647088,0.7033682,0.276798,
1,32,94.047,0.9649588,1.329034,-0.2125811,-0.09966481,0.647088,0.7033682,0.276798,
1,32,94.049,0.9649588,1.329034,-0.2125811,-0.09966481,0.647088,0.7033682,0.276798,
1,32,94.051,0.9652341,1.328149,-0.212829,-0.09952959,0.646239,0.70385,0.2776045,
1,32,94.053,0.9652341,1.328149,-0.212829,-0.09952959,0.646239,0.70385,0.2776045,
1,32,94.055,0.9652341,1.328149,-0.212829,-0.09952959,0.646239,0.70385,0.2776045,
1,32,94.057,0.9652341,1.328149,-0.212829,-0.09952959,0.646239,0.70385,0.2776045,
1,32,94.059,0.9654996,1.327197,-0.2131306,-0.09940699,0.645352,0.7043778,0.2783723,
1,32,94.061,0.9654996,1.327197,-0.2131306,-0.09940699,0.645352,0.7043778,0.2783723,
1,32,94.063,0.9654996,1.327197,-0.2131306,-0.09940699,0.645352,0.7043778,0.2783723,
1,32,94.065,0.9654996,1.327197,-0.2131306,-0.09940699,0.645352,0.7043778,0.2783723,
1,32,94.067,0.9654996,1.327197,-0.2131306,-0.09940699,0.645352,0.7043778,0.2783723,
1,32,94.069,0.9656767,1.326342,-0.2134729,-0.09940633,0.6444953,0.7049516,0.2789041,
1,32,94.071,0.9656767,1.326342,-0.2134729,-0.09940633,0.6444953,0.7049516,0.2789041,
1,32,94.073,0.9656767,1.326342,-0.2134729,-0.09940633,0.6444953,0.7049516,0.2789041,
1,32,94.075,0.9656767,1.326342,-0.2134729,-0.09940633,0.6444953,0.7049516,0.2789041,
1,32,94.077,0.9658087,1.325544,-0.2137845,-0.09950015,0.6437373,0.7054869,0.2792677,
1,32,94.079,0.9658087,1.325544,-0.2137845,-0.09950015,0.6437373,0.7054869,0.2792677,
1,32,94.081,0.9658087,1.325544,-0.2137845,-0.09950015,0.6437373,0.7054869,0.2792677,
1,32,94.083,0.9658087,1.325544,-0.2137845,-0.09950015,0.6437373,0.7054869,0.2792677,
1,32,94.085,0.9662389,1.324828,-0.2141012,-0.09996322,0.6429471,0.7060328,0.279543,
1,32,94.087,0.9662389,1.324828,-0.2141012,-0.09996322,0.6429471,0.7060328,0.279543,
1,32,94.089,0.9662389,1.324828,-0.2141012,-0.09996322,0.6429471,0.7060328,0.279543,
1,32,94.091,0.9662389,1.324828,-0.2141012,-0.09996322,0.6429471,0.7060328,0.279543,
1,32,94.093,0.966566,1.324204,-0.2143822,-0.1007259,0.6423153,0.7065306,0.2794635,
1,32,94.095,0.966566,1.324204,-0.2143822,-0.1007259,0.6423153,0.7065306,0.2794635,
1,32,94.097,0.966566,1.324204,-0.2143822,-0.1007259,0.6423153,0.7065306,0.2794635,
1,32,94.099,0.966566,1.324204,-0.2143822,-0.1007259,0.6423153,0.7065306,0.2794635,
1,32,94.101,0.9668012,1.323547,-0.2147704,-0.1014604,0.641917,0.7069039,0.2791685,
1,32,94.103,0.9668012,1.323547,-0.2147704,-0.1014604,0.641917,0.7069039,0.2791685,
1,32,94.105,0.9668012,1.323547,-0.2147704,-0.1014604,0.641917,0.7069039,0.2791685,
1,32,94.107,0.9668012,1.323547,-0.2147704,-0.1014604,0.641917,0.7069039,0.2791685,
1,32,94.109,0.967243,1.322993,-0.215196,-0.10223,0.6414304,0.7073396,0.2789027,
1,32,94.111,0.967243,1.322993,-0.215196,-0.10223,0.6414304,0.7073396,0.2789027,
1,32,94.113,0.967243,1.322993,-0.215196,-0.10223,0.6414304,0.7073396,0.2789027,
1,32,94.115,0.967243,1.322993,-0.215196,-0.10223,0.6414304,0.7073396,0.2789027,
1,32,94.117,0.967243,1.322993,-0.215196,-0.10223,0.6414304,0.7073396,0.2789027,
1,32,94.119,0.9676423,1.322766,-0.2153947,-0.1028015,0.6407692,0.7079057,0.2787766,
1,32,94.121,0.9676423,1.322766,-0.2153947,-0.1028015,0.6407692,0.7079057,0.2787766,
1,32,94.123,0.9676423,1.322766,-0.2153947,-0.1028015,0.6407692,0.7079057,0.2787766,
1,32,94.125,0.9676423,1.322766,-0.2153947,-0.1028015,0.6407692,0.7079057,0.2787766,
1,32,94.127,0.9676887,1.32234,-0.2158111,-0.1031112,0.6404579,0.7082922,0.2783952,
1,32,94.129,0.9676887,1.32234,-0.2158111,-0.1031112,0.6404579,0.7082922,0.2783952,
1,32,94.131,0.9676887,1.32234,-0.2158111,-0.1031112,0.6404579,0.7082922,0.2783952,
1,32,94.133,0.9676887,1.32234,-0.2158111,-0.1031112,0.6404579,0.7082922,0.2783952,
1,32,94.135,0.9677223,1.322019,-0.2162181,-0.1033635,0.6401984,0.7086594,0.277964,
1,32,94.137,0.9677223,1.322019,-0.2162181,-0.1033635,0.6401984,0.7086594,0.277964,
1,32,94.139,0.9677223,1.322019,-0.2162181,-0.1033635,0.6401984,0.7086594,0.277964,
1,32,94.141,0.9677223,1.322019,-0.2162181,-0.1033635,0.6401984,0.7086594,0.277964,
1,32,94.143,0.9677989,1.322063,-0.2165118,-0.1035041,0.63981,0.7091136,0.2776473,
1,32,94.145,0.9677989,1.322063,-0.2165118,-0.1035041,0.63981,0.7091136,0.2776473,
1,32,94.147,0.9677989,1.322063,-0.2165118,-0.1035041,0.63981,0.7091136,0.2776473,
1,32,94.149,0.9677989,1.322063,-0.2165118,-0.1035041,0.63981,0.7091136,0.2776473,
1,32,94.151,0.967842,1.321783,-0.2168607,-0.1035055,0.6397431,0.7092721,0.2773958,
1,32,94.153,0.967842,1.321783,-0.2168607,-0.1035055,0.6397431,0.7092721,0.2773958,
1,32,94.155,0.967842,1.321783,-0.2168607,-0.1035055,0.6397431,0.7092721,0.2773958,
1,32,94.157,0.967842,1.321783,-0.2168607,-0.1035055,0.6397431,0.7092721,0.2773958,
1,32,94.159,0.9677144,1.32155,-0.2173111,-0.103288,0.6398051,0.7093381,0.2771652,
1,32,94.161,0.9677144,1.32155,-0.2173111,-0.103288,0.6398051,0.7093381,0.2771652,
1,32,94.163,0.9677144,1.32155,-0.2173111,-0.103288,0.6398051,0.7093381,0.2771652,
1,32,94.165,0.9677144,1.32155,-0.2173111,-0.103288,0.6398051,0.7093381,0.2771652,
1,32,94.167,0.9677144,1.32155,-0.2173111,-0.103288,0.6398051,0.7093381,0.2771652,
1,32,94.169,0.967869,1.321423,-0.2176056,-0.1031741,0.6398618,0.7093353,0.2770834,
1,32,94.171,0.967869,1.321423,-0.2176056,-0.1031741,0.6398618,0.7093353,0.2770834,
1,32,94.173,0.967869,1.321423,-0.2176056,-0.1031741,0.6398618,0.7093353,0.2770834,
1,32,94.175,0.967869,1.321423,-0.2176056,-0.1031741,0.6398618,0.7093353,0.2770834,
1,32,94.177,0.9677272,1.321323,-0.2180856,-0.1030071,0.6401789,0.7092295,0.2766839,
1,32,94.179,0.9677272,1.321323,-0.2180856,-0.1030071,0.6401789,0.7092295,0.2766839,
1,32,94.181,0.9677272,1.321323,-0.2180856,-0.1030071,0.6401789,0.7092295,0.2766839,CourtEnter
1,32,94.183,0.9677272,1.321323,-0.2180856,-0.1030071,0.6401789,0.7092295,0.2766839,
1,32,94.185,0.9677194,1.321124,-0.2185319,-0.1028275,0.6406357,0.7089498,0.2764101,
1,32,94.187,0.9677194,1.321124,-0.2185319,-0.1028275,0.6406357,0.7089498,0.2764101,
1,32,94.189,0.9677194,1.321124,-0.2185319,-0.1028275,0.6406357,0.7089498,0.2764101,CourtExit
1,32,94.191,0.9677194,1.321124,-0.2185319,-0.1028275,0.6406357,0.7089498,0.2764101,
1,32,94.193,0.96762,1.320865,-0.2190098,-0.1023663,0.641156,0.7085726,0.2763422,
1,32,94.195,0.96762,1.320865,-0.2190098,-0.1023663,0.641156,0.7085726,0.2763422,
1,32,94.197,0.96762,1.320865,-0.2190098,-0.1023663,0.641156,0.7085726,0.2763422,
1,32,94.199,0.96762,1.320865,-0.2190098,-0.1023663,0.641156,0.7085726,0.2763422,
1,32,94.201,0.9677496,1.320803,-0.219371,-0.1016944,0.6414855,0.7082139,0.2767451,
1,32,94.203,0.9677496,1.320803,-0.219371,-0.1016944,0.6414855,0.7082139,0.2767451,
1,32,94.205,0.9677496,1.320803,-0.219371,-0.1016944,0.6414855,0.7082139,0.2767451,
1,32,94.207,0.9677496,1.320803,-0.219371,-0.1016944,0.6414855,0.7082139,0.2767451,
1,32,94.209,0.9678637,1.320731,-0.2197244,-0.1009002,0.6418625,0.7077715,0.2772928,
1,32,94.211,0.9678637,1.320731,-0.2197244,-0.1009002,0.6418625,0.7077715,0.2772928,
1,32,94.213,0.9678637,1.320731,-0.2197244,-0.1009002,0.6418625,0.7077715,0.2772928,
1,32,94.215,0.9678637,1.320731,-0.2197244,-0.1009002,0.6418625,0.7077715,0.2772928,
1,32,94.217,0.9678637,1.320731,-0.2197244,-0.1009002,0.6418625,0.7077715,0.2772928,
1,32,94.219,0.9678293,1.32012,-0.220167,-0.09996679,0.6427288,0.7069359,0.2777556,
1,32,94.221,0.9678293,1.32012,-0.220167,-0.09996679,0.6427288,0.7069359,0.2777556,
1,32,94.223,0.9678293,1.32012,-0.220167,-0.09996679,0.6427288,0.7069359,0.2777556,
1,32,94.225,0.9678293,1.32012,-0.220167,-0.09996679,0.6427288,0.7069359,0.2777556,
1,32,94.227,0.9678539,1.319412,-0.2205165,-0.09912378,0.6437471,0.7059696,0.2781568,
1,32,94.229,0.9678539,1.319412,-0.2205165,-0.09912378,0.6437471,0.7059696,0.2781568,
1,32,94.231,0.9678539,1.319412,-0.2205165,-0.09912378,0.6437471,0.7059696,0.2781568,
1,32,94.233,0.9678539,1.319412,-0.2205165,-0.09912378,0.6437471,0.7059696,0.2781568,
1,32,94.235,0.9681341,1.319425,-0.2206737,-0.09859416,0.6443092,0.7054042,0.2784777,
1,32,94.237,0.9681341,1.319425,-0.2206737,-0.09859416,0.6443092,0.7054042,0.2784777,
1,32,94.239,0.9681341,1.319425,-0.2206737,-0.09859416,0.6443092,0.7054042,0.2784777,
1,32,94.241,0.9681341,1.319425,-0.2206737,-0.09859416,0.6443092,0.7054042,0.2784777,
1,32,94.243,0.9676552,1.318373,-0.2212953,-0.09773648,0.6459239,0.7041332,0.2782562,
1,32,94.245,0.9676552,1.318373,-0.2212953,-0.09773648,0.6459239,0.7041332,0.2782562,
1,32,94.247,0.9676552,1.318373,-0.2212953,-0.09773648,0.6459239,0.7041332,0.2782562,
1,32,94.249,0.9676552,1.318373,-0.2212953,-0.09773648,0.6459239,0.7041332,0.2782562,
1,32,94.251,0.9675303,1.3179,-0.2216257,-0.09724838,0.6471269,0.703249,0.2778679,
1,32,94.253,0.9675303,1.3179,-0.2216257,-0.09724838,0.6471269,0.703249,0.2778679,
1,32,94.255,0.9675303,1.3179,-0.2216257,-0.09724838,0.6471269,0.703249,0.2778679,
1,32,94.257,0.9675303,1.3179,-0.2216257,-0.09724838,0.6471269,0.703249,0.2778679,
1,32,94.259,0.9674724,1.317291,-0.2218738,-0.09696388,0.6483978,0.7023159,0.2773637,
1,32,94.261,0.9674724,1.317291,-0.2218738,-0.09696388,0.6483978,0.7023159,0.2773637,
1,32,94.263,0.9674724,1.317291,-0.2218738,-0.09696388,0.6483978,0.7023159,0.2773637,
1,32,94.265,0.9674724,1.317291,-0.2218738,-0.09696388,0.6483978,0.7023159,0.2773637,
1,32,94.267,0.9674724,1.317291,-0.2218738,-0.09696388,0.6483978,0.7023159,0.2773637,
1,32,94.269,0.9668312,1.316011,-0.2222853,-0.09645185,0.650187,0.7010757,0.2764902,
1,32,94.271,0.9668312,1.316011,-0.2222853,-0.09645185,0.650187,0.7010757,0.2764902,
1,32,94.273,0.9668312,1.316011,-0.2222853,-0.09645185,0.650187,0.7010757,0.2764902,
1,32,94.275,0.9668312,1.316011,-0.2222853,-0.09645185,0.650187,0.7010757,0.2764902,
1,32,94.277,0.9658964,1.314483,-0.2226444,-0.09607595,0.6523427,0.6997209,0.2749713,
1,32,94.279,0.9658964,1.314483,-0.2226444,-0.09607595,0.6523427,0.6997209,0.2749713,
1,32,94.281,0.9658964,1.314483,-0.2226444,-0.09607595,0.6523427,0.6997209,0.2749713,
1,32,94.283,0.9658964,1.314483,-0.2226444,-0.09607595,0.6523427,0.6997209,0.2749713,
1,32,94.285,0.9647534,1.31249,-0.2228636,-0.0961799,0.655107,0.6980859,0.2725078,
1,32,94.287,0.9647534,1.31249,-0.2228636,-0.0961799,0.655107,0.6980859,0.2725078,
1,32,94.289,0.9647534,1.31249,-0.2228636,-0.0961799,0.655107,0.6980859,0.2725078,
1,32,94.291,0.9647534,1.31249,-0.2228636,-0.0961799,0.655107,0.6980859,0.2725078,
1,32,94.293,0.9631313,1.309663,-0.2232037,-0.09753186,0.659119,0.6957997,0.2681652,
1,32,94.295,0.9631313,1.309663,-0.2232037,-0.09753186,0.659119,0.6957997,0.2681652,
1,32,94.297,0.9631313,1.309663,-0.2232037,-0.09753186,0.659119,0.6957997,0.2681652,
1,32,94.299,0.9631313,1.309663,-0.2232037,-0.09753186,0.659119,0.6957997,0.2681652,
1,32,94.301,0.9610165,1.306007,-0.2233602,-0.1000853,0.6642911,0.6929975,0.261639,
1,32,94.303,0.9610165,1.306007,-0.2233602,-0.1000853,0.6642911,0.6929975,0.261639,
1,32,94.305,0.9610165,1.306007,-0.2233602,-0.1000853,0.6642911,0.6929975,0.261639,
1,32,94.307,0.9610165,1.306007,-0.2233602,-0.1000853,0.6642911,0.6929975,0.261639,
1,32,94.309,0.9580266,1.301254,-0.2237688,-0.1041515,0.6709746,0.6894691,0.2521464,
1,32,94.311,0.9580266,1.301254,-0.2237688,-0.1041515,0.6709746,0.6894691,0.2521464,
1,32,94.313,0.9580266,1.301254,-0.2237688,-0.1041515,0.6709746,0.6894691,0.2521464,
1,32,94.315,0.9580266,1.301254,-0.2237688,-0.1041515,0.6709746,0.6894691,0.2521464,
1,32,94.317,0.9580266,1.301254,-0.2237688,-0.1041515,0.6709746,0.6894691,0.2521464,
1,32,94.319,0.9542106,1.294591,-0.2241023,-0.1095961,0.6793019,0.6848487,0.2398331,
1,32,94.321,0.9542106,1.294591,-0.2241023,-0.1095961,0.6793019,0.6848487,0.2398331,
1,32,94.323,0.9542106,1.294591,-0.2241023,-0.1095961,0.6793019,0.6848487,0.2398331,
1,32,94.325,0.9542106,1.294591,-0.2241023,-0.1095961,0.6793019,0.6848487,0.2398331,
1,32,94.327,0.9493126,1.286455,-0.2244402,-0.1158109,0.688432,0.679781,0.2248269,
1,32,94.329,0.9493126,1.286455,-0.2244402,-0.1158109,0.688432,0.679781,0.2248269,
1,32,94.331,0.9493126,1.286455,-0.2244402,-0.1158109,0.688432,0.679781,0.2248269,
1,32,94.333,0.9493126,1.286455,-0.2244402,-0.1158109,0.688432,0.679781,0.2248269,
1,32,94.335,0.9434266,1.277643,-0.2251861,-0.1218898,0.6975082,0.6748425,0.2078773,
1,32,94.337,0.9434266,1.277643,-0.2251861,-0.1218898,0.6975082,0.6748425,0.2078773,
1,32,94.339,0.9434266,1.277643,-0.2251861,-0.1218898,0.6975082,0.6748425,0.2078773,
1,32,94.341,0.9434266,1.277643,-0.2251861,-0.1218898,0.6975082,0.6748425,0.2078773,
1,32,94.343,0.9363843,1.267765,-0.2262926,-0.1267937,0.7060753,0.6703336,0.1898266,
1,32,94.345,0.9363843,1.267765,-0.2262926,-0.1267937,0.7060753,0.6703336,0.1898266,
1,32,94.347,0.9363843,1.267765,-0.2262926,-0.1267937,0.7060753,0.6703336,0.1898266,
1,32,94.349,0.9363843,1.267765,-0.2262926,-0.1267937,0.7060753,0.6703336,0.1898266,
1,32,94.351,0.9282401,1.25664,-0.2277332,-0.1295909,0.7139428,0.6662701,0.1719771,
1,32,94.353,0.9282401,1.25664,-0.2277332,-0.1295909,0.7139428,0.6662701,0.1719771,
1,32,94.355,0.9282401,1.25664,-0.2277332,-0.1295909,0.7139428,0.6662701,0.1719771,
1,32,94.357,0.9282401,1.25664,-0.2277332,-0.1295909,0.7139428,0.6662701,0.1719771,
1,32,94.359,0.918802,1.243936,-0.2295279,-0.1301178,0.7212487,0.6626173,0.1542989,
1,32,94.361,0.918802,1.243936,-0.2295279,-0.1301178,0.7212487,0.6626173,0.1542989,
1,32,94.363,0.918802,1.243936,-0.2295279,-0.1301178,0.7212487,0.6626173,0.1542989,
1,32,94.365,0.918802,1.243936,-0.2295279,-0.1301178,0.7212487,0.6626173,0.1542989,
1,32,94.367,0.918802,1.243936,-0.2295279,-0.1301178,0.7212487,0.6626173,0.1542989,
1,32,94.369,0.9086052,1.230937,-0.2316392,-0.1295328,0.7274996,0.6598822,0.1360927,
1,32,94.371,0.9086052,1.230937,-0.2316392,-0.1295328,0.7274996,0.6598822,0.1360927,
1,32,94.373,0.9086052,1.230937,-0.2316392,-0.1295328,0.7274996,0.6598822,0.1360927,
1,32,94.375,0.9086052,1.230937,-0.2316392,-0.1295328,0.7274996,0.6598822,0.1360927,
1,32,94.377,0.8971491,1.215792,-0.2340815,-0.1293311,0.7342005,0.6564364,0.1153878,
1,32,94.379,0.8971491,1.215792,-0.2340815,-0.1293311,0.7342005,0.6564364,0.1153878,
1,32,94.381,0.8971491,1.215792,-0.2340815,-0.1293311,0.7342005,0.6564364,0.1153878,
1,32,94.383,0.8971491,1.215792,-0.2340815,-0.1293311,0.7342005,0.6564364,0.1153878,
1,32,94.385,0.8851076,1.199974,-0.2372553,-0.1310178,0.7405315,0.6528167,0.09098192,
1,32,94.387,0.8851076,1.199974,-0.2372553,-0.1310178,0.7405315,0.6528167,0.09098192,
1,32,94.389,0.8851076,1.199974,-0.2372553,-0.1310178,0.7405315,0.6528167,0.09098192,
1,32,94.391,0.8851076,1.199974,-0.2372553,-0.1310178,0.7405315,0.6528167,0.09098192,
1,32,94.393,0.8717607,1.183271,-0.241207,-0.1339151,0.746513,0.648706,0.06297393,
1,32,94.395,0.8717607,1.183271,-0.241207,-0.1339151,0.746513,0.648706,0.06297393,
1,32,94.397,0.8717607,1.183271,-0.241207,-0.1339151,0.746513,0.648706,0.06297393,
1,32,94.399,0.8717607,1.183271,-0.241207,-0.1339151,0.746513,0.648706,0.06297393,
1,32,94.401,0.8575479,1.166312,-0.2460916,-0.1370955,0.7515286,0.6444291,0.03347518,
1,32,94.403,0.8575479,1.166312,-0.2460916,-0.1370955,0.7515286,0.6444291,0.03347518,
1,32,94.405,0.8575479,1.166312,-0.2460916,-0.1370955,0.7515286,0.6444291,0.03347518,
1,32,94.407,0.8575479,1.166312,-0.2460916,-0.1370955,0.7515286,0.6444291,0.03347518,
1,32,94.409,0.8426753,1.148255,-0.2517703,-0.138892,0.7560713,0.6395637,0.004868839,
1,32,94.411,0.8426753,1.148255,-0.2517703,-0.138892,0.7560713,0.6395637,0.004868839,
1,32,94.413,0.8426753,1.148255,-0.2517703,-0.138892,0.7560713,0.6395637,0.004868839,
1,32,94.415,0.8426753,1.148255,-0.2517703,-0.138892,0.7560713,0.6395637,0.004868839,
1,32,94.417,0.8426753,1.148255,-0.2517703,-0.138892,0.7560713,0.6395637,0.004868839,
1,32,94.419,0.8268042,1.129831,-0.2582302,-0.1364394,0.7600268,0.6351196,-0.01915147,
1,32,94.421,0.8268042,1.129831,-0.2582302,-0.1364394,0.7600268,0.6351196,-0.01915147,
1,32,94.423,0.8268042,1.129831,-0.2582302,-0.1364394,0.7600268,0.6351196,-0.01915147,
1,32,94.425,0.8268042,1.129831,-0.2582302,-0.1364394,0.7600268,0.6351196,-0.01915147,
1,32,94.427,0.8106889,1.111769,-0.2653056,-0.1284756,0.7635868,0.6317909,-0.03563179,
1,32,94.429,0.8106889,1.111769,-0.2653056,-0.1284756,0.7635868,0.6317909,-0.03563179,
1,32,94.431,0.8106889,1.111769,-0.2653056,-0.1284756,0.7635868,0.6317909,-0.03563179,
1,32,94.433,0.8106889,1.111769,-0.2653056,-0.1284756,0.7635868,0.6317909,-0.03563179,
1,32,94.435,0.7944882,1.094182,-0.2728636,-0.1154296,0.7670323,0.6295793,-0.04435697,
1,32,94.437,0.7944882,1.094182,-0.2728636,-0.1154296,0.7670323,0.6295793,-0.04435697,
1,32,94.439,0.7944882,1.094182,-0.2728636,-0.1154296,0.7670323,0.6295793,-0.04435697,
1,32,94.441,0.7944882,1.094182,-0.2728636,-0.1154296,0.7670323,0.6295793,-0.04435697,
1,32,94.443,0.778493,1.077437,-0.2807109,-0.1003025,0.770245,0.627909,-0.048912,
1,32,94.445,0.778493,1.077437,-0.2807109,-0.1003025,0.770245,0.627909,-0.048912,
1,32,94.447,0.778493,1.077437,-0.2807109,-0.1003025,0.770245,0.627909,-0.048912,
1,32,94.449,0.778493,1.077437,-0.2807109,-0.1003025,0.770245,0.627909,-0.048912,
1,32,94.451,0.7620605,1.06208,-0.2889424,-0.08497044,0.7728199,0.6267369,-0.05225305,
1,32,94.453,0.7620605,1.06208,-0.2889424,-0.08497044,0.7728199,0.6267369,-0.05225305,
1,32,94.455,0.7620605,1.06208,-0.2889424,-0.08497044,0.7728199,0.6267369,-0.05225305,
1,32,94.457,0.7620605,1.06208,-0.2889424,-0.08497044,0.7728199,0.6267369,-0.05225305,
1,32,94.459,0.7447195,1.047529,-0.2972928,-0.0700365,0.7747094,0.6259632,-0.05559191,
1,32,94.461,0.7447195,1.047529,-0.2972928,-0.0700365,0.7747094,0.6259632,-0.05559191,
1,32,94.463,0.7447195,1.047529,-0.2972928,-0.0700365,0.7747094,0.6259632,-0.05559191,
1,32,94.465,0.7447195,1.047529,-0.2972928,-0.0700365,0.7747094,0.6259632,-0.05559191,
1,32,94.467,0.7447195,1.047529,-0.2972928,-0.0700365,0.7747094,0.6259632,-0.05559191,
1,32,94.469,0.7271594,1.034666,-0.305782,-0.05595124,0.7754974,0.6261425,-0.05846944,
1,32,94.471,0.7271594,1.034666,-0.305782,-0.05595124,0.7754974,0.6261425,-0.05846944,
1,32,94.473,0.7271594,1.034666,-0.305782,-0.05595124,0.7754974,0.6261425,-0.05846944,
1,32,94.475,0.7271594,1.034666,-0.305782,-0.05595124,0.7754974,0.6261425,-0.05846944,
1,32,94.477,0.7089999,1.022918,-0.3142616,-0.0427027,0.7753482,0.6271385,-0.06090264,
1,32,94.479,0.7089999,1.022918,-0.3142616,-0.0427027,0.7753482,0.6271385,-0.06090264,
1,32,94.481,0.7089999,1.022918,-0.3142616,-0.0427027,0.7753482,0.6271385,-0.06090264,
1,32,94.483,0.7089999,1.022918,-0.3142616,-0.0427027,0.7753482,0.6271385,-0.06090264,
1,32,94.485,0.6904197,1.012712,-0.3228882,-0.02956975,0.774083,0.6293985,-0.0614714,
1,32,94.487,0.6904197,1.012712,-0.3228882,-0.02956975,0.774083,0.6293985,-0.0614714,
1,32,94.489,0.6904197,1.012712,-0.3228882,-0.02956975,0.774083,0.6293985,-0.0614714,
1,32,94.491,0.6904197,1.012712,-0.3228882,-0.02956975,0.774083,0.6293985,-0.0614714,
1,32,94.493,0.6715236,1.00397,-0.3315593,-0.01652396,0.7717717,0.6328616,-0.05984635,
1,32,94.495,0.6715236,1.00397,-0.3315593,-0.01652396,0.7717717,0.6328616,-0.05984635,
1,32,94.497,0.6715236,1.00397,-0.3315593,-0.01652396,0.7717717,0.6328616,-0.05984635,
1,32,94.499,0.6715236,1.00397,-0.3315593,-0.01652396,0.7717717,0.6328616,-0.05984635,
1,32,94.501,0.6533213,0.9969588,-0.33984,-0.003637373,0.7685171,0.6375377,-0.05398118,
1,32,94.503,0.6533213,0.9969588,-0.33984,-0.003637373,0.7685171,0.6375377,-0.05398118,
1,32,94.505,0.6533213,0.9969588,-0.33984,-0.003637373,0.7685171,0.6375377,-0.05398118,
1,32,94.507,0.6533213,0.9969588,-0.33984,-0.003637373,0.7685171,0.6375377,-0.05398118,
1,32,94.509,0.6359462,0.9917052,-0.3476571,0.008768588,0.7643557,0.6432115,-0.0443007,
1,32,94.511,0.6359462,0.9917052,-0.3476571,0.008768588,0.7643557,0.6432115,-0.0443007,
1,32,94.513,0.6359462,0.9917052,-0.3476571,0.008768588,0.7643557,0.6432115,-0.0443007,
1,32,94.515,0.6359462,0.9917052,-0.3476571,0.008768588,0.7643557,0.6432115,-0.0443007,
1,32,94.517,0.6359462,0.9917052,-0.3476571,0.008768588,0.7643557,0.6432115,-0.0443007,
1,32,94.519,0.6192421,0.9876351,-0.3550987,0.01981917,0.7594436,0.6495009,-0.0316408,
1,32,94.521,0.6192421,0.9876351,-0.3550987,0.01981917,0.7594436,0.6495009,-0.0316408,
1,32,94.523,0.6192421,0.9876351,-0.3550987,0.01981917,0.7594436,0.6495009,-0.0316408,
1,32,94.525,0.6192421,0.9876351,-0.3550987,0.01981917,0.7594436,0.6495009,-0.0316408,
1,32,94.527,0.6032756,0.9847442,-0.3622071,0.02792913,0.7537751,0.6563022,-0.01762271,
1,32,94.529,0.6032756,0.9847442,-0.3622071,0.02792913,0.7537751,0.6563022,-0.01762271,
1,32,94.531,0.6032756,0.9847442,-0.3622071,0.02792913,0.7537751,0.6563022,-0.01762271,
1,32,94.533,0.6032756,0.9847442,-0.3622071,0.02792913,0.7537751,0.6563022,-0.01762271,
1,32,94.535,0.5883128,0.9829642,-0.368902,0.03201634,0.7474694,0.6635175,-0.003010744,
1,32,94.537,0.5883128,0.9829642,-0.368902,0.03201634,0.7474694,0.6635175,-0.003010744,
1,32,94.539,0.5883128,0.9829642,-0.368902,0.03201634,0.7474694,0.6635175,-0.003010744,
1,32,94.541,0.5883128,0.9829642,-0.368902,0.03201634,0.7474694,0.6635175,-0.003010744,
1,32,94.543,0.5745081,0.9822488,-0.3752182,0.03250459,0.7404368,0.6712236,0.01248189,
1,32,94.545,0.5745081,0.9822488,-0.3752182,0.03250459,0.7404368,0.6712236,0.01248189,
1,32,94.547,0.5745081,0.9822488,-0.3752182,0.03250459,0.7404368,0.6712236,0.01248189,
1,32,94.549,0.5745081,0.9822488,-0.3752182,0.03250459,0.7404368,0.6712236,0.01248189,
1,32,94.551,0.5617695,0.9826221,-0.3809913,0.02945271,0.7324308,0.6795211,0.03047596,
1,32,94.553,0.5617695,0.9826221,-0.3809913,0.02945271,0.7324308,0.6795211,0.03047596,
1,32,94.555,0.5617695,0.9826221,-0.3809913,0.02945271,0.7324308,0.6795211,0.03047596,
1,32,94.557,0.5617695,0.9826221,-0.3809913,0.02945271,0.7324308,0.6795211,0.03047596,
1,32,94.559,0.5502664,0.9830403,-0.38613,0.02326521,0.7239838,0.6875715,0.05051558,
1,32,94.561,0.5502664,0.9830403,-0.38613,0.02326521,0.7239838,0.6875715,0.05051558,
1,32,94.563,0.5502664,0.9830403,-0.38613,0.02326521,0.7239838,0.6875715,0.05051558,
1,32,94.565,0.5502664,0.9830403,-0.38613,0.02326521,0.7239838,0.6875715,0.05051558,
1,32,94.567,0.5502664,0.9830403,-0.38613,0.02326521,0.7239838,0.6875715,0.05051558,
1,32,94.569,0.5403452,0.9844255,-0.3905701,0.0131669,0.7147638,0.6954764,0.07247168,
1,32,94.571,0.5403452,0.9844255,-0.3905701,0.0131669,0.7147638,0.6954764,0.07247168,
1,32,94.573,0.5403452,0.9844255,-0.3905701,0.0131669,0.7147638,0.6954764,0.07247168,
1,32,94.575,0.5403452,0.9844255,-0.3905701,0.0131669,0.7147638,0.6954764,0.07247168,
1,32,94.577,0.5317731,0.9862926,-0.3941393,-0.001563042,0.7050582,0.702759,0.09497593,
1,32,94.579,0.5317731,0.9862926,-0.3941393,-0.001563042,0.7050582,0.702759,0.09497593,
1,32,94.581,0.5317731,0.9862926,-0.3941393,-0.001563042,0.7050582,0.702759,0.09497593,
1,32,94.583,0.5317731,0.9862926,-0.3941393,-0.001563042,0.7050582,0.702759,0.09497593,
1,32,94.585,0.5247691,0.9880847,-0.3966711,-0.02225763,0.6953188,0.7088016,0.116776,
1,32,94.587,0.5247691,0.9880847,-0.3966711,-0.02225763,0.6953188,0.7088016,0.116776,
1,32,94.589,0.5247691,0.9880847,-0.3966711,-0.02225763,0.6953188,0.7088016,0.116776,
1,32,94.591,0.5247691,0.9880847,-0.3966711,-0.02225763,0.6953188,0.7088016,0.116776,
1,32,94.593,0.5192556,0.9900506,-0.3981827,-0.04843214,0.6856305,0.7132269,0.1373773,
1,32,94.595,0.5192556,0.9900506,-0.3981827,-0.04843214,0.6856305,0.7132269,0.1373773,
1,32,94.597,0.5192556,0.9900506,-0.3981827,-0.04843214,0.6856305,0.7132269,0.1373773,
1,32,94.599,0.5192556,0.9900506,-0.3981827,-0.04843214,0.6856305,0.7132269,0.1373773,
1,32,94.601,0.5145097,0.992193,-0.3989099,-0.07908499,0.675938,0.7154585,0.1580271,
1,32,94.603,0.5145097,0.992193,-0.3989099,-0.07908499,0.675938,0.7154585,0.1580271,
1,32,94.605,0.5145097,0.992193,-0.3989099,-0.07908499,0.675938,0.7154585,0.1580271,
1,32,94.607,0.5145097,0.992193,-0.3989099,-0.07908499,0.675938,0.7154585,0.1580271,
1,32,94.609,0.5114176,0.9946021,-0.398739,-0.1141041,0.6666564,0.7148247,0.1776945,
1,32,94.611,0.5114176,0.9946021,-0.398739,-0.1141041,0.6666564,0.7148247,0.1776945,
1,32,94.613,0.5114176,0.9946021,-0.398739,-0.1141041,0.6666564,0.7148247,0.1776945,
1,32,94.615,0.5114176,0.9946021,-0.398739,-0.1141041,0.6666564,0.7148247,0.1776945,
1,32,94.617,0.5114176,0.9946021,-0.398739,-0.1141041,0.6666564,0.7148247,0.1776945,
1,32,94.619,0.5084363,0.995742,-0.3979046,-0.1517671,0.6585361,0.7105196,0.1961095,
1,32,94.621,0.5084363,0.995742,-0.3979046,-0.1517671,0.6585361,0.7105196,0.1961095,
1,32,94.623,0.5084363,0.995742,-0.3979046,-0.1517671,0.6585361,0.7105196,0.1961095,
1,32,94.625,0.5084363,0.995742,-0.3979046,-0.1517671,0.6585361,0.7105196,0.1961095,
1,32,94.627,0.5064183,0.9980218,-0.3962634,-0.1930069,0.6495949,0.7037735,0.213255,
1,32,94.629,0.5064183,0.9980218,-0.3962634,-0.1930069,0.6495949,0.7037735,0.213255,
1,32,94.631,0.5064183,0.9980218,-0.3962634,-0.1930069,0.6495949,0.7037735,0.213255,
1,32,94.633,0.5064183,0.9980218,-0.3962634,-0.1930069,0.6495949,0.7037735,0.213255,
1,32,94.635,0.5042852,0.9990726,-0.3939792,-0.2352253,0.6407084,0.6935207,0.2306315,
1,32,94.637,0.5042852,0.9990726,-0.3939792,-0.2352253,0.6407084,0.6935207,0.2306315,
1,32,94.639,0.5042852,0.9990726,-0.3939792,-0.2352253,0.6407084,0.6935207,0.2306315,
1,32,94.641,0.5042852,0.9990726,-0.3939792,-0.2352253,0.6407084,0.6935207,0.2306315,
1,32,94.643,0.5024886,1.001122,-0.3905127,-0.2787961,0.6304997,0.6809626,0.2470483,
1,32,94.645,0.5024886,1.001122,-0.3905127,-0.2787961,0.6304997,0.6809626,0.2470483,
1,32,94.647,0.5024886,1.001122,-0.3905127,-0.2787961,0.6304997,0.6809626,0.2470483,
1,32,94.649,0.5024886,1.001122,-0.3905127,-0.2787961,0.6304997,0.6809626,0.2470483,
1,32,94.651,0.5005642,1.003539,-0.3865158,-0.3229596,0.6191748,0.6655983,0.2632462,
1,32,94.653,0.5005642,1.003539,-0.3865158,-0.3229596,0.6191748,0.6655983,0.2632462,
1,32,94.655,0.5005642,1.003539,-0.3865158,-0.3229596,0.6191748,0.6655983,0.2632462,
1,32,94.657,0.5005642,1.003539,-0.3865158,-0.3229596,0.6191748,0.6655983,0.2632462,
1,32,94.659,0.4988969,1.0055,-0.3815103,-0.3675275,0.608085,0.6465223,0.2777861,
1,32,94.661,0.4988969,1.0055,-0.3815103,-0.3675275,0.608085,0.6465223,0.2777861,
1,32,94.663,0.4988969,1.0055,-0.3815103,-0.3675275,0.608085,0.6465223,0.2777861,
1,32,94.665,0.4988969,1.0055,-0.3815103,-0.3675275,0.608085,0.6465223,0.2777861,
1,32,94.667,0.4988969,1.0055,-0.3815103,-0.3675275,0.608085,0.6465223,0.2777861,
1,32,94.669,0.4960515,1.008162,-0.3768685,-0.411056,0.5959462,0.6253239,0.291292,
1,32,94.671,0.4960515,1.008162,-0.3768685,-0.411056,0.5959462,0.6253239,0.291292,
1,32,94.673,0.4960515,1.008162,-0.3768685,-0.411056,0.5959462,0.6253239,0.291292,
1,32,94.675,0.4960515,1.008162,-0.3768685,-0.411056,0.5959462,0.6253239,0.291292,
1,32,94.677,0.4932414,1.011116,-0.3716774,-0.4526933,0.5835328,0.6021038,0.3033633,
1,32,94.679,0.4932414,1.011116,-0.3716774,-0.4526933,0.5835328,0.6021038,0.3033633,
1,32,94.681,0.4932414,1.011116,-0.3716774,-0.4526933,0.5835328,0.6021038,0.3033633,
1,32,94.683,0.4932414,1.011116,-0.3716774,-0.4526933,0.5835328,0.6021038,0.3033633,
1,32,94.685,0.4894722,1.013652,-0.3674242,-0.4918215,0.5704219,0.5775515,0.3149044,
1,32,94.687,0.4894722,1.013652,-0.3674242,-0.4918215,0.5704219,0.5775515,0.3149044,
1,32,94.689,0.4894722,1.013652,-0.3674242,-0.4918215,0.5704219,0.5775515,0.3149044,
1,32,94.691,0.4894722,1.013652,-0.3674242,-0.4918215,0.5704219,0.5775515,0.3149044,
1,32,94.693,0.4846712,1.016434,-0.3641279,-0.5273045,0.5556282,0.5534848,0.3269281,
1,32,94.695,0.4846712,1.016434,-0.3641279,-0.5273045,0.5556282,0.5534848,0.3269281,
1,32,94.697,0.4846712,1.016434,-0.3641279,-0.5273045,0.5556282,0.5534848,0.3269281,
1,32,94.699,0.4846712,1.016434,-0.3641279,-0.5273045,0.5556282,0.5534848,0.3269281,
1,32,94.701,0.4796548,1.019017,-0.3606666,-0.5583638,0.538929,0.530823,0.340606,
1,32,94.703,0.4796548,1.019017,-0.3606666,-0.5583638,0.538929,0.530823,0.340606,
1,32,94.705,0.4796548,1.019017,-0.3606666,-0.5583638,0.538929,0.530823,0.340606,
1,32,94.707,0.4796548,1.019017,-0.3606666,-0.5583638,0.538929,0.530823,0.340606,
1,32,94.709,0.4740463,1.021775,-0.3574719,-0.5858843,0.5196162,0.5101883,0.3555933,
1,32,94.711,0.4740463,1.021775,-0.3574719,-0.5858843,0.5196162,0.5101883,0.3555933,
1,32,94.713,0.4740463,1.021775,-0.3574719,-0.5858843,0.5196162,0.5101883,0.3555933,
1,32,94.715,0.4740463,1.021775,-0.3574719,-0.5858843,0.5196162,0.5101883,0.3555933,
1,32,94.717,0.4740463,1.021775,-0.3574719,-0.5858843,0.5196162,0.5101883,0.3555933,
1,32,94.719,0.467888,1.024078,-0.3542591,-0.6112369,0.4994399,0.4900548,0.3698588,
1,32,94.721,0.467888,1.024078,-0.3542591,-0.6112369,0.4994399,0.4900548,0.3698588,
1,32,94.723,0.467888,1.024078,-0.3542591,-0.6112369,0.4994399,0.4900548,0.3698588,
1,32,94.725,0.467888,1.024078,-0.3542591,-0.6112369,0.4994399,0.4900548,0.3698588,
1,32,94.727,0.4609373,1.026547,-0.351696,-0.636416,0.4789636,0.4690592,0.3815129,
1,32,94.729,0.4609373,1.026547,-0.351696,-0.636416,0.4789636,0.4690592,0.3815129,
1,32,94.731,0.4609373,1.026547,-0.351696,-0.636416,0.4789636,0.4690592,0.3815129,
1,32,94.733,0.4609373,1.026547,-0.351696,-0.636416,0.4789636,0.4690592,0.3815129,
1,32,94.735,0.4532953,1.029396,-0.350186,-0.6608754,0.4585857,0.4477326,0.3904848,
1,32,94.737,0.4532953,1.029396,-0.350186,-0.6608754,0.4585857,0.4477326,0.3904848,
1,32,94.739,0.4532953,1.029396,-0.350186,-0.6608754,0.4585857,0.4477326,0.3904848,
1,32,94.741,0.4532953,1.029396,-0.350186,-0.6608754,0.4585857,0.4477326,0.3904848,
1,32,94.743,0.4454297,1.031813,-0.3494202,-0.6840899,0.4383162,0.4261428,0.3978722,
1,32,94.745,0.4454297,1.031813,-0.3494202,-0.6840899,0.4383162,0.4261428,0.3978722,
1,32,94.747,0.4454297,1.031813,-0.3494202,-0.6840899,0.4383162,0.4261428,0.3978722,
1,32,94.749,0.4454297,1.031813,-0.3494202,-0.6840899,0.4383162,0.4261428,0.3978722,
1,32,94.751,0.4373779,1.034296,-0.3492677,-0.7058093,0.4179009,0.4049953,0.4039442,
1,32,94.753,0.4373779,1.034296,-0.3492677,-0.7058093,0.4179009,0.4049953,0.4039442,
1,32,94.755,0.4373779,1.034296,-0.3492677,-0.7058093,0.4179009,0.4049953,0.4039442,
1,32,94.757,0.4373779,1.034296,-0.3492677,-0.7058093,0.4179009,0.4049953,0.4039442,
1,32,94.759,0.4292852,1.036475,-0.3491994,-0.7266114,0.397727,0.3832176,0.4086485,
1,32,94.761,0.4292852,1.036475,-0.3491994,-0.7266114,0.397727,0.3832176,0.4086485,
1,32,94.763,0.4292852,1.036475,-0.3491994,-0.7266114,0.397727,0.3832176,0.4086485,
1,32,94.765,0.4292852,1.036475,-0.3491994,-0.7266114,0.397727,0.3832176,0.4086485,
1,32,94.767,0.4292852,1.036475,-0.3491994,-0.7266114,0.397727,0.3832176,0.4086485,
1,32,94.769,0.4213418,1.038611,-0.3493101,-0.7467852,0.3782802,0.3603718,0.4115194,
1,32,94.771,0.4213418,1.038611,-0.3493101,-0.7467852,0.3782802,0.3603718,0.4115194,
1,32,94.773,0.4213418,1.038611,-0.3493101,-0.7467852,0.3782802,0.3603718,0.4115194,
1,32,94.775,0.4213418,1.038611,-0.3493101,-0.7467852,0.3782802,0.3603718,0.4115194,
1,32,94.777,0.4137187,1.040496,-0.3497784,-0.7659733,0.3599479,0.3366312,0.4127977,
1,32,94.779,0.4137187,1.040496,-0.3497784,-0.7659733,0.3599479,0.3366312,0.4127977,
1,32,94.781,0.4137187,1.040496,-0.3497784,-0.7659733,0.3599479,0.3366312,0.4127977,
1,32,94.783,0.4137187,1.040496,-0.3497784,-0.7659733,0.3599479,0.3366312,0.4127977,
1,32,94.785,0.4066834,1.042228,-0.3500047,-0.7836981,0.3424212,0.312898,0.41311,
1,32,94.787,0.4066834,1.042228,-0.3500047,-0.7836981,0.3424212,0.312898,0.41311,
1,32,94.789,0.4066834,1.042228,-0.3500047,-0.7836981,0.3424212,0.312898,0.41311,
1,32,94.791,0.4066834,1.042228,-0.3500047,-0.7836981,0.3424212,0.312898,0.41311,
1,32,94.793,0.4001204,1.044239,-0.3501588,-0.799921,0.3253799,0.289866,0.4125919,
1,32,94.795,0.4001204,1.044239,-0.3501588,-0.799921,0.3253799,0.289866,0.4125919,
1,32,94.797,0.4001204,1.044239,-0.3501588,-0.799921,0.3253799,0.289866,0.4125919,
1,32,94.799,0.4001204,1.044239,-0.3501588,-0.799921,0.3253799,0.289866,0.4125919,
1,32,94.801,0.3947416,1.04585,-0.3497137,-0.8141862,0.3092798,0.2682109,0.4117156,
1,32,94.803,0.3947416,1.04585,-0.3497137,-0.8141862,0.3092798,0.2682109,0.4117156,
1,32,94.805,0.3947416,1.04585,-0.3497137,-0.8141862,0.3092798,0.2682109,0.4117156,
1,32,94.807,0.3947416,1.04585,-0.3497137,-0.8141862,0.3092798,0.2682109,0.4117156,
1,32,94.809,0.3904697,1.046791,-0.3487852,-0.8261257,0.29457,0.2489077,0.4108402,
1,32,94.811,0.3904697,1.046791,-0.3487852,-0.8261257,0.29457,0.2489077,0.4108402,
1,32,94.813,0.3904697,1.046791,-0.3487852,-0.8261257,0.29457,0.2489077,0.4108402,
1,32,94.815,0.3904697,1.046791,-0.3487852,-0.8261257,0.29457,0.2489077,0.4108402,
1,32,94.817,0.3904697,1.046791,-0.3487852,-0.8261257,0.29457,0.2489077,0.4108402,
1,32,94.819,0.3873364,1.046758,-0.3469822,-0.835817,0.28092,0.2325262,0.4103969,
1,32,94.821,0.3873364,1.046758,-0.3469822,-0.835817,0.28092,0.2325262,0.4103969,
1,32,94.823,0.3873364,1.046758,-0.3469822,-0.835817,0.28092,0.2325262,0.4103969,
1,32,94.825,0.3873364,1.046758,-0.3469822,-0.835817,0.28092,0.2325262,0.4103969,
1,32,94.827,0.3858258,1.045727,-0.3446332,-0.8432705,0.2692068,0.219907,0.4099554,
1,32,94.829,0.3858258,1.045727,-0.3446332,-0.8432705,0.2692068,0.219907,0.4099554,
1,32,94.831,0.3858258,1.045727,-0.3446332,-0.8432705,0.2692068,0.219907,0.4099554,
1,32,94.833,0.3858258,1.045727,-0.3446332,-0.8432705,0.2692068,0.219907,0.4099554,
1,32,94.835,0.3858255,1.044228,-0.3410124,-0.8490642,0.2588657,0.2110792,0.4092971,
1,32,94.837,0.3858255,1.044228,-0.3410124,-0.8490642,0.2588657,0.2110792,0.4092971,
1,32,94.839,0.3858255,1.044228,-0.3410124,-0.8490642,0.2588657,0.2110792,0.4092971,
1,32,94.841,0.3858255,1.044228,-0.3410124,-0.8490642,0.2588657,0.2110792,0.4092971,
1,32,94.843,0.3871044,1.042203,-0.3361885,-0.8536336,0.2503749,0.2053661,0.4079792,
1,32,94.845,0.3871044,1.042203,-0.3361885,-0.8536336,0.2503749,0.2053661,0.4079792,
1,32,94.847,0.3871044,1.042203,-0.3361885,-0.8536336,0.2503749,0.2053661,0.4079792,
1,32,94.849,0.3871044,1.042203,-0.3361885,-0.8536336,0.2503749,0.2053661,0.4079792,
1,32,94.851,0.3900197,1.039911,-0.3301779,-0.8570333,0.2438453,0.2037287,0.4056208,
1,32,94.853,0.3900197,1.039911,-0.3301779,-0.8570333,0.2438453,0.2037287,0.4056208,
1,32,94.855,0.3900197,1.039911,-0.3301779,-0.8570333,0.2438453,0.2037287,0.4056208,
1,32,94.857,0.3900197,1.039911,-0.3301779,-0.8570333,0.2438453,0.2037287,0.4056208,
1,32,94.859,0.3946437,1.037309,-0.3236158,-0.859335,0.2392817,0.2066027,0.4019987,
1,32,94.861,0.3946437,1.037309,-0.3236158,-0.859335,0.2392817,0.2066027,0.4019987,
1,32,94.863,0.3946437,1.037309,-0.3236158,-0.859335,0.2392817,0.2066027,0.4019987,
1,32,94.865,0.3946437,1.037309,-0.3236158,-0.859335,0.2392817,0.2066027,0.4019987,
1,32,94.867,0.3946437,1.037309,-0.3236158,-0.859335,0.2392817,0.2066027,0.4019987,
1,32,94.869,0.4004002,1.034825,-0.3162919,-0.8608154,0.2361309,0.2139556,0.3968149,
1,32,94.871,0.4004002,1.034825,-0.3162919,-0.8608154,0.2361309,0.2139556,0.3968149,
1,32,94.873,0.4004002,1.034825,-0.3162919,-0.8608154,0.2361309,0.2139556,0.3968149,
1,32,94.875,0.4004002,1.034825,-0.3162919,-0.8608154,0.2361309,0.2139556,0.3968149,
1,32,94.877,0.4076319,1.032067,-0.3086146,-0.8612401,0.2348441,0.2258255,0.3900212,
1,32,94.879,0.4076319,1.032067,-0.3086146,-0.8612401,0.2348441,0.2258255,0.3900212,
1,32,94.881,0.4076319,1.032067,-0.3086146,-0.8612401,0.2348441,0.2258255,0.3900212,
1,32,94.883,0.4076319,1.032067,-0.3086146,-0.8612401,0.2348441,0.2258255,0.3900212,
1,32,94.885,0.4173644,1.027615,-0.3003539,-0.860029,0.2364516,0.2410385,0.3825458,
1,32,94.887,0.4173644,1.027615,-0.3003539,-0.860029,0.2364516,0.2410385,0.3825458,
1,32,94.889,0.4173644,1.027615,-0.3003539,-0.860029,0.2364516,0.2410385,0.3825458,
1,32,94.891,0.4173644,1.027615,-0.3003539,-0.860029,0.2364516,0.2410385,0.3825458,
1,32,94.893,0.4277357,1.024197,-0.292972,-0.8576304,0.2391903,0.2616508,0.3725547,
1,32,94.895,0.4277357,1.024197,-0.292972,-0.8576304,0.2391903,0.2616508,0.3725547,
1,32,94.897,0.4277357,1.024197,-0.292972,-0.8576304,0.2391903,0.2616508,0.3725547,
1,32,94.899,0.4277357,1.024197,-0.292972,-0.8576304,0.2391903,0.2616508,0.3725547,
1,32,94.901,0.4393031,1.02091,-0.28628,-0.8535513,0.2435019,0.2863342,0.3607905,
1,32,94.903,0.4393031,1.02091,-0.28628,-0.8535513,0.2435019,0.2863342,0.3607905,
1,32,94.905,0.4393031,1.02091,-0.28628,-0.8535513,0.2435019,0.2863342,0.3607905,
1,32,94.907,0.4393031,1.02091,-0.28628,-0.8535513,0.2435019,0.2863342,0.3607905,
1,32,94.909,0.4523071,1.017455,-0.2803933,-0.8473687,0.2498714,0.3140953,0.3476705,
1,32,94.911,0.4523071,1.017455,-0.2803933,-0.8473687,0.2498714,0.3140953,0.3476705,
1,32,94.913,0.4523071,1.017455,-0.2803933,-0.8473687,0.2498714,0.3140953,0.3476705,
1,32,94.915,0.4523071,1.017455,-0.2803933,-0.8473687,0.2498714,0.3140953,0.3476705,
1,32,94.917,0.4523071,1.017455,-0.2803933,-0.8473687,0.2498714,0.3140953,0.3476705,
1,32,94.919,0.46677,1.013425,-0.2760092,-0.8384156,0.2585658,0.3451855,0.3332419,
1,32,94.921,0.46677,1.013425,-0.2760092,-0.8384156,0.2585658,0.3451855,0.3332419,
1,32,94.923,0.46677,1.013425,-0.2760092,-0.8384156,0.2585658,0.3451855,0.3332419,
1,32,94.925,0.46677,1.013425,-0.2760092,-0.8384156,0.2585658,0.3451855,0.3332419,
1,32,94.927,0.4820759,1.00975,-0.2730591,-0.8262433,0.2686196,0.3799812,0.3174585,
1,32,94.929,0.4820759,1.00975,-0.2730591,-0.8262433,0.2686196,0.3799812,0.3174585,
1,32,94.931,0.4820759,1.00975,-0.2730591,-0.8262433,0.2686196,0.3799812,0.3174585,
1,32,94.933,0.4820759,1.00975,-0.2730591,-0.8262433,0.2686196,0.3799812,0.3174585,
1,32,94.935,0.4976181,1.005877,-0.2714323,-0.8110701,0.280144,0.4158616,0.301237,
1,32,94.937,0.4976181,1.005877,-0.2714323,-0.8110701,0.280144,0.4158616,0.301237,
1,32,94.939,0.4976181,1.005877,-0.2714323,-0.8110701,0.280144,0.4158616,0.301237,
1,32,94.941,0.4976181,1.005877,-0.2714323,-0.8110701,0.280144,0.4158616,0.301237,
1,32,94.943,0.5136845,1.001378,-0.2717617,-0.7912325,0.2930794,0.4548277,0.2849342,
1,32,94.945,0.5136845,1.001378,-0.2717617,-0.7912325,0.2930794,0.4548277,0.2849342,
1,32,94.947,0.5136845,1.001378,-0.2717617,-0.7912325,0.2930794,0.4548277,0.2849342,
1,32,94.949,0.5136845,1.001378,-0.2717617,-0.7912325,0.2930794,0.4548277,0.2849342,
1,32,94.951,0.5301985,0.9968303,-0.2736793,-0.7672235,0.3075674,0.4949985,0.2678566,
1,32,94.953,0.5301985,0.9968303,-0.2736793,-0.7672235,0.3075674,0.4949985,0.2678566,
1,32,94.955,0.5301985,0.9968303,-0.2736793,-0.7672235,0.3075674,0.4949985,0.2678566,
1,32,94.957,0.5301985,0.9968303,-0.2736793,-0.7672235,0.3075674,0.4949985,0.2678566,
1,32,94.959,0.5457911,0.992502,-0.2777741,-0.7390482,0.3229972,0.5354457,0.2505566,
1,32,94.961,0.5457911,0.992502,-0.2777741,-0.7390482,0.3229972,0.5354457,0.2505566,
1,32,94.963,0.5457911,0.992502,-0.2777741,-0.7390482,0.3229972,0.5354457,0.2505566,
1,32,94.965,0.5457911,0.992502,-0.2777741,-0.7390482,0.3229972,0.5354457,0.2505566,
1,32,94.967,0.5457911,0.992502,-0.2777741,-0.7390482,0.3229972,0.5354457,0.2505566,
1,32,94.969,0.5614369,0.9875257,-0.2825397,-0.7063726,0.3395765,0.5750829,0.2345322,
1,32,94.971,0.5614369,0.9875257,-0.2825397,-0.7063726,0.3395765,0.5750829,0.2345322,
1,32,94.973,0.5614369,0.9875257,-0.2825397,-0.7063726,0.3395765,0.5750829,0.2345322,
1,32,94.975,0.5614369,0.9875257,-0.2825397,-0.7063726,0.3395765,0.5750829,0.2345322,
1,32,94.977,0.5762815,0.9826767,-0.2887718,-0.6692274,0.3569937,0.6138389,0.2188425,
1,32,94.979,0.5762815,0.9826767,-0.2887718,-0.6692274,0.3569937,0.6138389,0.2188425,
1,32,94.981,0.5762815,0.9826767,-0.2887718,-0.6692274,0.3569937,0.6138389,0.2188425,
1,32,94.983,0.5762815,0.9826767,-0.2887718,-0.6692274,0.3569937,0.6138389,0.2188425,
1,32,94.985,0.5907192,0.9779952,-0.2964788,-0.6277431,0.3756772,0.6505939,0.2037962,
1,32,94.987,0.5907192,0.9779952,-0.2964788,-0.6277431,0.3756772,0.6505939,0.2037962,
1,32,94.989,0.5907192,0.9779952,-0.2964788,-0.6277431,0.3756772,0.6505939,0.2037962,
1,32,94.991,0.5907192,0.9779952,-0.2964788,-0.6277431,0.3756772,0.6505939,0.2037962,
1,32,94.993,0.6038063,0.9736257,-0.3051087,-0.5838382,0.3949803,0.6836611,0.1890269,
1,32,94.995,0.6038063,0.9736257,-0.3051087,-0.5838382,0.3949803,0.6836611,0.1890269,
1,32,94.997,0.6038063,0.9736257,-0.3051087,-0.5838382,0.3949803,0.6836611,0.1890269,
1,32,94.999,0.6038063,0.9736257,-0.3051087,-0.5838382,0.3949803,0.6836611,0.1890269,
1,32,95.001,0.6159674,0.9691476,-0.3148847,-0.537572,0.4154143,0.7127163,0.1745932,
1,32,95.003,0.6159674,0.9691476,-0.3148847,-0.537572,0.4154143,0.7127163,0.1745932,
1,32,95.005,0.6159674,0.9691476,-0.3148847,-0.537572,0.4154143,0.7127163,0.1745932,
1,32,95.007,0.6159674,0.9691476,-0.3148847,-0.537572,0.4154143,0.7127163,0.1745932,
1,32,95.009,0.6271626,0.9651181,-0.3250834,-0.4895702,0.4359669,0.7377564,0.1611506,
1,32,95.011,0.6271626,0.9651181,-0.3250834,-0.4895702,0.4359669,0.7377564,0.1611506,
1,32,95.013,0.6271626,0.9651181,-0.3250834,-0.4895702,0.4359669,0.7377564,0.1611506,
1,32,95.015,0.6271626,0.9651181,-0.3250834,-0.4895702,0.4359669,0.7377564,0.1611506,
1,32,95.017,0.6271626,0.9651181,-0.3250834,-0.4895702,0.4359669,0.7377564,0.1611506,
1,32,95.019,0.6364955,0.9614815,-0.3360225,-0.4407791,0.4564812,0.7585173,0.1482917,
1,32,95.021,0.6364955,0.9614815,-0.3360225,-0.4407791,0.4564812,0.7585173,0.1482917,
1,32,95.023,0.6364955,0.9614815,-0.3360225,-0.4407791,0.4564812,0.7585173,0.1482917,
1,32,95.025,0.6364955,0.9614815,-0.3360225,-0.4407791,0.4564812,0.7585173,0.1482917,
1,32,95.027,0.6457018,0.9584426,-0.3465878,-0.3921081,0.4768683,0.7748858,0.1356463,
1,32,95.029,0.6457018,0.9584426,-0.3465878,-0.3921081,0.4768683,0.7748858,0.1356463,
1,32,95.031,0.6457018,0.9584426,-0.3465878,-0.3921081,0.4768683,0.7748858,0.1356463,
1,32,95.033,0.6457018,0.9584426,-0.3465878,-0.3921081,0.4768683,0.7748858,0.1356463,
1,32,95.035,0.653585,0.9561841,-0.3568686,-0.3445827,0.4964037,0.7871869,0.1232188,
1,32,95.037,0.653585,0.9561841,-0.3568686,-0.3445827,0.4964037,0.7871869,0.1232188,
1,32,95.039,0.653585,0.9561841,-0.3568686,-0.3445827,0.4964037,0.7871869,0.1232188,
1,32,95.041,0.653585,0.9561841,-0.3568686,-0.3445827,0.4964037,0.7871869,0.1232188,
1,32,95.043,0.661082,0.9538231,-0.3671245,-0.2980653,0.5158865,0.7954034,0.1111384,
1,32,95.045,0.661082,0.9538231,-0.3671245,-0.2980653,0.5158865,0.7954034,0.1111384,
1,32,95.047,0.661082,0.9538231,-0.3671245,-0.2980653,0.5158865,0.7954034,0.1111384,
1,32,95.049,0.661082,0.9538231,-0.3671245,-0.2980653,0.5158865,0.7954034,0.1111384,
1,32,95.051,0.6672831,0.9521953,-0.377249,-0.2526674,0.5344346,0.8004322,0.09923241,
1,32,95.053,0.6672831,0.9521953,-0.377249,-0.2526674,0.5344346,0.8004322,0.09923241,
1,32,95.055,0.6672831,0.9521953,-0.377249,-0.2526674,0.5344346,0.8004322,0.09923241,
1,32,95.057,0.6672831,0.9521953,-0.377249,-0.2526674,0.5344346,0.8004322,0.09923241,
1,32,95.059,0.6725044,0.9500567,-0.3871318,-0.2083871,0.5525799,0.8022292,0.08751409,
1,32,95.061,0.6725044,0.9500567,-0.3871318,-0.2083871,0.5525799,0.8022292,0.08751409,
1,32,95.063,0.6725044,0.9500567,-0.3871318,-0.2083871,0.5525799,0.8022292,0.08751409,
1,32,95.065,0.6725044,0.9500567,-0.3871318,-0.2083871,0.5525799,0.8022292,0.08751409,
1,32,95.067,0.6725044,0.9500567,-0.3871318,-0.2083871,0.5525799,0.8022292,0.08751409,
1,32,95.069,0.6767366,0.9485925,-0.396117,-0.1655585,0.569037,0.8018256,0.07656914,
1,32,95.071,0.6767366,0.9485925,-0.396117,-0.1655585,0.569037,0.8018256,0.07656914,
1,32,95.073,0.6767366,0.9485925,-0.396117,-0.1655585,0.569037,0.8018256,0.07656914,
1,32,95.075,0.6767366,0.9485925,-0.396117,-0.1655585,0.569037,0.8018256,0.07656914,
1,32,95.077,0.680142,0.9479724,-0.404338,-0.1241375,0.5840651,0.7994615,0.06572088,
1,32,95.079,0.680142,0.9479724,-0.404338,-0.1241375,0.5840651,0.7994615,0.06572088,
1,32,95.081,0.680142,0.9479724,-0.404338,-0.1241375,0.5840651,0.7994615,0.06572088,
1,32,95.083,0.680142,0.9479724,-0.404338,-0.1241375,0.5840651,0.7994615,0.06572088,CourtEnter
1,32,95.085,0.6824917,0.947461,-0.4116311,-0.08455718,0.5978706,0.7951939,0.05538589,
1,32,95.087,0.6824917,0.947461,-0.4116311,-0.08455718,0.5978706,0.7951939,0.05538589,
1,32,95.089,0.6824917,0.947461,-0.4116311,-0.08455718,0.5978706,0.7951939,0.05538589,
1,32,95.091,0.6824917,0.947461,-0.4116311,-0.08455718,0.5978706,0.7951939,0.05538589,CourtExit
1,32,95.093,0.6840709,0.9474092,-0.4179374,-0.04526392,0.6101632,0.7895967,0.0467886,
1,32,95.095,0.6840709,0.9474092,-0.4179374,-0.04526392,0.6101632,0.7895967,0.0467886,
1,32,95.097,0.6840709,0.9474092,-0.4179374,-0.04526392,0.6101632,0.7895967,0.0467886,
1,32,95.099,0.6840709,0.9474092,-0.4179374,-0.04526392,0.6101632,0.7895967,0.0467886,
1,32,95.101,0.6851124,0.9479773,-0.4232854,-0.007256866,0.6209379,0.7828459,0.03918718,
1,32,95.103,0.6851124,0.9479773,-0.4232854,-0.007256866,0.6209379,0.7828459,0.03918718,
1,32,95.105,0.6851124,0.9479773,-0.4232854,-0.007256866,0.6209379,0.7828459,0.03918718,
1,32,95.107,0.6851124,0.9479773,-0.4232854,-0.007256866,0.6209379,0.7828459,0.03918718,
1,32,95.109,0.6857871,0.9482774,-0.4277343,0.02807665,0.6308759,0.7747015,0.03232539,
1,32,95.111,0.6857871,0.9482774,-0.4277343,0.02807665,0.6308759,0.7747015,0.03232539,
1,32,95.113,0.6857871,0.9482774,-0.4277343,0.02807665,0.6308759,0.7747015,0.03232539,
1,32,95.115,0.6857871,0.9482774,-0.4277343,0.02807665,0.6308759,0.7747015,0.03232539,
1,32,95.117,0.6857871,0.9482774,-0.4277343,0.02807665,0.6308759,0.7747015,0.03232539,
1,32,95.119,0.6861095,0.9488004,-0.4312181,0.06124017,0.6396912,0.7657546,0.02578395,
1,32,95.121,0.6861095,0.9488004,-0.4312181,0.06124017,0.6396912,0.7657546,0.02578395,
1,32,95.123,0.6861095,0.9488004,-0.4312181,0.06124017,0.6396912,0.7657546,0.02578395,
1,32,95.125,0.6861095,0.9488004,-0.4312181,0.06124017,0.6396912,0.7657546,0.02578395,
1,32,95.127,0.6857326,0.9493612,-0.4338067,0.09150735,0.6473086,0.7564697,0.01927866,
1,32,95.129,0.6857326,0.9493612,-0.4338067,0.09150735,0.6473086,0.7564697,0.01927866,
1,32,95.131,0.6857326,0.9493612,-0.4338067,0.09150735,0.6473086,0.7564697,0.01927866,
1,32,95.133,0.6857326,0.9493612,-0.4338067,0.09150735,0.6473086,0.7564697,0.01927866,
1,32,95.135,0.6855087,0.9506367,-0.435101,0.1191038,0.6533532,0.7474937,0.01403424,
1,32,95.137,0.6855087,0.9506367,-0.435101,0.1191038,0.6533532,0.7474937,0.01403424,
1,32,95.139,0.6855087,0.9506367,-0.435101,0.1191038,0.6533532,0.7474937,0.01403424,
1,32,95.141,0.6855087,0.9506367,-0.435101,0.1191038,0.6533532,0.7474937,0.01403424,
1,32,95.143,0.6858698,0.9523094,-0.4355839,0.1450018,0.6581919,0.7386821,0.01033543,
1,32,95.145,0.6858698,0.9523094,-0.4355839,0.1450018,0.6581919,0.7386821,0.01033543,
1,32,95.147,0.6858698,0.9523094,-0.4355839,0.1450018,0.6581919,0.7386821,0.01033543,
1,32,95.149,0.6858698,0.9523094,-0.4355839,0.1450018,0.6581919,0.7386821,0.01033543,
1,32,95.151,0.68631,0.9543332,-0.4354374,0.1692404,0.662019,0.7300858,0.007951733,
1,32,95.153,0.68631,0.9543332,-0.4354374,0.1692404,0.662019,0.7300858,0.007951733,
1,32,95.155,0.68631,0.9543332,-0.4354374,0.1692404,0.662019,0.7300858,0.007951733,
1,32,95.157,0.68631,0.9543332,-0.4354374,0.1692404,0.662019,0.7300858,0.007951733,
1,32,95.159,0.6858612,0.9559878,-0.4346054,0.1916656,0.6654596,0.721382,0.005999852,
1,32,95.161,0.6858612,0.9559878,-0.4346054,0.1916656,0.6654596,0.721382,0.005999852,
1,32,95.163,0.6858612,0.9559878,-0.4346054,0.1916656,0.6654596,0.721382,0.005999852,
1,32,95.165,0.6858612,0.9559878,-0.4346054,0.1916656,0.6654596,0.721382,0.005999852,
1,32,95.167,0.6858612,0.9559878,-0.4346054,0.1916656,0.6654596,0.721382,0.005999852,
1,32,95.169,0.6854594,0.9586846,-0.4331973,0.2117028,0.6679496,0.7134475,0.004234336,
1,32,95.171,0.6854594,0.9586846,-0.4331973,0.2117028,0.6679496,0.7134475,0.004234336,
1,32,95.173,0.6854594,0.9586846,-0.4331973,0.2117028,0.6679496,0.7134475,0.004234336,
1,32,95.175,0.6854594,0.9586846,-0.4331973,0.2117028,0.6679496,0.7134475,0.004234336,
1,32,95.177,0.6847531,0.961547,-0.4315524,0.2293501,0.670042,0.7060013,0.00213971,
1,32,95.179,0.6847531,0.961547,-0.4315524,0.2293501,0.670042,0.7060013,0.00213971,
1,32,95.181,0.6847531,0.961547,-0.4315524,0.2293501,0.670042,0.7060013,0.00213971,
1,32,95.183,0.6847531,0.961547,-0.4315524,0.2293501,0.670042,0.7060013,0.00213971,
1,32,95.185,0.6834182,0.9642251,-0.4296829,0.2453416,0.672029,0.698702,0.000337705,
1,32,95.187,0.6834182,0.9642251,-0.4296829,0.2453416,0.672029,0.698702,0.000337705,
1,32,95.189,0.6834182,0.9642251,-0.4296829,0.2453416,0.672029,0.698702,0.000337705,
1,32,95.191,0.6834182,0.9642251,-0.4296829,0.2453416,0.672029,0.698702,0.000337705,
1,32,95.193,0.6824574,0.967384,-0.4276405,0.260812,0.6736735,0.6914774,0.0001653247,
1,32,95.195,0.6824574,0.967384,-0.4276405,0.260812,0.6736735,0.6914774,0.0001653247,
1,32,95.197,0.6824574,0.967384,-0.4276405,0.260812,0.6736735,0.6914774,0.0001653247,
1,32,95.199,0.6824574,0.967384,-0.4276405,0.260812,0.6736735,0.6914774,0.0001653247,
1,32,95.201,0.6805857,0.9710063,-0.42516,0.2783717,0.6748183,0.683462,0.003026851,
1,32,95.203,0.6805857,0.9710063,-0.42516,0.2783717,0.6748183,0.683462,0.003026851,
1,32,95.205,0.6805857,0.9710063,-0.42516,0.2783717,0.6748183,0.683462,0.003026851,
1,32,95.207,0.6805857,0.9710063,-0.42516,0.2783717,0.6748183,0.683462,0.003026851,
1,32,95.209,0.6783882,0.9739534,-0.422736,0.2970584,0.6760585,0.6742601,0.008634739,
1,32,95.211,0.6783882,0.9739534,-0.422736,0.2970584,0.6760585,0.6742601,0.008634739,
1,32,95.213,0.6783882,0.9739534,-0.422736,0.2970584,0.6760585,0.6742601,0.008634739,
1,32,95.215,0.6783882,0.9739534,-0.422736,0.2970584,0.6760585,0.6742601,0.008634739,
1,32,95.217,0.6783882,0.9739534,-0.422736,0.2970584,0.6760585,0.6742601,0.008634739,
1,32,95.219,0.6761739,0.9774007,-0.4204005,0.3161863,0.6767023,0.6647055,0.01634151,
1,32,95.221,0.6761739,0.9774007,-0.4204005,0.3161863,0.6767023,0.6647055,0.01634151,
1,32,95.223,0.6761739,0.9774007,-0.4204005,0.3161863,0.6767023,0.6647055,0.01634151,
1,32,95.225,0.6761739,0.9774007,-0.4204005,0.3161863,0.6767023,0.6647055,0.01634151,
1,32,95.227,0.6735905,0.9811969,-0.4178791,0.3336095,0.677031,0.6555712,0.02366979,
1,32,95.229,0.6735905,0.9811969,-0.4178791,0.3336095,0.677031,0.6555712,0.02366979,
1,32,95.231,0.6735905,0.9811969,-0.4178791,0.3336095,0.677031,0.6555712,0.02366979,
1,32,95.233,0.6735905,0.9811969,-0.4178791,0.3336095,0.677031,0.6555712,0.02366979,
1,32,95.235,0.6702679,0.9842641,-0.4151966,0.3481598,0.6777192,0.6470059,0.02940985,
1,32,95.237,0.6702679,0.9842641,-0.4151966,0.3481598,0.6777192,0.6470059,0.02940985,
1,32,95.239,0.6702679,0.9842641,-0.4151966,0.3481598,0.6777192,0.6470059,0.02940985,
1,32,95.241,0.6702679,0.9842641,-0.4151966,0.3481598,0.6777192,0.6470059,0.02940985,
1,32,95.243,0.6667204,0.9868498,-0.4125835,0.3574921,0.679015,0.6404064,0.03190337,
1,32,95.245,0.6667204,0.9868498,-0.4125835,0.3574921,0.679015,0.6404064,0.03190337,
1,32,95.247,0.6667204,0.9868498,-0.4125835,0.3574921,0.679015,0.6404064,0.03190337,
1,32,95.249,0.6667204,0.9868498,-0.4125835,0.3574921,0.679015,0.6404064,0.03190337,
1,32,95.251,0.6643571,0.9904409,-0.4101626,0.3619926,0.6802061,0.6366079,0.03180216,
1,32,95.253,0.6643571,0.9904409,-0.4101626,0.3619926,0.6802061,0.6366079,0.03180216,
1,32,95.255,0.6643571,0.9904409,-0.4101626,0.3619926,0.6802061,0.6366079,0.03180216,
1,32,95.257,0.6643571,0.9904409,-0.4101626,0.3619926,0.6802061,0.6366079,0.03180216,
1,32,95.259,0.6611602,0.9930916,-0.4077034,0.3642638,0.6820908,0.6333466,0.03059852,
1,32,95.261,0.6611602,0.9930916,-0.4077034,0.3642638,0.6820908,0.6333466,0.03059852,
1,32,95.263,0.6611602,0.9930916,-0.4077034,0.3642638,0.6820908,0.6333466,0.03059852,
1,32,95.265,0.6611602,0.9930916,-0.4077034,0.3642638,0.6820908,0.6333466,0.03059852,
1,32,95.267,0.6611602,0.9930916,-0.4077034,0.3642638,0.6820908,0.6333466,0.03059852,
1,32,95.269,0.6592776,0.9957142,-0.4055954,0.3637043,0.6844018,0.6312401,0.02914567,
1,32,95.271,0.6592776,0.9957142,-0.4055954,0.3637043,0.6844018,0.6312401,0.02914567,
1,32,95.273,0.6592776,0.9957142,-0.4055954,0.3637043,0.6844018,0.6312401,0.02914567,
1,32,95.275,0.6592776,0.9957142,-0.4055954,0.3637043,0.6844018,0.6312401,0.02914567,
1,32,95.277,0.6566312,0.9976226,-0.4035191,0.3649541,0.6868406,0.6278088,0.03024425,
1,32,95.279,0.6566312,0.9976226,-0.4035191,0.3649541,0.6868406,0.6278088,0.03024425,
1,32,95.281,0.6566312,0.9976226,-0.4035191,0.3649541,0.6868406,0.6278088,0.03024425,
1,32,95.283,0.6566312,0.9976226,-0.4035191,0.3649541,0.6868406,0.6278088,0.03024425,
1,32,95.285,0.654967,0.9998065,-0.4019711,0.3678719,0.6888062,0.6236979,0.03489029,
1,32,95.287,0.654967,0.9998065,-0.4019711,0.3678719,0.6888062,0.6236979,0.03489029,
1,32,95.289,0.654967,0.9998065,-0.4019711,0.3678719,0.6888062,0.6236979,0.03489029,
1,32,95.291,0.654967,0.9998065,-0.4019711,0.3678719,0.6888062,0.6236979,0.03489029,
1,32,95.293,0.6530348,1.001466,-0.4001614,0.3736301,0.6904488,0.6179409,0.04278178,
1,32,95.295,0.6530348,1.001466,-0.4001614,0.3736301,0.6904488,0.6179409,0.04278178,
1,32,95.297,0.6530348,1.001466,-0.4001614,0.3736301,0.6904488,0.6179409,0.04278178,
1,32,95.299,0.6530348,1.001466,-0.4001614,0.3736301,0.6904488,0.6179409,0.04278178,
1,32,95.301,0.6516072,1.004212,-0.3985205,0.3819255,0.6906579,0.6117391,0.05385032,
1,32,95.303,0.6516072,1.004212,-0.3985205,0.3819255,0.6906579,0.6117391,0.05385032,
1,32,95.305,0.6516072,1.004212,-0.3985205,0.3819255,0.6906579,0.6117391,0.05385032,
1,32,95.307,0.6516072,1.004212,-0.3985205,0.3819255,0.6906579,0.6117391,0.05385032,
1,32,95.309,0.6500438,1.006845,-0.3967596,0.3935273,0.6897459,0.6039143,0.06837106,
1,32,95.311,0.6500438,1.006845,-0.3967596,0.3935273,0.6897459,0.6039143,0.06837106,
1,32,95.313,0.6500438,1.006845,-0.3967596,0.3935273,0.6897459,0.6039143,0.06837106,
1,32,95.315,0.6500438,1.006845,-0.3967596,0.3935273,0.6897459,0.6039143,0.06837106,
1,32,95.317,0.6500438,1.006845,-0.3967596,0.3935273,0.6897459,0.6039143,0.06837106,
1,32,95.319,0.6478602,1.009246,-0.3945416,0.4086928,0.6875106,0.5941359,0.08545148,
1,32,95.321,0.6478602,1.009246,-0.3945416,0.4086928,0.6875106,0.5941359,0.08545148,
1,32,95.323,0.6478602,1.009246,-0.3945416,0.4086928,0.6875106,0.5941359,0.08545148,
1,32,95.325,0.6478602,1.009246,-0.3945416,0.4086928,0.6875106,0.5941359,0.08545148,
1,32,95.327,0.6453266,1.011836,-0.3920248,0.4276173,0.6833957,0.5822686,0.1052477,
1,32,95.329,0.6453266,1.011836,-0.3920248,0.4276173,0.6833957,0.5822686,0.1052477,
1,32,95.331,0.6453266,1.011836,-0.3920248,0.4276173,0.6833957,0.5822686,0.1052477,
1,32,95.333,0.6453266,1.011836,-0.3920248,0.4276173,0.6833957,0.5822686,0.1052477,
1,32,95.335,0.642094,1.014855,-0.3892593,0.4507897,0.676877,0.5677534,0.1276024,
1,32,95.337,0.642094,1.014855,-0.3892593,0.4507897,0.676877,0.5677534,0.1276024,
1,32,95.339,0.642094,1.014855,-0.3892593,0.4507897,0.676877,0.5677534,0.1276024,
1,32,95.341,0.642094,1.014855,-0.3892593,0.4507897,0.676877,0.5677534,0.1276024,
1,32,95.343,0.6393969,1.019087,-0.3866309,0.4778058,0.6670179,0.5509298,0.152529,
1,32,95.345,0.6393969,1.019087,-0.3866309,0.4778058,0.6670179,0.5509298,0.152529,
1,32,95.347,0.6393969,1.019087,-0.3866309,0.4778058,0.6670179,0.5509298,0.152529,
1,32,95.349,0.6393969,1.019087,-0.3866309,0.4778058,0.6670179,0.5509298,0.152529,
1,32,95.351,0.6358944,1.023529,-0.3836126,0.5078501,0.6544737,0.5311173,0.1779522,
1,32,95.353,0.6358944,1.023529,-0.3836126,0.5078501,0.6544737,0.5311173,0.1779522,
1,32,95.355,0.6358944,1.023529,-0.3836126,0.5078501,0.6544737,0.5311173,0.1779522,
1,32,95.357,0.6358944,1.023529,-0.3836126,0.5078501,0.6544737,0.5311173,0.1779522,
1,32,95.359,0.6325895,1.029622,-0.3803326,0.5397786,0.6385905,0.5096093,0.2028288,
1,32,95.361,0.6325895,1.029622,-0.3803326,0.5397786,0.6385905,0.5096093,0.2028288,
1,32,95.363,0.6325895,1.029622,-0.3803326,0.5397786,0.6385905,0.5096093,0.2028288,
1,32,95.365,0.6325895,1.029622,-0.3803326,0.5397786,0.6385905,0.5096093,0.2028288,
1,32,95.367,0.6325895,1.029622,-0.3803326,0.5397786,0.6385905,0.5096093,0.2028288,
1,32,95.369,0.6290261,1.03626,-0.376747,0.5727242,0.6203185,0.4859098,0.2260174,
1,32,95.371,0.6290261,1.03626,-0.376747,0.5727242,0.6203185,0.4859098,0.2260174,
1,32,95.373,0.6290261,1.03626,-0.376747,0.5727242,0.6203185,0.4859098,0.2260174,
1,32,95.375,0.6290261,1.03626,-0.376747,0.5727242,0.6203185,0.4859098,0.2260174,
1,32,95.377,0.6253588,1.043278,-0.3725762,0.6053122,0.6005602,0.4608954,0.2459677,
1,32,95.379,0.6253588,1.043278,-0.3725762,0.6053122,0.6005602,0.4608954,0.2459677,
1,32,95.381,0.6253588,1.043278,-0.3725762,0.6053122,0.6005602,0.4608954,0.2459677,
1,32,95.383,0.6253588,1.043278,-0.3725762,0.6053122,0.6005602,0.4608954,0.2459677,
1,32,95.385,0.6214085,1.050238,-0.3678783,0.6369627,0.5799093,0.4347267,0.2626717,
1,32,95.387,0.6214085,1.050238,-0.3678783,0.6369627,0.5799093,0.4347267,0.2626717,
1,32,95.389,0.6214085,1.050238,-0.3678783,0.6369627,0.5799093,0.4347267,0.2626717,
1,32,95.391,0.6214085,1.050238,-0.3678783,0.6369627,0.5799093,0.4347267,0.2626717,
1,32,95.393,0.6176763,1.057551,-0.362659,0.6665246,0.5592306,0.4091794,0.2749154,
1,32,95.395,0.6176763,1.057551,-0.362659,0.6665246,0.5592306,0.4091794,0.2749154,
1,32,95.397,0.6176763,1.057551,-0.362659,0.6665246,0.5592306,0.4091794,0.2749154,
1,32,95.399,0.6176763,1.057551,-0.362659,0.6665246,0.5592306,0.4091794,0.2749154,
1,32,95.401,0.6145954,1.0647,-0.3571933,0.6932131,0.5392318,0.3854158,0.2830889,
1,32,95.403,0.6145954,1.0647,-0.3571933,0.6932131,0.5392318,0.3854158,0.2830889,
1,32,95.405,0.6145954,1.0647,-0.3571933,0.6932131,0.5392318,0.3854158,0.2830889,
1,32,95.407,0.6145954,1.0647,-0.3571933,0.6932131,0.5392318,0.3854158,0.2830889,
1,32,95.409,0.6120191,1.071634,-0.3511435,0.7176731,0.5196857,0.3631143,0.2881322,
1,32,95.411,0.6120191,1.071634,-0.3511435,0.7176731,0.5196857,0.3631143,0.2881322,
1,32,95.413,0.6120191,1.071634,-0.3511435,0.7176731,0.5196857,0.3631143,0.2881322,
1,32,95.415,0.6120191,1.071634,-0.3511435,0.7176731,0.5196857,0.3631143,0.2881322,
1,32,95.417,0.6120191,1.071634,-0.3511435,0.7176731,0.5196857,0.3631143,0.2881322,
1,32,95.419,0.6102138,1.077799,-0.3449505,0.7386724,0.5019226,0.3440714,0.2899169,
1,32,95.421,0.6102138,1.077799,-0.3449505,0.7386724,0.5019226,0.3440714,0.2899169,
1,32,95.423,0.6102138,1.077799,-0.3449505,0.7386724,0.5019226,0.3440714,0.2899169,
1,32,95.425,0.6102138,1.077799,-0.3449505,0.7386724,0.5019226,0.3440714,0.2899169,
1,32,95.427,0.6091083,1.083031,-0.3386951,0.7570847,0.4856175,0.3272942,0.2896153,
1,32,95.429,0.6091083,1.083031,-0.3386951,0.7570847,0.4856175,0.3272942,0.2896153,
1,32,95.431,0.6091083,1.083031,-0.3386951,0.7570847,0.4856175,0.3272942,0.2896153,
1,32,95.433,0.6091083,1.083031,-0.3386951,0.7570847,0.4856175,0.3272942,0.2896153,
1,32,95.435,0.6087715,1.087322,-0.3327522,0.7728457,0.4709798,0.3130776,0.2878713,
1,32,95.437,0.6087715,1.087322,-0.3327522,0.7728457,0.4709798,0.3130776,0.2878713,
1,32,95.439,0.6087715,1.087322,-0.3327522,0.7728457,0.4709798,0.3130776,0.2878713,
1,32,95.441,0.6087715,1.087322,-0.3327522,0.7728457,0.4709798,0.3130776,0.2878713,
1,32,95.443,0.6084624,1.090423,-0.3270764,0.786083,0.4586188,0.3013249,0.2845091,
1,32,95.445,0.6084624,1.090423,-0.3270764,0.786083,0.4586188,0.3013249,0.2845091,
1,32,95.447,0.6084624,1.090423,-0.3270764,0.786083,0.4586188,0.3013249,0.2845091,
1,32,95.449,0.6084624,1.090423,-0.3270764,0.786083,0.4586188,0.3013249,0.2845091,
1,32,95.451,0.6082392,1.093064,-0.3215694,0.7973356,0.4480544,0.2918418,0.2798777,
1,32,95.453,0.6082392,1.093064,-0.3215694,0.7973356,0.4480544,0.2918418,0.2798777,
1,32,95.455,0.6082392,1.093064,-0.3215694,0.7973356,0.4480544,0.2918418,0.2798777,
1,32,95.457,0.6082392,1.093064,-0.3215694,0.7973356,0.4480544,0.2918418,0.2798777,
1,32,95.459,0.6082218,1.094913,-0.3166372,0.806619,0.4392926,0.2845201,0.2746565,
1,32,95.461,0.6082218,1.094913,-0.3166372,0.806619,0.4392926,0.2845201,0.2746565,
1,32,95.463,0.6082218,1.094913,-0.3166372,0.806619,0.4392926,0.2845201,0.2746565,
1,32,95.465,0.6082218,1.094913,-0.3166372,0.806619,0.4392926,0.2845201,0.2746565,
1,32,95.467,0.6082218,1.094913,-0.3166372,0.806619,0.4392926,0.2845201,0.2746565,
1,32,95.469,0.6082033,1.096037,-0.3122266,0.8140618,0.4325696,0.2791124,0.2688557,
1,32,95.471,0.6082033,1.096037,-0.3122266,0.8140618,0.4325696,0.2791124,0.2688557,
1,32,95.473,0.6082033,1.096037,-0.3122266,0.8140618,0.4325696,0.2791124,0.2688557,
1,32,95.475,0.6082033,1.096037,-0.3122266,0.8140618,0.4325696,0.2791124,0.2688557,
1,32,95.477,0.6079779,1.096497,-0.3082922,0.8199231,0.4277318,0.2751323,0.2628193,
1,32,95.479,0.6079779,1.096497,-0.3082922,0.8199231,0.4277318,0.2751323,0.2628193,
1,32,95.481,0.6079779,1.096497,-0.3082922,0.8199231,0.4277318,0.2751323,0.2628193,
1,32,95.483,0.6079779,1.096497,-0.3082922,0.8199231,0.4277318,0.2751323,0.2628193,
1,32,95.485,0.6074664,1.096586,-0.3049377,0.8246353,0.4242634,0.2717923,0.2571112,
1,32,95.487,0.6074664,1.096586,-0.3049377,0.8246353,0.4242634,0.2717923,0.2571112,
1,32,95.489,0.6074664,1.096586,-0.3049377,0.8246353,0.4242634,0.2717923,0.2571112,
1,32,95.491,0.6074664,1.096586,-0.3049377,0.8246353,0.4242634,0.2717923,0.2571112,
1,32,95.493,0.6069813,1.096228,-0.3024228,0.8280574,0.4223422,0.2692355,0.2519132,
1,32,95.495,0.6069813,1.096228,-0.3024228,0.8280574,0.4223422,0.2692355,0.2519132,
1,32,95.497,0.6069813,1.096228,-0.3024228,0.8280574,0.4223422,0.2692355,0.2519132,
1,32,95.499,0.6069813,1.096228,-0.3024228,0.8280574,0.4223422,0.2692355,0.2519132,
1,32,95.501,0.6060933,1.095513,-0.3003233,0.8306339,0.4216089,0.2668574,0.2471444,
1,32,95.503,0.6060933,1.095513,-0.3003233,0.8306339,0.4216089,0.2668574,0.2471444,
1,32,95.505,0.6060933,1.095513,-0.3003233,0.8306339,0.4216089,0.2668574,0.2471444,
1,32,95.507,0.6060933,1.095513,-0.3003233,0.8306339,0.4216089,0.2668574,0.2471444,
1,32,95.509,0.6052427,1.094741,-0.2988807,0.8326215,0.4215108,0.2643356,0.2433042,
1,32,95.511,0.6052427,1.094741,-0.2988807,0.8326215,0.4215108,0.2643356,0.2433042,
1,32,95.513,0.6052427,1.094741,-0.2988807,0.8326215,0.4215108,0.2643356,0.2433042,
1,32,95.515,0.6052427,1.094741,-0.2988807,0.8326215,0.4215108,0.2643356,0.2433042,
1,32,95.517,0.6052427,1.094741,-0.2988807,0.8326215,0.4215108,0.2643356,0.2433042,
1,32,95.519,0.6043155,1.093821,-0.2980288,0.8339934,0.4221661,0.2617992,0.2401915,
1,32,95.521,0.6043155,1.093821,-0.2980288,0.8339934,0.4221661,0.2617992,0.2401915,
1,32,95.523,0.6043155,1.093821,-0.2980288,0.8339934,0.4221661,0.2617992,0.2401915,
1,32,95.525,0.6043155,1.093821,-0.2980288,0.8339934,0.4221661,0.2617992,0.2401915,
1,32,95.527,0.6033139,1.092605,-0.2976404,0.8347898,0.4234714,0.2592154,0.2379189,
1,32,95.529,0.6033139,1.092605,-0.2976404,0.8347898,0.4234714,0.2592154,0.2379189,
1,32,95.531,0.6033139,1.092605,-0.2976404,0.8347898,0.4234714,0.2592154,0.2379189,
1,32,95.533,0.6033139,1.092605,-0.2976404,0.8347898,0.4234714,0.2592154,0.2379189,
1,32,95.535,0.602455,1.091216,-0.297763,0.8350782,0.4251644,0.2568973,0.2363967,
1,32,95.537,0.602455,1.091216,-0.297763,0.8350782,0.4251644,0.2568973,0.2363967,
1,32,95.539,0.602455,1.091216,-0.297763,0.8350782,0.4251644,0.2568973,0.2363967,
1,32,95.541,0.602455,1.091216,-0.297763,0.8350782,0.4251644,0.2568973,0.2363967,
1,32,95.543,0.6014954,1.089725,-0.297934,0.8347101,0.4276848,0.2558323,0.2342964,
1,32,95.545,0.6014954,1.089725,-0.297934,0.8347101,0.4276848,0.2558323,0.2342964,
1,32,95.547,0.6014954,1.089725,-0.297934,0.8347101,0.4276848,0.2558323,0.2342964,
1,32,95.549,0.6014954,1.089725,-0.297934,0.8347101,0.4276848,0.2558323,0.2342964,
1,32,95.551,0.6003926,1.088296,-0.2981852,0.8339739,0.430568,0.255275,0.232236,
1,32,95.553,0.6003926,1.088296,-0.2981852,0.8339739,0.430568,0.255275,0.232236,
1,32,95.555,0.6003926,1.088296,-0.2981852,0.8339739,0.430568,0.255275,0.232236,
1,32,95.557,0.6003926,1.088296,-0.2981852,0.8339739,0.430568,0.255275,0.232236,
1,32,95.559,0.5994691,1.086735,-0.2987362,0.8328059,0.4337451,0.2554902,0.2302704,
1,32,95.561,0.5994691,1.086735,-0.2987362,0.8328059,0.4337451,0.2554902,0.2302704,
1,32,95.563,0.5994691,1.086735,-0.2987362,0.8328059,0.4337451,0.2554902,0.2302704,
1,32,95.565,0.5994691,1.086735,-0.2987362,0.8328059,0.4337451,0.2554902,0.2302704,
1,32,95.567,0.5994691,1.086735,-0.2987362,0.8328059,0.4337451,0.2554902,0.2302704,
1,32,95.569,0.5986947,1.085245,-0.2993189,0.8313869,0.4370095,0.2565496,0.2280375,
1,32,95.571,0.5986947,1.085245,-0.2993189,0.8313869,0.4370095,0.2565496,0.2280375,
1,32,95.573,0.5986947,1.085245,-0.2993189,0.8313869,0.4370095,0.2565496,0.2280375,
1,32,95.575,0.5986947,1.085245,-0.2993189,0.8313869,0.4370095,0.2565496,0.2280375,
1,32,95.577,0.5980795,1.083837,-0.2999167,0.829941,0.4402129,0.2576835,0.2258538,
1,32,95.579,0.5980795,1.083837,-0.2999167,0.829941,0.4402129,0.2576835,0.2258538,
1,32,95.581,0.5980795,1.083837,-0.2999167,0.829941,0.4402129,0.2576835,0.2258538,
1,32,95.583,0.5980795,1.083837,-0.2999167,0.829941,0.4402129,0.2576835,0.2258538,
1,32,95.585,0.5974929,1.082793,-0.3002919,0.8288423,0.4429225,0.2584363,0.2237205,
1,32,95.587,0.5974929,1.082793,-0.3002919,0.8288423,0.4429225,0.2584363,0.2237205,
1,32,95.589,0.5974929,1.082793,-0.3002919,0.8288423,0.4429225,0.2584363,0.2237205,
1,32,95.591,0.5974929,1.082793,-0.3002919,0.8288423,0.4429225,0.2584363,0.2237205,
1,32,95.593,0.5972968,1.083003,-0.2999056,0.8290585,0.4441226,0.2572064,0.2219507,
1,32,95.595,0.5972968,1.083003,-0.2999056,0.8290585,0.4441226,0.2572064,0.2219507,
1,32,95.597,0.5972968,1.083003,-0.2999056,0.8290585,0.4441226,0.2572064,0.2219507,
1,32,95.599,0.5972968,1.083003,-0.2999056,0.8290585,0.4441226,0.2572064,0.2219507,
1,32,95.601,0.5968024,1.081135,-0.3010733,0.8272371,0.4474481,0.2584289,0.2206432,
1,32,95.603,0.5968024,1.081135,-0.3010733,0.8272371,0.4474481,0.2584289,0.2206432,
1,32,95.605,0.5968024,1.081135,-0.3010733,0.8272371,0.4474481,0.2584289,0.2206432,
1,32,95.607,0.5968024,1.081135,-0.3010733,0.8272371,0.4474481,0.2584289,0.2206432,
1,32,95.609,0.5964957,1.080486,-0.3014415,0.8264086,0.449746,0.2583939,0.2191117,
1,32,95.611,0.5964957,1.080486,-0.3014415,0.8264086,0.449746,0.2583939,0.2191117,
1,32,95.613,0.5964957,1.080486,-0.3014415,0.8264086,0.449746,0.2583939,0.2191117,
1,32,95.615,0.5964957,1.080486,-0.3014415,0.8264086,0.449746,0.2583939,0.2191117,
1,32,95.617,0.5964957,1.080486,-0.3014415,0.8264086,0.449746,0.2583939,0.2191117,
1,32,95.619,0.5962657,1.079955,-0.3018406,0.8254918,0.4519952,0.2587354,0.2175304,
1,32,95.621,0.5962657,1.079955,-0.3018406,0.8254918,0.4519952,0.2587354,0.2175304,
1,32,95.623,0.5962657,1.079955,-0.3018406,0.8254918,0.4519952,0.2587354,0.2175304,
1,32,95.625,0.5962657,1.079955,-0.3018406,0.8254918,0.4519952,0.2587354,0.2175304,
1,32,95.627,0.5961297,1.07931,-0.3022566,0.8242095,0.4545887,0.2600169,0.2154508,
1,32,95.629,0.5961297,1.07931,-0.3022566,0.8242095,0.4545887,0.2600169,0.2154508,
1,32,95.631,0.5961297,1.07931,-0.3022566,0.8242095,0.4545887,0.2600169,0.2154508,
1,32,95.633,0.5961297,1.07931,-0.3022566,0.8242095,0.4545887,0.2600169,0.2154508,
1,32,95.635,0.5961853,1.078662,-0.3028595,0.8227419,0.4572159,0.2616668,0.213495,
1,32,95.637,0.5961853,1.078662,-0.3028595,0.8227419,0.4572159,0.2616668,0.213495,
1,32,95.639,0.5961853,1.078662,-0.3028595,0.8227419,0.4572159,0.2616668,0.213495,
1,32,95.641,0.5961853,1.078662,-0.3028595,0.8227419,0.4572159,0.2616668,0.213495,
1,32,95.643,0.5961423,1.07799,-0.3035115,0.8210189,0.4601521,0.2637568,0.211235,
1,32,95.645,0.5961423,1.07799,-0.3035115,0.8210189,0.4601521,0.2637568,0.211235,
1,32,95.647,0.5961423,1.07799,-0.3035115,0.8210189,0.4601521,0.2637568,0.211235,
1,32,95.649,0.5961423,1.07799,-0.3035115,0.8210189,0.4601521,0.2637568,0.211235,
1,32,95.651,0.5962247,1.077309,-0.3041877,0.8191063,0.4632388,0.2665206,0.208426,
1,32,95.653,0.5962247,1.077309,-0.3041877,0.8191063,0.4632388,0.2665206,0.208426,
1,32,95.655,0.5962247,1.077309,-0.3041877,0.8191063,0.4632388,0.2665206,0.208426,
1,32,95.657,0.5962247,1.077309,-0.3041877,0.8191063,0.4632388,0.2665206,0.208426,
1,32,95.659,0.5962228,1.07649,-0.304837,0.817057,0.466481,0.2693412,0.2055936,
1,32,95.661,0.5962228,1.07649,-0.304837,0.817057,0.466481,0.2693412,0.2055936,
1,32,95.663,0.5962228,1.07649,-0.304837,0.817057,0.466481,0.2693412,0.2055936,
1,32,95.665,0.5962228,1.07649,-0.304837,0.817057,0.466481,0.2693412,0.2055936,
1,32,95.667,0.5962228,1.07649,-0.304837,0.817057,0.466481,0.2693412,0.2055936,
1,32,95.669,0.5961886,1.075631,-0.3055648,0.8149816,0.4697766,0.2720863,0.202692,
1,32,95.671,0.5961886,1.075631,-0.3055648,0.8149816,0.4697766,0.2720863,0.202692,
1,32,95.673,0.5961886,1.075631,-0.3055648,0.8149816,0.4697766,0.2720863,0.202692,
1,32,95.675,0.5961886,1.075631,-0.3055648,0.8149816,0.4697766,0.2720863,0.202692,
1,32,95.677,0.5963917,1.074931,-0.3064021,0.8131564,0.4726862,0.2742588,0.2003159,
1,32,95.679,0.5963917,1.074931,-0.3064021,0.8131564,0.4726862,0.2742588,0.2003159,
1,32,95.681,0.5963917,1.074931,-0.3064021,0.8131564,0.4726862,0.2742588,0.2003159,
1,32,95.683,0.5963917,1.074931,-0.3064021,0.8131564,0.4726862,0.2742588,0.2003159,
1,32,95.685,0.5966187,1.074183,-0.307262,0.811451,0.4753873,0.2760311,0.1983965,
1,32,95.687,0.5966187,1.074183,-0.307262,0.811451,0.4753873,0.2760311,0.1983965,
1,32,95.689,0.5966187,1.074183,-0.307262,0.811451,0.4753873,0.2760311,0.1983965,
1,32,95.691,0.5966187,1.074183,-0.307262,0.811451,0.4753873,0.2760311,0.1983965,
1,32,95.693,0.5968211,1.07321,-0.3082188,0.8094485,0.4784058,0.2783006,0.1961372,
1,32,95.695,0.5968211,1.07321,-0.3082188,0.8094485,0.4784058,0.2783006,0.1961372,
1,32,95.697,0.5968211,1.07321,-0.3082188,0.8094485,0.4784058,0.2783006,0.1961372,
1,32,95.699,0.5968211,1.07321,-0.3082188,0.8094485,0.4784058,0.2783006,0.1961372,
1,32,95.701,0.5968553,1.072452,-0.308989,0.8073655,0.4814064,0.2811254,0.1933329,
1,32,95.703,0.5968553,1.072452,-0.308989,0.8073655,0.4814064,0.2811254,0.1933329,
1,32,95.705,0.5968553,1.072452,-0.308989,0.8073655,0.4814064,0.2811254,0.1933329,
1,32,95.707,0.5968553,1.072452,-0.308989,0.8073655,0.4814064,0.2811254,0.1933329,
1,32,95.709,0.5970227,1.071916,-0.3099037,0.8050865,0.4843569,0.2845013,0.1905079,
1,32,95.711,0.5970227,1.071916,-0.3099037,0.8050865,0.4843569,0.2845013,0.1905079,
1,32,95.713,0.5970227,1.071916,-0.3099037,0.8050865,0.4843569,0.2845013,0.1905079,
1,32,95.715,0.5970227,1.071916,-0.3099037,0.8050865,0.4843569,0.2845013,0.1905079,
1,32,95.717,0.5970227,1.071916,-0.3099037,0.8050865,0.4843569,0.2845013,0.1905079,
1,32,95.719,0.5970159,1.071205,-0.3107425,0.8026811,0.4874551,0.2878551,0.1876966,
1,32,95.721,0.5970159,1.071205,-0.3107425,0.8026811,0.4874551,0.2878551,0.1876966,
1,32,95.723,0.5970159,1.071205,-0.3107425,0.8026811,0.4874551,0.2878551,0.1876966,
1,32,95.725,0.5970159,1.071205,-0.3107425,0.8026811,0.4874551,0.2878551,0.1876966,
1,32,95.727,0.5970392,1.070585,-0.3116435,0.8002794,0.4903978,0.2912714,0.1849971,
1,32,95.729,0.5970392,1.070585,-0.3116435,0.8002794,0.4903978,0.2912714,0.1849971,
1,32,95.731,0.5970392,1.070585,-0.3116435,0.8002794,0.4903978,0.2912714,0.1849971,
1,32,95.733,0.5970392,1.070585,-0.3116435,0.8002794,0.4903978,0.2912714,0.1849971,
1,32,95.735,0.5970371,1.069869,-0.3126774,0.7977114,0.4934071,0.2947356,0.1825844,
1,32,95.737,0.5970371,1.069869,-0.3126774,0.7977114,0.4934071,0.2947356,0.1825844,
1,32,95.739,0.5970371,1.069869,-0.3126774,0.7977114,0.4934071,0.2947356,0.1825844,
1,32,95.741,0.5970371,1.069869,-0.3126774,0.7977114,0.4934071,0.2947356,0.1825844,
1,32,95.743,0.5968516,1.06928,-0.3137104,0.7952142,0.4962367,0.297994,0.1805083,
1,32,95.745,0.5968516,1.06928,-0.3137104,0.7952142,0.4962367,0.297994,0.1805083,
1,32,95.747,0.5968516,1.06928,-0.3137104,0.7952142,0.4962367,0.297994,0.1805083,
1,32,95.749,0.5968516,1.06928,-0.3137104,0.7952142,0.4962367,0.297994,0.1805083,
1,32,95.751,0.5965495,1.068691,-0.3145675,0.7928005,0.4988725,0.3011657,0.1785859,
1,32,95.753,0.5965495,1.068691,-0.3145675,0.7928005,0.4988725,0.3011657,0.1785859,
1,32,95.755,0.5965495,1.068691,-0.3145675,0.7928005,0.4988725,0.3011657,0.1785859,CourtEnter
1,32,95.757,0.5965495,1.068691,-0.3145675,0.7928005,0.4988725,0.3011657,0.1785859,
1,32,95.759,0.5963805,1.067999,-0.3155246,0.7903078,0.5013844,0.3044767,0.1769785,
1,32,95.761,0.5963805,1.067999,-0.3155246,0.7903078,0.5013844,0.3044767,0.1769785,
1,32,95.763,0.5963805,1.067999,-0.3155246,0.7903078,0.5013844,0.3044767,0.1769785,
1,32,95.765,0.5963805,1.067999,-0.3155246,0.7903078,0.5013844,0.3044767,0.1769785,
1,32,95.767,0.5963805,1.067999,-0.3155246,0.7903078,0.5013844,0.3044767,0.1769785,CourtExit
1,32,95.769,0.5964929,1.067423,-0.3164652,0.7881226,0.503413,0.3071686,0.1763112,
1,32,95.771,0.5964929,1.067423,-0.3164652,0.7881226,0.503413,0.3071686,0.1763112,
1,32,95.773,0.5964929,1.067423,-0.3164652,0.7881226,0.503413,0.3071686,0.1763112,
1,32,95.775,0.5964929,1.067423,-0.3164652,0.7881226,0.503413,0.3071686,0.1763112,
1,32,95.777,0.5969098,1.067032,-0.3174351,0.7863517,0.5048871,0.3091197,0.1765928,
1,32,95.779,0.5969098,1.067032,-0.3174351,0.7863517,0.5048871,0.3091197,0.1765928,
1,32,95.781,0.5969098,1.067032,-0.3174351,0.7863517,0.5048871,0.3091197,0.1765928,
1,32,95.783,0.5969098,1.067032,-0.3174351,0.7863517,0.5048871,0.3091197,0.1765928,
1,32,95.785,0.5973369,1.066611,-0.3181205,0.784965,0.5060153,0.3103,0.1774606,
1,32,95.787,0.5973369,1.066611,-0.3181205,0.784965,0.5060153,0.3103,0.1774606,
1,32,95.789,0.5973369,1.066611,-0.3181205,0.784965,0.5060153,0.3103,0.1774606,
1,32,95.791,0.5973369,1.066611,-0.3181205,0.784965,0.5060153,0.3103,0.1774606,
1,32,95.793,0.5980251,1.066231,-0.3188299,0.7838557,0.5067883,0.311053,0.1788349,
1,32,95.795,0.5980251,1.066231,-0.3188299,0.7838557,0.5067883,0.311053,0.1788349,
1,32,95.797,0.5980251,1.066231,-0.3188299,0.7838557,0.5067883,0.311053,0.1788349,
1,32,95.799,0.5980251,1.066231,-0.3188299,0.7838557,0.5067883,0.311053,0.1788349,
1,32,95.801,0.598852,1.065951,-0.3195052,0.7828553,0.5073402,0.3118053,0.1803363,
1,32,95.803,0.598852,1.065951,-0.3195052,0.7828553,0.5073402,0.3118053,0.1803363,
1,32,95.805,0.598852,1.065951,-0.3195052,0.7828553,0.5073402,0.3118053,0.1803363,
1,32,95.807,0.598852,1.065951,-0.3195052,0.7828553,0.5073402,0.3118053,0.1803363,
1,32,95.809,0.5995394,1.065849,-0.3199373,0.7818002,0.5079614,0.3128803,0.1813002,
1,32,95.811,0.5995394,1.065849,-0.3199373,0.7818002,0.5079614,0.3128803,0.1813002,
1,32,95.813,0.5995394,1.065849,-0.3199373,0.7818002,0.5079614,0.3128803,0.1813002,
1,32,95.815,0.5995394,1.065849,-0.3199373,0.7818002,0.5079614,0.3128803,0.1813002,
1,32,95.817,0.5995394,1.065849,-0.3199373,0.7818002,0.5079614,0.3128803,0.1813002,
1,32,95.819,0.6001986,1.065704,-0.3202813,0.7804016,0.5088814,0.314657,0.1816698,
1,32,95.821,0.6001986,1.065704,-0.3202813,0.7804016,0.5088814,0.314657,0.1816698,
1,32,95.823,0.6001986,1.065704,-0.3202813,0.7804016,0.5088814,0.314657,0.1816698,
1,32,95.825,0.6001986,1.065704,-0.3202813,0.7804016,0.5088814,0.314657,0.1816698,
1,32,95.827,0.6008387,1.065653,-0.3205718,0.7787299,0.5100417,0.3170149,0.1814904,
1,32,95.829,0.6008387,1.065653,-0.3205718,0.7787299,0.5100417,0.3170149,0.1814904,
1,32,95.831,0.6008387,1.065653,-0.3205718,0.7787299,0.5100417,0.3170149,0.1814904,
1,32,95.833,0.6008387,1.065653,-0.3205718,0.7787299,0.5100417,0.3170149,0.1814904,
1,32,95.835,0.6014166,1.065724,-0.3207059,0.776832,0.5114189,0.3198299,0.1808084,
1,32,95.837,0.6014166,1.065724,-0.3207059,0.776832,0.5114189,0.3198299,0.1808084,
1,32,95.839,0.6014166,1.065724,-0.3207059,0.776832,0.5114189,0.3198299,0.1808084,
1,32,95.841,0.6014166,1.065724,-0.3207059,0.776832,0.5114189,0.3198299,0.1808084,
1,32,95.843,0.6021829,1.065697,-0.320972,0.7749239,0.512827,0.3224027,0.1804383,
1,32,95.845,0.6021829,1.065697,-0.320972,0.7749239,0.512827,0.3224027,0.1804383,
1,32,95.847,0.6021829,1.065697,-0.320972,0.7749239,0.512827,0.3224027,0.1804383,
1,32,95.849,0.6021829,1.065697,-0.320972,0.7749239,0.512827,0.3224027,0.1804383,
1,32,95.851,0.6027175,1.065482,-0.3211342,0.7730193,0.514564,0.3243693,0.1801378,
1,32,95.853,0.6027175,1.065482,-0.3211342,0.7730193,0.514564,0.3243693,0.1801378,
1,32,95.855,0.6027175,1.065482,-0.3211342,0.7730193,0.514564,0.3243693,0.1801378,
1,32,95.857,0.6027175,1.065482,-0.3211342,0.7730193,0.514564,0.3243693,0.1801378,
1,32,95.859,0.6031091,1.065115,-0.3212588,0.7712115,0.5164402,0.3257846,0.1799635,
1,32,95.861,0.6031091,1.065115,-0.3212588,0.7712115,0.5164402,0.3257846,0.1799635,
1,32,95.863,0.6031091,1.065115,-0.3212588,0.7712115,0.5164402,0.3257846,0.1799635,
1,32,95.865,0.6031091,1.065115,-0.3212588,0.7712115,0.5164402,0.3257846,0.1799635,
1,32,95.867,0.6031091,1.065115,-0.3212588,0.7712115,0.5164402,0.3257846,0.1799635,
1,32,95.869,0.6035542,1.064684,-0.3214124,0.7695038,0.5182735,0.3268783,0.1800198,
1,32,95.871,0.6035542,1.064684,-0.3214124,0.7695038,0.5182735,0.3268783,0.1800198,
1,32,95.873,0.6035542,1.064684,-0.3214124,0.7695038,0.5182735,0.3268783,0.1800198,
1,32,95.875,0.6035542,1.064684,-0.3214124,0.7695038,0.5182735,0.3268783,0.1800198,
1,32,95.877,0.6041969,1.064341,-0.3217286,0.7677754,0.5200092,0.3281206,0.1801337,
1,32,95.879,0.6041969,1.064341,-0.3217286,0.7677754,0.5200092,0.3281206,0.1801337,
1,32,95.881,0.6041969,1.064341,-0.3217286,0.7677754,0.5200092,0.3281206,0.1801337,
1,32,95.883,0.6041969,1.064341,-0.3217286,0.7677754,0.5200092,0.3281206,0.1801337,
1,32,95.885,0.6046859,1.064038,-0.3217393,0.7660504,0.5218884,0.3293503,0.1797991,
1,32,95.887,0.6046859,1.064038,-0.3217393,0.7660504,0.5218884,0.3293503,0.1797991,
1,32,95.889,0.6046859,1.064038,-0.3217393,0.7660504,0.5218884,0.3293503,0.1797991,
1,32,95.891,0.6046859,1.064038,-0.3217393,0.7660504,0.5218884,0.3293503,0.1797991,
1,32,95.893,0.6051714,1.063956,-0.3217418,0.7644275,0.523545,0.3307747,0.1792746,
1,32,95.895,0.6051714,1.063956,-0.3217418,0.7644275,0.523545,0.3307747,0.1792746,
1,32,95.897,0.6051714,1.063956,-0.3217418,0.7644275,0.523545,0.3307747,0.1792746,
1,32,95.899,0.6051714,1.063956,-0.3217418,0.7644275,0.523545,0.3307747,0.1792746,
1,32,95.901,0.6056809,1.063869,-0.3216554,0.762889,0.5251125,0.3320569,0.1788729,
1,32,95.903,0.6056809,1.063869,-0.3216554,0.762889,0.5251125,0.3320569,0.1788729,
1,32,95.905,0.6056809,1.063869,-0.3216554,0.762889,0.5251125,0.3320569,0.1788729,
1,32,95.907,0.6056809,1.063869,-0.3216554,0.762889,0.5251125,0.3320569,0.1788729,
1,32,95.909,0.6061448,1.063928,-0.3214297,0.7616739,0.5264339,0.3328904,0.1786177,
1,32,95.911,0.6061448,1.063928,-0.3214297,0.7616739,0.5264339,0.3328904,0.1786177,
1,32,95.913,0.6061448,1.063928,-0.3214297,0.7616739,0.5264339,0.3328904,0.1786177,
1,32,95.915,0.6061448,1.063928,-0.3214297,0.7616739,0.5264339,0.3328904,0.1786177,
1,32,95.917,0.6061448,1.063928,-0.3214297,0.7616739,0.5264339,0.3328904,0.1786177,
1,32,95.919,0.6065383,1.063757,-0.3213,0.7605124,0.5277669,0.3334112,0.1786615,
1,32,95.921,0.6065383,1.063757,-0.3213,0.7605124,0.5277669,0.3334112,0.1786615,
1,32,95.923,0.6065383,1.063757,-0.3213,0.7605124,0.5277669,0.3334112,0.1786615,
1,32,95.925,0.6065383,1.063757,-0.3213,0.7605124,0.5277669,0.3334112,0.1786615,
1,32,95.927,0.6068205,1.063785,-0.3209836,0.7595336,0.5289488,0.3338293,0.1785499,
1,32,95.929,0.6068205,1.063785,-0.3209836,0.7595336,0.5289488,0.3338293,0.1785499,
1,32,95.931,0.6068205,1.063785,-0.3209836,0.7595336,0.5289488,0.3338293,0.1785499,
1,32,95.933,0.6068205,1.063785,-0.3209836,0.7595336,0.5289488,0.3338293,0.1785499,
1,32,95.935,0.6070699,1.063973,-0.3206505,0.7587201,0.5299285,0.3341835,0.1784408,
1,32,95.937,0.6070699,1.063973,-0.3206505,0.7587201,0.5299285,0.3341835,0.1784408,
1,32,95.939,0.6070699,1.063973,-0.3206505,0.7587201,0.5299285,0.3341835,0.1784408,
1,32,95.941,0.6070699,1.063973,-0.3206505,0.7587201,0.5299285,0.3341835,0.1784408,
1,32,95.943,0.6073431,1.064233,-0.3204397,0.7580458,0.5306443,0.3344863,0.1786115,
1,32,95.945,0.6073431,1.064233,-0.3204397,0.7580458,0.5306443,0.3344863,0.1786115,
1,32,95.947,0.6073431,1.064233,-0.3204397,0.7580458,0.5306443,0.3344863,0.1786115,
1,32,95.949,0.6073431,1.064233,-0.3204397,0.7580458,0.5306443,0.3344863,0.1786115,
1,32,95.951,0.6074668,1.064675,-0.3200927,0.7574826,0.5312163,0.3348756,0.178571,
1,32,95.953,0.6074668,1.064675,-0.3200927,0.7574826,0.5312163,0.3348756,0.178571,
1,32,95.955,0.6074668,1.064675,-0.3200927,0.7574826,0.5312163,0.3348756,0.178571,
1,32,95.957,0.6074668,1.064675,-0.3200927,0.7574826,0.5312163,0.3348756,0.178571,
1,32,95.959,0.6074756,1.065274,-0.3196654,0.7568812,0.531712,0.3355117,0.1784522,
1,32,95.961,0.6074756,1.065274,-0.3196654,0.7568812,0.531712,0.3355117,0.1784522,
1,32,95.963,0.6074756,1.065274,-0.3196654,0.7568812,0.531712,0.3355117,0.1784522,
1,32,95.965,0.6074756,1.065274,-0.3196654,0.7568812,0.531712,0.3355117,0.1784522,
1,32,95.967,0.6074756,1.065274,-0.3196654,0.7568812,0.531712,0.3355117,0.1784522,
1,32,95.969,0.6074721,1.065738,-0.3193986,0.75623,0.5321442,0.3361439,0.1787344,
1,32,95.971,0.6074721,1.065738,-0.3193986,0.75623,0.5321442,0.3361439,0.1787344,
1,32,95.973,0.6074721,1.065738,-0.3193986,0.75623,0.5321442,0.3361439,0.1787344,
1,32,95.975,0.6074721,1.065738,-0.3193986,0.75623,0.5321442,0.3361439,0.1787344,
1,32,95.977,0.607314,1.066207,-0.319127,0.7555458,0.5324839,0.3368953,0.1792013,
1,32,95.979,0.607314,1.066207,-0.319127,0.7555458,0.5324839,0.3368953,0.1792013,
1,32,95.981,0.607314,1.066207,-0.319127,0.7555458,0.5324839,0.3368953,0.1792013,
1,32,95.983,0.607314,1.066207,-0.319127,0.7555458,0.5324839,0.3368953,0.1792013,
1,32,95.985,0.6069282,1.06676,-0.3186972,0.7547032,0.5328649,0.3379937,0.1795511,
1,32,95.987,0.6069282,1.06676,-0.3186972,0.7547032,0.5328649,0.3379937,0.1795511,
1,32,95.989,0.6069282,1.06676,-0.3186972,0.7547032,0.5328649,0.3379937,0.1795511,
1,32,95.991,0.6069282,1.06676,-0.3186972,0.7547032,0.5328649,0.3379937,0.1795511,
1,32,95.993,0.6066888,1.067171,-0.3186919,0.7538302,0.5331061,0.3390351,0.1805353,
1,32,95.995,0.6066888,1.067171,-0.3186919,0.7538302,0.5331061,0.3390351,0.1805353,
1,32,95.997,0.6066888,1.067171,-0.3186919,0.7538302,0.5331061,0.3390351,0.1805353,
1,32,95.999,0.6066888,1.067171,-0.3186919,0.7538302,0.5331061,0.3390351,0.1805353,
1,33,96.001,0.6062692,1.067476,-0.3186961,0.7528028,0.5333809,0.3402721,0.18168,CourtExit
1,33,96.003,0.6062692,1.067476,-0.3186961,0.7528028,0.5333809,0.3402721,0.18168,
1,33,96.005,0.6062692,1.067476,-0.3186961,0.7528028,0.5333809,0.3402721,0.18168,
1,33,96.007,0.6062692,1.067476,-0.3186961,0.7528028,0.5333809,0.3402721,0.18168,
1,33,96.009,0.6058449,1.067732,-0.318628,0.7519734,0.533421,0.3411115,0.1834146,
1,33,96.011,0.6058449,1.067732,-0.318628,0.7519734,0.533421,0.3411115,0.1834146,
1,33,96.013,0.6058449,1.067732,-0.318628,0.7519734,0.533421,0.3411115,0.1834146,
1,33,96.015,0.6058449,1.067732,-0.318628,0.7519734,0.533421,0.3411115,0.1834146,
1,33,96.017,0.6058449,1.067732,-0.318628,0.7519734,0.533421,0.3411115,0.1834146,
1,33,96.019,0.6055778,1.067983,-0.3187067,0.7510341,0.5333275,0.3422591,0.1853869,
1,33,96.021,0.6055778,1.067983,-0.3187067,0.7510341,0.5333275,0.3422591,0.1853869,
1,33,96.023,0.6055778,1.067983,-0.3187067,0.7510341,0.5333275,0.3422591,0.1853869,
1,33,96.025,0.6055778,1.067983,-0.3187067,0.7510341,0.5333275,0.3422591,0.1853869,
1,33,96.027,0.6054384,1.068124,-0.3188504,0.7498076,0.5333073,0.3440376,0.1871096,
1,33,96.029,0.6054384,1.068124,-0.3188504,0.7498076,0.5333073,0.3440376,0.1871096,
1,33,96.031,0.6054384,1.068124,-0.3188504,0.7498076,0.5333073,0.3440376,0.1871096,
1,33,96.033,0.6054384,1.068124,-0.3188504,0.7498076,0.5333073,0.3440376,0.1871096,
1,33,96.035,0.6052466,1.06819,-0.3189179,0.748418,0.5333772,0.3460946,0.1886738,
1,33,96.037,0.6052466,1.06819,-0.3189179,0.748418,0.5333772,0.3460946,0.1886738,
1,33,96.039,0.6052466,1.06819,-0.3189179,0.748418,0.5333772,0.3460946,0.1886738,
1,33,96.041,0.6052466,1.06819,-0.3189179,0.748418,0.5333772,0.3460946,0.1886738,
1,33,96.043,0.6049641,1.068164,-0.3189375,0.7466831,0.5337343,0.3487876,0.1895768,
1,33,96.045,0.6049641,1.068164,-0.3189375,0.7466831,0.5337343,0.3487876,0.1895768,
1,33,96.047,0.6049641,1.068164,-0.3189375,0.7466831,0.5337343,0.3487876,0.1895768,
1,33,96.049,0.6049641,1.068164,-0.3189375,0.7466831,0.5337343,0.3487876,0.1895768,
1,33,96.051,0.6048529,1.068017,-0.3191077,0.7446619,0.5342987,0.3518186,0.1903348,
1,33,96.053,0.6048529,1.068017,-0.3191077,0.7446619,0.5342987,0.3518186,0.1903348,
1,33,96.055,0.6048529,1.068017,-0.3191077,0.7446619,0.5342987,0.3518186,0.1903348,
1,33,96.057,0.6048529,1.068017,-0.3191077,0.7446619,0.5342987,0.3518186,0.1903348,
1,33,96.059,0.6045358,1.067717,-0.3192307,0.7427613,0.5349857,0.3543454,0.1911426,
1,33,96.061,0.6045358,1.067717,-0.3192307,0.7427613,0.5349857,0.3543454,0.1911426,
1,33,96.063,0.6045358,1.067717,-0.3192307,0.7427613,0.5349857,0.3543454,0.1911426,
1,33,96.065,0.6045358,1.067717,-0.3192307,0.7427613,0.5349857,0.3543454,0.1911426,
1,33,96.067,0.6045358,1.067717,-0.3192307,0.7427613,0.5349857,0.3543454,0.1911426,
1,33,96.069,0.6039969,1.067411,-0.3192348,0.7410831,0.535698,0.3563778,0.1918813,
1,33,96.071,0.6039969,1.067411,-0.3192348,0.7410831,0.535698,0.3563778,0.1918813,
1,33,96.073,0.6039969,1.067411,-0.3192348,0.7410831,0.535698,0.3563778,0.1918813,
1,33,96.075,0.6039969,1.067411,-0.3192348,0.7410831,0.535698,0.3563778,0.1918813,
1,33,96.077,0.6034431,1.067144,-0.3193333,0.7396053,0.536383,0.358062,0.1925328,
1,33,96.079,0.6034431,1.067144,-0.3193333,0.7396053,0.536383,0.358062,0.1925328,
1,33,96.081,0.6034431,1.067144,-0.3193333,0.7396053,0.536383,0.358062,0.1925328,
1,33,96.083,0.6034431,1.067144,-0.3193333,0.7396053,0.536383,0.358062,0.1925328,
1,33,96.085,0.6028214,1.06686,-0.3194822,0.7382782,0.5370873,0.3594115,0.1931478,
1,33,96.087,0.6028214,1.06686,-0.3194822,0.7382782,0.5370873,0.3594115,0.1931478,
1,33,96.089,0.6028214,1.06686,-0.3194822,0.7382782,0.5370873,0.3594115,0.1931478,
1,33,96.091,0.6028214,1.06686,-0.3194822,0.7382782,0.5370873,0.3594115,0.1931478,
1,33,96.093,0.6020451,1.066577,-0.3195791,0.7372496,0.5377693,0.360265,0.1935881,
1,33,96.095,0.6020451,1.066577,-0.3195791,0.7372496,0.5377693,0.360265,0.1935881,
1,33,96.097,0.6020451,1.066577,-0.3195791,0.7372496,0.5377693,0.360265,0.1935881,
1,33,96.099,0.6020451,1.066577,-0.3195791,0.7372496,0.5377693,0.360265,0.1935881,
1,33,96.101,0.6010733,1.066252,-0.319645,0.736461,0.5384476,0.3606871,0.193918,
1,33,96.103,0.6010733,1.066252,-0.319645,0.736461,0.5384476,0.3606871,0.193918,
1,33,96.105,0.6010733,1.066252,-0.319645,0.736461,0.5384476,0.3606871,0.193918,
1,33,96.107,0.6010733,1.066252,-0.319645,0.736461,0.5384476,0.3606871,0.193918,
1,33,96.109,0.6000265,1.065947,-0.3197457,0.7360411,0.538945,0.3605633,0.1943611,
1,33,96.111,0.6000265,1.065947,-0.3197457,0.7360411,0.538945,0.3605633,0.1943611,
1,33,96.113,0.6000265,1.065947,-0.3197457,0.7360411,0.538945,0.3605633,0.1943611,
1,33,96.115,0.6000265,1.065947,-0.3197457,0.7360411,0.538945,0.3605633,0.1943611,
1,33,96.117,0.6000265,1.065947,-0.3197457,0.7360411,0.538945,0.3605633,0.1943611,
1,33,96.119,0.5989003,1.065668,-0.3197635,0.7358114,0.5393329,0.3603475,0.1945542,
1,33,96.121,0.5989003,1.065668,-0.3197635,0.7358114,0.5393329,0.3603475,0.1945542,
1,33,96.123,0.5989003,1.065668,-0.3197635,0.7358114,0.5393329,0.3603475,0.1945542,
1,33,96.125,0.5989003,1.065668,-0.3197635,0.7358114,0.5393329,0.3603475,0.1945542,
1,33,96.127,0.5976734,1.065502,-0.3196665,0.7355627,0.5396779,0.3604936,0.1942671,
1,33,96.129,0.5976734,1.065502,-0.3196665,0.7355627,0.5396779,0.3604936,0.1942671,
1,33,96.131,0.5976734,1.065502,-0.3196665,0.7355627,0.5396779,0.3604936,0.1942671,
1,33,96.133,0.5976734,1.065502,-0.3196665,0.7355627,0.5396779,0.3604936,0.1942671,
1,33,96.135,0.5964969,1.065362,-0.3196178,0.7352643,0.5399458,0.3609296,0.1938421,
1,33,96.137,0.5964969,1.065362,-0.3196178,0.7352643,0.5399458,0.3609296,0.1938421,
1,33,96.139,0.5964969,1.065362,-0.3196178,0.7352643,0.5399458,0.3609296,0.1938421,
1,33,96.141,0.5964969,1.065362,-0.3196178,0.7352643,0.5399458,0.3609296,0.1938421,
1,33,96.143,0.5953384,1.065274,-0.3195344,0.7350308,0.5400826,0.3614398,0.1933958,
1,33,96.145,0.5953384,1.065274,-0.3195344,0.7350308,0.5400826,0.3614398,0.1933958,
1,33,96.147,0.5953384,1.065274,-0.3195344,0.7350308,0.5400826,0.3614398,0.1933958,
1,33,96.149,0.5953384,1.065274,-0.3195344,0.7350308,0.5400826,0.3614398,0.1933958,
1,33,96.151,0.5941591,1.065142,-0.3194352,0.7348632,0.5401242,0.3618983,0.1930584,
1,33,96.153,0.5941591,1.065142,-0.3194352,0.7348632,0.5401242,0.3618983,0.1930584,
1,33,96.155,0.5941591,1.065142,-0.3194352,0.7348632,0.5401242,0.3618983,0.1930584,
1,33,96.157,0.5941591,1.065142,-0.3194352,0.7348632,0.5401242,0.3618983,0.1930584,
1,33,96.159,0.5928298,1.065057,-0.3191755,0.7346843,0.5401333,0.3625199,0.1925471,
1,33,96.161,0.5928298,1.065057,-0.3191755,0.7346843,0.5401333,0.3625199,0.1925471,
1,33,96.163,0.5928298,1.065057,-0.3191755,0.7346843,0.5401333,0.3625199,0.1925471,
1,33,96.165,0.5928298,1.065057,-0.3191755,0.7346843,0.5401333,0.3625199,0.1925471,
1,33,96.167,0.5928298,1.065057,-0.3191755,0.7346843,0.5401333,0.3625199,0.1925471,
1,33,96.169,0.5916397,1.064946,-0.3191046,0.7343781,0.5400605,0.3634169,0.1922279,
1,33,96.171,0.5916397,1.064946,-0.3191046,0.7343781,0.5400605,0.3634169,0.1922279,
1,33,96.173,0.5916397,1.064946,-0.3191046,0.7343781,0.5400605,0.3634169,0.1922279,
1,33,96.175,0.5916397,1.064946,-0.3191046,0.7343781,0.5400605,0.3634169,0.1922279,
1,33,96.177,0.590452,1.064855,-0.3190608,0.7339779,0.5399579,0.3645265,0.1919438,
1,33,96.179,0.590452,1.064855,-0.3190608,0.7339779,0.5399579,0.3645265,0.1919438,
1,33,96.181,0.590452,1.064855,-0.3190608,0.7339779,0.5399579,0.3645265,0.1919438,
1,33,96.183,0.590452,1.064855,-0.3190608,0.7339779,0.5399579,0.3645265,0.1919438,
1,33,96.185,0.5892087,1.064728,-0.3189406,0.7334806,0.5399268,0.3656936,0.191712,
1,33,96.187,0.5892087,1.064728,-0.3189406,0.7334806,0.5399268,0.3656936,0.191712,
1,33,96.189,0.5892087,1.064728,-0.3189406,0.7334806,0.5399268,0.3656936,0.191712,
1,33,96.191,0.5892087,1.064728,-0.3189406,0.7334806,0.5399268,0.3656936,0.191712,
1,33,96.193,0.5880333,1.064445,-0.3189691,0.7330747,0.5398365,0.366416,0.1921392,
1,33,96.195,0.5880333,1.064445,-0.3189691,0.7330747,0.5398365,0.366416,0.1921392,
1,33,96.197,0.5880333,1.064445,-0.3189691,0.7330747,0.5398365,0.366416,0.1921392,
1,33,96.199,0.5880333,1.064445,-0.3189691,0.7330747,0.5398365,0.366416,0.1921392,
1,33,96.201,0.5867502,1.064427,-0.3189729,0.7328122,0.5396685,0.3669593,0.1925751,
1,33,96.203,0.5867502,1.064427,-0.3189729,0.7328122,0.5396685,0.3669593,0.1925751,
1,33,96.205,0.5867502,1.064427,-0.3189729,0.7328122,0.5396685,0.3669593,0.1925751,
1,33,96.207,0.5867502,1.064427,-0.3189729,0.7328122,0.5396685,0.3669593,0.1925751,
1,33,96.209,0.5854484,1.064352,-0.3190515,0.7323363,0.539646,0.3678247,0.192797,
1,33,96.211,0.5854484,1.064352,-0.3190515,0.7323363,0.539646,0.3678247,0.192797,
1,33,96.213,0.5854484,1.064352,-0.3190515,0.7323363,0.539646,0.3678247,0.192797,
1,33,96.215,0.5854484,1.064352,-0.3190515,0.7323363,0.539646,0.3678247,0.192797,
1,33,96.217,0.5854484,1.064352,-0.3190515,0.7323363,0.539646,0.3678247,0.192797,
1,33,96.219,0.5842372,1.064378,-0.319542,0.7315214,0.5397966,0.369135,0.1929647,
1,33,96.221,0.5842372,1.064378,-0.319542,0.7315214,0.5397966,0.369135,0.1929647,
1,33,96.223,0.5842372,1.064378,-0.319542,0.7315214,0.5397966,0.369135,0.1929647,
1,33,96.225,0.5842372,1.064378,-0.319542,0.7315214,0.5397966,0.369135,0.1929647,
1,33,96.227,0.5830367,1.064463,-0.3200766,0.7308746,0.5399115,0.370045,0.1933507,
1,33,96.229,0.5830367,1.064463,-0.3200766,0.7308746,0.5399115,0.370045,0.1933507,
1,33,96.231,0.5830367,1.064463,-0.3200766,0.7308746,0.5399115,0.370045,0.1933507,
1,33,96.233,0.5830367,1.064463,-0.3200766,0.7308746,0.5399115,0.370045,0.1933507,
1,33,96.235,0.5816166,1.064619,-0.3206118,0.730171,0.5401479,0.3709951,0.1935279,
1,33,96.237,0.5816166,1.064619,-0.3206118,0.730171,0.5401479,0.3709951,0.1935279,
1,33,96.239,0.5816166,1.064619,-0.3206118,0.730171,0.5401479,0.3709951,0.1935279,
1,33,96.241,0.5816166,1.064619,-0.3206118,0.730171,0.5401479,0.3709951,0.1935279,
1,33,96.243,0.5799478,1.064779,-0.3210362,0.7294198,0.5405716,0.3718394,0.1935579,
1,33,96.245,0.5799478,1.064779,-0.3210362,0.7294198,0.5405716,0.3718394,0.1935579,
1,33,96.247,0.5799478,1.064779,-0.3210362,0.7294198,0.5405716,0.3718394,0.1935579,
1,33,96.249,0.5799478,1.064779,-0.3210362,0.7294198,0.5405716,0.3718394,0.1935579,
1,33,96.251,0.5781929,1.064919,-0.3213132,0.7286271,0.5411556,0.3726013,0.1934459,
1,33,96.253,0.5781929,1.064919,-0.3213132,0.7286271,0.5411556,0.3726013,0.1934459,
1,33,96.255,0.5781929,1.064919,-0.3213132,0.7286271,0.5411556,0.3726013,0.1934459,
1,33,96.257,0.5781929,1.064919,-0.3213132,0.7286271,0.5411556,0.3726013,0.1934459,
1,33,96.259,0.5765035,1.064929,-0.3218404,0.7277886,0.5417857,0.3731833,0.1937168,
1,33,96.261,0.5765035,1.064929,-0.3218404,0.7277886,0.5417857,0.3731833,0.1937168,
1,33,96.263,0.5765035,1.064929,-0.3218404,0.7277886,0.5417857,0.3731833,0.1937168,
1,33,96.265,0.5765035,1.064929,-0.3218404,0.7277886,0.5417857,0.3731833,0.1937168,
1,33,96.267,0.5765035,1.064929,-0.3218404,0.7277886,0.5417857,0.3731833,0.1937168,
1,33,96.269,0.575022,1.064995,-0.3224911,0.7270276,0.5423003,0.3736286,0.1942756,
1,33,96.271,0.575022,1.064995,-0.3224911,0.7270276,0.5423003,0.3736286,0.1942756,
1,33,96.273,0.575022,1.064995,-0.3224911,0.7270276,0.5423003,0.3736286,0.1942756,
1,33,96.275,0.575022,1.064995,-0.3224911,0.7270276,0.5423003,0.3736286,0.1942756,
1,33,96.277,0.5734394,1.065012,-0.3230841,0.7262488,0.5429556,0.3739122,0.1948115,
1,33,96.279,0.5734394,1.065012,-0.3230841,0.7262488,0.5429556,0.3739122,0.1948115,
1,33,96.281,0.5734394,1.065012,-0.3230841,0.7262488,0.5429556,0.3739122,0.1948115,
1,33,96.283,0.5734394,1.065012,-0.3230841,0.7262488,0.5429556,0.3739122,0.1948115,
1,33,96.285,0.5718031,1.065019,-0.3236218,0.7253646,0.5437537,0.3742679,0.1951963,
1,33,96.287,0.5718031,1.065019,-0.3236218,0.7253646,0.5437537,0.3742679,0.1951963,
1,33,96.289,0.5718031,1.065019,-0.3236218,0.7253646,0.5437537,0.3742679,0.1951963,
1,33,96.291,0.5718031,1.065019,-0.3236218,0.7253646,0.5437537,0.3742679,0.1951963,
1,33,96.293,0.57011,1.065057,-0.3240395,0.7243463,0.5447532,0.3748165,0.1951388,
1,33,96.295,0.57011,1.065057,-0.3240395,0.7243463,0.5447532,0.3748165,0.1951388,
1,33,96.297,0.57011,1.065057,-0.3240395,0.7243463,0.5447532,0.3748165,0.1951388,
1,33,96.299,0.57011,1.065057,-0.3240395,0.7243463,0.5447532,0.3748165,0.1951388,
1,33,96.301,0.5684941,1.06524,-0.3245505,0.7232091,0.5457618,0.3755985,0.1950345,
1,33,96.303,0.5684941,1.06524,-0.3245505,0.7232091,0.5457618,0.3755985,0.1950345,
1,33,96.305,0.5684941,1.06524,-0.3245505,0.7232091,0.5457618,0.3755985,0.1950345,
1,33,96.307,0.5684941,1.06524,-0.3245505,0.7232091,0.5457618,0.3755985,0.1950345,
1,33,96.309,0.5669942,1.06555,-0.3251804,0.7221648,0.5467013,0.3762039,0.1951061,
1,33,96.311,0.5669942,1.06555,-0.3251804,0.7221648,0.5467013,0.3762039,0.1951061,
1,33,96.313,0.5669942,1.06555,-0.3251804,0.7221648,0.5467013,0.3762039,0.1951061,
1,33,96.315,0.5669942,1.06555,-0.3251804,0.7221648,0.5467013,0.3762039,0.1951061,
1,33,96.317,0.5669942,1.06555,-0.3251804,0.7221648,0.5467013,0.3762039,0.1951061,
1,33,96.319,0.5655227,1.065784,-0.3257901,0.7211841,0.5477016,0.3764219,0.1955071,
1,33,96.321,0.5655227,1.065784,-0.3257901,0.7211841,0.5477016,0.3764219,0.1955071,
1,33,96.323,0.5655227,1.065784,-0.3257901,0.7211841,0.5477016,0.3764219,0.1955071,
1,33,96.325,0.5655227,1.065784,-0.3257901,0.7211841,0.5477016,0.3764219,0.1955071,
1,33,96.327,0.564016,1.066019,-0.3263969,0.720162,0.5488549,0.3765008,0.1958884,
1,33,96.329,0.564016,1.066019,-0.3263969,0.720162,0.5488549,0.3765008,0.1958884,
1,33,96.331,0.564016,1.066019,-0.3263969,0.720162,0.5488549,0.3765008,0.1958884,
1,33,96.333,0.564016,1.066019,-0.3263969,0.720162,0.5488549,0.3765008,0.1958884,
1,33,96.335,0.5624213,1.066048,-0.3270845,0.7190066,0.5502037,0.3765521,0.1962496,
1,33,96.337,0.5624213,1.066048,-0.3270845,0.7190066,0.5502037,0.3765521,0.1962496,
1,33,96.339,0.5624213,1.066048,-0.3270845,0.7190066,0.5502037,0.3765521,0.1962496,
1,33,96.341,0.5624213,1.066048,-0.3270845,0.7190066,0.5502037,0.3765521,0.1962496,
1,33,96.343,0.5609297,1.066059,-0.327947,0.717724,0.5515903,0.3767491,0.1966739,
1,33,96.345,0.5609297,1.066059,-0.327947,0.717724,0.5515903,0.3767491,0.1966739,
1,33,96.347,0.5609297,1.066059,-0.327947,0.717724,0.5515903,0.3767491,0.1966739,
1,33,96.349,0.5609297,1.066059,-0.327947,0.717724,0.5515903,0.3767491,0.1966739,
1,33,96.351,0.5594078,1.066128,-0.3288755,0.7162663,0.5531083,0.3771877,0.1968838,
1,33,96.353,0.5594078,1.066128,-0.3288755,0.7162663,0.5531083,0.3771877,0.1968838,
1,33,96.355,0.5594078,1.066128,-0.3288755,0.7162663,0.5531083,0.3771877,0.1968838,
1,33,96.357,0.5594078,1.066128,-0.3288755,0.7162663,0.5531083,0.3771877,0.1968838,
1,33,96.359,0.5580392,1.06629,-0.3298753,0.7149658,0.5545276,0.3773863,0.1972374,
1,33,96.361,0.5580392,1.06629,-0.3298753,0.7149658,0.5545276,0.3773863,0.1972374,
1,33,96.363,0.5580392,1.06629,-0.3298753,0.7149658,0.5545276,0.3773863,0.1972374,
1,33,96.365,0.5580392,1.06629,-0.3298753,0.7149658,0.5545276,0.3773863,0.1972374,
1,33,96.367,0.5580392,1.06629,-0.3298753,0.7149658,0.5545276,0.3773863,0.1972374,
1,33,96.369,0.5565845,1.066638,-0.3309254,0.7137864,0.5558921,0.3774385,0.1975683,
1,33,96.371,0.5565845,1.066638,-0.3309254,0.7137864,0.5558921,0.3774385,0.1975683,
1,33,96.373,0.5565845,1.066638,-0.3309254,0.7137864,0.5558921,0.3774385,0.1975683,
1,33,96.375,0.5565845,1.066638,-0.3309254,0.7137864,0.5558921,0.3774385,0.1975683,
1,33,96.377,0.5548947,1.066904,-0.3317891,0.7127227,0.557377,0.3772255,0.1976315,
1,33,96.379,0.5548947,1.066904,-0.3317891,0.7127227,0.557377,0.3772255,0.1976315,
1,33,96.381,0.5548947,1.066904,-0.3317891,0.7127227,0.557377,0.3772255,0.1976315,
1,33,96.383,0.5548947,1.066904,-0.3317891,0.7127227,0.557377,0.3772255,0.1976315,
1,33,96.385,0.5533157,1.067108,-0.3327453,0.7118357,0.5587029,0.3767509,0.1979891,
1,33,96.387,0.5533157,1.067108,-0.3327453,0.7118357,0.5587029,0.3767509,0.1979891,
1,33,96.389,0.5533157,1.067108,-0.3327453,0.7118357,0.5587029,0.3767509,0.1979891,
1,33,96.391,0.5533157,1.067108,-0.3327453,0.7118357,0.5587029,0.3767509,0.1979891,
1,33,96.393,0.5517473,1.06739,-0.3337578,0.7109771,0.5600346,0.3762909,0.1981868,
1,33,96.395,0.5517473,1.06739,-0.3337578,0.7109771,0.5600346,0.3762909,0.1981868,
1,33,96.397,0.5517473,1.06739,-0.3337578,0.7109771,0.5600346,0.3762909,0.1981868,
1,33,96.399,0.5517473,1.06739,-0.3337578,0.7109771,0.5600346,0.3762909,0.1981868,
1,33,96.401,0.5502633,1.067711,-0.3347141,0.7101228,0.5612361,0.3760626,0.198284,
1,33,96.403,0.5502633,1.067711,-0.3347141,0.7101228,0.5612361,0.3760626,0.198284,
1,33,96.405,0.5502633,1.067711,-0.3347141,0.7101228,0.5612361,0.3760626,0.198284,
1,33,96.407,0.5502633,1.067711,-0.3347141,0.7101228,0.5612361,0.3760626,0.198284,
1,33,96.409,0.548784,1.067763,-0.3355824,0.7090607,0.5626619,0.3760614,0.1980461,
1,33,96.411,0.548784,1.067763,-0.3355824,0.7090607,0.5626619,0.3760614,0.1980461,
1,33,96.413,0.548784,1.067763,-0.3355824,0.7090607,0.5626619,0.3760614,0.1980461,
1,33,96.415,0.548784,1.067763,-0.3355824,0.7090607,0.5626619,0.3760614,0.1980461,
1,33,96.417,0.548784,1.067763,-0.3355824,0.7090607,0.5626619,0.3760614,0.1980461,
1,33,96.419,0.5474608,1.067613,-0.3366696,0.707728,0.5642185,0.3764352,0.1976742,
1,33,96.421,0.5474608,1.067613,-0.3366696,0.707728,0.5642185,0.3764352,0.1976742,
1,33,96.423,0.5474608,1.067613,-0.3366696,0.707728,0.5642185,0.3764352,0.1976742,
1,33,96.425,0.5474608,1.067613,-0.3366696,0.707728,0.5642185,0.3764352,0.1976742,
1,33,96.427,0.5462974,1.067357,-0.3379311,0.7061836,0.5657945,0.3772365,0.1971649,
1,33,96.429,0.5462974,1.067357,-0.3379311,0.7061836,0.5657945,0.3772365,0.1971649,
1,33,96.431,0.5462974,1.067357,-0.3379311,0.7061836,0.5657945,0.3772365,0.1971649,
1,33,96.433,0.5462974,1.067357,-0.3379311,0.7061836,0.5657945,0.3772365,0.1971649,
1,33,96.435,0.5452292,1.066926,-0.3391778,0.7044096,0.5675319,0.3784041,0.1962779,
1,33,96.437,0.5452292,1.066926,-0.3391778,0.7044096,0.5675319,0.3784041,0.1962779,
1,33,96.439,0.5452292,1.066926,-0.3391778,0.7044096,0.5675319,0.3784041,0.1962779,
1,33,96.441,0.5452292,1.066926,-0.3391778,0.7044096,0.5675319,0.3784041,0.1962779,
1,33,96.443,0.5443747,1.066619,-0.3405778,0.7027153,0.5690533,0.3797185,0.1954058,
1,33,96.445,0.5443747,1.066619,-0.3405778,0.7027153,0.5690533,0.3797185,0.1954058,
1,33,96.447,0.5443747,1.066619,-0.3405778,0.7027153,0.5690533,0.3797185,0.1954058,
1,33,96.449,0.5443747,1.066619,-0.3405778,0.7027153,0.5690533,0.3797185,0.1954058,
1,33,96.451,0.5435557,1.066294,-0.3419548,0.7010089,0.5706334,0.3811566,0.194123,
1,33,96.453,0.5435557,1.066294,-0.3419548,0.7010089,0.5706334,0.3811566,0.194123,
1,33,96.455,0.5435557,1.066294,-0.3419548,0.7010089,0.5706334,0.3811566,0.194123,
1,33,96.457,0.5435557,1.066294,-0.3419548,0.7010089,0.5706334,0.3811566,0.194123,
1,33,96.459,0.5429584,1.065842,-0.3433758,0.6994352,0.5720986,0.3824988,0.1928426,
1,33,96.461,0.5429584,1.065842,-0.3433758,0.6994352,0.5720986,0.3824988,0.1928426,
1,33,96.463,0.5429584,1.065842,-0.3433758,0.6994352,0.5720986,0.3824988,0.1928426,
1,33,96.465,0.5429584,1.065842,-0.3433758,0.6994352,0.5720986,0.3824988,0.1928426,
1,33,96.467,0.5429584,1.065842,-0.3433758,0.6994352,0.5720986,0.3824988,0.1928426,
1,33,96.469,0.542449,1.06525,-0.3447931,0.6980196,0.5735389,0.3836066,0.1914882,
1,33,96.471,0.542449,1.06525,-0.3447931,0.6980196,0.5735389,0.3836066,0.1914882,
1,33,96.473,0.542449,1.06525,-0.3447931,0.6980196,0.5735389,0.3836066,0.1914882,
1,33,96.475,0.542449,1.06525,-0.3447931,0.6980196,0.5735389,0.3836066,0.1914882,
1,33,96.477,0.5420207,1.064755,-0.3460686,0.6970572,0.5747033,0.3842307,0.1902475,
1,33,96.479,0.5420207,1.064755,-0.3460686,0.6970572,0.5747033,0.3842307,0.1902475,
1,33,96.481,0.5420207,1.064755,-0.3460686,0.6970572,0.5747033,0.3842307,0.1902475,
1,33,96.483,0.5420207,1.064755,-0.3460686,0.6970572,0.5747033,0.3842307,0.1902475,
1,33,96.485,0.5418571,1.064193,-0.3472354,0.6964119,0.5757084,0.3844171,0.1891929,
1,33,96.487,0.5418571,1.064193,-0.3472354,0.6964119,0.5757084,0.3844171,0.1891929,
1,33,96.489,0.5418571,1.064193,-0.3472354,0.6964119,0.5757084,0.3844171,0.1891929,
1,33,96.491,0.5418571,1.064193,-0.3472354,0.6964119,0.5757084,0.3844171,0.1891929,
1,33,96.493,0.5419406,1.063584,-0.3482266,0.696057,0.5765238,0.3843108,0.1882291,
1,33,96.495,0.5419406,1.063584,-0.3482266,0.696057,0.5765238,0.3843108,0.1882291,
1,33,96.497,0.5419406,1.063584,-0.3482266,0.696057,0.5765238,0.3843108,0.1882291,
1,33,96.499,0.5419406,1.063584,-0.3482266,0.696057,0.5765238,0.3843108,0.1882291,
1,33,96.501,0.5422667,1.062886,-0.3490169,0.6956339,0.5773368,0.3844416,0.1870305,
1,33,96.503,0.5422667,1.062886,-0.3490169,0.6956339,0.5773368,0.3844416,0.1870305,
1,33,96.505,0.5422667,1.062886,-0.3490169,0.6956339,0.5773368,0.3844416,0.1870305,
1,33,96.507,0.5422667,1.062886,-0.3490169,0.6956339,0.5773368,0.3844416,0.1870305,
1,33,96.509,0.5429192,1.06186,-0.3496774,0.6947432,0.5784208,0.3853641,0.1850837,
1,33,96.511,0.5429192,1.06186,-0.3496774,0.6947432,0.5784208,0.3853641,0.1850837,
1,33,96.513,0.5429192,1.06186,-0.3496774,0.6947432,0.5784208,0.3853641,0.1850837,
1,33,96.515,0.5429192,1.06186,-0.3496774,0.6947432,0.5784208,0.3853641,0.1850837,
1,33,96.517,0.5429192,1.06186,-0.3496774,0.6947432,0.5784208,0.3853641,0.1850837,
1,33,96.519,0.5438419,1.060725,-0.3501352,0.693469,0.5796369,0.3871764,0.1822538,
1,33,96.521,0.5438419,1.060725,-0.3501352,0.693469,0.5796369,0.3871764,0.1822538,
1,33,96.523,0.5438419,1.060725,-0.3501352,0.693469,0.5796369,0.3871764,0.1822538,
1,33,96.525,0.5438419,1.060725,-0.3501352,0.693469,0.5796369,0.3871764,0.1822538,
1,33,96.527,0.5449024,1.059811,-0.3503057,0.6924249,0.5805167,0.3891408,0.1792141,
1,33,96.529,0.5449024,1.059811,-0.3503057,0.6924249,0.5805167,0.3891408,0.1792141,
1,33,96.531,0.5449024,1.059811,-0.3503057,0.6924249,0.5805167,0.3891408,0.1792141,
1,33,96.533,0.5449024,1.059811,-0.3503057,0.6924249,0.5805167,0.3891408,0.1792141,
1,33,96.535,0.546155,1.05908,-0.3500858,0.6915827,0.5812932,0.3911288,0.1755846,
1,33,96.537,0.546155,1.05908,-0.3500858,0.6915827,0.5812932,0.3911288,0.1755846,
1,33,96.539,0.546155,1.05908,-0.3500858,0.6915827,0.5812932,0.3911288,0.1755846,
1,33,96.541,0.546155,1.05908,-0.3500858,0.6915827,0.5812932,0.3911288,0.1755846,
1,33,96.543,0.5473499,1.058594,-0.3493966,0.6912487,0.5819121,0.3925474,0.1716399,
1,33,96.545,0.5473499,1.058594,-0.3493966,0.6912487,0.5819121,0.3925474,0.1716399,
1,33,96.547,0.5473499,1.058594,-0.3493966,0.6912487,0.5819121,0.3925474,0.1716399,
1,33,96.549,0.5473499,1.058594,-0.3493966,0.6912487,0.5819121,0.3925474,0.1716399,
1,33,96.551,0.5486515,1.05841,-0.3484488,0.691941,0.5820556,0.3925303,0.1683718,
1,33,96.553,0.5486515,1.05841,-0.3484488,0.691941,0.5820556,0.3925303,0.1683718,
1,33,96.555,0.5486515,1.05841,-0.3484488,0.691941,0.5820556,0.3925303,0.1683718,
1,33,96.557,0.5486515,1.05841,-0.3484488,0.691941,0.5820556,0.3925303,0.1683718,
1,33,96.559,0.5497469,1.058762,-0.3467734,0.6940178,0.5815877,0.3906533,0.1657866,
1,33,96.561,0.5497469,1.058762,-0.3467734,0.6940178,0.5815877,0.3906533,0.1657866,
1,33,96.563,0.5497469,1.058762,-0.3467734,0.6940178,0.5815877,0.3906533,0.1657866,
1,33,96.565,0.5497469,1.058762,-0.3467734,0.6940178,0.5815877,0.3906533,0.1657866,
1,33,96.567,0.5497469,1.058762,-0.3467734,0.6940178,0.5815877,0.3906533,0.1657866,
1,33,96.569,0.5507406,1.059077,-0.3448302,0.6966602,0.5810577,0.3876371,0.163628,
1,33,96.571,0.5507406,1.059077,-0.3448302,0.6966602,0.5810577,0.3876371,0.163628,
1,33,96.573,0.5507406,1.059077,-0.3448302,0.6966602,0.5810577,0.3876371,0.163628,
1,33,96.575,0.5507406,1.059077,-0.3448302,0.6966602,0.5810577,0.3876371,0.163628,
1,33,96.577,0.5517919,1.059406,-0.3425993,0.6997796,0.5804067,0.3836951,0.1619097,
1,33,96.579,0.5517919,1.059406,-0.3425993,0.6997796,0.5804067,0.3836951,0.1619097,
1,33,96.581,0.5517919,1.059406,-0.3425993,0.6997796,0.5804067,0.3836951,0.1619097,
1,33,96.583,0.5517919,1.059406,-0.3425993,0.6997796,0.5804067,0.3836951,0.1619097,
1,33,96.585,0.5527474,1.05974,-0.3398746,0.7028428,0.5800749,0.3793959,0.1599495,
1,33,96.587,0.5527474,1.05974,-0.3398746,0.7028428,0.5800749,0.3793959,0.1599495,
1,33,96.589,0.5527474,1.05974,-0.3398746,0.7028428,0.5800749,0.3793959,0.1599495,
1,33,96.591,0.5527474,1.05974,-0.3398746,0.7028428,0.5800749,0.3793959,0.1599495,
1,33,96.593,0.5536208,1.060314,-0.3368766,0.7061158,0.5795649,0.3747047,0.1584345,
1,33,96.595,0.5536208,1.060314,-0.3368766,0.7061158,0.5795649,0.3747047,0.1584345,
1,33,96.597,0.5536208,1.060314,-0.3368766,0.7061158,0.5795649,0.3747047,0.1584345,
1,33,96.599,0.5536208,1.060314,-0.3368766,0.7061158,0.5795649,0.3747047,0.1584345,
1,33,96.601,0.5548683,1.060671,-0.3340242,0.7089602,0.5792154,0.3703787,0.1571771,
1,33,96.603,0.5548683,1.060671,-0.3340242,0.7089602,0.5792154,0.3703787,0.1571771,
1,33,96.605,0.5548683,1.060671,-0.3340242,0.7089602,0.5792154,0.3703787,0.1571771,
1,33,96.607,0.5548683,1.060671,-0.3340242,0.7089602,0.5792154,0.3703787,0.1571771,
1,33,96.609,0.5561191,1.060822,-0.3310887,0.7112229,0.5793576,0.3664432,0.1556479,
1,33,96.611,0.5561191,1.060822,-0.3310887,0.7112229,0.5793576,0.3664432,0.1556479,
1,33,96.613,0.5561191,1.060822,-0.3310887,0.7112229,0.5793576,0.3664432,0.1556479,
1,33,96.615,0.5561191,1.060822,-0.3310887,0.7112229,0.5793576,0.3664432,0.1556479,
1,33,96.617,0.5561191,1.060822,-0.3310887,0.7112229,0.5793576,0.3664432,0.1556479,
1,33,96.619,0.5573411,1.060873,-0.3280886,0.7132164,0.5796653,0.3626206,0.1543268,
1,33,96.621,0.5573411,1.060873,-0.3280886,0.7132164,0.5796653,0.3626206,0.1543268,
1,33,96.623,0.5573411,1.060873,-0.3280886,0.7132164,0.5796653,0.3626206,0.1543268,
1,33,96.625,0.5573411,1.060873,-0.3280886,0.7132164,0.5796653,0.3626206,0.1543268,
1,33,96.627,0.5585145,1.060763,-0.3251752,0.7148389,0.5802485,0.3589268,0.1532604,
1,33,96.629,0.5585145,1.060763,-0.3251752,0.7148389,0.5802485,0.3589268,0.1532604,
1,33,96.631,0.5585145,1.060763,-0.3251752,0.7148389,0.5802485,0.3589268,0.1532604,
1,33,96.633,0.5585145,1.060763,-0.3251752,0.7148389,0.5802485,0.3589268,0.1532604,
1,33,96.635,0.5598459,1.060909,-0.3226431,0.7162684,0.5806837,0.3556911,0.1524791,
1,33,96.637,0.5598459,1.060909,-0.3226431,0.7162684,0.5806837,0.3556911,0.1524791,
1,33,96.639,0.5598459,1.060909,-0.3226431,0.7162684,0.5806837,0.3556911,0.1524791,
1,33,96.641,0.5598459,1.060909,-0.3226431,0.7162684,0.5806837,0.3556911,0.1524791,
1,33,96.643,0.5608845,1.061147,-0.3202719,0.7173446,0.5813619,0.3529102,0.1512929,
1,33,96.645,0.5608845,1.061147,-0.3202719,0.7173446,0.5813619,0.3529102,0.1512929,
1,33,96.647,0.5608845,1.061147,-0.3202719,0.7173446,0.5813619,0.3529102,0.1512929,
1,33,96.649,0.5608845,1.061147,-0.3202719,0.7173446,0.5813619,0.3529102,0.1512929,
1,33,96.651,0.5618532,1.061597,-0.3182513,0.7184722,0.5819167,0.3501471,0.1502257,
1,33,96.653,0.5618532,1.061597,-0.3182513,0.7184722,0.5819167,0.3501471,0.1502257,
1,33,96.655,0.5618532,1.061597,-0.3182513,0.7184722,0.5819167,0.3501471,0.1502257,
1,33,96.657,0.5618532,1.061597,-0.3182513,0.7184722,0.5819167,0.3501471,0.1502257,
1,33,96.659,0.5624811,1.062445,-0.3164702,0.71992,0.5821643,0.3470702,0.1494732,
1,33,96.661,0.5624811,1.062445,-0.3164702,0.71992,0.5821643,0.3470702,0.1494732,
1,33,96.663,0.5624811,1.062445,-0.3164702,0.71992,0.5821643,0.3470702,0.1494732,
1,33,96.665,0.5624811,1.062445,-0.3164702,0.71992,0.5821643,0.3470702,0.1494732,
1,33,96.667,0.5624811,1.062445,-0.3164702,0.71992,0.5821643,0.3470702,0.1494732,
1,33,96.669,0.5628763,1.063754,-0.3147069,0.7219111,0.5821002,0.343225,0.1489984,
1,33,96.671,0.5628763,1.063754,-0.3147069,0.7219111,0.5821002,0.343225,0.1489984,
1,33,96.673,0.5628763,1.063754,-0.3147069,0.7219111,0.5821002,0.343225,0.1489984,
1,33,96.675,0.5628763,1.063754,-0.3147069,0.7219111,0.5821002,0.343225,0.1489984,
1,33,96.677,0.5629488,1.06488,-0.3129432,0.7241549,0.5820286,0.3386103,0.1489483,
1,33,96.679,0.5629488,1.06488,-0.3129432,0.7241549,0.5820286,0.3386103,0.1489483,
1,33,96.681,0.5629488,1.06488,-0.3129432,0.7241549,0.5820286,0.3386103,0.1489483,
1,33,96.683,0.5629488,1.06488,-0.3129432,0.7241549,0.5820286,0.3386103,0.1489483,
1,33,96.685,0.5629186,1.065943,-0.3110586,0.7265437,0.5819762,0.3333738,0.1493313,
1,33,96.687,0.5629186,1.065943,-0.3110586,0.7265437,0.5819762,0.3333738,0.1493313,
1,33,96.689,0.5629186,1.065943,-0.3110586,0.7265437,0.5819762,0.3333738,0.1493313,
1,33,96.691,0.5629186,1.065943,-0.3110586,0.7265437,0.5819762,0.3333738,0.1493313,
1,33,96.693,0.5628935,1.066813,-0.3089437,0.7287768,0.5820357,0.3281695,0.1497459,
1,33,96.695,0.5628935,1.066813,-0.3089437,0.7287768,0.5820357,0.3281695,0.1497459,
1,33,96.697,0.5628935,1.066813,-0.3089437,0.7287768,0.5820357,0.3281695,0.1497459,
1,33,96.699,0.5628935,1.066813,-0.3089437,0.7287768,0.5820357,0.3281695,0.1497459,
1,33,96.701,0.5629978,1.067335,-0.3068048,0.7305746,0.5822725,0.3235011,0.1502216,
1,33,96.703,0.5629978,1.067335,-0.3068048,0.7305746,0.5822725,0.3235011,0.1502216,
1,33,96.705,0.5629978,1.067335,-0.3068048,0.7305746,0.5822725,0.3235011,0.1502216,
1,33,96.707,0.5629978,1.067335,-0.3068048,0.7305746,0.5822725,0.3235011,0.1502216,
1,33,96.709,0.5632729,1.067378,-0.3047477,0.7314356,0.5829737,0.3203184,0.1501324,
1,33,96.711,0.5632729,1.067378,-0.3047477,0.7314356,0.5829737,0.3203184,0.1501324,
1,33,96.713,0.5632729,1.067378,-0.3047477,0.7314356,0.5829737,0.3203184,0.1501324,
1,33,96.715,0.5632729,1.067378,-0.3047477,0.7314356,0.5829737,0.3203184,0.1501324,
1,33,96.717,0.5632729,1.067378,-0.3047477,0.7314356,0.5829737,0.3203184,0.1501324,
1,33,96.719,0.5638461,1.067224,-0.3028466,0.7316049,0.5838414,0.3185768,0.1496411,
1,33,96.721,0.5638461,1.067224,-0.3028466,0.7316049,0.5838414,0.3185768,0.1496411,
1,33,96.723,0.5638461,1.067224,-0.3028466,0.7316049,0.5838414,0.3185768,0.1496411,
1,33,96.725,0.5638461,1.067224,-0.3028466,0.7316049,0.5838414,0.3185768,0.1496411,
1,33,96.727,0.5647932,1.066977,-0.3013398,0.7311302,0.5848181,0.3182103,0.148925,
1,33,96.729,0.5647932,1.066977,-0.3013398,0.7311302,0.5848181,0.3182103,0.148925,
1,33,96.731,0.5647932,1.066977,-0.3013398,0.7311302,0.5848181,0.3182103,0.148925,
1,33,96.733,0.5647932,1.066977,-0.3013398,0.7311302,0.5848181,0.3182103,0.148925,
1,33,96.735,0.5657923,1.066885,-0.2999492,0.7305751,0.5857135,0.3182271,0.1480922,
1,33,96.737,0.5657923,1.066885,-0.2999492,0.7305751,0.5857135,0.3182271,0.1480922,
1,33,96.739,0.5657923,1.066885,-0.2999492,0.7305751,0.5857135,0.3182271,0.1480922,
1,33,96.741,0.5657923,1.066885,-0.2999492,0.7305751,0.5857135,0.3182271,0.1480922,
1,33,96.743,0.5666702,1.067158,-0.2985343,0.7302327,0.5863931,0.3182091,0.1471275,
1,33,96.745,0.5666702,1.067158,-0.2985343,0.7302327,0.5863931,0.3182091,0.1471275,
1,33,96.747,0.5666702,1.067158,-0.2985343,0.7302327,0.5863931,0.3182091,0.1471275,
1,33,96.749,0.5666702,1.067158,-0.2985343,0.7302327,0.5863931,0.3182091,0.1471275,
1,33,96.751,0.56746,1.06763,-0.2972775,0.7303653,0.5867858,0.3173394,0.146781,
1,33,96.753,0.56746,1.06763,-0.2972775,0.7303653,0.5867858,0.3173394,0.146781,
1,33,96.755,0.56746,1.06763,-0.2972775,0.7303653,0.5867858,0.3173394,0.146781,
1,33,96.757,0.56746,1.06763,-0.2972775,0.7303653,0.5867858,0.3173394,0.146781,
1,33,96.759,0.5681049,1.068292,-0.2962571,0.7310447,0.5868151,0.3155556,0.1471274,
1,33,96.761,0.5681049,1.068292,-0.2962571,0.7310447,0.5868151,0.3155556,0.1471274,
1,33,96.763,0.5681049,1.068292,-0.2962571,0.7310447,0.5868151,0.3155556,0.1471274,
1,33,96.765,0.5681049,1.068292,-0.2962571,0.7310447,0.5868151,0.3155556,0.1471274,
1,33,96.767,0.5681049,1.068292,-0.2962571,0.7310447,0.5868151,0.3155556,0.1471274,
1,33,96.769,0.5687359,1.069034,-0.295624,0.7321307,0.5865445,0.3130157,0.1482274,
1,33,96.771,0.5687359,1.069034,-0.295624,0.7321307,0.5865445,0.3130157,0.1482274,
1,33,96.773,0.5687359,1.069034,-0.295624,0.7321307,0.5865445,0.3130157,0.1482274,
1,33,96.775,0.5687359,1.069034,-0.295624,0.7321307,0.5865445,0.3130157,0.1482274,
1,33,96.777,0.5690985,1.069945,-0.294815,0.7335284,0.5861573,0.3099221,0.1493455,
1,33,96.779,0.5690985,1.069945,-0.294815,0.7335284,0.5861573,0.3099221,0.1493455,
1,33,96.781,0.5690985,1.069945,-0.294815,0.7335284,0.5861573,0.3099221,0.1493455,
1,33,96.783,0.5690985,1.069945,-0.294815,0.7335284,0.5861573,0.3099221,0.1493455,
1,33,96.785,0.5691561,1.070754,-0.2939739,0.7348209,0.5858872,0.3070241,0.1500354,
1,33,96.787,0.5691561,1.070754,-0.2939739,0.7348209,0.5858872,0.3070241,0.1500354,
1,33,96.789,0.5691561,1.070754,-0.2939739,0.7348209,0.5858872,0.3070241,0.1500354,
1,33,96.791,0.5691561,1.070754,-0.2939739,0.7348209,0.5858872,0.3070241,0.1500354,
1,33,96.793,0.5689912,1.071423,-0.2930696,0.7358596,0.5857948,0.3046136,0.150219,
1,33,96.795,0.5689912,1.071423,-0.2930696,0.7358596,0.5857948,0.3046136,0.150219,
1,33,96.797,0.5689912,1.071423,-0.2930696,0.7358596,0.5857948,0.3046136,0.150219,
1,33,96.799,0.5689912,1.071423,-0.2930696,0.7358596,0.5857948,0.3046136,0.150219,
1,33,96.801,0.5688197,1.071628,-0.2923651,0.7362439,0.586098,0.3033139,0.1497826,
1,33,96.803,0.5688197,1.071628,-0.2923651,0.7362439,0.586098,0.3033139,0.1497826,
1,33,96.805,0.5688197,1.071628,-0.2923651,0.7362439,0.586098,0.3033139,0.1497826,
1,33,96.807,0.5688197,1.071628,-0.2923651,0.7362439,0.586098,0.3033139,0.1497826,
1,33,96.809,0.5685593,1.071601,-0.291615,0.7363393,0.5865777,0.3024995,0.1490813,
1,33,96.811,0.5685593,1.071601,-0.291615,0.7363393,0.5865777,0.3024995,0.1490813,
1,33,96.813,0.5685593,1.071601,-0.291615,0.7363393,0.5865777,0.3024995,0.1490813,
1,33,96.815,0.5685593,1.071601,-0.291615,0.7363393,0.5865777,0.3024995,0.1490813,
1,33,96.817,0.5685593,1.071601,-0.291615,0.7363393,0.5865777,0.3024995,0.1490813,
1,33,96.819,0.5681594,1.07136,-0.2907876,0.7361645,0.5872583,0.3021136,0.1480433,
1,33,96.821,0.5681594,1.07136,-0.2907876,0.7361645,0.5872583,0.3021136,0.1480433,
1,33,96.823,0.5681594,1.07136,-0.2907876,0.7361645,0.5872583,0.3021136,0.1480433,
1,33,96.825,0.5681594,1.07136,-0.2907876,0.7361645,0.5872583,0.3021136,0.1480433,
1,33,96.827,0.5675406,1.071146,-0.2897459,0.7360507,0.5878634,0.3017308,0.1469851,
1,33,96.829,0.5675406,1.071146,-0.2897459,0.7360507,0.5878634,0.3017308,0.1469851,
1,33,96.831,0.5675406,1.071146,-0.2897459,0.7360507,0.5878634,0.3017308,0.1469851,
1,33,96.833,0.5675406,1.071146,-0.2897459,0.7360507,0.5878634,0.3017308,0.1469851,
1,33,96.835,0.5668858,1.070755,-0.2888569,0.7357576,0.588531,0.301652,0.1459384,
1,33,96.837,0.5668858,1.070755,-0.2888569,0.7357576,0.588531,0.301652,0.1459384,
1,33,96.839,0.5668858,1.070755,-0.2888569,0.7357576,0.588531,0.301652,0.1459384,
1,33,96.841,0.5668858,1.070755,-0.2888569,0.7357576,0.588531,0.301652,0.1459384,
1,33,96.843,0.5660803,1.070203,-0.288026,0.7353132,0.5892833,0.3017929,0.1448469,
1,33,96.845,0.5660803,1.070203,-0.288026,0.7353132,0.5892833,0.3017929,0.1448469,
1,33,96.847,0.5660803,1.070203,-0.288026,0.7353132,0.5892833,0.3017929,0.1448469,
1,33,96.849,0.5660803,1.070203,-0.288026,0.7353132,0.5892833,0.3017929,0.1448469,
1,33,96.851,0.5649984,1.069474,-0.2872057,0.7346654,0.5901664,0.3022939,0.143488,
1,33,96.853,0.5649984,1.069474,-0.2872057,0.7346654,0.5901664,0.3022939,0.143488,
1,33,96.855,0.5649984,1.069474,-0.2872057,0.7346654,0.5901664,0.3022939,0.143488,
1,33,96.857,0.5649984,1.069474,-0.2872057,0.7346654,0.5901664,0.3022939,0.143488,
1,33,96.859,0.5637865,1.068909,-0.2865463,0.7341295,0.5908604,0.3028574,0.1421805,
1,33,96.861,0.5637865,1.068909,-0.2865463,0.7341295,0.5908604,0.3028574,0.1421805,
1,33,96.863,0.5637865,1.068909,-0.2865463,0.7341295,0.5908604,0.3028574,0.1421805,
1,33,96.865,0.5637865,1.068909,-0.2865463,0.7341295,0.5908604,0.3028574,0.1421805,
1,33,96.867,0.5637865,1.068909,-0.2865463,0.7341295,0.5908604,0.3028574,0.1421805,
1,33,96.869,0.5624344,1.068561,-0.2860836,0.7336442,0.5913854,0.3036835,0.1407333,
1,33,96.871,0.5624344,1.068561,-0.2860836,0.7336442,0.5913854,0.3036835,0.1407333,
1,33,96.873,0.5624344,1.068561,-0.2860836,0.7336442,0.5913854,0.3036835,0.1407333,
1,33,96.875,0.5624344,1.068561,-0.2860836,0.7336442,0.5913854,0.3036835,0.1407333,
1,33,96.877,0.5607544,1.068567,-0.2855951,0.7334858,0.5916383,0.3043073,0.1391395,
1,33,96.879,0.5607544,1.068567,-0.2855951,0.7334858,0.5916383,0.3043073,0.1391395,
1,33,96.881,0.5607544,1.068567,-0.2855951,0.7334858,0.5916383,0.3043073,0.1391395,
1,33,96.883,0.5607544,1.068567,-0.2855951,0.7334858,0.5916383,0.3043073,0.1391395,
1,33,96.885,0.5588689,1.068845,-0.2851816,0.7337139,0.5915523,0.3044689,0.137944,
1,33,96.887,0.5588689,1.068845,-0.2851816,0.7337139,0.5915523,0.3044689,0.137944,
1,33,96.889,0.5588689,1.068845,-0.2851816,0.7337139,0.5915523,0.3044689,0.137944,
1,33,96.891,0.5588689,1.068845,-0.2851816,0.7337139,0.5915523,0.3044689,0.137944,
1,33,96.893,0.5567809,1.06944,-0.2848124,0.7344201,0.5911176,0.3040079,0.1370632,
1,33,96.895,0.5567809,1.06944,-0.2848124,0.7344201,0.5911176,0.3040079,0.1370632,
1,33,96.897,0.5567809,1.06944,-0.2848124,0.7344201,0.5911176,0.3040079,0.1370632,
1,33,96.899,0.5567809,1.06944,-0.2848124,0.7344201,0.5911176,0.3040079,0.1370632,
1,33,96.901,0.5546691,1.070114,-0.2846241,0.7354798,0.5904336,0.3029354,0.1367035,
1,33,96.903,0.5546691,1.070114,-0.2846241,0.7354798,0.5904336,0.3029354,0.1367035,
1,33,96.905,0.5546691,1.070114,-0.2846241,0.7354798,0.5904336,0.3029354,0.1367035,
1,33,96.907,0.5546691,1.070114,-0.2846241,0.7354798,0.5904336,0.3029354,0.1367035,
1,33,96.909,0.5523806,1.070987,-0.2842348,0.7371327,0.5893766,0.3008359,0.1369986,
1,33,96.911,0.5523806,1.070987,-0.2842348,0.7371327,0.5893766,0.3008359,0.1369986,
1,33,96.913,0.5523806,1.070987,-0.2842348,0.7371327,0.5893766,0.3008359,0.1369986,
1,33,96.915,0.5523806,1.070987,-0.2842348,0.7371327,0.5893766,0.3008359,0.1369986,
1,33,96.917,0.5523806,1.070987,-0.2842348,0.7371327,0.5893766,0.3008359,0.1369986,
1,33,96.919,0.5501572,1.071552,-0.2837311,0.7387104,0.5884902,0.2985603,0.1372882,
1,33,96.921,0.5501572,1.071552,-0.2837311,0.7387104,0.5884902,0.2985603,0.1372882,
1,33,96.923,0.5501572,1.071552,-0.2837311,0.7387104,0.5884902,0.2985603,0.1372882,
1,33,96.925,0.5501572,1.071552,-0.2837311,0.7387104,0.5884902,0.2985603,0.1372882,
1,33,96.927,0.5478034,1.071917,-0.2830132,0.7399282,0.5879358,0.2968824,0.136743,
1,33,96.929,0.5478034,1.071917,-0.2830132,0.7399282,0.5879358,0.2968824,0.136743,
1,33,96.931,0.5478034,1.071917,-0.2830132,0.7399282,0.5879358,0.2968824,0.136743,
1,33,96.933,0.5478034,1.071917,-0.2830132,0.7399282,0.5879358,0.2968824,0.136743,
1,33,96.935,0.5454155,1.072089,-0.2821811,0.7409571,0.5875578,0.2953645,0.1360816,
1,33,96.937,0.5454155,1.072089,-0.2821811,0.7409571,0.5875578,0.2953645,0.1360816,
1,33,96.939,0.5454155,1.072089,-0.2821811,0.7409571,0.5875578,0.2953645,0.1360816,
1,33,96.941,0.5454155,1.072089,-0.2821811,0.7409571,0.5875578,0.2953645,0.1360816,
1,33,96.943,0.5431694,1.072031,-0.2813672,0.7417787,0.5874106,0.2939219,0.1353631,
1,33,96.945,0.5431694,1.072031,-0.2813672,0.7417787,0.5874106,0.2939219,0.1353631,
1,33,96.947,0.5431694,1.072031,-0.2813672,0.7417787,0.5874106,0.2939219,0.1353631,
1,33,96.949,0.5431694,1.072031,-0.2813672,0.7417787,0.5874106,0.2939219,0.1353631,
1,33,96.951,0.5409082,1.071791,-0.2806349,0.742514,0.5874276,0.2923552,0.1346493,
1,33,96.953,0.5409082,1.071791,-0.2806349,0.742514,0.5874276,0.2923552,0.1346493,
1,33,96.955,0.5409082,1.071791,-0.2806349,0.742514,0.5874276,0.2923552,0.1346493,
1,33,96.957,0.5409082,1.071791,-0.2806349,0.742514,0.5874276,0.2923552,0.1346493,
1,33,96.959,0.5386581,1.071202,-0.2801553,0.7429183,0.5877745,0.2910189,0.1337969,
1,33,96.961,0.5386581,1.071202,-0.2801553,0.7429183,0.5877745,0.2910189,0.1337969,
1,33,96.963,0.5386581,1.071202,-0.2801553,0.7429183,0.5877745,0.2910189,0.1337969,
1,33,96.965,0.5386581,1.071202,-0.2801553,0.7429183,0.5877745,0.2910189,0.1337969,
1,33,96.967,0.5386581,1.071202,-0.2801553,0.7429183,0.5877745,0.2910189,0.1337969,
1,33,96.969,0.5363896,1.070149,-0.2798817,0.7427726,0.5886753,0.2902449,0.1323187,
1,33,96.971,0.5363896,1.070149,-0.2798817,0.7427726,0.5886753,0.2902449,0.1323187,
1,33,96.973,0.5363896,1.070149,-0.2798817,0.7427726,0.5886753,0.2902449,0.1323187,
1,33,96.975,0.5363896,1.070149,-0.2798817,0.7427726,0.5886753,0.2902449,0.1323187,
1,33,96.977,0.5341366,1.068984,-0.2798808,0.7422582,0.5898504,0.2901118,0.1302475,
1,33,96.979,0.5341366,1.068984,-0.2798808,0.7422582,0.5898504,0.2901118,0.1302475,
1,33,96.981,0.5341366,1.068984,-0.2798808,0.7422582,0.5898504,0.2901118,0.1302475,
1,33,96.983,0.5341366,1.068984,-0.2798808,0.7422582,0.5898504,0.2901118,0.1302475,
1,33,96.985,0.5317383,1.067848,-0.2799236,0.7413458,0.5913303,0.2908812,0.1269772,
1,33,96.987,0.5317383,1.067848,-0.2799236,0.7413458,0.5913303,0.2908812,0.1269772,
1,33,96.989,0.5317383,1.067848,-0.2799236,0.7413458,0.5913303,0.2908812,0.1269772,
1,33,96.991,0.5317383,1.067848,-0.2799236,0.7413458,0.5913303,0.2908812,0.1269772,
1,33,96.993,0.5293864,1.066663,-0.2802714,0.7401888,0.5929908,0.2920862,0.1231591,
1,33,96.995,0.5293864,1.066663,-0.2802714,0.7401888,0.5929908,0.2920862,0.1231591,
1,33,96.997,0.5293864,1.066663,-0.2802714,0.7401888,0.5929908,0.2920862,0.1231591,
1,33,96.999,0.5293864,1.066663,-0.2802714,0.7401888,0.5929908,0.2920862,0.1231591,
1,33,97.001,0.5273248,1.065522,-0.2810504,0.7390456,0.5945965,0.2932883,0.1193679,
1,33,97.003,0.5273248,1.065522,-0.2810504,0.7390456,0.5945965,0.2932883,0.1193679,
1,33,97.005,0.5273248,1.065522,-0.2810504,0.7390456,0.5945965,0.2932883,0.1193679,
1,33,97.007,0.5273248,1.065522,-0.2810504,0.7390456,0.5945965,0.2932883,0.1193679,
1,33,97.009,0.5253094,1.064509,-0.2818746,0.7380956,0.5961539,0.2941716,0.1152327,
1,33,97.011,0.5253094,1.064509,-0.2818746,0.7380956,0.5961539,0.2941716,0.1152327,
1,33,97.013,0.5253094,1.064509,-0.2818746,0.7380956,0.5961539,0.2941716,0.1152327,
1,33,97.015,0.5253094,1.064509,-0.2818746,0.7380956,0.5961539,0.2941716,0.1152327,
1,33,97.017,0.5253094,1.064509,-0.2818746,0.7380956,0.5961539,0.2941716,0.1152327,
1,33,97.019,0.5232972,1.063314,-0.2829427,0.7371656,0.5978833,0.2945725,0.1111279,
1,33,97.021,0.5232972,1.063314,-0.2829427,0.7371656,0.5978833,0.2945725,0.1111279,
1,33,97.023,0.5232972,1.063314,-0.2829427,0.7371656,0.5978833,0.2945725,0.1111279,
1,33,97.025,0.5232972,1.063314,-0.2829427,0.7371656,0.5978833,0.2945725,0.1111279,
1,33,97.027,0.5211298,1.062494,-0.2839273,0.736948,0.5992491,0.2937546,0.1073145,
1,33,97.029,0.5211298,1.062494,-0.2839273,0.736948,0.5992491,0.2937546,0.1073145,
1,33,97.031,0.5211298,1.062494,-0.2839273,0.736948,0.5992491,0.2937546,0.1073145,
1,33,97.033,0.5211298,1.062494,-0.2839273,0.736948,0.5992491,0.2937546,0.1073145,
1,33,97.035,0.518946,1.061605,-0.2849784,0.7370656,0.6006106,0.292071,0.10342,
1,33,97.037,0.518946,1.061605,-0.2849784,0.7370656,0.6006106,0.292071,0.10342,
1,33,97.039,0.518946,1.061605,-0.2849784,0.7370656,0.6006106,0.292071,0.10342,
1,33,97.041,0.518946,1.061605,-0.2849784,0.7370656,0.6006106,0.292071,0.10342,
1,33,97.043,0.5166779,1.061185,-0.2859455,0.7376394,0.6016443,0.2899041,0.09933734,
1,33,97.045,0.5166779,1.061185,-0.2859455,0.7376394,0.6016443,0.2899041,0.09933734,
1,33,97.047,0.5166779,1.061185,-0.2859455,0.7376394,0.6016443,0.2899041,0.09933734,
1,33,97.049,0.5166779,1.061185,-0.2859455,0.7376394,0.6016443,0.2899041,0.09933734,
1,33,97.051,0.5143226,1.060583,-0.2868043,0.7384998,0.6026273,0.2870643,0.09514469,
1,33,97.053,0.5143226,1.060583,-0.2868043,0.7384998,0.6026273,0.2870643,0.09514469,
1,33,97.055,0.5143226,1.060583,-0.2868043,0.7384998,0.6026273,0.2870643,0.09514469,
1,33,97.057,0.5143226,1.060583,-0.2868043,0.7384998,0.6026273,0.2870643,0.09514469,
1,33,97.059,0.5118306,1.060038,-0.2873229,0.7397285,0.6034455,0.2834948,0.09102763,
1,33,97.061,0.5118306,1.060038,-0.2873229,0.7397285,0.6034455,0.2834948,0.09102763,
1,33,97.063,0.5118306,1.060038,-0.2873229,0.7397285,0.6034455,0.2834948,0.09102763,
1,33,97.065,0.5118306,1.060038,-0.2873229,0.7397285,0.6034455,0.2834948,0.09102763,
1,33,97.067,0.5118306,1.060038,-0.2873229,0.7397285,0.6034455,0.2834948,0.09102763,
1,33,97.069,0.5090335,1.059337,-0.2875221,0.7412289,0.6042318,0.2792181,0.08672243,
1,33,97.071,0.5090335,1.059337,-0.2875221,0.7412289,0.6042318,0.2792181,0.08672243,
1,33,97.073,0.5090335,1.059337,-0.2875221,0.7412289,0.6042318,0.2792181,0.08672243,
1,33,97.075,0.5090335,1.059337,-0.2875221,0.7412289,0.6042318,0.2792181,0.08672243,
1,33,97.077,0.5061645,1.058451,-0.2874539,0.7428353,0.6049393,0.2746668,0.08247575,
1,33,97.079,0.5061645,1.058451,-0.2874539,0.7428353,0.6049393,0.2746668,0.08247575,
1,33,97.081,0.5061645,1.058451,-0.2874539,0.7428353,0.6049393,0.2746668,0.08247575,
1,33,97.083,0.5061645,1.058451,-0.2874539,0.7428353,0.6049393,0.2746668,0.08247575,
1,33,97.085,0.5037996,1.057444,-0.2881371,0.744029,0.6055654,0.2711675,0.07860973,
1,33,97.087,0.5037996,1.057444,-0.2881371,0.744029,0.6055654,0.2711675,0.07860973,
1,33,97.089,0.5037996,1.057444,-0.2881371,0.744029,0.6055654,0.2711675,0.07860973,
1,33,97.091,0.5037996,1.057444,-0.2881371,0.744029,0.6055654,0.2711675,0.07860973,
1,33,97.093,0.5007663,1.056862,-0.2869997,0.746234,0.6054975,0.2665114,0.074021,
1,33,97.095,0.5007663,1.056862,-0.2869997,0.746234,0.6054975,0.2665114,0.074021,
1,33,97.097,0.5007663,1.056862,-0.2869997,0.746234,0.6054975,0.2665114,0.074021,
1,33,97.099,0.5007663,1.056862,-0.2869997,0.746234,0.6054975,0.2665114,0.074021,
1,33,97.101,0.4983929,1.056345,-0.286747,0.7479552,0.6052318,0.263395,0.06986167,
1,33,97.103,0.4983929,1.056345,-0.286747,0.7479552,0.6052318,0.263395,0.06986167,
1,33,97.105,0.4983929,1.056345,-0.286747,0.7479552,0.6052318,0.263395,0.06986167,
1,33,97.107,0.4983929,1.056345,-0.286747,0.7479552,0.6052318,0.263395,0.06986167,
1,33,97.109,0.4961536,1.056264,-0.286424,0.7497491,0.6045378,0.2609861,0.06554915,
1,33,97.111,0.4961536,1.056264,-0.286424,0.7497491,0.6045378,0.2609861,0.06554915,
1,33,97.113,0.4961536,1.056264,-0.286424,0.7497491,0.6045378,0.2609861,0.06554915,
1,33,97.115,0.4961536,1.056264,-0.286424,0.7497491,0.6045378,0.2609861,0.06554915,
1,33,97.117,0.4961536,1.056264,-0.286424,0.7497491,0.6045378,0.2609861,0.06554915,
1,33,97.119,0.4944786,1.056274,-0.2865943,0.7517036,0.6034549,0.2585744,0.06263554,
1,33,97.121,0.4944786,1.056274,-0.2865943,0.7517036,0.6034549,0.2585744,0.06263554,
1,33,97.123,0.4944786,1.056274,-0.2865943,0.7517036,0.6034549,0.2585744,0.06263554,
1,33,97.125,0.4944786,1.056274,-0.2865943,0.7517036,0.6034549,0.2585744,0.06263554,
1,33,97.127,0.4930219,1.056706,-0.2868663,0.7539617,0.6019318,0.2560417,0.06051883,
1,33,97.129,0.4930219,1.056706,-0.2868663,0.7539617,0.6019318,0.2560417,0.06051883,
1,33,97.131,0.4930219,1.056706,-0.2868663,0.7539617,0.6019318,0.2560417,0.06051883,
1,33,97.133,0.4930219,1.056706,-0.2868663,0.7539617,0.6019318,0.2560417,0.06051883,
1,33,97.135,0.4917225,1.057073,-0.2868063,0.756359,0.6005331,0.2526399,0.05877222,
1,33,97.137,0.4917225,1.057073,-0.2868063,0.756359,0.6005331,0.2526399,0.05877222,
1,33,97.139,0.4917225,1.057073,-0.2868063,0.756359,0.6005331,0.2526399,0.05877222,
1,33,97.141,0.4917225,1.057073,-0.2868063,0.756359,0.6005331,0.2526399,0.05877222,
1,33,97.143,0.4907873,1.057769,-0.2873337,0.7590517,0.5987788,0.2487535,0.05853227,
1,33,97.145,0.4907873,1.057769,-0.2873337,0.7590517,0.5987788,0.2487535,0.05853227,
1,33,97.147,0.4907873,1.057769,-0.2873337,0.7590517,0.5987788,0.2487535,0.05853227,
1,33,97.149,0.4907873,1.057769,-0.2873337,0.7590517,0.5987788,0.2487535,0.05853227,
1,33,97.151,0.4901324,1.058241,-0.2882183,0.7617235,0.5971525,0.2442788,0.05928022,
1,33,97.153,0.4901324,1.058241,-0.2882183,0.7617235,0.5971525,0.2442788,0.05928022,
1,33,97.155,0.4901324,1.058241,-0.2882183,0.7617235,0.5971525,0.2442788,0.05928022,
1,33,97.157,0.4901324,1.058241,-0.2882183,0.7617235,0.5971525,0.2442788,0.05928022,
1,33,97.159,0.489381,1.058788,-0.2888083,0.7642642,0.5956812,0.2398355,0.05952382,
1,33,97.161,0.489381,1.058788,-0.2888083,0.7642642,0.5956812,0.2398355,0.05952382,
1,33,97.163,0.489381,1.058788,-0.2888083,0.7642642,0.5956812,0.2398355,0.05952382,
1,33,97.165,0.489381,1.058788,-0.2888083,0.7642642,0.5956812,0.2398355,0.05952382,
1,33,97.167,0.489381,1.058788,-0.2888083,0.7642642,0.5956812,0.2398355,0.05952382,
1,33,97.169,0.4884973,1.059489,-0.2892663,0.7665685,0.5943139,0.2359719,0.05900057,
1,33,97.171,0.4884973,1.059489,-0.2892663,0.7665685,0.5943139,0.2359719,0.05900057,
1,33,97.173,0.4884973,1.059489,-0.2892663,0.7665685,0.5943139,0.2359719,0.05900057,
1,33,97.175,0.4884973,1.059489,-0.2892663,0.7665685,0.5943139,0.2359719,0.05900057,
1,33,97.177,0.4876246,1.059899,-0.2898996,0.7683521,0.5933468,0.232879,0.05781126,
1,33,97.179,0.4876246,1.059899,-0.2898996,0.7683521,0.5933468,0.232879,0.05781126,
1,33,97.181,0.4876246,1.059899,-0.2898996,0.7683521,0.5933468,0.232879,0.05781126,CourtEnter
1,33,97.183,0.4876246,1.059899,-0.2898996,0.7683521,0.5933468,0.232879,0.05781126,
1,33,97.185,0.4867054,1.060384,-0.2909113,0.7698859,0.5924792,0.2303374,0.0564695,
1,33,97.187,0.4867054,1.060384,-0.2909113,0.7698859,0.5924792,0.2303374,0.0564695,
1,33,97.189,0.4867054,1.060384,-0.2909113,0.7698859,0.5924792,0.2303374,0.0564695,CourtExit
1,33,97.191,0.4867054,1.060384,-0.2909113,0.7698859,0.5924792,0.2303374,0.0564695,
1,33,97.193,0.4855184,1.06047,-0.2914803,0.770996,0.5922464,0.227782,0.05408171,
1,33,97.195,0.4855184,1.06047,-0.2914803,0.770996,0.5922464,0.227782,0.05408171,
1,33,97.197,0.4855184,1.06047,-0.2914803,0.770996,0.5922464,0.227782,0.05408171,
1,33,97.199,0.4855184,1.06047,-0.2914803,0.770996,0.5922464,0.227782,0.05408171,
1,33,97.201,0.4841806,1.060546,-0.2923019,0.7720171,0.5920787,0.2252215,0.0520364,
1,33,97.203,0.4841806,1.060546,-0.2923019,0.7720171,0.5920787,0.2252215,0.0520364,
1,33,97.205,0.4841806,1.060546,-0.2923019,0.7720171,0.5920787,0.2252215,0.0520364,
1,33,97.207,0.4841806,1.060546,-0.2923019,0.7720171,0.5920787,0.2252215,0.0520364,
1,33,97.209,0.483024,1.060763,-0.2938585,0.7731186,0.5917622,0.222436,0.05125909,
1,33,97.211,0.483024,1.060763,-0.2938585,0.7731186,0.5917622,0.222436,0.05125909,
1,33,97.213,0.483024,1.060763,-0.2938585,0.7731186,0.5917622,0.222436,0.05125909,
1,33,97.215,0.483024,1.060763,-0.2938585,0.7731186,0.5917622,0.222436,0.05125909,
1,33,97.217,0.483024,1.060763,-0.2938585,0.7731186,0.5917622,0.222436,0.05125909,
1,33,97.219,0.4815031,1.060781,-0.2947069,0.7740447,0.5917672,0.2195291,0.04973425,
1,33,97.221,0.4815031,1.060781,-0.2947069,0.7740447,0.5917672,0.2195291,0.04973425,
1,33,97.223,0.4815031,1.060781,-0.2947069,0.7740447,0.5917672,0.2195291,0.04973425,
1,33,97.225,0.4815031,1.060781,-0.2947069,0.7740447,0.5917672,0.2195291,0.04973425,
1,33,97.227,0.4799382,1.060673,-0.2955669,0.7748391,0.5918484,0.21685,0.04812419,
1,33,97.229,0.4799382,1.060673,-0.2955669,0.7748391,0.5918484,0.21685,0.04812419,
1,33,97.231,0.4799382,1.060673,-0.2955669,0.7748391,0.5918484,0.21685,0.04812419,
1,33,97.233,0.4799382,1.060673,-0.2955669,0.7748391,0.5918484,0.21685,0.04812419,
1,33,97.235,0.4784135,1.060543,-0.2965367,0.7755638,0.5918051,0.2146559,0.04680172,
1,33,97.237,0.4784135,1.060543,-0.2965367,0.7755638,0.5918051,0.2146559,0.04680172,
1,33,97.239,0.4784135,1.060543,-0.2965367,0.7755638,0.5918051,0.2146559,0.04680172,
1,33,97.241,0.4784135,1.060543,-0.2965367,0.7755638,0.5918051,0.2146559,0.04680172,
1,33,97.243,0.4769061,1.060586,-0.2979538,0.7762375,0.5915611,0.2130752,0.0459334,
1,33,97.245,0.4769061,1.060586,-0.2979538,0.7762375,0.5915611,0.2130752,0.0459334,
1,33,97.247,0.4769061,1.060586,-0.2979538,0.7762375,0.5915611,0.2130752,0.0459334,
1,33,97.249,0.4769061,1.060586,-0.2979538,0.7762375,0.5915611,0.2130752,0.0459334,
1,33,97.251,0.4753836,1.060538,-0.2990697,0.7769406,0.5912781,0.2114629,0.04513347,
1,33,97.253,0.4753836,1.060538,-0.2990697,0.7769406,0.5912781,0.2114629,0.04513347,
1,33,97.255,0.4753836,1.060538,-0.2990697,0.7769406,0.5912781,0.2114629,0.04513347,
1,33,97.257,0.4753836,1.060538,-0.2990697,0.7769406,0.5912781,0.2114629,0.04513347,
1,33,97.259,0.4736753,1.06028,-0.2998387,0.7776222,0.5911101,0.2096481,0.04405111,
1,33,97.261,0.4736753,1.06028,-0.2998387,0.7776222,0.5911101,0.2096481,0.04405111,
1,33,97.263,0.4736753,1.06028,-0.2998387,0.7776222,0.5911101,0.2096481,0.04405111,
1,33,97.265,0.4736753,1.06028,-0.2998387,0.7776222,0.5911101,0.2096481,0.04405111,
1,33,97.267,0.4736753,1.06028,-0.2998387,0.7776222,0.5911101,0.2096481,0.04405111,
1,33,97.269,0.4723414,1.060283,-0.3012325,0.7786889,0.5904477,0.2073924,0.04476109,
1,33,97.271,0.4723414,1.060283,-0.3012325,0.7786889,0.5904477,0.2073924,0.04476109,
1,33,97.273,0.4723414,1.060283,-0.3012325,0.7786889,0.5904477,0.2073924,0.04476109,
1,33,97.275,0.4723414,1.060283,-0.3012325,0.7786889,0.5904477,0.2073924,0.04476109,
1,33,97.277,0.4709278,1.060233,-0.302242,0.7797824,0.589697,0.2053732,0.04493064,
1,33,97.279,0.4709278,1.060233,-0.302242,0.7797824,0.589697,0.2053732,0.04493064,
1,33,97.281,0.4709278,1.060233,-0.302242,0.7797824,0.589697,0.2053732,0.04493064,
1,33,97.283,0.4709278,1.060233,-0.302242,0.7797824,0.589697,0.2053732,0.04493064,
1,33,97.285,0.4696168,1.060221,-0.3032098,0.7808471,0.5888405,0.2037763,0.04494253,
1,33,97.287,0.4696168,1.060221,-0.3032098,0.7808471,0.5888405,0.2037763,0.04494253,
1,33,97.289,0.4696168,1.060221,-0.3032098,0.7808471,0.5888405,0.2037763,0.04494253,
1,33,97.291,0.4696168,1.060221,-0.3032098,0.7808471,0.5888405,0.2037763,0.04494253,
1,33,97.293,0.4683919,1.060299,-0.3041819,0.782074,0.5877369,0.2022033,0.04516122,
1,33,97.295,0.4683919,1.060299,-0.3041819,0.782074,0.5877369,0.2022033,0.04516122,
1,33,97.297,0.4683919,1.060299,-0.3041819,0.782074,0.5877369,0.2022033,0.04516122,
1,33,97.299,0.4683919,1.060299,-0.3041819,0.782074,0.5877369,0.2022033,0.04516122,
1,33,97.301,0.4672961,1.060463,-0.3051483,0.7835416,0.5863456,0.2004553,0.04559976,
1,33,97.303,0.4672961,1.060463,-0.3051483,0.7835416,0.5863456,0.2004553,0.04559976,
1,33,97.305,0.4672961,1.060463,-0.3051483,0.7835416,0.5863456,0.2004553,0.04559976,
1,33,97.307,0.4672961,1.060463,-0.3051483,0.7835416,0.5863456,0.2004553,0.04559976,
1,33,97.309,0.4661242,1.060546,-0.3059468,0.7852641,0.5848787,0.1978385,0.04622966,
1,33,97.311,0.4661242,1.060546,-0.3059468,0.7852641,0.5848787,0.1978385,0.04622966,
1,33,97.313,0.4661242,1.060546,-0.3059468,0.7852641,0.5848787,0.1978385,0.04622966,
1,33,97.315,0.4661242,1.060546,-0.3059468,0.7852641,0.5848787,0.1978385,0.04622966,
1,33,97.317,0.4661242,1.060546,-0.3059468,0.7852641,0.5848787,0.1978385,0.04622966,
1,33,97.319,0.4649428,1.060662,-0.3068625,0.7872165,0.5831896,0.1948019,0.04724789,
1,33,97.321,0.4649428,1.060662,-0.3068625,0.7872165,0.5831896,0.1948019,0.04724789,
1,33,97.323,0.4649428,1.060662,-0.3068625,0.7872165,0.5831896,0.1948019,0.04724789,
1,33,97.325,0.4649428,1.060662,-0.3068625,0.7872165,0.5831896,0.1948019,0.04724789,
1,33,97.327,0.4636626,1.060636,-0.3071373,0.7893019,0.5814449,0.1914297,0.04774004,
1,33,97.329,0.4636626,1.060636,-0.3071373,0.7893019,0.5814449,0.1914297,0.04774004,
1,33,97.331,0.4636626,1.060636,-0.3071373,0.7893019,0.5814449,0.1914297,0.04774004,
1,33,97.333,0.4636626,1.060636,-0.3071373,0.7893019,0.5814449,0.1914297,0.04774004,
1,33,97.335,0.4622478,1.060631,-0.3071775,0.7914149,0.5796354,0.1882696,0.04732704,
1,33,97.337,0.4622478,1.060631,-0.3071775,0.7914149,0.5796354,0.1882696,0.04732704,
1,33,97.339,0.4622478,1.060631,-0.3071775,0.7914149,0.5796354,0.1882696,0.04732704,
1,33,97.341,0.4622478,1.060631,-0.3071775,0.7914149,0.5796354,0.1882696,0.04732704,
1,33,97.343,0.4608213,1.060687,-0.3074815,0.7936594,0.5775027,0.1854497,0.04694307,
1,33,97.345,0.4608213,1.060687,-0.3074815,0.7936594,0.5775027,0.1854497,0.04694307,
1,33,97.347,0.4608213,1.060687,-0.3074815,0.7936594,0.5775027,0.1854497,0.04694307,
1,33,97.349,0.4608213,1.060687,-0.3074815,0.7936594,0.5775027,0.1854497,0.04694307,
1,33,97.351,0.459311,1.060837,-0.3072788,0.7960545,0.5752441,0.182417,0.04599562,
1,33,97.353,0.459311,1.060837,-0.3072788,0.7960545,0.5752441,0.182417,0.04599562,
1,33,97.355,0.459311,1.060837,-0.3072788,0.7960545,0.5752441,0.182417,0.04599562,
1,33,97.357,0.459311,1.060837,-0.3072788,0.7960545,0.5752441,0.182417,0.04599562,
1,33,97.359,0.4579271,1.061166,-0.3070922,0.798836,0.5724677,0.179132,0.04531661,
1,33,97.361,0.4579271,1.061166,-0.3070922,0.798836,0.5724677,0.179132,0.04531661,
1,33,97.363,0.4579271,1.061166,-0.3070922,0.798836,0.5724677,0.179132,0.04531661,
1,33,97.365,0.4579271,1.061166,-0.3070922,0.798836,0.5724677,0.179132,0.04531661,
1,33,97.367,0.4579271,1.061166,-0.3070922,0.798836,0.5724677,0.179132,0.04531661,
1,33,97.369,0.4564403,1.061314,-0.3067719,0.8016596,0.5696185,0.1757441,0.04461777,
1,33,97.371,0.4564403,1.061314,-0.3067719,0.8016596,0.5696185,0.1757441,0.04461777,
1,33,97.373,0.4564403,1.061314,-0.3067719,0.8016596,0.5696185,0.1757441,0.04461777,
1,33,97.375,0.4564403,1.061314,-0.3067719,0.8016596,0.5696185,0.1757441,0.04461777,
1,33,97.377,0.4548634,1.061434,-0.3061113,0.8045109,0.5666573,0.1725296,0.04353654,
1,33,97.379,0.4548634,1.061434,-0.3061113,0.8045109,0.5666573,0.1725296,0.04353654,
1,33,97.381,0.4548634,1.061434,-0.3061113,0.8045109,0.5666573,0.1725296,0.04353654,
1,33,97.383,0.4548634,1.061434,-0.3061113,0.8045109,0.5666573,0.1725296,0.04353654,
1,33,97.385,0.4534618,1.061989,-0.305599,0.8074843,0.5633336,0.1697465,0.04255193,
1,33,97.387,0.4534618,1.061989,-0.305599,0.8074843,0.5633336,0.1697465,0.04255193,
1,33,97.389,0.4534618,1.061989,-0.305599,0.8074843,0.5633336,0.1697465,0.04255193,
1,33,97.391,0.4534618,1.061989,-0.305599,0.8074843,0.5633336,0.1697465,0.04255193,
1,33,97.393,0.452106,1.062488,-0.3051165,0.8103187,0.5599932,0.1675604,0.04140937,
1,33,97.395,0.452106,1.062488,-0.3051165,0.8103187,0.5599932,0.1675604,0.04140937,
1,33,97.397,0.452106,1.062488,-0.3051165,0.8103187,0.5599932,0.1675604,0.04140937,
1,33,97.399,0.452106,1.062488,-0.3051165,0.8103187,0.5599932,0.1675604,0.04140937,
1,33,97.401,0.4508684,1.063018,-0.304857,0.8131588,0.5565745,0.1652516,0.04110435,
1,33,97.403,0.4508684,1.063018,-0.304857,0.8131588,0.5565745,0.1652516,0.04110435,
1,33,97.405,0.4508684,1.063018,-0.304857,0.8131588,0.5565745,0.1652516,0.04110435,
1,33,97.407,0.4508684,1.063018,-0.304857,0.8131588,0.5565745,0.1652516,0.04110435,
1,33,97.409,0.4496511,1.063406,-0.3042131,0.8159912,0.5532216,0.1624731,0.04131401,
1,33,97.411,0.4496511,1.063406,-0.3042131,0.8159912,0.5532216,0.1624731,0.04131401,
1,33,97.413,0.4496511,1.063406,-0.3042131,0.8159912,0.5532216,0.1624731,0.04131401,
1,33,97.415,0.4496511,1.063406,-0.3042131,0.8159912,0.5532216,0.1624731,0.04131401,
1,33,97.417,0.4496511,1.063406,-0.3042131,0.8159912,0.5532216,0.1624731,0.04131401,
1,33,97.419,0.4485832,1.063665,-0.3032668,0.8187585,0.5499194,0.1596826,0.04152757,
1,33,97.421,0.4485832,1.063665,-0.3032668,0.8187585,0.5499194,0.1596826,0.04152757,
1,33,97.423,0.4485832,1.063665,-0.3032668,0.8187585,0.5499194,0.1596826,0.04152757,
1,33,97.425,0.4485832,1.063665,-0.3032668,0.8187585,0.5499194,0.1596826,0.04152757,
1,33,97.427,0.4478617,1.064165,-0.3033724,0.8215019,0.5462439,0.1577018,0.04338795,
1,33,97.429,0.4478617,1.064165,-0.3033724,0.8215019,0.5462439,0.1577018,0.04338795,
1,33,97.431,0.4478617,1.064165,-0.3033724,0.8215019,0.5462439,0.1577018,0.04338795,
1,33,97.433,0.4478617,1.064165,-0.3033724,0.8215019,0.5462439,0.1577018,0.04338795,
1,33,97.435,0.4473162,1.064768,-0.30318,0.8241659,0.5425079,0.156254,0.04494992,
1,33,97.437,0.4473162,1.064768,-0.30318,0.8241659,0.5425079,0.156254,0.04494992,
1,33,97.439,0.4473162,1.064768,-0.30318,0.8241659,0.5425079,0.156254,0.04494992,
1,33,97.441,0.4473162,1.064768,-0.30318,0.8241659,0.5425079,0.156254,0.04494992,
1,33,97.443,0.4468315,1.06537,-0.3026735,0.8267738,0.538848,0.154667,0.04654127,
1,33,97.445,0.4468315,1.06537,-0.3026735,0.8267738,0.538848,0.154667,0.04654127,
1,33,97.447,0.4468315,1.06537,-0.3026735,0.8267738,0.538848,0.154667,0.04654127,
1,33,97.449,0.4468315,1.06537,-0.3026735,0.8267738,0.538848,0.154667,0.04654127,
1,33,97.451,0.4464747,1.065707,-0.3026461,0.8294085,0.5352613,0.1519795,0.04979151,
1,33,97.453,0.4464747,1.065707,-0.3026461,0.8294085,0.5352613,0.1519795,0.04979151,
1,33,97.455,0.4464747,1.065707,-0.3026461,0.8294085,0.5352613,0.1519795,0.04979151,
1,33,97.457,0.4464747,1.065707,-0.3026461,0.8294085,0.5352613,0.1519795,0.04979151,
1,33,97.459,0.446157,1.065733,-0.30241,0.8324095,0.5315171,0.1470307,0.05446219,
1,33,97.461,0.446157,1.065733,-0.30241,0.8324095,0.5315171,0.1470307,0.05446219,
1,33,97.463,0.446157,1.065733,-0.30241,0.8324095,0.5315171,0.1470307,0.05446219,
1,33,97.465,0.446157,1.065733,-0.30241,0.8324095,0.5315171,0.1470307,0.05446219,
1,33,97.467,0.446157,1.065733,-0.30241,0.8324095,0.5315171,0.1470307,0.05446219,
1,33,97.469,0.445966,1.065553,-0.3021735,0.8357891,0.5273499,0.1404767,0.06020823,
1,33,97.471,0.445966,1.065553,-0.3021735,0.8357891,0.5273499,0.1404767,0.06020823,
1,33,97.473,0.445966,1.065553,-0.3021735,0.8357891,0.5273499,0.1404767,0.06020823,
1,33,97.475,0.445966,1.065553,-0.3021735,0.8357891,0.5273499,0.1404767,0.06020823,
1,33,97.477,0.4460413,1.065188,-0.3022599,0.8394359,0.5225623,0.133624,0.06648847,
1,33,97.479,0.4460413,1.065188,-0.3022599,0.8394359,0.5225623,0.133624,0.06648847,
1,33,97.481,0.4460413,1.065188,-0.3022599,0.8394359,0.5225623,0.133624,0.06648847,
1,33,97.483,0.4460413,1.065188,-0.3022599,0.8394359,0.5225623,0.133624,0.06648847,
1,33,97.485,0.446008,1.065037,-0.302003,0.8431103,0.517392,0.1282535,0.07086468,
1,33,97.487,0.446008,1.065037,-0.302003,0.8431103,0.517392,0.1282535,0.07086468,
1,33,97.489,0.446008,1.065037,-0.302003,0.8431103,0.517392,0.1282535,0.07086468,
1,33,97.491,0.446008,1.065037,-0.302003,0.8431103,0.517392,0.1282535,0.07086468,
1,33,97.493,0.4457591,1.064874,-0.3019586,0.846468,0.5122154,0.1258264,0.07276633,
1,33,97.495,0.4457591,1.064874,-0.3019586,0.846468,0.5122154,0.1258264,0.07276633,
1,33,97.497,0.4457591,1.064874,-0.3019586,0.846468,0.5122154,0.1258264,0.07276633,
1,33,97.499,0.4457591,1.064874,-0.3019586,0.846468,0.5122154,0.1258264,0.07276633,
1,33,97.501,0.445528,1.064977,-0.3015403,0.8498151,0.5069067,0.1247436,0.07279447,
1,33,97.503,0.445528,1.064977,-0.3015403,0.8498151,0.5069067,0.1247436,0.07279447,
1,33,97.505,0.445528,1.064977,-0.3015403,0.8498151,0.5069067,0.1247436,0.07279447,
1,33,97.507,0.445528,1.064977,-0.3015403,0.8498151,0.5069067,0.1247436,0.07279447,
1,33,97.509,0.4450996,1.064892,-0.3006985,0.8533506,0.5015107,0.1227571,0.07218358,
1,33,97.511,0.4450996,1.064892,-0.3006985,0.8533506,0.5015107,0.1227571,0.07218358,
1,33,97.513,0.4450996,1.064892,-0.3006985,0.8533506,0.5015107,0.1227571,0.07218358,
1,33,97.515,0.4450996,1.064892,-0.3006985,0.8533506,0.5015107,0.1227571,0.07218358,
1,33,97.517,0.4450996,1.064892,-0.3006985,0.8533506,0.5015107,0.1227571,0.07218358,
1,33,97.519,0.4446513,1.064629,-0.300254,0.857165,0.4957887,0.1191736,0.07252285,
1,33,97.521,0.4446513,1.064629,-0.300254,0.857165,0.4957887,0.1191736,0.07252285,
1,33,97.523,0.4446513,1.064629,-0.300254,0.857165,0.4957887,0.1191736,0.07252285,
1,33,97.525,0.4446513,1.064629,-0.300254,0.857165,0.4957887,0.1191736,0.07252285,
1,33,97.527,0.443826,1.06379,-0.299347,0.8611169,0.4901624,0.1130589,0.07373115,
1,33,97.529,0.443826,1.06379,-0.299347,0.8611169,0.4901624,0.1130589,0.07373115,
1,33,97.531,0.443826,1.06379,-0.299347,0.8611169,0.4901624,0.1130589,0.07373115,
1,33,97.533,0.443826,1.06379,-0.299347,0.8611169,0.4901624,0.1130589,0.07373115,
1,33,97.535,0.4430455,1.062915,-0.298351,0.8651632,0.4842438,0.1068753,0.07468843,
1,33,97.537,0.4430455,1.062915,-0.298351,0.8651632,0.4842438,0.1068753,0.07468843,
1,33,97.539,0.4430455,1.062915,-0.298351,0.8651632,0.4842438,0.1068753,0.07468843,
1,33,97.541,0.4430455,1.062915,-0.298351,0.8651632,0.4842438,0.1068753,0.07468843,
1,33,97.543,0.4425463,1.061828,-0.2979211,0.8692619,0.4777523,0.1018507,0.07591471,
1,33,97.545,0.4425463,1.061828,-0.2979211,0.8692619,0.4777523,0.1018507,0.07591471,
1,33,97.547,0.4425463,1.061828,-0.2979211,0.8692619,0.4777523,0.1018507,0.07591471,
1,33,97.549,0.4425463,1.061828,-0.2979211,0.8692619,0.4777523,0.1018507,0.07591471,
1,33,97.551,0.4415992,1.060322,-0.2970746,0.8728629,0.4718761,0.09860563,0.0756337,
1,33,97.553,0.4415992,1.060322,-0.2970746,0.8728629,0.4718761,0.09860563,0.0756337,
1,33,97.555,0.4415992,1.060322,-0.2970746,0.8728629,0.4718761,0.09860563,0.0756337,
1,33,97.557,0.4415992,1.060322,-0.2970746,0.8728629,0.4718761,0.09860563,0.0756337,
1,33,97.559,0.4410646,1.058747,-0.2965599,0.8765043,0.4654821,0.09711173,0.07507309,
1,33,97.561,0.4410646,1.058747,-0.2965599,0.8765043,0.4654821,0.09711173,0.07507309,
1,33,97.563,0.4410646,1.058747,-0.2965599,0.8765043,0.4654821,0.09711173,0.07507309,
1,33,97.565,0.4410646,1.058747,-0.2965599,0.8765043,0.4654821,0.09711173,0.07507309,
1,33,97.567,0.4410646,1.058747,-0.2965599,0.8765043,0.4654821,0.09711173,0.07507309,
1,33,97.569,0.4404899,1.056581,-0.2957039,0.8799375,0.4592724,0.0962278,0.07429078,
1,33,97.571,0.4404899,1.056581,-0.2957039,0.8799375,0.4592724,0.0962278,0.07429078,
1,33,97.573,0.4404899,1.056581,-0.2957039,0.8799375,0.4592724,0.0962278,0.07429078,
1,33,97.575,0.4404899,1.056581,-0.2957039,0.8799375,0.4592724,0.0962278,0.07429078,
1,33,97.577,0.440291,1.054406,-0.2951408,0.8833671,0.4527617,0.09589374,0.07398564,
1,33,97.579,0.440291,1.054406,-0.2951408,0.8833671,0.4527617,0.09589374,0.07398564,
1,33,97.581,0.440291,1.054406,-0.2951408,0.8833671,0.4527617,0.09589374,0.07398564,
1,33,97.583,0.440291,1.054406,-0.2951408,0.8833671,0.4527617,0.09589374,0.07398564,
1,33,97.585,0.4406618,1.052255,-0.2950107,0.8868673,0.4458283,0.09578758,0.07435304,
1,33,97.587,0.4406618,1.052255,-0.2950107,0.8868673,0.4458283,0.09578758,0.07435304,
1,33,97.589,0.4406618,1.052255,-0.2950107,0.8868673,0.4458283,0.09578758,0.07435304,
1,33,97.591,0.4406618,1.052255,-0.2950107,0.8868673,0.4458283,0.09578758,0.07435304,
1,33,97.593,0.4411944,1.049978,-0.2944759,0.8902807,0.4390103,0.09516556,0.07492554,
1,33,97.595,0.4411944,1.049978,-0.2944759,0.8902807,0.4390103,0.09516556,0.07492554,
1,33,97.597,0.4411944,1.049978,-0.2944759,0.8902807,0.4390103,0.09516556,0.07492554,
1,33,97.599,0.4411944,1.049978,-0.2944759,0.8902807,0.4390103,0.09516556,0.07492554,
1,33,97.601,0.4415583,1.047514,-0.2942875,0.8935518,0.4324297,0.09359343,0.07622346,
1,33,97.603,0.4415583,1.047514,-0.2942875,0.8935518,0.4324297,0.09359343,0.07622346,
1,33,97.605,0.4415583,1.047514,-0.2942875,0.8935518,0.4324297,0.09359343,0.07622346,
1,33,97.607,0.4415583,1.047514,-0.2942875,0.8935518,0.4324297,0.09359343,0.07622346,
1,33,97.609,0.4424096,1.045216,-0.293914,0.8968921,0.4256535,0.09145297,0.07771744,
1,33,97.611,0.4424096,1.045216,-0.293914,0.8968921,0.4256535,0.09145297,0.07771744,
1,33,97.613,0.4424096,1.045216,-0.293914,0.8968921,0.4256535,0.09145297,0.07771744,
1,33,97.615,0.4424096,1.045216,-0.293914,0.8968921,0.4256535,0.09145297,0.07771744,
1,33,97.617,0.4424096,1.045216,-0.293914,0.8968921,0.4256535,0.09145297,0.07771744,
1,33,97.619,0.4433723,1.042535,-0.2931331,0.8999835,0.4192417,0.08898564,0.07967241,
1,33,97.621,0.4433723,1.042535,-0.2931331,0.8999835,0.4192417,0.08898564,0.07967241,
1,33,97.623,0.4433723,1.042535,-0.2931331,0.8999835,0.4192417,0.08898564,0.07967241,
1,33,97.625,0.4433723,1.042535,-0.2931331,0.8999835,0.4192417,0.08898564,0.07967241,
1,33,97.627,0.4444593,1.039329,-0.2931231,0.90255,0.4134669,0.08743496,0.08248474,
1,33,97.629,0.4444593,1.039329,-0.2931231,0.90255,0.4134669,0.08743496,0.08248474,
1,33,97.631,0.4444593,1.039329,-0.2931231,0.90255,0.4134669,0.08743496,0.08248474,
1,33,97.633,0.4444593,1.039329,-0.2931231,0.90255,0.4134669,0.08743496,0.08248474,
1,33,97.635,0.4460099,1.036665,-0.2930803,0.9049218,0.4078234,0.08757452,0.08442357,
1,33,97.637,0.4460099,1.036665,-0.2930803,0.9049218,0.4078234,0.08757452,0.08442357,
1,33,97.639,0.4460099,1.036665,-0.2930803,0.9049218,0.4078234,0.08757452,0.08442357,
1,33,97.641,0.4460099,1.036665,-0.2930803,0.9049218,0.4078234,0.08757452,0.08442357,
1,33,97.643,0.4473711,1.034424,-0.2925315,0.9070635,0.4027728,0.08832089,0.0849075,
1,33,97.645,0.4473711,1.034424,-0.2925315,0.9070635,0.4027728,0.08832089,0.0849075,
1,33,97.647,0.4473711,1.034424,-0.2925315,0.9070635,0.4027728,0.08832089,0.0849075,
1,33,97.649,0.4473711,1.034424,-0.2925315,0.9070635,0.4027728,0.08832089,0.0849075,
1,33,97.651,0.4484627,1.032716,-0.2919158,0.908985,0.3984863,0.08759028,0.08534074,
1,33,97.653,0.4484627,1.032716,-0.2919158,0.908985,0.3984863,0.08759028,0.08534074,
1,33,97.655,0.4484627,1.032716,-0.2919158,0.908985,0.3984863,0.08759028,0.08534074,
1,33,97.657,0.4484627,1.032716,-0.2919158,0.908985,0.3984863,0.08759028,0.08534074,
1,33,97.659,0.4489228,1.031098,-0.2910774,0.9106073,0.3952703,0.08481697,0.08580223,
1,33,97.661,0.4489228,1.031098,-0.2910774,0.9106073,0.3952703,0.08481697,0.08580223,
1,33,97.663,0.4489228,1.031098,-0.2910774,0.9106073,0.3952703,0.08481697,0.08580223,
1,33,97.665,0.4489228,1.031098,-0.2910774,0.9106073,0.3952703,0.08481697,0.08580223,
1,33,97.667,0.4489228,1.031098,-0.2910774,0.9106073,0.3952703,0.08481697,0.08580223,
1,33,97.669,0.4492998,1.030537,-0.2904708,0.9120088,0.3926708,0.08195587,0.08563252,
1,33,97.671,0.4492998,1.030537,-0.2904708,0.9120088,0.3926708,0.08195587,0.08563252,
1,33,97.673,0.4492998,1.030537,-0.2904708,0.9120088,0.3926708,0.08195587,0.08563252,
1,33,97.675,0.4492998,1.030537,-0.2904708,0.9120088,0.3926708,0.08195587,0.08563252,
1,33,97.677,0.4496823,1.031252,-0.2899469,0.9131964,0.3905627,0.08056559,0.08391908,
1,33,97.679,0.4496823,1.031252,-0.2899469,0.9131964,0.3905627,0.08056559,0.08391908,
1,33,97.681,0.4496823,1.031252,-0.2899469,0.9131964,0.3905627,0.08056559,0.08391908,
1,33,97.683,0.4496823,1.031252,-0.2899469,0.9131964,0.3905627,0.08056559,0.08391908,
1,33,97.685,0.4492854,1.032572,-0.289104,0.9140562,0.3896304,0.07788399,0.08138475,
1,33,97.687,0.4492854,1.032572,-0.289104,0.9140562,0.3896304,0.07788399,0.08138475,
1,33,97.689,0.4492854,1.032572,-0.289104,0.9140562,0.3896304,0.07788399,0.08138475,
1,33,97.691,0.4492854,1.032572,-0.289104,0.9140562,0.3896304,0.07788399,0.08138475,
1,33,97.693,0.4484766,1.035464,-0.2883004,0.9149201,0.3890267,0.07350337,0.0785926,
1,33,97.695,0.4484766,1.035464,-0.2883004,0.9149201,0.3890267,0.07350337,0.0785926,
1,33,97.697,0.4484766,1.035464,-0.2883004,0.9149201,0.3890267,0.07350337,0.0785926,
1,33,97.699,0.4484766,1.035464,-0.2883004,0.9149201,0.3890267,0.07350337,0.0785926,
1,33,97.701,0.4476345,1.039393,-0.2872766,0.9157229,0.3887842,0.06694632,0.07626766,
1,33,97.703,0.4476345,1.039393,-0.2872766,0.9157229,0.3887842,0.06694632,0.07626766,
1,33,97.705,0.4476345,1.039393,-0.2872766,0.9157229,0.3887842,0.06694632,0.07626766,
1,33,97.707,0.4476345,1.039393,-0.2872766,0.9157229,0.3887842,0.06694632,0.07626766,
1,33,97.709,0.4465759,1.043682,-0.2861306,0.9163319,0.3889775,0.057933,0.07534131,
1,33,97.711,0.4465759,1.043682,-0.2861306,0.9163319,0.3889775,0.057933,0.07534131,
1,33,97.713,0.4465759,1.043682,-0.2861306,0.9163319,0.3889775,0.057933,0.07534131,
1,33,97.715,0.4465759,1.043682,-0.2861306,0.9163319,0.3889775,0.057933,0.07534131,
1,33,97.717,0.4465759,1.043682,-0.2861306,0.9163319,0.3889775,0.057933,0.07534131,
1,33,97.719,0.4454862,1.047746,-0.2844148,0.9164383,0.3899781,0.04856487,0.07549381,
1,33,97.721,0.4454862,1.047746,-0.2844148,0.9164383,0.3899781,0.04856487,0.07549381,
1,33,97.723,0.4454862,1.047746,-0.2844148,0.9164383,0.3899781,0.04856487,0.07549381,
1,33,97.725,0.4454862,1.047746,-0.2844148,0.9164383,0.3899781,0.04856487,0.07549381,
1,33,97.727,0.4448656,1.051424,-0.2830335,0.916204,0.391236,0.04095688,0.076336,
1,33,97.729,0.4448656,1.051424,-0.2830335,0.916204,0.391236,0.04095688,0.076336,
1,33,97.731,0.4448656,1.051424,-0.2830335,0.916204,0.391236,0.04095688,0.076336,
1,33,97.733,0.4448656,1.051424,-0.2830335,0.916204,0.391236,0.04095688,0.076336,
1,33,97.735,0.4449306,1.055037,-0.281548,0.9157057,0.3926607,0.03523941,0.07783788,
1,33,97.737,0.4449306,1.055037,-0.281548,0.9157057,0.3926607,0.03523941,0.07783788,
1,33,97.739,0.4449306,1.055037,-0.281548,0.9157057,0.3926607,0.03523941,0.07783788,
1,33,97.741,0.4449306,1.055037,-0.281548,0.9157057,0.3926607,0.03523941,0.07783788,
1,33,97.743,0.4454516,1.058054,-0.2817466,0.9146835,0.3945776,0.03193117,0.08150548,
1,33,97.745,0.4454516,1.058054,-0.2817466,0.9146835,0.3945776,0.03193117,0.08150548,
1,33,97.747,0.4454516,1.058054,-0.2817466,0.9146835,0.3945776,0.03193117,0.08150548,
1,33,97.749,0.4454516,1.058054,-0.2817466,0.9146835,0.3945776,0.03193117,0.08150548,
1,33,97.751,0.446472,1.061098,-0.2816157,0.9137394,0.3961303,0.02803603,0.08587703,
1,33,97.753,0.446472,1.061098,-0.2816157,0.9137394,0.3961303,0.02803603,0.08587703,
1,33,97.755,0.446472,1.061098,-0.2816157,0.9137394,0.3961303,0.02803603,0.08587703,
1,33,97.757,0.446472,1.061098,-0.2816157,0.9137394,0.3961303,0.02803603,0.08587703,
1,33,97.759,0.4475361,1.063943,-0.2810435,0.9126642,0.3978117,0.02387723,0.09066388,
1,33,97.761,0.4475361,1.063943,-0.2810435,0.9126642,0.3978117,0.02387723,0.09066388,
1,33,97.763,0.4475361,1.063943,-0.2810435,0.9126642,0.3978117,0.02387723,0.09066388,
1,33,97.765,0.4475361,1.063943,-0.2810435,0.9126642,0.3978117,0.02387723,0.09066388,
1,33,97.767,0.4475361,1.063943,-0.2810435,0.9126642,0.3978117,0.02387723,0.09066388,
1,33,97.769,0.4486133,1.06642,-0.280565,0.9113985,0.3995101,0.01894353,0.09687898,
1,33,97.771,0.4486133,1.06642,-0.280565,0.9113985,0.3995101,0.01894353,0.09687898,
1,33,97.773,0.4486133,1.06642,-0.280565,0.9113985,0.3995101,0.01894353,0.09687898,
1,33,97.775,0.4486133,1.06642,-0.280565,0.9113985,0.3995101,0.01894353,0.09687898,
1,33,97.777,0.4497865,1.068356,-0.2805326,0.9099063,0.4011949,0.01311194,0.1046004,
1,33,97.779,0.4497865,1.068356,-0.2805326,0.9099063,0.4011949,0.01311194,0.1046004,
1,33,97.781,0.4497865,1.068356,-0.2805326,0.9099063,0.4011949,0.01311194,0.1046004,
1,33,97.783,0.4497865,1.068356,-0.2805326,0.9099063,0.4011949,0.01311194,0.1046004,
1,33,97.785,0.4509274,1.070561,-0.2808291,0.9083955,0.4028413,0.009451739,0.1115672,
1,33,97.787,0.4509274,1.070561,-0.2808291,0.9083955,0.4028413,0.009451739,0.1115672,
1,33,97.789,0.4509274,1.070561,-0.2808291,0.9083955,0.4028413,0.009451739,0.1115672,
1,33,97.791,0.4509274,1.070561,-0.2808291,0.9083955,0.4028413,0.009451739,0.1115672,
1,33,97.793,0.4520577,1.07396,-0.281632,0.9071205,0.4042692,0.009391434,0.1166651,
1,33,97.795,0.4520577,1.07396,-0.281632,0.9071205,0.4042692,0.009391434,0.1166651,
1,33,97.797,0.4520577,1.07396,-0.281632,0.9071205,0.4042692,0.009391434,0.1166651,
1,33,97.799,0.4520577,1.07396,-0.281632,0.9071205,0.4042692,0.009391434,0.1166651,
1,33,97.801,0.4524457,1.07869,-0.2831193,0.9059905,0.4057446,0.0112877,0.1201047,
1,33,97.803,0.4524457,1.07869,-0.2831193,0.9059905,0.4057446,0.0112877,0.1201047,
1,33,97.805,0.4524457,1.07869,-0.2831193,0.9059905,0.4057446,0.0112877,0.1201047,
1,33,97.807,0.4524457,1.07869,-0.2831193,0.9059905,0.4057446,0.0112877,0.1201047,
1,33,97.809,0.4520634,1.084544,-0.284139,0.9050894,0.4069974,0.01055883,0.1226984,
1,33,97.811,0.4520634,1.084544,-0.284139,0.9050894,0.4069974,0.01055883,0.1226984,
1,33,97.813,0.4520634,1.084544,-0.284139,0.9050894,0.4069974,0.01055883,0.1226984,
1,33,97.815,0.4520634,1.084544,-0.284139,0.9050894,0.4069974,0.01055883,0.1226984,
1,33,97.817,0.4520634,1.084544,-0.284139,0.9050894,0.4069974,0.01055883,0.1226984,
1,33,97.819,0.4508664,1.09111,-0.2856342,0.9040734,0.4081141,0.006060012,0.1267185,
1,33,97.821,0.4508664,1.09111,-0.2856342,0.9040734,0.4081141,0.006060012,0.1267185,
1,33,97.823,0.4508664,1.09111,-0.2856342,0.9040734,0.4081141,0.006060012,0.1267185,
1,33,97.825,0.4508664,1.09111,-0.2856342,0.9040734,0.4081141,0.006060012,0.1267185,
1,33,97.827,0.4490944,1.09801,-0.2868671,0.9028819,0.4092759,-0.001028799,0.131516,
1,33,97.829,0.4490944,1.09801,-0.2868671,0.9028819,0.4092759,-0.001028799,0.131516,
1,33,97.831,0.4490944,1.09801,-0.2868671,0.9028819,0.4092759,-0.001028799,0.131516,
1,33,97.833,0.4490944,1.09801,-0.2868671,0.9028819,0.4092759,-0.001028799,0.131516,
1,33,97.835,0.4473426,1.104782,-0.2875383,0.9016192,0.4103302,-0.009013906,0.1364944,
1,33,97.837,0.4473426,1.104782,-0.2875383,0.9016192,0.4103302,-0.009013906,0.1364944,
1,33,97.839,0.4473426,1.104782,-0.2875383,0.9016192,0.4103302,-0.009013906,0.1364944,
1,33,97.841,0.4473426,1.104782,-0.2875383,0.9016192,0.4103302,-0.009013906,0.1364944,
1,33,97.843,0.4459569,1.111003,-0.2888236,0.8999571,0.4117507,-0.01483148,0.142544,
1,33,97.845,0.4459569,1.111003,-0.2888236,0.8999571,0.4117507,-0.01483148,0.142544,
1,33,97.847,0.4459569,1.111003,-0.2888236,0.8999571,0.4117507,-0.01483148,0.142544,
1,33,97.849,0.4459569,1.111003,-0.2888236,0.8999571,0.4117507,-0.01483148,0.142544,
1,33,97.851,0.4451634,1.117296,-0.2895105,0.8984665,0.4128643,-0.01949125,0.1480584,
1,33,97.853,0.4451634,1.117296,-0.2895105,0.8984665,0.4128643,-0.01949125,0.1480584,
1,33,97.855,0.4451634,1.117296,-0.2895105,0.8984665,0.4128643,-0.01949125,0.1480584,
1,33,97.857,0.4451634,1.117296,-0.2895105,0.8984665,0.4128643,-0.01949125,0.1480584,
1,33,97.859,0.4452918,1.121851,-0.2908406,0.8964452,0.4143806,-0.0222026,0.1555054,
1,33,97.861,0.4452918,1.121851,-0.2908406,0.8964452,0.4143806,-0.0222026,0.1555054,RacketHit
1,33,97.863,0.4452918,1.121851,-0.2908406,0.8964452,0.4143806,-0.0222026,0.1555054,
1,33,97.865,0.4452918,1.121851,-0.2908406,0.8964452,0.4143806,-0.0222026,0.1555054,
1,33,97.867,0.4452918,1.121851,-0.2908406,0.8964452,0.4143806,-0.0222026,0.1555054,
1,33,97.869,0.4463193,1.129623,-0.2928597,0.8923491,0.4171923,-0.02609839,0.170242,
1,33,97.871,0.4463193,1.129623,-0.2928597,0.8923491,0.4171923,-0.02609839,0.170242,
1,33,97.873,0.4463193,1.129623,-0.2928597,0.8923491,0.4171923,-0.02609839,0.170242,
1,33,97.875,0.4463193,1.129623,-0.2928597,0.8923491,0.4171923,-0.02609839,0.170242,
1,33,97.877,0.4474755,1.132824,-0.293597,0.8904941,0.4180944,-0.02740808,0.1773867,
1,33,97.879,0.4474755,1.132824,-0.293597,0.8904941,0.4180944,-0.02740808,0.1773867,
1,33,97.881,0.4474755,1.132824,-0.293597,0.8904941,0.4180944,-0.02740808,0.1773867,
1,33,97.883,0.4474755,1.132824,-0.293597,0.8904941,0.4180944,-0.02740808,0.1773867,
1,33,97.885,0.448756,1.135812,-0.2941619,0.888891,0.4186938,-0.02789722,0.1838206,
1,33,97.887,0.448756,1.135812,-0.2941619,0.888891,0.4186938,-0.02789722,0.1838206,
1,33,97.889,0.448756,1.135812,-0.2941619,0.888891,0.4186938,-0.02789722,0.1838206,
1,33,97.891,0.448756,1.135812,-0.2941619,0.888891,0.4186938,-0.02789722,0.1838206,
1,33,97.893,0.4499097,1.13845,-0.2946405,0.8875078,0.4191535,-0.02815653,0.1893342,
1,33,97.895,0.4499097,1.13845,-0.2946405,0.8875078,0.4191535,-0.02815653,0.1893342,
1,33,97.897,0.4499097,1.13845,-0.2946405,0.8875078,0.4191535,-0.02815653,0.1893342,
1,33,97.899,0.4499097,1.13845,-0.2946405,0.8875078,0.4191535,-0.02815653,0.1893342,
1,33,97.901,0.4512153,1.140911,-0.2951275,0.8865004,0.4191027,-0.02877885,0.1940151,
1,33,97.903,0.4512153,1.140911,-0.2951275,0.8865004,0.4191027,-0.02877885,0.1940151,
1,33,97.905,0.4512153,1.140911,-0.2951275,0.8865004,0.4191027,-0.02877885,0.1940151,
1,33,97.907,0.4512153,1.140911,-0.2951275,0.8865004,0.4191027,-0.02877885,0.1940151,
1,33,97.909,0.4521617,1.143342,-0.2951419,0.8857849,0.4186627,-0.03086756,0.1978738,
1,33,97.911,0.4521617,1.143342,-0.2951419,0.8857849,0.4186627,-0.03086756,0.1978738,
1,33,97.913,0.4521617,1.143342,-0.2951419,0.8857849,0.4186627,-0.03086756,0.1978738,
1,33,97.915,0.4521617,1.143342,-0.2951419,0.8857849,0.4186627,-0.03086756,0.1978738,
1,33,97.917,0.4521617,1.143342,-0.2951419,0.8857849,0.4186627,-0.03086756,0.1978738,
1,33,97.919,0.4527094,1.145544,-0.294824,0.8852443,0.4181103,-0.03387218,0.2009454,
1,33,97.921,0.4527094,1.145544,-0.294824,0.8852443,0.4181103,-0.03387218,0.2009454,
1,33,97.923,0.4527094,1.145544,-0.294824,0.8852443,0.4181103,-0.03387218,0.2009454,
1,33,97.925,0.4527094,1.145544,-0.294824,0.8852443,0.4181103,-0.03387218,0.2009454,
1,33,97.927,0.4530234,1.14714,-0.2947733,0.884766,0.4177239,-0.03657416,0.203367,
1,33,97.929,0.4530234,1.14714,-0.2947733,0.884766,0.4177239,-0.03657416,0.203367,
1,33,97.931,0.4530234,1.14714,-0.2947733,0.884766,0.4177239,-0.03657416,0.203367,
1,33,97.933,0.4530234,1.14714,-0.2947733,0.884766,0.4177239,-0.03657416,0.203367,
1,33,97.935,0.4531302,1.14854,-0.2948034,0.8844628,0.4177441,-0.03746539,0.2044795,
1,33,97.937,0.4531302,1.14854,-0.2948034,0.8844628,0.4177441,-0.03746539,0.2044795,
1,33,97.939,0.4531302,1.14854,-0.2948034,0.8844628,0.4177441,-0.03746539,0.2044795,
1,33,97.941,0.4531302,1.14854,-0.2948034,0.8844628,0.4177441,-0.03746539,0.2044795,
1,33,97.943,0.4531723,1.149656,-0.2947906,0.884352,0.4181038,-0.03694967,0.2043174,
1,33,97.945,0.4531723,1.149656,-0.2947906,0.884352,0.4181038,-0.03694967,0.2043174,
1,33,97.947,0.4531723,1.149656,-0.2947906,0.884352,0.4181038,-0.03694967,0.2043174,
1,33,97.949,0.4531723,1.149656,-0.2947906,0.884352,0.4181038,-0.03694967,0.2043174,
1,33,97.951,0.4530978,1.150237,-0.2951074,0.8842911,0.41862,-0.03548697,0.2037829,
1,33,97.953,0.4530978,1.150237,-0.2951074,0.8842911,0.41862,-0.03548697,0.2037829,
1,33,97.955,0.4530978,1.150237,-0.2951074,0.8842911,0.41862,-0.03548697,0.2037829,
1,33,97.957,0.4530978,1.150237,-0.2951074,0.8842911,0.41862,-0.03548697,0.2037829,
1,33,97.959,0.45285,1.150369,-0.2955183,0.8841953,0.4192145,-0.0339696,0.2032338,
1,33,97.961,0.45285,1.150369,-0.2955183,0.8841953,0.4192145,-0.0339696,0.2032338,
1,33,97.963,0.45285,1.150369,-0.2955183,0.8841953,0.4192145,-0.0339696,0.2032338,
1,33,97.965,0.45285,1.150369,-0.2955183,0.8841953,0.4192145,-0.0339696,0.2032338,
1,33,97.967,0.45285,1.150369,-0.2955183,0.8841953,0.4192145,-0.0339696,0.2032338,
1,33,97.969,0.4525202,1.150034,-0.2961195,0.8840389,0.4198352,-0.03274419,0.2028335,
1,33,97.971,0.4525202,1.150034,-0.2961195,0.8840389,0.4198352,-0.03274419,0.2028335,
1,33,97.973,0.4525202,1.150034,-0.2961195,0.8840389,0.4198352,-0.03274419,0.2028335,
1,33,97.975,0.4525202,1.150034,-0.2961195,0.8840389,0.4198352,-0.03274419,0.2028335,
1,33,97.977,0.4521398,1.149445,-0.2964929,0.8839101,0.4204772,-0.03178779,0.2022162,
1,33,97.979,0.4521398,1.149445,-0.2964929,0.8839101,0.4204772,-0.03178779,0.2022162,
1,33,97.981,0.4521398,1.149445,-0.2964929,0.8839101,0.4204772,-0.03178779,0.2022162,
1,33,97.983,0.4521398,1.149445,-0.2964929,0.8839101,0.4204772,-0.03178779,0.2022162,
1,33,97.985,0.4517686,1.148682,-0.2969557,0.8839039,0.4209755,-0.03038299,0.201421,
1,33,97.987,0.4517686,1.148682,-0.2969557,0.8839039,0.4209755,-0.03038299,0.201421,
1,33,97.989,0.4517686,1.148682,-0.2969557,0.8839039,0.4209755,-0.03038299,0.201421,
1,33,97.991,0.4517686,1.148682,-0.2969557,0.8839039,0.4209755,-0.03038299,0.201421,
1,33,97.993,0.451409,1.147821,-0.2974566,0.8839867,0.4214068,-0.0283826,0.2004455,
1,33,97.995,0.451409,1.147821,-0.2974566,0.8839867,0.4214068,-0.0283826,0.2004455,
1,33,97.997,0.451409,1.147821,-0.2974566,0.8839867,0.4214068,-0.0283826,0.2004455,
1,33,97.999,0.451409,1.147821,-0.2974566,0.8839867,0.4214068,-0.0283826,0.2004455,
1,33,98.001,0.4512271,1.147016,-0.2979285,0.8841977,0.421842,-0.02562484,0.1989652,
1,33,98.003,0.4512271,1.147016,-0.2979285,0.8841977,0.421842,-0.02562484,0.1989652,
1,33,98.005,0.4512271,1.147016,-0.2979285,0.8841977,0.421842,-0.02562484,0.1989652,
1,33,98.007,0.4512271,1.147016,-0.2979285,0.8841977,0.421842,-0.02562484,0.1989652,
1,33,98.009,0.4509442,1.145895,-0.2987271,0.8843506,0.4222537,-0.02267968,0.1977664,
1,33,98.011,0.4509442,1.145895,-0.2987271,0.8843506,0.4222537,-0.02267968,0.1977664,
1,33,98.013,0.4509442,1.145895,-0.2987271,0.8843506,0.4222537,-0.02267968,0.1977664,
1,33,98.015,0.4509442,1.145895,-0.2987271,0.8843506,0.4222537,-0.02267968,0.1977664,
1,33,98.017,0.4509442,1.145895,-0.2987271,0.8843506,0.4222537,-0.02267968,0.1977664,
1,33,98.019,0.4505604,1.144831,-0.2995569,0.8845257,0.4225345,-0.01998369,0.1966714,
1,33,98.021,0.4505604,1.144831,-0.2995569,0.8845257,0.4225345,-0.01998369,0.1966714,
1,33,98.023,0.4505604,1.144831,-0.2995569,0.8845257,0.4225345,-0.01998369,0.1966714,
1,33,98.025,0.4505604,1.144831,-0.2995569,0.8845257,0.4225345,-0.01998369,0.1966714,
1,33,98.027,0.450341,1.143978,-0.3003182,0.8848083,0.4225197,-0.01762058,0.1956554,
1,33,98.029,0.450341,1.143978,-0.3003182,0.8848083,0.4225197,-0.01762058,0.1956554,
1,33,98.031,0.450341,1.143978,-0.3003182,0.8848083,0.4225197,-0.01762058,0.1956554,
1,33,98.033,0.450341,1.143978,-0.3003182,0.8848083,0.4225197,-0.01762058,0.1956554,
1,33,98.035,0.4501717,1.143183,-0.3012182,0.8851322,0.4224134,-0.01515481,0.1946233,
1,33,98.037,0.4501717,1.143183,-0.3012182,0.8851322,0.4224134,-0.01515481,0.1946233,
1,33,98.039,0.4501717,1.143183,-0.3012182,0.8851322,0.4224134,-0.01515481,0.1946233,
1,33,98.041,0.4501717,1.143183,-0.3012182,0.8851322,0.4224134,-0.01515481,0.1946233,
1,33,98.043,0.4499379,1.142371,-0.3021144,0.8853921,0.4222889,-0.01325832,0.1938483,
1,33,98.045,0.4499379,1.142371,-0.3021144,0.8853921,0.4222889,-0.01325832,0.1938483,
1,33,98.047,0.4499379,1.142371,-0.3021144,0.8853921,0.4222889,-0.01325832,0.1938483,
1,33,98.049,0.4499379,1.142371,-0.3021144,0.8853921,0.4222889,-0.01325832,0.1938483,
1,33,98.051,0.4495721,1.141699,-0.3028613,0.8856499,0.4223145,-0.01116629,0.1927438,
1,33,98.053,0.4495721,1.141699,-0.3028613,0.8856499,0.4223145,-0.01116629,0.1927438,
1,33,98.055,0.4495721,1.141699,-0.3028613,0.8856499,0.4223145,-0.01116629,0.1927438,
1,33,98.057,0.4495721,1.141699,-0.3028613,0.8856499,0.4223145,-0.01116629,0.1927438,
1,33,98.059,0.4491955,1.141241,-0.3033589,0.8859332,0.4223833,-0.009030417,0.1913982,
1,33,98.061,0.4491955,1.141241,-0.3033589,0.8859332,0.4223833,-0.009030417,0.1913982,
1,33,98.063,0.4491955,1.141241,-0.3033589,0.8859332,0.4223833,-0.009030417,0.1913982,
1,33,98.065,0.4491955,1.141241,-0.3033589,0.8859332,0.4223833,-0.009030417,0.1913982,
1,33,98.067,0.4491955,1.141241,-0.3033589,0.8859332,0.4223833,-0.009030417,0.1913982,
1,33,98.069,0.4484778,1.140676,-0.3037754,0.8860019,0.4228244,-0.006814979,0.190194,
1,33,98.071,0.4484778,1.140676,-0.3037754,0.8860019,0.4228244,-0.006814979,0.190194,
1,33,98.073,0.4484778,1.140676,-0.3037754,0.8860019,0.4228244,-0.006814979,0.190194,
1,33,98.075,0.4484778,1.140676,-0.3037754,0.8860019,0.4228244,-0.006814979,0.190194,
1,33,98.077,0.4477522,1.140076,-0.3040223,0.8859594,0.4233849,-0.00465247,0.1892078,
1,33,98.079,0.4477522,1.140076,-0.3040223,0.8859594,0.4233849,-0.00465247,0.1892078,
1,33,98.081,0.4477522,1.140076,-0.3040223,0.8859594,0.4233849,-0.00465247,0.1892078,
1,33,98.083,0.4477522,1.140076,-0.3040223,0.8859594,0.4233849,-0.00465247,0.1892078,
1,33,98.085,0.4470282,1.139454,-0.3042507,0.8857925,0.4241059,-0.00234101,0.1884157,
1,33,98.087,0.4470282,1.139454,-0.3042507,0.8857925,0.4241059,-0.00234101,0.1884157,
1,33,98.089,0.4470282,1.139454,-0.3042507,0.8857925,0.4241059,-0.00234101,0.1884157,
1,33,98.091,0.4470282,1.139454,-0.3042507,0.8857925,0.4241059,-0.00234101,0.1884157,
1,33,98.093,0.4463853,1.138811,-0.3043727,0.8854402,0.4252,0.001195386,0.1876146,
1,33,98.095,0.4463853,1.138811,-0.3043727,0.8854402,0.4252,0.001195386,0.1876146,
1,33,98.097,0.4463853,1.138811,-0.3043727,0.8854402,0.4252,0.001195386,0.1876146,
1,33,98.099,0.4463853,1.138811,-0.3043727,0.8854402,0.4252,0.001195386,0.1876146,
1,33,98.101,0.4456817,1.13808,-0.3046563,0.884878,0.4265663,0.005599059,0.1870851,
1,33,98.103,0.4456817,1.13808,-0.3046563,0.884878,0.4265663,0.005599059,0.1870851,
1,33,98.105,0.4456817,1.13808,-0.3046563,0.884878,0.4265663,0.005599059,0.1870851,
1,33,98.107,0.4456817,1.13808,-0.3046563,0.884878,0.4265663,0.005599059,0.1870851,
1,33,98.109,0.4447804,1.137413,-0.3046935,0.8841689,0.4281446,0.01021422,0.1866367,
1,33,98.111,0.4447804,1.137413,-0.3046935,0.8841689,0.4281446,0.01021422,0.1866367,
1,33,98.113,0.4447804,1.137413,-0.3046935,0.8841689,0.4281446,0.01021422,0.1866367,
1,33,98.115,0.4447804,1.137413,-0.3046935,0.8841689,0.4281446,0.01021422,0.1866367,
1,33,98.117,0.4447804,1.137413,-0.3046935,0.8841689,0.4281446,0.01021422,0.1866367,
1,33,98.119,0.4439568,1.136678,-0.3048038,0.883297,0.4298086,0.0150058,0.1866174,
1,33,98.121,0.4439568,1.136678,-0.3048038,0.883297,0.4298086,0.0150058,0.1866174,
1,33,98.123,0.4439568,1.136678,-0.3048038,0.883297,0.4298086,0.0150058,0.1866174,
1,33,98.125,0.4439568,1.136678,-0.3048038,0.883297,0.4298086,0.0150058,0.1866174,
1,33,98.127,0.4430994,1.13577,-0.3050517,0.8822174,0.4317062,0.02052445,0.1868179,
1,33,98.129,0.4430994,1.13577,-0.3050517,0.8822174,0.4317062,0.02052445,0.1868179,
1,33,98.131,0.4430994,1.13577,-0.3050517,0.8822174,0.4317062,0.02052445,0.1868179,
1,33,98.133,0.4430994,1.13577,-0.3050517,0.8822174,0.4317062,0.02052445,0.1868179,
1,33,98.135,0.4422017,1.134641,-0.3054655,0.8808576,0.4340505,0.02732285,0.1869318,
1,33,98.137,0.4422017,1.134641,-0.3054655,0.8808576,0.4340505,0.02732285,0.1869318,
1,33,98.139,0.4422017,1.134641,-0.3054655,0.8808576,0.4340505,0.02732285,0.1869318,
1,33,98.141,0.4422017,1.134641,-0.3054655,0.8808576,0.4340505,0.02732285,0.1869318,
1,33,98.143,0.4412466,1.133481,-0.3058742,0.8792262,0.436987,0.036208,0.1862596,
1,33,98.145,0.4412466,1.133481,-0.3058742,0.8792262,0.436987,0.036208,0.1862596,
1,33,98.147,0.4412466,1.133481,-0.3058742,0.8792262,0.436987,0.036208,0.1862596,
1,33,98.149,0.4412466,1.133481,-0.3058742,0.8792262,0.436987,0.036208,0.1862596,
1,33,98.151,0.4401588,1.132248,-0.3062936,0.8773018,0.4404444,0.04646541,0.1849092,
1,33,98.153,0.4401588,1.132248,-0.3062936,0.8773018,0.4404444,0.04646541,0.1849092,
1,33,98.155,0.4401588,1.132248,-0.3062936,0.8773018,0.4404444,0.04646541,0.1849092,
1,33,98.157,0.4401588,1.132248,-0.3062936,0.8773018,0.4404444,0.04646541,0.1849092,
1,33,98.159,0.4390597,1.130854,-0.3068744,0.8750857,0.444129,0.05701502,0.1836406,
1,33,98.161,0.4390597,1.130854,-0.3068744,0.8750857,0.444129,0.05701502,0.1836406,
1,33,98.163,0.4390597,1.130854,-0.3068744,0.8750857,0.444129,0.05701502,0.1836406,
1,33,98.165,0.4390597,1.130854,-0.3068744,0.8750857,0.444129,0.05701502,0.1836406,
1,33,98.167,0.4390597,1.130854,-0.3068744,0.8750857,0.444129,0.05701502,0.1836406,
1,33,98.169,0.4377607,1.129859,-0.3069437,0.8728696,0.447666,0.06641318,0.1824367,
1,33,98.171,0.4377607,1.129859,-0.3069437,0.8728696,0.447666,0.06641318,0.1824367,
1,33,98.173,0.4377607,1.129859,-0.3069437,0.8728696,0.447666,0.06641318,0.1824367,
1,33,98.175,0.4377607,1.129859,-0.3069437,0.8728696,0.447666,0.06641318,0.1824367,
1,33,98.177,0.4364137,1.128743,-0.30726,0.8705563,0.4511047,0.07460161,0.1818539,
1,33,98.179,0.4364137,1.128743,-0.30726,0.8705563,0.4511047,0.07460161,0.1818539,
1,33,98.181,0.4364137,1.128743,-0.30726,0.8705563,0.4511047,0.07460161,0.1818539,
1,33,98.183,0.4364137,1.128743,-0.30726,0.8705563,0.4511047,0.07460161,0.1818539,
1,33,98.185,0.4348357,1.127642,-0.3074376,0.8680534,0.4548995,0.08241567,0.1809904,
1,33,98.187,0.4348357,1.127642,-0.3074376,0.8680534,0.4548995,0.08241567,0.1809904,
1,33,98.189,0.4348357,1.127642,-0.3074376,0.8680534,0.4548995,0.08241567,0.1809904,
1,33,98.191,0.4348357,1.127642,-0.3074376,0.8680534,0.4548995,0.08241567,0.1809904,
1,33,98.193,0.4331378,1.126522,-0.307496,0.8652484,0.459181,0.09078798,0.1795982,
1,33,98.195,0.4331378,1.126522,-0.307496,0.8652484,0.459181,0.09078798,0.1795982,
1,33,98.197,0.4331378,1.126522,-0.307496,0.8652484,0.459181,0.09078798,0.1795982,
1,33,98.199,0.4331378,1.126522,-0.307496,0.8652484,0.459181,0.09078798,0.1795982,
1,33,98.201,0.4318684,1.125929,-0.307613,0.862608,0.4629808,0.09918864,0.1780954,
1,33,98.203,0.4318684,1.125929,-0.307613,0.862608,0.4629808,0.09918864,0.1780954,
1,33,98.205,0.4318684,1.125929,-0.307613,0.862608,0.4629808,0.09918864,0.1780954,
1,33,98.207,0.4318684,1.125929,-0.307613,0.862608,0.4629808,0.09918864,0.1780954,
1,33,98.209,0.4294091,1.124085,-0.3074918,0.858225,0.4698148,0.1120333,0.1737022,
1,33,98.211,0.4294091,1.124085,-0.3074918,0.858225,0.4698148,0.1120333,0.1737022,
1,33,98.213,0.4294091,1.124085,-0.3074918,0.858225,0.4698148,0.1120333,0.1737022,
1,33,98.215,0.4294091,1.124085,-0.3074918,0.858225,0.4698148,0.1120333,0.1737022,
1,33,98.217,0.4294091,1.124085,-0.3074918,0.858225,0.4698148,0.1120333,0.1737022,
1,33,98.219,0.4276595,1.12279,-0.3075856,0.8534585,0.4765837,0.1271083,0.1682852,
1,33,98.221,0.4276595,1.12279,-0.3075856,0.8534585,0.4765837,0.1271083,0.1682852,
1,33,98.223,0.4276595,1.12279,-0.3075856,0.8534585,0.4765837,0.1271083,0.1682852,
1,33,98.225,0.4276595,1.12279,-0.3075856,0.8534585,0.4765837,0.1271083,0.1682852,
1,33,98.227,0.4257138,1.121294,-0.3075439,0.8471562,0.4850376,0.1460814,0.16039,
1,33,98.229,0.4257138,1.121294,-0.3075439,0.8471562,0.4850376,0.1460814,0.16039,
1,33,98.231,0.4257138,1.121294,-0.3075439,0.8471562,0.4850376,0.1460814,0.16039,
1,33,98.233,0.4257138,1.121294,-0.3075439,0.8471562,0.4850376,0.1460814,0.16039,
1,33,98.235,0.4237909,1.11976,-0.3074513,0.8389284,0.4950716,0.1689732,0.1501711,
1,33,98.237,0.4237909,1.11976,-0.3074513,0.8389284,0.4950716,0.1689732,0.1501711,
1,33,98.239,0.4237909,1.11976,-0.3074513,0.8389284,0.4950716,0.1689732,0.1501711,
1,33,98.241,0.4237909,1.11976,-0.3074513,0.8389284,0.4950716,0.1689732,0.1501711,
1,33,98.243,0.4217508,1.117974,-0.3073026,0.8280512,0.5070503,0.1959048,0.1373047,
1,33,98.245,0.4217508,1.117974,-0.3073026,0.8280512,0.5070503,0.1959048,0.1373047,
1,33,98.247,0.4217508,1.117974,-0.3073026,0.8280512,0.5070503,0.1959048,0.1373047,
1,33,98.249,0.4217508,1.117974,-0.3073026,0.8280512,0.5070503,0.1959048,0.1373047,
1,33,98.251,0.4196663,1.115777,-0.3073264,0.8142321,0.520853,0.2251595,0.1226437,
1,33,98.253,0.4196663,1.115777,-0.3073264,0.8142321,0.520853,0.2251595,0.1226437,
1,33,98.255,0.4196663,1.115777,-0.3073264,0.8142321,0.520853,0.2251595,0.1226437,
1,33,98.257,0.4196663,1.115777,-0.3073264,0.8142321,0.520853,0.2251595,0.1226437,
1,33,98.259,0.4176394,1.113194,-0.3075982,0.7978174,0.5360083,0.25416,0.1076342,
1,33,98.261,0.4176394,1.113194,-0.3075982,0.7978174,0.5360083,0.25416,0.1076342,
1,33,98.263,0.4176394,1.113194,-0.3075982,0.7978174,0.5360083,0.25416,0.1076342,
1,33,98.265,0.4176394,1.113194,-0.3075982,0.7978174,0.5360083,0.25416,0.1076342,
1,33,98.267,0.4176394,1.113194,-0.3075982,0.7978174,0.5360083,0.25416,0.1076342,
1,33,98.269,0.4155236,1.110141,-0.3081249,0.77909,0.5526595,0.2808051,0.09346002,
1,33,98.271,0.4155236,1.110141,-0.3081249,0.77909,0.5526595,0.2808051,0.09346002,
1,33,98.273,0.4155236,1.110141,-0.3081249,0.77909,0.5526595,0.2808051,0.09346002,
1,33,98.275,0.4155236,1.110141,-0.3081249,0.77909,0.5526595,0.2808051,0.09346002,
1,33,98.277,0.4135163,1.106648,-0.308852,0.7586502,0.5705796,0.3037592,0.08135892,
1,33,98.279,0.4135163,1.106648,-0.308852,0.7586502,0.5705796,0.3037592,0.08135892,
1,33,98.281,0.4135163,1.106648,-0.308852,0.7586502,0.5705796,0.3037592,0.08135892,
1,33,98.283,0.4135163,1.106648,-0.308852,0.7586502,0.5705796,0.3037592,0.08135892,
1,33,98.285,0.4116995,1.102642,-0.3100799,0.7375135,0.5890675,0.3222955,0.07210346,
1,33,98.287,0.4116995,1.102642,-0.3100799,0.7375135,0.5890675,0.3222955,0.07210346,
1,33,98.289,0.4116995,1.102642,-0.3100799,0.7375135,0.5890675,0.3222955,0.07210346,
1,33,98.291,0.4116995,1.102642,-0.3100799,0.7375135,0.5890675,0.3222955,0.07210346,
1,33,98.293,0.4102204,1.098564,-0.3114875,0.7146809,0.6086013,0.3386993,0.06417605,
1,33,98.295,0.4102204,1.098564,-0.3114875,0.7146809,0.6086013,0.3386993,0.06417605,
1,33,98.297,0.4102204,1.098564,-0.3114875,0.7146809,0.6086013,0.3386993,0.06417605,
1,33,98.299,0.4102204,1.098564,-0.3114875,0.7146809,0.6086013,0.3386993,0.06417605,
1,33,98.301,0.4090429,1.094434,-0.3129199,0.690606,0.6286237,0.3529669,0.05753221,
1,33,98.303,0.4090429,1.094434,-0.3129199,0.690606,0.6286237,0.3529669,0.05753221,
1,33,98.305,0.4090429,1.094434,-0.3129199,0.690606,0.6286237,0.3529669,0.05753221,
1,33,98.307,0.4090429,1.094434,-0.3129199,0.690606,0.6286237,0.3529669,0.05753221,
1,33,98.309,0.4083377,1.090245,-0.3144957,0.6653404,0.6487992,0.3655934,0.05218534,
1,33,98.311,0.4083377,1.090245,-0.3144957,0.6653404,0.6487992,0.3655934,0.05218534,
1,33,98.313,0.4083377,1.090245,-0.3144957,0.6653404,0.6487992,0.3655934,0.05218534,
1,33,98.315,0.4083377,1.090245,-0.3144957,0.6653404,0.6487992,0.3655934,0.05218534,
1,33,98.317,0.4083377,1.090245,-0.3144957,0.6653404,0.6487992,0.3655934,0.05218534,
1,33,98.319,0.4081028,1.085819,-0.3159167,0.638449,0.6691254,0.377391,0.04722638,
1,33,98.321,0.4081028,1.085819,-0.3159167,0.638449,0.6691254,0.377391,0.04722638,
1,33,98.323,0.4081028,1.085819,-0.3159167,0.638449,0.6691254,0.377391,0.04722638,
1,33,98.325,0.4081028,1.085819,-0.3159167,0.638449,0.6691254,0.377391,0.04722638,
1,33,98.327,0.4081612,1.080948,-0.3173096,0.609948,0.6893594,0.3885222,0.04239826,
1,33,98.329,0.4081612,1.080948,-0.3173096,0.609948,0.6893594,0.3885222,0.04239826,
1,33,98.331,0.4081612,1.080948,-0.3173096,0.609948,0.6893594,0.3885222,0.04239826,
1,33,98.333,0.4081612,1.080948,-0.3173096,0.609948,0.6893594,0.3885222,0.04239826,
1,33,98.335,0.4093183,1.076575,-0.3190652,0.5798166,0.7088355,0.3999454,0.03753448,
1,33,98.337,0.4093183,1.076575,-0.3190652,0.5798166,0.7088355,0.3999454,0.03753448,
1,33,98.339,0.4093183,1.076575,-0.3190652,0.5798166,0.7088355,0.3999454,0.03753448,
1,33,98.341,0.4093183,1.076575,-0.3190652,0.5798166,0.7088355,0.3999454,0.03753448,
1,33,98.343,0.410834,1.07238,-0.3210125,0.54869,0.7272441,0.4110963,0.03248273,
1,33,98.345,0.410834,1.07238,-0.3210125,0.54869,0.7272441,0.4110963,0.03248273,
1,33,98.347,0.410834,1.07238,-0.3210125,0.54869,0.7272441,0.4110963,0.03248273,
1,33,98.349,0.410834,1.07238,-0.3210125,0.54869,0.7272441,0.4110963,0.03248273,
1,33,98.351,0.4125454,1.068254,-0.3226754,0.5167476,0.744747,0.4213741,0.02770749,
1,33,98.353,0.4125454,1.068254,-0.3226754,0.5167476,0.744747,0.4213741,0.02770749,
1,33,98.355,0.4125454,1.068254,-0.3226754,0.5167476,0.744747,0.4213741,0.02770749,
1,33,98.357,0.4125454,1.068254,-0.3226754,0.5167476,0.744747,0.4213741,0.02770749,
1,33,98.359,0.4141952,1.064308,-0.3241119,0.485254,0.7607883,0.4303057,0.02380575,
1,33,98.361,0.4141952,1.064308,-0.3241119,0.485254,0.7607883,0.4303057,0.02380575,
1,33,98.363,0.4141952,1.064308,-0.3241119,0.485254,0.7607883,0.4303057,0.02380575,
1,33,98.365,0.4141952,1.064308,-0.3241119,0.485254,0.7607883,0.4303057,0.02380575,
1,33,98.367,0.4141952,1.064308,-0.3241119,0.485254,0.7607883,0.4303057,0.02380575,
1,33,98.369,0.4160722,1.060899,-0.3255759,0.4552855,0.7750675,0.4375668,0.02282324,
1,33,98.371,0.4160722,1.060899,-0.3255759,0.4552855,0.7750675,0.4375668,0.02282324,
1,33,98.373,0.4160722,1.060899,-0.3255759,0.4552855,0.7750675,0.4375668,0.02282324,
1,33,98.375,0.4160722,1.060899,-0.3255759,0.4552855,0.7750675,0.4375668,0.02282324,
1,33,98.377,0.4176707,1.057986,-0.3266813,0.4266834,0.787757,0.4436355,0.0238312,
1,33,98.379,0.4176707,1.057986,-0.3266813,0.4266834,0.787757,0.4436355,0.0238312,
1,33,98.381,0.4176707,1.057986,-0.3266813,0.4266834,0.787757,0.4436355,0.0238312,
1,33,98.383,0.4176707,1.057986,-0.3266813,0.4266834,0.787757,0.4436355,0.0238312,
1,33,98.385,0.4194974,1.055764,-0.3282311,0.3995101,0.7986,0.4493112,0.02737254,
1,33,98.387,0.4194974,1.055764,-0.3282311,0.3995101,0.7986,0.4493112,0.02737254,
1,33,98.389,0.4194974,1.055764,-0.3282311,0.3995101,0.7986,0.4493112,0.02737254,
1,33,98.391,0.4194974,1.055764,-0.3282311,0.3995101,0.7986,0.4493112,0.02737254,
1,33,98.393,0.4209256,1.053702,-0.3292339,0.3737243,0.8080522,0.454212,0.03276137,
1,33,98.395,0.4209256,1.053702,-0.3292339,0.3737243,0.8080522,0.454212,0.03276137,
1,33,98.397,0.4209256,1.053702,-0.3292339,0.3737243,0.8080522,0.454212,0.03276137,
1,33,98.399,0.4209256,1.053702,-0.3292339,0.3737243,0.8080522,0.454212,0.03276137,
1,33,98.401,0.4224346,1.051979,-0.3306267,0.3486718,0.8159637,0.4594183,0.03957358,
1,33,98.403,0.4224346,1.051979,-0.3306267,0.3486718,0.8159637,0.4594183,0.03957358,
1,33,98.405,0.4224346,1.051979,-0.3306267,0.3486718,0.8159637,0.4594183,0.03957358,
1,33,98.407,0.4224346,1.051979,-0.3306267,0.3486718,0.8159637,0.4594183,0.03957358,
1,33,98.409,0.4241257,1.05037,-0.3321647,0.3243598,0.8224362,0.4649189,0.04732734,
1,33,98.411,0.4241257,1.05037,-0.3321647,0.3243598,0.8224362,0.4649189,0.04732734,
1,33,98.413,0.4241257,1.05037,-0.3321647,0.3243598,0.8224362,0.4649189,0.04732734,
1,33,98.415,0.4241257,1.05037,-0.3321647,0.3243598,0.8224362,0.4649189,0.04732734,
1,33,98.417,0.4241257,1.05037,-0.3321647,0.3243598,0.8224362,0.4649189,0.04732734,
1,33,98.419,0.4255402,1.048778,-0.333587,0.3006032,0.8274877,0.470976,0.05552879,
1,33,98.421,0.4255402,1.048778,-0.333587,0.3006032,0.8274877,0.470976,0.05552879,
1,33,98.423,0.4255402,1.048778,-0.333587,0.3006032,0.8274877,0.470976,0.05552879,
1,33,98.425,0.4255402,1.048778,-0.333587,0.3006032,0.8274877,0.470976,0.05552879,
1,33,98.427,0.4270172,1.047296,-0.3348168,0.2766511,0.8313617,0.4778408,0.06300844,
1,33,98.429,0.4270172,1.047296,-0.3348168,0.2766511,0.8313617,0.4778408,0.06300844,
1,33,98.431,0.4270172,1.047296,-0.3348168,0.2766511,0.8313617,0.4778408,0.06300844,
1,33,98.433,0.4270172,1.047296,-0.3348168,0.2766511,0.8313617,0.4778408,0.06300844,
1,33,98.435,0.4280044,1.04548,-0.3358455,0.2524289,0.8341665,0.4854519,0.06915581,
1,33,98.437,0.4280044,1.04548,-0.3358455,0.2524289,0.8341665,0.4854519,0.06915581,
1,33,98.439,0.4280044,1.04548,-0.3358455,0.2524289,0.8341665,0.4854519,0.06915581,
1,33,98.441,0.4280044,1.04548,-0.3358455,0.2524289,0.8341665,0.4854519,0.06915581,
1,33,98.443,0.4292143,1.043903,-0.3370517,0.2284458,0.8356966,0.493779,0.0748736,
1,33,98.445,0.4292143,1.043903,-0.3370517,0.2284458,0.8356966,0.493779,0.0748736,
1,33,98.447,0.4292143,1.043903,-0.3370517,0.2284458,0.8356966,0.493779,0.0748736,
1,33,98.449,0.4292143,1.043903,-0.3370517,0.2284458,0.8356966,0.493779,0.0748736,
1,33,98.451,0.4304234,1.042754,-0.3384389,0.2044645,0.8358688,0.5031919,0.07947104,
1,33,98.453,0.4304234,1.042754,-0.3384389,0.2044645,0.8358688,0.5031919,0.07947104,
1,33,98.455,0.4304234,1.042754,-0.3384389,0.2044645,0.8358688,0.5031919,0.07947104,
1,33,98.457,0.4304234,1.042754,-0.3384389,0.2044645,0.8358688,0.5031919,0.07947104,
1,33,98.459,0.43154,1.041284,-0.3395119,0.1812771,0.8348542,0.5126246,0.08586669,
1,33,98.461,0.43154,1.041284,-0.3395119,0.1812771,0.8348542,0.5126246,0.08586669,
1,33,98.463,0.43154,1.041284,-0.3395119,0.1812771,0.8348542,0.5126246,0.08586669,
1,33,98.465,0.43154,1.041284,-0.3395119,0.1812771,0.8348542,0.5126246,0.08586669,
1,33,98.467,0.43154,1.041284,-0.3395119,0.1812771,0.8348542,0.5126246,0.08586669,
1,33,98.469,0.4326792,1.039838,-0.3403801,0.1595455,0.8322308,0.5224854,0.09458418,
1,33,98.471,0.4326792,1.039838,-0.3403801,0.1595455,0.8322308,0.5224854,0.09458418,
1,33,98.473,0.4326792,1.039838,-0.3403801,0.1595455,0.8322308,0.5224854,0.09458418,
1,33,98.475,0.4326792,1.039838,-0.3403801,0.1595455,0.8322308,0.5224854,0.09458418,
1,33,98.477,0.4342032,1.038281,-0.3416061,0.1372141,0.8286924,0.5331248,0.1010899,
1,33,98.479,0.4342032,1.038281,-0.3416061,0.1372141,0.8286924,0.5331248,0.1010899,
1,33,98.481,0.4342032,1.038281,-0.3416061,0.1372141,0.8286924,0.5331248,0.1010899,
1,33,98.483,0.4342032,1.038281,-0.3416061,0.1372141,0.8286924,0.5331248,0.1010899,
1,33,98.485,0.4359025,1.036711,-0.3427834,0.1135079,0.8242594,0.5446249,0.1053382,
1,33,98.487,0.4359025,1.036711,-0.3427834,0.1135079,0.8242594,0.5446249,0.1053382,
1,33,98.489,0.4359025,1.036711,-0.3427834,0.1135079,0.8242594,0.5446249,0.1053382,
1,33,98.491,0.4359025,1.036711,-0.3427834,0.1135079,0.8242594,0.5446249,0.1053382,
1,33,98.493,0.4369897,1.034697,-0.3437794,0.08917776,0.8188705,0.556644,0.1079165,
1,33,98.495,0.4369897,1.034697,-0.3437794,0.08917776,0.8188705,0.556644,0.1079165,
1,33,98.497,0.4369897,1.034697,-0.3437794,0.08917776,0.8188705,0.556644,0.1079165,
1,33,98.499,0.4369897,1.034697,-0.3437794,0.08917776,0.8188705,0.556644,0.1079165,
1,33,98.501,0.4385185,1.033628,-0.3449599,0.0640035,0.8120558,0.5696864,0.1092077,
1,33,98.503,0.4385185,1.033628,-0.3449599,0.0640035,0.8120558,0.5696864,0.1092077,
1,33,98.505,0.4385185,1.033628,-0.3449599,0.0640035,0.8120558,0.5696864,0.1092077,
1,33,98.507,0.4385185,1.033628,-0.3449599,0.0640035,0.8120558,0.5696864,0.1092077,CourtEnter
1,33,98.509,0.4396652,1.031626,-0.3458821,0.03785402,0.8046298,0.5824406,0.1090915,
1,33,98.511,0.4396652,1.031626,-0.3458821,0.03785402,0.8046298,0.5824406,0.1090915,
1,33,98.513,0.4396652,1.031626,-0.3458821,0.03785402,0.8046298,0.5824406,0.1090915,
1,33,98.515,0.4396652,1.031626,-0.3458821,0.03785402,0.8046298,0.5824406,0.1090915,
1,33,98.517,0.4396652,1.031626,-0.3458821,0.03785402,0.8046298,0.5824406,0.1090915,CourtExit
1,33,98.519,0.4417635,1.02925,-0.3466818,0.01024872,0.7964034,0.5949938,0.1077914,
1,33,98.521,0.4417635,1.02925,-0.3466818,0.01024872,0.7964034,0.5949938,0.1077914,
1,33,98.523,0.4417635,1.02925,-0.3466818,0.01024872,0.7964034,0.5949938,0.1077914,
1,33,98.525,0.4417635,1.02925,-0.3466818,0.01024872,0.7964034,0.5949938,0.1077914,
1,33,98.527,0.4437244,1.026949,-0.3475708,-0.01723155,0.7869649,0.6074337,0.1068349,
1,33,98.529,0.4437244,1.026949,-0.3475708,-0.01723155,0.7869649,0.6074337,0.1068349,
1,33,98.531,0.4437244,1.026949,-0.3475708,-0.01723155,0.7869649,0.6074337,0.1068349,
1,33,98.533,0.4437244,1.026949,-0.3475708,-0.01723155,0.7869649,0.6074337,0.1068349,
1,33,98.535,0.4456061,1.024565,-0.3485611,-0.04416341,0.7762527,0.6198299,0.1062652,
1,33,98.537,0.4456061,1.024565,-0.3485611,-0.04416341,0.7762527,0.6198299,0.1062652,
1,33,98.539,0.4456061,1.024565,-0.3485611,-0.04416341,0.7762527,0.6198299,0.1062652,
1,33,98.541,0.4456061,1.024565,-0.3485611,-0.04416341,0.7762527,0.6198299,0.1062652,
1,33,98.543,0.447652,1.021974,-0.3493404,-0.07059044,0.7645634,0.6317853,0.106335,
1,33,98.545,0.447652,1.021974,-0.3493404,-0.07059044,0.7645634,0.6317853,0.106335,
1,33,98.547,0.447652,1.021974,-0.3493404,-0.07059044,0.7645634,0.6317853,0.106335,
1,33,98.549,0.447652,1.021974,-0.3493404,-0.07059044,0.7645634,0.6317853,0.106335,
1,33,98.551,0.4498185,1.018747,-0.349934,-0.09630767,0.7521572,0.6430527,0.1070869,
1,33,98.553,0.4498185,1.018747,-0.349934,-0.09630767,0.7521572,0.6430527,0.1070869,
1,33,98.555,0.4498185,1.018747,-0.349934,-0.09630767,0.7521572,0.6430527,0.1070869,
1,33,98.557,0.4498185,1.018747,-0.349934,-0.09630767,0.7521572,0.6430527,0.1070869,
1,33,98.559,0.4526492,1.017044,-0.3507115,-0.1208521,0.7371766,0.655757,0.1093083,
1,33,98.561,0.4526492,1.017044,-0.3507115,-0.1208521,0.7371766,0.655757,0.1093083,
1,33,98.563,0.4526492,1.017044,-0.3507115,-0.1208521,0.7371766,0.655757,0.1093083,
1,33,98.565,0.4526492,1.017044,-0.3507115,-0.1208521,0.7371766,0.655757,0.1093083,
1,33,98.567,0.4526492,1.017044,-0.3507115,-0.1208521,0.7371766,0.655757,0.1093083,
1,33,98.569,0.4564963,1.015382,-0.3515582,-0.1449312,0.7217935,0.6673733,0.1123473,
1,33,98.571,0.4564963,1.015382,-0.3515582,-0.1449312,0.7217935,0.6673733,0.1123473,
1,33,98.573,0.4564963,1.015382,-0.3515582,-0.1449312,0.7217935,0.6673733,0.1123473,
1,33,98.575,0.4564963,1.015382,-0.3515582,-0.1449312,0.7217935,0.6673733,0.1123473,
1,33,98.577,0.4603191,1.013139,-0.3521219,-0.16775,0.7059015,0.6782642,0.1162788,
1,33,98.579,0.4603191,1.013139,-0.3521219,-0.16775,0.7059015,0.6782642,0.1162788,
1,33,98.581,0.4603191,1.013139,-0.3521219,-0.16775,0.7059015,0.6782642,0.1162788,
1,33,98.583,0.4603191,1.013139,-0.3521219,-0.16775,0.7059015,0.6782642,0.1162788,
1,33,98.585,0.46528,1.01059,-0.3523629,-0.1896809,0.6897619,0.6882,0.1209567,
1,33,98.587,0.46528,1.01059,-0.3523629,-0.1896809,0.6897619,0.6882,0.1209567,
1,33,98.589,0.46528,1.01059,-0.3523629,-0.1896809,0.6897619,0.6882,0.1209567,
1,33,98.591,0.46528,1.01059,-0.3523629,-0.1896809,0.6897619,0.6882,0.1209567,
1,33,98.593,0.4704993,1.007966,-0.3526516,-0.2116445,0.6737847,0.6970072,0.1241032,
1,33,98.595,0.4704993,1.007966,-0.3526516,-0.2116445,0.6737847,0.6970072,0.1241032,
1,33,98.597,0.4704993,1.007966,-0.3526516,-0.2116445,0.6737847,0.6970072,0.1241032,
1,33,98.599,0.4704993,1.007966,-0.3526516,-0.2116445,0.6737847,0.6970072,0.1241032,
1,33,98.601,0.4759439,1.005332,-0.353005,-0.2337659,0.6585857,0.7042869,0.1248931,
1,33,98.603,0.4759439,1.005332,-0.353005,-0.2337659,0.6585857,0.7042869,0.1248931,
1,33,98.605,0.4759439,1.005332,-0.353005,-0.2337659,0.6585857,0.7042869,0.1248931,
1,33,98.607,0.4759439,1.005332,-0.353005,-0.2337659,0.6585857,0.7042869,0.1248931,
1,33,98.609,0.4814851,1.002795,-0.35343,-0.255705,0.6444076,0.710026,0.1233567,
1,33,98.611,0.4814851,1.002795,-0.35343,-0.255705,0.6444076,0.710026,0.1233567,
1,33,98.613,0.4814851,1.002795,-0.35343,-0.255705,0.6444076,0.710026,0.1233567,
1,33,98.615,0.4814851,1.002795,-0.35343,-0.255705,0.6444076,0.710026,0.1233567,
1,33,98.617,0.4814851,1.002795,-0.35343,-0.255705,0.6444076,0.710026,0.1233567,
1,33,98.619,0.4870234,1.000698,-0.3540069,-0.2762902,0.6313146,0.7146662,0.1198238,
1,33,98.621,0.4870234,1.000698,-0.3540069,-0.2762902,0.6313146,0.7146662,0.1198238,
1,33,98.623,0.4870234,1.000698,-0.3540069,-0.2762902,0.6313146,0.7146662,0.1198238,
1,33,98.625,0.4870234,1.000698,-0.3540069,-0.2762902,0.6313146,0.7146662,0.1198238,
1,33,98.627,0.4931694,0.9991248,-0.3546219,-0.2955416,0.6190219,0.7184808,0.1151194,
1,33,98.629,0.4931694,0.9991248,-0.3546219,-0.2955416,0.6190219,0.7184808,0.1151194,
1,33,98.631,0.4931694,0.9991248,-0.3546219,-0.2955416,0.6190219,0.7184808,0.1151194,
1,33,98.633,0.4931694,0.9991248,-0.3546219,-0.2955416,0.6190219,0.7184808,0.1151194,
1,33,98.635,0.4989934,0.9983459,-0.3555271,-0.3106427,0.6077633,0.722506,0.1100453,
1,33,98.637,0.4989934,0.9983459,-0.3555271,-0.3106427,0.6077633,0.722506,0.1100453,
1,33,98.639,0.4989934,0.9983459,-0.3555271,-0.3106427,0.6077633,0.722506,0.1100453,
1,33,98.641,0.4989934,0.9983459,-0.3555271,-0.3106427,0.6077633,0.722506,0.1100453,
1,33,98.643,0.5051087,0.9971495,-0.3565892,-0.322034,0.5980045,0.7263776,0.1051683,
1,33,98.645,0.5051087,0.9971495,-0.3565892,-0.322034,0.5980045,0.7263776,0.1051683,
1,33,98.647,0.5051087,0.9971495,-0.3565892,-0.322034,0.5980045,0.7263776,0.1051683,
1,33,98.649,0.5051087,0.9971495,-0.3565892,-0.322034,0.5980045,0.7263776,0.1051683,
1,33,98.651,0.5110133,0.9962329,-0.3578632,-0.3288351,0.5893922,0.7309375,0.1010683,
1,33,98.653,0.5110133,0.9962329,-0.3578632,-0.3288351,0.5893922,0.7309375,0.1010683,
1,33,98.655,0.5110133,0.9962329,-0.3578632,-0.3288351,0.5893922,0.7309375,0.1010683,
1,33,98.657,0.5110133,0.9962329,-0.3578632,-0.3288351,0.5893922,0.7309375,0.1010683,
1,33,98.659,0.5165656,0.9961065,-0.3593769,-0.3306866,0.5818536,0.7366449,0.09719672,
1,33,98.661,0.5165656,0.9961065,-0.3593769,-0.3306866,0.5818536,0.7366449,0.09719672,
1,33,98.663,0.5165656,0.9961065,-0.3593769,-0.3306866,0.5818536,0.7366449,0.09719672,
1,33,98.665,0.5165656,0.9961065,-0.3593769,-0.3306866,0.5818536,0.7366449,0.09719672,
1,33,98.667,0.5165656,0.9961065,-0.3593769,-0.3306866,0.5818536,0.7366449,0.09719672,
1,33,98.669,0.5224689,0.9962158,-0.3609423,-0.3288552,0.5759129,0.7426216,0.09322917,
1,33,98.671,0.5224689,0.9962158,-0.3609423,-0.3288552,0.5759129,0.7426216,0.09322917,
1,33,98.673,0.5224689,0.9962158,-0.3609423,-0.3288552,0.5759129,0.7426216,0.09322917,
1,33,98.675,0.5224689,0.9962158,-0.3609423,-0.3288552,0.5759129,0.7426216,0.09322917,
1,33,98.677,0.528245,0.9967864,-0.3625835,-0.3237405,0.5711597,0.7490541,0.08880696,
1,33,98.679,0.528245,0.9967864,-0.3625835,-0.3237405,0.5711597,0.7490541,0.08880696,
1,33,98.681,0.528245,0.9967864,-0.3625835,-0.3237405,0.5711597,0.7490541,0.08880696,
1,33,98.683,0.528245,0.9967864,-0.3625835,-0.3237405,0.5711597,0.7490541,0.08880696,
1,33,98.685,0.5339523,0.9972748,-0.3643857,-0.3162915,0.5682823,0.7550287,0.08334682,
1,33,98.687,0.5339523,0.9972748,-0.3643857,-0.3162915,0.5682823,0.7550287,0.08334682,
1,33,98.689,0.5339523,0.9972748,-0.3643857,-0.3162915,0.5682823,0.7550287,0.08334682,
1,33,98.691,0.5339523,0.9972748,-0.3643857,-0.3162915,0.5682823,0.7550287,0.08334682,
1,33,98.693,0.5396481,0.9976133,-0.366401,-0.3072935,0.5676027,0.760006,0.07608414,
1,33,98.695,0.5396481,0.9976133,-0.366401,-0.3072935,0.5676027,0.760006,0.07608414,
1,33,98.697,0.5396481,0.9976133,-0.366401,-0.3072935,0.5676027,0.760006,0.07608414,
1,33,98.699,0.5396481,0.9976133,-0.366401,-0.3072935,0.5676027,0.760006,0.07608414,
1,33,98.701,0.5452727,0.9982817,-0.3684387,-0.2977338,0.5686312,0.7639143,0.06669379,
1,33,98.703,0.5452727,0.9982817,-0.3684387,-0.2977338,0.5686312,0.7639143,0.06669379,
1,33,98.705,0.5452727,0.9982817,-0.3684387,-0.2977338,0.5686312,0.7639143,0.06669379,
1,33,98.707,0.5452727,0.9982817,-0.3684387,-0.2977338,0.5686312,0.7639143,0.06669379,
1,33,98.709,0.5496128,0.9991915,-0.3707407,-0.2870804,0.5712273,0.7670007,0.05471924,
1,33,98.711,0.5496128,0.9991915,-0.3707407,-0.2870804,0.5712273,0.7670007,0.05471924,
1,33,98.713,0.5496128,0.9991915,-0.3707407,-0.2870804,0.5712273,0.7670007,0.05471924,
1,33,98.715,0.5496128,0.9991915,-0.3707407,-0.2870804,0.5712273,0.7670007,0.05471924,
1,33,98.717,0.5496128,0.9991915,-0.3707407,-0.2870804,0.5712273,0.7670007,0.05471924,
1,33,98.719,0.5539887,1.000775,-0.372708,-0.2757132,0.5752197,0.7690233,0.04132528,
1,33,98.721,0.5539887,1.000775,-0.372708,-0.2757132,0.5752197,0.7690233,0.04132528,
1,33,98.723,0.5539887,1.000775,-0.372708,-0.2757132,0.5752197,0.7690233,0.04132528,
1,33,98.725,0.5539887,1.000775,-0.372708,-0.2757132,0.5752197,0.7690233,0.04132528,
1,33,98.727,0.5577372,1.002222,-0.3750126,-0.2632139,0.5809848,0.7697237,0.02647135,
1,33,98.729,0.5577372,1.002222,-0.3750126,-0.2632139,0.5809848,0.7697237,0.02647135,
1,33,98.731,0.5577372,1.002222,-0.3750126,-0.2632139,0.5809848,0.7697237,0.02647135,
1,33,98.733,0.5577372,1.002222,-0.3750126,-0.2632139,0.5809848,0.7697237,0.02647135,
1,33,98.735,0.5607084,1.003822,-0.3772935,-0.2501203,0.5883428,0.7688873,0.01023711,
1,33,98.737,0.5607084,1.003822,-0.3772935,-0.2501203,0.5883428,0.7688873,0.01023711,
1,33,98.739,0.5607084,1.003822,-0.3772935,-0.2501203,0.5883428,0.7688873,0.01023711,
1,33,98.741,0.5607084,1.003822,-0.3772935,-0.2501203,0.5883428,0.7688873,0.01023711,
1,33,98.743,0.5635221,1.005711,-0.3794092,-0.2368649,0.5972643,0.766241,-0.006722242,
1,33,98.745,0.5635221,1.005711,-0.3794092,-0.2368649,0.5972643,0.766241,-0.006722242,
1,33,98.747,0.5635221,1.005711,-0.3794092,-0.2368649,0.5972643,0.766241,-0.006722242,
1,33,98.749,0.5635221,1.005711,-0.3794092,-0.2368649,0.5972643,0.766241,-0.006722242,
1,33,98.751,0.5656549,1.00797,-0.3815294,-0.2225154,0.6079122,0.7618122,-0.02391163,
1,33,98.753,0.5656549,1.00797,-0.3815294,-0.2225154,0.6079122,0.7618122,-0.02391163,
1,33,98.755,0.5656549,1.00797,-0.3815294,-0.2225154,0.6079122,0.7618122,-0.02391163,
1,33,98.757,0.5656549,1.00797,-0.3815294,-0.2225154,0.6079122,0.7618122,-0.02391163,
1,33,98.759,0.5671266,1.010142,-0.3838074,-0.2061726,0.6206617,0.7554014,-0.04050572,
1,33,98.761,0.5671266,1.010142,-0.3838074,-0.2061726,0.6206617,0.7554014,-0.04050572,
1,33,98.763,0.5671266,1.010142,-0.3838074,-0.2061726,0.6206617,0.7554014,-0.04050572,
1,33,98.765,0.5671266,1.010142,-0.3838074,-0.2061726,0.6206617,0.7554014,-0.04050572,
1,33,98.767,0.5671266,1.010142,-0.3838074,-0.2061726,0.6206617,0.7554014,-0.04050572,
1,33,98.769,0.5690869,1.011279,-0.3862754,-0.1890678,0.6356321,0.7463516,-0.05643108,
1,33,98.771,0.5690869,1.011279,-0.3862754,-0.1890678,0.6356321,0.7463516,-0.05643108,
1,33,98.773,0.5690869,1.011279,-0.3862754,-0.1890678,0.6356321,0.7463516,-0.05643108,
1,33,98.775,0.5690869,1.011279,-0.3862754,-0.1890678,0.6356321,0.7463516,-0.05643108,
1,33,98.777,0.5690264,1.013791,-0.3888778,-0.1675893,0.6515952,0.7364084,-0.07099341,
1,33,98.779,0.5690264,1.013791,-0.3888778,-0.1675893,0.6515952,0.7364084,-0.07099341,
1,33,98.781,0.5690264,1.013791,-0.3888778,-0.1675893,0.6515952,0.7364084,-0.07099341,
1,33,98.783,0.5690264,1.013791,-0.3888778,-0.1675893,0.6515952,0.7364084,-0.07099341,
1,33,98.785,0.5689003,1.014236,-0.3916239,-0.1442806,0.6696852,0.7236114,-0.08421135,
1,33,98.787,0.5689003,1.014236,-0.3916239,-0.1442806,0.6696852,0.7236114,-0.08421135,
1,33,98.789,0.5689003,1.014236,-0.3916239,-0.1442806,0.6696852,0.7236114,-0.08421135,
1,33,98.791,0.5689003,1.014236,-0.3916239,-0.1442806,0.6696852,0.7236114,-0.08421135,
1,33,98.793,0.5681059,1.013384,-0.3942815,-0.1205576,0.6885166,0.7083894,-0.0979549,
1,33,98.795,0.5681059,1.013384,-0.3942815,-0.1205576,0.6885166,0.7083894,-0.0979549,
1,33,98.797,0.5681059,1.013384,-0.3942815,-0.1205576,0.6885166,0.7083894,-0.0979549,
1,33,98.799,0.5681059,1.013384,-0.3942815,-0.1205576,0.6885166,0.7083894,-0.0979549,
1,33,98.801,0.567175,1.012288,-0.396643,-0.0962733,0.7071496,0.6915861,-0.1112639,
1,33,98.803,0.567175,1.012288,-0.396643,-0.0962733,0.7071496,0.6915861,-0.1112639,
1,33,98.805,0.567175,1.012288,-0.396643,-0.0962733,0.7071496,0.6915861,-0.1112639,
1,33,98.807,0.567175,1.012288,-0.396643,-0.0962733,0.7071496,0.6915861,-0.1112639,
1,33,98.809,0.5643514,1.011155,-0.3983992,-0.06976822,0.7247972,0.6740756,-0.1241917,
1,33,98.811,0.5643514,1.011155,-0.3983992,-0.06976822,0.7247972,0.6740756,-0.1241917,
1,33,98.813,0.5643514,1.011155,-0.3983992,-0.06976822,0.7247972,0.6740756,-0.1241917,
1,33,98.815,0.5643514,1.011155,-0.3983992,-0.06976822,0.7247972,0.6740756,-0.1241917,
1,33,98.817,0.5643514,1.011155,-0.3983992,-0.06976822,0.7247972,0.6740756,-0.1241917,
1,33,98.819,0.5605365,1.009703,-0.3995275,-0.04247126,0.7410617,0.6560387,-0.1365168,
1,33,98.821,0.5605365,1.009703,-0.3995275,-0.04247126,0.7410617,0.6560387,-0.1365168,
1,33,98.823,0.5605365,1.009703,-0.3995275,-0.04247126,0.7410617,0.6560387,-0.1365168,
1,33,98.825,0.5605365,1.009703,-0.3995275,-0.04247126,0.7410617,0.6560387,-0.1365168,
1,33,98.827,0.5565527,1.007921,-0.3999744,-0.01399758,0.7560773,0.6375858,-0.14709,
1,33,98.829,0.5565527,1.007921,-0.3999744,-0.01399758,0.7560773,0.6375858,-0.14709,
1,33,98.831,0.5565527,1.007921,-0.3999744,-0.01399758,0.7560773,0.6375858,-0.14709,
1,33,98.833,0.5565527,1.007921,-0.3999744,-0.01399758,0.7560773,0.6375858,-0.14709,
1,33,98.835,0.5520133,1.006171,-0.3998104,0.01605529,0.7697848,0.6187836,-0.1558224,
1,33,98.837,0.5520133,1.006171,-0.3998104,0.01605529,0.7697848,0.6187836,-0.1558224,
1,33,98.839,0.5520133,1.006171,-0.3998104,0.01605529,0.7697848,0.6187836,-0.1558224,
1,33,98.841,0.5520133,1.006171,-0.3998104,0.01605529,0.7697848,0.6187836,-0.1558224,
1,33,98.843,0.5460239,1.004077,-0.3986975,0.04759091,0.7816634,0.6005201,-0.1615954,
1,33,98.845,0.5460239,1.004077,-0.3986975,0.04759091,0.7816634,0.6005201,-0.1615954,
1,33,98.847,0.5460239,1.004077,-0.3986975,0.04759091,0.7816634,0.6005201,-0.1615954,
1,33,98.849,0.5460239,1.004077,-0.3986975,0.04759091,0.7816634,0.6005201,-0.1615954,
1,33,98.851,0.5399348,1.002527,-0.3972203,0.07975295,0.7916588,0.5826677,-0.1655723,
1,33,98.853,0.5399348,1.002527,-0.3972203,0.07975295,0.7916588,0.5826677,-0.1655723,
1,33,98.855,0.5399348,1.002527,-0.3972203,0.07975295,0.7916588,0.5826677,-0.1655723,
1,33,98.857,0.5399348,1.002527,-0.3972203,0.07975295,0.7916588,0.5826677,-0.1655723,
1,33,98.859,0.5339417,1.001226,-0.3955835,0.1119714,0.7997743,0.5655028,-0.1674217,
1,33,98.861,0.5339417,1.001226,-0.3955835,0.1119714,0.7997743,0.5655028,-0.1674217,
1,33,98.863,0.5339417,1.001226,-0.3955835,0.1119714,0.7997743,0.5655028,-0.1674217,
1,33,98.865,0.5339417,1.001226,-0.3955835,0.1119714,0.7997743,0.5655028,-0.1674217,
1,33,98.867,0.5339417,1.001226,-0.3955835,0.1119714,0.7997743,0.5655028,-0.1674217,
1,33,98.869,0.5276117,0.9997333,-0.3935846,0.1441979,0.8059009,0.549261,-0.1674609,
1,33,98.871,0.5276117,0.9997333,-0.3935846,0.1441979,0.8059009,0.549261,-0.1674609,
1,33,98.873,0.5276117,0.9997333,-0.3935846,0.1441979,0.8059009,0.549261,-0.1674609,
1,33,98.875,0.5276117,0.9997333,-0.3935846,0.1441979,0.8059009,0.549261,-0.1674609,
1,33,98.877,0.5259698,1.001627,-0.3933787,0.1684399,0.8086945,0.5374287,-0.16974,
1,33,98.879,0.5259698,1.001627,-0.3933787,0.1684399,0.8086945,0.5374287,-0.16974,
1,33,98.881,0.5259698,1.001627,-0.3933787,0.1684399,0.8086945,0.5374287,-0.16974,
1,33,98.883,0.5259698,1.001627,-0.3933787,0.1684399,0.8086945,0.5374287,-0.16974,
1,33,98.885,0.5141064,0.9977901,-0.3879996,0.2077533,0.8120037,0.5203363,-0.1635202,
1,33,98.887,0.5141064,0.9977901,-0.3879996,0.2077533,0.8120037,0.5203363,-0.1635202,
1,33,98.889,0.5141064,0.9977901,-0.3879996,0.2077533,0.8120037,0.5203363,-0.1635202,
1,33,98.891,0.5141064,0.9977901,-0.3879996,0.2077533,0.8120037,0.5203363,-0.1635202,
1,33,98.893,0.5075291,0.997725,-0.3849614,0.2381783,0.811681,0.5085389,-0.1607276,
1,33,98.895,0.5075291,0.997725,-0.3849614,0.2381783,0.811681,0.5085389,-0.1607276,
1,33,98.897,0.5075291,0.997725,-0.3849614,0.2381783,0.811681,0.5085389,-0.1607276,
1,33,98.899,0.5075291,0.997725,-0.3849614,0.2381783,0.811681,0.5085389,-0.1607276,
1,33,98.901,0.5010089,0.998169,-0.38209,0.2679683,0.8089575,0.4992186,-0.1567215,
1,33,98.903,0.5010089,0.998169,-0.38209,0.2679683,0.8089575,0.4992186,-0.1567215,
1,33,98.905,0.5010089,0.998169,-0.38209,0.2679683,0.8089575,0.4992186,-0.1567215,
1,33,98.907,0.5010089,0.998169,-0.38209,0.2679683,0.8089575,0.4992186,-0.1567215,
1,33,98.909,0.4948441,0.9994723,-0.3792755,0.2969753,0.8041136,0.4921814,-0.1515401,
1,33,98.911,0.4948441,0.9994723,-0.3792755,0.2969753,0.8041136,0.4921814,-0.1515401,
1,33,98.913,0.4948441,0.9994723,-0.3792755,0.2969753,0.8041136,0.4921814,-0.1515401,
1,33,98.915,0.4948441,0.9994723,-0.3792755,0.2969753,0.8041136,0.4921814,-0.1515401,
1,33,98.917,0.4948441,0.9994723,-0.3792755,0.2969753,0.8041136,0.4921814,-0.1515401,
1,33,98.919,0.4889996,1.002046,-0.3768781,0.3257578,0.7968726,0.4877473,-0.1448394,
1,33,98.921,0.4889996,1.002046,-0.3768781,0.3257578,0.7968726,0.4877473,-0.1448394,
1,33,98.923,0.4889996,1.002046,-0.3768781,0.3257578,0.7968726,0.4877473,-0.1448394,
1,33,98.925,0.4889996,1.002046,-0.3768781,0.3257578,0.7968726,0.4877473,-0.1448394,
1,33,98.927,0.4834759,1.005349,-0.3746879,0.3531072,0.7874465,0.4861144,-0.1376089,
1,33,98.929,0.4834759,1.005349,-0.3746879,0.3531072,0.7874465,0.4861144,-0.1376089,
1,33,98.931,0.4834759,1.005349,-0.3746879,0.3531072,0.7874465,0.4861144,-0.1376089,
1,33,98.933,0.4834759,1.005349,-0.3746879,0.3531072,0.7874465,0.4861144,-0.1376089,
1,33,98.935,0.4784672,1.009029,-0.3727906,0.3784522,0.7764501,0.4868622,-0.1298632,
1,33,98.937,0.4784672,1.009029,-0.3727906,0.3784522,0.7764501,0.4868622,-0.1298632,
1,33,98.939,0.4784672,1.009029,-0.3727906,0.3784522,0.7764501,0.4868622,-0.1298632,
1,33,98.941,0.4784672,1.009029,-0.3727906,0.3784522,0.7764501,0.4868622,-0.1298632,
1,33,98.943,0.4737043,1.012722,-0.3706302,0.4020689,0.7645202,0.4889649,-0.1215024,
1,33,98.945,0.4737043,1.012722,-0.3706302,0.4020689,0.7645202,0.4889649,-0.1215024,
1,33,98.947,0.4737043,1.012722,-0.3706302,0.4020689,0.7645202,0.4889649,-0.1215024,
1,33,98.949,0.4737043,1.012722,-0.3706302,0.4020689,0.7645202,0.4889649,-0.1215024,
1,33,98.951,0.4689022,1.01525,-0.3677547,0.4215807,0.7525594,0.4926097,-0.1151514,
1,33,98.953,0.4689022,1.01525,-0.3677547,0.4215807,0.7525594,0.4926097,-0.1151514,
1,33,98.955,0.4689022,1.01525,-0.3677547,0.4215807,0.7525594,0.4926097,-0.1151514,
1,33,98.957,0.4689022,1.01525,-0.3677547,0.4215807,0.7525594,0.4926097,-0.1151514,
1,33,98.959,0.4645963,1.018321,-0.3655017,0.436529,0.740657,0.4988033,-0.1098409,
1,33,98.961,0.4645963,1.018321,-0.3655017,0.436529,0.740657,0.4988033,-0.1098409,
1,33,98.963,0.4645963,1.018321,-0.3655017,0.436529,0.740657,0.4988033,-0.1098409,
1,33,98.965,0.4645963,1.018321,-0.3655017,0.436529,0.740657,0.4988033,-0.1098409,
1,33,98.967,0.4645963,1.018321,-0.3655017,0.436529,0.740657,0.4988033,-0.1098409,
1,33,98.969,0.4609171,1.021685,-0.3645026,0.4458229,0.729809,0.5075337,-0.1050255,
1,33,98.971,0.4609171,1.021685,-0.3645026,0.4458229,0.729809,0.5075337,-0.1050255,
1,33,98.973,0.4609171,1.021685,-0.3645026,0.4458229,0.729809,0.5075337,-0.1050255,
1,33,98.975,0.4609171,1.021685,-0.3645026,0.4458229,0.729809,0.5075337,-0.1050255,
1,33,98.977,0.4567297,1.023488,-0.3634461,0.4490046,0.7222441,0.5163299,-0.1008055,
1,33,98.979,0.4567297,1.023488,-0.3634461,0.4490046,0.7222441,0.5163299,-0.1008055,
1,33,98.981,0.4567297,1.023488,-0.3634461,0.4490046,0.7222441,0.5163299,-0.1008055,
1,33,98.983,0.4567297,1.023488,-0.3634461,0.4490046,0.7222441,0.5163299,-0.1008055,
1,33,98.985,0.452604,1.024124,-0.3632094,0.4472314,0.7182463,0.5245236,-0.09477097,
1,33,98.987,0.452604,1.024124,-0.3632094,0.4472314,0.7182463,0.5245236,-0.09477097,
1,33,98.989,0.452604,1.024124,-0.3632094,0.4472314,0.7182463,0.5245236,-0.09477097,
1,33,98.991,0.452604,1.024124,-0.3632094,0.4472314,0.7182463,0.5245236,-0.09477097,
1,33,98.993,0.4491427,1.023705,-0.3644632,0.4385263,0.7180834,0.5332181,-0.08791664,
1,33,98.995,0.4491427,1.023705,-0.3644632,0.4385263,0.7180834,0.5332181,-0.08791664,
1,33,98.997,0.4491427,1.023705,-0.3644632,0.4385263,0.7180834,0.5332181,-0.08791664,
1,33,98.999,0.4491427,1.023705,-0.3644632,0.4385263,0.7180834,0.5332181,-0.08791664,
1,34,99.001,0.4459415,1.022822,-0.3668501,0.4221724,0.7209529,0.5434926,-0.08132145,CourtExit
1,34,99.003,0.4459415,1.022822,-0.3668501,0.4221724,0.7209529,0.5434926,-0.08132145,
1,34,99.005,0.4459415,1.022822,-0.3668501,0.4221724,0.7209529,0.5434926,-0.08132145,
1,34,99.007,0.4459415,1.022822,-0.3668501,0.4221724,0.7209529,0.5434926,-0.08132145,
1,34,99.009,0.4431451,1.020119,-0.3697964,0.3981897,0.7268015,0.5545247,-0.07554458,
1,34,99.011,0.4431451,1.020119,-0.3697964,0.3981897,0.7268015,0.5545247,-0.07554458,
1,34,99.013,0.4431451,1.020119,-0.3697964,0.3981897,0.7268015,0.5545247,-0.07554458,
1,34,99.015,0.4431451,1.020119,-0.3697964,0.3981897,0.7268015,0.5545247,-0.07554458,
1,34,99.017,0.4431451,1.020119,-0.3697964,0.3981897,0.7268015,0.5545247,-0.07554458,
1,34,99.019,0.4410822,1.01668,-0.3736748,0.3681518,0.7344763,0.5659119,-0.06893959,
1,34,99.021,0.4410822,1.01668,-0.3736748,0.3681518,0.7344763,0.5659119,-0.06893959,
1,34,99.023,0.4410822,1.01668,-0.3736748,0.3681518,0.7344763,0.5659119,-0.06893959,
1,34,99.025,0.4410822,1.01668,-0.3736748,0.3681518,0.7344763,0.5659119,-0.06893959,
1,34,99.027,0.439806,1.012151,-0.3778788,0.3333625,0.7436082,0.5764127,-0.06053763,
1,34,99.029,0.439806,1.012151,-0.3778788,0.3333625,0.7436082,0.5764127,-0.06053763,
1,34,99.031,0.439806,1.012151,-0.3778788,0.3333625,0.7436082,0.5764127,-0.06053763,
1,34,99.033,0.439806,1.012151,-0.3778788,0.3333625,0.7436082,0.5764127,-0.06053763,
1,34,99.035,0.4397007,1.007321,-0.3824131,0.2962044,0.752977,0.5856303,-0.0482283,
1,34,99.037,0.4397007,1.007321,-0.3824131,0.2962044,0.752977,0.5856303,-0.0482283,
1,34,99.039,0.4397007,1.007321,-0.3824131,0.2962044,0.752977,0.5856303,-0.0482283,
1,34,99.041,0.4397007,1.007321,-0.3824131,0.2962044,0.752977,0.5856303,-0.0482283,
1,34,99.043,0.4407534,1.002559,-0.3871737,0.2582141,0.761519,0.5936683,-0.0311825,
1,34,99.045,0.4407534,1.002559,-0.3871737,0.2582141,0.761519,0.5936683,-0.0311825,
1,34,99.047,0.4407534,1.002559,-0.3871737,0.2582141,0.761519,0.5936683,-0.0311825,
1,34,99.049,0.4407534,1.002559,-0.3871737,0.2582141,0.761519,0.5936683,-0.0311825,
1,34,99.051,0.4437785,0.9985776,-0.3914638,0.2197176,0.7683914,0.6009748,-0.01132417,
1,34,99.053,0.4437785,0.9985776,-0.3914638,0.2197176,0.7683914,0.6009748,-0.01132417,
1,34,99.055,0.4437785,0.9985776,-0.3914638,0.2197176,0.7683914,0.6009748,-0.01132417,
1,34,99.057,0.4437785,0.9985776,-0.3914638,0.2197176,0.7683914,0.6009748,-0.01132417,
1,34,99.059,0.4476445,0.9952748,-0.3951348,0.1814688,0.7729347,0.6078764,0.01128834,
1,34,99.061,0.4476445,0.9952748,-0.3951348,0.1814688,0.7729347,0.6078764,0.01128834,
1,34,99.063,0.4476445,0.9952748,-0.3951348,0.1814688,0.7729347,0.6078764,0.01128834,
1,34,99.065,0.4476445,0.9952748,-0.3951348,0.1814688,0.7729347,0.6078764,0.01128834,
1,34,99.067,0.4476445,0.9952748,-0.3951348,0.1814688,0.7729347,0.6078764,0.01128834,
1,34,99.069,0.4519248,0.9923021,-0.3979092,0.1429986,0.7751879,0.6144506,0.0329516,
1,34,99.071,0.4519248,0.9923021,-0.3979092,0.1429986,0.7751879,0.6144506,0.0329516,
1,34,99.073,0.4519248,0.9923021,-0.3979092,0.1429986,0.7751879,0.6144506,0.0329516,
1,34,99.075,0.4519248,0.9923021,-0.3979092,0.1429986,0.7751879,0.6144506,0.0329516,
1,34,99.077,0.4571356,0.9903685,-0.4002253,0.1033783,0.7748345,0.6214532,0.05234918,
1,34,99.079,0.4571356,0.9903685,-0.4002253,0.1033783,0.7748345,0.6214532,0.05234918,
1,34,99.081,0.4571356,0.9903685,-0.4002253,0.1033783,0.7748345,0.6214532,0.05234918,
1,34,99.083,0.4571356,0.9903685,-0.4002253,0.1033783,0.7748345,0.6214532,0.05234918,
1,34,99.085,0.4628085,0.9889976,-0.4014527,0.06207627,0.7730519,0.627896,0.06545196,
1,34,99.087,0.4628085,0.9889976,-0.4014527,0.06207627,0.7730519,0.627896,0.06545196,
1,34,99.089,0.4628085,0.9889976,-0.4014527,0.06207627,0.7730519,0.627896,0.06545196,
1,34,99.091,0.4628085,0.9889976,-0.4014527,0.06207627,0.7730519,0.627896,0.06545196,
1,34,99.093,0.4678157,0.9884787,-0.4019874,0.01930338,0.7706442,0.6330577,0.07051891,
1,34,99.095,0.4678157,0.9884787,-0.4019874,0.01930338,0.7706442,0.6330577,0.07051891,
1,34,99.097,0.4678157,0.9884787,-0.4019874,0.01930338,0.7706442,0.6330577,0.07051891,
1,34,99.099,0.4678157,0.9884787,-0.4019874,0.01930338,0.7706442,0.6330577,0.07051891,
1,34,99.101,0.4717872,0.9881225,-0.4019931,-0.0217838,0.7682668,0.6359066,0.07010338,
1,34,99.103,0.4717872,0.9881225,-0.4019931,-0.0217838,0.7682668,0.6359066,0.07010338,
1,34,99.105,0.4717872,0.9881225,-0.4019931,-0.0217838,0.7682668,0.6359066,0.07010338,
1,34,99.107,0.4717872,0.9881225,-0.4019931,-0.0217838,0.7682668,0.6359066,0.07010338,
1,34,99.109,0.4754403,0.9879499,-0.4016737,-0.05757409,0.7660872,0.6364844,0.06843413,
1,34,99.111,0.4754403,0.9879499,-0.4016737,-0.05757409,0.7660872,0.6364844,0.06843413,
1,34,99.113,0.4754403,0.9879499,-0.4016737,-0.05757409,0.7660872,0.6364844,0.06843413,
1,34,99.115,0.4754403,0.9879499,-0.4016737,-0.05757409,0.7660872,0.6364844,0.06843413,
1,34,99.117,0.4754403,0.9879499,-0.4016737,-0.05757409,0.7660872,0.6364844,0.06843413,
1,34,99.119,0.478448,0.9878118,-0.4012887,-0.08505359,0.7640685,0.6358187,0.06855538,
1,34,99.121,0.478448,0.9878118,-0.4012887,-0.08505359,0.7640685,0.6358187,0.06855538,
1,34,99.123,0.478448,0.9878118,-0.4012887,-0.08505359,0.7640685,0.6358187,0.06855538,
1,34,99.125,0.478448,0.9878118,-0.4012887,-0.08505359,0.7640685,0.6358187,0.06855538,
1,34,99.127,0.4808273,0.9868317,-0.4008009,-0.1026898,0.7628014,0.6343944,0.07164291,
1,34,99.129,0.4808273,0.9868317,-0.4008009,-0.1026898,0.7628014,0.6343944,0.07164291,
1,34,99.131,0.4808273,0.9868317,-0.4008009,-0.1026898,0.7628014,0.6343944,0.07164291,
1,34,99.133,0.4808273,0.9868317,-0.4008009,-0.1026898,0.7628014,0.6343944,0.07164291,
1,34,99.135,0.483387,0.9857819,-0.4004968,-0.1106985,0.7622708,0.6332261,0.07558976,
1,34,99.137,0.483387,0.9857819,-0.4004968,-0.1106985,0.7622708,0.6332261,0.07558976,
1,34,99.139,0.483387,0.9857819,-0.4004968,-0.1106985,0.7622708,0.6332261,0.07558976,
1,34,99.141,0.483387,0.9857819,-0.4004968,-0.1106985,0.7622708,0.6332261,0.07558976,
1,34,99.143,0.4846475,0.984067,-0.4003282,-0.111866,0.7630324,0.6318908,0.07734204,
1,34,99.145,0.4846475,0.984067,-0.4003282,-0.111866,0.7630324,0.6318908,0.07734204,
1,34,99.147,0.4846475,0.984067,-0.4003282,-0.111866,0.7630324,0.6318908,0.07734204,
1,34,99.149,0.4846475,0.984067,-0.4003282,-0.111866,0.7630324,0.6318908,0.07734204,
1,34,99.151,0.4851659,0.9823118,-0.4004623,-0.1070106,0.7646399,0.630967,0.07586318,
1,34,99.153,0.4851659,0.9823118,-0.4004623,-0.1070106,0.7646399,0.630967,0.07586318,
1,34,99.155,0.4851659,0.9823118,-0.4004623,-0.1070106,0.7646399,0.630967,0.07586318,
1,34,99.157,0.4851659,0.9823118,-0.4004623,-0.1070106,0.7646399,0.630967,0.07586318,
1,34,99.159,0.4846878,0.9802027,-0.4007943,-0.09535855,0.7670133,0.6304237,0.07185698,
1,34,99.161,0.4846878,0.9802027,-0.4007943,-0.09535855,0.7670133,0.6304237,0.07185698,
1,34,99.163,0.4846878,0.9802027,-0.4007943,-0.09535855,0.7670133,0.6304237,0.07185698,
1,34,99.165,0.4846878,0.9802027,-0.4007943,-0.09535855,0.7670133,0.6304237,0.07185698,
1,34,99.167,0.4846878,0.9802027,-0.4007943,-0.09535855,0.7670133,0.6304237,0.07185698,
1,34,99.169,0.4837303,0.9783903,-0.4012416,-0.07709381,0.7693321,0.6306653,0.06667773,
1,34,99.171,0.4837303,0.9783903,-0.4012416,-0.07709381,0.7693321,0.6306653,0.06667773,
1,34,99.173,0.4837303,0.9783903,-0.4012416,-0.07709381,0.7693321,0.6306653,0.06667773,
1,34,99.175,0.4837303,0.9783903,-0.4012416,-0.07709381,0.7693321,0.6306653,0.06667773,
1,34,99.177,0.4817853,0.97711,-0.4019346,-0.05165079,0.7710858,0.6316054,0.06191608,
1,34,99.179,0.4817853,0.97711,-0.4019346,-0.05165079,0.7710858,0.6316054,0.06191608,
1,34,99.181,0.4817853,0.97711,-0.4019346,-0.05165079,0.7710858,0.6316054,0.06191608,
1,34,99.183,0.4817853,0.97711,-0.4019346,-0.05165079,0.7710858,0.6316054,0.06191608,
1,34,99.185,0.4789858,0.9759566,-0.4023501,-0.02013659,0.7723854,0.6322958,0.05672156,
1,34,99.187,0.4789858,0.9759566,-0.4023501,-0.02013659,0.7723854,0.6322958,0.05672156,
1,34,99.189,0.4789858,0.9759566,-0.4023501,-0.02013659,0.7723854,0.6322958,0.05672156,
1,34,99.191,0.4789858,0.9759566,-0.4023501,-0.02013659,0.7723854,0.6322958,0.05672156,
1,34,99.193,0.4752605,0.9755785,-0.402601,0.01576334,0.7726423,0.6326087,0.05081063,
1,34,99.195,0.4752605,0.9755785,-0.402601,0.01576334,0.7726423,0.6326087,0.05081063,
1,34,99.197,0.4752605,0.9755785,-0.402601,0.01576334,0.7726423,0.6326087,0.05081063,
1,34,99.199,0.4752605,0.9755785,-0.402601,0.01576334,0.7726423,0.6326087,0.05081063,
1,34,99.201,0.4709301,0.9762141,-0.4025933,0.05416575,0.7717998,0.6320938,0.04299387,
1,34,99.203,0.4709301,0.9762141,-0.4025933,0.05416575,0.7717998,0.6320938,0.04299387,
1,34,99.205,0.4709301,0.9762141,-0.4025933,0.05416575,0.7717998,0.6320938,0.04299387,
1,34,99.207,0.4709301,0.9762141,-0.4025933,0.05416575,0.7717998,0.6320938,0.04299387,
1,34,99.209,0.4649943,0.9776063,-0.4019831,0.09389636,0.7699389,0.6303266,0.03264757,
1,34,99.211,0.4649943,0.9776063,-0.4019831,0.09389636,0.7699389,0.6303266,0.03264757,
1,34,99.213,0.4649943,0.9776063,-0.4019831,0.09389636,0.7699389,0.6303266,0.03264757,
1,34,99.215,0.4649943,0.9776063,-0.4019831,0.09389636,0.7699389,0.6303266,0.03264757,
1,34,99.217,0.4649943,0.9776063,-0.4019831,0.09389636,0.7699389,0.6303266,0.03264757,
1,34,99.219,0.4593791,0.9793547,-0.4012259,0.1328674,0.7670099,0.627394,0.0204709,
1,34,99.221,0.4593791,0.9793547,-0.4012259,0.1328674,0.7670099,0.627394,0.0204709,
1,34,99.223,0.4593791,0.9793547,-0.4012259,0.1328674,0.7670099,0.627394,0.0204709,
1,34,99.225,0.4593791,0.9793547,-0.4012259,0.1328674,0.7670099,0.627394,0.0204709,
1,34,99.227,0.4536979,0.9818184,-0.399935,0.1696769,0.7630173,0.6236725,0.006863713,
1,34,99.229,0.4536979,0.9818184,-0.399935,0.1696769,0.7630173,0.6236725,0.006863713,
1,34,99.231,0.4536979,0.9818184,-0.399935,0.1696769,0.7630173,0.6236725,0.006863713,
1,34,99.233,0.4536979,0.9818184,-0.399935,0.1696769,0.7630173,0.6236725,0.006863713,
1,34,99.235,0.4477561,0.9842627,-0.398118,0.2041449,0.7582833,0.6190898,-0.007692777,
1,34,99.237,0.4477561,0.9842627,-0.398118,0.2041449,0.7582833,0.6190898,-0.007692777,
1,34,99.239,0.4477561,0.9842627,-0.398118,0.2041449,0.7582833,0.6190898,-0.007692777,
1,34,99.241,0.4477561,0.9842627,-0.398118,0.2041449,0.7582833,0.6190898,-0.007692777,
1,34,99.243,0.4418789,0.9860873,-0.39553,0.2346309,0.7531518,0.6142184,-0.02112997,
1,34,99.245,0.4418789,0.9860873,-0.39553,0.2346309,0.7531518,0.6142184,-0.02112997,
1,34,99.247,0.4418789,0.9860873,-0.39553,0.2346309,0.7531518,0.6142184,-0.02112997,
1,34,99.249,0.4418789,0.9860873,-0.39553,0.2346309,0.7531518,0.6142184,-0.02112997,
1,34,99.251,0.4368609,0.9878952,-0.3922835,0.2592801,0.7478341,0.6102748,-0.03290455,
1,34,99.253,0.4368609,0.9878952,-0.3922835,0.2592801,0.7478341,0.6102748,-0.03290455,
1,34,99.255,0.4368609,0.9878952,-0.3922835,0.2592801,0.7478341,0.6102748,-0.03290455,
1,34,99.257,0.4368609,0.9878952,-0.3922835,0.2592801,0.7478341,0.6102748,-0.03290455,
1,34,99.259,0.4333653,0.9894366,-0.3890181,0.2772854,0.7427315,0.6080886,-0.04112256,
1,34,99.261,0.4333653,0.9894366,-0.3890181,0.2772854,0.7427315,0.6080886,-0.04112256,
1,34,99.263,0.4333653,0.9894366,-0.3890181,0.2772854,0.7427315,0.6080886,-0.04112256,
1,34,99.265,0.4333653,0.9894366,-0.3890181,0.2772854,0.7427315,0.6080886,-0.04112256,
1,34,99.267,0.4333653,0.9894366,-0.3890181,0.2772854,0.7427315,0.6080886,-0.04112256,
1,34,99.269,0.4323052,0.9904984,-0.3866852,0.2873036,0.7383916,0.6084443,-0.045057,
1,34,99.271,0.4323052,0.9904984,-0.3866852,0.2873036,0.7383916,0.6084443,-0.045057,
1,34,99.273,0.4323052,0.9904984,-0.3866852,0.2873036,0.7383916,0.6084443,-0.045057,
1,34,99.275,0.4323052,0.9904984,-0.3866852,0.2873036,0.7383916,0.6084443,-0.045057,
1,34,99.277,0.4332374,0.9910777,-0.3854932,0.2887179,0.7350554,0.6117557,-0.04572114,
1,34,99.279,0.4332374,0.9910777,-0.3854932,0.2887179,0.7350554,0.6117557,-0.04572114,
1,34,99.281,0.4332374,0.9910777,-0.3854932,0.2887179,0.7350554,0.6117557,-0.04572114,
1,34,99.283,0.4332374,0.9910777,-0.3854932,0.2887179,0.7350554,0.6117557,-0.04572114,
1,34,99.285,0.4355482,0.9912142,-0.385552,0.2827473,0.7327266,0.6174951,-0.04319253,
1,34,99.287,0.4355482,0.9912142,-0.385552,0.2827473,0.7327266,0.6174951,-0.04319253,
1,34,99.289,0.4355482,0.9912142,-0.385552,0.2827473,0.7327266,0.6174951,-0.04319253,
1,34,99.291,0.4355482,0.9912142,-0.385552,0.2827473,0.7327266,0.6174951,-0.04319253,
1,34,99.293,0.4392099,0.9911227,-0.38687,0.2697994,0.7313269,0.6252356,-0.03807619,
1,34,99.295,0.4392099,0.9911227,-0.38687,0.2697994,0.7313269,0.6252356,-0.03807619,
1,34,99.297,0.4392099,0.9911227,-0.38687,0.2697994,0.7313269,0.6252356,-0.03807619,
1,34,99.299,0.4392099,0.9911227,-0.38687,0.2697994,0.7313269,0.6252356,-0.03807619,
1,34,99.301,0.4443012,0.990675,-0.3890688,0.2503655,0.7309069,0.6341444,-0.03087313,
1,34,99.303,0.4443012,0.990675,-0.3890688,0.2503655,0.7309069,0.6341444,-0.03087313,
1,34,99.305,0.4443012,0.990675,-0.3890688,0.2503655,0.7309069,0.6341444,-0.03087313,
1,34,99.307,0.4443012,0.990675,-0.3890688,0.2503655,0.7309069,0.6341444,-0.03087313,
1,34,99.309,0.4508039,0.9895104,-0.391813,0.2256099,0.7316096,0.6429634,-0.02110724,
1,34,99.311,0.4508039,0.9895104,-0.391813,0.2256099,0.7316096,0.6429634,-0.02110724,
1,34,99.313,0.4508039,0.9895104,-0.391813,0.2256099,0.7316096,0.6429634,-0.02110724,
1,34,99.315,0.4508039,0.9895104,-0.391813,0.2256099,0.7316096,0.6429634,-0.02110724,
1,34,99.317,0.4508039,0.9895104,-0.391813,0.2256099,0.7316096,0.6429634,-0.02110724,
1,34,99.319,0.4585413,0.9886072,-0.3948335,0.1978393,0.7326319,0.6511593,-0.01008675,
1,34,99.321,0.4585413,0.9886072,-0.3948335,0.1978393,0.7326319,0.6511593,-0.01008675,
1,34,99.323,0.4585413,0.9886072,-0.3948335,0.1978393,0.7326319,0.6511593,-0.01008675,
1,34,99.325,0.4585413,0.9886072,-0.3948335,0.1978393,0.7326319,0.6511593,-0.01008675,
1,34,99.327,0.4666857,0.9870927,-0.3977746,0.1674064,0.7344745,0.6576642,0.000184074,
1,34,99.329,0.4666857,0.9870927,-0.3977746,0.1674064,0.7344745,0.6576642,0.000184074,
1,34,99.331,0.4666857,0.9870927,-0.3977746,0.1674064,0.7344745,0.6576642,0.000184074,
1,34,99.333,0.4666857,0.9870927,-0.3977746,0.1674064,0.7344745,0.6576642,0.000184074,
1,34,99.335,0.4749359,0.9862541,-0.4008743,0.1356038,0.7363352,0.662836,0.008405339,
1,34,99.337,0.4749359,0.9862541,-0.4008743,0.1356038,0.7363352,0.662836,0.008405339,
1,34,99.339,0.4749359,0.9862541,-0.4008743,0.1356038,0.7363352,0.662836,0.008405339,
1,34,99.341,0.4749359,0.9862541,-0.4008743,0.1356038,0.7363352,0.662836,0.008405339,
1,34,99.343,0.4833122,0.9854475,-0.403927,0.1028122,0.7386307,0.6661007,0.01282078,
1,34,99.345,0.4833122,0.9854475,-0.403927,0.1028122,0.7386307,0.6661007,0.01282078,
1,34,99.347,0.4833122,0.9854475,-0.403927,0.1028122,0.7386307,0.6661007,0.01282078,
1,34,99.349,0.4833122,0.9854475,-0.403927,0.1028122,0.7386307,0.6661007,0.01282078,
1,34,99.351,0.4903543,0.9850166,-0.4066152,0.07251516,0.7411809,0.6672263,0.01419111,
1,34,99.353,0.4903543,0.9850166,-0.4066152,0.07251516,0.7411809,0.6672263,0.01419111,
1,34,99.355,0.4903543,0.9850166,-0.4066152,0.07251516,0.7411809,0.6672263,0.01419111,
1,34,99.357,0.4903543,0.9850166,-0.4066152,0.07251516,0.7411809,0.6672263,0.01419111,
1,34,99.359,0.4957857,0.9847556,-0.4090531,0.04788455,0.7439753,0.6663197,0.01502671,
1,34,99.361,0.4957857,0.9847556,-0.4090531,0.04788455,0.7439753,0.6663197,0.01502671,
1,34,99.363,0.4957857,0.9847556,-0.4090531,0.04788455,0.7439753,0.6663197,0.01502671,
1,34,99.365,0.4957857,0.9847556,-0.4090531,0.04788455,0.7439753,0.6663197,0.01502671,
1,34,99.367,0.4957857,0.9847556,-0.4090531,0.04788455,0.7439753,0.6663197,0.01502671,
1,34,99.369,0.4997351,0.9843053,-0.4111782,0.03030044,0.7469124,0.6640174,0.01686835,
1,34,99.371,0.4997351,0.9843053,-0.4111782,0.03030044,0.7469124,0.6640174,0.01686835,
1,34,99.373,0.4997351,0.9843053,-0.4111782,0.03030044,0.7469124,0.6640174,0.01686835,
1,34,99.375,0.4997351,0.9843053,-0.4111782,0.03030044,0.7469124,0.6640174,0.01686835,
1,34,99.377,0.5023229,0.9836649,-0.413047,0.01984555,0.7497082,0.6611619,0.02021873,
1,34,99.379,0.5023229,0.9836649,-0.413047,0.01984555,0.7497082,0.6611619,0.02021873,
1,34,99.381,0.5023229,0.9836649,-0.413047,0.01984555,0.7497082,0.6611619,0.02021873,
1,34,99.383,0.5023229,0.9836649,-0.413047,0.01984555,0.7497082,0.6611619,0.02021873,
1,34,99.385,0.5035449,0.9832324,-0.4147397,0.01529557,0.7520295,0.6585013,0.02436959,
1,34,99.387,0.5035449,0.9832324,-0.4147397,0.01529557,0.7520295,0.6585013,0.02436959,
1,34,99.389,0.5035449,0.9832324,-0.4147397,0.01529557,0.7520295,0.6585013,0.02436959,
1,34,99.391,0.5035449,0.9832324,-0.4147397,0.01529557,0.7520295,0.6585013,0.02436959,
1,34,99.393,0.5034575,0.9829246,-0.4163961,0.01439583,0.7538885,0.6562636,0.02762108,
1,34,99.395,0.5034575,0.9829246,-0.4163961,0.01439583,0.7538885,0.6562636,0.02762108,
1,34,99.397,0.5034575,0.9829246,-0.4163961,0.01439583,0.7538885,0.6562636,0.02762108,
1,34,99.399,0.5034575,0.9829246,-0.4163961,0.01439583,0.7538885,0.6562636,0.02762108,
1,34,99.401,0.5026197,0.9824724,-0.4180392,0.01550895,0.7554165,0.6543821,0.02982436,
1,34,99.403,0.5026197,0.9824724,-0.4180392,0.01550895,0.7554165,0.6543821,0.02982436,
1,34,99.405,0.5026197,0.9824724,-0.4180392,0.01550895,0.7554165,0.6543821,0.02982436,
1,34,99.407,0.5026197,0.9824724,-0.4180392,0.01550895,0.7554165,0.6543821,0.02982436,
1,34,99.409,0.5009869,0.9820196,-0.4197384,0.01845956,0.7564896,0.6530133,0.03092556,
1,34,99.411,0.5009869,0.9820196,-0.4197384,0.01845956,0.7564896,0.6530133,0.03092556,
1,34,99.413,0.5009869,0.9820196,-0.4197384,0.01845956,0.7564896,0.6530133,0.03092556,
1,34,99.415,0.5009869,0.9820196,-0.4197384,0.01845956,0.7564896,0.6530133,0.03092556,
1,34,99.417,0.5009869,0.9820196,-0.4197384,0.01845956,0.7564896,0.6530133,0.03092556,
1,34,99.419,0.4990209,0.9814216,-0.4215806,0.02224141,0.7571492,0.6521046,0.03146582,
1,34,99.421,0.4990209,0.9814216,-0.4215806,0.02224141,0.7571492,0.6521046,0.03146582,
1,34,99.423,0.4990209,0.9814216,-0.4215806,0.02224141,0.7571492,0.6521046,0.03146582,
1,34,99.425,0.4990209,0.9814216,-0.4215806,0.02224141,0.7571492,0.6521046,0.03146582,
1,34,99.427,0.4966032,0.9807526,-0.4233037,0.02696159,0.757403,0.6516339,0.03141937,
1,34,99.429,0.4966032,0.9807526,-0.4233037,0.02696159,0.757403,0.6516339,0.03141937,
1,34,99.431,0.4966032,0.9807526,-0.4233037,0.02696159,0.757403,0.6516339,0.03141937,
1,34,99.433,0.4966032,0.9807526,-0.4233037,0.02696159,0.757403,0.6516339,0.03141937,
1,34,99.435,0.4944198,0.9802179,-0.4251689,0.03157902,0.7571304,0.6517432,0.03141754,
1,34,99.437,0.4944198,0.9802179,-0.4251689,0.03157902,0.7571304,0.6517432,0.03141754,
1,34,99.439,0.4944198,0.9802179,-0.4251689,0.03157902,0.7571304,0.6517432,0.03141754,
1,34,99.441,0.4944198,0.9802179,-0.4251689,0.03157902,0.7571304,0.6517432,0.03141754,
1,34,99.443,0.4925009,0.979641,-0.426899,0.03570884,0.7564956,0.6522954,0.03082414,
1,34,99.445,0.4925009,0.979641,-0.426899,0.03570884,0.7564956,0.6522954,0.03082414,
1,34,99.447,0.4925009,0.979641,-0.426899,0.03570884,0.7564956,0.6522954,0.03082414,
1,34,99.449,0.4925009,0.979641,-0.426899,0.03570884,0.7564956,0.6522954,0.03082414,
1,34,99.451,0.4907902,0.9792646,-0.4285887,0.03919739,0.7553913,0.6534204,0.0298248,
1,34,99.453,0.4907902,0.9792646,-0.4285887,0.03919739,0.7553913,0.6534204,0.0298248,
1,34,99.455,0.4907902,0.9792646,-0.4285887,0.03919739,0.7553913,0.6534204,0.0298248,
1,34,99.457,0.4907902,0.9792646,-0.4285887,0.03919739,0.7553913,0.6534204,0.0298248,
1,34,99.459,0.4895152,0.9789634,-0.4301791,0.04126966,0.7539917,0.6549875,0.02801443,
1,34,99.461,0.4895152,0.9789634,-0.4301791,0.04126966,0.7539917,0.6549875,0.02801443,
1,34,99.463,0.4895152,0.9789634,-0.4301791,0.04126966,0.7539917,0.6549875,0.02801443,
1,34,99.465,0.4895152,0.9789634,-0.4301791,0.04126966,0.7539917,0.6549875,0.02801443,
1,34,99.467,0.4895152,0.9789634,-0.4301791,0.04126966,0.7539917,0.6549875,0.02801443,
1,34,99.469,0.4888833,0.9788753,-0.4317713,0.04209495,0.7523335,0.6569233,0.02596449,
1,34,99.471,0.4888833,0.9788753,-0.4317713,0.04209495,0.7523335,0.6569233,0.02596449,
1,34,99.473,0.4888833,0.9788753,-0.4317713,0.04209495,0.7523335,0.6569233,0.02596449,
1,34,99.475,0.4888833,0.9788753,-0.4317713,0.04209495,0.7523335,0.6569233,0.02596449,
1,34,99.477,0.4885914,0.9790654,-0.4332865,0.04165226,0.7504986,0.6591455,0.02332794,
1,34,99.479,0.4885914,0.9790654,-0.4332865,0.04165226,0.7504986,0.6591455,0.02332794,
1,34,99.481,0.4885914,0.9790654,-0.4332865,0.04165226,0.7504986,0.6591455,0.02332794,
1,34,99.483,0.4885914,0.9790654,-0.4332865,0.04165226,0.7504986,0.6591455,0.02332794,
1,34,99.485,0.4887332,0.9792442,-0.4347571,0.04047853,0.7487772,0.6612539,0.02091562,
1,34,99.487,0.4887332,0.9792442,-0.4347571,0.04047853,0.7487772,0.6612539,0.02091562,
1,34,99.489,0.4887332,0.9792442,-0.4347571,0.04047853,0.7487772,0.6612539,0.02091562,
1,34,99.491,0.4887332,0.9792442,-0.4347571,0.04047853,0.7487772,0.6612539,0.02091562,
1,34,99.493,0.4889352,0.9795639,-0.4359404,0.03971097,0.7472277,0.6630986,0.01933925,
1,34,99.495,0.4889352,0.9795639,-0.4359404,0.03971097,0.7472277,0.6630986,0.01933925,
1,34,99.497,0.4889352,0.9795639,-0.4359404,0.03971097,0.7472277,0.6630986,0.01933925,
1,34,99.499,0.4889352,0.9795639,-0.4359404,0.03971097,0.7472277,0.6630986,0.01933925,
1,34,99.501,0.4895489,0.980114,-0.4369539,0.03945261,0.7457976,0.6647235,0.01928884,
1,34,99.503,0.4895489,0.980114,-0.4369539,0.03945261,0.7457976,0.6647235,0.01928884,
1,34,99.505,0.4895489,0.980114,-0.4369539,0.03945261,0.7457976,0.6647235,0.01928884,
1,34,99.507,0.4895489,0.980114,-0.4369539,0.03945261,0.7457976,0.6647235,0.01928884,
1,34,99.509,0.4904481,0.9808596,-0.4379177,0.03985533,0.7445666,0.6660436,0.02044807,
1,34,99.511,0.4904481,0.9808596,-0.4379177,0.03985533,0.7445666,0.6660436,0.02044807,
1,34,99.513,0.4904481,0.9808596,-0.4379177,0.03985533,0.7445666,0.6660436,0.02044807,
1,34,99.515,0.4904481,0.9808596,-0.4379177,0.03985533,0.7445666,0.6660436,0.02044807,
1,34,99.517,0.4904481,0.9808596,-0.4379177,0.03985533,0.7445666,0.6660436,0.02044807,
1,34,99.519,0.4913545,0.9815179,-0.4386415,0.04011905,0.7438844,0.666752,0.0216369,
1,34,99.521,0.4913545,0.9815179,-0.4386415,0.04011905,0.7438844,0.666752,0.0216369,
1,34,99.523,0.4913545,0.9815179,-0.4386415,0.04011905,0.7438844,0.666752,0.0216369,
1,34,99.525,0.4913545,0.9815179,-0.4386415,0.04011905,0.7438844,0.666752,0.0216369,
1,34,99.527,0.4924553,0.9826602,-0.4391245,0.039985,0.7435026,0.6671567,0.0225191,
1,34,99.529,0.4924553,0.9826602,-0.4391245,0.039985,0.7435026,0.6671567,0.0225191,
1,34,99.531,0.4924553,0.9826602,-0.4391245,0.039985,0.7435026,0.6671567,0.0225191,
1,34,99.533,0.4924553,0.9826602,-0.4391245,0.039985,0.7435026,0.6671567,0.0225191,
1,34,99.535,0.4935828,0.9841003,-0.439317,0.03930625,0.743561,0.667125,0.02272298,
1,34,99.537,0.4935828,0.9841003,-0.439317,0.03930625,0.743561,0.667125,0.02272298,
1,34,99.539,0.4935828,0.9841003,-0.439317,0.03930625,0.743561,0.667125,0.02272298,
1,34,99.541,0.4935828,0.9841003,-0.439317,0.03930625,0.743561,0.667125,0.02272298,
1,34,99.543,0.4946729,0.9856809,-0.4392211,0.03788444,0.744159,0.6665593,0.02215652,
1,34,99.545,0.4946729,0.9856809,-0.4392211,0.03788444,0.744159,0.6665593,0.02215652,
1,34,99.547,0.4946729,0.9856809,-0.4392211,0.03788444,0.744159,0.6665593,0.02215652,
1,34,99.549,0.4946729,0.9856809,-0.4392211,0.03788444,0.744159,0.6665593,0.02215652,
1,34,99.551,0.4957161,0.9877272,-0.4387401,0.03624418,0.7451464,0.6655809,0.0211049,
1,34,99.553,0.4957161,0.9877272,-0.4387401,0.03624418,0.7451464,0.6655809,0.0211049,
1,34,99.555,0.4957161,0.9877272,-0.4387401,0.03624418,0.7451464,0.6655809,0.0211049,
1,34,99.557,0.4957161,0.9877272,-0.4387401,0.03624418,0.7451464,0.6655809,0.0211049,
1,34,99.559,0.4968244,0.9899922,-0.4378952,0.03425047,0.7467316,0.6639484,0.01978234,
1,34,99.561,0.4968244,0.9899922,-0.4378952,0.03425047,0.7467316,0.6639484,0.01978234,
1,34,99.563,0.4968244,0.9899922,-0.4378952,0.03425047,0.7467316,0.6639484,0.01978234,
1,34,99.565,0.4968244,0.9899922,-0.4378952,0.03425047,0.7467316,0.6639484,0.01978234,
1,34,99.567,0.4968244,0.9899922,-0.4378952,0.03425047,0.7467316,0.6639484,0.01978234,
1,34,99.569,0.4981328,0.9927477,-0.4366474,0.03206521,0.7487647,0.6617946,0.01874287,
1,34,99.571,0.4981328,0.9927477,-0.4366474,0.03206521,0.7487647,0.6617946,0.01874287,
1,34,99.573,0.4981328,0.9927477,-0.4366474,0.03206521,0.7487647,0.6617946,0.01874287,
1,34,99.575,0.4981328,0.9927477,-0.4366474,0.03206521,0.7487647,0.6617946,0.01874287,
1,34,99.577,0.4991272,0.9958593,-0.4349982,0.02982622,0.7512127,0.6591549,0.01745927,
1,34,99.579,0.4991272,0.9958593,-0.4349982,0.02982622,0.7512127,0.6591549,0.01745927,
1,34,99.581,0.4991272,0.9958593,-0.4349982,0.02982622,0.7512127,0.6591549,0.01745927,
1,34,99.583,0.4991272,0.9958593,-0.4349982,0.02982622,0.7512127,0.6591549,0.01745927,
1,34,99.585,0.5001401,0.9996453,-0.4329401,0.02734992,0.7542101,0.6558613,0.01628407,
1,34,99.587,0.5001401,0.9996453,-0.4329401,0.02734992,0.7542101,0.6558613,0.01628407,
1,34,99.589,0.5001401,0.9996453,-0.4329401,0.02734992,0.7542101,0.6558613,0.01628407,
1,34,99.591,0.5001401,0.9996453,-0.4329401,0.02734992,0.7542101,0.6558613,0.01628407,
1,34,99.593,0.5011234,1.003891,-0.4307017,0.02477947,0.7577704,0.6518729,0.015224,
1,34,99.595,0.5011234,1.003891,-0.4307017,0.02477947,0.7577704,0.6518729,0.015224,
1,34,99.597,0.5011234,1.003891,-0.4307017,0.02477947,0.7577704,0.6518729,0.015224,
1,34,99.599,0.5011234,1.003891,-0.4307017,0.02477947,0.7577704,0.6518729,0.015224,
1,34,99.601,0.5020607,1.008742,-0.4281513,0.02215526,0.7619699,0.6470746,0.01433937,
1,34,99.603,0.5020607,1.008742,-0.4281513,0.02215526,0.7619699,0.6470746,0.01433937,
1,34,99.605,0.5020607,1.008742,-0.4281513,0.02215526,0.7619699,0.6470746,0.01433937,
1,34,99.607,0.5020607,1.008742,-0.4281513,0.02215526,0.7619699,0.6470746,0.01433937,
1,34,99.609,0.5033006,1.013647,-0.4255678,0.01897088,0.766861,0.6413838,0.01382939,
1,34,99.611,0.5033006,1.013647,-0.4255678,0.01897088,0.766861,0.6413838,0.01382939,
1,34,99.613,0.5033006,1.013647,-0.4255678,0.01897088,0.766861,0.6413838,0.01382939,
1,34,99.615,0.5033006,1.013647,-0.4255678,0.01897088,0.766861,0.6413838,0.01382939,
1,34,99.617,0.5033006,1.013647,-0.4255678,0.01897088,0.766861,0.6413838,0.01382939,
1,34,99.619,0.5045237,1.018898,-0.4228284,0.0152165,0.7725359,0.6346577,0.01290152,
1,34,99.621,0.5045237,1.018898,-0.4228284,0.0152165,0.7725359,0.6346577,0.01290152,
1,34,99.623,0.5045237,1.018898,-0.4228284,0.0152165,0.7725359,0.6346577,0.01290152,
1,34,99.625,0.5045237,1.018898,-0.4228284,0.0152165,0.7725359,0.6346577,0.01290152,
1,34,99.627,0.5060139,1.023787,-0.4200708,0.01023126,0.7792435,0.626537,0.01123994,
1,34,99.629,0.5060139,1.023787,-0.4200708,0.01023126,0.7792435,0.626537,0.01123994,
1,34,99.631,0.5060139,1.023787,-0.4200708,0.01023126,0.7792435,0.626537,0.01123994,
1,34,99.633,0.5060139,1.023787,-0.4200708,0.01023126,0.7792435,0.626537,0.01123994,
1,34,99.635,0.5075204,1.028074,-0.41722,0.003733218,0.7866872,0.617299,0.007161904,
1,34,99.637,0.5075204,1.028074,-0.41722,0.003733218,0.7866872,0.617299,0.007161904,
1,34,99.639,0.5075204,1.028074,-0.41722,0.003733218,0.7866872,0.617299,0.007161904,
1,34,99.641,0.5075204,1.028074,-0.41722,0.003733218,0.7866872,0.617299,0.007161904,
1,34,99.643,0.5093679,1.031579,-0.4145228,-0.004225552,0.7947215,0.6069585,0.001106966,
1,34,99.645,0.5093679,1.031579,-0.4145228,-0.004225552,0.7947215,0.6069585,0.001106966,
1,34,99.647,0.5093679,1.031579,-0.4145228,-0.004225552,0.7947215,0.6069585,0.001106966,
1,34,99.649,0.5093679,1.031579,-0.4145228,-0.004225552,0.7947215,0.6069585,0.001106966,
1,34,99.651,0.5115036,1.034209,-0.411927,-0.01286548,0.8032535,0.5954647,-0.00633109,
1,34,99.653,0.5115036,1.034209,-0.411927,-0.01286548,0.8032535,0.5954647,-0.00633109,
1,34,99.655,0.5115036,1.034209,-0.411927,-0.01286548,0.8032535,0.5954647,-0.00633109,
1,34,99.657,0.5115036,1.034209,-0.411927,-0.01286548,0.8032535,0.5954647,-0.00633109,
1,34,99.659,0.514281,1.035668,-0.4096969,-0.02231282,0.8115139,0.5837016,-0.01548409,
1,34,99.661,0.514281,1.035668,-0.4096969,-0.02231282,0.8115139,0.5837016,-0.01548409,
1,34,99.663,0.514281,1.035668,-0.4096969,-0.02231282,0.8115139,0.5837016,-0.01548409,
1,34,99.665,0.514281,1.035668,-0.4096969,-0.02231282,0.8115139,0.5837016,-0.01548409,
1,34,99.667,0.514281,1.035668,-0.4096969,-0.02231282,0.8115139,0.5837016,-0.01548409,
1,34,99.669,0.5176185,1.035873,-0.4079628,-0.03109881,0.8194063,0.5718506,-0.02435484,
1,34,99.671,0.5176185,1.035873,-0.4079628,-0.03109881,0.8194063,0.5718506,-0.02435484,
1,34,99.673,0.5176185,1.035873,-0.4079628,-0.03109881,0.8194063,0.5718506,-0.02435484,
1,34,99.675,0.5176185,1.035873,-0.4079628,-0.03109881,0.8194063,0.5718506,-0.02435484,
1,34,99.677,0.5212485,1.034848,-0.4062925,-0.03773016,0.8263872,0.5609876,-0.03087966,
1,34,99.679,0.5212485,1.034848,-0.4062925,-0.03773016,0.8263872,0.5609876,-0.03087966,
1,34,99.681,0.5212485,1.034848,-0.4062925,-0.03773016,0.8263872,0.5609876,-0.03087966,
1,34,99.683,0.5212485,1.034848,-0.4062925,-0.03773016,0.8263872,0.5609876,-0.03087966,
1,34,99.685,0.5247442,1.032692,-0.4047684,-0.0426062,0.8323244,0.5514394,-0.03654543,
1,34,99.687,0.5247442,1.032692,-0.4047684,-0.0426062,0.8323244,0.5514394,-0.03654543,
1,34,99.689,0.5247442,1.032692,-0.4047684,-0.0426062,0.8323244,0.5514394,-0.03654543,
1,34,99.691,0.5247442,1.032692,-0.4047684,-0.0426062,0.8323244,0.5514394,-0.03654543,
1,34,99.693,0.5290233,1.029136,-0.4034493,-0.04707754,0.8373668,0.5430474,-0.04123139,
1,34,99.695,0.5290233,1.029136,-0.4034493,-0.04707754,0.8373668,0.5430474,-0.04123139,
1,34,99.697,0.5290233,1.029136,-0.4034493,-0.04707754,0.8373668,0.5430474,-0.04123139,
1,34,99.699,0.5290233,1.029136,-0.4034493,-0.04707754,0.8373668,0.5430474,-0.04123139,
1,34,99.701,0.5343698,1.024146,-0.402183,-0.052894,0.8415738,0.5354998,-0.04685932,
1,34,99.703,0.5343698,1.024146,-0.402183,-0.052894,0.8415738,0.5354998,-0.04685932,
1,34,99.705,0.5343698,1.024146,-0.402183,-0.052894,0.8415738,0.5354998,-0.04685932,
1,34,99.707,0.5343698,1.024146,-0.402183,-0.052894,0.8415738,0.5354998,-0.04685932,
1,34,99.709,0.5417275,1.017165,-0.4004818,-0.06038788,0.8454415,0.5280939,-0.05194971,
1,34,99.711,0.5417275,1.017165,-0.4004818,-0.06038788,0.8454415,0.5280939,-0.05194971,
1,34,99.713,0.5417275,1.017165,-0.4004818,-0.06038788,0.8454415,0.5280939,-0.05194971,
1,34,99.715,0.5417275,1.017165,-0.4004818,-0.06038788,0.8454415,0.5280939,-0.05194971,
1,34,99.717,0.5417275,1.017165,-0.4004818,-0.06038788,0.8454415,0.5280939,-0.05194971,
1,34,99.719,0.5506135,1.008982,-0.3991539,-0.06853384,0.848555,0.5217016,-0.05554391,
1,34,99.721,0.5506135,1.008982,-0.3991539,-0.06853384,0.848555,0.5217016,-0.05554391,
1,34,99.723,0.5506135,1.008982,-0.3991539,-0.06853384,0.848555,0.5217016,-0.05554391,
1,34,99.725,0.5506135,1.008982,-0.3991539,-0.06853384,0.848555,0.5217016,-0.05554391,
1,34,99.727,0.5583217,1.001896,-0.4005128,-0.07553378,0.8490605,0.5194883,-0.05935321,
1,34,99.729,0.5583217,1.001896,-0.4005128,-0.07553378,0.8490605,0.5194883,-0.05935321,
1,34,99.731,0.5583217,1.001896,-0.4005128,-0.07553378,0.8490605,0.5194883,-0.05935321,
1,34,99.733,0.5583217,1.001896,-0.4005128,-0.07553378,0.8490605,0.5194883,-0.05935321,
1,34,99.735,0.5644435,0.9973727,-0.4055892,-0.08174822,0.8460236,0.5228988,-0.06432912,
1,34,99.737,0.5644435,0.9973727,-0.4055892,-0.08174822,0.8460236,0.5228988,-0.06432912,
1,34,99.739,0.5644435,0.9973727,-0.4055892,-0.08174822,0.8460236,0.5228988,-0.06432912,
1,34,99.741,0.5644435,0.9973727,-0.4055892,-0.08174822,0.8460236,0.5228988,-0.06432912,
1,34,99.743,0.5680593,0.9936525,-0.4111863,-0.08456862,0.8412027,0.5297473,-0.06777897,
1,34,99.745,0.5680593,0.9936525,-0.4111863,-0.08456862,0.8412027,0.5297473,-0.06777897,
1,34,99.747,0.5680593,0.9936525,-0.4111863,-0.08456862,0.8412027,0.5297473,-0.06777897,
1,34,99.749,0.5680593,0.9936525,-0.4111863,-0.08456862,0.8412027,0.5297473,-0.06777897,
1,34,99.751,0.5701816,0.99053,-0.415645,-0.08349016,0.8353221,0.5391169,-0.06796566,
1,34,99.753,0.5701816,0.99053,-0.415645,-0.08349016,0.8353221,0.5391169,-0.06796566,
1,34,99.755,0.5701816,0.99053,-0.415645,-0.08349016,0.8353221,0.5391169,-0.06796566,
1,34,99.757,0.5701816,0.99053,-0.415645,-0.08349016,0.8353221,0.5391169,-0.06796566,
1,34,99.759,0.5705657,0.9872929,-0.4191473,-0.07617882,0.8289469,0.5507274,-0.06118152,
1,34,99.761,0.5705657,0.9872929,-0.4191473,-0.07617882,0.8289469,0.5507274,-0.06118152,
1,34,99.763,0.5705657,0.9872929,-0.4191473,-0.07617882,0.8289469,0.5507274,-0.06118152,
1,34,99.765,0.5705657,0.9872929,-0.4191473,-0.07617882,0.8289469,0.5507274,-0.06118152,
1,34,99.767,0.5705657,0.9872929,-0.4191473,-0.07617882,0.8289469,0.5507274,-0.06118152,
1,34,99.769,0.5694356,0.9841143,-0.4224096,-0.06055182,0.8220116,0.5644682,-0.04478844,
1,34,99.771,0.5694356,0.9841143,-0.4224096,-0.06055182,0.8220116,0.5644682,-0.04478844,
1,34,99.773,0.5694356,0.9841143,-0.4224096,-0.06055182,0.8220116,0.5644682,-0.04478844,
1,34,99.775,0.5694356,0.9841143,-0.4224096,-0.06055182,0.8220116,0.5644682,-0.04478844,
1,34,99.777,0.5670708,0.9811989,-0.4254111,-0.03670532,0.8141151,0.5792168,-0.01942015,
1,34,99.779,0.5670708,0.9811989,-0.4254111,-0.03670532,0.8141151,0.5792168,-0.01942015,
1,34,99.781,0.5670708,0.9811989,-0.4254111,-0.03670532,0.8141151,0.5792168,-0.01942015,
1,34,99.783,0.5670708,0.9811989,-0.4254111,-0.03670532,0.8141151,0.5792168,-0.01942015,
1,34,99.785,0.5636691,0.9784964,-0.4282987,-0.007887065,0.8047969,0.5934069,0.01039093,
1,34,99.787,0.5636691,0.9784964,-0.4282987,-0.007887065,0.8047969,0.5934069,0.01039093,
1,34,99.789,0.5636691,0.9784964,-0.4282987,-0.007887065,0.8047969,0.5934069,0.01039093,
1,34,99.791,0.5636691,0.9784964,-0.4282987,-0.007887065,0.8047969,0.5934069,0.01039093,
1,34,99.793,0.5602087,0.9762865,-0.4315103,0.02074879,0.7939149,0.6064633,0.03835366,
1,34,99.795,0.5602087,0.9762865,-0.4315103,0.02074879,0.7939149,0.6064633,0.03835366,
1,34,99.797,0.5602087,0.9762865,-0.4315103,0.02074879,0.7939149,0.6064633,0.03835366,
1,34,99.799,0.5602087,0.9762865,-0.4315103,0.02074879,0.7939149,0.6064633,0.03835366,
1,34,99.801,0.5561107,0.9740772,-0.434482,0.04612067,0.782777,0.6176454,0.06039403,
1,34,99.803,0.5561107,0.9740772,-0.434482,0.04612067,0.782777,0.6176454,0.06039403,
1,34,99.805,0.5561107,0.9740772,-0.434482,0.04612067,0.782777,0.6176454,0.06039403,
1,34,99.807,0.5561107,0.9740772,-0.434482,0.04612067,0.782777,0.6176454,0.06039403,
1,34,99.809,0.551912,0.9719154,-0.4371189,0.06451687,0.7725904,0.6273885,0.07297436,
1,34,99.811,0.551912,0.9719154,-0.4371189,0.06451687,0.7725904,0.6273885,0.07297436,
1,34,99.813,0.551912,0.9719154,-0.4371189,0.06451687,0.7725904,0.6273885,0.07297436,
1,34,99.815,0.551912,0.9719154,-0.4371189,0.06451687,0.7725904,0.6273885,0.07297436,
1,34,99.817,0.551912,0.9719154,-0.4371189,0.06451687,0.7725904,0.6273885,0.07297436,
1,34,99.819,0.5474635,0.969987,-0.439448,0.07551348,0.7640185,0.6361425,0.0767865,
1,34,99.821,0.5474635,0.969987,-0.439448,0.07551348,0.7640185,0.6361425,0.0767865,
1,34,99.823,0.5474635,0.969987,-0.439448,0.07551348,0.7640185,0.6361425,0.0767865,
1,34,99.825,0.5474635,0.969987,-0.439448,0.07551348,0.7640185,0.6361425,0.0767865,
1,34,99.827,0.5426767,0.9673451,-0.4411424,0.07936156,0.7578358,0.6435223,0.07256555,
1,34,99.829,0.5426767,0.9673451,-0.4411424,0.07936156,0.7578358,0.6435223,0.07256555,
1,34,99.831,0.5426767,0.9673451,-0.4411424,0.07936156,0.7578358,0.6435223,0.07256555,
1,34,99.833,0.5426767,0.9673451,-0.4411424,0.07936156,0.7578358,0.6435223,0.07256555,
1,34,99.835,0.5384415,0.9646827,-0.4425388,0.0807685,0.753029,0.6496006,0.06665381,
1,34,99.837,0.5384415,0.9646827,-0.4425388,0.0807685,0.753029,0.6496006,0.06665381,
1,34,99.839,0.5384415,0.9646827,-0.4425388,0.0807685,0.753029,0.6496006,0.06665381,
1,34,99.841,0.5384415,0.9646827,-0.4425388,0.0807685,0.753029,0.6496006,0.06665381,
1,34,99.843,0.5340446,0.9620329,-0.4435963,0.08356854,0.7492542,0.6539177,0.06345364,
1,34,99.845,0.5340446,0.9620329,-0.4435963,0.08356854,0.7492542,0.6539177,0.06345364,
1,34,99.847,0.5340446,0.9620329,-0.4435963,0.08356854,0.7492542,0.6539177,0.06345364,
1,34,99.849,0.5340446,0.9620329,-0.4435963,0.08356854,0.7492542,0.6539177,0.06345364,
1,34,99.851,0.5298316,0.960373,-0.4443513,0.09073299,0.7457117,0.6567782,0.0657577,
1,34,99.853,0.5298316,0.960373,-0.4443513,0.09073299,0.7457117,0.6567782,0.0657577,
1,34,99.855,0.5298316,0.960373,-0.4443513,0.09073299,0.7457117,0.6567782,0.0657577,
1,34,99.857,0.5298316,0.960373,-0.4443513,0.09073299,0.7457117,0.6567782,0.0657577,
1,34,99.859,0.5260484,0.9586922,-0.4449228,0.09764779,0.7425357,0.6590612,0.06887728,
1,34,99.861,0.5260484,0.9586922,-0.4449228,0.09764779,0.7425357,0.6590612,0.06887728,
1,34,99.863,0.5260484,0.9586922,-0.4449228,0.09764779,0.7425357,0.6590612,0.06887728,
1,34,99.865,0.5260484,0.9586922,-0.4449228,0.09764779,0.7425357,0.6590612,0.06887728,
1,34,99.867,0.5260484,0.9586922,-0.4449228,0.09764779,0.7425357,0.6590612,0.06887728,
1,34,99.869,0.5211114,0.9593866,-0.4446573,0.1123731,0.7399493,0.6584317,0.07946795,
1,34,99.871,0.5211114,0.9593866,-0.4446573,0.1123731,0.7399493,0.6584317,0.07946795,
1,34,99.873,0.5211114,0.9593866,-0.4446573,0.1123731,0.7399493,0.6584317,0.07946795,
1,34,99.875,0.5211114,0.9593866,-0.4446573,0.1123731,0.7399493,0.6584317,0.07946795,
1,34,99.877,0.5168082,0.9600245,-0.4443975,0.1225711,0.7384294,0.6574804,0.0861276,
1,34,99.879,0.5168082,0.9600245,-0.4443975,0.1225711,0.7384294,0.6574804,0.0861276,
1,34,99.881,0.5168082,0.9600245,-0.4443975,0.1225711,0.7384294,0.6574804,0.0861276,
1,34,99.883,0.5168082,0.9600245,-0.4443975,0.1225711,0.7384294,0.6574804,0.0861276,
1,34,99.885,0.5124118,0.9605091,-0.4438449,0.1300084,0.7388287,0.6550276,0.09038166,
1,34,99.887,0.5124118,0.9605091,-0.4438449,0.1300084,0.7388287,0.6550276,0.09038166,
1,34,99.889,0.5124118,0.9605091,-0.4438449,0.1300084,0.7388287,0.6550276,0.09038166,
1,34,99.891,0.5124118,0.9605091,-0.4438449,0.1300084,0.7388287,0.6550276,0.09038166,
1,34,99.893,0.5087836,0.9617915,-0.4430537,0.1343254,0.7407182,0.6517414,0.09233764,
1,34,99.895,0.5087836,0.9617915,-0.4430537,0.1343254,0.7407182,0.6517414,0.09233764,
1,34,99.897,0.5087836,0.9617915,-0.4430537,0.1343254,0.7407182,0.6517414,0.09233764,
1,34,99.899,0.5087836,0.9617915,-0.4430537,0.1343254,0.7407182,0.6517414,0.09233764,
1,34,99.901,0.5065027,0.9632683,-0.442313,0.1353054,0.7441511,0.6476007,0.09243907,
1,34,99.903,0.5065027,0.9632683,-0.442313,0.1353054,0.7441511,0.6476007,0.09243907,
1,34,99.905,0.5065027,0.9632683,-0.442313,0.1353054,0.7441511,0.6476007,0.09243907,
1,34,99.907,0.5065027,0.9632683,-0.442313,0.1353054,0.7441511,0.6476007,0.09243907,
1,34,99.909,0.5047531,0.9649266,-0.441359,0.133812,0.7490264,0.6425447,0.09049904,
1,34,99.911,0.5047531,0.9649266,-0.441359,0.133812,0.7490264,0.6425447,0.09049904,
1,34,99.913,0.5047531,0.9649266,-0.441359,0.133812,0.7490264,0.6425447,0.09049904,
1,34,99.915,0.5047531,0.9649266,-0.441359,0.133812,0.7490264,0.6425447,0.09049904,
1,34,99.917,0.5047531,0.9649266,-0.441359,0.133812,0.7490264,0.6425447,0.09049904,
1,34,99.919,0.5038748,0.9665266,-0.4404229,0.1305732,0.755262,0.6363031,0.08745582,
1,34,99.921,0.5038748,0.9665266,-0.4404229,0.1305732,0.755262,0.6363031,0.08745582,
1,34,99.923,0.5038748,0.9665266,-0.4404229,0.1305732,0.755262,0.6363031,0.08745582,
1,34,99.925,0.5038748,0.9665266,-0.4404229,0.1305732,0.755262,0.6363031,0.08745582,
1,34,99.927,0.5034654,0.9677877,-0.4394916,0.126797,0.7622412,0.6292244,0.08359084,
1,34,99.929,0.5034654,0.9677877,-0.4394916,0.126797,0.7622412,0.6292244,0.08359084,
1,34,99.931,0.5034654,0.9677877,-0.4394916,0.126797,0.7622412,0.6292244,0.08359084,
1,34,99.933,0.5034654,0.9677877,-0.4394916,0.126797,0.7622412,0.6292244,0.08359084,
1,34,99.935,0.5033369,0.9687015,-0.4385762,0.123057,0.7696906,0.6214503,0.07894925,
1,34,99.937,0.5033369,0.9687015,-0.4385762,0.123057,0.7696906,0.6214503,0.07894925,
1,34,99.939,0.5033369,0.9687015,-0.4385762,0.123057,0.7696906,0.6214503,0.07894925,
1,34,99.941,0.5033369,0.9687015,-0.4385762,0.123057,0.7696906,0.6214503,0.07894925,
1,34,99.943,0.5035425,0.9691805,-0.4376647,0.1197106,0.7770402,0.6135149,0.07400978,
1,34,99.945,0.5035425,0.9691805,-0.4376647,0.1197106,0.7770402,0.6135149,0.07400978,
1,34,99.947,0.5035425,0.9691805,-0.4376647,0.1197106,0.7770402,0.6135149,0.07400978,
1,34,99.949,0.5035425,0.9691805,-0.4376647,0.1197106,0.7770402,0.6135149,0.07400978,
1,34,99.951,0.503352,0.971728,-0.4372261,0.118056,0.782597,0.6072209,0.0699112,
1,34,99.953,0.503352,0.971728,-0.4372261,0.118056,0.782597,0.6072209,0.0699112,
1,34,99.955,0.503352,0.971728,-0.4372261,0.118056,0.782597,0.6072209,0.0699112,
1,34,99.957,0.503352,0.971728,-0.4372261,0.118056,0.782597,0.6072209,0.0699112,
1,34,99.959,0.5019224,0.9680859,-0.4357425,0.1125831,0.7908211,0.5987499,0.05852778,
1,34,99.961,0.5019224,0.9680859,-0.4357425,0.1125831,0.7908211,0.5987499,0.05852778,
1,34,99.963,0.5019224,0.9680859,-0.4357425,0.1125831,0.7908211,0.5987499,0.05852778,
1,34,99.965,0.5019224,0.9680859,-0.4357425,0.1125831,0.7908211,0.5987499,0.05852778,
1,34,99.967,0.5019224,0.9680859,-0.4357425,0.1125831,0.7908211,0.5987499,0.05852778,
1,34,99.969,0.5005159,0.9674824,-0.4347185,0.1095533,0.7960717,0.5931445,0.04947326,
1,34,99.971,0.5005159,0.9674824,-0.4347185,0.1095533,0.7960717,0.5931445,0.04947326,
1,34,99.973,0.5005159,0.9674824,-0.4347185,0.1095533,0.7960717,0.5931445,0.04947326,
1,34,99.975,0.5005159,0.9674824,-0.4347185,0.1095533,0.7960717,0.5931445,0.04947326,
1,34,99.977,0.4991696,0.9665455,-0.4334333,0.1070792,0.8001705,0.5887063,0.04106402,
1,34,99.979,0.4991696,0.9665455,-0.4334333,0.1070792,0.8001705,0.5887063,0.04106402,
1,34,99.981,0.4991696,0.9665455,-0.4334333,0.1070792,0.8001705,0.5887063,0.04106402,
1,34,99.983,0.4991696,0.9665455,-0.4334333,0.1070792,0.8001705,0.5887063,0.04106402,
1,34,99.985,0.4981292,0.9664348,-0.4324964,0.1060288,0.8022591,0.5864464,0.03491216,
1,34,99.987,0.4981292,0.9664348,-0.4324964,0.1060288,0.8022591,0.5864464,0.03491216,
1,34,99.989,0.4981292,0.9664348,-0.4324964,0.1060288,0.8022591,0.5864464,0.03491216,
1,34,99.991,0.4981292,0.9664348,-0.4324964,0.1060288,0.8022591,0.5864464,0.03491216,
1,34,99.993,0.498155,0.9668488,-0.4319465,0.1059489,0.8025611,0.5862024,0.03220664,
1,34,99.995,0.498155,0.9668488,-0.4319465,0.1059489,0.8025611,0.5862024,0.03220664,
1,34,99.997,0.498155,0.9668488,-0.4319465,0.1059489,0.8025611,0.5862024,0.03220664,
1,34,99.999,0.498155,0.9668488,-0.4319465,0.1059489,0.8025611,0.5862024,0.03220664,
1,34,100.001,0.4999475,0.9673395,-0.4315634,0.1053175,0.8015597,0.5876997,0.0319279,
1,34,100.003,0.4999475,0.9673395,-0.4315634,0.1053175,0.8015597,0.5876997,0.0319279,
1,34,100.005,0.4999475,0.9673395,-0.4315634,0.1053175,0.8015597,0.5876997,0.0319279,
1,34,100.007,0.4999475,0.9673395,-0.4315634,0.1053175,0.8015597,0.5876997,0.0319279,
1,34,100.009,0.5028184,0.9683062,-0.4314747,0.1032228,0.7992461,0.5912368,0.03146154,
1,34,100.011,0.5028184,0.9683062,-0.4314747,0.1032228,0.7992461,0.5912368,0.03146154,
1,34,100.013,0.5028184,0.9683062,-0.4314747,0.1032228,0.7992461,0.5912368,0.03146154,
1,34,100.015,0.5028184,0.9683062,-0.4314747,0.1032228,0.7992461,0.5912368,0.03146154,
1,34,100.017,0.5028184,0.9683062,-0.4314747,0.1032228,0.7992461,0.5912368,0.03146154,
1,34,100.019,0.5045725,0.9692981,-0.4319643,0.1012237,0.7959673,0.5960867,0.02950349,
1,34,100.021,0.5045725,0.9692981,-0.4319643,0.1012237,0.7959673,0.5960867,0.02950349,
1,34,100.023,0.5045725,0.9692981,-0.4319643,0.1012237,0.7959673,0.5960867,0.02950349,
1,34,100.025,0.5045725,0.9692981,-0.4319643,0.1012237,0.7959673,0.5960867,0.02950349,
1,34,100.027,0.5052903,0.9694046,-0.4332821,0.100675,0.7921944,0.6013017,0.02700062,
1,34,100.029,0.5052903,0.9694046,-0.4332821,0.100675,0.7921944,0.6013017,0.02700062,
1,34,100.031,0.5052903,0.9694046,-0.4332821,0.100675,0.7921944,0.6013017,0.02700062,
1,34,100.033,0.5052903,0.9694046,-0.4332821,0.100675,0.7921944,0.6013017,0.02700062,
1,34,100.035,0.5056031,0.9691656,-0.4347357,0.1038738,0.7882641,0.6058478,0.02825559,
1,34,100.037,0.5056031,0.9691656,-0.4347357,0.1038738,0.7882641,0.6058478,0.02825559,
1,34,100.039,0.5056031,0.9691656,-0.4347357,0.1038738,0.7882641,0.6058478,0.02825559,
1,34,100.041,0.5056031,0.9691656,-0.4347357,0.1038738,0.7882641,0.6058478,0.02825559,
1,34,100.043,0.5058272,0.9683957,-0.4366723,0.1118443,0.7845029,0.6089677,0.03470708,
1,34,100.045,0.5058272,0.9683957,-0.4366723,0.1118443,0.7845029,0.6089677,0.03470708,
1,34,100.047,0.5058272,0.9683957,-0.4366723,0.1118443,0.7845029,0.6089677,0.03470708,
1,34,100.049,0.5058272,0.9683957,-0.4366723,0.1118443,0.7845029,0.6089677,0.03470708,
1,34,100.051,0.5059777,0.9670384,-0.4390579,0.1238884,0.7810171,0.6104559,0.04480805,
1,34,100.053,0.5059777,0.9670384,-0.4390579,0.1238884,0.7810171,0.6104559,0.04480805,
1,34,100.055,0.5059777,0.9670384,-0.4390579,0.1238884,0.7810171,0.6104559,0.04480805,
1,34,100.057,0.5059777,0.9670384,-0.4390579,0.1238884,0.7810171,0.6104559,0.04480805,
1,34,100.059,0.506278,0.9637538,-0.4413035,0.1320653,0.7789049,0.6110123,0.05029853,
1,34,100.061,0.506278,0.9637538,-0.4413035,0.1320653,0.7789049,0.6110123,0.05029853,
1,34,100.063,0.506278,0.9637538,-0.4413035,0.1320653,0.7789049,0.6110123,0.05029853,
1,34,100.065,0.506278,0.9637538,-0.4413035,0.1320653,0.7789049,0.6110123,0.05029853,
1,34,100.067,0.506278,0.9637538,-0.4413035,0.1320653,0.7789049,0.6110123,0.05029853,
1,34,100.069,0.5035929,0.9622971,-0.4442686,0.1523283,0.775624,0.6092292,0.0635873,
1,34,100.071,0.5035929,0.9622971,-0.4442686,0.1523283,0.775624,0.6092292,0.0635873,
1,34,100.073,0.5035929,0.9622971,-0.4442686,0.1523283,0.775624,0.6092292,0.0635873,
1,34,100.075,0.5035929,0.9622971,-0.4442686,0.1523283,0.775624,0.6092292,0.0635873,
1,34,100.077,0.501626,0.9599114,-0.4470639,0.1647915,0.7738355,0.6078211,0.06764594,
1,34,100.079,0.501626,0.9599114,-0.4470639,0.1647915,0.7738355,0.6078211,0.06764594,
1,34,100.081,0.501626,0.9599114,-0.4470639,0.1647915,0.7738355,0.6078211,0.06764594,
1,34,100.083,0.501626,0.9599114,-0.4470639,0.1647915,0.7738355,0.6078211,0.06764594,
1,34,100.085,0.4996155,0.9575851,-0.4499674,0.1740471,0.772874,0.6066188,0.06623474,
1,34,100.087,0.4996155,0.9575851,-0.4499674,0.1740471,0.772874,0.6066188,0.06623474,
1,34,100.089,0.4996155,0.9575851,-0.4499674,0.1740471,0.772874,0.6066188,0.06623474,
1,34,100.091,0.4996155,0.9575851,-0.4499674,0.1740471,0.772874,0.6066188,0.06623474,
1,34,100.093,0.4978914,0.9549872,-0.4526776,0.1803302,0.7726858,0.6056371,0.06034481,
1,34,100.095,0.4978914,0.9549872,-0.4526776,0.1803302,0.7726858,0.6056371,0.06034481,
1,34,100.097,0.4978914,0.9549872,-0.4526776,0.1803302,0.7726858,0.6056371,0.06034481,
1,34,100.099,0.4978914,0.9549872,-0.4526776,0.1803302,0.7726858,0.6056371,0.06034481,
1,34,100.101,0.4965779,0.952588,-0.4552486,0.185195,0.7727028,0.6049302,0.05189241,
1,34,100.103,0.4965779,0.952588,-0.4552486,0.185195,0.7727028,0.6049302,0.05189241,
1,34,100.105,0.4965779,0.952588,-0.4552486,0.185195,0.7727028,0.6049302,0.05189241,
1,34,100.107,0.4965779,0.952588,-0.4552486,0.185195,0.7727028,0.6049302,0.05189241,
1,34,100.109,0.4951791,0.9502606,-0.457467,0.1905075,0.7728568,0.6037717,0.0431174,
1,34,100.111,0.4951791,0.9502606,-0.457467,0.1905075,0.7728568,0.6037717,0.0431174,
1,34,100.113,0.4951791,0.9502606,-0.457467,0.1905075,0.7728568,0.6037717,0.0431174,
1,34,100.115,0.4951791,0.9502606,-0.457467,0.1905075,0.7728568,0.6037717,0.0431174,
1,34,100.117,0.4951791,0.9502606,-0.457467,0.1905075,0.7728568,0.6037717,0.0431174,
1,34,100.119,0.4940614,0.948854,-0.4593251,0.1977994,0.7724784,0.6023609,0.03624749,
1,34,100.121,0.4940614,0.948854,-0.4593251,0.1977994,0.7724784,0.6023609,0.03624749,
1,34,100.123,0.4940614,0.948854,-0.4593251,0.1977994,0.7724784,0.6023609,0.03624749,
1,34,100.125,0.4940614,0.948854,-0.4593251,0.1977994,0.7724784,0.6023609,0.03624749,
1,34,100.127,0.4925324,0.9476472,-0.4607422,0.2080016,0.7719904,0.59982,0.0313407,
1,34,100.129,0.4925324,0.9476472,-0.4607422,0.2080016,0.7719904,0.59982,0.0313407,
1,34,100.131,0.4925324,0.9476472,-0.4607422,0.2080016,0.7719904,0.59982,0.0313407,
1,34,100.133,0.4925324,0.9476472,-0.4607422,0.2080016,0.7719904,0.59982,0.0313407,
1,34,100.135,0.4911635,0.9473922,-0.4619554,0.2205167,0.7711189,0.5966035,0.02850187,
1,34,100.137,0.4911635,0.9473922,-0.4619554,0.2205167,0.7711189,0.5966035,0.02850187,
1,34,100.139,0.4911635,0.9473922,-0.4619554,0.2205167,0.7711189,0.5966035,0.02850187,
1,34,100.141,0.4911635,0.9473922,-0.4619554,0.2205167,0.7711189,0.5966035,0.02850187,
1,34,100.143,0.4893354,0.947135,-0.462617,0.2356529,0.7703127,0.591874,0.02777081,
1,34,100.145,0.4893354,0.947135,-0.462617,0.2356529,0.7703127,0.591874,0.02777081,
1,34,100.147,0.4893354,0.947135,-0.462617,0.2356529,0.7703127,0.591874,0.02777081,
1,34,100.149,0.4893354,0.947135,-0.462617,0.2356529,0.7703127,0.591874,0.02777081,
1,34,100.151,0.4873554,0.9474419,-0.4629543,0.253071,0.7694119,0.5857551,0.0291819,
1,34,100.153,0.4873554,0.9474419,-0.4629543,0.253071,0.7694119,0.5857551,0.0291819,
1,34,100.155,0.4873554,0.9474419,-0.4629543,0.253071,0.7694119,0.5857551,0.0291819,
1,34,100.157,0.4873554,0.9474419,-0.4629543,0.253071,0.7694119,0.5857551,0.0291819,
1,34,100.159,0.4854213,0.9479814,-0.4629401,0.2704858,0.7686839,0.5788333,0.03024214,
1,34,100.161,0.4854213,0.9479814,-0.4629401,0.2704858,0.7686839,0.5788333,0.03024214,
1,34,100.163,0.4854213,0.9479814,-0.4629401,0.2704858,0.7686839,0.5788333,0.03024214,
1,34,100.165,0.4854213,0.9479814,-0.4629401,0.2704858,0.7686839,0.5788333,0.03024214,
1,34,100.167,0.4854213,0.9479814,-0.4629401,0.2704858,0.7686839,0.5788333,0.03024214,
1,34,100.169,0.4838747,0.9483074,-0.4625305,0.2858712,0.7686485,0.5715184,0.02870357,
1,34,100.171,0.4838747,0.9483074,-0.4625305,0.2858712,0.7686485,0.5715184,0.02870357,
1,34,100.173,0.4838747,0.9483074,-0.4625305,0.2858712,0.7686485,0.5715184,0.02870357,
1,34,100.175,0.4838747,0.9483074,-0.4625305,0.2858712,0.7686485,0.5715184,0.02870357,
1,34,100.177,0.4821184,0.9490316,-0.461894,0.300118,0.7687739,0.5641583,0.02532433,
1,34,100.179,0.4821184,0.9490316,-0.461894,0.300118,0.7687739,0.5641583,0.02532433,
1,34,100.181,0.4821184,0.9490316,-0.461894,0.300118,0.7687739,0.5641583,0.02532433,CourtEnter
1,34,100.183,0.4821184,0.9490316,-0.461894,0.300118,0.7687739,0.5641583,0.02532433,
1,34,100.185,0.4806406,0.9491313,-0.4609289,0.3121119,0.769761,0.5564827,0.01952548,
1,34,100.187,0.4806406,0.9491313,-0.4609289,0.3121119,0.769761,0.5564827,0.01952548,
1,34,100.189,0.4806406,0.9491313,-0.4609289,0.3121119,0.769761,0.5564827,0.01952548,CourtExit
1,34,100.191,0.4806406,0.9491313,-0.4609289,0.3121119,0.769761,0.5564827,0.01952548,
1,34,100.193,0.4799814,0.9498928,-0.4602596,0.3225908,0.7707697,0.549262,0.01266675,
1,34,100.195,0.4799814,0.9498928,-0.4602596,0.3225908,0.7707697,0.549262,0.01266675,
1,34,100.197,0.4799814,0.9498928,-0.4602596,0.3225908,0.7707697,0.549262,0.01266675,
1,34,100.199,0.4799814,0.9498928,-0.4602596,0.3225908,0.7707697,0.549262,0.01266675,
1,34,100.201,0.4790453,0.9501388,-0.4593691,0.332077,0.772148,0.5417452,0.004954174,
1,34,100.203,0.4790453,0.9501388,-0.4593691,0.332077,0.772148,0.5417452,0.004954174,
1,34,100.205,0.4790453,0.9501388,-0.4593691,0.332077,0.772148,0.5417452,0.004954174,
1,34,100.207,0.4790453,0.9501388,-0.4593691,0.332077,0.772148,0.5417452,0.004954174,
1,34,100.209,0.478657,0.9506456,-0.4586623,0.3411436,0.7735052,0.5341372,-0.002864316,
1,34,100.211,0.478657,0.9506456,-0.4586623,0.3411436,0.7735052,0.5341372,-0.002864316,
1,34,100.213,0.478657,0.9506456,-0.4586623,0.3411436,0.7735052,0.5341372,-0.002864316,
1,34,100.215,0.478657,0.9506456,-0.4586623,0.3411436,0.7735052,0.5341372,-0.002864316,
1,34,100.217,0.478657,0.9506456,-0.4586623,0.3411436,0.7735052,0.5341372,-0.002864316,
1,34,100.219,0.4782267,0.9507735,-0.4579095,0.3498492,0.7750533,0.526109,-0.01035745,
1,34,100.221,0.4782267,0.9507735,-0.4579095,0.3498492,0.7750533,0.526109,-0.01035745,
1,34,100.223,0.4782267,0.9507735,-0.4579095,0.3498492,0.7750533,0.526109,-0.01035745,
1,34,100.225,0.4782267,0.9507735,-0.4579095,0.3498492,0.7750533,0.526109,-0.01035745,
1,34,100.227,0.4774858,0.9508891,-0.4568402,0.3587316,0.776601,0.5175903,-0.01740557,
1,34,100.229,0.4774858,0.9508891,-0.4568402,0.3587316,0.776601,0.5175903,-0.01740557,
1,34,100.231,0.4774858,0.9508891,-0.4568402,0.3587316,0.776601,0.5175903,-0.01740557,
1,34,100.233,0.4774858,0.9508891,-0.4568402,0.3587316,0.776601,0.5175903,-0.01740557,
1,34,100.235,0.4776999,0.9511437,-0.4565299,0.3672735,0.777948,0.5092787,-0.02328967,
1,34,100.237,0.4776999,0.9511437,-0.4565299,0.3672735,0.777948,0.5092787,-0.02328967,
1,34,100.239,0.4776999,0.9511437,-0.4565299,0.3672735,0.777948,0.5092787,-0.02328967,
1,34,100.241,0.4776999,0.9511437,-0.4565299,0.3672735,0.777948,0.5092787,-0.02328967,
1,34,100.243,0.4784289,0.9519117,-0.4567489,0.3756224,0.778898,0.5013977,-0.02874207,
1,34,100.245,0.4784289,0.9519117,-0.4567489,0.3756224,0.778898,0.5013977,-0.02874207,
1,34,100.247,0.4784289,0.9519117,-0.4567489,0.3756224,0.778898,0.5013977,-0.02874207,
1,34,100.249,0.4784289,0.9519117,-0.4567489,0.3756224,0.778898,0.5013977,-0.02874207,
1,34,100.251,0.4779356,0.9508909,-0.4555819,0.3834741,0.7805168,0.4923745,-0.03617384,
1,34,100.253,0.4779356,0.9508909,-0.4555819,0.3834741,0.7805168,0.4923745,-0.03617384,
1,34,100.255,0.4779356,0.9508909,-0.4555819,0.3834741,0.7805168,0.4923745,-0.03617384,
1,34,100.257,0.4779356,0.9508909,-0.4555819,0.3834741,0.7805168,0.4923745,-0.03617384,
1,34,100.259,0.4777902,0.9505063,-0.4552424,0.3915836,0.7815064,0.4838138,-0.04283099,
1,34,100.261,0.4777902,0.9505063,-0.4552424,0.3915836,0.7815064,0.4838138,-0.04283099,
1,34,100.263,0.4777902,0.9505063,-0.4552424,0.3915836,0.7815064,0.4838138,-0.04283099,
1,34,100.265,0.4777902,0.9505063,-0.4552424,0.3915836,0.7815064,0.4838138,-0.04283099,
1,34,100.267,0.4777902,0.9505063,-0.4552424,0.3915836,0.7815064,0.4838138,-0.04283099,
1,34,100.269,0.4783885,0.9502519,-0.4557306,0.399564,0.7820672,0.4757316,-0.04898004,
1,34,100.271,0.4783885,0.9502519,-0.4557306,0.399564,0.7820672,0.4757316,-0.04898004,
1,34,100.273,0.4783885,0.9502519,-0.4557306,0.399564,0.7820672,0.4757316,-0.04898004,
1,34,100.275,0.4783885,0.9502519,-0.4557306,0.399564,0.7820672,0.4757316,-0.04898004,
1,34,100.277,0.4793783,0.9502995,-0.4568324,0.40747,0.7821226,0.4682269,-0.05491933,
1,34,100.279,0.4793783,0.9502995,-0.4568324,0.40747,0.7821226,0.4682269,-0.05491933,
1,34,100.281,0.4793783,0.9502995,-0.4568324,0.40747,0.7821226,0.4682269,-0.05491933,
1,34,100.283,0.4793783,0.9502995,-0.4568324,0.40747,0.7821226,0.4682269,-0.05491933,
1,34,100.285,0.4801968,0.9499936,-0.4578339,0.4152616,0.781912,0.4608321,-0.06168702,
1,34,100.287,0.4801968,0.9499936,-0.4578339,0.4152616,0.781912,0.4608321,-0.06168702,
1,34,100.289,0.4801968,0.9499936,-0.4578339,0.4152616,0.781912,0.4608321,-0.06168702,
1,34,100.291,0.4801968,0.9499936,-0.4578339,0.4152616,0.781912,0.4608321,-0.06168702,
1,34,100.293,0.4808311,0.9494707,-0.4588957,0.4228994,0.7812359,0.4539207,-0.06915763,
1,34,100.295,0.4808311,0.9494707,-0.4588957,0.4228994,0.7812359,0.4539207,-0.06915763,
1,34,100.297,0.4808311,0.9494707,-0.4588957,0.4228994,0.7812359,0.4539207,-0.06915763,
1,34,100.299,0.4808311,0.9494707,-0.4588957,0.4228994,0.7812359,0.4539207,-0.06915763,
1,34,100.301,0.4817338,0.9488733,-0.460285,0.4303576,0.7801284,0.4474685,-0.07722799,
1,34,100.303,0.4817338,0.9488733,-0.460285,0.4303576,0.7801284,0.4474685,-0.07722799,
1,34,100.305,0.4817338,0.9488733,-0.460285,0.4303576,0.7801284,0.4474685,-0.07722799,
1,34,100.307,0.4817338,0.9488733,-0.460285,0.4303576,0.7801284,0.4474685,-0.07722799,
1,34,100.309,0.4827945,0.9482028,-0.4619852,0.4377454,0.7786174,0.4414279,-0.08529606,
1,34,100.311,0.4827945,0.9482028,-0.4619852,0.4377454,0.7786174,0.4414279,-0.08529606,
1,34,100.313,0.4827945,0.9482028,-0.4619852,0.4377454,0.7786174,0.4414279,-0.08529606,
1,34,100.315,0.4827945,0.9482028,-0.4619852,0.4377454,0.7786174,0.4414279,-0.08529606,
1,34,100.317,0.4827945,0.9482028,-0.4619852,0.4377454,0.7786174,0.4414279,-0.08529606,
1,34,100.319,0.483656,0.9469643,-0.4634488,0.4452798,0.7767707,0.4353768,-0.09381045,
1,34,100.321,0.483656,0.9469643,-0.4634488,0.4452798,0.7767707,0.4353768,-0.09381045,
1,34,100.323,0.483656,0.9469643,-0.4634488,0.4452798,0.7767707,0.4353768,-0.09381045,
1,34,100.325,0.483656,0.9469643,-0.4634488,0.4452798,0.7767707,0.4353768,-0.09381045,
1,34,100.327,0.4844877,0.9454609,-0.4649878,0.4528887,0.7745241,0.4296156,-0.1021509,
1,34,100.329,0.4844877,0.9454609,-0.4649878,0.4528887,0.7745241,0.4296156,-0.1021509,
1,34,100.331,0.4844877,0.9454609,-0.4649878,0.4528887,0.7745241,0.4296156,-0.1021509,
1,34,100.333,0.4844877,0.9454609,-0.4649878,0.4528887,0.7745241,0.4296156,-0.1021509,
1,34,100.335,0.4857676,0.9440019,-0.4670555,0.4610483,0.7717912,0.4240053,-0.1095091,
1,34,100.337,0.4857676,0.9440019,-0.4670555,0.4610483,0.7717912,0.4240053,-0.1095091,
1,34,100.339,0.4857676,0.9440019,-0.4670555,0.4610483,0.7717912,0.4240053,-0.1095091,
1,34,100.341,0.4857676,0.9440019,-0.4670555,0.4610483,0.7717912,0.4240053,-0.1095091,
1,34,100.343,0.4870065,0.9426645,-0.4692722,0.4694496,0.7685755,0.4186908,-0.116648,
1,34,100.345,0.4870065,0.9426645,-0.4692722,0.4694496,0.7685755,0.4186908,-0.116648,
1,34,100.347,0.4870065,0.9426645,-0.4692722,0.4694496,0.7685755,0.4186908,-0.116648,
1,34,100.349,0.4870065,0.9426645,-0.4692722,0.4694496,0.7685755,0.4186908,-0.116648,
1,34,100.351,0.4882014,0.9411492,-0.4715608,0.4781183,0.7651237,0.4133574,-0.1229808,
1,34,100.353,0.4882014,0.9411492,-0.4715608,0.4781183,0.7651237,0.4133574,-0.1229808,
1,34,100.355,0.4882014,0.9411492,-0.4715608,0.4781183,0.7651237,0.4133574,-0.1229808,
1,34,100.357,0.4882014,0.9411492,-0.4715608,0.4781183,0.7651237,0.4133574,-0.1229808,
1,34,100.359,0.4893729,0.9396681,-0.4740299,0.4870393,0.7610695,0.4084135,-0.1294769,
1,34,100.361,0.4893729,0.9396681,-0.4740299,0.4870393,0.7610695,0.4084135,-0.1294769,
1,34,100.363,0.4893729,0.9396681,-0.4740299,0.4870393,0.7610695,0.4084135,-0.1294769,
1,34,100.365,0.4893729,0.9396681,-0.4740299,0.4870393,0.7610695,0.4084135,-0.1294769,
1,34,100.367,0.4893729,0.9396681,-0.4740299,0.4870393,0.7610695,0.4084135,-0.1294769,
1,34,100.369,0.4906957,0.9376484,-0.4762928,0.4953834,0.7567647,0.4039433,-0.1368659,
1,34,100.371,0.4906957,0.9376484,-0.4762928,0.4953834,0.7567647,0.4039433,-0.1368659,
1,34,100.373,0.4906957,0.9376484,-0.4762928,0.4953834,0.7567647,0.4039433,-0.1368659,
1,34,100.375,0.4906957,0.9376484,-0.4762928,0.4953834,0.7567647,0.4039433,-0.1368659,
1,34,100.377,0.4918756,0.9357501,-0.4786767,0.5039233,0.7518113,0.3999865,-0.1444025,
1,34,100.379,0.4918756,0.9357501,-0.4786767,0.5039233,0.7518113,0.3999865,-0.1444025,
1,34,100.381,0.4918756,0.9357501,-0.4786767,0.5039233,0.7518113,0.3999865,-0.1444025,
1,34,100.383,0.4918756,0.9357501,-0.4786767,0.5039233,0.7518113,0.3999865,-0.1444025,
1,34,100.385,0.4930381,0.9339323,-0.4813251,0.5128881,0.7466015,0.3959666,-0.1508056,
1,34,100.387,0.4930381,0.9339323,-0.4813251,0.5128881,0.7466015,0.3959666,-0.1508056,
1,34,100.389,0.4930381,0.9339323,-0.4813251,0.5128881,0.7466015,0.3959666,-0.1508056,
1,34,100.391,0.4930381,0.9339323,-0.4813251,0.5128881,0.7466015,0.3959666,-0.1508056,
1,34,100.393,0.4939526,0.9319506,-0.4837376,0.5224677,0.7410286,0.3915824,-0.15674,
1,34,100.395,0.4939526,0.9319506,-0.4837376,0.5224677,0.7410286,0.3915824,-0.15674,
1,34,100.397,0.4939526,0.9319506,-0.4837376,0.5224677,0.7410286,0.3915824,-0.15674,
1,34,100.399,0.4939526,0.9319506,-0.4837376,0.5224677,0.7410286,0.3915824,-0.15674,
1,34,100.401,0.4947552,0.9299581,-0.4862609,0.5329577,0.7350775,0.3867802,-0.1613022,
1,34,100.403,0.4947552,0.9299581,-0.4862609,0.5329577,0.7350775,0.3867802,-0.1613022,
1,34,100.405,0.4947552,0.9299581,-0.4862609,0.5329577,0.7350775,0.3867802,-0.1613022,
1,34,100.407,0.4947552,0.9299581,-0.4862609,0.5329577,0.7350775,0.3867802,-0.1613022,
1,34,100.409,0.4955021,0.9279761,-0.4886997,0.5436395,0.7286634,0.3821796,-0.165664,
1,34,100.411,0.4955021,0.9279761,-0.4886997,0.5436395,0.7286634,0.3821796,-0.165664,
1,34,100.413,0.4955021,0.9279761,-0.4886997,0.5436395,0.7286634,0.3821796,-0.165664,
1,34,100.415,0.4955021,0.9279761,-0.4886997,0.5436395,0.7286634,0.3821796,-0.165664,
1,34,100.417,0.4955021,0.9279761,-0.4886997,0.5436395,0.7286634,0.3821796,-0.165664,
1,34,100.419,0.4961737,0.9260647,-0.4908887,0.5545409,0.7215742,0.3779203,-0.1702682,
1,34,100.421,0.4961737,0.9260647,-0.4908887,0.5545409,0.7215742,0.3779203,-0.1702682,
1,34,100.423,0.4961737,0.9260647,-0.4908887,0.5545409,0.7215742,0.3779203,-0.1702682,
1,34,100.425,0.4961737,0.9260647,-0.4908887,0.5545409,0.7215742,0.3779203,-0.1702682,
1,34,100.427,0.4966013,0.9241736,-0.4930363,0.5655583,0.7140334,0.3738691,-0.1747056,
1,34,100.429,0.4966013,0.9241736,-0.4930363,0.5655583,0.7140334,0.3738691,-0.1747056,
1,34,100.431,0.4966013,0.9241736,-0.4930363,0.5655583,0.7140334,0.3738691,-0.1747056,
1,34,100.433,0.4966013,0.9241736,-0.4930363,0.5655583,0.7140334,0.3738691,-0.1747056,
1,34,100.435,0.4969452,0.9219035,-0.4948152,0.5766651,0.7062687,0.3695584,-0.179077,
1,34,100.437,0.4969452,0.9219035,-0.4948152,0.5766651,0.7062687,0.3695584,-0.179077,
1,34,100.439,0.4969452,0.9219035,-0.4948152,0.5766651,0.7062687,0.3695584,-0.179077,
1,34,100.441,0.4969452,0.9219035,-0.4948152,0.5766651,0.7062687,0.3695584,-0.179077,
1,34,100.443,0.4970887,0.9196318,-0.4963338,0.5882896,0.6980091,0.3650053,-0.1829474,
1,34,100.445,0.4970887,0.9196318,-0.4963338,0.5882896,0.6980091,0.3650053,-0.1829474,
1,34,100.447,0.4970887,0.9196318,-0.4963338,0.5882896,0.6980091,0.3650053,-0.1829474,
1,34,100.449,0.4970887,0.9196318,-0.4963338,0.5882896,0.6980091,0.3650053,-0.1829474,
1,34,100.451,0.4970436,0.9174293,-0.4975343,0.6002382,0.6891593,0.3604769,-0.1866283,
1,34,100.453,0.4970436,0.9174293,-0.4975343,0.6002382,0.6891593,0.3604769,-0.1866283,
1,34,100.455,0.4970436,0.9174293,-0.4975343,0.6002382,0.6891593,0.3604769,-0.1866283,
1,34,100.457,0.4970436,0.9174293,-0.4975343,0.6002382,0.6891593,0.3604769,-0.1866283,
1,34,100.459,0.4967378,0.9145832,-0.4980257,0.6122011,0.6800114,0.3557076,-0.1904376,
1,34,100.461,0.4967378,0.9145832,-0.4980257,0.6122011,0.6800114,0.3557076,-0.1904376,
1,34,100.463,0.4967378,0.9145832,-0.4980257,0.6122011,0.6800114,0.3557076,-0.1904376,
1,34,100.465,0.4967378,0.9145832,-0.4980257,0.6122011,0.6800114,0.3557076,-0.1904376,
1,34,100.467,0.4967378,0.9145832,-0.4980257,0.6122011,0.6800114,0.3557076,-0.1904376,
1,34,100.469,0.4961408,0.9118054,-0.4979584,0.6251882,0.6704879,0.3498168,-0.1929092,
1,34,100.471,0.4961408,0.9118054,-0.4979584,0.6251882,0.6704879,0.3498168,-0.1929092,
1,34,100.473,0.4961408,0.9118054,-0.4979584,0.6251882,0.6704879,0.3498168,-0.1929092,
1,34,100.475,0.4961408,0.9118054,-0.4979584,0.6251882,0.6704879,0.3498168,-0.1929092,
1,34,100.477,0.4952816,0.909309,-0.4976109,0.6389986,0.6606824,0.3429086,-0.1938899,
1,34,100.479,0.4952816,0.909309,-0.4976109,0.6389986,0.6606824,0.3429086,-0.1938899,
1,34,100.481,0.4952816,0.909309,-0.4976109,0.6389986,0.6606824,0.3429086,-0.1938899,
1,34,100.483,0.4952816,0.909309,-0.4976109,0.6389986,0.6606824,0.3429086,-0.1938899,
1,34,100.485,0.49435,0.9068921,-0.496629,0.6537836,0.6503553,0.3347965,-0.1936916,
1,34,100.487,0.49435,0.9068921,-0.496629,0.6537836,0.6503553,0.3347965,-0.1936916,
1,34,100.489,0.49435,0.9068921,-0.496629,0.6537836,0.6503553,0.3347965,-0.1936916,
1,34,100.491,0.49435,0.9068921,-0.496629,0.6537836,0.6503553,0.3347965,-0.1936916,
1,34,100.493,0.4932619,0.9051734,-0.495129,0.6688836,0.6392262,0.3266923,-0.1930206,
1,34,100.495,0.4932619,0.9051734,-0.495129,0.6688836,0.6392262,0.3266923,-0.1930206,
1,34,100.497,0.4932619,0.9051734,-0.495129,0.6688836,0.6392262,0.3266923,-0.1930206,
1,34,100.499,0.4932619,0.9051734,-0.495129,0.6688836,0.6392262,0.3266923,-0.1930206,
1,34,100.501,0.4920288,0.9033533,-0.4929858,0.6841434,0.6273672,0.3184086,-0.1922867,
1,34,100.503,0.4920288,0.9033533,-0.4929858,0.6841434,0.6273672,0.3184086,-0.1922867,
1,34,100.505,0.4920288,0.9033533,-0.4929858,0.6841434,0.6273672,0.3184086,-0.1922867,
1,34,100.507,0.4920288,0.9033533,-0.4929858,0.6841434,0.6273672,0.3184086,-0.1922867,
1,34,100.509,0.4906166,0.9011335,-0.489775,0.6988048,0.6153172,0.3101433,-0.1920099,
1,34,100.511,0.4906166,0.9011335,-0.489775,0.6988048,0.6153172,0.3101433,-0.1920099,
1,34,100.513,0.4906166,0.9011335,-0.489775,0.6988048,0.6153172,0.3101433,-0.1920099,
1,34,100.515,0.4906166,0.9011335,-0.489775,0.6988048,0.6153172,0.3101433,-0.1920099,
1,34,100.517,0.4906166,0.9011335,-0.489775,0.6988048,0.6153172,0.3101433,-0.1920099,
1,34,100.519,0.4893756,0.8990134,-0.4860519,0.7134492,0.6031752,0.3012187,-0.1908858,
1,34,100.521,0.4893756,0.8990134,-0.4860519,0.7134492,0.6031752,0.3012187,-0.1908858,
1,34,100.523,0.4893756,0.8990134,-0.4860519,0.7134492,0.6031752,0.3012187,-0.1908858,
1,34,100.525,0.4893756,0.8990134,-0.4860519,0.7134492,0.6031752,0.3012187,-0.1908858,
1,34,100.527,0.4880922,0.8974034,-0.4828199,0.7284484,0.5907477,0.2917375,-0.1878014,
1,34,100.529,0.4880922,0.8974034,-0.4828199,0.7284484,0.5907477,0.2917375,-0.1878014,
1,34,100.531,0.4880922,0.8974034,-0.4828199,0.7284484,0.5907477,0.2917375,-0.1878014,
1,34,100.533,0.4880922,0.8974034,-0.4828199,0.7284484,0.5907477,0.2917375,-0.1878014,
1,34,100.535,0.486522,0.8958983,-0.4787629,0.7425434,0.5779238,0.2830113,-0.1858443,
1,34,100.537,0.486522,0.8958983,-0.4787629,0.7425434,0.5779238,0.2830113,-0.1858443,
1,34,100.539,0.486522,0.8958983,-0.4787629,0.7425434,0.5779238,0.2830113,-0.1858443,
1,34,100.541,0.486522,0.8958983,-0.4787629,0.7425434,0.5779238,0.2830113,-0.1858443,
1,34,100.543,0.4846414,0.8943823,-0.4743616,0.7563947,0.56519,0.2736558,-0.1831386,
1,34,100.545,0.4846414,0.8943823,-0.4743616,0.7563947,0.56519,0.2736558,-0.1831386,
1,34,100.547,0.4846414,0.8943823,-0.4743616,0.7563947,0.56519,0.2736558,-0.1831386,
1,34,100.549,0.4846414,0.8943823,-0.4743616,0.7563947,0.56519,0.2736558,-0.1831386,
1,34,100.551,0.4822208,0.8928586,-0.4692252,0.7694346,0.552663,0.264102,-0.1810641,
1,34,100.553,0.4822208,0.8928586,-0.4692252,0.7694346,0.552663,0.264102,-0.1810641,
1,34,100.555,0.4822208,0.8928586,-0.4692252,0.7694346,0.552663,0.264102,-0.1810641,
1,34,100.557,0.4822208,0.8928586,-0.4692252,0.7694346,0.552663,0.264102,-0.1810641,
1,34,100.559,0.4796367,0.8917732,-0.4634674,0.781893,0.5400012,0.2545922,-0.1795132,
1,34,100.561,0.4796367,0.8917732,-0.4634674,0.781893,0.5400012,0.2545922,-0.1795132,
1,34,100.563,0.4796367,0.8917732,-0.4634674,0.781893,0.5400012,0.2545922,-0.1795132,
1,34,100.565,0.4796367,0.8917732,-0.4634674,0.781893,0.5400012,0.2545922,-0.1795132,
1,34,100.567,0.4796367,0.8917732,-0.4634674,0.781893,0.5400012,0.2545922,-0.1795132,
1,34,100.569,0.4768448,0.8914376,-0.4577356,0.7940824,0.527207,0.2448903,-0.1775239,
1,34,100.571,0.4768448,0.8914376,-0.4577356,0.7940824,0.527207,0.2448903,-0.1775239,
1,34,100.573,0.4768448,0.8914376,-0.4577356,0.7940824,0.527207,0.2448903,-0.1775239,
1,34,100.575,0.4768448,0.8914376,-0.4577356,0.7940824,0.527207,0.2448903,-0.1775239,
1,34,100.577,0.4738995,0.8913119,-0.4510886,0.8058603,0.5145725,0.2343778,-0.1757028,
1,34,100.579,0.4738995,0.8913119,-0.4510886,0.8058603,0.5145725,0.2343778,-0.1757028,
1,34,100.581,0.4738995,0.8913119,-0.4510886,0.8058603,0.5145725,0.2343778,-0.1757028,
1,34,100.583,0.4738995,0.8913119,-0.4510886,0.8058603,0.5145725,0.2343778,-0.1757028,
1,34,100.585,0.4710807,0.8920901,-0.4440419,0.8171,0.5018647,0.223969,-0.174119,
1,34,100.587,0.4710807,0.8920901,-0.4440419,0.8171,0.5018647,0.223969,-0.174119,
1,34,100.589,0.4710807,0.8920901,-0.4440419,0.8171,0.5018647,0.223969,-0.174119,
1,34,100.591,0.4710807,0.8920901,-0.4440419,0.8171,0.5018647,0.223969,-0.174119,
1,34,100.593,0.4677774,0.8932729,-0.435843,0.8279188,0.4892735,0.2126241,-0.1730688,
1,34,100.595,0.4677774,0.8932729,-0.435843,0.8279188,0.4892735,0.2126241,-0.1730688,
1,34,100.597,0.4677774,0.8932729,-0.435843,0.8279188,0.4892735,0.2126241,-0.1730688,
1,34,100.599,0.4677774,0.8932729,-0.435843,0.8279188,0.4892735,0.2126241,-0.1730688,
1,34,100.601,0.4644239,0.8953779,-0.426551,0.8382481,0.4767501,0.2006207,-0.1726288,
1,34,100.603,0.4644239,0.8953779,-0.426551,0.8382481,0.4767501,0.2006207,-0.1726288,
1,34,100.605,0.4644239,0.8953779,-0.426551,0.8382481,0.4767501,0.2006207,-0.1726288,
1,34,100.607,0.4644239,0.8953779,-0.426551,0.8382481,0.4767501,0.2006207,-0.1726288,
1,34,100.609,0.4612907,0.898524,-0.4166396,0.8480622,0.4640619,0.1888099,-0.1725921,
1,34,100.611,0.4612907,0.898524,-0.4166396,0.8480622,0.4640619,0.1888099,-0.1725921,
1,34,100.613,0.4612907,0.898524,-0.4166396,0.8480622,0.4640619,0.1888099,-0.1725921,
1,34,100.615,0.4612907,0.898524,-0.4166396,0.8480622,0.4640619,0.1888099,-0.1725921,
1,34,100.617,0.4612907,0.898524,-0.4166396,0.8480622,0.4640619,0.1888099,-0.1725921,
1,34,100.619,0.458634,0.9024134,-0.4054326,0.8576125,0.4511421,0.1764278,-0.1727571,
1,34,100.621,0.458634,0.9024134,-0.4054326,0.8576125,0.4511421,0.1764278,-0.1727571,
1,34,100.623,0.458634,0.9024134,-0.4054326,0.8576125,0.4511421,0.1764278,-0.1727571,
1,34,100.625,0.458634,0.9024134,-0.4054326,0.8576125,0.4511421,0.1764278,-0.1727571,
1,34,100.627,0.456548,0.9070909,-0.3933096,0.8670672,0.4382908,0.162729,-0.1720905,
1,34,100.629,0.456548,0.9070909,-0.3933096,0.8670672,0.4382908,0.162729,-0.1720905,
1,34,100.631,0.456548,0.9070909,-0.3933096,0.8670672,0.4382908,0.162729,-0.1720905,
1,34,100.633,0.456548,0.9070909,-0.3933096,0.8670672,0.4382908,0.162729,-0.1720905,
1,34,100.635,0.4550489,0.9123802,-0.3810271,0.8762059,0.4258913,0.1479447,-0.1702705,
1,34,100.637,0.4550489,0.9123802,-0.3810271,0.8762059,0.4258913,0.1479447,-0.1702705,
1,34,100.639,0.4550489,0.9123802,-0.3810271,0.8762059,0.4258913,0.1479447,-0.1702705,
1,34,100.641,0.4550489,0.9123802,-0.3810271,0.8762059,0.4258913,0.1479447,-0.1702705,
1,34,100.643,0.4539359,0.9186059,-0.3683908,0.8849416,0.4136524,0.1327428,-0.1677783,
1,34,100.645,0.4539359,0.9186059,-0.3683908,0.8849416,0.4136524,0.1327428,-0.1677783,
1,34,100.647,0.4539359,0.9186059,-0.3683908,0.8849416,0.4136524,0.1327428,-0.1677783,
1,34,100.649,0.4539359,0.9186059,-0.3683908,0.8849416,0.4136524,0.1327428,-0.1677783,
1,34,100.651,0.453097,0.925059,-0.3545106,0.89283,0.4017888,0.1179775,-0.1658363,
1,34,100.653,0.453097,0.925059,-0.3545106,0.89283,0.4017888,0.1179775,-0.1658363,
1,34,100.655,0.453097,0.925059,-0.3545106,0.89283,0.4017888,0.1179775,-0.1658363,
1,34,100.657,0.453097,0.925059,-0.3545106,0.89283,0.4017888,0.1179775,-0.1658363,
1,34,100.659,0.4521911,0.9320449,-0.3408236,0.8999994,0.3905542,0.1040538,-0.1632214,
1,34,100.661,0.4521911,0.9320449,-0.3408236,0.8999994,0.3905542,0.1040538,-0.1632214,
1,34,100.663,0.4521911,0.9320449,-0.3408236,0.8999994,0.3905542,0.1040538,-0.1632214,
1,34,100.665,0.4521911,0.9320449,-0.3408236,0.8999994,0.3905542,0.1040538,-0.1632214,
1,34,100.667,0.4521911,0.9320449,-0.3408236,0.8999994,0.3905542,0.1040538,-0.1632214,
1,34,100.669,0.4520079,0.9396521,-0.3247786,0.9064244,0.3788098,0.09219667,-0.1624735,
1,34,100.671,0.4520079,0.9396521,-0.3247786,0.9064244,0.3788098,0.09219667,-0.1624735,
1,34,100.673,0.4520079,0.9396521,-0.3247786,0.9064244,0.3788098,0.09219667,-0.1624735,
1,34,100.675,0.4520079,0.9396521,-0.3247786,0.9064244,0.3788098,0.09219667,-0.1624735,
1,34,100.677,0.4518892,0.9480764,-0.3093393,0.9123718,0.3679517,0.08082405,-0.1601772,
1,34,100.679,0.4518892,0.9480764,-0.3093393,0.9123718,0.3679517,0.08082405,-0.1601772,
1,34,100.681,0.4518892,0.9480764,-0.3093393,0.9123718,0.3679517,0.08082405,-0.1601772,
1,34,100.683,0.4518892,0.9480764,-0.3093393,0.9123718,0.3679517,0.08082405,-0.1601772,
1,34,100.685,0.4513099,0.9573869,-0.2945269,0.9178779,0.3582805,0.06941408,-0.1559387,
1,34,100.687,0.4513099,0.9573869,-0.2945269,0.9178779,0.3582805,0.06941408,-0.1559387,
1,34,100.689,0.4513099,0.9573869,-0.2945269,0.9178779,0.3582805,0.06941408,-0.1559387,
1,34,100.691,0.4513099,0.9573869,-0.2945269,0.9178779,0.3582805,0.06941408,-0.1559387,
1,34,100.693,0.4506325,0.967851,-0.2794248,0.9229615,0.3491318,0.05917293,-0.1508234,
1,34,100.695,0.4506325,0.967851,-0.2794248,0.9229615,0.3491318,0.05917293,-0.1508234,
1,34,100.697,0.4506325,0.967851,-0.2794248,0.9229615,0.3491318,0.05917293,-0.1508234,
1,34,100.699,0.4506325,0.967851,-0.2794248,0.9229615,0.3491318,0.05917293,-0.1508234,
1,34,100.701,0.4494548,0.9791087,-0.2643437,0.9272708,0.3413916,0.0511217,-0.144939,
1,34,100.703,0.4494548,0.9791087,-0.2643437,0.9272708,0.3413916,0.0511217,-0.144939,
1,34,100.705,0.4494548,0.9791087,-0.2643437,0.9272708,0.3413916,0.0511217,-0.144939,
1,34,100.707,0.4494548,0.9791087,-0.2643437,0.9272708,0.3413916,0.0511217,-0.144939,
1,34,100.709,0.4480489,0.9914171,-0.2489827,0.9309536,0.3347102,0.04580995,-0.1385495,
1,34,100.711,0.4480489,0.9914171,-0.2489827,0.9309536,0.3347102,0.04580995,-0.1385495,
1,34,100.713,0.4480489,0.9914171,-0.2489827,0.9309536,0.3347102,0.04580995,-0.1385495,
1,34,100.715,0.4480489,0.9914171,-0.2489827,0.9309536,0.3347102,0.04580995,-0.1385495,
1,34,100.717,0.4480489,0.9914171,-0.2489827,0.9309536,0.3347102,0.04580995,-0.1385495,
1,34,100.719,0.4462144,1.005292,-0.2345,0.934132,0.3292399,0.0443947,-0.1304897,
1,34,100.721,0.4462144,1.005292,-0.2345,0.934132,0.3292399,0.0443947,-0.1304897,
1,34,100.723,0.4462144,1.005292,-0.2345,0.934132,0.3292399,0.0443947,-0.1304897,
1,34,100.725,0.4462144,1.005292,-0.2345,0.934132,0.3292399,0.0443947,-0.1304897,
1,34,100.727,0.4437848,1.019834,-0.2198734,0.9364247,0.3266256,0.04457363,-0.1201569,
1,34,100.729,0.4437848,1.019834,-0.2198734,0.9364247,0.3266256,0.04457363,-0.1201569,
1,34,100.731,0.4437848,1.019834,-0.2198734,0.9364247,0.3266256,0.04457363,-0.1201569,
1,34,100.733,0.4437848,1.019834,-0.2198734,0.9364247,0.3266256,0.04457363,-0.1201569,
1,34,100.735,0.4403309,1.035773,-0.206135,0.9377043,0.3270901,0.04713263,-0.1072442,
1,34,100.737,0.4403309,1.035773,-0.206135,0.9377043,0.3270901,0.04713263,-0.1072442,
1,34,100.739,0.4403309,1.035773,-0.206135,0.9377043,0.3270901,0.04713263,-0.1072442,
1,34,100.741,0.4403309,1.035773,-0.206135,0.9377043,0.3270901,0.04713263,-0.1072442,
1,34,100.743,0.4359757,1.053606,-0.1941369,0.9375478,0.3318073,0.05270834,-0.09016648,
1,34,100.745,0.4359757,1.053606,-0.1941369,0.9375478,0.3318073,0.05270834,-0.09016648,
1,34,100.747,0.4359757,1.053606,-0.1941369,0.9375478,0.3318073,0.05270834,-0.09016648,
1,34,100.749,0.4359757,1.053606,-0.1941369,0.9375478,0.3318073,0.05270834,-0.09016648,
1,34,100.751,0.4300388,1.071595,-0.1831414,0.9353352,0.3417271,0.05973352,-0.06930089,
1,34,100.753,0.4300388,1.071595,-0.1831414,0.9353352,0.3417271,0.05973352,-0.06930089,
1,34,100.755,0.4300388,1.071595,-0.1831414,0.9353352,0.3417271,0.05973352,-0.06930089,
1,34,100.757,0.4300388,1.071595,-0.1831414,0.9353352,0.3417271,0.05973352,-0.06930089,
1,34,100.759,0.4236153,1.089962,-0.1728983,0.9310604,0.3555782,0.06826299,-0.04506409,
1,34,100.761,0.4236153,1.089962,-0.1728983,0.9310604,0.3555782,0.06826299,-0.04506409,
1,34,100.763,0.4236153,1.089962,-0.1728983,0.9310604,0.3555782,0.06826299,-0.04506409,
1,34,100.765,0.4236153,1.089962,-0.1728983,0.9310604,0.3555782,0.06826299,-0.04506409,
1,34,100.767,0.4236153,1.089962,-0.1728983,0.9310604,0.3555782,0.06826299,-0.04506409,
1,34,100.769,0.415422,1.10662,-0.1637383,0.9236985,0.3748465,0.0773376,-0.01703253,
1,34,100.771,0.415422,1.10662,-0.1637383,0.9236985,0.3748465,0.0773376,-0.01703253,
1,34,100.773,0.415422,1.10662,-0.1637383,0.9236985,0.3748465,0.0773376,-0.01703253,
1,34,100.775,0.415422,1.10662,-0.1637383,0.9236985,0.3748465,0.0773376,-0.01703253,
1,34,100.777,0.4060605,1.123133,-0.1560027,0.9129359,0.397593,0.09116229,0.01254413,
1,34,100.779,0.4060605,1.123133,-0.1560027,0.9129359,0.397593,0.09116229,0.01254413,
1,34,100.781,0.4060605,1.123133,-0.1560027,0.9129359,0.397593,0.09116229,0.01254413,
1,34,100.783,0.4060605,1.123133,-0.1560027,0.9129359,0.397593,0.09116229,0.01254413,
1,34,100.785,0.3956631,1.140014,-0.1504864,0.8979239,0.4234315,0.112755,0.04153123,
1,34,100.787,0.3956631,1.140014,-0.1504864,0.8979239,0.4234315,0.112755,0.04153123,
1,34,100.789,0.3956631,1.140014,-0.1504864,0.8979239,0.4234315,0.112755,0.04153123,
1,34,100.791,0.3956631,1.140014,-0.1504864,0.8979239,0.4234315,0.112755,0.04153123,
1,34,100.793,0.3840319,1.15648,-0.1461979,0.8771049,0.4536862,0.1419714,0.06855591,
1,34,100.795,0.3840319,1.15648,-0.1461979,0.8771049,0.4536862,0.1419714,0.06855591,
1,34,100.797,0.3840319,1.15648,-0.1461979,0.8771049,0.4536862,0.1419714,0.06855591,
1,34,100.799,0.3840319,1.15648,-0.1461979,0.8771049,0.4536862,0.1419714,0.06855591,
1,34,100.801,0.3716432,1.171709,-0.1438743,0.8505508,0.4876972,0.172309,0.09499715,
1,34,100.803,0.3716432,1.171709,-0.1438743,0.8505508,0.4876972,0.172309,0.09499715,
1,34,100.805,0.3716432,1.171709,-0.1438743,0.8505508,0.4876972,0.172309,0.09499715,
1,34,100.807,0.3716432,1.171709,-0.1438743,0.8505508,0.4876972,0.172309,0.09499715,
1,34,100.809,0.3588582,1.18596,-0.1427891,0.8185589,0.5245991,0.1991056,0.1229392,
1,34,100.811,0.3588582,1.18596,-0.1427891,0.8185589,0.5245991,0.1991056,0.1229392,RacketHit
1,34,100.813,0.3588582,1.18596,-0.1427891,0.8185589,0.5245991,0.1991056,0.1229392,
1,34,100.815,0.3588582,1.18596,-0.1427891,0.8185589,0.5245991,0.1991056,0.1229392,
1,34,100.817,0.3588582,1.18596,-0.1427891,0.8185589,0.5245991,0.1991056,0.1229392,
1,34,100.819,0.3460493,1.198265,-0.1430079,0.7814176,0.5631495,0.2222004,0.1512491,
1,34,100.821,0.3460493,1.198265,-0.1430079,0.7814176,0.5631495,0.2222004,0.1512491,
1,34,100.823,0.3460493,1.198265,-0.1430079,0.7814176,0.5631495,0.2222004,0.1512491,
1,34,100.825,0.3460493,1.198265,-0.1430079,0.7814176,0.5631495,0.2222004,0.1512491,
1,34,100.827,0.333834,1.209334,-0.1445877,0.738525,0.60258,0.2445763,0.1779346,
1,34,100.829,0.333834,1.209334,-0.1445877,0.738525,0.60258,0.2445763,0.1779346,
1,34,100.831,0.333834,1.209334,-0.1445877,0.738525,0.60258,0.2445763,0.1779346,
1,34,100.833,0.333834,1.209334,-0.1445877,0.738525,0.60258,0.2445763,0.1779346,
1,34,100.835,0.3226557,1.219288,-0.1470779,0.6898604,0.6424735,0.2674144,0.199525,
1,34,100.837,0.3226557,1.219288,-0.1470779,0.6898604,0.6424735,0.2674144,0.199525,
1,34,100.839,0.3226557,1.219288,-0.1470779,0.6898604,0.6424735,0.2674144,0.199525,
1,34,100.841,0.3226557,1.219288,-0.1470779,0.6898604,0.6424735,0.2674144,0.199525,
1,34,100.843,0.3120475,1.228579,-0.1499101,0.6357232,0.6826706,0.287719,0.216875,
1,34,100.845,0.3120475,1.228579,-0.1499101,0.6357232,0.6826706,0.287719,0.216875,
1,34,100.847,0.3120475,1.228579,-0.1499101,0.6357232,0.6826706,0.287719,0.216875,
1,34,100.849,0.3120475,1.228579,-0.1499101,0.6357232,0.6826706,0.287719,0.216875,
1,34,100.851,0.3027162,1.236083,-0.1533434,0.5783859,0.7210749,0.3018011,0.2333169,
1,34,100.853,0.3027162,1.236083,-0.1533434,0.5783859,0.7210749,0.3018011,0.2333169,
1,34,100.855,0.3027162,1.236083,-0.1533434,0.5783859,0.7210749,0.3018011,0.2333169,
1,34,100.857,0.3027162,1.236083,-0.1533434,0.5783859,0.7210749,0.3018011,0.2333169,
1,34,100.859,0.2936525,1.243382,-0.1570219,0.5202522,0.7558318,0.3077473,0.2516897,
1,34,100.861,0.2936525,1.243382,-0.1570219,0.5202522,0.7558318,0.3077473,0.2516897,
1,34,100.863,0.2936525,1.243382,-0.1570219,0.5202522,0.7558318,0.3077473,0.2516897,
1,34,100.865,0.2936525,1.243382,-0.1570219,0.5202522,0.7558318,0.3077473,0.2516897,
1,34,100.867,0.2936525,1.243382,-0.1570219,0.5202522,0.7558318,0.3077473,0.2516897,
1,34,100.869,0.2864894,1.250126,-0.1597506,0.4622822,0.7861054,0.3080023,0.2710501,
1,34,100.871,0.2864894,1.250126,-0.1597506,0.4622822,0.7861054,0.3080023,0.2710501,
1,34,100.873,0.2864894,1.250126,-0.1597506,0.4622822,0.7861054,0.3080023,0.2710501,
1,34,100.875,0.2864894,1.250126,-0.1597506,0.4622822,0.7861054,0.3080023,0.2710501,
1,34,100.877,0.280797,1.25672,-0.161786,0.4041108,0.8122188,0.3045106,0.2902905,
1,34,100.879,0.280797,1.25672,-0.161786,0.4041108,0.8122188,0.3045106,0.2902905,
1,34,100.881,0.280797,1.25672,-0.161786,0.4041108,0.8122188,0.3045106,0.2902905,
1,34,100.883,0.280797,1.25672,-0.161786,0.4041108,0.8122188,0.3045106,0.2902905,
1,34,100.885,0.2762982,1.263125,-0.163207,0.3463211,0.8346074,0.2984858,0.3072438,
1,34,100.887,0.2762982,1.263125,-0.163207,0.3463211,0.8346074,0.2984858,0.3072438,
1,34,100.889,0.2762982,1.263125,-0.163207,0.3463211,0.8346074,0.2984858,0.3072438,
1,34,100.891,0.2762982,1.263125,-0.163207,0.3463211,0.8346074,0.2984858,0.3072438,
1,34,100.893,0.2727793,1.270213,-0.1645235,0.2894762,0.8524041,0.2901504,0.32469,
1,34,100.895,0.2727793,1.270213,-0.1645235,0.2894762,0.8524041,0.2901504,0.32469,
1,34,100.897,0.2727793,1.270213,-0.1645235,0.2894762,0.8524041,0.2901504,0.32469,
1,34,100.899,0.2727793,1.270213,-0.1645235,0.2894762,0.8524041,0.2901504,0.32469,
1,34,100.901,0.2683873,1.277874,-0.1653232,0.2345109,0.8665859,0.2796588,0.3403302,
1,34,100.903,0.2683873,1.277874,-0.1653232,0.2345109,0.8665859,0.2796588,0.3403302,
1,34,100.905,0.2683873,1.277874,-0.1653232,0.2345109,0.8665859,0.2796588,0.3403302,
1,34,100.907,0.2683873,1.277874,-0.1653232,0.2345109,0.8665859,0.2796588,0.3403302,
1,34,100.909,0.265398,1.285518,-0.1661239,0.1804231,0.8778125,0.268507,0.3532659,
1,34,100.911,0.265398,1.285518,-0.1661239,0.1804231,0.8778125,0.268507,0.3532659,
1,34,100.913,0.265398,1.285518,-0.1661239,0.1804231,0.8778125,0.268507,0.3532659,
1,34,100.915,0.265398,1.285518,-0.1661239,0.1804231,0.8778125,0.268507,0.3532659,
1,34,100.917,0.265398,1.285518,-0.1661239,0.1804231,0.8778125,0.268507,0.3532659,
1,34,100.919,0.262279,1.292956,-0.1665862,0.1283324,0.8866346,0.2561702,0.3630246,
1,34,100.921,0.262279,1.292956,-0.1665862,0.1283324,0.8866346,0.2561702,0.3630246,
1,34,100.923,0.262279,1.292956,-0.1665862,0.1283324,0.8866346,0.2561702,0.3630246,
1,34,100.925,0.262279,1.292956,-0.1665862,0.1283324,0.8866346,0.2561702,0.3630246,
1,34,100.927,0.2587637,1.300627,-0.1672867,0.0778192,0.8929759,0.2425465,0.3710923,
1,34,100.929,0.2587637,1.300627,-0.1672867,0.0778192,0.8929759,0.2425465,0.3710923,
1,34,100.931,0.2587637,1.300627,-0.1672867,0.0778192,0.8929759,0.2425465,0.3710923,
1,34,100.933,0.2587637,1.300627,-0.1672867,0.0778192,0.8929759,0.2425465,0.3710923,
1,34,100.935,0.2552493,1.308019,-0.1678941,0.02952015,0.8966495,0.2279497,0.3784008,
1,34,100.937,0.2552493,1.308019,-0.1678941,0.02952015,0.8966495,0.2279497,0.3784008,
1,34,100.939,0.2552493,1.308019,-0.1678941,0.02952015,0.8966495,0.2279497,0.3784008,
1,34,100.941,0.2552493,1.308019,-0.1678941,0.02952015,0.8966495,0.2279497,0.3784008,
1,34,100.943,0.251329,1.315242,-0.1689643,-0.016559,0.8977226,0.212755,0.3854286,
1,34,100.945,0.251329,1.315242,-0.1689643,-0.016559,0.8977226,0.212755,0.3854286,
1,34,100.947,0.251329,1.315242,-0.1689643,-0.016559,0.8977226,0.212755,0.3854286,
1,34,100.949,0.251329,1.315242,-0.1689643,-0.016559,0.8977226,0.212755,0.3854286,
1,34,100.951,0.2474781,1.322187,-0.1702565,-0.06053731,0.8961529,0.1973321,0.3928172,
1,34,100.953,0.2474781,1.322187,-0.1702565,-0.06053731,0.8961529,0.1973321,0.3928172,
1,34,100.955,0.2474781,1.322187,-0.1702565,-0.06053731,0.8961529,0.1973321,0.3928172,
1,34,100.957,0.2474781,1.322187,-0.1702565,-0.06053731,0.8961529,0.1973321,0.3928172,
1,34,100.959,0.2435509,1.328159,-0.1718123,-0.1022566,0.8916294,0.1817423,0.4018836,
1,34,100.961,0.2435509,1.328159,-0.1718123,-0.1022566,0.8916294,0.1817423,0.4018836,
1,34,100.963,0.2435509,1.328159,-0.1718123,-0.1022566,0.8916294,0.1817423,0.4018836,
1,34,100.965,0.2435509,1.328159,-0.1718123,-0.1022566,0.8916294,0.1817423,0.4018836,
1,34,100.967,0.2435509,1.328159,-0.1718123,-0.1022566,0.8916294,0.1817423,0.4018836,
1,34,100.969,0.2396292,1.333833,-0.1733414,-0.1418203,0.884312,0.1666572,0.4124374,
1,34,100.971,0.2396292,1.333833,-0.1733414,-0.1418203,0.884312,0.1666572,0.4124374,
1,34,100.973,0.2396292,1.333833,-0.1733414,-0.1418203,0.884312,0.1666572,0.4124374,
1,34,100.975,0.2396292,1.333833,-0.1733414,-0.1418203,0.884312,0.1666572,0.4124374,
1,34,100.977,0.2349198,1.338959,-0.1751575,-0.1794679,0.875405,0.1515688,0.4224741,
1,34,100.979,0.2349198,1.338959,-0.1751575,-0.1794679,0.875405,0.1515688,0.4224741,
1,34,100.981,0.2349198,1.338959,-0.1751575,-0.1794679,0.875405,0.1515688,0.4224741,
1,34,100.983,0.2349198,1.338959,-0.1751575,-0.1794679,0.875405,0.1515688,0.4224741,
1,34,100.985,0.2300397,1.343715,-0.1773892,-0.2155108,0.8656013,0.1368812,0.4307588,
1,34,100.987,0.2300397,1.343715,-0.1773892,-0.2155108,0.8656013,0.1368812,0.4307588,
1,34,100.989,0.2300397,1.343715,-0.1773892,-0.2155108,0.8656013,0.1368812,0.4307588,
1,34,100.991,0.2300397,1.343715,-0.1773892,-0.2155108,0.8656013,0.1368812,0.4307588,
1,34,100.993,0.224978,1.347529,-0.1801598,-0.2497576,0.8550593,0.1224937,0.4375959,
1,34,100.995,0.224978,1.347529,-0.1801598,-0.2497576,0.8550593,0.1224937,0.4375959,
1,34,100.997,0.224978,1.347529,-0.1801598,-0.2497576,0.8550593,0.1224937,0.4375959,
1,34,100.999,0.224978,1.347529,-0.1801598,-0.2497576,0.8550593,0.1224937,0.4375959,
1,34,101.001,0.2197628,1.350806,-0.1833677,-0.2823825,0.8433177,0.1086935,0.4441407,
1,34,101.003,0.2197628,1.350806,-0.1833677,-0.2823825,0.8433177,0.1086935,0.4441407,
1,34,101.005,0.2197628,1.350806,-0.1833677,-0.2823825,0.8433177,0.1086935,0.4441407,
1,34,101.007,0.2197628,1.350806,-0.1833677,-0.2823825,0.8433177,0.1086935,0.4441407,
1,34,101.009,0.2141073,1.352922,-0.1869248,-0.3127167,0.8304824,0.09543294,0.4509987,
1,34,101.011,0.2141073,1.352922,-0.1869248,-0.3127167,0.8304824,0.09543294,0.4509987,
1,34,101.013,0.2141073,1.352922,-0.1869248,-0.3127167,0.8304824,0.09543294,0.4509987,
1,34,101.015,0.2141073,1.352922,-0.1869248,-0.3127167,0.8304824,0.09543294,0.4509987,
1,34,101.017,0.2141073,1.352922,-0.1869248,-0.3127167,0.8304824,0.09543294,0.4509987,
1,34,101.019,0.2087197,1.354394,-0.1912529,-0.3413668,0.8164788,0.08374503,0.4580588,
1,34,101.021,0.2087197,1.354394,-0.1912529,-0.3413668,0.8164788,0.08374503,0.4580588,
1,34,101.023,0.2087197,1.354394,-0.1912529,-0.3413668,0.8164788,0.08374503,0.4580588,
1,34,101.025,0.2087197,1.354394,-0.1912529,-0.3413668,0.8164788,0.08374503,0.4580588,
1,34,101.027,0.2035385,1.354743,-0.1956885,-0.3684896,0.8022513,0.07238546,0.4640783,
1,34,101.029,0.2035385,1.354743,-0.1956885,-0.3684896,0.8022513,0.07238546,0.4640783,
1,34,101.031,0.2035385,1.354743,-0.1956885,-0.3684896,0.8022513,0.07238546,0.4640783,
1,34,101.033,0.2035385,1.354743,-0.1956885,-0.3684896,0.8022513,0.07238546,0.4640783,
1,34,101.035,0.198488,1.35455,-0.2009833,-0.3941448,0.7884346,0.0614492,0.4682359,
1,34,101.037,0.198488,1.35455,-0.2009833,-0.3941448,0.7884346,0.0614492,0.4682359,
1,34,101.039,0.198488,1.35455,-0.2009833,-0.3941448,0.7884346,0.0614492,0.4682359,
1,34,101.041,0.198488,1.35455,-0.2009833,-0.3941448,0.7884346,0.0614492,0.4682359,
1,34,101.043,0.1933264,1.353518,-0.2068987,-0.418228,0.7749223,0.05054015,0.4711968,
1,34,101.045,0.1933264,1.353518,-0.2068987,-0.418228,0.7749223,0.05054015,0.4711968,
1,34,101.047,0.1933264,1.353518,-0.2068987,-0.418228,0.7749223,0.05054015,0.4711968,
1,34,101.049,0.1933264,1.353518,-0.2068987,-0.418228,0.7749223,0.05054015,0.4711968,
1,34,101.051,0.1886126,1.351412,-0.2132505,-0.4406595,0.7610651,0.04024357,0.4743202,
1,34,101.053,0.1886126,1.351412,-0.2132505,-0.4406595,0.7610651,0.04024357,0.4743202,
1,34,101.055,0.1886126,1.351412,-0.2132505,-0.4406595,0.7610651,0.04024357,0.4743202,
1,34,101.057,0.1886126,1.351412,-0.2132505,-0.4406595,0.7610651,0.04024357,0.4743202,
1,34,101.059,0.1839751,1.348529,-0.2194444,-0.461207,0.746707,0.03066403,0.4783059,
1,34,101.061,0.1839751,1.348529,-0.2194444,-0.461207,0.746707,0.03066403,0.4783059,
1,34,101.063,0.1839751,1.348529,-0.2194444,-0.461207,0.746707,0.03066403,0.4783059,
1,34,101.065,0.1839751,1.348529,-0.2194444,-0.461207,0.746707,0.03066403,0.4783059,
1,34,101.067,0.1839751,1.348529,-0.2194444,-0.461207,0.746707,0.03066403,0.4783059,
1,34,101.069,0.1797799,1.344771,-0.2262593,-0.4799788,0.7318046,0.02252203,0.4832962,
1,34,101.071,0.1797799,1.344771,-0.2262593,-0.4799788,0.7318046,0.02252203,0.4832962,
1,34,101.073,0.1797799,1.344771,-0.2262593,-0.4799788,0.7318046,0.02252203,0.4832962,
1,34,101.075,0.1797799,1.344771,-0.2262593,-0.4799788,0.7318046,0.02252203,0.4832962,
1,34,101.077,0.1760366,1.339995,-0.2333762,-0.4968694,0.7168589,0.0153648,0.4888743,
1,34,101.079,0.1760366,1.339995,-0.2333762,-0.4968694,0.7168589,0.0153648,0.4888743,
1,34,101.081,0.1760366,1.339995,-0.2333762,-0.4968694,0.7168589,0.0153648,0.4888743,
1,34,101.083,0.1760366,1.339995,-0.2333762,-0.4968694,0.7168589,0.0153648,0.4888743,
1,34,101.085,0.172706,1.334436,-0.2404331,-0.5119121,0.7018212,0.008949548,0.4952907,
1,34,101.087,0.172706,1.334436,-0.2404331,-0.5119121,0.7018212,0.008949548,0.4952907,
1,34,101.089,0.172706,1.334436,-0.2404331,-0.5119121,0.7018212,0.008949548,0.4952907,
1,34,101.091,0.172706,1.334436,-0.2404331,-0.5119121,0.7018212,0.008949548,0.4952907,
1,34,101.093,0.1696448,1.328037,-0.2475361,-0.5252749,0.6869212,0.003131241,0.5022109,
1,34,101.095,0.1696448,1.328037,-0.2475361,-0.5252749,0.6869212,0.003131241,0.5022109,
1,34,101.097,0.1696448,1.328037,-0.2475361,-0.5252749,0.6869212,0.003131241,0.5022109,
1,34,101.099,0.1696448,1.328037,-0.2475361,-0.5252749,0.6869212,0.003131241,0.5022109,
1,34,101.101,0.1671557,1.320783,-0.2548569,-0.5364746,0.6730016,-0.001914322,0.5091761,
1,34,101.103,0.1671557,1.320783,-0.2548569,-0.5364746,0.6730016,-0.001914322,0.5091761,
1,34,101.105,0.1671557,1.320783,-0.2548569,-0.5364746,0.6730016,-0.001914322,0.5091761,
1,34,101.107,0.1671557,1.320783,-0.2548569,-0.5364746,0.6730016,-0.001914322,0.5091761,
1,34,101.109,0.1649265,1.313098,-0.2615455,-0.545949,0.6599361,-0.006861448,0.5161172,
1,34,101.111,0.1649265,1.313098,-0.2615455,-0.545949,0.6599361,-0.006861448,0.5161172,
1,34,101.113,0.1649265,1.313098,-0.2615455,-0.545949,0.6599361,-0.006861448,0.5161172,
1,34,101.115,0.1649265,1.313098,-0.2615455,-0.545949,0.6599361,-0.006861448,0.5161172,
1,34,101.117,0.1649265,1.313098,-0.2615455,-0.545949,0.6599361,-0.006861448,0.5161172,
1,34,101.119,0.162937,1.304858,-0.2679205,-0.5532953,0.6481082,-0.01125133,0.5231574,
1,34,101.121,0.162937,1.304858,-0.2679205,-0.5532953,0.6481082,-0.01125133,0.5231574,
1,34,101.123,0.162937,1.304858,-0.2679205,-0.5532953,0.6481082,-0.01125133,0.5231574,
1,34,101.125,0.162937,1.304858,-0.2679205,-0.5532953,0.6481082,-0.01125133,0.5231574,
1,34,101.127,0.1619733,1.296155,-0.2749993,-0.5587778,0.6381483,-0.01452675,0.5294554,
1,34,101.129,0.1619733,1.296155,-0.2749993,-0.5587778,0.6381483,-0.01452675,0.5294554,
1,34,101.131,0.1619733,1.296155,-0.2749993,-0.5587778,0.6381483,-0.01452675,0.5294554,
1,34,101.133,0.1619733,1.296155,-0.2749993,-0.5587778,0.6381483,-0.01452675,0.5294554,
1,34,101.135,0.1611833,1.287061,-0.2818297,-0.5620638,0.6301307,-0.01739711,0.5354595,
1,34,101.137,0.1611833,1.287061,-0.2818297,-0.5620638,0.6301307,-0.01739711,0.5354595,
1,34,101.139,0.1611833,1.287061,-0.2818297,-0.5620638,0.6301307,-0.01739711,0.5354595,
1,34,101.141,0.1611833,1.287061,-0.2818297,-0.5620638,0.6301307,-0.01739711,0.5354595,
1,34,101.143,0.160968,1.277961,-0.2886922,-0.5635347,0.623356,-0.01855865,0.5417671,
1,34,101.145,0.160968,1.277961,-0.2886922,-0.5635347,0.623356,-0.01855865,0.5417671,
1,34,101.147,0.160968,1.277961,-0.2886922,-0.5635347,0.623356,-0.01855865,0.5417671,
1,34,101.149,0.160968,1.277961,-0.2886922,-0.5635347,0.623356,-0.01855865,0.5417671,
1,34,101.151,0.1610916,1.26885,-0.295341,-0.5630794,0.6176051,-0.01780146,0.5488066,
1,34,101.153,0.1610916,1.26885,-0.295341,-0.5630794,0.6176051,-0.01780146,0.5488066,
1,34,101.155,0.1610916,1.26885,-0.295341,-0.5630794,0.6176051,-0.01780146,0.5488066,
1,34,101.157,0.1610916,1.26885,-0.295341,-0.5630794,0.6176051,-0.01780146,0.5488066,
1,34,101.159,0.1613095,1.259826,-0.3018109,-0.5607154,0.6130291,-0.01530409,0.5563807,
1,34,101.161,0.1613095,1.259826,-0.3018109,-0.5607154,0.6130291,-0.01530409,0.5563807,
1,34,101.163,0.1613095,1.259826,-0.3018109,-0.5607154,0.6130291,-0.01530409,0.5563807,
1,34,101.165,0.1613095,1.259826,-0.3018109,-0.5607154,0.6130291,-0.01530409,0.5563807,
1,34,101.167,0.1613095,1.259826,-0.3018109,-0.5607154,0.6130291,-0.01530409,0.5563807,
1,34,101.169,0.1620062,1.251062,-0.3084174,-0.5567014,0.6094557,-0.01074791,0.5643864,
1,34,101.171,0.1620062,1.251062,-0.3084174,-0.5567014,0.6094557,-0.01074791,0.5643864,
1,34,101.173,0.1620062,1.251062,-0.3084174,-0.5567014,0.6094557,-0.01074791,0.5643864,
1,34,101.175,0.1620062,1.251062,-0.3084174,-0.5567014,0.6094557,-0.01074791,0.5643864,
1,34,101.177,0.1629981,1.242653,-0.3150965,-0.5511526,0.6073169,-0.004641205,0.5721675,
1,34,101.179,0.1629981,1.242653,-0.3150965,-0.5511526,0.6073169,-0.004641205,0.5721675,
1,34,101.181,0.1629981,1.242653,-0.3150965,-0.5511526,0.6073169,-0.004641205,0.5721675,
1,34,101.183,0.1629981,1.242653,-0.3150965,-0.5511526,0.6073169,-0.004641205,0.5721675,
1,34,101.185,0.1643232,1.234756,-0.3217241,-0.5440463,0.6068597,0.002568752,0.5794207,
1,34,101.187,0.1643232,1.234756,-0.3217241,-0.5440463,0.6068597,0.002568752,0.5794207,
1,34,101.189,0.1643232,1.234756,-0.3217241,-0.5440463,0.6068597,0.002568752,0.5794207,
1,34,101.191,0.1643232,1.234756,-0.3217241,-0.5440463,0.6068597,0.002568752,0.5794207,
1,34,101.193,0.1662357,1.226877,-0.3285375,-0.5359106,0.6075487,0.01072958,0.5861478,
1,34,101.195,0.1662357,1.226877,-0.3285375,-0.5359106,0.6075487,0.01072958,0.5861478,
1,34,101.197,0.1662357,1.226877,-0.3285375,-0.5359106,0.6075487,0.01072958,0.5861478,
1,34,101.199,0.1662357,1.226877,-0.3285375,-0.5359106,0.6075487,0.01072958,0.5861478,
1,34,101.201,0.1687842,1.219205,-0.3352343,-0.5266985,0.6090379,0.02001759,0.5926727,
1,34,101.203,0.1687842,1.219205,-0.3352343,-0.5266985,0.6090379,0.02001759,0.5926727,
1,34,101.205,0.1687842,1.219205,-0.3352343,-0.5266985,0.6090379,0.02001759,0.5926727,
1,34,101.207,0.1687842,1.219205,-0.3352343,-0.5266985,0.6090379,0.02001759,0.5926727,
1,34,101.209,0.1721537,1.211937,-0.3417608,-0.5170131,0.6110001,0.03018853,0.5987196,
1,34,101.211,0.1721537,1.211937,-0.3417608,-0.5170131,0.6110001,0.03018853,0.5987196,
1,34,101.213,0.1721537,1.211937,-0.3417608,-0.5170131,0.6110001,0.03018853,0.5987196,
1,34,101.215,0.1721537,1.211937,-0.3417608,-0.5170131,0.6110001,0.03018853,0.5987196,
1,34,101.217,0.1721537,1.211937,-0.3417608,-0.5170131,0.6110001,0.03018853,0.5987196,
1,34,101.219,0.1758976,1.204664,-0.3480237,-0.5066091,0.6135618,0.04061359,0.6043506,
1,34,101.221,0.1758976,1.204664,-0.3480237,-0.5066091,0.6135618,0.04061359,0.6043506,
1,34,101.223,0.1758976,1.204664,-0.3480237,-0.5066091,0.6135618,0.04061359,0.6043506,
1,34,101.225,0.1758976,1.204664,-0.3480237,-0.5066091,0.6135618,0.04061359,0.6043506,
1,34,101.227,0.1799177,1.197288,-0.3538825,-0.4956008,0.6173771,0.05070013,0.6088144,
1,34,101.229,0.1799177,1.197288,-0.3538825,-0.4956008,0.6173771,0.05070013,0.6088144,
1,34,101.231,0.1799177,1.197288,-0.3538825,-0.4956008,0.6173771,0.05070013,0.6088144,
1,34,101.233,0.1799177,1.197288,-0.3538825,-0.4956008,0.6173771,0.05070013,0.6088144,
1,34,101.235,0.1842109,1.190112,-0.3594365,-0.4845505,0.6223249,0.06031114,0.6117884,
1,34,101.237,0.1842109,1.190112,-0.3594365,-0.4845505,0.6223249,0.06031114,0.6117884,
1,34,101.239,0.1842109,1.190112,-0.3594365,-0.4845505,0.6223249,0.06031114,0.6117884,
1,34,101.241,0.1842109,1.190112,-0.3594365,-0.4845505,0.6223249,0.06031114,0.6117884,
1,34,101.243,0.1890008,1.183113,-0.3648535,-0.4734748,0.6286647,0.06968915,0.6129811,
1,34,101.245,0.1890008,1.183113,-0.3648535,-0.4734748,0.6286647,0.06968915,0.6129811,
1,34,101.247,0.1890008,1.183113,-0.3648535,-0.4734748,0.6286647,0.06968915,0.6129811,
1,34,101.249,0.1890008,1.183113,-0.3648535,-0.4734748,0.6286647,0.06968915,0.6129811,
1,34,101.251,0.1941318,1.176189,-0.3700926,-0.4623356,0.6360424,0.07888138,0.6127591,
1,34,101.253,0.1941318,1.176189,-0.3700926,-0.4623356,0.6360424,0.07888138,0.6127591,
1,34,101.255,0.1941318,1.176189,-0.3700926,-0.4623356,0.6360424,0.07888138,0.6127591,
1,34,101.257,0.1941318,1.176189,-0.3700926,-0.4623356,0.6360424,0.07888138,0.6127591,
1,34,101.259,0.1995736,1.169235,-0.3753242,-0.4509622,0.6440765,0.08853436,0.6115229,
1,34,101.261,0.1995736,1.169235,-0.3753242,-0.4509622,0.6440765,0.08853436,0.6115229,
1,34,101.263,0.1995736,1.169235,-0.3753242,-0.4509622,0.6440765,0.08853436,0.6115229,
1,34,101.265,0.1995736,1.169235,-0.3753242,-0.4509622,0.6440765,0.08853436,0.6115229,
1,34,101.267,0.1995736,1.169235,-0.3753242,-0.4509622,0.6440765,0.08853436,0.6115229,
1,34,101.269,0.205387,1.162503,-0.3805625,-0.4394163,0.6522467,0.09900334,0.6096605,
1,34,101.271,0.205387,1.162503,-0.3805625,-0.4394163,0.6522467,0.09900334,0.6096605,
1,34,101.273,0.205387,1.162503,-0.3805625,-0.4394163,0.6522467,0.09900334,0.6096605,
1,34,101.275,0.205387,1.162503,-0.3805625,-0.4394163,0.6522467,0.09900334,0.6096605,
1,34,101.277,0.2115939,1.15599,-0.3857695,-0.4274622,0.6598558,0.1108345,0.6079327,
1,34,101.279,0.2115939,1.15599,-0.3857695,-0.4274622,0.6598558,0.1108345,0.6079327,
1,34,101.281,0.2115939,1.15599,-0.3857695,-0.4274622,0.6598558,0.1108345,0.6079327,
1,34,101.283,0.2115939,1.15599,-0.3857695,-0.4274622,0.6598558,0.1108345,0.6079327,
1,34,101.285,0.2178696,1.149888,-0.3908323,-0.4152849,0.667287,0.1232851,0.6058609,
1,34,101.287,0.2178696,1.149888,-0.3908323,-0.4152849,0.667287,0.1232851,0.6058609,
1,34,101.289,0.2178696,1.149888,-0.3908323,-0.4152849,0.667287,0.1232851,0.6058609,
1,34,101.291,0.2178696,1.149888,-0.3908323,-0.4152849,0.667287,0.1232851,0.6058609,
1,34,101.293,0.2245355,1.144294,-0.3959781,-0.4025404,0.6744354,0.1369256,0.6036137,
1,34,101.295,0.2245355,1.144294,-0.3959781,-0.4025404,0.6744354,0.1369256,0.6036137,
1,34,101.297,0.2245355,1.144294,-0.3959781,-0.4025404,0.6744354,0.1369256,0.6036137,
1,34,101.299,0.2245355,1.144294,-0.3959781,-0.4025404,0.6744354,0.1369256,0.6036137,
1,34,101.301,0.2313463,1.139151,-0.4007723,-0.3896398,0.6819873,0.1504961,0.6003541,
1,34,101.303,0.2313463,1.139151,-0.4007723,-0.3896398,0.6819873,0.1504961,0.6003541,
1,34,101.305,0.2313463,1.139151,-0.4007723,-0.3896398,0.6819873,0.1504961,0.6003541,
1,34,101.307,0.2313463,1.139151,-0.4007723,-0.3896398,0.6819873,0.1504961,0.6003541,
1,34,101.309,0.2382,1.13451,-0.4055667,-0.3764281,0.6901544,0.1641483,0.5958558,
1,34,101.311,0.2382,1.13451,-0.4055667,-0.3764281,0.6901544,0.1641483,0.5958558,
1,34,101.313,0.2382,1.13451,-0.4055667,-0.3764281,0.6901544,0.1641483,0.5958558,
1,34,101.315,0.2382,1.13451,-0.4055667,-0.3764281,0.6901544,0.1641483,0.5958558,
1,34,101.317,0.2382,1.13451,-0.4055667,-0.3764281,0.6901544,0.1641483,0.5958558,
1,34,101.319,0.244844,1.130013,-0.4100049,-0.3627924,0.6991215,0.1770747,0.5901316,
1,34,101.321,0.244844,1.130013,-0.4100049,-0.3627924,0.6991215,0.1770747,0.5901316,
1,34,101.323,0.244844,1.130013,-0.4100049,-0.3627924,0.6991215,0.1770747,0.5901316,
1,34,101.325,0.244844,1.130013,-0.4100049,-0.3627924,0.6991215,0.1770747,0.5901316,
1,34,101.327,0.2520835,1.126326,-0.4143877,-0.348939,0.7083687,0.1903676,0.58328,
1,34,101.329,0.2520835,1.126326,-0.4143877,-0.348939,0.7083687,0.1903676,0.58328,
1,34,101.331,0.2520835,1.126326,-0.4143877,-0.348939,0.7083687,0.1903676,0.58328,
1,34,101.333,0.2520835,1.126326,-0.4143877,-0.348939,0.7083687,0.1903676,0.58328,
1,34,101.335,0.2595741,1.123119,-0.4180354,-0.3349775,0.7174816,0.2032241,0.5759429,
1,34,101.337,0.2595741,1.123119,-0.4180354,-0.3349775,0.7174816,0.2032241,0.5759429,
1,34,101.339,0.2595741,1.123119,-0.4180354,-0.3349775,0.7174816,0.2032241,0.5759429,
1,34,101.341,0.2595741,1.123119,-0.4180354,-0.3349775,0.7174816,0.2032241,0.5759429,
1,34,101.343,0.266958,1.120136,-0.4214542,-0.3205083,0.7266429,0.2157064,0.5680978,
1,34,101.345,0.266958,1.120136,-0.4214542,-0.3205083,0.7266429,0.2157064,0.5680978,
1,34,101.347,0.266958,1.120136,-0.4214542,-0.3205083,0.7266429,0.2157064,0.5680978,
1,34,101.349,0.266958,1.120136,-0.4214542,-0.3205083,0.7266429,0.2157064,0.5680978,
1,34,101.351,0.2746454,1.11772,-0.4242483,-0.3060907,0.7359557,0.227666,0.5593263,
1,34,101.353,0.2746454,1.11772,-0.4242483,-0.3060907,0.7359557,0.227666,0.5593263,
1,34,101.355,0.2746454,1.11772,-0.4242483,-0.3060907,0.7359557,0.227666,0.5593263,
1,34,101.357,0.2746454,1.11772,-0.4242483,-0.3060907,0.7359557,0.227666,0.5593263,
1,34,101.359,0.2826388,1.11599,-0.4266156,-0.2918171,0.7452697,0.2391546,0.5497463,
1,34,101.361,0.2826388,1.11599,-0.4266156,-0.2918171,0.7452697,0.2391546,0.5497463,
1,34,101.363,0.2826388,1.11599,-0.4266156,-0.2918171,0.7452697,0.2391546,0.5497463,
1,34,101.365,0.2826388,1.11599,-0.4266156,-0.2918171,0.7452697,0.2391546,0.5497463,
1,34,101.367,0.2826388,1.11599,-0.4266156,-0.2918171,0.7452697,0.2391546,0.5497463,
1,34,101.369,0.290207,1.114128,-0.4284573,-0.2772549,0.7555553,0.2494309,0.5385631,
1,34,101.371,0.290207,1.114128,-0.4284573,-0.2772549,0.7555553,0.2494309,0.5385631,
1,34,101.373,0.290207,1.114128,-0.4284573,-0.2772549,0.7555553,0.2494309,0.5385631,
1,34,101.375,0.290207,1.114128,-0.4284573,-0.2772549,0.7555553,0.2494309,0.5385631,
1,34,101.377,0.297755,1.112715,-0.4296576,-0.263086,0.7667952,0.2587189,0.5252385,
1,34,101.379,0.297755,1.112715,-0.4296576,-0.263086,0.7667952,0.2587189,0.5252385,
1,34,101.381,0.297755,1.112715,-0.4296576,-0.263086,0.7667952,0.2587189,0.5252385,
1,34,101.383,0.297755,1.112715,-0.4296576,-0.263086,0.7667952,0.2587189,0.5252385,
1,34,101.385,0.304935,1.112016,-0.4292774,-0.2491782,0.7763757,0.2677755,0.5132712,
1,34,101.387,0.304935,1.112016,-0.4292774,-0.2491782,0.7763757,0.2677755,0.5132712,
1,34,101.389,0.304935,1.112016,-0.4292774,-0.2491782,0.7763757,0.2677755,0.5132712,
1,34,101.391,0.304935,1.112016,-0.4292774,-0.2491782,0.7763757,0.2677755,0.5132712,
1,34,101.393,0.3119641,1.109912,-0.4301827,-0.2346852,0.7912006,0.2736741,0.4939909,
1,34,101.395,0.3119641,1.109912,-0.4301827,-0.2346852,0.7912006,0.2736741,0.4939909,
1,34,101.397,0.3119641,1.109912,-0.4301827,-0.2346852,0.7912006,0.2736741,0.4939909,
1,34,101.399,0.3119641,1.109912,-0.4301827,-0.2346852,0.7912006,0.2736741,0.4939909,
1,34,101.401,0.3189473,1.109225,-0.4298342,-0.2202246,0.8027906,0.2807057,0.4777369,
1,34,101.403,0.3189473,1.109225,-0.4298342,-0.2202246,0.8027906,0.2807057,0.4777369,
1,34,101.405,0.3189473,1.109225,-0.4298342,-0.2202246,0.8027906,0.2807057,0.4777369,
1,34,101.407,0.3189473,1.109225,-0.4298342,-0.2202246,0.8027906,0.2807057,0.4777369,
1,34,101.409,0.3256919,1.108767,-0.4292198,-0.2053913,0.8134734,0.2875178,0.4619621,
1,34,101.411,0.3256919,1.108767,-0.4292198,-0.2053913,0.8134734,0.2875178,0.4619621,
1,34,101.413,0.3256919,1.108767,-0.4292198,-0.2053913,0.8134734,0.2875178,0.4619621,
1,34,101.415,0.3256919,1.108767,-0.4292198,-0.2053913,0.8134734,0.2875178,0.4619621,
1,34,101.417,0.3256919,1.108767,-0.4292198,-0.2053913,0.8134734,0.2875178,0.4619621,
1,34,101.419,0.3325213,1.108722,-0.4282457,-0.1901219,0.8234056,0.2943093,0.446362,
1,34,101.421,0.3325213,1.108722,-0.4282457,-0.1901219,0.8234056,0.2943093,0.446362,
1,34,101.423,0.3325213,1.108722,-0.4282457,-0.1901219,0.8234056,0.2943093,0.446362,
1,34,101.425,0.3325213,1.108722,-0.4282457,-0.1901219,0.8234056,0.2943093,0.446362,
1,34,101.427,0.339149,1.108657,-0.4267359,-0.1750103,0.8331862,0.3002539,0.4301392,
1,34,101.429,0.339149,1.108657,-0.4267359,-0.1750103,0.8331862,0.3002539,0.4301392,
1,34,101.431,0.339149,1.108657,-0.4267359,-0.1750103,0.8331862,0.3002539,0.4301392,
1,34,101.433,0.339149,1.108657,-0.4267359,-0.1750103,0.8331862,0.3002539,0.4301392,
1,34,101.435,0.3457323,1.108718,-0.4248073,-0.1602433,0.8429151,0.3055984,0.4128269,
1,34,101.437,0.3457323,1.108718,-0.4248073,-0.1602433,0.8429151,0.3055984,0.4128269,
1,34,101.439,0.3457323,1.108718,-0.4248073,-0.1602433,0.8429151,0.3055984,0.4128269,
1,34,101.441,0.3457323,1.108718,-0.4248073,-0.1602433,0.8429151,0.3055984,0.4128269,
1,34,101.443,0.3523338,1.108815,-0.4225769,-0.1460194,0.8526956,0.3103248,0.3940649,
1,34,101.445,0.3523338,1.108815,-0.4225769,-0.1460194,0.8526956,0.3103248,0.3940649,
1,34,101.447,0.3523338,1.108815,-0.4225769,-0.1460194,0.8526956,0.3103248,0.3940649,
1,34,101.449,0.3523338,1.108815,-0.4225769,-0.1460194,0.8526956,0.3103248,0.3940649,
1,34,101.451,0.3586062,1.108679,-0.4199108,-0.1322681,0.8625404,0.3142177,0.3738938,
1,34,101.453,0.3586062,1.108679,-0.4199108,-0.1322681,0.8625404,0.3142177,0.3738938,
1,34,101.455,0.3586062,1.108679,-0.4199108,-0.1322681,0.8625404,0.3142177,0.3738938,
1,34,101.457,0.3586062,1.108679,-0.4199108,-0.1322681,0.8625404,0.3142177,0.3738938,
1,34,101.459,0.3650753,1.108772,-0.4171734,-0.1192831,0.8719992,0.3178152,0.352679,
1,34,101.461,0.3650753,1.108772,-0.4171734,-0.1192831,0.8719992,0.3178152,0.352679,
1,34,101.463,0.3650753,1.108772,-0.4171734,-0.1192831,0.8719992,0.3178152,0.352679,
1,34,101.465,0.3650753,1.108772,-0.4171734,-0.1192831,0.8719992,0.3178152,0.352679,
1,34,101.467,0.3650753,1.108772,-0.4171734,-0.1192831,0.8719992,0.3178152,0.352679,
1,34,101.469,0.3713254,1.108554,-0.4140166,-0.1065554,0.8812947,0.3208137,0.3302184,
1,34,101.471,0.3713254,1.108554,-0.4140166,-0.1065554,0.8812947,0.3208137,0.3302184,
1,34,101.473,0.3713254,1.108554,-0.4140166,-0.1065554,0.8812947,0.3208137,0.3302184,
1,34,101.475,0.3713254,1.108554,-0.4140166,-0.1065554,0.8812947,0.3208137,0.3302184,
1,34,101.477,0.3775952,1.108583,-0.4108186,-0.09408772,0.8894795,0.323835,0.3083903,
1,34,101.479,0.3775952,1.108583,-0.4108186,-0.09408772,0.8894795,0.323835,0.3083903,
1,34,101.481,0.3775952,1.108583,-0.4108186,-0.09408772,0.8894795,0.323835,0.3083903,
1,34,101.483,0.3775952,1.108583,-0.4108186,-0.09408772,0.8894795,0.323835,0.3083903,
1,34,101.485,0.3836922,1.108473,-0.4074424,-0.08171228,0.8967022,0.3266307,0.2873339,
1,34,101.487,0.3836922,1.108473,-0.4074424,-0.08171228,0.8967022,0.3266307,0.2873339,
1,34,101.489,0.3836922,1.108473,-0.4074424,-0.08171228,0.8967022,0.3266307,0.2873339,
1,34,101.491,0.3836922,1.108473,-0.4074424,-0.08171228,0.8967022,0.3266307,0.2873339,
1,34,101.493,0.390165,1.108587,-0.4042533,-0.06947777,0.9028834,0.3295614,0.2671399,
1,34,101.495,0.390165,1.108587,-0.4042533,-0.06947777,0.9028834,0.3295614,0.2671399,
1,34,101.497,0.390165,1.108587,-0.4042533,-0.06947777,0.9028834,0.3295614,0.2671399,
1,34,101.499,0.390165,1.108587,-0.4042533,-0.06947777,0.9028834,0.3295614,0.2671399,
1,34,101.501,0.3966889,1.108553,-0.4008361,-0.0578371,0.9085403,0.3321753,0.2467165,
1,34,101.503,0.3966889,1.108553,-0.4008361,-0.0578371,0.9085403,0.3321753,0.2467165,
1,34,101.505,0.3966889,1.108553,-0.4008361,-0.0578371,0.9085403,0.3321753,0.2467165,
1,34,101.507,0.3966889,1.108553,-0.4008361,-0.0578371,0.9085403,0.3321753,0.2467165,
1,34,101.509,0.4023816,1.107714,-0.3971646,-0.04682076,0.9142033,0.3338216,0.2249519,
1,34,101.511,0.4023816,1.107714,-0.3971646,-0.04682076,0.9142033,0.3338216,0.2249519,
1,34,101.513,0.4023816,1.107714,-0.3971646,-0.04682076,0.9142033,0.3338216,0.2249519,
1,34,101.515,0.4023816,1.107714,-0.3971646,-0.04682076,0.9142033,0.3338216,0.2249519,
1,34,101.517,0.4023816,1.107714,-0.3971646,-0.04682076,0.9142033,0.3338216,0.2249519,
1,34,101.519,0.4082971,1.106541,-0.3935371,-0.03693339,0.9196399,0.3352999,0.2011775,
1,34,101.521,0.4082971,1.106541,-0.3935371,-0.03693339,0.9196399,0.3352999,0.2011775,
1,34,101.523,0.4082971,1.106541,-0.3935371,-0.03693339,0.9196399,0.3352999,0.2011775,
1,34,101.525,0.4082971,1.106541,-0.3935371,-0.03693339,0.9196399,0.3352999,0.2011775,
1,34,101.527,0.414036,1.104953,-0.3901647,-0.02782363,0.9244235,0.3368098,0.17671,
1,34,101.529,0.414036,1.104953,-0.3901647,-0.02782363,0.9244235,0.3368098,0.17671,
1,34,101.531,0.414036,1.104953,-0.3901647,-0.02782363,0.9244235,0.3368098,0.17671,
1,34,101.533,0.414036,1.104953,-0.3901647,-0.02782363,0.9244235,0.3368098,0.17671,
1,34,101.535,0.4194938,1.1026,-0.3867302,-0.01898834,0.9284288,0.3380347,0.1529447,
1,34,101.537,0.4194938,1.1026,-0.3867302,-0.01898834,0.9284288,0.3380347,0.1529447,
1,34,101.539,0.4194938,1.1026,-0.3867302,-0.01898834,0.9284288,0.3380347,0.1529447,
1,34,101.541,0.4194938,1.1026,-0.3867302,-0.01898834,0.9284288,0.3380347,0.1529447,
1,34,101.543,0.4251401,1.100008,-0.3832619,-0.01062697,0.9315034,0.3392708,0.1307052,
1,34,101.545,0.4251401,1.100008,-0.3832619,-0.01062697,0.9315034,0.3392708,0.1307052,
1,34,101.547,0.4251401,1.100008,-0.3832619,-0.01062697,0.9315034,0.3392708,0.1307052,
1,34,101.549,0.4251401,1.100008,-0.3832619,-0.01062697,0.9315034,0.3392708,0.1307052,
1,34,101.551,0.4309297,1.097227,-0.3801103,-0.00268504,0.9335664,0.3407315,0.1111246,
1,34,101.553,0.4309297,1.097227,-0.3801103,-0.00268504,0.9335664,0.3407315,0.1111246,
1,34,101.555,0.4309297,1.097227,-0.3801103,-0.00268504,0.9335664,0.3407315,0.1111246,
1,34,101.557,0.4309297,1.097227,-0.3801103,-0.00268504,0.9335664,0.3407315,0.1111246,
1,34,101.559,0.4363219,1.09434,-0.3771307,0.005558133,0.934742,0.342544,0.09428734,
1,34,101.561,0.4363219,1.09434,-0.3771307,0.005558133,0.934742,0.342544,0.09428734,
1,34,101.563,0.4363219,1.09434,-0.3771307,0.005558133,0.934742,0.342544,0.09428734,
1,34,101.565,0.4363219,1.09434,-0.3771307,0.005558133,0.934742,0.342544,0.09428734,
1,34,101.567,0.4363219,1.09434,-0.3771307,0.005558133,0.934742,0.342544,0.09428734,
1,34,101.569,0.4416708,1.091522,-0.3743162,0.01338395,0.9352436,0.3448059,0.07905112,
1,34,101.571,0.4416708,1.091522,-0.3743162,0.01338395,0.9352436,0.3448059,0.07905112,
1,34,101.573,0.4416708,1.091522,-0.3743162,0.01338395,0.9352436,0.3448059,0.07905112,
1,34,101.575,0.4416708,1.091522,-0.3743162,0.01338395,0.9352436,0.3448059,0.07905112,
1,34,101.577,0.446855,1.088833,-0.3718973,0.02054024,0.9351745,0.3473976,0.06589316,
1,34,101.579,0.446855,1.088833,-0.3718973,0.02054024,0.9351745,0.3473976,0.06589316,
1,34,101.581,0.446855,1.088833,-0.3718973,0.02054024,0.9351745,0.3473976,0.06589316,
1,34,101.583,0.446855,1.088833,-0.3718973,0.02054024,0.9351745,0.3473976,0.06589316,
1,34,101.585,0.4520642,1.085942,-0.3696786,0.0268684,0.9347964,0.3499506,0.05448295,
1,34,101.587,0.4520642,1.085942,-0.3696786,0.0268684,0.9347964,0.3499506,0.05448295,
1,34,101.589,0.4520642,1.085942,-0.3696786,0.0268684,0.9347964,0.3499506,0.05448295,
1,34,101.591,0.4520642,1.085942,-0.3696786,0.0268684,0.9347964,0.3499506,0.05448295,
1,34,101.593,0.457205,1.082868,-0.3676867,0.03181899,0.9341938,0.3527322,0.04300804,
1,34,101.595,0.457205,1.082868,-0.3676867,0.03181899,0.9341938,0.3527322,0.04300804,
1,34,101.597,0.457205,1.082868,-0.3676867,0.03181899,0.9341938,0.3527322,0.04300804,
1,34,101.599,0.457205,1.082868,-0.3676867,0.03181899,0.9341938,0.3527322,0.04300804,
1,34,101.601,0.4624619,1.080102,-0.3664896,0.0352461,0.933194,0.3562446,0.03157063,
1,34,101.603,0.4624619,1.080102,-0.3664896,0.0352461,0.933194,0.3562446,0.03157063,
1,34,101.605,0.4624619,1.080102,-0.3664896,0.0352461,0.933194,0.3562446,0.03157063,
1,34,101.607,0.4624619,1.080102,-0.3664896,0.0352461,0.933194,0.3562446,0.03157063,
1,34,101.609,0.467858,1.077413,-0.3656275,0.0371998,0.9319301,0.3601789,0.0198427,
1,34,101.611,0.467858,1.077413,-0.3656275,0.0371998,0.9319301,0.3601789,0.0198427,
1,34,101.613,0.467858,1.077413,-0.3656275,0.0371998,0.9319301,0.3601789,0.0198427,
1,34,101.615,0.467858,1.077413,-0.3656275,0.0371998,0.9319301,0.3601789,0.0198427,
1,34,101.617,0.467858,1.077413,-0.3656275,0.0371998,0.9319301,0.3601789,0.0198427,
1,34,101.619,0.4728546,1.074447,-0.3646483,0.03807721,0.9305882,0.3640043,0.007520512,
1,34,101.621,0.4728546,1.074447,-0.3646483,0.03807721,0.9305882,0.3640043,0.007520512,
1,34,101.623,0.4728546,1.074447,-0.3646483,0.03807721,0.9305882,0.3640043,0.007520512,
1,34,101.625,0.4728546,1.074447,-0.3646483,0.03807721,0.9305882,0.3640043,0.007520512,
1,34,101.627,0.4774379,1.071597,-0.3639915,0.03836623,0.9290347,0.3679708,-0.004488736,
1,34,101.629,0.4774379,1.071597,-0.3639915,0.03836623,0.9290347,0.3679708,-0.004488736,
1,34,101.631,0.4774379,1.071597,-0.3639915,0.03836623,0.9290347,0.3679708,-0.004488736,
1,34,101.633,0.4774379,1.071597,-0.3639915,0.03836623,0.9290347,0.3679708,-0.004488736,
1,34,101.635,0.4818273,1.069074,-0.3637659,0.03846347,0.9272449,0.3721828,-0.01474647,
1,34,101.637,0.4818273,1.069074,-0.3637659,0.03846347,0.9272449,0.3721828,-0.01474647,
1,34,101.639,0.4818273,1.069074,-0.3637659,0.03846347,0.9272449,0.3721828,-0.01474647,
1,34,101.641,0.4818273,1.069074,-0.3637659,0.03846347,0.9272449,0.3721828,-0.01474647,
1,34,101.643,0.4858599,1.06705,-0.3640013,0.03875136,0.9252571,0.3766571,-0.02296041,
1,34,101.645,0.4858599,1.06705,-0.3640013,0.03875136,0.9252571,0.3766571,-0.02296041,
1,34,101.647,0.4858599,1.06705,-0.3640013,0.03875136,0.9252571,0.3766571,-0.02296041,
1,34,101.649,0.4858599,1.06705,-0.3640013,0.03875136,0.9252571,0.3766571,-0.02296041,
1,34,101.651,0.489194,1.065743,-0.3646202,0.03969181,0.9231272,0.3813213,-0.02924067,
1,34,101.653,0.489194,1.065743,-0.3646202,0.03969181,0.9231272,0.3813213,-0.02924067,
1,34,101.655,0.489194,1.065743,-0.3646202,0.03969181,0.9231272,0.3813213,-0.02924067,
1,34,101.657,0.489194,1.065743,-0.3646202,0.03969181,0.9231272,0.3813213,-0.02924067,
1,34,101.659,0.4922134,1.064745,-0.3654119,0.04055351,0.9209414,0.3860163,-0.03484106,
1,34,101.661,0.4922134,1.064745,-0.3654119,0.04055351,0.9209414,0.3860163,-0.03484106,
1,34,101.663,0.4922134,1.064745,-0.3654119,0.04055351,0.9209414,0.3860163,-0.03484106,
1,34,101.665,0.4922134,1.064745,-0.3654119,0.04055351,0.9209414,0.3860163,-0.03484106,
1,34,101.667,0.4922134,1.064745,-0.3654119,0.04055351,0.9209414,0.3860163,-0.03484106,
1,34,101.669,0.4947772,1.064009,-0.3664081,0.04122767,0.9188315,0.3904395,-0.04007664,
1,34,101.671,0.4947772,1.064009,-0.3664081,0.04122767,0.9188315,0.3904395,-0.04007664,
1,34,101.673,0.4947772,1.064009,-0.3664081,0.04122767,0.9188315,0.3904395,-0.04007664,
1,34,101.675,0.4947772,1.064009,-0.3664081,0.04122767,0.9188315,0.3904395,-0.04007664,
1,34,101.677,0.4969445,1.063324,-0.3676093,0.04154819,0.9168034,0.3945422,-0.04562737,
1,34,101.679,0.4969445,1.063324,-0.3676093,0.04154819,0.9168034,0.3945422,-0.04562737,
1,34,101.681,0.4969445,1.063324,-0.3676093,0.04154819,0.9168034,0.3945422,-0.04562737,
1,34,101.683,0.4969445,1.063324,-0.3676093,0.04154819,0.9168034,0.3945422,-0.04562737,
1,34,101.685,0.4987538,1.062413,-0.3688926,0.04134151,0.9151052,0.3977756,-0.05145946,
1,34,101.687,0.4987538,1.062413,-0.3688926,0.04134151,0.9151052,0.3977756,-0.05145946,
1,34,101.689,0.4987538,1.062413,-0.3688926,0.04134151,0.9151052,0.3977756,-0.05145946,
1,34,101.691,0.4987538,1.062413,-0.3688926,0.04134151,0.9151052,0.3977756,-0.05145946,
1,34,101.693,0.5004671,1.061124,-0.3703078,0.04035494,0.9137732,0.3999934,-0.05827038,
1,34,101.695,0.5004671,1.061124,-0.3703078,0.04035494,0.9137732,0.3999934,-0.05827038,
1,34,101.697,0.5004671,1.061124,-0.3703078,0.04035494,0.9137732,0.3999934,-0.05827038,
1,34,101.699,0.5004671,1.061124,-0.3703078,0.04035494,0.9137732,0.3999934,-0.05827038,
1,34,101.701,0.5022658,1.059189,-0.3715396,0.03835157,0.9129387,0.4009051,-0.06593409,
1,34,101.703,0.5022658,1.059189,-0.3715396,0.03835157,0.9129387,0.4009051,-0.06593409,
1,34,101.705,0.5022658,1.059189,-0.3715396,0.03835157,0.9129387,0.4009051,-0.06593409,
1,34,101.707,0.5022658,1.059189,-0.3715396,0.03835157,0.9129387,0.4009051,-0.06593409,
1,34,101.709,0.504057,1.056899,-0.3726932,0.03590164,0.912537,0.4007562,-0.07335956,
1,34,101.711,0.504057,1.056899,-0.3726932,0.03590164,0.912537,0.4007562,-0.07335956,
1,34,101.713,0.504057,1.056899,-0.3726932,0.03590164,0.912537,0.4007562,-0.07335956,
1,34,101.715,0.504057,1.056899,-0.3726932,0.03590164,0.912537,0.4007562,-0.07335956,
1,34,101.717,0.504057,1.056899,-0.3726932,0.03590164,0.912537,0.4007562,-0.07335956,
1,34,101.719,0.5059339,1.054318,-0.3735492,0.03308499,0.9123858,0.3997647,-0.08152208,
1,34,101.721,0.5059339,1.054318,-0.3735492,0.03308499,0.9123858,0.3997647,-0.08152208,
1,34,101.723,0.5059339,1.054318,-0.3735492,0.03308499,0.9123858,0.3997647,-0.08152208,
1,34,101.725,0.5059339,1.054318,-0.3735492,0.03308499,0.9123858,0.3997647,-0.08152208,
1,34,101.727,0.5081858,1.051466,-0.3742887,0.02988064,0.912518,0.3980596,-0.0892557,
1,34,101.729,0.5081858,1.051466,-0.3742887,0.02988064,0.912518,0.3980596,-0.0892557,
1,34,101.731,0.5081858,1.051466,-0.3742887,0.02988064,0.912518,0.3980596,-0.0892557,
1,34,101.733,0.5081858,1.051466,-0.3742887,0.02988064,0.912518,0.3980596,-0.0892557,
1,34,101.735,0.5102443,1.048548,-0.3744772,0.02668509,0.9127062,0.3958342,-0.0978295,
1,34,101.737,0.5102443,1.048548,-0.3744772,0.02668509,0.9127062,0.3958342,-0.0978295,
1,34,101.739,0.5102443,1.048548,-0.3744772,0.02668509,0.9127062,0.3958342,-0.0978295,
1,34,101.741,0.5102443,1.048548,-0.3744772,0.02668509,0.9127062,0.3958342,-0.0978295,
1,34,101.743,0.5121586,1.046201,-0.3749498,0.02382275,0.9125956,0.3939668,-0.1067335,
1,34,101.745,0.5121586,1.046201,-0.3749498,0.02382275,0.9125956,0.3939668,-0.1067335,
1,34,101.747,0.5121586,1.046201,-0.3749498,0.02382275,0.9125956,0.3939668,-0.1067335,
1,34,101.749,0.5121586,1.046201,-0.3749498,0.02382275,0.9125956,0.3939668,-0.1067335,
1,34,101.751,0.513871,1.044273,-0.375354,0.02114725,0.9121916,0.3923374,-0.1163212,
1,34,101.753,0.513871,1.044273,-0.375354,0.02114725,0.9121916,0.3923374,-0.1163212,
1,34,101.755,0.513871,1.044273,-0.375354,0.02114725,0.9121916,0.3923374,-0.1163212,
1,34,101.757,0.513871,1.044273,-0.375354,0.02114725,0.9121916,0.3923374,-0.1163212,
1,34,101.759,0.5152859,1.042644,-0.375518,0.01908651,0.9115046,0.3908116,-0.1267339,
1,34,101.761,0.5152859,1.042644,-0.375518,0.01908651,0.9115046,0.3908116,-0.1267339,
1,34,101.763,0.5152859,1.042644,-0.375518,0.01908651,0.9115046,0.3908116,-0.1267339,
1,34,101.765,0.5152859,1.042644,-0.375518,0.01908651,0.9115046,0.3908116,-0.1267339,
1,34,101.767,0.5152859,1.042644,-0.375518,0.01908651,0.9115046,0.3908116,-0.1267339,
1,34,101.769,0.5160114,1.041514,-0.3755496,0.01851222,0.9107364,0.389514,-0.1359973,
1,34,101.771,0.5160114,1.041514,-0.3755496,0.01851222,0.9107364,0.389514,-0.1359973,
1,34,101.773,0.5160114,1.041514,-0.3755496,0.01851222,0.9107364,0.389514,-0.1359973,
1,34,101.775,0.5160114,1.041514,-0.3755496,0.01851222,0.9107364,0.389514,-0.1359973,
1,34,101.777,0.5160959,1.040841,-0.3753981,0.02005213,0.9101071,0.388419,-0.1429465,
1,34,101.779,0.5160959,1.040841,-0.3753981,0.02005213,0.9101071,0.388419,-0.1429465,
1,34,101.781,0.5160959,1.040841,-0.3753981,0.02005213,0.9101071,0.388419,-0.1429465,
1,34,101.783,0.5160959,1.040841,-0.3753981,0.02005213,0.9101071,0.388419,-0.1429465,
1,34,101.785,0.5168959,1.04031,-0.375449,0.02113968,0.9094474,0.3874779,-0.1493972,
1,34,101.787,0.5168959,1.04031,-0.375449,0.02113968,0.9094474,0.3874779,-0.1493972,
1,34,101.789,0.5168959,1.04031,-0.375449,0.02113968,0.9094474,0.3874779,-0.1493972,
1,34,101.791,0.5168959,1.04031,-0.375449,0.02113968,0.9094474,0.3874779,-0.1493972,
1,34,101.793,0.5152138,1.040543,-0.3751399,0.02788362,0.9097676,0.3864689,-0.1489541,
1,34,101.795,0.5152138,1.040543,-0.3751399,0.02788362,0.9097676,0.3864689,-0.1489541,
1,34,101.797,0.5152138,1.040543,-0.3751399,0.02788362,0.9097676,0.3864689,-0.1489541,
1,34,101.799,0.5152138,1.040543,-0.3751399,0.02788362,0.9097676,0.3864689,-0.1489541,
1,34,101.801,0.5149161,1.040544,-0.3747711,0.03209707,0.9097214,0.3851806,-0.1516998,
1,34,101.803,0.5149161,1.040544,-0.3747711,0.03209707,0.9097214,0.3851806,-0.1516998,
1,34,101.805,0.5149161,1.040544,-0.3747711,0.03209707,0.9097214,0.3851806,-0.1516998,
1,34,101.807,0.5149161,1.040544,-0.3747711,0.03209707,0.9097214,0.3851806,-0.1516998,
1,34,101.809,0.5145721,1.040451,-0.3743193,0.03544781,0.9094281,0.3836928,-0.156409,
1,34,101.811,0.5145721,1.040451,-0.3743193,0.03544781,0.9094281,0.3836928,-0.156409,
1,34,101.813,0.5145721,1.040451,-0.3743193,0.03544781,0.9094281,0.3836928,-0.156409,
1,34,101.815,0.5145721,1.040451,-0.3743193,0.03544781,0.9094281,0.3836928,-0.156409,
1,34,101.817,0.5145721,1.040451,-0.3743193,0.03544781,0.9094281,0.3836928,-0.156409,
1,34,101.819,0.5145603,1.040604,-0.3741012,0.03779027,0.9088284,0.3825026,-0.1621562,
1,34,101.821,0.5145603,1.040604,-0.3741012,0.03779027,0.9088284,0.3825026,-0.1621562,
1,34,101.823,0.5145603,1.040604,-0.3741012,0.03779027,0.9088284,0.3825026,-0.1621562,
1,34,101.825,0.5145603,1.040604,-0.3741012,0.03779027,0.9088284,0.3825026,-0.1621562,
1,34,101.827,0.5139779,1.040444,-0.3734166,0.04017448,0.9083906,0.3805084,-0.1686007,
1,34,101.829,0.5139779,1.040444,-0.3734166,0.04017448,0.9083906,0.3805084,-0.1686007,
1,34,101.831,0.5139779,1.040444,-0.3734166,0.04017448,0.9083906,0.3805084,-0.1686007,
1,34,101.833,0.5139779,1.040444,-0.3734166,0.04017448,0.9083906,0.3805084,-0.1686007,
1,34,101.835,0.5140432,1.040281,-0.3725865,0.04207724,0.9080613,0.3784411,-0.1744608,
1,34,101.837,0.5140432,1.040281,-0.3725865,0.04207724,0.9080613,0.3784411,-0.1744608,
1,34,101.839,0.5140432,1.040281,-0.3725865,0.04207724,0.9080613,0.3784411,-0.1744608,
1,34,101.841,0.5140432,1.040281,-0.3725865,0.04207724,0.9080613,0.3784411,-0.1744608,
1,34,101.843,0.5143524,1.040011,-0.3716481,0.04408273,0.9079857,0.3761112,-0.1793292,
1,34,101.845,0.5143524,1.040011,-0.3716481,0.04408273,0.9079857,0.3761112,-0.1793292,
1,34,101.847,0.5143524,1.040011,-0.3716481,0.04408273,0.9079857,0.3761112,-0.1793292,
1,34,101.849,0.5143524,1.040011,-0.3716481,0.04408273,0.9079857,0.3761112,-0.1793292,
1,34,101.851,0.5152515,1.039853,-0.3710283,0.04596758,0.9080309,0.3739057,-0.1831983,
1,34,101.853,0.5152515,1.039853,-0.3710283,0.04596758,0.9080309,0.3739057,-0.1831983,
1,34,101.855,0.5152515,1.039853,-0.3710283,0.04596758,0.9080309,0.3739057,-0.1831983,
1,34,101.857,0.5152515,1.039853,-0.3710283,0.04596758,0.9080309,0.3739057,-0.1831983,
1,34,101.859,0.5160574,1.039853,-0.3704447,0.04849267,0.9082009,0.3716755,-0.186217,
1,34,101.861,0.5160574,1.039853,-0.3704447,0.04849267,0.9082009,0.3716755,-0.186217,
1,34,101.863,0.5160574,1.039853,-0.3704447,0.04849267,0.9082009,0.3716755,-0.186217,
1,34,101.865,0.5160574,1.039853,-0.3704447,0.04849267,0.9082009,0.3716755,-0.186217,
1,34,101.867,0.5160574,1.039853,-0.3704447,0.04849267,0.9082009,0.3716755,-0.186217,
1,34,101.869,0.5164438,1.039733,-0.3693611,0.05207297,0.9082726,0.3692341,-0.1897247,
1,34,101.871,0.5164438,1.039733,-0.3693611,0.05207297,0.9082726,0.3692341,-0.1897247,
1,34,101.873,0.5164438,1.039733,-0.3693611,0.05207297,0.9082726,0.3692341,-0.1897247,
1,34,101.875,0.5164438,1.039733,-0.3693611,0.05207297,0.9082726,0.3692341,-0.1897247,
1,34,101.877,0.5163676,1.039834,-0.368228,0.0569998,0.908367,0.3668959,-0.1923741,
1,34,101.879,0.5163676,1.039834,-0.368228,0.0569998,0.908367,0.3668959,-0.1923741,
1,34,101.881,0.5163676,1.039834,-0.368228,0.0569998,0.908367,0.3668959,-0.1923741,
1,34,101.883,0.5163676,1.039834,-0.368228,0.0569998,0.908367,0.3668959,-0.1923741,
1,34,101.885,0.5158748,1.039977,-0.3668795,0.06374121,0.9087414,0.3644211,-0.1931929,
1,34,101.887,0.5158748,1.039977,-0.3668795,0.06374121,0.9087414,0.3644211,-0.1931929,
1,34,101.889,0.5158748,1.039977,-0.3668795,0.06374121,0.9087414,0.3644211,-0.1931929,
1,34,101.891,0.5158748,1.039977,-0.3668795,0.06374121,0.9087414,0.3644211,-0.1931929,
1,34,101.893,0.5146551,1.040388,-0.3652738,0.07275897,0.9093988,0.3619754,-0.1915038,
1,34,101.895,0.5146551,1.040388,-0.3652738,0.07275897,0.9093988,0.3619754,-0.1915038,
1,34,101.897,0.5146551,1.040388,-0.3652738,0.07275897,0.9093988,0.3619754,-0.1915038,
1,34,101.899,0.5146551,1.040388,-0.3652738,0.07275897,0.9093988,0.3619754,-0.1915038,
1,34,101.901,0.5132289,1.040771,-0.3634933,0.08295882,0.9101262,0.3596336,-0.1882868,
1,34,101.903,0.5132289,1.040771,-0.3634933,0.08295882,0.9101262,0.3596336,-0.1882868,
1,34,101.905,0.5132289,1.040771,-0.3634933,0.08295882,0.9101262,0.3596336,-0.1882868,
1,34,101.907,0.5132289,1.040771,-0.3634933,0.08295882,0.9101262,0.3596336,-0.1882868,
1,34,101.909,0.5111622,1.041249,-0.3615093,0.09451981,0.9106436,0.3575032,-0.1843522,
1,34,101.911,0.5111622,1.041249,-0.3615093,0.09451981,0.9106436,0.3575032,-0.1843522,
1,34,101.913,0.5111622,1.041249,-0.3615093,0.09451981,0.9106436,0.3575032,-0.1843522,
1,34,101.915,0.5111622,1.041249,-0.3615093,0.09451981,0.9106436,0.3575032,-0.1843522,
1,34,101.917,0.5111622,1.041249,-0.3615093,0.09451981,0.9106436,0.3575032,-0.1843522,
1,34,101.919,0.5085054,1.042131,-0.3595078,0.1068604,0.9106629,0.3560807,-0.1802231,
1,34,101.921,0.5085054,1.042131,-0.3595078,0.1068604,0.9106629,0.3560807,-0.1802231,
1,34,101.923,0.5085054,1.042131,-0.3595078,0.1068604,0.9106629,0.3560807,-0.1802231,
1,34,101.925,0.5085054,1.042131,-0.3595078,0.1068604,0.9106629,0.3560807,-0.1802231,
1,34,101.927,0.5051017,1.04334,-0.3573384,0.1192872,0.9101155,0.355278,-0.1767425,
1,34,101.929,0.5051017,1.04334,-0.3573384,0.1192872,0.9101155,0.355278,-0.1767425,
1,34,101.931,0.5051017,1.04334,-0.3573384,0.1192872,0.9101155,0.355278,-0.1767425,
1,34,101.933,0.5051017,1.04334,-0.3573384,0.1192872,0.9101155,0.355278,-0.1767425,
1,34,101.935,0.5013179,1.044599,-0.3550365,0.130993,0.9092805,0.3548206,-0.1736438,
1,34,101.937,0.5013179,1.044599,-0.3550365,0.130993,0.9092805,0.3548206,-0.1736438,
1,34,101.939,0.5013179,1.044599,-0.3550365,0.130993,0.9092805,0.3548206,-0.1736438,
1,34,101.941,0.5013179,1.044599,-0.3550365,0.130993,0.9092805,0.3548206,-0.1736438,
1,34,101.943,0.4971069,1.046009,-0.3527717,0.1416831,0.9085142,0.3546787,-0.1695025,
1,34,101.945,0.4971069,1.046009,-0.3527717,0.1416831,0.9085142,0.3546787,-0.1695025,
1,34,101.947,0.4971069,1.046009,-0.3527717,0.1416831,0.9085142,0.3546787,-0.1695025,
1,34,101.949,0.4971069,1.046009,-0.3527717,0.1416831,0.9085142,0.3546787,-0.1695025,
1,34,101.951,0.4928707,1.047436,-0.3505085,0.1501256,0.9079502,0.354886,-0.1647561,
1,34,101.953,0.4928707,1.047436,-0.3505085,0.1501256,0.9079502,0.354886,-0.1647561,
1,34,101.955,0.4928707,1.047436,-0.3505085,0.1501256,0.9079502,0.354886,-0.1647561,
1,34,101.957,0.4928707,1.047436,-0.3505085,0.1501256,0.9079502,0.354886,-0.1647561,
1,34,101.959,0.488764,1.04879,-0.3485031,0.1554254,0.9079202,0.3553738,-0.1588496,
1,34,101.961,0.488764,1.04879,-0.3485031,0.1554254,0.9079202,0.3553738,-0.1588496,
1,34,101.963,0.488764,1.04879,-0.3485031,0.1554254,0.9079202,0.3553738,-0.1588496,
1,34,101.965,0.488764,1.04879,-0.3485031,0.1554254,0.9079202,0.3553738,-0.1588496,
1,34,101.967,0.488764,1.04879,-0.3485031,0.1554254,0.9079202,0.3553738,-0.1588496,
1,34,101.969,0.485307,1.04975,-0.3468204,0.1560434,0.9085034,0.3562161,-0.1529121,
1,34,101.971,0.485307,1.04975,-0.3468204,0.1560434,0.9085034,0.3562161,-0.1529121,
1,34,101.973,0.485307,1.04975,-0.3468204,0.1560434,0.9085034,0.3562161,-0.1529121,
1,34,101.975,0.485307,1.04975,-0.3468204,0.1560434,0.9085034,0.3562161,-0.1529121,
1,34,101.977,0.4823219,1.050123,-0.3454123,0.1512918,0.909741,0.3573253,-0.1476506,
1,34,101.979,0.4823219,1.050123,-0.3454123,0.1512918,0.909741,0.3573253,-0.1476506,
1,34,101.981,0.4823219,1.050123,-0.3454123,0.1512918,0.909741,0.3573253,-0.1476506,
1,34,101.983,0.4823219,1.050123,-0.3454123,0.1512918,0.909741,0.3573253,-0.1476506,
1,34,101.985,0.4803009,1.049903,-0.3443135,0.1410664,0.9115102,0.3587611,-0.1433174,
1,34,101.987,0.4803009,1.049903,-0.3443135,0.1410664,0.9115102,0.3587611,-0.1433174,
1,34,101.989,0.4803009,1.049903,-0.3443135,0.1410664,0.9115102,0.3587611,-0.1433174,
1,34,101.991,0.4803009,1.049903,-0.3443135,0.1410664,0.9115102,0.3587611,-0.1433174,
1,34,101.993,0.4790465,1.048969,-0.3432108,0.1253798,0.913843,0.3601754,-0.139444,
1,34,101.995,0.4790465,1.048969,-0.3432108,0.1253798,0.913843,0.3601754,-0.139444,
1,34,101.997,0.4790465,1.048969,-0.3432108,0.1253798,0.913843,0.3601754,-0.139444,
1,34,101.999,0.4790465,1.048969,-0.3432108,0.1253798,0.913843,0.3601754,-0.139444,
1,35,102.001,0.4790562,1.04753,-0.3423944,0.1059417,0.9165636,0.361561,-0.1340193,CourtExit
1,35,102.003,0.4790562,1.04753,-0.3423944,0.1059417,0.9165636,0.361561,-0.1340193,
1,35,102.005,0.4790562,1.04753,-0.3423944,0.1059417,0.9165636,0.361561,-0.1340193,
1,35,102.007,0.4790562,1.04753,-0.3423944,0.1059417,0.9165636,0.361561,-0.1340193,
1,35,102.009,0.4801708,1.045775,-0.3416285,0.08352926,0.9194158,0.3629162,-0.1264494,
1,35,102.011,0.4801708,1.045775,-0.3416285,0.08352926,0.9194158,0.3629162,-0.1264494,
1,35,102.013,0.4801708,1.045775,-0.3416285,0.08352926,0.9194158,0.3629162,-0.1264494,
1,35,102.015,0.4801708,1.045775,-0.3416285,0.08352926,0.9194158,0.3629162,-0.1264494,
1,35,102.017,0.4801708,1.045775,-0.3416285,0.08352926,0.9194158,0.3629162,-0.1264494,
1,35,102.019,0.4826065,1.044152,-0.3412343,0.05994645,0.9219713,0.364685,-0.115672,
1,35,102.021,0.4826065,1.044152,-0.3412343,0.05994645,0.9219713,0.364685,-0.115672,
1,35,102.023,0.4826065,1.044152,-0.3412343,0.05994645,0.9219713,0.364685,-0.115672,
1,35,102.025,0.4826065,1.044152,-0.3412343,0.05994645,0.9219713,0.364685,-0.115672,
1,35,102.027,0.4857515,1.042606,-0.340676,0.03598496,0.9237009,0.3669945,-0.1039068,
1,35,102.029,0.4857515,1.042606,-0.340676,0.03598496,0.9237009,0.3669945,-0.1039068,
1,35,102.031,0.4857515,1.042606,-0.340676,0.03598496,0.9237009,0.3669945,-0.1039068,
1,35,102.033,0.4857515,1.042606,-0.340676,0.03598496,0.9237009,0.3669945,-0.1039068,
1,35,102.035,0.4895819,1.041247,-0.3402392,0.01203674,0.9241349,0.3703509,-0.09311302,
1,35,102.037,0.4895819,1.041247,-0.3402392,0.01203674,0.9241349,0.3703509,-0.09311302,
1,35,102.039,0.4895819,1.041247,-0.3402392,0.01203674,0.9241349,0.3703509,-0.09311302,
1,35,102.041,0.4895819,1.041247,-0.3402392,0.01203674,0.9241349,0.3703509,-0.09311302,
1,35,102.043,0.4931454,1.040708,-0.3398219,-0.009712279,0.9231539,0.3749656,-0.0842219,
1,35,102.045,0.4931454,1.040708,-0.3398219,-0.009712279,0.9231539,0.3749656,-0.0842219,
1,35,102.047,0.4931454,1.040708,-0.3398219,-0.009712279,0.9231539,0.3749656,-0.0842219,
1,35,102.049,0.4931454,1.040708,-0.3398219,-0.009712279,0.9231539,0.3749656,-0.0842219,
1,35,102.051,0.4967148,1.040596,-0.3393192,-0.02870598,0.9211273,0.3803199,-0.07782975,
1,35,102.053,0.4967148,1.040596,-0.3393192,-0.02870598,0.9211273,0.3803199,-0.07782975,
1,35,102.055,0.4967148,1.040596,-0.3393192,-0.02870598,0.9211273,0.3803199,-0.07782975,
1,35,102.057,0.4967148,1.040596,-0.3393192,-0.02870598,0.9211273,0.3803199,-0.07782975,
1,35,102.059,0.4991638,1.040745,-0.3388373,-0.04187053,0.9184497,0.3865625,-0.07257071,
1,35,102.061,0.4991638,1.040745,-0.3388373,-0.04187053,0.9184497,0.3865625,-0.07257071,
1,35,102.063,0.4991638,1.040745,-0.3388373,-0.04187053,0.9184497,0.3865625,-0.07257071,
1,35,102.065,0.4991638,1.040745,-0.3388373,-0.04187053,0.9184497,0.3865625,-0.07257071,
1,35,102.067,0.4991638,1.040745,-0.3388373,-0.04187053,0.9184497,0.3865625,-0.07257071,
1,35,102.069,0.5002069,1.041192,-0.3388646,-0.0481365,0.9157481,0.3932827,-0.06646082,
1,35,102.071,0.5002069,1.041192,-0.3388646,-0.0481365,0.9157481,0.3932827,-0.06646082,
1,35,102.073,0.5002069,1.041192,-0.3388646,-0.0481365,0.9157481,0.3932827,-0.06646082,
1,35,102.075,0.5002069,1.041192,-0.3388646,-0.0481365,0.9157481,0.3932827,-0.06646082,
1,35,102.077,0.500982,1.04085,-0.3384606,-0.04807246,0.9137193,0.3991887,-0.0587744,
1,35,102.079,0.500982,1.04085,-0.3384606,-0.04807246,0.9137193,0.3991887,-0.0587744,
1,35,102.081,0.500982,1.04085,-0.3384606,-0.04807246,0.9137193,0.3991887,-0.0587744,
1,35,102.083,0.500982,1.04085,-0.3384606,-0.04807246,0.9137193,0.3991887,-0.0587744,
1,35,102.085,0.5005172,1.040079,-0.3379067,-0.04180413,0.9121822,0.4044392,-0.05104051,
1,35,102.087,0.5005172,1.040079,-0.3379067,-0.04180413,0.9121822,0.4044392,-0.05104051,
1,35,102.089,0.5005172,1.040079,-0.3379067,-0.04180413,0.9121822,0.4044392,-0.05104051,
1,35,102.091,0.5005172,1.040079,-0.3379067,-0.04180413,0.9121822,0.4044392,-0.05104051,
1,35,102.093,0.4986896,1.039243,-0.3375006,-0.03068691,0.9110277,0.4087374,-0.04495347,
1,35,102.095,0.4986896,1.039243,-0.3375006,-0.03068691,0.9110277,0.4087374,-0.04495347,
1,35,102.097,0.4986896,1.039243,-0.3375006,-0.03068691,0.9110277,0.4087374,-0.04495347,
1,35,102.099,0.4986896,1.039243,-0.3375006,-0.03068691,0.9110277,0.4087374,-0.04495347,
1,35,102.101,0.4964443,1.038087,-0.3370512,-0.01633072,0.9102758,0.4116351,-0.04108226,
1,35,102.103,0.4964443,1.038087,-0.3370512,-0.01633072,0.9102758,0.4116351,-0.04108226,
1,35,102.105,0.4964443,1.038087,-0.3370512,-0.01633072,0.9102758,0.4116351,-0.04108226,
1,35,102.107,0.4964443,1.038087,-0.3370512,-0.01633072,0.9102758,0.4116351,-0.04108226,
1,35,102.109,0.4930601,1.036901,-0.3366732,0.0006699264,0.9097505,0.4132724,-0.03949002,
1,35,102.111,0.4930601,1.036901,-0.3366732,0.0006699264,0.9097505,0.4132724,-0.03949002,
1,35,102.113,0.4930601,1.036901,-0.3366732,0.0006699264,0.9097505,0.4132724,-0.03949002,
1,35,102.115,0.4930601,1.036901,-0.3366732,0.0006699264,0.9097505,0.4132724,-0.03949002,
1,35,102.117,0.4930601,1.036901,-0.3366732,0.0006699264,0.9097505,0.4132724,-0.03949002,
1,35,102.119,0.4890446,1.035519,-0.336362,0.01941225,0.9093315,0.4137275,-0.03961135,
1,35,102.121,0.4890446,1.035519,-0.336362,0.01941225,0.9093315,0.4137275,-0.03961135,
1,35,102.123,0.4890446,1.035519,-0.336362,0.01941225,0.9093315,0.4137275,-0.03961135,
1,35,102.125,0.4890446,1.035519,-0.336362,0.01941225,0.9093315,0.4137275,-0.03961135,
1,35,102.127,0.4839151,1.034265,-0.3358565,0.03997844,0.9089541,0.4131025,-0.03937549,
1,35,102.129,0.4839151,1.034265,-0.3358565,0.03997844,0.9089541,0.4131025,-0.03937549,
1,35,102.131,0.4839151,1.034265,-0.3358565,0.03997844,0.9089541,0.4131025,-0.03937549,
1,35,102.133,0.4839151,1.034265,-0.3358565,0.03997844,0.9089541,0.4131025,-0.03937549,
1,35,102.135,0.4782066,1.033325,-0.33519,0.06074575,0.9084526,0.4117602,-0.03843684,
1,35,102.137,0.4782066,1.033325,-0.33519,0.06074575,0.9084526,0.4117602,-0.03843684,
1,35,102.139,0.4782066,1.033325,-0.33519,0.06074575,0.9084526,0.4117602,-0.03843684,
1,35,102.141,0.4782066,1.033325,-0.33519,0.06074575,0.9084526,0.4117602,-0.03843684,
1,35,102.143,0.4726011,1.032675,-0.3343634,0.0799537,0.9077548,0.4101624,-0.036818,
1,35,102.145,0.4726011,1.032675,-0.3343634,0.0799537,0.9077548,0.4101624,-0.036818,
1,35,102.147,0.4726011,1.032675,-0.3343634,0.0799537,0.9077548,0.4101624,-0.036818,
1,35,102.149,0.4726011,1.032675,-0.3343634,0.0799537,0.9077548,0.4101624,-0.036818,
1,35,102.151,0.4682427,1.032284,-0.3335123,0.09574571,0.906917,0.4088075,-0.03479685,
1,35,102.153,0.4682427,1.032284,-0.3335123,0.09574571,0.906917,0.4088075,-0.03479685,
1,35,102.155,0.4682427,1.032284,-0.3335123,0.09574571,0.906917,0.4088075,-0.03479685,
1,35,102.157,0.4682427,1.032284,-0.3335123,0.09574571,0.906917,0.4088075,-0.03479685,
1,35,102.159,0.4656225,1.032274,-0.3326566,0.1058686,0.9059392,0.4085603,-0.0338295,
1,35,102.161,0.4656225,1.032274,-0.3326566,0.1058686,0.9059392,0.4085603,-0.0338295,
1,35,102.163,0.4656225,1.032274,-0.3326566,0.1058686,0.9059392,0.4085603,-0.0338295,
1,35,102.165,0.4656225,1.032274,-0.3326566,0.1058686,0.9059392,0.4085603,-0.0338295,
1,35,102.167,0.4656225,1.032274,-0.3326566,0.1058686,0.9059392,0.4085603,-0.0338295,
1,35,102.169,0.4651865,1.03232,-0.3319331,0.1096482,0.9049344,0.4097026,-0.03485361,
1,35,102.171,0.4651865,1.03232,-0.3319331,0.1096482,0.9049344,0.4097026,-0.03485361,
1,35,102.173,0.4651865,1.03232,-0.3319331,0.1096482,0.9049344,0.4097026,-0.03485361,
1,35,102.175,0.4651865,1.03232,-0.3319331,0.1096482,0.9049344,0.4097026,-0.03485361,
1,35,102.177,0.4665906,1.032232,-0.3313884,0.1077763,0.9038914,0.4121648,-0.03853324,
1,35,102.179,0.4665906,1.032232,-0.3313884,0.1077763,0.9038914,0.4121648,-0.03853324,
1,35,102.181,0.4665906,1.032232,-0.3313884,0.1077763,0.9038914,0.4121648,-0.03853324,
1,35,102.183,0.4665906,1.032232,-0.3313884,0.1077763,0.9038914,0.4121648,-0.03853324,
1,35,102.185,0.4666954,1.032237,-0.3304967,0.107154,0.9028662,0.4143907,-0.0403855,
1,35,102.187,0.4666954,1.032237,-0.3304967,0.107154,0.9028662,0.4143907,-0.0403855,
1,35,102.189,0.4666954,1.032237,-0.3304967,0.107154,0.9028662,0.4143907,-0.0403855,
1,35,102.191,0.4666954,1.032237,-0.3304967,0.107154,0.9028662,0.4143907,-0.0403855,
1,35,102.193,0.4735953,1.032137,-0.3313068,0.09329289,0.9017359,0.4194975,-0.04680459,
1,35,102.195,0.4735953,1.032137,-0.3313068,0.09329289,0.9017359,0.4194975,-0.04680459,
1,35,102.197,0.4735953,1.032137,-0.3313068,0.09329289,0.9017359,0.4194975,-0.04680459,
1,35,102.199,0.4735953,1.032137,-0.3313068,0.09329289,0.9017359,0.4194975,-0.04680459,
1,35,102.201,0.4781747,1.031964,-0.3314997,0.08500576,0.900804,0.4231357,-0.04777551,
1,35,102.203,0.4781747,1.031964,-0.3314997,0.08500576,0.900804,0.4231357,-0.04777551,
1,35,102.205,0.4781747,1.031964,-0.3314997,0.08500576,0.900804,0.4231357,-0.04777551,
1,35,102.207,0.4781747,1.031964,-0.3314997,0.08500576,0.900804,0.4231357,-0.04777551,
1,35,102.209,0.4826444,1.031692,-0.3317391,0.07774416,0.8999236,0.4264999,-0.04681274,
1,35,102.211,0.4826444,1.031692,-0.3317391,0.07774416,0.8999236,0.4264999,-0.04681274,
1,35,102.213,0.4826444,1.031692,-0.3317391,0.07774416,0.8999236,0.4264999,-0.04681274,
1,35,102.215,0.4826444,1.031692,-0.3317391,0.07774416,0.8999236,0.4264999,-0.04681274,
1,35,102.217,0.4826444,1.031692,-0.3317391,0.07774416,0.8999236,0.4264999,-0.04681274,
1,35,102.219,0.486806,1.031565,-0.332007,0.07199815,0.8990415,0.4295644,-0.04489031,
1,35,102.221,0.486806,1.031565,-0.332007,0.07199815,0.8990415,0.4295644,-0.04489031,
1,35,102.223,0.486806,1.031565,-0.332007,0.07199815,0.8990415,0.4295644,-0.04489031,
1,35,102.225,0.486806,1.031565,-0.332007,0.07199815,0.8990415,0.4295644,-0.04489031,
1,35,102.227,0.4904298,1.031765,-0.3324002,0.0678387,0.8980663,0.4324948,-0.04269645,
1,35,102.229,0.4904298,1.031765,-0.3324002,0.0678387,0.8980663,0.4324948,-0.04269645,
1,35,102.231,0.4904298,1.031765,-0.3324002,0.0678387,0.8980663,0.4324948,-0.04269645,
1,35,102.233,0.4904298,1.031765,-0.3324002,0.0678387,0.8980663,0.4324948,-0.04269645,
1,35,102.235,0.4932593,1.031972,-0.3328865,0.06526771,0.8971571,0.4349422,-0.04092404,
1,35,102.237,0.4932593,1.031972,-0.3328865,0.06526771,0.8971571,0.4349422,-0.04092404,
1,35,102.239,0.4932593,1.031972,-0.3328865,0.06526771,0.8971571,0.4349422,-0.04092404,
1,35,102.241,0.4932593,1.031972,-0.3328865,0.06526771,0.8971571,0.4349422,-0.04092404,
1,35,102.243,0.4953008,1.03235,-0.3334985,0.06459627,0.8963311,0.436917,-0.0390037,
1,35,102.245,0.4953008,1.03235,-0.3334985,0.06459627,0.8963311,0.436917,-0.0390037,
1,35,102.247,0.4953008,1.03235,-0.3334985,0.06459627,0.8963311,0.436917,-0.0390037,
1,35,102.249,0.4953008,1.03235,-0.3334985,0.06459627,0.8963311,0.436917,-0.0390037,
1,35,102.251,0.4967005,1.032674,-0.3341358,0.06623736,0.8957309,0.4381726,-0.03582872,
1,35,102.253,0.4967005,1.032674,-0.3341358,0.06623736,0.8957309,0.4381726,-0.03582872,
1,35,102.255,0.4967005,1.032674,-0.3341358,0.06623736,0.8957309,0.4381726,-0.03582872,
1,35,102.257,0.4967005,1.032674,-0.3341358,0.06623736,0.8957309,0.4381726,-0.03582872,
1,35,102.259,0.497492,1.032826,-0.3348151,0.07047075,0.8953622,0.438683,-0.03029317,
1,35,102.261,0.497492,1.032826,-0.3348151,0.07047075,0.8953622,0.438683,-0.03029317,
1,35,102.263,0.497492,1.032826,-0.3348151,0.07047075,0.8953622,0.438683,-0.03029317,
1,35,102.265,0.497492,1.032826,-0.3348151,0.07047075,0.8953622,0.438683,-0.03029317,
1,35,102.267,0.497492,1.032826,-0.3348151,0.07047075,0.8953622,0.438683,-0.03029317,
1,35,102.269,0.4976282,1.033004,-0.3356361,0.07749963,0.8950808,0.438567,-0.02198346,
1,35,102.271,0.4976282,1.033004,-0.3356361,0.07749963,0.8950808,0.438567,-0.02198346,
1,35,102.273,0.4976282,1.033004,-0.3356361,0.07749963,0.8950808,0.438567,-0.02198346,
1,35,102.275,0.4976282,1.033004,-0.3356361,0.07749963,0.8950808,0.438567,-0.02198346,
1,35,102.277,0.497202,1.033191,-0.3366369,0.08697015,0.8947259,0.437936,-0.01067442,
1,35,102.279,0.497202,1.033191,-0.3366369,0.08697015,0.8947259,0.437936,-0.01067442,
1,35,102.281,0.497202,1.033191,-0.3366369,0.08697015,0.8947259,0.437936,-0.01067442,
1,35,102.283,0.497202,1.033191,-0.3366369,0.08697015,0.8947259,0.437936,-0.01067442,
1,35,102.285,0.4969335,1.033608,-0.3381413,0.09756523,0.8940622,0.4371809,0.00260742,
1,35,102.287,0.4969335,1.033608,-0.3381413,0.09756523,0.8940622,0.4371809,0.00260742,
1,35,102.289,0.4969335,1.033608,-0.3381413,0.09756523,0.8940622,0.4371809,0.00260742,
1,35,102.291,0.4969335,1.033608,-0.3381413,0.09756523,0.8940622,0.4371809,0.00260742,
1,35,102.293,0.4968051,1.033769,-0.3397783,0.1074474,0.8931894,0.4364165,0.01443642,
1,35,102.295,0.4968051,1.033769,-0.3397783,0.1074474,0.8931894,0.4364165,0.01443642,
1,35,102.297,0.4968051,1.033769,-0.3397783,0.1074474,0.8931894,0.4364165,0.01443642,
1,35,102.299,0.4968051,1.033769,-0.3397783,0.1074474,0.8931894,0.4364165,0.01443642,
1,35,102.301,0.4963905,1.034032,-0.3415236,0.1157011,0.892086,0.4362291,0.02236217,
1,35,102.303,0.4963905,1.034032,-0.3415236,0.1157011,0.892086,0.4362291,0.02236217,
1,35,102.305,0.4963905,1.034032,-0.3415236,0.1157011,0.892086,0.4362291,0.02236217,
1,35,102.307,0.4963905,1.034032,-0.3415236,0.1157011,0.892086,0.4362291,0.02236217,
1,35,102.309,0.4952297,1.033248,-0.3426496,0.1218231,0.891355,0.4359422,0.02448995,
1,35,102.311,0.4952297,1.033248,-0.3426496,0.1218231,0.891355,0.4359422,0.02448995,
1,35,102.313,0.4952297,1.033248,-0.3426496,0.1218231,0.891355,0.4359422,0.02448995,
1,35,102.315,0.4952297,1.033248,-0.3426496,0.1218231,0.891355,0.4359422,0.02448995,
1,35,102.317,0.4952297,1.033248,-0.3426496,0.1218231,0.891355,0.4359422,0.02448995,
1,35,102.319,0.4951817,1.033059,-0.3444737,0.1249261,0.8903617,0.4372175,0.02214698,
1,35,102.321,0.4951817,1.033059,-0.3444737,0.1249261,0.8903617,0.4372175,0.02214698,
1,35,102.323,0.4951817,1.033059,-0.3444737,0.1249261,0.8903617,0.4372175,0.02214698,
1,35,102.325,0.4951817,1.033059,-0.3444737,0.1249261,0.8903617,0.4372175,0.02214698,
1,35,102.327,0.4957318,1.033023,-0.3467424,0.1265498,0.8891581,0.4393908,0.01785502,
1,35,102.329,0.4957318,1.033023,-0.3467424,0.1265498,0.8891581,0.4393908,0.01785502,
1,35,102.331,0.4957318,1.033023,-0.3467424,0.1265498,0.8891581,0.4393908,0.01785502,
1,35,102.333,0.4957318,1.033023,-0.3467424,0.1265498,0.8891581,0.4393908,0.01785502,
1,35,102.335,0.4957781,1.032091,-0.3485311,0.127953,0.8881136,0.4412781,0.01248311,
1,35,102.337,0.4957781,1.032091,-0.3485311,0.127953,0.8881136,0.4412781,0.01248311,
1,35,102.339,0.4957781,1.032091,-0.3485311,0.127953,0.8881136,0.4412781,0.01248311,
1,35,102.341,0.4957781,1.032091,-0.3485311,0.127953,0.8881136,0.4412781,0.01248311,
1,35,102.343,0.4958099,1.031001,-0.3504853,0.1301223,0.8868683,0.4432423,0.00831458,
1,35,102.345,0.4958099,1.031001,-0.3504853,0.1301223,0.8868683,0.4432423,0.00831458,
1,35,102.347,0.4958099,1.031001,-0.3504853,0.1301223,0.8868683,0.4432423,0.00831458,
1,35,102.349,0.4958099,1.031001,-0.3504853,0.1301223,0.8868683,0.4432423,0.00831458,
1,35,102.351,0.4953747,1.029608,-0.352163,0.1341695,0.8854835,0.4448246,0.006966889,
1,35,102.353,0.4953747,1.029608,-0.352163,0.1341695,0.8854835,0.4448246,0.006966889,
1,35,102.355,0.4953747,1.029608,-0.352163,0.1341695,0.8854835,0.4448246,0.006966889,
1,35,102.357,0.4953747,1.029608,-0.352163,0.1341695,0.8854835,0.4448246,0.006966889,
1,35,102.359,0.494969,1.028326,-0.3541095,0.1393958,0.8838614,0.4464284,0.007716283,
1,35,102.361,0.494969,1.028326,-0.3541095,0.1393958,0.8838614,0.4464284,0.007716283,
1,35,102.363,0.494969,1.028326,-0.3541095,0.1393958,0.8838614,0.4464284,0.007716283,
1,35,102.365,0.494969,1.028326,-0.3541095,0.1393958,0.8838614,0.4464284,0.007716283,
1,35,102.367,0.494969,1.028326,-0.3541095,0.1393958,0.8838614,0.4464284,0.007716283,
1,35,102.369,0.4940311,1.026685,-0.3558798,0.1463127,0.8819939,0.4478503,0.01046836,
1,35,102.371,0.4940311,1.026685,-0.3558798,0.1463127,0.8819939,0.4478503,0.01046836,
1,35,102.373,0.4940311,1.026685,-0.3558798,0.1463127,0.8819939,0.4478503,0.01046836,
1,35,102.375,0.4940311,1.026685,-0.3558798,0.1463127,0.8819939,0.4478503,0.01046836,
1,35,102.377,0.4922739,1.024781,-0.3570225,0.1542942,0.880127,0.4487621,0.01350829,
1,35,102.379,0.4922739,1.024781,-0.3570225,0.1542942,0.880127,0.4487621,0.01350829,
1,35,102.381,0.4922739,1.024781,-0.3570225,0.1542942,0.880127,0.4487621,0.01350829,
1,35,102.383,0.4922739,1.024781,-0.3570225,0.1542942,0.880127,0.4487621,0.01350829,
1,35,102.385,0.4909989,1.023384,-0.3586291,0.1622644,0.8778892,0.4501985,0.01738541,
1,35,102.387,0.4909989,1.023384,-0.3586291,0.1622644,0.8778892,0.4501985,0.01738541,
1,35,102.389,0.4909989,1.023384,-0.3586291,0.1622644,0.8778892,0.4501985,0.01738541,
1,35,102.391,0.4909989,1.023384,-0.3586291,0.1622644,0.8778892,0.4501985,0.01738541,
1,35,102.393,0.4902688,1.022624,-0.3608111,0.1696547,0.8752131,0.4525333,0.0208053,
1,35,102.395,0.4902688,1.022624,-0.3608111,0.1696547,0.8752131,0.4525333,0.0208053,
1,35,102.397,0.4902688,1.022624,-0.3608111,0.1696547,0.8752131,0.4525333,0.0208053,
1,35,102.399,0.4902688,1.022624,-0.3608111,0.1696547,0.8752131,0.4525333,0.0208053,
1,35,102.401,0.4900031,1.021296,-0.3625855,0.176119,0.872809,0.454578,0.02335136,
1,35,102.403,0.4900031,1.021296,-0.3625855,0.176119,0.872809,0.454578,0.02335136,
1,35,102.405,0.4900031,1.021296,-0.3625855,0.176119,0.872809,0.454578,0.02335136,
1,35,102.407,0.4900031,1.021296,-0.3625855,0.176119,0.872809,0.454578,0.02335136,
1,35,102.409,0.4888763,1.021304,-0.3647575,0.1829139,0.8696413,0.4578632,0.02505834,
1,35,102.411,0.4888763,1.021304,-0.3647575,0.1829139,0.8696413,0.4578632,0.02505834,
1,35,102.413,0.4888763,1.021304,-0.3647575,0.1829139,0.8696413,0.4578632,0.02505834,
1,35,102.415,0.4888763,1.021304,-0.3647575,0.1829139,0.8696413,0.4578632,0.02505834,
1,35,102.417,0.4888763,1.021304,-0.3647575,0.1829139,0.8696413,0.4578632,0.02505834,
1,35,102.419,0.4880589,1.020477,-0.3664658,0.1887996,0.8669395,0.460545,0.02586225,
1,35,102.421,0.4880589,1.020477,-0.3664658,0.1887996,0.8669395,0.460545,0.02586225,
1,35,102.423,0.4880589,1.020477,-0.3664658,0.1887996,0.8669395,0.460545,0.02586225,
1,35,102.425,0.4880589,1.020477,-0.3664658,0.1887996,0.8669395,0.460545,0.02586225,
1,35,102.427,0.4872838,1.019555,-0.3679153,0.1942964,0.8643593,0.4630865,0.02612938,
1,35,102.429,0.4872838,1.019555,-0.3679153,0.1942964,0.8643593,0.4630865,0.02612938,
1,35,102.431,0.4872838,1.019555,-0.3679153,0.1942964,0.8643593,0.4630865,0.02612938,
1,35,102.433,0.4872838,1.019555,-0.3679153,0.1942964,0.8643593,0.4630865,0.02612938,
1,35,102.435,0.4876993,1.019582,-0.37038,0.1988844,0.8613975,0.4666154,0.02663714,
1,35,102.437,0.4876993,1.019582,-0.37038,0.1988844,0.8613975,0.4666154,0.02663714,
1,35,102.439,0.4876993,1.019582,-0.37038,0.1988844,0.8613975,0.4666154,0.02663714,
1,35,102.441,0.4876993,1.019582,-0.37038,0.1988844,0.8613975,0.4666154,0.02663714,
1,35,102.443,0.4877226,1.019277,-0.3722878,0.2029381,0.858817,0.4696419,0.02619235,
1,35,102.445,0.4877226,1.019277,-0.3722878,0.2029381,0.858817,0.4696419,0.02619235,
1,35,102.447,0.4877226,1.019277,-0.3722878,0.2029381,0.858817,0.4696419,0.02619235,
1,35,102.449,0.4877226,1.019277,-0.3722878,0.2029381,0.858817,0.4696419,0.02619235,
1,35,102.451,0.4872932,1.018469,-0.3737913,0.2071537,0.8566201,0.4718535,0.02537255,
1,35,102.453,0.4872932,1.018469,-0.3737913,0.2071537,0.8566201,0.4718535,0.02537255,
1,35,102.455,0.4872932,1.018469,-0.3737913,0.2071537,0.8566201,0.4718535,0.02537255,
1,35,102.457,0.4872932,1.018469,-0.3737913,0.2071537,0.8566201,0.4718535,0.02537255,
1,35,102.459,0.4872131,1.018068,-0.3753302,0.2108898,0.8545192,0.4740278,0.02490073,
1,35,102.461,0.4872131,1.018068,-0.3753302,0.2108898,0.8545192,0.4740278,0.02490073,
1,35,102.463,0.4872131,1.018068,-0.3753302,0.2108898,0.8545192,0.4740278,0.02490073,
1,35,102.465,0.4872131,1.018068,-0.3753302,0.2108898,0.8545192,0.4740278,0.02490073,
1,35,102.467,0.4872131,1.018068,-0.3753302,0.2108898,0.8545192,0.4740278,0.02490073,
1,35,102.469,0.4867508,1.017228,-0.3765143,0.2148742,0.8528463,0.4752761,0.02439365,
1,35,102.471,0.4867508,1.017228,-0.3765143,0.2148742,0.8528463,0.4752761,0.02439365,
1,35,102.473,0.4867508,1.017228,-0.3765143,0.2148742,0.8528463,0.4752761,0.02439365,
1,35,102.475,0.4867508,1.017228,-0.3765143,0.2148742,0.8528463,0.4752761,0.02439365,
1,35,102.477,0.486647,1.016794,-0.3780022,0.2186303,0.8512208,0.4764709,0.02448229,
1,35,102.479,0.486647,1.016794,-0.3780022,0.2186303,0.8512208,0.4764709,0.02448229,
1,35,102.481,0.486647,1.016794,-0.3780022,0.2186303,0.8512208,0.4764709,0.02448229,
1,35,102.483,0.486647,1.016794,-0.3780022,0.2186303,0.8512208,0.4764709,0.02448229,
1,35,102.485,0.4865307,1.016597,-0.3796441,0.2220782,0.8497798,0.4774444,0.02454366,
1,35,102.487,0.4865307,1.016597,-0.3796441,0.2220782,0.8497798,0.4774444,0.02454366,
1,35,102.489,0.4865307,1.016597,-0.3796441,0.2220782,0.8497798,0.4774444,0.02454366,
1,35,102.491,0.4865307,1.016597,-0.3796441,0.2220782,0.8497798,0.4774444,0.02454366,
1,35,102.493,0.4862609,1.015968,-0.3808133,0.2247042,0.8489962,0.4776621,0.0234991,
1,35,102.495,0.4862609,1.015968,-0.3808133,0.2247042,0.8489962,0.4776621,0.0234991,
1,35,102.497,0.4862609,1.015968,-0.3808133,0.2247042,0.8489962,0.4776621,0.0234991,
1,35,102.499,0.4862609,1.015968,-0.3808133,0.2247042,0.8489962,0.4776621,0.0234991,
1,35,102.501,0.4854187,1.01519,-0.3817658,0.227048,0.8485552,0.4774184,0.02179861,
1,35,102.503,0.4854187,1.01519,-0.3817658,0.227048,0.8485552,0.4774184,0.02179861,
1,35,102.505,0.4854187,1.01519,-0.3817658,0.227048,0.8485552,0.4774184,0.02179861,
1,35,102.507,0.4854187,1.01519,-0.3817658,0.227048,0.8485552,0.4774184,0.02179861,
1,35,102.509,0.4849511,1.01383,-0.382338,0.2286161,0.8487196,0.4764576,0.01994607,
1,35,102.511,0.4849511,1.01383,-0.382338,0.2286161,0.8487196,0.4764576,0.01994607,
1,35,102.513,0.4849511,1.01383,-0.382338,0.2286161,0.8487196,0.4764576,0.01994607,
1,35,102.515,0.4849511,1.01383,-0.382338,0.2286161,0.8487196,0.4764576,0.01994607,
1,35,102.517,0.4849511,1.01383,-0.382338,0.2286161,0.8487196,0.4764576,0.01994607,
1,35,102.519,0.4845726,1.013095,-0.3832209,0.230191,0.8487611,0.4756671,0.01891111,
1,35,102.521,0.4845726,1.013095,-0.3832209,0.230191,0.8487611,0.4756671,0.01891111,
1,35,102.523,0.4845726,1.013095,-0.3832209,0.230191,0.8487611,0.4756671,0.01891111,
1,35,102.525,0.4845726,1.013095,-0.3832209,0.230191,0.8487611,0.4756671,0.01891111,
1,35,102.527,0.4844074,1.012584,-0.3841998,0.2315956,0.8488723,0.474802,0.01850344,
1,35,102.529,0.4844074,1.012584,-0.3841998,0.2315956,0.8488723,0.474802,0.01850344,
1,35,102.531,0.4844074,1.012584,-0.3841998,0.2315956,0.8488723,0.474802,0.01850344,
1,35,102.533,0.4844074,1.012584,-0.3841998,0.2315956,0.8488723,0.474802,0.01850344,
1,35,102.535,0.4844832,1.01203,-0.3851097,0.2325244,0.849184,0.4738011,0.01820733,
1,35,102.537,0.4844832,1.01203,-0.3851097,0.2325244,0.849184,0.4738011,0.01820733,
1,35,102.539,0.4844832,1.01203,-0.3851097,0.2325244,0.849184,0.4738011,0.01820733,
1,35,102.541,0.4844832,1.01203,-0.3851097,0.2325244,0.849184,0.4738011,0.01820733,
1,35,102.543,0.4845455,1.01151,-0.385726,0.2330705,0.8496615,0.4726961,0.01766384,
1,35,102.545,0.4845455,1.01151,-0.385726,0.2330705,0.8496615,0.4726961,0.01766384,
1,35,102.547,0.4845455,1.01151,-0.385726,0.2330705,0.8496615,0.4726961,0.01766384,
1,35,102.549,0.4845455,1.01151,-0.385726,0.2330705,0.8496615,0.4726961,0.01766384,
1,35,102.551,0.485165,1.012139,-0.3870409,0.2331069,0.8497713,0.4725019,0.01708156,
1,35,102.553,0.485165,1.012139,-0.3870409,0.2331069,0.8497713,0.4725019,0.01708156,
1,35,102.555,0.485165,1.012139,-0.3870409,0.2331069,0.8497713,0.4725019,0.01708156,
1,35,102.557,0.485165,1.012139,-0.3870409,0.2331069,0.8497713,0.4725019,0.01708156,
1,35,102.559,0.4857095,1.01196,-0.3876902,0.2324797,0.850522,0.4715186,0.01535313,
1,35,102.561,0.4857095,1.01196,-0.3876902,0.2324797,0.850522,0.4715186,0.01535313,
1,35,102.563,0.4857095,1.01196,-0.3876902,0.2324797,0.850522,0.4715186,0.01535313,
1,35,102.565,0.4857095,1.01196,-0.3876902,0.2324797,0.850522,0.4715186,0.01535313,
1,35,102.567,0.4857095,1.01196,-0.3876902,0.2324797,0.850522,0.4715186,0.01535313,
1,35,102.569,0.4854404,1.011577,-0.3878106,0.2318864,0.8515705,0.4699953,0.0126777,
1,35,102.571,0.4854404,1.011577,-0.3878106,0.2318864,0.8515705,0.4699953,0.0126777,
1,35,102.573,0.4854404,1.011577,-0.3878106,0.2318864,0.8515705,0.4699953,0.0126777,
1,35,102.575,0.4854404,1.011577,-0.3878106,0.2318864,0.8515705,0.4699953,0.0126777,
1,35,102.577,0.4850972,1.011267,-0.3877214,0.2314928,0.8527246,0.4681525,0.01024711,
1,35,102.579,0.4850972,1.011267,-0.3877214,0.2314928,0.8527246,0.4681525,0.01024711,
1,35,102.581,0.4850972,1.011267,-0.3877214,0.2314928,0.8527246,0.4681525,0.01024711,
1,35,102.583,0.4850972,1.011267,-0.3877214,0.2314928,0.8527246,0.4681525,0.01024711,
1,35,102.585,0.4854495,1.012003,-0.3882773,0.2313342,0.8534588,0.4669184,0.008928001,
1,35,102.587,0.4854495,1.012003,-0.3882773,0.2313342,0.8534588,0.4669184,0.008928001,
1,35,102.589,0.4854495,1.012003,-0.3882773,0.2313342,0.8534588,0.4669184,0.008928001,
1,35,102.591,0.4854495,1.012003,-0.3882773,0.2313342,0.8534588,0.4669184,0.008928001,
1,35,102.593,0.4856315,1.012436,-0.3884292,0.2317042,0.8543606,0.465086,0.008725181,
1,35,102.595,0.4856315,1.012436,-0.3884292,0.2317042,0.8543606,0.465086,0.008725181,
1,35,102.597,0.4856315,1.012436,-0.3884292,0.2317042,0.8543606,0.465086,0.008725181,
1,35,102.599,0.4856315,1.012436,-0.3884292,0.2317042,0.8543606,0.465086,0.008725181,
1,35,102.601,0.4849937,1.012293,-0.3877941,0.2325483,0.8554513,0.4626648,0.008114263,
1,35,102.603,0.4849937,1.012293,-0.3877941,0.2325483,0.8554513,0.4626648,0.008114263,
1,35,102.605,0.4849937,1.012293,-0.3877941,0.2325483,0.8554513,0.4626648,0.008114263,
1,35,102.607,0.4849937,1.012293,-0.3877941,0.2325483,0.8554513,0.4626648,0.008114263,
1,35,102.609,0.484688,1.012298,-0.3870713,0.2332821,0.8564394,0.4604702,0.007633805,
1,35,102.611,0.484688,1.012298,-0.3870713,0.2332821,0.8564394,0.4604702,0.007633805,
1,35,102.613,0.484688,1.012298,-0.3870713,0.2332821,0.8564394,0.4604702,0.007633805,
1,35,102.615,0.484688,1.012298,-0.3870713,0.2332821,0.8564394,0.4604702,0.007633805,
1,35,102.617,0.484688,1.012298,-0.3870713,0.2332821,0.8564394,0.4604702,0.007633805,
1,35,102.619,0.4847266,1.012706,-0.3866289,0.2338047,0.8571256,0.4589316,0.007268816,
1,35,102.621,0.4847266,1.012706,-0.3866289,0.2338047,0.8571256,0.4589316,0.007268816,
1,35,102.623,0.4847266,1.012706,-0.3866289,0.2338047,0.8571256,0.4589316,0.007268816,
1,35,102.625,0.4847266,1.012706,-0.3866289,0.2338047,0.8571256,0.4589316,0.007268816,
1,35,102.627,0.4849807,1.013745,-0.3864037,0.2341169,0.8574098,0.4582534,0.006452531,
1,35,102.629,0.4849807,1.013745,-0.3864037,0.2341169,0.8574098,0.4582534,0.006452531,
1,35,102.631,0.4849807,1.013745,-0.3864037,0.2341169,0.8574098,0.4582534,0.006452531,
1,35,102.633,0.4849807,1.013745,-0.3864037,0.2341169,0.8574098,0.4582534,0.006452531,
1,35,102.635,0.4859653,1.014566,-0.3862832,0.2336276,0.857676,0.4580184,0.005402699,
1,35,102.637,0.4859653,1.014566,-0.3862832,0.2336276,0.857676,0.4580184,0.005402699,
1,35,102.639,0.4859653,1.014566,-0.3862832,0.2336276,0.857676,0.4580184,0.005402699,
1,35,102.641,0.4859653,1.014566,-0.3862832,0.2336276,0.857676,0.4580184,0.005402699,
1,35,102.643,0.4867302,1.015079,-0.3859648,0.2326622,0.8579938,0.4579357,0.003175139,
1,35,102.645,0.4867302,1.015079,-0.3859648,0.2326622,0.8579938,0.4579357,0.003175139,
1,35,102.647,0.4867302,1.015079,-0.3859648,0.2326622,0.8579938,0.4579357,0.003175139,
1,35,102.649,0.4867302,1.015079,-0.3859648,0.2326622,0.8579938,0.4579357,0.003175139,
1,35,102.651,0.4867277,1.015245,-0.3852179,0.2318784,0.8583436,0.4576885,2.171099E-05,
1,35,102.653,0.4867277,1.015245,-0.3852179,0.2318784,0.8583436,0.4576885,2.171099E-05,
1,35,102.655,0.4867277,1.015245,-0.3852179,0.2318784,0.8583436,0.4576885,2.171099E-05,
1,35,102.657,0.4867277,1.015245,-0.3852179,0.2318784,0.8583436,0.4576885,2.171099E-05,
1,35,102.659,0.486707,1.015144,-0.3843503,0.2312372,0.8587146,0.457307,-0.002977282,
1,35,102.661,0.486707,1.015144,-0.3843503,0.2312372,0.8587146,0.457307,-0.002977282,
1,35,102.663,0.486707,1.015144,-0.3843503,0.2312372,0.8587146,0.457307,-0.002977282,
1,35,102.665,0.486707,1.015144,-0.3843503,0.2312372,0.8587146,0.457307,-0.002977282,
1,35,102.667,0.486707,1.015144,-0.3843503,0.2312372,0.8587146,0.457307,-0.002977282,
1,35,102.669,0.4869968,1.015258,-0.38394,0.2307657,0.8588988,0.4571785,-0.005302504,
1,35,102.671,0.4869968,1.015258,-0.38394,0.2307657,0.8588988,0.4571785,-0.005302504,
1,35,102.673,0.4869968,1.015258,-0.38394,0.2307657,0.8588988,0.4571785,-0.005302504,
1,35,102.675,0.4869968,1.015258,-0.38394,0.2307657,0.8588988,0.4571785,-0.005302504,
1,35,102.677,0.4874905,1.015402,-0.3837227,0.2304521,0.8590155,0.4570915,-0.007183701,
1,35,102.679,0.4874905,1.015402,-0.3837227,0.2304521,0.8590155,0.4570915,-0.007183701,
1,35,102.681,0.4874905,1.015402,-0.3837227,0.2304521,0.8590155,0.4570915,-0.007183701,
1,35,102.683,0.4874905,1.015402,-0.3837227,0.2304521,0.8590155,0.4570915,-0.007183701,
1,35,102.685,0.4878446,1.015585,-0.3837178,0.2304618,0.8590226,0.4570489,-0.008599594,
1,35,102.687,0.4878446,1.015585,-0.3837178,0.2304618,0.8590226,0.4570489,-0.008599594,
1,35,102.689,0.4878446,1.015585,-0.3837178,0.2304618,0.8590226,0.4570489,-0.008599594,
1,35,102.691,0.4878446,1.015585,-0.3837178,0.2304618,0.8590226,0.4570489,-0.008599594,
1,35,102.693,0.4881936,1.015834,-0.3838626,0.2307968,0.858902,0.4570875,-0.009563103,
1,35,102.695,0.4881936,1.015834,-0.3838626,0.2307968,0.858902,0.4570875,-0.009563103,
1,35,102.697,0.4881936,1.015834,-0.3838626,0.2307968,0.858902,0.4570875,-0.009563103,
1,35,102.699,0.4881936,1.015834,-0.3838626,0.2307968,0.858902,0.4570875,-0.009563103,
1,35,102.701,0.4883923,1.016098,-0.3841738,0.2312271,0.8586988,0.4572279,-0.01062305,
1,35,102.703,0.4883923,1.016098,-0.3841738,0.2312271,0.8586988,0.4572279,-0.01062305,
1,35,102.705,0.4883923,1.016098,-0.3841738,0.2312271,0.8586988,0.4572279,-0.01062305,
1,35,102.707,0.4883923,1.016098,-0.3841738,0.2312271,0.8586988,0.4572279,-0.01062305,
1,35,102.709,0.4885858,1.016342,-0.3845703,0.2317545,0.8584577,0.4573908,-0.01157798,
1,35,102.711,0.4885858,1.016342,-0.3845703,0.2317545,0.8584577,0.4573908,-0.01157798,
1,35,102.713,0.4885858,1.016342,-0.3845703,0.2317545,0.8584577,0.4573908,-0.01157798,
1,35,102.715,0.4885858,1.016342,-0.3845703,0.2317545,0.8584577,0.4573908,-0.01157798,
1,35,102.717,0.4885858,1.016342,-0.3845703,0.2317545,0.8584577,0.4573908,-0.01157798,
1,35,102.719,0.4886802,1.016504,-0.3849418,0.2324851,0.8582337,0.4574249,-0.01216923,
1,35,102.721,0.4886802,1.016504,-0.3849418,0.2324851,0.8582337,0.4574249,-0.01216923,
1,35,102.723,0.4886802,1.016504,-0.3849418,0.2324851,0.8582337,0.4574249,-0.01216923,
1,35,102.725,0.4886802,1.016504,-0.3849418,0.2324851,0.8582337,0.4574249,-0.01216923,
1,35,102.727,0.4885703,1.016647,-0.3854449,0.2336232,0.8579718,0.4573325,-0.01231857,
1,35,102.729,0.4885703,1.016647,-0.3854449,0.2336232,0.8579718,0.4573325,-0.01231857,
1,35,102.731,0.4885703,1.016647,-0.3854449,0.2336232,0.8579718,0.4573325,-0.01231857,
1,35,102.733,0.4885703,1.016647,-0.3854449,0.2336232,0.8579718,0.4573325,-0.01231857,
1,35,102.735,0.4884827,1.016783,-0.3860718,0.234686,0.8577132,0.4572678,-0.01252429,
1,35,102.737,0.4884827,1.016783,-0.3860718,0.234686,0.8577132,0.4572678,-0.01252429,
1,35,102.739,0.4884827,1.016783,-0.3860718,0.234686,0.8577132,0.4572678,-0.01252429,
1,35,102.741,0.4884827,1.016783,-0.3860718,0.234686,0.8577132,0.4572678,-0.01252429,
1,35,102.743,0.4882783,1.016664,-0.3864476,0.2356107,0.857612,0.4569684,-0.01300755,
1,35,102.745,0.4882783,1.016664,-0.3864476,0.2356107,0.857612,0.4569684,-0.01300755,
1,35,102.747,0.4882783,1.016664,-0.3864476,0.2356107,0.857612,0.4569684,-0.01300755,
1,35,102.749,0.4882783,1.016664,-0.3864476,0.2356107,0.857612,0.4569684,-0.01300755,
1,35,102.751,0.4881116,1.016521,-0.3868393,0.236308,0.8575395,0.4567176,-0.01391734,
1,35,102.753,0.4881116,1.016521,-0.3868393,0.236308,0.8575395,0.4567176,-0.01391734,
1,35,102.755,0.4881116,1.016521,-0.3868393,0.236308,0.8575395,0.4567176,-0.01391734,
1,35,102.757,0.4881116,1.016521,-0.3868393,0.236308,0.8575395,0.4567176,-0.01391734,
1,35,102.759,0.4876372,1.016445,-0.387157,0.2372954,0.8574167,0.4564094,-0.01475801,
1,35,102.761,0.4876372,1.016445,-0.387157,0.2372954,0.8574167,0.4564094,-0.01475801,
1,35,102.763,0.4876372,1.016445,-0.387157,0.2372954,0.8574167,0.4564094,-0.01475801,
1,35,102.765,0.4876372,1.016445,-0.387157,0.2372954,0.8574167,0.4564094,-0.01475801,
1,35,102.767,0.4876372,1.016445,-0.387157,0.2372954,0.8574167,0.4564094,-0.01475801,
1,35,102.769,0.487359,1.016347,-0.38743,0.2381307,0.857358,0.4560582,-0.01555586,
1,35,102.771,0.487359,1.016347,-0.38743,0.2381307,0.857358,0.4560582,-0.01555586,
1,35,102.773,0.487359,1.016347,-0.38743,0.2381307,0.857358,0.4560582,-0.01555586,
1,35,102.775,0.487359,1.016347,-0.38743,0.2381307,0.857358,0.4560582,-0.01555586,
1,35,102.777,0.4869573,1.016278,-0.3876623,0.239042,0.8573129,0.4556332,-0.01649256,
1,35,102.779,0.4869573,1.016278,-0.3876623,0.239042,0.8573129,0.4556332,-0.01649256,
1,35,102.781,0.4869573,1.016278,-0.3876623,0.239042,0.8573129,0.4556332,-0.01649256,
1,35,102.783,0.4869573,1.016278,-0.3876623,0.239042,0.8573129,0.4556332,-0.01649256,
1,35,102.785,0.4867381,1.016122,-0.3877203,0.2397859,0.8573573,0.4551229,-0.01744701,
1,35,102.787,0.4867381,1.016122,-0.3877203,0.2397859,0.8573573,0.4551229,-0.01744701,
1,35,102.789,0.4867381,1.016122,-0.3877203,0.2397859,0.8573573,0.4551229,-0.01744701,
1,35,102.791,0.4867381,1.016122,-0.3877203,0.2397859,0.8573573,0.4551229,-0.01744701,
1,35,102.793,0.4865802,1.016046,-0.3877106,0.2406057,0.8574025,0.4545665,-0.0184164,
1,35,102.795,0.4865802,1.016046,-0.3877106,0.2406057,0.8574025,0.4545665,-0.0184164,
1,35,102.797,0.4865802,1.016046,-0.3877106,0.2406057,0.8574025,0.4545665,-0.0184164,
1,35,102.799,0.4865802,1.016046,-0.3877106,0.2406057,0.8574025,0.4545665,-0.0184164,
1,35,102.801,0.4863624,1.016188,-0.3876638,0.2416249,0.857403,0.4539883,-0.01929098,
1,35,102.803,0.4863624,1.016188,-0.3876638,0.2416249,0.857403,0.4539883,-0.01929098,
1,35,102.805,0.4863624,1.016188,-0.3876638,0.2416249,0.857403,0.4539883,-0.01929098,
1,35,102.807,0.4863624,1.016188,-0.3876638,0.2416249,0.857403,0.4539883,-0.01929098,
1,35,102.809,0.4861348,1.016413,-0.387487,0.2428623,0.8573867,0.4533324,-0.01989381,
1,35,102.811,0.4861348,1.016413,-0.387487,0.2428623,0.8573867,0.4533324,-0.01989381,
1,35,102.813,0.4861348,1.016413,-0.387487,0.2428623,0.8573867,0.4533324,-0.01989381,
1,35,102.815,0.4861348,1.016413,-0.387487,0.2428623,0.8573867,0.4533324,-0.01989381,
1,35,102.817,0.4861348,1.016413,-0.387487,0.2428623,0.8573867,0.4533324,-0.01989381,
1,35,102.819,0.4866624,1.017117,-0.3876944,0.2440461,0.8572146,0.4530284,-0.01974627,
1,35,102.821,0.4866624,1.017117,-0.3876944,0.2440461,0.8572146,0.4530284,-0.01974627,
1,35,102.823,0.4866624,1.017117,-0.3876944,0.2440461,0.8572146,0.4530284,-0.01974627,
1,35,102.825,0.4866624,1.017117,-0.3876944,0.2440461,0.8572146,0.4530284,-0.01974627,
1,35,102.827,0.4869726,1.017637,-0.3875092,0.2454425,0.8571391,0.4524129,-0.0198293,
1,35,102.829,0.4869726,1.017637,-0.3875092,0.2454425,0.8571391,0.4524129,-0.0198293,
1,35,102.831,0.4869726,1.017637,-0.3875092,0.2454425,0.8571391,0.4524129,-0.0198293,
1,35,102.833,0.4869726,1.017637,-0.3875092,0.2454425,0.8571391,0.4524129,-0.0198293,
1,35,102.835,0.4869146,1.018107,-0.3868463,0.2469696,0.8571044,0.451621,-0.02041021,
1,35,102.837,0.4869146,1.018107,-0.3868463,0.2469696,0.8571044,0.451621,-0.02041021,
1,35,102.839,0.4869146,1.018107,-0.3868463,0.2469696,0.8571044,0.451621,-0.02041021,
1,35,102.841,0.4869146,1.018107,-0.3868463,0.2469696,0.8571044,0.451621,-0.02041021,
1,35,102.843,0.487035,1.018795,-0.3860932,0.2485097,0.8569917,0.4509497,-0.02127285,
1,35,102.845,0.487035,1.018795,-0.3860932,0.2485097,0.8569917,0.4509497,-0.02127285,
1,35,102.847,0.487035,1.018795,-0.3860932,0.2485097,0.8569917,0.4509497,-0.02127285,
1,35,102.849,0.487035,1.018795,-0.3860932,0.2485097,0.8569917,0.4509497,-0.02127285,
1,35,102.851,0.4869852,1.01917,-0.3848202,0.2499616,0.8570457,0.4499714,-0.02275366,
1,35,102.853,0.4869852,1.01917,-0.3848202,0.2499616,0.8570457,0.4499714,-0.02275366,
1,35,102.855,0.4869852,1.01917,-0.3848202,0.2499616,0.8570457,0.4499714,-0.02275366,
1,35,102.857,0.4869852,1.01917,-0.3848202,0.2499616,0.8570457,0.4499714,-0.02275366,
1,35,102.859,0.48686,1.019349,-0.3832129,0.2515092,0.8572217,0.4486851,-0.0244116,
1,35,102.861,0.48686,1.019349,-0.3832129,0.2515092,0.8572217,0.4486851,-0.0244116,
1,35,102.863,0.48686,1.019349,-0.3832129,0.2515092,0.8572217,0.4486851,-0.0244116,
1,35,102.865,0.48686,1.019349,-0.3832129,0.2515092,0.8572217,0.4486851,-0.0244116,
1,35,102.867,0.48686,1.019349,-0.3832129,0.2515092,0.8572217,0.4486851,-0.0244116,
1,35,102.869,0.4871352,1.020009,-0.3819111,0.2531921,0.8572683,0.4475847,-0.02554856,
1,35,102.871,0.4871352,1.020009,-0.3819111,0.2531921,0.8572683,0.4475847,-0.02554856,
1,35,102.873,0.4871352,1.020009,-0.3819111,0.2531921,0.8572683,0.4475847,-0.02554856,
1,35,102.875,0.4871352,1.020009,-0.3819111,0.2531921,0.8572683,0.4475847,-0.02554856,
1,35,102.877,0.4874252,1.020843,-0.3806697,0.2552465,0.8572646,0.4463781,-0.02632672,
1,35,102.879,0.4874252,1.020843,-0.3806697,0.2552465,0.8572646,0.4463781,-0.02632672,
1,35,102.881,0.4874252,1.020843,-0.3806697,0.2552465,0.8572646,0.4463781,-0.02632672,
1,35,102.883,0.4874252,1.020843,-0.3806697,0.2552465,0.8572646,0.4463781,-0.02632672,
1,35,102.885,0.4877493,1.021637,-0.3792041,0.2573184,0.8573461,0.444972,-0.0272918,
1,35,102.887,0.4877493,1.021637,-0.3792041,0.2573184,0.8573461,0.444972,-0.0272918,
1,35,102.889,0.4877493,1.021637,-0.3792041,0.2573184,0.8573461,0.444972,-0.0272918,
1,35,102.891,0.4877493,1.021637,-0.3792041,0.2573184,0.8573461,0.444972,-0.0272918,
1,35,102.893,0.487934,1.022354,-0.3776274,0.2595343,0.8575097,0.4432839,-0.02860656,
1,35,102.895,0.487934,1.022354,-0.3776274,0.2595343,0.8575097,0.4432839,-0.02860656,
1,35,102.897,0.487934,1.022354,-0.3776274,0.2595343,0.8575097,0.4432839,-0.02860656,
1,35,102.899,0.487934,1.022354,-0.3776274,0.2595343,0.8575097,0.4432839,-0.02860656,
1,35,102.901,0.4885402,1.02405,-0.3769478,0.2620127,0.8572142,0.4423572,-0.02921289,
1,35,102.903,0.4885402,1.02405,-0.3769478,0.2620127,0.8572142,0.4423572,-0.02921289,
1,35,102.905,0.4885402,1.02405,-0.3769478,0.2620127,0.8572142,0.4423572,-0.02921289,
1,35,102.907,0.4885402,1.02405,-0.3769478,0.2620127,0.8572142,0.4423572,-0.02921289,
1,35,102.909,0.489285,1.025237,-0.3757423,0.2641848,0.8572131,0.4409885,-0.03035617,
1,35,102.911,0.489285,1.025237,-0.3757423,0.2641848,0.8572131,0.4409885,-0.03035617,
1,35,102.913,0.489285,1.025237,-0.3757423,0.2641848,0.8572131,0.4409885,-0.03035617,
1,35,102.915,0.489285,1.025237,-0.3757423,0.2641848,0.8572131,0.4409885,-0.03035617,
1,35,102.917,0.489285,1.025237,-0.3757423,0.2641848,0.8572131,0.4409885,-0.03035617,
1,35,102.919,0.4891837,1.025534,-0.3735582,0.2664062,0.8575856,0.4387437,-0.03284405,
1,35,102.921,0.4891837,1.025534,-0.3735582,0.2664062,0.8575856,0.4387437,-0.03284405,
1,35,102.923,0.4891837,1.025534,-0.3735582,0.2664062,0.8575856,0.4387437,-0.03284405,
1,35,102.925,0.4891837,1.025534,-0.3735582,0.2664062,0.8575856,0.4387437,-0.03284405,
1,35,102.927,0.4888812,1.025853,-0.3712151,0.2689238,0.8579197,0.4363337,-0.03559092,
1,35,102.929,0.4888812,1.025853,-0.3712151,0.2689238,0.8579197,0.4363337,-0.03559092,
1,35,102.931,0.4888812,1.025853,-0.3712151,0.2689238,0.8579197,0.4363337,-0.03559092,
1,35,102.933,0.4888812,1.025853,-0.3712151,0.2689238,0.8579197,0.4363337,-0.03559092,
1,35,102.935,0.4885296,1.026045,-0.3686045,0.2714469,0.858325,0.4337311,-0.03836794,
1,35,102.937,0.4885296,1.026045,-0.3686045,0.2714469,0.858325,0.4337311,-0.03836794,
1,35,102.939,0.4885296,1.026045,-0.3686045,0.2714469,0.858325,0.4337311,-0.03836794,
1,35,102.941,0.4885296,1.026045,-0.3686045,0.2714469,0.858325,0.4337311,-0.03836794,
1,35,102.943,0.4893221,1.027352,-0.3677122,0.2740532,0.8582506,0.4321533,-0.03929889,
1,35,102.945,0.4893221,1.027352,-0.3677122,0.2740532,0.8582506,0.4321533,-0.03929889,
1,35,102.947,0.4893221,1.027352,-0.3677122,0.2740532,0.8582506,0.4321533,-0.03929889,
1,35,102.949,0.4893221,1.027352,-0.3677122,0.2740532,0.8582506,0.4321533,-0.03929889,
1,35,102.951,0.4898871,1.02899,-0.3667264,0.2770471,0.8579988,0.4306538,-0.04025328,
1,35,102.953,0.4898871,1.02899,-0.3667264,0.2770471,0.8579988,0.4306538,-0.04025328,
1,35,102.955,0.4898871,1.02899,-0.3667264,0.2770471,0.8579988,0.4306538,-0.04025328,
1,35,102.957,0.4898871,1.02899,-0.3667264,0.2770471,0.8579988,0.4306538,-0.04025328,
1,35,102.959,0.4903966,1.030186,-0.3654599,0.2798675,0.8579599,0.4287734,-0.04162255,
1,35,102.961,0.4903966,1.030186,-0.3654599,0.2798675,0.8579599,0.4287734,-0.04162255,
1,35,102.963,0.4903966,1.030186,-0.3654599,0.2798675,0.8579599,0.4287734,-0.04162255,
1,35,102.965,0.4903966,1.030186,-0.3654599,0.2798675,0.8579599,0.4287734,-0.04162255,
1,35,102.967,0.4903966,1.030186,-0.3654599,0.2798675,0.8579599,0.4287734,-0.04162255,
1,35,102.969,0.4901868,1.030263,-0.3630731,0.2825897,0.8584206,0.425808,-0.0440986,
1,35,102.971,0.4901868,1.030263,-0.3630731,0.2825897,0.8584206,0.425808,-0.0440986,
1,35,102.973,0.4901868,1.030263,-0.3630731,0.2825897,0.8584206,0.425808,-0.0440986,
1,35,102.975,0.4901868,1.030263,-0.3630731,0.2825897,0.8584206,0.425808,-0.0440986,
1,35,102.977,0.4898068,1.030185,-0.3603595,0.2852818,0.8589481,0.4226122,-0.04713325,
1,35,102.979,0.4898068,1.030185,-0.3603595,0.2852818,0.8589481,0.4226122,-0.04713325,
1,35,102.981,0.4898068,1.030185,-0.3603595,0.2852818,0.8589481,0.4226122,-0.04713325,
1,35,102.983,0.4898068,1.030185,-0.3603595,0.2852818,0.8589481,0.4226122,-0.04713325,
1,35,102.985,0.4903789,1.030936,-0.3589238,0.2876006,0.8590657,0.420506,-0.04966809,
1,35,102.987,0.4903789,1.030936,-0.3589238,0.2876006,0.8590657,0.420506,-0.04966809,
1,35,102.989,0.4903789,1.030936,-0.3589238,0.2876006,0.8590657,0.420506,-0.04966809,
1,35,102.991,0.4903789,1.030936,-0.3589238,0.2876006,0.8590657,0.420506,-0.04966809,
1,35,102.993,0.4906524,1.031525,-0.3572577,0.2899145,0.8592631,0.4181739,-0.05241281,
1,35,102.995,0.4906524,1.031525,-0.3572577,0.2899145,0.8592631,0.4181739,-0.05241281,
1,35,102.997,0.4906524,1.031525,-0.3572577,0.2899145,0.8592631,0.4181739,-0.05241281,
1,35,102.999,0.4906524,1.031525,-0.3572577,0.2899145,0.8592631,0.4181739,-0.05241281,
1,35,103.001,0.4911145,1.032227,-0.3557345,0.2923063,0.8594087,0.4158787,-0.05494279,
1,35,103.003,0.4911145,1.032227,-0.3557345,0.2923063,0.8594087,0.4158787,-0.05494279,
1,35,103.005,0.4911145,1.032227,-0.3557345,0.2923063,0.8594087,0.4158787,-0.05494279,
1,35,103.007,0.4911145,1.032227,-0.3557345,0.2923063,0.8594087,0.4158787,-0.05494279,
1,35,103.009,0.4918357,1.033383,-0.3547419,0.294697,0.8593065,0.4140695,-0.05738002,
1,35,103.011,0.4918357,1.033383,-0.3547419,0.294697,0.8593065,0.4140695,-0.05738002,
1,35,103.013,0.4918357,1.033383,-0.3547419,0.294697,0.8593065,0.4140695,-0.05738002,
1,35,103.015,0.4918357,1.033383,-0.3547419,0.294697,0.8593065,0.4140695,-0.05738002,
1,35,103.017,0.4918357,1.033383,-0.3547419,0.294697,0.8593065,0.4140695,-0.05738002,
1,35,103.019,0.4926543,1.034133,-0.3537118,0.2970598,0.8594207,0.4118613,-0.05934492,
1,35,103.021,0.4926543,1.034133,-0.3537118,0.2970598,0.8594207,0.4118613,-0.05934492,
1,35,103.023,0.4926543,1.034133,-0.3537118,0.2970598,0.8594207,0.4118613,-0.05934492,
1,35,103.025,0.4926543,1.034133,-0.3537118,0.2970598,0.8594207,0.4118613,-0.05934492,
1,35,103.027,0.4931253,1.034691,-0.3520924,0.2997945,0.8596303,0.4091116,-0.06153761,
1,35,103.029,0.4931253,1.034691,-0.3520924,0.2997945,0.8596303,0.4091116,-0.06153761,
1,35,103.031,0.4931253,1.034691,-0.3520924,0.2997945,0.8596303,0.4091116,-0.06153761,
1,35,103.033,0.4931253,1.034691,-0.3520924,0.2997945,0.8596303,0.4091116,-0.06153761,
1,35,103.035,0.4938764,1.035075,-0.350724,0.3022617,0.8598664,0.4064223,-0.06394263,
1,35,103.037,0.4938764,1.035075,-0.350724,0.3022617,0.8598664,0.4064223,-0.06394263,
1,35,103.039,0.4938764,1.035075,-0.350724,0.3022617,0.8598664,0.4064223,-0.06394263,
1,35,103.041,0.4938764,1.035075,-0.350724,0.3022617,0.8598664,0.4064223,-0.06394263,
1,35,103.043,0.4946216,1.035641,-0.3494615,0.3049236,0.8600377,0.4037232,-0.06606273,
1,35,103.045,0.4946216,1.035641,-0.3494615,0.3049236,0.8600377,0.4037232,-0.06606273,
1,35,103.047,0.4946216,1.035641,-0.3494615,0.3049236,0.8600377,0.4037232,-0.06606273,
1,35,103.049,0.4946216,1.035641,-0.3494615,0.3049236,0.8600377,0.4037232,-0.06606273,
1,35,103.051,0.4957593,1.036613,-0.3488422,0.3075255,0.8600053,0.4015263,-0.06778936,
1,35,103.053,0.4957593,1.036613,-0.3488422,0.3075255,0.8600053,0.4015263,-0.06778936,
1,35,103.055,0.4957593,1.036613,-0.3488422,0.3075255,0.8600053,0.4015263,-0.06778936,
1,35,103.057,0.4957593,1.036613,-0.3488422,0.3075255,0.8600053,0.4015263,-0.06778936,
1,35,103.059,0.4969381,1.037206,-0.3480082,0.3100277,0.8600696,0.3990845,-0.0699608,
1,35,103.061,0.4969381,1.037206,-0.3480082,0.3100277,0.8600696,0.3990845,-0.0699608,
1,35,103.063,0.4969381,1.037206,-0.3480082,0.3100277,0.8600696,0.3990845,-0.0699608,
1,35,103.065,0.4969381,1.037206,-0.3480082,0.3100277,0.8600696,0.3990845,-0.0699608,
1,35,103.067,0.4969381,1.037206,-0.3480082,0.3100277,0.8600696,0.3990845,-0.0699608,
1,35,103.069,0.4981173,1.037763,-0.347049,0.3125494,0.8601149,0.3965868,-0.07234809,
1,35,103.071,0.4981173,1.037763,-0.347049,0.3125494,0.8601149,0.3965868,-0.07234809,
1,35,103.073,0.4981173,1.037763,-0.347049,0.3125494,0.8601149,0.3965868,-0.07234809,
1,35,103.075,0.4981173,1.037763,-0.347049,0.3125494,0.8601149,0.3965868,-0.07234809,
1,35,103.077,0.4993618,1.038353,-0.3464653,0.3151301,0.8599952,0.3943146,-0.07494867,
1,35,103.079,0.4993618,1.038353,-0.3464653,0.3151301,0.8599952,0.3943146,-0.07494867,
1,35,103.081,0.4993618,1.038353,-0.3464653,0.3151301,0.8599952,0.3943146,-0.07494867,
1,35,103.083,0.4993618,1.038353,-0.3464653,0.3151301,0.8599952,0.3943146,-0.07494867,
1,35,103.085,0.5009701,1.039024,-0.346158,0.3175275,0.8598499,0.3922107,-0.07749419,
1,35,103.087,0.5009701,1.039024,-0.346158,0.3175275,0.8598499,0.3922107,-0.07749419,
1,35,103.089,0.5009701,1.039024,-0.346158,0.3175275,0.8598499,0.3922107,-0.07749419,
1,35,103.091,0.5009701,1.039024,-0.346158,0.3175275,0.8598499,0.3922107,-0.07749419,
1,35,103.093,0.502845,1.039611,-0.3461498,0.3197414,0.8596582,0.3902939,-0.08014871,
1,35,103.095,0.502845,1.039611,-0.3461498,0.3197414,0.8596582,0.3902939,-0.08014871,
1,35,103.097,0.502845,1.039611,-0.3461498,0.3197414,0.8596582,0.3902939,-0.08014871,
1,35,103.099,0.502845,1.039611,-0.3461498,0.3197414,0.8596582,0.3902939,-0.08014871,
1,35,103.101,0.5046292,1.039768,-0.3458928,0.3219356,0.8595269,0.3880591,-0.08355395,
1,35,103.103,0.5046292,1.039768,-0.3458928,0.3219356,0.8595269,0.3880591,-0.08355395,
1,35,103.105,0.5046292,1.039768,-0.3458928,0.3219356,0.8595269,0.3880591,-0.08355395,
1,35,103.107,0.5046292,1.039768,-0.3458928,0.3219356,0.8595269,0.3880591,-0.08355395,
1,35,103.109,0.5064608,1.039798,-0.345717,0.3242528,0.8593183,0.3857596,-0.08730359,
1,35,103.111,0.5064608,1.039798,-0.345717,0.3242528,0.8593183,0.3857596,-0.08730359,
1,35,103.113,0.5064608,1.039798,-0.345717,0.3242528,0.8593183,0.3857596,-0.08730359,
1,35,103.115,0.5064608,1.039798,-0.345717,0.3242528,0.8593183,0.3857596,-0.08730359,
1,35,103.117,0.5064608,1.039798,-0.345717,0.3242528,0.8593183,0.3857596,-0.08730359,
1,35,103.119,0.5084195,1.039565,-0.3456702,0.3268175,0.8590584,0.3832837,-0.09111866,
1,35,103.121,0.5084195,1.039565,-0.3456702,0.3268175,0.8590584,0.3832837,-0.09111866,
1,35,103.123,0.5084195,1.039565,-0.3456702,0.3268175,0.8590584,0.3832837,-0.09111866,
1,35,103.125,0.5084195,1.039565,-0.3456702,0.3268175,0.8590584,0.3832837,-0.09111866,
1,35,103.127,0.5104842,1.039244,-0.3460124,0.3299632,0.8585583,0.3807724,-0.09494407,
1,35,103.129,0.5104842,1.039244,-0.3460124,0.3299632,0.8585583,0.3807724,-0.09494407,
1,35,103.131,0.5104842,1.039244,-0.3460124,0.3299632,0.8585583,0.3807724,-0.09494407,
1,35,103.133,0.5104842,1.039244,-0.3460124,0.3299632,0.8585583,0.3807724,-0.09494407,
1,35,103.135,0.5122495,1.038715,-0.3463198,0.3338268,0.8578331,0.3779709,-0.09909469,
1,35,103.137,0.5122495,1.038715,-0.3463198,0.3338268,0.8578331,0.3779709,-0.09909469,
1,35,103.139,0.5122495,1.038715,-0.3463198,0.3338268,0.8578331,0.3779709,-0.09909469,
1,35,103.141,0.5122495,1.038715,-0.3463198,0.3338268,0.8578331,0.3779709,-0.09909469,
1,35,103.143,0.5145196,1.037901,-0.3470329,0.3372934,0.8571429,0.3753518,-0.1032002,
1,35,103.145,0.5145196,1.037901,-0.3470329,0.3372934,0.8571429,0.3753518,-0.1032002,
1,35,103.147,0.5145196,1.037901,-0.3470329,0.3372934,0.8571429,0.3753518,-0.1032002,
1,35,103.149,0.5145196,1.037901,-0.3470329,0.3372934,0.8571429,0.3753518,-0.1032002,
1,35,103.151,0.5152965,1.037105,-0.3472036,0.3430404,0.8553702,0.3723243,-0.1097261,
1,35,103.153,0.5152965,1.037105,-0.3472036,0.3430404,0.8553702,0.3723243,-0.1097261,
1,35,103.155,0.5152965,1.037105,-0.3472036,0.3430404,0.8553702,0.3723243,-0.1097261,
1,35,103.157,0.5152965,1.037105,-0.3472036,0.3430404,0.8553702,0.3723243,-0.1097261,
1,35,103.159,0.5165229,1.036146,-0.3478218,0.3487338,0.8534796,0.3694515,-0.1160298,
1,35,103.161,0.5165229,1.036146,-0.3478218,0.3487338,0.8534796,0.3694515,-0.1160298,
1,35,103.163,0.5165229,1.036146,-0.3478218,0.3487338,0.8534796,0.3694515,-0.1160298,
1,35,103.165,0.5165229,1.036146,-0.3478218,0.3487338,0.8534796,0.3694515,-0.1160298,
1,35,103.167,0.5165229,1.036146,-0.3478218,0.3487338,0.8534796,0.3694515,-0.1160298,
1,35,103.169,0.5175335,1.034809,-0.3484204,0.3553674,0.851319,0.3661036,-0.1222219,
1,35,103.171,0.5175335,1.034809,-0.3484204,0.3553674,0.851319,0.3661036,-0.1222219,
1,35,103.173,0.5175335,1.034809,-0.3484204,0.3553674,0.851319,0.3661036,-0.1222219,
1,35,103.175,0.5175335,1.034809,-0.3484204,0.3553674,0.851319,0.3661036,-0.1222219,
1,35,103.177,0.5182652,1.033513,-0.3491503,0.3634367,0.8487191,0.3624132,-0.1274614,
1,35,103.179,0.5182652,1.033513,-0.3491503,0.3634367,0.8487191,0.3624132,-0.1274614,
1,35,103.181,0.5182652,1.033513,-0.3491503,0.3634367,0.8487191,0.3624132,-0.1274614,CourtEnter
1,35,103.183,0.5182652,1.033513,-0.3491503,0.3634367,0.8487191,0.3624132,-0.1274614,
1,35,103.185,0.5186602,1.032078,-0.3497579,0.3729766,0.8457379,0.3581711,-0.1316406,
1,35,103.187,0.5186602,1.032078,-0.3497579,0.3729766,0.8457379,0.3581711,-0.1316406,
1,35,103.189,0.5186602,1.032078,-0.3497579,0.3729766,0.8457379,0.3581711,-0.1316406,CourtExit
1,35,103.191,0.5186602,1.032078,-0.3497579,0.3729766,0.8457379,0.3581711,-0.1316406,
1,35,103.193,0.5189761,1.030302,-0.3503377,0.3832411,0.8423389,0.3537463,-0.1358494,
1,35,103.195,0.5189761,1.030302,-0.3503377,0.3832411,0.8423389,0.3537463,-0.1358494,
1,35,103.197,0.5189761,1.030302,-0.3503377,0.3832411,0.8423389,0.3537463,-0.1358494,
1,35,103.199,0.5189761,1.030302,-0.3503377,0.3832411,0.8423389,0.3537463,-0.1358494,
1,35,103.201,0.5206528,1.027589,-0.3517776,0.3918502,0.8391491,0.3500723,-0.1404696,
1,35,103.203,0.5206528,1.027589,-0.3517776,0.3918502,0.8391491,0.3500723,-0.1404696,
1,35,103.205,0.5206528,1.027589,-0.3517776,0.3918502,0.8391491,0.3500723,-0.1404696,
1,35,103.207,0.5206528,1.027589,-0.3517776,0.3918502,0.8391491,0.3500723,-0.1404696,
1,35,103.209,0.5192461,1.026245,-0.352045,0.4048763,0.8336359,0.3463074,-0.1455939,
1,35,103.211,0.5192461,1.026245,-0.352045,0.4048763,0.8336359,0.3463074,-0.1455939,
1,35,103.213,0.5192461,1.026245,-0.352045,0.4048763,0.8336359,0.3463074,-0.1455939,
1,35,103.215,0.5192461,1.026245,-0.352045,0.4048763,0.8336359,0.3463074,-0.1455939,
1,35,103.217,0.5192461,1.026245,-0.352045,0.4048763,0.8336359,0.3463074,-0.1455939,
1,35,103.219,0.5192335,1.0238,-0.3528385,0.4156358,0.8283473,0.3435155,-0.1519367,
1,35,103.221,0.5192335,1.0238,-0.3528385,0.4156358,0.8283473,0.3435155,-0.1519367,
1,35,103.223,0.5192335,1.0238,-0.3528385,0.4156358,0.8283473,0.3435155,-0.1519367,
1,35,103.225,0.5192335,1.0238,-0.3528385,0.4156358,0.8283473,0.3435155,-0.1519367,
1,35,103.227,0.5193832,1.021002,-0.3538601,0.4265518,0.8226274,0.3411829,-0.1578987,
1,35,103.229,0.5193832,1.021002,-0.3538601,0.4265518,0.8226274,0.3411829,-0.1578987,
1,35,103.231,0.5193832,1.021002,-0.3538601,0.4265518,0.8226274,0.3411829,-0.1578987,
1,35,103.233,0.5193832,1.021002,-0.3538601,0.4265518,0.8226274,0.3411829,-0.1578987,
1,35,103.235,0.519413,1.018184,-0.3550606,0.4377434,0.8162978,0.3394638,-0.1637165,
1,35,103.237,0.519413,1.018184,-0.3550606,0.4377434,0.8162978,0.3394638,-0.1637165,
1,35,103.239,0.519413,1.018184,-0.3550606,0.4377434,0.8162978,0.3394638,-0.1637165,
1,35,103.241,0.519413,1.018184,-0.3550606,0.4377434,0.8162978,0.3394638,-0.1637165,
1,35,103.243,0.5194379,1.015016,-0.3561977,0.4488305,0.8096136,0.3381388,-0.1695265,
1,35,103.245,0.5194379,1.015016,-0.3561977,0.4488305,0.8096136,0.3381388,-0.1695265,
1,35,103.247,0.5194379,1.015016,-0.3561977,0.4488305,0.8096136,0.3381388,-0.1695265,
1,35,103.249,0.5194379,1.015016,-0.3561977,0.4488305,0.8096136,0.3381388,-0.1695265,
1,35,103.251,0.5195126,1.011747,-0.3577877,0.4597355,0.8024873,0.337638,-0.1750944,
1,35,103.253,0.5195126,1.011747,-0.3577877,0.4597355,0.8024873,0.337638,-0.1750944,
1,35,103.255,0.5195126,1.011747,-0.3577877,0.4597355,0.8024873,0.337638,-0.1750944,
1,35,103.257,0.5195126,1.011747,-0.3577877,0.4597355,0.8024873,0.337638,-0.1750944,
1,35,103.259,0.5193336,1.008489,-0.3594994,0.4708551,0.7950094,0.3375921,-0.1796856,
1,35,103.261,0.5193336,1.008489,-0.3594994,0.4708551,0.7950094,0.3375921,-0.1796856,
1,35,103.263,0.5193336,1.008489,-0.3594994,0.4708551,0.7950094,0.3375921,-0.1796856,
1,35,103.265,0.5193336,1.008489,-0.3594994,0.4708551,0.7950094,0.3375921,-0.1796856,
1,35,103.267,0.5193336,1.008489,-0.3594994,0.4708551,0.7950094,0.3375921,-0.1796856,
1,35,103.269,0.5192796,1.004895,-0.3612642,0.4820011,0.7875013,0.3374559,-0.1834129,
1,35,103.271,0.5192796,1.004895,-0.3612642,0.4820011,0.7875013,0.3374559,-0.1834129,
1,35,103.273,0.5192796,1.004895,-0.3612642,0.4820011,0.7875013,0.3374559,-0.1834129,
1,35,103.275,0.5192796,1.004895,-0.3612642,0.4820011,0.7875013,0.3374559,-0.1834129,
1,35,103.277,0.5191067,1.001112,-0.3630376,0.4928839,0.7798098,0.33778,-0.1867269,
1,35,103.279,0.5191067,1.001112,-0.3630376,0.4928839,0.7798098,0.33778,-0.1867269,
1,35,103.281,0.5191067,1.001112,-0.3630376,0.4928839,0.7798098,0.33778,-0.1867269,
1,35,103.283,0.5191067,1.001112,-0.3630376,0.4928839,0.7798098,0.33778,-0.1867269,
1,35,103.285,0.5191113,0.997382,-0.3652864,0.5033038,0.7719226,0.3388713,-0.1897029,
1,35,103.287,0.5191113,0.997382,-0.3652864,0.5033038,0.7719226,0.3388713,-0.1897029,
1,35,103.289,0.5191113,0.997382,-0.3652864,0.5033038,0.7719226,0.3388713,-0.1897029,
1,35,103.291,0.5191113,0.997382,-0.3652864,0.5033038,0.7719226,0.3388713,-0.1897029,
1,35,103.293,0.518847,0.993478,-0.3675474,0.5127642,0.7638584,0.3408601,-0.1934105,
1,35,103.295,0.518847,0.993478,-0.3675474,0.5127642,0.7638584,0.3408601,-0.1934105,
1,35,103.297,0.518847,0.993478,-0.3675474,0.5127642,0.7638584,0.3408601,-0.1934105,
1,35,103.299,0.518847,0.993478,-0.3675474,0.5127642,0.7638584,0.3408601,-0.1934105,
1,35,103.301,0.5185344,0.9894572,-0.3700346,0.5216621,0.7558187,0.343294,-0.1968656,
1,35,103.303,0.5185344,0.9894572,-0.3700346,0.5216621,0.7558187,0.343294,-0.1968656,
1,35,103.305,0.5185344,0.9894572,-0.3700346,0.5216621,0.7558187,0.343294,-0.1968656,
1,35,103.307,0.5185344,0.9894572,-0.3700346,0.5216621,0.7558187,0.343294,-0.1968656,
1,35,103.309,0.5182236,0.9853048,-0.3726666,0.5298158,0.747877,0.3462415,-0.2002302,
1,35,103.311,0.5182236,0.9853048,-0.3726666,0.5298158,0.747877,0.3462415,-0.2002302,
1,35,103.313,0.5182236,0.9853048,-0.3726666,0.5298158,0.747877,0.3462415,-0.2002302,
1,35,103.315,0.5182236,0.9853048,-0.3726666,0.5298158,0.747877,0.3462415,-0.2002302,
1,35,103.317,0.5182236,0.9853048,-0.3726666,0.5298158,0.747877,0.3462415,-0.2002302,
1,35,103.319,0.5176452,0.9807472,-0.3750505,0.5376481,0.7401289,0.3489506,-0.2034141,
1,35,103.321,0.5176452,0.9807472,-0.3750505,0.5376481,0.7401289,0.3489506,-0.2034141,
1,35,103.323,0.5176452,0.9807472,-0.3750505,0.5376481,0.7401289,0.3489506,-0.2034141,
1,35,103.325,0.5176452,0.9807472,-0.3750505,0.5376481,0.7401289,0.3489506,-0.2034141,
1,35,103.327,0.5170289,0.9762892,-0.3776224,0.545137,0.7325199,0.3517901,-0.2061164,
1,35,103.329,0.5170289,0.9762892,-0.3776224,0.545137,0.7325199,0.3517901,-0.2061164,
1,35,103.331,0.5170289,0.9762892,-0.3776224,0.545137,0.7325199,0.3517901,-0.2061164,
1,35,103.333,0.5170289,0.9762892,-0.3776224,0.545137,0.7325199,0.3517901,-0.2061164,
1,35,103.335,0.5161769,0.9718556,-0.3803469,0.552127,0.7249019,0.3549479,-0.2090094,
1,35,103.337,0.5161769,0.9718556,-0.3803469,0.552127,0.7249019,0.3549479,-0.2090094,
1,35,103.339,0.5161769,0.9718556,-0.3803469,0.552127,0.7249019,0.3549479,-0.2090094,
1,35,103.341,0.5161769,0.9718556,-0.3803469,0.552127,0.7249019,0.3549479,-0.2090094,
1,35,103.343,0.5152109,0.967327,-0.3831694,0.5586296,0.7175668,0.3581514,-0.2115618,
1,35,103.345,0.5152109,0.967327,-0.3831694,0.5586296,0.7175668,0.3581514,-0.2115618,
1,35,103.347,0.5152109,0.967327,-0.3831694,0.5586296,0.7175668,0.3581514,-0.2115618,
1,35,103.349,0.5152109,0.967327,-0.3831694,0.5586296,0.7175668,0.3581514,-0.2115618,
1,35,103.351,0.513968,0.9625568,-0.3855965,0.5651529,0.7105438,0.3606374,-0.2137063,
1,35,103.353,0.513968,0.9625568,-0.3855965,0.5651529,0.7105438,0.3606374,-0.2137063,
1,35,103.355,0.513968,0.9625568,-0.3855965,0.5651529,0.7105438,0.3606374,-0.2137063,
1,35,103.357,0.513968,0.9625568,-0.3855965,0.5651529,0.7105438,0.3606374,-0.2137063,
1,35,103.359,0.5124836,0.9581866,-0.3874452,0.5720332,0.7031515,0.3628691,-0.2160604,
1,35,103.361,0.5124836,0.9581866,-0.3874452,0.5720332,0.7031515,0.3628691,-0.2160604,
1,35,103.363,0.5124836,0.9581866,-0.3874452,0.5720332,0.7031515,0.3628691,-0.2160604,
1,35,103.365,0.5124836,0.9581866,-0.3874452,0.5720332,0.7031515,0.3628691,-0.2160604,
1,35,103.367,0.5124836,0.9581866,-0.3874452,0.5720332,0.7031515,0.3628691,-0.2160604,
1,35,103.369,0.5107063,0.9535576,-0.3906856,0.5788164,0.69671,0.3645464,-0.2160387,
1,35,103.371,0.5107063,0.9535576,-0.3906856,0.5788164,0.69671,0.3645464,-0.2160387,
1,35,103.373,0.5107063,0.9535576,-0.3906856,0.5788164,0.69671,0.3645464,-0.2160387,
1,35,103.375,0.5107063,0.9535576,-0.3906856,0.5788164,0.69671,0.3645464,-0.2160387,
1,35,103.377,0.508693,0.9490754,-0.3928807,0.5862663,0.6897359,0.3655912,-0.2165622,
1,35,103.379,0.508693,0.9490754,-0.3928807,0.5862663,0.6897359,0.3655912,-0.2165622,
1,35,103.381,0.508693,0.9490754,-0.3928807,0.5862663,0.6897359,0.3655912,-0.2165622,
1,35,103.383,0.508693,0.9490754,-0.3928807,0.5862663,0.6897359,0.3655912,-0.2165622,
1,35,103.385,0.5064853,0.9446478,-0.3949006,0.5938498,0.6824586,0.3665935,-0.2172602,
1,35,103.387,0.5064853,0.9446478,-0.3949006,0.5938498,0.6824586,0.3665935,-0.2172602,
1,35,103.389,0.5064853,0.9446478,-0.3949006,0.5938498,0.6824586,0.3665935,-0.2172602,
1,35,103.391,0.5064853,0.9446478,-0.3949006,0.5938498,0.6824586,0.3665935,-0.2172602,
1,35,103.393,0.5040512,0.9407238,-0.3968225,0.6023065,0.6749818,0.366794,-0.2169989,
1,35,103.395,0.5040512,0.9407238,-0.3968225,0.6023065,0.6749818,0.366794,-0.2169989,
1,35,103.397,0.5040512,0.9407238,-0.3968225,0.6023065,0.6749818,0.366794,-0.2169989,
1,35,103.399,0.5040512,0.9407238,-0.3968225,0.6023065,0.6749818,0.366794,-0.2169989,
1,35,103.401,0.5014327,0.9370322,-0.3986236,0.6116564,0.6672564,0.3660686,-0.2159611,
1,35,103.403,0.5014327,0.9370322,-0.3986236,0.6116564,0.6672564,0.3660686,-0.2159611,
1,35,103.405,0.5014327,0.9370322,-0.3986236,0.6116564,0.6672564,0.3660686,-0.2159611,
1,35,103.407,0.5014327,0.9370322,-0.3986236,0.6116564,0.6672564,0.3660686,-0.2159611,
1,35,103.409,0.4986712,0.93326,-0.3998079,0.6215944,0.6590629,0.3646522,-0.21514,
1,35,103.411,0.4986712,0.93326,-0.3998079,0.6215944,0.6590629,0.3646522,-0.21514,
1,35,103.413,0.4986712,0.93326,-0.3998079,0.6215944,0.6590629,0.3646522,-0.21514,
1,35,103.415,0.4986712,0.93326,-0.3998079,0.6215944,0.6590629,0.3646522,-0.21514,
1,35,103.417,0.4986712,0.93326,-0.3998079,0.6215944,0.6590629,0.3646522,-0.21514,
1,35,103.419,0.4958047,0.9299656,-0.4007127,0.6322199,0.6501197,0.3629555,-0.2142561,
1,35,103.421,0.4958047,0.9299656,-0.4007127,0.6322199,0.6501197,0.3629555,-0.2142561,
1,35,103.423,0.4958047,0.9299656,-0.4007127,0.6322199,0.6501197,0.3629555,-0.2142561,
1,35,103.425,0.4958047,0.9299656,-0.4007127,0.6322199,0.6501197,0.3629555,-0.2142561,
1,35,103.427,0.4932006,0.9261931,-0.4023241,0.6419396,0.6411583,0.3620757,-0.2138476,
1,35,103.429,0.4932006,0.9261931,-0.4023241,0.6419396,0.6411583,0.3620757,-0.2138476,
1,35,103.431,0.4932006,0.9261931,-0.4023241,0.6419396,0.6411583,0.3620757,-0.2138476,
1,35,103.433,0.4932006,0.9261931,-0.4023241,0.6419396,0.6411583,0.3620757,-0.2138476,
1,35,103.435,0.4899577,0.9241355,-0.4018972,0.6546563,0.6300746,0.3591256,-0.2132132,
1,35,103.437,0.4899577,0.9241355,-0.4018972,0.6546563,0.6300746,0.3591256,-0.2132132,
1,35,103.439,0.4899577,0.9241355,-0.4018972,0.6546563,0.6300746,0.3591256,-0.2132132,
1,35,103.441,0.4899577,0.9241355,-0.4018972,0.6546563,0.6300746,0.3591256,-0.2132132,
1,35,103.443,0.4869916,0.921164,-0.4017489,0.6665421,0.6194317,0.3559975,-0.2128186,
1,35,103.445,0.4869916,0.921164,-0.4017489,0.6665421,0.6194317,0.3559975,-0.2128186,
1,35,103.447,0.4869916,0.921164,-0.4017489,0.6665421,0.6194317,0.3559975,-0.2128186,
1,35,103.449,0.4869916,0.921164,-0.4017489,0.6665421,0.6194317,0.3559975,-0.2128186,
1,35,103.451,0.4840525,0.9184219,-0.4014815,0.6790212,0.6085031,0.3517756,-0.2119154,
1,35,103.453,0.4840525,0.9184219,-0.4014815,0.6790212,0.6085031,0.3517756,-0.2119154,
1,35,103.455,0.4840525,0.9184219,-0.4014815,0.6790212,0.6085031,0.3517756,-0.2119154,
1,35,103.457,0.4840525,0.9184219,-0.4014815,0.6790212,0.6085031,0.3517756,-0.2119154,
1,35,103.459,0.4813548,0.9147699,-0.4022516,0.6902962,0.5979543,0.3482452,-0.211346,
1,35,103.461,0.4813548,0.9147699,-0.4022516,0.6902962,0.5979543,0.3482452,-0.211346,
1,35,103.463,0.4813548,0.9147699,-0.4022516,0.6902962,0.5979543,0.3482452,-0.211346,
1,35,103.465,0.4813548,0.9147699,-0.4022516,0.6902962,0.5979543,0.3482452,-0.211346,
1,35,103.467,0.4813548,0.9147699,-0.4022516,0.6902962,0.5979543,0.3482452,-0.211346,
1,35,103.469,0.4780555,0.9133862,-0.4010071,0.7039956,0.5855067,0.3422556,-0.2107923,
1,35,103.471,0.4780555,0.9133862,-0.4010071,0.7039956,0.5855067,0.3422556,-0.2107923,
1,35,103.473,0.4780555,0.9133862,-0.4010071,0.7039956,0.5855067,0.3422556,-0.2107923,
1,35,103.475,0.4780555,0.9133862,-0.4010071,0.7039956,0.5855067,0.3422556,-0.2107923,
1,35,103.477,0.475227,0.9110851,-0.4009235,0.7158635,0.5734202,0.3378346,-0.2111789,
1,35,103.479,0.475227,0.9110851,-0.4009235,0.7158635,0.5734202,0.3378346,-0.2111789,
1,35,103.481,0.475227,0.9110851,-0.4009235,0.7158635,0.5734202,0.3378346,-0.2111789,
1,35,103.483,0.475227,0.9110851,-0.4009235,0.7158635,0.5734202,0.3378346,-0.2111789,
1,35,103.485,0.4722579,0.9080623,-0.4007894,0.7267171,0.5615085,0.333686,-0.2127067,
1,35,103.487,0.4722579,0.9080623,-0.4007894,0.7267171,0.5615085,0.333686,-0.2127067,
1,35,103.489,0.4722579,0.9080623,-0.4007894,0.7267171,0.5615085,0.333686,-0.2127067,
1,35,103.491,0.4722579,0.9080623,-0.4007894,0.7267171,0.5615085,0.333686,-0.2127067,
1,35,103.493,0.4693167,0.9049082,-0.4008995,0.73632,0.5492776,0.3310261,-0.2157516,
1,35,103.495,0.4693167,0.9049082,-0.4008995,0.73632,0.5492776,0.3310261,-0.2157516,
1,35,103.497,0.4693167,0.9049082,-0.4008995,0.73632,0.5492776,0.3310261,-0.2157516,
1,35,103.499,0.4693167,0.9049082,-0.4008995,0.73632,0.5492776,0.3310261,-0.2157516,
1,35,103.501,0.4661145,0.9016712,-0.4011176,0.7450163,0.5371686,0.3288876,-0.2196218,
1,35,103.503,0.4661145,0.9016712,-0.4011176,0.7450163,0.5371686,0.3288876,-0.2196218,
1,35,103.505,0.4661145,0.9016712,-0.4011176,0.7450163,0.5371686,0.3288876,-0.2196218,
1,35,103.507,0.4661145,0.9016712,-0.4011176,0.7450163,0.5371686,0.3288876,-0.2196218,
1,35,103.509,0.4631317,0.8985557,-0.4016689,0.752946,0.5250295,0.3274867,-0.2239842,
1,35,103.511,0.4631317,0.8985557,-0.4016689,0.752946,0.5250295,0.3274867,-0.2239842,
1,35,103.513,0.4631317,0.8985557,-0.4016689,0.752946,0.5250295,0.3274867,-0.2239842,
1,35,103.515,0.4631317,0.8985557,-0.4016689,0.752946,0.5250295,0.3274867,-0.2239842,
1,35,103.517,0.4631317,0.8985557,-0.4016689,0.752946,0.5250295,0.3274867,-0.2239842,
1,35,103.519,0.4600484,0.8957236,-0.402817,0.7609513,0.5136539,0.3248986,-0.2270544,
1,35,103.521,0.4600484,0.8957236,-0.402817,0.7609513,0.5136539,0.3248986,-0.2270544,
1,35,103.523,0.4600484,0.8957236,-0.402817,0.7609513,0.5136539,0.3248986,-0.2270544,
1,35,103.525,0.4600484,0.8957236,-0.402817,0.7609513,0.5136539,0.3248986,-0.2270544,
1,35,103.527,0.457078,0.8928577,-0.4037266,0.7687522,0.5026305,0.3215373,-0.2302097,
1,35,103.529,0.457078,0.8928577,-0.4037266,0.7687522,0.5026305,0.3215373,-0.2302097,
1,35,103.531,0.457078,0.8928577,-0.4037266,0.7687522,0.5026305,0.3215373,-0.2302097,
1,35,103.533,0.457078,0.8928577,-0.4037266,0.7687522,0.5026305,0.3215373,-0.2302097,
1,35,103.535,0.4542402,0.8904762,-0.404994,0.777026,0.492178,0.3164299,-0.2320853,
1,35,103.537,0.4542402,0.8904762,-0.404994,0.777026,0.492178,0.3164299,-0.2320853,
1,35,103.539,0.4542402,0.8904762,-0.404994,0.777026,0.492178,0.3164299,-0.2320853,
1,35,103.541,0.4542402,0.8904762,-0.404994,0.777026,0.492178,0.3164299,-0.2320853,
1,35,103.543,0.4514471,0.8882883,-0.406298,0.7853221,0.4820849,0.3103363,-0.2335695,
1,35,103.545,0.4514471,0.8882883,-0.406298,0.7853221,0.4820849,0.3103363,-0.2335695,
1,35,103.547,0.4514471,0.8882883,-0.406298,0.7853221,0.4820849,0.3103363,-0.2335695,
1,35,103.549,0.4514471,0.8882883,-0.406298,0.7853221,0.4820849,0.3103363,-0.2335695,
1,35,103.551,0.4483535,0.8856475,-0.4067914,0.7929298,0.4723328,0.3040115,-0.2360951,
1,35,103.553,0.4483535,0.8856475,-0.4067914,0.7929298,0.4723328,0.3040115,-0.2360951,
1,35,103.555,0.4483535,0.8856475,-0.4067914,0.7929298,0.4723328,0.3040115,-0.2360951,
1,35,103.557,0.4483535,0.8856475,-0.4067914,0.7929298,0.4723328,0.3040115,-0.2360951,
1,35,103.559,0.4455251,0.8837136,-0.4075601,0.800326,0.4626184,0.2978069,-0.2382722,
1,35,103.561,0.4455251,0.8837136,-0.4075601,0.800326,0.4626184,0.2978069,-0.2382722,
1,35,103.563,0.4455251,0.8837136,-0.4075601,0.800326,0.4626184,0.2978069,-0.2382722,
1,35,103.565,0.4455251,0.8837136,-0.4075601,0.800326,0.4626184,0.2978069,-0.2382722,
1,35,103.567,0.4455251,0.8837136,-0.4075601,0.800326,0.4626184,0.2978069,-0.2382722,
1,35,103.569,0.4426447,0.8819093,-0.4075574,0.8071242,0.4526323,0.2921066,-0.2415539,
1,35,103.571,0.4426447,0.8819093,-0.4075574,0.8071242,0.4526323,0.2921066,-0.2415539,
1,35,103.573,0.4426447,0.8819093,-0.4075574,0.8071242,0.4526323,0.2921066,-0.2415539,
1,35,103.575,0.4426447,0.8819093,-0.4075574,0.8071242,0.4526323,0.2921066,-0.2415539,
1,35,103.577,0.4398767,0.8806775,-0.4074917,0.8138949,0.4425235,0.2861671,-0.244656,
1,35,103.579,0.4398767,0.8806775,-0.4074917,0.8138949,0.4425235,0.2861671,-0.244656,
1,35,103.581,0.4398767,0.8806775,-0.4074917,0.8138949,0.4425235,0.2861671,-0.244656,
1,35,103.583,0.4398767,0.8806775,-0.4074917,0.8138949,0.4425235,0.2861671,-0.244656,
1,35,103.585,0.4370256,0.8795153,-0.4069974,0.8205855,0.4327682,0.2794876,-0.2474626,
1,35,103.587,0.4370256,0.8795153,-0.4069974,0.8205855,0.4327682,0.2794876,-0.2474626,
1,35,103.589,0.4370256,0.8795153,-0.4069974,0.8205855,0.4327682,0.2794876,-0.2474626,
1,35,103.591,0.4370256,0.8795153,-0.4069974,0.8205855,0.4327682,0.2794876,-0.2474626,
1,35,103.593,0.4343504,0.8792036,-0.4059022,0.8273531,0.4229645,0.2722041,-0.2499857,
1,35,103.595,0.4343504,0.8792036,-0.4059022,0.8273531,0.4229645,0.2722041,-0.2499857,
1,35,103.597,0.4343504,0.8792036,-0.4059022,0.8273531,0.4229645,0.2722041,-0.2499857,
1,35,103.599,0.4343504,0.8792036,-0.4059022,0.8273531,0.4229645,0.2722041,-0.2499857,
1,35,103.601,0.4318787,0.87965,-0.4039658,0.8340836,0.4127878,0.2646879,-0.2526879,
1,35,103.603,0.4318787,0.87965,-0.4039658,0.8340836,0.4127878,0.2646879,-0.2526879,
1,35,103.605,0.4318787,0.87965,-0.4039658,0.8340836,0.4127878,0.2646879,-0.2526879,
1,35,103.607,0.4318787,0.87965,-0.4039658,0.8340836,0.4127878,0.2646879,-0.2526879,
1,35,103.609,0.4295639,0.8806839,-0.4012728,0.8407625,0.402542,0.2568818,-0.2551278,
1,35,103.611,0.4295639,0.8806839,-0.4012728,0.8407625,0.402542,0.2568818,-0.2551278,
1,35,103.613,0.4295639,0.8806839,-0.4012728,0.8407625,0.402542,0.2568818,-0.2551278,
1,35,103.615,0.4295639,0.8806839,-0.4012728,0.8407625,0.402542,0.2568818,-0.2551278,
1,35,103.617,0.4295639,0.8806839,-0.4012728,0.8407625,0.402542,0.2568818,-0.2551278,
1,35,103.619,0.4273423,0.8823035,-0.3974314,0.8476157,0.3924091,0.2478182,-0.257194,
1,35,103.621,0.4273423,0.8823035,-0.3974314,0.8476157,0.3924091,0.2478182,-0.257194,
1,35,103.623,0.4273423,0.8823035,-0.3974314,0.8476157,0.3924091,0.2478182,-0.257194,
1,35,103.625,0.4273423,0.8823035,-0.3974314,0.8476157,0.3924091,0.2478182,-0.257194,
1,35,103.627,0.4253902,0.8846689,-0.3923202,0.8547608,0.3824863,0.237229,-0.2584776,
1,35,103.629,0.4253902,0.8846689,-0.3923202,0.8547608,0.3824863,0.237229,-0.2584776,
1,35,103.631,0.4253902,0.8846689,-0.3923202,0.8547608,0.3824863,0.237229,-0.2584776,
1,35,103.633,0.4253902,0.8846689,-0.3923202,0.8547608,0.3824863,0.237229,-0.2584776,
1,35,103.635,0.4237683,0.8879131,-0.3865374,0.862128,0.3728749,0.2254312,-0.2586126,
1,35,103.637,0.4237683,0.8879131,-0.3865374,0.862128,0.3728749,0.2254312,-0.2586126,
1,35,103.639,0.4237683,0.8879131,-0.3865374,0.862128,0.3728749,0.2254312,-0.2586126,
1,35,103.641,0.4237683,0.8879131,-0.3865374,0.862128,0.3728749,0.2254312,-0.2586126,
1,35,103.643,0.4220482,0.8914022,-0.379355,0.8694679,0.363839,0.2121711,-0.2581285,
1,35,103.645,0.4220482,0.8914022,-0.379355,0.8694679,0.363839,0.2121711,-0.2581285,
1,35,103.647,0.4220482,0.8914022,-0.379355,0.8694679,0.363839,0.2121711,-0.2581285,
1,35,103.649,0.4220482,0.8914022,-0.379355,0.8694679,0.363839,0.2121711,-0.2581285,
1,35,103.651,0.4205983,0.8956,-0.3715488,0.8766832,0.3552845,0.1985867,-0.256443,
1,35,103.653,0.4205983,0.8956,-0.3715488,0.8766832,0.3552845,0.1985867,-0.256443,
1,35,103.655,0.4205983,0.8956,-0.3715488,0.8766832,0.3552845,0.1985867,-0.256443,
1,35,103.657,0.4205983,0.8956,-0.3715488,0.8766832,0.3552845,0.1985867,-0.256443,
1,35,103.659,0.4190241,0.9003491,-0.3631414,0.8834965,0.3473184,0.1855144,-0.2537484,
1,35,103.661,0.4190241,0.9003491,-0.3631414,0.8834965,0.3473184,0.1855144,-0.2537484,
1,35,103.663,0.4190241,0.9003491,-0.3631414,0.8834965,0.3473184,0.1855144,-0.2537484,
1,35,103.665,0.4190241,0.9003491,-0.3631414,0.8834965,0.3473184,0.1855144,-0.2537484,
1,35,103.667,0.4190241,0.9003491,-0.3631414,0.8834965,0.3473184,0.1855144,-0.2537484,
1,35,103.669,0.4177878,0.9058398,-0.3539582,0.8900243,0.3394877,0.1733524,-0.2501074,
1,35,103.671,0.4177878,0.9058398,-0.3539582,0.8900243,0.3394877,0.1733524,-0.2501074,
1,35,103.673,0.4177878,0.9058398,-0.3539582,0.8900243,0.3394877,0.1733524,-0.2501074,
1,35,103.675,0.4177878,0.9058398,-0.3539582,0.8900243,0.3394877,0.1733524,-0.2501074,
1,35,103.677,0.4166787,0.9119881,-0.3444249,0.8963063,0.332159,0.161834,-0.2451843,
1,35,103.679,0.4166787,0.9119881,-0.3444249,0.8963063,0.332159,0.161834,-0.2451843,
1,35,103.681,0.4166787,0.9119881,-0.3444249,0.8963063,0.332159,0.161834,-0.2451843,
1,35,103.683,0.4166787,0.9119881,-0.3444249,0.8963063,0.332159,0.161834,-0.2451843,
1,35,103.685,0.4158777,0.9188901,-0.3344269,0.9024417,0.3252888,0.1508486,-0.2388116,
1,35,103.687,0.4158777,0.9188901,-0.3344269,0.9024417,0.3252888,0.1508486,-0.2388116,
1,35,103.689,0.4158777,0.9188901,-0.3344269,0.9024417,0.3252888,0.1508486,-0.2388116,
1,35,103.691,0.4158777,0.9188901,-0.3344269,0.9024417,0.3252888,0.1508486,-0.2388116,
1,35,103.693,0.4151397,0.9264206,-0.3239388,0.9083243,0.3192392,0.1402242,-0.2310206,
1,35,103.695,0.4151397,0.9264206,-0.3239388,0.9083243,0.3192392,0.1402242,-0.2310206,
1,35,103.697,0.4151397,0.9264206,-0.3239388,0.9083243,0.3192392,0.1402242,-0.2310206,
1,35,103.699,0.4151397,0.9264206,-0.3239388,0.9083243,0.3192392,0.1402242,-0.2310206,
1,35,103.701,0.4145293,0.9347373,-0.3132681,0.9138566,0.3137814,0.130839,-0.2220106,
1,35,103.703,0.4145293,0.9347373,-0.3132681,0.9138566,0.3137814,0.130839,-0.2220106,
1,35,103.705,0.4145293,0.9347373,-0.3132681,0.9138566,0.3137814,0.130839,-0.2220106,
1,35,103.707,0.4145293,0.9347373,-0.3132681,0.9138566,0.3137814,0.130839,-0.2220106,
1,35,103.709,0.4143468,0.944447,-0.3024454,0.9193063,0.3087608,0.1220574,-0.2112931,
1,35,103.711,0.4143468,0.944447,-0.3024454,0.9193063,0.3087608,0.1220574,-0.2112931,
1,35,103.713,0.4143468,0.944447,-0.3024454,0.9193063,0.3087608,0.1220574,-0.2112931,
1,35,103.715,0.4143468,0.944447,-0.3024454,0.9193063,0.3087608,0.1220574,-0.2112931,
1,35,103.717,0.4143468,0.944447,-0.3024454,0.9193063,0.3087608,0.1220574,-0.2112931,
1,35,103.719,0.4139152,0.9551275,-0.2909795,0.9240506,0.3048122,0.115404,-0.1997548,
1,35,103.721,0.4139152,0.9551275,-0.2909795,0.9240506,0.3048122,0.115404,-0.1997548,
1,35,103.723,0.4139152,0.9551275,-0.2909795,0.9240506,0.3048122,0.115404,-0.1997548,
1,35,103.725,0.4139152,0.9551275,-0.2909795,0.9240506,0.3048122,0.115404,-0.1997548,
1,35,103.727,0.4136236,0.967016,-0.2789264,0.9284608,0.3024125,0.1083136,-0.1864816,
1,35,103.729,0.4136236,0.967016,-0.2789264,0.9284608,0.3024125,0.1083136,-0.1864816,
1,35,103.731,0.4136236,0.967016,-0.2789264,0.9284608,0.3024125,0.1083136,-0.1864816,
1,35,103.733,0.4136236,0.967016,-0.2789264,0.9284608,0.3024125,0.1083136,-0.1864816,
1,35,103.735,0.4133541,0.9798347,-0.2668276,0.9324194,0.3014969,0.1012456,-0.1715896,
1,35,103.737,0.4133541,0.9798347,-0.2668276,0.9324194,0.3014969,0.1012456,-0.1715896,
1,35,103.739,0.4133541,0.9798347,-0.2668276,0.9324194,0.3014969,0.1012456,-0.1715896,
1,35,103.741,0.4133541,0.9798347,-0.2668276,0.9324194,0.3014969,0.1012456,-0.1715896,
1,35,103.743,0.4127961,0.9934938,-0.2542149,0.9356341,0.3026796,0.09461735,-0.1549879,
1,35,103.745,0.4127961,0.9934938,-0.2542149,0.9356341,0.3026796,0.09461735,-0.1549879,
1,35,103.747,0.4127961,0.9934938,-0.2542149,0.9356341,0.3026796,0.09461735,-0.1549879,
1,35,103.749,0.4127961,0.9934938,-0.2542149,0.9356341,0.3026796,0.09461735,-0.1549879,
1,35,103.751,0.4122422,1.008555,-0.2415445,0.9378716,0.3055835,0.09063186,-0.1371188,
1,35,103.753,0.4122422,1.008555,-0.2415445,0.9378716,0.3055835,0.09063186,-0.1371188,
1,35,103.755,0.4122422,1.008555,-0.2415445,0.9378716,0.3055835,0.09063186,-0.1371188,
1,35,103.757,0.4122422,1.008555,-0.2415445,0.9378716,0.3055835,0.09063186,-0.1371188,
1,35,103.759,0.4112577,1.024889,-0.2297633,0.9388346,0.3106863,0.09016605,-0.1180415,
1,35,103.761,0.4112577,1.024889,-0.2297633,0.9388346,0.3106863,0.09016605,-0.1180415,
1,35,103.763,0.4112577,1.024889,-0.2297633,0.9388346,0.3106863,0.09016605,-0.1180415,
1,35,103.765,0.4112577,1.024889,-0.2297633,0.9388346,0.3106863,0.09016605,-0.1180415,
1,35,103.767,0.4112577,1.024889,-0.2297633,0.9388346,0.3106863,0.09016605,-0.1180415,
1,35,103.769,0.4137611,1.042957,-0.2130113,0.9401845,0.3130043,0.0879433,-0.101723,
1,35,103.771,0.4137611,1.042957,-0.2130113,0.9401845,0.3130043,0.0879433,-0.101723,
1,35,103.773,0.4137611,1.042957,-0.2130113,0.9401845,0.3130043,0.0879433,-0.101723,
1,35,103.775,0.4137611,1.042957,-0.2130113,0.9401845,0.3130043,0.0879433,-0.101723,
1,35,103.777,0.4068936,1.060333,-0.2068766,0.9358357,0.3312537,0.09405307,-0.07507813,
1,35,103.779,0.4068936,1.060333,-0.2068766,0.9358357,0.3312537,0.09405307,-0.07507813,
1,35,103.781,0.4068936,1.060333,-0.2068766,0.9358357,0.3312537,0.09405307,-0.07507813,
1,35,103.783,0.4068936,1.060333,-0.2068766,0.9358357,0.3312537,0.09405307,-0.07507813,
1,35,103.785,0.4035809,1.079007,-0.1969708,0.9314588,0.3472543,0.09661838,-0.04963771,
1,35,103.787,0.4035809,1.079007,-0.1969708,0.9314588,0.3472543,0.09661838,-0.04963771,
1,35,103.789,0.4035809,1.079007,-0.1969708,0.9314588,0.3472543,0.09661838,-0.04963771,
1,35,103.791,0.4035809,1.079007,-0.1969708,0.9314588,0.3472543,0.09661838,-0.04963771,
1,35,103.793,0.3989883,1.097277,-0.1869621,0.9241339,0.3675596,0.1016667,-0.023249,
1,35,103.795,0.3989883,1.097277,-0.1869621,0.9241339,0.3675596,0.1016667,-0.023249,
1,35,103.797,0.3989883,1.097277,-0.1869621,0.9241339,0.3675596,0.1016667,-0.023249,
1,35,103.799,0.3989883,1.097277,-0.1869621,0.9241339,0.3675596,0.1016667,-0.023249,
1,35,103.801,0.3935599,1.115613,-0.1797718,0.9130843,0.3916681,0.1133993,0.00372839,
1,35,103.803,0.3935599,1.115613,-0.1797718,0.9130843,0.3916681,0.1133993,0.00372839,
1,35,103.805,0.3935599,1.115613,-0.1797718,0.9130843,0.3916681,0.1133993,0.00372839,
1,35,103.807,0.3935599,1.115613,-0.1797718,0.9130843,0.3916681,0.1133993,0.00372839,
1,35,103.809,0.3865755,1.13473,-0.173074,0.8970722,0.4207118,0.1320917,0.0285477,
1,35,103.811,0.3865755,1.13473,-0.173074,0.8970722,0.4207118,0.1320917,0.0285477,
1,35,103.813,0.3865755,1.13473,-0.173074,0.8970722,0.4207118,0.1320917,0.0285477,
1,35,103.815,0.3865755,1.13473,-0.173074,0.8970722,0.4207118,0.1320917,0.0285477,
1,35,103.817,0.3865755,1.13473,-0.173074,0.8970722,0.4207118,0.1320917,0.0285477,
1,35,103.819,0.3779678,1.153054,-0.167854,0.8754299,0.4552913,0.1535869,0.05237931,
1,35,103.821,0.3779678,1.153054,-0.167854,0.8754299,0.4552913,0.1535869,0.05237931,
1,35,103.823,0.3779678,1.153054,-0.167854,0.8754299,0.4552913,0.1535869,0.05237931,
1,35,103.825,0.3779678,1.153054,-0.167854,0.8754299,0.4552913,0.1535869,0.05237931,
1,35,103.827,0.3679408,1.170074,-0.1643218,0.8475747,0.4952425,0.1748046,0.07612763,RacketHit
1,35,103.829,0.3679408,1.170074,-0.1643218,0.8475747,0.4952425,0.1748046,0.07612763,
1,35,103.831,0.3679408,1.170074,-0.1643218,0.8475747,0.4952425,0.1748046,0.07612763,
1,35,103.833,0.3679408,1.170074,-0.1643218,0.8475747,0.4952425,0.1748046,0.07612763,
1,35,103.835,0.3573862,1.185357,-0.162571,0.8131545,0.5393362,0.1946437,0.1000509,
1,35,103.837,0.3573862,1.185357,-0.162571,0.8131545,0.5393362,0.1946437,0.1000509,
1,35,103.839,0.3573862,1.185357,-0.162571,0.8131545,0.5393362,0.1946437,0.1000509,
1,35,103.841,0.3573862,1.185357,-0.162571,0.8131545,0.5393362,0.1946437,0.1000509,
1,35,103.843,0.3467019,1.19748,-0.1620116,0.7720745,0.5863328,0.2121655,0.1228852,
1,35,103.845,0.3467019,1.19748,-0.1620116,0.7720745,0.5863328,0.2121655,0.1228852,
1,35,103.847,0.3467019,1.19748,-0.1620116,0.7720745,0.5863328,0.2121655,0.1228852,
1,35,103.849,0.3467019,1.19748,-0.1620116,0.7720745,0.5863328,0.2121655,0.1228852,
1,35,103.851,0.3366628,1.208025,-0.1628116,0.7241407,0.6345918,0.2275907,0.1453137,
1,35,103.853,0.3366628,1.208025,-0.1628116,0.7241407,0.6345918,0.2275907,0.1453137,
1,35,103.855,0.3366628,1.208025,-0.1628116,0.7241407,0.6345918,0.2275907,0.1453137,
1,35,103.857,0.3366628,1.208025,-0.1628116,0.7241407,0.6345918,0.2275907,0.1453137,
1,35,103.859,0.328465,1.215513,-0.1640385,0.6706742,0.6819381,0.2407528,0.1649085,
1,35,103.861,0.328465,1.215513,-0.1640385,0.6706742,0.6819381,0.2407528,0.1649085,
1,35,103.863,0.328465,1.215513,-0.1640385,0.6706742,0.6819381,0.2407528,0.1649085,
1,35,103.865,0.328465,1.215513,-0.1640385,0.6706742,0.6819381,0.2407528,0.1649085,
1,35,103.867,0.328465,1.215513,-0.1640385,0.6706742,0.6819381,0.2407528,0.1649085,
1,35,103.869,0.3214375,1.221812,-0.165647,0.6112432,0.7279297,0.2517019,0.1820611,
1,35,103.871,0.3214375,1.221812,-0.165647,0.6112432,0.7279297,0.2517019,0.1820611,
1,35,103.873,0.3214375,1.221812,-0.165647,0.6112432,0.7279297,0.2517019,0.1820611,
1,35,103.875,0.3214375,1.221812,-0.165647,0.6112432,0.7279297,0.2517019,0.1820611,
1,35,103.877,0.3169588,1.226361,-0.1672318,0.5484508,0.7702768,0.258985,0.1969827,
1,35,103.879,0.3169588,1.226361,-0.1672318,0.5484508,0.7702768,0.258985,0.1969827,
1,35,103.881,0.3169588,1.226361,-0.1672318,0.5484508,0.7702768,0.258985,0.1969827,
1,35,103.883,0.3169588,1.226361,-0.1672318,0.5484508,0.7702768,0.258985,0.1969827,
1,35,103.885,0.3148658,1.230306,-0.1688606,0.4836109,0.8081378,0.2626494,0.2098788,
1,35,103.887,0.3148658,1.230306,-0.1688606,0.4836109,0.8081378,0.2626494,0.2098788,
1,35,103.889,0.3148658,1.230306,-0.1688606,0.4836109,0.8081378,0.2626494,0.2098788,
1,35,103.891,0.3148658,1.230306,-0.1688606,0.4836109,0.8081378,0.2626494,0.2098788,
1,35,103.893,0.3143511,1.234574,-0.1703605,0.4175043,0.8413773,0.2625338,0.2210216,
1,35,103.895,0.3143511,1.234574,-0.1703605,0.4175043,0.8413773,0.2625338,0.2210216,
1,35,103.897,0.3143511,1.234574,-0.1703605,0.4175043,0.8413773,0.2625338,0.2210216,
1,35,103.899,0.3143511,1.234574,-0.1703605,0.4175043,0.8413773,0.2625338,0.2210216,
1,35,103.901,0.314167,1.23849,-0.1720313,0.352091,0.8694553,0.257899,0.2314466,
1,35,103.903,0.314167,1.23849,-0.1720313,0.352091,0.8694553,0.257899,0.2314466,
1,35,103.905,0.314167,1.23849,-0.1720313,0.352091,0.8694553,0.257899,0.2314466,
1,35,103.907,0.314167,1.23849,-0.1720313,0.352091,0.8694553,0.257899,0.2314466,
1,35,103.909,0.31543,1.242105,-0.1722906,0.2884998,0.8928573,0.2499203,0.2389842,
1,35,103.911,0.31543,1.242105,-0.1722906,0.2884998,0.8928573,0.2499203,0.2389842,
1,35,103.913,0.31543,1.242105,-0.1722906,0.2884998,0.8928573,0.2499203,0.2389842,
1,35,103.915,0.31543,1.242105,-0.1722906,0.2884998,0.8928573,0.2499203,0.2389842,
1,35,103.917,0.31543,1.242105,-0.1722906,0.2884998,0.8928573,0.2499203,0.2389842,
1,35,103.919,0.3162413,1.247012,-0.1729847,0.2267747,0.9119272,0.2398062,0.2438341,
1,35,103.921,0.3162413,1.247012,-0.1729847,0.2267747,0.9119272,0.2398062,0.2438341,
1,35,103.923,0.3162413,1.247012,-0.1729847,0.2267747,0.9119272,0.2398062,0.2438341,
1,35,103.925,0.3162413,1.247012,-0.1729847,0.2267747,0.9119272,0.2398062,0.2438341,
1,35,103.927,0.3163882,1.251722,-0.1742286,0.1676562,0.9275533,0.2276185,0.2443892,
1,35,103.929,0.3163882,1.251722,-0.1742286,0.1676562,0.9275533,0.2276185,0.2443892,
1,35,103.931,0.3163882,1.251722,-0.1742286,0.1676562,0.9275533,0.2276185,0.2443892,
1,35,103.933,0.3163882,1.251722,-0.1742286,0.1676562,0.9275533,0.2276185,0.2443892,
1,35,103.935,0.3164557,1.25701,-0.1753183,0.1115398,0.939896,0.2134343,0.2420749,
1,35,103.937,0.3164557,1.25701,-0.1753183,0.1115398,0.939896,0.2134343,0.2420749,
1,35,103.939,0.3164557,1.25701,-0.1753183,0.1115398,0.939896,0.2134343,0.2420749,
1,35,103.941,0.3164557,1.25701,-0.1753183,0.1115398,0.939896,0.2134343,0.2420749,
1,35,103.943,0.3157455,1.262556,-0.1767251,0.05888101,0.9489009,0.1974519,0.2390246,
1,35,103.945,0.3157455,1.262556,-0.1767251,0.05888101,0.9489009,0.1974519,0.2390246,
1,35,103.947,0.3157455,1.262556,-0.1767251,0.05888101,0.9489009,0.1974519,0.2390246,
1,35,103.949,0.3157455,1.262556,-0.1767251,0.05888101,0.9489009,0.1974519,0.2390246,
1,35,103.951,0.3140597,1.268016,-0.178069,0.009803712,0.9548832,0.1793904,0.2364767,
1,35,103.953,0.3140597,1.268016,-0.178069,0.009803712,0.9548832,0.1793904,0.2364767,
1,35,103.955,0.3140597,1.268016,-0.178069,0.009803712,0.9548832,0.1793904,0.2364767,
1,35,103.957,0.3140597,1.268016,-0.178069,0.009803712,0.9548832,0.1793904,0.2364767,
1,35,103.959,0.3121393,1.273154,-0.1796124,-0.03625226,0.9579761,0.1603603,0.2350576,
1,35,103.961,0.3121393,1.273154,-0.1796124,-0.03625226,0.9579761,0.1603603,0.2350576,
1,35,103.963,0.3121393,1.273154,-0.1796124,-0.03625226,0.9579761,0.1603603,0.2350576,
1,35,103.965,0.3121393,1.273154,-0.1796124,-0.03625226,0.9579761,0.1603603,0.2350576,
1,35,103.967,0.3121393,1.273154,-0.1796124,-0.03625226,0.9579761,0.1603603,0.2350576,
1,35,103.969,0.3097042,1.278208,-0.1816719,-0.07974839,0.958246,0.1410439,0.2356087,
1,35,103.971,0.3097042,1.278208,-0.1816719,-0.07974839,0.958246,0.1410439,0.2356087,
1,35,103.973,0.3097042,1.278208,-0.1816719,-0.07974839,0.958246,0.1410439,0.2356087,
1,35,103.975,0.3097042,1.278208,-0.1816719,-0.07974839,0.958246,0.1410439,0.2356087,
1,35,103.977,0.3068381,1.28291,-0.1842064,-0.1212142,0.9560847,0.1214392,0.2376166,
1,35,103.979,0.3068381,1.28291,-0.1842064,-0.1212142,0.9560847,0.1214392,0.2376166,
1,35,103.981,0.3068381,1.28291,-0.1842064,-0.1212142,0.9560847,0.1214392,0.2376166,
1,35,103.983,0.3068381,1.28291,-0.1842064,-0.1212142,0.9560847,0.1214392,0.2376166,
1,35,103.985,0.3038987,1.287249,-0.1863855,-0.1606339,0.9516476,0.1017988,0.2412483,
1,35,103.987,0.3038987,1.287249,-0.1863855,-0.1606339,0.9516476,0.1017988,0.2412483,
1,35,103.989,0.3038987,1.287249,-0.1863855,-0.1606339,0.9516476,0.1017988,0.2412483,
1,35,103.991,0.3038987,1.287249,-0.1863855,-0.1606339,0.9516476,0.1017988,0.2412483,
1,35,103.993,0.3001366,1.291031,-0.1891182,-0.1986672,0.9449741,0.08236289,0.2465194,
1,35,103.995,0.3001366,1.291031,-0.1891182,-0.1986672,0.9449741,0.08236289,0.2465194,
1,35,103.997,0.3001366,1.291031,-0.1891182,-0.1986672,0.9449741,0.08236289,0.2465194,
1,35,103.999,0.3001366,1.291031,-0.1891182,-0.1986672,0.9449741,0.08236289,0.2465194,
1,35,104.001,0.2960211,1.294394,-0.1918901,-0.2351162,0.9362731,0.06360471,0.2531158,
1,35,104.003,0.2960211,1.294394,-0.1918901,-0.2351162,0.9362731,0.06360471,0.2531158,
1,35,104.005,0.2960211,1.294394,-0.1918901,-0.2351162,0.9362731,0.06360471,0.2531158,
1,35,104.007,0.2960211,1.294394,-0.1918901,-0.2351162,0.9362731,0.06360471,0.2531158,
1,35,104.009,0.2914313,1.297484,-0.1949883,-0.2702809,0.925999,0.04530847,0.259656,
1,35,104.011,0.2914313,1.297484,-0.1949883,-0.2702809,0.925999,0.04530847,0.259656,
1,35,104.013,0.2914313,1.297484,-0.1949883,-0.2702809,0.925999,0.04530847,0.259656,
1,35,104.015,0.2914313,1.297484,-0.1949883,-0.2702809,0.925999,0.04530847,0.259656,
1,35,104.017,0.2914313,1.297484,-0.1949883,-0.2702809,0.925999,0.04530847,0.259656,
1,35,104.019,0.2864185,1.300334,-0.1980372,-0.3040971,0.9143801,0.02744341,0.2658589,
1,35,104.021,0.2864185,1.300334,-0.1980372,-0.3040971,0.9143801,0.02744341,0.2658589,
1,35,104.023,0.2864185,1.300334,-0.1980372,-0.3040971,0.9143801,0.02744341,0.2658589,
1,35,104.025,0.2864185,1.300334,-0.1980372,-0.3040971,0.9143801,0.02744341,0.2658589,
1,35,104.027,0.2808034,1.302739,-0.2014097,-0.3362086,0.90165,0.01032421,0.2718172,
1,35,104.029,0.2808034,1.302739,-0.2014097,-0.3362086,0.90165,0.01032421,0.2718172,
1,35,104.031,0.2808034,1.302739,-0.2014097,-0.3362086,0.90165,0.01032421,0.2718172,
1,35,104.033,0.2808034,1.302739,-0.2014097,-0.3362086,0.90165,0.01032421,0.2718172,
1,35,104.035,0.2745107,1.304999,-0.204977,-0.3664018,0.8879782,-0.00578776,0.2778686,
1,35,104.037,0.2745107,1.304999,-0.204977,-0.3664018,0.8879782,-0.00578776,0.2778686,
1,35,104.039,0.2745107,1.304999,-0.204977,-0.3664018,0.8879782,-0.00578776,0.2778686,
1,35,104.041,0.2745107,1.304999,-0.204977,-0.3664018,0.8879782,-0.00578776,0.2778686,
1,35,104.043,0.2674102,1.306786,-0.2089882,-0.3945805,0.8735691,-0.02089906,0.2841593,
1,35,104.045,0.2674102,1.306786,-0.2089882,-0.3945805,0.8735691,-0.02089906,0.2841593,
1,35,104.047,0.2674102,1.306786,-0.2089882,-0.3945805,0.8735691,-0.02089906,0.2841593,
1,35,104.049,0.2674102,1.306786,-0.2089882,-0.3945805,0.8735691,-0.02089906,0.2841593,
1,35,104.051,0.259547,1.308215,-0.2133124,-0.4200126,0.8588929,-0.03428897,0.2910614,
1,35,104.053,0.259547,1.308215,-0.2133124,-0.4200126,0.8588929,-0.03428897,0.2910614,
1,35,104.055,0.259547,1.308215,-0.2133124,-0.4200126,0.8588929,-0.03428897,0.2910614,
1,35,104.057,0.259547,1.308215,-0.2133124,-0.4200126,0.8588929,-0.03428897,0.2910614,
1,35,104.059,0.2507665,1.308919,-0.2182726,-0.4430691,0.843603,-0.04551512,0.2999206,
1,35,104.061,0.2507665,1.308919,-0.2182726,-0.4430691,0.843603,-0.04551512,0.2999206,
1,35,104.063,0.2507665,1.308919,-0.2182726,-0.4430691,0.843603,-0.04551512,0.2999206,
1,35,104.065,0.2507665,1.308919,-0.2182726,-0.4430691,0.843603,-0.04551512,0.2999206,
1,35,104.067,0.2507665,1.308919,-0.2182726,-0.4430691,0.843603,-0.04551512,0.2999206,
1,35,104.069,0.241943,1.308846,-0.2241286,-0.4640086,0.8278354,-0.05389211,0.3106126,
1,35,104.071,0.241943,1.308846,-0.2241286,-0.4640086,0.8278354,-0.05389211,0.3106126,
1,35,104.073,0.241943,1.308846,-0.2241286,-0.4640086,0.8278354,-0.05389211,0.3106126,
1,35,104.075,0.241943,1.308846,-0.2241286,-0.4640086,0.8278354,-0.05389211,0.3106126,
1,35,104.077,0.2333284,1.30769,-0.2301712,-0.4824159,0.8117077,-0.0591149,0.3238996,
1,35,104.079,0.2333284,1.30769,-0.2301712,-0.4824159,0.8117077,-0.0591149,0.3238996,
1,35,104.081,0.2333284,1.30769,-0.2301712,-0.4824159,0.8117077,-0.0591149,0.3238996,
1,35,104.083,0.2333284,1.30769,-0.2301712,-0.4824159,0.8117077,-0.0591149,0.3238996,
1,35,104.085,0.2244484,1.305792,-0.2362441,-0.4989263,0.7953007,-0.06232303,0.3386521,
1,35,104.087,0.2244484,1.305792,-0.2362441,-0.4989263,0.7953007,-0.06232303,0.3386521,
1,35,104.089,0.2244484,1.305792,-0.2362441,-0.4989263,0.7953007,-0.06232303,0.3386521,
1,35,104.091,0.2244484,1.305792,-0.2362441,-0.4989263,0.7953007,-0.06232303,0.3386521,
1,35,104.093,0.2157933,1.303134,-0.242033,-0.513418,0.7792075,-0.06433979,0.3536921,
1,35,104.095,0.2157933,1.303134,-0.242033,-0.513418,0.7792075,-0.06433979,0.3536921,
1,35,104.097,0.2157933,1.303134,-0.242033,-0.513418,0.7792075,-0.06433979,0.3536921,
1,35,104.099,0.2157933,1.303134,-0.242033,-0.513418,0.7792075,-0.06433979,0.3536921,
1,35,104.101,0.2072982,1.299674,-0.2480195,-0.5258015,0.764066,-0.06547955,0.3680332,
1,35,104.103,0.2072982,1.299674,-0.2480195,-0.5258015,0.764066,-0.06547955,0.3680332,
1,35,104.105,0.2072982,1.299674,-0.2480195,-0.5258015,0.764066,-0.06547955,0.3680332,
1,35,104.107,0.2072982,1.299674,-0.2480195,-0.5258015,0.764066,-0.06547955,0.3680332,
1,35,104.109,0.1990556,1.295425,-0.2538199,-0.5362461,0.7499933,-0.06647807,0.3814853,
1,35,104.111,0.1990556,1.295425,-0.2538199,-0.5362461,0.7499933,-0.06647807,0.3814853,
1,35,104.113,0.1990556,1.295425,-0.2538199,-0.5362461,0.7499933,-0.06647807,0.3814853,
1,35,104.115,0.1990556,1.295425,-0.2538199,-0.5362461,0.7499933,-0.06647807,0.3814853,
1,35,104.117,0.1990556,1.295425,-0.2538199,-0.5362461,0.7499933,-0.06647807,0.3814853,
1,35,104.119,0.1914434,1.29042,-0.2596168,-0.54487,0.7369803,-0.06686267,0.3943428,
1,35,104.121,0.1914434,1.29042,-0.2596168,-0.54487,0.7369803,-0.06686267,0.3943428,
1,35,104.123,0.1914434,1.29042,-0.2596168,-0.54487,0.7369803,-0.06686267,0.3943428,
1,35,104.125,0.1914434,1.29042,-0.2596168,-0.54487,0.7369803,-0.06686267,0.3943428,
1,35,104.127,0.1846094,1.285089,-0.2651047,-0.5520432,0.7246259,-0.06639734,0.4071327,
1,35,104.129,0.1846094,1.285089,-0.2651047,-0.5520432,0.7246259,-0.06639734,0.4071327,
1,35,104.131,0.1846094,1.285089,-0.2651047,-0.5520432,0.7246259,-0.06639734,0.4071327,
1,35,104.133,0.1846094,1.285089,-0.2651047,-0.5520432,0.7246259,-0.06639734,0.4071327,
1,35,104.135,0.1780096,1.279493,-0.2697845,-0.5578478,0.7127286,-0.06563526,0.4201381,
1,35,104.137,0.1780096,1.279493,-0.2697845,-0.5578478,0.7127286,-0.06563526,0.4201381,
1,35,104.139,0.1780096,1.279493,-0.2697845,-0.5578478,0.7127286,-0.06563526,0.4201381,
1,35,104.141,0.1780096,1.279493,-0.2697845,-0.5578478,0.7127286,-0.06563526,0.4201381,
1,35,104.143,0.1718088,1.273899,-0.2736874,-0.5623996,0.7015463,-0.06466964,0.432848,
1,35,104.145,0.1718088,1.273899,-0.2736874,-0.5623996,0.7015463,-0.06466964,0.432848,
1,35,104.147,0.1718088,1.273899,-0.2736874,-0.5623996,0.7015463,-0.06466964,0.432848,
1,35,104.149,0.1718088,1.273899,-0.2736874,-0.5623996,0.7015463,-0.06466964,0.432848,
1,35,104.151,0.166036,1.268249,-0.277526,-0.565784,0.6912435,-0.063021,0.4450836,
1,35,104.153,0.166036,1.268249,-0.277526,-0.565784,0.6912435,-0.063021,0.4450836,
1,35,104.155,0.166036,1.268249,-0.277526,-0.565784,0.6912435,-0.063021,0.4450836,
1,35,104.157,0.166036,1.268249,-0.277526,-0.565784,0.6912435,-0.063021,0.4450836,
1,35,104.159,0.1611006,1.262503,-0.2818686,-0.5680096,0.6823186,-0.06046098,0.4562356,
1,35,104.161,0.1611006,1.262503,-0.2818686,-0.5680096,0.6823186,-0.06046098,0.4562356,
1,35,104.163,0.1611006,1.262503,-0.2818686,-0.5680096,0.6823186,-0.06046098,0.4562356,
1,35,104.165,0.1611006,1.262503,-0.2818686,-0.5680096,0.6823186,-0.06046098,0.4562356,
1,35,104.167,0.1611006,1.262503,-0.2818686,-0.5680096,0.6823186,-0.06046098,0.4562356,
1,35,104.169,0.1570448,1.256819,-0.286637,-0.5692455,0.6746102,-0.05674988,0.4665191,
1,35,104.171,0.1570448,1.256819,-0.286637,-0.5692455,0.6746102,-0.05674988,0.4665191,
1,35,104.173,0.1570448,1.256819,-0.286637,-0.5692455,0.6746102,-0.05674988,0.4665191,
1,35,104.175,0.1570448,1.256819,-0.286637,-0.5692455,0.6746102,-0.05674988,0.4665191,
1,35,104.177,0.1532939,1.25153,-0.2910378,-0.5697253,0.6674951,-0.05247712,0.4765601,
1,35,104.179,0.1532939,1.25153,-0.2910378,-0.5697253,0.6674951,-0.05247712,0.4765601,
1,35,104.181,0.1532939,1.25153,-0.2910378,-0.5697253,0.6674951,-0.05247712,0.4765601,
1,35,104.183,0.1532939,1.25153,-0.2910378,-0.5697253,0.6674951,-0.05247712,0.4765601,
1,35,104.185,0.1498082,1.246503,-0.2950103,-0.5694849,0.6608973,-0.04757342,0.486455,
1,35,104.187,0.1498082,1.246503,-0.2950103,-0.5694849,0.6608973,-0.04757342,0.486455,
1,35,104.189,0.1498082,1.246503,-0.2950103,-0.5694849,0.6608973,-0.04757342,0.486455,
1,35,104.191,0.1498082,1.246503,-0.2950103,-0.5694849,0.6608973,-0.04757342,0.486455,
1,35,104.193,0.1467934,1.241807,-0.2988833,-0.5686752,0.6550931,-0.04224545,0.4956581,
1,35,104.195,0.1467934,1.241807,-0.2988833,-0.5686752,0.6550931,-0.04224545,0.4956581,
1,35,104.197,0.1467934,1.241807,-0.2988833,-0.5686752,0.6550931,-0.04224545,0.4956581,
1,35,104.199,0.1467934,1.241807,-0.2988833,-0.5686752,0.6550931,-0.04224545,0.4956581,
1,35,104.201,0.1442264,1.237365,-0.3026967,-0.567192,0.6506726,-0.03704625,0.5035335,
1,35,104.203,0.1442264,1.237365,-0.3026967,-0.567192,0.6506726,-0.03704625,0.5035335,
1,35,104.205,0.1442264,1.237365,-0.3026967,-0.567192,0.6506726,-0.03704625,0.5035335,
1,35,104.207,0.1442264,1.237365,-0.3026967,-0.567192,0.6506726,-0.03704625,0.5035335,
1,35,104.209,0.1422296,1.233148,-0.3066472,-0.565205,0.6472613,-0.03164855,0.5104847,
1,35,104.211,0.1422296,1.233148,-0.3066472,-0.565205,0.6472613,-0.03164855,0.5104847,
1,35,104.213,0.1422296,1.233148,-0.3066472,-0.565205,0.6472613,-0.03164855,0.5104847,
1,35,104.215,0.1422296,1.233148,-0.3066472,-0.565205,0.6472613,-0.03164855,0.5104847,
1,35,104.217,0.1422296,1.233148,-0.3066472,-0.565205,0.6472613,-0.03164855,0.5104847,
1,35,104.219,0.1406437,1.228897,-0.3105932,-0.5626004,0.6448929,-0.02628204,0.5166267,
1,35,104.221,0.1406437,1.228897,-0.3105932,-0.5626004,0.6448929,-0.02628204,0.5166267,
1,35,104.223,0.1406437,1.228897,-0.3105932,-0.5626004,0.6448929,-0.02628204,0.5166267,
1,35,104.225,0.1406437,1.228897,-0.3105932,-0.5626004,0.6448929,-0.02628204,0.5166267,
1,35,104.227,0.1395171,1.224783,-0.3142388,-0.5596341,0.642931,-0.0206992,0.5225142,
1,35,104.229,0.1395171,1.224783,-0.3142388,-0.5596341,0.642931,-0.0206992,0.5225142,
1,35,104.231,0.1395171,1.224783,-0.3142388,-0.5596341,0.642931,-0.0206992,0.5225142,
1,35,104.233,0.1395171,1.224783,-0.3142388,-0.5596341,0.642931,-0.0206992,0.5225142,
1,35,104.235,0.1391733,1.220644,-0.3180138,-0.5563383,0.6413507,-0.01447168,0.528155,
1,35,104.237,0.1391733,1.220644,-0.3180138,-0.5563383,0.6413507,-0.01447168,0.528155,
1,35,104.239,0.1391733,1.220644,-0.3180138,-0.5563383,0.6413507,-0.01447168,0.528155,
1,35,104.241,0.1391733,1.220644,-0.3180138,-0.5563383,0.6413507,-0.01447168,0.528155,
1,35,104.243,0.1395831,1.216519,-0.321784,-0.5527059,0.6402616,-0.00785625,0.5334039,
1,35,104.245,0.1395831,1.216519,-0.321784,-0.5527059,0.6402616,-0.00785625,0.5334039,
1,35,104.247,0.1395831,1.216519,-0.321784,-0.5527059,0.6402616,-0.00785625,0.5334039,
1,35,104.249,0.1395831,1.216519,-0.321784,-0.5527059,0.6402616,-0.00785625,0.5334039,
1,35,104.251,0.1405343,1.212449,-0.3255401,-0.5487844,0.6397077,-0.001169294,0.5381529,
1,35,104.253,0.1405343,1.212449,-0.3255401,-0.5487844,0.6397077,-0.001169294,0.5381529,
1,35,104.255,0.1405343,1.212449,-0.3255401,-0.5487844,0.6397077,-0.001169294,0.5381529,
1,35,104.257,0.1405343,1.212449,-0.3255401,-0.5487844,0.6397077,-0.001169294,0.5381529,
1,35,104.259,0.1420056,1.208016,-0.3291606,-0.5442932,0.6402377,0.005087107,0.5420468,
1,35,104.261,0.1420056,1.208016,-0.3291606,-0.5442932,0.6402377,0.005087107,0.5420468,
1,35,104.263,0.1420056,1.208016,-0.3291606,-0.5442932,0.6402377,0.005087107,0.5420468,
1,35,104.265,0.1420056,1.208016,-0.3291606,-0.5442932,0.6402377,0.005087107,0.5420468,
1,35,104.267,0.1420056,1.208016,-0.3291606,-0.5442932,0.6402377,0.005087107,0.5420468,
1,35,104.269,0.1438272,1.203365,-0.3327395,-0.5394872,0.641482,0.01115677,0.5452797,
1,35,104.271,0.1438272,1.203365,-0.3327395,-0.5394872,0.641482,0.01115677,0.5452797,
1,35,104.273,0.1438272,1.203365,-0.3327395,-0.5394872,0.641482,0.01115677,0.5452797,
1,35,104.275,0.1438272,1.203365,-0.3327395,-0.5394872,0.641482,0.01115677,0.5452797,
1,35,104.277,0.1465219,1.198653,-0.3364775,-0.5344064,0.6430235,0.01787654,0.5482801,
1,35,104.279,0.1465219,1.198653,-0.3364775,-0.5344064,0.6430235,0.01787654,0.5482801,
1,35,104.281,0.1465219,1.198653,-0.3364775,-0.5344064,0.6430235,0.01787654,0.5482801,
1,35,104.283,0.1465219,1.198653,-0.3364775,-0.5344064,0.6430235,0.01787654,0.5482801,
1,35,104.285,0.1497249,1.193779,-0.3400767,-0.5289434,0.6446154,0.02502546,0.5514197,
1,35,104.287,0.1497249,1.193779,-0.3400767,-0.5289434,0.6446154,0.02502546,0.5514197,
1,35,104.289,0.1497249,1.193779,-0.3400767,-0.5289434,0.6446154,0.02502546,0.5514197,
1,35,104.291,0.1497249,1.193779,-0.3400767,-0.5289434,0.6446154,0.02502546,0.5514197,
1,35,104.293,0.1533359,1.188766,-0.3435962,-0.5231003,0.6464376,0.03258276,0.5544572,
1,35,104.295,0.1533359,1.188766,-0.3435962,-0.5231003,0.6464376,0.03258276,0.5544572,
1,35,104.297,0.1533359,1.188766,-0.3435962,-0.5231003,0.6464376,0.03258276,0.5544572,
1,35,104.299,0.1533359,1.188766,-0.3435962,-0.5231003,0.6464376,0.03258276,0.5544572,
1,35,104.301,0.1563986,1.184721,-0.3454348,-0.5180805,0.6470856,0.03902975,0.557987,
1,35,104.303,0.1563986,1.184721,-0.3454348,-0.5180805,0.6470856,0.03902975,0.557987,
1,35,104.305,0.1563986,1.184721,-0.3454348,-0.5180805,0.6470856,0.03902975,0.557987,
1,35,104.307,0.1563986,1.184721,-0.3454348,-0.5180805,0.6470856,0.03902975,0.557987,
1,35,104.309,0.1616513,1.17791,-0.3508207,-0.5097895,0.6519959,0.04806742,0.5592009,
1,35,104.311,0.1616513,1.17791,-0.3508207,-0.5097895,0.6519959,0.04806742,0.5592009,
1,35,104.313,0.1616513,1.17791,-0.3508207,-0.5097895,0.6519959,0.04806742,0.5592009,
1,35,104.315,0.1616513,1.17791,-0.3508207,-0.5097895,0.6519959,0.04806742,0.5592009,
1,35,104.317,0.1616513,1.17791,-0.3508207,-0.5097895,0.6519959,0.04806742,0.5592009,
1,35,104.319,0.1667088,1.172561,-0.3548749,-0.502499,0.6552049,0.05691686,0.5612146,
1,35,104.321,0.1667088,1.172561,-0.3548749,-0.502499,0.6552049,0.05691686,0.5612146,
1,35,104.323,0.1667088,1.172561,-0.3548749,-0.502499,0.6552049,0.05691686,0.5612146,
1,35,104.325,0.1667088,1.172561,-0.3548749,-0.502499,0.6552049,0.05691686,0.5612146,
1,35,104.327,0.1720404,1.167384,-0.3589272,-0.4949426,0.6586224,0.06616303,0.5629128,
1,35,104.329,0.1720404,1.167384,-0.3589272,-0.4949426,0.6586224,0.06616303,0.5629128,
1,35,104.331,0.1720404,1.167384,-0.3589272,-0.4949426,0.6586224,0.06616303,0.5629128,
1,35,104.333,0.1720404,1.167384,-0.3589272,-0.4949426,0.6586224,0.06616303,0.5629128,
1,35,104.335,0.1776261,1.162227,-0.36333,-0.4869076,0.6625022,0.07588547,0.5641393,
1,35,104.337,0.1776261,1.162227,-0.36333,-0.4869076,0.6625022,0.07588547,0.5641393,
1,35,104.339,0.1776261,1.162227,-0.36333,-0.4869076,0.6625022,0.07588547,0.5641393,
1,35,104.341,0.1776261,1.162227,-0.36333,-0.4869076,0.6625022,0.07588547,0.5641393,
1,35,104.343,0.1834347,1.157204,-0.3678917,-0.4783894,0.6667004,0.08603096,0.5650246,
1,35,104.345,0.1834347,1.157204,-0.3678917,-0.4783894,0.6667004,0.08603096,0.5650246,
1,35,104.347,0.1834347,1.157204,-0.3678917,-0.4783894,0.6667004,0.08603096,0.5650246,
1,35,104.349,0.1834347,1.157204,-0.3678917,-0.4783894,0.6667004,0.08603096,0.5650246,
1,35,104.351,0.1893541,1.152315,-0.3727643,-0.4694355,0.6713999,0.09635261,0.5653042,
1,35,104.353,0.1893541,1.152315,-0.3727643,-0.4694355,0.6713999,0.09635261,0.5653042,
1,35,104.355,0.1893541,1.152315,-0.3727643,-0.4694355,0.6713999,0.09635261,0.5653042,
1,35,104.357,0.1893541,1.152315,-0.3727643,-0.4694355,0.6713999,0.09635261,0.5653042,
1,35,104.359,0.1955107,1.1479,-0.3779836,-0.4603273,0.6760505,0.1072764,0.5652843,
1,35,104.361,0.1955107,1.1479,-0.3779836,-0.4603273,0.6760505,0.1072764,0.5652843,
1,35,104.363,0.1955107,1.1479,-0.3779836,-0.4603273,0.6760505,0.1072764,0.5652843,
1,35,104.365,0.1955107,1.1479,-0.3779836,-0.4603273,0.6760505,0.1072764,0.5652843,
1,35,104.367,0.1955107,1.1479,-0.3779836,-0.4603273,0.6760505,0.1072764,0.5652843,
1,35,104.369,0.2016916,1.143464,-0.3835055,-0.4506739,0.6809439,0.1183557,0.5649782,
1,35,104.371,0.2016916,1.143464,-0.3835055,-0.4506739,0.6809439,0.1183557,0.5649782,
1,35,104.373,0.2016916,1.143464,-0.3835055,-0.4506739,0.6809439,0.1183557,0.5649782,
1,35,104.375,0.2016916,1.143464,-0.3835055,-0.4506739,0.6809439,0.1183557,0.5649782,
1,35,104.377,0.2070948,1.139599,-0.3876563,-0.4415408,0.6848469,0.1284862,0.565259,
1,35,104.379,0.2070948,1.139599,-0.3876563,-0.4415408,0.6848469,0.1284862,0.565259,
1,35,104.381,0.2070948,1.139599,-0.3876563,-0.4415408,0.6848469,0.1284862,0.565259,
1,35,104.383,0.2070948,1.139599,-0.3876563,-0.4415408,0.6848469,0.1284862,0.565259,
1,35,104.385,0.2145854,1.135282,-0.3950575,-0.4306873,0.6902115,0.1413626,0.5640329,
1,35,104.387,0.2145854,1.135282,-0.3950575,-0.4306873,0.6902115,0.1413626,0.5640329,
1,35,104.389,0.2145854,1.135282,-0.3950575,-0.4306873,0.6902115,0.1413626,0.5640329,
1,35,104.391,0.2145854,1.135282,-0.3950575,-0.4306873,0.6902115,0.1413626,0.5640329,
1,35,104.393,0.2209255,1.130951,-0.4006843,-0.4201769,0.6946719,0.1524984,0.5635837,
1,35,104.395,0.2209255,1.130951,-0.4006843,-0.4201769,0.6946719,0.1524984,0.5635837,
1,35,104.397,0.2209255,1.130951,-0.4006843,-0.4201769,0.6946719,0.1524984,0.5635837,
1,35,104.399,0.2209255,1.130951,-0.4006843,-0.4201769,0.6946719,0.1524984,0.5635837,
1,35,104.401,0.227726,1.126989,-0.4061322,-0.4098672,0.6985676,0.1637953,0.5631902,
1,35,104.403,0.227726,1.126989,-0.4061322,-0.4098672,0.6985676,0.1637953,0.5631902,
1,35,104.405,0.227726,1.126989,-0.4061322,-0.4098672,0.6985676,0.1637953,0.5631902,
1,35,104.407,0.227726,1.126989,-0.4061322,-0.4098672,0.6985676,0.1637953,0.5631902,
1,35,104.409,0.2342731,1.122629,-0.4113513,-0.3990692,0.7024711,0.1748588,0.5627633,
1,35,104.411,0.2342731,1.122629,-0.4113513,-0.3990692,0.7024711,0.1748588,0.5627633,
1,35,104.413,0.2342731,1.122629,-0.4113513,-0.3990692,0.7024711,0.1748588,0.5627633,
1,35,104.415,0.2342731,1.122629,-0.4113513,-0.3990692,0.7024711,0.1748588,0.5627633,
1,35,104.417,0.2342731,1.122629,-0.4113513,-0.3990692,0.7024711,0.1748588,0.5627633,
1,35,104.419,0.2408297,1.118685,-0.416436,-0.3887062,0.7059143,0.1856746,0.5622432,
1,35,104.421,0.2408297,1.118685,-0.416436,-0.3887062,0.7059143,0.1856746,0.5622432,
1,35,104.423,0.2408297,1.118685,-0.416436,-0.3887062,0.7059143,0.1856746,0.5622432,
1,35,104.425,0.2408297,1.118685,-0.416436,-0.3887062,0.7059143,0.1856746,0.5622432,
1,35,104.427,0.2470626,1.114487,-0.421363,-0.3780663,0.7093933,0.1962473,0.5615284,
1,35,104.429,0.2470626,1.114487,-0.421363,-0.3780663,0.7093933,0.1962473,0.5615284,
1,35,104.431,0.2470626,1.114487,-0.421363,-0.3780663,0.7093933,0.1962473,0.5615284,
1,35,104.433,0.2470626,1.114487,-0.421363,-0.3780663,0.7093933,0.1962473,0.5615284,
1,35,104.435,0.2542868,1.111709,-0.4260707,-0.3685057,0.711832,0.2075612,0.5607291,
1,35,104.437,0.2542868,1.111709,-0.4260707,-0.3685057,0.711832,0.2075612,0.5607291,
1,35,104.439,0.2542868,1.111709,-0.4260707,-0.3685057,0.711832,0.2075612,0.5607291,
1,35,104.441,0.2542868,1.111709,-0.4260707,-0.3685057,0.711832,0.2075612,0.5607291,
1,35,104.443,0.2600816,1.108071,-0.4303416,-0.3582827,0.7147961,0.2177771,0.5597082,
1,35,104.445,0.2600816,1.108071,-0.4303416,-0.3582827,0.7147961,0.2177771,0.5597082,
1,35,104.447,0.2600816,1.108071,-0.4303416,-0.3582827,0.7147961,0.2177771,0.5597082,
1,35,104.449,0.2600816,1.108071,-0.4303416,-0.3582827,0.7147961,0.2177771,0.5597082,
1,35,104.451,0.2668394,1.105543,-0.4347921,-0.3489683,0.7175306,0.2285234,0.5578066,
1,35,104.453,0.2668394,1.105543,-0.4347921,-0.3489683,0.7175306,0.2285234,0.5578066,
1,35,104.455,0.2668394,1.105543,-0.4347921,-0.3489683,0.7175306,0.2285234,0.5578066,
1,35,104.457,0.2668394,1.105543,-0.4347921,-0.3489683,0.7175306,0.2285234,0.5578066,
1,35,104.459,0.2726511,1.102616,-0.4380258,-0.3397365,0.71992,0.2381506,0.5563979,
1,35,104.461,0.2726511,1.102616,-0.4380258,-0.3397365,0.71992,0.2381506,0.5563979,
1,35,104.463,0.2726511,1.102616,-0.4380258,-0.3397365,0.71992,0.2381506,0.5563979,
1,35,104.465,0.2726511,1.102616,-0.4380258,-0.3397365,0.71992,0.2381506,0.5563979,
1,35,104.467,0.2726511,1.102616,-0.4380258,-0.3397365,0.71992,0.2381506,0.5563979,
1,35,104.469,0.2788469,1.100502,-0.4406602,-0.3315634,0.7220007,0.24776,0.5544327,
1,35,104.471,0.2788469,1.100502,-0.4406602,-0.3315634,0.7220007,0.24776,0.5544327,
1,35,104.473,0.2788469,1.100502,-0.4406602,-0.3315634,0.7220007,0.24776,0.5544327,
1,35,104.475,0.2788469,1.100502,-0.4406602,-0.3315634,0.7220007,0.24776,0.5544327,
1,35,104.477,0.2844794,1.098432,-0.4429356,-0.3237704,0.7246208,0.2566084,0.5515884,
1,35,104.479,0.2844794,1.098432,-0.4429356,-0.3237704,0.7246208,0.2566084,0.5515884,
1,35,104.481,0.2844794,1.098432,-0.4429356,-0.3237704,0.7246208,0.2566084,0.5515884,
1,35,104.483,0.2844794,1.098432,-0.4429356,-0.3237704,0.7246208,0.2566084,0.5515884,
1,35,104.485,0.2898874,1.096679,-0.4445511,-0.3166942,0.7276391,0.2648249,0.5478266,
1,35,104.487,0.2898874,1.096679,-0.4445511,-0.3166942,0.7276391,0.2648249,0.5478266,
1,35,104.489,0.2898874,1.096679,-0.4445511,-0.3166942,0.7276391,0.2648249,0.5478266,
1,35,104.491,0.2898874,1.096679,-0.4445511,-0.3166942,0.7276391,0.2648249,0.5478266,
1,35,104.493,0.2949463,1.095223,-0.4458621,-0.3102494,0.7310577,0.2725406,0.5431589,
1,35,104.495,0.2949463,1.095223,-0.4458621,-0.3102494,0.7310577,0.2725406,0.5431589,
1,35,104.497,0.2949463,1.095223,-0.4458621,-0.3102494,0.7310577,0.2725406,0.5431589,
1,35,104.499,0.2949463,1.095223,-0.4458621,-0.3102494,0.7310577,0.2725406,0.5431589,
1,35,104.501,0.2993535,1.093795,-0.4475595,-0.3031612,0.7340489,0.2806961,0.5389575,
1,35,104.503,0.2993535,1.093795,-0.4475595,-0.3031612,0.7340489,0.2806961,0.5389575,
1,35,104.505,0.2993535,1.093795,-0.4475595,-0.3031612,0.7340489,0.2806961,0.5389575,
1,35,104.507,0.2993535,1.093795,-0.4475595,-0.3031612,0.7340489,0.2806961,0.5389575,
1,35,104.509,0.3044837,1.093476,-0.4471692,-0.2994542,0.7383235,0.2866587,0.5320079,
1,35,104.511,0.3044837,1.093476,-0.4471692,-0.2994542,0.7383235,0.2866587,0.5320079,
1,35,104.513,0.3044837,1.093476,-0.4471692,-0.2994542,0.7383235,0.2866587,0.5320079,
1,35,104.515,0.3044837,1.093476,-0.4471692,-0.2994542,0.7383235,0.2866587,0.5320079,
1,35,104.517,0.3044837,1.093476,-0.4471692,-0.2994542,0.7383235,0.2866587,0.5320079,
1,35,104.519,0.3088694,1.093019,-0.4471911,-0.2945458,0.7417923,0.2933916,0.5262208,
1,35,104.521,0.3088694,1.093019,-0.4471911,-0.2945458,0.7417923,0.2933916,0.5262208,
1,35,104.523,0.3088694,1.093019,-0.4471911,-0.2945458,0.7417923,0.2933916,0.5262208,
1,35,104.525,0.3088694,1.093019,-0.4471911,-0.2945458,0.7417923,0.2933916,0.5262208,
1,35,104.527,0.3125912,1.092436,-0.4469742,-0.2897157,0.7450244,0.2996962,0.5207549,
1,35,104.529,0.3125912,1.092436,-0.4469742,-0.2897157,0.7450244,0.2996962,0.5207549,
1,35,104.531,0.3125912,1.092436,-0.4469742,-0.2897157,0.7450244,0.2996962,0.5207549,
1,35,104.533,0.3125912,1.092436,-0.4469742,-0.2897157,0.7450244,0.2996962,0.5207549,
1,35,104.535,0.3164124,1.092278,-0.4464133,-0.2852589,0.7477193,0.3060403,0.5156381,
1,35,104.537,0.3164124,1.092278,-0.4464133,-0.2852589,0.7477193,0.3060403,0.5156381,
1,35,104.539,0.3164124,1.092278,-0.4464133,-0.2852589,0.7477193,0.3060403,0.5156381,
1,35,104.541,0.3164124,1.092278,-0.4464133,-0.2852589,0.7477193,0.3060403,0.5156381,
1,35,104.543,0.3198704,1.092042,-0.4455253,-0.2807348,0.7500147,0.3121518,0.5111039,
1,35,104.545,0.3198704,1.092042,-0.4455253,-0.2807348,0.7500147,0.3121518,0.5111039,
1,35,104.547,0.3198704,1.092042,-0.4455253,-0.2807348,0.7500147,0.3121518,0.5111039,
1,35,104.549,0.3198704,1.092042,-0.4455253,-0.2807348,0.7500147,0.3121518,0.5111039,
1,35,104.551,0.3228262,1.0916,-0.4442378,-0.2765426,0.7522726,0.3173318,0.5068635,
1,35,104.553,0.3228262,1.0916,-0.4442378,-0.2765426,0.7522726,0.3173318,0.5068635,
1,35,104.555,0.3228262,1.0916,-0.4442378,-0.2765426,0.7522726,0.3173318,0.5068635,
1,35,104.557,0.3228262,1.0916,-0.4442378,-0.2765426,0.7522726,0.3173318,0.5068635,
1,35,104.559,0.3256925,1.090988,-0.4424547,-0.2724787,0.7544339,0.3221452,0.5027995,
1,35,104.561,0.3256925,1.090988,-0.4424547,-0.2724787,0.7544339,0.3221452,0.5027995,
1,35,104.563,0.3256925,1.090988,-0.4424547,-0.2724787,0.7544339,0.3221452,0.5027995,
1,35,104.565,0.3256925,1.090988,-0.4424547,-0.2724787,0.7544339,0.3221452,0.5027995,
1,35,104.567,0.3256925,1.090988,-0.4424547,-0.2724787,0.7544339,0.3221452,0.5027995,
1,35,104.569,0.3285275,1.090467,-0.4401989,-0.2688393,0.7562305,0.3265574,0.4992006,
1,35,104.571,0.3285275,1.090467,-0.4401989,-0.2688393,0.7562305,0.3265574,0.4992006,
1,35,104.573,0.3285275,1.090467,-0.4401989,-0.2688393,0.7562305,0.3265574,0.4992006,
1,35,104.575,0.3285275,1.090467,-0.4401989,-0.2688393,0.7562305,0.3265574,0.4992006,
1,35,104.577,0.3310761,1.089876,-0.4378503,-0.2653067,0.7577842,0.3306645,0.4960207,
1,35,104.579,0.3310761,1.089876,-0.4378503,-0.2653067,0.7577842,0.3306645,0.4960207,
1,35,104.581,0.3310761,1.089876,-0.4378503,-0.2653067,0.7577842,0.3306645,0.4960207,
1,35,104.583,0.3310761,1.089876,-0.4378503,-0.2653067,0.7577842,0.3306645,0.4960207,
1,35,104.585,0.3337563,1.089407,-0.4352741,-0.2619708,0.7587736,0.3348076,0.4934956,
1,35,104.587,0.3337563,1.089407,-0.4352741,-0.2619708,0.7587736,0.3348076,0.4934956,
1,35,104.589,0.3337563,1.089407,-0.4352741,-0.2619708,0.7587736,0.3348076,0.4934956,
1,35,104.591,0.3337563,1.089407,-0.4352741,-0.2619708,0.7587736,0.3348076,0.4934956,
1,35,104.593,0.3362628,1.088927,-0.4323438,-0.2587932,0.7592866,0.3386577,0.4917528,
1,35,104.595,0.3362628,1.088927,-0.4323438,-0.2587932,0.7592866,0.3386577,0.4917528,
1,35,104.597,0.3362628,1.088927,-0.4323438,-0.2587932,0.7592866,0.3386577,0.4917528,
1,35,104.599,0.3362628,1.088927,-0.4323438,-0.2587932,0.7592866,0.3386577,0.4917528,
1,35,104.601,0.3389089,1.088771,-0.4291416,-0.2559431,0.7591507,0.3425115,0.4907843,
1,35,104.603,0.3389089,1.088771,-0.4291416,-0.2559431,0.7591507,0.3425115,0.4907843,
1,35,104.605,0.3389089,1.088771,-0.4291416,-0.2559431,0.7591507,0.3425115,0.4907843,
1,35,104.607,0.3389089,1.088771,-0.4291416,-0.2559431,0.7591507,0.3425115,0.4907843,
1,35,104.609,0.3415693,1.088654,-0.4256864,-0.2532301,0.7586125,0.3462213,0.4904208,
1,35,104.611,0.3415693,1.088654,-0.4256864,-0.2532301,0.7586125,0.3462213,0.4904208,
1,35,104.613,0.3415693,1.088654,-0.4256864,-0.2532301,0.7586125,0.3462213,0.4904208,
1,35,104.615,0.3415693,1.088654,-0.4256864,-0.2532301,0.7586125,0.3462213,0.4904208,
1,35,104.617,0.3415693,1.088654,-0.4256864,-0.2532301,0.7586125,0.3462213,0.4904208,
1,35,104.619,0.3441105,1.088641,-0.4222071,-0.2506183,0.7577873,0.3497919,0.4905044,
1,35,104.621,0.3441105,1.088641,-0.4222071,-0.2506183,0.7577873,0.3497919,0.4905044,
1,35,104.623,0.3441105,1.088641,-0.4222071,-0.2506183,0.7577873,0.3497919,0.4905044,
1,35,104.625,0.3441105,1.088641,-0.4222071,-0.2506183,0.7577873,0.3497919,0.4905044,
1,35,104.627,0.346637,1.088448,-0.4184532,-0.2480872,0.7565227,0.352975,0.4914619,
1,35,104.629,0.346637,1.088448,-0.4184532,-0.2480872,0.7565227,0.352975,0.4914619,
1,35,104.631,0.346637,1.088448,-0.4184532,-0.2480872,0.7565227,0.352975,0.4914619,
1,35,104.633,0.346637,1.088448,-0.4184532,-0.2480872,0.7565227,0.352975,0.4914619,
1,35,104.635,0.349226,1.088241,-0.4143994,-0.2456413,0.754969,0.3558319,0.493017,
1,35,104.637,0.349226,1.088241,-0.4143994,-0.2456413,0.754969,0.3558319,0.493017,
1,35,104.639,0.349226,1.088241,-0.4143994,-0.2456413,0.754969,0.3558319,0.493017,
1,35,104.641,0.349226,1.088241,-0.4143994,-0.2456413,0.754969,0.3558319,0.493017,
1,35,104.643,0.3519268,1.08788,-0.4104356,-0.2430183,0.7528177,0.3585957,0.4955974,
1,35,104.645,0.3519268,1.08788,-0.4104356,-0.2430183,0.7528177,0.3585957,0.4955974,
1,35,104.647,0.3519268,1.08788,-0.4104356,-0.2430183,0.7528177,0.3585957,0.4955974,
1,35,104.649,0.3519268,1.08788,-0.4104356,-0.2430183,0.7528177,0.3585957,0.4955974,
1,35,104.651,0.3548011,1.087339,-0.4062332,-0.2404069,0.7501938,0.3609839,0.4991037,
1,35,104.653,0.3548011,1.087339,-0.4062332,-0.2404069,0.7501938,0.3609839,0.4991037,
1,35,104.655,0.3548011,1.087339,-0.4062332,-0.2404069,0.7501938,0.3609839,0.4991037,
1,35,104.657,0.3548011,1.087339,-0.4062332,-0.2404069,0.7501938,0.3609839,0.4991037,
1,35,104.659,0.3576963,1.086485,-0.4020371,-0.2375544,0.7473195,0.362965,0.503327,
1,35,104.661,0.3576963,1.086485,-0.4020371,-0.2375544,0.7473195,0.362965,0.503327,
1,35,104.663,0.3576963,1.086485,-0.4020371,-0.2375544,0.7473195,0.362965,0.503327,
1,35,104.665,0.3576963,1.086485,-0.4020371,-0.2375544,0.7473195,0.362965,0.503327,
1,35,104.667,0.3576963,1.086485,-0.4020371,-0.2375544,0.7473195,0.362965,0.503327,
1,35,104.669,0.3609087,1.085448,-0.3975059,-0.2348196,0.7440085,0.3646396,0.5082806,
1,35,104.671,0.3609087,1.085448,-0.3975059,-0.2348196,0.7440085,0.3646396,0.5082806,
1,35,104.673,0.3609087,1.085448,-0.3975059,-0.2348196,0.7440085,0.3646396,0.5082806,
1,35,104.675,0.3609087,1.085448,-0.3975059,-0.2348196,0.7440085,0.3646396,0.5082806,
1,35,104.677,0.3644553,1.08423,-0.3930371,-0.2321071,0.7404934,0.3661101,0.5135749,
1,35,104.679,0.3644553,1.08423,-0.3930371,-0.2321071,0.7404934,0.3661101,0.5135749,
1,35,104.681,0.3644553,1.08423,-0.3930371,-0.2321071,0.7404934,0.3661101,0.5135749,
1,35,104.683,0.3644553,1.08423,-0.3930371,-0.2321071,0.7404934,0.3661101,0.5135749,
1,35,104.685,0.3680789,1.082807,-0.3886404,-0.2293686,0.7370404,0.3673587,0.5188537,
1,35,104.687,0.3680789,1.082807,-0.3886404,-0.2293686,0.7370404,0.3673587,0.5188537,
1,35,104.689,0.3680789,1.082807,-0.3886404,-0.2293686,0.7370404,0.3673587,0.5188537,
1,35,104.691,0.3680789,1.082807,-0.3886404,-0.2293686,0.7370404,0.3673587,0.5188537,
1,35,104.693,0.3718908,1.081339,-0.3843029,-0.2269721,0.7338556,0.3684978,0.5235924,
1,35,104.695,0.3718908,1.081339,-0.3843029,-0.2269721,0.7338556,0.3684978,0.5235924,
1,35,104.697,0.3718908,1.081339,-0.3843029,-0.2269721,0.7338556,0.3684978,0.5235924,
1,35,104.699,0.3718908,1.081339,-0.3843029,-0.2269721,0.7338556,0.3684978,0.5235924,
1,35,104.701,0.3759835,1.079891,-0.3799001,-0.2250824,0.7308693,0.3695294,0.527841,
1,35,104.703,0.3759835,1.079891,-0.3799001,-0.2250824,0.7308693,0.3695294,0.527841,
1,35,104.705,0.3759835,1.079891,-0.3799001,-0.2250824,0.7308693,0.3695294,0.527841,
1,35,104.707,0.3759835,1.079891,-0.3799001,-0.2250824,0.7308693,0.3695294,0.527841,
1,35,104.709,0.3802967,1.078631,-0.3756316,-0.2237206,0.7282771,0.3706011,0.5312403,
1,35,104.711,0.3802967,1.078631,-0.3756316,-0.2237206,0.7282771,0.3706011,0.5312403,
1,35,104.713,0.3802967,1.078631,-0.3756316,-0.2237206,0.7282771,0.3706011,0.5312403,
1,35,104.715,0.3802967,1.078631,-0.3756316,-0.2237206,0.7282771,0.3706011,0.5312403,
1,35,104.717,0.3802967,1.078631,-0.3756316,-0.2237206,0.7282771,0.3706011,0.5312403,
1,35,104.719,0.3848957,1.077657,-0.3714326,-0.2229749,0.7259662,0.3718375,0.5338466,
1,35,104.721,0.3848957,1.077657,-0.3714326,-0.2229749,0.7259662,0.3718375,0.5338466,
1,35,104.723,0.3848957,1.077657,-0.3714326,-0.2229749,0.7259662,0.3718375,0.5338466,
1,35,104.725,0.3848957,1.077657,-0.3714326,-0.2229749,0.7259662,0.3718375,0.5338466,
1,35,104.727,0.3898191,1.076869,-0.3671937,-0.2229554,0.7240322,0.3730488,0.5356334,
1,35,104.729,0.3898191,1.076869,-0.3671937,-0.2229554,0.7240322,0.3730488,0.5356334,
1,35,104.731,0.3898191,1.076869,-0.3671937,-0.2229554,0.7240322,0.3730488,0.5356334,
1,35,104.733,0.3898191,1.076869,-0.3671937,-0.2229554,0.7240322,0.3730488,0.5356334,
1,35,104.735,0.3949534,1.076026,-0.3629338,-0.2236414,0.7228798,0.3740493,0.5362057,
1,35,104.737,0.3949534,1.076026,-0.3629338,-0.2236414,0.7228798,0.3740493,0.5362057,
1,35,104.739,0.3949534,1.076026,-0.3629338,-0.2236414,0.7228798,0.3740493,0.5362057,
1,35,104.741,0.3949534,1.076026,-0.3629338,-0.2236414,0.7228798,0.3740493,0.5362057,
1,35,104.743,0.400238,1.075296,-0.3588256,-0.2248253,0.7224058,0.3749022,0.5357536,
1,35,104.745,0.400238,1.075296,-0.3588256,-0.2248253,0.7224058,0.3749022,0.5357536,
1,35,104.747,0.400238,1.075296,-0.3588256,-0.2248253,0.7224058,0.3749022,0.5357536,
1,35,104.749,0.400238,1.075296,-0.3588256,-0.2248253,0.7224058,0.3749022,0.5357536,
1,35,104.751,0.4056078,1.074518,-0.3548667,-0.2264041,0.7225718,0.3755724,0.5343935,
1,35,104.753,0.4056078,1.074518,-0.3548667,-0.2264041,0.7225718,0.3755724,0.5343935,
1,35,104.755,0.4056078,1.074518,-0.3548667,-0.2264041,0.7225718,0.3755724,0.5343935,
1,35,104.757,0.4056078,1.074518,-0.3548667,-0.2264041,0.7225718,0.3755724,0.5343935,
1,35,104.759,0.4112309,1.073777,-0.3510964,-0.2281722,0.7230518,0.3762891,0.5324848,
1,35,104.761,0.4112309,1.073777,-0.3510964,-0.2281722,0.7230518,0.3762891,0.5324848,
1,35,104.763,0.4112309,1.073777,-0.3510964,-0.2281722,0.7230518,0.3762891,0.5324848,
1,35,104.765,0.4112309,1.073777,-0.3510964,-0.2281722,0.7230518,0.3762891,0.5324848,
1,35,104.767,0.4112309,1.073777,-0.3510964,-0.2281722,0.7230518,0.3762891,0.5324848,
1,35,104.769,0.4167752,1.072791,-0.3474265,-0.2291137,0.7227437,0.3773378,0.5317562,
1,35,104.771,0.4167752,1.072791,-0.3474265,-0.2291137,0.7227437,0.3773378,0.5317562,
1,35,104.773,0.4167752,1.072791,-0.3474265,-0.2291137,0.7227437,0.3773378,0.5317562,
1,35,104.775,0.4167752,1.072791,-0.3474265,-0.2291137,0.7227437,0.3773378,0.5317562,
1,35,104.777,0.4233174,1.072188,-0.3441518,-0.2314727,0.7238663,0.3783863,0.5284522,
1,35,104.779,0.4233174,1.072188,-0.3441518,-0.2314727,0.7238663,0.3783863,0.5284522,
1,35,104.781,0.4233174,1.072188,-0.3441518,-0.2314727,0.7238663,0.3783863,0.5284522,
1,35,104.783,0.4233174,1.072188,-0.3441518,-0.2314727,0.7238663,0.3783863,0.5284522,
1,35,104.785,0.4295485,1.071177,-0.341171,-0.2325358,0.7242607,0.3797235,0.5264823,
1,35,104.787,0.4295485,1.071177,-0.341171,-0.2325358,0.7242607,0.3797235,0.5264823,
1,35,104.789,0.4295485,1.071177,-0.341171,-0.2325358,0.7242607,0.3797235,0.5264823,
1,35,104.791,0.4295485,1.071177,-0.341171,-0.2325358,0.7242607,0.3797235,0.5264823,
1,35,104.793,0.4358707,1.07013,-0.3385955,-0.2332187,0.7244914,0.3814715,0.5245959,
1,35,104.795,0.4358707,1.07013,-0.3385955,-0.2332187,0.7244914,0.3814715,0.5245959,
1,35,104.797,0.4358707,1.07013,-0.3385955,-0.2332187,0.7244914,0.3814715,0.5245959,
1,35,104.799,0.4358707,1.07013,-0.3385955,-0.2332187,0.7244914,0.3814715,0.5245959,
1,35,104.801,0.4422585,1.06903,-0.3364006,-0.2335877,0.7248216,0.3834796,0.5225073,
1,35,104.803,0.4422585,1.06903,-0.3364006,-0.2335877,0.7248216,0.3834796,0.5225073,
1,35,104.805,0.4422585,1.06903,-0.3364006,-0.2335877,0.7248216,0.3834796,0.5225073,
1,35,104.807,0.4422585,1.06903,-0.3364006,-0.2335877,0.7248216,0.3834796,0.5225073,
1,35,104.809,0.4488367,1.067828,-0.3345676,-0.2335398,0.7251019,0.3858238,0.5204099,
1,35,104.811,0.4488367,1.067828,-0.3345676,-0.2335398,0.7251019,0.3858238,0.5204099,
1,35,104.813,0.4488367,1.067828,-0.3345676,-0.2335398,0.7251019,0.3858238,0.5204099,
1,35,104.815,0.4488367,1.067828,-0.3345676,-0.2335398,0.7251019,0.3858238,0.5204099,
1,35,104.817,0.4488367,1.067828,-0.3345676,-0.2335398,0.7251019,0.3858238,0.5204099,
1,35,104.819,0.4553418,1.066286,-0.3331313,-0.2329413,0.7256072,0.3882411,0.5181714,
1,35,104.821,0.4553418,1.066286,-0.3331313,-0.2329413,0.7256072,0.3882411,0.5181714,
1,35,104.823,0.4553418,1.066286,-0.3331313,-0.2329413,0.7256072,0.3882411,0.5181714,
1,35,104.825,0.4553418,1.066286,-0.3331313,-0.2329413,0.7256072,0.3882411,0.5181714,
1,35,104.827,0.4618917,1.064475,-0.3321674,-0.2317209,0.7261996,0.3909207,0.5158689,
1,35,104.829,0.4618917,1.064475,-0.3321674,-0.2317209,0.7261996,0.3909207,0.5158689,
1,35,104.831,0.4618917,1.064475,-0.3321674,-0.2317209,0.7261996,0.3909207,0.5158689,
1,35,104.833,0.4618917,1.064475,-0.3321674,-0.2317209,0.7261996,0.3909207,0.5158689,
1,35,104.835,0.4682354,1.062137,-0.3315467,-0.2297237,0.7266743,0.3937619,0.5139292,
1,35,104.837,0.4682354,1.062137,-0.3315467,-0.2297237,0.7266743,0.3937619,0.5139292,
1,35,104.839,0.4682354,1.062137,-0.3315467,-0.2297237,0.7266743,0.3937619,0.5139292,
1,35,104.841,0.4682354,1.062137,-0.3315467,-0.2297237,0.7266743,0.3937619,0.5139292,
1,35,104.843,0.4746705,1.059627,-0.3312381,-0.2271317,0.7269087,0.3969993,0.5122566,
1,35,104.845,0.4746705,1.059627,-0.3312381,-0.2271317,0.7269087,0.3969993,0.5122566,
1,35,104.847,0.4746705,1.059627,-0.3312381,-0.2271317,0.7269087,0.3969993,0.5122566,
1,35,104.849,0.4746705,1.059627,-0.3312381,-0.2271317,0.7269087,0.3969993,0.5122566,
1,35,104.851,0.4809372,1.056875,-0.3311254,-0.2238359,0.7268385,0.4005684,0.5110267,
1,35,104.853,0.4809372,1.056875,-0.3311254,-0.2238359,0.7268385,0.4005684,0.5110267,
1,35,104.855,0.4809372,1.056875,-0.3311254,-0.2238359,0.7268385,0.4005684,0.5110267,
1,35,104.857,0.4809372,1.056875,-0.3311254,-0.2238359,0.7268385,0.4005684,0.5110267,
1,35,104.859,0.487442,1.054233,-0.3313026,-0.2201225,0.726467,0.4048562,0.5097874,
1,35,104.861,0.487442,1.054233,-0.3313026,-0.2201225,0.726467,0.4048562,0.5097874,
1,35,104.863,0.487442,1.054233,-0.3313026,-0.2201225,0.726467,0.4048562,0.5097874,
1,35,104.865,0.487442,1.054233,-0.3313026,-0.2201225,0.726467,0.4048562,0.5097874,
1,35,104.867,0.487442,1.054233,-0.3313026,-0.2201225,0.726467,0.4048562,0.5097874,
1,35,104.869,0.4935619,1.051371,-0.3316882,-0.2158013,0.7262353,0.4094035,0.5083315,
1,35,104.871,0.4935619,1.051371,-0.3316882,-0.2158013,0.7262353,0.4094035,0.5083315,
1,35,104.873,0.4935619,1.051371,-0.3316882,-0.2158013,0.7262353,0.4094035,0.5083315,
1,35,104.875,0.4935619,1.051371,-0.3316882,-0.2158013,0.7262353,0.4094035,0.5083315,
1,35,104.877,0.4996066,1.04871,-0.3323555,-0.2112512,0.7260636,0.4144765,0.5063733,
1,35,104.879,0.4996066,1.04871,-0.3323555,-0.2112512,0.7260636,0.4144765,0.5063733,
1,35,104.881,0.4996066,1.04871,-0.3323555,-0.2112512,0.7260636,0.4144765,0.5063733,
1,35,104.883,0.4996066,1.04871,-0.3323555,-0.2112512,0.7260636,0.4144765,0.5063733,
1,35,104.885,0.5052232,1.04604,-0.3332182,-0.2061469,0.7258868,0.419954,0.5042128,
1,35,104.887,0.5052232,1.04604,-0.3332182,-0.2061469,0.7258868,0.419954,0.5042128,
1,35,104.889,0.5052232,1.04604,-0.3332182,-0.2061469,0.7258868,0.419954,0.5042128,
1,35,104.891,0.5052232,1.04604,-0.3332182,-0.2061469,0.7258868,0.419954,0.5042128,
1,35,104.893,0.5111037,1.043919,-0.3340663,-0.200769,0.7251225,0.4261661,0.5022666,
1,35,104.895,0.5111037,1.043919,-0.3340663,-0.200769,0.7251225,0.4261661,0.5022666,
1,35,104.897,0.5111037,1.043919,-0.3340663,-0.200769,0.7251225,0.4261661,0.5022666,
1,35,104.899,0.5111037,1.043919,-0.3340663,-0.200769,0.7251225,0.4261661,0.5022666,
1,35,104.901,0.5160374,1.041234,-0.3353842,-0.1941927,0.7245794,0.4325457,0.5001782,
1,35,104.903,0.5160374,1.041234,-0.3353842,-0.1941927,0.7245794,0.4325457,0.5001782,
1,35,104.905,0.5160374,1.041234,-0.3353842,-0.1941927,0.7245794,0.4325457,0.5001782,
1,35,104.907,0.5160374,1.041234,-0.3353842,-0.1941927,0.7245794,0.4325457,0.5001782,
1,35,104.909,0.5210013,1.038729,-0.3365098,-0.1873472,0.724004,0.4391397,0.4978711,
1,35,104.911,0.5210013,1.038729,-0.3365098,-0.1873472,0.724004,0.4391397,0.4978711,
1,35,104.913,0.5210013,1.038729,-0.3365098,-0.1873472,0.724004,0.4391397,0.4978711,
1,35,104.915,0.5210013,1.038729,-0.3365098,-0.1873472,0.724004,0.4391397,0.4978711,
1,35,104.917,0.5210013,1.038729,-0.3365098,-0.1873472,0.724004,0.4391397,0.4978711,
1,35,104.919,0.5259984,1.036493,-0.3375682,-0.1803449,0.7235647,0.4460041,0.4949851,
1,35,104.921,0.5259984,1.036493,-0.3375682,-0.1803449,0.7235647,0.4460041,0.4949851,
1,35,104.923,0.5259984,1.036493,-0.3375682,-0.1803449,0.7235647,0.4460041,0.4949851,
1,35,104.925,0.5259984,1.036493,-0.3375682,-0.1803449,0.7235647,0.4460041,0.4949851,
1,35,104.927,0.5306783,1.034255,-0.3386014,-0.1729565,0.7233372,0.4528198,0.4917557,
1,35,104.929,0.5306783,1.034255,-0.3386014,-0.1729565,0.7233372,0.4528198,0.4917557,
1,35,104.931,0.5306783,1.034255,-0.3386014,-0.1729565,0.7233372,0.4528198,0.4917557,
1,35,104.933,0.5306783,1.034255,-0.3386014,-0.1729565,0.7233372,0.4528198,0.4917557,
1,35,104.935,0.535317,1.032304,-0.3394276,-0.1657064,0.7235215,0.4595856,0.4876876,
1,35,104.937,0.535317,1.032304,-0.3394276,-0.1657064,0.7235215,0.4595856,0.4876876,
1,35,104.939,0.535317,1.032304,-0.3394276,-0.1657064,0.7235215,0.4595856,0.4876876,
1,35,104.941,0.535317,1.032304,-0.3394276,-0.1657064,0.7235215,0.4595856,0.4876876,
1,35,104.943,0.5396187,1.0303,-0.340494,-0.1580098,0.7242131,0.4662575,0.4828586,
1,35,104.945,0.5396187,1.0303,-0.340494,-0.1580098,0.7242131,0.4662575,0.4828586,
1,35,104.947,0.5396187,1.0303,-0.340494,-0.1580098,0.7242131,0.4662575,0.4828586,
1,35,104.949,0.5396187,1.0303,-0.340494,-0.1580098,0.7242131,0.4662575,0.4828586,
1,35,104.951,0.54292,1.028052,-0.3416807,-0.1498553,0.7257321,0.4724919,0.4770826,
1,35,104.953,0.54292,1.028052,-0.3416807,-0.1498553,0.7257321,0.4724919,0.4770826,
1,35,104.955,0.54292,1.028052,-0.3416807,-0.1498553,0.7257321,0.4724919,0.4770826,
1,35,104.957,0.54292,1.028052,-0.3416807,-0.1498553,0.7257321,0.4724919,0.4770826,
1,35,104.959,0.5464224,1.026318,-0.3425807,-0.1423754,0.7279869,0.4785245,0.4698708,
1,35,104.961,0.5464224,1.026318,-0.3425807,-0.1423754,0.7279869,0.4785245,0.4698708,
1,35,104.963,0.5464224,1.026318,-0.3425807,-0.1423754,0.7279869,0.4785245,0.4698708,
1,35,104.965,0.5464224,1.026318,-0.3425807,-0.1423754,0.7279869,0.4785245,0.4698708,CourtEnter
1,35,104.967,0.5464224,1.026318,-0.3425807,-0.1423754,0.7279869,0.4785245,0.4698708,
1,35,104.969,0.5492187,1.024663,-0.3435077,-0.1347587,0.7309694,0.4842683,0.4615279,
1,35,104.971,0.5492187,1.024663,-0.3435077,-0.1347587,0.7309694,0.4842683,0.4615279,
1,35,104.973,0.5492187,1.024663,-0.3435077,-0.1347587,0.7309694,0.4842683,0.4615279,CourtExit
1,35,104.975,0.5492187,1.024663,-0.3435077,-0.1347587,0.7309694,0.4842683,0.4615279,
1,35,104.977,0.55215,1.023769,-0.3442728,-0.1269786,0.733352,0.4903073,0.4535087,
1,35,104.979,0.55215,1.023769,-0.3442728,-0.1269786,0.733352,0.4903073,0.4535087,
1,35,104.981,0.55215,1.023769,-0.3442728,-0.1269786,0.733352,0.4903073,0.4535087,
1,35,104.983,0.55215,1.023769,-0.3442728,-0.1269786,0.733352,0.4903073,0.4535087,
1,35,104.985,0.5546994,1.022907,-0.3449035,-0.1190519,0.7359443,0.4958468,0.4453636,
1,35,104.987,0.5546994,1.022907,-0.3449035,-0.1190519,0.7359443,0.4958468,0.4453636,
1,35,104.989,0.5546994,1.022907,-0.3449035,-0.1190519,0.7359443,0.4958468,0.4453636,
1,35,104.991,0.5546994,1.022907,-0.3449035,-0.1190519,0.7359443,0.4958468,0.4453636,
1,35,104.993,0.5569586,1.02241,-0.3455665,-0.1104889,0.7382494,0.5014201,0.4374449,
1,35,104.995,0.5569586,1.02241,-0.3455665,-0.1104889,0.7382494,0.5014201,0.4374449,
1,35,104.997,0.5569586,1.02241,-0.3455665,-0.1104889,0.7382494,0.5014201,0.4374449,
1,35,104.999,0.5569586,1.02241,-0.3455665,-0.1104889,0.7382494,0.5014201,0.4374449,
1,36,105.001,0.5587179,1.021821,-0.346112,-0.1011444,0.7403247,0.5064696,0.4303227,CourtExit
1,36,105.003,0.5587179,1.021821,-0.346112,-0.1011444,0.7403247,0.5064696,0.4303227,
1,36,105.005,0.5587179,1.021821,-0.346112,-0.1011444,0.7403247,0.5064696,0.4303227,
1,36,105.007,0.5587179,1.021821,-0.346112,-0.1011444,0.7403247,0.5064696,0.4303227,
1,36,105.009,0.5599139,1.021046,-0.3466174,-0.09102121,0.7423583,0.5109295,0.4237575,
1,36,105.011,0.5599139,1.021046,-0.3466174,-0.09102121,0.7423583,0.5109295,0.4237575,
1,36,105.013,0.5599139,1.021046,-0.3466174,-0.09102121,0.7423583,0.5109295,0.4237575,
1,36,105.015,0.5599139,1.021046,-0.3466174,-0.09102121,0.7423583,0.5109295,0.4237575,
1,36,105.017,0.5599139,1.021046,-0.3466174,-0.09102121,0.7423583,0.5109295,0.4237575,
1,36,105.019,0.5605423,1.020325,-0.3471712,-0.08014399,0.744351,0.5149894,0.4174979,
1,36,105.021,0.5605423,1.020325,-0.3471712,-0.08014399,0.744351,0.5149894,0.4174979,
1,36,105.023,0.5605423,1.020325,-0.3471712,-0.08014399,0.744351,0.5149894,0.4174979,
1,36,105.025,0.5605423,1.020325,-0.3471712,-0.08014399,0.744351,0.5149894,0.4174979,
1,36,105.027,0.5610961,1.020144,-0.3476231,-0.06937158,0.7461661,0.5187665,0.411467,
1,36,105.029,0.5610961,1.020144,-0.3476231,-0.06937158,0.7461661,0.5187665,0.411467,
1,36,105.031,0.5610961,1.020144,-0.3476231,-0.06937158,0.7461661,0.5187665,0.411467,
1,36,105.033,0.5610961,1.020144,-0.3476231,-0.06937158,0.7461661,0.5187665,0.411467,
1,36,105.035,0.5613121,1.019714,-0.3479929,-0.05847898,0.7483643,0.5218204,0.4052588,
1,36,105.037,0.5613121,1.019714,-0.3479929,-0.05847898,0.7483643,0.5218204,0.4052588,
1,36,105.039,0.5613121,1.019714,-0.3479929,-0.05847898,0.7483643,0.5218204,0.4052588,
1,36,105.041,0.5613121,1.019714,-0.3479929,-0.05847898,0.7483643,0.5218204,0.4052588,
1,36,105.043,0.5608617,1.018935,-0.3483899,-0.0470947,0.7508767,0.5241191,0.3990808,
1,36,105.045,0.5608617,1.018935,-0.3483899,-0.0470947,0.7508767,0.5241191,0.3990808,
1,36,105.047,0.5608617,1.018935,-0.3483899,-0.0470947,0.7508767,0.5241191,0.3990808,
1,36,105.049,0.5608617,1.018935,-0.3483899,-0.0470947,0.7508767,0.5241191,0.3990808,
1,36,105.051,0.5601878,1.018416,-0.3488474,-0.03592876,0.7534093,0.5259734,0.392983,
1,36,105.053,0.5601878,1.018416,-0.3488474,-0.03592876,0.7534093,0.5259734,0.392983,
1,36,105.055,0.5601878,1.018416,-0.3488474,-0.03592876,0.7534093,0.5259734,0.392983,
1,36,105.057,0.5601878,1.018416,-0.3488474,-0.03592876,0.7534093,0.5259734,0.392983,
1,36,105.059,0.5595119,1.018096,-0.3492877,-0.02479002,0.7560253,0.5273944,0.3868675,
1,36,105.061,0.5595119,1.018096,-0.3492877,-0.02479002,0.7560253,0.5273944,0.3868675,
1,36,105.063,0.5595119,1.018096,-0.3492877,-0.02479002,0.7560253,0.5273944,0.3868675,
1,36,105.065,0.5595119,1.018096,-0.3492877,-0.02479002,0.7560253,0.5273944,0.3868675,
1,36,105.067,0.5595119,1.018096,-0.3492877,-0.02479002,0.7560253,0.5273944,0.3868675,
1,36,105.069,0.5575329,1.017224,-0.3500418,-0.01363072,0.7596319,0.5278027,0.3797341,
1,36,105.071,0.5575329,1.017224,-0.3500418,-0.01363072,0.7596319,0.5278027,0.3797341,
1,36,105.073,0.5575329,1.017224,-0.3500418,-0.01363072,0.7596319,0.5278027,0.3797341,
1,36,105.075,0.5575329,1.017224,-0.3500418,-0.01363072,0.7596319,0.5278027,0.3797341,
1,36,105.077,0.5550845,1.015942,-0.3504019,-0.002359003,0.7632565,0.5275102,0.373051,
1,36,105.079,0.5550845,1.015942,-0.3504019,-0.002359003,0.7632565,0.5275102,0.373051,
1,36,105.081,0.5550845,1.015942,-0.3504019,-0.002359003,0.7632565,0.5275102,0.373051,
1,36,105.083,0.5550845,1.015942,-0.3504019,-0.002359003,0.7632565,0.5275102,0.373051,
1,36,105.085,0.5534054,1.015747,-0.3508735,0.008913785,0.7660195,0.5276548,0.3670356,
1,36,105.087,0.5534054,1.015747,-0.3508735,0.008913785,0.7660195,0.5276548,0.3670356,
1,36,105.089,0.5534054,1.015747,-0.3508735,0.008913785,0.7660195,0.5276548,0.3670356,
1,36,105.091,0.5534054,1.015747,-0.3508735,0.008913785,0.7660195,0.5276548,0.3670356,
1,36,105.093,0.5515673,1.015751,-0.351471,0.02013507,0.7686694,0.5276052,0.3610744,
1,36,105.095,0.5515673,1.015751,-0.351471,0.02013507,0.7686694,0.5276052,0.3610744,
1,36,105.097,0.5515673,1.015751,-0.351471,0.02013507,0.7686694,0.5276052,0.3610744,
1,36,105.099,0.5515673,1.015751,-0.351471,0.02013507,0.7686694,0.5276052,0.3610744,
1,36,105.101,0.5495365,1.016002,-0.352301,0.03141686,0.7708974,0.5273832,0.3558048,
1,36,105.103,0.5495365,1.016002,-0.352301,0.03141686,0.7708974,0.5273832,0.3558048,
1,36,105.105,0.5495365,1.016002,-0.352301,0.03141686,0.7708974,0.5273832,0.3558048,
1,36,105.107,0.5495365,1.016002,-0.352301,0.03141686,0.7708974,0.5273832,0.3558048,
1,36,105.109,0.5475047,1.016171,-0.3529387,0.0427182,0.7728209,0.526875,0.3511776,
1,36,105.111,0.5475047,1.016171,-0.3529387,0.0427182,0.7728209,0.526875,0.3511776,
1,36,105.113,0.5475047,1.016171,-0.3529387,0.0427182,0.7728209,0.526875,0.3511776,
1,36,105.115,0.5475047,1.016171,-0.3529387,0.0427182,0.7728209,0.526875,0.3511776,
1,36,105.117,0.5475047,1.016171,-0.3529387,0.0427182,0.7728209,0.526875,0.3511776,
1,36,105.119,0.545702,1.016497,-0.3535941,0.05406862,0.7741867,0.5262933,0.3474579,
1,36,105.121,0.545702,1.016497,-0.3535941,0.05406862,0.7741867,0.5262933,0.3474579,
1,36,105.123,0.545702,1.016497,-0.3535941,0.05406862,0.7741867,0.5262933,0.3474579,
1,36,105.125,0.545702,1.016497,-0.3535941,0.05406862,0.7741867,0.5262933,0.3474579,
1,36,105.127,0.5441761,1.016719,-0.3540902,0.06481421,0.7752533,0.5254824,0.3444557,
1,36,105.129,0.5441761,1.016719,-0.3540902,0.06481421,0.7752533,0.5254824,0.3444557,
1,36,105.131,0.5441761,1.016719,-0.3540902,0.06481421,0.7752533,0.5254824,0.3444557,
1,36,105.133,0.5441761,1.016719,-0.3540902,0.06481421,0.7752533,0.5254824,0.3444557,
1,36,105.135,0.5423749,1.016489,-0.3543525,0.07502231,0.7768427,0.5242649,0.3406368,
1,36,105.137,0.5423749,1.016489,-0.3543525,0.07502231,0.7768427,0.5242649,0.3406368,
1,36,105.139,0.5423749,1.016489,-0.3543525,0.07502231,0.7768427,0.5242649,0.3406368,
1,36,105.141,0.5423749,1.016489,-0.3543525,0.07502231,0.7768427,0.5242649,0.3406368,
1,36,105.143,0.5414227,1.016796,-0.3546399,0.08315194,0.7786079,0.5236274,0.3356633,
1,36,105.145,0.5414227,1.016796,-0.3546399,0.08315194,0.7786079,0.5236274,0.3356633,
1,36,105.147,0.5414227,1.016796,-0.3546399,0.08315194,0.7786079,0.5236274,0.3356633,
1,36,105.149,0.5414227,1.016796,-0.3546399,0.08315194,0.7786079,0.5236274,0.3356633,
1,36,105.151,0.5402843,1.016706,-0.3547255,0.08975106,0.7812175,0.5229108,0.3289505,
1,36,105.153,0.5402843,1.016706,-0.3547255,0.08975106,0.7812175,0.5229108,0.3289505,
1,36,105.155,0.5402843,1.016706,-0.3547255,0.08975106,0.7812175,0.5229108,0.3289505,
1,36,105.157,0.5402843,1.016706,-0.3547255,0.08975106,0.7812175,0.5229108,0.3289505,
1,36,105.159,0.5396563,1.017256,-0.3549454,0.09524223,0.7837939,0.5228218,0.3213307,
1,36,105.161,0.5396563,1.017256,-0.3549454,0.09524223,0.7837939,0.5228218,0.3213307,
1,36,105.163,0.5396563,1.017256,-0.3549454,0.09524223,0.7837939,0.5228218,0.3213307,
1,36,105.165,0.5396563,1.017256,-0.3549454,0.09524223,0.7837939,0.5228218,0.3213307,
1,36,105.167,0.5396563,1.017256,-0.3549454,0.09524223,0.7837939,0.5228218,0.3213307,
1,36,105.169,0.5383811,1.017261,-0.3550173,0.100642,0.786638,0.5223089,0.3134733,
1,36,105.171,0.5383811,1.017261,-0.3550173,0.100642,0.786638,0.5223089,0.3134733,
1,36,105.173,0.5383811,1.017261,-0.3550173,0.100642,0.786638,0.5223089,0.3134733,
1,36,105.175,0.5383811,1.017261,-0.3550173,0.100642,0.786638,0.5223089,0.3134733,
1,36,105.177,0.5372114,1.017336,-0.3550459,0.1062987,0.7889436,0.5217625,0.3066469,
1,36,105.179,0.5372114,1.017336,-0.3550459,0.1062987,0.7889436,0.5217625,0.3066469,
1,36,105.181,0.5372114,1.017336,-0.3550459,0.1062987,0.7889436,0.5217625,0.3066469,
1,36,105.183,0.5372114,1.017336,-0.3550459,0.1062987,0.7889436,0.5217625,0.3066469,
1,36,105.185,0.5368779,1.018549,-0.3555216,0.1121086,0.7900723,0.52206,0.301116,
1,36,105.187,0.5368779,1.018549,-0.3555216,0.1121086,0.7900723,0.52206,0.301116,
1,36,105.189,0.5368779,1.018549,-0.3555216,0.1121086,0.7900723,0.52206,0.301116,
1,36,105.191,0.5368779,1.018549,-0.3555216,0.1121086,0.7900723,0.52206,0.301116,
1,36,105.193,0.5351759,1.01841,-0.3554139,0.1186259,0.7917303,0.5211385,0.2958137,
1,36,105.195,0.5351759,1.01841,-0.3554139,0.1186259,0.7917303,0.5211385,0.2958137,
1,36,105.197,0.5351759,1.01841,-0.3554139,0.1186259,0.7917303,0.5211385,0.2958137,
1,36,105.199,0.5351759,1.01841,-0.3554139,0.1186259,0.7917303,0.5211385,0.2958137,
1,36,105.201,0.5345625,1.019822,-0.3560363,0.1251082,0.7920136,0.5213581,0.2919729,
1,36,105.203,0.5345625,1.019822,-0.3560363,0.1251082,0.7920136,0.5213581,0.2919729,
1,36,105.205,0.5345625,1.019822,-0.3560363,0.1251082,0.7920136,0.5213581,0.2919729,
1,36,105.207,0.5345625,1.019822,-0.3560363,0.1251082,0.7920136,0.5213581,0.2919729,
1,36,105.209,0.533228,1.020913,-0.3564782,0.1318865,0.7923316,0.5212761,0.2882494,
1,36,105.211,0.533228,1.020913,-0.3564782,0.1318865,0.7923316,0.5212761,0.2882494,
1,36,105.213,0.533228,1.020913,-0.3564782,0.1318865,0.7923316,0.5212761,0.2882494,
1,36,105.215,0.533228,1.020913,-0.3564782,0.1318865,0.7923316,0.5212761,0.2882494,
1,36,105.217,0.533228,1.020913,-0.3564782,0.1318865,0.7923316,0.5212761,0.2882494,
1,36,105.219,0.5309575,1.020954,-0.3564368,0.1387017,0.793308,0.520232,0.2842233,
1,36,105.221,0.5309575,1.020954,-0.3564368,0.1387017,0.793308,0.520232,0.2842233,
1,36,105.223,0.5309575,1.020954,-0.3564368,0.1387017,0.793308,0.520232,0.2842233,
1,36,105.225,0.5309575,1.020954,-0.3564368,0.1387017,0.793308,0.520232,0.2842233,
1,36,105.227,0.5291739,1.021775,-0.3569058,0.1449971,0.7937886,0.5198599,0.280395,
1,36,105.229,0.5291739,1.021775,-0.3569058,0.1449971,0.7937886,0.5198599,0.280395,
1,36,105.231,0.5291739,1.021775,-0.3569058,0.1449971,0.7937886,0.5198599,0.280395,
1,36,105.233,0.5291739,1.021775,-0.3569058,0.1449971,0.7937886,0.5198599,0.280395,
1,36,105.235,0.5282321,1.023834,-0.3580572,0.1511822,0.7933323,0.5204054,0.2773913,
1,36,105.237,0.5282321,1.023834,-0.3580572,0.1511822,0.7933323,0.5204054,0.2773913,
1,36,105.239,0.5282321,1.023834,-0.3580572,0.1511822,0.7933323,0.5204054,0.2773913,
1,36,105.241,0.5282321,1.023834,-0.3580572,0.1511822,0.7933323,0.5204054,0.2773913,
1,36,105.243,0.5259495,1.02437,-0.3586944,0.1572307,0.7939197,0.519738,0.2735736,
1,36,105.245,0.5259495,1.02437,-0.3586944,0.1572307,0.7939197,0.519738,0.2735736,
1,36,105.247,0.5259495,1.02437,-0.3586944,0.1572307,0.7939197,0.519738,0.2735736,
1,36,105.249,0.5259495,1.02437,-0.3586944,0.1572307,0.7939197,0.519738,0.2735736,
1,36,105.251,0.5239496,1.025233,-0.3597078,0.1627671,0.7943289,0.5193112,0.2699343,
1,36,105.253,0.5239496,1.025233,-0.3597078,0.1627671,0.7943289,0.5193112,0.2699343,
1,36,105.255,0.5239496,1.025233,-0.3597078,0.1627671,0.7943289,0.5193112,0.2699343,
1,36,105.257,0.5239496,1.025233,-0.3597078,0.1627671,0.7943289,0.5193112,0.2699343,
1,36,105.259,0.5219817,1.02606,-0.3608988,0.1680771,0.7947206,0.5187366,0.2666114,
1,36,105.261,0.5219817,1.02606,-0.3608988,0.1680771,0.7947206,0.5187366,0.2666114,
1,36,105.263,0.5219817,1.02606,-0.3608988,0.1680771,0.7947206,0.5187366,0.2666114,
1,36,105.265,0.5219817,1.02606,-0.3608988,0.1680771,0.7947206,0.5187366,0.2666114,
1,36,105.267,0.5219817,1.02606,-0.3608988,0.1680771,0.7947206,0.5187366,0.2666114,
1,36,105.269,0.521553,1.028461,-0.3631582,0.1730991,0.793861,0.519505,0.2644539,
1,36,105.271,0.521553,1.028461,-0.3631582,0.1730991,0.793861,0.519505,0.2644539,
1,36,105.273,0.521553,1.028461,-0.3631582,0.1730991,0.793861,0.519505,0.2644539,
1,36,105.275,0.521553,1.028461,-0.3631582,0.1730991,0.793861,0.519505,0.2644539,
1,36,105.277,0.5192463,1.02846,-0.3645031,0.1776514,0.7947118,0.5184224,0.260982,
1,36,105.279,0.5192463,1.02846,-0.3645031,0.1776514,0.7947118,0.5184224,0.260982,
1,36,105.281,0.5192463,1.02846,-0.3645031,0.1776514,0.7947118,0.5184224,0.260982,
1,36,105.283,0.5192463,1.02846,-0.3645031,0.1776514,0.7947118,0.5184224,0.260982,
1,36,105.285,0.5168063,1.028081,-0.3659823,0.1817434,0.7958127,0.5170906,0.2574273,
1,36,105.287,0.5168063,1.028081,-0.3659823,0.1817434,0.7958127,0.5170906,0.2574273,
1,36,105.289,0.5168063,1.028081,-0.3659823,0.1817434,0.7958127,0.5170906,0.2574273,
1,36,105.291,0.5168063,1.028081,-0.3659823,0.1817434,0.7958127,0.5170906,0.2574273,
1,36,105.293,0.514896,1.028159,-0.3678938,0.1852869,0.7965692,0.5163783,0.2539682,
1,36,105.295,0.514896,1.028159,-0.3678938,0.1852869,0.7965692,0.5163783,0.2539682,
1,36,105.297,0.514896,1.028159,-0.3678938,0.1852869,0.7965692,0.5163783,0.2539682,
1,36,105.299,0.514896,1.028159,-0.3678938,0.1852869,0.7965692,0.5163783,0.2539682,
1,36,105.301,0.5129861,1.028004,-0.3698782,0.1885243,0.7973095,0.5156313,0.2507598,
1,36,105.303,0.5129861,1.028004,-0.3698782,0.1885243,0.7973095,0.5156313,0.2507598,
1,36,105.305,0.5129861,1.028004,-0.3698782,0.1885243,0.7973095,0.5156313,0.2507598,
1,36,105.307,0.5129861,1.028004,-0.3698782,0.1885243,0.7973095,0.5156313,0.2507598,
1,36,105.309,0.51134,1.028103,-0.3722442,0.1917363,0.7975553,0.5153241,0.2481613,
1,36,105.311,0.51134,1.028103,-0.3722442,0.1917363,0.7975553,0.5153241,0.2481613,
1,36,105.313,0.51134,1.028103,-0.3722442,0.1917363,0.7975553,0.5153241,0.2481613,
1,36,105.315,0.51134,1.028103,-0.3722442,0.1917363,0.7975553,0.5153241,0.2481613,
1,36,105.317,0.51134,1.028103,-0.3722442,0.1917363,0.7975553,0.5153241,0.2481613,
1,36,105.319,0.5095441,1.027807,-0.3744801,0.1946226,0.7978967,0.5150548,0.2453598,
1,36,105.321,0.5095441,1.027807,-0.3744801,0.1946226,0.7978967,0.5150548,0.2453598,
1,36,105.323,0.5095441,1.027807,-0.3744801,0.1946226,0.7978967,0.5150548,0.2453598,
1,36,105.325,0.5095441,1.027807,-0.3744801,0.1946226,0.7978967,0.5150548,0.2453598,
1,36,105.327,0.5079455,1.027416,-0.3768114,0.1968753,0.7982596,0.5151926,0.242071,
1,36,105.329,0.5079455,1.027416,-0.3768114,0.1968753,0.7982596,0.5151926,0.242071,
1,36,105.331,0.5079455,1.027416,-0.3768114,0.1968753,0.7982596,0.5151926,0.242071,
1,36,105.333,0.5079455,1.027416,-0.3768114,0.1968753,0.7982596,0.5151926,0.242071,
1,36,105.335,0.5072534,1.027914,-0.3796587,0.1989154,0.7976778,0.5164483,0.2396332,
1,36,105.337,0.5072534,1.027914,-0.3796587,0.1989154,0.7976778,0.5164483,0.2396332,
1,36,105.339,0.5072534,1.027914,-0.3796587,0.1989154,0.7976778,0.5164483,0.2396332,
1,36,105.341,0.5072534,1.027914,-0.3796587,0.1989154,0.7976778,0.5164483,0.2396332,
1,36,105.343,0.5068142,1.028513,-0.3826435,0.2005004,0.7968636,0.518239,0.2371425,
1,36,105.345,0.5068142,1.028513,-0.3826435,0.2005004,0.7968636,0.518239,0.2371425,
1,36,105.347,0.5068142,1.028513,-0.3826435,0.2005004,0.7968636,0.518239,0.2371425,
1,36,105.349,0.5068142,1.028513,-0.3826435,0.2005004,0.7968636,0.518239,0.2371425,
1,36,105.351,0.5057681,1.02852,-0.385309,0.2021143,0.7963325,0.5196947,0.2343543,
1,36,105.353,0.5057681,1.02852,-0.385309,0.2021143,0.7963325,0.5196947,0.2343543,
1,36,105.355,0.5057681,1.02852,-0.385309,0.2021143,0.7963325,0.5196947,0.2343543,
1,36,105.357,0.5057681,1.02852,-0.385309,0.2021143,0.7963325,0.5196947,0.2343543,
1,36,105.359,0.5045595,1.028153,-0.3877248,0.2039222,0.7956982,0.520968,0.2321046,
1,36,105.361,0.5045595,1.028153,-0.3877248,0.2039222,0.7956982,0.520968,0.2321046,
1,36,105.363,0.5045595,1.028153,-0.3877248,0.2039222,0.7956982,0.520968,0.2321046,
1,36,105.365,0.5045595,1.028153,-0.3877248,0.2039222,0.7956982,0.520968,0.2321046,
1,36,105.367,0.5045595,1.028153,-0.3877248,0.2039222,0.7956982,0.520968,0.2321046,
1,36,105.369,0.5033584,1.027939,-0.3902334,0.2055549,0.7949951,0.522508,0.2295983,
1,36,105.371,0.5033584,1.027939,-0.3902334,0.2055549,0.7949951,0.522508,0.2295983,
1,36,105.373,0.5033584,1.027939,-0.3902334,0.2055549,0.7949951,0.522508,0.2295983,
1,36,105.375,0.5033584,1.027939,-0.3902334,0.2055549,0.7949951,0.522508,0.2295983,
1,36,105.377,0.5022492,1.027657,-0.3925966,0.2071676,0.7940601,0.5241319,0.2276755,
1,36,105.379,0.5022492,1.027657,-0.3925966,0.2071676,0.7940601,0.5241319,0.2276755,
1,36,105.381,0.5022492,1.027657,-0.3925966,0.2071676,0.7940601,0.5241319,0.2276755,
1,36,105.383,0.5022492,1.027657,-0.3925966,0.2071676,0.7940601,0.5241319,0.2276755,
1,36,105.385,0.5010955,1.027145,-0.3947094,0.2085453,0.7932946,0.5256975,0.2254657,
1,36,105.387,0.5010955,1.027145,-0.3947094,0.2085453,0.7932946,0.5256975,0.2254657,
1,36,105.389,0.5010955,1.027145,-0.3947094,0.2085453,0.7932946,0.5256975,0.2254657,
1,36,105.391,0.5010955,1.027145,-0.3947094,0.2085453,0.7932946,0.5256975,0.2254657,
1,36,105.393,0.5000021,1.026945,-0.3970202,0.2096287,0.7924875,0.5275534,0.2229504,
1,36,105.395,0.5000021,1.026945,-0.3970202,0.2096287,0.7924875,0.5275534,0.2229504,
1,36,105.397,0.5000021,1.026945,-0.3970202,0.2096287,0.7924875,0.5275534,0.2229504,
1,36,105.399,0.5000021,1.026945,-0.3970202,0.2096287,0.7924875,0.5275534,0.2229504,
1,36,105.401,0.4987069,1.026397,-0.3991178,0.210772,0.79176,0.5291344,0.2206992,
1,36,105.403,0.4987069,1.026397,-0.3991178,0.210772,0.79176,0.5291344,0.2206992,
1,36,105.405,0.4987069,1.026397,-0.3991178,0.210772,0.79176,0.5291344,0.2206992,
1,36,105.407,0.4987069,1.026397,-0.3991178,0.210772,0.79176,0.5291344,0.2206992,
1,36,105.409,0.4975926,1.026105,-0.4012535,0.211915,0.7908231,0.5308188,0.2189117,
1,36,105.411,0.4975926,1.026105,-0.4012535,0.211915,0.7908231,0.5308188,0.2189117,
1,36,105.413,0.4975926,1.026105,-0.4012535,0.211915,0.7908231,0.5308188,0.2189117,
1,36,105.415,0.4975926,1.026105,-0.4012535,0.211915,0.7908231,0.5308188,0.2189117,
1,36,105.417,0.4975926,1.026105,-0.4012535,0.211915,0.7908231,0.5308188,0.2189117,
1,36,105.419,0.4962165,1.025781,-0.4031857,0.2134489,0.7898191,0.5322181,0.2176447,
1,36,105.421,0.4962165,1.025781,-0.4031857,0.2134489,0.7898191,0.5322181,0.2176447,
1,36,105.423,0.4962165,1.025781,-0.4031857,0.2134489,0.7898191,0.5322181,0.2176447,
1,36,105.425,0.4962165,1.025781,-0.4031857,0.2134489,0.7898191,0.5322181,0.2176447,
1,36,105.427,0.4942934,1.025252,-0.405015,0.2150587,0.7890838,0.5334383,0.2157318,
1,36,105.429,0.4942934,1.025252,-0.405015,0.2150587,0.7890838,0.5334383,0.2157318,
1,36,105.431,0.4942934,1.025252,-0.405015,0.2150587,0.7890838,0.5334383,0.2157318,
1,36,105.433,0.4942934,1.025252,-0.405015,0.2150587,0.7890838,0.5334383,0.2157318,
1,36,105.435,0.4930163,1.025133,-0.4068746,0.2169885,0.7878771,0.5346468,0.2152172,
1,36,105.437,0.4930163,1.025133,-0.4068746,0.2169885,0.7878771,0.5346468,0.2152172,
1,36,105.439,0.4930163,1.025133,-0.4068746,0.2169885,0.7878771,0.5346468,0.2152172,
1,36,105.441,0.4930163,1.025133,-0.4068746,0.2169885,0.7878771,0.5346468,0.2152172,
1,36,105.443,0.4912016,1.02492,-0.4085235,0.2188651,0.7868696,0.5357456,0.2142688,
1,36,105.445,0.4912016,1.02492,-0.4085235,0.2188651,0.7868696,0.5357456,0.2142688,
1,36,105.447,0.4912016,1.02492,-0.4085235,0.2188651,0.7868696,0.5357456,0.2142688,
1,36,105.449,0.4912016,1.02492,-0.4085235,0.2188651,0.7868696,0.5357456,0.2142688,
1,36,105.451,0.4896588,1.024662,-0.4100491,0.2205843,0.7859418,0.5367607,0.2133686,
1,36,105.453,0.4896588,1.024662,-0.4100491,0.2205843,0.7859418,0.5367607,0.2133686,
1,36,105.455,0.4896588,1.024662,-0.4100491,0.2205843,0.7859418,0.5367607,0.2133686,
1,36,105.457,0.4896588,1.024662,-0.4100491,0.2205843,0.7859418,0.5367607,0.2133686,
1,36,105.459,0.4880198,1.02433,-0.4113857,0.2225446,0.7849085,0.5374541,0.2133909,
1,36,105.461,0.4880198,1.02433,-0.4113857,0.2225446,0.7849085,0.5374541,0.2133909,
1,36,105.463,0.4880198,1.02433,-0.4113857,0.2225446,0.7849085,0.5374541,0.2133909,
1,36,105.465,0.4880198,1.02433,-0.4113857,0.2225446,0.7849085,0.5374541,0.2133909,
1,36,105.467,0.4880198,1.02433,-0.4113857,0.2225446,0.7849085,0.5374541,0.2133909,
1,36,105.469,0.4861323,1.024154,-0.4126829,0.2244536,0.7839372,0.5382574,0.2129367,
1,36,105.471,0.4861323,1.024154,-0.4126829,0.2244536,0.7839372,0.5382574,0.2129367,
1,36,105.473,0.4861323,1.024154,-0.4126829,0.2244536,0.7839372,0.5382574,0.2129367,
1,36,105.475,0.4861323,1.024154,-0.4126829,0.2244536,0.7839372,0.5382574,0.2129367,
1,36,105.477,0.4844586,1.023942,-0.4136867,0.2264122,0.7830504,0.5386024,0.2132536,
1,36,105.479,0.4844586,1.023942,-0.4136867,0.2264122,0.7830504,0.5386024,0.2132536,
1,36,105.481,0.4844586,1.023942,-0.4136867,0.2264122,0.7830504,0.5386024,0.2132536,
1,36,105.483,0.4844586,1.023942,-0.4136867,0.2264122,0.7830504,0.5386024,0.2132536,
1,36,105.485,0.4830028,1.023913,-0.4147264,0.2278283,0.7822325,0.5392904,0.2130084,
1,36,105.487,0.4830028,1.023913,-0.4147264,0.2278283,0.7822325,0.5392904,0.2130084,
1,36,105.489,0.4830028,1.023913,-0.4147264,0.2278283,0.7822325,0.5392904,0.2130084,
1,36,105.491,0.4830028,1.023913,-0.4147264,0.2278283,0.7822325,0.5392904,0.2130084,
1,36,105.493,0.4818384,1.023941,-0.4155824,0.2294162,0.781151,0.5400201,0.2134237,
1,36,105.495,0.4818384,1.023941,-0.4155824,0.2294162,0.781151,0.5400201,0.2134237,
1,36,105.497,0.4818384,1.023941,-0.4155824,0.2294162,0.781151,0.5400201,0.2134237,
1,36,105.499,0.4818384,1.023941,-0.4155824,0.2294162,0.781151,0.5400201,0.2134237,
1,36,105.501,0.4806129,1.023994,-0.4163144,0.2306749,0.7803076,0.5407615,0.2132752,
1,36,105.503,0.4806129,1.023994,-0.4163144,0.2306749,0.7803076,0.5407615,0.2132752,
1,36,105.505,0.4806129,1.023994,-0.4163144,0.2306749,0.7803076,0.5407615,0.2132752,
1,36,105.507,0.4806129,1.023994,-0.4163144,0.2306749,0.7803076,0.5407615,0.2132752,
1,36,105.509,0.4793767,1.024085,-0.4170125,0.2313228,0.7798316,0.5415016,0.2124346,
1,36,105.511,0.4793767,1.024085,-0.4170125,0.2313228,0.7798316,0.5415016,0.2124346,
1,36,105.513,0.4793767,1.024085,-0.4170125,0.2313228,0.7798316,0.5415016,0.2124346,
1,36,105.515,0.4793767,1.024085,-0.4170125,0.2313228,0.7798316,0.5415016,0.2124346,
1,36,105.517,0.4793767,1.024085,-0.4170125,0.2313228,0.7798316,0.5415016,0.2124346,
1,36,105.519,0.4783305,1.024297,-0.4177723,0.2317051,0.7794302,0.5422748,0.2115173,
1,36,105.521,0.4783305,1.024297,-0.4177723,0.2317051,0.7794302,0.5422748,0.2115173,
1,36,105.523,0.4783305,1.024297,-0.4177723,0.2317051,0.7794302,0.5422748,0.2115173,
1,36,105.525,0.4783305,1.024297,-0.4177723,0.2317051,0.7794302,0.5422748,0.2115173,
1,36,105.527,0.4772426,1.024457,-0.4185382,0.2322875,0.7791061,0.5427359,0.2108888,
1,36,105.529,0.4772426,1.024457,-0.4185382,0.2322875,0.7791061,0.5427359,0.2108888,
1,36,105.531,0.4772426,1.024457,-0.4185382,0.2322875,0.7791061,0.5427359,0.2108888,
1,36,105.533,0.4772426,1.024457,-0.4185382,0.2322875,0.7791061,0.5427359,0.2108888,
1,36,105.535,0.4763535,1.024611,-0.4193876,0.2331813,0.778693,0.542888,0.2110363,
1,36,105.537,0.4763535,1.024611,-0.4193876,0.2331813,0.778693,0.542888,0.2110363,
1,36,105.539,0.4763535,1.024611,-0.4193876,0.2331813,0.778693,0.542888,0.2110363,
1,36,105.541,0.4763535,1.024611,-0.4193876,0.2331813,0.778693,0.542888,0.2110363,
1,36,105.543,0.4756626,1.024829,-0.4203089,0.2342205,0.778205,0.5428944,0.2116681,
1,36,105.545,0.4756626,1.024829,-0.4203089,0.2342205,0.778205,0.5428944,0.2116681,
1,36,105.547,0.4756626,1.024829,-0.4203089,0.2342205,0.778205,0.5428944,0.2116681,
1,36,105.549,0.4756626,1.024829,-0.4203089,0.2342205,0.778205,0.5428944,0.2116681,
1,36,105.551,0.4748328,1.02481,-0.4211969,0.2350844,0.7779715,0.542681,0.2121158,
1,36,105.553,0.4748328,1.02481,-0.4211969,0.2350844,0.7779715,0.542681,0.2121158,
1,36,105.555,0.4748328,1.02481,-0.4211969,0.2350844,0.7779715,0.542681,0.2121158,
1,36,105.557,0.4748328,1.02481,-0.4211969,0.2350844,0.7779715,0.542681,0.2121158,
1,36,105.559,0.4738244,1.024543,-0.4220717,0.2357519,0.7780037,0.5422909,0.2122546,
1,36,105.561,0.4738244,1.024543,-0.4220717,0.2357519,0.7780037,0.5422909,0.2122546,
1,36,105.563,0.4738244,1.024543,-0.4220717,0.2357519,0.7780037,0.5422909,0.2122546,
1,36,105.565,0.4738244,1.024543,-0.4220717,0.2357519,0.7780037,0.5422909,0.2122546,
1,36,105.567,0.4738244,1.024543,-0.4220717,0.2357519,0.7780037,0.5422909,0.2122546,
1,36,105.569,0.4728248,1.024117,-0.4229943,0.2359499,0.7783028,0.5419375,0.2118402,
1,36,105.571,0.4728248,1.024117,-0.4229943,0.2359499,0.7783028,0.5419375,0.2118402,
1,36,105.573,0.4728248,1.024117,-0.4229943,0.2359499,0.7783028,0.5419375,0.2118402,
1,36,105.575,0.4728248,1.024117,-0.4229943,0.2359499,0.7783028,0.5419375,0.2118402,
1,36,105.577,0.4721435,1.023751,-0.4240954,0.2361492,0.7784235,0.5416855,0.211819,
1,36,105.579,0.4721435,1.023751,-0.4240954,0.2361492,0.7784235,0.5416855,0.211819,
1,36,105.581,0.4721435,1.023751,-0.4240954,0.2361492,0.7784235,0.5416855,0.211819,
1,36,105.583,0.4721435,1.023751,-0.4240954,0.2361492,0.7784235,0.5416855,0.211819,
1,36,105.585,0.4714772,1.023256,-0.4251574,0.2362598,0.7784607,0.5414664,0.2121189,
1,36,105.587,0.4714772,1.023256,-0.4251574,0.2362598,0.7784607,0.5414664,0.2121189,
1,36,105.589,0.4714772,1.023256,-0.4251574,0.2362598,0.7784607,0.5414664,0.2121189,
1,36,105.591,0.4714772,1.023256,-0.4251574,0.2362598,0.7784607,0.5414664,0.2121189,
1,36,105.593,0.4704725,1.022494,-0.4260573,0.236555,0.7785977,0.5410774,0.21228,
1,36,105.595,0.4704725,1.022494,-0.4260573,0.236555,0.7785977,0.5410774,0.21228,
1,36,105.597,0.4704725,1.022494,-0.4260573,0.236555,0.7785977,0.5410774,0.21228,
1,36,105.599,0.4704725,1.022494,-0.4260573,0.236555,0.7785977,0.5410774,0.21228,
1,36,105.601,0.4697366,1.021944,-0.4269949,0.2371761,0.7782999,0.5408826,0.2131728,
1,36,105.603,0.4697366,1.021944,-0.4269949,0.2371761,0.7782999,0.5408826,0.2131728,
1,36,105.605,0.4697366,1.021944,-0.4269949,0.2371761,0.7782999,0.5408826,0.2131728,
1,36,105.607,0.4697366,1.021944,-0.4269949,0.2371761,0.7782999,0.5408826,0.2131728,
1,36,105.609,0.4694079,1.021532,-0.4279789,0.2376955,0.777713,0.5409774,0.2144919,
1,36,105.611,0.4694079,1.021532,-0.4279789,0.2376955,0.777713,0.5409774,0.2144919,
1,36,105.613,0.4694079,1.021532,-0.4279789,0.2376955,0.777713,0.5409774,0.2144919,
1,36,105.615,0.4694079,1.021532,-0.4279789,0.2376955,0.777713,0.5409774,0.2144919,
1,36,105.617,0.4694079,1.021532,-0.4279789,0.2376955,0.777713,0.5409774,0.2144919,
1,36,105.619,0.4690783,1.021051,-0.4289118,0.2380509,0.7770305,0.5413237,0.2156947,
1,36,105.621,0.4690783,1.021051,-0.4289118,0.2380509,0.7770305,0.5413237,0.2156947,
1,36,105.623,0.4690783,1.021051,-0.4289118,0.2380509,0.7770305,0.5413237,0.2156947,
1,36,105.625,0.4690783,1.021051,-0.4289118,0.2380509,0.7770305,0.5413237,0.2156947,
1,36,105.627,0.4690433,1.020887,-0.4298841,0.2382056,0.7761143,0.542115,0.2168318,
1,36,105.629,0.4690433,1.020887,-0.4298841,0.2382056,0.7761143,0.542115,0.2168318,
1,36,105.631,0.4690433,1.020887,-0.4298841,0.2382056,0.7761143,0.542115,0.2168318,
1,36,105.633,0.4690433,1.020887,-0.4298841,0.2382056,0.7761143,0.542115,0.2168318,
1,36,105.635,0.4687373,1.020491,-0.4307315,0.2377885,0.7755987,0.5430664,0.2167536,
1,36,105.637,0.4687373,1.020491,-0.4307315,0.2377885,0.7755987,0.5430664,0.2167536,
1,36,105.639,0.4687373,1.020491,-0.4307315,0.2377885,0.7755987,0.5430664,0.2167536,
1,36,105.641,0.4687373,1.020491,-0.4307315,0.2377885,0.7755987,0.5430664,0.2167536,
1,36,105.643,0.4685102,1.0203,-0.4315704,0.2373502,0.7750339,0.5442166,0.2163695,
1,36,105.645,0.4685102,1.0203,-0.4315704,0.2373502,0.7750339,0.5442166,0.2163695,
1,36,105.647,0.4685102,1.0203,-0.4315704,0.2373502,0.7750339,0.5442166,0.2163695,
1,36,105.649,0.4685102,1.0203,-0.4315704,0.2373502,0.7750339,0.5442166,0.2163695,
1,36,105.651,0.4679862,1.019763,-0.4321751,0.2374029,0.7745714,0.5448732,0.2163152,
1,36,105.653,0.4679862,1.019763,-0.4321751,0.2374029,0.7745714,0.5448732,0.2163152,
1,36,105.655,0.4679862,1.019763,-0.4321751,0.2374029,0.7745714,0.5448732,0.2163152,
1,36,105.657,0.4679862,1.019763,-0.4321751,0.2374029,0.7745714,0.5448732,0.2163152,
1,36,105.659,0.4681638,1.019804,-0.4330134,0.2367415,0.7738951,0.5463771,0.2156662,
1,36,105.661,0.4681638,1.019804,-0.4330134,0.2367415,0.7738951,0.5463771,0.2156662,
1,36,105.663,0.4681638,1.019804,-0.4330134,0.2367415,0.7738951,0.5463771,0.2156662,
1,36,105.665,0.4681638,1.019804,-0.4330134,0.2367415,0.7738951,0.5463771,0.2156662,
1,36,105.667,0.4681638,1.019804,-0.4330134,0.2367415,0.7738951,0.5463771,0.2156662,
1,36,105.669,0.4682661,1.019664,-0.4336582,0.2366293,0.7732002,0.5474547,0.2155496,
1,36,105.671,0.4682661,1.019664,-0.4336582,0.2366293,0.7732002,0.5474547,0.2155496,
1,36,105.673,0.4682661,1.019664,-0.4336582,0.2366293,0.7732002,0.5474547,0.2155496,
1,36,105.675,0.4682661,1.019664,-0.4336582,0.2366293,0.7732002,0.5474547,0.2155496,
1,36,105.677,0.4684152,1.019501,-0.434212,0.2369735,0.7724009,0.5483116,0.2158586,
1,36,105.679,0.4684152,1.019501,-0.434212,0.2369735,0.7724009,0.5483116,0.2158586,
1,36,105.681,0.4684152,1.019501,-0.434212,0.2369735,0.7724009,0.5483116,0.2158586,
1,36,105.683,0.4684152,1.019501,-0.434212,0.2369735,0.7724009,0.5483116,0.2158586,
1,36,105.685,0.4686143,1.019525,-0.4347595,0.2373465,0.771644,0.5492436,0.2157868,
1,36,105.687,0.4686143,1.019525,-0.4347595,0.2373465,0.771644,0.5492436,0.2157868,
1,36,105.689,0.4686143,1.019525,-0.4347595,0.2373465,0.771644,0.5492436,0.2157868,
1,36,105.691,0.4686143,1.019525,-0.4347595,0.2373465,0.771644,0.5492436,0.2157868,
1,36,105.693,0.4689456,1.01971,-0.4353401,0.2377254,0.77091,0.5502305,0.2154781,
1,36,105.695,0.4689456,1.01971,-0.4353401,0.2377254,0.77091,0.5502305,0.2154781,
1,36,105.697,0.4689456,1.01971,-0.4353401,0.2377254,0.77091,0.5502305,0.2154781,
1,36,105.699,0.4689456,1.01971,-0.4353401,0.2377254,0.77091,0.5502305,0.2154781,
1,36,105.701,0.4688327,1.019387,-0.4356143,0.2382709,0.770536,0.5507982,0.214762,
1,36,105.703,0.4688327,1.019387,-0.4356143,0.2382709,0.770536,0.5507982,0.214762,
1,36,105.705,0.4688327,1.019387,-0.4356143,0.2382709,0.770536,0.5507982,0.214762,
1,36,105.707,0.4688327,1.019387,-0.4356143,0.2382709,0.770536,0.5507982,0.214762,
1,36,105.709,0.4687619,1.019096,-0.4359667,0.239223,0.7701316,0.5511639,0.2142151,
1,36,105.711,0.4687619,1.019096,-0.4359667,0.239223,0.7701316,0.5511639,0.2142151,
1,36,105.713,0.4687619,1.019096,-0.4359667,0.239223,0.7701316,0.5511639,0.2142151,
1,36,105.715,0.4687619,1.019096,-0.4359667,0.239223,0.7701316,0.5511639,0.2142151,
1,36,105.717,0.4687619,1.019096,-0.4359667,0.239223,0.7701316,0.5511639,0.2142151,
1,36,105.719,0.4689835,1.01896,-0.4364099,0.2401094,0.7695682,0.5517714,0.2136839,
1,36,105.721,0.4689835,1.01896,-0.4364099,0.2401094,0.7695682,0.5517714,0.2136839,
1,36,105.723,0.4689835,1.01896,-0.4364099,0.2401094,0.7695682,0.5517714,0.2136839,
1,36,105.725,0.4689835,1.01896,-0.4364099,0.2401094,0.7695682,0.5517714,0.2136839,
1,36,105.727,0.4690157,1.018761,-0.4368567,0.2407899,0.7692671,0.5524747,0.2121792,
1,36,105.729,0.4690157,1.018761,-0.4368567,0.2407899,0.7692671,0.5524747,0.2121792,
1,36,105.731,0.4690157,1.018761,-0.4368567,0.2407899,0.7692671,0.5524747,0.2121792,
1,36,105.733,0.4690157,1.018761,-0.4368567,0.2407899,0.7692671,0.5524747,0.2121792,
1,36,105.735,0.4691234,1.018521,-0.4373996,0.241855,0.7687804,0.5530995,0.2111015,
1,36,105.737,0.4691234,1.018521,-0.4373996,0.241855,0.7687804,0.5530995,0.2111015,
1,36,105.739,0.4691234,1.018521,-0.4373996,0.241855,0.7687804,0.5530995,0.2111015,
1,36,105.741,0.4691234,1.018521,-0.4373996,0.241855,0.7687804,0.5530995,0.2111015,
1,36,105.743,0.4692208,1.018337,-0.4380246,0.2435252,0.7680532,0.5536395,0.2104121,
1,36,105.745,0.4692208,1.018337,-0.4380246,0.2435252,0.7680532,0.5536395,0.2104121,
1,36,105.747,0.4692208,1.018337,-0.4380246,0.2435252,0.7680532,0.5536395,0.2104121,
1,36,105.749,0.4692208,1.018337,-0.4380246,0.2435252,0.7680532,0.5536395,0.2104121,
1,36,105.751,0.4692426,1.018081,-0.4387868,0.2452348,0.7674744,0.554098,0.2093282,
1,36,105.753,0.4692426,1.018081,-0.4387868,0.2452348,0.7674744,0.554098,0.2093282,
1,36,105.755,0.4692426,1.018081,-0.4387868,0.2452348,0.7674744,0.554098,0.2093282,
1,36,105.757,0.4692426,1.018081,-0.4387868,0.2452348,0.7674744,0.554098,0.2093282,
1,36,105.759,0.4693679,1.017727,-0.4396898,0.2465963,0.766979,0.5546836,0.2079895,
1,36,105.761,0.4693679,1.017727,-0.4396898,0.2465963,0.766979,0.5546836,0.2079895,
1,36,105.763,0.4693679,1.017727,-0.4396898,0.2465963,0.766979,0.5546836,0.2079895,
1,36,105.765,0.4693679,1.017727,-0.4396898,0.2465963,0.766979,0.5546836,0.2079895,
1,36,105.767,0.4693679,1.017727,-0.4396898,0.2465963,0.766979,0.5546836,0.2079895,
1,36,105.769,0.4695213,1.017522,-0.4406803,0.2488479,0.7660444,0.5551643,0.2074692,
1,36,105.771,0.4695213,1.017522,-0.4406803,0.2488479,0.7660444,0.5551643,0.2074692,
1,36,105.773,0.4695213,1.017522,-0.4406803,0.2488479,0.7660444,0.5551643,0.2074692,
1,36,105.775,0.4695213,1.017522,-0.4406803,0.2488479,0.7660444,0.5551643,0.2074692,
1,36,105.777,0.4694644,1.016997,-0.4416503,0.2507159,0.7655542,0.5555432,0.2060104,
1,36,105.779,0.4694644,1.016997,-0.4416503,0.2507159,0.7655542,0.5555432,0.2060104,
1,36,105.781,0.4694644,1.016997,-0.4416503,0.2507159,0.7655542,0.5555432,0.2060104,
1,36,105.783,0.4694644,1.016997,-0.4416503,0.2507159,0.7655542,0.5555432,0.2060104,
1,36,105.785,0.4696158,1.016787,-0.4427834,0.2527893,0.7645992,0.5562574,0.2050939,
1,36,105.787,0.4696158,1.016787,-0.4427834,0.2527893,0.7645992,0.5562574,0.2050939,
1,36,105.789,0.4696158,1.016787,-0.4427834,0.2527893,0.7645992,0.5562574,0.2050939,
1,36,105.791,0.4696158,1.016787,-0.4427834,0.2527893,0.7645992,0.5562574,0.2050939,
1,36,105.793,0.4701122,1.016809,-0.4441946,0.2547408,0.7634133,0.5572957,0.2042761,
1,36,105.795,0.4701122,1.016809,-0.4441946,0.2547408,0.7634133,0.5572957,0.2042761,
1,36,105.797,0.4701122,1.016809,-0.4441946,0.2547408,0.7634133,0.5572957,0.2042761,
1,36,105.799,0.4701122,1.016809,-0.4441946,0.2547408,0.7634133,0.5572957,0.2042761,
1,36,105.801,0.4704676,1.016722,-0.4455261,0.2563903,0.7624711,0.5584022,0.2027038,
1,36,105.803,0.4704676,1.016722,-0.4455261,0.2563903,0.7624711,0.5584022,0.2027038,
1,36,105.805,0.4704676,1.016722,-0.4455261,0.2563903,0.7624711,0.5584022,0.2027038,
1,36,105.807,0.4704676,1.016722,-0.4455261,0.2563903,0.7624711,0.5584022,0.2027038,
1,36,105.809,0.4707623,1.016641,-0.4468729,0.2582276,0.7614006,0.5594926,0.2013839,
1,36,105.811,0.4707623,1.016641,-0.4468729,0.2582276,0.7614006,0.5594926,0.2013839,
1,36,105.813,0.4707623,1.016641,-0.4468729,0.2582276,0.7614006,0.5594926,0.2013839,
1,36,105.815,0.4707623,1.016641,-0.4468729,0.2582276,0.7614006,0.5594926,0.2013839,
1,36,105.817,0.4707623,1.016641,-0.4468729,0.2582276,0.7614006,0.5594926,0.2013839,
1,36,105.819,0.4713318,1.016678,-0.4485219,0.2596791,0.7603514,0.5608343,0.1997433,
1,36,105.821,0.4713318,1.016678,-0.4485219,0.2596791,0.7603514,0.5608343,0.1997433,
1,36,105.823,0.4713318,1.016678,-0.4485219,0.2596791,0.7603514,0.5608343,0.1997433,
1,36,105.825,0.4713318,1.016678,-0.4485219,0.2596791,0.7603514,0.5608343,0.1997433,
1,36,105.827,0.4718457,1.016601,-0.4501385,0.2612609,0.7593113,0.5619932,0.1983753,
1,36,105.829,0.4718457,1.016601,-0.4501385,0.2612609,0.7593113,0.5619932,0.1983753,
1,36,105.831,0.4718457,1.016601,-0.4501385,0.2612609,0.7593113,0.5619932,0.1983753,
1,36,105.833,0.4718457,1.016601,-0.4501385,0.2612609,0.7593113,0.5619932,0.1983753,
1,36,105.835,0.4722491,1.016223,-0.4517895,0.2626041,0.7585737,0.5629973,0.1965687,
1,36,105.837,0.4722491,1.016223,-0.4517895,0.2626041,0.7585737,0.5629973,0.1965687,
1,36,105.839,0.4722491,1.016223,-0.4517895,0.2626041,0.7585737,0.5629973,0.1965687,
1,36,105.841,0.4722491,1.016223,-0.4517895,0.2626041,0.7585737,0.5629973,0.1965687,
1,36,105.843,0.4729467,1.01601,-0.4535376,0.2641983,0.7575908,0.5639479,0.1954953,
1,36,105.845,0.4729467,1.01601,-0.4535376,0.2641983,0.7575908,0.5639479,0.1954953,
1,36,105.847,0.4729467,1.01601,-0.4535376,0.2641983,0.7575908,0.5639479,0.1954953,
1,36,105.849,0.4729467,1.01601,-0.4535376,0.2641983,0.7575908,0.5639479,0.1954953,
1,36,105.851,0.4734876,1.015612,-0.455096,0.2654532,0.7569133,0.5648145,0.1939109,
1,36,105.853,0.4734876,1.015612,-0.455096,0.2654532,0.7569133,0.5648145,0.1939109,
1,36,105.855,0.4734876,1.015612,-0.455096,0.2654532,0.7569133,0.5648145,0.1939109,
1,36,105.857,0.4734876,1.015612,-0.455096,0.2654532,0.7569133,0.5648145,0.1939109,
1,36,105.859,0.474098,1.015235,-0.4566392,0.2667138,0.7562347,0.5656921,0.1922642,
1,36,105.861,0.474098,1.015235,-0.4566392,0.2667138,0.7562347,0.5656921,0.1922642,
1,36,105.863,0.474098,1.015235,-0.4566392,0.2667138,0.7562347,0.5656921,0.1922642,
1,36,105.865,0.474098,1.015235,-0.4566392,0.2667138,0.7562347,0.5656921,0.1922642,
1,36,105.867,0.474098,1.015235,-0.4566392,0.2667138,0.7562347,0.5656921,0.1922642,
1,36,105.869,0.4747925,1.014931,-0.4581605,0.2677271,0.7556273,0.5666332,0.190464,
1,36,105.871,0.4747925,1.014931,-0.4581605,0.2677271,0.7556273,0.5666332,0.190464,
1,36,105.873,0.4747925,1.014931,-0.4581605,0.2677271,0.7556273,0.5666332,0.190464,
1,36,105.875,0.4747925,1.014931,-0.4581605,0.2677271,0.7556273,0.5666332,0.190464,
1,36,105.877,0.4753181,1.014575,-0.459458,0.2687311,0.7551579,0.567481,0.1883754,
1,36,105.879,0.4753181,1.014575,-0.459458,0.2687311,0.7551579,0.567481,0.1883754,
1,36,105.881,0.4753181,1.014575,-0.459458,0.2687311,0.7551579,0.567481,0.1883754,
1,36,105.883,0.4753181,1.014575,-0.459458,0.2687311,0.7551579,0.567481,0.1883754,
1,36,105.885,0.4760509,1.014376,-0.4607494,0.2697304,0.7546396,0.5683354,0.1864388,
1,36,105.887,0.4760509,1.014376,-0.4607494,0.2697304,0.7546396,0.5683354,0.1864388,
1,36,105.889,0.4760509,1.014376,-0.4607494,0.2697304,0.7546396,0.5683354,0.1864388,
1,36,105.891,0.4760509,1.014376,-0.4607494,0.2697304,0.7546396,0.5683354,0.1864388,
1,36,105.893,0.4774507,1.015037,-0.4621714,0.2709139,0.7535441,0.5696111,0.1852573,
1,36,105.895,0.4774507,1.015037,-0.4621714,0.2709139,0.7535441,0.5696111,0.1852573,
1,36,105.897,0.4774507,1.015037,-0.4621714,0.2709139,0.7535441,0.5696111,0.1852573,
1,36,105.899,0.4774507,1.015037,-0.4621714,0.2709139,0.7535441,0.5696111,0.1852573,
1,36,105.901,0.4775071,1.014373,-0.4629139,0.2718987,0.7536746,0.5698046,0.1826701,
1,36,105.903,0.4775071,1.014373,-0.4629139,0.2718987,0.7536746,0.5698046,0.1826701,
1,36,105.905,0.4775071,1.014373,-0.4629139,0.2718987,0.7536746,0.5698046,0.1826701,
1,36,105.907,0.4775071,1.014373,-0.4629139,0.2718987,0.7536746,0.5698046,0.1826701,
1,36,105.909,0.4779496,1.01424,-0.4637496,0.273196,0.7534168,0.570143,0.180732,
1,36,105.911,0.4779496,1.01424,-0.4637496,0.273196,0.7534168,0.570143,0.180732,
1,36,105.913,0.4779496,1.01424,-0.4637496,0.273196,0.7534168,0.570143,0.180732,
1,36,105.915,0.4779496,1.01424,-0.4637496,0.273196,0.7534168,0.570143,0.180732,
1,36,105.917,0.4779496,1.01424,-0.4637496,0.273196,0.7534168,0.570143,0.180732,
1,36,105.919,0.4785321,1.014403,-0.4646024,0.2748078,0.752968,0.5704521,0.1791774,
1,36,105.921,0.4785321,1.014403,-0.4646024,0.2748078,0.752968,0.5704521,0.1791774,
1,36,105.923,0.4785321,1.014403,-0.4646024,0.2748078,0.752968,0.5704521,0.1791774,
1,36,105.925,0.4785321,1.014403,-0.4646024,0.2748078,0.752968,0.5704521,0.1791774,
1,36,105.927,0.4789526,1.014478,-0.465326,0.276488,0.7526903,0.5704997,0.1776001,
1,36,105.929,0.4789526,1.014478,-0.465326,0.276488,0.7526903,0.5704997,0.1776001,
1,36,105.931,0.4789526,1.014478,-0.465326,0.276488,0.7526903,0.5704997,0.1776001,
1,36,105.933,0.4789526,1.014478,-0.465326,0.276488,0.7526903,0.5704997,0.1776001,
1,36,105.935,0.479257,1.014423,-0.4658533,0.277972,0.7526323,0.5704569,0.1756568,
1,36,105.937,0.479257,1.014423,-0.4658533,0.277972,0.7526323,0.5704569,0.1756568,
1,36,105.939,0.479257,1.014423,-0.4658533,0.277972,0.7526323,0.5704569,0.1756568,
1,36,105.941,0.479257,1.014423,-0.4658533,0.277972,0.7526323,0.5704569,0.1756568,
1,36,105.943,0.4795673,1.014515,-0.4663442,0.2797445,0.7525001,0.5702326,0.1741309,
1,36,105.945,0.4795673,1.014515,-0.4663442,0.2797445,0.7525001,0.5702326,0.1741309,
1,36,105.947,0.4795673,1.014515,-0.4663442,0.2797445,0.7525001,0.5702326,0.1741309,
1,36,105.949,0.4795673,1.014515,-0.4663442,0.2797445,0.7525001,0.5702326,0.1741309,
1,36,105.951,0.4802217,1.014742,-0.4669413,0.2812321,0.7523178,0.5701226,0.1728777,
1,36,105.953,0.4802217,1.014742,-0.4669413,0.2812321,0.7523178,0.5701226,0.1728777,
1,36,105.955,0.4802217,1.014742,-0.4669413,0.2812321,0.7523178,0.5701226,0.1728777,
1,36,105.957,0.4802217,1.014742,-0.4669413,0.2812321,0.7523178,0.5701226,0.1728777,
1,36,105.959,0.4807133,1.014767,-0.4673291,0.2825385,0.752355,0.569886,0.1713591,
1,36,105.961,0.4807133,1.014767,-0.4673291,0.2825385,0.752355,0.569886,0.1713591,
1,36,105.963,0.4807133,1.014767,-0.4673291,0.2825385,0.752355,0.569886,0.1713591,
1,36,105.965,0.4807133,1.014767,-0.4673291,0.2825385,0.752355,0.569886,0.1713591,
1,36,105.967,0.4807133,1.014767,-0.4673291,0.2825385,0.752355,0.569886,0.1713591,
1,36,105.969,0.4811105,1.01486,-0.4676352,0.2838469,0.7524225,0.5695822,0.1699046,
1,36,105.971,0.4811105,1.01486,-0.4676352,0.2838469,0.7524225,0.5695822,0.1699046,
1,36,105.973,0.4811105,1.01486,-0.4676352,0.2838469,0.7524225,0.5695822,0.1699046,
1,36,105.975,0.4811105,1.01486,-0.4676352,0.2838469,0.7524225,0.5695822,0.1699046,
1,36,105.977,0.4816608,1.014943,-0.4678355,0.2848183,0.7525098,0.569401,0.1684936,
1,36,105.979,0.4816608,1.014943,-0.4678355,0.2848183,0.7525098,0.569401,0.1684936,
1,36,105.981,0.4816608,1.014943,-0.4678355,0.2848183,0.7525098,0.569401,0.1684936,
1,36,105.983,0.4816608,1.014943,-0.4678355,0.2848183,0.7525098,0.569401,0.1684936,
1,36,105.985,0.482236,1.015012,-0.4679829,0.2854882,0.7526801,0.5692842,0.1669871,
1,36,105.987,0.482236,1.015012,-0.4679829,0.2854882,0.7526801,0.5692842,0.1669871,
1,36,105.989,0.482236,1.015012,-0.4679829,0.2854882,0.7526801,0.5692842,0.1669871,
1,36,105.991,0.482236,1.015012,-0.4679829,0.2854882,0.7526801,0.5692842,0.1669871,
1,36,105.993,0.4826539,1.014747,-0.4680588,0.2858294,0.7532067,0.5689375,0.1652007,
1,36,105.995,0.4826539,1.014747,-0.4680588,0.2858294,0.7532067,0.5689375,0.1652007,
1,36,105.997,0.4826539,1.014747,-0.4680588,0.2858294,0.7532067,0.5689375,0.1652007,
1,36,105.999,0.4826539,1.014747,-0.4680588,0.2858294,0.7532067,0.5689375,0.1652007,
1,36,106.001,0.4832409,1.014687,-0.4681397,0.2862564,0.7535282,0.5686611,0.1639421,
1,36,106.003,0.4832409,1.014687,-0.4681397,0.2862564,0.7535282,0.5686611,0.1639421,
1,36,106.005,0.4832409,1.014687,-0.4681397,0.2862564,0.7535282,0.5686611,0.1639421,
1,36,106.007,0.4832409,1.014687,-0.4681397,0.2862564,0.7535282,0.5686611,0.1639421,
1,36,106.009,0.4837504,1.014589,-0.4682291,0.2864756,0.7539526,0.5683551,0.1626651,
1,36,106.011,0.4837504,1.014589,-0.4682291,0.2864756,0.7539526,0.5683551,0.1626651,
1,36,106.013,0.4837504,1.014589,-0.4682291,0.2864756,0.7539526,0.5683551,0.1626651,
1,36,106.015,0.4837504,1.014589,-0.4682291,0.2864756,0.7539526,0.5683551,0.1626651,
1,36,106.017,0.4837504,1.014589,-0.4682291,0.2864756,0.7539526,0.5683551,0.1626651,
1,36,106.019,0.4845486,1.015054,-0.468502,0.286759,0.754069,0.5683054,0.1617967,
1,36,106.021,0.4845486,1.015054,-0.468502,0.286759,0.754069,0.5683054,0.1617967,
1,36,106.023,0.4845486,1.015054,-0.468502,0.286759,0.754069,0.5683054,0.1617967,
1,36,106.025,0.4845486,1.015054,-0.468502,0.286759,0.754069,0.5683054,0.1617967,
1,36,106.027,0.4849282,1.015116,-0.4685507,0.2874011,0.754326,0.5677798,0.1613045,
1,36,106.029,0.4849282,1.015116,-0.4685507,0.2874011,0.754326,0.5677798,0.1613045,
1,36,106.031,0.4849282,1.015116,-0.4685507,0.2874011,0.754326,0.5677798,0.1613045,
1,36,106.033,0.4849282,1.015116,-0.4685507,0.2874011,0.754326,0.5677798,0.1613045,
1,36,106.035,0.4848369,1.014821,-0.4684045,0.2880495,0.754895,0.5668826,0.1606397,
1,36,106.037,0.4848369,1.014821,-0.4684045,0.2880495,0.754895,0.5668826,0.1606397,
1,36,106.039,0.4848369,1.014821,-0.4684045,0.2880495,0.754895,0.5668826,0.1606397,
1,36,106.041,0.4848369,1.014821,-0.4684045,0.2880495,0.754895,0.5668826,0.1606397,
1,36,106.043,0.4851916,1.014911,-0.4684825,0.288425,0.7552373,0.5663252,0.1603225,
1,36,106.045,0.4851916,1.014911,-0.4684825,0.288425,0.7552373,0.5663252,0.1603225,
1,36,106.047,0.4851916,1.014911,-0.4684825,0.288425,0.7552373,0.5663252,0.1603225,
1,36,106.049,0.4851916,1.014911,-0.4684825,0.288425,0.7552373,0.5663252,0.1603225,
1,36,106.051,0.4854804,1.015157,-0.4685434,0.2888598,0.7554847,0.5658137,0.1601808,
1,36,106.053,0.4854804,1.015157,-0.4685434,0.2888598,0.7554847,0.5658137,0.1601808,
1,36,106.055,0.4854804,1.015157,-0.4685434,0.2888598,0.7554847,0.5658137,0.1601808,
1,36,106.057,0.4854804,1.015157,-0.4685434,0.2888598,0.7554847,0.5658137,0.1601808,
1,36,106.059,0.4856121,1.015169,-0.4684831,0.2892128,0.7558892,0.5651214,0.160079,
1,36,106.061,0.4856121,1.015169,-0.4684831,0.2892128,0.7558892,0.5651214,0.160079,
1,36,106.063,0.4856121,1.015169,-0.4684831,0.2892128,0.7558892,0.5651214,0.160079,
1,36,106.065,0.4856121,1.015169,-0.4684831,0.2892128,0.7558892,0.5651214,0.160079,
1,36,106.067,0.4856121,1.015169,-0.4684831,0.2892128,0.7558892,0.5651214,0.160079,
1,36,106.069,0.485933,1.015502,-0.4685275,0.2897294,0.7560246,0.5645735,0.1604382,
1,36,106.071,0.485933,1.015502,-0.4685275,0.2897294,0.7560246,0.5645735,0.1604382,
1,36,106.073,0.485933,1.015502,-0.4685275,0.2897294,0.7560246,0.5645735,0.1604382,
1,36,106.075,0.485933,1.015502,-0.4685275,0.2897294,0.7560246,0.5645735,0.1604382,
1,36,106.077,0.4860411,1.015694,-0.4685337,0.2902166,0.7562162,0.5639613,0.1608081,
1,36,106.079,0.4860411,1.015694,-0.4685337,0.2902166,0.7562162,0.5639613,0.1608081,
1,36,106.081,0.4860411,1.015694,-0.4685337,0.2902166,0.7562162,0.5639613,0.1608081,
1,36,106.083,0.4860411,1.015694,-0.4685337,0.2902166,0.7562162,0.5639613,0.1608081,
1,36,106.085,0.4860761,1.015886,-0.4685281,0.2905228,0.7563837,0.5635032,0.1610721,
1,36,106.087,0.4860761,1.015886,-0.4685281,0.2905228,0.7563837,0.5635032,0.1610721,
1,36,106.089,0.4860761,1.015886,-0.4685281,0.2905228,0.7563837,0.5635032,0.1610721,
1,36,106.091,0.4860761,1.015886,-0.4685281,0.2905228,0.7563837,0.5635032,0.1610721,
1,36,106.093,0.4861653,1.016147,-0.468536,0.2906651,0.7564813,0.5631748,0.1615051,
1,36,106.095,0.4861653,1.016147,-0.468536,0.2906651,0.7564813,0.5631748,0.1615051,
1,36,106.097,0.4861653,1.016147,-0.468536,0.2906651,0.7564813,0.5631748,0.1615051,
1,36,106.099,0.4861653,1.016147,-0.468536,0.2906651,0.7564813,0.5631748,0.1615051,
1,36,106.101,0.4861121,1.016324,-0.4684668,0.2907782,0.756608,0.5628197,0.1619459,
1,36,106.103,0.4861121,1.016324,-0.4684668,0.2907782,0.756608,0.5628197,0.1619459,
1,36,106.105,0.4861121,1.016324,-0.4684668,0.2907782,0.756608,0.5628197,0.1619459,
1,36,106.107,0.4861121,1.016324,-0.4684668,0.2907782,0.756608,0.5628197,0.1619459,
1,36,106.109,0.4862023,1.016476,-0.4685025,0.2909364,0.7566403,0.562386,0.1630139,
1,36,106.111,0.4862023,1.016476,-0.4685025,0.2909364,0.7566403,0.562386,0.1630139,
1,36,106.113,0.4862023,1.016476,-0.4685025,0.2909364,0.7566403,0.562386,0.1630139,
1,36,106.115,0.4862023,1.016476,-0.4685025,0.2909364,0.7566403,0.562386,0.1630139,
1,36,106.117,0.4862023,1.016476,-0.4685025,0.2909364,0.7566403,0.562386,0.1630139,
1,36,106.119,0.4861997,1.016539,-0.4684693,0.2910593,0.7566836,0.5619482,0.1640994,
1,36,106.121,0.4861997,1.016539,-0.4684693,0.2910593,0.7566836,0.5619482,0.1640994,
1,36,106.123,0.4861997,1.016539,-0.4684693,0.2910593,0.7566836,0.5619482,0.1640994,
1,36,106.125,0.4861997,1.016539,-0.4684693,0.2910593,0.7566836,0.5619482,0.1640994,
1,36,106.127,0.4861107,1.016663,-0.4684144,0.2910751,0.7566995,0.5616586,0.1649873,
1,36,106.129,0.4861107,1.016663,-0.4684144,0.2910751,0.7566995,0.5616586,0.1649873,
1,36,106.131,0.4861107,1.016663,-0.4684144,0.2910751,0.7566995,0.5616586,0.1649873,
1,36,106.133,0.4861107,1.016663,-0.4684144,0.2910751,0.7566995,0.5616586,0.1649873,
1,36,106.135,0.4861595,1.016708,-0.4684116,0.2909274,0.7566428,0.5614835,0.1661002,
1,36,106.137,0.4861595,1.016708,-0.4684116,0.2909274,0.7566428,0.5614835,0.1661002,
1,36,106.139,0.4861595,1.016708,-0.4684116,0.2909274,0.7566428,0.5614835,0.1661002,
1,36,106.141,0.4861595,1.016708,-0.4684116,0.2909274,0.7566428,0.5614835,0.1661002,
1,36,106.143,0.486031,1.016628,-0.4683633,0.2904838,0.7567028,0.561438,0.1667559,
1,36,106.145,0.486031,1.016628,-0.4683633,0.2904838,0.7567028,0.561438,0.1667559,
1,36,106.147,0.486031,1.016628,-0.4683633,0.2904838,0.7567028,0.561438,0.1667559,
1,36,106.149,0.486031,1.016628,-0.4683633,0.2904838,0.7567028,0.561438,0.1667559,
1,36,106.151,0.4858069,1.016653,-0.4683097,0.2898496,0.7567546,0.5615885,0.1671166,
1,36,106.153,0.4858069,1.016653,-0.4683097,0.2898496,0.7567546,0.5615885,0.1671166,
1,36,106.155,0.4858069,1.016653,-0.4683097,0.2898496,0.7567546,0.5615885,0.1671166,
1,36,106.157,0.4858069,1.016653,-0.4683097,0.2898496,0.7567546,0.5615885,0.1671166,
1,36,106.159,0.4855927,1.016721,-0.4682522,0.289256,0.7567652,0.5617565,0.1675322,
1,36,106.161,0.4855927,1.016721,-0.4682522,0.289256,0.7567652,0.5617565,0.1675322,
1,36,106.163,0.4855927,1.016721,-0.4682522,0.289256,0.7567652,0.5617565,0.1675322,
1,36,106.165,0.4855927,1.016721,-0.4682522,0.289256,0.7567652,0.5617565,0.1675322,
1,36,106.167,0.4855927,1.016721,-0.4682522,0.289256,0.7567652,0.5617565,0.1675322,
1,36,106.169,0.4856257,1.016835,-0.4683369,0.2886413,0.7566364,0.5619618,0.1684826,
1,36,106.171,0.4856257,1.016835,-0.4683369,0.2886413,0.7566364,0.5619618,0.1684826,
1,36,106.173,0.4856257,1.016835,-0.4683369,0.2886413,0.7566364,0.5619618,0.1684826,
1,36,106.175,0.4856257,1.016835,-0.4683369,0.2886413,0.7566364,0.5619618,0.1684826,
1,36,106.177,0.4857309,1.016964,-0.4683803,0.2883146,0.7563547,0.5620265,0.170084,
1,36,106.179,0.4857309,1.016964,-0.4683803,0.2883146,0.7563547,0.5620265,0.170084,
1,36,106.181,0.4857309,1.016964,-0.4683803,0.2883146,0.7563547,0.5620265,0.170084,CourtEnter
1,36,106.183,0.4857309,1.016964,-0.4683803,0.2883146,0.7563547,0.5620265,0.170084,
1,36,106.185,0.4857954,1.017147,-0.4684443,0.2880087,0.7560811,0.5620878,0.1716092,
1,36,106.187,0.4857954,1.017147,-0.4684443,0.2880087,0.7560811,0.5620878,0.1716092,
1,36,106.189,0.4857954,1.017147,-0.4684443,0.2880087,0.7560811,0.5620878,0.1716092,CourtExit
1,36,106.191,0.4857954,1.017147,-0.4684443,0.2880087,0.7560811,0.5620878,0.1716092,
1,36,106.193,0.4856537,1.017189,-0.468399,0.2877117,0.7559062,0.562065,0.1729471,
1,36,106.195,0.4856537,1.017189,-0.468399,0.2877117,0.7559062,0.562065,0.1729471,
1,36,106.197,0.4856537,1.017189,-0.468399,0.2877117,0.7559062,0.562065,0.1729471,
1,36,106.199,0.4856537,1.017189,-0.468399,0.2877117,0.7559062,0.562065,0.1729471,
1,36,106.201,0.4855295,1.017473,-0.468334,0.2871523,0.7557508,0.5622886,0.1738269,
1,36,106.203,0.4855295,1.017473,-0.468334,0.2871523,0.7557508,0.5622886,0.1738269,
1,36,106.205,0.4855295,1.017473,-0.468334,0.2871523,0.7557508,0.5622886,0.1738269,
1,36,106.207,0.4855295,1.017473,-0.468334,0.2871523,0.7557508,0.5622886,0.1738269,
1,36,106.209,0.4855109,1.017655,-0.4682107,0.2867,0.7555789,0.5623614,0.175081,
1,36,106.211,0.4855109,1.017655,-0.4682107,0.2867,0.7555789,0.5623614,0.175081,
1,36,106.213,0.4855109,1.017655,-0.4682107,0.2867,0.7555789,0.5623614,0.175081,
1,36,106.215,0.4855109,1.017655,-0.4682107,0.2867,0.7555789,0.5623614,0.175081,
1,36,106.217,0.4855109,1.017655,-0.4682107,0.2867,0.7555789,0.5623614,0.175081,
1,36,106.219,0.4853966,1.017657,-0.4680248,0.286179,0.7555469,0.5623193,0.176203,
1,36,106.221,0.4853966,1.017657,-0.4680248,0.286179,0.7555469,0.5623193,0.176203,
1,36,106.223,0.4853966,1.017657,-0.4680248,0.286179,0.7555469,0.5623193,0.176203,
1,36,106.225,0.4853966,1.017657,-0.4680248,0.286179,0.7555469,0.5623193,0.176203,
1,36,106.227,0.4852337,1.017809,-0.4677994,0.2856771,0.7555186,0.5623291,0.1771055,
1,36,106.229,0.4852337,1.017809,-0.4677994,0.2856771,0.7555186,0.5623291,0.1771055,
1,36,106.231,0.4852337,1.017809,-0.4677994,0.2856771,0.7555186,0.5623291,0.1771055,
1,36,106.233,0.4852337,1.017809,-0.4677994,0.2856771,0.7555186,0.5623291,0.1771055,
1,36,106.235,0.4849765,1.01801,-0.4675037,0.2853395,0.7554464,0.5623013,0.1780434,
1,36,106.237,0.4849765,1.01801,-0.4675037,0.2853395,0.7554464,0.5623013,0.1780434,
1,36,106.239,0.4849765,1.01801,-0.4675037,0.2853395,0.7554464,0.5623013,0.1780434,
1,36,106.241,0.4849765,1.01801,-0.4675037,0.2853395,0.7554464,0.5623013,0.1780434,
1,36,106.243,0.4848402,1.018382,-0.4672951,0.285318,0.7550968,0.5623249,0.1794804,
1,36,106.245,0.4848402,1.018382,-0.4672951,0.285318,0.7550968,0.5623249,0.1794804,
1,36,106.247,0.4848402,1.018382,-0.4672951,0.285318,0.7550968,0.5623249,0.1794804,
1,36,106.249,0.4848402,1.018382,-0.4672951,0.285318,0.7550968,0.5623249,0.1794804,
1,36,106.251,0.4847665,1.018701,-0.4671289,0.2851612,0.7548209,0.562314,0.1809186,
1,36,106.253,0.4847665,1.018701,-0.4671289,0.2851612,0.7548209,0.562314,0.1809186,
1,36,106.255,0.4847665,1.018701,-0.4671289,0.2851612,0.7548209,0.562314,0.1809186,
1,36,106.257,0.4847665,1.018701,-0.4671289,0.2851612,0.7548209,0.562314,0.1809186,
1,36,106.259,0.484617,1.019029,-0.4668417,0.2850046,0.7546054,0.5622912,0.1821311,
1,36,106.261,0.484617,1.019029,-0.4668417,0.2850046,0.7546054,0.5622912,0.1821311,
1,36,106.263,0.484617,1.019029,-0.4668417,0.2850046,0.7546054,0.5622912,0.1821311,
1,36,106.265,0.484617,1.019029,-0.4668417,0.2850046,0.7546054,0.5622912,0.1821311,
1,36,106.267,0.484617,1.019029,-0.4668417,0.2850046,0.7546054,0.5622912,0.1821311,
1,36,106.269,0.4844094,1.019405,-0.4664441,0.2849384,0.7544037,0.5622692,0.1831358,
1,36,106.271,0.4844094,1.019405,-0.4664441,0.2849384,0.7544037,0.5622692,0.1831358,
1,36,106.273,0.4844094,1.019405,-0.4664441,0.2849384,0.7544037,0.5622692,0.1831358,
1,36,106.275,0.4844094,1.019405,-0.4664441,0.2849384,0.7544037,0.5622692,0.1831358,
1,36,106.277,0.4840313,1.019759,-0.4659355,0.284779,0.7543344,0.5622621,0.1836893,
1,36,106.279,0.4840313,1.019759,-0.4659355,0.284779,0.7543344,0.5622621,0.1836893,
1,36,106.281,0.4840313,1.019759,-0.4659355,0.284779,0.7543344,0.5622621,0.1836893,
1,36,106.283,0.4840313,1.019759,-0.4659355,0.284779,0.7543344,0.5622621,0.1836893,
1,36,106.285,0.4836861,1.020182,-0.4654465,0.2843086,0.7543408,0.5624521,0.1838102,
1,36,106.287,0.4836861,1.020182,-0.4654465,0.2843086,0.7543408,0.5624521,0.1838102,
1,36,106.289,0.4836861,1.020182,-0.4654465,0.2843086,0.7543408,0.5624521,0.1838102,
1,36,106.291,0.4836861,1.020182,-0.4654465,0.2843086,0.7543408,0.5624521,0.1838102,
1,36,106.293,0.4836569,1.020523,-0.464974,0.2825591,0.7547569,0.5632154,0.1824576,
1,36,106.295,0.4836569,1.020523,-0.464974,0.2825591,0.7547569,0.5632154,0.1824576,
1,36,106.297,0.4836569,1.020523,-0.464974,0.2825591,0.7547569,0.5632154,0.1824576,
1,36,106.299,0.4836569,1.020523,-0.464974,0.2825591,0.7547569,0.5632154,0.1824576,
1,36,106.301,0.4838038,1.020807,-0.4645165,0.2787245,0.7558756,0.5649951,0.1781721,
1,36,106.303,0.4838038,1.020807,-0.4645165,0.2787245,0.7558756,0.5649951,0.1781721,
1,36,106.305,0.4838038,1.020807,-0.4645165,0.2787245,0.7558756,0.5649951,0.1781721,
1,36,106.307,0.4838038,1.020807,-0.4645165,0.2787245,0.7558756,0.5649951,0.1781721,
1,36,106.309,0.4842096,1.021105,-0.4640108,0.2737859,0.7571416,0.5675226,0.1723251,
1,36,106.311,0.4842096,1.021105,-0.4640108,0.2737859,0.7571416,0.5675226,0.1723251,
1,36,106.313,0.4842096,1.021105,-0.4640108,0.2737859,0.7571416,0.5675226,0.1723251,
1,36,106.315,0.4842096,1.021105,-0.4640108,0.2737859,0.7571416,0.5675226,0.1723251,
1,36,106.317,0.4842096,1.021105,-0.4640108,0.2737859,0.7571416,0.5675226,0.1723251,
1,36,106.319,0.4846631,1.021294,-0.463444,0.2683833,0.7584506,0.5703321,0.165664,
1,36,106.321,0.4846631,1.021294,-0.463444,0.2683833,0.7584506,0.5703321,0.165664,
1,36,106.323,0.4846631,1.021294,-0.463444,0.2683833,0.7584506,0.5703321,0.165664,
1,36,106.325,0.4846631,1.021294,-0.463444,0.2683833,0.7584506,0.5703321,0.165664,
1,36,106.327,0.485307,1.021361,-0.4629028,0.2633661,0.7595973,0.5729196,0.1594161,
1,36,106.329,0.485307,1.021361,-0.4629028,0.2633661,0.7595973,0.5729196,0.1594161,
1,36,106.331,0.485307,1.021361,-0.4629028,0.2633661,0.7595973,0.5729196,0.1594161,
1,36,106.333,0.485307,1.021361,-0.4629028,0.2633661,0.7595973,0.5729196,0.1594161,
1,36,106.335,0.486111,1.02135,-0.462383,0.2589284,0.7605375,0.5753118,0.1534769,
1,36,106.337,0.486111,1.02135,-0.462383,0.2589284,0.7605375,0.5753118,0.1534769,
1,36,106.339,0.486111,1.02135,-0.462383,0.2589284,0.7605375,0.5753118,0.1534769,
1,36,106.341,0.486111,1.02135,-0.462383,0.2589284,0.7605375,0.5753118,0.1534769,
1,36,106.343,0.4869167,1.021223,-0.4619619,0.2556022,0.7610702,0.5773899,0.1485285,
1,36,106.345,0.4869167,1.021223,-0.4619619,0.2556022,0.7610702,0.5773899,0.1485285,
1,36,106.347,0.4869167,1.021223,-0.4619619,0.2556022,0.7610702,0.5773899,0.1485285,
1,36,106.349,0.4869167,1.021223,-0.4619619,0.2556022,0.7610702,0.5773899,0.1485285,
1,36,106.351,0.4876205,1.021403,-0.461612,0.2540832,0.760885,0.5791986,0.1449993,
1,36,106.353,0.4876205,1.021403,-0.461612,0.2540832,0.760885,0.5791986,0.1449993,
1,36,106.355,0.4876205,1.021403,-0.461612,0.2540832,0.760885,0.5791986,0.1449993,
1,36,106.357,0.4876205,1.021403,-0.461612,0.2540832,0.760885,0.5791986,0.1449993,
1,36,106.359,0.4878197,1.021827,-0.4611866,0.2552656,0.759763,0.5805843,0.1432541,
1,36,106.361,0.4878197,1.021827,-0.4611866,0.2552656,0.759763,0.5805843,0.1432541,
1,36,106.363,0.4878197,1.021827,-0.4611866,0.2552656,0.759763,0.5805843,0.1432541,
1,36,106.365,0.4878197,1.021827,-0.4611866,0.2552656,0.759763,0.5805843,0.1432541,
1,36,106.367,0.4878197,1.021827,-0.4611866,0.2552656,0.759763,0.5805843,0.1432541,
1,36,106.369,0.4879197,1.022544,-0.4607445,0.2598872,0.7574109,0.5812186,0.1448187,
1,36,106.371,0.4879197,1.022544,-0.4607445,0.2598872,0.7574109,0.5812186,0.1448187,
1,36,106.373,0.4879197,1.022544,-0.4607445,0.2598872,0.7574109,0.5812186,0.1448187,
1,36,106.375,0.4879197,1.022544,-0.4607445,0.2598872,0.7574109,0.5812186,0.1448187,
1,36,106.377,0.4878677,1.023564,-0.4602342,0.2686294,0.7537781,0.5806407,0.1500438,
1,36,106.379,0.4878677,1.023564,-0.4602342,0.2686294,0.7537781,0.5806407,0.1500438,
1,36,106.381,0.4878677,1.023564,-0.4602342,0.2686294,0.7537781,0.5806407,0.1500438,
1,36,106.383,0.4878677,1.023564,-0.4602342,0.2686294,0.7537781,0.5806407,0.1500438,
1,36,106.385,0.4868062,1.024348,-0.4592708,0.2821205,0.7491435,0.5779628,0.1585916,
1,36,106.387,0.4868062,1.024348,-0.4592708,0.2821205,0.7491435,0.5779628,0.1585916,
1,36,106.389,0.4868062,1.024348,-0.4592708,0.2821205,0.7491435,0.5779628,0.1585916,
1,36,106.391,0.4868062,1.024348,-0.4592708,0.2821205,0.7491435,0.5779628,0.1585916,
1,36,106.393,0.4856212,1.025376,-0.4580944,0.3010897,0.7426395,0.5729917,0.171791,
1,36,106.395,0.4856212,1.025376,-0.4580944,0.3010897,0.7426395,0.5729917,0.171791,
1,36,106.397,0.4856212,1.025376,-0.4580944,0.3010897,0.7426395,0.5729917,0.171791,
1,36,106.399,0.4856212,1.025376,-0.4580944,0.3010897,0.7426395,0.5729917,0.171791,
1,36,106.401,0.4832359,1.02632,-0.4562333,0.3255868,0.7343251,0.5650702,0.1882969,
1,36,106.403,0.4832359,1.02632,-0.4562333,0.3255868,0.7343251,0.5650702,0.1882969,
1,36,106.405,0.4832359,1.02632,-0.4562333,0.3255868,0.7343251,0.5650702,0.1882969,
1,36,106.407,0.4832359,1.02632,-0.4562333,0.3255868,0.7343251,0.5650702,0.1882969,
1,36,106.409,0.4809173,1.028175,-0.4539961,0.3545277,0.7234373,0.5549881,0.2072118,
1,36,106.411,0.4809173,1.028175,-0.4539961,0.3545277,0.7234373,0.5549881,0.2072118,
1,36,106.413,0.4809173,1.028175,-0.4539961,0.3545277,0.7234373,0.5549881,0.2072118,
1,36,106.415,0.4809173,1.028175,-0.4539961,0.3545277,0.7234373,0.5549881,0.2072118,
1,36,106.417,0.4809173,1.028175,-0.4539961,0.3545277,0.7234373,0.5549881,0.2072118,
1,36,106.419,0.4773046,1.030369,-0.450663,0.3885289,0.7100053,0.5416814,0.2269782,
1,36,106.421,0.4773046,1.030369,-0.450663,0.3885289,0.7100053,0.5416814,0.2269782,
1,36,106.423,0.4773046,1.030369,-0.450663,0.3885289,0.7100053,0.5416814,0.2269782,
1,36,106.425,0.4773046,1.030369,-0.450663,0.3885289,0.7100053,0.5416814,0.2269782,
1,36,106.427,0.4733897,1.033816,-0.446679,0.4239172,0.6948031,0.527419,0.243664,
1,36,106.429,0.4733897,1.033816,-0.446679,0.4239172,0.6948031,0.527419,0.243664,
1,36,106.431,0.4733897,1.033816,-0.446679,0.4239172,0.6948031,0.527419,0.243664,
1,36,106.433,0.4733897,1.033816,-0.446679,0.4239172,0.6948031,0.527419,0.243664,
1,36,106.435,0.4692045,1.038074,-0.4418972,0.4587317,0.679016,0.5134761,0.2546467,
1,36,106.437,0.4692045,1.038074,-0.4418972,0.4587317,0.679016,0.5134761,0.2546467,
1,36,106.439,0.4692045,1.038074,-0.4418972,0.4587317,0.679016,0.5134761,0.2546467,
1,36,106.441,0.4692045,1.038074,-0.4418972,0.4587317,0.679016,0.5134761,0.2546467,
1,36,106.443,0.4645124,1.042845,-0.4361691,0.4921382,0.6634611,0.5006746,0.2587358,
1,36,106.445,0.4645124,1.042845,-0.4361691,0.4921382,0.6634611,0.5006746,0.2587358,
1,36,106.447,0.4645124,1.042845,-0.4361691,0.4921382,0.6634611,0.5006746,0.2587358,
1,36,106.449,0.4645124,1.042845,-0.4361691,0.4921382,0.6634611,0.5006746,0.2587358,
1,36,106.451,0.4594139,1.047677,-0.4296111,0.5231815,0.6489067,0.4899828,0.2551824,
1,36,106.453,0.4594139,1.047677,-0.4296111,0.5231815,0.6489067,0.4899828,0.2551824,
1,36,106.455,0.4594139,1.047677,-0.4296111,0.5231815,0.6489067,0.4899828,0.2551824,
1,36,106.457,0.4594139,1.047677,-0.4296111,0.5231815,0.6489067,0.4899828,0.2551824,
1,36,106.459,0.4542055,1.052264,-0.4223689,0.552434,0.6348968,0.4805403,0.2465847,
1,36,106.461,0.4542055,1.052264,-0.4223689,0.552434,0.6348968,0.4805403,0.2465847,
1,36,106.463,0.4542055,1.052264,-0.4223689,0.552434,0.6348968,0.4805403,0.2465847,
1,36,106.465,0.4542055,1.052264,-0.4223689,0.552434,0.6348968,0.4805403,0.2465847,
1,36,106.467,0.4542055,1.052264,-0.4223689,0.552434,0.6348968,0.4805403,0.2465847,
1,36,106.469,0.4495925,1.056414,-0.4148303,0.5814481,0.6201652,0.4708919,0.235742,
1,36,106.471,0.4495925,1.056414,-0.4148303,0.5814481,0.6201652,0.4708919,0.235742,
1,36,106.473,0.4495925,1.056414,-0.4148303,0.5814481,0.6201652,0.4708919,0.235742,
1,36,106.475,0.4495925,1.056414,-0.4148303,0.5814481,0.6201652,0.4708919,0.235742,
1,36,106.477,0.4451478,1.059937,-0.4067182,0.609771,0.605195,0.4605422,0.2232023,
1,36,106.479,0.4451478,1.059937,-0.4067182,0.609771,0.605195,0.4605422,0.2232023,
1,36,106.481,0.4451478,1.059937,-0.4067182,0.609771,0.605195,0.4605422,0.2232023,
1,36,106.483,0.4451478,1.059937,-0.4067182,0.609771,0.605195,0.4605422,0.2232023,
1,36,106.485,0.4419276,1.062563,-0.3984287,0.6377183,0.5893584,0.4488052,0.2110588,
1,36,106.487,0.4419276,1.062563,-0.3984287,0.6377183,0.5893584,0.4488052,0.2110588,
1,36,106.489,0.4419276,1.062563,-0.3984287,0.6377183,0.5893584,0.4488052,0.2110588,
1,36,106.491,0.4419276,1.062563,-0.3984287,0.6377183,0.5893584,0.4488052,0.2110588,
1,36,106.493,0.4396538,1.063996,-0.389916,0.6655452,0.5727426,0.4346575,0.2002208,
1,36,106.495,0.4396538,1.063996,-0.389916,0.6655452,0.5727426,0.4346575,0.2002208,
1,36,106.497,0.4396538,1.063996,-0.389916,0.6655452,0.5727426,0.4346575,0.2002208,
1,36,106.499,0.4396538,1.063996,-0.389916,0.6655452,0.5727426,0.4346575,0.2002208,
1,36,106.501,0.4382291,1.063972,-0.3813219,0.6917208,0.5564526,0.4196036,0.1892503,
1,36,106.503,0.4382291,1.063972,-0.3813219,0.6917208,0.5564526,0.4196036,0.1892503,
1,36,106.505,0.4382291,1.063972,-0.3813219,0.6917208,0.5564526,0.4196036,0.1892503,
1,36,106.507,0.4382291,1.063972,-0.3813219,0.6917208,0.5564526,0.4196036,0.1892503,
1,36,106.509,0.4382517,1.061661,-0.3685243,0.7257289,0.5336166,0.3994752,0.1702661,
1,36,106.511,0.4382517,1.061661,-0.3685243,0.7257289,0.5336166,0.3994752,0.1702661,
1,36,106.513,0.4382517,1.061661,-0.3685243,0.7257289,0.5336166,0.3994752,0.1702661,
1,36,106.515,0.4382517,1.061661,-0.3685243,0.7257289,0.5336166,0.3994752,0.1702661,
1,36,106.517,0.4382517,1.061661,-0.3685243,0.7257289,0.5336166,0.3994752,0.1702661,
1,36,106.519,0.4398087,1.058314,-0.3604234,0.7449349,0.519475,0.3883142,0.1563005,
1,36,106.521,0.4398087,1.058314,-0.3604234,0.7449349,0.519475,0.3883142,0.1563005,
1,36,106.523,0.4398087,1.058314,-0.3604234,0.7449349,0.519475,0.3883142,0.1563005,
1,36,106.525,0.4398087,1.058314,-0.3604234,0.7449349,0.519475,0.3883142,0.1563005,
1,36,106.527,0.4421276,1.053873,-0.3528014,0.761616,0.506439,0.3787509,0.1414516,
1,36,106.529,0.4421276,1.053873,-0.3528014,0.761616,0.506439,0.3787509,0.1414516,
1,36,106.531,0.4421276,1.053873,-0.3528014,0.761616,0.506439,0.3787509,0.1414516,
1,36,106.533,0.4421276,1.053873,-0.3528014,0.761616,0.506439,0.3787509,0.1414516,
1,36,106.535,0.4448346,1.048448,-0.3457622,0.7766834,0.4944207,0.3691729,0.1265794,
1,36,106.537,0.4448346,1.048448,-0.3457622,0.7766834,0.4944207,0.3691729,0.1265794,
1,36,106.539,0.4448346,1.048448,-0.3457622,0.7766834,0.4944207,0.3691729,0.1265794,
1,36,106.541,0.4448346,1.048448,-0.3457622,0.7766834,0.4944207,0.3691729,0.1265794,
1,36,106.543,0.4476801,1.042488,-0.3395329,0.7909589,0.483319,0.3580604,0.1121578,
1,36,106.545,0.4476801,1.042488,-0.3395329,0.7909589,0.483319,0.3580604,0.1121578,
1,36,106.547,0.4476801,1.042488,-0.3395329,0.7909589,0.483319,0.3580604,0.1121578,
1,36,106.549,0.4476801,1.042488,-0.3395329,0.7909589,0.483319,0.3580604,0.1121578,
1,36,106.551,0.4505351,1.036539,-0.3340327,0.8049417,0.4728463,0.3446006,0.09866942,
1,36,106.553,0.4505351,1.036539,-0.3340327,0.8049417,0.4728463,0.3446006,0.09866942,
1,36,106.555,0.4505351,1.036539,-0.3340327,0.8049417,0.4728463,0.3446006,0.09866942,
1,36,106.557,0.4505351,1.036539,-0.3340327,0.8049417,0.4728463,0.3446006,0.09866942,
1,36,106.559,0.4526755,1.031461,-0.3292075,0.8180892,0.4630412,0.3304827,0.08428478,
1,36,106.561,0.4526755,1.031461,-0.3292075,0.8180892,0.4630412,0.3304827,0.08428478,
1,36,106.563,0.4526755,1.031461,-0.3292075,0.8180892,0.4630412,0.3304827,0.08428478,
1,36,106.565,0.4526755,1.031461,-0.3292075,0.8180892,0.4630412,0.3304827,0.08428478,
1,36,106.567,0.4526755,1.031461,-0.3292075,0.8180892,0.4630412,0.3304827,0.08428478,
1,36,106.569,0.4538558,1.02749,-0.3248051,0.8298165,0.453935,0.3174739,0.06751192,
1,36,106.571,0.4538558,1.02749,-0.3248051,0.8298165,0.453935,0.3174739,0.06751192,
1,36,106.573,0.4538558,1.02749,-0.3248051,0.8298165,0.453935,0.3174739,0.06751192,
1,36,106.575,0.4538558,1.02749,-0.3248051,0.8298165,0.453935,0.3174739,0.06751192,
1,36,106.577,0.4539639,1.025111,-0.3203615,0.8406996,0.4448963,0.3048525,0.04854238,
1,36,106.579,0.4539639,1.025111,-0.3203615,0.8406996,0.4448963,0.3048525,0.04854238,
1,36,106.581,0.4539639,1.025111,-0.3203615,0.8406996,0.4448963,0.3048525,0.04854238,
1,36,106.583,0.4539639,1.025111,-0.3203615,0.8406996,0.4448963,0.3048525,0.04854238,
1,36,106.585,0.4523392,1.025279,-0.3123076,0.855834,0.430918,0.2855491,0.01787584,
1,36,106.587,0.4523392,1.025279,-0.3123076,0.855834,0.430918,0.2855491,0.01787584,
1,36,106.589,0.4523392,1.025279,-0.3123076,0.855834,0.430918,0.2855491,0.01787584,
1,36,106.591,0.4523392,1.025279,-0.3123076,0.855834,0.430918,0.2855491,0.01787584,
1,36,106.593,0.4507099,1.027457,-0.3059235,0.8658202,0.4212765,0.2699645,-0.0009179115,
1,36,106.595,0.4507099,1.027457,-0.3059235,0.8658202,0.4212765,0.2699645,-0.0009179115,
1,36,106.597,0.4507099,1.027457,-0.3059235,0.8658202,0.4212765,0.2699645,-0.0009179115,
1,36,106.599,0.4507099,1.027457,-0.3059235,0.8658202,0.4212765,0.2699645,-0.0009179115,
1,36,106.601,0.4490379,1.031111,-0.2985446,0.8757814,0.4115762,0.2516312,-0.01714405,
1,36,106.603,0.4490379,1.031111,-0.2985446,0.8757814,0.4115762,0.2516312,-0.01714405,
1,36,106.605,0.4490379,1.031111,-0.2985446,0.8757814,0.4115762,0.2516312,-0.01714405,
1,36,106.607,0.4490379,1.031111,-0.2985446,0.8757814,0.4115762,0.2516312,-0.01714405,
1,36,106.609,0.4495871,1.035904,-0.2910352,0.8851066,0.4007635,0.2344066,-0.03207189,
1,36,106.611,0.4495871,1.035904,-0.2910352,0.8851066,0.4007635,0.2344066,-0.03207189,
1,36,106.613,0.4495871,1.035904,-0.2910352,0.8851066,0.4007635,0.2344066,-0.03207189,
1,36,106.615,0.4495871,1.035904,-0.2910352,0.8851066,0.4007635,0.2344066,-0.03207189,
1,36,106.617,0.4495871,1.035904,-0.2910352,0.8851066,0.4007635,0.2344066,-0.03207189,
1,36,106.619,0.4468164,1.041612,-0.280441,0.8929657,0.3931198,0.2152684,-0.04157761,
1,36,106.621,0.4468164,1.041612,-0.280441,0.8929657,0.3931198,0.2152684,-0.04157761,
1,36,106.623,0.4468164,1.041612,-0.280441,0.8929657,0.3931198,0.2152684,-0.04157761,
1,36,106.625,0.4468164,1.041612,-0.280441,0.8929657,0.3931198,0.2152684,-0.04157761,
1,36,106.627,0.4462509,1.047893,-0.2699187,0.8994187,0.3854615,0.2000073,-0.04962346,
1,36,106.629,0.4462509,1.047893,-0.2699187,0.8994187,0.3854615,0.2000073,-0.04962346,
1,36,106.631,0.4462509,1.047893,-0.2699187,0.8994187,0.3854615,0.2000073,-0.04962346,
1,36,106.633,0.4462509,1.047893,-0.2699187,0.8994187,0.3854615,0.2000073,-0.04962346,
1,36,106.635,0.4458004,1.054889,-0.2585586,0.9047813,0.379297,0.1860651,-0.05370712,
1,36,106.637,0.4458004,1.054889,-0.2585586,0.9047813,0.379297,0.1860651,-0.05370712,
1,36,106.639,0.4458004,1.054889,-0.2585586,0.9047813,0.379297,0.1860651,-0.05370712,
1,36,106.641,0.4458004,1.054889,-0.2585586,0.9047813,0.379297,0.1860651,-0.05370712,
1,36,106.643,0.4455869,1.062613,-0.246794,0.9091899,0.3747813,0.1733767,-0.05341661,
1,36,106.645,0.4455869,1.062613,-0.246794,0.9091899,0.3747813,0.1733767,-0.05341661,
1,36,106.647,0.4455869,1.062613,-0.246794,0.9091899,0.3747813,0.1733767,-0.05341661,
1,36,106.649,0.4455869,1.062613,-0.246794,0.9091899,0.3747813,0.1733767,-0.05341661,
1,36,106.651,0.4454578,1.07136,-0.2348765,0.9128444,0.3717276,0.1616084,-0.04915673,
1,36,106.653,0.4454578,1.07136,-0.2348765,0.9128444,0.3717276,0.1616084,-0.04915673,
1,36,106.655,0.4454578,1.07136,-0.2348765,0.9128444,0.3717276,0.1616084,-0.04915673,
1,36,106.657,0.4454578,1.07136,-0.2348765,0.9128444,0.3717276,0.1616084,-0.04915673,
1,36,106.659,0.4453391,1.081597,-0.222691,0.9156969,0.3699627,0.1512707,-0.0417642,
1,36,106.661,0.4453391,1.081597,-0.222691,0.9156969,0.3699627,0.1512707,-0.0417642,
1,36,106.663,0.4453391,1.081597,-0.222691,0.9156969,0.3699627,0.1512707,-0.0417642,
1,36,106.665,0.4453391,1.081597,-0.222691,0.9156969,0.3699627,0.1512707,-0.0417642,
1,36,106.667,0.4453391,1.081597,-0.222691,0.9156969,0.3699627,0.1512707,-0.0417642,
1,36,106.669,0.4448871,1.093195,-0.2101686,0.9177097,0.3696636,0.1419366,-0.03180614,
1,36,106.671,0.4448871,1.093195,-0.2101686,0.9177097,0.3696636,0.1419366,-0.03180614,
1,36,106.673,0.4448871,1.093195,-0.2101686,0.9177097,0.3696636,0.1419366,-0.03180614,
1,36,106.675,0.4448871,1.093195,-0.2101686,0.9177097,0.3696636,0.1419366,-0.03180614,
1,36,106.677,0.443199,1.106383,-0.197322,0.9184075,0.3712849,0.1351038,-0.02055055,
1,36,106.679,0.443199,1.106383,-0.197322,0.9184075,0.3712849,0.1351038,-0.02055055,
1,36,106.681,0.443199,1.106383,-0.197322,0.9184075,0.3712849,0.1351038,-0.02055055,
1,36,106.683,0.443199,1.106383,-0.197322,0.9184075,0.3712849,0.1351038,-0.02055055,
1,36,106.685,0.4407785,1.122411,-0.1841582,0.9177127,0.3744197,0.132425,-0.008777201,
1,36,106.687,0.4407785,1.122411,-0.1841582,0.9177127,0.3744197,0.132425,-0.008777201,
1,36,106.689,0.4407785,1.122411,-0.1841582,0.9177127,0.3744197,0.132425,-0.008777201,
1,36,106.691,0.4407785,1.122411,-0.1841582,0.9177127,0.3744197,0.132425,-0.008777201,
1,36,106.693,0.4365305,1.140739,-0.1717211,0.915072,0.3803113,0.1341351,0.003796935,
1,36,106.695,0.4365305,1.140739,-0.1717211,0.915072,0.3803113,0.1341351,0.003796935,
1,36,106.697,0.4365305,1.140739,-0.1717211,0.915072,0.3803113,0.1341351,0.003796935,
1,36,106.699,0.4365305,1.140739,-0.1717211,0.915072,0.3803113,0.1341351,0.003796935,
1,36,106.701,0.4306983,1.161317,-0.1601477,0.9108534,0.3889567,0.1367055,0.01924467,
1,36,106.703,0.4306983,1.161317,-0.1601477,0.9108534,0.3889567,0.1367055,0.01924467,
1,36,106.705,0.4306983,1.161317,-0.1601477,0.9108534,0.3889567,0.1367055,0.01924467,
1,36,106.707,0.4306983,1.161317,-0.1601477,0.9108534,0.3889567,0.1367055,0.01924467,
1,36,106.709,0.424014,1.18306,-0.1498174,0.9049409,0.4004307,0.1387179,0.03865951,
1,36,106.711,0.424014,1.18306,-0.1498174,0.9049409,0.4004307,0.1387179,0.03865951,
1,36,106.713,0.424014,1.18306,-0.1498174,0.9049409,0.4004307,0.1387179,0.03865951,
1,36,106.715,0.424014,1.18306,-0.1498174,0.9049409,0.4004307,0.1387179,0.03865951,
1,36,106.717,0.424014,1.18306,-0.1498174,0.9049409,0.4004307,0.1387179,0.03865951,
1,36,106.719,0.4163582,1.205168,-0.139603,0.8968929,0.41482,0.1404698,0.06144708,
1,36,106.721,0.4163582,1.205168,-0.139603,0.8968929,0.41482,0.1404698,0.06144708,
1,36,106.723,0.4163582,1.205168,-0.139603,0.8968929,0.41482,0.1404698,0.06144708,
1,36,106.725,0.4163582,1.205168,-0.139603,0.8968929,0.41482,0.1404698,0.06144708,
1,36,106.727,0.4081227,1.226842,-0.1296055,0.8865959,0.4313356,0.1420621,0.08783959,
1,36,106.729,0.4081227,1.226842,-0.1296055,0.8865959,0.4313356,0.1420621,0.08783959,
1,36,106.731,0.4081227,1.226842,-0.1296055,0.8865959,0.4313356,0.1420621,0.08783959,
1,36,106.733,0.4081227,1.226842,-0.1296055,0.8865959,0.4313356,0.1420621,0.08783959,
1,36,106.735,0.399074,1.24806,-0.1203668,0.8735549,0.4495356,0.1452619,0.1171263,
1,36,106.737,0.399074,1.24806,-0.1203668,0.8735549,0.4495356,0.1452619,0.1171263,
1,36,106.739,0.399074,1.24806,-0.1203668,0.8735549,0.4495356,0.1452619,0.1171263,
1,36,106.741,0.399074,1.24806,-0.1203668,0.8735549,0.4495356,0.1452619,0.1171263,
1,36,106.743,0.3887489,1.268614,-0.1125799,0.8560575,0.470535,0.1553363,0.1470826,
1,36,106.745,0.3887489,1.268614,-0.1125799,0.8560575,0.470535,0.1553363,0.1470826,
1,36,106.747,0.3887489,1.268614,-0.1125799,0.8560575,0.470535,0.1553363,0.1470826,
1,36,106.749,0.3887489,1.268614,-0.1125799,0.8560575,0.470535,0.1553363,0.1470826,
1,36,106.751,0.3772284,1.287795,-0.1067526,0.8317847,0.4961903,0.1768518,0.1750795,
1,36,106.753,0.3772284,1.287795,-0.1067526,0.8317847,0.4961903,0.1768518,0.1750795,
1,36,106.755,0.3772284,1.287795,-0.1067526,0.8317847,0.4961903,0.1768518,0.1750795,
1,36,106.757,0.3772284,1.287795,-0.1067526,0.8317847,0.4961903,0.1768518,0.1750795,
1,36,106.759,0.3658157,1.305303,-0.1036424,0.7997006,0.5264872,0.2063729,0.2017435,
1,36,106.761,0.3658157,1.305303,-0.1036424,0.7997006,0.5264872,0.2063729,0.2017435,
1,36,106.763,0.3658157,1.305303,-0.1036424,0.7997006,0.5264872,0.2063729,0.2017435,RacketHit
1,36,106.765,0.3658157,1.305303,-0.1036424,0.7997006,0.5264872,0.2063729,0.2017435,
1,36,106.767,0.3658157,1.305303,-0.1036424,0.7997006,0.5264872,0.2063729,0.2017435,
1,36,106.769,0.354341,1.320163,-0.1030286,0.7600172,0.5599568,0.234276,0.2322435,
1,36,106.771,0.354341,1.320163,-0.1030286,0.7600172,0.5599568,0.234276,0.2322435,
1,36,106.773,0.354341,1.320163,-0.1030286,0.7600172,0.5599568,0.234276,0.2322435,
1,36,106.775,0.354341,1.320163,-0.1030286,0.7600172,0.5599568,0.234276,0.2322435,
1,36,106.777,0.343859,1.331867,-0.1041014,0.714254,0.5939406,0.2568725,0.2666315,
1,36,106.779,0.343859,1.331867,-0.1041014,0.714254,0.5939406,0.2568725,0.2666315,
1,36,106.781,0.343859,1.331867,-0.1041014,0.714254,0.5939406,0.2568725,0.2666315,
1,36,106.783,0.343859,1.331867,-0.1041014,0.714254,0.5939406,0.2568725,0.2666315,
1,36,106.785,0.334936,1.340508,-0.1067661,0.6609092,0.6286488,0.2782265,0.3009817,
1,36,106.787,0.334936,1.340508,-0.1067661,0.6609092,0.6286488,0.2782265,0.3009817,
1,36,106.789,0.334936,1.340508,-0.1067661,0.6609092,0.6286488,0.2782265,0.3009817,
1,36,106.791,0.334936,1.340508,-0.1067661,0.6609092,0.6286488,0.2782265,0.3009817,
1,36,106.793,0.3278451,1.346177,-0.110499,0.5986391,0.6651441,0.3009316,0.3296282,
1,36,106.795,0.3278451,1.346177,-0.110499,0.5986391,0.6651441,0.3009316,0.3296282,
1,36,106.797,0.3278451,1.346177,-0.110499,0.5986391,0.6651441,0.3009316,0.3296282,
1,36,106.799,0.3278451,1.346177,-0.110499,0.5986391,0.6651441,0.3009316,0.3296282,
1,36,106.801,0.3223284,1.348701,-0.1141903,0.5275981,0.7038796,0.3231819,0.348923,
1,36,106.803,0.3223284,1.348701,-0.1141903,0.5275981,0.7038796,0.3231819,0.348923,
1,36,106.805,0.3223284,1.348701,-0.1141903,0.5275981,0.7038796,0.3231819,0.348923,
1,36,106.807,0.3223284,1.348701,-0.1141903,0.5275981,0.7038796,0.3231819,0.348923,
1,36,106.809,0.3183045,1.348699,-0.1184139,0.4485654,0.743325,0.3410784,0.3604477,
1,36,106.811,0.3183045,1.348699,-0.1184139,0.4485654,0.743325,0.3410784,0.3604477,
1,36,106.813,0.3183045,1.348699,-0.1184139,0.4485654,0.743325,0.3410784,0.3604477,
1,36,106.815,0.3183045,1.348699,-0.1184139,0.4485654,0.743325,0.3410784,0.3604477,
1,36,106.817,0.3183045,1.348699,-0.1184139,0.4485654,0.743325,0.3410784,0.3604477,
1,36,106.819,0.3181008,1.347136,-0.1225166,0.365351,0.7794362,0.352626,0.3669508,
1,36,106.821,0.3181008,1.347136,-0.1225166,0.365351,0.7794362,0.352626,0.3669508,
1,36,106.823,0.3181008,1.347136,-0.1225166,0.365351,0.7794362,0.352626,0.3669508,
1,36,106.825,0.3181008,1.347136,-0.1225166,0.365351,0.7794362,0.352626,0.3669508,
1,36,106.827,0.3181939,1.344186,-0.1257022,0.2807065,0.8110132,0.3546441,0.3710646,
1,36,106.829,0.3181939,1.344186,-0.1257022,0.2807065,0.8110132,0.3546441,0.3710646,
1,36,106.831,0.3181939,1.344186,-0.1257022,0.2807065,0.8110132,0.3546441,0.3710646,
1,36,106.833,0.3181939,1.344186,-0.1257022,0.2807065,0.8110132,0.3546441,0.3710646,
1,36,106.835,0.3196425,1.340362,-0.1279058,0.1962615,0.837054,0.3487374,0.3731011,
1,36,106.837,0.3196425,1.340362,-0.1279058,0.1962615,0.837054,0.3487374,0.3731011,
1,36,106.839,0.3196425,1.340362,-0.1279058,0.1962615,0.837054,0.3487374,0.3731011,
1,36,106.841,0.3196425,1.340362,-0.1279058,0.1962615,0.837054,0.3487374,0.3731011,
1,36,106.843,0.2982416,1.357779,-0.1409115,0.1494236,0.846736,0.3443206,0.3770335,
1,36,106.845,0.2982416,1.357779,-0.1409115,0.1494236,0.846736,0.3443206,0.3770335,
1,36,106.847,0.2982416,1.357779,-0.1409115,0.1494236,0.846736,0.3443206,0.3770335,
1,36,106.849,0.2982416,1.357779,-0.1409115,0.1494236,0.846736,0.3443206,0.3770335,
1,36,106.851,0.3251116,1.33404,-0.1303246,0.04185933,0.8695934,0.3199735,0.3737273,
1,36,106.853,0.3251116,1.33404,-0.1303246,0.04185933,0.8695934,0.3199735,0.3737273,
1,36,106.855,0.3251116,1.33404,-0.1303246,0.04185933,0.8695934,0.3199735,0.3737273,
1,36,106.857,0.3251116,1.33404,-0.1303246,0.04185933,0.8695934,0.3199735,0.3737273,
1,36,106.859,0.326009,1.33267,-0.131995,-0.02584261,0.8793497,0.3013475,0.3677855,
1,36,106.861,0.326009,1.33267,-0.131995,-0.02584261,0.8793497,0.3013475,0.3677855,
1,36,106.863,0.326009,1.33267,-0.131995,-0.02584261,0.8793497,0.3013475,0.3677855,
1,36,106.865,0.326009,1.33267,-0.131995,-0.02584261,0.8793497,0.3013475,0.3677855,
1,36,106.867,0.326009,1.33267,-0.131995,-0.02584261,0.8793497,0.3013475,0.3677855,
1,36,106.869,0.3259867,1.332445,-0.1338333,-0.08675072,0.8864485,0.2814898,0.3569972,
1,36,106.871,0.3259867,1.332445,-0.1338333,-0.08675072,0.8864485,0.2814898,0.3569972,
1,36,106.873,0.3259867,1.332445,-0.1338333,-0.08675072,0.8864485,0.2814898,0.3569972,
1,36,106.875,0.3259867,1.332445,-0.1338333,-0.08675072,0.8864485,0.2814898,0.3569972,
1,36,106.877,0.3241356,1.332319,-0.13617,-0.1398059,0.8905875,0.2611232,0.3451418,
1,36,106.879,0.3241356,1.332319,-0.13617,-0.1398059,0.8905875,0.2611232,0.3451418,
1,36,106.881,0.3241356,1.332319,-0.13617,-0.1398059,0.8905875,0.2611232,0.3451418,
1,36,106.883,0.3241356,1.332319,-0.13617,-0.1398059,0.8905875,0.2611232,0.3451418,
1,36,106.885,0.3213977,1.333062,-0.1391034,-0.1845426,0.8906845,0.2430294,0.3369896,
1,36,106.887,0.3213977,1.333062,-0.1391034,-0.1845426,0.8906845,0.2430294,0.3369896,
1,36,106.889,0.3213977,1.333062,-0.1391034,-0.1845426,0.8906845,0.2430294,0.3369896,
1,36,106.891,0.3213977,1.333062,-0.1391034,-0.1845426,0.8906845,0.2430294,0.3369896,
1,36,106.893,0.3181758,1.333921,-0.1424915,-0.2226509,0.8874999,0.2279169,0.332903,
1,36,106.895,0.3181758,1.333921,-0.1424915,-0.2226509,0.8874999,0.2279169,0.332903,
1,36,106.897,0.3181758,1.333921,-0.1424915,-0.2226509,0.8874999,0.2279169,0.332903,
1,36,106.899,0.3181758,1.333921,-0.1424915,-0.2226509,0.8874999,0.2279169,0.332903,
1,36,106.901,0.3145404,1.334518,-0.1461447,-0.2545517,0.8817431,0.2161837,0.3331625,
1,36,106.903,0.3145404,1.334518,-0.1461447,-0.2545517,0.8817431,0.2161837,0.3331625,
1,36,106.905,0.3145404,1.334518,-0.1461447,-0.2545517,0.8817431,0.2161837,0.3331625,
1,36,106.907,0.3145404,1.334518,-0.1461447,-0.2545517,0.8817431,0.2161837,0.3331625,
1,36,106.909,0.3107378,1.334668,-0.1500833,-0.2809427,0.8736068,0.2085982,0.3381851,
1,36,106.911,0.3107378,1.334668,-0.1500833,-0.2809427,0.8736068,0.2085982,0.3381851,
1,36,106.913,0.3107378,1.334668,-0.1500833,-0.2809427,0.8736068,0.2085982,0.3381851,
1,36,106.915,0.3107378,1.334668,-0.1500833,-0.2809427,0.8736068,0.2085982,0.3381851,
1,36,106.917,0.3107378,1.334668,-0.1500833,-0.2809427,0.8736068,0.2085982,0.3381851,
1,36,106.919,0.3070793,1.333769,-0.1538994,-0.3017805,0.8636924,0.2051134,0.3476961,
1,36,106.921,0.3070793,1.333769,-0.1538994,-0.3017805,0.8636924,0.2051134,0.3476961,
1,36,106.923,0.3070793,1.333769,-0.1538994,-0.3017805,0.8636924,0.2051134,0.3476961,
1,36,106.925,0.3070793,1.333769,-0.1538994,-0.3017805,0.8636924,0.2051134,0.3476961,
1,36,106.927,0.3034119,1.332258,-0.1577432,-0.3191009,0.8537214,0.2039248,0.3574201,
1,36,106.929,0.3034119,1.332258,-0.1577432,-0.3191009,0.8537214,0.2039248,0.3574201,
1,36,106.931,0.3034119,1.332258,-0.1577432,-0.3191009,0.8537214,0.2039248,0.3574201,
1,36,106.933,0.3034119,1.332258,-0.1577432,-0.3191009,0.8537214,0.2039248,0.3574201,
1,36,106.935,0.3002366,1.330162,-0.1613869,-0.3335137,0.8450077,0.2042621,0.3647022,
1,36,106.937,0.3002366,1.330162,-0.1613869,-0.3335137,0.8450077,0.2042621,0.3647022,
1,36,106.939,0.3002366,1.330162,-0.1613869,-0.3335137,0.8450077,0.2042621,0.3647022,
1,36,106.941,0.3002366,1.330162,-0.1613869,-0.3335137,0.8450077,0.2042621,0.3647022,
1,36,106.943,0.297272,1.327383,-0.1646857,-0.3456843,0.8387811,0.2045224,0.3675858,
1,36,106.945,0.297272,1.327383,-0.1646857,-0.3456843,0.8387811,0.2045224,0.3675858,
1,36,106.947,0.297272,1.327383,-0.1646857,-0.3456843,0.8387811,0.2045224,0.3675858,
1,36,106.949,0.297272,1.327383,-0.1646857,-0.3456843,0.8387811,0.2045224,0.3675858,
1,36,106.951,0.2951043,1.324271,-0.1673427,-0.3559043,0.8346832,0.204773,0.3670208,
1,36,106.953,0.2951043,1.324271,-0.1673427,-0.3559043,0.8346832,0.204773,0.3670208,
1,36,106.955,0.2951043,1.324271,-0.1673427,-0.3559043,0.8346832,0.204773,0.3670208,
1,36,106.957,0.2951043,1.324271,-0.1673427,-0.3559043,0.8346832,0.204773,0.3670208,
1,36,106.959,0.2932615,1.320858,-0.1700323,-0.3632962,0.8313397,0.2064067,0.3664512,
1,36,106.961,0.2932615,1.320858,-0.1700323,-0.3632962,0.8313397,0.2064067,0.3664512,
1,36,106.963,0.2932615,1.320858,-0.1700323,-0.3632962,0.8313397,0.2064067,0.3664512,
1,36,106.965,0.2932615,1.320858,-0.1700323,-0.3632962,0.8313397,0.2064067,0.3664512,
1,36,106.967,0.2932615,1.320858,-0.1700323,-0.3632962,0.8313397,0.2064067,0.3664512,
1,36,106.969,0.2922384,1.317062,-0.1717188,-0.3677231,0.8279037,0.2096684,0.3679594,
1,36,106.971,0.2922384,1.317062,-0.1717188,-0.3677231,0.8279037,0.2096684,0.3679594,
1,36,106.973,0.2922384,1.317062,-0.1717188,-0.3677231,0.8279037,0.2096684,0.3679594,
1,36,106.975,0.2922384,1.317062,-0.1717188,-0.3677231,0.8279037,0.2096684,0.3679594,
1,36,106.977,0.2919056,1.313355,-0.173478,-0.3695835,0.8239257,0.2150878,0.3718759,
1,36,106.979,0.2919056,1.313355,-0.173478,-0.3695835,0.8239257,0.2150878,0.3718759,
1,36,106.981,0.2919056,1.313355,-0.173478,-0.3695835,0.8239257,0.2150878,0.3718759,
1,36,106.983,0.2919056,1.313355,-0.173478,-0.3695835,0.8239257,0.2150878,0.3718759,
1,36,106.985,0.2919623,1.309204,-0.1750209,-0.369116,0.8202013,0.2214018,0.3768349,
1,36,106.987,0.2919623,1.309204,-0.1750209,-0.369116,0.8202013,0.2214018,0.3768349,
1,36,106.989,0.2919623,1.309204,-0.1750209,-0.369116,0.8202013,0.2214018,0.3768349,
1,36,106.991,0.2919623,1.309204,-0.1750209,-0.369116,0.8202013,0.2214018,0.3768349,
1,36,106.993,0.2925705,1.304803,-0.1765299,-0.3667652,0.8170568,0.228249,0.3818428,
1,36,106.995,0.2925705,1.304803,-0.1765299,-0.3667652,0.8170568,0.228249,0.3818428,
1,36,106.997,0.2925705,1.304803,-0.1765299,-0.3667652,0.8170568,0.228249,0.3818428,
1,36,106.999,0.2925705,1.304803,-0.1765299,-0.3667652,0.8170568,0.228249,0.3818428,
1,36,107.001,0.2938701,1.3004,-0.1784769,-0.3628524,0.814653,0.235619,0.3862154,
1,36,107.003,0.2938701,1.3004,-0.1784769,-0.3628524,0.814653,0.235619,0.3862154,
1,36,107.005,0.2938701,1.3004,-0.1784769,-0.3628524,0.814653,0.235619,0.3862154,
1,36,107.007,0.2938701,1.3004,-0.1784769,-0.3628524,0.814653,0.235619,0.3862154,
1,36,107.009,0.2988184,1.299162,-0.1751457,-0.3647121,0.8109735,0.2397665,0.3896396,
1,36,107.011,0.2988184,1.299162,-0.1751457,-0.3647121,0.8109735,0.2397665,0.3896396,
1,36,107.013,0.2988184,1.299162,-0.1751457,-0.3647121,0.8109735,0.2397665,0.3896396,
1,36,107.015,0.2988184,1.299162,-0.1751457,-0.3647121,0.8109735,0.2397665,0.3896396,
1,36,107.017,0.2988184,1.299162,-0.1751457,-0.3647121,0.8109735,0.2397665,0.3896396,
1,36,107.019,0.3010251,1.294077,-0.1774348,-0.3577429,0.8105918,0.2467101,0.3925497,
1,36,107.021,0.3010251,1.294077,-0.1774348,-0.3577429,0.8105918,0.2467101,0.3925497,
1,36,107.023,0.3010251,1.294077,-0.1774348,-0.3577429,0.8105918,0.2467101,0.3925497,
1,36,107.025,0.3010251,1.294077,-0.1774348,-0.3577429,0.8105918,0.2467101,0.3925497,
1,36,107.027,0.3002488,1.285556,-0.1854652,-0.3429317,0.8130804,0.256036,0.3946438,
1,36,107.029,0.3002488,1.285556,-0.1854652,-0.3429317,0.8130804,0.256036,0.3946438,
1,36,107.031,0.3002488,1.285556,-0.1854652,-0.3429317,0.8130804,0.256036,0.3946438,
1,36,107.033,0.3002488,1.285556,-0.1854652,-0.3429317,0.8130804,0.256036,0.3946438,
1,36,107.035,0.3033219,1.280136,-0.1885653,-0.334018,0.8135543,0.2628229,0.3968443,
1,36,107.037,0.3033219,1.280136,-0.1885653,-0.334018,0.8135543,0.2628229,0.3968443,
1,36,107.039,0.3033219,1.280136,-0.1885653,-0.334018,0.8135543,0.2628229,0.3968443,
1,36,107.041,0.3033219,1.280136,-0.1885653,-0.334018,0.8135543,0.2628229,0.3968443,
1,36,107.043,0.3068607,1.274492,-0.192103,-0.3240467,0.8142666,0.2696113,0.3990906,
1,36,107.045,0.3068607,1.274492,-0.192103,-0.3240467,0.8142666,0.2696113,0.3990906,
1,36,107.047,0.3068607,1.274492,-0.192103,-0.3240467,0.8142666,0.2696113,0.3990906,
1,36,107.049,0.3068607,1.274492,-0.192103,-0.3240467,0.8142666,0.2696113,0.3990906,
1,36,107.051,0.3107853,1.268473,-0.195862,-0.3130377,0.8151318,0.276145,0.4016359,
1,36,107.053,0.3107853,1.268473,-0.195862,-0.3130377,0.8151318,0.276145,0.4016359,
1,36,107.055,0.3107853,1.268473,-0.195862,-0.3130377,0.8151318,0.276145,0.4016359,
1,36,107.057,0.3107853,1.268473,-0.195862,-0.3130377,0.8151318,0.276145,0.4016359,
1,36,107.059,0.3152995,1.26212,-0.2004876,-0.300945,0.8161054,0.2828467,0.4042299,
1,36,107.061,0.3152995,1.26212,-0.2004876,-0.300945,0.8161054,0.2828467,0.4042299,
1,36,107.063,0.3152995,1.26212,-0.2004876,-0.300945,0.8161054,0.2828467,0.4042299,
1,36,107.065,0.3152995,1.26212,-0.2004876,-0.300945,0.8161054,0.2828467,0.4042299,
1,36,107.067,0.3152995,1.26212,-0.2004876,-0.300945,0.8161054,0.2828467,0.4042299,
1,36,107.069,0.320046,1.255063,-0.2052892,-0.2880765,0.8172285,0.2889064,0.4070413,
1,36,107.071,0.320046,1.255063,-0.2052892,-0.2880765,0.8172285,0.2889064,0.4070413,
1,36,107.073,0.320046,1.255063,-0.2052892,-0.2880765,0.8172285,0.2889064,0.4070413,
1,36,107.075,0.320046,1.255063,-0.2052892,-0.2880765,0.8172285,0.2889064,0.4070413,
1,36,107.077,0.3254185,1.247778,-0.2105358,-0.2747551,0.8182866,0.2948031,0.4098875,
1,36,107.079,0.3254185,1.247778,-0.2105358,-0.2747551,0.8182866,0.2948031,0.4098875,
1,36,107.081,0.3254185,1.247778,-0.2105358,-0.2747551,0.8182866,0.2948031,0.4098875,
1,36,107.083,0.3254185,1.247778,-0.2105358,-0.2747551,0.8182866,0.2948031,0.4098875,
1,36,107.085,0.331448,1.239957,-0.2164131,-0.2608172,0.8194484,0.3005689,0.4124767,
1,36,107.087,0.331448,1.239957,-0.2164131,-0.2608172,0.8194484,0.3005689,0.4124767,
1,36,107.089,0.331448,1.239957,-0.2164131,-0.2608172,0.8194484,0.3005689,0.4124767,
1,36,107.091,0.331448,1.239957,-0.2164131,-0.2608172,0.8194484,0.3005689,0.4124767,
1,36,107.093,0.3377947,1.231487,-0.2226607,-0.2466354,0.8211076,0.305701,0.4141258,
1,36,107.095,0.3377947,1.231487,-0.2226607,-0.2466354,0.8211076,0.305701,0.4141258,
1,36,107.097,0.3377947,1.231487,-0.2226607,-0.2466354,0.8211076,0.305701,0.4141258,
1,36,107.099,0.3377947,1.231487,-0.2226607,-0.2466354,0.8211076,0.305701,0.4141258,
1,36,107.101,0.3440666,1.222483,-0.22987,-0.2318993,0.8231229,0.3107105,0.4149102,
1,36,107.103,0.3440666,1.222483,-0.22987,-0.2318993,0.8231229,0.3107105,0.4149102,
1,36,107.105,0.3440666,1.222483,-0.22987,-0.2318993,0.8231229,0.3107105,0.4149102,
1,36,107.107,0.3440666,1.222483,-0.22987,-0.2318993,0.8231229,0.3107105,0.4149102,
1,36,107.109,0.3506746,1.212798,-0.237653,-0.2166528,0.8251826,0.3156665,0.4153191,
1,36,107.111,0.3506746,1.212798,-0.237653,-0.2166528,0.8251826,0.3156665,0.4153191,
1,36,107.113,0.3506746,1.212798,-0.237653,-0.2166528,0.8251826,0.3156665,0.4153191,
1,36,107.115,0.3506746,1.212798,-0.237653,-0.2166528,0.8251826,0.3156665,0.4153191,
1,36,107.117,0.3506746,1.212798,-0.237653,-0.2166528,0.8251826,0.3156665,0.4153191,
1,36,107.119,0.3569911,1.202568,-0.2459166,-0.200964,0.8271379,0.3205697,0.4155617,
1,36,107.121,0.3569911,1.202568,-0.2459166,-0.200964,0.8271379,0.3205697,0.4155617,
1,36,107.123,0.3569911,1.202568,-0.2459166,-0.200964,0.8271379,0.3205697,0.4155617,
1,36,107.125,0.3569911,1.202568,-0.2459166,-0.200964,0.8271379,0.3205697,0.4155617,
1,36,107.127,0.3633438,1.191997,-0.2549189,-0.1845061,0.8286909,0.3259607,0.415907,
1,36,107.129,0.3633438,1.191997,-0.2549189,-0.1845061,0.8286909,0.3259607,0.415907,
1,36,107.131,0.3633438,1.191997,-0.2549189,-0.1845061,0.8286909,0.3259607,0.415907,
1,36,107.133,0.3633438,1.191997,-0.2549189,-0.1845061,0.8286909,0.3259607,0.415907,
1,36,107.135,0.3696012,1.180993,-0.2647691,-0.1669565,0.8294055,0.3321147,0.4170274,
1,36,107.137,0.3696012,1.180993,-0.2647691,-0.1669565,0.8294055,0.3321147,0.4170274,
1,36,107.139,0.3696012,1.180993,-0.2647691,-0.1669565,0.8294055,0.3321147,0.4170274,
1,36,107.141,0.3696012,1.180993,-0.2647691,-0.1669565,0.8294055,0.3321147,0.4170274,
1,36,107.143,0.3755938,1.170186,-0.2756728,-0.1487637,0.8296461,0.3391032,0.4178109,
1,36,107.145,0.3755938,1.170186,-0.2756728,-0.1487637,0.8296461,0.3391032,0.4178109,
1,36,107.147,0.3755938,1.170186,-0.2756728,-0.1487637,0.8296461,0.3391032,0.4178109,
1,36,107.149,0.3755938,1.170186,-0.2756728,-0.1487637,0.8296461,0.3391032,0.4178109,
1,36,107.151,0.3812569,1.159367,-0.2870298,-0.1300121,0.8291875,0.3466195,0.418808,
1,36,107.153,0.3812569,1.159367,-0.2870298,-0.1300121,0.8291875,0.3466195,0.418808,
1,36,107.155,0.3812569,1.159367,-0.2870298,-0.1300121,0.8291875,0.3466195,0.418808,
1,36,107.157,0.3812569,1.159367,-0.2870298,-0.1300121,0.8291875,0.3466195,0.418808,
1,36,107.159,0.3863435,1.148243,-0.2991297,-0.1105974,0.8286971,0.3542771,0.4189476,
1,36,107.161,0.3863435,1.148243,-0.2991297,-0.1105974,0.8286971,0.3542771,0.4189476,
1,36,107.163,0.3863435,1.148243,-0.2991297,-0.1105974,0.8286971,0.3542771,0.4189476,
1,36,107.165,0.3863435,1.148243,-0.2991297,-0.1105974,0.8286971,0.3542771,0.4189476,
1,36,107.167,0.3863435,1.148243,-0.2991297,-0.1105974,0.8286971,0.3542771,0.4189476,
1,36,107.169,0.391271,1.13719,-0.3118073,-0.09076074,0.8276555,0.3624784,0.4187583,
1,36,107.171,0.391271,1.13719,-0.3118073,-0.09076074,0.8276555,0.3624784,0.4187583,
1,36,107.173,0.391271,1.13719,-0.3118073,-0.09076074,0.8276555,0.3624784,0.4187583,
1,36,107.175,0.391271,1.13719,-0.3118073,-0.09076074,0.8276555,0.3624784,0.4187583,
1,36,107.177,0.3956765,1.126422,-0.3245755,-0.07106107,0.8261681,0.3708525,0.4181688,
1,36,107.179,0.3956765,1.126422,-0.3245755,-0.07106107,0.8261681,0.3708525,0.4181688,
1,36,107.181,0.3956765,1.126422,-0.3245755,-0.07106107,0.8261681,0.3708525,0.4181688,
1,36,107.183,0.3956765,1.126422,-0.3245755,-0.07106107,0.8261681,0.3708525,0.4181688,
1,36,107.185,0.4002149,1.116057,-0.3374254,-0.05184019,0.8242122,0.379579,0.4170211,
1,36,107.187,0.4002149,1.116057,-0.3374254,-0.05184019,0.8242122,0.379579,0.4170211,
1,36,107.189,0.4002149,1.116057,-0.3374254,-0.05184019,0.8242122,0.379579,0.4170211,
1,36,107.191,0.4002149,1.116057,-0.3374254,-0.05184019,0.8242122,0.379579,0.4170211,
1,36,107.193,0.404835,1.106058,-0.3503899,-0.03277928,0.8214843,0.3889028,0.415745,
1,36,107.195,0.404835,1.106058,-0.3503899,-0.03277928,0.8214843,0.3889028,0.415745,
1,36,107.197,0.404835,1.106058,-0.3503899,-0.03277928,0.8214843,0.3889028,0.415745,
1,36,107.199,0.404835,1.106058,-0.3503899,-0.03277928,0.8214843,0.3889028,0.415745,
1,36,107.201,0.4091041,1.095693,-0.3631846,-0.01394123,0.8186291,0.3982591,0.4135717,
1,36,107.203,0.4091041,1.095693,-0.3631846,-0.01394123,0.8186291,0.3982591,0.4135717,
1,36,107.205,0.4091041,1.095693,-0.3631846,-0.01394123,0.8186291,0.3982591,0.4135717,
1,36,107.207,0.4091041,1.095693,-0.3631846,-0.01394123,0.8186291,0.3982591,0.4135717,
1,36,107.209,0.4145849,1.082504,-0.3806593,0.01033929,0.8147953,0.4118834,0.407865,
1,36,107.211,0.4145849,1.082504,-0.3806593,0.01033929,0.8147953,0.4118834,0.407865,
1,36,107.213,0.4145849,1.082504,-0.3806593,0.01033929,0.8147953,0.4118834,0.407865,
1,36,107.215,0.4145849,1.082504,-0.3806593,0.01033929,0.8147953,0.4118834,0.407865,
1,36,107.217,0.4145849,1.082504,-0.3806593,0.01033929,0.8147953,0.4118834,0.407865,
1,36,107.219,0.4181896,1.074294,-0.3921529,0.0253838,0.8124588,0.4216322,0.4018617,
1,36,107.221,0.4181896,1.074294,-0.3921529,0.0253838,0.8124588,0.4216322,0.4018617,
1,36,107.223,0.4181896,1.074294,-0.3921529,0.0253838,0.8124588,0.4216322,0.4018617,
1,36,107.225,0.4181896,1.074294,-0.3921529,0.0253838,0.8124588,0.4216322,0.4018617,
1,36,107.227,0.4218736,1.066966,-0.4033945,0.03893504,0.8102877,0.4320802,0.3939857,
1,36,107.229,0.4218736,1.066966,-0.4033945,0.03893504,0.8102877,0.4320802,0.3939857,
1,36,107.231,0.4218736,1.066966,-0.4033945,0.03893504,0.8102877,0.4320802,0.3939857,
1,36,107.233,0.4218736,1.066966,-0.4033945,0.03893504,0.8102877,0.4320802,0.3939857,
1,36,107.235,0.4247708,1.059817,-0.4139336,0.05143285,0.8084941,0.4424722,0.3845912,
1,36,107.237,0.4247708,1.059817,-0.4139336,0.05143285,0.8084941,0.4424722,0.3845912,
1,36,107.239,0.4247708,1.059817,-0.4139336,0.05143285,0.8084941,0.4424722,0.3845912,
1,36,107.241,0.4247708,1.059817,-0.4139336,0.05143285,0.8084941,0.4424722,0.3845912,
1,36,107.243,0.4277776,1.053756,-0.4238695,0.0630258,0.8060137,0.4533044,0.3753463,
1,36,107.245,0.4277776,1.053756,-0.4238695,0.0630258,0.8060137,0.4533044,0.3753463,
1,36,107.247,0.4277776,1.053756,-0.4238695,0.0630258,0.8060137,0.4533044,0.3753463,
1,36,107.249,0.4277776,1.053756,-0.4238695,0.0630258,0.8060137,0.4533044,0.3753463,
1,36,107.251,0.4305757,1.048381,-0.4330477,0.07417098,0.8028696,0.4642088,0.3666185,
1,36,107.253,0.4305757,1.048381,-0.4330477,0.07417098,0.8028696,0.4642088,0.3666185,
1,36,107.255,0.4305757,1.048381,-0.4330477,0.07417098,0.8028696,0.4642088,0.3666185,
1,36,107.257,0.4305757,1.048381,-0.4330477,0.07417098,0.8028696,0.4642088,0.3666185,
1,36,107.259,0.4332962,1.043896,-0.4418352,0.08513722,0.7988579,0.4755256,0.3584037,
1,36,107.261,0.4332962,1.043896,-0.4418352,0.08513722,0.7988579,0.4755256,0.3584037,
1,36,107.263,0.4332962,1.043896,-0.4418352,0.08513722,0.7988579,0.4755256,0.3584037,
1,36,107.265,0.4332962,1.043896,-0.4418352,0.08513722,0.7988579,0.4755256,0.3584037,
1,36,107.267,0.4332962,1.043896,-0.4418352,0.08513722,0.7988579,0.4755256,0.3584037,
1,36,107.269,0.4358273,1.040037,-0.4500887,0.09554616,0.7944722,0.4870479,0.3499562,
1,36,107.271,0.4358273,1.040037,-0.4500887,0.09554616,0.7944722,0.4870479,0.3499562,
1,36,107.273,0.4358273,1.040037,-0.4500887,0.09554616,0.7944722,0.4870479,0.3499562,
1,36,107.275,0.4358273,1.040037,-0.4500887,0.09554616,0.7944722,0.4870479,0.3499562,
1,36,107.277,0.4382124,1.036794,-0.4574303,0.1046536,0.7903043,0.4980713,0.3411621,
1,36,107.279,0.4382124,1.036794,-0.4574303,0.1046536,0.7903043,0.4980713,0.3411621,
1,36,107.281,0.4382124,1.036794,-0.4574303,0.1046536,0.7903043,0.4980713,0.3411621,
1,36,107.283,0.4382124,1.036794,-0.4574303,0.1046536,0.7903043,0.4980713,0.3411621,
1,36,107.285,0.4427828,1.030477,-0.4730734,0.1251386,0.7797776,0.5229892,0.3205769,
1,36,107.287,0.4427828,1.030477,-0.4730734,0.1251386,0.7797776,0.5229892,0.3205769,
1,36,107.289,0.4427828,1.030477,-0.4730734,0.1251386,0.7797776,0.5229892,0.3205769,
1,36,107.291,0.4427828,1.030477,-0.4730734,0.1251386,0.7797776,0.5229892,0.3205769,
1,36,107.293,0.4441908,1.028335,-0.4783933,0.1331134,0.7753485,0.5317465,0.3136258,
1,36,107.295,0.4441908,1.028335,-0.4783933,0.1331134,0.7753485,0.5317465,0.3136258,
1,36,107.297,0.4441908,1.028335,-0.4783933,0.1331134,0.7753485,0.5317465,0.3136258,
1,36,107.299,0.4441908,1.028335,-0.4783933,0.1331134,0.7753485,0.5317465,0.3136258,
1,36,107.301,0.445731,1.026414,-0.4828599,0.1406331,0.7709182,0.539299,0.3083246,
1,36,107.303,0.445731,1.026414,-0.4828599,0.1406331,0.7709182,0.539299,0.3083246,
1,36,107.305,0.445731,1.026414,-0.4828599,0.1406331,0.7709182,0.539299,0.3083246,
1,36,107.307,0.445731,1.026414,-0.4828599,0.1406331,0.7709182,0.539299,0.3083246,
1,36,107.309,0.447674,1.025114,-0.4866668,0.1479764,0.766164,0.5462624,0.3044555,
1,36,107.311,0.447674,1.025114,-0.4866668,0.1479764,0.766164,0.5462624,0.3044555,
1,36,107.313,0.447674,1.025114,-0.4866668,0.1479764,0.766164,0.5462624,0.3044555,
1,36,107.315,0.447674,1.025114,-0.4866668,0.1479764,0.766164,0.5462624,0.3044555,
1,36,107.317,0.447674,1.025114,-0.4866668,0.1479764,0.766164,0.5462624,0.3044555,
1,36,107.319,0.4495875,1.024101,-0.4898044,0.1551525,0.7615021,0.5525235,0.301264,
1,36,107.321,0.4495875,1.024101,-0.4898044,0.1551525,0.7615021,0.5525235,0.301264,
1,36,107.323,0.4495875,1.024101,-0.4898044,0.1551525,0.7615021,0.5525235,0.301264,
1,36,107.325,0.4495875,1.024101,-0.4898044,0.1551525,0.7615021,0.5525235,0.301264,
1,36,107.327,0.4516861,1.023243,-0.4918801,0.160421,0.7578419,0.5574421,0.2986622,
1,36,107.329,0.4516861,1.023243,-0.4918801,0.160421,0.7578419,0.5574421,0.2986622,
1,36,107.331,0.4516861,1.023243,-0.4918801,0.160421,0.7578419,0.5574421,0.2986622,
1,36,107.333,0.4516861,1.023243,-0.4918801,0.160421,0.7578419,0.5574421,0.2986622,
1,36,107.335,0.4540375,1.022569,-0.4935638,0.1641676,0.7549396,0.5621428,0.2951456,
1,36,107.337,0.4540375,1.022569,-0.4935638,0.1641676,0.7549396,0.5621428,0.2951456,
1,36,107.339,0.4540375,1.022569,-0.4935638,0.1641676,0.7549396,0.5621428,0.2951456,
1,36,107.341,0.4540375,1.022569,-0.4935638,0.1641676,0.7549396,0.5621428,0.2951456,
1,36,107.343,0.4558459,1.021883,-0.494798,0.166567,0.7533993,0.5660655,0.2901977,
1,36,107.345,0.4558459,1.021883,-0.494798,0.166567,0.7533993,0.5660655,0.2901977,
1,36,107.347,0.4558459,1.021883,-0.494798,0.166567,0.7533993,0.5660655,0.2901977,
1,36,107.349,0.4558459,1.021883,-0.494798,0.166567,0.7533993,0.5660655,0.2901977,
1,36,107.351,0.4577878,1.021311,-0.4956924,0.1678786,0.7524832,0.569403,0.2852474,
1,36,107.353,0.4577878,1.021311,-0.4956924,0.1678786,0.7524832,0.569403,0.2852474,
1,36,107.355,0.4577878,1.021311,-0.4956924,0.1678786,0.7524832,0.569403,0.2852474,
1,36,107.357,0.4577878,1.021311,-0.4956924,0.1678786,0.7524832,0.569403,0.2852474,
1,36,107.359,0.4592549,1.020682,-0.4962641,0.1689014,0.7520915,0.5719349,0.2805728,
1,36,107.361,0.4592549,1.020682,-0.4962641,0.1689014,0.7520915,0.5719349,0.2805728,
1,36,107.363,0.4592549,1.020682,-0.4962641,0.1689014,0.7520915,0.5719349,0.2805728,
1,36,107.365,0.4592549,1.020682,-0.4962641,0.1689014,0.7520915,0.5719349,0.2805728,
1,36,107.367,0.4592549,1.020682,-0.4962641,0.1689014,0.7520915,0.5719349,0.2805728,
1,36,107.369,0.4607181,1.020299,-0.496765,0.1700685,0.7517282,0.5737723,0.2770684,
1,36,107.371,0.4607181,1.020299,-0.496765,0.1700685,0.7517282,0.5737723,0.2770684,
1,36,107.373,0.4607181,1.020299,-0.496765,0.1700685,0.7517282,0.5737723,0.2770684,
1,36,107.375,0.4607181,1.020299,-0.496765,0.1700685,0.7517282,0.5737723,0.2770684,
1,36,107.377,0.4616142,1.019819,-0.4971024,0.1718277,0.7515451,0.5746507,0.2746485,
1,36,107.379,0.4616142,1.019819,-0.4971024,0.1718277,0.7515451,0.5746507,0.2746485,
1,36,107.381,0.4616142,1.019819,-0.4971024,0.1718277,0.7515451,0.5746507,0.2746485,
1,36,107.383,0.4616142,1.019819,-0.4971024,0.1718277,0.7515451,0.5746507,0.2746485,
1,36,107.385,0.4621138,1.019271,-0.4973634,0.1739702,0.7515592,0.5748292,0.2728821,
1,36,107.387,0.4621138,1.019271,-0.4973634,0.1739702,0.7515592,0.5748292,0.2728821,
1,36,107.389,0.4621138,1.019271,-0.4973634,0.1739702,0.7515592,0.5748292,0.2728821,
1,36,107.391,0.4621138,1.019271,-0.4973634,0.1739702,0.7515592,0.5748292,0.2728821,
1,36,107.393,0.4625224,1.018873,-0.4975484,0.1766403,0.7514657,0.5744063,0.272314,
1,36,107.395,0.4625224,1.018873,-0.4975484,0.1766403,0.7514657,0.5744063,0.272314,
1,36,107.397,0.4625224,1.018873,-0.4975484,0.1766403,0.7514657,0.5744063,0.272314,
1,36,107.399,0.4625224,1.018873,-0.4975484,0.1766403,0.7514657,0.5744063,0.272314,
1,36,107.401,0.4626202,1.018778,-0.497768,0.1795542,0.751312,0.573715,0.2722898,
1,36,107.403,0.4626202,1.018778,-0.497768,0.1795542,0.751312,0.573715,0.2722898,
1,36,107.405,0.4626202,1.018778,-0.497768,0.1795542,0.751312,0.573715,0.2722898,
1,36,107.407,0.4626202,1.018778,-0.497768,0.1795542,0.751312,0.573715,0.2722898,
1,36,107.409,0.4622127,1.018575,-0.4979083,0.1831013,0.7512378,0.5723485,0.2730075,
1,36,107.411,0.4622127,1.018575,-0.4979083,0.1831013,0.7512378,0.5723485,0.2730075,
1,36,107.413,0.4622127,1.018575,-0.4979083,0.1831013,0.7512378,0.5723485,0.2730075,
1,36,107.415,0.4622127,1.018575,-0.4979083,0.1831013,0.7512378,0.5723485,0.2730075,
1,36,107.417,0.4622127,1.018575,-0.4979083,0.1831013,0.7512378,0.5723485,0.2730075,
1,36,107.419,0.4615232,1.018265,-0.4979602,0.1871234,0.7511222,0.570451,0.2745647,
1,36,107.421,0.4615232,1.018265,-0.4979602,0.1871234,0.7511222,0.570451,0.2745647,
1,36,107.423,0.4615232,1.018265,-0.4979602,0.1871234,0.7511222,0.570451,0.2745647,
1,36,107.425,0.4615232,1.018265,-0.4979602,0.1871234,0.7511222,0.570451,0.2745647,
1,36,107.427,0.4608414,1.017971,-0.4979231,0.1914555,0.7507529,0.5682926,0.2770534,
1,36,107.429,0.4608414,1.017971,-0.4979231,0.1914555,0.7507529,0.5682926,0.2770534,
1,36,107.431,0.4608414,1.017971,-0.4979231,0.1914555,0.7507529,0.5682926,0.2770534,
1,36,107.433,0.4608414,1.017971,-0.4979231,0.1914555,0.7507529,0.5682926,0.2770534,
1,36,107.435,0.4601763,1.01782,-0.4977874,0.1957486,0.7502353,0.566098,0.2799331,
1,36,107.437,0.4601763,1.01782,-0.4977874,0.1957486,0.7502353,0.566098,0.2799331,
1,36,107.439,0.4601763,1.01782,-0.4977874,0.1957486,0.7502353,0.566098,0.2799331,
1,36,107.441,0.4601763,1.01782,-0.4977874,0.1957486,0.7502353,0.566098,0.2799331,
1,36,107.443,0.4595857,1.017895,-0.4976051,0.1993442,0.7497573,0.5643023,0.282292,
1,36,107.445,0.4595857,1.017895,-0.4976051,0.1993442,0.7497573,0.5643023,0.282292,
1,36,107.447,0.4595857,1.017895,-0.4976051,0.1993442,0.7497573,0.5643023,0.282292,
1,36,107.449,0.4595857,1.017895,-0.4976051,0.1993442,0.7497573,0.5643023,0.282292,
1,36,107.451,0.4590534,1.018109,-0.4973533,0.2020568,0.749479,0.5628822,0.2839327,
1,36,107.453,0.4590534,1.018109,-0.4973533,0.2020568,0.749479,0.5628822,0.2839327,
1,36,107.455,0.4590534,1.018109,-0.4973533,0.2020568,0.749479,0.5628822,0.2839327,
1,36,107.457,0.4590534,1.018109,-0.4973533,0.2020568,0.749479,0.5628822,0.2839327,
1,36,107.459,0.4585816,1.018396,-0.4970475,0.2040786,0.7493849,0.5617287,0.2850175,
1,36,107.461,0.4585816,1.018396,-0.4970475,0.2040786,0.7493849,0.5617287,0.2850175,
1,36,107.463,0.4585816,1.018396,-0.4970475,0.2040786,0.7493849,0.5617287,0.2850175,
1,36,107.465,0.4585816,1.018396,-0.4970475,0.2040786,0.7493849,0.5617287,0.2850175,
1,36,107.467,0.4585816,1.018396,-0.4970475,0.2040786,0.7493849,0.5617287,0.2850175,
1,36,107.469,0.4581497,1.01853,-0.4967572,0.2058419,0.749253,0.5606594,0.2861995,
1,36,107.471,0.4581497,1.01853,-0.4967572,0.2058419,0.749253,0.5606594,0.2861995,
1,36,107.473,0.4581497,1.01853,-0.4967572,0.2058419,0.749253,0.5606594,0.2861995,
1,36,107.475,0.4581497,1.01853,-0.4967572,0.2058419,0.749253,0.5606594,0.2861995,
1,36,107.477,0.457651,1.018685,-0.4964947,0.2077799,0.7489159,0.5596728,0.287609,
1,36,107.479,0.457651,1.018685,-0.4964947,0.2077799,0.7489159,0.5596728,0.287609,
1,36,107.481,0.457651,1.018685,-0.4964947,0.2077799,0.7489159,0.5596728,0.287609,
1,36,107.483,0.457651,1.018685,-0.4964947,0.2077799,0.7489159,0.5596728,0.287609,
1,36,107.485,0.4568107,1.018898,-0.4962119,0.2096829,0.7485821,0.5588563,0.2886827,
1,36,107.487,0.4568107,1.018898,-0.4962119,0.2096829,0.7485821,0.5588563,0.2886827,
1,36,107.489,0.4568107,1.018898,-0.4962119,0.2096829,0.7485821,0.5588563,0.2886827,
1,36,107.491,0.4568107,1.018898,-0.4962119,0.2096829,0.7485821,0.5588563,0.2886827,
1,36,107.493,0.4558459,1.01926,-0.4958127,0.2115604,0.7482415,0.5582535,0.2893612,
1,36,107.495,0.4558459,1.01926,-0.4958127,0.2115604,0.7482415,0.5582535,0.2893612,
1,36,107.497,0.4558459,1.01926,-0.4958127,0.2115604,0.7482415,0.5582535,0.2893612,
1,36,107.499,0.4558459,1.01926,-0.4958127,0.2115604,0.7482415,0.5582535,0.2893612,
1,36,107.501,0.4549537,1.0199,-0.4953954,0.2131115,0.7477653,0.5581183,0.2897146,
1,36,107.503,0.4549537,1.0199,-0.4953954,0.2131115,0.7477653,0.5581183,0.2897146,
1,36,107.505,0.4549537,1.0199,-0.4953954,0.2131115,0.7477653,0.5581183,0.2897146,
1,36,107.507,0.4549537,1.0199,-0.4953954,0.2131115,0.7477653,0.5581183,0.2897146,
1,36,107.509,0.4540485,1.020904,-0.4948717,0.2145205,0.7471207,0.5583142,0.2899602,
1,36,107.511,0.4540485,1.020904,-0.4948717,0.2145205,0.7471207,0.5583142,0.2899602,
1,36,107.513,0.4540485,1.020904,-0.4948717,0.2145205,0.7471207,0.5583142,0.2899602,
1,36,107.515,0.4540485,1.020904,-0.4948717,0.2145205,0.7471207,0.5583142,0.2899602,
1,36,107.517,0.4540485,1.020904,-0.4948717,0.2145205,0.7471207,0.5583142,0.2899602,
1,36,107.519,0.4533369,1.022107,-0.4941545,0.2159938,0.7462292,0.5585494,0.2907084,
1,36,107.521,0.4533369,1.022107,-0.4941545,0.2159938,0.7462292,0.5585494,0.2907084,
1,36,107.523,0.4533369,1.022107,-0.4941545,0.2159938,0.7462292,0.5585494,0.2907084,
1,36,107.525,0.4533369,1.022107,-0.4941545,0.2159938,0.7462292,0.5585494,0.2907084,
1,36,107.527,0.4523295,1.023272,-0.4930692,0.2169575,0.745731,0.5588017,0.2907843,
1,36,107.529,0.4523295,1.023272,-0.4930692,0.2169575,0.745731,0.5588017,0.2907843,
1,36,107.531,0.4523295,1.023272,-0.4930692,0.2169575,0.745731,0.5588017,0.2907843,
1,36,107.533,0.4523295,1.023272,-0.4930692,0.2169575,0.745731,0.5588017,0.2907843,
1,36,107.535,0.4511507,1.024518,-0.4915544,0.217431,0.7455951,0.5590805,0.2902426,
1,36,107.537,0.4511507,1.024518,-0.4915544,0.217431,0.7455951,0.5590805,0.2902426,
1,36,107.539,0.4511507,1.024518,-0.4915544,0.217431,0.7455951,0.5590805,0.2902426,
1,36,107.541,0.4511507,1.024518,-0.4915544,0.217431,0.7455951,0.5590805,0.2902426,
1,36,107.543,0.4496212,1.026603,-0.4895453,0.2178416,0.7454001,0.5597437,0.2891554,
1,36,107.545,0.4496212,1.026603,-0.4895453,0.2178416,0.7454001,0.5597437,0.2891554,
1,36,107.547,0.4496212,1.026603,-0.4895453,0.2178416,0.7454001,0.5597437,0.2891554,
1,36,107.549,0.4496212,1.026603,-0.4895453,0.2178416,0.7454001,0.5597437,0.2891554,
1,36,107.551,0.4474903,1.029219,-0.487069,0.2189586,0.7450178,0.5601955,0.288421,
1,36,107.553,0.4474903,1.029219,-0.487069,0.2189586,0.7450178,0.5601955,0.288421,
1,36,107.555,0.4474903,1.029219,-0.487069,0.2189586,0.7450178,0.5601955,0.288421,
1,36,107.557,0.4474903,1.029219,-0.487069,0.2189586,0.7450178,0.5601955,0.288421,
1,36,107.559,0.4447432,1.032649,-0.4841586,0.2218006,0.7437571,0.5602279,0.2894384,
1,36,107.561,0.4447432,1.032649,-0.4841586,0.2218006,0.7437571,0.5602279,0.2894384,
1,36,107.563,0.4447432,1.032649,-0.4841586,0.2218006,0.7437571,0.5602279,0.2894384,
1,36,107.565,0.4447432,1.032649,-0.4841586,0.2218006,0.7437571,0.5602279,0.2894384,
1,36,107.567,0.4447432,1.032649,-0.4841586,0.2218006,0.7437571,0.5602279,0.2894384,
1,36,107.569,0.4414583,1.03701,-0.4809632,0.2269985,0.7412773,0.5594988,0.2931564,
1,36,107.571,0.4414583,1.03701,-0.4809632,0.2269985,0.7412773,0.5594988,0.2931564,
1,36,107.573,0.4414583,1.03701,-0.4809632,0.2269985,0.7412773,0.5594988,0.2931564,
1,36,107.575,0.4414583,1.03701,-0.4809632,0.2269985,0.7412773,0.5594988,0.2931564,
1,36,107.577,0.4375261,1.04242,-0.4774717,0.2343945,0.7375901,0.5580216,0.299386,
1,36,107.579,0.4375261,1.04242,-0.4774717,0.2343945,0.7375901,0.5580216,0.299386,
1,36,107.581,0.4375261,1.04242,-0.4774717,0.2343945,0.7375901,0.5580216,0.299386,
1,36,107.583,0.4375261,1.04242,-0.4774717,0.2343945,0.7375901,0.5580216,0.299386,
1,36,107.585,0.4329445,1.048535,-0.4738011,0.2440877,0.7327223,0.5554061,0.3083236,
1,36,107.587,0.4329445,1.048535,-0.4738011,0.2440877,0.7327223,0.5554061,0.3083236,
1,36,107.589,0.4329445,1.048535,-0.4738011,0.2440877,0.7327223,0.5554061,0.3083236,
1,36,107.591,0.4329445,1.048535,-0.4738011,0.2440877,0.7327223,0.5554061,0.3083236,
1,36,107.593,0.4275922,1.054961,-0.469983,0.2554244,0.7271157,0.5513999,0.3194045,
1,36,107.595,0.4275922,1.054961,-0.469983,0.2554244,0.7271157,0.5513999,0.3194045,
1,36,107.597,0.4275922,1.054961,-0.469983,0.2554244,0.7271157,0.5513999,0.3194045,
1,36,107.599,0.4275922,1.054961,-0.469983,0.2554244,0.7271157,0.5513999,0.3194045,
1,36,107.601,0.4219451,1.062554,-0.4663657,0.2679328,0.7204233,0.5467038,0.3321409,
1,36,107.603,0.4219451,1.062554,-0.4663657,0.2679328,0.7204233,0.5467038,0.3321409,
1,36,107.605,0.4219451,1.062554,-0.4663657,0.2679328,0.7204233,0.5467038,0.3321409,
1,36,107.607,0.4219451,1.062554,-0.4663657,0.2679328,0.7204233,0.5467038,0.3321409,
1,36,107.609,0.4162579,1.070698,-0.4630834,0.2805943,0.7132747,0.5415235,0.345338,
1,36,107.611,0.4162579,1.070698,-0.4630834,0.2805943,0.7132747,0.5415235,0.345338,
1,36,107.613,0.4162579,1.070698,-0.4630834,0.2805943,0.7132747,0.5415235,0.345338,
1,36,107.615,0.4162579,1.070698,-0.4630834,0.2805943,0.7132747,0.5415235,0.345338,
1,36,107.617,0.4162579,1.070698,-0.4630834,0.2805943,0.7132747,0.5415235,0.345338,
1,36,107.619,0.4106104,1.078911,-0.4602096,0.2923051,0.7063852,0.5360976,0.3580183,
1,36,107.621,0.4106104,1.078911,-0.4602096,0.2923051,0.7063852,0.5360976,0.3580183,
1,36,107.623,0.4106104,1.078911,-0.4602096,0.2923051,0.7063852,0.5360976,0.3580183,
1,36,107.625,0.4106104,1.078911,-0.4602096,0.2923051,0.7063852,0.5360976,0.3580183,
1,36,107.627,0.4051075,1.087029,-0.4576067,0.3038995,0.6993363,0.5300788,0.3709318,
1,36,107.629,0.4051075,1.087029,-0.4576067,0.3038995,0.6993363,0.5300788,0.3709318,
1,36,107.631,0.4051075,1.087029,-0.4576067,0.3038995,0.6993363,0.5300788,0.3709318,
1,36,107.633,0.4051075,1.087029,-0.4576067,0.3038995,0.6993363,0.5300788,0.3709318,
1,36,107.635,0.3998466,1.094993,-0.4556204,0.3153686,0.6918547,0.5235322,0.3844396,
1,36,107.637,0.3998466,1.094993,-0.4556204,0.3153686,0.6918547,0.5235322,0.3844396,
1,36,107.639,0.3998466,1.094993,-0.4556204,0.3153686,0.6918547,0.5235322,0.3844396,
1,36,107.641,0.3998466,1.094993,-0.4556204,0.3153686,0.6918547,0.5235322,0.3844396,
1,36,107.643,0.3955152,1.102807,-0.453999,0.3267572,0.6834402,0.5164665,0.3992513,
1,36,107.645,0.3955152,1.102807,-0.453999,0.3267572,0.6834402,0.5164665,0.3992513,
1,36,107.647,0.3955152,1.102807,-0.453999,0.3267572,0.6834402,0.5164665,0.3992513,
1,36,107.649,0.3955152,1.102807,-0.453999,0.3267572,0.6834402,0.5164665,0.3992513,
1,36,107.651,0.3917947,1.11032,-0.4527484,0.3381989,0.6741519,0.508942,0.414872,
1,36,107.653,0.3917947,1.11032,-0.4527484,0.3381989,0.6741519,0.508942,0.414872,
1,36,107.655,0.3917947,1.11032,-0.4527484,0.3381989,0.6741519,0.508942,0.414872,
1,36,107.657,0.3917947,1.11032,-0.4527484,0.3381989,0.6741519,0.508942,0.414872,
1,36,107.659,0.3887263,1.117387,-0.4518496,0.349319,0.6643372,0.500987,0.4308648,
1,36,107.661,0.3887263,1.117387,-0.4518496,0.349319,0.6643372,0.500987,0.4308648,
1,36,107.663,0.3887263,1.117387,-0.4518496,0.349319,0.6643372,0.500987,0.4308648,
1,36,107.665,0.3887263,1.117387,-0.4518496,0.349319,0.6643372,0.500987,0.4308648,
1,36,107.667,0.3887263,1.117387,-0.4518496,0.349319,0.6643372,0.500987,0.4308648,
1,36,107.669,0.385855,1.124138,-0.451376,0.3592225,0.655346,0.4935836,0.4448102,
1,36,107.671,0.385855,1.124138,-0.451376,0.3592225,0.655346,0.4935836,0.4448102,
1,36,107.673,0.385855,1.124138,-0.451376,0.3592225,0.655346,0.4935836,0.4448102,
1,36,107.675,0.385855,1.124138,-0.451376,0.3592225,0.655346,0.4935836,0.4448102,
1,36,107.677,0.3837555,1.130573,-0.451486,0.36724,0.6475155,0.4873975,0.4564014,
1,36,107.679,0.3837555,1.130573,-0.451486,0.36724,0.6475155,0.4873975,0.4564014,
1,36,107.681,0.3837555,1.130573,-0.451486,0.36724,0.6475155,0.4873975,0.4564014,
1,36,107.683,0.3837555,1.130573,-0.451486,0.36724,0.6475155,0.4873975,0.4564014,
1,36,107.685,0.3816411,1.136346,-0.451983,0.3732261,0.6420327,0.4821248,0.4648138,
1,36,107.687,0.3816411,1.136346,-0.451983,0.3732261,0.6420327,0.4821248,0.4648138,
1,36,107.689,0.3816411,1.136346,-0.451983,0.3732261,0.6420327,0.4821248,0.4648138,
1,36,107.691,0.3816411,1.136346,-0.451983,0.3732261,0.6420327,0.4821248,0.4648138,
1,36,107.693,0.3795792,1.141362,-0.4530001,0.3768621,0.6391693,0.4782472,0.4698053,
1,36,107.695,0.3795792,1.141362,-0.4530001,0.3768621,0.6391693,0.4782472,0.4698053,
1,36,107.697,0.3795792,1.141362,-0.4530001,0.3768621,0.6391693,0.4782472,0.4698053,
1,36,107.699,0.3795792,1.141362,-0.4530001,0.3768621,0.6391693,0.4782472,0.4698053,
1,36,107.701,0.3775522,1.145753,-0.4545275,0.3793124,0.6380002,0.4749439,0.4727644,
1,36,107.703,0.3775522,1.145753,-0.4545275,0.3793124,0.6380002,0.4749439,0.4727644,
1,36,107.705,0.3775522,1.145753,-0.4545275,0.3793124,0.6380002,0.4749439,0.4727644,
1,36,107.707,0.3775522,1.145753,-0.4545275,0.3793124,0.6380002,0.4749439,0.4727644,
1,36,107.709,0.3753433,1.14915,-0.456388,0.3807499,0.6383554,0.4717062,0.4743682,
1,36,107.711,0.3753433,1.14915,-0.456388,0.3807499,0.6383554,0.4717062,0.4743682,
1,36,107.713,0.3753433,1.14915,-0.456388,0.3807499,0.6383554,0.4717062,0.4743682,
1,36,107.715,0.3753433,1.14915,-0.456388,0.3807499,0.6383554,0.4717062,0.4743682,
1,36,107.717,0.3753433,1.14915,-0.456388,0.3807499,0.6383554,0.4717062,0.4743682,
1,36,107.719,0.372786,1.151675,-0.4586042,0.3818338,0.6396674,0.4681826,0.4752197,
1,36,107.721,0.372786,1.151675,-0.4586042,0.3818338,0.6396674,0.4681826,0.4752197,
1,36,107.723,0.372786,1.151675,-0.4586042,0.3818338,0.6396674,0.4681826,0.4752197,
1,36,107.725,0.372786,1.151675,-0.4586042,0.3818338,0.6396674,0.4681826,0.4752197,
1,36,107.727,0.3701611,1.153273,-0.4609942,0.3820868,0.642083,0.4647406,0.475137,
1,36,107.729,0.3701611,1.153273,-0.4609942,0.3820868,0.642083,0.4647406,0.475137,
1,36,107.731,0.3701611,1.153273,-0.4609942,0.3820868,0.642083,0.4647406,0.475137,
1,36,107.733,0.3701611,1.153273,-0.4609942,0.3820868,0.642083,0.4647406,0.475137,
1,36,107.735,0.3673853,1.154027,-0.4633307,0.3814057,0.6455456,0.4615044,0.4741459,
1,36,107.737,0.3673853,1.154027,-0.4633307,0.3814057,0.6455456,0.4615044,0.4741459,
1,36,107.739,0.3673853,1.154027,-0.4633307,0.3814057,0.6455456,0.4615044,0.4741459,
1,36,107.741,0.3673853,1.154027,-0.4633307,0.3814057,0.6455456,0.4615044,0.4741459,
1,36,107.743,0.3649428,1.153995,-0.4655431,0.3794909,0.6498359,0.4588247,0.4724193,
1,36,107.745,0.3649428,1.153995,-0.4655431,0.3794909,0.6498359,0.4588247,0.4724193,
1,36,107.747,0.3649428,1.153995,-0.4655431,0.3794909,0.6498359,0.4588247,0.4724193,
1,36,107.749,0.3649428,1.153995,-0.4655431,0.3794909,0.6498359,0.4588247,0.4724193,
1,36,107.751,0.3627439,1.153534,-0.4674242,0.3765312,0.6549344,0.4569495,0.4695556,
1,36,107.753,0.3627439,1.153534,-0.4674242,0.3765312,0.6549344,0.4569495,0.4695556,
1,36,107.755,0.3627439,1.153534,-0.4674242,0.3765312,0.6549344,0.4569495,0.4695556,
1,36,107.757,0.3627439,1.153534,-0.4674242,0.3765312,0.6549344,0.4569495,0.4695556,
1,36,107.759,0.3604997,1.152545,-0.4687862,0.3727172,0.6607338,0.4555815,0.4657876,
1,36,107.761,0.3604997,1.152545,-0.4687862,0.3727172,0.6607338,0.4555815,0.4657876,
1,36,107.763,0.3604997,1.152545,-0.4687862,0.3727172,0.6607338,0.4555815,0.4657876,
1,36,107.765,0.3604997,1.152545,-0.4687862,0.3727172,0.6607338,0.4555815,0.4657876,
1,36,107.767,0.3604997,1.152545,-0.4687862,0.3727172,0.6607338,0.4555815,0.4657876,
1,36,107.769,0.3587561,1.151546,-0.4696682,0.368544,0.6662815,0.4549222,0.4618334,
1,36,107.771,0.3587561,1.151546,-0.4696682,0.368544,0.6662815,0.4549222,0.4618334,
1,36,107.773,0.3587561,1.151546,-0.4696682,0.368544,0.6662815,0.4549222,0.4618334,
1,36,107.775,0.3587561,1.151546,-0.4696682,0.368544,0.6662815,0.4549222,0.4618334,
1,36,107.777,0.3571826,1.150854,-0.4699846,0.3648297,0.6710352,0.4544243,0.4583771,
1,36,107.779,0.3571826,1.150854,-0.4699846,0.3648297,0.6710352,0.4544243,0.4583771,
1,36,107.781,0.3571826,1.150854,-0.4699846,0.3648297,0.6710352,0.4544243,0.4583771,
1,36,107.783,0.3571826,1.150854,-0.4699846,0.3648297,0.6710352,0.4544243,0.4583771,
1,36,107.785,0.3558109,1.150811,-0.4698269,0.3623015,0.6741098,0.4540341,0.4562529,
1,36,107.787,0.3558109,1.150811,-0.4698269,0.3623015,0.6741098,0.4540341,0.4562529,
1,36,107.789,0.3558109,1.150811,-0.4698269,0.3623015,0.6741098,0.4540341,0.4562529,
1,36,107.791,0.3558109,1.150811,-0.4698269,0.3623015,0.6741098,0.4540341,0.4562529,
1,36,107.793,0.3544862,1.151614,-0.4695041,0.3617846,0.6749033,0.4532735,0.4562463,
1,36,107.795,0.3544862,1.151614,-0.4695041,0.3617846,0.6749033,0.4532735,0.4562463,
1,36,107.797,0.3544862,1.151614,-0.4695041,0.3617846,0.6749033,0.4532735,0.4562463,
1,36,107.799,0.3544862,1.151614,-0.4695041,0.3617846,0.6749033,0.4532735,0.4562463,
1,36,107.801,0.3529218,1.152758,-0.4689262,0.362806,0.6741204,0.4518376,0.4580133,
1,36,107.803,0.3529218,1.152758,-0.4689262,0.362806,0.6741204,0.4518376,0.4580133,
1,36,107.805,0.3529218,1.152758,-0.4689262,0.362806,0.6741204,0.4518376,0.4580133,
1,36,107.807,0.3529218,1.152758,-0.4689262,0.362806,0.6741204,0.4518376,0.4580133,
1,36,107.809,0.3514594,1.154324,-0.468289,0.3655497,0.6711501,0.4497842,0.4621961,
1,36,107.811,0.3514594,1.154324,-0.468289,0.3655497,0.6711501,0.4497842,0.4621961,
1,36,107.813,0.3514594,1.154324,-0.468289,0.3655497,0.6711501,0.4497842,0.4621961,
1,36,107.815,0.3514594,1.154324,-0.468289,0.3655497,0.6711501,0.4497842,0.4621961,
1,36,107.817,0.3514594,1.154324,-0.468289,0.3655497,0.6711501,0.4497842,0.4621961,
1,36,107.819,0.3501237,1.155375,-0.4675792,0.3684194,0.6676195,0.4472637,0.467447,
1,36,107.821,0.3501237,1.155375,-0.4675792,0.3684194,0.6676195,0.4472637,0.467447,
1,36,107.823,0.3501237,1.155375,-0.4675792,0.3684194,0.6676195,0.4472637,0.467447,
1,36,107.825,0.3501237,1.155375,-0.4675792,0.3684194,0.6676195,0.4472637,0.467447,
1,36,107.827,0.3488822,1.155613,-0.4668051,0.3697671,0.6654166,0.4453221,0.471361,
1,36,107.829,0.3488822,1.155613,-0.4668051,0.3697671,0.6654166,0.4453221,0.471361,
1,36,107.831,0.3488822,1.155613,-0.4668051,0.3697671,0.6654166,0.4453221,0.471361,
1,36,107.833,0.3488822,1.155613,-0.4668051,0.3697671,0.6654166,0.4453221,0.471361,
1,36,107.835,0.3480614,1.155168,-0.4662126,0.3689225,0.6649508,0.4447981,0.4731714,
1,36,107.837,0.3480614,1.155168,-0.4662126,0.3689225,0.6649508,0.4447981,0.4731714,
1,36,107.839,0.3480614,1.155168,-0.4662126,0.3689225,0.6649508,0.4447981,0.4731714,
1,36,107.841,0.3480614,1.155168,-0.4662126,0.3689225,0.6649508,0.4447981,0.4731714,
1,36,107.843,0.3470868,1.154477,-0.4659049,0.3660587,0.6668237,0.4459858,0.4716394,
1,36,107.845,0.3470868,1.154477,-0.4659049,0.3660587,0.6668237,0.4459858,0.4716394,
1,36,107.847,0.3470868,1.154477,-0.4659049,0.3660587,0.6668237,0.4459858,0.4716394,
1,36,107.849,0.3470868,1.154477,-0.4659049,0.3660587,0.6668237,0.4459858,0.4716394,
1,36,107.851,0.3461727,1.153485,-0.4658694,0.3612458,0.6706339,0.448753,0.4673034,
1,36,107.853,0.3461727,1.153485,-0.4658694,0.3612458,0.6706339,0.448753,0.4673034,
1,36,107.855,0.3461727,1.153485,-0.4658694,0.3612458,0.6706339,0.448753,0.4673034,
1,36,107.857,0.3461727,1.153485,-0.4658694,0.3612458,0.6706339,0.448753,0.4673034,
1,36,107.859,0.3453241,1.152531,-0.4659241,0.3556401,0.6752445,0.4524001,0.4614101,
1,36,107.861,0.3453241,1.152531,-0.4659241,0.3556401,0.6752445,0.4524001,0.4614101,
1,36,107.863,0.3453241,1.152531,-0.4659241,0.3556401,0.6752445,0.4524001,0.4614101,
1,36,107.865,0.3453241,1.152531,-0.4659241,0.3556401,0.6752445,0.4524001,0.4614101,
1,36,107.867,0.3453241,1.152531,-0.4659241,0.3556401,0.6752445,0.4524001,0.4614101,
1,36,107.869,0.3446562,1.152055,-0.4660724,0.3496061,0.6802257,0.456968,0.4541463,
1,36,107.871,0.3446562,1.152055,-0.4660724,0.3496061,0.6802257,0.456968,0.4541463,
1,36,107.873,0.3446562,1.152055,-0.4660724,0.3496061,0.6802257,0.456968,0.4541463,
1,36,107.875,0.3446562,1.152055,-0.4660724,0.3496061,0.6802257,0.456968,0.4541463,
1,36,107.877,0.3440754,1.15193,-0.4664004,0.3440726,0.684693,0.4615942,0.4469233,
1,36,107.879,0.3440754,1.15193,-0.4664004,0.3440726,0.684693,0.4615942,0.4469233,
1,36,107.881,0.3440754,1.15193,-0.4664004,0.3440726,0.684693,0.4615942,0.4469233,
1,36,107.883,0.3440754,1.15193,-0.4664004,0.3440726,0.684693,0.4615942,0.4469233,
1,36,107.885,0.3440571,1.152052,-0.4667712,0.3394846,0.6876481,0.4656448,0.4416619,
1,36,107.887,0.3440571,1.152052,-0.4667712,0.3394846,0.6876481,0.4656448,0.4416619,
1,36,107.889,0.3440571,1.152052,-0.4667712,0.3394846,0.6876481,0.4656448,0.4416619,
1,36,107.891,0.3440571,1.152052,-0.4667712,0.3394846,0.6876481,0.4656448,0.4416619,
1,36,107.893,0.344201,1.152469,-0.4670061,0.3363297,0.6893632,0.4687465,0.4381066,
1,36,107.895,0.344201,1.152469,-0.4670061,0.3363297,0.6893632,0.4687465,0.4381066,
1,36,107.897,0.344201,1.152469,-0.4670061,0.3363297,0.6893632,0.4687465,0.4381066,
1,36,107.899,0.344201,1.152469,-0.4670061,0.3363297,0.6893632,0.4687465,0.4381066,
1,36,107.901,0.3446316,1.152824,-0.4670418,0.3338322,0.6904247,0.4711378,0.435774,
1,36,107.903,0.3446316,1.152824,-0.4670418,0.3338322,0.6904247,0.4711378,0.435774,
1,36,107.905,0.3446316,1.152824,-0.4670418,0.3338322,0.6904247,0.4711378,0.435774,
1,36,107.907,0.3446316,1.152824,-0.4670418,0.3338322,0.6904247,0.4711378,0.435774,
1,36,107.909,0.3452086,1.153274,-0.4671559,0.332652,0.690569,0.4724463,0.4350308,
1,36,107.911,0.3452086,1.153274,-0.4671559,0.332652,0.690569,0.4724463,0.4350308,
1,36,107.913,0.3452086,1.153274,-0.4671559,0.332652,0.690569,0.4724463,0.4350308,
1,36,107.915,0.3452086,1.153274,-0.4671559,0.332652,0.690569,0.4724463,0.4350308,
1,36,107.917,0.3452086,1.153274,-0.4671559,0.332652,0.690569,0.4724463,0.4350308,
1,36,107.919,0.345851,1.153507,-0.4672167,0.3307872,0.6914467,0.4738446,0.4335352,
1,36,107.921,0.345851,1.153507,-0.4672167,0.3307872,0.6914467,0.4738446,0.4335352,
1,36,107.923,0.345851,1.153507,-0.4672167,0.3307872,0.6914467,0.4738446,0.4335352,
1,36,107.925,0.345851,1.153507,-0.4672167,0.3307872,0.6914467,0.4738446,0.4335352,
1,36,107.927,0.3461772,1.153828,-0.4673642,0.3310873,0.6916031,0.4731182,0.4338498,
1,36,107.929,0.3461772,1.153828,-0.4673642,0.3310873,0.6916031,0.4731182,0.4338498,
1,36,107.931,0.3461772,1.153828,-0.4673642,0.3310873,0.6916031,0.4731182,0.4338498,
1,36,107.933,0.3461772,1.153828,-0.4673642,0.3310873,0.6916031,0.4731182,0.4338498,
1,36,107.935,0.346573,1.154131,-0.4676862,0.3307558,0.6925141,0.4726111,0.4332017,
1,36,107.937,0.346573,1.154131,-0.4676862,0.3307558,0.6925141,0.4726111,0.4332017,
1,36,107.939,0.346573,1.154131,-0.4676862,0.3307558,0.6925141,0.4726111,0.4332017,
1,36,107.941,0.346573,1.154131,-0.4676862,0.3307558,0.6925141,0.4726111,0.4332017,
1,36,107.943,0.3470925,1.154528,-0.468123,0.3301253,0.6941685,0.4719165,0.4317895,
1,36,107.945,0.3470925,1.154528,-0.468123,0.3301253,0.6941685,0.4719165,0.4317895,
1,36,107.947,0.3470925,1.154528,-0.468123,0.3301253,0.6941685,0.4719165,0.4317895,
1,36,107.949,0.3470925,1.154528,-0.468123,0.3301253,0.6941685,0.4719165,0.4317895,
1,36,107.951,0.3473486,1.154689,-0.4685905,0.3298401,0.6962019,0.4703292,0.4304636,
1,36,107.953,0.3473486,1.154689,-0.4685905,0.3298401,0.6962019,0.4703292,0.4304636,
1,36,107.955,0.3473486,1.154689,-0.4685905,0.3298401,0.6962019,0.4703292,0.4304636,
1,36,107.957,0.3473486,1.154689,-0.4685905,0.3298401,0.6962019,0.4703292,0.4304636,
1,36,107.959,0.3476607,1.15504,-0.4691436,0.3292169,0.6989872,0.4685579,0.4283533,
1,36,107.961,0.3476607,1.15504,-0.4691436,0.3292169,0.6989872,0.4685579,0.4283533,
1,36,107.963,0.3476607,1.15504,-0.4691436,0.3292169,0.6989872,0.4685579,0.4283533,
1,36,107.965,0.3476607,1.15504,-0.4691436,0.3292169,0.6989872,0.4685579,0.4283533,
1,36,107.967,0.3476607,1.15504,-0.4691436,0.3292169,0.6989872,0.4685579,0.4283533,
1,36,107.969,0.3479283,1.155371,-0.4697052,0.3293934,0.7016559,0.4656252,0.4270507,
1,36,107.971,0.3479283,1.155371,-0.4697052,0.3293934,0.7016559,0.4656252,0.4270507,
1,36,107.973,0.3479283,1.155371,-0.4697052,0.3293934,0.7016559,0.4656252,0.4270507,
1,36,107.975,0.3479283,1.155371,-0.4697052,0.3293934,0.7016559,0.4656252,0.4270507,
1,36,107.977,0.349081,1.156451,-0.4705015,0.3291876,0.7040431,0.4634656,0.4256271,
1,36,107.979,0.349081,1.156451,-0.4705015,0.3291876,0.7040431,0.4634656,0.4256271,
1,36,107.981,0.349081,1.156451,-0.4705015,0.3291876,0.7040431,0.4634656,0.4256271,
1,36,107.983,0.349081,1.156451,-0.4705015,0.3291876,0.7040431,0.4634656,0.4256271,
1,36,107.985,0.3481243,1.155692,-0.4704104,0.3307509,0.7076233,0.4570172,0.4254509,
1,36,107.987,0.3481243,1.155692,-0.4704104,0.3307509,0.7076233,0.4570172,0.4254509,
1,36,107.989,0.3481243,1.155692,-0.4704104,0.3307509,0.7076233,0.4570172,0.4254509,
1,36,107.991,0.3481243,1.155692,-0.4704104,0.3307509,0.7076233,0.4570172,0.4254509,
1,36,107.993,0.3480948,1.155761,-0.4705553,0.3313092,0.7109976,0.4519874,0.4247636,
1,36,107.995,0.3480948,1.155761,-0.4705553,0.3313092,0.7109976,0.4519874,0.4247636,
1,36,107.997,0.3480948,1.155761,-0.4705553,0.3313092,0.7109976,0.4519874,0.4247636,
1,36,107.999,0.3480948,1.155761,-0.4705553,0.3313092,0.7109976,0.4519874,0.4247636,
1,37,108.001,0.3485411,1.156094,-0.4707976,0.3309917,0.7149997,0.4472842,0.4232692,CourtExit
1,37,108.003,0.3485411,1.156094,-0.4707976,0.3309917,0.7149997,0.4472842,0.4232692,
1,37,108.005,0.3485411,1.156094,-0.4707976,0.3309917,0.7149997,0.4472842,0.4232692,
1,37,108.007,0.3485411,1.156094,-0.4707976,0.3309917,0.7149997,0.4472842,0.4232692,
1,37,108.009,0.3484784,1.156379,-0.4707802,0.3302579,0.719779,0.4423682,0.420902,
1,37,108.011,0.3484784,1.156379,-0.4707802,0.3302579,0.719779,0.4423682,0.420902,
1,37,108.013,0.3484784,1.156379,-0.4707802,0.3302579,0.719779,0.4423682,0.420902,
1,37,108.015,0.3484784,1.156379,-0.4707802,0.3302579,0.719779,0.4423682,0.420902,
1,37,108.017,0.3484784,1.156379,-0.4707802,0.3302579,0.719779,0.4423682,0.420902,
1,37,108.019,0.3482396,1.156921,-0.4707285,0.3291378,0.7247205,0.4376396,0.4182346,
1,37,108.021,0.3482396,1.156921,-0.4707285,0.3291378,0.7247205,0.4376396,0.4182346,
1,37,108.023,0.3482396,1.156921,-0.4707285,0.3291378,0.7247205,0.4376396,0.4182346,
1,37,108.025,0.3482396,1.156921,-0.4707285,0.3291378,0.7247205,0.4376396,0.4182346,
1,37,108.027,0.3479444,1.157459,-0.4705023,0.3273137,0.7300124,0.4331577,0.4151171,
1,37,108.029,0.3479444,1.157459,-0.4705023,0.3273137,0.7300124,0.4331577,0.4151171,
1,37,108.031,0.3479444,1.157459,-0.4705023,0.3273137,0.7300124,0.4331577,0.4151171,
1,37,108.033,0.3479444,1.157459,-0.4705023,0.3273137,0.7300124,0.4331577,0.4151171,
1,37,108.035,0.3478109,1.158087,-0.4703064,0.3252127,0.7348728,0.4287232,0.4127894,
1,37,108.037,0.3478109,1.158087,-0.4703064,0.3252127,0.7348728,0.4287232,0.4127894,
1,37,108.039,0.3478109,1.158087,-0.4703064,0.3252127,0.7348728,0.4287232,0.4127894,
1,37,108.041,0.3478109,1.158087,-0.4703064,0.3252127,0.7348728,0.4287232,0.4127894,
1,37,108.043,0.3472639,1.158706,-0.4698283,0.32298,0.7396668,0.4243258,0.4105173,
1,37,108.045,0.3472639,1.158706,-0.4698283,0.32298,0.7396668,0.4243258,0.4105173,
1,37,108.047,0.3472639,1.158706,-0.4698283,0.32298,0.7396668,0.4243258,0.4105173,
1,37,108.049,0.3472639,1.158706,-0.4698283,0.32298,0.7396668,0.4243258,0.4105173,
1,37,108.051,0.3466852,1.159782,-0.4695596,0.3209227,0.7438346,0.4203107,0.408727,
1,37,108.053,0.3466852,1.159782,-0.4695596,0.3209227,0.7438346,0.4203107,0.408727,
1,37,108.055,0.3466852,1.159782,-0.4695596,0.3209227,0.7438346,0.4203107,0.408727,
1,37,108.057,0.3466852,1.159782,-0.4695596,0.3209227,0.7438346,0.4203107,0.408727,
1,37,108.059,0.346774,1.159836,-0.4685822,0.3166281,0.7483593,0.4170145,0.4071904,
1,37,108.061,0.346774,1.159836,-0.4685822,0.3166281,0.7483593,0.4170145,0.4071904,
1,37,108.063,0.346774,1.159836,-0.4685822,0.3166281,0.7483593,0.4170145,0.4071904,
1,37,108.065,0.346774,1.159836,-0.4685822,0.3166281,0.7483593,0.4170145,0.4071904,
1,37,108.067,0.346774,1.159836,-0.4685822,0.3166281,0.7483593,0.4170145,0.4071904,
1,37,108.069,0.3466242,1.160244,-0.4678004,0.3127171,0.7523422,0.4141711,0.4057728,
1,37,108.071,0.3466242,1.160244,-0.4678004,0.3127171,0.7523422,0.4141711,0.4057728,
1,37,108.073,0.3466242,1.160244,-0.4678004,0.3127171,0.7523422,0.4141711,0.4057728,
1,37,108.075,0.3466242,1.160244,-0.4678004,0.3127171,0.7523422,0.4141711,0.4057728,
1,37,108.077,0.3466797,1.160555,-0.4669937,0.3077852,0.7565639,0.4123428,0.4035503,
1,37,108.079,0.3466797,1.160555,-0.4669937,0.3077852,0.7565639,0.4123428,0.4035503,
1,37,108.081,0.3466797,1.160555,-0.4669937,0.3077852,0.7565639,0.4123428,0.4035503,
1,37,108.083,0.3466797,1.160555,-0.4669937,0.3077852,0.7565639,0.4123428,0.4035503,
1,37,108.085,0.3466637,1.160973,-0.4664091,0.3021088,0.7611508,0.4114957,0.400064,
1,37,108.087,0.3466637,1.160973,-0.4664091,0.3021088,0.7611508,0.4114957,0.400064,
1,37,108.089,0.3466637,1.160973,-0.4664091,0.3021088,0.7611508,0.4114957,0.400064,
1,37,108.091,0.3466637,1.160973,-0.4664091,0.3021088,0.7611508,0.4114957,0.400064,
1,37,108.093,0.3466021,1.161137,-0.46623,0.2960858,0.7655478,0.4110928,0.396576,
1,37,108.095,0.3466021,1.161137,-0.46623,0.2960858,0.7655478,0.4110928,0.396576,
1,37,108.097,0.3466021,1.161137,-0.46623,0.2960858,0.7655478,0.4110928,0.396576,
1,37,108.099,0.3466021,1.161137,-0.46623,0.2960858,0.7655478,0.4110928,0.396576,
1,37,108.101,0.3467096,1.16106,-0.4662548,0.2904769,0.7688518,0.4106132,0.3948253,
1,37,108.103,0.3467096,1.16106,-0.4662548,0.2904769,0.7688518,0.4106132,0.3948253,
1,37,108.105,0.3467096,1.16106,-0.4662548,0.2904769,0.7688518,0.4106132,0.3948253,
1,37,108.107,0.3467096,1.16106,-0.4662548,0.2904769,0.7688518,0.4106132,0.3948253,
1,37,108.109,0.3471102,1.161145,-0.4666239,0.2858736,0.7705024,0.4100809,0.3955199,
1,37,108.111,0.3471102,1.161145,-0.4666239,0.2858736,0.7705024,0.4100809,0.3955199,
1,37,108.113,0.3471102,1.161145,-0.4666239,0.2858736,0.7705024,0.4100809,0.3955199,
1,37,108.115,0.3471102,1.161145,-0.4666239,0.2858736,0.7705024,0.4100809,0.3955199,
1,37,108.117,0.3471102,1.161145,-0.4666239,0.2858736,0.7705024,0.4100809,0.3955199,
1,37,108.119,0.3471684,1.16091,-0.4667965,0.2816517,0.7717183,0.4093348,0.3969488,
1,37,108.121,0.3471684,1.16091,-0.4667965,0.2816517,0.7717183,0.4093348,0.3969488,
1,37,108.123,0.3471684,1.16091,-0.4667965,0.2816517,0.7717183,0.4093348,0.3969488,
1,37,108.125,0.3471684,1.16091,-0.4667965,0.2816517,0.7717183,0.4093348,0.3969488,
1,37,108.127,0.3472707,1.160689,-0.4669011,0.2775225,0.772697,0.4089167,0.3983813,
1,37,108.129,0.3472707,1.160689,-0.4669011,0.2775225,0.772697,0.4089167,0.3983813,
1,37,108.131,0.3472707,1.160689,-0.4669011,0.2775225,0.772697,0.4089167,0.3983813,
1,37,108.133,0.3472707,1.160689,-0.4669011,0.2775225,0.772697,0.4089167,0.3983813,
1,37,108.135,0.3477023,1.160769,-0.4670456,0.2730167,0.7734566,0.4094734,0.3994476,
1,37,108.137,0.3477023,1.160769,-0.4670456,0.2730167,0.7734566,0.4094734,0.3994476,
1,37,108.139,0.3477023,1.160769,-0.4670456,0.2730167,0.7734566,0.4094734,0.3994476,
1,37,108.141,0.3477023,1.160769,-0.4670456,0.2730167,0.7734566,0.4094734,0.3994476,
1,37,108.143,0.3481897,1.160993,-0.4672227,0.268011,0.774649,0.4108549,0.3991082,
1,37,108.145,0.3481897,1.160993,-0.4672227,0.268011,0.774649,0.4108549,0.3991082,
1,37,108.147,0.3481897,1.160993,-0.4672227,0.268011,0.774649,0.4108549,0.3991082,
1,37,108.149,0.3481897,1.160993,-0.4672227,0.268011,0.774649,0.4108549,0.3991082,
1,37,108.151,0.3490772,1.161473,-0.4675179,0.2625467,0.7760447,0.413168,0.3976382,
1,37,108.153,0.3490772,1.161473,-0.4675179,0.2625467,0.7760447,0.413168,0.3976382,
1,37,108.155,0.3490772,1.161473,-0.4675179,0.2625467,0.7760447,0.413168,0.3976382,
1,37,108.157,0.3490772,1.161473,-0.4675179,0.2625467,0.7760447,0.413168,0.3976382,
1,37,108.159,0.348922,1.161217,-0.4672196,0.2576023,0.7777629,0.4143131,0.3963214,
1,37,108.161,0.348922,1.161217,-0.4672196,0.2576023,0.7777629,0.4143131,0.3963214,
1,37,108.163,0.348922,1.161217,-0.4672196,0.2576023,0.7777629,0.4143131,0.3963214,
1,37,108.165,0.348922,1.161217,-0.4672196,0.2576023,0.7777629,0.4143131,0.3963214,
1,37,108.167,0.348922,1.161217,-0.4672196,0.2576023,0.7777629,0.4143131,0.3963214,
1,37,108.169,0.3495904,1.162359,-0.467761,0.252746,0.7788053,0.4175462,0.3940013,
1,37,108.171,0.3495904,1.162359,-0.467761,0.252746,0.7788053,0.4175462,0.3940013,
1,37,108.173,0.3495904,1.162359,-0.467761,0.252746,0.7788053,0.4175462,0.3940013,
1,37,108.175,0.3495904,1.162359,-0.467761,0.252746,0.7788053,0.4175462,0.3940013,
1,37,108.177,0.3498458,1.162605,-0.4677964,0.2486902,0.7796397,0.4192806,0.3930891,
1,37,108.179,0.3498458,1.162605,-0.4677964,0.2486902,0.7796397,0.4192806,0.3930891,
1,37,108.181,0.3498458,1.162605,-0.4677964,0.2486902,0.7796397,0.4192806,0.3930891,
1,37,108.183,0.3498458,1.162605,-0.4677964,0.2486902,0.7796397,0.4192806,0.3930891,
1,37,108.185,0.3498804,1.162288,-0.4675056,0.2449154,0.7806509,0.4202539,0.3924121,
1,37,108.187,0.3498804,1.162288,-0.4675056,0.2449154,0.7806509,0.4202539,0.3924121,
1,37,108.189,0.3498804,1.162288,-0.4675056,0.2449154,0.7806509,0.4202539,0.3924121,
1,37,108.191,0.3498804,1.162288,-0.4675056,0.2449154,0.7806509,0.4202539,0.3924121,
1,37,108.193,0.3501978,1.16248,-0.4677565,0.2426121,0.7804297,0.4213406,0.3931172,
1,37,108.195,0.3501978,1.16248,-0.4677565,0.2426121,0.7804297,0.4213406,0.3931172,
1,37,108.197,0.3501978,1.16248,-0.4677565,0.2426121,0.7804297,0.4213406,0.3931172,
1,37,108.199,0.3501978,1.16248,-0.4677565,0.2426121,0.7804297,0.4213406,0.3931172,
1,37,108.201,0.3504485,1.162082,-0.4677144,0.2401389,0.7807009,0.421942,0.3934518,
1,37,108.203,0.3504485,1.162082,-0.4677144,0.2401389,0.7807009,0.421942,0.3934518,
1,37,108.205,0.3504485,1.162082,-0.4677144,0.2401389,0.7807009,0.421942,0.3934518,
1,37,108.207,0.3504485,1.162082,-0.4677144,0.2401389,0.7807009,0.421942,0.3934518,
1,37,108.209,0.3505936,1.161743,-0.4677373,0.2384719,0.7806282,0.4223603,0.3941607,
1,37,108.211,0.3505936,1.161743,-0.4677373,0.2384719,0.7806282,0.4223603,0.3941607,
1,37,108.213,0.3505936,1.161743,-0.4677373,0.2384719,0.7806282,0.4223603,0.3941607,
1,37,108.215,0.3505936,1.161743,-0.4677373,0.2384719,0.7806282,0.4223603,0.3941607,
1,37,108.217,0.3505936,1.161743,-0.4677373,0.2384719,0.7806282,0.4223603,0.3941607,
1,37,108.219,0.3511553,1.161226,-0.4676475,0.2363529,0.7808366,0.4228895,0.3944566,
1,37,108.221,0.3511553,1.161226,-0.4676475,0.2363529,0.7808366,0.4228895,0.3944566,
1,37,108.223,0.3511553,1.161226,-0.4676475,0.2363529,0.7808366,0.4228895,0.3944566,
1,37,108.225,0.3511553,1.161226,-0.4676475,0.2363529,0.7808366,0.4228895,0.3944566,
1,37,108.227,0.3508945,1.161613,-0.4678707,0.2366155,0.780221,0.4233161,0.3950593,
1,37,108.229,0.3508945,1.161613,-0.4678707,0.2366155,0.780221,0.4233161,0.3950593,
1,37,108.231,0.3508945,1.161613,-0.4678707,0.2366155,0.780221,0.4233161,0.3950593,
1,37,108.233,0.3508945,1.161613,-0.4678707,0.2366155,0.780221,0.4233161,0.3950593,
1,37,108.235,0.3515591,1.161355,-0.4675974,0.2351245,0.7804424,0.4238005,0.394993,
1,37,108.237,0.3515591,1.161355,-0.4675974,0.2351245,0.7804424,0.4238005,0.394993,
1,37,108.239,0.3515591,1.161355,-0.4675974,0.2351245,0.7804424,0.4238005,0.394993,
1,37,108.241,0.3515591,1.161355,-0.4675974,0.2351245,0.7804424,0.4238005,0.394993,
1,37,108.243,0.3511178,1.162185,-0.4675677,0.2361309,0.7802347,0.4240372,0.3945487,
1,37,108.245,0.3511178,1.162185,-0.4675677,0.2361309,0.7802347,0.4240372,0.3945487,
1,37,108.247,0.3511178,1.162185,-0.4675677,0.2361309,0.7802347,0.4240372,0.3945487,
1,37,108.249,0.3511178,1.162185,-0.4675677,0.2361309,0.7802347,0.4240372,0.3945487,
1,37,108.251,0.3511784,1.162495,-0.4673705,0.2368178,0.780055,0.4238067,0.3947398,
1,37,108.253,0.3511784,1.162495,-0.4673705,0.2368178,0.780055,0.4238067,0.3947398,
1,37,108.255,0.3511784,1.162495,-0.4673705,0.2368178,0.780055,0.4238067,0.3947398,
1,37,108.257,0.3511784,1.162495,-0.4673705,0.2368178,0.780055,0.4238067,0.3947398,
1,37,108.259,0.351113,1.162627,-0.4671904,0.2380815,0.7797529,0.4230452,0.3953927,
1,37,108.261,0.351113,1.162627,-0.4671904,0.2380815,0.7797529,0.4230452,0.3953927,
1,37,108.263,0.351113,1.162627,-0.4671904,0.2380815,0.7797529,0.4230452,0.3953927,
1,37,108.265,0.351113,1.162627,-0.4671904,0.2380815,0.7797529,0.4230452,0.3953927,
1,37,108.267,0.351113,1.162627,-0.4671904,0.2380815,0.7797529,0.4230452,0.3953927,
1,37,108.269,0.3511748,1.16263,-0.4671187,0.2398923,0.7790949,0.4219463,0.3967673,
1,37,108.271,0.3511748,1.16263,-0.4671187,0.2398923,0.7790949,0.4219463,0.3967673,
1,37,108.273,0.3511748,1.16263,-0.4671187,0.2398923,0.7790949,0.4219463,0.3967673,
1,37,108.275,0.3511748,1.16263,-0.4671187,0.2398923,0.7790949,0.4219463,0.3967673,
1,37,108.277,0.3510495,1.162474,-0.4670255,0.2423375,0.7783377,0.4203881,0.3984178,
1,37,108.279,0.3510495,1.162474,-0.4670255,0.2423375,0.7783377,0.4203881,0.3984178,
1,37,108.281,0.3510495,1.162474,-0.4670255,0.2423375,0.7783377,0.4203881,0.3984178,
1,37,108.283,0.3510495,1.162474,-0.4670255,0.2423375,0.7783377,0.4203881,0.3984178,
1,37,108.285,0.3508933,1.162368,-0.4670165,0.2446663,0.777679,0.4191983,0.3995333,
1,37,108.287,0.3508933,1.162368,-0.4670165,0.2446663,0.777679,0.4191983,0.3995333,
1,37,108.289,0.3508933,1.162368,-0.4670165,0.2446663,0.777679,0.4191983,0.3995333,
1,37,108.291,0.3508933,1.162368,-0.4670165,0.2446663,0.777679,0.4191983,0.3995333,
1,37,108.293,0.3508438,1.162348,-0.4670404,0.2467764,0.7772186,0.4184286,0.3999378,
1,37,108.295,0.3508438,1.162348,-0.4670404,0.2467764,0.7772186,0.4184286,0.3999378,
1,37,108.297,0.3508438,1.162348,-0.4670404,0.2467764,0.7772186,0.4184286,0.3999378,
1,37,108.299,0.3508438,1.162348,-0.4670404,0.2467764,0.7772186,0.4184286,0.3999378,
1,37,108.301,0.3506587,1.162208,-0.4669433,0.2486418,0.7771995,0.4178516,0.3994224,
1,37,108.303,0.3506587,1.162208,-0.4669433,0.2486418,0.7771995,0.4178516,0.3994224,
1,37,108.305,0.3506587,1.162208,-0.4669433,0.2486418,0.7771995,0.4178516,0.3994224,
1,37,108.307,0.3506587,1.162208,-0.4669433,0.2486418,0.7771995,0.4178516,0.3994224,
1,37,108.309,0.3503818,1.161963,-0.4667678,0.2503596,0.777379,0.4174699,0.3983979,
1,37,108.311,0.3503818,1.161963,-0.4667678,0.2503596,0.777379,0.4174699,0.3983979,
1,37,108.313,0.3503818,1.161963,-0.4667678,0.2503596,0.777379,0.4174699,0.3983979,
1,37,108.315,0.3503818,1.161963,-0.4667678,0.2503596,0.777379,0.4174699,0.3983979,
1,37,108.317,0.3503818,1.161963,-0.4667678,0.2503596,0.777379,0.4174699,0.3983979,
1,37,108.319,0.3501669,1.161728,-0.4666246,0.2520624,0.7773221,0.417363,0.3975464,
1,37,108.321,0.3501669,1.161728,-0.4666246,0.2520624,0.7773221,0.417363,0.3975464,
1,37,108.323,0.3501669,1.161728,-0.4666246,0.2520624,0.7773221,0.417363,0.3975464,
1,37,108.325,0.3501669,1.161728,-0.4666246,0.2520624,0.7773221,0.417363,0.3975464,
1,37,108.327,0.3496805,1.16137,-0.4664347,0.2537957,0.7772158,0.4174046,0.3966065,
1,37,108.329,0.3496805,1.16137,-0.4664347,0.2537957,0.7772158,0.4174046,0.3966065,
1,37,108.331,0.3496805,1.16137,-0.4664347,0.2537957,0.7772158,0.4174046,0.3966065,
1,37,108.333,0.3496805,1.16137,-0.4664347,0.2537957,0.7772158,0.4174046,0.3966065,
1,37,108.335,0.3494533,1.161143,-0.4664049,0.2554361,0.7768328,0.4178555,0.3958281,
1,37,108.337,0.3494533,1.161143,-0.4664049,0.2554361,0.7768328,0.4178555,0.3958281,
1,37,108.339,0.3494533,1.161143,-0.4664049,0.2554361,0.7768328,0.4178555,0.3958281,
1,37,108.341,0.3494533,1.161143,-0.4664049,0.2554361,0.7768328,0.4178555,0.3958281,
1,37,108.343,0.3495627,1.160957,-0.4664026,0.2568535,0.7762048,0.4186642,0.3952882,
1,37,108.345,0.3495627,1.160957,-0.4664026,0.2568535,0.7762048,0.4186642,0.3952882,
1,37,108.347,0.3495627,1.160957,-0.4664026,0.2568535,0.7762048,0.4186642,0.3952882,
1,37,108.349,0.3495627,1.160957,-0.4664026,0.2568535,0.7762048,0.4186642,0.3952882,
1,37,108.351,0.3494704,1.160436,-0.4662162,0.2582594,0.7756884,0.4191484,0.3948727,
1,37,108.353,0.3494704,1.160436,-0.4662162,0.2582594,0.7756884,0.4191484,0.3948727,
1,37,108.355,0.3494704,1.160436,-0.4662162,0.2582594,0.7756884,0.4191484,0.3948727,
1,37,108.357,0.3494704,1.160436,-0.4662162,0.2582594,0.7756884,0.4191484,0.3948727,
1,37,108.359,0.3494305,1.16093,-0.4666125,0.2596689,0.7745693,0.4211214,0.394045,
1,37,108.361,0.3494305,1.16093,-0.4666125,0.2596689,0.7745693,0.4211214,0.394045,
1,37,108.363,0.3494305,1.16093,-0.4666125,0.2596689,0.7745693,0.4211214,0.394045,
1,37,108.365,0.3494305,1.16093,-0.4666125,0.2596689,0.7745693,0.4211214,0.394045,
1,37,108.367,0.3494305,1.16093,-0.4666125,0.2596689,0.7745693,0.4211214,0.394045,
1,37,108.369,0.3497144,1.160929,-0.4669005,0.2602413,0.7739415,0.42301,0.3928761,
1,37,108.371,0.3497144,1.160929,-0.4669005,0.2602413,0.7739415,0.42301,0.3928761,
1,37,108.373,0.3497144,1.160929,-0.4669005,0.2602413,0.7739415,0.42301,0.3928761,
1,37,108.375,0.3497144,1.160929,-0.4669005,0.2602413,0.7739415,0.42301,0.3928761,
1,37,108.377,0.3498103,1.16076,-0.4671635,0.2607976,0.7732396,0.4248979,0.3918507,
1,37,108.379,0.3498103,1.16076,-0.4671635,0.2607976,0.7732396,0.4248979,0.3918507,
1,37,108.381,0.3498103,1.16076,-0.4671635,0.2607976,0.7732396,0.4248979,0.3918507,
1,37,108.383,0.3498103,1.16076,-0.4671635,0.2607976,0.7732396,0.4248979,0.3918507,
1,37,108.385,0.349645,1.160507,-0.467328,0.2613557,0.7725854,0.4266925,0.390818,
1,37,108.387,0.349645,1.160507,-0.467328,0.2613557,0.7725854,0.4266925,0.390818,
1,37,108.389,0.349645,1.160507,-0.467328,0.2613557,0.7725854,0.4266925,0.390818,
1,37,108.391,0.349645,1.160507,-0.467328,0.2613557,0.7725854,0.4266925,0.390818,
1,37,108.393,0.3498434,1.160407,-0.467595,0.2619188,0.7714152,0.4286677,0.3905908,
1,37,108.395,0.3498434,1.160407,-0.467595,0.2619188,0.7714152,0.4286677,0.3905908,
1,37,108.397,0.3498434,1.160407,-0.467595,0.2619188,0.7714152,0.4286677,0.3905908,
1,37,108.399,0.3498434,1.160407,-0.467595,0.2619188,0.7714152,0.4286677,0.3905908,
1,37,108.401,0.3498695,1.160402,-0.4678555,0.2629135,0.7698579,0.4304008,0.3910888,
1,37,108.403,0.3498695,1.160402,-0.4678555,0.2629135,0.7698579,0.4304008,0.3910888,
1,37,108.405,0.3498695,1.160402,-0.4678555,0.2629135,0.7698579,0.4304008,0.3910888,
1,37,108.407,0.3498695,1.160402,-0.4678555,0.2629135,0.7698579,0.4304008,0.3910888,
1,37,108.409,0.3504853,1.160645,-0.4682799,0.2634636,0.7682375,0.4324917,0.3915983,
1,37,108.411,0.3504853,1.160645,-0.4682799,0.2634636,0.7682375,0.4324917,0.3915983,
1,37,108.413,0.3504853,1.160645,-0.4682799,0.2634636,0.7682375,0.4324917,0.3915983,
1,37,108.415,0.3504853,1.160645,-0.4682799,0.2634636,0.7682375,0.4324917,0.3915983,
1,37,108.417,0.3504853,1.160645,-0.4682799,0.2634636,0.7682375,0.4324917,0.3915983,
1,37,108.419,0.3506469,1.160879,-0.4686013,0.2641031,0.7667884,0.4344724,0.3918151,
1,37,108.421,0.3506469,1.160879,-0.4686013,0.2641031,0.7667884,0.4344724,0.3918151,
1,37,108.423,0.3506469,1.160879,-0.4686013,0.2641031,0.7667884,0.4344724,0.3918151,
1,37,108.425,0.3506469,1.160879,-0.4686013,0.2641031,0.7667884,0.4344724,0.3918151,
1,37,108.427,0.3503014,1.16094,-0.468708,0.2648113,0.7656615,0.436052,0.3917859,
1,37,108.429,0.3503014,1.16094,-0.468708,0.2648113,0.7656615,0.436052,0.3917859,
1,37,108.431,0.3503014,1.16094,-0.468708,0.2648113,0.7656615,0.436052,0.3917859,
1,37,108.433,0.3503014,1.16094,-0.468708,0.2648113,0.7656615,0.436052,0.3917859,
1,37,108.435,0.3501637,1.160896,-0.4688113,0.2648543,0.7651572,0.4375004,0.3911269,
1,37,108.437,0.3501637,1.160896,-0.4688113,0.2648543,0.7651572,0.4375004,0.3911269,
1,37,108.439,0.3501637,1.160896,-0.4688113,0.2648543,0.7651572,0.4375004,0.3911269,
1,37,108.441,0.3501637,1.160896,-0.4688113,0.2648543,0.7651572,0.4375004,0.3911269,
1,37,108.443,0.3500708,1.1608,-0.4689151,0.2651814,0.7643514,0.4387731,0.3910551,
1,37,108.445,0.3500708,1.1608,-0.4689151,0.2651814,0.7643514,0.4387731,0.3910551,
1,37,108.447,0.3500708,1.1608,-0.4689151,0.2651814,0.7643514,0.4387731,0.3910551,
1,37,108.449,0.3500708,1.1608,-0.4689151,0.2651814,0.7643514,0.4387731,0.3910551,
1,37,108.451,0.3502121,1.160812,-0.4690921,0.265424,0.7634512,0.4401065,0.3911504,
1,37,108.453,0.3502121,1.160812,-0.4690921,0.265424,0.7634512,0.4401065,0.3911504,
1,37,108.455,0.3502121,1.160812,-0.4690921,0.265424,0.7634512,0.4401065,0.3911504,
1,37,108.457,0.3502121,1.160812,-0.4690921,0.265424,0.7634512,0.4401065,0.3911504,
1,37,108.459,0.3503347,1.160809,-0.4692421,0.2656565,0.7626448,0.441385,0.3911253,
1,37,108.461,0.3503347,1.160809,-0.4692421,0.2656565,0.7626448,0.441385,0.3911253,
1,37,108.463,0.3503347,1.160809,-0.4692421,0.2656565,0.7626448,0.441385,0.3911253,
1,37,108.465,0.3503347,1.160809,-0.4692421,0.2656565,0.7626448,0.441385,0.3911253,
1,37,108.467,0.3503347,1.160809,-0.4692421,0.2656565,0.7626448,0.441385,0.3911253,
1,37,108.469,0.3502712,1.160823,-0.4694025,0.2660286,0.7620209,0.4425475,0.3907744,
1,37,108.471,0.3502712,1.160823,-0.4694025,0.2660286,0.7620209,0.4425475,0.3907744,
1,37,108.473,0.3502712,1.160823,-0.4694025,0.2660286,0.7620209,0.4425475,0.3907744,
1,37,108.475,0.3502712,1.160823,-0.4694025,0.2660286,0.7620209,0.4425475,0.3907744,
1,37,108.477,0.3503737,1.160797,-0.469608,0.2663958,0.7614077,0.4437427,0.390364,
1,37,108.479,0.3503737,1.160797,-0.469608,0.2663958,0.7614077,0.4437427,0.390364,
1,37,108.481,0.3503737,1.160797,-0.469608,0.2663958,0.7614077,0.4437427,0.390364,
1,37,108.483,0.3503737,1.160797,-0.469608,0.2663958,0.7614077,0.4437427,0.390364,
1,37,108.485,0.3506958,1.160894,-0.4698406,0.2669611,0.7605624,0.444976,0.3902217,
1,37,108.487,0.3506958,1.160894,-0.4698406,0.2669611,0.7605624,0.444976,0.3902217,
1,37,108.489,0.3506958,1.160894,-0.4698406,0.2669611,0.7605624,0.444976,0.3902217,
1,37,108.491,0.3506958,1.160894,-0.4698406,0.2669611,0.7605624,0.444976,0.3902217,
1,37,108.493,0.3506901,1.16108,-0.4700224,0.2678734,0.7598624,0.446005,0.3897852,
1,37,108.495,0.3506901,1.16108,-0.4700224,0.2678734,0.7598624,0.446005,0.3897852,
1,37,108.497,0.3506901,1.16108,-0.4700224,0.2678734,0.7598624,0.446005,0.3897852,
1,37,108.499,0.3506901,1.16108,-0.4700224,0.2678734,0.7598624,0.446005,0.3897852,
1,37,108.501,0.3505833,1.161084,-0.4700849,0.2688567,0.7593297,0.4467357,0.3893092,
1,37,108.503,0.3505833,1.161084,-0.4700849,0.2688567,0.7593297,0.4467357,0.3893092,
1,37,108.505,0.3505833,1.161084,-0.4700849,0.2688567,0.7593297,0.4467357,0.3893092,
1,37,108.507,0.3505833,1.161084,-0.4700849,0.2688567,0.7593297,0.4467357,0.3893092,
1,37,108.509,0.3508128,1.161126,-0.4702126,0.2697135,0.7585984,0.4476708,0.3890682,
1,37,108.511,0.3508128,1.161126,-0.4702126,0.2697135,0.7585984,0.4476708,0.3890682,
1,37,108.513,0.3508128,1.161126,-0.4702126,0.2697135,0.7585984,0.4476708,0.3890682,
1,37,108.515,0.3508128,1.161126,-0.4702126,0.2697135,0.7585984,0.4476708,0.3890682,
1,37,108.517,0.3508128,1.161126,-0.4702126,0.2697135,0.7585984,0.4476708,0.3890682,
1,37,108.519,0.3503923,1.161125,-0.4702902,0.2711883,0.7581966,0.4481758,0.388244,
1,37,108.521,0.3503923,1.161125,-0.4702902,0.2711883,0.7581966,0.4481758,0.388244,
1,37,108.523,0.3503923,1.161125,-0.4702902,0.2711883,0.7581966,0.4481758,0.388244,
1,37,108.525,0.3503923,1.161125,-0.4702902,0.2711883,0.7581966,0.4481758,0.388244,
1,37,108.527,0.35032,1.161138,-0.4704474,0.2723026,0.7578337,0.4487847,0.3874685,
1,37,108.529,0.35032,1.161138,-0.4704474,0.2723026,0.7578337,0.4487847,0.3874685,
1,37,108.531,0.35032,1.161138,-0.4704474,0.2723026,0.7578337,0.4487847,0.3874685,
1,37,108.533,0.35032,1.161138,-0.4704474,0.2723026,0.7578337,0.4487847,0.3874685,
1,37,108.535,0.350327,1.161155,-0.4707368,0.2733795,0.7575613,0.4494087,0.3865184,
1,37,108.537,0.350327,1.161155,-0.4707368,0.2733795,0.7575613,0.4494087,0.3865184,
1,37,108.539,0.350327,1.161155,-0.4707368,0.2733795,0.7575613,0.4494087,0.3865184,
1,37,108.541,0.350327,1.161155,-0.4707368,0.2733795,0.7575613,0.4494087,0.3865184,
1,37,108.543,0.3503819,1.160949,-0.4710166,0.2744523,0.7572104,0.4497691,0.3860262,
1,37,108.545,0.3503819,1.160949,-0.4710166,0.2744523,0.7572104,0.4497691,0.3860262,
1,37,108.547,0.3503819,1.160949,-0.4710166,0.2744523,0.7572104,0.4497691,0.3860262,
1,37,108.549,0.3503819,1.160949,-0.4710166,0.2744523,0.7572104,0.4497691,0.3860262,
1,37,108.551,0.3505659,1.160809,-0.471293,0.2754516,0.756878,0.4501583,0.3855121,
1,37,108.553,0.3505659,1.160809,-0.471293,0.2754516,0.756878,0.4501583,0.3855121,
1,37,108.555,0.3505659,1.160809,-0.471293,0.2754516,0.756878,0.4501583,0.3855121,
1,37,108.557,0.3505659,1.160809,-0.471293,0.2754516,0.756878,0.4501583,0.3855121,
1,37,108.559,0.3504922,1.160431,-0.4714526,0.2764889,0.7566545,0.4500885,0.38529,
1,37,108.561,0.3504922,1.160431,-0.4714526,0.2764889,0.7566545,0.4500885,0.38529,
1,37,108.563,0.3504922,1.160431,-0.4714526,0.2764889,0.7566545,0.4500885,0.38529,
1,37,108.565,0.3504922,1.160431,-0.4714526,0.2764889,0.7566545,0.4500885,0.38529,
1,37,108.567,0.3504922,1.160431,-0.4714526,0.2764889,0.7566545,0.4500885,0.38529,
1,37,108.569,0.350419,1.160333,-0.4716746,0.277514,0.7563401,0.4501563,0.385091,
1,37,108.571,0.350419,1.160333,-0.4716746,0.277514,0.7563401,0.4501563,0.385091,
1,37,108.573,0.350419,1.160333,-0.4716746,0.277514,0.7563401,0.4501563,0.385091,
1,37,108.575,0.350419,1.160333,-0.4716746,0.277514,0.7563401,0.4501563,0.385091,
1,37,108.577,0.3503521,1.160258,-0.4718709,0.2781067,0.7563273,0.4502844,0.3845381,
1,37,108.579,0.3503521,1.160258,-0.4718709,0.2781067,0.7563273,0.4502844,0.3845381,
1,37,108.581,0.3503521,1.160258,-0.4718709,0.2781067,0.7563273,0.4502844,0.3845381,
1,37,108.583,0.3503521,1.160258,-0.4718709,0.2781067,0.7563273,0.4502844,0.3845381,
1,37,108.585,0.3504707,1.160334,-0.4721347,0.2784154,0.7562718,0.4505103,0.3841593,
1,37,108.587,0.3504707,1.160334,-0.4721347,0.2784154,0.7562718,0.4505103,0.3841593,
1,37,108.589,0.3504707,1.160334,-0.4721347,0.2784154,0.7562718,0.4505103,0.3841593,
1,37,108.591,0.3504707,1.160334,-0.4721347,0.2784154,0.7562718,0.4505103,0.3841593,
1,37,108.593,0.3503784,1.160329,-0.4722681,0.2785873,0.7564589,0.4504676,0.3837162,
1,37,108.595,0.3503784,1.160329,-0.4722681,0.2785873,0.7564589,0.4504676,0.3837162,
1,37,108.597,0.3503784,1.160329,-0.4722681,0.2785873,0.7564589,0.4504676,0.3837162,
1,37,108.599,0.3503784,1.160329,-0.4722681,0.2785873,0.7564589,0.4504676,0.3837162,
1,37,108.601,0.3505955,1.160365,-0.4723947,0.2784207,0.7565082,0.4504333,0.38378,
1,37,108.603,0.3505955,1.160365,-0.4723947,0.2784207,0.7565082,0.4504333,0.38378,
1,37,108.605,0.3505955,1.160365,-0.4723947,0.2784207,0.7565082,0.4504333,0.38378,
1,37,108.607,0.3505955,1.160365,-0.4723947,0.2784207,0.7565082,0.4504333,0.38378,
1,37,108.609,0.350618,1.160433,-0.4724109,0.2779322,0.7568465,0.4503357,0.3835815,
1,37,108.611,0.350618,1.160433,-0.4724109,0.2779322,0.7568465,0.4503357,0.3835815,
1,37,108.613,0.350618,1.160433,-0.4724109,0.2779322,0.7568465,0.4503357,0.3835815,
1,37,108.615,0.350618,1.160433,-0.4724109,0.2779322,0.7568465,0.4503357,0.3835815,
1,37,108.617,0.350618,1.160433,-0.4724109,0.2779322,0.7568465,0.4503357,0.3835815,
1,37,108.619,0.3506575,1.160433,-0.472378,0.2771769,0.7573171,0.4501128,0.3834611,
1,37,108.621,0.3506575,1.160433,-0.472378,0.2771769,0.7573171,0.4501128,0.3834611,
1,37,108.623,0.3506575,1.160433,-0.472378,0.2771769,0.7573171,0.4501128,0.3834611,
1,37,108.625,0.3506575,1.160433,-0.472378,0.2771769,0.7573171,0.4501128,0.3834611,
1,37,108.627,0.3509934,1.160505,-0.4723784,0.2755118,0.7579808,0.4499524,0.3835379,
1,37,108.629,0.3509934,1.160505,-0.4723784,0.2755118,0.7579808,0.4499524,0.3835379,
1,37,108.631,0.3509934,1.160505,-0.4723784,0.2755118,0.7579808,0.4499524,0.3835379,
1,37,108.633,0.3509934,1.160505,-0.4723784,0.2755118,0.7579808,0.4499524,0.3835379,
1,37,108.635,0.3510893,1.160512,-0.4723068,0.2745355,0.7583359,0.4496576,0.3838814,
1,37,108.637,0.3510893,1.160512,-0.4723068,0.2745355,0.7583359,0.4496576,0.3838814,
1,37,108.639,0.3510893,1.160512,-0.4723068,0.2745355,0.7583359,0.4496576,0.3838814,
1,37,108.641,0.3510893,1.160512,-0.4723068,0.2745355,0.7583359,0.4496576,0.3838814,
1,37,108.643,0.3513884,1.160614,-0.4722724,0.2732347,0.758688,0.449536,0.3842562,
1,37,108.645,0.3513884,1.160614,-0.4722724,0.2732347,0.758688,0.449536,0.3842562,
1,37,108.647,0.3513884,1.160614,-0.4722724,0.2732347,0.758688,0.449536,0.3842562,
1,37,108.649,0.3513884,1.160614,-0.4722724,0.2732347,0.758688,0.449536,0.3842562,
1,37,108.651,0.3510744,1.160851,-0.4723101,0.272256,0.7592041,0.4494134,0.3840747,
1,37,108.653,0.3510744,1.160851,-0.4723101,0.272256,0.7592041,0.4494134,0.3840747,
1,37,108.655,0.3510744,1.160851,-0.4723101,0.272256,0.7592041,0.4494134,0.3840747,
1,37,108.657,0.3510744,1.160851,-0.4723101,0.272256,0.7592041,0.4494134,0.3840747,
1,37,108.659,0.3509462,1.160407,-0.4720091,0.2705551,0.7599413,0.4490634,0.3842281,
1,37,108.661,0.3509462,1.160407,-0.4720091,0.2705551,0.7599413,0.4490634,0.3842281,
1,37,108.663,0.3509462,1.160407,-0.4720091,0.2705551,0.7599413,0.4490634,0.3842281,
1,37,108.665,0.3509462,1.160407,-0.4720091,0.2705551,0.7599413,0.4490634,0.3842281,
1,37,108.667,0.3509462,1.160407,-0.4720091,0.2705551,0.7599413,0.4490634,0.3842281,
1,37,108.669,0.3512976,1.160367,-0.4719847,0.2690632,0.7602975,0.4490257,0.3846151,
1,37,108.671,0.3512976,1.160367,-0.4719847,0.2690632,0.7602975,0.4490257,0.3846151,
1,37,108.673,0.3512976,1.160367,-0.4719847,0.2690632,0.7602975,0.4490257,0.3846151,
1,37,108.675,0.3512976,1.160367,-0.4719847,0.2690632,0.7602975,0.4490257,0.3846151,
1,37,108.677,0.3512678,1.16036,-0.4718922,0.2674729,0.7609258,0.4490447,0.3844595,
1,37,108.679,0.3512678,1.16036,-0.4718922,0.2674729,0.7609258,0.4490447,0.3844595,
1,37,108.681,0.3512678,1.16036,-0.4718922,0.2674729,0.7609258,0.4490447,0.3844595,
1,37,108.683,0.3512678,1.16036,-0.4718922,0.2674729,0.7609258,0.4490447,0.3844595,
1,37,108.685,0.3511102,1.160264,-0.4717276,0.2659457,0.7615838,0.4489601,0.3843147,
1,37,108.687,0.3511102,1.160264,-0.4717276,0.2659457,0.7615838,0.4489601,0.3843147,
1,37,108.689,0.3511102,1.160264,-0.4717276,0.2659457,0.7615838,0.4489601,0.3843147,
1,37,108.691,0.3511102,1.160264,-0.4717276,0.2659457,0.7615838,0.4489601,0.3843147,
1,37,108.693,0.3514136,1.160254,-0.471704,0.2646078,0.7617462,0.4489851,0.3848868,
1,37,108.695,0.3514136,1.160254,-0.471704,0.2646078,0.7617462,0.4489851,0.3848868,
1,37,108.697,0.3514136,1.160254,-0.471704,0.2646078,0.7617462,0.4489851,0.3848868,
1,37,108.699,0.3514136,1.160254,-0.471704,0.2646078,0.7617462,0.4489851,0.3848868,
1,37,108.701,0.3514486,1.160179,-0.4716033,0.26263,0.7622542,0.4491875,0.3849995,
1,37,108.703,0.3514486,1.160179,-0.4716033,0.26263,0.7622542,0.4491875,0.3849995,
1,37,108.705,0.3514486,1.160179,-0.4716033,0.26263,0.7622542,0.4491875,0.3849995,
1,37,108.707,0.3514486,1.160179,-0.4716033,0.26263,0.7622542,0.4491875,0.3849995,
1,37,108.709,0.3516494,1.160143,-0.4716153,0.2613896,0.7624343,0.44947,0.3851573,
1,37,108.711,0.3516494,1.160143,-0.4716153,0.2613896,0.7624343,0.44947,0.3851573,
1,37,108.713,0.3516494,1.160143,-0.4716153,0.2613896,0.7624343,0.44947,0.3851573,
1,37,108.715,0.3516494,1.160143,-0.4716153,0.2613896,0.7624343,0.44947,0.3851573,
1,37,108.717,0.3516494,1.160143,-0.4716153,0.2613896,0.7624343,0.44947,0.3851573,
1,37,108.719,0.3517184,1.160101,-0.4716098,0.2602591,0.7627246,0.4497477,0.3850239,
1,37,108.721,0.3517184,1.160101,-0.4716098,0.2602591,0.7627246,0.4497477,0.3850239,
1,37,108.723,0.3517184,1.160101,-0.4716098,0.2602591,0.7627246,0.4497477,0.3850239,
1,37,108.725,0.3517184,1.160101,-0.4716098,0.2602591,0.7627246,0.4497477,0.3850239,
1,37,108.727,0.3517991,1.159951,-0.4715621,0.259317,0.762895,0.4499607,0.385073,
1,37,108.729,0.3517991,1.159951,-0.4715621,0.259317,0.762895,0.4499607,0.385073,
1,37,108.731,0.3517991,1.159951,-0.4715621,0.259317,0.762895,0.4499607,0.385073,
1,37,108.733,0.3517991,1.159951,-0.4715621,0.259317,0.762895,0.4499607,0.385073,
1,37,108.735,0.3518663,1.159887,-0.4715062,0.2586096,0.7629093,0.4502507,0.3851814,
1,37,108.737,0.3518663,1.159887,-0.4715062,0.2586096,0.7629093,0.4502507,0.3851814,
1,37,108.739,0.3518663,1.159887,-0.4715062,0.2586096,0.7629093,0.4502507,0.3851814,
1,37,108.741,0.3518663,1.159887,-0.4715062,0.2586096,0.7629093,0.4502507,0.3851814,
1,37,108.743,0.3518603,1.159852,-0.4714829,0.2583504,0.7626876,0.4505005,0.3855024,
1,37,108.745,0.3518603,1.159852,-0.4714829,0.2583504,0.7626876,0.4505005,0.3855024,
1,37,108.747,0.3518603,1.159852,-0.4714829,0.2583504,0.7626876,0.4505005,0.3855024,
1,37,108.749,0.3518603,1.159852,-0.4714829,0.2583504,0.7626876,0.4505005,0.3855024,
1,37,108.751,0.3516568,1.159823,-0.4714061,0.2581108,0.7626256,0.4507903,0.3854468,
1,37,108.753,0.3516568,1.159823,-0.4714061,0.2581108,0.7626256,0.4507903,0.3854468,
1,37,108.755,0.3516568,1.159823,-0.4714061,0.2581108,0.7626256,0.4507903,0.3854468,
1,37,108.757,0.3516568,1.159823,-0.4714061,0.2581108,0.7626256,0.4507903,0.3854468,
1,37,108.759,0.3516627,1.159875,-0.4714035,0.2581008,0.7623354,0.4511595,0.3855956,
1,37,108.761,0.3516627,1.159875,-0.4714035,0.2581008,0.7623354,0.4511595,0.3855956,
1,37,108.763,0.3516627,1.159875,-0.4714035,0.2581008,0.7623354,0.4511595,0.3855956,
1,37,108.765,0.3516627,1.159875,-0.4714035,0.2581008,0.7623354,0.4511595,0.3855956,
1,37,108.767,0.3516627,1.159875,-0.4714035,0.2581008,0.7623354,0.4511595,0.3855956,
1,37,108.769,0.35142,1.159858,-0.471361,0.2583597,0.7621139,0.4513934,0.3855861,
1,37,108.771,0.35142,1.159858,-0.471361,0.2583597,0.7621139,0.4513934,0.3855861,
1,37,108.773,0.35142,1.159858,-0.471361,0.2583597,0.7621139,0.4513934,0.3855861,
1,37,108.775,0.35142,1.159858,-0.471361,0.2583597,0.7621139,0.4513934,0.3855861,
1,37,108.777,0.3513025,1.159865,-0.4713738,0.2590797,0.7614241,0.4516909,0.386117,
1,37,108.779,0.3513025,1.159865,-0.4713738,0.2590797,0.7614241,0.4516909,0.386117,
1,37,108.781,0.3513025,1.159865,-0.4713738,0.2590797,0.7614241,0.4516909,0.386117,
1,37,108.783,0.3513025,1.159865,-0.4713738,0.2590797,0.7614241,0.4516909,0.386117,
1,37,108.785,0.351172,1.159942,-0.4713776,0.2596909,0.7608988,0.4519203,0.3864734,
1,37,108.787,0.351172,1.159942,-0.4713776,0.2596909,0.7608988,0.4519203,0.3864734,
1,37,108.789,0.351172,1.159942,-0.4713776,0.2596909,0.7608988,0.4519203,0.3864734,
1,37,108.791,0.351172,1.159942,-0.4713776,0.2596909,0.7608988,0.4519203,0.3864734,
1,37,108.793,0.3512428,1.159973,-0.4713989,0.260386,0.7602304,0.4521115,0.387097,
1,37,108.795,0.3512428,1.159973,-0.4713989,0.260386,0.7602304,0.4521115,0.387097,
1,37,108.797,0.3512428,1.159973,-0.4713989,0.260386,0.7602304,0.4521115,0.387097,
1,37,108.799,0.3512428,1.159973,-0.4713989,0.260386,0.7602304,0.4521115,0.387097,
1,37,108.801,0.3512973,1.160083,-0.4714827,0.2612526,0.7593717,0.4523562,0.3879118,
1,37,108.803,0.3512973,1.160083,-0.4714827,0.2612526,0.7593717,0.4523562,0.3879118,
1,37,108.805,0.3512973,1.160083,-0.4714827,0.2612526,0.7593717,0.4523562,0.3879118,
1,37,108.807,0.3512973,1.160083,-0.4714827,0.2612526,0.7593717,0.4523562,0.3879118,
1,37,108.809,0.3511863,1.160219,-0.4715318,0.2621391,0.7586033,0.4526367,0.3884895,
1,37,108.811,0.3511863,1.160219,-0.4715318,0.2621391,0.7586033,0.4526367,0.3884895,
1,37,108.813,0.3511863,1.160219,-0.4715318,0.2621391,0.7586033,0.4526367,0.3884895,
1,37,108.815,0.3511863,1.160219,-0.4715318,0.2621391,0.7586033,0.4526367,0.3884895,
1,37,108.817,0.3511863,1.160219,-0.4715318,0.2621391,0.7586033,0.4526367,0.3884895,
1,37,108.819,0.3507191,1.16017,-0.4714171,0.2629734,0.7581696,0.4527601,0.3886285,
1,37,108.821,0.3507191,1.16017,-0.4714171,0.2629734,0.7581696,0.4527601,0.3886285,
1,37,108.823,0.3507191,1.16017,-0.4714171,0.2629734,0.7581696,0.4527601,0.3886285,
1,37,108.825,0.3507191,1.16017,-0.4714171,0.2629734,0.7581696,0.4527601,0.3886285,
1,37,108.827,0.3501739,1.160049,-0.4713034,0.2638777,0.757698,0.4528238,0.3888611,
1,37,108.829,0.3501739,1.160049,-0.4713034,0.2638777,0.757698,0.4528238,0.3888611,
1,37,108.831,0.3501739,1.160049,-0.4713034,0.2638777,0.757698,0.4528238,0.3888611,
1,37,108.833,0.3501739,1.160049,-0.4713034,0.2638777,0.757698,0.4528238,0.3888611,
1,37,108.835,0.3497574,1.159917,-0.4712455,0.2645632,0.7573271,0.4529696,0.3889482,
1,37,108.837,0.3497574,1.159917,-0.4712455,0.2645632,0.7573271,0.4529696,0.3889482,
1,37,108.839,0.3497574,1.159917,-0.4712455,0.2645632,0.7573271,0.4529696,0.3889482,
1,37,108.841,0.3497574,1.159917,-0.4712455,0.2645632,0.7573271,0.4529696,0.3889482,
1,37,108.843,0.3494515,1.159746,-0.4711493,0.2651786,0.7568477,0.4531141,0.3892938,
1,37,108.845,0.3494515,1.159746,-0.4711493,0.2651786,0.7568477,0.4531141,0.3892938,
1,37,108.847,0.3494515,1.159746,-0.4711493,0.2651786,0.7568477,0.4531141,0.3892938,
1,37,108.849,0.3494515,1.159746,-0.4711493,0.2651786,0.7568477,0.4531141,0.3892938,
1,37,108.851,0.3489664,1.159775,-0.471166,0.2659828,0.7563372,0.4533434,0.3894704,
1,37,108.853,0.3489664,1.159775,-0.471166,0.2659828,0.7563372,0.4533434,0.3894704,
1,37,108.855,0.3489664,1.159775,-0.471166,0.2659828,0.7563372,0.4533434,0.3894704,
1,37,108.857,0.3489664,1.159775,-0.471166,0.2659828,0.7563372,0.4533434,0.3894704,
1,37,108.859,0.3487318,1.159741,-0.4711045,0.2665309,0.7556968,0.4536335,0.3900003,
1,37,108.861,0.3487318,1.159741,-0.4711045,0.2665309,0.7556968,0.4536335,0.3900003,
1,37,108.863,0.3487318,1.159741,-0.4711045,0.2665309,0.7556968,0.4536335,0.3900003,
1,37,108.865,0.3487318,1.159741,-0.4711045,0.2665309,0.7556968,0.4536335,0.3900003,
1,37,108.867,0.3487318,1.159741,-0.4711045,0.2665309,0.7556968,0.4536335,0.3900003,
1,37,108.869,0.34866,1.159714,-0.4710393,0.267035,0.7548919,0.4539689,0.3908232,
1,37,108.871,0.34866,1.159714,-0.4710393,0.267035,0.7548919,0.4539689,0.3908232,
1,37,108.873,0.34866,1.159714,-0.4710393,0.267035,0.7548919,0.4539689,0.3908232,
1,37,108.875,0.34866,1.159714,-0.4710393,0.267035,0.7548919,0.4539689,0.3908232,
1,37,108.877,0.3483734,1.159566,-0.470817,0.2672285,0.7545794,0.4543303,0.3908744,
1,37,108.879,0.3483734,1.159566,-0.470817,0.2672285,0.7545794,0.4543303,0.3908744,
1,37,108.881,0.3483734,1.159566,-0.470817,0.2672285,0.7545794,0.4543303,0.3908744,
1,37,108.883,0.3483734,1.159566,-0.470817,0.2672285,0.7545794,0.4543303,0.3908744,
1,37,108.885,0.3482793,1.159497,-0.4706309,0.2671181,0.7543137,0.45491,0.3907887,
1,37,108.887,0.3482793,1.159497,-0.4706309,0.2671181,0.7543137,0.45491,0.3907887,
1,37,108.889,0.3482793,1.159497,-0.4706309,0.2671181,0.7543137,0.45491,0.3907887,
1,37,108.891,0.3482793,1.159497,-0.4706309,0.2671181,0.7543137,0.45491,0.3907887,
1,37,108.893,0.3479222,1.159415,-0.4704546,0.2671028,0.7541932,0.4553709,0.3904946,
1,37,108.895,0.3479222,1.159415,-0.4704546,0.2671028,0.7541932,0.4553709,0.3904946,
1,37,108.897,0.3479222,1.159415,-0.4704546,0.2671028,0.7541932,0.4553709,0.3904946,
1,37,108.899,0.3479222,1.159415,-0.4704546,0.2671028,0.7541932,0.4553709,0.3904946,
1,37,108.901,0.3476491,1.159344,-0.4703345,0.2670726,0.7540617,0.4557903,0.3902801,
1,37,108.903,0.3476491,1.159344,-0.4703345,0.2670726,0.7540617,0.4557903,0.3902801,
1,37,108.905,0.3476491,1.159344,-0.4703345,0.2670726,0.7540617,0.4557903,0.3902801,
1,37,108.907,0.3476491,1.159344,-0.4703345,0.2670726,0.7540617,0.4557903,0.3902801,
1,37,108.909,0.3473336,1.159287,-0.470297,0.2670524,0.7539083,0.4561664,0.3901507,
1,37,108.911,0.3473336,1.159287,-0.470297,0.2670524,0.7539083,0.4561664,0.3901507,
1,37,108.913,0.3473336,1.159287,-0.470297,0.2670524,0.7539083,0.4561664,0.3901507,
1,37,108.915,0.3473336,1.159287,-0.470297,0.2670524,0.7539083,0.4561664,0.3901507,
1,37,108.917,0.3473336,1.159287,-0.470297,0.2670524,0.7539083,0.4561664,0.3901507,
1,37,108.919,0.3471004,1.159121,-0.470209,0.2671137,0.7536779,0.4563432,0.3903471,
1,37,108.921,0.3471004,1.159121,-0.470209,0.2671137,0.7536779,0.4563432,0.3903471,
1,37,108.923,0.3471004,1.159121,-0.470209,0.2671137,0.7536779,0.4563432,0.3903471,
1,37,108.925,0.3471004,1.159121,-0.470209,0.2671137,0.7536779,0.4563432,0.3903471,
1,37,108.927,0.3472669,1.159013,-0.470123,0.2670138,0.7531158,0.4566112,0.391186,
1,37,108.929,0.3472669,1.159013,-0.470123,0.2670138,0.7531158,0.4566112,0.391186,
1,37,108.931,0.3472669,1.159013,-0.470123,0.2670138,0.7531158,0.4566112,0.391186,
1,37,108.933,0.3472669,1.159013,-0.470123,0.2670138,0.7531158,0.4566112,0.391186,
1,37,108.935,0.3472992,1.158935,-0.4699643,0.266706,0.7530481,0.456875,0.3912182,
1,37,108.937,0.3472992,1.158935,-0.4699643,0.266706,0.7530481,0.456875,0.3912182,
1,37,108.939,0.3472992,1.158935,-0.4699643,0.266706,0.7530481,0.456875,0.3912182,
1,37,108.941,0.3472992,1.158935,-0.4699643,0.266706,0.7530481,0.456875,0.3912182,
1,37,108.943,0.3470806,1.158862,-0.4697817,0.2665739,0.7530181,0.4570574,0.3911529,
1,37,108.945,0.3470806,1.158862,-0.4697817,0.2665739,0.7530181,0.4570574,0.3911529,
1,37,108.947,0.3470806,1.158862,-0.4697817,0.2665739,0.7530181,0.4570574,0.3911529,
1,37,108.949,0.3470806,1.158862,-0.4697817,0.2665739,0.7530181,0.4570574,0.3911529,
1,37,108.951,0.3468323,1.158722,-0.4695235,0.2664736,0.7531048,0.4571208,0.3909801,
1,37,108.953,0.3468323,1.158722,-0.4695235,0.2664736,0.7531048,0.4571208,0.3909801,
1,37,108.955,0.3468323,1.158722,-0.4695235,0.2664736,0.7531048,0.4571208,0.3909801,
1,37,108.957,0.3468323,1.158722,-0.4695235,0.2664736,0.7531048,0.4571208,0.3909801,
1,37,108.959,0.3466467,1.15864,-0.4692948,0.2664739,0.7529584,0.4572396,0.3911231,
1,37,108.961,0.3466467,1.15864,-0.4692948,0.2664739,0.7529584,0.4572396,0.3911231,
1,37,108.963,0.3466467,1.15864,-0.4692948,0.2664739,0.7529584,0.4572396,0.3911231,
1,37,108.965,0.3466467,1.15864,-0.4692948,0.2664739,0.7529584,0.4572396,0.3911231,
1,37,108.967,0.3466467,1.15864,-0.4692948,0.2664739,0.7529584,0.4572396,0.3911231,
1,37,108.969,0.3463503,1.158574,-0.4690741,0.2666519,0.7528336,0.4572674,0.3912097,
1,37,108.971,0.3463503,1.158574,-0.4690741,0.2666519,0.7528336,0.4572674,0.3912097,
1,37,108.973,0.3463503,1.158574,-0.4690741,0.2666519,0.7528336,0.4572674,0.3912097,
1,37,108.975,0.3463503,1.158574,-0.4690741,0.2666519,0.7528336,0.4572674,0.3912097,
1,37,108.977,0.346137,1.158507,-0.4688414,0.2667783,0.7526923,0.4573255,0.3913274,
1,37,108.979,0.346137,1.158507,-0.4688414,0.2667783,0.7526923,0.4573255,0.3913274,
1,37,108.981,0.346137,1.158507,-0.4688414,0.2667783,0.7526923,0.4573255,0.3913274,
1,37,108.983,0.346137,1.158507,-0.4688414,0.2667783,0.7526923,0.4573255,0.3913274,
1,37,108.985,0.3459129,1.15845,-0.4685827,0.2668029,0.7527372,0.4574452,0.3910843,
1,37,108.987,0.3459129,1.15845,-0.4685827,0.2668029,0.7527372,0.4574452,0.3910843,
1,37,108.989,0.3459129,1.15845,-0.4685827,0.2668029,0.7527372,0.4574452,0.3910843,
1,37,108.991,0.3459129,1.15845,-0.4685827,0.2668029,0.7527372,0.4574452,0.3910843,
1,37,108.993,0.3460093,1.15852,-0.4684551,0.2669446,0.7522655,0.4577051,0.3915908,
1,37,108.995,0.3460093,1.15852,-0.4684551,0.2669446,0.7522655,0.4577051,0.3915908,
1,37,108.997,0.3460093,1.15852,-0.4684551,0.2669446,0.7522655,0.4577051,0.3915908,
1,37,108.999,0.3460093,1.15852,-0.4684551,0.2669446,0.7522655,0.4577051,0.3915908,
1,37,109.001,0.3458474,1.158544,-0.4681602,0.2669347,0.7522177,0.4580822,0.3912483,
1,37,109.003,0.3458474,1.158544,-0.4681602,0.2669347,0.7522177,0.4580822,0.3912483,
1,37,109.005,0.3458474,1.158544,-0.4681602,0.2669347,0.7522177,0.4580822,0.3912483,
1,37,109.007,0.3458474,1.158544,-0.4681602,0.2669347,0.7522177,0.4580822,0.3912483,
1,37,109.009,0.3458352,1.158516,-0.4679933,0.2670233,0.7519455,0.4583035,0.3914517,
1,37,109.011,0.3458352,1.158516,-0.4679933,0.2670233,0.7519455,0.4583035,0.3914517,
1,37,109.013,0.3458352,1.158516,-0.4679933,0.2670233,0.7519455,0.4583035,0.3914517,
1,37,109.015,0.3458352,1.158516,-0.4679933,0.2670233,0.7519455,0.4583035,0.3914517,
1,37,109.017,0.3458352,1.158516,-0.4679933,0.2670233,0.7519455,0.4583035,0.3914517,
1,37,109.019,0.3457607,1.158704,-0.4678652,0.2670405,0.7519473,0.4587401,0.3909246,
1,37,109.021,0.3457607,1.158704,-0.4678652,0.2670405,0.7519473,0.4587401,0.3909246,
1,37,109.023,0.3457607,1.158704,-0.4678652,0.2670405,0.7519473,0.4587401,0.3909246,
1,37,109.025,0.3457607,1.158704,-0.4678652,0.2670405,0.7519473,0.4587401,0.3909246,
1,37,109.027,0.3457341,1.158748,-0.4677156,0.2672134,0.7517023,0.458997,0.3909764,
1,37,109.029,0.3457341,1.158748,-0.4677156,0.2672134,0.7517023,0.458997,0.3909764,
1,37,109.031,0.3457341,1.158748,-0.4677156,0.2672134,0.7517023,0.458997,0.3909764,
1,37,109.033,0.3457341,1.158748,-0.4677156,0.2672134,0.7517023,0.458997,0.3909764,
1,37,109.035,0.3456252,1.158679,-0.467474,0.2673719,0.7516596,0.459111,0.3908161,
1,37,109.037,0.3456252,1.158679,-0.467474,0.2673719,0.7516596,0.459111,0.3908161,
1,37,109.039,0.3456252,1.158679,-0.467474,0.2673719,0.7516596,0.459111,0.3908161,
1,37,109.041,0.3456252,1.158679,-0.467474,0.2673719,0.7516596,0.459111,0.3908161,
1,37,109.043,0.3456056,1.158809,-0.4673445,0.267682,0.7514004,0.4593736,0.3907939,
1,37,109.045,0.3456056,1.158809,-0.4673445,0.267682,0.7514004,0.4593736,0.3907939,
1,37,109.047,0.3456056,1.158809,-0.4673445,0.267682,0.7514004,0.4593736,0.3907939,
1,37,109.049,0.3456056,1.158809,-0.4673445,0.267682,0.7514004,0.4593736,0.3907939,
1,37,109.051,0.34556,1.158757,-0.4671332,0.2680179,0.7511805,0.4594196,0.3909322,
1,37,109.053,0.34556,1.158757,-0.4671332,0.2680179,0.7511805,0.4594196,0.3909322,
1,37,109.055,0.34556,1.158757,-0.4671332,0.2680179,0.7511805,0.4594196,0.3909322,
1,37,109.057,0.34556,1.158757,-0.4671332,0.2680179,0.7511805,0.4594196,0.3909322,
1,37,109.059,0.345311,1.158754,-0.4669459,0.2685329,0.750956,0.4595004,0.3909151,
1,37,109.061,0.345311,1.158754,-0.4669459,0.2685329,0.750956,0.4595004,0.3909151,
1,37,109.063,0.345311,1.158754,-0.4669459,0.2685329,0.750956,0.4595004,0.3909151,
1,37,109.065,0.345311,1.158754,-0.4669459,0.2685329,0.750956,0.4595004,0.3909151,
1,37,109.067,0.345311,1.158754,-0.4669459,0.2685329,0.750956,0.4595004,0.3909151,
1,37,109.069,0.345111,1.158735,-0.4667497,0.2688522,0.7509465,0.4596263,0.3905655,
1,37,109.071,0.345111,1.158735,-0.4667497,0.2688522,0.7509465,0.4596263,0.3905655,
1,37,109.073,0.345111,1.158735,-0.4667497,0.2688522,0.7509465,0.4596263,0.3905655,
1,37,109.075,0.345111,1.158735,-0.4667497,0.2688522,0.7509465,0.4596263,0.3905655,
1,37,109.077,0.3450308,1.158659,-0.4665018,0.2692748,0.7506317,0.4598799,0.3905814,
1,37,109.079,0.3450308,1.158659,-0.4665018,0.2692748,0.7506317,0.4598799,0.3905814,
1,37,109.081,0.3450308,1.158659,-0.4665018,0.2692748,0.7506317,0.4598799,0.3905814,
1,37,109.083,0.3450308,1.158659,-0.4665018,0.2692748,0.7506317,0.4598799,0.3905814,
1,37,109.085,0.3447991,1.158806,-0.4663996,0.2697076,0.7505481,0.4601739,0.3900965,
1,37,109.087,0.3447991,1.158806,-0.4663996,0.2697076,0.7505481,0.4601739,0.3900965,
1,37,109.089,0.3447991,1.158806,-0.4663996,0.2697076,0.7505481,0.4601739,0.3900965,
1,37,109.091,0.3447991,1.158806,-0.4663996,0.2697076,0.7505481,0.4601739,0.3900965,
1,37,109.093,0.3447965,1.158677,-0.4661928,0.2698475,0.7504414,0.4603485,0.389999,
1,37,109.095,0.3447965,1.158677,-0.4661928,0.2698475,0.7504414,0.4603485,0.389999,
1,37,109.097,0.3447965,1.158677,-0.4661928,0.2698475,0.7504414,0.4603485,0.389999,
1,37,109.099,0.3447965,1.158677,-0.4661928,0.2698475,0.7504414,0.4603485,0.389999,
1,37,109.101,0.344677,1.158728,-0.4660954,0.2703527,0.7501092,0.4605592,0.3900398,
1,37,109.103,0.344677,1.158728,-0.4660954,0.2703527,0.7501092,0.4605592,0.3900398,
1,37,109.105,0.344677,1.158728,-0.4660954,0.2703527,0.7501092,0.4605592,0.3900398,
1,37,109.107,0.344677,1.158728,-0.4660954,0.2703527,0.7501092,0.4605592,0.3900398,
1,37,109.109,0.3447013,1.158629,-0.4659461,0.2705744,0.749893,0.4608353,0.3899755,
1,37,109.111,0.3447013,1.158629,-0.4659461,0.2705744,0.749893,0.4608353,0.3899755,
1,37,109.113,0.3447013,1.158629,-0.4659461,0.2705744,0.749893,0.4608353,0.3899755,
1,37,109.115,0.3447013,1.158629,-0.4659461,0.2705744,0.749893,0.4608353,0.3899755,
1,37,109.117,0.3447013,1.158629,-0.4659461,0.2705744,0.749893,0.4608353,0.3899755,
1,37,109.119,0.3447183,1.158583,-0.465854,0.2709582,0.7495344,0.4611891,0.38998,
1,37,109.121,0.3447183,1.158583,-0.465854,0.2709582,0.7495344,0.4611891,0.38998,
1,37,109.123,0.3447183,1.158583,-0.465854,0.2709582,0.7495344,0.4611891,0.38998,
1,37,109.125,0.3447183,1.158583,-0.465854,0.2709582,0.7495344,0.4611891,0.38998,
1,37,109.127,0.3444991,1.158575,-0.4657551,0.2713145,0.7494661,0.4616187,0.3893548,
1,37,109.129,0.3444991,1.158575,-0.4657551,0.2713145,0.7494661,0.4616187,0.3893548,
1,37,109.131,0.3444991,1.158575,-0.4657551,0.2713145,0.7494661,0.4616187,0.3893548,
1,37,109.133,0.3444991,1.158575,-0.4657551,0.2713145,0.7494661,0.4616187,0.3893548,
1,37,109.135,0.3440723,1.158574,-0.4656377,0.2715762,0.7496954,0.4620894,0.388171,
1,37,109.137,0.3440723,1.158574,-0.4656377,0.2715762,0.7496954,0.4620894,0.388171,
1,37,109.139,0.3440723,1.158574,-0.4656377,0.2715762,0.7496954,0.4620894,0.388171,
1,37,109.141,0.3440723,1.158574,-0.4656377,0.2715762,0.7496954,0.4620894,0.388171,
1,37,109.143,0.3438413,1.158694,-0.4656011,0.2721099,0.7495393,0.4625255,0.3875788,
1,37,109.145,0.3438413,1.158694,-0.4656011,0.2721099,0.7495393,0.4625255,0.3875788,
1,37,109.147,0.3438413,1.158694,-0.4656011,0.2721099,0.7495393,0.4625255,0.3875788,
1,37,109.149,0.3438413,1.158694,-0.4656011,0.2721099,0.7495393,0.4625255,0.3875788,
1,37,109.151,0.3436816,1.158846,-0.4655624,0.2730908,0.7490504,0.4631094,0.3871365,
1,37,109.153,0.3436816,1.158846,-0.4655624,0.2730908,0.7490504,0.4631094,0.3871365,
1,37,109.155,0.3436816,1.158846,-0.4655624,0.2730908,0.7490504,0.4631094,0.3871365,
1,37,109.157,0.3436816,1.158846,-0.4655624,0.2730908,0.7490504,0.4631094,0.3871365,
1,37,109.159,0.3436203,1.158995,-0.4655951,0.2738295,0.7486044,0.4634773,0.3870369,
1,37,109.161,0.3436203,1.158995,-0.4655951,0.2738295,0.7486044,0.4634773,0.3870369,
1,37,109.163,0.3436203,1.158995,-0.4655951,0.2738295,0.7486044,0.4634773,0.3870369,
1,37,109.165,0.3436203,1.158995,-0.4655951,0.2738295,0.7486044,0.4634773,0.3870369,
1,37,109.167,0.3436203,1.158995,-0.4655951,0.2738295,0.7486044,0.4634773,0.3870369,
1,37,109.169,0.3436327,1.159048,-0.4655828,0.2744088,0.7482542,0.4638318,0.3868794,
1,37,109.171,0.3436327,1.159048,-0.4655828,0.2744088,0.7482542,0.4638318,0.3868794,
1,37,109.173,0.3436327,1.159048,-0.4655828,0.2744088,0.7482542,0.4638318,0.3868794,
1,37,109.175,0.3436327,1.159048,-0.4655828,0.2744088,0.7482542,0.4638318,0.3868794,
1,37,109.177,0.3434339,1.159029,-0.4655291,0.2749737,0.7480485,0.4641313,0.3865165,
1,37,109.179,0.3434339,1.159029,-0.4655291,0.2749737,0.7480485,0.4641313,0.3865165,
1,37,109.181,0.3434339,1.159029,-0.4655291,0.2749737,0.7480485,0.4641313,0.3865165,CourtEnter
1,37,109.183,0.3434339,1.159029,-0.4655291,0.2749737,0.7480485,0.4641313,0.3865165,
1,37,109.185,0.3433543,1.158997,-0.4654713,0.2756055,0.7477474,0.4643378,0.3864012,
1,37,109.187,0.3433543,1.158997,-0.4654713,0.2756055,0.7477474,0.4643378,0.3864012,
1,37,109.189,0.3433543,1.158997,-0.4654713,0.2756055,0.7477474,0.4643378,0.3864012,CourtExit
1,37,109.191,0.3433543,1.158997,-0.4654713,0.2756055,0.7477474,0.4643378,0.3864012,
1,37,109.193,0.343097,1.158993,-0.4653846,0.276159,0.7475997,0.4645059,0.3860894,
1,37,109.195,0.343097,1.158993,-0.4653846,0.276159,0.7475997,0.4645059,0.3860894,
1,37,109.197,0.343097,1.158993,-0.4653846,0.276159,0.7475997,0.4645059,0.3860894,
1,37,109.199,0.343097,1.158993,-0.4653846,0.276159,0.7475997,0.4645059,0.3860894,
1,37,109.201,0.3428388,1.159067,-0.4653282,0.2767968,0.7474493,0.4645802,0.3858346,
1,37,109.203,0.3428388,1.159067,-0.4653282,0.2767968,0.7474493,0.4645802,0.3858346,
1,37,109.205,0.3428388,1.159067,-0.4653282,0.2767968,0.7474493,0.4645802,0.3858346,
1,37,109.207,0.3428388,1.159067,-0.4653282,0.2767968,0.7474493,0.4645802,0.3858346,
1,37,109.209,0.3427106,1.15923,-0.4653295,0.2772522,0.7472875,0.4647991,0.3855572,
1,37,109.211,0.3427106,1.15923,-0.4653295,0.2772522,0.7472875,0.4647991,0.3855572,
1,37,109.213,0.3427106,1.15923,-0.4653295,0.2772522,0.7472875,0.4647991,0.3855572,
1,37,109.215,0.3427106,1.15923,-0.4653295,0.2772522,0.7472875,0.4647991,0.3855572,
1,37,109.217,0.3427106,1.15923,-0.4653295,0.2772522,0.7472875,0.4647991,0.3855572,
1,37,109.219,0.342521,1.159391,-0.4653546,0.2774924,0.7473465,0.4649717,0.3850619,
1,37,109.221,0.342521,1.159391,-0.4653546,0.2774924,0.7473465,0.4649717,0.3850619,
1,37,109.223,0.342521,1.159391,-0.4653546,0.2774924,0.7473465,0.4649717,0.3850619,
1,37,109.225,0.342521,1.159391,-0.4653546,0.2774924,0.7473465,0.4649717,0.3850619,
1,37,109.227,0.3423011,1.159587,-0.465419,0.2775927,0.747595,0.4651192,0.3843281,
1,37,109.229,0.3423011,1.159587,-0.465419,0.2775927,0.747595,0.4651192,0.3843281,
1,37,109.231,0.3423011,1.159587,-0.465419,0.2775927,0.747595,0.4651192,0.3843281,
1,37,109.233,0.3423011,1.159587,-0.465419,0.2775927,0.747595,0.4651192,0.3843281,
1,37,109.235,0.342069,1.15953,-0.4654151,0.2773551,0.7481615,0.4647779,0.3838101,
1,37,109.237,0.342069,1.15953,-0.4654151,0.2773551,0.7481615,0.4647779,0.3838101,
1,37,109.239,0.342069,1.15953,-0.4654151,0.2773551,0.7481615,0.4647779,0.3838101,
1,37,109.241,0.342069,1.15953,-0.4654151,0.2773551,0.7481615,0.4647779,0.3838101,
1,37,109.243,0.3419182,1.159612,-0.4654941,0.2772473,0.7485214,0.4644792,0.3835475,
1,37,109.245,0.3419182,1.159612,-0.4654941,0.2772473,0.7485214,0.4644792,0.3835475,
1,37,109.247,0.3419182,1.159612,-0.4654941,0.2772473,0.7485214,0.4644792,0.3835475,
1,37,109.249,0.3419182,1.159612,-0.4654941,0.2772473,0.7485214,0.4644792,0.3835475,
1,37,109.251,0.3419298,1.159675,-0.4655716,0.2769682,0.7489026,0.4640881,0.3834786,
1,37,109.253,0.3419298,1.159675,-0.4655716,0.2769682,0.7489026,0.4640881,0.3834786,
1,37,109.255,0.3419298,1.159675,-0.4655716,0.2769682,0.7489026,0.4640881,0.3834786,
1,37,109.257,0.3419298,1.159675,-0.4655716,0.2769682,0.7489026,0.4640881,0.3834786,
1,37,109.259,0.3420256,1.159725,-0.4656669,0.2762082,0.7495498,0.4638117,0.3830962,
1,37,109.261,0.3420256,1.159725,-0.4656669,0.2762082,0.7495498,0.4638117,0.3830962,
1,37,109.263,0.3420256,1.159725,-0.4656669,0.2762082,0.7495498,0.4638117,0.3830962,
1,37,109.265,0.3420256,1.159725,-0.4656669,0.2762082,0.7495498,0.4638117,0.3830962,
1,37,109.267,0.3420256,1.159725,-0.4656669,0.2762082,0.7495498,0.4638117,0.3830962,
1,37,109.269,0.3419815,1.159694,-0.465679,0.2753848,0.7504016,0.4633237,0.3826119,
1,37,109.271,0.3419815,1.159694,-0.465679,0.2753848,0.7504016,0.4633237,0.3826119,
1,37,109.273,0.3419815,1.159694,-0.465679,0.2753848,0.7504016,0.4633237,0.3826119,
1,37,109.275,0.3419815,1.159694,-0.465679,0.2753848,0.7504016,0.4633237,0.3826119,
1,37,109.277,0.3419056,1.159705,-0.4657255,0.2745175,0.7512516,0.4628816,0.3821019,
1,37,109.279,0.3419056,1.159705,-0.4657255,0.2745175,0.7512516,0.4628816,0.3821019,
1,37,109.281,0.3419056,1.159705,-0.4657255,0.2745175,0.7512516,0.4628816,0.3821019,
1,37,109.283,0.3419056,1.159705,-0.4657255,0.2745175,0.7512516,0.4628816,0.3821019,
1,37,109.285,0.3419539,1.159696,-0.4657837,0.2734179,0.7521452,0.4624863,0.3816108,
1,37,109.287,0.3419539,1.159696,-0.4657837,0.2734179,0.7521452,0.4624863,0.3816108,
1,37,109.289,0.3419539,1.159696,-0.4657837,0.2734179,0.7521452,0.4624863,0.3816108,
1,37,109.291,0.3419539,1.159696,-0.4657837,0.2734179,0.7521452,0.4624863,0.3816108,
1,37,109.293,0.3421095,1.159724,-0.4658512,0.2722465,0.7529965,0.4621113,0.3812236,
1,37,109.295,0.3421095,1.159724,-0.4658512,0.2722465,0.7529965,0.4621113,0.3812236,
1,37,109.297,0.3421095,1.159724,-0.4658512,0.2722465,0.7529965,0.4621113,0.3812236,
1,37,109.299,0.3421095,1.159724,-0.4658512,0.2722465,0.7529965,0.4621113,0.3812236,
1,37,109.301,0.3421841,1.159765,-0.4659627,0.270803,0.7541232,0.4614285,0.3808513,
1,37,109.303,0.3421841,1.159765,-0.4659627,0.270803,0.7541232,0.4614285,0.3808513,
1,37,109.305,0.3421841,1.159765,-0.4659627,0.270803,0.7541232,0.4614285,0.3808513,
1,37,109.307,0.3421841,1.159765,-0.4659627,0.270803,0.7541232,0.4614285,0.3808513,
1,37,109.309,0.3422134,1.159759,-0.4659892,0.2698077,0.7548739,0.4610297,0.3805535,
1,37,109.311,0.3422134,1.159759,-0.4659892,0.2698077,0.7548739,0.4610297,0.3805535,
1,37,109.313,0.3422134,1.159759,-0.4659892,0.2698077,0.7548739,0.4610297,0.3805535,
1,37,109.315,0.3422134,1.159759,-0.4659892,0.2698077,0.7548739,0.4610297,0.3805535,
1,37,109.317,0.3422134,1.159759,-0.4659892,0.2698077,0.7548739,0.4610297,0.3805535,
1,37,109.319,0.3422599,1.159695,-0.4660177,0.2687813,0.755602,0.4607375,0.3801884,
1,37,109.321,0.3422599,1.159695,-0.4660177,0.2687813,0.755602,0.4607375,0.3801884,
1,37,109.323,0.3422599,1.159695,-0.4660177,0.2687813,0.755602,0.4607375,0.3801884,
1,37,109.325,0.3422599,1.159695,-0.4660177,0.2687813,0.755602,0.4607375,0.3801884,
1,37,109.327,0.3423204,1.159701,-0.4661131,0.2677985,0.7563606,0.4605674,0.3795792,
1,37,109.329,0.3423204,1.159701,-0.4661131,0.2677985,0.7563606,0.4605674,0.3795792,
1,37,109.331,0.3423204,1.159701,-0.4661131,0.2677985,0.7563606,0.4605674,0.3795792,
1,37,109.333,0.3423204,1.159701,-0.4661131,0.2677985,0.7563606,0.4605674,0.3795792,
1,37,109.335,0.3422789,1.159728,-0.4662184,0.2670557,0.7570213,0.4603029,0.379106,
1,37,109.337,0.3422789,1.159728,-0.4662184,0.2670557,0.7570213,0.4603029,0.379106,
1,37,109.339,0.3422789,1.159728,-0.4662184,0.2670557,0.7570213,0.4603029,0.379106,
1,37,109.341,0.3422789,1.159728,-0.4662184,0.2670557,0.7570213,0.4603029,0.379106,
1,37,109.343,0.3428307,1.160009,-0.4666046,0.2664379,0.7569702,0.4604326,0.3794849,
1,37,109.345,0.3428307,1.160009,-0.4666046,0.2664379,0.7569702,0.4604326,0.3794849,
1,37,109.347,0.3428307,1.160009,-0.4666046,0.2664379,0.7569702,0.4604326,0.3794849,
1,37,109.349,0.3428307,1.160009,-0.4666046,0.2664379,0.7569702,0.4604326,0.3794849,
1,37,109.351,0.3428175,1.160044,-0.4667424,0.2659349,0.7572885,0.4602617,0.37941,
1,37,109.353,0.3428175,1.160044,-0.4667424,0.2659349,0.7572885,0.4602617,0.37941,
1,37,109.355,0.3428175,1.160044,-0.4667424,0.2659349,0.7572885,0.4602617,0.37941,
1,37,109.357,0.3428175,1.160044,-0.4667424,0.2659349,0.7572885,0.4602617,0.37941,
1,37,109.359,0.3426687,1.159968,-0.4667932,0.2653589,0.7578133,0.4600256,0.3790517,
1,37,109.361,0.3426687,1.159968,-0.4667932,0.2653589,0.7578133,0.4600256,0.3790517,
1,37,109.363,0.3426687,1.159968,-0.4667932,0.2653589,0.7578133,0.4600256,0.3790517,
1,37,109.365,0.3426687,1.159968,-0.4667932,0.2653589,0.7578133,0.4600256,0.3790517,
1,37,109.367,0.3426687,1.159968,-0.4667932,0.2653589,0.7578133,0.4600256,0.3790517,
1,37,109.369,0.3424579,1.159978,-0.4669108,0.2649042,0.7583443,0.4599121,0.3784449,
1,37,109.371,0.3424579,1.159978,-0.4669108,0.2649042,0.7583443,0.4599121,0.3784449,
1,37,109.373,0.3424579,1.159978,-0.4669108,0.2649042,0.7583443,0.4599121,0.3784449,
1,37,109.375,0.3424579,1.159978,-0.4669108,0.2649042,0.7583443,0.4599121,0.3784449,
1,37,109.377,0.3425609,1.160072,-0.4671569,0.2640738,0.7588203,0.4599156,0.3780669,
1,37,109.379,0.3425609,1.160072,-0.4671569,0.2640738,0.7588203,0.4599156,0.3780669,
1,37,109.381,0.3425609,1.160072,-0.4671569,0.2640738,0.7588203,0.4599156,0.3780669,
1,37,109.383,0.3425609,1.160072,-0.4671569,0.2640738,0.7588203,0.4599156,0.3780669,
1,37,109.385,0.3426262,1.160116,-0.4672994,0.2635178,0.7591233,0.4598978,0.3778681,
1,37,109.387,0.3426262,1.160116,-0.4672994,0.2635178,0.7591233,0.4598978,0.3778681,
1,37,109.389,0.3426262,1.160116,-0.4672994,0.2635178,0.7591233,0.4598978,0.3778681,
1,37,109.391,0.3426262,1.160116,-0.4672994,0.2635178,0.7591233,0.4598978,0.3778681,
1,37,109.393,0.3426163,1.160205,-0.4674636,0.2632215,0.7592437,0.4597817,0.377974,
1,37,109.395,0.3426163,1.160205,-0.4674636,0.2632215,0.7592437,0.4597817,0.377974,
1,37,109.397,0.3426163,1.160205,-0.4674636,0.2632215,0.7592437,0.4597817,0.377974,
1,37,109.399,0.3426163,1.160205,-0.4674636,0.2632215,0.7592437,0.4597817,0.377974,
1,37,109.401,0.3425897,1.160262,-0.4675827,0.2628432,0.7594427,0.4596568,0.3779892,
1,37,109.403,0.3425897,1.160262,-0.4675827,0.2628432,0.7594427,0.4596568,0.3779892,
1,37,109.405,0.3425897,1.160262,-0.4675827,0.2628432,0.7594427,0.4596568,0.3779892,
1,37,109.407,0.3425897,1.160262,-0.4675827,0.2628432,0.7594427,0.4596568,0.3779892,
1,37,109.409,0.3426507,1.160299,-0.467703,0.262657,0.7594182,0.4594219,0.3784533,
1,37,109.411,0.3426507,1.160299,-0.467703,0.262657,0.7594182,0.4594219,0.3784533,
1,37,109.413,0.3426507,1.160299,-0.467703,0.262657,0.7594182,0.4594219,0.3784533,
1,37,109.415,0.3426507,1.160299,-0.467703,0.262657,0.7594182,0.4594219,0.3784533,
1,37,109.417,0.3426507,1.160299,-0.467703,0.262657,0.7594182,0.4594219,0.3784533,
1,37,109.419,0.3426127,1.160489,-0.4678537,0.2623278,0.7594546,0.4593956,0.3786403,
1,37,109.421,0.3426127,1.160489,-0.4678537,0.2623278,0.7594546,0.4593956,0.3786403,
1,37,109.423,0.3426127,1.160489,-0.4678537,0.2623278,0.7594546,0.4593956,0.3786403,
1,37,109.425,0.3426127,1.160489,-0.4678537,0.2623278,0.7594546,0.4593956,0.3786403,
1,37,109.427,0.3426996,1.16052,-0.4679067,0.2618867,0.7595913,0.4592514,0.3788463,
1,37,109.429,0.3426996,1.16052,-0.4679067,0.2618867,0.7595913,0.4592514,0.3788463,
1,37,109.431,0.3426996,1.16052,-0.4679067,0.2618867,0.7595913,0.4592514,0.3788463,
1,37,109.433,0.3426996,1.16052,-0.4679067,0.2618867,0.7595913,0.4592514,0.3788463,
1,37,109.435,0.3427213,1.160606,-0.4679858,0.261346,0.7597383,0.4592783,0.3788925,
1,37,109.437,0.3427213,1.160606,-0.4679858,0.261346,0.7597383,0.4592783,0.3788925,
1,37,109.439,0.3427213,1.160606,-0.4679858,0.261346,0.7597383,0.4592783,0.3788925,
1,37,109.441,0.3427213,1.160606,-0.4679858,0.261346,0.7597383,0.4592783,0.3788925,
1,37,109.443,0.3427808,1.160669,-0.4680376,0.2606198,0.7599377,0.4594295,0.3788095,
1,37,109.445,0.3427808,1.160669,-0.4680376,0.2606198,0.7599377,0.4594295,0.3788095,
1,37,109.447,0.3427808,1.160669,-0.4680376,0.2606198,0.7599377,0.4594295,0.3788095,
1,37,109.449,0.3427808,1.160669,-0.4680376,0.2606198,0.7599377,0.4594295,0.3788095,
1,37,109.451,0.342974,1.160666,-0.4681399,0.2596414,0.7600914,0.4596286,0.3789315,
1,37,109.453,0.342974,1.160666,-0.4681399,0.2596414,0.7600914,0.4596286,0.3789315,
1,37,109.455,0.342974,1.160666,-0.4681399,0.2596414,0.7600914,0.4596286,0.3789315,
1,37,109.457,0.342974,1.160666,-0.4681399,0.2596414,0.7600914,0.4596286,0.3789315,
1,37,109.459,0.3430071,1.16056,-0.4681288,0.2589441,0.7603948,0.4597221,0.3786865,
1,37,109.461,0.3430071,1.16056,-0.4681288,0.2589441,0.7603948,0.4597221,0.3786865,
1,37,109.463,0.3430071,1.16056,-0.4681288,0.2589441,0.7603948,0.4597221,0.3786865,
1,37,109.465,0.3430071,1.16056,-0.4681288,0.2589441,0.7603948,0.4597221,0.3786865,
1,37,109.467,0.3430071,1.16056,-0.4681288,0.2589441,0.7603948,0.4597221,0.3786865,
1,37,109.469,0.3431585,1.160515,-0.4681688,0.2583531,0.7604498,0.4598987,0.3787652,
1,37,109.471,0.3431585,1.160515,-0.4681688,0.2583531,0.7604498,0.4598987,0.3787652,
1,37,109.473,0.3431585,1.160515,-0.4681688,0.2583531,0.7604498,0.4598987,0.3787652,
1,37,109.475,0.3431585,1.160515,-0.4681688,0.2583531,0.7604498,0.4598987,0.3787652,
1,37,109.477,0.3434334,1.160416,-0.4682263,0.2576361,0.7605099,0.4602808,0.3786685,
1,37,109.479,0.3434334,1.160416,-0.4682263,0.2576361,0.7605099,0.4602808,0.3786685,
1,37,109.481,0.3434334,1.160416,-0.4682263,0.2576361,0.7605099,0.4602808,0.3786685,
1,37,109.483,0.3434334,1.160416,-0.4682263,0.2576361,0.7605099,0.4602808,0.3786685,
1,37,109.485,0.3435194,1.160351,-0.4682696,0.2572032,0.7605462,0.4605931,0.3785102,
1,37,109.487,0.3435194,1.160351,-0.4682696,0.2572032,0.7605462,0.4605931,0.3785102,
1,37,109.489,0.3435194,1.160351,-0.4682696,0.2572032,0.7605462,0.4605931,0.3785102,
1,37,109.491,0.3435194,1.160351,-0.4682696,0.2572032,0.7605462,0.4605931,0.3785102,
1,37,109.493,0.3436533,1.160359,-0.468377,0.25695,0.7602873,0.4610279,0.378673,
1,37,109.495,0.3436533,1.160359,-0.468377,0.25695,0.7602873,0.4610279,0.378673,
1,37,109.497,0.3436533,1.160359,-0.468377,0.25695,0.7602873,0.4610279,0.378673,
1,37,109.499,0.3436533,1.160359,-0.468377,0.25695,0.7602873,0.4610279,0.378673,
1,37,109.501,0.3438611,1.160362,-0.4684892,0.2565899,0.7600997,0.4615596,0.3786461,
1,37,109.503,0.3438611,1.160362,-0.4684892,0.2565899,0.7600997,0.4615596,0.3786461,
1,37,109.505,0.3438611,1.160362,-0.4684892,0.2565899,0.7600997,0.4615596,0.3786461,
1,37,109.507,0.3438611,1.160362,-0.4684892,0.2565899,0.7600997,0.4615596,0.3786461,
1,37,109.509,0.3439617,1.160184,-0.4685014,0.2564152,0.7599161,0.4618511,0.3787777,
1,37,109.511,0.3439617,1.160184,-0.4685014,0.2564152,0.7599161,0.4618511,0.3787777,
1,37,109.513,0.3439617,1.160184,-0.4685014,0.2564152,0.7599161,0.4618511,0.3787777,
1,37,109.515,0.3439617,1.160184,-0.4685014,0.2564152,0.7599161,0.4618511,0.3787777,
1,37,109.517,0.3439617,1.160184,-0.4685014,0.2564152,0.7599161,0.4618511,0.3787777,
1,37,109.519,0.3440643,1.160122,-0.468539,0.2560154,0.7600411,0.4625031,0.3780007,
1,37,109.521,0.3440643,1.160122,-0.468539,0.2560154,0.7600411,0.4625031,0.3780007,
1,37,109.523,0.3440643,1.160122,-0.468539,0.2560154,0.7600411,0.4625031,0.3780007,
1,37,109.525,0.3440643,1.160122,-0.468539,0.2560154,0.7600411,0.4625031,0.3780007,
1,37,109.527,0.3445707,1.160138,-0.4686911,0.2561584,0.7594427,0.4632843,0.3781499,
1,37,109.529,0.3445707,1.160138,-0.4686911,0.2561584,0.7594427,0.4632843,0.3781499,
1,37,109.531,0.3445707,1.160138,-0.4686911,0.2561584,0.7594427,0.4632843,0.3781499,
1,37,109.533,0.3445707,1.160138,-0.4686911,0.2561584,0.7594427,0.4632843,0.3781499,
1,37,109.535,0.3448677,1.160221,-0.4688073,0.2564976,0.758945,0.4637831,0.3783079,
1,37,109.537,0.3448677,1.160221,-0.4688073,0.2564976,0.758945,0.4637831,0.3783079,
1,37,109.539,0.3448677,1.160221,-0.4688073,0.2564976,0.758945,0.4637831,0.3783079,
1,37,109.541,0.3448677,1.160221,-0.4688073,0.2564976,0.758945,0.4637831,0.3783079,
1,37,109.543,0.3448954,1.160137,-0.4687947,0.2569874,0.7586133,0.4640483,0.3783154,
1,37,109.545,0.3448954,1.160137,-0.4687947,0.2569874,0.7586133,0.4640483,0.3783154,
1,37,109.547,0.3448954,1.160137,-0.4687947,0.2569874,0.7586133,0.4640483,0.3783154,
1,37,109.549,0.3448954,1.160137,-0.4687947,0.2569874,0.7586133,0.4640483,0.3783154,
1,37,109.551,0.3447205,1.160015,-0.468775,0.257673,0.7582562,0.4642338,0.3783374,
1,37,109.553,0.3447205,1.160015,-0.468775,0.257673,0.7582562,0.4642338,0.3783374,
1,37,109.555,0.3447205,1.160015,-0.468775,0.257673,0.7582562,0.4642338,0.3783374,
1,37,109.557,0.3447205,1.160015,-0.468775,0.257673,0.7582562,0.4642338,0.3783374,
1,37,109.559,0.3446136,1.159817,-0.4687069,0.2583352,0.7579856,0.4644119,0.3782093,
1,37,109.561,0.3446136,1.159817,-0.4687069,0.2583352,0.7579856,0.4644119,0.3782093,
1,37,109.563,0.3446136,1.159817,-0.4687069,0.2583352,0.7579856,0.4644119,0.3782093,
1,37,109.565,0.3446136,1.159817,-0.4687069,0.2583352,0.7579856,0.4644119,0.3782093,
1,37,109.567,0.3446136,1.159817,-0.4687069,0.2583352,0.7579856,0.4644119,0.3782093,
1,37,109.569,0.3446377,1.159725,-0.468689,0.2592179,0.7575414,0.4646274,0.378231,
1,37,109.571,0.3446377,1.159725,-0.468689,0.2592179,0.7575414,0.4646274,0.378231,
1,37,109.573,0.3446377,1.159725,-0.468689,0.2592179,0.7575414,0.4646274,0.378231,
1,37,109.575,0.3446377,1.159725,-0.468689,0.2592179,0.7575414,0.4646274,0.378231,
1,37,109.577,0.3448063,1.159692,-0.4686996,0.260253,0.7568941,0.4649289,0.3784455,
1,37,109.579,0.3448063,1.159692,-0.4686996,0.260253,0.7568941,0.4649289,0.3784455,
1,37,109.581,0.3448063,1.159692,-0.4686996,0.260253,0.7568941,0.4649289,0.3784455,
1,37,109.583,0.3448063,1.159692,-0.4686996,0.260253,0.7568941,0.4649289,0.3784455,
1,37,109.585,0.3448915,1.159662,-0.4686161,0.2611076,0.7566177,0.4652899,0.3779655,
1,37,109.587,0.3448915,1.159662,-0.4686161,0.2611076,0.7566177,0.4652899,0.3779655,
1,37,109.589,0.3448915,1.159662,-0.4686161,0.2611076,0.7566177,0.4652899,0.3779655,
1,37,109.591,0.3448915,1.159662,-0.4686161,0.2611076,0.7566177,0.4652899,0.3779655,
1,37,109.593,0.3447607,1.159531,-0.4684493,0.2622493,0.7564567,0.4653836,0.3773814,
1,37,109.595,0.3447607,1.159531,-0.4684493,0.2622493,0.7564567,0.4653836,0.3773814,
1,37,109.597,0.3447607,1.159531,-0.4684493,0.2622493,0.7564567,0.4653836,0.3773814,
1,37,109.599,0.3447607,1.159531,-0.4684493,0.2622493,0.7564567,0.4653836,0.3773814,
1,37,109.601,0.3447241,1.159243,-0.4682939,0.2642736,0.7558721,0.4653899,0.3771328,
1,37,109.603,0.3447241,1.159243,-0.4682939,0.2642736,0.7558721,0.4653899,0.3771328,
1,37,109.605,0.3447241,1.159243,-0.4682939,0.2642736,0.7558721,0.4653899,0.3771328,
1,37,109.607,0.3447241,1.159243,-0.4682939,0.2642736,0.7558721,0.4653899,0.3771328,
1,37,109.609,0.3446749,1.159076,-0.4681733,0.2661007,0.755241,0.4652218,0.3773195,
1,37,109.611,0.3446749,1.159076,-0.4681733,0.2661007,0.755241,0.4652218,0.3773195,
1,37,109.613,0.3446749,1.159076,-0.4681733,0.2661007,0.755241,0.4652218,0.3773195,
1,37,109.615,0.3446749,1.159076,-0.4681733,0.2661007,0.755241,0.4652218,0.3773195,
1,37,109.617,0.3446749,1.159076,-0.4681733,0.2661007,0.755241,0.4652218,0.3773195,
1,37,109.619,0.3446814,1.159013,-0.4681162,0.2682895,0.7542092,0.4651464,0.3779261,
1,37,109.621,0.3446814,1.159013,-0.4681162,0.2682895,0.7542092,0.4651464,0.3779261,
1,37,109.623,0.3446814,1.159013,-0.4681162,0.2682895,0.7542092,0.4651464,0.3779261,
1,37,109.625,0.3446814,1.159013,-0.4681162,0.2682895,0.7542092,0.4651464,0.3779261,
1,37,109.627,0.3448169,1.158749,-0.467958,0.2699214,0.753687,0.4651388,0.3778151,
1,37,109.629,0.3448169,1.158749,-0.467958,0.2699214,0.753687,0.4651388,0.3778151,
1,37,109.631,0.3448169,1.158749,-0.467958,0.2699214,0.753687,0.4651388,0.3778151,
1,37,109.633,0.3448169,1.158749,-0.467958,0.2699214,0.753687,0.4651388,0.3778151,
1,37,109.635,0.3443722,1.158814,-0.4679171,0.2723538,0.7529495,0.4652304,0.3774271,
1,37,109.637,0.3443722,1.158814,-0.4679171,0.2723538,0.7529495,0.4652304,0.3774271,
1,37,109.639,0.3443722,1.158814,-0.4679171,0.2723538,0.7529495,0.4652304,0.3774271,
1,37,109.641,0.3443722,1.158814,-0.4679171,0.2723538,0.7529495,0.4652304,0.3774271,
1,37,109.643,0.3441745,1.158714,-0.4679272,0.2744306,0.7523056,0.4653672,0.3770377,
1,37,109.645,0.3441745,1.158714,-0.4679272,0.2744306,0.7523056,0.4653672,0.3770377,
1,37,109.647,0.3441745,1.158714,-0.4679272,0.2744306,0.7523056,0.4653672,0.3770377,
1,37,109.649,0.3441745,1.158714,-0.4679272,0.2744306,0.7523056,0.4653672,0.3770377,
1,37,109.651,0.3443123,1.158388,-0.4678508,0.2762573,0.7516114,0.4655028,0.376921,
1,37,109.653,0.3443123,1.158388,-0.4678508,0.2762573,0.7516114,0.4655028,0.376921,
1,37,109.655,0.3443123,1.158388,-0.4678508,0.2762573,0.7516114,0.4655028,0.376921,
1,37,109.657,0.3443123,1.158388,-0.4678508,0.2762573,0.7516114,0.4655028,0.376921,
1,37,109.659,0.3439517,1.15869,-0.468076,0.2789667,0.7503791,0.4657726,0.3770473,
1,37,109.661,0.3439517,1.15869,-0.468076,0.2789667,0.7503791,0.4657726,0.3770473,
1,37,109.663,0.3439517,1.15869,-0.468076,0.2789667,0.7503791,0.4657726,0.3770473,
1,37,109.665,0.3439517,1.15869,-0.468076,0.2789667,0.7503791,0.4657726,0.3770473,
1,37,109.667,0.3439517,1.15869,-0.468076,0.2789667,0.7503791,0.4657726,0.3770473,
1,37,109.669,0.3438733,1.158717,-0.4681561,0.2810037,0.7494698,0.4660304,0.3770249,
1,37,109.671,0.3438733,1.158717,-0.4681561,0.2810037,0.7494698,0.4660304,0.3770249,
1,37,109.673,0.3438733,1.158717,-0.4681561,0.2810037,0.7494698,0.4660304,0.3770249,
1,37,109.675,0.3438733,1.158717,-0.4681561,0.2810037,0.7494698,0.4660304,0.3770249,
1,37,109.677,0.3437134,1.158646,-0.4681281,0.2836287,0.7482169,0.4664495,0.3770296,
1,37,109.679,0.3437134,1.158646,-0.4681281,0.2836287,0.7482169,0.4664495,0.3770296,
1,37,109.681,0.3437134,1.158646,-0.4681281,0.2836287,0.7482169,0.4664495,0.3770296,
1,37,109.683,0.3437134,1.158646,-0.4681281,0.2836287,0.7482169,0.4664495,0.3770296,
1,37,109.685,0.3433913,1.158584,-0.4680569,0.2853327,0.7473917,0.466682,0.3770928,
1,37,109.687,0.3433913,1.158584,-0.4680569,0.2853327,0.7473917,0.466682,0.3770928,
1,37,109.689,0.3433913,1.158584,-0.4680569,0.2853327,0.7473917,0.466682,0.3770928,
1,37,109.691,0.3433913,1.158584,-0.4680569,0.2853327,0.7473917,0.466682,0.3770928,
1,37,109.693,0.3431966,1.158465,-0.4679544,0.2865501,0.746668,0.4669851,0.3772278,
1,37,109.695,0.3431966,1.158465,-0.4679544,0.2865501,0.746668,0.4669851,0.3772278,
1,37,109.697,0.3431966,1.158465,-0.4679544,0.2865501,0.746668,0.4669851,0.3772278,
1,37,109.699,0.3431966,1.158465,-0.4679544,0.2865501,0.746668,0.4669851,0.3772278,
1,37,109.701,0.3430009,1.158487,-0.4680184,0.2875055,0.7459555,0.46755,0.3772109,
1,37,109.703,0.3430009,1.158487,-0.4680184,0.2875055,0.7459555,0.46755,0.3772109,
1,37,109.705,0.3430009,1.158487,-0.4680184,0.2875055,0.7459555,0.46755,0.3772109,
1,37,109.707,0.3430009,1.158487,-0.4680184,0.2875055,0.7459555,0.46755,0.3772109,
1,37,109.709,0.3426874,1.158448,-0.4679523,0.288043,0.7456359,0.4681119,0.3767357,
1,37,109.711,0.3426874,1.158448,-0.4679523,0.288043,0.7456359,0.4681119,0.3767357,
1,37,109.713,0.3426874,1.158448,-0.4679523,0.288043,0.7456359,0.4681119,0.3767357,
1,37,109.715,0.3426874,1.158448,-0.4679523,0.288043,0.7456359,0.4681119,0.3767357,
1,37,109.717,0.3426874,1.158448,-0.4679523,0.288043,0.7456359,0.4681119,0.3767357,
1,37,109.719,0.3426698,1.158347,-0.4679007,0.2881039,0.7451636,0.4688805,0.3766674,
1,37,109.721,0.3426698,1.158347,-0.4679007,0.2881039,0.7451636,0.4688805,0.3766674,
1,37,109.723,0.3426698,1.158347,-0.4679007,0.2881039,0.7451636,0.4688805,0.3766674,
1,37,109.725,0.3426698,1.158347,-0.4679007,0.2881039,0.7451636,0.4688805,0.3766674,
1,37,109.727,0.3424064,1.158324,-0.4677383,0.2881718,0.7447954,0.4695882,0.3764622,
1,37,109.729,0.3424064,1.158324,-0.4677383,0.2881718,0.7447954,0.4695882,0.3764622,
1,37,109.731,0.3424064,1.158324,-0.4677383,0.2881718,0.7447954,0.4695882,0.3764622,
1,37,109.733,0.3424064,1.158324,-0.4677383,0.2881718,0.7447954,0.4695882,0.3764622,
1,37,109.735,0.3423223,1.15846,-0.467681,0.288148,0.7441976,0.47046,0.3765742,
1,37,109.737,0.3423223,1.15846,-0.467681,0.288148,0.7441976,0.47046,0.3765742,
1,37,109.739,0.3423223,1.15846,-0.467681,0.288148,0.7441976,0.47046,0.3765742,
1,37,109.741,0.3423223,1.15846,-0.467681,0.288148,0.7441976,0.47046,0.3765742,
1,37,109.743,0.3421265,1.158517,-0.4675637,0.2878222,0.7439104,0.471283,0.3763617,
1,37,109.745,0.3421265,1.158517,-0.4675637,0.2878222,0.7439104,0.471283,0.3763617,
1,37,109.747,0.3421265,1.158517,-0.4675637,0.2878222,0.7439104,0.471283,0.3763617,
1,37,109.749,0.3421265,1.158517,-0.4675637,0.2878222,0.7439104,0.471283,0.3763617,
1,37,109.751,0.3421471,1.15869,-0.4675378,0.2872883,0.7432075,0.4724566,0.3766865,
1,37,109.753,0.3421471,1.15869,-0.4675378,0.2872883,0.7432075,0.4724566,0.3766865,
1,37,109.755,0.3421471,1.15869,-0.4675378,0.2872883,0.7432075,0.4724566,0.3766865,
1,37,109.757,0.3421471,1.15869,-0.4675378,0.2872883,0.7432075,0.4724566,0.3766865,
1,37,109.759,0.3422371,1.158738,-0.4675481,0.2869779,0.7426113,0.4730962,0.3772959,
1,37,109.761,0.3422371,1.158738,-0.4675481,0.2869779,0.7426113,0.4730962,0.3772959,
1,37,109.763,0.3422371,1.158738,-0.4675481,0.2869779,0.7426113,0.4730962,0.3772959,
1,37,109.765,0.3422371,1.158738,-0.4675481,0.2869779,0.7426113,0.4730962,0.3772959,
1,37,109.767,0.3422371,1.158738,-0.4675481,0.2869779,0.7426113,0.4730962,0.3772959,
1,37,109.769,0.3422038,1.158681,-0.467446,0.2864195,0.7424409,0.4736545,0.377355,
1,37,109.771,0.3422038,1.158681,-0.467446,0.2864195,0.7424409,0.4736545,0.377355,
1,37,109.773,0.3422038,1.158681,-0.467446,0.2864195,0.7424409,0.4736545,0.377355,
1,37,109.775,0.3422038,1.158681,-0.467446,0.2864195,0.7424409,0.4736545,0.377355,
1,37,109.777,0.3421041,1.158672,-0.467324,0.2857285,0.7423347,0.4742731,0.3773106,
1,37,109.779,0.3421041,1.158672,-0.467324,0.2857285,0.7423347,0.4742731,0.3773106,
1,37,109.781,0.3421041,1.158672,-0.467324,0.2857285,0.7423347,0.4742731,0.3773106,
1,37,109.783,0.3421041,1.158672,-0.467324,0.2857285,0.7423347,0.4742731,0.3773106,
1,37,109.785,0.341776,1.158529,-0.4671429,0.2850396,0.7425097,0.4747015,0.3769486,
1,37,109.787,0.341776,1.158529,-0.4671429,0.2850396,0.7425097,0.4747015,0.3769486,
1,37,109.789,0.341776,1.158529,-0.4671429,0.2850396,0.7425097,0.4747015,0.3769486,
1,37,109.791,0.341776,1.158529,-0.4671429,0.2850396,0.7425097,0.4747015,0.3769486,
1,37,109.793,0.3413648,1.158414,-0.4669252,0.2846281,0.742632,0.4749135,0.3767515,
1,37,109.795,0.3413648,1.158414,-0.4669252,0.2846281,0.742632,0.4749135,0.3767515,
1,37,109.797,0.3413648,1.158414,-0.4669252,0.2846281,0.742632,0.4749135,0.3767515,
1,37,109.799,0.3413648,1.158414,-0.4669252,0.2846281,0.742632,0.4749135,0.3767515,
1,37,109.801,0.3411949,1.15844,-0.4667653,0.2842621,0.7424673,0.4751922,0.3770011,
1,37,109.803,0.3411949,1.15844,-0.4667653,0.2842621,0.7424673,0.4751922,0.3770011,
1,37,109.805,0.3411949,1.15844,-0.4667653,0.2842621,0.7424673,0.4751922,0.3770011,
1,37,109.807,0.3411949,1.15844,-0.4667653,0.2842621,0.7424673,0.4751922,0.3770011,
1,37,109.809,0.3410751,1.158384,-0.4666168,0.2838116,0.7424386,0.4754353,0.3770907,
1,37,109.811,0.3410751,1.158384,-0.4666168,0.2838116,0.7424386,0.4754353,0.3770907,
1,37,109.813,0.3410751,1.158384,-0.4666168,0.2838116,0.7424386,0.4754353,0.3770907,
1,37,109.815,0.3410751,1.158384,-0.4666168,0.2838116,0.7424386,0.4754353,0.3770907,
1,37,109.817,0.3410751,1.158384,-0.4666168,0.2838116,0.7424386,0.4754353,0.3770907,
1,37,109.819,0.3408564,1.158486,-0.4665204,0.2836449,0.7422684,0.4756761,0.3772472,
1,37,109.821,0.3408564,1.158486,-0.4665204,0.2836449,0.7422684,0.4756761,0.3772472,
1,37,109.823,0.3408564,1.158486,-0.4665204,0.2836449,0.7422684,0.4756761,0.3772472,
1,37,109.825,0.3408564,1.158486,-0.4665204,0.2836449,0.7422684,0.4756761,0.3772472,
1,37,109.827,0.3407215,1.158212,-0.4662034,0.2833557,0.7421141,0.4757593,0.3776631,
1,37,109.829,0.3407215,1.158212,-0.4662034,0.2833557,0.7421141,0.4757593,0.3776631,
1,37,109.831,0.3407215,1.158212,-0.4662034,0.2833557,0.7421141,0.4757593,0.3776631,
1,37,109.833,0.3407215,1.158212,-0.4662034,0.2833557,0.7421141,0.4757593,0.3776631,
1,37,109.835,0.3406109,1.158077,-0.4660672,0.2830879,0.7420757,0.4760167,0.3776149,
1,37,109.837,0.3406109,1.158077,-0.4660672,0.2830879,0.7420757,0.4760167,0.3776149,
1,37,109.839,0.3406109,1.158077,-0.4660672,0.2830879,0.7420757,0.4760167,0.3776149,
1,37,109.841,0.3406109,1.158077,-0.4660672,0.2830879,0.7420757,0.4760167,0.3776149,
1,37,109.843,0.3405637,1.157985,-0.4659498,0.2828072,0.7420722,0.4764006,0.377348,
1,37,109.845,0.3405637,1.157985,-0.4659498,0.2828072,0.7420722,0.4764006,0.377348,
1,37,109.847,0.3405637,1.157985,-0.4659498,0.2828072,0.7420722,0.4764006,0.377348,
1,37,109.849,0.3405637,1.157985,-0.4659498,0.2828072,0.7420722,0.4764006,0.377348,
1,37,109.851,0.340564,1.157987,-0.465907,0.2824168,0.7421373,0.476992,0.3767646,
1,37,109.853,0.340564,1.157987,-0.465907,0.2824168,0.7421373,0.476992,0.3767646,
1,37,109.855,0.340564,1.157987,-0.465907,0.2824168,0.7421373,0.476992,0.3767646,
1,37,109.857,0.340564,1.157987,-0.465907,0.2824168,0.7421373,0.476992,0.3767646,
1,37,109.859,0.3402223,1.157884,-0.4657547,0.2824014,0.7422966,0.4772962,0.3760766,
1,37,109.861,0.3402223,1.157884,-0.4657547,0.2824014,0.7422966,0.4772962,0.3760766,
1,37,109.863,0.3402223,1.157884,-0.4657547,0.2824014,0.7422966,0.4772962,0.3760766,
1,37,109.865,0.3402223,1.157884,-0.4657547,0.2824014,0.7422966,0.4772962,0.3760766,
1,37,109.867,0.3402223,1.157884,-0.4657547,0.2824014,0.7422966,0.4772962,0.3760766,
1,37,109.869,0.3401701,1.157801,-0.4656381,0.282263,0.7422937,0.4777304,0.3756349,
1,37,109.871,0.3401701,1.157801,-0.4656381,0.282263,0.7422937,0.4777304,0.3756349,
1,37,109.873,0.3401701,1.157801,-0.4656381,0.282263,0.7422937,0.4777304,0.3756349,
1,37,109.875,0.3401701,1.157801,-0.4656381,0.282263,0.7422937,0.4777304,0.3756349,
1,37,109.877,0.339953,1.157734,-0.4655049,0.2823447,0.7423562,0.4780427,0.3750519,
1,37,109.879,0.339953,1.157734,-0.4655049,0.2823447,0.7423562,0.4780427,0.3750519,
1,37,109.881,0.339953,1.157734,-0.4655049,0.2823447,0.7423562,0.4780427,0.3750519,
1,37,109.883,0.339953,1.157734,-0.4655049,0.2823447,0.7423562,0.4780427,0.3750519,
1,37,109.885,0.3397881,1.157666,-0.4654088,0.2825455,0.7422609,0.4783082,0.3747507,
1,37,109.887,0.3397881,1.157666,-0.4654088,0.2825455,0.7422609,0.4783082,0.3747507,
1,37,109.889,0.3397881,1.157666,-0.4654088,0.2825455,0.7422609,0.4783082,0.3747507,
1,37,109.891,0.3397881,1.157666,-0.4654088,0.2825455,0.7422609,0.4783082,0.3747507,
1,37,109.893,0.3396519,1.157637,-0.4653325,0.2826389,0.7423527,0.4786115,0.3741106,
1,37,109.895,0.3396519,1.157637,-0.4653325,0.2826389,0.7423527,0.4786115,0.3741106,
1,37,109.897,0.3396519,1.157637,-0.4653325,0.2826389,0.7423527,0.4786115,0.3741106,
1,37,109.899,0.3396519,1.157637,-0.4653325,0.2826389,0.7423527,0.4786115,0.3741106,
1,37,109.901,0.3395614,1.157694,-0.4652703,0.2827766,0.7424147,0.4791103,0.3732441,
1,37,109.903,0.3395614,1.157694,-0.4652703,0.2827766,0.7424147,0.4791103,0.3732441,
1,37,109.905,0.3395614,1.157694,-0.4652703,0.2827766,0.7424147,0.4791103,0.3732441,
1,37,109.907,0.3395614,1.157694,-0.4652703,0.2827766,0.7424147,0.4791103,0.3732441,
1,37,109.909,0.3393689,1.157793,-0.4652373,0.2830711,0.7424279,0.4793308,0.3727112,
1,37,109.911,0.3393689,1.157793,-0.4652373,0.2830711,0.7424279,0.4793308,0.3727112,
1,37,109.913,0.3393689,1.157793,-0.4652373,0.2830711,0.7424279,0.4793308,0.3727112,
1,37,109.915,0.3393689,1.157793,-0.4652373,0.2830711,0.7424279,0.4793308,0.3727112,
1,37,109.917,0.3393689,1.157793,-0.4652373,0.2830711,0.7424279,0.4793308,0.3727112,
1,37,109.919,0.3391511,1.157862,-0.4651775,0.2833065,0.7425338,0.4794306,0.3721927,
1,37,109.921,0.3391511,1.157862,-0.4651775,0.2833065,0.7425338,0.4794306,0.3721927,
1,37,109.923,0.3391511,1.157862,-0.4651775,0.2833065,0.7425338,0.4794306,0.3721927,
1,37,109.925,0.3391511,1.157862,-0.4651775,0.2833065,0.7425338,0.4794306,0.3721927,
1,37,109.927,0.3390867,1.157955,-0.4651576,0.2834884,0.7425033,0.4794827,0.3720478,
1,37,109.929,0.3390867,1.157955,-0.4651576,0.2834884,0.7425033,0.4794827,0.3720478,
1,37,109.931,0.3390867,1.157955,-0.4651576,0.2834884,0.7425033,0.4794827,0.3720478,
1,37,109.933,0.3390867,1.157955,-0.4651576,0.2834884,0.7425033,0.4794827,0.3720478,
1,37,109.935,0.339028,1.15809,-0.4651425,0.2835465,0.7426383,0.4795093,0.3716998,
1,37,109.937,0.339028,1.15809,-0.4651425,0.2835465,0.7426383,0.4795093,0.3716998,
1,37,109.939,0.339028,1.15809,-0.4651425,0.2835465,0.7426383,0.4795093,0.3716998,
1,37,109.941,0.339028,1.15809,-0.4651425,0.2835465,0.7426383,0.4795093,0.3716998,
1,37,109.943,0.3390472,1.158216,-0.4651152,0.2835139,0.7427484,0.4794406,0.3715933,
1,37,109.945,0.3390472,1.158216,-0.4651152,0.2835139,0.7427484,0.4794406,0.3715933,
1,37,109.947,0.3390472,1.158216,-0.4651152,0.2835139,0.7427484,0.4794406,0.3715933,
1,37,109.949,0.3390472,1.158216,-0.4651152,0.2835139,0.7427484,0.4794406,0.3715933,
1,37,109.951,0.3390115,1.158346,-0.4650783,0.2835795,0.742802,0.4792127,0.37173,
1,37,109.953,0.3390115,1.158346,-0.4650783,0.2835795,0.742802,0.4792127,0.37173,
1,37,109.955,0.3390115,1.158346,-0.4650783,0.2835795,0.742802,0.4792127,0.37173,
1,37,109.957,0.3390115,1.158346,-0.4650783,0.2835795,0.742802,0.4792127,0.37173,
1,37,109.959,0.3389144,1.158551,-0.4650725,0.2836387,0.7429235,0.4789954,0.3717222,
1,37,109.961,0.3389144,1.158551,-0.4650725,0.2836387,0.7429235,0.4789954,0.3717222,
1,37,109.963,0.3389144,1.158551,-0.4650725,0.2836387,0.7429235,0.4789954,0.3717222,
1,37,109.965,0.3389144,1.158551,-0.4650725,0.2836387,0.7429235,0.4789954,0.3717222,
1,37,109.967,0.3389144,1.158551,-0.4650725,0.2836387,0.7429235,0.4789954,0.3717222,
1,37,109.969,0.3387018,1.158501,-0.4649464,0.2835379,0.7433205,0.4783573,0.371827,
1,37,109.971,0.3387018,1.158501,-0.4649464,0.2835379,0.7433205,0.4783573,0.371827,
1,37,109.973,0.3387018,1.158501,-0.4649464,0.2835379,0.7433205,0.4783573,0.371827,
1,37,109.975,0.3387018,1.158501,-0.4649464,0.2835379,0.7433205,0.4783573,0.371827,
1,37,109.977,0.3387741,1.158712,-0.4648941,0.2831451,0.7436287,0.4777939,0.372234,
1,37,109.979,0.3387741,1.158712,-0.4648941,0.2831451,0.7436287,0.4777939,0.372234,
1,37,109.981,0.3387741,1.158712,-0.4648941,0.2831451,0.7436287,0.4777939,0.372234,
1,37,109.983,0.3387741,1.158712,-0.4648941,0.2831451,0.7436287,0.4777939,0.372234,
1,37,109.985,0.3388183,1.158909,-0.4648703,0.2826098,0.7439961,0.4774908,0.3722958,
1,37,109.987,0.3388183,1.158909,-0.4648703,0.2826098,0.7439961,0.4774908,0.3722958,
1,37,109.989,0.3388183,1.158909,-0.4648703,0.2826098,0.7439961,0.4774908,0.3722958,
1,37,109.991,0.3388183,1.158909,-0.4648703,0.2826098,0.7439961,0.4774908,0.3722958,
1,37,109.993,0.3388429,1.159116,-0.4648531,0.2818144,0.7445672,0.477227,0.3720952,
1,37,109.995,0.3388429,1.159116,-0.4648531,0.2818144,0.7445672,0.477227,0.3720952,
1,37,109.997,0.3388429,1.159116,-0.4648531,0.2818144,0.7445672,0.477227,0.3720952,
1,37,109.999,0.3388429,1.159116,-0.4648531,0.2818144,0.7445672,0.477227,0.3720952,
1,37,110.001,0.3390716,1.159306,-0.4647952,0.2806729,0.7453167,0.4769692,0.3717879,
1,37,110.003,0.3390716,1.159306,-0.4647952,0.2806729,0.7453167,0.4769692,0.3717879,
1,37,110.005,0.3390716,1.159306,-0.4647952,0.2806729,0.7453167,0.4769692,0.3717879,
1,37,110.007,0.3390716,1.159306,-0.4647952,0.2806729,0.7453167,0.4769692,0.3717879,
1,37,110.009,0.339032,1.159372,-0.4646524,0.2795193,0.7463691,0.4765116,0.3711318,
1,37,110.011,0.339032,1.159372,-0.4646524,0.2795193,0.7463691,0.4765116,0.3711318,
1,37,110.013,0.339032,1.159372,-0.4646524,0.2795193,0.7463691,0.4765116,0.3711318,
1,37,110.015,0.339032,1.159372,-0.4646524,0.2795193,0.7463691,0.4765116,0.3711318,
1,37,110.017,0.339032,1.159372,-0.4646524,0.2795193,0.7463691,0.4765116,0.3711318,
1,37,110.019,0.3387975,1.15936,-0.4644891,0.278529,0.74744,0.4757787,0.3706614,
1,37,110.021,0.3387975,1.15936,-0.4644891,0.278529,0.74744,0.4757787,0.3706614,
1,37,110.023,0.3387975,1.15936,-0.4644891,0.278529,0.74744,0.4757787,0.3706614,
1,37,110.025,0.3387975,1.15936,-0.4644891,0.278529,0.74744,0.4757787,0.3706614,
1,37,110.027,0.3388569,1.159575,-0.4643914,0.2775058,0.7483982,0.474986,0.3705118,
1,37,110.029,0.3388569,1.159575,-0.4643914,0.2775058,0.7483982,0.474986,0.3705118,
1,37,110.031,0.3388569,1.159575,-0.4643914,0.2775058,0.7483982,0.474986,0.3705118,
1,37,110.033,0.3388569,1.159575,-0.4643914,0.2775058,0.7483982,0.474986,0.3705118,
1,37,110.035,0.3390067,1.159908,-0.46439,0.2767423,0.7490183,0.4741086,0.3709533,
1,37,110.037,0.3390067,1.159908,-0.46439,0.2767423,0.7490183,0.4741086,0.3709533,
1,37,110.039,0.3390067,1.159908,-0.46439,0.2767423,0.7490183,0.4741086,0.3709533,
1,37,110.041,0.3390067,1.159908,-0.46439,0.2767423,0.7490183,0.4741086,0.3709533,
1,37,110.043,0.3389364,1.160224,-0.4644042,0.276077,0.7498333,0.4729693,0.3712567,
1,37,110.045,0.3389364,1.160224,-0.4644042,0.276077,0.7498333,0.4729693,0.3712567,
1,37,110.047,0.3389364,1.160224,-0.4644042,0.276077,0.7498333,0.4729693,0.3712567,
1,37,110.049,0.3389364,1.160224,-0.4644042,0.276077,0.7498333,0.4729693,0.3712567,
1,37,110.051,0.3386959,1.160801,-0.4645017,0.2747492,0.7513394,0.4713277,0.3712847,
1,37,110.053,0.3386959,1.160801,-0.4645017,0.2747492,0.7513394,0.4713277,0.3712847,
1,37,110.055,0.3386959,1.160801,-0.4645017,0.2747492,0.7513394,0.4713277,0.3712847,
1,37,110.057,0.3386959,1.160801,-0.4645017,0.2747492,0.7513394,0.4713277,0.3712847,
1,37,110.059,0.338589,1.160507,-0.4642864,0.2732735,0.7528257,0.4695845,0.3715717,
1,37,110.061,0.338589,1.160507,-0.4642864,0.2732735,0.7528257,0.4695845,0.3715717,
1,37,110.063,0.338589,1.160507,-0.4642864,0.2732735,0.7528257,0.4695845,0.3715717,
1,37,110.065,0.338589,1.160507,-0.4642864,0.2732735,0.7528257,0.4695845,0.3715717,
1,37,110.067,0.338589,1.160507,-0.4642864,0.2732735,0.7528257,0.4695845,0.3715717,
1,37,110.069,0.3382761,1.160489,-0.4641227,0.2718152,0.7544171,0.4680513,0.3713481,
1,37,110.071,0.3382761,1.160489,-0.4641227,0.2718152,0.7544171,0.4680513,0.3713481,
1,37,110.073,0.3382761,1.160489,-0.4641227,0.2718152,0.7544171,0.4680513,0.3713481,
1,37,110.075,0.3382761,1.160489,-0.4641227,0.2718152,0.7544171,0.4680513,0.3713481,
1,37,110.077,0.3382088,1.160818,-0.464175,0.2705362,0.7555668,0.4667952,0.3715255,
1,37,110.079,0.3382088,1.160818,-0.464175,0.2705362,0.7555668,0.4667952,0.3715255,
1,37,110.081,0.3382088,1.160818,-0.464175,0.2705362,0.7555668,0.4667952,0.3715255,
1,37,110.083,0.3382088,1.160818,-0.464175,0.2705362,0.7555668,0.4667952,0.3715255,CourtEnter
1,37,110.085,0.3386752,1.160453,-0.464007,0.2684469,0.7569456,0.4654138,0.3719674,
1,37,110.087,0.3386752,1.160453,-0.464007,0.2684469,0.7569456,0.4654138,0.3719674,
1,37,110.089,0.3386752,1.160453,-0.464007,0.2684469,0.7569456,0.4654138,0.3719674,
1,37,110.091,0.3386752,1.160453,-0.464007,0.2684469,0.7569456,0.4654138,0.3719674,CourtExit
1,37,110.093,0.3387544,1.160441,-0.4639128,0.2666251,0.7583289,0.4642329,0.3719355,
1,37,110.095,0.3387544,1.160441,-0.4639128,0.2666251,0.7583289,0.4642329,0.3719355,
1,37,110.097,0.3387544,1.160441,-0.4639128,0.2666251,0.7583289,0.4642329,0.3719355,
1,37,110.099,0.3387544,1.160441,-0.4639128,0.2666251,0.7583289,0.4642329,0.3719355,
1,37,110.101,0.3387141,1.160619,-0.463888,0.2648133,0.7596954,0.4632603,0.3716542,
1,37,110.103,0.3387141,1.160619,-0.463888,0.2648133,0.7596954,0.4632603,0.3716542,
1,37,110.105,0.3387141,1.160619,-0.463888,0.2648133,0.7596954,0.4632603,0.3716542,
1,37,110.107,0.3387141,1.160619,-0.463888,0.2648133,0.7596954,0.4632603,0.3716542,
1,37,110.109,0.339249,1.160708,-0.4639328,0.262845,0.7607395,0.4625927,0.3717474,
1,37,110.111,0.339249,1.160708,-0.4639328,0.262845,0.7607395,0.4625927,0.3717474,
1,37,110.113,0.339249,1.160708,-0.4639328,0.262845,0.7607395,0.4625927,0.3717474,
1,37,110.115,0.339249,1.160708,-0.4639328,0.262845,0.7607395,0.4625927,0.3717474,
1,37,110.117,0.339249,1.160708,-0.4639328,0.262845,0.7607395,0.4625927,0.3717474,
1,37,110.119,0.3396481,1.160568,-0.4636886,0.2609048,0.7617998,0.4620083,0.3716695,
1,37,110.121,0.3396481,1.160568,-0.4636886,0.2609048,0.7617998,0.4620083,0.3716695,
1,37,110.123,0.3396481,1.160568,-0.4636886,0.2609048,0.7617998,0.4620083,0.3716695,
1,37,110.125,0.3396481,1.160568,-0.4636886,0.2609048,0.7617998,0.4620083,0.3716695,
1,37,110.127,0.33964,1.160401,-0.4634398,0.2594336,0.7628605,0.4611836,0.3715478,
1,37,110.129,0.33964,1.160401,-0.4634398,0.2594336,0.7628605,0.4611836,0.3715478,
1,37,110.131,0.33964,1.160401,-0.4634398,0.2594336,0.7628605,0.4611836,0.3715478,
1,37,110.133,0.33964,1.160401,-0.4634398,0.2594336,0.7628605,0.4611836,0.3715478,
1,37,110.135,0.3398506,1.160568,-0.4634469,0.2582652,0.7632208,0.4612074,0.3715921,
1,37,110.137,0.3398506,1.160568,-0.4634469,0.2582652,0.7632208,0.4612074,0.3715921,
1,37,110.139,0.3398506,1.160568,-0.4634469,0.2582652,0.7632208,0.4612074,0.3715921,
1,37,110.141,0.3398506,1.160568,-0.4634469,0.2582652,0.7632208,0.4612074,0.3715921,
1,37,110.143,0.3398714,1.160617,-0.4634519,0.2574629,0.7635554,0.4610648,0.3716388,
1,37,110.145,0.3398714,1.160617,-0.4634519,0.2574629,0.7635554,0.4610648,0.3716388,
1,37,110.147,0.3398714,1.160617,-0.4634519,0.2574629,0.7635554,0.4610648,0.3716388,
1,37,110.149,0.3398714,1.160617,-0.4634519,0.2574629,0.7635554,0.4610648,0.3716388,
1,37,110.151,0.3398891,1.160307,-0.4632604,0.2565412,0.7640452,0.4607406,0.3716714,
1,37,110.153,0.3398891,1.160307,-0.4632604,0.2565412,0.7640452,0.4607406,0.3716714,
1,37,110.155,0.3398891,1.160307,-0.4632604,0.2565412,0.7640452,0.4607406,0.3716714,
1,37,110.157,0.3398891,1.160307,-0.4632604,0.2565412,0.7640452,0.4607406,0.3716714,
1,37,110.159,0.3400238,1.160635,-0.463425,0.2567498,0.763407,0.4612781,0.372172,
1,37,110.161,0.3400238,1.160635,-0.463425,0.2567498,0.763407,0.4612781,0.372172,
1,37,110.163,0.3400238,1.160635,-0.463425,0.2567498,0.763407,0.4612781,0.372172,
1,37,110.165,0.3400238,1.160635,-0.463425,0.2567498,0.763407,0.4612781,0.372172,
1,37,110.167,0.3400238,1.160635,-0.463425,0.2567498,0.763407,0.4612781,0.372172,
1,37,110.169,0.3400572,1.160524,-0.4633482,0.2567076,0.7632536,0.461611,0.3721027,
1,37,110.171,0.3400572,1.160524,-0.4633482,0.2567076,0.7632536,0.461611,0.3721027,
1,37,110.173,0.3400572,1.160524,-0.4633482,0.2567076,0.7632536,0.461611,0.3721027,
1,37,110.175,0.3400572,1.160524,-0.4633482,0.2567076,0.7632536,0.461611,0.3721027,
1,37,110.177,0.3400916,1.160415,-0.463304,0.2569972,0.762738,0.4621793,0.3722547,
1,37,110.179,0.3400916,1.160415,-0.463304,0.2569972,0.762738,0.4621793,0.3722547,
1,37,110.181,0.3400916,1.160415,-0.463304,0.2569972,0.762738,0.4621793,0.3722547,
1,37,110.183,0.3400916,1.160415,-0.463304,0.2569972,0.762738,0.4621793,0.3722547,
1,37,110.185,0.3400374,1.160416,-0.4633335,0.2576059,0.7621861,0.4629442,0.3720137,
1,37,110.187,0.3400374,1.160416,-0.4633335,0.2576059,0.7621861,0.4629442,0.3720137,
1,37,110.189,0.3400374,1.160416,-0.4633335,0.2576059,0.7621861,0.4629442,0.3720137,
1,37,110.191,0.3400374,1.160416,-0.4633335,0.2576059,0.7621861,0.4629442,0.3720137,
1,37,110.193,0.3402626,1.160554,-0.4634358,0.2583449,0.761313,0.4640134,0.3719572,
1,37,110.195,0.3402626,1.160554,-0.4634358,0.2583449,0.761313,0.4640134,0.3719572,
1,37,110.197,0.3402626,1.160554,-0.4634358,0.2583449,0.761313,0.4640134,0.3719572,
1,37,110.199,0.3402626,1.160554,-0.4634358,0.2583449,0.761313,0.4640134,0.3719572,
1,37,110.201,0.3404336,1.160079,-0.4632494,0.2588928,0.760744,0.4646412,0.3719566,
1,37,110.203,0.3404336,1.160079,-0.4632494,0.2588928,0.760744,0.4646412,0.3719566,
1,37,110.205,0.3404336,1.160079,-0.4632494,0.2588928,0.760744,0.4646412,0.3719566,
1,37,110.207,0.3404336,1.160079,-0.4632494,0.2588928,0.760744,0.4646412,0.3719566,
1,37,110.209,0.339873,1.160406,-0.4633885,0.2608435,0.7595834,0.4657529,0.3715751,
1,37,110.211,0.339873,1.160406,-0.4633885,0.2608435,0.7595834,0.4657529,0.3715751,
1,37,110.213,0.339873,1.160406,-0.4633885,0.2608435,0.7595834,0.4657529,0.3715751,
1,37,110.215,0.339873,1.160406,-0.4633885,0.2608435,0.7595834,0.4657529,0.3715751,
1,37,110.217,0.339873,1.160406,-0.4633885,0.2608435,0.7595834,0.4657529,0.3715751,
1,37,110.219,0.3398314,1.160368,-0.4634409,0.2623894,0.7585317,0.4665403,0.3716472,
1,37,110.221,0.3398314,1.160368,-0.4634409,0.2623894,0.7585317,0.4665403,0.3716472,
1,37,110.223,0.3398314,1.160368,-0.4634409,0.2623894,0.7585317,0.4665403,0.3716472,
1,37,110.225,0.3398314,1.160368,-0.4634409,0.2623894,0.7585317,0.4665403,0.3716472,
1,37,110.227,0.3402698,1.160457,-0.4635595,0.2640422,0.7571414,0.4674358,0.3721859,
1,37,110.229,0.3402698,1.160457,-0.4635595,0.2640422,0.7571414,0.4674358,0.3721859,
1,37,110.231,0.3402698,1.160457,-0.4635595,0.2640422,0.7571414,0.4674358,0.3721859,
1,37,110.233,0.3402698,1.160457,-0.4635595,0.2640422,0.7571414,0.4674358,0.3721859,
1,37,110.235,0.3398409,1.160286,-0.4634962,0.2659588,0.756155,0.4679191,0.3722194,
1,37,110.237,0.3398409,1.160286,-0.4634962,0.2659588,0.756155,0.4679191,0.3722194,
1,37,110.239,0.3398409,1.160286,-0.4634962,0.2659588,0.756155,0.4679191,0.3722194,
1,37,110.241,0.3398409,1.160286,-0.4634962,0.2659588,0.756155,0.4679191,0.3722194,
1,37,110.243,0.3394676,1.160233,-0.4635153,0.2675827,0.755391,0.4685933,0.3717584,
1,37,110.245,0.3394676,1.160233,-0.4635153,0.2675827,0.755391,0.4685933,0.3717584,
1,37,110.247,0.3394676,1.160233,-0.4635153,0.2675827,0.755391,0.4685933,0.3717584,
1,37,110.249,0.3394676,1.160233,-0.4635153,0.2675827,0.755391,0.4685933,0.3717584,
1,37,110.251,0.3394453,1.160002,-0.4634674,0.2689579,0.7546001,0.4691709,0.3716437,
1,37,110.253,0.3394453,1.160002,-0.4634674,0.2689579,0.7546001,0.4691709,0.3716437,
1,37,110.255,0.3394453,1.160002,-0.4634674,0.2689579,0.7546001,0.4691709,0.3716437,
1,37,110.257,0.3394453,1.160002,-0.4634674,0.2689579,0.7546001,0.4691709,0.3716437,
1,37,110.259,0.3395742,1.160481,-0.4638941,0.270809,0.7532655,0.4700783,0.37186,
1,37,110.261,0.3395742,1.160481,-0.4638941,0.270809,0.7532655,0.4700783,0.37186,
1,37,110.263,0.3395742,1.160481,-0.4638941,0.270809,0.7532655,0.4700783,0.37186,
1,37,110.265,0.3395742,1.160481,-0.4638941,0.270809,0.7532655,0.4700783,0.37186,
1,37,110.267,0.3395742,1.160481,-0.4638941,0.270809,0.7532655,0.4700783,0.37186,
1,37,110.269,0.3394116,1.160467,-0.4639764,0.272428,0.7522918,0.470459,0.3721673,
1,37,110.271,0.3394116,1.160467,-0.4639764,0.272428,0.7522918,0.470459,0.3721673,
1,37,110.273,0.3394116,1.160467,-0.4639764,0.272428,0.7522918,0.470459,0.3721673,
1,37,110.275,0.3394116,1.160467,-0.4639764,0.272428,0.7522918,0.470459,0.3721673,
1,37,110.277,0.3392546,1.160431,-0.4640146,0.2739356,0.7514504,0.4707076,0.372446,
1,37,110.279,0.3392546,1.160431,-0.4640146,0.2739356,0.7514504,0.4707076,0.372446,
1,37,110.281,0.3392546,1.160431,-0.4640146,0.2739356,0.7514504,0.4707076,0.372446,
1,37,110.283,0.3392546,1.160431,-0.4640146,0.2739356,0.7514504,0.4707076,0.372446,
1,37,110.285,0.3390539,1.160373,-0.4640391,0.2752793,0.7506889,0.470906,0.37274,
1,37,110.287,0.3390539,1.160373,-0.4640391,0.2752793,0.7506889,0.470906,0.37274,
1,37,110.289,0.3390539,1.160373,-0.4640391,0.2752793,0.7506889,0.470906,0.37274,
1,37,110.291,0.3390539,1.160373,-0.4640391,0.2752793,0.7506889,0.470906,0.37274,
1,37,110.293,0.338874,1.160339,-0.4640477,0.2763647,0.7500734,0.4711067,0.3729222,
1,37,110.295,0.338874,1.160339,-0.4640477,0.2763647,0.7500734,0.4711067,0.3729222,
1,37,110.297,0.338874,1.160339,-0.4640477,0.2763647,0.7500734,0.4711067,0.3729222,
1,37,110.299,0.338874,1.160339,-0.4640477,0.2763647,0.7500734,0.4711067,0.3729222,
1,37,110.301,0.3387896,1.160452,-0.4641375,0.2773148,0.7494267,0.4714906,0.3730317,
1,37,110.303,0.3387896,1.160452,-0.4641375,0.2773148,0.7494267,0.4714906,0.3730317,
1,37,110.305,0.3387896,1.160452,-0.4641375,0.2773148,0.7494267,0.4714906,0.3730317,
1,37,110.307,0.3387896,1.160452,-0.4641375,0.2773148,0.7494267,0.4714906,0.3730317,
1,37,110.309,0.3389474,1.160476,-0.4641843,0.2774304,0.7490586,0.4719642,0.3730862,
1,37,110.311,0.3389474,1.160476,-0.4641843,0.2774304,0.7490586,0.4719642,0.3730862,
1,37,110.313,0.3389474,1.160476,-0.4641843,0.2774304,0.7490586,0.4719642,0.3730862,
1,37,110.315,0.3389474,1.160476,-0.4641843,0.2774304,0.7490586,0.4719642,0.3730862,
1,37,110.317,0.3389474,1.160476,-0.4641843,0.2774304,0.7490586,0.4719642,0.3730862,
1,37,110.319,0.3389604,1.160564,-0.4642381,0.2776436,0.7488163,0.47228,0.3730145,
1,37,110.321,0.3389604,1.160564,-0.4642381,0.2776436,0.7488163,0.47228,0.3730145,
1,37,110.323,0.3389604,1.160564,-0.4642381,0.2776436,0.7488163,0.47228,0.3730145,
1,37,110.325,0.3389604,1.160564,-0.4642381,0.2776436,0.7488163,0.47228,0.3730145,
1,37,110.327,0.3387664,1.160735,-0.4643259,0.2779554,0.7485694,0.4725708,0.3729095,
1,37,110.329,0.3387664,1.160735,-0.4643259,0.2779554,0.7485694,0.4725708,0.3729095,
1,37,110.331,0.3387664,1.160735,-0.4643259,0.2779554,0.7485694,0.4725708,0.3729095,
1,37,110.333,0.3387664,1.160735,-0.4643259,0.2779554,0.7485694,0.4725708,0.3729095,
1,37,110.335,0.3389613,1.160586,-0.4643047,0.2774603,0.7486889,0.4726208,0.3729748,
1,37,110.337,0.3389613,1.160586,-0.4643047,0.2774603,0.7486889,0.4726208,0.3729748,
1,37,110.339,0.3389613,1.160586,-0.4643047,0.2774603,0.7486889,0.4726208,0.3729748,
1,37,110.341,0.3389613,1.160586,-0.4643047,0.2774603,0.7486889,0.4726208,0.3729748,
1,37,110.343,0.339002,1.160618,-0.4643415,0.277227,0.7487051,0.4726395,0.3730921,
1,37,110.345,0.339002,1.160618,-0.4643415,0.277227,0.7487051,0.4726395,0.3730921,
1,37,110.347,0.339002,1.160618,-0.4643415,0.277227,0.7487051,0.4726395,0.3730921,
1,37,110.349,0.339002,1.160618,-0.4643415,0.277227,0.7487051,0.4726395,0.3730921,
1,37,110.351,0.3388206,1.160881,-0.4644815,0.2771869,0.7486545,0.4727565,0.3730753,
1,37,110.353,0.3388206,1.160881,-0.4644815,0.2771869,0.7486545,0.4727565,0.3730753,
1,37,110.355,0.3388206,1.160881,-0.4644815,0.2771869,0.7486545,0.4727565,0.3730753,
1,37,110.357,0.3388206,1.160881,-0.4644815,0.2771869,0.7486545,0.4727565,0.3730753,
1,37,110.359,0.3390442,1.160568,-0.4643282,0.2760304,0.7493509,0.4726507,0.3726686,
1,37,110.361,0.3390442,1.160568,-0.4643282,0.2760304,0.7493509,0.4726507,0.3726686,
1,37,110.363,0.3390442,1.160568,-0.4643282,0.2760304,0.7493509,0.4726507,0.3726686,
1,37,110.365,0.3390442,1.160568,-0.4643282,0.2760304,0.7493509,0.4726507,0.3726686,
1,37,110.367,0.3390442,1.160568,-0.4643282,0.2760304,0.7493509,0.4726507,0.3726686,
1,37,110.369,0.3391037,1.160522,-0.4642722,0.2752045,0.7498652,0.4726246,0.3722778,
1,37,110.371,0.3391037,1.160522,-0.4642722,0.2752045,0.7498652,0.4726246,0.3722778,
1,37,110.373,0.3391037,1.160522,-0.4642722,0.2752045,0.7498652,0.4726246,0.3722778,
1,37,110.375,0.3391037,1.160522,-0.4642722,0.2752045,0.7498652,0.4726246,0.3722778,
1,37,110.377,0.3389872,1.160753,-0.4643265,0.2747796,0.750158,0.4726153,0.3720133,
1,37,110.379,0.3389872,1.160753,-0.4643265,0.2747796,0.750158,0.4726153,0.3720133,
1,37,110.381,0.3389872,1.160753,-0.4643265,0.2747796,0.750158,0.4726153,0.3720133,
1,37,110.383,0.3389872,1.160753,-0.4643265,0.2747796,0.750158,0.4726153,0.3720133,
1,37,110.385,0.3391151,1.160392,-0.4641365,0.273619,0.7509847,0.4723435,0.3715457,
1,37,110.387,0.3391151,1.160392,-0.4641365,0.273619,0.7509847,0.4723435,0.3715457,
1,37,110.389,0.3391151,1.160392,-0.4641365,0.273619,0.7509847,0.4723435,0.3715457,
1,37,110.391,0.3391151,1.160392,-0.4641365,0.273619,0.7509847,0.4723435,0.3715457,
1,37,110.393,0.3390176,1.160281,-0.4640661,0.272958,0.7515322,0.4720995,0.371235,
1,37,110.395,0.3390176,1.160281,-0.4640661,0.272958,0.7515322,0.4720995,0.371235,
1,37,110.397,0.3390176,1.160281,-0.4640661,0.272958,0.7515322,0.4720995,0.371235,
1,37,110.399,0.3390176,1.160281,-0.4640661,0.272958,0.7515322,0.4720995,0.371235,
1,37,110.401,0.3390331,1.160431,-0.4641387,0.2725374,0.7517964,0.4719781,0.3711632,
1,37,110.403,0.3390331,1.160431,-0.4641387,0.2725374,0.7517964,0.4719781,0.3711632,
1,37,110.405,0.3390331,1.160431,-0.4641387,0.2725374,0.7517964,0.4719781,0.3711632,
1,37,110.407,0.3390331,1.160431,-0.4641387,0.2725374,0.7517964,0.4719781,0.3711632,
1,37,110.409,0.3391965,1.160145,-0.4640906,0.2720159,0.7520345,0.471624,0.3715133,
1,37,110.411,0.3391965,1.160145,-0.4640906,0.2720159,0.7520345,0.471624,0.3715133,
1,37,110.413,0.3391965,1.160145,-0.4640906,0.2720159,0.7520345,0.471624,0.3715133,
1,37,110.415,0.3391965,1.160145,-0.4640906,0.2720159,0.7520345,0.471624,0.3715133,
1,37,110.417,0.3391965,1.160145,-0.4640906,0.2720159,0.7520345,0.471624,0.3715133,
1,37,110.419,0.3393105,1.160059,-0.4640872,0.2715934,0.7522391,0.4714868,0.3715826,
1,37,110.421,0.3393105,1.160059,-0.4640872,0.2715934,0.7522391,0.4714868,0.3715826,
1,37,110.423,0.3393105,1.160059,-0.4640872,0.2715934,0.7522391,0.4714868,0.3715826,
1,37,110.425,0.3393105,1.160059,-0.4640872,0.2715934,0.7522391,0.4714868,0.3715826,
1,37,110.427,0.339274,1.160066,-0.4641038,0.2712208,0.7525046,0.4714489,0.3713651,
1,37,110.429,0.339274,1.160066,-0.4641038,0.2712208,0.7525046,0.4714489,0.3713651,
1,37,110.431,0.339274,1.160066,-0.4641038,0.2712208,0.7525046,0.4714489,0.3713651,
1,37,110.433,0.339274,1.160066,-0.4641038,0.2712208,0.7525046,0.4714489,0.3713651,
1,37,110.435,0.3393782,1.159928,-0.4640035,0.270757,0.7528215,0.4715232,0.3709667,
1,37,110.437,0.3393782,1.159928,-0.4640035,0.270757,0.7528215,0.4715232,0.3709667,
1,37,110.439,0.3393782,1.159928,-0.4640035,0.270757,0.7528215,0.4715232,0.3709667,
1,37,110.441,0.3393782,1.159928,-0.4640035,0.270757,0.7528215,0.4715232,0.3709667,
1,37,110.443,0.339392,1.159879,-0.4638991,0.2704909,0.7530379,0.4716344,0.3705798,
1,37,110.445,0.339392,1.159879,-0.4638991,0.2704909,0.7530379,0.4716344,0.3705798,
1,37,110.447,0.339392,1.159879,-0.4638991,0.2704909,0.7530379,0.4716344,0.3705798,
1,37,110.449,0.339392,1.159879,-0.4638991,0.2704909,0.7530379,0.4716344,0.3705798,
1,37,110.451,0.3393962,1.15991,-0.4638499,0.2706214,0.7529098,0.4717264,0.3706281,
1,37,110.453,0.3393962,1.15991,-0.4638499,0.2706214,0.7529098,0.4717264,0.3706281,
1,37,110.455,0.3393962,1.15991,-0.4638499,0.2706214,0.7529098,0.4717264,0.3706281,
1,37,110.457,0.3393962,1.15991,-0.4638499,0.2706214,0.7529098,0.4717264,0.3706281,
1,37,110.459,0.3393782,1.159944,-0.4638054,0.2708199,0.752748,0.4718468,0.3706586,
1,37,110.461,0.3393782,1.159944,-0.4638054,0.2708199,0.752748,0.4718468,0.3706586,
1,37,110.463,0.3393782,1.159944,-0.4638054,0.2708199,0.752748,0.4718468,0.3706586,
1,37,110.465,0.3393782,1.159944,-0.4638054,0.2708199,0.752748,0.4718468,0.3706586,
1,37,110.467,0.3393782,1.159944,-0.4638054,0.2708199,0.752748,0.4718468,0.3706586,
1,37,110.469,0.3392568,1.159958,-0.463776,0.2710373,0.7526844,0.4720294,0.3703962,
1,37,110.471,0.3392568,1.159958,-0.463776,0.2710373,0.7526844,0.4720294,0.3703962,
1,37,110.473,0.3392568,1.159958,-0.463776,0.2710373,0.7526844,0.4720294,0.3703962,
1,37,110.475,0.3392568,1.159958,-0.463776,0.2710373,0.7526844,0.4720294,0.3703962,
1,37,110.477,0.3392391,1.159948,-0.4637314,0.2713449,0.7525125,0.4721344,0.3703865,
1,37,110.479,0.3392391,1.159948,-0.4637314,0.2713449,0.7525125,0.4721344,0.3703865,
1,37,110.481,0.3392391,1.159948,-0.4637314,0.2713449,0.7525125,0.4721344,0.3703865,
1,37,110.483,0.3392391,1.159948,-0.4637314,0.2713449,0.7525125,0.4721344,0.3703865,
1,37,110.485,0.3390931,1.159874,-0.4636469,0.2716975,0.7523679,0.4721995,0.3703385,
1,37,110.487,0.3390931,1.159874,-0.4636469,0.2716975,0.7523679,0.4721995,0.3703385,
1,37,110.489,0.3390931,1.159874,-0.4636469,0.2716975,0.7523679,0.4721995,0.3703385,
1,37,110.491,0.3390931,1.159874,-0.4636469,0.2716975,0.7523679,0.4721995,0.3703385,
1,37,110.493,0.3391114,1.159878,-0.4635913,0.2722505,0.7519314,0.4722722,0.3707263,
1,37,110.495,0.3391114,1.159878,-0.4635913,0.2722505,0.7519314,0.4722722,0.3707263,
1,37,110.497,0.3391114,1.159878,-0.4635913,0.2722505,0.7519314,0.4722722,0.3707263,
1,37,110.499,0.3391114,1.159878,-0.4635913,0.2722505,0.7519314,0.4722722,0.3707263,
1,37,110.501,0.3391903,1.159757,-0.4634776,0.272481,0.751737,0.4723833,0.3708095,
1,37,110.503,0.3391903,1.159757,-0.4634776,0.272481,0.751737,0.4723833,0.3708095,
1,37,110.505,0.3391903,1.159757,-0.4634776,0.272481,0.751737,0.4723833,0.3708095,
1,37,110.507,0.3391903,1.159757,-0.4634776,0.272481,0.751737,0.4723833,0.3708095,
1,37,110.509,0.3392885,1.16,-0.4635094,0.2730113,0.7511408,0.4727811,0.3711205,
1,37,110.511,0.3392885,1.16,-0.4635094,0.2730113,0.7511408,0.4727811,0.3711205,
1,37,110.513,0.3392885,1.16,-0.4635094,0.2730113,0.7511408,0.4727811,0.3711205,
1,37,110.515,0.3392885,1.16,-0.4635094,0.2730113,0.7511408,0.4727811,0.3711205,
1,37,110.517,0.3392885,1.16,-0.4635094,0.2730113,0.7511408,0.4727811,0.3711205,
1,37,110.519,0.3393327,1.15984,-0.4632987,0.2733755,0.7508526,0.4730603,0.37108,
1,37,110.521,0.3393327,1.15984,-0.4632987,0.2733755,0.7508526,0.4730603,0.37108,
1,37,110.523,0.3393327,1.15984,-0.4632987,0.2733755,0.7508526,0.4730603,0.37108,
1,37,110.525,0.3393327,1.15984,-0.4632987,0.2733755,0.7508526,0.4730603,0.37108,
1,37,110.527,0.339186,1.160059,-0.4633486,0.2738538,0.7505326,0.4734119,0.3709263,
1,37,110.529,0.339186,1.160059,-0.4633486,0.2738538,0.7505326,0.4734119,0.3709263,
1,37,110.531,0.339186,1.160059,-0.4633486,0.2738538,0.7505326,0.4734119,0.3709263,
1,37,110.533,0.339186,1.160059,-0.4633486,0.2738538,0.7505326,0.4734119,0.3709263,
1,37,110.535,0.3392119,1.160112,-0.4633158,0.2742773,0.7502164,0.4735582,0.3710662,
1,37,110.537,0.3392119,1.160112,-0.4633158,0.2742773,0.7502164,0.4735582,0.3710662,
1,37,110.539,0.3392119,1.160112,-0.4633158,0.2742773,0.7502164,0.4735582,0.3710662,
1,37,110.541,0.3392119,1.160112,-0.4633158,0.2742773,0.7502164,0.4735582,0.3710662,
1,37,110.543,0.3392519,1.160001,-0.4632168,0.2745372,0.7500158,0.4735955,0.3712318,
1,37,110.545,0.3392519,1.160001,-0.4632168,0.2745372,0.7500158,0.4735955,0.3712318,
1,37,110.547,0.3392519,1.160001,-0.4632168,0.2745372,0.7500158,0.4735955,0.3712318,
1,37,110.549,0.3392519,1.160001,-0.4632168,0.2745372,0.7500158,0.4735955,0.3712318,
1,37,110.551,0.338963,1.160074,-0.4631682,0.2750601,0.7498678,0.4735439,0.3712093,
1,37,110.553,0.338963,1.160074,-0.4631682,0.2750601,0.7498678,0.4735439,0.3712093,
1,37,110.555,0.338963,1.160074,-0.4631682,0.2750601,0.7498678,0.4735439,0.3712093,
1,37,110.557,0.338963,1.160074,-0.4631682,0.2750601,0.7498678,0.4735439,0.3712093,
1,37,110.559,0.3389606,1.159996,-0.4630454,0.2752919,0.7497673,0.4735298,0.3712586,
1,37,110.561,0.3389606,1.159996,-0.4630454,0.2752919,0.7497673,0.4735298,0.3712586,
1,37,110.563,0.3389606,1.159996,-0.4630454,0.2752919,0.7497673,0.4735298,0.3712586,
1,37,110.565,0.3389606,1.159996,-0.4630454,0.2752919,0.7497673,0.4735298,0.3712586,
1,37,110.567,0.3389606,1.159996,-0.4630454,0.2752919,0.7497673,0.4735298,0.3712586,
1,37,110.569,0.3388146,1.16001,-0.4629163,0.2756565,0.749689,0.4734858,0.3712023,
1,37,110.571,0.3388146,1.16001,-0.4629163,0.2756565,0.749689,0.4734858,0.3712023,
1,37,110.573,0.3388146,1.16001,-0.4629163,0.2756565,0.749689,0.4734858,0.3712023,
1,37,110.575,0.3388146,1.16001,-0.4629163,0.2756565,0.749689,0.4734858,0.3712023,
1,37,110.577,0.3386721,1.160065,-0.4628254,0.2759281,0.7495853,0.4734942,0.3711993,
1,37,110.579,0.3386721,1.160065,-0.4628254,0.2759281,0.7495853,0.4734942,0.3711993,
1,37,110.581,0.3386721,1.160065,-0.4628254,0.2759281,0.7495853,0.4734942,0.3711993,
1,37,110.583,0.3386721,1.160065,-0.4628254,0.2759281,0.7495853,0.4734942,0.3711993,
1,37,110.585,0.3385775,1.160046,-0.4627011,0.2760925,0.7495801,0.4735035,0.3710755,
1,37,110.587,0.3385775,1.160046,-0.4627011,0.2760925,0.7495801,0.4735035,0.3710755,
1,37,110.589,0.3385775,1.160046,-0.4627011,0.2760925,0.7495801,0.4735035,0.3710755,
1,37,110.591,0.3385775,1.160046,-0.4627011,0.2760925,0.7495801,0.4735035,0.3710755,
1,37,110.593,0.338517,1.159975,-0.4625652,0.2762553,0.749506,0.4735481,0.3710471,
1,37,110.595,0.338517,1.159975,-0.4625652,0.2762553,0.749506,0.4735481,0.3710471,
1,37,110.597,0.338517,1.159975,-0.4625652,0.2762553,0.749506,0.4735481,0.3710471,
1,37,110.599,0.338517,1.159975,-0.4625652,0.2762553,0.749506,0.4735481,0.3710471,
1,37,110.601,0.3385038,1.159997,-0.4625031,0.2762119,0.7494961,0.4737259,0.3708726,
1,37,110.603,0.3385038,1.159997,-0.4625031,0.2762119,0.7494961,0.4737259,0.3708726,
1,37,110.605,0.3385038,1.159997,-0.4625031,0.2762119,0.7494961,0.4737259,0.3708726,
1,37,110.607,0.3385038,1.159997,-0.4625031,0.2762119,0.7494961,0.4737259,0.3708726,
1,37,110.609,0.3384922,1.15996,-0.462406,0.2761869,0.7494753,0.4738173,0.3708164,
1,37,110.611,0.3384922,1.15996,-0.462406,0.2761869,0.7494753,0.4738173,0.3708164,
1,37,110.613,0.3384922,1.15996,-0.462406,0.2761869,0.7494753,0.4738173,0.3708164,
1,37,110.615,0.3384922,1.15996,-0.462406,0.2761869,0.7494753,0.4738173,0.3708164,
1,37,110.617,0.3384922,1.15996,-0.462406,0.2761869,0.7494753,0.4738173,0.3708164,
1,37,110.619,0.3384711,1.159955,-0.4623025,0.2761852,0.7494628,0.4739489,0.3706748,
1,37,110.621,0.3384711,1.159955,-0.4623025,0.2761852,0.7494628,0.4739489,0.3706748,
1,37,110.623,0.3384711,1.159955,-0.4623025,0.2761852,0.7494628,0.4739489,0.3706748,
1,37,110.625,0.3384711,1.159955,-0.4623025,0.2761852,0.7494628,0.4739489,0.3706748,
1,37,110.627,0.3383282,1.159886,-0.4621815,0.2761521,0.7495852,0.4740147,0.3703676,
1,37,110.629,0.3383282,1.159886,-0.4621815,0.2761521,0.7495852,0.4740147,0.3703676,
1,37,110.631,0.3383282,1.159886,-0.4621815,0.2761521,0.7495852,0.4740147,0.3703676,
1,37,110.633,0.3383282,1.159886,-0.4621815,0.2761521,0.7495852,0.4740147,0.3703676,
1,37,110.635,0.3384433,1.159912,-0.4621245,0.2761347,0.749455,0.4741856,0.3704252,
1,37,110.637,0.3384433,1.159912,-0.4621245,0.2761347,0.749455,0.4741856,0.3704252,
1,37,110.639,0.3384433,1.159912,-0.4621245,0.2761347,0.749455,0.4741856,0.3704252,
1,37,110.641,0.3384433,1.159912,-0.4621245,0.2761347,0.749455,0.4741856,0.3704252,
1,37,110.643,0.3383465,1.159856,-0.462021,0.2762531,0.7494094,0.4742273,0.3703758,
1,37,110.645,0.3383465,1.159856,-0.462021,0.2762531,0.7494094,0.4742273,0.3703758,
1,37,110.647,0.3383465,1.159856,-0.462021,0.2762531,0.7494094,0.4742273,0.3703758,
1,37,110.649,0.3383465,1.159856,-0.462021,0.2762531,0.7494094,0.4742273,0.3703758,
1,37,110.651,0.3381116,1.159765,-0.4618939,0.2764319,0.7494386,0.4741932,0.3702269,
1,37,110.653,0.3381116,1.159765,-0.4618939,0.2764319,0.7494386,0.4741932,0.3702269,
1,37,110.655,0.3381116,1.159765,-0.4618939,0.2764319,0.7494386,0.4741932,0.3702269,
1,37,110.657,0.3381116,1.159765,-0.4618939,0.2764319,0.7494386,0.4741932,0.3702269,
1,37,110.659,0.3380846,1.159741,-0.4618494,0.2765138,0.7493365,0.4743319,0.370195,
1,37,110.661,0.3380846,1.159741,-0.4618494,0.2765138,0.7493365,0.4743319,0.370195,
1,37,110.663,0.3380846,1.159741,-0.4618494,0.2765138,0.7493365,0.4743319,0.370195,
1,37,110.665,0.3380846,1.159741,-0.4618494,0.2765138,0.7493365,0.4743319,0.370195,
1,37,110.667,0.3380846,1.159741,-0.4618494,0.2765138,0.7493365,0.4743319,0.370195,
1,37,110.669,0.3380161,1.159768,-0.4617858,0.2765817,0.7492871,0.4746335,0.3698573,
1,37,110.671,0.3380161,1.159768,-0.4617858,0.2765817,0.7492871,0.4746335,0.3698573,
1,37,110.673,0.3380161,1.159768,-0.4617858,0.2765817,0.7492871,0.4746335,0.3698573,
1,37,110.675,0.3380161,1.159768,-0.4617858,0.2765817,0.7492871,0.4746335,0.3698573,
1,37,110.677,0.3379622,1.159765,-0.4617203,0.2767748,0.7491288,0.4747669,0.3698624,
1,37,110.679,0.3379622,1.159765,-0.4617203,0.2767748,0.7491288,0.4747669,0.3698624,
1,37,110.681,0.3379622,1.159765,-0.4617203,0.2767748,0.7491288,0.4747669,0.3698624,
1,37,110.683,0.3379622,1.159765,-0.4617203,0.2767748,0.7491288,0.4747669,0.3698624,
1,37,110.685,0.3378918,1.159658,-0.4616152,0.2769328,0.7490795,0.4748074,0.3697921,
1,37,110.687,0.3378918,1.159658,-0.4616152,0.2769328,0.7490795,0.4748074,0.3697921,
1,37,110.689,0.3378918,1.159658,-0.4616152,0.2769328,0.7490795,0.4748074,0.3697921,
1,37,110.691,0.3378918,1.159658,-0.4616152,0.2769328,0.7490795,0.4748074,0.3697921,
1,37,110.693,0.3380288,1.159901,-0.4616911,0.2771337,0.7487369,0.475148,0.369898,
1,37,110.695,0.3380288,1.159901,-0.4616911,0.2771337,0.7487369,0.475148,0.369898,
1,37,110.697,0.3380288,1.159901,-0.4616911,0.2771337,0.7487369,0.475148,0.369898,
1,37,110.699,0.3380288,1.159901,-0.4616911,0.2771337,0.7487369,0.475148,0.369898,
1,37,110.701,0.3380035,1.159914,-0.4616076,0.2772617,0.748738,0.475255,0.3696622,
1,37,110.703,0.3380035,1.159914,-0.4616076,0.2772617,0.748738,0.475255,0.3696622,
1,37,110.705,0.3380035,1.159914,-0.4616076,0.2772617,0.748738,0.475255,0.3696622,
1,37,110.707,0.3380035,1.159914,-0.4616076,0.2772617,0.748738,0.475255,0.3696622,
1,37,110.709,0.3380551,1.159978,-0.4615616,0.277479,0.7485952,0.4753836,0.3696229,
1,37,110.711,0.3380551,1.159978,-0.4615616,0.277479,0.7485952,0.4753836,0.3696229,
1,37,110.713,0.3380551,1.159978,-0.4615616,0.277479,0.7485952,0.4753836,0.3696229,
1,37,110.715,0.3380551,1.159978,-0.4615616,0.277479,0.7485952,0.4753836,0.3696229,
1,37,110.717,0.3380551,1.159978,-0.4615616,0.277479,0.7485952,0.4753836,0.3696229,
1,37,110.719,0.3382438,1.160049,-0.461494,0.2775737,0.7484789,0.4755327,0.3695956,
1,37,110.721,0.3382438,1.160049,-0.461494,0.2775737,0.7484789,0.4755327,0.3695956,
1,37,110.723,0.3382438,1.160049,-0.461494,0.2775737,0.7484789,0.4755327,0.3695956,
1,37,110.725,0.3382438,1.160049,-0.461494,0.2775737,0.7484789,0.4755327,0.3695956,
1,37,110.727,0.3382235,1.160078,-0.461418,0.2777986,0.7484503,0.4755628,0.3694456,
1,37,110.729,0.3382235,1.160078,-0.461418,0.2777986,0.7484503,0.4755628,0.3694456,
1,37,110.731,0.3382235,1.160078,-0.461418,0.2777986,0.7484503,0.4755628,0.3694456,
1,37,110.733,0.3382235,1.160078,-0.461418,0.2777986,0.7484503,0.4755628,0.3694456,
1,37,110.735,0.3383939,1.160042,-0.4613447,0.2779016,0.7483694,0.4755842,0.3695047,
1,37,110.737,0.3383939,1.160042,-0.4613447,0.2779016,0.7483694,0.4755842,0.3695047,
1,37,110.739,0.3383939,1.160042,-0.4613447,0.2779016,0.7483694,0.4755842,0.3695047,
1,37,110.741,0.3383939,1.160042,-0.4613447,0.2779016,0.7483694,0.4755842,0.3695047,
1,37,110.743,0.3383757,1.160155,-0.4612776,0.2783935,0.7482214,0.4755318,0.3695015,
1,37,110.745,0.3383757,1.160155,-0.4612776,0.2783935,0.7482214,0.4755318,0.3695015,
1,37,110.747,0.3383757,1.160155,-0.4612776,0.2783935,0.7482214,0.4755318,0.3695015,
1,37,110.749,0.3383757,1.160155,-0.4612776,0.2783935,0.7482214,0.4755318,0.3695015,
1,37,110.751,0.3383588,1.160144,-0.4611905,0.278552,0.7482957,0.4754839,0.3692932,
1,37,110.753,0.3383588,1.160144,-0.4611905,0.278552,0.7482957,0.4754839,0.3692932,
1,37,110.755,0.3383588,1.160144,-0.4611905,0.278552,0.7482957,0.4754839,0.3692932,CourtEnter
1,37,110.757,0.3383588,1.160144,-0.4611905,0.278552,0.7482957,0.4754839,0.3692932,
1,37,110.759,0.338479,1.16019,-0.4611503,0.2786414,0.7482761,0.4755319,0.3692036,
1,37,110.761,0.338479,1.16019,-0.4611503,0.2786414,0.7482761,0.4755319,0.3692036,
1,37,110.763,0.338479,1.16019,-0.4611503,0.2786414,0.7482761,0.4755319,0.3692036,
1,37,110.765,0.338479,1.16019,-0.4611503,0.2786414,0.7482761,0.4755319,0.3692036,
1,37,110.767,0.338479,1.16019,-0.4611503,0.2786414,0.7482761,0.4755319,0.3692036,CourtExit
1,37,110.769,0.3385112,1.160237,-0.4611111,0.2787791,0.7483069,0.4755291,0.3690408,
1,37,110.771,0.3385112,1.160237,-0.4611111,0.2787791,0.7483069,0.4755291,0.3690408,
1,37,110.773,0.3385112,1.160237,-0.4611111,0.2787791,0.7483069,0.4755291,0.3690408,
1,37,110.775,0.3385112,1.160237,-0.4611111,0.2787791,0.7483069,0.4755291,0.3690408,
1,37,110.777,0.3385139,1.160269,-0.4610909,0.2788765,0.7483993,0.4755342,0.3687732,
1,37,110.779,0.3385139,1.160269,-0.4610909,0.2788765,0.7483993,0.4755342,0.3687732,
1,37,110.781,0.3385139,1.160269,-0.4610909,0.2788765,0.7483993,0.4755342,0.3687732,
1,37,110.783,0.3385139,1.160269,-0.4610909,0.2788765,0.7483993,0.4755342,0.3687732,
1,37,110.785,0.3385853,1.160327,-0.46108,0.2789817,0.7483972,0.4755226,0.3687129,
1,37,110.787,0.3385853,1.160327,-0.46108,0.2789817,0.7483972,0.4755226,0.3687129,
1,37,110.789,0.3385853,1.160327,-0.46108,0.2789817,0.7483972,0.4755226,0.3687129,
1,37,110.791,0.3385853,1.160327,-0.46108,0.2789817,0.7483972,0.4755226,0.3687129,
1,37,110.793,0.338577,1.16032,-0.4610534,0.2790462,0.7484845,0.475471,0.3685535,
1,37,110.795,0.338577,1.16032,-0.4610534,0.2790462,0.7484845,0.475471,0.3685535,
1,37,110.797,0.338577,1.16032,-0.4610534,0.2790462,0.7484845,0.475471,0.3685535,
1,37,110.799,0.338577,1.16032,-0.4610534,0.2790462,0.7484845,0.475471,0.3685535,
1,37,110.801,0.3386141,1.16036,-0.4610048,0.2792074,0.748487,0.4753619,0.3685668,
1,37,110.803,0.3386141,1.16036,-0.4610048,0.2792074,0.748487,0.4753619,0.3685668,
1,37,110.805,0.3386141,1.16036,-0.4610048,0.2792074,0.748487,0.4753619,0.3685668,
1,37,110.807,0.3386141,1.16036,-0.4610048,0.2792074,0.748487,0.4753619,0.3685668,
1,37,110.809,0.3386951,1.160371,-0.4609318,0.2793066,0.7484973,0.4752636,0.3685977,
1,37,110.811,0.3386951,1.160371,-0.4609318,0.2793066,0.7484973,0.4752636,0.3685977,
1,37,110.813,0.3386951,1.160371,-0.4609318,0.2793066,0.7484973,0.4752636,0.3685977,
1,37,110.815,0.3386951,1.160371,-0.4609318,0.2793066,0.7484973,0.4752636,0.3685977,
1,37,110.817,0.3386951,1.160371,-0.4609318,0.2793066,0.7484973,0.4752636,0.3685977,
1,37,110.819,0.3387082,1.160438,-0.460796,0.2793207,0.7487141,0.4751817,0.368252,
1,37,110.821,0.3387082,1.160438,-0.460796,0.2793207,0.7487141,0.4751817,0.368252,
1,37,110.823,0.3387082,1.160438,-0.460796,0.2793207,0.7487141,0.4751817,0.368252,
1,37,110.825,0.3387082,1.160438,-0.460796,0.2793207,0.7487141,0.4751817,0.368252,
1,37,110.827,0.3387569,1.160515,-0.4607504,0.279311,0.748848,0.4751658,0.3680075,
1,37,110.829,0.3387569,1.160515,-0.4607504,0.279311,0.748848,0.4751658,0.3680075,
1,37,110.831,0.3387569,1.160515,-0.4607504,0.279311,0.748848,0.4751658,0.3680075,
1,37,110.833,0.3387569,1.160515,-0.4607504,0.279311,0.748848,0.4751658,0.3680075,
1,37,110.835,0.338686,1.160556,-0.4607231,0.2793227,0.7490758,0.4750533,0.3676801,
1,37,110.837,0.338686,1.160556,-0.4607231,0.2793227,0.7490758,0.4750533,0.3676801,
1,37,110.839,0.338686,1.160556,-0.4607231,0.2793227,0.7490758,0.4750533,0.3676801,
1,37,110.841,0.338686,1.160556,-0.4607231,0.2793227,0.7490758,0.4750533,0.3676801,
1,37,110.843,0.3386748,1.160669,-0.4607787,0.2792747,0.7492418,0.4750291,0.3674095,
1,37,110.845,0.3386748,1.160669,-0.4607787,0.2792747,0.7492418,0.4750291,0.3674095,
1,37,110.847,0.3386748,1.160669,-0.4607787,0.2792747,0.7492418,0.4750291,0.3674095,
1,37,110.849,0.3386748,1.160669,-0.4607787,0.2792747,0.7492418,0.4750291,0.3674095,
1,37,110.851,0.3385637,1.160723,-0.4607757,0.2791813,0.7495575,0.4748189,0.3671082,
1,37,110.853,0.3385637,1.160723,-0.4607757,0.2791813,0.7495575,0.4748189,0.3671082,
1,37,110.855,0.3385637,1.160723,-0.4607757,0.2791813,0.7495575,0.4748189,0.3671082,
1,37,110.857,0.3385637,1.160723,-0.4607757,0.2791813,0.7495575,0.4748189,0.3671082,
1,37,110.859,0.3386585,1.160916,-0.4608576,0.2787476,0.7498868,0.4747503,0.3668542,
1,37,110.861,0.3386585,1.160916,-0.4608576,0.2787476,0.7498868,0.4747503,0.3668542,
1,37,110.863,0.3386585,1.160916,-0.4608576,0.2787476,0.7498868,0.4747503,0.3668542,
1,37,110.865,0.3386585,1.160916,-0.4608576,0.2787476,0.7498868,0.4747503,0.3668542,
1,37,110.867,0.3386585,1.160916,-0.4608576,0.2787476,0.7498868,0.4747503,0.3668542,
1,37,110.869,0.3386018,1.161013,-0.4608494,0.2782476,0.7504286,0.4744142,0.3665604,
1,37,110.871,0.3386018,1.161013,-0.4608494,0.2782476,0.7504286,0.4744142,0.3665604,
1,37,110.873,0.3386018,1.161013,-0.4608494,0.2782476,0.7504286,0.4744142,0.3665604,
1,37,110.875,0.3386018,1.161013,-0.4608494,0.2782476,0.7504286,0.4744142,0.3665604,
1,37,110.877,0.3386754,1.161211,-0.4609345,0.277632,0.7508762,0.4740885,0.3665319,
1,37,110.879,0.3386754,1.161211,-0.4609345,0.277632,0.7508762,0.4740885,0.3665319,
1,37,110.881,0.3386754,1.161211,-0.4609345,0.277632,0.7508762,0.4740885,0.3665319,
1,37,110.883,0.3386754,1.161211,-0.4609345,0.277632,0.7508762,0.4740885,0.3665319,
1,37,110.885,0.3387109,1.16138,-0.4609722,0.2767463,0.7515726,0.4736378,0.3663569,
1,37,110.887,0.3387109,1.16138,-0.4609722,0.2767463,0.7515726,0.4736378,0.3663569,
1,37,110.889,0.3387109,1.16138,-0.4609722,0.2767463,0.7515726,0.4736378,0.3663569,
1,37,110.891,0.3387109,1.16138,-0.4609722,0.2767463,0.7515726,0.4736378,0.3663569,
1,37,110.893,0.3389586,1.161797,-0.4610416,0.2748172,0.7528959,0.4730245,0.365884,
1,37,110.895,0.3389586,1.161797,-0.4610416,0.2748172,0.7528959,0.4730245,0.365884,
1,37,110.897,0.3389586,1.161797,-0.4610416,0.2748172,0.7528959,0.4730245,0.365884,
1,37,110.899,0.3389586,1.161797,-0.4610416,0.2748172,0.7528959,0.4730245,0.365884,
1,37,110.901,0.3391716,1.161878,-0.4609338,0.2734535,0.7537488,0.4723192,0.3660608,
1,37,110.903,0.3391716,1.161878,-0.4609338,0.2734535,0.7537488,0.4723192,0.3660608,
1,37,110.905,0.3391716,1.161878,-0.4609338,0.2734535,0.7537488,0.4723192,0.3660608,
1,37,110.907,0.3391716,1.161878,-0.4609338,0.2734535,0.7537488,0.4723192,0.3660608,
1,37,110.909,0.3392867,1.161968,-0.4608279,0.2720392,0.7545977,0.4715754,0.3663248,
1,37,110.911,0.3392867,1.161968,-0.4608279,0.2720392,0.7545977,0.4715754,0.3663248,
1,37,110.913,0.3392867,1.161968,-0.4608279,0.2720392,0.7545977,0.4715754,0.3663248,
1,37,110.915,0.3392867,1.161968,-0.4608279,0.2720392,0.7545977,0.4715754,0.3663248,
1,37,110.917,0.3392867,1.161968,-0.4608279,0.2720392,0.7545977,0.4715754,0.3663248,
1,37,110.919,0.3390254,1.161992,-0.460617,0.2706313,0.7556885,0.4707634,0.3661635,
1,37,110.921,0.3390254,1.161992,-0.460617,0.2706313,0.7556885,0.4707634,0.3661635,
1,37,110.923,0.3390254,1.161992,-0.460617,0.2706313,0.7556885,0.4707634,0.3661635,
1,37,110.925,0.3390254,1.161992,-0.460617,0.2706313,0.7556885,0.4707634,0.3661635,
1,37,110.927,0.3389638,1.162361,-0.4605453,0.2693139,0.7565249,0.4702595,0.366055,
1,37,110.929,0.3389638,1.162361,-0.4605453,0.2693139,0.7565249,0.4702595,0.366055,
1,37,110.931,0.3389638,1.162361,-0.4605453,0.2693139,0.7565249,0.4702595,0.366055,
1,37,110.933,0.3389638,1.162361,-0.4605453,0.2693139,0.7565249,0.4702595,0.366055,
1,37,110.935,0.3391908,1.16196,-0.4601987,0.267341,0.7577183,0.4695283,0.3659714,
1,37,110.937,0.3391908,1.16196,-0.4601987,0.267341,0.7577183,0.4695283,0.3659714,
1,37,110.939,0.3391908,1.16196,-0.4601987,0.267341,0.7577183,0.4695283,0.3659714,
1,37,110.941,0.3391908,1.16196,-0.4601987,0.267341,0.7577183,0.4695283,0.3659714,
1,37,110.943,0.3391094,1.161898,-0.4600293,0.2661435,0.7584755,0.4688781,0.3661094,
1,37,110.945,0.3391094,1.161898,-0.4600293,0.2661435,0.7584755,0.4688781,0.3661094,
1,37,110.947,0.3391094,1.161898,-0.4600293,0.2661435,0.7584755,0.4688781,0.3661094,
1,37,110.949,0.3391094,1.161898,-0.4600293,0.2661435,0.7584755,0.4688781,0.3661094,
1,37,110.951,0.3392557,1.161907,-0.4599402,0.2650107,0.7590207,0.4684442,0.3663565,
1,37,110.953,0.3392557,1.161907,-0.4599402,0.2650107,0.7590207,0.4684442,0.3663565,
1,37,110.955,0.3392557,1.161907,-0.4599402,0.2650107,0.7590207,0.4684442,0.3663565,
1,37,110.957,0.3392557,1.161907,-0.4599402,0.2650107,0.7590207,0.4684442,0.3663565,
1,37,110.959,0.3394186,1.162024,-0.4599515,0.2642637,0.7591174,0.4681483,0.3670732,
1,37,110.961,0.3394186,1.162024,-0.4599515,0.2642637,0.7591174,0.4681483,0.3670732,
1,37,110.963,0.3394186,1.162024,-0.4599515,0.2642637,0.7591174,0.4681483,0.3670732,
1,37,110.965,0.3394186,1.162024,-0.4599515,0.2642637,0.7591174,0.4681483,0.3670732,
1,37,110.967,0.3394186,1.162024,-0.4599515,0.2642637,0.7591174,0.4681483,0.3670732,
1,37,110.969,0.3396188,1.16205,-0.4598364,0.2629713,0.7596592,0.468015,0.3670504,
1,37,110.971,0.3396188,1.16205,-0.4598364,0.2629713,0.7596592,0.468015,0.3670504,
1,37,110.973,0.3396188,1.16205,-0.4598364,0.2629713,0.7596592,0.468015,0.3670504,
1,37,110.975,0.3396188,1.16205,-0.4598364,0.2629713,0.7596592,0.468015,0.3670504,
1,37,110.977,0.3396774,1.162006,-0.4597891,0.2624697,0.7597839,0.4680513,0.3671051,
1,37,110.979,0.3396774,1.162006,-0.4597891,0.2624697,0.7597839,0.4680513,0.3671051,
1,37,110.981,0.3396774,1.162006,-0.4597891,0.2624697,0.7597839,0.4680513,0.3671051,
1,37,110.983,0.3396774,1.162006,-0.4597891,0.2624697,0.7597839,0.4680513,0.3671051,
1,37,110.985,0.3397986,1.161973,-0.4597835,0.2619071,0.7599363,0.4683772,0.3667756,
1,37,110.987,0.3397986,1.161973,-0.4597835,0.2619071,0.7599363,0.4683772,0.3667756,
1,37,110.989,0.3397986,1.161973,-0.4597835,0.2619071,0.7599363,0.4683772,0.3667756,
1,37,110.991,0.3397986,1.161973,-0.4597835,0.2619071,0.7599363,0.4683772,0.3667756,
1,37,110.993,0.3398237,1.16191,-0.4598217,0.2615915,0.7600276,0.4687635,0.366318,
1,37,110.995,0.3398237,1.16191,-0.4598217,0.2615915,0.7600276,0.4687635,0.366318,
1,37,110.997,0.3398237,1.16191,-0.4598217,0.2615915,0.7600276,0.4687635,0.366318,
1,37,110.999,0.3398237,1.16191,-0.4598217,0.2615915,0.7600276,0.4687635,0.366318,
1,38,111.001,0.3398916,1.161791,-0.4598781,0.2615595,0.7598817,0.469157,0.3661398,CourtExit
1,38,111.003,0.3398916,1.161791,-0.4598781,0.2615595,0.7598817,0.469157,0.3661398,
1,38,111.005,0.3398916,1.161791,-0.4598781,0.2615595,0.7598817,0.469157,0.3661398,
1,38,111.007,0.3398916,1.161791,-0.4598781,0.2615595,0.7598817,0.469157,0.3661398,
1,38,111.009,0.3400086,1.161668,-0.4599685,0.2617583,0.759497,0.4696491,0.3661647,
1,38,111.011,0.3400086,1.161668,-0.4599685,0.2617583,0.759497,0.4696491,0.3661647,
1,38,111.013,0.3400086,1.161668,-0.4599685,0.2617583,0.759497,0.4696491,0.3661647,
1,38,111.015,0.3400086,1.161668,-0.4599685,0.2617583,0.759497,0.4696491,0.3661647,
1,38,111.017,0.3400086,1.161668,-0.4599685,0.2617583,0.759497,0.4696491,0.3661647,
1,38,111.019,0.3397221,1.161384,-0.4599361,0.2624111,0.759196,0.469863,0.3660471,
1,38,111.021,0.3397221,1.161384,-0.4599361,0.2624111,0.759196,0.469863,0.3660471,
1,38,111.023,0.3397221,1.161384,-0.4599361,0.2624111,0.759196,0.469863,0.3660471,
1,38,111.025,0.3397221,1.161384,-0.4599361,0.2624111,0.759196,0.469863,0.3660471,
1,38,111.027,0.3397185,1.161403,-0.4600646,0.263164,0.7584837,0.4704964,0.36617,
1,38,111.029,0.3397185,1.161403,-0.4600646,0.263164,0.7584837,0.4704964,0.36617,
1,38,111.031,0.3397185,1.161403,-0.4600646,0.263164,0.7584837,0.4704964,0.36617,
1,38,111.033,0.3397185,1.161403,-0.4600646,0.263164,0.7584837,0.4704964,0.36617,
1,38,111.035,0.3397421,1.161417,-0.4601197,0.2637071,0.758065,0.4712609,0.3656625,
1,38,111.037,0.3397421,1.161417,-0.4601197,0.2637071,0.758065,0.4712609,0.3656625,
1,38,111.039,0.3397421,1.161417,-0.4601197,0.2637071,0.758065,0.4712609,0.3656625,
1,38,111.041,0.3397421,1.161417,-0.4601197,0.2637071,0.758065,0.4712609,0.3656625,
1,38,111.043,0.3396425,1.161473,-0.4602254,0.2650291,0.7571345,0.4723865,0.3651819,
1,38,111.045,0.3396425,1.161473,-0.4602254,0.2650291,0.7571345,0.4723865,0.3651819,
1,38,111.047,0.3396425,1.161473,-0.4602254,0.2650291,0.7571345,0.4723865,0.3651819,
1,38,111.049,0.3396425,1.161473,-0.4602254,0.2650291,0.7571345,0.4723865,0.3651819,
1,38,111.051,0.339864,1.161634,-0.4604022,0.2662285,0.7560686,0.4731861,0.3654826,
1,38,111.053,0.339864,1.161634,-0.4604022,0.2662285,0.7560686,0.4731861,0.3654826,
1,38,111.055,0.339864,1.161634,-0.4604022,0.2662285,0.7560686,0.4731861,0.3654826,
1,38,111.057,0.339864,1.161634,-0.4604022,0.2662285,0.7560686,0.4731861,0.3654826,
1,38,111.059,0.3399599,1.161713,-0.4605242,0.2674062,0.7551534,0.4738405,0.3656672,
1,38,111.061,0.3399599,1.161713,-0.4605242,0.2674062,0.7551534,0.4738405,0.3656672,
1,38,111.063,0.3399599,1.161713,-0.4605242,0.2674062,0.7551534,0.4738405,0.3656672,
1,38,111.065,0.3399599,1.161713,-0.4605242,0.2674062,0.7551534,0.4738405,0.3656672,
1,38,111.067,0.3399599,1.161713,-0.4605242,0.2674062,0.7551534,0.4738405,0.3656672,
1,38,111.069,0.3399561,1.161704,-0.4605491,0.2683595,0.7544928,0.4744822,0.3655001,
1,38,111.071,0.3399561,1.161704,-0.4605491,0.2683595,0.7544928,0.4744822,0.3655001,
1,38,111.073,0.3399561,1.161704,-0.4605491,0.2683595,0.7544928,0.4744822,0.3655001,
1,38,111.075,0.3399561,1.161704,-0.4605491,0.2683595,0.7544928,0.4744822,0.3655001,
1,38,111.077,0.3400175,1.161786,-0.4606439,0.2694232,0.7536777,0.4751119,0.3655815,
1,38,111.079,0.3400175,1.161786,-0.4606439,0.2694232,0.7536777,0.4751119,0.3655815,
1,38,111.081,0.3400175,1.161786,-0.4606439,0.2694232,0.7536777,0.4751119,0.3655815,
1,38,111.083,0.3400175,1.161786,-0.4606439,0.2694232,0.7536777,0.4751119,0.3655815,
1,38,111.085,0.3398722,1.161785,-0.4607192,0.2704415,0.7530566,0.4755603,0.3655263,
1,38,111.087,0.3398722,1.161785,-0.4607192,0.2704415,0.7530566,0.4755603,0.3655263,
1,38,111.089,0.3398722,1.161785,-0.4607192,0.2704415,0.7530566,0.4755603,0.3655263,
1,38,111.091,0.3398722,1.161785,-0.4607192,0.2704415,0.7530566,0.4755603,0.3655263,
1,38,111.093,0.3395543,1.161667,-0.4607079,0.2713724,0.7526624,0.4758756,0.3652381,
1,38,111.095,0.3395543,1.161667,-0.4607079,0.2713724,0.7526624,0.4758756,0.3652381,
1,38,111.097,0.3395543,1.161667,-0.4607079,0.2713724,0.7526624,0.4758756,0.3652381,
1,38,111.099,0.3395543,1.161667,-0.4607079,0.2713724,0.7526624,0.4758756,0.3652381,
1,38,111.101,0.3393551,1.161511,-0.4606791,0.272152,0.7522812,0.4761572,0.3650762,
1,38,111.103,0.3393551,1.161511,-0.4606791,0.272152,0.7522812,0.4761572,0.3650762,
1,38,111.105,0.3393551,1.161511,-0.4606791,0.272152,0.7522812,0.4761572,0.3650762,
1,38,111.107,0.3393551,1.161511,-0.4606791,0.272152,0.7522812,0.4761572,0.3650762,
1,38,111.109,0.3393539,1.161412,-0.4606948,0.2726153,0.7519634,0.4765129,0.3649212,
1,38,111.111,0.3393539,1.161412,-0.4606948,0.2726153,0.7519634,0.4765129,0.3649212,
1,38,111.113,0.3393539,1.161412,-0.4606948,0.2726153,0.7519634,0.4765129,0.3649212,
1,38,111.115,0.3393539,1.161412,-0.4606948,0.2726153,0.7519634,0.4765129,0.3649212,
1,38,111.117,0.3393539,1.161412,-0.4606948,0.2726153,0.7519634,0.4765129,0.3649212,
1,38,111.119,0.3392096,1.161315,-0.4607156,0.2730312,0.751783,0.4769415,0.3644215,
1,38,111.121,0.3392096,1.161315,-0.4607156,0.2730312,0.751783,0.4769415,0.3644215,
1,38,111.123,0.3392096,1.161315,-0.4607156,0.2730312,0.751783,0.4769415,0.3644215,
1,38,111.125,0.3392096,1.161315,-0.4607156,0.2730312,0.751783,0.4769415,0.3644215,
1,38,111.127,0.3393332,1.161277,-0.4607666,0.2730156,0.7516425,0.477271,0.3642919,
1,38,111.129,0.3393332,1.161277,-0.4607666,0.2730156,0.7516425,0.477271,0.3642919,
1,38,111.131,0.3393332,1.161277,-0.4607666,0.2730156,0.7516425,0.477271,0.3642919,
1,38,111.133,0.3393332,1.161277,-0.4607666,0.2730156,0.7516425,0.477271,0.3642919,
1,38,111.135,0.3391304,1.161149,-0.4607132,0.2729524,0.7518384,0.4773934,0.3637742,
1,38,111.137,0.3391304,1.161149,-0.4607132,0.2729524,0.7518384,0.4773934,0.3637742,
1,38,111.139,0.3391304,1.161149,-0.4607132,0.2729524,0.7518384,0.4773934,0.3637742,
1,38,111.141,0.3391304,1.161149,-0.4607132,0.2729524,0.7518384,0.4773934,0.3637742,
1,38,111.143,0.3391909,1.161153,-0.4607714,0.2726655,0.7518812,0.4776888,0.3635128,
1,38,111.145,0.3391909,1.161153,-0.4607714,0.2726655,0.7518812,0.4776888,0.3635128,
1,38,111.147,0.3391909,1.161153,-0.4607714,0.2726655,0.7518812,0.4776888,0.3635128,
1,38,111.149,0.3391909,1.161153,-0.4607714,0.2726655,0.7518812,0.4776888,0.3635128,
1,38,111.151,0.3392881,1.161154,-0.4608158,0.2723792,0.7519249,0.4778597,0.3634126,
1,38,111.153,0.3392881,1.161154,-0.4608158,0.2723792,0.7519249,0.4778597,0.3634126,
1,38,111.155,0.3392881,1.161154,-0.4608158,0.2723792,0.7519249,0.4778597,0.3634126,
1,38,111.157,0.3392881,1.161154,-0.4608158,0.2723792,0.7519249,0.4778597,0.3634126,
1,38,111.159,0.3393214,1.161154,-0.4608605,0.2720445,0.7520362,0.4779661,0.3632932,
1,38,111.161,0.3393214,1.161154,-0.4608605,0.2720445,0.7520362,0.4779661,0.3632932,
1,38,111.163,0.3393214,1.161154,-0.4608605,0.2720445,0.7520362,0.4779661,0.3632932,
1,38,111.165,0.3393214,1.161154,-0.4608605,0.2720445,0.7520362,0.4779661,0.3632932,
1,38,111.167,0.3393214,1.161154,-0.4608605,0.2720445,0.7520362,0.4779661,0.3632932,
1,38,111.169,0.3393503,1.161107,-0.4608672,0.271584,0.7521809,0.4780372,0.3632445,
1,38,111.171,0.3393503,1.161107,-0.4608672,0.271584,0.7521809,0.4780372,0.3632445,
1,38,111.173,0.3393503,1.161107,-0.4608672,0.271584,0.7521809,0.4780372,0.3632445,
1,38,111.175,0.3393503,1.161107,-0.4608672,0.271584,0.7521809,0.4780372,0.3632445,
1,38,111.177,0.3393616,1.161035,-0.4608082,0.2708306,0.7525226,0.4780173,0.3631253,
1,38,111.179,0.3393616,1.161035,-0.4608082,0.2708306,0.7525226,0.4780173,0.3631253,
1,38,111.181,0.3393616,1.161035,-0.4608082,0.2708306,0.7525226,0.4780173,0.3631253,
1,38,111.183,0.3393616,1.161035,-0.4608082,0.2708306,0.7525226,0.4780173,0.3631253,
1,38,111.185,0.3393125,1.161028,-0.4607535,0.2702495,0.7528593,0.4780239,0.3628517,
1,38,111.187,0.3393125,1.161028,-0.4607535,0.2702495,0.7528593,0.4780239,0.3628517,
1,38,111.189,0.3393125,1.161028,-0.4607535,0.2702495,0.7528593,0.4780239,0.3628517,
1,38,111.191,0.3393125,1.161028,-0.4607535,0.2702495,0.7528593,0.4780239,0.3628517,
1,38,111.193,0.3393438,1.161037,-0.4606712,0.2690206,0.7534361,0.4781575,0.3623914,
1,38,111.195,0.3393438,1.161037,-0.4606712,0.2690206,0.7534361,0.4781575,0.3623914,
1,38,111.197,0.3393438,1.161037,-0.4606712,0.2690206,0.7534361,0.4781575,0.3623914,
1,38,111.199,0.3393438,1.161037,-0.4606712,0.2690206,0.7534361,0.4781575,0.3623914,
1,38,111.201,0.3393243,1.16109,-0.460611,0.2683824,0.7537957,0.4781605,0.3621125,
1,38,111.203,0.3393243,1.16109,-0.460611,0.2683824,0.7537957,0.4781605,0.3621125,
1,38,111.205,0.3393243,1.16109,-0.460611,0.2683824,0.7537957,0.4781605,0.3621125,
1,38,111.207,0.3393243,1.16109,-0.460611,0.2683824,0.7537957,0.4781605,0.3621125,
1,38,111.209,0.339306,1.161078,-0.4605435,0.2677075,0.7541655,0.4780925,0.3619321,
1,38,111.211,0.339306,1.161078,-0.4605435,0.2677075,0.7541655,0.4780925,0.3619321,
1,38,111.213,0.339306,1.161078,-0.4605435,0.2677075,0.7541655,0.4780925,0.3619321,
1,38,111.215,0.339306,1.161078,-0.4605435,0.2677075,0.7541655,0.4780925,0.3619321,
1,38,111.217,0.339306,1.161078,-0.4605435,0.2677075,0.7541655,0.4780925,0.3619321,
1,38,111.219,0.3392152,1.161063,-0.4604474,0.2671683,0.7545384,0.4779774,0.361705,
1,38,111.221,0.3392152,1.161063,-0.4604474,0.2671683,0.7545384,0.4779774,0.361705,
1,38,111.223,0.3392152,1.161063,-0.4604474,0.2671683,0.7545384,0.4779774,0.361705,
1,38,111.225,0.3392152,1.161063,-0.4604474,0.2671683,0.7545384,0.4779774,0.361705,
1,38,111.227,0.3395115,1.161176,-0.4604496,0.2666019,0.7546566,0.4780384,0.3617958,
1,38,111.229,0.3395115,1.161176,-0.4604496,0.2666019,0.7546566,0.4780384,0.3617958,
1,38,111.231,0.3395115,1.161176,-0.4604496,0.2666019,0.7546566,0.4780384,0.3617958,
1,38,111.233,0.3395115,1.161176,-0.4604496,0.2666019,0.7546566,0.4780384,0.3617958,
1,38,111.235,0.33945,1.161136,-0.4603094,0.2661558,0.7549078,0.4779395,0.3617308,
1,38,111.237,0.33945,1.161136,-0.4603094,0.2661558,0.7549078,0.4779395,0.3617308,
1,38,111.239,0.33945,1.161136,-0.4603094,0.2661558,0.7549078,0.4779395,0.3617308,
1,38,111.241,0.33945,1.161136,-0.4603094,0.2661558,0.7549078,0.4779395,0.3617308,
1,38,111.243,0.339411,1.161087,-0.4601304,0.2659034,0.7550572,0.4777801,0.3618152,
1,38,111.245,0.339411,1.161087,-0.4601304,0.2659034,0.7550572,0.4777801,0.3618152,
1,38,111.247,0.339411,1.161087,-0.4601304,0.2659034,0.7550572,0.4777801,0.3618152,
1,38,111.249,0.339411,1.161087,-0.4601304,0.2659034,0.7550572,0.4777801,0.3618152,
1,38,111.251,0.3392287,1.161021,-0.4599156,0.2657184,0.7552891,0.4776533,0.3616345,
1,38,111.253,0.3392287,1.161021,-0.4599156,0.2657184,0.7552891,0.4776533,0.3616345,
1,38,111.255,0.3392287,1.161021,-0.4599156,0.2657184,0.7552891,0.4776533,0.3616345,
1,38,111.257,0.3392287,1.161021,-0.4599156,0.2657184,0.7552891,0.4776533,0.3616345,
1,38,111.259,0.3391052,1.161029,-0.4597459,0.2655126,0.7554356,0.477654,0.3614788,
1,38,111.261,0.3391052,1.161029,-0.4597459,0.2655126,0.7554356,0.477654,0.3614788,
1,38,111.263,0.3391052,1.161029,-0.4597459,0.2655126,0.7554356,0.477654,0.3614788,
1,38,111.265,0.3391052,1.161029,-0.4597459,0.2655126,0.7554356,0.477654,0.3614788,
1,38,111.267,0.3391052,1.161029,-0.4597459,0.2655126,0.7554356,0.477654,0.3614788,
1,38,111.269,0.3388458,1.160996,-0.4594686,0.2654625,0.7555091,0.4776247,0.3614006,
1,38,111.271,0.3388458,1.160996,-0.4594686,0.2654625,0.7555091,0.4776247,0.3614006,
1,38,111.273,0.3388458,1.160996,-0.4594686,0.2654625,0.7555091,0.4776247,0.3614006,
1,38,111.275,0.3388458,1.160996,-0.4594686,0.2654625,0.7555091,0.4776247,0.3614006,
1,38,111.277,0.3384833,1.160945,-0.4592578,0.2656361,0.75558,0.4775282,0.3612524,
1,38,111.279,0.3384833,1.160945,-0.4592578,0.2656361,0.75558,0.4775282,0.3612524,
1,38,111.281,0.3384833,1.160945,-0.4592578,0.2656361,0.75558,0.4775282,0.3612524,
1,38,111.283,0.3384833,1.160945,-0.4592578,0.2656361,0.75558,0.4775282,0.3612524,
1,38,111.285,0.3385327,1.160985,-0.4591425,0.2657427,0.7554028,0.477604,0.3614443,
1,38,111.287,0.3385327,1.160985,-0.4591425,0.2657427,0.7554028,0.477604,0.3614443,
1,38,111.289,0.3385327,1.160985,-0.4591425,0.2657427,0.7554028,0.477604,0.3614443,
1,38,111.291,0.3385327,1.160985,-0.4591425,0.2657427,0.7554028,0.477604,0.3614443,
1,38,111.293,0.3386279,1.161053,-0.4590534,0.2658433,0.7552106,0.4777358,0.3615978,
1,38,111.295,0.3386279,1.161053,-0.4590534,0.2658433,0.7552106,0.4777358,0.3615978,
1,38,111.297,0.3386279,1.161053,-0.4590534,0.2658433,0.7552106,0.4777358,0.3615978,
1,38,111.299,0.3386279,1.161053,-0.4590534,0.2658433,0.7552106,0.4777358,0.3615978,
1,38,111.301,0.3385137,1.161079,-0.4588745,0.2660669,0.7550527,0.4778046,0.361672,
1,38,111.303,0.3385137,1.161079,-0.4588745,0.2660669,0.7550527,0.4778046,0.361672,
1,38,111.305,0.3385137,1.161079,-0.4588745,0.2660669,0.7550527,0.4778046,0.361672,
1,38,111.307,0.3385137,1.161079,-0.4588745,0.2660669,0.7550527,0.4778046,0.361672,
1,38,111.309,0.3380881,1.160965,-0.4586015,0.2664114,0.7550107,0.4776942,0.3616519,
1,38,111.311,0.3380881,1.160965,-0.4586015,0.2664114,0.7550107,0.4776942,0.3616519,
1,38,111.313,0.3380881,1.160965,-0.4586015,0.2664114,0.7550107,0.4776942,0.3616519,
1,38,111.315,0.3380881,1.160965,-0.4586015,0.2664114,0.7550107,0.4776942,0.3616519,
1,38,111.317,0.3380881,1.160965,-0.4586015,0.2664114,0.7550107,0.4776942,0.3616519,
1,38,111.319,0.3378322,1.160922,-0.4583775,0.266716,0.7548915,0.4776683,0.3617104,
1,38,111.321,0.3378322,1.160922,-0.4583775,0.266716,0.7548915,0.4776683,0.3617104,
1,38,111.323,0.3378322,1.160922,-0.4583775,0.266716,0.7548915,0.4776683,0.3617104,
1,38,111.325,0.3378322,1.160922,-0.4583775,0.266716,0.7548915,0.4776683,0.3617104,
1,38,111.327,0.3376038,1.160868,-0.4581517,0.2669142,0.7548059,0.4776806,0.3617265,
1,38,111.329,0.3376038,1.160868,-0.4581517,0.2669142,0.7548059,0.4776806,0.3617265,
1,38,111.331,0.3376038,1.160868,-0.4581517,0.2669142,0.7548059,0.4776806,0.3617265,
1,38,111.333,0.3376038,1.160868,-0.4581517,0.2669142,0.7548059,0.4776806,0.3617265,
1,38,111.335,0.3374194,1.160781,-0.4579144,0.267138,0.7546212,0.4776724,0.3619577,
1,38,111.337,0.3374194,1.160781,-0.4579144,0.267138,0.7546212,0.4776724,0.3619577,
1,38,111.339,0.3374194,1.160781,-0.4579144,0.267138,0.7546212,0.4776724,0.3619577,
1,38,111.341,0.3374194,1.160781,-0.4579144,0.267138,0.7546212,0.4776724,0.3619577,
1,38,111.343,0.3371443,1.160724,-0.4575559,0.2674154,0.7543324,0.4777451,0.3622587,
1,38,111.345,0.3371443,1.160724,-0.4575559,0.2674154,0.7543324,0.4777451,0.3622587,
1,38,111.347,0.3371443,1.160724,-0.4575559,0.2674154,0.7543324,0.4777451,0.3622587,
1,38,111.349,0.3371443,1.160724,-0.4575559,0.2674154,0.7543324,0.4777451,0.3622587,
1,38,111.351,0.3368284,1.160646,-0.4573012,0.2674507,0.7542931,0.4778444,0.3621835,
1,38,111.353,0.3368284,1.160646,-0.4573012,0.2674507,0.7542931,0.4778444,0.3621835,
1,38,111.355,0.3368284,1.160646,-0.4573012,0.2674507,0.7542931,0.4778444,0.3621835,
1,38,111.357,0.3368284,1.160646,-0.4573012,0.2674507,0.7542931,0.4778444,0.3621835,
1,38,111.359,0.3365068,1.160582,-0.4570515,0.2674695,0.7542934,0.4779308,0.3620548,
1,38,111.361,0.3365068,1.160582,-0.4570515,0.2674695,0.7542934,0.4779308,0.3620548,
1,38,111.363,0.3365068,1.160582,-0.4570515,0.2674695,0.7542934,0.4779308,0.3620548,
1,38,111.365,0.3365068,1.160582,-0.4570515,0.2674695,0.7542934,0.4779308,0.3620548,
1,38,111.367,0.3365068,1.160582,-0.4570515,0.2674695,0.7542934,0.4779308,0.3620548,
1,38,111.369,0.3362653,1.160473,-0.4567933,0.2673723,0.7542729,0.4780374,0.3620288,
1,38,111.371,0.3362653,1.160473,-0.4567933,0.2673723,0.7542729,0.4780374,0.3620288,
1,38,111.373,0.3362653,1.160473,-0.4567933,0.2673723,0.7542729,0.4780374,0.3620288,
1,38,111.375,0.3362653,1.160473,-0.4567933,0.2673723,0.7542729,0.4780374,0.3620288,
1,38,111.377,0.3361352,1.160539,-0.4566334,0.2673109,0.7541813,0.4782576,0.3619742,
1,38,111.379,0.3361352,1.160539,-0.4566334,0.2673109,0.7541813,0.4782576,0.3619742,
1,38,111.381,0.3361352,1.160539,-0.4566334,0.2673109,0.7541813,0.4782576,0.3619742,
1,38,111.383,0.3361352,1.160539,-0.4566334,0.2673109,0.7541813,0.4782576,0.3619742,
1,38,111.385,0.3359763,1.160527,-0.4564297,0.2672803,0.7539961,0.4784174,0.3621711,
1,38,111.387,0.3359763,1.160527,-0.4564297,0.2672803,0.7539961,0.4784174,0.3621711,
1,38,111.389,0.3359763,1.160527,-0.4564297,0.2672803,0.7539961,0.4784174,0.3621711,
1,38,111.391,0.3359763,1.160527,-0.4564297,0.2672803,0.7539961,0.4784174,0.3621711,
1,38,111.393,0.3356065,1.160447,-0.456149,0.2670375,0.7541256,0.4785448,0.3619123,
1,38,111.395,0.3356065,1.160447,-0.456149,0.2670375,0.7541256,0.4785448,0.3619123,
1,38,111.397,0.3356065,1.160447,-0.456149,0.2670375,0.7541256,0.4785448,0.3619123,
1,38,111.399,0.3356065,1.160447,-0.456149,0.2670375,0.7541256,0.4785448,0.3619123,
1,38,111.401,0.3355873,1.160475,-0.4559392,0.2667842,0.7539337,0.4787981,0.3621638,
1,38,111.403,0.3355873,1.160475,-0.4559392,0.2667842,0.7539337,0.4787981,0.3621638,
1,38,111.405,0.3355873,1.160475,-0.4559392,0.2667842,0.7539337,0.4787981,0.3621638,
1,38,111.407,0.3355873,1.160475,-0.4559392,0.2667842,0.7539337,0.4787981,0.3621638,
1,38,111.409,0.3353763,1.160484,-0.4556951,0.2665352,0.7539291,0.4790068,0.3620809,
1,38,111.411,0.3353763,1.160484,-0.4556951,0.2665352,0.7539291,0.4790068,0.3620809,
1,38,111.413,0.3353763,1.160484,-0.4556951,0.2665352,0.7539291,0.4790068,0.3620809,
1,38,111.415,0.3353763,1.160484,-0.4556951,0.2665352,0.7539291,0.4790068,0.3620809,
1,38,111.417,0.3353763,1.160484,-0.4556951,0.2665352,0.7539291,0.4790068,0.3620809,
1,38,111.419,0.3351674,1.160507,-0.4553777,0.2660931,0.7538763,0.4793624,0.3620453,
1,38,111.421,0.3351674,1.160507,-0.4553777,0.2660931,0.7538763,0.4793624,0.3620453,
1,38,111.423,0.3351674,1.160507,-0.4553777,0.2660931,0.7538763,0.4793624,0.3620453,
1,38,111.425,0.3351674,1.160507,-0.4553777,0.2660931,0.7538763,0.4793624,0.3620453,
1,38,111.427,0.335001,1.16046,-0.4551529,0.2658396,0.7538625,0.4794997,0.3620782,
1,38,111.429,0.335001,1.16046,-0.4551529,0.2658396,0.7538625,0.4794997,0.3620782,
1,38,111.431,0.335001,1.16046,-0.4551529,0.2658396,0.7538625,0.4794997,0.3620782,
1,38,111.433,0.335001,1.16046,-0.4551529,0.2658396,0.7538625,0.4794997,0.3620782,
1,38,111.435,0.3350603,1.160506,-0.4550139,0.2656016,0.7537205,0.4797025,0.3622799,
1,38,111.437,0.3350603,1.160506,-0.4550139,0.2656016,0.7537205,0.4797025,0.3622799,
1,38,111.439,0.3350603,1.160506,-0.4550139,0.2656016,0.7537205,0.4797025,0.3622799,
1,38,111.441,0.3350603,1.160506,-0.4550139,0.2656016,0.7537205,0.4797025,0.3622799,
1,38,111.443,0.3346274,1.160394,-0.4547142,0.2654987,0.7538168,0.4796897,0.3621718,
1,38,111.445,0.3346274,1.160394,-0.4547142,0.2654987,0.7538168,0.4796897,0.3621718,
1,38,111.447,0.3346274,1.160394,-0.4547142,0.2654987,0.7538168,0.4796897,0.3621718,
1,38,111.449,0.3346274,1.160394,-0.4547142,0.2654987,0.7538168,0.4796897,0.3621718,
1,38,111.451,0.3345709,1.160381,-0.4545116,0.2652432,0.7537449,0.4798678,0.3622729,
1,38,111.453,0.3345709,1.160381,-0.4545116,0.2652432,0.7537449,0.4798678,0.3622729,
1,38,111.455,0.3345709,1.160381,-0.4545116,0.2652432,0.7537449,0.4798678,0.3622729,
1,38,111.457,0.3345709,1.160381,-0.4545116,0.2652432,0.7537449,0.4798678,0.3622729,
1,38,111.459,0.3344854,1.160397,-0.4543001,0.265024,0.753717,0.4800532,0.3622457,
1,38,111.461,0.3344854,1.160397,-0.4543001,0.265024,0.753717,0.4800532,0.3622457,
1,38,111.463,0.3344854,1.160397,-0.4543001,0.265024,0.753717,0.4800532,0.3622457,
1,38,111.465,0.3344854,1.160397,-0.4543001,0.265024,0.753717,0.4800532,0.3622457,
1,38,111.467,0.3344854,1.160397,-0.4543001,0.265024,0.753717,0.4800532,0.3622457,
1,38,111.469,0.3343043,1.160326,-0.4539947,0.2648625,0.7537693,0.4801039,0.3621877,
1,38,111.471,0.3343043,1.160326,-0.4539947,0.2648625,0.7537693,0.4801039,0.3621877,
1,38,111.473,0.3343043,1.160326,-0.4539947,0.2648625,0.7537693,0.4801039,0.3621877,
1,38,111.475,0.3343043,1.160326,-0.4539947,0.2648625,0.7537693,0.4801039,0.3621877,
1,38,111.477,0.3342087,1.16025,-0.4537101,0.2647598,0.7536327,0.4801854,0.3624391,
1,38,111.479,0.3342087,1.16025,-0.4537101,0.2647598,0.7536327,0.4801854,0.3624391,
1,38,111.481,0.3342087,1.16025,-0.4537101,0.2647598,0.7536327,0.4801854,0.3624391,
1,38,111.483,0.3342087,1.16025,-0.4537101,0.2647598,0.7536327,0.4801854,0.3624391,
1,38,111.485,0.3341651,1.1602,-0.4534323,0.2646655,0.7534655,0.4803554,0.3626303,
1,38,111.487,0.3341651,1.1602,-0.4534323,0.2646655,0.7534655,0.4803554,0.3626303,
1,38,111.489,0.3341651,1.1602,-0.4534323,0.2646655,0.7534655,0.4803554,0.3626303,
1,38,111.491,0.3341651,1.1602,-0.4534323,0.2646655,0.7534655,0.4803554,0.3626303,
1,38,111.493,0.334059,1.160062,-0.452944,0.2644444,0.7533814,0.4806202,0.3626155,
1,38,111.495,0.334059,1.160062,-0.452944,0.2644444,0.7533814,0.4806202,0.3626155,
1,38,111.497,0.334059,1.160062,-0.452944,0.2644444,0.7533814,0.4806202,0.3626155,
1,38,111.499,0.334059,1.160062,-0.452944,0.2644444,0.7533814,0.4806202,0.3626155,
1,38,111.501,0.3338704,1.160008,-0.4526298,0.2644458,0.7533495,0.4808524,0.3623728,
1,38,111.503,0.3338704,1.160008,-0.4526298,0.2644458,0.7533495,0.4808524,0.3623728,
1,38,111.505,0.3338704,1.160008,-0.4526298,0.2644458,0.7533495,0.4808524,0.3623728,
1,38,111.507,0.3338704,1.160008,-0.4526298,0.2644458,0.7533495,0.4808524,0.3623728,
1,38,111.509,0.3335945,1.159982,-0.4523643,0.2646355,0.7532254,0.481086,0.3621823,
1,38,111.511,0.3335945,1.159982,-0.4523643,0.2646355,0.7532254,0.481086,0.3621823,
1,38,111.513,0.3335945,1.159982,-0.4523643,0.2646355,0.7532254,0.481086,0.3621823,
1,38,111.515,0.3335945,1.159982,-0.4523643,0.2646355,0.7532254,0.481086,0.3621823,
1,38,111.517,0.3335945,1.159982,-0.4523643,0.2646355,0.7532254,0.481086,0.3621823,
1,38,111.519,0.333524,1.159959,-0.4521224,0.2647702,0.7530094,0.481353,0.3621782,
1,38,111.521,0.333524,1.159959,-0.4521224,0.2647702,0.7530094,0.481353,0.3621782,
1,38,111.523,0.333524,1.159959,-0.4521224,0.2647702,0.7530094,0.481353,0.3621782,
1,38,111.525,0.333524,1.159959,-0.4521224,0.2647702,0.7530094,0.481353,0.3621782,
1,38,111.527,0.3336239,1.159938,-0.45193,0.2649666,0.7527388,0.4816695,0.3621762,
1,38,111.529,0.3336239,1.159938,-0.45193,0.2649666,0.7527388,0.4816695,0.3621762,
1,38,111.531,0.3336239,1.159938,-0.45193,0.2649666,0.7527388,0.4816695,0.3621762,
1,38,111.533,0.3336239,1.159938,-0.45193,0.2649666,0.7527388,0.4816695,0.3621762,
1,38,111.535,0.3337303,1.159707,-0.4516063,0.2650894,0.7526258,0.4818049,0.362141,
1,38,111.537,0.3337303,1.159707,-0.4516063,0.2650894,0.7526258,0.4818049,0.362141,
1,38,111.539,0.3337303,1.159707,-0.4516063,0.2650894,0.7526258,0.4818049,0.362141,
1,38,111.541,0.3337303,1.159707,-0.4516063,0.2650894,0.7526258,0.4818049,0.362141,
1,38,111.543,0.3340248,1.159843,-0.451426,0.2655782,0.7519712,0.4823068,0.3624746,
1,38,111.545,0.3340248,1.159843,-0.451426,0.2655782,0.7519712,0.4823068,0.3624746,
1,38,111.547,0.3340248,1.159843,-0.451426,0.2655782,0.7519712,0.4823068,0.3624746,
1,38,111.549,0.3340248,1.159843,-0.451426,0.2655782,0.7519712,0.4823068,0.3624746,
1,38,111.551,0.3340214,1.159835,-0.4511288,0.2661952,0.7515703,0.4826203,0.362436,
1,38,111.553,0.3340214,1.159835,-0.4511288,0.2661952,0.7515703,0.4826203,0.362436,
1,38,111.555,0.3340214,1.159835,-0.4511288,0.2661952,0.7515703,0.4826203,0.362436,
1,38,111.557,0.3340214,1.159835,-0.4511288,0.2661952,0.7515703,0.4826203,0.362436,
1,38,111.559,0.3339942,1.159844,-0.4508433,0.2667788,0.7511835,0.4830358,0.3622554,
1,38,111.561,0.3339942,1.159844,-0.4508433,0.2667788,0.7511835,0.4830358,0.3622554,
1,38,111.563,0.3339942,1.159844,-0.4508433,0.2667788,0.7511835,0.4830358,0.3622554,
1,38,111.565,0.3339942,1.159844,-0.4508433,0.2667788,0.7511835,0.4830358,0.3622554,
1,38,111.567,0.3339942,1.159844,-0.4508433,0.2667788,0.7511835,0.4830358,0.3622554,
1,38,111.569,0.3341066,1.159498,-0.4502507,0.2674446,0.7508317,0.4834433,0.36195,
1,38,111.571,0.3341066,1.159498,-0.4502507,0.2674446,0.7508317,0.4834433,0.36195,
1,38,111.573,0.3341066,1.159498,-0.4502507,0.2674446,0.7508317,0.4834433,0.36195,
1,38,111.575,0.3341066,1.159498,-0.4502507,0.2674446,0.7508317,0.4834433,0.36195,
1,38,111.577,0.333142,1.159467,-0.4499399,0.2687837,0.7507027,0.48349,0.3611624,
1,38,111.579,0.333142,1.159467,-0.4499399,0.2687837,0.7507027,0.48349,0.3611624,
1,38,111.581,0.333142,1.159467,-0.4499399,0.2687837,0.7507027,0.48349,0.3611624,
1,38,111.583,0.333142,1.159467,-0.4499399,0.2687837,0.7507027,0.48349,0.3611624,
1,38,111.585,0.3332061,1.159491,-0.4497435,0.2695584,0.7502326,0.4838443,0.3610873,
1,38,111.587,0.3332061,1.159491,-0.4497435,0.2695584,0.7502326,0.4838443,0.3610873,
1,38,111.589,0.3332061,1.159491,-0.4497435,0.2695584,0.7502326,0.4838443,0.3610873,
1,38,111.591,0.3332061,1.159491,-0.4497435,0.2695584,0.7502326,0.4838443,0.3610873,
1,38,111.593,0.3331626,1.159539,-0.4495196,0.2703751,0.7498466,0.4841489,0.3608699,
1,38,111.595,0.3331626,1.159539,-0.4495196,0.2703751,0.7498466,0.4841489,0.3608699,
1,38,111.597,0.3331626,1.159539,-0.4495196,0.2703751,0.7498466,0.4841489,0.3608699,
1,38,111.599,0.3331626,1.159539,-0.4495196,0.2703751,0.7498466,0.4841489,0.3608699,
1,38,111.601,0.3330027,1.159458,-0.4492765,0.2710822,0.7496654,0.4843131,0.3604956,
1,38,111.603,0.3330027,1.159458,-0.4492765,0.2710822,0.7496654,0.4843131,0.3604956,
1,38,111.605,0.3330027,1.159458,-0.4492765,0.2710822,0.7496654,0.4843131,0.3604956,
1,38,111.607,0.3330027,1.159458,-0.4492765,0.2710822,0.7496654,0.4843131,0.3604956,
1,38,111.609,0.3329989,1.159309,-0.4490012,0.2717198,0.7494127,0.4844283,0.3603864,
1,38,111.611,0.3329989,1.159309,-0.4490012,0.2717198,0.7494127,0.4844283,0.3603864,
1,38,111.613,0.3329989,1.159309,-0.4490012,0.2717198,0.7494127,0.4844283,0.3603864,
1,38,111.615,0.3329989,1.159309,-0.4490012,0.2717198,0.7494127,0.4844283,0.3603864,
1,38,111.617,0.3329989,1.159309,-0.4490012,0.2717198,0.7494127,0.4844283,0.3603864,
1,38,111.619,0.3330201,1.159318,-0.4488278,0.2723084,0.7491557,0.4846,0.3602454,
1,38,111.621,0.3330201,1.159318,-0.4488278,0.2723084,0.7491557,0.4846,0.3602454,
1,38,111.623,0.3330201,1.159318,-0.4488278,0.2723084,0.7491557,0.4846,0.3602454,
1,38,111.625,0.3330201,1.159318,-0.4488278,0.2723084,0.7491557,0.4846,0.3602454,
1,38,111.627,0.3331535,1.159346,-0.448694,0.2727746,0.7488173,0.4848679,0.3602357,
1,38,111.629,0.3331535,1.159346,-0.448694,0.2727746,0.7488173,0.4848679,0.3602357,
1,38,111.631,0.3331535,1.159346,-0.448694,0.2727746,0.7488173,0.4848679,0.3602357,
1,38,111.633,0.3331535,1.159346,-0.448694,0.2727746,0.7488173,0.4848679,0.3602357,
1,38,111.635,0.3331732,1.159343,-0.4485096,0.2732197,0.7485554,0.4850534,0.3601933,
1,38,111.637,0.3331732,1.159343,-0.4485096,0.2732197,0.7485554,0.4850534,0.3601933,
1,38,111.639,0.3331732,1.159343,-0.4485096,0.2732197,0.7485554,0.4850534,0.3601933,
1,38,111.641,0.3331732,1.159343,-0.4485096,0.2732197,0.7485554,0.4850534,0.3601933,
1,38,111.643,0.3325617,1.159219,-0.4480278,0.2740166,0.7484365,0.4850041,0.3599012,
1,38,111.645,0.3325617,1.159219,-0.4480278,0.2740166,0.7484365,0.4850041,0.3599012,
1,38,111.647,0.3325617,1.159219,-0.4480278,0.2740166,0.7484365,0.4850041,0.3599012,
1,38,111.649,0.3325617,1.159219,-0.4480278,0.2740166,0.7484365,0.4850041,0.3599012,
1,38,111.651,0.3323617,1.159185,-0.4477621,0.2744063,0.7482423,0.4850723,0.3599163,
1,38,111.653,0.3323617,1.159185,-0.4477621,0.2744063,0.7482423,0.4850723,0.3599163,
1,38,111.655,0.3323617,1.159185,-0.4477621,0.2744063,0.7482423,0.4850723,0.3599163,
1,38,111.657,0.3323617,1.159185,-0.4477621,0.2744063,0.7482423,0.4850723,0.3599163,
1,38,111.659,0.3322622,1.159208,-0.4475391,0.2744283,0.7482252,0.485251,0.3596938,
1,38,111.661,0.3322622,1.159208,-0.4475391,0.2744283,0.7482252,0.485251,0.3596938,
1,38,111.663,0.3322622,1.159208,-0.4475391,0.2744283,0.7482252,0.485251,0.3596938,
1,38,111.665,0.3322622,1.159208,-0.4475391,0.2744283,0.7482252,0.485251,0.3596938,
1,38,111.667,0.3322622,1.159208,-0.4475391,0.2744283,0.7482252,0.485251,0.3596938,
1,38,111.669,0.3324066,1.159141,-0.4473704,0.2741301,0.7480419,0.4855804,0.3598579,
1,38,111.671,0.3324066,1.159141,-0.4473704,0.2741301,0.7480419,0.4855804,0.3598579,
1,38,111.673,0.3324066,1.159141,-0.4473704,0.2741301,0.7480419,0.4855804,0.3598579,
1,38,111.675,0.3324066,1.159141,-0.4473704,0.2741301,0.7480419,0.4855804,0.3598579,
1,38,111.677,0.3322075,1.159054,-0.447161,0.2741017,0.7479708,0.48572,0.3598392,
1,38,111.679,0.3322075,1.159054,-0.447161,0.2741017,0.7479708,0.48572,0.3598392,
1,38,111.681,0.3322075,1.159054,-0.447161,0.2741017,0.7479708,0.48572,0.3598392,
1,38,111.683,0.3322075,1.159054,-0.447161,0.2741017,0.7479708,0.48572,0.3598392,
1,38,111.685,0.3323629,1.158874,-0.4469813,0.2733835,0.748019,0.4861853,0.3596568,
1,38,111.687,0.3323629,1.158874,-0.4469813,0.2733835,0.748019,0.4861853,0.3596568,
1,38,111.689,0.3323629,1.158874,-0.4469813,0.2733835,0.748019,0.4861853,0.3596568,
1,38,111.691,0.3323629,1.158874,-0.4469813,0.2733835,0.748019,0.4861853,0.3596568,
1,38,111.693,0.3323561,1.158724,-0.4467922,0.272958,0.747942,0.48655,0.3596466,
1,38,111.695,0.3323561,1.158724,-0.4467922,0.272958,0.747942,0.48655,0.3596466,
1,38,111.697,0.3323561,1.158724,-0.4467922,0.272958,0.747942,0.48655,0.3596466,
1,38,111.699,0.3323561,1.158724,-0.4467922,0.272958,0.747942,0.48655,0.3596466,
1,38,111.701,0.3323179,1.158596,-0.4466001,0.2726028,0.7478374,0.4869704,0.3595648,
1,38,111.703,0.3323179,1.158596,-0.4466001,0.2726028,0.7478374,0.4869704,0.3595648,
1,38,111.705,0.3323179,1.158596,-0.4466001,0.2726028,0.7478374,0.4869704,0.3595648,
1,38,111.707,0.3323179,1.158596,-0.4466001,0.2726028,0.7478374,0.4869704,0.3595648,
1,38,111.709,0.3322333,1.158458,-0.446366,0.2722182,0.7478254,0.487405,0.3592921,
1,38,111.711,0.3322333,1.158458,-0.446366,0.2722182,0.7478254,0.487405,0.3592921,
1,38,111.713,0.3322333,1.158458,-0.446366,0.2722182,0.7478254,0.487405,0.3592921,
1,38,111.715,0.3322333,1.158458,-0.446366,0.2722182,0.7478254,0.487405,0.3592921,
1,38,111.717,0.3322333,1.158458,-0.446366,0.2722182,0.7478254,0.487405,0.3592921,
1,38,111.719,0.332046,1.158364,-0.4460233,0.2722551,0.7473305,0.4878711,0.359661,
1,38,111.721,0.332046,1.158364,-0.4460233,0.2722551,0.7473305,0.4878711,0.359661,
1,38,111.723,0.332046,1.158364,-0.4460233,0.2722551,0.7473305,0.4878711,0.359661,
1,38,111.725,0.332046,1.158364,-0.4460233,0.2722551,0.7473305,0.4878711,0.359661,
1,38,111.727,0.3323925,1.158574,-0.4459155,0.2722234,0.7466599,0.4884952,0.3602301,
1,38,111.729,0.3323925,1.158574,-0.4459155,0.2722234,0.7466599,0.4884952,0.3602301,
1,38,111.731,0.3323925,1.158574,-0.4459155,0.2722234,0.7466599,0.4884952,0.3602301,
1,38,111.733,0.3323925,1.158574,-0.4459155,0.2722234,0.7466599,0.4884952,0.3602301,
1,38,111.735,0.3326287,1.158665,-0.4457886,0.2720467,0.7463148,0.4890595,0.3603133,
1,38,111.737,0.3326287,1.158665,-0.4457886,0.2720467,0.7463148,0.4890595,0.3603133,
1,38,111.739,0.3326287,1.158665,-0.4457886,0.2720467,0.7463148,0.4890595,0.3603133,
1,38,111.741,0.3326287,1.158665,-0.4457886,0.2720467,0.7463148,0.4890595,0.3603133,
1,38,111.743,0.3327346,1.158731,-0.4456477,0.2719243,0.7460481,0.489506,0.3603516,
1,38,111.745,0.3327346,1.158731,-0.4456477,0.2719243,0.7460481,0.489506,0.3603516,
1,38,111.747,0.3327346,1.158731,-0.4456477,0.2719243,0.7460481,0.489506,0.3603516,
1,38,111.749,0.3327346,1.158731,-0.4456477,0.2719243,0.7460481,0.489506,0.3603516,
1,38,111.751,0.3326286,1.158783,-0.4455129,0.2719649,0.7458366,0.4898128,0.360342,
1,38,111.753,0.3326286,1.158783,-0.4455129,0.2719649,0.7458366,0.4898128,0.360342,
1,38,111.755,0.3326286,1.158783,-0.4455129,0.2719649,0.7458366,0.4898128,0.360342,
1,38,111.757,0.3326286,1.158783,-0.4455129,0.2719649,0.7458366,0.4898128,0.360342,
1,38,111.759,0.3326586,1.15872,-0.4453082,0.2718137,0.7457668,0.4900254,0.3603117,
1,38,111.761,0.3326586,1.15872,-0.4453082,0.2718137,0.7457668,0.4900254,0.3603117,
1,38,111.763,0.3326586,1.15872,-0.4453082,0.2718137,0.7457668,0.4900254,0.3603117,
1,38,111.765,0.3326586,1.15872,-0.4453082,0.2718137,0.7457668,0.4900254,0.3603117,
1,38,111.767,0.3326586,1.15872,-0.4453082,0.2718137,0.7457668,0.4900254,0.3603117,
1,38,111.769,0.3326345,1.158679,-0.445031,0.2718367,0.7457059,0.4901325,0.3602746,
1,38,111.771,0.3326345,1.158679,-0.445031,0.2718367,0.7457059,0.4901325,0.3602746,
1,38,111.773,0.3326345,1.158679,-0.445031,0.2718367,0.7457059,0.4901325,0.3602746,
1,38,111.775,0.3326345,1.158679,-0.445031,0.2718367,0.7457059,0.4901325,0.3602746,
1,38,111.777,0.3325408,1.158669,-0.444838,0.27202,0.7455382,0.490149,0.3604609,
1,38,111.779,0.3325408,1.158669,-0.444838,0.27202,0.7455382,0.490149,0.3604609,
1,38,111.781,0.3325408,1.158669,-0.444838,0.27202,0.7455382,0.490149,0.3604609,
1,38,111.783,0.3325408,1.158669,-0.444838,0.27202,0.7455382,0.490149,0.3604609,
1,38,111.785,0.3324677,1.158626,-0.4446277,0.2721764,0.7454351,0.4901447,0.3605615,
1,38,111.787,0.3324677,1.158626,-0.4446277,0.2721764,0.7454351,0.4901447,0.3605615,
1,38,111.789,0.3324677,1.158626,-0.4446277,0.2721764,0.7454351,0.4901447,0.3605615,
1,38,111.791,0.3324677,1.158626,-0.4446277,0.2721764,0.7454351,0.4901447,0.3605615,
1,38,111.793,0.3324102,1.158461,-0.4442958,0.2721851,0.7454526,0.4901212,0.3605509,
1,38,111.795,0.3324102,1.158461,-0.4442958,0.2721851,0.7454526,0.4901212,0.3605509,
1,38,111.797,0.3324102,1.158461,-0.4442958,0.2721851,0.7454526,0.4901212,0.3605509,
1,38,111.799,0.3324102,1.158461,-0.4442958,0.2721851,0.7454526,0.4901212,0.3605509,
1,38,111.801,0.3322938,1.15832,-0.444081,0.2721964,0.7455108,0.490101,0.3604496,
1,38,111.803,0.3322938,1.15832,-0.444081,0.2721964,0.7455108,0.490101,0.3604496,
1,38,111.805,0.3322938,1.15832,-0.444081,0.2721964,0.7455108,0.490101,0.3604496,
1,38,111.807,0.3322938,1.15832,-0.444081,0.2721964,0.7455108,0.490101,0.3604496,
1,38,111.809,0.3321751,1.158293,-0.4439715,0.2724692,0.7452467,0.4901392,0.3607377,
1,38,111.811,0.3321751,1.158293,-0.4439715,0.2724692,0.7452467,0.4901392,0.3607377,
1,38,111.813,0.3321751,1.158293,-0.4439715,0.2724692,0.7452467,0.4901392,0.3607377,
1,38,111.815,0.3321751,1.158293,-0.4439715,0.2724692,0.7452467,0.4901392,0.3607377,
1,38,111.817,0.3321751,1.158293,-0.4439715,0.2724692,0.7452467,0.4901392,0.3607377,
1,38,111.819,0.33217,1.158228,-0.4437921,0.2724433,0.7451868,0.4902997,0.3606629,
1,38,111.821,0.33217,1.158228,-0.4437921,0.2724433,0.7451868,0.4902997,0.3606629,
1,38,111.823,0.33217,1.158228,-0.4437921,0.2724433,0.7451868,0.4902997,0.3606629,
1,38,111.825,0.33217,1.158228,-0.4437921,0.2724433,0.7451868,0.4902997,0.3606629,
1,38,111.827,0.3317731,1.158092,-0.4435593,0.2725053,0.745331,0.4903817,0.3602058,
1,38,111.829,0.3317731,1.158092,-0.4435593,0.2725053,0.745331,0.4903817,0.3602058,
1,38,111.831,0.3317731,1.158092,-0.4435593,0.2725053,0.745331,0.4903817,0.3602058,
1,38,111.833,0.3317731,1.158092,-0.4435593,0.2725053,0.745331,0.4903817,0.3602058,
1,38,111.835,0.3314281,1.157996,-0.4433132,0.2726829,0.7452339,0.4904889,0.3601266,
1,38,111.837,0.3314281,1.157996,-0.4433132,0.2726829,0.7452339,0.4904889,0.3601266,
1,38,111.839,0.3314281,1.157996,-0.4433132,0.2726829,0.7452339,0.4904889,0.3601266,
1,38,111.841,0.3314281,1.157996,-0.4433132,0.2726829,0.7452339,0.4904889,0.3601266,
1,38,111.843,0.3313484,1.157998,-0.4431054,0.272849,0.7449661,0.4907032,0.3602625,
1,38,111.845,0.3313484,1.157998,-0.4431054,0.272849,0.7449661,0.4907032,0.3602625,
1,38,111.847,0.3313484,1.157998,-0.4431054,0.272849,0.7449661,0.4907032,0.3602625,
1,38,111.849,0.3313484,1.157998,-0.4431054,0.272849,0.7449661,0.4907032,0.3602625,
1,38,111.851,0.3312921,1.158011,-0.4428853,0.2729948,0.7446856,0.4909468,0.3604003,
1,38,111.853,0.3312921,1.158011,-0.4428853,0.2729948,0.7446856,0.4909468,0.3604003,
1,38,111.855,0.3312921,1.158011,-0.4428853,0.2729948,0.7446856,0.4909468,0.3604003,
1,38,111.857,0.3312921,1.158011,-0.4428853,0.2729948,0.7446856,0.4909468,0.3604003,
1,38,111.859,0.3311881,1.158026,-0.4426631,0.2731167,0.7444282,0.4912427,0.3604367,
1,38,111.861,0.3311881,1.158026,-0.4426631,0.2731167,0.7444282,0.4912427,0.3604367,
1,38,111.863,0.3311881,1.158026,-0.4426631,0.2731167,0.7444282,0.4912427,0.3604367,
1,38,111.865,0.3311881,1.158026,-0.4426631,0.2731167,0.7444282,0.4912427,0.3604367,
1,38,111.867,0.3311881,1.158026,-0.4426631,0.2731167,0.7444282,0.4912427,0.3604367,
1,38,111.869,0.3309906,1.158021,-0.4422948,0.2732389,0.7441361,0.4916217,0.3604306,
1,38,111.871,0.3309906,1.158021,-0.4422948,0.2732389,0.7441361,0.4916217,0.3604306,
1,38,111.873,0.3309906,1.158021,-0.4422948,0.2732389,0.7441361,0.4916217,0.3604306,
1,38,111.875,0.3309906,1.158021,-0.4422948,0.2732389,0.7441361,0.4916217,0.3604306,
1,38,111.877,0.3308016,1.157981,-0.4420204,0.2732802,0.7440473,0.491834,0.3602931,
1,38,111.879,0.3308016,1.157981,-0.4420204,0.2732802,0.7440473,0.491834,0.3602931,
1,38,111.881,0.3308016,1.157981,-0.4420204,0.2732802,0.7440473,0.491834,0.3602931,
1,38,111.883,0.3308016,1.157981,-0.4420204,0.2732802,0.7440473,0.491834,0.3602931,
1,38,111.885,0.3306562,1.157971,-0.4417428,0.2734268,0.743874,0.4919564,0.3603725,
1,38,111.887,0.3306562,1.157971,-0.4417428,0.2734268,0.743874,0.4919564,0.3603725,
1,38,111.889,0.3306562,1.157971,-0.4417428,0.2734268,0.743874,0.4919564,0.3603725,
1,38,111.891,0.3306562,1.157971,-0.4417428,0.2734268,0.743874,0.4919564,0.3603725,
1,38,111.893,0.3306042,1.157954,-0.4415402,0.2734811,0.7437204,0.492124,0.360419,
1,38,111.895,0.3306042,1.157954,-0.4415402,0.2734811,0.7437204,0.492124,0.360419,
1,38,111.897,0.3306042,1.157954,-0.4415402,0.2734811,0.7437204,0.492124,0.360419,
1,38,111.899,0.3306042,1.157954,-0.4415402,0.2734811,0.7437204,0.492124,0.360419,
1,38,111.901,0.3304901,1.158019,-0.4414022,0.2737051,0.7434558,0.4922357,0.3606425,
1,38,111.903,0.3304901,1.158019,-0.4414022,0.2737051,0.7434558,0.4922357,0.3606425,
1,38,111.905,0.3304901,1.158019,-0.4414022,0.2737051,0.7434558,0.4922357,0.3606425,
1,38,111.907,0.3304901,1.158019,-0.4414022,0.2737051,0.7434558,0.4922357,0.3606425,
1,38,111.909,0.3305334,1.157972,-0.4412333,0.2735822,0.7434146,0.4923617,0.3606487,
1,38,111.911,0.3305334,1.157972,-0.4412333,0.2735822,0.7434146,0.4923617,0.3606487,
1,38,111.913,0.3305334,1.157972,-0.4412333,0.2735822,0.7434146,0.4923617,0.3606487,
1,38,111.915,0.3305334,1.157972,-0.4412333,0.2735822,0.7434146,0.4923617,0.3606487,
1,38,111.917,0.3305334,1.157972,-0.4412333,0.2735822,0.7434146,0.4923617,0.3606487,
1,38,111.919,0.3305174,1.157983,-0.4410984,0.273452,0.7434336,0.4924806,0.3605462,
1,38,111.921,0.3305174,1.157983,-0.4410984,0.273452,0.7434336,0.4924806,0.3605462,
1,38,111.923,0.3305174,1.157983,-0.4410984,0.273452,0.7434336,0.4924806,0.3605462,
1,38,111.925,0.3305174,1.157983,-0.4410984,0.273452,0.7434336,0.4924806,0.3605462,
1,38,111.927,0.3304023,1.157926,-0.4409389,0.2734167,0.7434669,0.4924944,0.3604853,
1,38,111.929,0.3304023,1.157926,-0.4409389,0.2734167,0.7434669,0.4924944,0.3604853,
1,38,111.931,0.3304023,1.157926,-0.4409389,0.2734167,0.7434669,0.4924944,0.3604853,
1,38,111.933,0.3304023,1.157926,-0.4409389,0.2734167,0.7434669,0.4924944,0.3604853,
1,38,111.935,0.3302594,1.157899,-0.4408257,0.2734796,0.7433613,0.4924811,0.3606732,
1,38,111.937,0.3302594,1.157899,-0.4408257,0.2734796,0.7433613,0.4924811,0.3606732,
1,38,111.939,0.3302594,1.157899,-0.4408257,0.2734796,0.7433613,0.4924811,0.3606732,
1,38,111.941,0.3302594,1.157899,-0.4408257,0.2734796,0.7433613,0.4924811,0.3606732,
1,38,111.943,0.3300678,1.157734,-0.4406227,0.2734331,0.7433085,0.4924324,0.3608838,
1,38,111.945,0.3300678,1.157734,-0.4406227,0.2734331,0.7433085,0.4924324,0.3608838,
1,38,111.947,0.3300678,1.157734,-0.4406227,0.2734331,0.7433085,0.4924324,0.3608838,
1,38,111.949,0.3300678,1.157734,-0.4406227,0.2734331,0.7433085,0.4924324,0.3608838,
1,38,111.951,0.3299694,1.157584,-0.4404668,0.2731945,0.7433957,0.4925086,0.3607808,
1,38,111.953,0.3299694,1.157584,-0.4404668,0.2731945,0.7433957,0.4925086,0.3607808,
1,38,111.955,0.3299694,1.157584,-0.4404668,0.2731945,0.7433957,0.4925086,0.3607808,
1,38,111.957,0.3299694,1.157584,-0.4404668,0.2731945,0.7433957,0.4925086,0.3607808,
1,38,111.959,0.3299824,1.157549,-0.4403666,0.2730846,0.7431772,0.4926994,0.3610535,
1,38,111.961,0.3299824,1.157549,-0.4403666,0.2730846,0.7431772,0.4926994,0.3610535,
1,38,111.963,0.3299824,1.157549,-0.4403666,0.2730846,0.7431772,0.4926994,0.3610535,
1,38,111.965,0.3299824,1.157549,-0.4403666,0.2730846,0.7431772,0.4926994,0.3610535,
1,38,111.967,0.3299824,1.157549,-0.4403666,0.2730846,0.7431772,0.4926994,0.3610535,
1,38,111.969,0.330031,1.157467,-0.440261,0.2727344,0.7431173,0.4930343,0.3609846,
1,38,111.971,0.330031,1.157467,-0.440261,0.2727344,0.7431173,0.4930343,0.3609846,
1,38,111.973,0.330031,1.157467,-0.440261,0.2727344,0.7431173,0.4930343,0.3609846,
1,38,111.975,0.330031,1.157467,-0.440261,0.2727344,0.7431173,0.4930343,0.3609846,
1,38,111.977,0.3300748,1.157426,-0.4401833,0.2724377,0.7429969,0.4933949,0.3609636,
1,38,111.979,0.3300748,1.157426,-0.4401833,0.2724377,0.7429969,0.4933949,0.3609636,
1,38,111.981,0.3300748,1.157426,-0.4401833,0.2724377,0.7429969,0.4933949,0.3609636,
1,38,111.983,0.3300748,1.157426,-0.4401833,0.2724377,0.7429969,0.4933949,0.3609636,
1,38,111.985,0.3301326,1.157357,-0.4401301,0.272256,0.742745,0.4937186,0.3611768,
1,38,111.987,0.3301326,1.157357,-0.4401301,0.272256,0.742745,0.4937186,0.3611768,
1,38,111.989,0.3301326,1.157357,-0.4401301,0.272256,0.742745,0.4937186,0.3611768,
1,38,111.991,0.3301326,1.157357,-0.4401301,0.272256,0.742745,0.4937186,0.3611768,
1,38,111.993,0.3302721,1.157357,-0.4401227,0.2721363,0.7423933,0.4941041,0.3614627,
1,38,111.995,0.3302721,1.157357,-0.4401227,0.2721363,0.7423933,0.4941041,0.3614627,
1,38,111.997,0.3302721,1.157357,-0.4401227,0.2721363,0.7423933,0.4941041,0.3614627,
1,38,111.999,0.3302721,1.157357,-0.4401227,0.2721363,0.7423933,0.4941041,0.3614627,
1,38,112.001,0.3303103,1.157322,-0.4401455,0.2720863,0.7420782,0.4944391,0.3616891,
1,38,112.003,0.3303103,1.157322,-0.4401455,0.2720863,0.7420782,0.4944391,0.3616891,
1,38,112.005,0.3303103,1.157322,-0.4401455,0.2720863,0.7420782,0.4944391,0.3616891,
1,38,112.007,0.3303103,1.157322,-0.4401455,0.2720863,0.7420782,0.4944391,0.3616891,
1,38,112.009,0.3303404,1.15734,-0.4402101,0.2721633,0.7416846,0.4947879,0.3619617,
1,38,112.011,0.3303404,1.15734,-0.4402101,0.2721633,0.7416846,0.4947879,0.3619617,
1,38,112.013,0.3303404,1.15734,-0.4402101,0.2721633,0.7416846,0.4947879,0.3619617,
1,38,112.015,0.3303404,1.15734,-0.4402101,0.2721633,0.7416846,0.4947879,0.3619617,
1,38,112.017,0.3303404,1.15734,-0.4402101,0.2721633,0.7416846,0.4947879,0.3619617,
1,38,112.019,0.3302138,1.157327,-0.4402582,0.2723867,0.7412729,0.4950285,0.3623075,
1,38,112.021,0.3302138,1.157327,-0.4402582,0.2723867,0.7412729,0.4950285,0.3623075,
1,38,112.023,0.3302138,1.157327,-0.4402582,0.2723867,0.7412729,0.4950285,0.3623075,
1,38,112.025,0.3302138,1.157327,-0.4402582,0.2723867,0.7412729,0.4950285,0.3623075,
1,38,112.027,0.3301947,1.157294,-0.4402801,0.2725399,0.7408791,0.4952628,0.3626777,
1,38,112.029,0.3301947,1.157294,-0.4402801,0.2725399,0.7408791,0.4952628,0.3626777,
1,38,112.031,0.3301947,1.157294,-0.4402801,0.2725399,0.7408791,0.4952628,0.3626777,
1,38,112.033,0.3301947,1.157294,-0.4402801,0.2725399,0.7408791,0.4952628,0.3626777,
1,38,112.035,0.3302324,1.15736,-0.4403223,0.2727793,0.740387,0.4955412,0.363122,
1,38,112.037,0.3302324,1.15736,-0.4403223,0.2727793,0.740387,0.4955412,0.363122,
1,38,112.039,0.3302324,1.15736,-0.4403223,0.2727793,0.740387,0.4955412,0.363122,
1,38,112.041,0.3302324,1.15736,-0.4403223,0.2727793,0.740387,0.4955412,0.363122,
1,38,112.043,0.3302721,1.157399,-0.4402855,0.2728448,0.7401013,0.4957895,0.363316,
1,38,112.045,0.3302721,1.157399,-0.4402855,0.2728448,0.7401013,0.4957895,0.363316,
1,38,112.047,0.3302721,1.157399,-0.4402855,0.2728448,0.7401013,0.4957895,0.363316,
1,38,112.049,0.3302721,1.157399,-0.4402855,0.2728448,0.7401013,0.4957895,0.363316,
1,38,112.051,0.3303117,1.157516,-0.4402616,0.272943,0.739803,0.4960609,0.3634795,
1,38,112.053,0.3303117,1.157516,-0.4402616,0.272943,0.739803,0.4960609,0.3634795,
1,38,112.055,0.3303117,1.157516,-0.4402616,0.272943,0.739803,0.4960609,0.3634795,
1,38,112.057,0.3303117,1.157516,-0.4402616,0.272943,0.739803,0.4960609,0.3634795,
1,38,112.059,0.3303966,1.157622,-0.4402035,0.2730144,0.7395777,0.4962412,0.3636382,
1,38,112.061,0.3303966,1.157622,-0.4402035,0.2730144,0.7395777,0.4962412,0.3636382,
1,38,112.063,0.3303966,1.157622,-0.4402035,0.2730144,0.7395777,0.4962412,0.3636382,
1,38,112.065,0.3303966,1.157622,-0.4402035,0.2730144,0.7395777,0.4962412,0.3636382,
1,38,112.067,0.3303966,1.157622,-0.4402035,0.2730144,0.7395777,0.4962412,0.3636382,
1,38,112.069,0.3304224,1.157673,-0.4401177,0.2731512,0.7394537,0.4962424,0.3637857,
1,38,112.071,0.3304224,1.157673,-0.4401177,0.2731512,0.7394537,0.4962424,0.3637857,
1,38,112.073,0.3304224,1.157673,-0.4401177,0.2731512,0.7394537,0.4962424,0.3637857,
1,38,112.075,0.3304224,1.157673,-0.4401177,0.2731512,0.7394537,0.4962424,0.3637857,
1,38,112.077,0.3304518,1.157762,-0.4400721,0.2733864,0.7393019,0.4961632,0.364026,
1,38,112.079,0.3304518,1.157762,-0.4400721,0.2733864,0.7393019,0.4961632,0.364026,
1,38,112.081,0.3304518,1.157762,-0.4400721,0.2733864,0.7393019,0.4961632,0.364026,
1,38,112.083,0.3304518,1.157762,-0.4400721,0.2733864,0.7393019,0.4961632,0.364026,
1,38,112.085,0.3302705,1.15776,-0.4399872,0.2736782,0.7394018,0.4958712,0.3640013,
1,38,112.087,0.3302705,1.15776,-0.4399872,0.2736782,0.7394018,0.4958712,0.3640013,
1,38,112.089,0.3302705,1.15776,-0.4399872,0.2736782,0.7394018,0.4958712,0.3640013,
1,38,112.091,0.3302705,1.15776,-0.4399872,0.2736782,0.7394018,0.4958712,0.3640013,
1,38,112.093,0.3303827,1.157889,-0.4399622,0.2737634,0.73936,0.4957958,0.3641248,
1,38,112.095,0.3303827,1.157889,-0.4399622,0.2737634,0.73936,0.4957958,0.3641248,
1,38,112.097,0.3303827,1.157889,-0.4399622,0.2737634,0.73936,0.4957958,0.3641248,
1,38,112.099,0.3303827,1.157889,-0.4399622,0.2737634,0.73936,0.4957958,0.3641248,
1,38,112.101,0.3303002,1.157842,-0.4398928,0.2740132,0.7394886,0.495352,0.36428,
1,38,112.103,0.3303002,1.157842,-0.4398928,0.2740132,0.7394886,0.495352,0.36428,
1,38,112.105,0.3303002,1.157842,-0.4398928,0.2740132,0.7394886,0.495352,0.36428,
1,38,112.107,0.3303002,1.157842,-0.4398928,0.2740132,0.7394886,0.495352,0.36428,
1,38,112.109,0.330393,1.157953,-0.4398942,0.2740988,0.7395178,0.4952048,0.3643564,
1,38,112.111,0.330393,1.157953,-0.4398942,0.2740988,0.7395178,0.4952048,0.3643564,
1,38,112.113,0.330393,1.157953,-0.4398942,0.2740988,0.7395178,0.4952048,0.3643564,
1,38,112.115,0.330393,1.157953,-0.4398942,0.2740988,0.7395178,0.4952048,0.3643564,
1,38,112.117,0.330393,1.157953,-0.4398942,0.2740988,0.7395178,0.4952048,0.3643564,
1,38,112.119,0.3303805,1.157797,-0.4398557,0.2741938,0.7397153,0.4947888,0.3644491,
1,38,112.121,0.3303805,1.157797,-0.4398557,0.2741938,0.7397153,0.4947888,0.3644491,
1,38,112.123,0.3303805,1.157797,-0.4398557,0.2741938,0.7397153,0.4947888,0.3644491,
1,38,112.125,0.3303805,1.157797,-0.4398557,0.2741938,0.7397153,0.4947888,0.3644491,
1,38,112.127,0.3304421,1.157737,-0.4398807,0.2741971,0.7398354,0.4946023,0.3644559,
1,38,112.129,0.3304421,1.157737,-0.4398807,0.2741971,0.7398354,0.4946023,0.3644559,
1,38,112.131,0.3304421,1.157737,-0.4398807,0.2741971,0.7398354,0.4946023,0.3644559,
1,38,112.133,0.3304421,1.157737,-0.4398807,0.2741971,0.7398354,0.4946023,0.3644559,
1,38,112.135,0.3305118,1.157649,-0.439923,0.2741788,0.7398992,0.4944693,0.3645207,
1,38,112.137,0.3305118,1.157649,-0.439923,0.2741788,0.7398992,0.4944693,0.3645207,
1,38,112.139,0.3305118,1.157649,-0.439923,0.2741788,0.7398992,0.4944693,0.3645207,
1,38,112.141,0.3305118,1.157649,-0.439923,0.2741788,0.7398992,0.4944693,0.3645207,
1,38,112.143,0.3306138,1.157563,-0.4399932,0.2741179,0.7399089,0.4944577,0.3645623,
1,38,112.145,0.3306138,1.157563,-0.4399932,0.2741179,0.7399089,0.4944577,0.3645623,
1,38,112.147,0.3306138,1.157563,-0.4399932,0.2741179,0.7399089,0.4944577,0.3645623,
1,38,112.149,0.3306138,1.157563,-0.4399932,0.2741179,0.7399089,0.4944577,0.3645623,
1,38,112.151,0.3305238,1.157448,-0.4400453,0.2741201,0.7400169,0.494439,0.3643669,
1,38,112.153,0.3305238,1.157448,-0.4400453,0.2741201,0.7400169,0.494439,0.3643669,
1,38,112.155,0.3305238,1.157448,-0.4400453,0.2741201,0.7400169,0.494439,0.3643669,
1,38,112.157,0.3305238,1.157448,-0.4400453,0.2741201,0.7400169,0.494439,0.3643669,
1,38,112.159,0.3304713,1.157325,-0.440083,0.2740162,0.7401059,0.4945097,0.3641683,
1,38,112.161,0.3304713,1.157325,-0.440083,0.2740162,0.7401059,0.4945097,0.3641683,
1,38,112.163,0.3304713,1.157325,-0.440083,0.2740162,0.7401059,0.4945097,0.3641683,
1,38,112.165,0.3304713,1.157325,-0.440083,0.2740162,0.7401059,0.4945097,0.3641683,
1,38,112.167,0.3304713,1.157325,-0.440083,0.2740162,0.7401059,0.4945097,0.3641683,
1,38,112.169,0.3305331,1.157323,-0.4401388,0.2739296,0.7399493,0.494828,0.3641192,
1,38,112.171,0.3305331,1.157323,-0.4401388,0.2739296,0.7399493,0.494828,0.3641192,
1,38,112.173,0.3305331,1.157323,-0.4401388,0.2739296,0.7399493,0.494828,0.3641192,
1,38,112.175,0.3305331,1.157323,-0.4401388,0.2739296,0.7399493,0.494828,0.3641192,
1,38,112.177,0.3306378,1.157411,-0.4401326,0.2739764,0.7396669,0.4951023,0.364285,
1,38,112.179,0.3306378,1.157411,-0.4401326,0.2739764,0.7396669,0.4951023,0.364285,
1,38,112.181,0.3306378,1.157411,-0.4401326,0.2739764,0.7396669,0.4951023,0.364285,CourtEnter
1,38,112.183,0.3306378,1.157411,-0.4401326,0.2739764,0.7396669,0.4951023,0.364285,
1,38,112.185,0.3306551,1.157507,-0.4400548,0.274097,0.7394559,0.4953341,0.3643076,
1,38,112.187,0.3306551,1.157507,-0.4400548,0.274097,0.7394559,0.4953341,0.3643076,
1,38,112.189,0.3306551,1.157507,-0.4400548,0.274097,0.7394559,0.4953341,0.3643076,CourtExit
1,38,112.191,0.3306551,1.157507,-0.4400548,0.274097,0.7394559,0.4953341,0.3643076,
1,38,112.193,0.3307036,1.157634,-0.4399994,0.2741387,0.7393107,0.4955823,0.364233,
1,38,112.195,0.3307036,1.157634,-0.4399994,0.2741387,0.7393107,0.4955823,0.364233,
1,38,112.197,0.3307036,1.157634,-0.4399994,0.2741387,0.7393107,0.4955823,0.364233,
1,38,112.199,0.3307036,1.157634,-0.4399994,0.2741387,0.7393107,0.4955823,0.364233,
1,38,112.201,0.3306746,1.157706,-0.4399821,0.2742022,0.7392915,0.4956993,0.3640651,
1,38,112.203,0.3306746,1.157706,-0.4399821,0.2742022,0.7392915,0.4956993,0.3640651,
1,38,112.205,0.3306746,1.157706,-0.4399821,0.2742022,0.7392915,0.4956993,0.3640651,
1,38,112.207,0.3306746,1.157706,-0.4399821,0.2742022,0.7392915,0.4956993,0.3640651,
1,38,112.209,0.3306016,1.157751,-0.4399886,0.2743801,0.7393045,0.4956743,0.3639389,
1,38,112.211,0.3306016,1.157751,-0.4399886,0.2743801,0.7393045,0.4956743,0.3639389,
1,38,112.213,0.3306016,1.157751,-0.4399886,0.2743801,0.7393045,0.4956743,0.3639389,
1,38,112.215,0.3306016,1.157751,-0.4399886,0.2743801,0.7393045,0.4956743,0.3639389,
1,38,112.217,0.3306016,1.157751,-0.4399886,0.2743801,0.7393045,0.4956743,0.3639389,
1,38,112.219,0.3306025,1.157807,-0.4400676,0.2746027,0.739197,0.4955895,0.3641049,
1,38,112.221,0.3306025,1.157807,-0.4400676,0.2746027,0.739197,0.4955895,0.3641049,
1,38,112.223,0.3306025,1.157807,-0.4400676,0.2746027,0.739197,0.4955895,0.3641049,
1,38,112.225,0.3306025,1.157807,-0.4400676,0.2746027,0.739197,0.4955895,0.3641049,
1,38,112.227,0.3307751,1.157879,-0.4401768,0.2747381,0.7390972,0.4955443,0.3642665,
1,38,112.229,0.3307751,1.157879,-0.4401768,0.2747381,0.7390972,0.4955443,0.3642665,
1,38,112.231,0.3307751,1.157879,-0.4401768,0.2747381,0.7390972,0.4955443,0.3642665,
1,38,112.233,0.3307751,1.157879,-0.4401768,0.2747381,0.7390972,0.4955443,0.3642665,
1,38,112.235,0.3308368,1.157909,-0.440311,0.2748225,0.7391713,0.4954419,0.364192,
1,38,112.237,0.3308368,1.157909,-0.440311,0.2748225,0.7391713,0.4954419,0.364192,
1,38,112.239,0.3308368,1.157909,-0.440311,0.2748225,0.7391713,0.4954419,0.364192,
1,38,112.241,0.3308368,1.157909,-0.440311,0.2748225,0.7391713,0.4954419,0.364192,
1,38,112.243,0.3309401,1.157768,-0.4405419,0.2748247,0.7394785,0.4951309,0.3639895,
1,38,112.245,0.3309401,1.157768,-0.4405419,0.2748247,0.7394785,0.4951309,0.3639895,
1,38,112.247,0.3309401,1.157768,-0.4405419,0.2748247,0.7394785,0.4951309,0.3639895,
1,38,112.249,0.3309401,1.157768,-0.4405419,0.2748247,0.7394785,0.4951309,0.3639895,
1,38,112.251,0.3310579,1.157718,-0.4407037,0.2749306,0.7395368,0.494952,0.3640344,
1,38,112.253,0.3310579,1.157718,-0.4407037,0.2749306,0.7395368,0.494952,0.3640344,
1,38,112.255,0.3310579,1.157718,-0.4407037,0.2749306,0.7395368,0.494952,0.3640344,
1,38,112.257,0.3310579,1.157718,-0.4407037,0.2749306,0.7395368,0.494952,0.3640344,
1,38,112.259,0.3310903,1.157671,-0.4408562,0.2751452,0.7395362,0.4947642,0.3641289,
1,38,112.261,0.3310903,1.157671,-0.4408562,0.2751452,0.7395362,0.4947642,0.3641289,
1,38,112.263,0.3310903,1.157671,-0.4408562,0.2751452,0.7395362,0.4947642,0.3641289,
1,38,112.265,0.3310903,1.157671,-0.4408562,0.2751452,0.7395362,0.4947642,0.3641289,
1,38,112.267,0.3310903,1.157671,-0.4408562,0.2751452,0.7395362,0.4947642,0.3641289,
1,38,112.269,0.3311287,1.157655,-0.4409797,0.2753218,0.7395266,0.4946314,0.3641952,
1,38,112.271,0.3311287,1.157655,-0.4409797,0.2753218,0.7395266,0.4946314,0.3641952,
1,38,112.273,0.3311287,1.157655,-0.4409797,0.2753218,0.7395266,0.4946314,0.3641952,
1,38,112.275,0.3311287,1.157655,-0.4409797,0.2753218,0.7395266,0.4946314,0.3641952,
1,38,112.277,0.331159,1.157647,-0.4410928,0.2754281,0.7395953,0.4945622,0.3640692,
1,38,112.279,0.331159,1.157647,-0.4410928,0.2754281,0.7395953,0.4945622,0.3640692,
1,38,112.281,0.331159,1.157647,-0.4410928,0.2754281,0.7395953,0.4945622,0.3640692,
1,38,112.283,0.331159,1.157647,-0.4410928,0.2754281,0.7395953,0.4945622,0.3640692,
1,38,112.285,0.3311668,1.157629,-0.4411939,0.2755804,0.739549,0.4945178,0.3641084,
1,38,112.287,0.3311668,1.157629,-0.4411939,0.2755804,0.739549,0.4945178,0.3641084,
1,38,112.289,0.3311668,1.157629,-0.4411939,0.2755804,0.739549,0.4945178,0.3641084,
1,38,112.291,0.3311668,1.157629,-0.4411939,0.2755804,0.739549,0.4945178,0.3641084,
1,38,112.293,0.3310948,1.157595,-0.4412753,0.2757976,0.7395487,0.4944476,0.36404,
1,38,112.295,0.3310948,1.157595,-0.4412753,0.2757976,0.7395487,0.4944476,0.36404,
1,38,112.297,0.3310948,1.157595,-0.4412753,0.2757976,0.7395487,0.4944476,0.36404,
1,38,112.299,0.3310948,1.157595,-0.4412753,0.2757976,0.7395487,0.4944476,0.36404,
1,38,112.301,0.3311326,1.1576,-0.4413906,0.2759542,0.7394542,0.4944821,0.3640663,
1,38,112.303,0.3311326,1.1576,-0.4413906,0.2759542,0.7394542,0.4944821,0.3640663,
1,38,112.305,0.3311326,1.1576,-0.4413906,0.2759542,0.7394542,0.4944821,0.3640663,
1,38,112.307,0.3311326,1.1576,-0.4413906,0.2759542,0.7394542,0.4944821,0.3640663,
1,38,112.309,0.3312504,1.157685,-0.4415187,0.2760597,0.7392974,0.4946382,0.3640926,
1,38,112.311,0.3312504,1.157685,-0.4415187,0.2760597,0.7392974,0.4946382,0.3640926,
1,38,112.313,0.3312504,1.157685,-0.4415187,0.2760597,0.7392974,0.4946382,0.3640926,
1,38,112.315,0.3312504,1.157685,-0.4415187,0.2760597,0.7392974,0.4946382,0.3640926,
1,38,112.317,0.3312504,1.157685,-0.4415187,0.2760597,0.7392974,0.4946382,0.3640926,
1,38,112.319,0.3313283,1.157748,-0.441634,0.2762698,0.7390935,0.4947616,0.3641797,
1,38,112.321,0.3313283,1.157748,-0.441634,0.2762698,0.7390935,0.4947616,0.3641797,
1,38,112.323,0.3313283,1.157748,-0.441634,0.2762698,0.7390935,0.4947616,0.3641797,
1,38,112.325,0.3313283,1.157748,-0.441634,0.2762698,0.7390935,0.4947616,0.3641797,
1,38,112.327,0.3313093,1.157733,-0.4417315,0.2765305,0.7390317,0.4947697,0.3640963,
1,38,112.329,0.3313093,1.157733,-0.4417315,0.2765305,0.7390317,0.4947697,0.3640963,
1,38,112.331,0.3313093,1.157733,-0.4417315,0.2765305,0.7390317,0.4947697,0.3640963,
1,38,112.333,0.3313093,1.157733,-0.4417315,0.2765305,0.7390317,0.4947697,0.3640963,
1,38,112.335,0.331402,1.157759,-0.4418678,0.2768207,0.738825,0.4948502,0.3641858,
1,38,112.337,0.331402,1.157759,-0.4418678,0.2768207,0.738825,0.4948502,0.3641858,
1,38,112.339,0.331402,1.157759,-0.4418678,0.2768207,0.738825,0.4948502,0.3641858,
1,38,112.341,0.331402,1.157759,-0.4418678,0.2768207,0.738825,0.4948502,0.3641858,
1,38,112.343,0.3313006,1.157778,-0.442035,0.2773066,0.7386,0.4948456,0.3642789,
1,38,112.345,0.3313006,1.157778,-0.442035,0.2773066,0.7386,0.4948456,0.3642789,
1,38,112.347,0.3313006,1.157778,-0.442035,0.2773066,0.7386,0.4948456,0.3642789,
1,38,112.349,0.3313006,1.157778,-0.442035,0.2773066,0.7386,0.4948456,0.3642789,
1,38,112.351,0.3313415,1.157742,-0.4421512,0.2776373,0.738459,0.4948062,0.3643662,
1,38,112.353,0.3313415,1.157742,-0.4421512,0.2776373,0.738459,0.4948062,0.3643662,
1,38,112.355,0.3313415,1.157742,-0.4421512,0.2776373,0.738459,0.4948062,0.3643662,
1,38,112.357,0.3313415,1.157742,-0.4421512,0.2776373,0.738459,0.4948062,0.3643662,
1,38,112.359,0.3313904,1.157688,-0.4423061,0.2779509,0.7383385,0.4948401,0.3643253,
1,38,112.361,0.3313904,1.157688,-0.4423061,0.2779509,0.7383385,0.4948401,0.3643253,
1,38,112.363,0.3313904,1.157688,-0.4423061,0.2779509,0.7383385,0.4948401,0.3643253,
1,38,112.365,0.3313904,1.157688,-0.4423061,0.2779509,0.7383385,0.4948401,0.3643253,
1,38,112.367,0.3313904,1.157688,-0.4423061,0.2779509,0.7383385,0.4948401,0.3643253,
1,38,112.369,0.3314481,1.157658,-0.4424643,0.2782317,0.7381635,0.4949445,0.3643237,
1,38,112.371,0.3314481,1.157658,-0.4424643,0.2782317,0.7381635,0.4949445,0.3643237,
1,38,112.373,0.3314481,1.157658,-0.4424643,0.2782317,0.7381635,0.4949445,0.3643237,
1,38,112.375,0.3314481,1.157658,-0.4424643,0.2782317,0.7381635,0.4949445,0.3643237,
1,38,112.377,0.3315716,1.15767,-0.4426245,0.2783675,0.7381333,0.4951187,0.3640444,
1,38,112.379,0.3315716,1.15767,-0.4426245,0.2783675,0.7381333,0.4951187,0.3640444,
1,38,112.381,0.3315716,1.15767,-0.4426245,0.2783675,0.7381333,0.4951187,0.3640444,
1,38,112.383,0.3315716,1.15767,-0.4426245,0.2783675,0.7381333,0.4951187,0.3640444,
1,38,112.385,0.3317081,1.157691,-0.4427874,0.2784348,0.7381132,0.4953714,0.3636898,
1,38,112.387,0.3317081,1.157691,-0.4427874,0.2784348,0.7381132,0.4953714,0.3636898,
1,38,112.389,0.3317081,1.157691,-0.4427874,0.2784348,0.7381132,0.4953714,0.3636898,
1,38,112.391,0.3317081,1.157691,-0.4427874,0.2784348,0.7381132,0.4953714,0.3636898,
1,38,112.393,0.3321545,1.157778,-0.4431611,0.2785784,0.7379938,0.4957238,0.3633416,
1,38,112.395,0.3321545,1.157778,-0.4431611,0.2785784,0.7379938,0.4957238,0.3633416,
1,38,112.397,0.3321545,1.157778,-0.4431611,0.2785784,0.7379938,0.4957238,0.3633416,
1,38,112.399,0.3321545,1.157778,-0.4431611,0.2785784,0.7379938,0.4957238,0.3633416,
1,38,112.401,0.3323472,1.157758,-0.4433412,0.2788634,0.7378839,0.4957787,0.3632714,
1,38,112.403,0.3323472,1.157758,-0.4433412,0.2788634,0.7378839,0.4957787,0.3632714,
1,38,112.405,0.3323472,1.157758,-0.4433412,0.2788634,0.7378839,0.4957787,0.3632714,
1,38,112.407,0.3323472,1.157758,-0.4433412,0.2788634,0.7378839,0.4957787,0.3632714,
1,38,112.409,0.3326465,1.15778,-0.4435894,0.2792584,0.7375354,0.4958514,0.3635764,
1,38,112.411,0.3326465,1.15778,-0.4435894,0.2792584,0.7375354,0.4958514,0.3635764,
1,38,112.413,0.3326465,1.15778,-0.4435894,0.2792584,0.7375354,0.4958514,0.3635764,
1,38,112.415,0.3326465,1.15778,-0.4435894,0.2792584,0.7375354,0.4958514,0.3635764,
1,38,112.417,0.3326465,1.15778,-0.4435894,0.2792584,0.7375354,0.4958514,0.3635764,
1,38,112.419,0.3327333,1.157757,-0.4437764,0.2796992,0.7373682,0.4957954,0.3636529,
1,38,112.421,0.3327333,1.157757,-0.4437764,0.2796992,0.7373682,0.4957954,0.3636529,
1,38,112.423,0.3327333,1.157757,-0.4437764,0.2796992,0.7373682,0.4957954,0.3636529,
1,38,112.425,0.3327333,1.157757,-0.4437764,0.2796992,0.7373682,0.4957954,0.3636529,
1,38,112.427,0.3321513,1.157784,-0.4438467,0.2805202,0.7373374,0.495621,0.3633205,
1,38,112.429,0.3321513,1.157784,-0.4438467,0.2805202,0.7373374,0.495621,0.3633205,
1,38,112.431,0.3321513,1.157784,-0.4438467,0.2805202,0.7373374,0.495621,0.3633205,
1,38,112.433,0.3321513,1.157784,-0.4438467,0.2805202,0.7373374,0.495621,0.3633205,
1,38,112.435,0.3320692,1.157779,-0.4439052,0.2809233,0.737273,0.4956155,0.3631471,
1,38,112.437,0.3320692,1.157779,-0.4439052,0.2809233,0.737273,0.4956155,0.3631471,
1,38,112.439,0.3320692,1.157779,-0.4439052,0.2809233,0.737273,0.4956155,0.3631471,
1,38,112.441,0.3320692,1.157779,-0.4439052,0.2809233,0.737273,0.4956155,0.3631471,
1,38,112.443,0.3322117,1.157702,-0.4439774,0.281136,0.7371657,0.4956645,0.3631335,
1,38,112.445,0.3322117,1.157702,-0.4439774,0.281136,0.7371657,0.4956645,0.3631335,
1,38,112.447,0.3322117,1.157702,-0.4439774,0.281136,0.7371657,0.4956645,0.3631335,
1,38,112.449,0.3322117,1.157702,-0.4439774,0.281136,0.7371657,0.4956645,0.3631335,
1,38,112.451,0.3321442,1.157727,-0.4440754,0.2815744,0.7370155,0.4956768,0.3630821,
1,38,112.453,0.3321442,1.157727,-0.4440754,0.2815744,0.7370155,0.4956768,0.3630821,
1,38,112.455,0.3321442,1.157727,-0.4440754,0.2815744,0.7370155,0.4956768,0.3630821,
1,38,112.457,0.3321442,1.157727,-0.4440754,0.2815744,0.7370155,0.4956768,0.3630821,
1,38,112.459,0.3320187,1.157956,-0.4441896,0.2822539,0.7366146,0.4957525,0.3632647,
1,38,112.461,0.3320187,1.157956,-0.4441896,0.2822539,0.7366146,0.4957525,0.3632647,
1,38,112.463,0.3320187,1.157956,-0.4441896,0.2822539,0.7366146,0.4957525,0.3632647,
1,38,112.465,0.3320187,1.157956,-0.4441896,0.2822539,0.7366146,0.4957525,0.3632647,
1,38,112.467,0.3320187,1.157956,-0.4441896,0.2822539,0.7366146,0.4957525,0.3632647,
1,38,112.469,0.3320683,1.157916,-0.4442383,0.2826433,0.736353,0.4958276,0.3633898,
1,38,112.471,0.3320683,1.157916,-0.4442383,0.2826433,0.736353,0.4958276,0.3633898,
1,38,112.473,0.3320683,1.157916,-0.4442383,0.2826433,0.736353,0.4958276,0.3633898,
1,38,112.475,0.3320683,1.157916,-0.4442383,0.2826433,0.736353,0.4958276,0.3633898,
1,38,112.477,0.3320199,1.157993,-0.4443384,0.2828851,0.7361765,0.4960046,0.3633175,
1,38,112.479,0.3320199,1.157993,-0.4443384,0.2828851,0.7361765,0.4960046,0.3633175,
1,38,112.481,0.3320199,1.157993,-0.4443384,0.2828851,0.7361765,0.4960046,0.3633175,
1,38,112.483,0.3320199,1.157993,-0.4443384,0.2828851,0.7361765,0.4960046,0.3633175,
1,38,112.485,0.3319768,1.158079,-0.4444373,0.2830323,0.7360719,0.4961822,0.3631723,
1,38,112.487,0.3319768,1.158079,-0.4444373,0.2830323,0.7360719,0.4961822,0.3631723,
1,38,112.489,0.3319768,1.158079,-0.4444373,0.2830323,0.7360719,0.4961822,0.3631723,
1,38,112.491,0.3319768,1.158079,-0.4444373,0.2830323,0.7360719,0.4961822,0.3631723,
1,38,112.493,0.3320061,1.158188,-0.4445384,0.2830516,0.7359321,0.4963938,0.3631516,
1,38,112.495,0.3320061,1.158188,-0.4445384,0.2830516,0.7359321,0.4963938,0.3631516,
1,38,112.497,0.3320061,1.158188,-0.4445384,0.2830516,0.7359321,0.4963938,0.3631516,
1,38,112.499,0.3320061,1.158188,-0.4445384,0.2830516,0.7359321,0.4963938,0.3631516,
1,38,112.501,0.3321003,1.158341,-0.4446247,0.283113,0.7357208,0.4965506,0.3633176,
1,38,112.503,0.3321003,1.158341,-0.4446247,0.283113,0.7357208,0.4965506,0.3633176,
1,38,112.505,0.3321003,1.158341,-0.4446247,0.283113,0.7357208,0.4965506,0.3633176,
1,38,112.507,0.3321003,1.158341,-0.4446247,0.283113,0.7357208,0.4965506,0.3633176,
1,38,112.509,0.3321023,1.158349,-0.4446538,0.2831347,0.7356592,0.4965857,0.3633772,
1,38,112.511,0.3321023,1.158349,-0.4446538,0.2831347,0.7356592,0.4965857,0.3633772,
1,38,112.513,0.3321023,1.158349,-0.4446538,0.2831347,0.7356592,0.4965857,0.3633772,
1,38,112.515,0.3321023,1.158349,-0.4446538,0.2831347,0.7356592,0.4965857,0.3633772,
1,38,112.517,0.3321023,1.158349,-0.4446538,0.2831347,0.7356592,0.4965857,0.3633772,
1,38,112.519,0.3321512,1.158492,-0.4447607,0.2830419,0.7356137,0.4967168,0.3633624,
1,38,112.521,0.3321512,1.158492,-0.4447607,0.2830419,0.7356137,0.4967168,0.3633624,
1,38,112.523,0.3321512,1.158492,-0.4447607,0.2830419,0.7356137,0.4967168,0.3633624,
1,38,112.525,0.3321512,1.158492,-0.4447607,0.2830419,0.7356137,0.4967168,0.3633624,
1,38,112.527,0.3320922,1.158644,-0.4448829,0.2829524,0.7356731,0.4968133,0.3631797,
1,38,112.529,0.3320922,1.158644,-0.4448829,0.2829524,0.7356731,0.4968133,0.3631797,
1,38,112.531,0.3320922,1.158644,-0.4448829,0.2829524,0.7356731,0.4968133,0.3631797,
1,38,112.533,0.3320922,1.158644,-0.4448829,0.2829524,0.7356731,0.4968133,0.3631797,
1,38,112.535,0.3321753,1.158788,-0.4450506,0.2827415,0.735714,0.4969096,0.3631295,
1,38,112.537,0.3321753,1.158788,-0.4450506,0.2827415,0.735714,0.4969096,0.3631295,
1,38,112.539,0.3321753,1.158788,-0.4450506,0.2827415,0.735714,0.4969096,0.3631295,
1,38,112.541,0.3321753,1.158788,-0.4450506,0.2827415,0.735714,0.4969096,0.3631295,
1,38,112.543,0.332654,1.1589,-0.4453295,0.2822509,0.7356496,0.4969361,0.3636052,
1,38,112.545,0.332654,1.1589,-0.4453295,0.2822509,0.7356496,0.4969361,0.3636052,
1,38,112.547,0.332654,1.1589,-0.4453295,0.2822509,0.7356496,0.4969361,0.3636052,
1,38,112.549,0.332654,1.1589,-0.4453295,0.2822509,0.7356496,0.4969361,0.3636052,
1,38,112.551,0.3327793,1.158916,-0.4454544,0.2819694,0.7357784,0.4968652,0.3636599,
1,38,112.553,0.3327793,1.158916,-0.4454544,0.2819694,0.7357784,0.4968652,0.3636599,
1,38,112.555,0.3327793,1.158916,-0.4454544,0.2819694,0.7357784,0.4968652,0.3636599,
1,38,112.557,0.3327793,1.158916,-0.4454544,0.2819694,0.7357784,0.4968652,0.3636599,
1,38,112.559,0.3328215,1.159026,-0.4456019,0.2818651,0.7357841,0.4968512,0.3637483,
1,38,112.561,0.3328215,1.159026,-0.4456019,0.2818651,0.7357841,0.4968512,0.3637483,
1,38,112.563,0.3328215,1.159026,-0.4456019,0.2818651,0.7357841,0.4968512,0.3637483,
1,38,112.565,0.3328215,1.159026,-0.4456019,0.2818651,0.7357841,0.4968512,0.3637483,
1,38,112.567,0.3328215,1.159026,-0.4456019,0.2818651,0.7357841,0.4968512,0.3637483,
1,38,112.569,0.3329309,1.159036,-0.4457342,0.2815835,0.7359367,0.4967932,0.3637368,
1,38,112.571,0.3329309,1.159036,-0.4457342,0.2815835,0.7359367,0.4967932,0.3637368,
1,38,112.573,0.3329309,1.159036,-0.4457342,0.2815835,0.7359367,0.4967932,0.3637368,
1,38,112.575,0.3329309,1.159036,-0.4457342,0.2815835,0.7359367,0.4967932,0.3637368,
1,38,112.577,0.3329644,1.159035,-0.4458778,0.2814428,0.7359974,0.4967386,0.3637974,
1,38,112.579,0.3329644,1.159035,-0.4458778,0.2814428,0.7359974,0.4967386,0.3637974,
1,38,112.581,0.3329644,1.159035,-0.4458778,0.2814428,0.7359974,0.4967386,0.3637974,
1,38,112.583,0.3329644,1.159035,-0.4458778,0.2814428,0.7359974,0.4967386,0.3637974,
1,38,112.585,0.3331033,1.159075,-0.4460509,0.2813807,0.7358996,0.4967074,0.3640859,
1,38,112.587,0.3331033,1.159075,-0.4460509,0.2813807,0.7358996,0.4967074,0.3640859,
1,38,112.589,0.3331033,1.159075,-0.4460509,0.2813807,0.7358996,0.4967074,0.3640859,
1,38,112.591,0.3331033,1.159075,-0.4460509,0.2813807,0.7358996,0.4967074,0.3640859,
1,38,112.593,0.33329,1.159127,-0.4462214,0.2812478,0.7358543,0.4967449,0.3642287,
1,38,112.595,0.33329,1.159127,-0.4462214,0.2812478,0.7358543,0.4967449,0.3642287,
1,38,112.597,0.33329,1.159127,-0.4462214,0.2812478,0.7358543,0.4967449,0.3642287,
1,38,112.599,0.33329,1.159127,-0.4462214,0.2812478,0.7358543,0.4967449,0.3642287,
1,38,112.601,0.3334501,1.159181,-0.4463747,0.2810934,0.735818,0.496839,0.3642929,
1,38,112.603,0.3334501,1.159181,-0.4463747,0.2810934,0.735818,0.496839,0.3642929,
1,38,112.605,0.3334501,1.159181,-0.4463747,0.2810934,0.735818,0.496839,0.3642929,
1,38,112.607,0.3334501,1.159181,-0.4463747,0.2810934,0.735818,0.496839,0.3642929,
1,38,112.609,0.3335482,1.159251,-0.446487,0.2808987,0.735865,0.4969453,0.3642032,
1,38,112.611,0.3335482,1.159251,-0.446487,0.2808987,0.735865,0.4969453,0.3642032,
1,38,112.613,0.3335482,1.159251,-0.446487,0.2808987,0.735865,0.4969453,0.3642032,
1,38,112.615,0.3335482,1.159251,-0.446487,0.2808987,0.735865,0.4969453,0.3642032,
1,38,112.617,0.3335482,1.159251,-0.446487,0.2808987,0.735865,0.4969453,0.3642032,
1,38,112.619,0.3336306,1.159307,-0.4465721,0.2807618,0.7359036,0.4970114,0.3641405,
1,38,112.621,0.3336306,1.159307,-0.4465721,0.2807618,0.7359036,0.4970114,0.3641405,
1,38,112.623,0.3336306,1.159307,-0.4465721,0.2807618,0.7359036,0.4970114,0.3641405,
1,38,112.625,0.3336306,1.159307,-0.4465721,0.2807618,0.7359036,0.4970114,0.3641405,
1,38,112.627,0.3335787,1.159315,-0.4466847,0.2807797,0.735963,0.496949,0.3640919,
1,38,112.629,0.3335787,1.159315,-0.4466847,0.2807797,0.735963,0.496949,0.3640919,
1,38,112.631,0.3335787,1.159315,-0.4466847,0.2807797,0.735963,0.496949,0.3640919,
1,38,112.633,0.3335787,1.159315,-0.4466847,0.2807797,0.735963,0.496949,0.3640919,
1,38,112.635,0.3336059,1.159311,-0.4468055,0.2807876,0.7358992,0.4968704,0.3643221,
1,38,112.637,0.3336059,1.159311,-0.4468055,0.2807876,0.7358992,0.4968704,0.3643221,
1,38,112.639,0.3336059,1.159311,-0.4468055,0.2807876,0.7358992,0.4968704,0.3643221,
1,38,112.641,0.3336059,1.159311,-0.4468055,0.2807876,0.7358992,0.4968704,0.3643221,
1,38,112.643,0.3337751,1.159311,-0.4469996,0.2807869,0.735738,0.4968369,0.3646935,
1,38,112.645,0.3337751,1.159311,-0.4469996,0.2807869,0.735738,0.4968369,0.3646935,
1,38,112.647,0.3337751,1.159311,-0.4469996,0.2807869,0.735738,0.4968369,0.3646935,
1,38,112.649,0.3337751,1.159311,-0.4469996,0.2807869,0.735738,0.4968369,0.3646935,
1,38,112.651,0.3337915,1.159236,-0.4471739,0.2808344,0.7357276,0.4967331,0.3648195,
1,38,112.653,0.3337915,1.159236,-0.4471739,0.2808344,0.7357276,0.4967331,0.3648195,
1,38,112.655,0.3337915,1.159236,-0.4471739,0.2808344,0.7357276,0.4967331,0.3648195,
1,38,112.657,0.3337915,1.159236,-0.4471739,0.2808344,0.7357276,0.4967331,0.3648195,
1,38,112.659,0.333779,1.159084,-0.4473822,0.2808856,0.7357421,0.4966552,0.3648567,
1,38,112.661,0.333779,1.159084,-0.4473822,0.2808856,0.7357421,0.4966552,0.3648567,
1,38,112.663,0.333779,1.159084,-0.4473822,0.2808856,0.7357421,0.4966552,0.3648567,
1,38,112.665,0.333779,1.159084,-0.4473822,0.2808856,0.7357421,0.4966552,0.3648567,
1,38,112.667,0.333779,1.159084,-0.4473822,0.2808856,0.7357421,0.4966552,0.3648567,
1,38,112.669,0.3339087,1.158978,-0.447707,0.2808187,0.7356097,0.4967415,0.3650578,
1,38,112.671,0.3339087,1.158978,-0.447707,0.2808187,0.7356097,0.4967415,0.3650578,
1,38,112.673,0.3339087,1.158978,-0.447707,0.2808187,0.7356097,0.4967415,0.3650578,
1,38,112.675,0.3339087,1.158978,-0.447707,0.2808187,0.7356097,0.4967415,0.3650578,
1,38,112.677,0.3339866,1.158934,-0.4480031,0.2808573,0.7353747,0.496884,0.3653075,
1,38,112.679,0.3339866,1.158934,-0.4480031,0.2808573,0.7353747,0.496884,0.3653075,
1,38,112.681,0.3339866,1.158934,-0.4480031,0.2808573,0.7353747,0.496884,0.3653075,
1,38,112.683,0.3339866,1.158934,-0.4480031,0.2808573,0.7353747,0.496884,0.3653075,
1,38,112.685,0.3339816,1.158873,-0.4481429,0.280928,0.7352347,0.4969749,0.365411,
1,38,112.687,0.3339816,1.158873,-0.4481429,0.280928,0.7352347,0.4969749,0.365411,
1,38,112.689,0.3339816,1.158873,-0.4481429,0.280928,0.7352347,0.4969749,0.365411,
1,38,112.691,0.3339816,1.158873,-0.4481429,0.280928,0.7352347,0.4969749,0.365411,
1,38,112.693,0.3339947,1.158856,-0.4482813,0.2809863,0.7350795,0.4971406,0.3654532,
1,38,112.695,0.3339947,1.158856,-0.4482813,0.2809863,0.7350795,0.4971406,0.3654532,
1,38,112.697,0.3339947,1.158856,-0.4482813,0.2809863,0.7350795,0.4971406,0.3654532,
1,38,112.699,0.3339947,1.158856,-0.4482813,0.2809863,0.7350795,0.4971406,0.3654532,
1,38,112.701,0.3341297,1.158963,-0.4484851,0.2809232,0.7348689,0.4976487,0.3652337,
1,38,112.703,0.3341297,1.158963,-0.4484851,0.2809232,0.7348689,0.4976487,0.3652337,
1,38,112.705,0.3341297,1.158963,-0.4484851,0.2809232,0.7348689,0.4976487,0.3652337,
1,38,112.707,0.3341297,1.158963,-0.4484851,0.2809232,0.7348689,0.4976487,0.3652337,
1,38,112.709,0.3342522,1.159103,-0.4486847,0.2808592,0.7347626,0.498008,0.365007,
1,38,112.711,0.3342522,1.159103,-0.4486847,0.2808592,0.7347626,0.498008,0.365007,
1,38,112.713,0.3342522,1.159103,-0.4486847,0.2808592,0.7347626,0.498008,0.365007,
1,38,112.715,0.3342522,1.159103,-0.4486847,0.2808592,0.7347626,0.498008,0.365007,
1,38,112.717,0.3342522,1.159103,-0.4486847,0.2808592,0.7347626,0.498008,0.365007,
1,38,112.719,0.3343798,1.159202,-0.448897,0.2809434,0.7345986,0.4982052,0.3650032,
1,38,112.721,0.3343798,1.159202,-0.448897,0.2809434,0.7345986,0.4982052,0.3650032,
1,38,112.723,0.3343798,1.159202,-0.448897,0.2809434,0.7345986,0.4982052,0.3650032,
1,38,112.725,0.3343798,1.159202,-0.448897,0.2809434,0.7345986,0.4982052,0.3650032,
1,38,112.727,0.3344097,1.159214,-0.4490578,0.2812202,0.7344432,0.4981685,0.365153,
1,38,112.729,0.3344097,1.159214,-0.4490578,0.2812202,0.7344432,0.4981685,0.365153,
1,38,112.731,0.3344097,1.159214,-0.4490578,0.2812202,0.7344432,0.4981685,0.365153,
1,38,112.733,0.3344097,1.159214,-0.4490578,0.2812202,0.7344432,0.4981685,0.365153,
1,38,112.735,0.3343536,1.159214,-0.4492581,0.2815963,0.7343549,0.4980305,0.365229,
1,38,112.737,0.3343536,1.159214,-0.4492581,0.2815963,0.7343549,0.4980305,0.365229,
1,38,112.739,0.3343536,1.159214,-0.4492581,0.2815963,0.7343549,0.4980305,0.365229,
1,38,112.741,0.3343536,1.159214,-0.4492581,0.2815963,0.7343549,0.4980305,0.365229,
1,38,112.743,0.3344225,1.159294,-0.4495346,0.281771,0.7342753,0.4980611,0.3652124,
1,38,112.745,0.3344225,1.159294,-0.4495346,0.281771,0.7342753,0.4980611,0.3652124,
1,38,112.747,0.3344225,1.159294,-0.4495346,0.281771,0.7342753,0.4980611,0.3652124,
1,38,112.749,0.3344225,1.159294,-0.4495346,0.281771,0.7342753,0.4980611,0.3652124,
1,38,112.751,0.3345075,1.159319,-0.449797,0.2818257,0.7343626,0.4980588,0.3649977,
1,38,112.753,0.3345075,1.159319,-0.449797,0.2818257,0.7343626,0.4980588,0.3649977,
1,38,112.755,0.3345075,1.159319,-0.449797,0.2818257,0.7343626,0.4980588,0.3649977,
1,38,112.757,0.3345075,1.159319,-0.449797,0.2818257,0.7343626,0.4980588,0.3649977,
1,38,112.759,0.3346175,1.159329,-0.4500704,0.2818648,0.7344639,0.4980207,0.3648156,
1,38,112.761,0.3346175,1.159329,-0.4500704,0.2818648,0.7344639,0.4980207,0.3648156,
1,38,112.763,0.3346175,1.159329,-0.4500704,0.2818648,0.7344639,0.4980207,0.3648156,
1,38,112.765,0.3346175,1.159329,-0.4500704,0.2818648,0.7344639,0.4980207,0.3648156,
1,38,112.767,0.3346175,1.159329,-0.4500704,0.2818648,0.7344639,0.4980207,0.3648156,
1,38,112.769,0.3347109,1.159267,-0.450317,0.2819341,0.7345914,0.4979054,0.3646627,
1,38,112.771,0.3347109,1.159267,-0.450317,0.2819341,0.7345914,0.4979054,0.3646627,
1,38,112.773,0.3347109,1.159267,-0.450317,0.2819341,0.7345914,0.4979054,0.3646627,
1,38,112.775,0.3347109,1.159267,-0.450317,0.2819341,0.7345914,0.4979054,0.3646627,
1,38,112.777,0.3348829,1.15929,-0.4506669,0.2820483,0.7348342,0.4977818,0.3642539,
1,38,112.779,0.3348829,1.15929,-0.4506669,0.2820483,0.7348342,0.4977818,0.3642539,
1,38,112.781,0.3348829,1.15929,-0.4506669,0.2820483,0.7348342,0.4977818,0.3642539,
1,38,112.783,0.3348829,1.15929,-0.4506669,0.2820483,0.7348342,0.4977818,0.3642539,
1,38,112.785,0.3350435,1.159335,-0.4508981,0.2821222,0.7349725,0.4976852,0.3640496,
1,38,112.787,0.3350435,1.159335,-0.4508981,0.2821222,0.7349725,0.4976852,0.3640496,
1,38,112.789,0.3350435,1.159335,-0.4508981,0.2821222,0.7349725,0.4976852,0.3640496,
1,38,112.791,0.3350435,1.159335,-0.4508981,0.2821222,0.7349725,0.4976852,0.3640496,
1,38,112.793,0.3351917,1.159408,-0.4511288,0.2823649,0.7350062,0.4975175,0.3640224,
1,38,112.795,0.3351917,1.159408,-0.4511288,0.2823649,0.7350062,0.4975175,0.3640224,
1,38,112.797,0.3351917,1.159408,-0.4511288,0.2823649,0.7350062,0.4975175,0.3640224,
1,38,112.799,0.3351917,1.159408,-0.4511288,0.2823649,0.7350062,0.4975175,0.3640224,
1,38,112.801,0.3354233,1.159483,-0.4513626,0.2825356,0.7350128,0.4974151,0.3640169,
1,38,112.803,0.3354233,1.159483,-0.4513626,0.2825356,0.7350128,0.4974151,0.3640169,
1,38,112.805,0.3354233,1.159483,-0.4513626,0.2825356,0.7350128,0.4974151,0.3640169,
1,38,112.807,0.3354233,1.159483,-0.4513626,0.2825356,0.7350128,0.4974151,0.3640169,
1,38,112.809,0.3354854,1.159586,-0.4516131,0.2828768,0.7350106,0.4972232,0.3640182,
1,38,112.811,0.3354854,1.159586,-0.4516131,0.2828768,0.7350106,0.4972232,0.3640182,
1,38,112.813,0.3354854,1.159586,-0.4516131,0.2828768,0.7350106,0.4972232,0.3640182,
1,38,112.815,0.3354854,1.159586,-0.4516131,0.2828768,0.7350106,0.4972232,0.3640182,
1,38,112.817,0.3354854,1.159586,-0.4516131,0.2828768,0.7350106,0.4972232,0.3640182,
1,38,112.819,0.33537,1.159499,-0.451777,0.2832487,0.7352115,0.4968082,0.3638901,
1,38,112.821,0.33537,1.159499,-0.451777,0.2832487,0.7352115,0.4968082,0.3638901,
1,38,112.823,0.33537,1.159499,-0.451777,0.2832487,0.7352115,0.4968082,0.3638901,
1,38,112.825,0.33537,1.159499,-0.451777,0.2832487,0.7352115,0.4968082,0.3638901,
1,38,112.827,0.3353021,1.159371,-0.4519069,0.283646,0.7353214,0.4963302,0.3640106,
1,38,112.829,0.3353021,1.159371,-0.4519069,0.283646,0.7353214,0.4963302,0.3640106,
1,38,112.831,0.3353021,1.159371,-0.4519069,0.283646,0.7353214,0.4963302,0.3640106,
1,38,112.833,0.3353021,1.159371,-0.4519069,0.283646,0.7353214,0.4963302,0.3640106,
1,38,112.835,0.3353617,1.159306,-0.452073,0.2840077,0.735273,0.4960116,0.3642607,
1,38,112.837,0.3353617,1.159306,-0.452073,0.2840077,0.735273,0.4960116,0.3642607,
1,38,112.839,0.3353617,1.159306,-0.452073,0.2840077,0.735273,0.4960116,0.3642607,
1,38,112.841,0.3353617,1.159306,-0.452073,0.2840077,0.735273,0.4960116,0.3642607,
1,38,112.843,0.3354614,1.159176,-0.4522469,0.2841451,0.7353334,0.4957891,0.3643343,
1,38,112.845,0.3354614,1.159176,-0.4522469,0.2841451,0.7353334,0.4957891,0.3643343,
1,38,112.847,0.3354614,1.159176,-0.4522469,0.2841451,0.7353334,0.4957891,0.3643343,
1,38,112.849,0.3354614,1.159176,-0.4522469,0.2841451,0.7353334,0.4957891,0.3643343,
1,38,112.851,0.3354551,1.159097,-0.4524186,0.2842606,0.7354798,0.4956362,0.3641568,
1,38,112.853,0.3354551,1.159097,-0.4524186,0.2842606,0.7354798,0.4956362,0.3641568,
1,38,112.855,0.3354551,1.159097,-0.4524186,0.2842606,0.7354798,0.4956362,0.3641568,
1,38,112.857,0.3354551,1.159097,-0.4524186,0.2842606,0.7354798,0.4956362,0.3641568,
1,38,112.859,0.3355367,1.159049,-0.4526492,0.2842754,0.7355611,0.4956724,0.3639318,
1,38,112.861,0.3355367,1.159049,-0.4526492,0.2842754,0.7355611,0.4956724,0.3639318,
1,38,112.863,0.3355367,1.159049,-0.4526492,0.2842754,0.7355611,0.4956724,0.3639318,
1,38,112.865,0.3355367,1.159049,-0.4526492,0.2842754,0.7355611,0.4956724,0.3639318,
1,38,112.867,0.3355367,1.159049,-0.4526492,0.2842754,0.7355611,0.4956724,0.3639318,
1,38,112.869,0.335459,1.158957,-0.4527467,0.2840775,0.7360699,0.4957234,0.3629868,
1,38,112.871,0.335459,1.158957,-0.4527467,0.2840775,0.7360699,0.4957234,0.3629868,
1,38,112.873,0.335459,1.158957,-0.4527467,0.2840775,0.7360699,0.4957234,0.3629868,
1,38,112.875,0.335459,1.158957,-0.4527467,0.2840775,0.7360699,0.4957234,0.3629868,
1,38,112.877,0.3358269,1.158973,-0.4529655,0.2837619,0.7361708,0.4959956,0.3626571,
1,38,112.879,0.3358269,1.158973,-0.4529655,0.2837619,0.7361708,0.4959956,0.3626571,
1,38,112.881,0.3358269,1.158973,-0.4529655,0.2837619,0.7361708,0.4959956,0.3626571,
1,38,112.883,0.3358269,1.158973,-0.4529655,0.2837619,0.7361708,0.4959956,0.3626571,
1,38,112.885,0.3360686,1.158999,-0.4531766,0.2835558,0.7363947,0.4961386,0.3621678,
1,38,112.887,0.3360686,1.158999,-0.4531766,0.2835558,0.7363947,0.4961386,0.3621678,
1,38,112.889,0.3360686,1.158999,-0.4531766,0.2835558,0.7363947,0.4961386,0.3621678,
1,38,112.891,0.3360686,1.158999,-0.4531766,0.2835558,0.7363947,0.4961386,0.3621678,
1,38,112.893,0.3362822,1.159029,-0.4533809,0.2835464,0.736563,0.4961414,0.361829,
1,38,112.895,0.3362822,1.159029,-0.4533809,0.2835464,0.736563,0.4961414,0.361829,
1,38,112.897,0.3362822,1.159029,-0.4533809,0.2835464,0.736563,0.4961414,0.361829,
1,38,112.899,0.3362822,1.159029,-0.4533809,0.2835464,0.736563,0.4961414,0.361829,
1,38,112.901,0.3365537,1.159031,-0.4535623,0.2835868,0.7366284,0.496095,0.3617277,
1,38,112.903,0.3365537,1.159031,-0.4535623,0.2835868,0.7366284,0.496095,0.3617277,
1,38,112.905,0.3365537,1.159031,-0.4535623,0.2835868,0.7366284,0.496095,0.3617277,
1,38,112.907,0.3365537,1.159031,-0.4535623,0.2835868,0.7366284,0.496095,0.3617277,
1,38,112.909,0.3365677,1.158885,-0.4536421,0.2837411,0.7370145,0.4957826,0.361248,
1,38,112.911,0.3365677,1.158885,-0.4536421,0.2837411,0.7370145,0.4957826,0.361248,
1,38,112.913,0.3365677,1.158885,-0.4536421,0.2837411,0.7370145,0.4957826,0.361248,
1,38,112.915,0.3365677,1.158885,-0.4536421,0.2837411,0.7370145,0.4957826,0.361248,
1,38,112.917,0.3365677,1.158885,-0.4536421,0.2837411,0.7370145,0.4957826,0.361248,
1,38,112.919,0.3367832,1.158826,-0.4537642,0.2838344,0.7372584,0.4956161,0.3609055,
1,38,112.921,0.3367832,1.158826,-0.4537642,0.2838344,0.7372584,0.4956161,0.3609055,
1,38,112.923,0.3367832,1.158826,-0.4537642,0.2838344,0.7372584,0.4956161,0.3609055,
1,38,112.925,0.3367832,1.158826,-0.4537642,0.2838344,0.7372584,0.4956161,0.3609055,
1,38,112.927,0.3369543,1.158717,-0.4539028,0.2839978,0.7374938,0.4954207,0.3605644,
1,38,112.929,0.3369543,1.158717,-0.4539028,0.2839978,0.7374938,0.4954207,0.3605644,
1,38,112.931,0.3369543,1.158717,-0.4539028,0.2839978,0.7374938,0.4954207,0.3605644,
1,38,112.933,0.3369543,1.158717,-0.4539028,0.2839978,0.7374938,0.4954207,0.3605644,
1,38,112.935,0.3369266,1.15867,-0.4540106,0.2844903,0.7376567,0.495215,0.3601249,
1,38,112.937,0.3369266,1.15867,-0.4540106,0.2844903,0.7376567,0.495215,0.3601249,
1,38,112.939,0.3369266,1.15867,-0.4540106,0.2844903,0.7376567,0.495215,0.3601249,
1,38,112.941,0.3369266,1.15867,-0.4540106,0.2844903,0.7376567,0.495215,0.3601249,
1,38,112.943,0.3373382,1.158594,-0.4541268,0.2847288,0.7377017,0.4951397,0.3599479,
1,38,112.945,0.3373382,1.158594,-0.4541268,0.2847288,0.7377017,0.4951397,0.3599479,
1,38,112.947,0.3373382,1.158594,-0.4541268,0.2847288,0.7377017,0.4951397,0.3599479,
1,38,112.949,0.3373382,1.158594,-0.4541268,0.2847288,0.7377017,0.4951397,0.3599479,
1,38,112.951,0.3373707,1.158423,-0.4540687,0.2855297,0.737761,0.4947554,0.3597202,
1,38,112.953,0.3373707,1.158423,-0.4540687,0.2855297,0.737761,0.4947554,0.3597202,
1,38,112.955,0.3373707,1.158423,-0.4540687,0.2855297,0.737761,0.4947554,0.3597202,
1,38,112.957,0.3373707,1.158423,-0.4540687,0.2855297,0.737761,0.4947554,0.3597202,
1,38,112.959,0.3374706,1.158584,-0.4542376,0.2869858,0.7371718,0.4946883,0.3598619,
1,38,112.961,0.3374706,1.158584,-0.4542376,0.2869858,0.7371718,0.4946883,0.3598619,
1,38,112.963,0.3374706,1.158584,-0.4542376,0.2869858,0.7371718,0.4946883,0.3598619,
1,38,112.965,0.3374706,1.158584,-0.4542376,0.2869858,0.7371718,0.4946883,0.3598619,
1,38,112.967,0.3374706,1.158584,-0.4542376,0.2869858,0.7371718,0.4946883,0.3598619,
1,38,112.969,0.3378923,1.158437,-0.4543481,0.2878138,0.7368819,0.4946299,0.3598744,
1,38,112.971,0.3378923,1.158437,-0.4543481,0.2878138,0.7368819,0.4946299,0.3598744,
1,38,112.973,0.3378923,1.158437,-0.4543481,0.2878138,0.7368819,0.4946299,0.3598744,
1,38,112.975,0.3378923,1.158437,-0.4543481,0.2878138,0.7368819,0.4946299,0.3598744,
1,38,112.977,0.3379686,1.158428,-0.4545242,0.2891003,0.736509,0.4945396,0.3597306,
1,38,112.979,0.3379686,1.158428,-0.4545242,0.2891003,0.736509,0.4945396,0.3597306,
1,38,112.981,0.3379686,1.158428,-0.4545242,0.2891003,0.736509,0.4945396,0.3597306,
1,38,112.983,0.3379686,1.158428,-0.4545242,0.2891003,0.736509,0.4945396,0.3597306,
1,38,112.985,0.3377758,1.158724,-0.4549632,0.2907985,0.7359383,0.4946613,0.3593625,
1,38,112.987,0.3377758,1.158724,-0.4549632,0.2907985,0.7359383,0.4946613,0.3593625,
1,38,112.989,0.3377758,1.158724,-0.4549632,0.2907985,0.7359383,0.4946613,0.3593625,
1,38,112.991,0.3377758,1.158724,-0.4549632,0.2907985,0.7359383,0.4946613,0.3593625,
1,38,112.993,0.3380335,1.158553,-0.4552206,0.2917423,0.735723,0.49466,0.3590397,
1,38,112.995,0.3380335,1.158553,-0.4552206,0.2917423,0.735723,0.49466,0.3590397,
1,38,112.997,0.3380335,1.158553,-0.4552206,0.2917423,0.735723,0.49466,0.3590397,
1,38,112.999,0.3380335,1.158553,-0.4552206,0.2917423,0.735723,0.49466,0.3590397,
1,38,113.001,0.3380541,1.158515,-0.4555694,0.2929069,0.7354528,0.494657,0.3586493,
1,38,113.003,0.3380541,1.158515,-0.4555694,0.2929069,0.7354528,0.494657,0.3586493,
1,38,113.005,0.3380541,1.158515,-0.4555694,0.2929069,0.7354528,0.494657,0.3586493,
1,38,113.007,0.3380541,1.158515,-0.4555694,0.2929069,0.7354528,0.494657,0.3586493,
1,38,113.009,0.337646,1.158487,-0.4558526,0.2943413,0.7352773,0.4944836,0.3580731,
1,38,113.011,0.337646,1.158487,-0.4558526,0.2943413,0.7352773,0.4944836,0.3580731,
1,38,113.013,0.337646,1.158487,-0.4558526,0.2943413,0.7352773,0.4944836,0.3580731,
1,38,113.015,0.337646,1.158487,-0.4558526,0.2943413,0.7352773,0.4944836,0.3580731,
1,38,113.017,0.337646,1.158487,-0.4558526,0.2943413,0.7352773,0.4944836,0.3580731,
1,38,113.019,0.3376918,1.158683,-0.4563274,0.2958919,0.7343729,0.494387,0.3587841,
1,38,113.021,0.3376918,1.158683,-0.4563274,0.2958919,0.7343729,0.494387,0.3587841,
1,38,113.023,0.3376918,1.158683,-0.4563274,0.2958919,0.7343729,0.494387,0.3587841,
1,38,113.025,0.3376918,1.158683,-0.4563274,0.2958919,0.7343729,0.494387,0.3587841,
1,38,113.027,0.3378917,1.158651,-0.4567134,0.2969941,0.733686,0.4943483,0.3593314,
1,38,113.029,0.3378917,1.158651,-0.4567134,0.2969941,0.733686,0.4943483,0.3593314,
1,38,113.031,0.3378917,1.158651,-0.4567134,0.2969941,0.733686,0.4943483,0.3593314,
1,38,113.033,0.3378917,1.158651,-0.4567134,0.2969941,0.733686,0.4943483,0.3593314,
1,38,113.035,0.3377745,1.158651,-0.4570177,0.2979951,0.7330766,0.4942673,0.3598577,
1,38,113.037,0.3377745,1.158651,-0.4570177,0.2979951,0.7330766,0.4942673,0.3598577,
1,38,113.039,0.3377745,1.158651,-0.4570177,0.2979951,0.7330766,0.4942673,0.3598577,
1,38,113.041,0.3377745,1.158651,-0.4570177,0.2979951,0.7330766,0.4942673,0.3598577,
1,38,113.043,0.3379622,1.158633,-0.4573839,0.2983136,0.7326654,0.4945022,0.3601085,
1,38,113.045,0.3379622,1.158633,-0.4573839,0.2983136,0.7326654,0.4945022,0.3601085,
1,38,113.047,0.3379622,1.158633,-0.4573839,0.2983136,0.7326654,0.4945022,0.3601085,
1,38,113.049,0.3379622,1.158633,-0.4573839,0.2983136,0.7326654,0.4945022,0.3601085,
1,38,113.051,0.3378868,1.158649,-0.4577054,0.2985589,0.7324145,0.4947092,0.3601312,
1,38,113.053,0.3378868,1.158649,-0.4577054,0.2985589,0.7324145,0.4947092,0.3601312,
1,38,113.055,0.3378868,1.158649,-0.4577054,0.2985589,0.7324145,0.4947092,0.3601312,
1,38,113.057,0.3378868,1.158649,-0.4577054,0.2985589,0.7324145,0.4947092,0.3601312,
1,38,113.059,0.3378201,1.158624,-0.4579313,0.2981414,0.7325897,0.4950966,0.359588,
1,38,113.061,0.3378201,1.158624,-0.4579313,0.2981414,0.7325897,0.4950966,0.359588,
1,38,113.063,0.3378201,1.158624,-0.4579313,0.2981414,0.7325897,0.4950966,0.359588,
1,38,113.065,0.3378201,1.158624,-0.4579313,0.2981414,0.7325897,0.4950966,0.359588,
1,38,113.067,0.3378201,1.158624,-0.4579313,0.2981414,0.7325897,0.4950966,0.359588,
1,38,113.069,0.3378125,1.158655,-0.4581945,0.2973642,0.7328289,0.4956162,0.359028,
1,38,113.071,0.3378125,1.158655,-0.4581945,0.2973642,0.7328289,0.4956162,0.359028,
1,38,113.073,0.3378125,1.158655,-0.4581945,0.2973642,0.7328289,0.4956162,0.359028,
1,38,113.075,0.3378125,1.158655,-0.4581945,0.2973642,0.7328289,0.4956162,0.359028,
1,38,113.077,0.3381405,1.158599,-0.4584651,0.2958376,0.7334461,0.4962192,0.3581945,
1,38,113.079,0.3381405,1.158599,-0.4584651,0.2958376,0.7334461,0.4962192,0.3581945,
1,38,113.081,0.3381405,1.158599,-0.4584651,0.2958376,0.7334461,0.4962192,0.3581945,
1,38,113.083,0.3381405,1.158599,-0.4584651,0.2958376,0.7334461,0.4962192,0.3581945,CourtEnter
1,38,113.085,0.3379499,1.158808,-0.4588253,0.2951377,0.7337254,0.4966072,0.3576619,
1,38,113.087,0.3379499,1.158808,-0.4588253,0.2951377,0.7337254,0.4966072,0.3576619,
1,38,113.089,0.3379499,1.158808,-0.4588253,0.2951377,0.7337254,0.4966072,0.3576619,
1,38,113.091,0.3379499,1.158808,-0.4588253,0.2951377,0.7337254,0.4966072,0.3576619,CourtExit
1,38,113.093,0.3385107,1.158579,-0.459148,0.2931153,0.7345381,0.4971054,0.3569643,
1,38,113.095,0.3385107,1.158579,-0.459148,0.2931153,0.7345381,0.4971054,0.3569643,
1,38,113.097,0.3385107,1.158579,-0.459148,0.2931153,0.7345381,0.4971054,0.3569643,
1,38,113.099,0.3385107,1.158579,-0.459148,0.2931153,0.7345381,0.4971054,0.3569643,
1,38,113.101,0.3384674,1.158787,-0.4595525,0.2922231,0.7349653,0.4973484,0.3564776,
1,38,113.103,0.3384674,1.158787,-0.4595525,0.2922231,0.7349653,0.4973484,0.3564776,
1,38,113.105,0.3384674,1.158787,-0.4595525,0.2922231,0.7349653,0.4973484,0.3564776,
1,38,113.107,0.3384674,1.158787,-0.4595525,0.2922231,0.7349653,0.4973484,0.3564776,
1,38,113.109,0.3387981,1.15873,-0.4599204,0.2909251,0.7356152,0.4974514,0.3560549,
1,38,113.111,0.3387981,1.15873,-0.4599204,0.2909251,0.7356152,0.4974514,0.3560549,
1,38,113.113,0.3387981,1.15873,-0.4599204,0.2909251,0.7356152,0.4974514,0.3560549,
1,38,113.115,0.3387981,1.15873,-0.4599204,0.2909251,0.7356152,0.4974514,0.3560549,
1,38,113.117,0.3387981,1.15873,-0.4599204,0.2909251,0.7356152,0.4974514,0.3560549,
1,38,113.119,0.3389138,1.158561,-0.46015,0.2898132,0.736369,0.4972492,0.3556853,
1,38,113.121,0.3389138,1.158561,-0.46015,0.2898132,0.736369,0.4972492,0.3556853,
1,38,113.123,0.3389138,1.158561,-0.46015,0.2898132,0.736369,0.4972492,0.3556853,
1,38,113.125,0.3389138,1.158561,-0.46015,0.2898132,0.736369,0.4972492,0.3556853,
1,38,113.127,0.339118,1.158413,-0.4604024,0.2888516,0.7369446,0.4969997,0.3556244,
1,38,113.129,0.339118,1.158413,-0.4604024,0.2888516,0.7369446,0.4969997,0.3556244,
1,38,113.131,0.339118,1.158413,-0.4604024,0.2888516,0.7369446,0.4969997,0.3556244,
1,38,113.133,0.339118,1.158413,-0.4604024,0.2888516,0.7369446,0.4969997,0.3556244,
1,38,113.135,0.3391178,1.158234,-0.4606103,0.2881144,0.7376293,0.4966138,0.3553419,
1,38,113.137,0.3391178,1.158234,-0.4606103,0.2881144,0.7376293,0.4966138,0.3553419,
1,38,113.139,0.3391178,1.158234,-0.4606103,0.2881144,0.7376293,0.4966138,0.3553419,
1,38,113.141,0.3391178,1.158234,-0.4606103,0.2881144,0.7376293,0.4966138,0.3553419,
1,38,113.143,0.3392926,1.158119,-0.4609068,0.2873527,0.7381574,0.4963867,0.3551793,
1,38,113.145,0.3392926,1.158119,-0.4609068,0.2873527,0.7381574,0.4963867,0.3551793,
1,38,113.147,0.3392926,1.158119,-0.4609068,0.2873527,0.7381574,0.4963867,0.3551793,
1,38,113.149,0.3392926,1.158119,-0.4609068,0.2873527,0.7381574,0.4963867,0.3551793,
1,38,113.151,0.3395144,1.1582,-0.4612708,0.2868778,0.7384693,0.4962364,0.3551252,
1,38,113.153,0.3395144,1.1582,-0.4612708,0.2868778,0.7384693,0.4962364,0.3551252,
1,38,113.155,0.3395144,1.1582,-0.4612708,0.2868778,0.7384693,0.4962364,0.3551252,
1,38,113.157,0.3395144,1.1582,-0.4612708,0.2868778,0.7384693,0.4962364,0.3551252,
1,38,113.159,0.3396582,1.158156,-0.4615108,0.2865411,0.738892,0.4959468,0.3549223,
1,38,113.161,0.3396582,1.158156,-0.4615108,0.2865411,0.738892,0.4959468,0.3549223,
1,38,113.163,0.3396582,1.158156,-0.4615108,0.2865411,0.738892,0.4959468,0.3549223,
1,38,113.165,0.3396582,1.158156,-0.4615108,0.2865411,0.738892,0.4959468,0.3549223,
1,38,113.167,0.3396582,1.158156,-0.4615108,0.2865411,0.738892,0.4959468,0.3549223,
1,38,113.169,0.3400019,1.158227,-0.4618713,0.2861093,0.739298,0.4957305,0.3547271,
1,38,113.171,0.3400019,1.158227,-0.4618713,0.2861093,0.739298,0.4957305,0.3547271,
1,38,113.173,0.3400019,1.158227,-0.4618713,0.2861093,0.739298,0.4957305,0.3547271,
1,38,113.175,0.3400019,1.158227,-0.4618713,0.2861093,0.739298,0.4957305,0.3547271,
1,38,113.177,0.3398719,1.158273,-0.4620645,0.2864685,0.7394331,0.4953447,0.3546944,
1,38,113.179,0.3398719,1.158273,-0.4620645,0.2864685,0.7394331,0.4953447,0.3546944,
1,38,113.181,0.3398719,1.158273,-0.4620645,0.2864685,0.7394331,0.4953447,0.3546944,
1,38,113.183,0.3398719,1.158273,-0.4620645,0.2864685,0.7394331,0.4953447,0.3546944,
1,38,113.185,0.3401221,1.15834,-0.4622749,0.2864298,0.7395104,0.4952461,0.3547025,
1,38,113.187,0.3401221,1.15834,-0.4622749,0.2864298,0.7395104,0.4952461,0.3547025,
1,38,113.189,0.3401221,1.15834,-0.4622749,0.2864298,0.7395104,0.4952461,0.3547025,
1,38,113.191,0.3401221,1.15834,-0.4622749,0.2864298,0.7395104,0.4952461,0.3547025,
1,38,113.193,0.3399382,1.158389,-0.4624388,0.28726,0.7393546,0.4947727,0.3550163,
1,38,113.195,0.3399382,1.158389,-0.4624388,0.28726,0.7393546,0.4947727,0.3550163,
1,38,113.197,0.3399382,1.158389,-0.4624388,0.28726,0.7393546,0.4947727,0.3550163,
1,38,113.199,0.3399382,1.158389,-0.4624388,0.28726,0.7393546,0.4947727,0.3550163,
1,38,113.201,0.339879,1.158421,-0.4625937,0.28775,0.7393389,0.494487,0.35505,
1,38,113.203,0.339879,1.158421,-0.4625937,0.28775,0.7393389,0.494487,0.35505,
1,38,113.205,0.339879,1.158421,-0.4625937,0.28775,0.7393389,0.494487,0.35505,
1,38,113.207,0.339879,1.158421,-0.4625937,0.28775,0.7393389,0.494487,0.35505,
1,38,113.209,0.3398468,1.158448,-0.4627803,0.2881547,0.7393044,0.4943272,0.3550163,
1,38,113.211,0.3398468,1.158448,-0.4627803,0.2881547,0.7393044,0.4943272,0.3550163,
1,38,113.213,0.3398468,1.158448,-0.4627803,0.2881547,0.7393044,0.4943272,0.3550163,
1,38,113.215,0.3398468,1.158448,-0.4627803,0.2881547,0.7393044,0.4943272,0.3550163,
1,38,113.217,0.3398468,1.158448,-0.4627803,0.2881547,0.7393044,0.4943272,0.3550163,
1,38,113.219,0.3399401,1.158384,-0.4629579,0.2883756,0.7393209,0.4941922,0.3549904,
1,38,113.221,0.3399401,1.158384,-0.4629579,0.2883756,0.7393209,0.4941922,0.3549904,
1,38,113.223,0.3399401,1.158384,-0.4629579,0.2883756,0.7393209,0.4941922,0.3549904,
1,38,113.225,0.3399401,1.158384,-0.4629579,0.2883756,0.7393209,0.4941922,0.3549904,
1,38,113.227,0.3396736,1.158518,-0.4632446,0.2891612,0.7390811,0.4940177,0.3550936,
1,38,113.229,0.3396736,1.158518,-0.4632446,0.2891612,0.7390811,0.4940177,0.3550936,
1,38,113.231,0.3396736,1.158518,-0.4632446,0.2891612,0.7390811,0.4940177,0.3550936,
1,38,113.233,0.3396736,1.158518,-0.4632446,0.2891612,0.7390811,0.4940177,0.3550936,
1,38,113.235,0.3398565,1.15851,-0.4634852,0.289268,0.7390699,0.4940198,0.3550271,
1,38,113.237,0.3398565,1.15851,-0.4634852,0.289268,0.7390699,0.4940198,0.3550271,
1,38,113.239,0.3398565,1.15851,-0.4634852,0.289268,0.7390699,0.4940198,0.3550271,
1,38,113.241,0.3398565,1.15851,-0.4634852,0.289268,0.7390699,0.4940198,0.3550271,
1,38,113.243,0.3398476,1.158472,-0.4638846,0.2896442,0.7390577,0.4939145,0.3548923,
1,38,113.245,0.3398476,1.158472,-0.4638846,0.2896442,0.7390577,0.4939145,0.3548923,
1,38,113.247,0.3398476,1.158472,-0.4638846,0.2896442,0.7390577,0.4939145,0.3548923,
1,38,113.249,0.3398476,1.158472,-0.4638846,0.2896442,0.7390577,0.4939145,0.3548923,
1,38,113.251,0.3397073,1.158644,-0.4642402,0.2899815,0.7390118,0.494,0.3545934,
1,38,113.253,0.3397073,1.158644,-0.4642402,0.2899815,0.7390118,0.494,0.3545934,
1,38,113.255,0.3397073,1.158644,-0.4642402,0.2899815,0.7390118,0.494,0.3545934,
1,38,113.257,0.3397073,1.158644,-0.4642402,0.2899815,0.7390118,0.494,0.3545934,
1,38,113.259,0.3397994,1.158766,-0.4646246,0.2900512,0.7389966,0.4941021,0.3544256,
1,38,113.261,0.3397994,1.158766,-0.4646246,0.2900512,0.7389966,0.4941021,0.3544256,
1,38,113.263,0.3397994,1.158766,-0.4646246,0.2900512,0.7389966,0.4941021,0.3544256,
1,38,113.265,0.3397994,1.158766,-0.4646246,0.2900512,0.7389966,0.4941021,0.3544256,
1,38,113.267,0.3397994,1.158766,-0.4646246,0.2900512,0.7389966,0.4941021,0.3544256,
1,38,113.269,0.3400256,1.158849,-0.465018,0.2899688,0.7389498,0.494214,0.3544347,
1,38,113.271,0.3400256,1.158849,-0.465018,0.2899688,0.7389498,0.494214,0.3544347,
1,38,113.273,0.3400256,1.158849,-0.465018,0.2899688,0.7389498,0.494214,0.3544347,
1,38,113.275,0.3400256,1.158849,-0.465018,0.2899688,0.7389498,0.494214,0.3544347,
1,38,113.277,0.3401376,1.159076,-0.4654681,0.2899461,0.7388914,0.4943211,0.3544256,
1,38,113.279,0.3401376,1.159076,-0.4654681,0.2899461,0.7388914,0.4943211,0.3544256,
1,38,113.281,0.3401376,1.159076,-0.4654681,0.2899461,0.7388914,0.4943211,0.3544256,
1,38,113.283,0.3401376,1.159076,-0.4654681,0.2899461,0.7388914,0.4943211,0.3544256,
1,38,113.285,0.3401814,1.159178,-0.4658889,0.2899517,0.7389655,0.4942024,0.354432,
1,38,113.287,0.3401814,1.159178,-0.4658889,0.2899517,0.7389655,0.4942024,0.354432,
1,38,113.289,0.3401814,1.159178,-0.4658889,0.2899517,0.7389655,0.4942024,0.354432,
1,38,113.291,0.3401814,1.159178,-0.4658889,0.2899517,0.7389655,0.4942024,0.354432,
1,38,113.293,0.3400729,1.159362,-0.4663147,0.2898583,0.7391365,0.4939822,0.354459,
1,38,113.295,0.3400729,1.159362,-0.4663147,0.2898583,0.7391365,0.4939822,0.354459,
1,38,113.297,0.3400729,1.159362,-0.4663147,0.2898583,0.7391365,0.4939822,0.354459,
1,38,113.299,0.3400729,1.159362,-0.4663147,0.2898583,0.7391365,0.4939822,0.354459,
1,38,113.301,0.3398727,1.159335,-0.4666193,0.2896292,0.7395126,0.4934453,0.3546094,
1,38,113.303,0.3398727,1.159335,-0.4666193,0.2896292,0.7395126,0.4934453,0.3546094,
1,38,113.305,0.3398727,1.159335,-0.4666193,0.2896292,0.7395126,0.4934453,0.3546094,
1,38,113.307,0.3398727,1.159335,-0.4666193,0.2896292,0.7395126,0.4934453,0.3546094,
1,38,113.309,0.3397799,1.159672,-0.4671118,0.2894094,0.7397038,0.4932535,0.3546568,
1,38,113.311,0.3397799,1.159672,-0.4671118,0.2894094,0.7397038,0.4932535,0.3546568,
1,38,113.313,0.3397799,1.159672,-0.4671118,0.2894094,0.7397038,0.4932535,0.3546568,
1,38,113.315,0.3397799,1.159672,-0.4671118,0.2894094,0.7397038,0.4932535,0.3546568,
1,38,113.317,0.3397799,1.159672,-0.4671118,0.2894094,0.7397038,0.4932535,0.3546568,
1,38,113.319,0.3396922,1.159615,-0.4676325,0.2884245,0.7405249,0.4922651,0.3551185,
1,38,113.321,0.3396922,1.159615,-0.4676325,0.2884245,0.7405249,0.4922651,0.3551185,
1,38,113.323,0.3396922,1.159615,-0.4676325,0.2884245,0.7405249,0.4922651,0.3551185,
1,38,113.325,0.3396922,1.159615,-0.4676325,0.2884245,0.7405249,0.4922651,0.3551185,
1,38,113.327,0.3398532,1.159725,-0.4680026,0.2874425,0.7411916,0.4918692,0.3550725,
1,38,113.329,0.3398532,1.159725,-0.4680026,0.2874425,0.7411916,0.4918692,0.3550725,
1,38,113.331,0.3398532,1.159725,-0.4680026,0.2874425,0.7411916,0.4918692,0.3550725,
1,38,113.333,0.3398532,1.159725,-0.4680026,0.2874425,0.7411916,0.4918692,0.3550725,
1,38,113.335,0.3400991,1.15984,-0.4683562,0.2864877,0.7417105,0.4914255,0.3553748,
1,38,113.337,0.3400991,1.15984,-0.4683562,0.2864877,0.7417105,0.4914255,0.3553748,
1,38,113.339,0.3400991,1.15984,-0.4683562,0.2864877,0.7417105,0.4914255,0.3553748,
1,38,113.341,0.3400991,1.15984,-0.4683562,0.2864877,0.7417105,0.4914255,0.3553748,
1,38,113.343,0.3399543,1.159741,-0.4685266,0.285299,0.7428226,0.4908099,0.3548586,
1,38,113.345,0.3399543,1.159741,-0.4685266,0.285299,0.7428226,0.4908099,0.3548586,
1,38,113.347,0.3399543,1.159741,-0.4685266,0.285299,0.7428226,0.4908099,0.3548586,
1,38,113.349,0.3399543,1.159741,-0.4685266,0.285299,0.7428226,0.4908099,0.3548586,
1,38,113.351,0.3397426,1.159922,-0.4687755,0.2844077,0.7437388,0.4902313,0.3544547,
1,38,113.353,0.3397426,1.159922,-0.4687755,0.2844077,0.7437388,0.4902313,0.3544547,
1,38,113.355,0.3397426,1.159922,-0.4687755,0.2844077,0.7437388,0.4902313,0.3544547,
1,38,113.357,0.3397426,1.159922,-0.4687755,0.2844077,0.7437388,0.4902313,0.3544547,
1,38,113.359,0.3400727,1.159536,-0.468875,0.2825837,0.7453275,0.489672,0.3533479,
1,38,113.361,0.3400727,1.159536,-0.468875,0.2825837,0.7453275,0.489672,0.3533479,
1,38,113.363,0.3400727,1.159536,-0.468875,0.2825837,0.7453275,0.489672,0.3533479,
1,38,113.365,0.3400727,1.159536,-0.468875,0.2825837,0.7453275,0.489672,0.3533479,
1,38,113.367,0.3400727,1.159536,-0.468875,0.2825837,0.7453275,0.489672,0.3533479,
1,38,113.369,0.3402831,1.159729,-0.4691846,0.2816463,0.7461427,0.4892334,0.3529834,
1,38,113.371,0.3402831,1.159729,-0.4691846,0.2816463,0.7461427,0.4892334,0.3529834,
1,38,113.373,0.3402831,1.159729,-0.4691846,0.2816463,0.7461427,0.4892334,0.3529834,
1,38,113.375,0.3402831,1.159729,-0.4691846,0.2816463,0.7461427,0.4892334,0.3529834,
1,38,113.377,0.3405693,1.159661,-0.4694852,0.2809446,0.7470294,0.4885207,0.3526539,
1,38,113.379,0.3405693,1.159661,-0.4694852,0.2809446,0.7470294,0.4885207,0.3526539,
1,38,113.381,0.3405693,1.159661,-0.4694852,0.2809446,0.7470294,0.4885207,0.3526539,
1,38,113.383,0.3405693,1.159661,-0.4694852,0.2809446,0.7470294,0.4885207,0.3526539,
1,38,113.385,0.3409145,1.15981,-0.4698555,0.2804967,0.7477266,0.4878984,0.3523943,
1,38,113.387,0.3409145,1.15981,-0.4698555,0.2804967,0.7477266,0.4878984,0.3523943,
1,38,113.389,0.3409145,1.15981,-0.4698555,0.2804967,0.7477266,0.4878984,0.3523943,
1,38,113.391,0.3409145,1.15981,-0.4698555,0.2804967,0.7477266,0.4878984,0.3523943,
1,38,113.393,0.3409126,1.159683,-0.4701253,0.2803366,0.749034,0.4865564,0.3515995,
1,38,113.395,0.3409126,1.159683,-0.4701253,0.2803366,0.749034,0.4865564,0.3515995,
1,38,113.397,0.3409126,1.159683,-0.4701253,0.2803366,0.749034,0.4865564,0.3515995,
1,38,113.399,0.3409126,1.159683,-0.4701253,0.2803366,0.749034,0.4865564,0.3515995,
1,38,113.401,0.3415339,1.159761,-0.4704422,0.2800422,0.7496468,0.4860088,0.3512854,
1,38,113.403,0.3415339,1.159761,-0.4704422,0.2800422,0.7496468,0.4860088,0.3512854,
1,38,113.405,0.3415339,1.159761,-0.4704422,0.2800422,0.7496468,0.4860088,0.3512854,
1,38,113.407,0.3415339,1.159761,-0.4704422,0.2800422,0.7496468,0.4860088,0.3512854,
1,38,113.409,0.3417626,1.159814,-0.4706983,0.2803367,0.7501747,0.4853007,0.3509024,
1,38,113.411,0.3417626,1.159814,-0.4706983,0.2803367,0.7501747,0.4853007,0.3509024,
1,38,113.413,0.3417626,1.159814,-0.4706983,0.2803367,0.7501747,0.4853007,0.3509024,
1,38,113.415,0.3417626,1.159814,-0.4706983,0.2803367,0.7501747,0.4853007,0.3509024,
1,38,113.417,0.3417626,1.159814,-0.4706983,0.2803367,0.7501747,0.4853007,0.3509024,
1,38,113.419,0.3416757,1.159907,-0.4710335,0.2815127,0.750398,0.4843524,0.3507937,
1,38,113.421,0.3416757,1.159907,-0.4710335,0.2815127,0.750398,0.4843524,0.3507937,
1,38,113.423,0.3416757,1.159907,-0.4710335,0.2815127,0.750398,0.4843524,0.3507937,
1,38,113.425,0.3416757,1.159907,-0.4710335,0.2815127,0.750398,0.4843524,0.3507937,
1,38,113.427,0.3416294,1.160009,-0.4713646,0.2825408,0.7506155,0.4836229,0.350508,
1,38,113.429,0.3416294,1.160009,-0.4713646,0.2825408,0.7506155,0.4836229,0.350508,
1,38,113.431,0.3416294,1.160009,-0.4713646,0.2825408,0.7506155,0.4836229,0.350508,
1,38,113.433,0.3416294,1.160009,-0.4713646,0.2825408,0.7506155,0.4836229,0.350508,
1,38,113.435,0.3418451,1.159827,-0.4715969,0.283177,0.7510278,0.4829513,0.3500374,
1,38,113.437,0.3418451,1.159827,-0.4715969,0.283177,0.7510278,0.4829513,0.3500374,
1,38,113.439,0.3418451,1.159827,-0.4715969,0.283177,0.7510278,0.4829513,0.3500374,
1,38,113.441,0.3418451,1.159827,-0.4715969,0.283177,0.7510278,0.4829513,0.3500374,
1,38,113.443,0.3417237,1.15986,-0.4720025,0.284615,0.7509165,0.4824682,0.349776,
1,38,113.445,0.3417237,1.15986,-0.4720025,0.284615,0.7509165,0.4824682,0.349776,
1,38,113.447,0.3417237,1.15986,-0.4720025,0.284615,0.7509165,0.4824682,0.349776,
1,38,113.449,0.3417237,1.15986,-0.4720025,0.284615,0.7509165,0.4824682,0.349776,
1,38,113.451,0.3417825,1.159777,-0.4723608,0.2858644,0.7508385,0.4820624,0.349484,
1,38,113.453,0.3417825,1.159777,-0.4723608,0.2858644,0.7508385,0.4820624,0.349484,
1,38,113.455,0.3417825,1.159777,-0.4723608,0.2858644,0.7508385,0.4820624,0.349484,
1,38,113.457,0.3417825,1.159777,-0.4723608,0.2858644,0.7508385,0.4820624,0.349484,
1,38,113.459,0.3420509,1.159405,-0.472575,0.2867679,0.7508707,0.4816534,0.3492382,
1,38,113.461,0.3420509,1.159405,-0.472575,0.2867679,0.7508707,0.4816534,0.3492382,
1,38,113.463,0.3420509,1.159405,-0.472575,0.2867679,0.7508707,0.4816534,0.3492382,
1,38,113.465,0.3420509,1.159405,-0.472575,0.2867679,0.7508707,0.4816534,0.3492382,
1,38,113.467,0.3420509,1.159405,-0.472575,0.2867679,0.7508707,0.4816534,0.3492382,
1,38,113.469,0.3419399,1.159714,-0.4731655,0.2892475,0.7500682,0.4817777,0.3487462,
1,38,113.471,0.3419399,1.159714,-0.4731655,0.2892475,0.7500682,0.4817777,0.3487462,
1,38,113.473,0.3419399,1.159714,-0.4731655,0.2892475,0.7500682,0.4817777,0.3487462,
1,38,113.475,0.3419399,1.159714,-0.4731655,0.2892475,0.7500682,0.4817777,0.3487462,
1,38,113.477,0.3421974,1.159408,-0.4733968,0.2902963,0.7498101,0.4817116,0.3485209,
1,38,113.479,0.3421974,1.159408,-0.4733968,0.2902963,0.7498101,0.4817116,0.3485209,
1,38,113.481,0.3421974,1.159408,-0.4733968,0.2902963,0.7498101,0.4817116,0.3485209,
1,38,113.483,0.3421974,1.159408,-0.4733968,0.2902963,0.7498101,0.4817116,0.3485209,
1,38,113.485,0.3422998,1.159523,-0.4737884,0.2915963,0.7492035,0.48207,0.3482445,
1,38,113.487,0.3422998,1.159523,-0.4737884,0.2915963,0.7492035,0.48207,0.3482445,
1,38,113.489,0.3422998,1.159523,-0.4737884,0.2915963,0.7492035,0.48207,0.3482445,
1,38,113.491,0.3422998,1.159523,-0.4737884,0.2915963,0.7492035,0.48207,0.3482445,
1,38,113.493,0.3422082,1.159491,-0.4741189,0.2927969,0.7487565,0.4823651,0.3477899,
1,38,113.495,0.3422082,1.159491,-0.4741189,0.2927969,0.7487565,0.4823651,0.3477899,
1,38,113.497,0.3422082,1.159491,-0.4741189,0.2927969,0.7487565,0.4823651,0.3477899,
1,38,113.499,0.3422082,1.159491,-0.4741189,0.2927969,0.7487565,0.4823651,0.3477899,
1,38,113.501,0.3416977,1.159399,-0.4742399,0.2939685,0.7485107,0.4827076,0.3468538,
1,38,113.503,0.3416977,1.159399,-0.4742399,0.2939685,0.7485107,0.4827076,0.3468538,
1,38,113.505,0.3416977,1.159399,-0.4742399,0.2939685,0.7485107,0.4827076,0.3468538,
1,38,113.507,0.3416977,1.159399,-0.4742399,0.2939685,0.7485107,0.4827076,0.3468538,
1,38,113.509,0.3417512,1.159417,-0.4744875,0.2948391,0.7479953,0.4832489,0.3464729,
1,38,113.511,0.3417512,1.159417,-0.4744875,0.2948391,0.7479953,0.4832489,0.3464729,
1,38,113.513,0.3417512,1.159417,-0.4744875,0.2948391,0.7479953,0.4832489,0.3464729,
1,38,113.515,0.3417512,1.159417,-0.4744875,0.2948391,0.7479953,0.4832489,0.3464729,
1,38,113.517,0.3417512,1.159417,-0.4744875,0.2948391,0.7479953,0.4832489,0.3464729,
1,38,113.519,0.3417569,1.159404,-0.4746853,0.2953814,0.7477741,0.4838591,0.3456357,
1,38,113.521,0.3417569,1.159404,-0.4746853,0.2953814,0.7477741,0.4838591,0.3456357,
1,38,113.523,0.3417569,1.159404,-0.4746853,0.2953814,0.7477741,0.4838591,0.3456357,
1,38,113.525,0.3417569,1.159404,-0.4746853,0.2953814,0.7477741,0.4838591,0.3456357,
1,38,113.527,0.3416262,1.15927,-0.4747572,0.2959614,0.7476851,0.4842585,0.344772,
1,38,113.529,0.3416262,1.15927,-0.4747572,0.2959614,0.7476851,0.4842585,0.344772,
1,38,113.531,0.3416262,1.15927,-0.4747572,0.2959614,0.7476851,0.4842585,0.344772,
1,38,113.533,0.3416262,1.15927,-0.4747572,0.2959614,0.7476851,0.4842585,0.344772,
1,38,113.535,0.3419469,1.159459,-0.4749922,0.2960693,0.7474552,0.485124,0.3439599,
1,38,113.537,0.3419469,1.159459,-0.4749922,0.2960693,0.7474552,0.485124,0.3439599,
1,38,113.539,0.3419469,1.159459,-0.4749922,0.2960693,0.7474552,0.485124,0.3439599,
1,38,113.541,0.3419469,1.159459,-0.4749922,0.2960693,0.7474552,0.485124,0.3439599,
1,38,113.543,0.3421074,1.159532,-0.4751147,0.2960903,0.7475727,0.4859882,0.3424633,
1,38,113.545,0.3421074,1.159532,-0.4751147,0.2960903,0.7475727,0.4859882,0.3424633,
1,38,113.547,0.3421074,1.159532,-0.4751147,0.2960903,0.7475727,0.4859882,0.3424633,
1,38,113.549,0.3421074,1.159532,-0.4751147,0.2960903,0.7475727,0.4859882,0.3424633,
1,38,113.551,0.3423148,1.159522,-0.4751717,0.2957882,0.7478682,0.4863395,0.3415792,
1,38,113.553,0.3423148,1.159522,-0.4751717,0.2957882,0.7478682,0.4863395,0.3415792,
1,38,113.555,0.3423148,1.159522,-0.4751717,0.2957882,0.7478682,0.4863395,0.3415792,
1,38,113.557,0.3423148,1.159522,-0.4751717,0.2957882,0.7478682,0.4863395,0.3415792,
1,38,113.559,0.3424528,1.159441,-0.4751048,0.295223,0.7485058,0.4866408,0.3402398,
1,38,113.561,0.3424528,1.159441,-0.4751048,0.295223,0.7485058,0.4866408,0.3402398,
1,38,113.563,0.3424528,1.159441,-0.4751048,0.295223,0.7485058,0.4866408,0.3402398,
1,38,113.565,0.3424528,1.159441,-0.4751048,0.295223,0.7485058,0.4866408,0.3402398,
1,38,113.567,0.3424528,1.159441,-0.4751048,0.295223,0.7485058,0.4866408,0.3402398,
1,38,113.569,0.3426195,1.159328,-0.4750581,0.2945584,0.7493622,0.4867402,0.3387857,
1,38,113.571,0.3426195,1.159328,-0.4750581,0.2945584,0.7493622,0.4867402,0.3387857,
1,38,113.573,0.3426195,1.159328,-0.4750581,0.2945584,0.7493622,0.4867402,0.3387857,
1,38,113.575,0.3426195,1.159328,-0.4750581,0.2945584,0.7493622,0.4867402,0.3387857,
1,38,113.577,0.3428441,1.159223,-0.4749754,0.2932897,0.7506875,0.4869385,0.3366608,
1,38,113.579,0.3428441,1.159223,-0.4749754,0.2932897,0.7506875,0.4869385,0.3366608,
1,38,113.581,0.3428441,1.159223,-0.4749754,0.2932897,0.7506875,0.4869385,0.3366608,
1,38,113.583,0.3428441,1.159223,-0.4749754,0.2932897,0.7506875,0.4869385,0.3366608,
1,38,113.585,0.3429461,1.159094,-0.4749342,0.2921188,0.7521739,0.4868426,0.3344927,
1,38,113.587,0.3429461,1.159094,-0.4749342,0.2921188,0.7521739,0.4868426,0.3344927,
1,38,113.589,0.3429461,1.159094,-0.4749342,0.2921188,0.7521739,0.4868426,0.3344927,
1,38,113.591,0.3429461,1.159094,-0.4749342,0.2921188,0.7521739,0.4868426,0.3344927,
1,38,113.593,0.3429213,1.159103,-0.4750189,0.2911056,0.7535452,0.4865344,0.3327332,
1,38,113.595,0.3429213,1.159103,-0.4750189,0.2911056,0.7535452,0.4865344,0.3327332,
1,38,113.597,0.3429213,1.159103,-0.4750189,0.2911056,0.7535452,0.4865344,0.3327332,
1,38,113.599,0.3429213,1.159103,-0.4750189,0.2911056,0.7535452,0.4865344,0.3327332,
1,38,113.601,0.3429548,1.159432,-0.4752352,0.2904834,0.7545807,0.4862147,0.331395,
1,38,113.603,0.3429548,1.159432,-0.4752352,0.2904834,0.7545807,0.4862147,0.331395,
1,38,113.605,0.3429548,1.159432,-0.4752352,0.2904834,0.7545807,0.4862147,0.331395,
1,38,113.607,0.3429548,1.159432,-0.4752352,0.2904834,0.7545807,0.4862147,0.331395,
1,38,113.609,0.3429447,1.159054,-0.4753561,0.2895944,0.7559804,0.4848107,0.3310397,
1,38,113.611,0.3429447,1.159054,-0.4753561,0.2895944,0.7559804,0.4848107,0.3310397,
1,38,113.613,0.3429447,1.159054,-0.4753561,0.2895944,0.7559804,0.4848107,0.3310397,
1,38,113.615,0.3429447,1.159054,-0.4753561,0.2895944,0.7559804,0.4848107,0.3310397,
1,38,113.617,0.3429447,1.159054,-0.4753561,0.2895944,0.7559804,0.4848107,0.3310397,
1,38,113.619,0.3429633,1.159269,-0.4757685,0.2882597,0.7576176,0.4831666,0.3308658,
1,38,113.621,0.3429633,1.159269,-0.4757685,0.2882597,0.7576176,0.4831666,0.3308658,
1,38,113.623,0.3429633,1.159269,-0.4757685,0.2882597,0.7576176,0.4831666,0.3308658,
1,38,113.625,0.3429633,1.159269,-0.4757685,0.2882597,0.7576176,0.4831666,0.3308658,
1,38,113.627,0.3432042,1.15935,-0.47598,0.286367,0.7591885,0.482248,0.3302479,
1,38,113.629,0.3432042,1.15935,-0.47598,0.286367,0.7591885,0.482248,0.3302479,
1,38,113.631,0.3432042,1.15935,-0.47598,0.286367,0.7591885,0.482248,0.3302479,
1,38,113.633,0.3432042,1.15935,-0.47598,0.286367,0.7591885,0.482248,0.3302479,
1,38,113.635,0.3430782,1.159858,-0.4763084,0.2846708,0.7606329,0.4815431,0.3294182,
1,38,113.637,0.3430782,1.159858,-0.4763084,0.2846708,0.7606329,0.4815431,0.3294182,
1,38,113.639,0.3430782,1.159858,-0.4763084,0.2846708,0.7606329,0.4815431,0.3294182,
1,38,113.641,0.3430782,1.159858,-0.4763084,0.2846708,0.7606329,0.4815431,0.3294182,
1,38,113.643,0.3435878,1.158954,-0.4762733,0.2808217,0.7631554,0.4802376,0.3287929,
1,38,113.645,0.3435878,1.158954,-0.4762733,0.2808217,0.7631554,0.4802376,0.3287929,
1,38,113.647,0.3435878,1.158954,-0.4762733,0.2808217,0.7631554,0.4802376,0.3287929,
1,38,113.649,0.3435878,1.158954,-0.4762733,0.2808217,0.7631554,0.4802376,0.3287929,
1,38,113.651,0.3437885,1.15891,-0.4765642,0.2776731,0.7650533,0.479407,0.3282681,
1,38,113.653,0.3437885,1.15891,-0.4765642,0.2776731,0.7650533,0.479407,0.3282681,
1,38,113.655,0.3437885,1.15891,-0.4765642,0.2776731,0.7650533,0.479407,0.3282681,
1,38,113.657,0.3437885,1.15891,-0.4765642,0.2776731,0.7650533,0.479407,0.3282681,
1,38,113.659,0.34351,1.159242,-0.4769313,0.2750898,0.7666718,0.4786364,0.3277915,
1,38,113.661,0.34351,1.159242,-0.4769313,0.2750898,0.7666718,0.4786364,0.3277915,
1,38,113.663,0.34351,1.159242,-0.4769313,0.2750898,0.7666718,0.4786364,0.3277915,
1,38,113.665,0.34351,1.159242,-0.4769313,0.2750898,0.7666718,0.4786364,0.3277915,
1,38,113.667,0.34351,1.159242,-0.4769313,0.2750898,0.7666718,0.4786364,0.3277915,
1,38,113.669,0.34385,1.158478,-0.4769093,0.2713188,0.7684127,0.4774503,0.3285868,
1,38,113.671,0.34385,1.158478,-0.4769093,0.2713188,0.7684127,0.4774503,0.3285868,
1,38,113.673,0.34385,1.158478,-0.4769093,0.2713188,0.7684127,0.4774503,0.3285868,
1,38,113.675,0.34385,1.158478,-0.4769093,0.2713188,0.7684127,0.4774503,0.3285868,
1,38,113.677,0.3440795,1.158296,-0.4769567,0.2677967,0.7697843,0.4767579,0.3292702,
1,38,113.679,0.3440795,1.158296,-0.4769567,0.2677967,0.7697843,0.4767579,0.3292702,
1,38,113.681,0.3440795,1.158296,-0.4769567,0.2677967,0.7697843,0.4767579,0.3292702,
1,38,113.683,0.3440795,1.158296,-0.4769567,0.2677967,0.7697843,0.4767579,0.3292702,
1,38,113.685,0.3443625,1.15809,-0.4768834,0.2642484,0.7709404,0.4762585,0.3301538,
1,38,113.687,0.3443625,1.15809,-0.4768834,0.2642484,0.7709404,0.4762585,0.3301538,
1,38,113.689,0.3443625,1.15809,-0.4768834,0.2642484,0.7709404,0.4762585,0.3301538,
1,38,113.691,0.3443625,1.15809,-0.4768834,0.2642484,0.7709404,0.4762585,0.3301538,
1,38,113.693,0.344255,1.157867,-0.4765961,0.2588889,0.7728621,0.4758722,0.3304638,
1,38,113.695,0.344255,1.157867,-0.4765961,0.2588889,0.7728621,0.4758722,0.3304638,
1,38,113.697,0.344255,1.157867,-0.4765961,0.2588889,0.7728621,0.4758722,0.3304638,
1,38,113.699,0.344255,1.157867,-0.4765961,0.2588889,0.7728621,0.4758722,0.3304638,
1,38,113.701,0.3454897,1.157954,-0.4765232,0.2536924,0.7740464,0.4774046,0.3295103,
1,38,113.703,0.3454897,1.157954,-0.4765232,0.2536924,0.7740464,0.4774046,0.3295103,
1,38,113.705,0.3454897,1.157954,-0.4765232,0.2536924,0.7740464,0.4774046,0.3295103,
1,38,113.707,0.3454897,1.157954,-0.4765232,0.2536924,0.7740464,0.4774046,0.3295103,
1,38,113.709,0.3462247,1.158022,-0.476347,0.2488699,0.775454,0.4787543,0.3279164,
1,38,113.711,0.3462247,1.158022,-0.476347,0.2488699,0.775454,0.4787543,0.3279164,
1,38,113.713,0.3462247,1.158022,-0.476347,0.2488699,0.775454,0.4787543,0.3279164,
1,38,113.715,0.3462247,1.158022,-0.476347,0.2488699,0.775454,0.4787543,0.3279164,
1,38,113.717,0.3462247,1.158022,-0.476347,0.2488699,0.775454,0.4787543,0.3279164,
1,38,113.719,0.3465599,1.157727,-0.4759836,0.2447982,0.776765,0.4794887,0.3268034,
1,38,113.721,0.3465599,1.157727,-0.4759836,0.2447982,0.776765,0.4794887,0.3268034,
1,38,113.723,0.3465599,1.157727,-0.4759836,0.2447982,0.776765,0.4794887,0.3268034,
1,38,113.725,0.3465599,1.157727,-0.4759836,0.2447982,0.776765,0.4794887,0.3268034,
1,38,113.727,0.3477425,1.158091,-0.4760261,0.2405587,0.7774436,0.4816398,0.3251707,
1,38,113.729,0.3477425,1.158091,-0.4760261,0.2405587,0.7774436,0.4816398,0.3251707,
1,38,113.731,0.3477425,1.158091,-0.4760261,0.2405587,0.7774436,0.4816398,0.3251707,
1,38,113.733,0.3477425,1.158091,-0.4760261,0.2405587,0.7774436,0.4816398,0.3251707,
1,38,113.735,0.3483161,1.157784,-0.475752,0.2373202,0.7780775,0.4825755,0.3246468,
1,38,113.737,0.3483161,1.157784,-0.475752,0.2373202,0.7780775,0.4825755,0.3246468,
1,38,113.739,0.3483161,1.157784,-0.475752,0.2373202,0.7780775,0.4825755,0.3246468,
1,38,113.741,0.3483161,1.157784,-0.475752,0.2373202,0.7780775,0.4825755,0.3246468,
1,38,113.743,0.3489257,1.157722,-0.4757089,0.2349005,0.7782959,0.4837765,0.324095,
1,38,113.745,0.3489257,1.157722,-0.4757089,0.2349005,0.7782959,0.4837765,0.324095,
1,38,113.747,0.3489257,1.157722,-0.4757089,0.2349005,0.7782959,0.4837765,0.324095,
1,38,113.749,0.3489257,1.157722,-0.4757089,0.2349005,0.7782959,0.4837765,0.324095,
1,38,113.751,0.3494194,1.157677,-0.475671,0.2332151,0.7783831,0.4848415,0.3235108,
1,38,113.753,0.3494194,1.157677,-0.475671,0.2332151,0.7783831,0.4848415,0.3235108,
1,38,113.755,0.3494194,1.157677,-0.475671,0.2332151,0.7783831,0.4848415,0.3235108,CourtEnter
1,38,113.757,0.3494194,1.157677,-0.475671,0.2332151,0.7783831,0.4848415,0.3235108,
1,38,113.759,0.3498317,1.157647,-0.4757078,0.23257,0.7779114,0.4857373,0.3237659,
1,38,113.761,0.3498317,1.157647,-0.4757078,0.23257,0.7779114,0.4857373,0.3237659,
1,38,113.763,0.3498317,1.157647,-0.4757078,0.23257,0.7779114,0.4857373,0.3237659,
1,38,113.765,0.3498317,1.157647,-0.4757078,0.23257,0.7779114,0.4857373,0.3237659,
1,38,113.767,0.3498317,1.157647,-0.4757078,0.23257,0.7779114,0.4857373,0.3237659,CourtExit
1,38,113.769,0.3506165,1.157701,-0.4757042,0.2326898,0.7768722,0.4869239,0.324392,
1,38,113.771,0.3506165,1.157701,-0.4757042,0.2326898,0.7768722,0.4869239,0.324392,
1,38,113.773,0.3506165,1.157701,-0.4757042,0.2326898,0.7768722,0.4869239,0.324392,
1,38,113.775,0.3506165,1.157701,-0.4757042,0.2326898,0.7768722,0.4869239,0.324392,
1,38,113.777,0.3511072,1.15775,-0.4756404,0.2330916,0.7762771,0.4877102,0.324347,
1,38,113.779,0.3511072,1.15775,-0.4756404,0.2330916,0.7762771,0.4877102,0.324347,
1,38,113.781,0.3511072,1.15775,-0.4756404,0.2330916,0.7762771,0.4877102,0.324347,
1,38,113.783,0.3511072,1.15775,-0.4756404,0.2330916,0.7762771,0.4877102,0.324347,
1,38,113.785,0.3513725,1.157763,-0.4754906,0.2336272,0.7759645,0.4884329,0.3236213,
1,38,113.787,0.3513725,1.157763,-0.4754906,0.2336272,0.7759645,0.4884329,0.3236213,
1,38,113.789,0.3513725,1.157763,-0.4754906,0.2336272,0.7759645,0.4884329,0.3236213,
1,38,113.791,0.3513725,1.157763,-0.4754906,0.2336272,0.7759645,0.4884329,0.3236213,
1,38,113.793,0.3508751,1.158272,-0.4754165,0.2357377,0.7752395,0.4889465,0.3230525,
1,38,113.795,0.3508751,1.158272,-0.4754165,0.2357377,0.7752395,0.4889465,0.3230525,
1,38,113.797,0.3508751,1.158272,-0.4754165,0.2357377,0.7752395,0.4889465,0.3230525,
1,38,113.799,0.3508751,1.158272,-0.4754165,0.2357377,0.7752395,0.4889465,0.3230525,
1,38,113.801,0.3517445,1.15797,-0.4750699,0.2361224,0.7749786,0.4894354,0.3226569,
1,38,113.803,0.3517445,1.15797,-0.4750699,0.2361224,0.7749786,0.4894354,0.3226569,
1,38,113.805,0.3517445,1.15797,-0.4750699,0.2361224,0.7749786,0.4894354,0.3226569,
1,38,113.807,0.3517445,1.15797,-0.4750699,0.2361224,0.7749786,0.4894354,0.3226569,
1,38,113.809,0.351959,1.158226,-0.4749095,0.2379976,0.7742101,0.489787,0.3225905,
1,38,113.811,0.351959,1.158226,-0.4749095,0.2379976,0.7742101,0.489787,0.3225905,
1,38,113.813,0.351959,1.158226,-0.4749095,0.2379976,0.7742101,0.489787,0.3225905,
1,38,113.815,0.351959,1.158226,-0.4749095,0.2379976,0.7742101,0.489787,0.3225905,
1,38,113.817,0.351959,1.158226,-0.4749095,0.2379976,0.7742101,0.489787,0.3225905,
1,38,113.819,0.3522054,1.158387,-0.474658,0.2398445,0.7736368,0.4899307,0.3223796,
1,38,113.821,0.3522054,1.158387,-0.474658,0.2398445,0.7736368,0.4899307,0.3223796,
1,38,113.823,0.3522054,1.158387,-0.474658,0.2398445,0.7736368,0.4899307,0.3223796,
1,38,113.825,0.3522054,1.158387,-0.474658,0.2398445,0.7736368,0.4899307,0.3223796,
1,38,113.827,0.3523345,1.158452,-0.4743883,0.2420616,0.7729888,0.4898024,0.322472,
1,38,113.829,0.3523345,1.158452,-0.4743883,0.2420616,0.7729888,0.4898024,0.322472,
1,38,113.831,0.3523345,1.158452,-0.4743883,0.2420616,0.7729888,0.4898024,0.322472,
1,38,113.833,0.3523345,1.158452,-0.4743883,0.2420616,0.7729888,0.4898024,0.322472,
1,38,113.835,0.3522809,1.158409,-0.474056,0.2443928,0.7724864,0.4895021,0.3223734,
1,38,113.837,0.3522809,1.158409,-0.474056,0.2443928,0.7724864,0.4895021,0.3223734,
1,38,113.839,0.3522809,1.158409,-0.474056,0.2443928,0.7724864,0.4895021,0.3223734,
1,38,113.841,0.3522809,1.158409,-0.474056,0.2443928,0.7724864,0.4895021,0.3223734,
1,38,113.843,0.3519278,1.158446,-0.4738522,0.2475207,0.7716119,0.4888929,0.3230051,
1,38,113.845,0.3519278,1.158446,-0.4738522,0.2475207,0.7716119,0.4888929,0.3230051,
1,38,113.847,0.3519278,1.158446,-0.4738522,0.2475207,0.7716119,0.4888929,0.3230051,
1,38,113.849,0.3519278,1.158446,-0.4738522,0.2475207,0.7716119,0.4888929,0.3230051,
1,38,113.851,0.3520015,1.158425,-0.4735559,0.2498854,0.770933,0.4885811,0.3232772,
1,38,113.853,0.3520015,1.158425,-0.4735559,0.2498854,0.770933,0.4885811,0.3232772,
1,38,113.855,0.3520015,1.158425,-0.4735559,0.2498854,0.770933,0.4885811,0.3232772,
1,38,113.857,0.3520015,1.158425,-0.4735559,0.2498854,0.770933,0.4885811,0.3232772,
1,38,113.859,0.3524432,1.158357,-0.4732587,0.251694,0.7703519,0.4885159,0.323358,
1,38,113.861,0.3524432,1.158357,-0.4732587,0.251694,0.7703519,0.4885159,0.323358,
1,38,113.863,0.3524432,1.158357,-0.4732587,0.251694,0.7703519,0.4885159,0.323358,
1,38,113.865,0.3524432,1.158357,-0.4732587,0.251694,0.7703519,0.4885159,0.323358,
1,38,113.867,0.3524432,1.158357,-0.4732587,0.251694,0.7703519,0.4885159,0.323358,
1,38,113.869,0.3522182,1.158478,-0.4730077,0.2541377,0.7695644,0.4883212,0.3236156,
1,38,113.871,0.3522182,1.158478,-0.4730077,0.2541377,0.7695644,0.4883212,0.3236156,
1,38,113.873,0.3522182,1.158478,-0.4730077,0.2541377,0.7695644,0.4883212,0.3236156,
1,38,113.875,0.3522182,1.158478,-0.4730077,0.2541377,0.7695644,0.4883212,0.3236156,
1,38,113.877,0.3522631,1.15845,-0.4727151,0.2561201,0.768901,0.4882725,0.3237034,
1,38,113.879,0.3522631,1.15845,-0.4727151,0.2561201,0.768901,0.4882725,0.3237034,
1,38,113.881,0.3522631,1.15845,-0.4727151,0.2561201,0.768901,0.4882725,0.3237034,
1,38,113.883,0.3522631,1.15845,-0.4727151,0.2561201,0.768901,0.4882725,0.3237034,
1,38,113.885,0.3522125,1.158408,-0.472388,0.2579433,0.7683786,0.488263,0.3235103,
1,38,113.887,0.3522125,1.158408,-0.472388,0.2579433,0.7683786,0.488263,0.3235103,
1,38,113.889,0.3522125,1.158408,-0.472388,0.2579433,0.7683786,0.488263,0.3235103,
1,38,113.891,0.3522125,1.158408,-0.472388,0.2579433,0.7683786,0.488263,0.3235103,
1,38,113.893,0.3520705,1.158369,-0.4721227,0.2595527,0.7678847,0.4883381,0.3232824,
1,38,113.895,0.3520705,1.158369,-0.4721227,0.2595527,0.7678847,0.4883381,0.3232824,
1,38,113.897,0.3520705,1.158369,-0.4721227,0.2595527,0.7678847,0.4883381,0.3232824,
1,38,113.899,0.3520705,1.158369,-0.4721227,0.2595527,0.7678847,0.4883381,0.3232824,
1,38,113.901,0.3520289,1.158394,-0.4719627,0.2611763,0.7672234,0.4884686,0.3233475,
1,38,113.903,0.3520289,1.158394,-0.4719627,0.2611763,0.7672234,0.4884686,0.3233475,
1,38,113.905,0.3520289,1.158394,-0.4719627,0.2611763,0.7672234,0.4884686,0.3233475,
1,38,113.907,0.3520289,1.158394,-0.4719627,0.2611763,0.7672234,0.4884686,0.3233475,
1,38,113.909,0.3520208,1.158346,-0.4718344,0.2627006,0.7663952,0.4886686,0.3237745,
1,38,113.911,0.3520208,1.158346,-0.4718344,0.2627006,0.7663952,0.4886686,0.3237745,
1,38,113.913,0.3520208,1.158346,-0.4718344,0.2627006,0.7663952,0.4886686,0.3237745,
1,38,113.915,0.3520208,1.158346,-0.4718344,0.2627006,0.7663952,0.4886686,0.3237745,
1,38,113.917,0.3520208,1.158346,-0.4718344,0.2627006,0.7663952,0.4886686,0.3237745,
1,38,113.919,0.3519328,1.158188,-0.4716241,0.2639247,0.765705,0.4888032,0.3242084,
1,38,113.921,0.3519328,1.158188,-0.4716241,0.2639247,0.765705,0.4888032,0.3242084,
1,38,113.923,0.3519328,1.158188,-0.4716241,0.2639247,0.765705,0.4888032,0.3242084,
1,38,113.925,0.3519328,1.158188,-0.4716241,0.2639247,0.765705,0.4888032,0.3242084,
1,38,113.927,0.3517431,1.158055,-0.4714123,0.2647197,0.76523,0.4891156,0.3242107,
1,38,113.929,0.3517431,1.158055,-0.4714123,0.2647197,0.76523,0.4891156,0.3242107,
1,38,113.931,0.3517431,1.158055,-0.4714123,0.2647197,0.76523,0.4891156,0.3242107,
1,38,113.933,0.3517431,1.158055,-0.4714123,0.2647197,0.76523,0.4891156,0.3242107,
1,38,113.935,0.3519362,1.157949,-0.471254,0.2646851,0.7648431,0.4898406,0.3240572,
1,38,113.937,0.3519362,1.157949,-0.471254,0.2646851,0.7648431,0.4898406,0.3240572,
1,38,113.939,0.3519362,1.157949,-0.471254,0.2646851,0.7648431,0.4898406,0.3240572,
1,38,113.941,0.3519362,1.157949,-0.471254,0.2646851,0.7648431,0.4898406,0.3240572,
1,38,113.943,0.3516802,1.157947,-0.4710907,0.265221,0.7643656,0.4903061,0.324042,
1,38,113.945,0.3516802,1.157947,-0.4710907,0.265221,0.7643656,0.4903061,0.324042,
1,38,113.947,0.3516802,1.157947,-0.4710907,0.265221,0.7643656,0.4903061,0.324042,
1,38,113.949,0.3516802,1.157947,-0.4710907,0.265221,0.7643656,0.4903061,0.324042,
1,38,113.951,0.3516245,1.158077,-0.4710529,0.2650828,0.7639532,0.4910912,0.3239386,
1,38,113.953,0.3516245,1.158077,-0.4710529,0.2650828,0.7639532,0.4910912,0.3239386,
1,38,113.955,0.3516245,1.158077,-0.4710529,0.2650828,0.7639532,0.4910912,0.3239386,
1,38,113.957,0.3516245,1.158077,-0.4710529,0.2650828,0.7639532,0.4910912,0.3239386,
1,38,113.959,0.3516296,1.158155,-0.4709308,0.264412,0.7637323,0.4919325,0.3237309,
1,38,113.961,0.3516296,1.158155,-0.4709308,0.264412,0.7637323,0.4919325,0.3237309,
1,38,113.963,0.3516296,1.158155,-0.4709308,0.264412,0.7637323,0.4919325,0.3237309,
1,38,113.965,0.3516296,1.158155,-0.4709308,0.264412,0.7637323,0.4919325,0.3237309,
1,38,113.967,0.3516296,1.158155,-0.4709308,0.264412,0.7637323,0.4919325,0.3237309,
1,38,113.969,0.3515842,1.158141,-0.4707436,0.2634905,0.7637,0.4927343,0.3233387,
1,38,113.971,0.3515842,1.158141,-0.4707436,0.2634905,0.7637,0.4927343,0.3233387,
1,38,113.973,0.3515842,1.158141,-0.4707436,0.2634905,0.7637,0.4927343,0.3233387,
1,38,113.975,0.3515842,1.158141,-0.4707436,0.2634905,0.7637,0.4927343,0.3233387,
1,38,113.977,0.351417,1.158103,-0.4705222,0.2625914,0.763675,0.4933622,0.3231722,
1,38,113.979,0.351417,1.158103,-0.4705222,0.2625914,0.763675,0.4933622,0.3231722,
1,38,113.981,0.351417,1.158103,-0.4705222,0.2625914,0.763675,0.4933622,0.3231722,
1,38,113.983,0.351417,1.158103,-0.4705222,0.2625914,0.763675,0.4933622,0.3231722,
1,38,113.985,0.3514906,1.158078,-0.4703149,0.2615532,0.7636377,0.4939042,0.3232742,
1,38,113.987,0.3514906,1.158078,-0.4703149,0.2615532,0.7636377,0.4939042,0.3232742,
1,38,113.989,0.3514906,1.158078,-0.4703149,0.2615532,0.7636377,0.4939042,0.3232742,
1,38,113.991,0.3514906,1.158078,-0.4703149,0.2615532,0.7636377,0.4939042,0.3232742,
1,38,113.993,0.351656,1.157996,-0.4700849,0.2602983,0.763611,0.494434,0.3235402,
1,38,113.995,0.351656,1.157996,-0.4700849,0.2602983,0.763611,0.494434,0.3235402,
1,38,113.997,0.351656,1.157996,-0.4700849,0.2602983,0.763611,0.494434,0.3235402,
1,38,113.999,0.351656,1.157996,-0.4700849,0.2602983,0.763611,0.494434,0.3235402,
1,39,114.001,0.3519157,1.157939,-0.4698469,0.2588232,0.7637698,0.4950057,0.3234745,CourtExit
1,39,114.003,0.3519157,1.157939,-0.4698469,0.2588232,0.7637698,0.4950057,0.3234745,
1,39,114.005,0.3519157,1.157939,-0.4698469,0.2588232,0.7637698,0.4950057,0.3234745,
1,39,114.007,0.3519157,1.157939,-0.4698469,0.2588232,0.7637698,0.4950057,0.3234745,
1,39,114.009,0.3523547,1.15773,-0.469484,0.2571651,0.7640225,0.4955724,0.3233323,
1,39,114.011,0.3523547,1.15773,-0.469484,0.2571651,0.7640225,0.4955724,0.3233323,
1,39,114.013,0.3523547,1.15773,-0.469484,0.2571651,0.7640225,0.4955724,0.3233323,
1,39,114.015,0.3523547,1.15773,-0.469484,0.2571651,0.7640225,0.4955724,0.3233323,
1,39,114.017,0.3523547,1.15773,-0.469484,0.2571651,0.7640225,0.4955724,0.3233323,
1,39,114.019,0.3522343,1.157825,-0.4691938,0.2564473,0.763994,0.4959957,0.3233208,
1,39,114.021,0.3522343,1.157825,-0.4691938,0.2564473,0.763994,0.4959957,0.3233208,
1,39,114.023,0.3522343,1.157825,-0.4691938,0.2564473,0.763994,0.4959957,0.3233208,
1,39,114.025,0.3522343,1.157825,-0.4691938,0.2564473,0.763994,0.4959957,0.3233208,
1,39,114.027,0.3521206,1.157766,-0.46879,0.2556657,0.7641214,0.4963177,0.3231443,
1,39,114.029,0.3521206,1.157766,-0.46879,0.2556657,0.7641214,0.4963177,0.3231443,
1,39,114.031,0.3521206,1.157766,-0.46879,0.2556657,0.7641214,0.4963177,0.3231443,
1,39,114.033,0.3521206,1.157766,-0.46879,0.2556657,0.7641214,0.4963177,0.3231443,
1,39,114.035,0.351983,1.157782,-0.4684646,0.2551252,0.7641603,0.496619,0.3230169,
1,39,114.037,0.351983,1.157782,-0.4684646,0.2551252,0.7641603,0.496619,0.3230169,
1,39,114.039,0.351983,1.157782,-0.4684646,0.2551252,0.7641603,0.496619,0.3230169,
1,39,114.041,0.351983,1.157782,-0.4684646,0.2551252,0.7641603,0.496619,0.3230169,
1,39,114.043,0.3518355,1.157785,-0.4682215,0.2548973,0.7641497,0.4967857,0.3229655,
1,39,114.045,0.3518355,1.157785,-0.4682215,0.2548973,0.7641497,0.4967857,0.3229655,
1,39,114.047,0.3518355,1.157785,-0.4682215,0.2548973,0.7641497,0.4967857,0.3229655,
1,39,114.049,0.3518355,1.157785,-0.4682215,0.2548973,0.7641497,0.4967857,0.3229655,
1,39,114.051,0.3515677,1.157697,-0.4679949,0.2550217,0.7641393,0.4967507,0.3229455,
1,39,114.053,0.3515677,1.157697,-0.4679949,0.2550217,0.7641393,0.4967507,0.3229455,
1,39,114.055,0.3515677,1.157697,-0.4679949,0.2550217,0.7641393,0.4967507,0.3229455,
1,39,114.057,0.3515677,1.157697,-0.4679949,0.2550217,0.7641393,0.4967507,0.3229455,
1,39,114.059,0.3514665,1.157589,-0.4678707,0.2554396,0.7638519,0.496709,0.3233588,
1,39,114.061,0.3514665,1.157589,-0.4678707,0.2554396,0.7638519,0.496709,0.3233588,
1,39,114.063,0.3514665,1.157589,-0.4678707,0.2554396,0.7638519,0.496709,0.3233588,
1,39,114.065,0.3514665,1.157589,-0.4678707,0.2554396,0.7638519,0.496709,0.3233588,
1,39,114.067,0.3514665,1.157589,-0.4678707,0.2554396,0.7638519,0.496709,0.3233588,
1,39,114.069,0.3512425,1.1575,-0.4678227,0.2567833,0.76314,0.4964142,0.3244268,
1,39,114.071,0.3512425,1.1575,-0.4678227,0.2567833,0.76314,0.4964142,0.3244268,
1,39,114.073,0.3512425,1.1575,-0.4678227,0.2567833,0.76314,0.4964142,0.3244268,
1,39,114.075,0.3512425,1.1575,-0.4678227,0.2567833,0.76314,0.4964142,0.3244268,
1,39,114.077,0.3513148,1.157301,-0.4677348,0.2572255,0.7628199,0.4964711,0.3247423,
1,39,114.079,0.3513148,1.157301,-0.4677348,0.2572255,0.7628199,0.4964711,0.3247423,
1,39,114.081,0.3513148,1.157301,-0.4677348,0.2572255,0.7628199,0.4964711,0.3247423,
1,39,114.083,0.3513148,1.157301,-0.4677348,0.2572255,0.7628199,0.4964711,0.3247423,
1,39,114.085,0.3513052,1.157174,-0.4676899,0.2582233,0.7622592,0.4964964,0.3252277,
1,39,114.087,0.3513052,1.157174,-0.4676899,0.2582233,0.7622592,0.4964964,0.3252277,
1,39,114.089,0.3513052,1.157174,-0.4676899,0.2582233,0.7622592,0.4964964,0.3252277,
1,39,114.091,0.3513052,1.157174,-0.4676899,0.2582233,0.7622592,0.4964964,0.3252277,
1,39,114.093,0.3510114,1.157047,-0.4676536,0.2594459,0.7618199,0.4965424,0.3252137,
1,39,114.095,0.3510114,1.157047,-0.4676536,0.2594459,0.7618199,0.4965424,0.3252137,
1,39,114.097,0.3510114,1.157047,-0.4676536,0.2594459,0.7618199,0.4965424,0.3252137,
1,39,114.099,0.3510114,1.157047,-0.4676536,0.2594459,0.7618199,0.4965424,0.3252137,
1,39,114.101,0.3508506,1.157089,-0.4676896,0.2610419,0.7609365,0.4967474,0.3256912,
1,39,114.103,0.3508506,1.157089,-0.4676896,0.2610419,0.7609365,0.4967474,0.3256912,
1,39,114.105,0.3508506,1.157089,-0.4676896,0.2610419,0.7609365,0.4967474,0.3256912,
1,39,114.107,0.3508506,1.157089,-0.4676896,0.2610419,0.7609365,0.4967474,0.3256912,
1,39,114.109,0.3506636,1.15719,-0.4677573,0.2627256,0.7599483,0.4970124,0.3262401,
1,39,114.111,0.3506636,1.15719,-0.4677573,0.2627256,0.7599483,0.4970124,0.3262401,
1,39,114.113,0.3506636,1.15719,-0.4677573,0.2627256,0.7599483,0.4970124,0.3262401,
1,39,114.115,0.3506636,1.15719,-0.4677573,0.2627256,0.7599483,0.4970124,0.3262401,
1,39,114.117,0.3506636,1.15719,-0.4677573,0.2627256,0.7599483,0.4970124,0.3262401,
1,39,114.119,0.3504218,1.157351,-0.467753,0.2645941,0.7589037,0.4972941,0.3267319,
1,39,114.121,0.3504218,1.157351,-0.467753,0.2645941,0.7589037,0.4972941,0.3267319,
1,39,114.123,0.3504218,1.157351,-0.467753,0.2645941,0.7589037,0.4972941,0.3267319,
1,39,114.125,0.3504218,1.157351,-0.467753,0.2645941,0.7589037,0.4972941,0.3267319,
1,39,114.127,0.3502018,1.157579,-0.4678102,0.2664441,0.757789,0.4975616,0.327408,
1,39,114.129,0.3502018,1.157579,-0.4678102,0.2664441,0.757789,0.4975616,0.327408,
1,39,114.131,0.3502018,1.157579,-0.4678102,0.2664441,0.757789,0.4975616,0.327408,
1,39,114.133,0.3502018,1.157579,-0.4678102,0.2664441,0.757789,0.4975616,0.327408,
1,39,114.135,0.3498427,1.157769,-0.4678579,0.2682034,0.7568578,0.4977379,0.327857,
1,39,114.137,0.3498427,1.157769,-0.4678579,0.2682034,0.7568578,0.4977379,0.327857,
1,39,114.139,0.3498427,1.157769,-0.4678579,0.2682034,0.7568578,0.4977379,0.327857,
1,39,114.141,0.3498427,1.157769,-0.4678579,0.2682034,0.7568578,0.4977379,0.327857,
1,39,114.143,0.3494554,1.157935,-0.467856,0.2698927,0.7560227,0.4978592,0.3282132,
1,39,114.145,0.3494554,1.157935,-0.467856,0.2698927,0.7560227,0.4978592,0.3282132,
1,39,114.147,0.3494554,1.157935,-0.467856,0.2698927,0.7560227,0.4978592,0.3282132,
1,39,114.149,0.3494554,1.157935,-0.467856,0.2698927,0.7560227,0.4978592,0.3282132,
1,39,114.151,0.3492164,1.15825,-0.4678781,0.2714808,0.755138,0.4981325,0.3285249,
1,39,114.153,0.3492164,1.15825,-0.4678781,0.2714808,0.755138,0.4981325,0.3285249,
1,39,114.155,0.3492164,1.15825,-0.4678781,0.2714808,0.755138,0.4981325,0.3285249,
1,39,114.157,0.3492164,1.15825,-0.4678781,0.2714808,0.755138,0.4981325,0.3285249,
1,39,114.159,0.348969,1.158449,-0.4678951,0.2724312,0.7546759,0.4984148,0.3283722,
1,39,114.161,0.348969,1.158449,-0.4678951,0.2724312,0.7546759,0.4984148,0.3283722,
1,39,114.163,0.348969,1.158449,-0.4678951,0.2724312,0.7546759,0.4984148,0.3283722,
1,39,114.165,0.348969,1.158449,-0.4678951,0.2724312,0.7546759,0.4984148,0.3283722,
1,39,114.167,0.348969,1.158449,-0.4678951,0.2724312,0.7546759,0.4984148,0.3283722,
1,39,114.169,0.3487042,1.158518,-0.4678123,0.2732667,0.7544181,0.4984333,0.3282423,
1,39,114.171,0.3487042,1.158518,-0.4678123,0.2732667,0.7544181,0.4984333,0.3282423,
1,39,114.173,0.3487042,1.158518,-0.4678123,0.2732667,0.7544181,0.4984333,0.3282423,
1,39,114.175,0.3487042,1.158518,-0.4678123,0.2732667,0.7544181,0.4984333,0.3282423,
1,39,114.177,0.3483559,1.158519,-0.4676988,0.2739361,0.7543246,0.4983094,0.3280872,
1,39,114.179,0.3483559,1.158519,-0.4676988,0.2739361,0.7543246,0.4983094,0.3280872,
1,39,114.181,0.3483559,1.158519,-0.4676988,0.2739361,0.7543246,0.4983094,0.3280872,
1,39,114.183,0.3483559,1.158519,-0.4676988,0.2739361,0.7543246,0.4983094,0.3280872,
1,39,114.185,0.3480207,1.158487,-0.467608,0.2745494,0.7541538,0.498114,0.3282641,
1,39,114.187,0.3480207,1.158487,-0.467608,0.2745494,0.7541538,0.498114,0.3282641,
1,39,114.189,0.3480207,1.158487,-0.467608,0.2745494,0.7541538,0.498114,0.3282641,
1,39,114.191,0.3480207,1.158487,-0.467608,0.2745494,0.7541538,0.498114,0.3282641,
1,39,114.193,0.3477189,1.15849,-0.4675471,0.2748863,0.7541605,0.4979109,0.3282748,
1,39,114.195,0.3477189,1.15849,-0.4675471,0.2748863,0.7541605,0.4979109,0.3282748,
1,39,114.197,0.3477189,1.15849,-0.4675471,0.2748863,0.7541605,0.4979109,0.3282748,
1,39,114.199,0.3477189,1.15849,-0.4675471,0.2748863,0.7541605,0.4979109,0.3282748,
1,39,114.201,0.3474261,1.158506,-0.4675672,0.2750147,0.7541536,0.4977402,0.3284418,
1,39,114.203,0.3474261,1.158506,-0.4675672,0.2750147,0.7541536,0.4977402,0.3284418,
1,39,114.205,0.3474261,1.158506,-0.4675672,0.2750147,0.7541536,0.4977402,0.3284418,
1,39,114.207,0.3474261,1.158506,-0.4675672,0.2750147,0.7541536,0.4977402,0.3284418,
1,39,114.209,0.3472418,1.158536,-0.4676175,0.2748336,0.7542458,0.4976417,0.3285308,
1,39,114.211,0.3472418,1.158536,-0.4676175,0.2748336,0.7542458,0.4976417,0.3285308,
1,39,114.213,0.3472418,1.158536,-0.4676175,0.2748336,0.7542458,0.4976417,0.3285308,
1,39,114.215,0.3472418,1.158536,-0.4676175,0.2748336,0.7542458,0.4976417,0.3285308,
1,39,114.217,0.3472418,1.158536,-0.4676175,0.2748336,0.7542458,0.4976417,0.3285308,
1,39,114.219,0.3470783,1.158492,-0.4676681,0.2742983,0.7545066,0.4975991,0.3284441,
1,39,114.221,0.3470783,1.158492,-0.4676681,0.2742983,0.7545066,0.4975991,0.3284441,
1,39,114.223,0.3470783,1.158492,-0.4676681,0.2742983,0.7545066,0.4975991,0.3284441,
1,39,114.225,0.3470783,1.158492,-0.4676681,0.2742983,0.7545066,0.4975991,0.3284441,
1,39,114.227,0.3470542,1.158423,-0.4677162,0.2733859,0.7549141,0.4977114,0.3280977,
1,39,114.229,0.3470542,1.158423,-0.4677162,0.2733859,0.7549141,0.4977114,0.3280977,
1,39,114.231,0.3470542,1.158423,-0.4677162,0.2733859,0.7549141,0.4977114,0.3280977,
1,39,114.233,0.3470542,1.158423,-0.4677162,0.2733859,0.7549141,0.4977114,0.3280977,
1,39,114.235,0.3470232,1.15819,-0.4676943,0.2716281,0.7556776,0.497815,0.3276427,
1,39,114.237,0.3470232,1.15819,-0.4676943,0.2716281,0.7556776,0.497815,0.3276427,
1,39,114.239,0.3470232,1.15819,-0.4676943,0.2716281,0.7556776,0.497815,0.3276427,
1,39,114.241,0.3470232,1.15819,-0.4676943,0.2716281,0.7556776,0.497815,0.3276427,
1,39,114.243,0.3471005,1.158113,-0.4676739,0.2704752,0.756069,0.4979827,0.3274389,
1,39,114.245,0.3471005,1.158113,-0.4676739,0.2704752,0.756069,0.4979827,0.3274389,
1,39,114.247,0.3471005,1.158113,-0.4676739,0.2704752,0.756069,0.4979827,0.3274389,
1,39,114.249,0.3471005,1.158113,-0.4676739,0.2704752,0.756069,0.4979827,0.3274389,
1,39,114.251,0.3471142,1.157982,-0.4675984,0.269351,0.7565575,0.4980387,0.3271517,
1,39,114.253,0.3471142,1.157982,-0.4675984,0.269351,0.7565575,0.4980387,0.3271517,
1,39,114.255,0.3471142,1.157982,-0.4675984,0.269351,0.7565575,0.4980387,0.3271517,
1,39,114.257,0.3471142,1.157982,-0.4675984,0.269351,0.7565575,0.4980387,0.3271517,
1,39,114.259,0.3470529,1.157806,-0.4674796,0.268341,0.7570291,0.498076,0.3268341,
1,39,114.261,0.3470529,1.157806,-0.4674796,0.268341,0.7570291,0.498076,0.3268341,
1,39,114.263,0.3470529,1.157806,-0.4674796,0.268341,0.7570291,0.498076,0.3268341,
1,39,114.265,0.3470529,1.157806,-0.4674796,0.268341,0.7570291,0.498076,0.3268341,
1,39,114.267,0.3470529,1.157806,-0.4674796,0.268341,0.7570291,0.498076,0.3268341,
1,39,114.269,0.3470461,1.157693,-0.4674137,0.2674683,0.7573032,0.498193,0.3267357,
1,39,114.271,0.3470461,1.157693,-0.4674137,0.2674683,0.7573032,0.498193,0.3267357,
1,39,114.273,0.3470461,1.157693,-0.4674137,0.2674683,0.7573032,0.498193,0.3267357,
1,39,114.275,0.3470461,1.157693,-0.4674137,0.2674683,0.7573032,0.498193,0.3267357,
1,39,114.277,0.3469635,1.157705,-0.4673496,0.2668184,0.7575215,0.4983094,0.3265837,
1,39,114.279,0.3469635,1.157705,-0.4673496,0.2668184,0.7575215,0.4983094,0.3265837,
1,39,114.281,0.3469635,1.157705,-0.4673496,0.2668184,0.7575215,0.4983094,0.3265837,
1,39,114.283,0.3469635,1.157705,-0.4673496,0.2668184,0.7575215,0.4983094,0.3265837,
1,39,114.285,0.3468111,1.157675,-0.467273,0.2664422,0.7576252,0.498371,0.3265564,
1,39,114.287,0.3468111,1.157675,-0.467273,0.2664422,0.7576252,0.498371,0.3265564,
1,39,114.289,0.3468111,1.157675,-0.467273,0.2664422,0.7576252,0.498371,0.3265564,
1,39,114.291,0.3468111,1.157675,-0.467273,0.2664422,0.7576252,0.498371,0.3265564,
1,39,114.293,0.3468168,1.157735,-0.467239,0.2661894,0.7575355,0.4984998,0.3267742,
1,39,114.295,0.3468168,1.157735,-0.467239,0.2661894,0.7575355,0.4984998,0.3267742,
1,39,114.297,0.3468168,1.157735,-0.467239,0.2661894,0.7575355,0.4984998,0.3267742,
1,39,114.299,0.3468168,1.157735,-0.467239,0.2661894,0.7575355,0.4984998,0.3267742,
1,39,114.301,0.346822,1.157676,-0.4671871,0.2659175,0.757603,0.4986156,0.3266621,
1,39,114.303,0.346822,1.157676,-0.4671871,0.2659175,0.757603,0.4986156,0.3266621,
1,39,114.305,0.346822,1.157676,-0.4671871,0.2659175,0.757603,0.4986156,0.3266621,
1,39,114.307,0.346822,1.157676,-0.4671871,0.2659175,0.757603,0.4986156,0.3266621,
1,39,114.309,0.3467106,1.157623,-0.4671202,0.2658726,0.7575691,0.4987009,0.3266468,
1,39,114.311,0.3467106,1.157623,-0.4671202,0.2658726,0.7575691,0.4987009,0.3266468,
1,39,114.313,0.3467106,1.157623,-0.4671202,0.2658726,0.7575691,0.4987009,0.3266468,
1,39,114.315,0.3467106,1.157623,-0.4671202,0.2658726,0.7575691,0.4987009,0.3266468,
1,39,114.317,0.3467106,1.157623,-0.4671202,0.2658726,0.7575691,0.4987009,0.3266468,
1,39,114.319,0.3466982,1.157584,-0.4670653,0.2661122,0.7574066,0.4987927,0.3266887,
1,39,114.321,0.3466982,1.157584,-0.4670653,0.2661122,0.7574066,0.4987927,0.3266887,
1,39,114.323,0.3466982,1.157584,-0.4670653,0.2661122,0.7574066,0.4987927,0.3266887,
1,39,114.325,0.3466982,1.157584,-0.4670653,0.2661122,0.7574066,0.4987927,0.3266887,
1,39,114.327,0.3467075,1.15748,-0.4670088,0.2662385,0.7572968,0.4988343,0.3267765,
1,39,114.329,0.3467075,1.15748,-0.4670088,0.2662385,0.7572968,0.4988343,0.3267765,
1,39,114.331,0.3467075,1.15748,-0.4670088,0.2662385,0.7572968,0.4988343,0.3267765,
1,39,114.333,0.3467075,1.15748,-0.4670088,0.2662385,0.7572968,0.4988343,0.3267765,
1,39,114.335,0.3466159,1.157416,-0.4669313,0.26657,0.7572924,0.4988133,0.3265486,
1,39,114.337,0.3466159,1.157416,-0.4669313,0.26657,0.7572924,0.4988133,0.3265486,
1,39,114.339,0.3466159,1.157416,-0.4669313,0.26657,0.7572924,0.4988133,0.3265486,
1,39,114.341,0.3466159,1.157416,-0.4669313,0.26657,0.7572924,0.4988133,0.3265486,
1,39,114.343,0.3465044,1.157362,-0.4668323,0.2670554,0.7570956,0.4988215,0.3265961,
1,39,114.345,0.3465044,1.157362,-0.4668323,0.2670554,0.7570956,0.4988215,0.3265961,
1,39,114.347,0.3465044,1.157362,-0.4668323,0.2670554,0.7570956,0.4988215,0.3265961,
1,39,114.349,0.3465044,1.157362,-0.4668323,0.2670554,0.7570956,0.4988215,0.3265961,
1,39,114.351,0.3464296,1.157475,-0.4668178,0.2678039,0.7567208,0.4988792,0.3267635,
1,39,114.353,0.3464296,1.157475,-0.4668178,0.2678039,0.7567208,0.4988792,0.3267635,
1,39,114.355,0.3464296,1.157475,-0.4668178,0.2678039,0.7567208,0.4988792,0.3267635,
1,39,114.357,0.3464296,1.157475,-0.4668178,0.2678039,0.7567208,0.4988792,0.3267635,
1,39,114.359,0.3463044,1.157551,-0.4668145,0.2687801,0.7561939,0.4988295,0.3272573,
1,39,114.361,0.3463044,1.157551,-0.4668145,0.2687801,0.7561939,0.4988295,0.3272573,
1,39,114.363,0.3463044,1.157551,-0.4668145,0.2687801,0.7561939,0.4988295,0.3272573,
1,39,114.365,0.3463044,1.157551,-0.4668145,0.2687801,0.7561939,0.4988295,0.3272573,
1,39,114.367,0.3463044,1.157551,-0.4668145,0.2687801,0.7561939,0.4988295,0.3272573,
1,39,114.369,0.3462966,1.157451,-0.4666516,0.2692116,0.756168,0.4987615,0.3270658,
1,39,114.371,0.3462966,1.157451,-0.4666516,0.2692116,0.756168,0.4987615,0.3270658,
1,39,114.373,0.3462966,1.157451,-0.4666516,0.2692116,0.756168,0.4987615,0.3270658,
1,39,114.375,0.3462966,1.157451,-0.4666516,0.2692116,0.756168,0.4987615,0.3270658,
1,39,114.377,0.3460672,1.157434,-0.4665747,0.2699594,0.7559128,0.4986911,0.3271466,
1,39,114.379,0.3460672,1.157434,-0.4665747,0.2699594,0.7559128,0.4986911,0.3271466,
1,39,114.381,0.3460672,1.157434,-0.4665747,0.2699594,0.7559128,0.4986911,0.3271466,
1,39,114.383,0.3460672,1.157434,-0.4665747,0.2699594,0.7559128,0.4986911,0.3271466,
1,39,114.385,0.3456237,1.157532,-0.4665262,0.2712873,0.7553471,0.4985649,0.3275473,
1,39,114.387,0.3456237,1.157532,-0.4665262,0.2712873,0.7553471,0.4985649,0.3275473,
1,39,114.389,0.3456237,1.157532,-0.4665262,0.2712873,0.7553471,0.4985649,0.3275473,
1,39,114.391,0.3456237,1.157532,-0.4665262,0.2712873,0.7553471,0.4985649,0.3275473,
1,39,114.393,0.3453757,1.157635,-0.4665317,0.2718856,0.7550045,0.4986321,0.3277386,
1,39,114.395,0.3453757,1.157635,-0.4665317,0.2718856,0.7550045,0.4986321,0.3277386,
1,39,114.397,0.3453757,1.157635,-0.4665317,0.2718856,0.7550045,0.4986321,0.3277386,
1,39,114.399,0.3453757,1.157635,-0.4665317,0.2718856,0.7550045,0.4986321,0.3277386,
1,39,114.401,0.3452872,1.157555,-0.4664555,0.2721592,0.7548405,0.498681,0.3278148,
1,39,114.403,0.3452872,1.157555,-0.4664555,0.2721592,0.7548405,0.498681,0.3278148,
1,39,114.405,0.3452872,1.157555,-0.4664555,0.2721592,0.7548405,0.498681,0.3278148,
1,39,114.407,0.3452872,1.157555,-0.4664555,0.2721592,0.7548405,0.498681,0.3278148,
1,39,114.409,0.3451042,1.157531,-0.4663678,0.2724483,0.7546065,0.4987373,0.3280275,
1,39,114.411,0.3451042,1.157531,-0.4663678,0.2724483,0.7546065,0.4987373,0.3280275,
1,39,114.413,0.3451042,1.157531,-0.4663678,0.2724483,0.7546065,0.4987373,0.3280275,
1,39,114.415,0.3451042,1.157531,-0.4663678,0.2724483,0.7546065,0.4987373,0.3280275,
1,39,114.417,0.3451042,1.157531,-0.4663678,0.2724483,0.7546065,0.4987373,0.3280275,
1,39,114.419,0.3450031,1.157531,-0.4662899,0.272573,0.7543901,0.4988381,0.3282683,
1,39,114.421,0.3450031,1.157531,-0.4662899,0.272573,0.7543901,0.4988381,0.3282683,
1,39,114.423,0.3450031,1.157531,-0.4662899,0.272573,0.7543901,0.4988381,0.3282683,
1,39,114.425,0.3450031,1.157531,-0.4662899,0.272573,0.7543901,0.4988381,0.3282683,
1,39,114.427,0.344755,1.157395,-0.4661472,0.2725981,0.7543555,0.4988858,0.3282546,
1,39,114.429,0.344755,1.157395,-0.4661472,0.2725981,0.7543555,0.4988858,0.3282546,
1,39,114.431,0.344755,1.157395,-0.4661472,0.2725981,0.7543555,0.4988858,0.3282546,
1,39,114.433,0.344755,1.157395,-0.4661472,0.2725981,0.7543555,0.4988858,0.3282546,
1,39,114.435,0.3444838,1.157405,-0.4660918,0.2726515,0.7540199,0.4990681,0.3287038,
1,39,114.437,0.3444838,1.157405,-0.4660918,0.2726515,0.7540199,0.4990681,0.3287038,
1,39,114.439,0.3444838,1.157405,-0.4660918,0.2726515,0.7540199,0.4990681,0.3287038,
1,39,114.441,0.3444838,1.157405,-0.4660918,0.2726515,0.7540199,0.4990681,0.3287038,
1,39,114.443,0.3445771,1.15755,-0.4660487,0.2721591,0.7538348,0.4995732,0.3287691,
1,39,114.445,0.3445771,1.15755,-0.4660487,0.2721591,0.7538348,0.4995732,0.3287691,
1,39,114.447,0.3445771,1.15755,-0.4660487,0.2721591,0.7538348,0.4995732,0.3287691,
1,39,114.449,0.3445771,1.15755,-0.4660487,0.2721591,0.7538348,0.4995732,0.3287691,
1,39,114.451,0.3442508,1.15755,-0.465958,0.2719225,0.7537667,0.4998123,0.3287578,
1,39,114.453,0.3442508,1.15755,-0.465958,0.2719225,0.7537667,0.4998123,0.3287578,
1,39,114.455,0.3442508,1.15755,-0.465958,0.2719225,0.7537667,0.4998123,0.3287578,
1,39,114.457,0.3442508,1.15755,-0.465958,0.2719225,0.7537667,0.4998123,0.3287578,
1,39,114.459,0.3441019,1.157646,-0.4659007,0.2711366,0.753656,0.5003897,0.3287821,
1,39,114.461,0.3441019,1.157646,-0.4659007,0.2711366,0.753656,0.5003897,0.3287821,
1,39,114.463,0.3441019,1.157646,-0.4659007,0.2711366,0.753656,0.5003897,0.3287821,
1,39,114.465,0.3441019,1.157646,-0.4659007,0.2711366,0.753656,0.5003897,0.3287821,
1,39,114.467,0.3441019,1.157646,-0.4659007,0.2711366,0.753656,0.5003897,0.3287821,
1,39,114.469,0.3439499,1.157622,-0.4658024,0.2705601,0.7536509,0.500613,0.3289288,
1,39,114.471,0.3439499,1.157622,-0.4658024,0.2705601,0.7536509,0.500613,0.3289288,
1,39,114.473,0.3439499,1.157622,-0.4658024,0.2705601,0.7536509,0.500613,0.3289288,
1,39,114.475,0.3439499,1.157622,-0.4658024,0.2705601,0.7536509,0.500613,0.3289288,
1,39,114.477,0.3434691,1.157622,-0.4657095,0.2704856,0.7535239,0.5006407,0.3292387,
1,39,114.479,0.3434691,1.157622,-0.4657095,0.2704856,0.7535239,0.5006407,0.3292387,
1,39,114.481,0.3434691,1.157622,-0.4657095,0.2704856,0.7535239,0.5006407,0.3292387,
1,39,114.483,0.3434691,1.157622,-0.4657095,0.2704856,0.7535239,0.5006407,0.3292387,
1,39,114.485,0.3436437,1.157596,-0.4655981,0.269847,0.753323,0.5008572,0.3298926,
1,39,114.487,0.3436437,1.157596,-0.4655981,0.269847,0.753323,0.5008572,0.3298926,
1,39,114.489,0.3436437,1.157596,-0.4655981,0.269847,0.753323,0.5008572,0.3298926,
1,39,114.491,0.3436437,1.157596,-0.4655981,0.269847,0.753323,0.5008572,0.3298926,
1,39,114.493,0.3432267,1.157618,-0.4654621,0.2696095,0.7533178,0.5009224,0.3299997,
1,39,114.495,0.3432267,1.157618,-0.4654621,0.2696095,0.7533178,0.5009224,0.3299997,
1,39,114.497,0.3432267,1.157618,-0.4654621,0.2696095,0.7533178,0.5009224,0.3299997,
1,39,114.499,0.3432267,1.157618,-0.4654621,0.2696095,0.7533178,0.5009224,0.3299997,
1,39,114.501,0.3430842,1.157648,-0.4654073,0.2690267,0.7532302,0.501171,0.3302978,
1,39,114.503,0.3430842,1.157648,-0.4654073,0.2690267,0.7532302,0.501171,0.3302978,
1,39,114.505,0.3430842,1.157648,-0.4654073,0.2690267,0.7532302,0.501171,0.3302978,
1,39,114.507,0.3430842,1.157648,-0.4654073,0.2690267,0.7532302,0.501171,0.3302978,
1,39,114.509,0.3432571,1.157639,-0.4653806,0.2683306,0.7530888,0.501454,0.3307567,
1,39,114.511,0.3432571,1.157639,-0.4653806,0.2683306,0.7530888,0.501454,0.3307567,
1,39,114.513,0.3432571,1.157639,-0.4653806,0.2683306,0.7530888,0.501454,0.3307567,
1,39,114.515,0.3432571,1.157639,-0.4653806,0.2683306,0.7530888,0.501454,0.3307567,
1,39,114.517,0.3432571,1.157639,-0.4653806,0.2683306,0.7530888,0.501454,0.3307567,
1,39,114.519,0.3432813,1.15758,-0.4652615,0.2676797,0.7531447,0.5016751,0.3308213,
1,39,114.521,0.3432813,1.15758,-0.4652615,0.2676797,0.7531447,0.5016751,0.3308213,
1,39,114.523,0.3432813,1.15758,-0.4652615,0.2676797,0.7531447,0.5016751,0.3308213,
1,39,114.525,0.3432813,1.15758,-0.4652615,0.2676797,0.7531447,0.5016751,0.3308213,
1,39,114.527,0.3434256,1.157607,-0.4652412,0.2673062,0.7528497,0.501922,0.3314198,
1,39,114.529,0.3434256,1.157607,-0.4652412,0.2673062,0.7528497,0.501922,0.3314198,
1,39,114.531,0.3434256,1.157607,-0.4652412,0.2673062,0.7528497,0.501922,0.3314198,
1,39,114.533,0.3434256,1.157607,-0.4652412,0.2673062,0.7528497,0.501922,0.3314198,
1,39,114.535,0.3433536,1.157643,-0.4651142,0.2665058,0.7529839,0.5022999,0.3311868,
1,39,114.537,0.3433536,1.157643,-0.4651142,0.2665058,0.7529839,0.5022999,0.3311868,
1,39,114.539,0.3433536,1.157643,-0.4651142,0.2665058,0.7529839,0.5022999,0.3311868,
1,39,114.541,0.3433536,1.157643,-0.4651142,0.2665058,0.7529839,0.5022999,0.3311868,
1,39,114.543,0.3431932,1.157661,-0.4650451,0.2662587,0.7529645,0.5023816,0.331306,
1,39,114.545,0.3431932,1.157661,-0.4650451,0.2662587,0.7529645,0.5023816,0.331306,
1,39,114.547,0.3431932,1.157661,-0.4650451,0.2662587,0.7529645,0.5023816,0.331306,
1,39,114.549,0.3431932,1.157661,-0.4650451,0.2662587,0.7529645,0.5023816,0.331306,
1,39,114.551,0.3431204,1.157686,-0.4650243,0.2663216,0.7526923,0.5024238,0.3318094,
1,39,114.553,0.3431204,1.157686,-0.4650243,0.2663216,0.7526923,0.5024238,0.3318094,
1,39,114.555,0.3431204,1.157686,-0.4650243,0.2663216,0.7526923,0.5024238,0.3318094,
1,39,114.557,0.3431204,1.157686,-0.4650243,0.2663216,0.7526923,0.5024238,0.3318094,
1,39,114.559,0.3430201,1.157613,-0.4649296,0.2661238,0.7527195,0.5024542,0.3318607,
1,39,114.561,0.3430201,1.157613,-0.4649296,0.2661238,0.7527195,0.5024542,0.3318607,
1,39,114.563,0.3430201,1.157613,-0.4649296,0.2661238,0.7527195,0.5024542,0.3318607,
1,39,114.565,0.3430201,1.157613,-0.4649296,0.2661238,0.7527195,0.5024542,0.3318607,
1,39,114.567,0.3430201,1.157613,-0.4649296,0.2661238,0.7527195,0.5024542,0.3318607,
1,39,114.569,0.342923,1.157685,-0.4649242,0.2660637,0.7525945,0.5025514,0.3320448,
1,39,114.571,0.342923,1.157685,-0.4649242,0.2660637,0.7525945,0.5025514,0.3320448,
1,39,114.573,0.342923,1.157685,-0.4649242,0.2660637,0.7525945,0.5025514,0.3320448,
1,39,114.575,0.342923,1.157685,-0.4649242,0.2660637,0.7525945,0.5025514,0.3320448,
1,39,114.577,0.3428004,1.157631,-0.4648471,0.2659933,0.7526121,0.5025246,0.3321019,
1,39,114.579,0.3428004,1.157631,-0.4648471,0.2659933,0.7526121,0.5025246,0.3321019,
1,39,114.581,0.3428004,1.157631,-0.4648471,0.2659933,0.7526121,0.5025246,0.3321019,
1,39,114.583,0.3428004,1.157631,-0.4648471,0.2659933,0.7526121,0.5025246,0.3321019,
1,39,114.585,0.342671,1.15764,-0.4648251,0.2661293,0.7524479,0.5024866,0.3324224,
1,39,114.587,0.342671,1.15764,-0.4648251,0.2661293,0.7524479,0.5024866,0.3324224,
1,39,114.589,0.342671,1.15764,-0.4648251,0.2661293,0.7524479,0.5024866,0.3324224,
1,39,114.591,0.342671,1.15764,-0.4648251,0.2661293,0.7524479,0.5024866,0.3324224,
1,39,114.593,0.3426091,1.157685,-0.4648303,0.2664022,0.7521243,0.502411,0.3330496,
1,39,114.595,0.3426091,1.157685,-0.4648303,0.2664022,0.7521243,0.502411,0.3330496,
1,39,114.597,0.3426091,1.157685,-0.4648303,0.2664022,0.7521243,0.502411,0.3330496,
1,39,114.599,0.3426091,1.157685,-0.4648303,0.2664022,0.7521243,0.502411,0.3330496,
1,39,114.601,0.3425281,1.157674,-0.4647613,0.2664376,0.7520775,0.5023683,0.3331915,
1,39,114.603,0.3425281,1.157674,-0.4647613,0.2664376,0.7520775,0.5023683,0.3331915,
1,39,114.605,0.3425281,1.157674,-0.4647613,0.2664376,0.7520775,0.5023683,0.3331915,
1,39,114.607,0.3425281,1.157674,-0.4647613,0.2664376,0.7520775,0.5023683,0.3331915,
1,39,114.609,0.3423544,1.15769,-0.4647074,0.2664171,0.7520185,0.5024028,0.333289,
1,39,114.611,0.3423544,1.15769,-0.4647074,0.2664171,0.7520185,0.5024028,0.333289,
1,39,114.613,0.3423544,1.15769,-0.4647074,0.2664171,0.7520185,0.5024028,0.333289,
1,39,114.615,0.3423544,1.15769,-0.4647074,0.2664171,0.7520185,0.5024028,0.333289,
1,39,114.617,0.3423544,1.15769,-0.4647074,0.2664171,0.7520185,0.5024028,0.333289,
1,39,114.619,0.3422689,1.157674,-0.4646372,0.2662744,0.7520712,0.5024563,0.3332033,
1,39,114.621,0.3422689,1.157674,-0.4646372,0.2662744,0.7520712,0.5024563,0.3332033,
1,39,114.623,0.3422689,1.157674,-0.4646372,0.2662744,0.7520712,0.5024563,0.3332033,
1,39,114.625,0.3422689,1.157674,-0.4646372,0.2662744,0.7520712,0.5024563,0.3332033,
1,39,114.627,0.3421404,1.157704,-0.4646076,0.2663493,0.7519295,0.5024799,0.3334278,
1,39,114.629,0.3421404,1.157704,-0.4646076,0.2663493,0.7519295,0.5024799,0.3334278,
1,39,114.631,0.3421404,1.157704,-0.4646076,0.2663493,0.7519295,0.5024799,0.3334278,
1,39,114.633,0.3421404,1.157704,-0.4646076,0.2663493,0.7519295,0.5024799,0.3334278,
1,39,114.635,0.3421921,1.157651,-0.4645547,0.2661659,0.7519009,0.5025241,0.3335722,
1,39,114.637,0.3421921,1.157651,-0.4645547,0.2661659,0.7519009,0.5025241,0.3335722,
1,39,114.639,0.3421921,1.157651,-0.4645547,0.2661659,0.7519009,0.5025241,0.3335722,
1,39,114.641,0.3421921,1.157651,-0.4645547,0.2661659,0.7519009,0.5025241,0.3335722,
1,39,114.643,0.3420525,1.15764,-0.4645041,0.2661346,0.7518818,0.5025535,0.3335958,
1,39,114.645,0.3420525,1.15764,-0.4645041,0.2661346,0.7518818,0.5025535,0.3335958,
1,39,114.647,0.3420525,1.15764,-0.4645041,0.2661346,0.7518818,0.5025535,0.3335958,
1,39,114.649,0.3420525,1.15764,-0.4645041,0.2661346,0.7518818,0.5025535,0.3335958,
1,39,114.651,0.3419293,1.157633,-0.4644923,0.2661406,0.7518185,0.5025758,0.3337002,
1,39,114.653,0.3419293,1.157633,-0.4644923,0.2661406,0.7518185,0.5025758,0.3337002,
1,39,114.655,0.3419293,1.157633,-0.4644923,0.2661406,0.7518185,0.5025758,0.3337002,
1,39,114.657,0.3419293,1.157633,-0.4644923,0.2661406,0.7518185,0.5025758,0.3337002,
1,39,114.659,0.3419666,1.157702,-0.4645368,0.2662084,0.7515583,0.5026839,0.334069,
1,39,114.661,0.3419666,1.157702,-0.4645368,0.2662084,0.7515583,0.5026839,0.334069,
1,39,114.663,0.3419666,1.157702,-0.4645368,0.2662084,0.7515583,0.5026839,0.334069,
1,39,114.665,0.3419666,1.157702,-0.4645368,0.2662084,0.7515583,0.5026839,0.334069,
1,39,114.667,0.3419666,1.157702,-0.4645368,0.2662084,0.7515583,0.5026839,0.334069,
1,39,114.669,0.3418662,1.157664,-0.4644949,0.2660587,0.7516448,0.502759,0.3338805,
1,39,114.671,0.3418662,1.157664,-0.4644949,0.2660587,0.7516448,0.502759,0.3338805,
1,39,114.673,0.3418662,1.157664,-0.4644949,0.2660587,0.7516448,0.502759,0.3338805,
1,39,114.675,0.3418662,1.157664,-0.4644949,0.2660587,0.7516448,0.502759,0.3338805,
1,39,114.677,0.3417723,1.157661,-0.4644774,0.2660227,0.751618,0.5028176,0.3338813,
1,39,114.679,0.3417723,1.157661,-0.4644774,0.2660227,0.751618,0.5028176,0.3338813,
1,39,114.681,0.3417723,1.157661,-0.4644774,0.2660227,0.751618,0.5028176,0.3338813,
1,39,114.683,0.3417723,1.157661,-0.4644774,0.2660227,0.751618,0.5028176,0.3338813,
1,39,114.685,0.3417873,1.157586,-0.4644215,0.2656903,0.7518059,0.5029205,0.333568,
1,39,114.687,0.3417873,1.157586,-0.4644215,0.2656903,0.7518059,0.5029205,0.333568,
1,39,114.689,0.3417873,1.157586,-0.4644215,0.2656903,0.7518059,0.5029205,0.333568,
1,39,114.691,0.3417873,1.157586,-0.4644215,0.2656903,0.7518059,0.5029205,0.333568,
1,39,114.693,0.3418185,1.157608,-0.4644498,0.2656051,0.7518015,0.5030055,0.3335175,
1,39,114.695,0.3418185,1.157608,-0.4644498,0.2656051,0.7518015,0.5030055,0.3335175,
1,39,114.697,0.3418185,1.157608,-0.4644498,0.2656051,0.7518015,0.5030055,0.3335175,
1,39,114.699,0.3418185,1.157608,-0.4644498,0.2656051,0.7518015,0.5030055,0.3335175,
1,39,114.701,0.3417868,1.157595,-0.4644562,0.2656002,0.7518184,0.5030002,0.3334914,
1,39,114.703,0.3417868,1.157595,-0.4644562,0.2656002,0.7518184,0.5030002,0.3334914,
1,39,114.705,0.3417868,1.157595,-0.4644562,0.2656002,0.7518184,0.5030002,0.3334914,
1,39,114.707,0.3417868,1.157595,-0.4644562,0.2656002,0.7518184,0.5030002,0.3334914,
1,39,114.709,0.3418331,1.157678,-0.4645507,0.2657563,0.7516066,0.5030249,0.3338069,
1,39,114.711,0.3418331,1.157678,-0.4645507,0.2657563,0.7516066,0.5030249,0.3338069,
1,39,114.713,0.3418331,1.157678,-0.4645507,0.2657563,0.7516066,0.5030249,0.3338069,
1,39,114.715,0.3418331,1.157678,-0.4645507,0.2657563,0.7516066,0.5030249,0.3338069,
1,39,114.717,0.3418331,1.157678,-0.4645507,0.2657563,0.7516066,0.5030249,0.3338069,
1,39,114.719,0.3418957,1.157722,-0.4645682,0.2659048,0.7515247,0.5029659,0.3339619,
1,39,114.721,0.3418957,1.157722,-0.4645682,0.2659048,0.7515247,0.5029659,0.3339619,
1,39,114.723,0.3418957,1.157722,-0.4645682,0.2659048,0.7515247,0.5029659,0.3339619,
1,39,114.725,0.3418957,1.157722,-0.4645682,0.2659048,0.7515247,0.5029659,0.3339619,
1,39,114.727,0.3419402,1.15768,-0.4645365,0.2658636,0.7516229,0.5029219,0.3338401,
1,39,114.729,0.3419402,1.15768,-0.4645365,0.2658636,0.7516229,0.5029219,0.3338401,
1,39,114.731,0.3419402,1.15768,-0.4645365,0.2658636,0.7516229,0.5029219,0.3338401,
1,39,114.733,0.3419402,1.15768,-0.4645365,0.2658636,0.7516229,0.5029219,0.3338401,
1,39,114.735,0.3419168,1.157671,-0.4645785,0.2660444,0.751512,0.5028747,0.3340168,
1,39,114.737,0.3419168,1.157671,-0.4645785,0.2660444,0.751512,0.5028747,0.3340168,
1,39,114.739,0.3419168,1.157671,-0.4645785,0.2660444,0.751512,0.5028747,0.3340168,
1,39,114.741,0.3419168,1.157671,-0.4645785,0.2660444,0.751512,0.5028747,0.3340168,
1,39,114.743,0.3420077,1.157604,-0.4645224,0.2658552,0.7517548,0.5028908,0.3335964,
1,39,114.745,0.3420077,1.157604,-0.4645224,0.2658552,0.7517548,0.5028908,0.3335964,
1,39,114.747,0.3420077,1.157604,-0.4645224,0.2658552,0.7517548,0.5028908,0.3335964,
1,39,114.749,0.3420077,1.157604,-0.4645224,0.2658552,0.7517548,0.5028908,0.3335964,
1,39,114.751,0.3420478,1.157571,-0.4645416,0.265899,0.7517777,0.5028875,0.3335148,
1,39,114.753,0.3420478,1.157571,-0.4645416,0.265899,0.7517777,0.5028875,0.3335148,
1,39,114.755,0.3420478,1.157571,-0.4645416,0.265899,0.7517777,0.5028875,0.3335148,
1,39,114.757,0.3420478,1.157571,-0.4645416,0.265899,0.7517777,0.5028875,0.3335148,
1,39,114.759,0.3420272,1.157491,-0.4645244,0.2661508,0.7517514,0.5027905,0.3335198,
1,39,114.761,0.3420272,1.157491,-0.4645244,0.2661508,0.7517514,0.5027905,0.3335198,
1,39,114.763,0.3420272,1.157491,-0.4645244,0.2661508,0.7517514,0.5027905,0.3335198,
1,39,114.765,0.3420272,1.157491,-0.4645244,0.2661508,0.7517514,0.5027905,0.3335198,
1,39,114.767,0.3420272,1.157491,-0.4645244,0.2661508,0.7517514,0.5027905,0.3335198,
1,39,114.769,0.342034,1.157453,-0.4645302,0.2663174,0.7516941,0.5027716,0.3335441,
1,39,114.771,0.342034,1.157453,-0.4645302,0.2663174,0.7516941,0.5027716,0.3335441,
1,39,114.773,0.342034,1.157453,-0.4645302,0.2663174,0.7516941,0.5027716,0.3335441,
1,39,114.775,0.342034,1.157453,-0.4645302,0.2663174,0.7516941,0.5027716,0.3335441,
1,39,114.777,0.3420658,1.157434,-0.4645672,0.2665378,0.7515252,0.5027957,0.3337124,
1,39,114.779,0.3420658,1.157434,-0.4645672,0.2665378,0.7515252,0.5027957,0.3337124,
1,39,114.781,0.3420658,1.157434,-0.4645672,0.2665378,0.7515252,0.5027957,0.3337124,
1,39,114.783,0.3420658,1.157434,-0.4645672,0.2665378,0.7515252,0.5027957,0.3337124,
1,39,114.785,0.3420529,1.157413,-0.4646366,0.26678,0.7513756,0.502843,0.3337847,
1,39,114.787,0.3420529,1.157413,-0.4646366,0.26678,0.7513756,0.502843,0.3337847,
1,39,114.789,0.3420529,1.157413,-0.4646366,0.26678,0.7513756,0.502843,0.3337847,
1,39,114.791,0.3420529,1.157413,-0.4646366,0.26678,0.7513756,0.502843,0.3337847,
1,39,114.793,0.3420092,1.157445,-0.4646773,0.2670695,0.751229,0.5028664,0.3338477,
1,39,114.795,0.3420092,1.157445,-0.4646773,0.2670695,0.751229,0.5028664,0.3338477,
1,39,114.797,0.3420092,1.157445,-0.4646773,0.2670695,0.751229,0.5028664,0.3338477,
1,39,114.799,0.3420092,1.157445,-0.4646773,0.2670695,0.751229,0.5028664,0.3338477,
1,39,114.801,0.3420611,1.157364,-0.4646933,0.2671386,0.7511896,0.5029037,0.3338249,
1,39,114.803,0.3420611,1.157364,-0.4646933,0.2671386,0.7511896,0.5029037,0.3338249,
1,39,114.805,0.3420611,1.157364,-0.4646933,0.2671386,0.7511896,0.5029037,0.3338249,
1,39,114.807,0.3420611,1.157364,-0.4646933,0.2671386,0.7511896,0.5029037,0.3338249,
1,39,114.809,0.3420439,1.157357,-0.4647678,0.2673209,0.7510404,0.5029712,0.3339128,
1,39,114.811,0.3420439,1.157357,-0.4647678,0.2673209,0.7510404,0.5029712,0.3339128,
1,39,114.813,0.3420439,1.157357,-0.4647678,0.2673209,0.7510404,0.5029712,0.3339128,
1,39,114.815,0.3420439,1.157357,-0.4647678,0.2673209,0.7510404,0.5029712,0.3339128,
1,39,114.817,0.3420439,1.157357,-0.4647678,0.2673209,0.7510404,0.5029712,0.3339128,
1,39,114.819,0.3420829,1.157304,-0.4647886,0.2673766,0.751049,0.5030428,0.3337412,
1,39,114.821,0.3420829,1.157304,-0.4647886,0.2673766,0.751049,0.5030428,0.3337412,
1,39,114.823,0.3420829,1.157304,-0.4647886,0.2673766,0.751049,0.5030428,0.3337412,
1,39,114.825,0.3420829,1.157304,-0.4647886,0.2673766,0.751049,0.5030428,0.3337412,
1,39,114.827,0.3420856,1.157232,-0.4648099,0.2674906,0.7509282,0.5030987,0.3338374,
1,39,114.829,0.3420856,1.157232,-0.4648099,0.2674906,0.7509282,0.5030987,0.3338374,
1,39,114.831,0.3420856,1.157232,-0.4648099,0.2674906,0.7509282,0.5030987,0.3338374,
1,39,114.833,0.3420856,1.157232,-0.4648099,0.2674906,0.7509282,0.5030987,0.3338374,
1,39,114.835,0.3420592,1.157128,-0.4648511,0.2678019,0.7506434,0.5031788,0.3341074,
1,39,114.837,0.3420592,1.157128,-0.4648511,0.2678019,0.7506434,0.5031788,0.3341074,
1,39,114.839,0.3420592,1.157128,-0.4648511,0.2678019,0.7506434,0.5031788,0.3341074,
1,39,114.841,0.3420592,1.157128,-0.4648511,0.2678019,0.7506434,0.5031788,0.3341074,
1,39,114.843,0.3420562,1.157093,-0.4648943,0.267833,0.7505313,0.5033249,0.3341144,
1,39,114.845,0.3420562,1.157093,-0.4648943,0.267833,0.7505313,0.5033249,0.3341144,
1,39,114.847,0.3420562,1.157093,-0.4648943,0.267833,0.7505313,0.5033249,0.3341144,
1,39,114.849,0.3420562,1.157093,-0.4648943,0.267833,0.7505313,0.5033249,0.3341144,
1,39,114.851,0.342149,1.157115,-0.4649834,0.2677559,0.7504216,0.5036057,0.3339992,
1,39,114.853,0.342149,1.157115,-0.4649834,0.2677559,0.7504216,0.5036057,0.3339992,
1,39,114.855,0.342149,1.157115,-0.4649834,0.2677559,0.7504216,0.5036057,0.3339992,
1,39,114.857,0.342149,1.157115,-0.4649834,0.2677559,0.7504216,0.5036057,0.3339992,
1,39,114.859,0.3420271,1.15709,-0.4650694,0.2677682,0.7503757,0.503809,0.3337858,
1,39,114.861,0.3420271,1.15709,-0.4650694,0.2677682,0.7503757,0.503809,0.3337858,
1,39,114.863,0.3420271,1.15709,-0.4650694,0.2677682,0.7503757,0.503809,0.3337858,
1,39,114.865,0.3420271,1.15709,-0.4650694,0.2677682,0.7503757,0.503809,0.3337858,
1,39,114.867,0.3420271,1.15709,-0.4650694,0.2677682,0.7503757,0.503809,0.3337858,
1,39,114.869,0.3420501,1.157154,-0.4651911,0.2678041,0.7502018,0.5040239,0.3338236,
1,39,114.871,0.3420501,1.157154,-0.4651911,0.2678041,0.7502018,0.5040239,0.3338236,
1,39,114.873,0.3420501,1.157154,-0.4651911,0.2678041,0.7502018,0.5040239,0.3338236,
1,39,114.875,0.3420501,1.157154,-0.4651911,0.2678041,0.7502018,0.5040239,0.3338236,
1,39,114.877,0.3420502,1.157132,-0.4652643,0.2677965,0.7501212,0.5041235,0.3338602,
1,39,114.879,0.3420502,1.157132,-0.4652643,0.2677965,0.7501212,0.5041235,0.3338602,
1,39,114.881,0.3420502,1.157132,-0.4652643,0.2677965,0.7501212,0.5041235,0.3338602,
1,39,114.883,0.3420502,1.157132,-0.4652643,0.2677965,0.7501212,0.5041235,0.3338602,
1,39,114.885,0.3420425,1.157086,-0.4653243,0.2676834,0.7501819,0.5041959,0.3337053,
1,39,114.887,0.3420425,1.157086,-0.4653243,0.2676834,0.7501819,0.5041959,0.3337053,
1,39,114.889,0.3420425,1.157086,-0.4653243,0.2676834,0.7501819,0.5041959,0.3337053,
1,39,114.891,0.3420425,1.157086,-0.4653243,0.2676834,0.7501819,0.5041959,0.3337053,
1,39,114.893,0.3419448,1.15703,-0.4654549,0.2677242,0.7500781,0.5041763,0.3339357,
1,39,114.895,0.3419448,1.15703,-0.4654549,0.2677242,0.7500781,0.5041763,0.3339357,
1,39,114.897,0.3419448,1.15703,-0.4654549,0.2677242,0.7500781,0.5041763,0.3339357,
1,39,114.899,0.3419448,1.15703,-0.4654549,0.2677242,0.7500781,0.5041763,0.3339357,
1,39,114.901,0.3419289,1.157042,-0.4655565,0.2676742,0.7500381,0.5042129,0.3340101,
1,39,114.903,0.3419289,1.157042,-0.4655565,0.2676742,0.7500381,0.5042129,0.3340101,
1,39,114.905,0.3419289,1.157042,-0.4655565,0.2676742,0.7500381,0.5042129,0.3340101,
1,39,114.907,0.3419289,1.157042,-0.4655565,0.2676742,0.7500381,0.5042129,0.3340101,
1,39,114.909,0.341928,1.157026,-0.4657036,0.2675586,0.7499691,0.5042657,0.3341779,
1,39,114.911,0.341928,1.157026,-0.4657036,0.2675586,0.7499691,0.5042657,0.3341779,
1,39,114.913,0.341928,1.157026,-0.4657036,0.2675586,0.7499691,0.5042657,0.3341779,
1,39,114.915,0.341928,1.157026,-0.4657036,0.2675586,0.7499691,0.5042657,0.3341779,
1,39,114.917,0.341928,1.157026,-0.4657036,0.2675586,0.7499691,0.5042657,0.3341779,
1,39,114.919,0.3419628,1.157026,-0.4658209,0.2673779,0.749957,0.5043269,0.3342572,
1,39,114.921,0.3419628,1.157026,-0.4658209,0.2673779,0.749957,0.5043269,0.3342572,
1,39,114.923,0.3419628,1.157026,-0.4658209,0.2673779,0.749957,0.5043269,0.3342572,
1,39,114.925,0.3419628,1.157026,-0.4658209,0.2673779,0.749957,0.5043269,0.3342572,
1,39,114.927,0.3419602,1.157019,-0.4659175,0.2671384,0.7500492,0.5043806,0.3341609,
1,39,114.929,0.3419602,1.157019,-0.4659175,0.2671384,0.7500492,0.5043806,0.3341609,
1,39,114.931,0.3419602,1.157019,-0.4659175,0.2671384,0.7500492,0.5043806,0.3341609,
1,39,114.933,0.3419602,1.157019,-0.4659175,0.2671384,0.7500492,0.5043806,0.3341609,
1,39,114.935,0.3419001,1.157056,-0.4660849,0.2671313,0.749988,0.5043774,0.3343088,
1,39,114.937,0.3419001,1.157056,-0.4660849,0.2671313,0.749988,0.5043774,0.3343088,
1,39,114.939,0.3419001,1.157056,-0.4660849,0.2671313,0.749988,0.5043774,0.3343088,
1,39,114.941,0.3419001,1.157056,-0.4660849,0.2671313,0.749988,0.5043774,0.3343088,
1,39,114.943,0.3419637,1.157034,-0.4661224,0.2668723,0.7501262,0.5043941,0.3341803,
1,39,114.945,0.3419637,1.157034,-0.4661224,0.2668723,0.7501262,0.5043941,0.3341803,
1,39,114.947,0.3419637,1.157034,-0.4661224,0.2668723,0.7501262,0.5043941,0.3341803,
1,39,114.949,0.3419637,1.157034,-0.4661224,0.2668723,0.7501262,0.5043941,0.3341803,
1,39,114.951,0.3418688,1.157064,-0.4662791,0.2670049,0.7499344,0.5043842,0.3345197,
1,39,114.953,0.3418688,1.157064,-0.4662791,0.2670049,0.7499344,0.5043842,0.3345197,
1,39,114.955,0.3418688,1.157064,-0.4662791,0.2670049,0.7499344,0.5043842,0.3345197,
1,39,114.957,0.3418688,1.157064,-0.4662791,0.2670049,0.7499344,0.5043842,0.3345197,
1,39,114.959,0.3419691,1.157039,-0.4663934,0.2668247,0.7498863,0.5044097,0.3347328,
1,39,114.961,0.3419691,1.157039,-0.4663934,0.2668247,0.7498863,0.5044097,0.3347328,
1,39,114.963,0.3419691,1.157039,-0.4663934,0.2668247,0.7498863,0.5044097,0.3347328,
1,39,114.965,0.3419691,1.157039,-0.4663934,0.2668247,0.7498863,0.5044097,0.3347328,
1,39,114.967,0.3419691,1.157039,-0.4663934,0.2668247,0.7498863,0.5044097,0.3347328,
1,39,114.969,0.3419363,1.156955,-0.4664565,0.2667033,0.7499697,0.5044145,0.3346354,
1,39,114.971,0.3419363,1.156955,-0.4664565,0.2667033,0.7499697,0.5044145,0.3346354,
1,39,114.973,0.3419363,1.156955,-0.4664565,0.2667033,0.7499697,0.5044145,0.3346354,
1,39,114.975,0.3419363,1.156955,-0.4664565,0.2667033,0.7499697,0.5044145,0.3346354,
1,39,114.977,0.3419932,1.156872,-0.4665522,0.2664956,0.7499796,0.5045165,0.3346249,
1,39,114.979,0.3419932,1.156872,-0.4665522,0.2664956,0.7499796,0.5045165,0.3346249,
1,39,114.981,0.3419932,1.156872,-0.4665522,0.2664956,0.7499796,0.5045165,0.3346249,
1,39,114.983,0.3419932,1.156872,-0.4665522,0.2664956,0.7499796,0.5045165,0.3346249,
1,39,114.985,0.3420806,1.156906,-0.4668221,0.2663808,0.7498121,0.5047958,0.3346705,
1,39,114.987,0.3420806,1.156906,-0.4668221,0.2663808,0.7498121,0.5047958,0.3346705,
1,39,114.989,0.3420806,1.156906,-0.4668221,0.2663808,0.7498121,0.5047958,0.3346705,
1,39,114.991,0.3420806,1.156906,-0.4668221,0.2663808,0.7498121,0.5047958,0.3346705,
1,39,114.993,0.3420273,1.156849,-0.4669412,0.2663274,0.7498318,0.5048431,0.3345973,
1,39,114.995,0.3420273,1.156849,-0.4669412,0.2663274,0.7498318,0.5048431,0.3345973,
1,39,114.997,0.3420273,1.156849,-0.4669412,0.2663274,0.7498318,0.5048431,0.3345973,
1,39,114.999,0.3420273,1.156849,-0.4669412,0.2663274,0.7498318,0.5048431,0.3345973,
1,39,115.001,0.3419033,1.156844,-0.4670921,0.2663717,0.7498252,0.504932,0.3344428,
1,39,115.003,0.3419033,1.156844,-0.4670921,0.2663717,0.7498252,0.504932,0.3344428,
1,39,115.005,0.3419033,1.156844,-0.4670921,0.2663717,0.7498252,0.504932,0.3344428,
1,39,115.007,0.3419033,1.156844,-0.4670921,0.2663717,0.7498252,0.504932,0.3344428,
1,39,115.009,0.3419833,1.156934,-0.4673446,0.266256,0.749689,0.5050874,0.3346057,
1,39,115.011,0.3419833,1.156934,-0.4673446,0.266256,0.749689,0.5050874,0.3346057,
1,39,115.013,0.3419833,1.156934,-0.4673446,0.266256,0.749689,0.5050874,0.3346057,
1,39,115.015,0.3419833,1.156934,-0.4673446,0.266256,0.749689,0.5050874,0.3346057,
1,39,115.017,0.3419833,1.156934,-0.4673446,0.266256,0.749689,0.5050874,0.3346057,
1,39,115.019,0.3419557,1.15695,-0.4675066,0.2662779,0.7496113,0.5050527,0.3348147,
1,39,115.021,0.3419557,1.15695,-0.4675066,0.2662779,0.7496113,0.5050527,0.3348147,
1,39,115.023,0.3419557,1.15695,-0.4675066,0.2662779,0.7496113,0.5050527,0.3348147,
1,39,115.025,0.3419557,1.15695,-0.4675066,0.2662779,0.7496113,0.5050527,0.3348147,
1,39,115.027,0.3420267,1.157003,-0.4677277,0.2662173,0.7494465,0.5051004,0.3351593,
1,39,115.029,0.3420267,1.157003,-0.4677277,0.2662173,0.7494465,0.5051004,0.3351593,
1,39,115.031,0.3420267,1.157003,-0.4677277,0.2662173,0.7494465,0.5051004,0.3351593,
1,39,115.033,0.3420267,1.157003,-0.4677277,0.2662173,0.7494465,0.5051004,0.3351593,
1,39,115.035,0.3420984,1.157027,-0.4679228,0.2659825,0.7494857,0.50515,0.3351836,
1,39,115.037,0.3420984,1.157027,-0.4679228,0.2659825,0.7494857,0.50515,0.3351836,
1,39,115.039,0.3420984,1.157027,-0.4679228,0.2659825,0.7494857,0.50515,0.3351836,
1,39,115.041,0.3420984,1.157027,-0.4679228,0.2659825,0.7494857,0.50515,0.3351836,
1,39,115.043,0.3420603,1.156996,-0.4680556,0.2657951,0.7495276,0.505126,0.3352747,
1,39,115.045,0.3420603,1.156996,-0.4680556,0.2657951,0.7495276,0.505126,0.3352747,
1,39,115.047,0.3420603,1.156996,-0.4680556,0.2657951,0.7495276,0.505126,0.3352747,
1,39,115.049,0.3420603,1.156996,-0.4680556,0.2657951,0.7495276,0.505126,0.3352747,
1,39,115.051,0.3421403,1.156936,-0.4681506,0.2654124,0.7496504,0.5050887,0.3353594,
1,39,115.053,0.3421403,1.156936,-0.4681506,0.2654124,0.7496504,0.5050887,0.3353594,
1,39,115.055,0.3421403,1.156936,-0.4681506,0.2654124,0.7496504,0.5050887,0.3353594,
1,39,115.057,0.3421403,1.156936,-0.4681506,0.2654124,0.7496504,0.5050887,0.3353594,
1,39,115.059,0.3422199,1.15689,-0.4683438,0.265065,0.7495921,0.5051289,0.3357038,
1,39,115.061,0.3422199,1.15689,-0.4683438,0.265065,0.7495921,0.5051289,0.3357038,
1,39,115.063,0.3422199,1.15689,-0.4683438,0.265065,0.7495921,0.5051289,0.3357038,
1,39,115.065,0.3422199,1.15689,-0.4683438,0.265065,0.7495921,0.5051289,0.3357038,
1,39,115.067,0.3422199,1.15689,-0.4683438,0.265065,0.7495921,0.5051289,0.3357038,
1,39,115.069,0.3423057,1.156813,-0.4684198,0.2647694,0.7496281,0.5051719,0.3357919,
1,39,115.071,0.3423057,1.156813,-0.4684198,0.2647694,0.7496281,0.5051719,0.3357919,
1,39,115.073,0.3423057,1.156813,-0.4684198,0.2647694,0.7496281,0.5051719,0.3357919,
1,39,115.075,0.3423057,1.156813,-0.4684198,0.2647694,0.7496281,0.5051719,0.3357919,
1,39,115.077,0.3423439,1.156789,-0.4685746,0.2646327,0.7495556,0.5052852,0.3358908,
1,39,115.079,0.3423439,1.156789,-0.4685746,0.2646327,0.7495556,0.5052852,0.3358908,
1,39,115.081,0.3423439,1.156789,-0.4685746,0.2646327,0.7495556,0.5052852,0.3358908,
1,39,115.083,0.3423439,1.156789,-0.4685746,0.2646327,0.7495556,0.5052852,0.3358908,
1,39,115.085,0.3423339,1.156739,-0.4686545,0.2645808,0.7494711,0.5053838,0.3359722,
1,39,115.087,0.3423339,1.156739,-0.4686545,0.2645808,0.7494711,0.5053838,0.3359722,
1,39,115.089,0.3423339,1.156739,-0.4686545,0.2645808,0.7494711,0.5053838,0.3359722,
1,39,115.091,0.3423339,1.156739,-0.4686545,0.2645808,0.7494711,0.5053838,0.3359722,
1,39,115.093,0.3423402,1.156714,-0.4687426,0.2645667,0.7493601,0.5054559,0.3361224,
1,39,115.095,0.3423402,1.156714,-0.4687426,0.2645667,0.7493601,0.5054559,0.3361224,
1,39,115.097,0.3423402,1.156714,-0.4687426,0.2645667,0.7493601,0.5054559,0.3361224,
1,39,115.099,0.3423402,1.156714,-0.4687426,0.2645667,0.7493601,0.5054559,0.3361224,
1,39,115.101,0.3424153,1.156613,-0.4688351,0.2644353,0.7493277,0.505549,0.3361582,
1,39,115.103,0.3424153,1.156613,-0.4688351,0.2644353,0.7493277,0.505549,0.3361582,
1,39,115.105,0.3424153,1.156613,-0.4688351,0.2644353,0.7493277,0.505549,0.3361582,
1,39,115.107,0.3424153,1.156613,-0.4688351,0.2644353,0.7493277,0.505549,0.3361582,
1,39,115.109,0.3423639,1.156519,-0.4688282,0.2645767,0.7492375,0.5055644,0.3362248,
1,39,115.111,0.3423639,1.156519,-0.4688282,0.2645767,0.7492375,0.5055644,0.3362248,
1,39,115.113,0.3423639,1.156519,-0.4688282,0.2645767,0.7492375,0.5055644,0.3362248,
1,39,115.115,0.3423639,1.156519,-0.4688282,0.2645767,0.7492375,0.5055644,0.3362248,
1,39,115.117,0.3423639,1.156519,-0.4688282,0.2645767,0.7492375,0.5055644,0.3362248,
1,39,115.119,0.3423515,1.156454,-0.4688272,0.2646612,0.7491465,0.5056656,0.3362087,
1,39,115.121,0.3423515,1.156454,-0.4688272,0.2646612,0.7491465,0.5056656,0.3362087,
1,39,115.123,0.3423515,1.156454,-0.4688272,0.2646612,0.7491465,0.5056656,0.3362087,
1,39,115.125,0.3423515,1.156454,-0.4688272,0.2646612,0.7491465,0.5056656,0.3362087,
1,39,115.127,0.3423082,1.156433,-0.4688394,0.2648943,0.7489359,0.5058057,0.3362837,
1,39,115.129,0.3423082,1.156433,-0.4688394,0.2648943,0.7489359,0.5058057,0.3362837,
1,39,115.131,0.3423082,1.156433,-0.4688394,0.2648943,0.7489359,0.5058057,0.3362837,
1,39,115.133,0.3423082,1.156433,-0.4688394,0.2648943,0.7489359,0.5058057,0.3362837,
1,39,115.135,0.3422648,1.156439,-0.4688812,0.2653624,0.7485366,0.5059527,0.3365822,
1,39,115.137,0.3422648,1.156439,-0.4688812,0.2653624,0.7485366,0.5059527,0.3365822,
1,39,115.139,0.3422648,1.156439,-0.4688812,0.2653624,0.7485366,0.5059527,0.3365822,
1,39,115.141,0.3422648,1.156439,-0.4688812,0.2653624,0.7485366,0.5059527,0.3365822,
1,39,115.143,0.3422419,1.156421,-0.46893,0.2657708,0.7482027,0.5060352,0.3368784,
1,39,115.145,0.3422419,1.156421,-0.46893,0.2657708,0.7482027,0.5060352,0.3368784,
1,39,115.147,0.3422419,1.156421,-0.46893,0.2657708,0.7482027,0.5060352,0.3368784,
1,39,115.149,0.3422419,1.156421,-0.46893,0.2657708,0.7482027,0.5060352,0.3368784,
1,39,115.151,0.3421584,1.156476,-0.4689756,0.2660966,0.7480617,0.5060826,0.3368632,
1,39,115.153,0.3421584,1.156476,-0.4689756,0.2660966,0.7480617,0.5060826,0.3368632,
1,39,115.155,0.3421584,1.156476,-0.4689756,0.2660966,0.7480617,0.5060826,0.3368632,
1,39,115.157,0.3421584,1.156476,-0.4689756,0.2660966,0.7480617,0.5060826,0.3368632,
1,39,115.159,0.3421236,1.156568,-0.4690698,0.2663155,0.7478825,0.506209,0.3368983,
1,39,115.161,0.3421236,1.156568,-0.4690698,0.2663155,0.7478825,0.506209,0.3368983,
1,39,115.163,0.3421236,1.156568,-0.4690698,0.2663155,0.7478825,0.506209,0.3368983,
1,39,115.165,0.3421236,1.156568,-0.4690698,0.2663155,0.7478825,0.506209,0.3368983,
1,39,115.167,0.3421236,1.156568,-0.4690698,0.2663155,0.7478825,0.506209,0.3368983,
1,39,115.169,0.3420657,1.15667,-0.4691515,0.2666275,0.7476464,0.5061603,0.3372484,
1,39,115.171,0.3420657,1.15667,-0.4691515,0.2666275,0.7476464,0.5061603,0.3372484,
1,39,115.173,0.3420657,1.15667,-0.4691515,0.2666275,0.7476464,0.5061603,0.3372484,
1,39,115.175,0.3420657,1.15667,-0.4691515,0.2666275,0.7476464,0.5061603,0.3372484,
1,39,115.177,0.3419333,1.15671,-0.4691372,0.2668946,0.7475811,0.5059987,0.3374242,
1,39,115.179,0.3419333,1.15671,-0.4691372,0.2668946,0.7475811,0.5059987,0.3374242,
1,39,115.181,0.3419333,1.15671,-0.4691372,0.2668946,0.7475811,0.5059987,0.3374242,CourtEnter
1,39,115.183,0.3419333,1.15671,-0.4691372,0.2668946,0.7475811,0.5059987,0.3374242,
1,39,115.185,0.3417106,1.156835,-0.4691788,0.2673157,0.7473519,0.5057727,0.3379373,
1,39,115.187,0.3417106,1.156835,-0.4691788,0.2673157,0.7473519,0.5057727,0.3379373,
1,39,115.189,0.3417106,1.156835,-0.4691788,0.2673157,0.7473519,0.5057727,0.3379373,CourtExit
1,39,115.191,0.3417106,1.156835,-0.4691788,0.2673157,0.7473519,0.5057727,0.3379373,
1,39,115.193,0.3416144,1.156975,-0.4691567,0.2674895,0.7472067,0.5056139,0.3383579,
1,39,115.195,0.3416144,1.156975,-0.4691567,0.2674895,0.7472067,0.5056139,0.3383579,
1,39,115.197,0.3416144,1.156975,-0.4691567,0.2674895,0.7472067,0.5056139,0.3383579,
1,39,115.199,0.3416144,1.156975,-0.4691567,0.2674895,0.7472067,0.5056139,0.3383579,
1,39,115.201,0.3416252,1.157047,-0.4691388,0.2672808,0.7472236,0.5055258,0.338617,
1,39,115.203,0.3416252,1.157047,-0.4691388,0.2672808,0.7472236,0.5055258,0.338617,
1,39,115.205,0.3416252,1.157047,-0.4691388,0.2672808,0.7472236,0.5055258,0.338617,
1,39,115.207,0.3416252,1.157047,-0.4691388,0.2672808,0.7472236,0.5055258,0.338617,
1,39,115.209,0.341507,1.15696,-0.4690545,0.2665533,0.7476076,0.5053517,0.3386028,
1,39,115.211,0.341507,1.15696,-0.4690545,0.2665533,0.7476076,0.5053517,0.3386028,
1,39,115.213,0.341507,1.15696,-0.4690545,0.2665533,0.7476076,0.5053517,0.3386028,
1,39,115.215,0.341507,1.15696,-0.4690545,0.2665533,0.7476076,0.5053517,0.3386028,
1,39,115.217,0.341507,1.15696,-0.4690545,0.2665533,0.7476076,0.5053517,0.3386028,
1,39,115.219,0.3415968,1.157056,-0.4690894,0.2661039,0.7476569,0.5053848,0.3387981,
1,39,115.221,0.3415968,1.157056,-0.4690894,0.2661039,0.7476569,0.5053848,0.3387981,
1,39,115.223,0.3415968,1.157056,-0.4690894,0.2661039,0.7476569,0.5053848,0.3387981,
1,39,115.225,0.3415968,1.157056,-0.4690894,0.2661039,0.7476569,0.5053848,0.3387981,
1,39,115.227,0.3414027,1.157168,-0.4691007,0.2658548,0.7478107,0.5053253,0.3387428,
1,39,115.229,0.3414027,1.157168,-0.4691007,0.2658548,0.7478107,0.5053253,0.3387428,
1,39,115.231,0.3414027,1.157168,-0.4691007,0.2658548,0.7478107,0.5053253,0.3387428,
1,39,115.233,0.3414027,1.157168,-0.4691007,0.2658548,0.7478107,0.5053253,0.3387428,
1,39,115.235,0.3411539,1.157119,-0.46907,0.2655225,0.7480158,0.505185,0.3387599,
1,39,115.237,0.3411539,1.157119,-0.46907,0.2655225,0.7480158,0.505185,0.3387599,
1,39,115.239,0.3411539,1.157119,-0.46907,0.2655225,0.7480158,0.505185,0.3387599,
1,39,115.241,0.3411539,1.157119,-0.46907,0.2655225,0.7480158,0.505185,0.3387599,
1,39,115.243,0.3411433,1.157141,-0.4691414,0.2650518,0.7480284,0.5052049,0.3390709,
1,39,115.245,0.3411433,1.157141,-0.4691414,0.2650518,0.7480284,0.5052049,0.3390709,
1,39,115.247,0.3411433,1.157141,-0.4691414,0.2650518,0.7480284,0.5052049,0.3390709,
1,39,115.249,0.3411433,1.157141,-0.4691414,0.2650518,0.7480284,0.5052049,0.3390709,
1,39,115.251,0.341129,1.157102,-0.469119,0.2646121,0.7480366,0.5051889,0.3394201,
1,39,115.253,0.341129,1.157102,-0.469119,0.2646121,0.7480366,0.5051889,0.3394201,
1,39,115.255,0.341129,1.157102,-0.469119,0.2646121,0.7480366,0.5051889,0.3394201,
1,39,115.257,0.341129,1.157102,-0.469119,0.2646121,0.7480366,0.5051889,0.3394201,
1,39,115.259,0.341174,1.157009,-0.4690399,0.2640334,0.7481529,0.5052098,0.3395832,
1,39,115.261,0.341174,1.157009,-0.4690399,0.2640334,0.7481529,0.5052098,0.3395832,
1,39,115.263,0.341174,1.157009,-0.4690399,0.2640334,0.7481529,0.5052098,0.3395832,
1,39,115.265,0.341174,1.157009,-0.4690399,0.2640334,0.7481529,0.5052098,0.3395832,
1,39,115.267,0.341174,1.157009,-0.4690399,0.2640334,0.7481529,0.5052098,0.3395832,
1,39,115.269,0.3412437,1.156892,-0.4689448,0.2635551,0.748121,0.5053217,0.3398581,
1,39,115.271,0.3412437,1.156892,-0.4689448,0.2635551,0.748121,0.5053217,0.3398581,
1,39,115.273,0.3412437,1.156892,-0.4689448,0.2635551,0.748121,0.5053217,0.3398581,
1,39,115.275,0.3412437,1.156892,-0.4689448,0.2635551,0.748121,0.5053217,0.3398581,
1,39,115.277,0.341328,1.156845,-0.468892,0.2631043,0.7480361,0.5055652,0.3400324,
1,39,115.279,0.341328,1.156845,-0.468892,0.2631043,0.7480361,0.5055652,0.3400324,
1,39,115.281,0.341328,1.156845,-0.468892,0.2631043,0.7480361,0.5055652,0.3400324,
1,39,115.283,0.341328,1.156845,-0.468892,0.2631043,0.7480361,0.5055652,0.3400324,
1,39,115.285,0.3413406,1.156817,-0.4688773,0.2624802,0.7480043,0.5060767,0.3398235,
1,39,115.287,0.3413406,1.156817,-0.4688773,0.2624802,0.7480043,0.5060767,0.3398235,
1,39,115.289,0.3413406,1.156817,-0.4688773,0.2624802,0.7480043,0.5060767,0.3398235,
1,39,115.291,0.3413406,1.156817,-0.4688773,0.2624802,0.7480043,0.5060767,0.3398235,
1,39,115.293,0.3413016,1.156821,-0.4688931,0.2624123,0.747783,0.5063527,0.3399521,
1,39,115.295,0.3413016,1.156821,-0.4688931,0.2624123,0.747783,0.5063527,0.3399521,
1,39,115.297,0.3413016,1.156821,-0.4688931,0.2624123,0.747783,0.5063527,0.3399521,
1,39,115.299,0.3413016,1.156821,-0.4688931,0.2624123,0.747783,0.5063527,0.3399521,
1,39,115.301,0.3412579,1.156761,-0.4688992,0.2624673,0.7475578,0.506508,0.3401735,
1,39,115.303,0.3412579,1.156761,-0.4688992,0.2624673,0.7475578,0.506508,0.3401735,
1,39,115.305,0.3412579,1.156761,-0.4688992,0.2624673,0.7475578,0.506508,0.3401735,
1,39,115.307,0.3412579,1.156761,-0.4688992,0.2624673,0.7475578,0.506508,0.3401735,
1,39,115.309,0.3412344,1.156759,-0.4689318,0.2626364,0.7473123,0.5066836,0.3403206,
1,39,115.311,0.3412344,1.156759,-0.4689318,0.2626364,0.7473123,0.5066836,0.3403206,
1,39,115.313,0.3412344,1.156759,-0.4689318,0.2626364,0.7473123,0.5066836,0.3403206,
1,39,115.315,0.3412344,1.156759,-0.4689318,0.2626364,0.7473123,0.5066836,0.3403206,
1,39,115.317,0.3412344,1.156759,-0.4689318,0.2626364,0.7473123,0.5066836,0.3403206,
1,39,115.319,0.3411956,1.156719,-0.4689159,0.2627764,0.7471371,0.5068325,0.3403755,
1,39,115.321,0.3411956,1.156719,-0.4689159,0.2627764,0.7471371,0.5068325,0.3403755,
1,39,115.323,0.3411956,1.156719,-0.4689159,0.2627764,0.7471371,0.5068325,0.3403755,
1,39,115.325,0.3411956,1.156719,-0.4689159,0.2627764,0.7471371,0.5068325,0.3403755,
1,39,115.327,0.3411879,1.156727,-0.4689165,0.2628802,0.7470039,0.5070104,0.340323,
1,39,115.329,0.3411879,1.156727,-0.4689165,0.2628802,0.7470039,0.5070104,0.340323,
1,39,115.331,0.3411879,1.156727,-0.4689165,0.2628802,0.7470039,0.5070104,0.340323,
1,39,115.333,0.3411879,1.156727,-0.4689165,0.2628802,0.7470039,0.5070104,0.340323,
1,39,115.335,0.3411663,1.156819,-0.4689687,0.2632653,0.7466841,0.507197,0.3404489,
1,39,115.337,0.3411663,1.156819,-0.4689687,0.2632653,0.7466841,0.507197,0.3404489,
1,39,115.339,0.3411663,1.156819,-0.4689687,0.2632653,0.7466841,0.507197,0.3404489,
1,39,115.341,0.3411663,1.156819,-0.4689687,0.2632653,0.7466841,0.507197,0.3404489,
1,39,115.343,0.3412666,1.156822,-0.4689706,0.2634908,0.7463905,0.5072843,0.3407882,
1,39,115.345,0.3412666,1.156822,-0.4689706,0.2634908,0.7463905,0.5072843,0.3407882,
1,39,115.347,0.3412666,1.156822,-0.4689706,0.2634908,0.7463905,0.5072843,0.3407882,
1,39,115.349,0.3412666,1.156822,-0.4689706,0.2634908,0.7463905,0.5072843,0.3407882,
1,39,115.351,0.3413262,1.156868,-0.4689905,0.2637934,0.7461594,0.507413,0.3408686,
1,39,115.353,0.3413262,1.156868,-0.4689905,0.2637934,0.7461594,0.507413,0.3408686,
1,39,115.355,0.3413262,1.156868,-0.4689905,0.2637934,0.7461594,0.507413,0.3408686,
1,39,115.357,0.3413262,1.156868,-0.4689905,0.2637934,0.7461594,0.507413,0.3408686,
1,39,115.359,0.3411463,1.156836,-0.4689682,0.264625,0.745773,0.5072784,0.3412696,
1,39,115.361,0.3411463,1.156836,-0.4689682,0.264625,0.745773,0.5072784,0.3412696,
1,39,115.363,0.3411463,1.156836,-0.4689682,0.264625,0.745773,0.5072784,0.3412696,
1,39,115.365,0.3411463,1.156836,-0.4689682,0.264625,0.745773,0.5072784,0.3412696,
1,39,115.367,0.3411463,1.156836,-0.4689682,0.264625,0.745773,0.5072784,0.3412696,
1,39,115.369,0.3411644,1.156743,-0.4689383,0.2648665,0.7456173,0.5072973,0.3413945,
1,39,115.371,0.3411644,1.156743,-0.4689383,0.2648665,0.7456173,0.5072973,0.3413945,
1,39,115.373,0.3411644,1.156743,-0.4689383,0.2648665,0.7456173,0.5072973,0.3413945,
1,39,115.375,0.3411644,1.156743,-0.4689383,0.2648665,0.7456173,0.5072973,0.3413945,
1,39,115.377,0.3410942,1.156688,-0.4689291,0.2652211,0.745488,0.5072822,0.3414239,
1,39,115.379,0.3410942,1.156688,-0.4689291,0.2652211,0.745488,0.5072822,0.3414239,
1,39,115.381,0.3410942,1.156688,-0.4689291,0.2652211,0.745488,0.5072822,0.3414239,
1,39,115.383,0.3410942,1.156688,-0.4689291,0.2652211,0.745488,0.5072822,0.3414239,
1,39,115.385,0.3410488,1.156613,-0.4688862,0.265461,0.7454283,0.5072429,0.3414261,
1,39,115.387,0.3410488,1.156613,-0.4688862,0.265461,0.7454283,0.5072429,0.3414261,
1,39,115.389,0.3410488,1.156613,-0.4688862,0.265461,0.7454283,0.5072429,0.3414261,
1,39,115.391,0.3410488,1.156613,-0.4688862,0.265461,0.7454283,0.5072429,0.3414261,
1,39,115.393,0.3410189,1.156675,-0.4689488,0.2659049,0.7450697,0.5072572,0.3418421,
1,39,115.395,0.3410189,1.156675,-0.4689488,0.2659049,0.7450697,0.5072572,0.3418421,
1,39,115.397,0.3410189,1.156675,-0.4689488,0.2659049,0.7450697,0.5072572,0.3418421,
1,39,115.399,0.3410189,1.156675,-0.4689488,0.2659049,0.7450697,0.5072572,0.3418421,
1,39,115.401,0.3410044,1.156639,-0.4689248,0.2660622,0.7449881,0.5072821,0.3418604,
1,39,115.403,0.3410044,1.156639,-0.4689248,0.2660622,0.7449881,0.5072821,0.3418604,
1,39,115.405,0.3410044,1.156639,-0.4689248,0.2660622,0.7449881,0.5072821,0.3418604,
1,39,115.407,0.3410044,1.156639,-0.4689248,0.2660622,0.7449881,0.5072821,0.3418604,
1,39,115.409,0.3409423,1.156633,-0.4689552,0.2662507,0.7448364,0.5073031,0.3420131,
1,39,115.411,0.3409423,1.156633,-0.4689552,0.2662507,0.7448364,0.5073031,0.3420131,
1,39,115.413,0.3409423,1.156633,-0.4689552,0.2662507,0.7448364,0.5073031,0.3420131,
1,39,115.415,0.3409423,1.156633,-0.4689552,0.2662507,0.7448364,0.5073031,0.3420131,
1,39,115.417,0.3409423,1.156633,-0.4689552,0.2662507,0.7448364,0.5073031,0.3420131,
1,39,115.419,0.3408013,1.156593,-0.4689583,0.2663447,0.7448681,0.5072995,0.3418761,
1,39,115.421,0.3408013,1.156593,-0.4689583,0.2663447,0.7448681,0.5072995,0.3418761,
1,39,115.423,0.3408013,1.156593,-0.4689583,0.2663447,0.7448681,0.5072995,0.3418761,
1,39,115.425,0.3408013,1.156593,-0.4689583,0.2663447,0.7448681,0.5072995,0.3418761,
1,39,115.427,0.3407447,1.156649,-0.4690088,0.2663992,0.7446579,0.5074023,0.3421388,
1,39,115.429,0.3407447,1.156649,-0.4690088,0.2663992,0.7446579,0.5074023,0.3421388,
1,39,115.431,0.3407447,1.156649,-0.4690088,0.2663992,0.7446579,0.5074023,0.3421388,
1,39,115.433,0.3407447,1.156649,-0.4690088,0.2663992,0.7446579,0.5074023,0.3421388,
1,39,115.435,0.3407725,1.156706,-0.4690603,0.2662463,0.744454,0.507587,0.3424275,
1,39,115.437,0.3407725,1.156706,-0.4690603,0.2662463,0.744454,0.507587,0.3424275,
1,39,115.439,0.3407725,1.156706,-0.4690603,0.2662463,0.744454,0.507587,0.3424275,
1,39,115.441,0.3407725,1.156706,-0.4690603,0.2662463,0.744454,0.507587,0.3424275,
1,39,115.443,0.3408235,1.15677,-0.4690663,0.2659346,0.7444867,0.5077915,0.3422956,
1,39,115.445,0.3408235,1.15677,-0.4690663,0.2659346,0.7444867,0.5077915,0.3422956,
1,39,115.447,0.3408235,1.15677,-0.4690663,0.2659346,0.7444867,0.5077915,0.3422956,
1,39,115.449,0.3408235,1.15677,-0.4690663,0.2659346,0.7444867,0.5077915,0.3422956,
1,39,115.451,0.3409013,1.156854,-0.4691052,0.2655334,0.7444988,0.5080054,0.3422633,
1,39,115.453,0.3409013,1.156854,-0.4691052,0.2655334,0.7444988,0.5080054,0.3422633,
1,39,115.455,0.3409013,1.156854,-0.4691052,0.2655334,0.7444988,0.5080054,0.3422633,
1,39,115.457,0.3409013,1.156854,-0.4691052,0.2655334,0.7444988,0.5080054,0.3422633,
1,39,115.459,0.3408246,1.156851,-0.4690813,0.2651724,0.7447467,0.5080766,0.341898,
1,39,115.461,0.3408246,1.156851,-0.4690813,0.2651724,0.7447467,0.5080766,0.341898,
1,39,115.463,0.3408246,1.156851,-0.4690813,0.2651724,0.7447467,0.5080766,0.341898,
1,39,115.465,0.3408246,1.156851,-0.4690813,0.2651724,0.7447467,0.5080766,0.341898,
1,39,115.467,0.3408246,1.156851,-0.4690813,0.2651724,0.7447467,0.5080766,0.341898,
1,39,115.469,0.3408039,1.156936,-0.4691285,0.2649257,0.7447963,0.5081587,0.341859,
1,39,115.471,0.3408039,1.156936,-0.4691285,0.2649257,0.7447963,0.5081587,0.341859,
1,39,115.473,0.3408039,1.156936,-0.4691285,0.2649257,0.7447963,0.5081587,0.341859,
1,39,115.475,0.3408039,1.156936,-0.4691285,0.2649257,0.7447963,0.5081587,0.341859,
1,39,115.477,0.3409993,1.156934,-0.4691299,0.2644725,0.7448791,0.5082004,0.3419676,
1,39,115.479,0.3409993,1.156934,-0.4691299,0.2644725,0.7448791,0.5082004,0.3419676,
1,39,115.481,0.3409993,1.156934,-0.4691299,0.2644725,0.7448791,0.5082004,0.3419676,
1,39,115.483,0.3409993,1.156934,-0.4691299,0.2644725,0.7448791,0.5082004,0.3419676,
1,39,115.485,0.3410991,1.157007,-0.4691676,0.2642597,0.7449032,0.5082111,0.3420635,
1,39,115.487,0.3410991,1.157007,-0.4691676,0.2642597,0.7449032,0.5082111,0.3420635,
1,39,115.489,0.3410991,1.157007,-0.4691676,0.2642597,0.7449032,0.5082111,0.3420635,
1,39,115.491,0.3410991,1.157007,-0.4691676,0.2642597,0.7449032,0.5082111,0.3420635,
1,39,115.493,0.3411439,1.15698,-0.4691337,0.2639485,0.7450855,0.5081509,0.3419963,
1,39,115.495,0.3411439,1.15698,-0.4691337,0.2639485,0.7450855,0.5081509,0.3419963,
1,39,115.497,0.3411439,1.15698,-0.4691337,0.2639485,0.7450855,0.5081509,0.3419963,
1,39,115.499,0.3411439,1.15698,-0.4691337,0.2639485,0.7450855,0.5081509,0.3419963,
1,39,115.501,0.3411937,1.157035,-0.4691467,0.2637036,0.7452118,0.5082033,0.3418321,
1,39,115.503,0.3411937,1.157035,-0.4691467,0.2637036,0.7452118,0.5082033,0.3418321,
1,39,115.505,0.3411937,1.157035,-0.4691467,0.2637036,0.7452118,0.5082033,0.3418321,
1,39,115.507,0.3411937,1.157035,-0.4691467,0.2637036,0.7452118,0.5082033,0.3418321,
1,39,115.509,0.34132,1.157148,-0.4691578,0.2633991,0.7454214,0.5081548,0.3416821,
1,39,115.511,0.34132,1.157148,-0.4691578,0.2633991,0.7454214,0.5081548,0.3416821,
1,39,115.513,0.34132,1.157148,-0.4691578,0.2633991,0.7454214,0.5081548,0.3416821,
1,39,115.515,0.34132,1.157148,-0.4691578,0.2633991,0.7454214,0.5081548,0.3416821,
1,39,115.517,0.34132,1.157148,-0.4691578,0.2633991,0.7454214,0.5081548,0.3416821,
1,39,115.519,0.3413156,1.157114,-0.4691028,0.2633519,0.7456657,0.5080559,0.3413323,
1,39,115.521,0.3413156,1.157114,-0.4691028,0.2633519,0.7456657,0.5080559,0.3413323,
1,39,115.523,0.3413156,1.157114,-0.4691028,0.2633519,0.7456657,0.5080559,0.3413323,
1,39,115.525,0.3413156,1.157114,-0.4691028,0.2633519,0.7456657,0.5080559,0.3413323,
1,39,115.527,0.3413896,1.15713,-0.4690951,0.263416,0.7456883,0.5079281,0.3414235,
1,39,115.529,0.3413896,1.15713,-0.4690951,0.263416,0.7456883,0.5079281,0.3414235,
1,39,115.531,0.3413896,1.15713,-0.4690951,0.263416,0.7456883,0.5079281,0.3414235,
1,39,115.533,0.3413896,1.15713,-0.4690951,0.263416,0.7456883,0.5079281,0.3414235,
1,39,115.535,0.3413285,1.157049,-0.4690261,0.2635857,0.7457958,0.5076903,0.3414115,
1,39,115.537,0.3413285,1.157049,-0.4690261,0.2635857,0.7457958,0.5076903,0.3414115,
1,39,115.539,0.3413285,1.157049,-0.4690261,0.2635857,0.7457958,0.5076903,0.3414115,
1,39,115.541,0.3413285,1.157049,-0.4690261,0.2635857,0.7457958,0.5076903,0.3414115,
1,39,115.543,0.3413966,1.157105,-0.4690119,0.2637294,0.745757,0.5076513,0.3414433,
1,39,115.545,0.3413966,1.157105,-0.4690119,0.2637294,0.745757,0.5076513,0.3414433,
1,39,115.547,0.3413966,1.157105,-0.4690119,0.2637294,0.745757,0.5076513,0.3414433,
1,39,115.549,0.3413966,1.157105,-0.4690119,0.2637294,0.745757,0.5076513,0.3414433,
1,39,115.551,0.3414711,1.157087,-0.4689405,0.2638992,0.7457101,0.5075358,0.3415862,
1,39,115.553,0.3414711,1.157087,-0.4689405,0.2638992,0.7457101,0.5075358,0.3415862,
1,39,115.555,0.3414711,1.157087,-0.4689405,0.2638992,0.7457101,0.5075358,0.3415862,
1,39,115.557,0.3414711,1.157087,-0.4689405,0.2638992,0.7457101,0.5075358,0.3415862,
1,39,115.559,0.3414401,1.157001,-0.4688001,0.2641572,0.7457414,0.5073864,0.3415405,
1,39,115.561,0.3414401,1.157001,-0.4688001,0.2641572,0.7457414,0.5073864,0.3415405,
1,39,115.563,0.3414401,1.157001,-0.4688001,0.2641572,0.7457414,0.5073864,0.3415405,
1,39,115.565,0.3414401,1.157001,-0.4688001,0.2641572,0.7457414,0.5073864,0.3415405,
1,39,115.567,0.3414401,1.157001,-0.4688001,0.2641572,0.7457414,0.5073864,0.3415405,
1,39,115.569,0.3413744,1.156928,-0.4686743,0.2644888,0.7456315,0.5072725,0.341693,
1,39,115.571,0.3413744,1.156928,-0.4686743,0.2644888,0.7456315,0.5072725,0.341693,
1,39,115.573,0.3413744,1.156928,-0.4686743,0.2644888,0.7456315,0.5072725,0.341693,
1,39,115.575,0.3413744,1.156928,-0.4686743,0.2644888,0.7456315,0.5072725,0.341693,
1,39,115.577,0.3413313,1.15688,-0.4685309,0.2647868,0.7455174,0.5072743,0.3417085,
1,39,115.579,0.3413313,1.15688,-0.4685309,0.2647868,0.7455174,0.5072743,0.3417085,
1,39,115.581,0.3413313,1.15688,-0.4685309,0.2647868,0.7455174,0.5072743,0.3417085,
1,39,115.583,0.3413313,1.15688,-0.4685309,0.2647868,0.7455174,0.5072743,0.3417085,
1,39,115.585,0.3410548,1.156863,-0.4683607,0.2656403,0.7451196,0.5072658,0.3419262,
1,39,115.587,0.3410548,1.156863,-0.4683607,0.2656403,0.7451196,0.5072658,0.3419262,
1,39,115.589,0.3410548,1.156863,-0.4683607,0.2656403,0.7451196,0.5072658,0.3419262,
1,39,115.591,0.3410548,1.156863,-0.4683607,0.2656403,0.7451196,0.5072658,0.3419262,
1,39,115.593,0.3410714,1.156723,-0.4682267,0.2658406,0.7449638,0.5073326,0.3420107,
1,39,115.595,0.3410714,1.156723,-0.4682267,0.2658406,0.7449638,0.5073326,0.3420107,
1,39,115.597,0.3410714,1.156723,-0.4682267,0.2658406,0.7449638,0.5073326,0.3420107,
1,39,115.599,0.3410714,1.156723,-0.4682267,0.2658406,0.7449638,0.5073326,0.3420107,
1,39,115.601,0.3408845,1.156814,-0.468163,0.2665182,0.7444688,0.5073979,0.3424641,
1,39,115.603,0.3408845,1.156814,-0.468163,0.2665182,0.7444688,0.5073979,0.3424641,
1,39,115.605,0.3408845,1.156814,-0.468163,0.2665182,0.7444688,0.5073979,0.3424641,
1,39,115.607,0.3408845,1.156814,-0.468163,0.2665182,0.7444688,0.5073979,0.3424641,
1,39,115.609,0.3405714,1.156841,-0.4680799,0.2671275,0.7440401,0.5074334,0.3428683,
1,39,115.611,0.3405714,1.156841,-0.4680799,0.2671275,0.7440401,0.5074334,0.3428683,
1,39,115.613,0.3405714,1.156841,-0.4680799,0.2671275,0.7440401,0.5074334,0.3428683,
1,39,115.615,0.3405714,1.156841,-0.4680799,0.2671275,0.7440401,0.5074334,0.3428683,
1,39,115.617,0.3405714,1.156841,-0.4680799,0.2671275,0.7440401,0.5074334,0.3428683,
1,39,115.619,0.3402923,1.15689,-0.468002,0.2675188,0.7437131,0.507544,0.3431086,
1,39,115.621,0.3402923,1.15689,-0.468002,0.2675188,0.7437131,0.507544,0.3431086,
1,39,115.623,0.3402923,1.15689,-0.468002,0.2675188,0.7437131,0.507544,0.3431086,
1,39,115.625,0.3402923,1.15689,-0.468002,0.2675188,0.7437131,0.507544,0.3431086,
1,39,115.627,0.3399144,1.157021,-0.4680029,0.2679718,0.7432068,0.5076622,0.343677,
1,39,115.629,0.3399144,1.157021,-0.4680029,0.2679718,0.7432068,0.5076622,0.343677,
1,39,115.631,0.3399144,1.157021,-0.4680029,0.2679718,0.7432068,0.5076622,0.343677,
1,39,115.633,0.3399144,1.157021,-0.4680029,0.2679718,0.7432068,0.5076622,0.343677,
1,39,115.635,0.3396782,1.157127,-0.4679758,0.2681755,0.7427173,0.5078229,0.3443383,
1,39,115.637,0.3396782,1.157127,-0.4679758,0.2681755,0.7427173,0.5078229,0.3443383,
1,39,115.639,0.3396782,1.157127,-0.4679758,0.2681755,0.7427173,0.5078229,0.3443383,
1,39,115.641,0.3396782,1.157127,-0.4679758,0.2681755,0.7427173,0.5078229,0.3443383,
1,39,115.643,0.3392707,1.157145,-0.4678519,0.2681308,0.7424498,0.5079522,0.3447591,
1,39,115.645,0.3392707,1.157145,-0.4678519,0.2681308,0.7424498,0.5079522,0.3447591,
1,39,115.647,0.3392707,1.157145,-0.4678519,0.2681308,0.7424498,0.5079522,0.3447591,
1,39,115.649,0.3392707,1.157145,-0.4678519,0.2681308,0.7424498,0.5079522,0.3447591,
1,39,115.651,0.3385366,1.156994,-0.4676253,0.2679415,0.7424553,0.50793,0.344927,
1,39,115.653,0.3385366,1.156994,-0.4676253,0.2679415,0.7424553,0.50793,0.344927,
1,39,115.655,0.3385366,1.156994,-0.4676253,0.2679415,0.7424553,0.50793,0.344927,
1,39,115.657,0.3385366,1.156994,-0.4676253,0.2679415,0.7424553,0.50793,0.344927,
1,39,115.659,0.3379658,1.156959,-0.4673434,0.2671174,0.742157,0.5083069,0.3456524,
1,39,115.661,0.3379658,1.156959,-0.4673434,0.2671174,0.742157,0.5083069,0.3456524,
1,39,115.663,0.3379658,1.156959,-0.4673434,0.2671174,0.742157,0.5083069,0.3456524,
1,39,115.665,0.3379658,1.156959,-0.4673434,0.2671174,0.742157,0.5083069,0.3456524,
1,39,115.667,0.3379658,1.156959,-0.4673434,0.2671174,0.742157,0.5083069,0.3456524,
1,39,115.669,0.3377823,1.156982,-0.4672148,0.266234,0.7419831,0.5086962,0.3461342,
1,39,115.671,0.3377823,1.156982,-0.4672148,0.266234,0.7419831,0.5086962,0.3461342,
1,39,115.673,0.3377823,1.156982,-0.4672148,0.266234,0.7419831,0.5086962,0.3461342,
1,39,115.675,0.3377823,1.156982,-0.4672148,0.266234,0.7419831,0.5086962,0.3461342,
1,39,115.677,0.3375467,1.156987,-0.4670338,0.2650456,0.7421205,0.5090432,0.3462412,
1,39,115.679,0.3375467,1.156987,-0.4670338,0.2650456,0.7421205,0.5090432,0.3462412,
1,39,115.681,0.3375467,1.156987,-0.4670338,0.2650456,0.7421205,0.5090432,0.3462412,
1,39,115.683,0.3375467,1.156987,-0.4670338,0.2650456,0.7421205,0.5090432,0.3462412,
1,39,115.685,0.3373294,1.156973,-0.4669106,0.2639329,0.7420304,0.5093781,0.3467912,
1,39,115.687,0.3373294,1.156973,-0.4669106,0.2639329,0.7420304,0.5093781,0.3467912,
1,39,115.689,0.3373294,1.156973,-0.4669106,0.2639329,0.7420304,0.5093781,0.3467912,
1,39,115.691,0.3373294,1.156973,-0.4669106,0.2639329,0.7420304,0.5093781,0.3467912,
1,39,115.693,0.3367988,1.156896,-0.4666459,0.2630656,0.7419807,0.5094388,0.347467,
1,39,115.695,0.3367988,1.156896,-0.4666459,0.2630656,0.7419807,0.5094388,0.347467,
1,39,115.697,0.3367988,1.156896,-0.4666459,0.2630656,0.7419807,0.5094388,0.347467,
1,39,115.699,0.3367988,1.156896,-0.4666459,0.2630656,0.7419807,0.5094388,0.347467,
1,39,115.701,0.3367317,1.157021,-0.4665506,0.2618856,0.7417462,0.5098944,0.34819,
1,39,115.703,0.3367317,1.157021,-0.4665506,0.2618856,0.7417462,0.5098944,0.34819,
1,39,115.705,0.3367317,1.157021,-0.4665506,0.2618856,0.7417462,0.5098944,0.34819,
1,39,115.707,0.3367317,1.157021,-0.4665506,0.2618856,0.7417462,0.5098944,0.34819,
1,39,115.709,0.3369096,1.15711,-0.4664653,0.2604203,0.7415904,0.5104746,0.3487706,
1,39,115.711,0.3369096,1.15711,-0.4664653,0.2604203,0.7415904,0.5104746,0.3487706,
1,39,115.713,0.3369096,1.15711,-0.4664653,0.2604203,0.7415904,0.5104746,0.3487706,
1,39,115.715,0.3369096,1.15711,-0.4664653,0.2604203,0.7415904,0.5104746,0.3487706,
1,39,115.717,0.3369096,1.15711,-0.4664653,0.2604203,0.7415904,0.5104746,0.3487706,
1,39,115.719,0.3366094,1.156974,-0.4662711,0.2591121,0.7417443,0.5107653,0.3489918,
1,39,115.721,0.3366094,1.156974,-0.4662711,0.2591121,0.7417443,0.5107653,0.3489918,
1,39,115.723,0.3366094,1.156974,-0.4662711,0.2591121,0.7417443,0.5107653,0.3489918,
1,39,115.725,0.3366094,1.156974,-0.4662711,0.2591121,0.7417443,0.5107653,0.3489918,
1,39,115.727,0.3364822,1.156935,-0.4662028,0.258083,0.7414698,0.5111237,0.3498119,
1,39,115.729,0.3364822,1.156935,-0.4662028,0.258083,0.7414698,0.5111237,0.3498119,
1,39,115.731,0.3364822,1.156935,-0.4662028,0.258083,0.7414698,0.5111237,0.3498119,
1,39,115.733,0.3364822,1.156935,-0.4662028,0.258083,0.7414698,0.5111237,0.3498119,
1,39,115.735,0.3359735,1.15675,-0.4659818,0.2567503,0.7413729,0.5113903,0.3506075,
1,39,115.737,0.3359735,1.15675,-0.4659818,0.2567503,0.7413729,0.5113903,0.3506075,
1,39,115.739,0.3359735,1.15675,-0.4659818,0.2567503,0.7413729,0.5113903,0.3506075,
1,39,115.741,0.3359735,1.15675,-0.4659818,0.2567503,0.7413729,0.5113903,0.3506075,
1,39,115.743,0.3356274,1.15675,-0.4658034,0.2560591,0.7412274,0.5115911,0.3511271,
1,39,115.745,0.3356274,1.15675,-0.4658034,0.2560591,0.7412274,0.5115911,0.3511271,
1,39,115.747,0.3356274,1.15675,-0.4658034,0.2560591,0.7412274,0.5115911,0.3511271,
1,39,115.749,0.3356274,1.15675,-0.4658034,0.2560591,0.7412274,0.5115911,0.3511271,
1,39,115.751,0.3354284,1.156724,-0.465679,0.2550738,0.7412968,0.5118892,0.3512633,
1,39,115.753,0.3354284,1.156724,-0.465679,0.2550738,0.7412968,0.5118892,0.3512633,
1,39,115.755,0.3354284,1.156724,-0.465679,0.2550738,0.7412968,0.5118892,0.3512633,
1,39,115.757,0.3354284,1.156724,-0.465679,0.2550738,0.7412968,0.5118892,0.3512633,
1,39,115.759,0.3353882,1.156679,-0.4655036,0.2539895,0.74145,0.5122185,0.3512457,
1,39,115.761,0.3353882,1.156679,-0.4655036,0.2539895,0.74145,0.5122185,0.3512457,
1,39,115.763,0.3353882,1.156679,-0.4655036,0.2539895,0.74145,0.5122185,0.3512457,
1,39,115.765,0.3353882,1.156679,-0.4655036,0.2539895,0.74145,0.5122185,0.3512457,
1,39,115.767,0.3353882,1.156679,-0.4655036,0.2539895,0.74145,0.5122185,0.3512457,
1,39,115.769,0.3353319,1.156585,-0.465353,0.2529913,0.7416549,0.5124983,0.3511252,
1,39,115.771,0.3353319,1.156585,-0.465353,0.2529913,0.7416549,0.5124983,0.3511252,
1,39,115.773,0.3353319,1.156585,-0.465353,0.2529913,0.7416549,0.5124983,0.3511252,
1,39,115.775,0.3353319,1.156585,-0.465353,0.2529913,0.7416549,0.5124983,0.3511252,
1,39,115.777,0.3353196,1.156562,-0.465227,0.2524765,0.7414648,0.5127482,0.3515323,
1,39,115.779,0.3353196,1.156562,-0.465227,0.2524765,0.7414648,0.5127482,0.3515323,
1,39,115.781,0.3353196,1.156562,-0.465227,0.2524765,0.7414648,0.5127482,0.3515323,
1,39,115.783,0.3353196,1.156562,-0.465227,0.2524765,0.7414648,0.5127482,0.3515323,
1,39,115.785,0.3353856,1.15658,-0.465104,0.2520784,0.7413012,0.5129896,0.3518106,
1,39,115.787,0.3353856,1.15658,-0.465104,0.2520784,0.7413012,0.5129896,0.3518106,
1,39,115.789,0.3353856,1.15658,-0.465104,0.2520784,0.7413012,0.5129896,0.3518106,
1,39,115.791,0.3353856,1.15658,-0.465104,0.2520784,0.7413012,0.5129896,0.3518106,
1,39,115.793,0.3354181,1.156524,-0.4649715,0.2518466,0.7411655,0.5131921,0.3519672,
1,39,115.795,0.3354181,1.156524,-0.4649715,0.2518466,0.7411655,0.5131921,0.3519672,
1,39,115.797,0.3354181,1.156524,-0.4649715,0.2518466,0.7411655,0.5131921,0.3519672,
1,39,115.799,0.3354181,1.156524,-0.4649715,0.2518466,0.7411655,0.5131921,0.3519672,
1,39,115.801,0.3354287,1.156351,-0.4648185,0.2516886,0.741174,0.5133403,0.3518461,
1,39,115.803,0.3354287,1.156351,-0.4648185,0.2516886,0.741174,0.5133403,0.3518461,
1,39,115.805,0.3354287,1.156351,-0.4648185,0.2516886,0.741174,0.5133403,0.3518461,
1,39,115.807,0.3354287,1.156351,-0.4648185,0.2516886,0.741174,0.5133403,0.3518461,
1,39,115.809,0.3356305,1.156093,-0.4646101,0.2517242,0.7409754,0.5136498,0.3517874,
1,39,115.811,0.3356305,1.156093,-0.4646101,0.2517242,0.7409754,0.5136498,0.3517874,
1,39,115.813,0.3356305,1.156093,-0.4646101,0.2517242,0.7409754,0.5136498,0.3517874,
1,39,115.815,0.3356305,1.156093,-0.4646101,0.2517242,0.7409754,0.5136498,0.3517874,
1,39,115.817,0.3356305,1.156093,-0.4646101,0.2517242,0.7409754,0.5136498,0.3517874,
1,39,115.819,0.3356851,1.155909,-0.4644076,0.2519888,0.7409278,0.5138564,0.3513963,
1,39,115.821,0.3356851,1.155909,-0.4644076,0.2519888,0.7409278,0.5138564,0.3513963,
1,39,115.823,0.3356851,1.155909,-0.4644076,0.2519888,0.7409278,0.5138564,0.3513963,
1,39,115.825,0.3356851,1.155909,-0.4644076,0.2519888,0.7409278,0.5138564,0.3513963,
1,39,115.827,0.33558,1.155753,-0.4642457,0.2525286,0.7408645,0.5140233,0.3508978,
1,39,115.829,0.33558,1.155753,-0.4642457,0.2525286,0.7408645,0.5140233,0.3508978,
1,39,115.831,0.33558,1.155753,-0.4642457,0.2525286,0.7408645,0.5140233,0.3508978,
1,39,115.833,0.33558,1.155753,-0.4642457,0.2525286,0.7408645,0.5140233,0.3508978,
1,39,115.835,0.3356764,1.155775,-0.4641753,0.2533057,0.7405123,0.5143455,0.3506089,
1,39,115.837,0.3356764,1.155775,-0.4641753,0.2533057,0.7405123,0.5143455,0.3506089,
1,39,115.839,0.3356764,1.155775,-0.4641753,0.2533057,0.7405123,0.5143455,0.3506089,
1,39,115.841,0.3356764,1.155775,-0.4641753,0.2533057,0.7405123,0.5143455,0.3506089,
1,39,115.843,0.33582,1.155818,-0.464092,0.254151,0.7401421,0.5147085,0.3502458,
1,39,115.845,0.33582,1.155818,-0.464092,0.254151,0.7401421,0.5147085,0.3502458,
1,39,115.847,0.33582,1.155818,-0.464092,0.254151,0.7401421,0.5147085,0.3502458,
1,39,115.849,0.33582,1.155818,-0.464092,0.254151,0.7401421,0.5147085,0.3502458,
1,39,115.851,0.3358088,1.15571,-0.4639174,0.2551842,0.7398336,0.5149124,0.3498467,
1,39,115.853,0.3358088,1.15571,-0.4639174,0.2551842,0.7398336,0.5149124,0.3498467,
1,39,115.855,0.3358088,1.15571,-0.4639174,0.2551842,0.7398336,0.5149124,0.3498467,
1,39,115.857,0.3358088,1.15571,-0.4639174,0.2551842,0.7398336,0.5149124,0.3498467,
1,39,115.859,0.3361132,1.155654,-0.4638643,0.2562018,0.7392827,0.515278,0.3497287,
1,39,115.861,0.3361132,1.155654,-0.4638643,0.2562018,0.7392827,0.515278,0.3497287,
1,39,115.863,0.3361132,1.155654,-0.4638643,0.2562018,0.7392827,0.515278,0.3497287,
1,39,115.865,0.3361132,1.155654,-0.4638643,0.2562018,0.7392827,0.515278,0.3497287,
1,39,115.867,0.3361132,1.155654,-0.4638643,0.2562018,0.7392827,0.515278,0.3497287,
1,39,115.869,0.3358743,1.155488,-0.4636484,0.2576672,0.7389006,0.5153775,0.349313,
1,39,115.871,0.3358743,1.155488,-0.4636484,0.2576672,0.7389006,0.5153775,0.349313,
1,39,115.873,0.3358743,1.155488,-0.4636484,0.2576672,0.7389006,0.5153775,0.349313,
1,39,115.875,0.3358743,1.155488,-0.4636484,0.2576672,0.7389006,0.5153775,0.349313,
1,39,115.877,0.335557,1.155329,-0.4634529,0.2591021,0.7386152,0.515475,0.3487107,
1,39,115.879,0.335557,1.155329,-0.4634529,0.2591021,0.7386152,0.515475,0.3487107,
1,39,115.881,0.335557,1.155329,-0.4634529,0.2591021,0.7386152,0.515475,0.3487107,
1,39,115.883,0.335557,1.155329,-0.4634529,0.2591021,0.7386152,0.515475,0.3487107,
1,39,115.885,0.3353349,1.155307,-0.463324,0.2612924,0.7378736,0.5158114,0.3481486,
1,39,115.887,0.3353349,1.155307,-0.463324,0.2612924,0.7378736,0.5158114,0.3481486,
1,39,115.889,0.3353349,1.155307,-0.463324,0.2612924,0.7378736,0.5158114,0.3481486,
1,39,115.891,0.3353349,1.155307,-0.463324,0.2612924,0.7378736,0.5158114,0.3481486,
1,39,115.893,0.3351288,1.155365,-0.4632302,0.2630612,0.7371952,0.5159131,0.348103,
1,39,115.895,0.3351288,1.155365,-0.4632302,0.2630612,0.7371952,0.5159131,0.348103,
1,39,115.897,0.3351288,1.155365,-0.4632302,0.2630612,0.7371952,0.5159131,0.348103,
1,39,115.899,0.3351288,1.155365,-0.4632302,0.2630612,0.7371952,0.5159131,0.348103,
1,39,115.901,0.3349907,1.155234,-0.4630908,0.2647603,0.7364657,0.5158905,0.3483925,
1,39,115.903,0.3349907,1.155234,-0.4630908,0.2647603,0.7364657,0.5158905,0.3483925,
1,39,115.905,0.3349907,1.155234,-0.4630908,0.2647603,0.7364657,0.5158905,0.3483925,
1,39,115.907,0.3349907,1.155234,-0.4630908,0.2647603,0.7364657,0.5158905,0.3483925,
1,39,115.909,0.3349211,1.155281,-0.4629511,0.2662446,0.7357842,0.5159217,0.348655,
1,39,115.911,0.3349211,1.155281,-0.4629511,0.2662446,0.7357842,0.5159217,0.348655,
1,39,115.913,0.3349211,1.155281,-0.4629511,0.2662446,0.7357842,0.5159217,0.348655,
1,39,115.915,0.3349211,1.155281,-0.4629511,0.2662446,0.7357842,0.5159217,0.348655,
1,39,115.917,0.3349211,1.155281,-0.4629511,0.2662446,0.7357842,0.5159217,0.348655,
1,39,115.919,0.3348523,1.155362,-0.4628217,0.2674764,0.7352591,0.5160744,0.3485942,
1,39,115.921,0.3348523,1.155362,-0.4628217,0.2674764,0.7352591,0.5160744,0.3485942,
1,39,115.923,0.3348523,1.155362,-0.4628217,0.2674764,0.7352591,0.5160744,0.3485942,
1,39,115.925,0.3348523,1.155362,-0.4628217,0.2674764,0.7352591,0.5160744,0.3485942,
1,39,115.927,0.3347581,1.15541,-0.4626866,0.2685391,0.734767,0.5162427,0.348565,
1,39,115.929,0.3347581,1.15541,-0.4626866,0.2685391,0.734767,0.5162427,0.348565,
1,39,115.931,0.3347581,1.15541,-0.4626866,0.2685391,0.734767,0.5162427,0.348565,
1,39,115.933,0.3347581,1.15541,-0.4626866,0.2685391,0.734767,0.5162427,0.348565,
1,39,115.935,0.3345829,1.155491,-0.4625441,0.2695222,0.7343148,0.516395,0.3485339,
1,39,115.937,0.3345829,1.155491,-0.4625441,0.2695222,0.7343148,0.516395,0.3485339,
1,39,115.939,0.3345829,1.155491,-0.4625441,0.2695222,0.7343148,0.516395,0.3485339,
1,39,115.941,0.3345829,1.155491,-0.4625441,0.2695222,0.7343148,0.516395,0.3485339,
1,39,115.943,0.3344268,1.155545,-0.4624123,0.2702506,0.7339576,0.5165312,0.3485203,
1,39,115.945,0.3344268,1.155545,-0.4624123,0.2702506,0.7339576,0.5165312,0.3485203,
1,39,115.947,0.3344268,1.155545,-0.4624123,0.2702506,0.7339576,0.5165312,0.3485203,
1,39,115.949,0.3344268,1.155545,-0.4624123,0.2702506,0.7339576,0.5165312,0.3485203,
1,39,115.951,0.3341896,1.155517,-0.4622099,0.2708309,0.733695,0.5166011,0.3485191,
1,39,115.953,0.3341896,1.155517,-0.4622099,0.2708309,0.733695,0.5166011,0.3485191,
1,39,115.955,0.3341896,1.155517,-0.4622099,0.2708309,0.733695,0.5166011,0.3485191,
1,39,115.957,0.3341896,1.155517,-0.4622099,0.2708309,0.733695,0.5166011,0.3485191,
1,39,115.959,0.3339117,1.155384,-0.4618806,0.2713515,0.733463,0.5165941,0.3486128,
1,39,115.961,0.3339117,1.155384,-0.4618806,0.2713515,0.733463,0.5165941,0.3486128,
1,39,115.963,0.3339117,1.155384,-0.4618806,0.2713515,0.733463,0.5165941,0.3486128,
1,39,115.965,0.3339117,1.155384,-0.4618806,0.2713515,0.733463,0.5165941,0.3486128,
1,39,115.967,0.3339117,1.155384,-0.4618806,0.2713515,0.733463,0.5165941,0.3486128,
1,39,115.969,0.3338176,1.155388,-0.4616835,0.2714627,0.7333387,0.5166233,0.3487444,
1,39,115.971,0.3338176,1.155388,-0.4616835,0.2714627,0.7333387,0.5166233,0.3487444,
1,39,115.973,0.3338176,1.155388,-0.4616835,0.2714627,0.7333387,0.5166233,0.3487444,
1,39,115.975,0.3338176,1.155388,-0.4616835,0.2714627,0.7333387,0.5166233,0.3487444,
1,39,115.977,0.3336567,1.155331,-0.4614736,0.2713984,0.7333097,0.5166843,0.348765,
1,39,115.979,0.3336567,1.155331,-0.4614736,0.2713984,0.7333097,0.5166843,0.348765,
1,39,115.981,0.3336567,1.155331,-0.4614736,0.2713984,0.7333097,0.5166843,0.348765,
1,39,115.983,0.3336567,1.155331,-0.4614736,0.2713984,0.7333097,0.5166843,0.348765,
1,39,115.985,0.3334864,1.155325,-0.4612698,0.2712576,0.733272,0.5167401,0.3488715,
1,39,115.987,0.3334864,1.155325,-0.4612698,0.2712576,0.733272,0.5167401,0.3488715,
1,39,115.989,0.3334864,1.155325,-0.4612698,0.2712576,0.733272,0.5167401,0.3488715,
1,39,115.991,0.3334864,1.155325,-0.4612698,0.2712576,0.733272,0.5167401,0.3488715,
1,39,115.993,0.3333788,1.155348,-0.4610675,0.2709107,0.7333149,0.5168596,0.3488737,
1,39,115.995,0.3333788,1.155348,-0.4610675,0.2709107,0.7333149,0.5168596,0.3488737,
1,39,115.997,0.3333788,1.155348,-0.4610675,0.2709107,0.7333149,0.5168596,0.3488737,
1,39,115.999,0.3333788,1.155348,-0.4610675,0.2709107,0.7333149,0.5168596,0.3488737,
1,39,116.001,0.3331555,1.155389,-0.4608472,0.2705237,0.7334631,0.5169095,0.3487884,
1,39,116.003,0.3331555,1.155389,-0.4608472,0.2705237,0.7334631,0.5169095,0.3487884,
1,39,116.005,0.3331555,1.155389,-0.4608472,0.2705237,0.7334631,0.5169095,0.3487884,
1,39,116.007,0.3331555,1.155389,-0.4608472,0.2705237,0.7334631,0.5169095,0.3487884,
1,39,116.009,0.3329456,1.155444,-0.4606443,0.2700949,0.733592,0.5169418,0.3488019,
1,39,116.011,0.3329456,1.155444,-0.4606443,0.2700949,0.733592,0.5169418,0.3488019,
1,39,116.013,0.3329456,1.155444,-0.4606443,0.2700949,0.733592,0.5169418,0.3488019,
1,39,116.015,0.3329456,1.155444,-0.4606443,0.2700949,0.733592,0.5169418,0.3488019,
1,39,116.017,0.3329456,1.155444,-0.4606443,0.2700949,0.733592,0.5169418,0.3488019,
1,39,116.019,0.3327569,1.15558,-0.4604371,0.2697241,0.7336386,0.5169756,0.3489405,
1,39,116.021,0.3327569,1.15558,-0.4604371,0.2697241,0.7336386,0.5169756,0.3489405,
1,39,116.023,0.3327569,1.15558,-0.4604371,0.2697241,0.7336386,0.5169756,0.3489405,
1,39,116.025,0.3327569,1.15558,-0.4604371,0.2697241,0.7336386,0.5169756,0.3489405,
1,39,116.027,0.3324821,1.155661,-0.4601849,0.2693892,0.7337305,0.516851,0.3491907,
1,39,116.029,0.3324821,1.155661,-0.4601849,0.2693892,0.7337305,0.516851,0.3491907,
1,39,116.031,0.3324821,1.155661,-0.4601849,0.2693892,0.7337305,0.516851,0.3491907,
1,39,116.033,0.3324821,1.155661,-0.4601849,0.2693892,0.7337305,0.516851,0.3491907,
1,39,116.035,0.3322422,1.155744,-0.4599387,0.2690379,0.7335997,0.5166473,0.3500369,
1,39,116.037,0.3322422,1.155744,-0.4599387,0.2690379,0.7335997,0.5166473,0.3500369,
1,39,116.039,0.3322422,1.155744,-0.4599387,0.2690379,0.7335997,0.5166473,0.3500369,
1,39,116.041,0.3322422,1.155744,-0.4599387,0.2690379,0.7335997,0.5166473,0.3500369,
1,39,116.043,0.3320346,1.155688,-0.4597493,0.2686724,0.7336771,0.5164505,0.3504453,
1,39,116.045,0.3320346,1.155688,-0.4597493,0.2686724,0.7336771,0.5164505,0.3504453,
1,39,116.047,0.3320346,1.155688,-0.4597493,0.2686724,0.7336771,0.5164505,0.3504453,
1,39,116.049,0.3320346,1.155688,-0.4597493,0.2686724,0.7336771,0.5164505,0.3504453,
1,39,116.051,0.3319689,1.155598,-0.4596536,0.2680631,0.7337706,0.5163674,0.3508384,
1,39,116.053,0.3319689,1.155598,-0.4596536,0.2680631,0.7337706,0.5163674,0.3508384,
1,39,116.055,0.3319689,1.155598,-0.4596536,0.2680631,0.7337706,0.5163674,0.3508384,
1,39,116.057,0.3319689,1.155598,-0.4596536,0.2680631,0.7337706,0.5163674,0.3508384,
1,39,116.059,0.3318839,1.15548,-0.4595335,0.2673191,0.7339391,0.5163987,0.3510077,
1,39,116.061,0.3318839,1.15548,-0.4595335,0.2673191,0.7339391,0.5163987,0.3510077,
1,39,116.063,0.3318839,1.15548,-0.4595335,0.2673191,0.7339391,0.5163987,0.3510077,
1,39,116.065,0.3318839,1.15548,-0.4595335,0.2673191,0.7339391,0.5163987,0.3510077,
1,39,116.067,0.3318839,1.15548,-0.4595335,0.2673191,0.7339391,0.5163987,0.3510077,
1,39,116.069,0.3319077,1.155362,-0.4593354,0.2663947,0.7341195,0.516598,0.3510397,
1,39,116.071,0.3319077,1.155362,-0.4593354,0.2663947,0.7341195,0.516598,0.3510397,
1,39,116.073,0.3319077,1.155362,-0.4593354,0.2663947,0.7341195,0.516598,0.3510397,
1,39,116.075,0.3319077,1.155362,-0.4593354,0.2663947,0.7341195,0.516598,0.3510397,
1,39,116.077,0.3317558,1.155244,-0.4590503,0.2655177,0.7344546,0.5167425,0.3507906,
1,39,116.079,0.3317558,1.155244,-0.4590503,0.2655177,0.7344546,0.5167425,0.3507906,
1,39,116.081,0.3317558,1.155244,-0.4590503,0.2655177,0.7344546,0.5167425,0.3507906,
1,39,116.083,0.3317558,1.155244,-0.4590503,0.2655177,0.7344546,0.5167425,0.3507906,CourtEnter
1,39,116.085,0.3316666,1.155106,-0.4587789,0.2646975,0.7346694,0.5169353,0.3506765,
1,39,116.087,0.3316666,1.155106,-0.4587789,0.2646975,0.7346694,0.5169353,0.3506765,
1,39,116.089,0.3316666,1.155106,-0.4587789,0.2646975,0.7346694,0.5169353,0.3506765,
1,39,116.091,0.3316666,1.155106,-0.4587789,0.2646975,0.7346694,0.5169353,0.3506765,CourtExit
1,39,116.093,0.3315449,1.154979,-0.4585387,0.2641355,0.7347015,0.5170634,0.3508442,
1,39,116.095,0.3315449,1.154979,-0.4585387,0.2641355,0.7347015,0.5170634,0.3508442,
1,39,116.097,0.3315449,1.154979,-0.4585387,0.2641355,0.7347015,0.5170634,0.3508442,
1,39,116.099,0.3315449,1.154979,-0.4585387,0.2641355,0.7347015,0.5170634,0.3508442,
1,39,116.101,0.331535,1.154922,-0.4583453,0.2637919,0.7344834,0.5172501,0.3512838,
1,39,116.103,0.331535,1.154922,-0.4583453,0.2637919,0.7344834,0.5172501,0.3512838,
1,39,116.105,0.331535,1.154922,-0.4583453,0.2637919,0.7344834,0.5172501,0.3512838,
1,39,116.107,0.331535,1.154922,-0.4583453,0.2637919,0.7344834,0.5172501,0.3512838,
1,39,116.109,0.3313323,1.15486,-0.4580931,0.2636783,0.7340223,0.5174302,0.3520669,
1,39,116.111,0.3313323,1.15486,-0.4580931,0.2636783,0.7340223,0.5174302,0.3520669,
1,39,116.113,0.3313323,1.15486,-0.4580931,0.2636783,0.7340223,0.5174302,0.3520669,
1,39,116.115,0.3313323,1.15486,-0.4580931,0.2636783,0.7340223,0.5174302,0.3520669,
1,39,116.117,0.3313323,1.15486,-0.4580931,0.2636783,0.7340223,0.5174302,0.3520669,
1,39,116.119,0.3311856,1.154769,-0.457868,0.2636868,0.7337311,0.5175624,0.3524729,
1,39,116.121,0.3311856,1.154769,-0.457868,0.2636868,0.7337311,0.5175624,0.3524729,
1,39,116.123,0.3311856,1.154769,-0.457868,0.2636868,0.7337311,0.5175624,0.3524729,
1,39,116.125,0.3311856,1.154769,-0.457868,0.2636868,0.7337311,0.5175624,0.3524729,
1,39,116.127,0.3309534,1.154663,-0.4576401,0.2637104,0.7335352,0.5177372,0.3526066,
1,39,116.129,0.3309534,1.154663,-0.4576401,0.2637104,0.7335352,0.5177372,0.3526066,
1,39,116.131,0.3309534,1.154663,-0.4576401,0.2637104,0.7335352,0.5177372,0.3526066,
1,39,116.133,0.3309534,1.154663,-0.4576401,0.2637104,0.7335352,0.5177372,0.3526066,
1,39,116.135,0.3306497,1.15457,-0.4574305,0.2637042,0.7334073,0.5180123,0.3524729,
1,39,116.137,0.3306497,1.15457,-0.4574305,0.2637042,0.7334073,0.5180123,0.3524729,
1,39,116.139,0.3306497,1.15457,-0.4574305,0.2637042,0.7334073,0.5180123,0.3524729,
1,39,116.141,0.3306497,1.15457,-0.4574305,0.2637042,0.7334073,0.5180123,0.3524729,
1,39,116.143,0.3304987,1.154495,-0.4571565,0.2637159,0.7332357,0.5183299,0.3523543,
1,39,116.145,0.3304987,1.154495,-0.4571565,0.2637159,0.7332357,0.5183299,0.3523543,
1,39,116.147,0.3304987,1.154495,-0.4571565,0.2637159,0.7332357,0.5183299,0.3523543,
1,39,116.149,0.3304987,1.154495,-0.4571565,0.2637159,0.7332357,0.5183299,0.3523543,
1,39,116.151,0.3303523,1.154472,-0.4570227,0.2638724,0.7329533,0.5186578,0.3523422,
1,39,116.153,0.3303523,1.154472,-0.4570227,0.2638724,0.7329533,0.5186578,0.3523422,
1,39,116.155,0.3303523,1.154472,-0.4570227,0.2638724,0.7329533,0.5186578,0.3523422,
1,39,116.157,0.3303523,1.154472,-0.4570227,0.2638724,0.7329533,0.5186578,0.3523422,
1,39,116.159,0.3307149,1.154791,-0.4571072,0.2641827,0.7321413,0.519241,0.3529384,
1,39,116.161,0.3307149,1.154791,-0.4571072,0.2641827,0.7321413,0.519241,0.3529384,
1,39,116.163,0.3307149,1.154791,-0.4571072,0.2641827,0.7321413,0.519241,0.3529384,
1,39,116.165,0.3307149,1.154791,-0.4571072,0.2641827,0.7321413,0.519241,0.3529384,
1,39,116.167,0.3307149,1.154791,-0.4571072,0.2641827,0.7321413,0.519241,0.3529384,
1,39,116.169,0.3306775,1.154881,-0.4570436,0.2647244,0.7315037,0.5195221,0.3534404,
1,39,116.171,0.3306775,1.154881,-0.4570436,0.2647244,0.7315037,0.5195221,0.3534404,
1,39,116.173,0.3306775,1.154881,-0.4570436,0.2647244,0.7315037,0.5195221,0.3534404,
1,39,116.175,0.3306775,1.154881,-0.4570436,0.2647244,0.7315037,0.5195221,0.3534404,
1,39,116.177,0.3305253,1.15475,-0.45689,0.2651245,0.7311085,0.5197006,0.3536957,
1,39,116.179,0.3305253,1.15475,-0.45689,0.2651245,0.7311085,0.5197006,0.3536957,
1,39,116.181,0.3305253,1.15475,-0.45689,0.2651245,0.7311085,0.5197006,0.3536957,
1,39,116.183,0.3305253,1.15475,-0.45689,0.2651245,0.7311085,0.5197006,0.3536957,
1,39,116.185,0.3300397,1.154357,-0.4566079,0.2656738,0.7307455,0.5199115,0.3537238,
1,39,116.187,0.3300397,1.154357,-0.4566079,0.2656738,0.7307455,0.5199115,0.3537238,
1,39,116.189,0.3300397,1.154357,-0.4566079,0.2656738,0.7307455,0.5199115,0.3537238,
1,39,116.191,0.3300397,1.154357,-0.4566079,0.2656738,0.7307455,0.5199115,0.3537238,
1,39,116.193,0.3298961,1.154386,-0.4565668,0.2662259,0.7301922,0.5202593,0.3539399,
1,39,116.195,0.3298961,1.154386,-0.4565668,0.2662259,0.7301922,0.5202593,0.3539399,
1,39,116.197,0.3298961,1.154386,-0.4565668,0.2662259,0.7301922,0.5202593,0.3539399,
1,39,116.199,0.3298961,1.154386,-0.4565668,0.2662259,0.7301922,0.5202593,0.3539399,
1,39,116.201,0.3299255,1.154524,-0.4565319,0.2666692,0.7296428,0.5206861,0.3541114,
1,39,116.203,0.3299255,1.154524,-0.4565319,0.2666692,0.7296428,0.5206861,0.3541114,
1,39,116.205,0.3299255,1.154524,-0.4565319,0.2666692,0.7296428,0.5206861,0.3541114,
1,39,116.207,0.3299255,1.154524,-0.4565319,0.2666692,0.7296428,0.5206861,0.3541114,
1,39,116.209,0.3298976,1.154628,-0.4564925,0.2670534,0.7291571,0.5210993,0.3542145,
1,39,116.211,0.3298976,1.154628,-0.4564925,0.2670534,0.7291571,0.5210993,0.3542145,
1,39,116.213,0.3298976,1.154628,-0.4564925,0.2670534,0.7291571,0.5210993,0.3542145,
1,39,116.215,0.3298976,1.154628,-0.4564925,0.2670534,0.7291571,0.5210993,0.3542145,
1,39,116.217,0.3298976,1.154628,-0.4564925,0.2670534,0.7291571,0.5210993,0.3542145,
1,39,116.219,0.3298058,1.154593,-0.4563793,0.2673739,0.7288361,0.5213541,0.3542585,
1,39,116.221,0.3298058,1.154593,-0.4563793,0.2673739,0.7288361,0.5213541,0.3542585,
1,39,116.223,0.3298058,1.154593,-0.4563793,0.2673739,0.7288361,0.5213541,0.3542585,
1,39,116.225,0.3298058,1.154593,-0.4563793,0.2673739,0.7288361,0.5213541,0.3542585,
1,39,116.227,0.3297442,1.154647,-0.4563499,0.2676758,0.7284563,0.52165,0.3543762,
1,39,116.229,0.3297442,1.154647,-0.4563499,0.2676758,0.7284563,0.52165,0.3543762,
1,39,116.231,0.3297442,1.154647,-0.4563499,0.2676758,0.7284563,0.52165,0.3543762,
1,39,116.233,0.3297442,1.154647,-0.4563499,0.2676758,0.7284563,0.52165,0.3543762,
1,39,116.235,0.3296577,1.154742,-0.4562921,0.2681377,0.7279968,0.5218731,0.3546428,
1,39,116.237,0.3296577,1.154742,-0.4562921,0.2681377,0.7279968,0.5218731,0.3546428,
1,39,116.239,0.3296577,1.154742,-0.4562921,0.2681377,0.7279968,0.5218731,0.3546428,
1,39,116.241,0.3296577,1.154742,-0.4562921,0.2681377,0.7279968,0.5218731,0.3546428,
1,39,116.243,0.3295163,1.154773,-0.4562234,0.2684715,0.7276506,0.5220188,0.3548859,
1,39,116.245,0.3295163,1.154773,-0.4562234,0.2684715,0.7276506,0.5220188,0.3548859,
1,39,116.247,0.3295163,1.154773,-0.4562234,0.2684715,0.7276506,0.5220188,0.3548859,
1,39,116.249,0.3295163,1.154773,-0.4562234,0.2684715,0.7276506,0.5220188,0.3548859,
1,39,116.251,0.329282,1.154777,-0.4561349,0.2687238,0.7274992,0.5221138,0.3548656,
1,39,116.253,0.329282,1.154777,-0.4561349,0.2687238,0.7274992,0.5221138,0.3548656,
1,39,116.255,0.329282,1.154777,-0.4561349,0.2687238,0.7274992,0.5221138,0.3548656,
1,39,116.257,0.329282,1.154777,-0.4561349,0.2687238,0.7274992,0.5221138,0.3548656,
1,39,116.259,0.3289658,1.154862,-0.4560573,0.2689328,0.7272737,0.5223029,0.3548912,
1,39,116.261,0.3289658,1.154862,-0.4560573,0.2689328,0.7272737,0.5223029,0.3548912,
1,39,116.263,0.3289658,1.154862,-0.4560573,0.2689328,0.7272737,0.5223029,0.3548912,
1,39,116.265,0.3289658,1.154862,-0.4560573,0.2689328,0.7272737,0.5223029,0.3548912,
1,39,116.267,0.3289658,1.154862,-0.4560573,0.2689328,0.7272737,0.5223029,0.3548912,
1,39,116.269,0.3288214,1.154907,-0.4559818,0.2689535,0.7271434,0.5223899,0.3550144,
1,39,116.271,0.3288214,1.154907,-0.4559818,0.2689535,0.7271434,0.5223899,0.3550144,
1,39,116.273,0.3288214,1.154907,-0.4559818,0.2689535,0.7271434,0.5223899,0.3550144,
1,39,116.275,0.3288214,1.154907,-0.4559818,0.2689535,0.7271434,0.5223899,0.3550144,
1,39,116.277,0.3286539,1.154906,-0.4559217,0.2688924,0.7271023,0.5224218,0.3550978,
1,39,116.279,0.3286539,1.154906,-0.4559217,0.2688924,0.7271023,0.5224218,0.3550978,
1,39,116.281,0.3286539,1.154906,-0.4559217,0.2688924,0.7271023,0.5224218,0.3550978,
1,39,116.283,0.3286539,1.154906,-0.4559217,0.2688924,0.7271023,0.5224218,0.3550978,
1,39,116.285,0.3285384,1.154958,-0.4558736,0.2687095,0.727098,0.5224779,0.3551629,
1,39,116.287,0.3285384,1.154958,-0.4558736,0.2687095,0.727098,0.5224779,0.3551629,
1,39,116.289,0.3285384,1.154958,-0.4558736,0.2687095,0.727098,0.5224779,0.3551629,
1,39,116.291,0.3285384,1.154958,-0.4558736,0.2687095,0.727098,0.5224779,0.3551629,
1,39,116.293,0.3284639,1.155009,-0.455846,0.2684484,0.7271009,0.5225558,0.3552397,
1,39,116.295,0.3284639,1.155009,-0.455846,0.2684484,0.7271009,0.5225558,0.3552397,
1,39,116.297,0.3284639,1.155009,-0.455846,0.2684484,0.7271009,0.5225558,0.3552397,
1,39,116.299,0.3284639,1.155009,-0.455846,0.2684484,0.7271009,0.5225558,0.3552397,
1,39,116.301,0.3283945,1.155017,-0.4557983,0.2680942,0.7271357,0.5226034,0.3553661,
1,39,116.303,0.3283945,1.155017,-0.4557983,0.2680942,0.7271357,0.5226034,0.3553661,
1,39,116.305,0.3283945,1.155017,-0.4557983,0.2680942,0.7271357,0.5226034,0.3553661,
1,39,116.307,0.3283945,1.155017,-0.4557983,0.2680942,0.7271357,0.5226034,0.3553661,
1,39,116.309,0.3282927,1.155019,-0.455722,0.2677316,0.7272276,0.5226341,0.3554061,
1,39,116.311,0.3282927,1.155019,-0.455722,0.2677316,0.7272276,0.5226341,0.3554061,
1,39,116.313,0.3282927,1.155019,-0.455722,0.2677316,0.7272276,0.5226341,0.3554061,
1,39,116.315,0.3282927,1.155019,-0.455722,0.2677316,0.7272276,0.5226341,0.3554061,
1,39,116.317,0.3282927,1.155019,-0.455722,0.2677316,0.7272276,0.5226341,0.3554061,
1,39,116.319,0.3282723,1.155034,-0.4556782,0.267248,0.7273256,0.5227045,0.3554662,
1,39,116.321,0.3282723,1.155034,-0.4556782,0.267248,0.7273256,0.5227045,0.3554662,
1,39,116.323,0.3282723,1.155034,-0.4556782,0.267248,0.7273256,0.5227045,0.3554662,
1,39,116.325,0.3282723,1.155034,-0.4556782,0.267248,0.7273256,0.5227045,0.3554662,
1,39,116.327,0.3282907,1.155036,-0.4556375,0.2667913,0.7274038,0.5227761,0.3555437,
1,39,116.329,0.3282907,1.155036,-0.4556375,0.2667913,0.7274038,0.5227761,0.3555437,
1,39,116.331,0.3282907,1.155036,-0.4556375,0.2667913,0.7274038,0.5227761,0.3555437,
1,39,116.333,0.3282907,1.155036,-0.4556375,0.2667913,0.7274038,0.5227761,0.3555437,
1,39,116.335,0.328213,1.154952,-0.4555682,0.2660069,0.7277405,0.5228027,0.3554031,
1,39,116.337,0.328213,1.154952,-0.4555682,0.2660069,0.7277405,0.5228027,0.3554031,
1,39,116.339,0.328213,1.154952,-0.4555682,0.2660069,0.7277405,0.5228027,0.3554031,
1,39,116.341,0.328213,1.154952,-0.4555682,0.2660069,0.7277405,0.5228027,0.3554031,
1,39,116.343,0.3280953,1.154945,-0.4555371,0.2657231,0.7278504,0.5228056,0.3553862,
1,39,116.345,0.3280953,1.154945,-0.4555371,0.2657231,0.7278504,0.5228056,0.3553862,
1,39,116.347,0.3280953,1.154945,-0.4555371,0.2657231,0.7278504,0.5228056,0.3553862,
1,39,116.349,0.3280953,1.154945,-0.4555371,0.2657231,0.7278504,0.5228056,0.3553862,
1,39,116.351,0.3280578,1.154916,-0.4554915,0.2654608,0.727916,0.5227935,0.3554657,
1,39,116.353,0.3280578,1.154916,-0.4554915,0.2654608,0.727916,0.5227935,0.3554657,
1,39,116.355,0.3280578,1.154916,-0.4554915,0.2654608,0.727916,0.5227935,0.3554657,
1,39,116.357,0.3280578,1.154916,-0.4554915,0.2654608,0.727916,0.5227935,0.3554657,
1,39,116.359,0.3281108,1.154903,-0.4555058,0.2651598,0.7279222,0.5228528,0.3555904,
1,39,116.361,0.3281108,1.154903,-0.4555058,0.2651598,0.7279222,0.5228528,0.3555904,
1,39,116.363,0.3281108,1.154903,-0.4555058,0.2651598,0.7279222,0.5228528,0.3555904,
1,39,116.365,0.3281108,1.154903,-0.4555058,0.2651598,0.7279222,0.5228528,0.3555904,
1,39,116.367,0.3281108,1.154903,-0.4555058,0.2651598,0.7279222,0.5228528,0.3555904,
1,39,116.369,0.3280716,1.154845,-0.4554723,0.2649741,0.7279944,0.5228782,0.3555437,
1,39,116.371,0.3280716,1.154845,-0.4554723,0.2649741,0.7279944,0.5228782,0.3555437,
1,39,116.373,0.3280716,1.154845,-0.4554723,0.2649741,0.7279944,0.5228782,0.3555437,
1,39,116.375,0.3280716,1.154845,-0.4554723,0.2649741,0.7279944,0.5228782,0.3555437,
1,39,116.377,0.328024,1.154791,-0.455435,0.2648559,0.7280297,0.5229083,0.3555153,
1,39,116.379,0.328024,1.154791,-0.455435,0.2648559,0.7280297,0.5229083,0.3555153,
1,39,116.381,0.328024,1.154791,-0.455435,0.2648559,0.7280297,0.5229083,0.3555153,
1,39,116.383,0.328024,1.154791,-0.455435,0.2648559,0.7280297,0.5229083,0.3555153,
1,39,116.385,0.328024,1.154686,-0.45543,0.2647852,0.7279869,0.5229269,0.3556281,
1,39,116.387,0.328024,1.154686,-0.45543,0.2647852,0.7279869,0.5229269,0.3556281,
1,39,116.389,0.328024,1.154686,-0.45543,0.2647852,0.7279869,0.5229269,0.3556281,
1,39,116.391,0.328024,1.154686,-0.45543,0.2647852,0.7279869,0.5229269,0.3556281,
1,39,116.393,0.3280466,1.154674,-0.4554129,0.2648913,0.7278544,0.5230341,0.3556628,
1,39,116.395,0.3280466,1.154674,-0.4554129,0.2648913,0.7278544,0.5230341,0.3556628,
1,39,116.397,0.3280466,1.154674,-0.4554129,0.2648913,0.7278544,0.5230341,0.3556628,
1,39,116.399,0.3280466,1.154674,-0.4554129,0.2648913,0.7278544,0.5230341,0.3556628,
1,39,116.401,0.3280343,1.154605,-0.4554097,0.2650262,0.7277446,0.5230888,0.3557062,
1,39,116.403,0.3280343,1.154605,-0.4554097,0.2650262,0.7277446,0.5230888,0.3557062,
1,39,116.405,0.3280343,1.154605,-0.4554097,0.2650262,0.7277446,0.5230888,0.3557062,
1,39,116.407,0.3280343,1.154605,-0.4554097,0.2650262,0.7277446,0.5230888,0.3557062,
1,39,116.409,0.3279483,1.154574,-0.4554235,0.2653971,0.7274909,0.5232404,0.3557257,
1,39,116.411,0.3279483,1.154574,-0.4554235,0.2653971,0.7274909,0.5232404,0.3557257,
1,39,116.413,0.3279483,1.154574,-0.4554235,0.2653971,0.7274909,0.5232404,0.3557257,
1,39,116.415,0.3279483,1.154574,-0.4554235,0.2653971,0.7274909,0.5232404,0.3557257,
1,39,116.417,0.3279483,1.154574,-0.4554235,0.2653971,0.7274909,0.5232404,0.3557257,
1,39,116.419,0.3278645,1.154498,-0.4553519,0.2657455,0.7272882,0.5232928,0.355803,
1,39,116.421,0.3278645,1.154498,-0.4553519,0.2657455,0.7272882,0.5232928,0.355803,
1,39,116.423,0.3278645,1.154498,-0.4553519,0.2657455,0.7272882,0.5232928,0.355803,
1,39,116.425,0.3278645,1.154498,-0.4553519,0.2657455,0.7272882,0.5232928,0.355803,
1,39,116.427,0.3278508,1.15449,-0.4553526,0.2661322,0.7269437,0.5234404,0.3560008,
1,39,116.429,0.3278508,1.15449,-0.4553526,0.2661322,0.7269437,0.5234404,0.3560008,
1,39,116.431,0.3278508,1.15449,-0.4553526,0.2661322,0.7269437,0.5234404,0.3560008,
1,39,116.433,0.3278508,1.15449,-0.4553526,0.2661322,0.7269437,0.5234404,0.3560008,
1,39,116.435,0.3278076,1.154452,-0.4553412,0.2663979,0.7267689,0.5235955,0.355931,
1,39,116.437,0.3278076,1.154452,-0.4553412,0.2663979,0.7267689,0.5235955,0.355931,
1,39,116.439,0.3278076,1.154452,-0.4553412,0.2663979,0.7267689,0.5235955,0.355931,
1,39,116.441,0.3278076,1.154452,-0.4553412,0.2663979,0.7267689,0.5235955,0.355931,
1,39,116.443,0.327704,1.154551,-0.4554466,0.2669538,0.7263105,0.5238594,0.3560622,
1,39,116.445,0.327704,1.154551,-0.4554466,0.2669538,0.7263105,0.5238594,0.3560622,
1,39,116.447,0.327704,1.154551,-0.4554466,0.2669538,0.7263105,0.5238594,0.3560622,
1,39,116.449,0.327704,1.154551,-0.4554466,0.2669538,0.7263105,0.5238594,0.3560622,
1,39,116.451,0.327567,1.154555,-0.4554662,0.267356,0.7260545,0.5239964,0.3560808,
1,39,116.453,0.327567,1.154555,-0.4554662,0.267356,0.7260545,0.5239964,0.3560808,
1,39,116.455,0.327567,1.154555,-0.4554662,0.267356,0.7260545,0.5239964,0.3560808,
1,39,116.457,0.327567,1.154555,-0.4554662,0.267356,0.7260545,0.5239964,0.3560808,
1,39,116.459,0.3275535,1.154536,-0.4555022,0.2676968,0.7256999,0.5241714,0.3562899,
1,39,116.461,0.3275535,1.154536,-0.4555022,0.2676968,0.7256999,0.5241714,0.3562899,
1,39,116.463,0.3275535,1.154536,-0.4555022,0.2676968,0.7256999,0.5241714,0.3562899,
1,39,116.465,0.3275535,1.154536,-0.4555022,0.2676968,0.7256999,0.5241714,0.3562899,
1,39,116.467,0.3275535,1.154536,-0.4555022,0.2676968,0.7256999,0.5241714,0.3562899,
1,39,116.469,0.327502,1.154532,-0.4555443,0.267958,0.7254502,0.5243347,0.3563619,
1,39,116.471,0.327502,1.154532,-0.4555443,0.267958,0.7254502,0.5243347,0.3563619,
1,39,116.473,0.327502,1.154532,-0.4555443,0.267958,0.7254502,0.5243347,0.3563619,
1,39,116.475,0.327502,1.154532,-0.4555443,0.267958,0.7254502,0.5243347,0.3563619,
1,39,116.477,0.327498,1.154584,-0.4555829,0.2681623,0.7251694,0.524574,0.3564275,
1,39,116.479,0.327498,1.154584,-0.4555829,0.2681623,0.7251694,0.524574,0.3564275,
1,39,116.481,0.327498,1.154584,-0.4555829,0.2681623,0.7251694,0.524574,0.3564275,
1,39,116.483,0.327498,1.154584,-0.4555829,0.2681623,0.7251694,0.524574,0.3564275,
1,39,116.485,0.3274387,1.154635,-0.4556381,0.2682488,0.7249891,0.5248634,0.3563032,
1,39,116.487,0.3274387,1.154635,-0.4556381,0.2682488,0.7249891,0.5248634,0.3563032,
1,39,116.489,0.3274387,1.154635,-0.4556381,0.2682488,0.7249891,0.5248634,0.3563032,
1,39,116.491,0.3274387,1.154635,-0.4556381,0.2682488,0.7249891,0.5248634,0.3563032,
1,39,116.493,0.327419,1.154613,-0.4556579,0.2683165,0.7248689,0.5249765,0.35633,
1,39,116.495,0.327419,1.154613,-0.4556579,0.2683165,0.7248689,0.5249765,0.35633,
1,39,116.497,0.327419,1.154613,-0.4556579,0.2683165,0.7248689,0.5249765,0.35633,
1,39,116.499,0.327419,1.154613,-0.4556579,0.2683165,0.7248689,0.5249765,0.35633,
1,39,116.501,0.3274636,1.154704,-0.4557096,0.2682807,0.7247299,0.525177,0.3563443,
1,39,116.503,0.3274636,1.154704,-0.4557096,0.2682807,0.7247299,0.525177,0.3563443,
1,39,116.505,0.3274636,1.154704,-0.4557096,0.2682807,0.7247299,0.525177,0.3563443,
1,39,116.507,0.3274636,1.154704,-0.4557096,0.2682807,0.7247299,0.525177,0.3563443,
1,39,116.509,0.3274833,1.154722,-0.4557683,0.2681815,0.7247,0.5252646,0.3563505,
1,39,116.511,0.3274833,1.154722,-0.4557683,0.2681815,0.7247,0.5252646,0.3563505,
1,39,116.513,0.3274833,1.154722,-0.4557683,0.2681815,0.7247,0.5252646,0.3563505,
1,39,116.515,0.3274833,1.154722,-0.4557683,0.2681815,0.7247,0.5252646,0.3563505,
1,39,116.517,0.3274833,1.154722,-0.4557683,0.2681815,0.7247,0.5252646,0.3563505,
1,39,116.519,0.3274661,1.154771,-0.4558045,0.2680499,0.7247574,0.525347,0.3562114,
1,39,116.521,0.3274661,1.154771,-0.4558045,0.2680499,0.7247574,0.525347,0.3562114,
1,39,116.523,0.3274661,1.154771,-0.4558045,0.2680499,0.7247574,0.525347,0.3562114,
1,39,116.525,0.3274661,1.154771,-0.4558045,0.2680499,0.7247574,0.525347,0.3562114,
1,39,116.527,0.3274775,1.154785,-0.4558588,0.2679351,0.724758,0.5253166,0.3563412,
1,39,116.529,0.3274775,1.154785,-0.4558588,0.2679351,0.724758,0.5253166,0.3563412,
1,39,116.531,0.3274775,1.154785,-0.4558588,0.2679351,0.724758,0.5253166,0.3563412,
1,39,116.533,0.3274775,1.154785,-0.4558588,0.2679351,0.724758,0.5253166,0.3563412,
1,39,116.535,0.3274307,1.154872,-0.4559455,0.2678868,0.7247424,0.5253043,0.3564278,
1,39,116.537,0.3274307,1.154872,-0.4559455,0.2678868,0.7247424,0.5253043,0.3564278,
1,39,116.539,0.3274307,1.154872,-0.4559455,0.2678868,0.7247424,0.5253043,0.3564278,
1,39,116.541,0.3274307,1.154872,-0.4559455,0.2678868,0.7247424,0.5253043,0.3564278,
1,39,116.543,0.3274876,1.154889,-0.4559675,0.2675716,0.7249219,0.525243,0.3563894,
1,39,116.545,0.3274876,1.154889,-0.4559675,0.2675716,0.7249219,0.525243,0.3563894,
1,39,116.547,0.3274876,1.154889,-0.4559675,0.2675716,0.7249219,0.525243,0.3563894,
1,39,116.549,0.3274876,1.154889,-0.4559675,0.2675716,0.7249219,0.525243,0.3563894,
1,39,116.551,0.3274408,1.154863,-0.4559586,0.2672058,0.7252564,0.5251663,0.3560962,
1,39,116.553,0.3274408,1.154863,-0.4559586,0.2672058,0.7252564,0.5251663,0.3560962,
1,39,116.555,0.3274408,1.154863,-0.4559586,0.2672058,0.7252564,0.5251663,0.3560962,
1,39,116.557,0.3274408,1.154863,-0.4559586,0.2672058,0.7252564,0.5251663,0.3560962,
1,39,116.559,0.3274513,1.1549,-0.4559787,0.2666324,0.7255703,0.525216,0.3558134,
1,39,116.561,0.3274513,1.1549,-0.4559787,0.2666324,0.7255703,0.525216,0.3558134,
1,39,116.563,0.3274513,1.1549,-0.4559787,0.2666324,0.7255703,0.525216,0.3558134,
1,39,116.565,0.3274513,1.1549,-0.4559787,0.2666324,0.7255703,0.525216,0.3558134,
1,39,116.567,0.3274513,1.1549,-0.4559787,0.2666324,0.7255703,0.525216,0.3558134,
1,39,116.569,0.3275494,1.154938,-0.4560369,0.2663256,0.7256773,0.5252318,0.3558015,
1,39,116.571,0.3275494,1.154938,-0.4560369,0.2663256,0.7256773,0.5252318,0.3558015,
1,39,116.573,0.3275494,1.154938,-0.4560369,0.2663256,0.7256773,0.5252318,0.3558015,
1,39,116.575,0.3275494,1.154938,-0.4560369,0.2663256,0.7256773,0.5252318,0.3558015,
1,39,116.577,0.3275383,1.154944,-0.456082,0.2660747,0.7258826,0.525196,0.3556231,
1,39,116.579,0.3275383,1.154944,-0.456082,0.2660747,0.7258826,0.525196,0.3556231,
1,39,116.581,0.3275383,1.154944,-0.456082,0.2660747,0.7258826,0.525196,0.3556231,
1,39,116.583,0.3275383,1.154944,-0.456082,0.2660747,0.7258826,0.525196,0.3556231,
1,39,116.585,0.3275833,1.154938,-0.456131,0.26594,0.7259365,0.5251447,0.3556897,
1,39,116.587,0.3275833,1.154938,-0.456131,0.26594,0.7259365,0.5251447,0.3556897,
1,39,116.589,0.3275833,1.154938,-0.456131,0.26594,0.7259365,0.5251447,0.3556897,
1,39,116.591,0.3275833,1.154938,-0.456131,0.26594,0.7259365,0.5251447,0.3556897,
1,39,116.593,0.3276508,1.154866,-0.4561516,0.2658284,0.7260021,0.5250694,0.3557505,
1,39,116.595,0.3276508,1.154866,-0.4561516,0.2658284,0.7260021,0.5250694,0.3557505,
1,39,116.597,0.3276508,1.154866,-0.4561516,0.2658284,0.7260021,0.5250694,0.3557505,
1,39,116.599,0.3276508,1.154866,-0.4561516,0.2658284,0.7260021,0.5250694,0.3557505,
1,39,116.601,0.3276732,1.154838,-0.4562004,0.2657341,0.7260475,0.5250466,0.3557619,
1,39,116.603,0.3276732,1.154838,-0.4562004,0.2657341,0.7260475,0.5250466,0.3557619,
1,39,116.605,0.3276732,1.154838,-0.4562004,0.2657341,0.7260475,0.5250466,0.3557619,
1,39,116.607,0.3276732,1.154838,-0.4562004,0.2657341,0.7260475,0.5250466,0.3557619,
1,39,116.609,0.3276556,1.154856,-0.4562586,0.2657801,0.7259701,0.5250866,0.3558264,
1,39,116.611,0.3276556,1.154856,-0.4562586,0.2657801,0.7259701,0.5250866,0.3558264,
1,39,116.613,0.3276556,1.154856,-0.4562586,0.2657801,0.7259701,0.5250866,0.3558264,
1,39,116.615,0.3276556,1.154856,-0.4562586,0.2657801,0.7259701,0.5250866,0.3558264,
1,39,116.617,0.3276556,1.154856,-0.4562586,0.2657801,0.7259701,0.5250866,0.3558264,
1,39,116.619,0.3276789,1.154782,-0.4562563,0.2656791,0.7261075,0.5250763,0.355637,
1,39,116.621,0.3276789,1.154782,-0.4562563,0.2656791,0.7261075,0.5250763,0.355637,
1,39,116.623,0.3276789,1.154782,-0.4562563,0.2656791,0.7261075,0.5250763,0.355637,
1,39,116.625,0.3276789,1.154782,-0.4562563,0.2656791,0.7261075,0.5250763,0.355637,
1,39,116.627,0.3277452,1.154774,-0.4562619,0.2657676,0.7259968,0.5251111,0.3557452,
1,39,116.629,0.3277452,1.154774,-0.4562619,0.2657676,0.7259968,0.5251111,0.3557452,
1,39,116.631,0.3277452,1.154774,-0.4562619,0.2657676,0.7259968,0.5251111,0.3557452,
1,39,116.633,0.3277452,1.154774,-0.4562619,0.2657676,0.7259968,0.5251111,0.3557452,
1,39,116.635,0.3278588,1.15481,-0.4563175,0.2659183,0.7258636,0.5252037,0.3557675,
1,39,116.637,0.3278588,1.15481,-0.4563175,0.2659183,0.7258636,0.5252037,0.3557675,
1,39,116.639,0.3278588,1.15481,-0.4563175,0.2659183,0.7258636,0.5252037,0.3557675,
1,39,116.641,0.3278588,1.15481,-0.4563175,0.2659183,0.7258636,0.5252037,0.3557675,
1,39,116.643,0.3278707,1.154755,-0.4563471,0.2660308,0.7257954,0.5252234,0.3557938,
1,39,116.645,0.3278707,1.154755,-0.4563471,0.2660308,0.7257954,0.5252234,0.3557938,
1,39,116.647,0.3278707,1.154755,-0.4563471,0.2660308,0.7257954,0.5252234,0.3557938,
1,39,116.649,0.3278707,1.154755,-0.4563471,0.2660308,0.7257954,0.5252234,0.3557938,
1,39,116.651,0.3278089,1.154763,-0.4563857,0.266314,0.7256944,0.5252318,0.3557753,
1,39,116.653,0.3278089,1.154763,-0.4563857,0.266314,0.7256944,0.5252318,0.3557753,
1,39,116.655,0.3278089,1.154763,-0.4563857,0.266314,0.7256944,0.5252318,0.3557753,
1,39,116.657,0.3278089,1.154763,-0.4563857,0.266314,0.7256944,0.5252318,0.3557753,
1,39,116.659,0.3277682,1.154763,-0.4564151,0.2665619,0.7255862,0.5252173,0.3558318,
1,39,116.661,0.3277682,1.154763,-0.4564151,0.2665619,0.7255862,0.5252173,0.3558318,
1,39,116.663,0.3277682,1.154763,-0.4564151,0.2665619,0.7255862,0.5252173,0.3558318,
1,39,116.665,0.3277682,1.154763,-0.4564151,0.2665619,0.7255862,0.5252173,0.3558318,
1,39,116.667,0.3277682,1.154763,-0.4564151,0.2665619,0.7255862,0.5252173,0.3558318,
1,39,116.669,0.3277996,1.154712,-0.4564323,0.2668611,0.7253997,0.5251896,0.3560284,
1,39,116.671,0.3277996,1.154712,-0.4564323,0.2668611,0.7253997,0.5251896,0.3560284,
1,39,116.673,0.3277996,1.154712,-0.4564323,0.2668611,0.7253997,0.5251896,0.3560284,
1,39,116.675,0.3277996,1.154712,-0.4564323,0.2668611,0.7253997,0.5251896,0.3560284,
1,39,116.677,0.3279345,1.154734,-0.4564928,0.2670194,0.7251854,0.5252949,0.3561911,
1,39,116.679,0.3279345,1.154734,-0.4564928,0.2670194,0.7251854,0.5252949,0.3561911,
1,39,116.681,0.3279345,1.154734,-0.4564928,0.2670194,0.7251854,0.5252949,0.3561911,
1,39,116.683,0.3279345,1.154734,-0.4564928,0.2670194,0.7251854,0.5252949,0.3561911,
1,39,116.685,0.327879,1.154756,-0.4565595,0.2672013,0.725087,0.5253323,0.3561997,
1,39,116.687,0.327879,1.154756,-0.4565595,0.2672013,0.725087,0.5253323,0.3561997,
1,39,116.689,0.327879,1.154756,-0.4565595,0.2672013,0.725087,0.5253323,0.3561997,
1,39,116.691,0.327879,1.154756,-0.4565595,0.2672013,0.725087,0.5253323,0.3561997,
1,39,116.693,0.3279541,1.154775,-0.4565999,0.2673499,0.7249046,0.525448,0.3562891,
1,39,116.695,0.3279541,1.154775,-0.4565999,0.2673499,0.7249046,0.525448,0.3562891,
1,39,116.697,0.3279541,1.154775,-0.4565999,0.2673499,0.7249046,0.525448,0.3562891,
1,39,116.699,0.3279541,1.154775,-0.4565999,0.2673499,0.7249046,0.525448,0.3562891,
1,39,116.701,0.3278511,1.154761,-0.4566312,0.2676099,0.724815,0.5254279,0.3563054,
1,39,116.703,0.3278511,1.154761,-0.4566312,0.2676099,0.724815,0.5254279,0.3563054,
1,39,116.705,0.3278511,1.154761,-0.4566312,0.2676099,0.724815,0.5254279,0.3563054,
1,39,116.707,0.3278511,1.154761,-0.4566312,0.2676099,0.724815,0.5254279,0.3563054,
1,39,116.709,0.3278487,1.154793,-0.4567269,0.2677138,0.7246975,0.5255015,0.3563581,
1,39,116.711,0.3278487,1.154793,-0.4567269,0.2677138,0.7246975,0.5255015,0.3563581,
1,39,116.713,0.3278487,1.154793,-0.4567269,0.2677138,0.7246975,0.5255015,0.3563581,
1,39,116.715,0.3278487,1.154793,-0.4567269,0.2677138,0.7246975,0.5255015,0.3563581,
1,39,116.717,0.3278487,1.154793,-0.4567269,0.2677138,0.7246975,0.5255015,0.3563581,
1,39,116.719,0.3278736,1.15474,-0.4567423,0.2676964,0.7246849,0.5255461,0.3563309,
1,39,116.721,0.3278736,1.15474,-0.4567423,0.2676964,0.7246849,0.5255461,0.3563309,
1,39,116.723,0.3278736,1.15474,-0.4567423,0.2676964,0.7246849,0.5255461,0.3563309,
1,39,116.725,0.3278736,1.15474,-0.4567423,0.2676964,0.7246849,0.5255461,0.3563309,
1,39,116.727,0.3278914,1.154755,-0.4567978,0.267555,0.7247499,0.5256524,0.3561482,
1,39,116.729,0.3278914,1.154755,-0.4567978,0.267555,0.7247499,0.5256524,0.3561482,
1,39,116.731,0.3278914,1.154755,-0.4567978,0.267555,0.7247499,0.5256524,0.3561482,
1,39,116.733,0.3278914,1.154755,-0.4567978,0.267555,0.7247499,0.5256524,0.3561482,
1,39,116.735,0.3277718,1.154754,-0.4568233,0.2676558,0.7247261,0.5256313,0.3561521,
1,39,116.737,0.3277718,1.154754,-0.4568233,0.2676558,0.7247261,0.5256313,0.3561521,
1,39,116.739,0.3277718,1.154754,-0.4568233,0.2676558,0.7247261,0.5256313,0.3561521,
1,39,116.741,0.3277718,1.154754,-0.4568233,0.2676558,0.7247261,0.5256313,0.3561521,
1,39,116.743,0.3278594,1.15482,-0.456876,0.2674806,0.7247197,0.5257121,0.3561774,
1,39,116.745,0.3278594,1.15482,-0.456876,0.2674806,0.7247197,0.5257121,0.3561774,
1,39,116.747,0.3278594,1.15482,-0.456876,0.2674806,0.7247197,0.5257121,0.3561774,
1,39,116.749,0.3278594,1.15482,-0.456876,0.2674806,0.7247197,0.5257121,0.3561774,
1,39,116.751,0.327866,1.154951,-0.4569224,0.2675448,0.7245817,0.5257664,0.3563297,
1,39,116.753,0.327866,1.154951,-0.4569224,0.2675448,0.7245817,0.5257664,0.3563297,
1,39,116.755,0.327866,1.154951,-0.4569224,0.2675448,0.7245817,0.5257664,0.3563297,CourtEnter
1,39,116.757,0.327866,1.154951,-0.4569224,0.2675448,0.7245817,0.5257664,0.3563297,
1,39,116.759,0.3277399,1.155097,-0.4569126,0.2675011,0.7247087,0.525732,0.356155,
1,39,116.761,0.3277399,1.155097,-0.4569126,0.2675011,0.7247087,0.525732,0.356155,
1,39,116.763,0.3277399,1.155097,-0.4569126,0.2675011,0.7247087,0.525732,0.356155,
1,39,116.765,0.3277399,1.155097,-0.4569126,0.2675011,0.7247087,0.525732,0.356155,
1,39,116.767,0.3277399,1.155097,-0.4569126,0.2675011,0.7247087,0.525732,0.356155,CourtExit
1,39,116.769,0.3276713,1.155208,-0.4568968,0.2673903,0.7248613,0.5256223,0.3560897,
1,39,116.771,0.3276713,1.155208,-0.4568968,0.2673903,0.7248613,0.5256223,0.3560897,
1,39,116.773,0.3276713,1.155208,-0.4568968,0.2673903,0.7248613,0.5256223,0.3560897,
1,39,116.775,0.3276713,1.155208,-0.4568968,0.2673903,0.7248613,0.5256223,0.3560897,
1,39,116.777,0.3277067,1.155431,-0.4569178,0.2674429,0.7248067,0.5254982,0.3563444,
1,39,116.779,0.3277067,1.155431,-0.4569178,0.2674429,0.7248067,0.5254982,0.3563444,
1,39,116.781,0.3277067,1.155431,-0.4569178,0.2674429,0.7248067,0.5254982,0.3563444,
1,39,116.783,0.3277067,1.155431,-0.4569178,0.2674429,0.7248067,0.5254982,0.3563444,
1,39,116.785,0.3275842,1.155697,-0.4569409,0.2671961,0.7253588,0.5251542,0.3559128,
1,39,116.787,0.3275842,1.155697,-0.4569409,0.2671961,0.7253588,0.5251542,0.3559128,
1,39,116.789,0.3275842,1.155697,-0.4569409,0.2671961,0.7253588,0.5251542,0.3559128,
1,39,116.791,0.3275842,1.155697,-0.4569409,0.2671961,0.7253588,0.5251542,0.3559128,
1,39,116.793,0.327498,1.155794,-0.4569346,0.2671745,0.7256215,0.5247152,0.3560413,
1,39,116.795,0.327498,1.155794,-0.4569346,0.2671745,0.7256215,0.5247152,0.3560413,
1,39,116.797,0.327498,1.155794,-0.4569346,0.2671745,0.7256215,0.5247152,0.3560413,
1,39,116.799,0.327498,1.155794,-0.4569346,0.2671745,0.7256215,0.5247152,0.3560413,
1,39,116.801,0.3274005,1.155735,-0.4568411,0.2669689,0.7261291,0.5241165,0.3560424,
1,39,116.803,0.3274005,1.155735,-0.4568411,0.2669689,0.7261291,0.5241165,0.3560424,
1,39,116.805,0.3274005,1.155735,-0.4568411,0.2669689,0.7261291,0.5241165,0.3560424,
1,39,116.807,0.3274005,1.155735,-0.4568411,0.2669689,0.7261291,0.5241165,0.3560424,
1,39,116.809,0.3273902,1.155763,-0.4568574,0.2667907,0.7264668,0.5236135,0.3562269,
1,39,116.811,0.3273902,1.155763,-0.4568574,0.2667907,0.7264668,0.5236135,0.3562269,
1,39,116.813,0.3273902,1.155763,-0.4568574,0.2667907,0.7264668,0.5236135,0.3562269,
1,39,116.815,0.3273902,1.155763,-0.4568574,0.2667907,0.7264668,0.5236135,0.3562269,
1,39,116.817,0.3273902,1.155763,-0.4568574,0.2667907,0.7264668,0.5236135,0.3562269,
1,39,116.819,0.3274235,1.155847,-0.4569472,0.2666103,0.7267339,0.5232408,0.3563649,
1,39,116.821,0.3274235,1.155847,-0.4569472,0.2666103,0.7267339,0.5232408,0.3563649,
1,39,116.823,0.3274235,1.155847,-0.4569472,0.2666103,0.7267339,0.5232408,0.3563649,
1,39,116.825,0.3274235,1.155847,-0.4569472,0.2666103,0.7267339,0.5232408,0.3563649,
1,39,116.827,0.3274137,1.155952,-0.4570115,0.266406,0.7269999,0.5228324,0.3565745,
1,39,116.829,0.3274137,1.155952,-0.4570115,0.266406,0.7269999,0.5228324,0.3565745,
1,39,116.831,0.3274137,1.155952,-0.4570115,0.266406,0.7269999,0.5228324,0.3565745,
1,39,116.833,0.3274137,1.155952,-0.4570115,0.266406,0.7269999,0.5228324,0.3565745,
1,39,116.835,0.3273387,1.155969,-0.4569862,0.2662298,0.7272714,0.5224022,0.3567827,
1,39,116.837,0.3273387,1.155969,-0.4569862,0.2662298,0.7272714,0.5224022,0.3567827,
1,39,116.839,0.3273387,1.155969,-0.4569862,0.2662298,0.7272714,0.5224022,0.3567827,
1,39,116.841,0.3273387,1.155969,-0.4569862,0.2662298,0.7272714,0.5224022,0.3567827,
1,39,116.843,0.327154,1.155928,-0.4568928,0.2660923,0.727537,0.5219663,0.3569815,
1,39,116.845,0.327154,1.155928,-0.4568928,0.2660923,0.727537,0.5219663,0.3569815,
1,39,116.847,0.327154,1.155928,-0.4568928,0.2660923,0.727537,0.5219663,0.3569815,
1,39,116.849,0.327154,1.155928,-0.4568928,0.2660923,0.727537,0.5219663,0.3569815,
1,39,116.851,0.3270033,1.155962,-0.4568038,0.2659335,0.7276955,0.5216911,0.3571793,
1,39,116.853,0.3270033,1.155962,-0.4568038,0.2659335,0.7276955,0.5216911,0.3571793,
1,39,116.855,0.3270033,1.155962,-0.4568038,0.2659335,0.7276955,0.5216911,0.3571793,
1,39,116.857,0.3270033,1.155962,-0.4568038,0.2659335,0.7276955,0.5216911,0.3571793,
1,39,116.859,0.326854,1.156,-0.4566661,0.2656365,0.7278124,0.5213698,0.3576309,
1,39,116.861,0.326854,1.156,-0.4566661,0.2656365,0.7278124,0.5213698,0.3576309,
1,39,116.863,0.326854,1.156,-0.4566661,0.2656365,0.7278124,0.5213698,0.3576309,
1,39,116.865,0.326854,1.156,-0.4566661,0.2656365,0.7278124,0.5213698,0.3576309,
1,39,116.867,0.326854,1.156,-0.4566661,0.2656365,0.7278124,0.5213698,0.3576309,
1,39,116.869,0.3267278,1.155979,-0.4565587,0.2653984,0.7279139,0.5211569,0.3579113,
1,39,116.871,0.3267278,1.155979,-0.4565587,0.2653984,0.7279139,0.5211569,0.3579113,
1,39,116.873,0.3267278,1.155979,-0.4565587,0.2653984,0.7279139,0.5211569,0.3579113,
1,39,116.875,0.3267278,1.155979,-0.4565587,0.2653984,0.7279139,0.5211569,0.3579113,
1,39,116.877,0.3266554,1.156045,-0.4565014,0.2652617,0.7278402,0.5211353,0.3581937,
1,39,116.879,0.3266554,1.156045,-0.4565014,0.2652617,0.7278402,0.5211353,0.3581937,
1,39,116.881,0.3266554,1.156045,-0.4565014,0.2652617,0.7278402,0.5211353,0.3581937,
1,39,116.883,0.3266554,1.156045,-0.4565014,0.2652617,0.7278402,0.5211353,0.3581937,
1,39,116.885,0.3266285,1.156056,-0.4564717,0.264933,0.7278578,0.5211546,0.3583734,
1,39,116.887,0.3266285,1.156056,-0.4564717,0.264933,0.7278578,0.5211546,0.3583734,
1,39,116.889,0.3266285,1.156056,-0.4564717,0.264933,0.7278578,0.5211546,0.3583734,
1,39,116.891,0.3266285,1.156056,-0.4564717,0.264933,0.7278578,0.5211546,0.3583734,
1,39,116.893,0.3266183,1.156024,-0.4564686,0.2646483,0.7278165,0.5212429,0.3585392,
1,39,116.895,0.3266183,1.156024,-0.4564686,0.2646483,0.7278165,0.5212429,0.3585392,
1,39,116.897,0.3266183,1.156024,-0.4564686,0.2646483,0.7278165,0.5212429,0.3585392,
1,39,116.899,0.3266183,1.156024,-0.4564686,0.2646483,0.7278165,0.5212429,0.3585392,
1,39,116.901,0.3265825,1.156022,-0.4564714,0.2643658,0.7278169,0.5213872,0.3585368,
1,39,116.903,0.3265825,1.156022,-0.4564714,0.2643658,0.7278169,0.5213872,0.3585368,
1,39,116.905,0.3265825,1.156022,-0.4564714,0.2643658,0.7278169,0.5213872,0.3585368,
1,39,116.907,0.3265825,1.156022,-0.4564714,0.2643658,0.7278169,0.5213872,0.3585368,
1,39,116.909,0.3266168,1.15597,-0.4565058,0.2640198,0.7277789,0.5215437,0.3586414,
1,39,116.911,0.3266168,1.15597,-0.4565058,0.2640198,0.7277789,0.5215437,0.3586414,
1,39,116.913,0.3266168,1.15597,-0.4565058,0.2640198,0.7277789,0.5215437,0.3586414,
1,39,116.915,0.3266168,1.15597,-0.4565058,0.2640198,0.7277789,0.5215437,0.3586414,
1,39,116.917,0.3266168,1.15597,-0.4565058,0.2640198,0.7277789,0.5215437,0.3586414,
1,39,116.919,0.3266532,1.155992,-0.4565094,0.2638187,0.7276319,0.5217623,0.3587698,
1,39,116.921,0.3266532,1.155992,-0.4565094,0.2638187,0.7276319,0.5217623,0.3587698,
1,39,116.923,0.3266532,1.155992,-0.4565094,0.2638187,0.7276319,0.5217623,0.3587698,
1,39,116.925,0.3266532,1.155992,-0.4565094,0.2638187,0.7276319,0.5217623,0.3587698,
1,39,116.927,0.3266426,1.15595,-0.4565618,0.2635913,0.7275776,0.5219747,0.3587379,
1,39,116.929,0.3266426,1.15595,-0.4565618,0.2635913,0.7275776,0.5219747,0.3587379,
1,39,116.931,0.3266426,1.15595,-0.4565618,0.2635913,0.7275776,0.5219747,0.3587379,
1,39,116.933,0.3266426,1.15595,-0.4565618,0.2635913,0.7275776,0.5219747,0.3587379,
1,39,116.935,0.3266437,1.155997,-0.4566644,0.2633913,0.7273479,0.522292,0.3588888,
1,39,116.937,0.3266437,1.155997,-0.4566644,0.2633913,0.7273479,0.522292,0.3588888,
1,39,116.939,0.3266437,1.155997,-0.4566644,0.2633913,0.7273479,0.522292,0.3588888,
1,39,116.941,0.3266437,1.155997,-0.4566644,0.2633913,0.7273479,0.522292,0.3588888,
1,39,116.943,0.3266121,1.155986,-0.4566476,0.2633238,0.7272595,0.5224298,0.358917,
1,39,116.945,0.3266121,1.155986,-0.4566476,0.2633238,0.7272595,0.5224298,0.358917,
1,39,116.947,0.3266121,1.155986,-0.4566476,0.2633238,0.7272595,0.5224298,0.358917,
1,39,116.949,0.3266121,1.155986,-0.4566476,0.2633238,0.7272595,0.5224298,0.358917,
1,39,116.951,0.3266391,1.15604,-0.4566814,0.2633004,0.7270394,0.5225732,0.359171,
1,39,116.953,0.3266391,1.15604,-0.4566814,0.2633004,0.7270394,0.5225732,0.359171,
1,39,116.955,0.3266391,1.15604,-0.4566814,0.2633004,0.7270394,0.5225732,0.359171,
1,39,116.957,0.3266391,1.15604,-0.4566814,0.2633004,0.7270394,0.5225732,0.359171,
1,39,116.959,0.3265997,1.156042,-0.4566519,0.2632804,0.7269517,0.5226469,0.359256,
1,39,116.961,0.3265997,1.156042,-0.4566519,0.2632804,0.7269517,0.5226469,0.359256,
1,39,116.963,0.3265997,1.156042,-0.4566519,0.2632804,0.7269517,0.5226469,0.359256,
1,39,116.965,0.3265997,1.156042,-0.4566519,0.2632804,0.7269517,0.5226469,0.359256,
1,39,116.967,0.3265997,1.156042,-0.4566519,0.2632804,0.7269517,0.5226469,0.359256,
1,39,116.969,0.3265458,1.156033,-0.4565997,0.2632162,0.7269415,0.5226772,0.3592795,
1,39,116.971,0.3265458,1.156033,-0.4565997,0.2632162,0.7269415,0.5226772,0.3592795,
1,39,116.973,0.3265458,1.156033,-0.4565997,0.2632162,0.7269415,0.5226772,0.3592795,
1,39,116.975,0.3265458,1.156033,-0.4565997,0.2632162,0.7269415,0.5226772,0.3592795,
1,39,116.977,0.3264655,1.155982,-0.4565706,0.2630453,0.7270654,0.5226558,0.3591852,
1,39,116.979,0.3264655,1.155982,-0.4565706,0.2630453,0.7270654,0.5226558,0.3591852,
1,39,116.981,0.3264655,1.155982,-0.4565706,0.2630453,0.7270654,0.5226558,0.3591852,
1,39,116.983,0.3264655,1.155982,-0.4565706,0.2630453,0.7270654,0.5226558,0.3591852,
1,39,116.985,0.3264779,1.156005,-0.4566029,0.2628706,0.727063,0.5227699,0.3591518,
1,39,116.987,0.3264779,1.156005,-0.4566029,0.2628706,0.727063,0.5227699,0.3591518,
1,39,116.989,0.3264779,1.156005,-0.4566029,0.2628706,0.727063,0.5227699,0.3591518,
1,39,116.991,0.3264779,1.156005,-0.4566029,0.2628706,0.727063,0.5227699,0.3591518,
1,39,116.993,0.3264125,1.156044,-0.4566199,0.2628956,0.7270505,0.522769,0.3591602,
1,39,116.995,0.3264125,1.156044,-0.4566199,0.2628956,0.7270505,0.522769,0.3591602,
1,39,116.997,0.3264125,1.156044,-0.4566199,0.2628956,0.7270505,0.522769,0.3591602,
1,39,116.999,0.3264125,1.156044,-0.4566199,0.2628956,0.7270505,0.522769,0.3591602,
1,40,117.001,0.3263857,1.156024,-0.4566104,0.2628858,0.727018,0.5226808,0.3593617,CourtExit
1,40,117.003,0.3263857,1.156024,-0.4566104,0.2628858,0.727018,0.5226808,0.3593617,
1,40,117.005,0.3263857,1.156024,-0.4566104,0.2628858,0.727018,0.5226808,0.3593617,
1,40,117.007,0.3263857,1.156024,-0.4566104,0.2628858,0.727018,0.5226808,0.3593617,
1,40,117.009,0.3264843,1.156054,-0.4566478,0.2629412,0.7268006,0.5226338,0.3598289,
1,40,117.011,0.3264843,1.156054,-0.4566478,0.2629412,0.7268006,0.5226338,0.3598289,
1,40,117.013,0.3264843,1.156054,-0.4566478,0.2629412,0.7268006,0.5226338,0.3598289,
1,40,117.015,0.3264843,1.156054,-0.4566478,0.2629412,0.7268006,0.5226338,0.3598289,
1,40,117.017,0.3264843,1.156054,-0.4566478,0.2629412,0.7268006,0.5226338,0.3598289,
1,40,117.019,0.3265985,1.156152,-0.4567072,0.2628992,0.7266786,0.5227196,0.3599812,
1,40,117.021,0.3265985,1.156152,-0.4567072,0.2628992,0.7266786,0.5227196,0.3599812,
1,40,117.023,0.3265985,1.156152,-0.4567072,0.2628992,0.7266786,0.5227196,0.3599812,
1,40,117.025,0.3265985,1.156152,-0.4567072,0.2628992,0.7266786,0.5227196,0.3599812,
1,40,117.027,0.3265635,1.156188,-0.4567383,0.262857,0.726677,0.5227154,0.3600214,
1,40,117.029,0.3265635,1.156188,-0.4567383,0.262857,0.726677,0.5227154,0.3600214,
1,40,117.031,0.3265635,1.156188,-0.4567383,0.262857,0.726677,0.5227154,0.3600214,
1,40,117.033,0.3265635,1.156188,-0.4567383,0.262857,0.726677,0.5227154,0.3600214,
1,40,117.035,0.326594,1.15627,-0.4567921,0.2627789,0.7266465,0.5227789,0.3600478,
1,40,117.037,0.326594,1.15627,-0.4567921,0.2627789,0.7266465,0.5227789,0.3600478,
1,40,117.039,0.326594,1.15627,-0.4567921,0.2627789,0.7266465,0.5227789,0.3600478,
1,40,117.041,0.326594,1.15627,-0.4567921,0.2627789,0.7266465,0.5227789,0.3600478,
1,40,117.043,0.326699,1.156363,-0.456841,0.2626343,0.7266358,0.5228308,0.3600993,
1,40,117.045,0.326699,1.156363,-0.456841,0.2626343,0.7266358,0.5228308,0.3600993,
1,40,117.047,0.326699,1.156363,-0.456841,0.2626343,0.7266358,0.5228308,0.3600993,
1,40,117.049,0.326699,1.156363,-0.456841,0.2626343,0.7266358,0.5228308,0.3600993,
1,40,117.051,0.3267179,1.156459,-0.4569127,0.2626578,0.7265637,0.5228362,0.3602199,
1,40,117.053,0.3267179,1.156459,-0.4569127,0.2626578,0.7265637,0.5228362,0.3602199,
1,40,117.055,0.3267179,1.156459,-0.4569127,0.2626578,0.7265637,0.5228362,0.3602199,
1,40,117.057,0.3267179,1.156459,-0.4569127,0.2626578,0.7265637,0.5228362,0.3602199,
1,40,117.059,0.3268108,1.156498,-0.456978,0.2625972,0.7265475,0.5228376,0.3602948,
1,40,117.061,0.3268108,1.156498,-0.456978,0.2625972,0.7265475,0.5228376,0.3602948,
1,40,117.063,0.3268108,1.156498,-0.456978,0.2625972,0.7265475,0.5228376,0.3602948,
1,40,117.065,0.3268108,1.156498,-0.456978,0.2625972,0.7265475,0.5228376,0.3602948,
1,40,117.067,0.3268108,1.156498,-0.456978,0.2625972,0.7265475,0.5228376,0.3602948,
1,40,117.069,0.3268836,1.156593,-0.4570594,0.2626135,0.7265233,0.5228211,0.3603557,
1,40,117.071,0.3268836,1.156593,-0.4570594,0.2626135,0.7265233,0.5228211,0.3603557,
1,40,117.073,0.3268836,1.156593,-0.4570594,0.2626135,0.7265233,0.5228211,0.3603557,
1,40,117.075,0.3268836,1.156593,-0.4570594,0.2626135,0.7265233,0.5228211,0.3603557,
1,40,117.077,0.3269414,1.156658,-0.4571029,0.2626287,0.7264899,0.5227979,0.3604456,
1,40,117.079,0.3269414,1.156658,-0.4571029,0.2626287,0.7264899,0.5227979,0.3604456,
1,40,117.081,0.3269414,1.156658,-0.4571029,0.2626287,0.7264899,0.5227979,0.3604456,
1,40,117.083,0.3269414,1.156658,-0.4571029,0.2626287,0.7264899,0.5227979,0.3604456,
1,40,117.085,0.3269784,1.156656,-0.4571674,0.262638,0.7266478,0.5225974,0.3604114,
1,40,117.087,0.3269784,1.156656,-0.4571674,0.262638,0.7266478,0.5225974,0.3604114,
1,40,117.089,0.3269784,1.156656,-0.4571674,0.262638,0.7266478,0.5225974,0.3604114,
1,40,117.091,0.3269784,1.156656,-0.4571674,0.262638,0.7266478,0.5225974,0.3604114,
1,40,117.093,0.3269967,1.1566,-0.4571758,0.2625868,0.7268417,0.5224457,0.3602774,
1,40,117.095,0.3269967,1.1566,-0.4571758,0.2625868,0.7268417,0.5224457,0.3602774,
1,40,117.097,0.3269967,1.1566,-0.4571758,0.2625868,0.7268417,0.5224457,0.3602774,
1,40,117.099,0.3269967,1.1566,-0.4571758,0.2625868,0.7268417,0.5224457,0.3602774,
1,40,117.101,0.3270857,1.156523,-0.4572001,0.2625243,0.7270151,0.5223464,0.360117,
1,40,117.103,0.3270857,1.156523,-0.4572001,0.2625243,0.7270151,0.5223464,0.360117,
1,40,117.105,0.3270857,1.156523,-0.4572001,0.2625243,0.7270151,0.5223464,0.360117,
1,40,117.107,0.3270857,1.156523,-0.4572001,0.2625243,0.7270151,0.5223464,0.360117,
1,40,117.109,0.327203,1.156553,-0.4572773,0.2625138,0.7271001,0.5223374,0.3599662,
1,40,117.111,0.327203,1.156553,-0.4572773,0.2625138,0.7271001,0.5223374,0.3599662,
1,40,117.113,0.327203,1.156553,-0.4572773,0.2625138,0.7271001,0.5223374,0.3599662,
1,40,117.115,0.327203,1.156553,-0.4572773,0.2625138,0.7271001,0.5223374,0.3599662,
1,40,117.117,0.327203,1.156553,-0.4572773,0.2625138,0.7271001,0.5223374,0.3599662,
1,40,117.119,0.3272906,1.156578,-0.4573381,0.2625173,0.727265,0.522284,0.359708,
1,40,117.121,0.3272906,1.156578,-0.4573381,0.2625173,0.727265,0.522284,0.359708,
1,40,117.123,0.3272906,1.156578,-0.4573381,0.2625173,0.727265,0.522284,0.359708,
1,40,117.125,0.3272906,1.156578,-0.4573381,0.2625173,0.727265,0.522284,0.359708,
1,40,117.127,0.3274098,1.156549,-0.4573648,0.2625675,0.7274393,0.5221726,0.3594804,
1,40,117.129,0.3274098,1.156549,-0.4573648,0.2625675,0.7274393,0.5221726,0.3594804,
1,40,117.131,0.3274098,1.156549,-0.4573648,0.2625675,0.7274393,0.5221726,0.3594804,
1,40,117.133,0.3274098,1.156549,-0.4573648,0.2625675,0.7274393,0.5221726,0.3594804,
1,40,117.135,0.3275557,1.156573,-0.4574042,0.2626996,0.7275343,0.5220783,0.3593289,
1,40,117.137,0.3275557,1.156573,-0.4574042,0.2626996,0.7275343,0.5220783,0.3593289,
1,40,117.139,0.3275557,1.156573,-0.4574042,0.2626996,0.7275343,0.5220783,0.3593289,
1,40,117.141,0.3275557,1.156573,-0.4574042,0.2626996,0.7275343,0.5220783,0.3593289,
1,40,117.143,0.3276378,1.15651,-0.4574064,0.2629748,0.7276501,0.5218474,0.3592283,
1,40,117.145,0.3276378,1.15651,-0.4574064,0.2629748,0.7276501,0.5218474,0.3592283,
1,40,117.147,0.3276378,1.15651,-0.4574064,0.2629748,0.7276501,0.5218474,0.3592283,
1,40,117.149,0.3276378,1.15651,-0.4574064,0.2629748,0.7276501,0.5218474,0.3592283,
1,40,117.151,0.327784,1.156471,-0.4574486,0.263281,0.7277062,0.5216796,0.3591341,
1,40,117.153,0.327784,1.156471,-0.4574486,0.263281,0.7277062,0.5216796,0.3591341,
1,40,117.155,0.327784,1.156471,-0.4574486,0.263281,0.7277062,0.5216796,0.3591341,
1,40,117.157,0.327784,1.156471,-0.4574486,0.263281,0.7277062,0.5216796,0.3591341,
1,40,117.159,0.3280979,1.156492,-0.457533,0.2637445,0.727739,0.5214542,0.3590548,
1,40,117.161,0.3280979,1.156492,-0.457533,0.2637445,0.727739,0.5214542,0.3590548,
1,40,117.163,0.3280979,1.156492,-0.457533,0.2637445,0.727739,0.5214542,0.3590548,
1,40,117.165,0.3280979,1.156492,-0.457533,0.2637445,0.727739,0.5214542,0.3590548,
1,40,117.167,0.3280979,1.156492,-0.457533,0.2637445,0.727739,0.5214542,0.3590548,
1,40,117.169,0.3282945,1.156515,-0.4575989,0.2642069,0.7276944,0.5212566,0.3590921,
1,40,117.171,0.3282945,1.156515,-0.4575989,0.2642069,0.7276944,0.5212566,0.3590921,
1,40,117.173,0.3282945,1.156515,-0.4575989,0.2642069,0.7276944,0.5212566,0.3590921,
1,40,117.175,0.3282945,1.156515,-0.4575989,0.2642069,0.7276944,0.5212566,0.3590921,
1,40,117.177,0.328421,1.156575,-0.4576637,0.2646995,0.7277212,0.5210524,0.3589715,
1,40,117.179,0.328421,1.156575,-0.4576637,0.2646995,0.7277212,0.5210524,0.3589715,
1,40,117.181,0.328421,1.156575,-0.4576637,0.2646995,0.7277212,0.5210524,0.3589715,
1,40,117.183,0.328421,1.156575,-0.4576637,0.2646995,0.7277212,0.5210524,0.3589715,
1,40,117.185,0.3285083,1.156604,-0.4577258,0.2652248,0.7277322,0.5208266,0.3588892,
1,40,117.187,0.3285083,1.156604,-0.4577258,0.2652248,0.7277322,0.5208266,0.3588892,
1,40,117.189,0.3285083,1.156604,-0.4577258,0.2652248,0.7277322,0.5208266,0.3588892,
1,40,117.191,0.3285083,1.156604,-0.4577258,0.2652248,0.7277322,0.5208266,0.3588892,
1,40,117.193,0.328603,1.156658,-0.4577818,0.2657339,0.727694,0.520612,0.3589011,
1,40,117.195,0.328603,1.156658,-0.4577818,0.2657339,0.727694,0.520612,0.3589011,
1,40,117.197,0.328603,1.156658,-0.4577818,0.2657339,0.727694,0.520612,0.3589011,
1,40,117.199,0.328603,1.156658,-0.4577818,0.2657339,0.727694,0.520612,0.3589011,
1,40,117.201,0.3285108,1.156643,-0.4577682,0.2662494,0.7277961,0.5203462,0.3586977,
1,40,117.203,0.3285108,1.156643,-0.4577682,0.2662494,0.7277961,0.5203462,0.3586977,
1,40,117.205,0.3285108,1.156643,-0.4577682,0.2662494,0.7277961,0.5203462,0.3586977,
1,40,117.207,0.3285108,1.156643,-0.4577682,0.2662494,0.7277961,0.5203462,0.3586977,
1,40,117.209,0.3285682,1.156671,-0.4577699,0.2665741,0.7279018,0.5201897,0.358469,
1,40,117.211,0.3285682,1.156671,-0.4577699,0.2665741,0.7279018,0.5201897,0.358469,
1,40,117.213,0.3285682,1.156671,-0.4577699,0.2665741,0.7279018,0.5201897,0.358469,
1,40,117.215,0.3285682,1.156671,-0.4577699,0.2665741,0.7279018,0.5201897,0.358469,
1,40,117.217,0.3285682,1.156671,-0.4577699,0.2665741,0.7279018,0.5201897,0.358469,
1,40,117.219,0.3286775,1.156805,-0.4578337,0.2669013,0.7278605,0.5201109,0.3584236,
1,40,117.221,0.3286775,1.156805,-0.4578337,0.2669013,0.7278605,0.5201109,0.3584236,
1,40,117.223,0.3286775,1.156805,-0.4578337,0.2669013,0.7278605,0.5201109,0.3584236,
1,40,117.225,0.3286775,1.156805,-0.4578337,0.2669013,0.7278605,0.5201109,0.3584236,
1,40,117.227,0.328732,1.15688,-0.4579062,0.2671646,0.727874,0.5200022,0.3583576,
1,40,117.229,0.328732,1.15688,-0.4579062,0.2671646,0.727874,0.5200022,0.3583576,
1,40,117.231,0.328732,1.15688,-0.4579062,0.2671646,0.727874,0.5200022,0.3583576,
1,40,117.233,0.328732,1.15688,-0.4579062,0.2671646,0.727874,0.5200022,0.3583576,
1,40,117.235,0.3289073,1.157033,-0.458031,0.2674801,0.7277883,0.5198683,0.3584909,
1,40,117.237,0.3289073,1.157033,-0.458031,0.2674801,0.7277883,0.5198683,0.3584909,
1,40,117.239,0.3289073,1.157033,-0.458031,0.2674801,0.7277883,0.5198683,0.3584909,
1,40,117.241,0.3289073,1.157033,-0.458031,0.2674801,0.7277883,0.5198683,0.3584909,
1,40,117.243,0.3289703,1.15706,-0.4581047,0.267593,0.7277895,0.5198039,0.3584975,
1,40,117.245,0.3289703,1.15706,-0.4581047,0.267593,0.7277895,0.5198039,0.3584975,
1,40,117.247,0.3289703,1.15706,-0.4581047,0.267593,0.7277895,0.5198039,0.3584975,
1,40,117.249,0.3289703,1.15706,-0.4581047,0.267593,0.7277895,0.5198039,0.3584975,
1,40,117.251,0.3290968,1.157174,-0.4581991,0.2676341,0.7277111,0.5198067,0.3586218,
1,40,117.253,0.3290968,1.157174,-0.4581991,0.2676341,0.7277111,0.5198067,0.3586218,
1,40,117.255,0.3290968,1.157174,-0.4581991,0.2676341,0.7277111,0.5198067,0.3586218,
1,40,117.257,0.3290968,1.157174,-0.4581991,0.2676341,0.7277111,0.5198067,0.3586218,
1,40,117.259,0.3292454,1.157223,-0.4582649,0.267546,0.7277163,0.5198395,0.3586296,
1,40,117.261,0.3292454,1.157223,-0.4582649,0.267546,0.7277163,0.5198395,0.3586296,
1,40,117.263,0.3292454,1.157223,-0.4582649,0.267546,0.7277163,0.5198395,0.3586296,
1,40,117.265,0.3292454,1.157223,-0.4582649,0.267546,0.7277163,0.5198395,0.3586296,
1,40,117.267,0.3292454,1.157223,-0.4582649,0.267546,0.7277163,0.5198395,0.3586296,
1,40,117.269,0.3292868,1.157217,-0.4583019,0.2674187,0.7278401,0.5197831,0.358555,
1,40,117.271,0.3292868,1.157217,-0.4583019,0.2674187,0.7278401,0.5197831,0.358555,
1,40,117.273,0.3292868,1.157217,-0.4583019,0.2674187,0.7278401,0.5197831,0.358555,
1,40,117.275,0.3292868,1.157217,-0.4583019,0.2674187,0.7278401,0.5197831,0.358555,
1,40,117.277,0.3292861,1.157166,-0.4583569,0.2672697,0.7280192,0.5197272,0.3583835,
1,40,117.279,0.3292861,1.157166,-0.4583569,0.2672697,0.7280192,0.5197272,0.3583835,
1,40,117.281,0.3292861,1.157166,-0.4583569,0.2672697,0.7280192,0.5197272,0.3583835,
1,40,117.283,0.3292861,1.157166,-0.4583569,0.2672697,0.7280192,0.5197272,0.3583835,
1,40,117.285,0.329339,1.157171,-0.4584322,0.2670672,0.7281157,0.5197564,0.3582961,
1,40,117.287,0.329339,1.157171,-0.4584322,0.2670672,0.7281157,0.5197564,0.3582961,
1,40,117.289,0.329339,1.157171,-0.4584322,0.2670672,0.7281157,0.5197564,0.3582961,
1,40,117.291,0.329339,1.157171,-0.4584322,0.2670672,0.7281157,0.5197564,0.3582961,
1,40,117.293,0.3294283,1.157112,-0.4584787,0.2667981,0.7283214,0.5197495,0.3580883,
1,40,117.295,0.3294283,1.157112,-0.4584787,0.2667981,0.7283214,0.5197495,0.3580883,
1,40,117.297,0.3294283,1.157112,-0.4584787,0.2667981,0.7283214,0.5197495,0.3580883,
1,40,117.299,0.3294283,1.157112,-0.4584787,0.2667981,0.7283214,0.5197495,0.3580883,
1,40,117.301,0.3295106,1.157113,-0.458559,0.2666147,0.7284161,0.5197297,0.3580611,
1,40,117.303,0.3295106,1.157113,-0.458559,0.2666147,0.7284161,0.5197297,0.3580611,
1,40,117.305,0.3295106,1.157113,-0.458559,0.2666147,0.7284161,0.5197297,0.3580611,
1,40,117.307,0.3295106,1.157113,-0.458559,0.2666147,0.7284161,0.5197297,0.3580611,
1,40,117.309,0.3297152,1.157128,-0.4586318,0.2665054,0.7284132,0.5196832,0.3582159,
1,40,117.311,0.3297152,1.157128,-0.4586318,0.2665054,0.7284132,0.5196832,0.3582159,
1,40,117.313,0.3297152,1.157128,-0.4586318,0.2665054,0.7284132,0.5196832,0.3582159,
1,40,117.315,0.3297152,1.157128,-0.4586318,0.2665054,0.7284132,0.5196832,0.3582159,
1,40,117.317,0.3297152,1.157128,-0.4586318,0.2665054,0.7284132,0.5196832,0.3582159,
1,40,117.319,0.3297857,1.157105,-0.4587034,0.2665109,0.7284053,0.519612,0.358331,
1,40,117.321,0.3297857,1.157105,-0.4587034,0.2665109,0.7284053,0.519612,0.358331,
1,40,117.323,0.3297857,1.157105,-0.4587034,0.2665109,0.7284053,0.519612,0.358331,
1,40,117.325,0.3297857,1.157105,-0.4587034,0.2665109,0.7284053,0.519612,0.358331,
1,40,117.327,0.3299098,1.15707,-0.4587845,0.2664754,0.7284387,0.5195949,0.3583142,
1,40,117.329,0.3299098,1.15707,-0.4587845,0.2664754,0.7284387,0.5195949,0.3583142,
1,40,117.331,0.3299098,1.15707,-0.4587845,0.2664754,0.7284387,0.5195949,0.3583142,
1,40,117.333,0.3299098,1.15707,-0.4587845,0.2664754,0.7284387,0.5195949,0.3583142,
1,40,117.335,0.3299395,1.156989,-0.4588883,0.26651,0.7284929,0.5195097,0.3583019,
1,40,117.337,0.3299395,1.156989,-0.4588883,0.26651,0.7284929,0.5195097,0.3583019,
1,40,117.339,0.3299395,1.156989,-0.4588883,0.26651,0.7284929,0.5195097,0.3583019,
1,40,117.341,0.3299395,1.156989,-0.4588883,0.26651,0.7284929,0.5195097,0.3583019,
1,40,117.343,0.3300006,1.156908,-0.4589465,0.2665816,0.7284988,0.5194856,0.3582716,
1,40,117.345,0.3300006,1.156908,-0.4589465,0.2665816,0.7284988,0.5194856,0.3582716,
1,40,117.347,0.3300006,1.156908,-0.4589465,0.2665816,0.7284988,0.5194856,0.3582716,
1,40,117.349,0.3300006,1.156908,-0.4589465,0.2665816,0.7284988,0.5194856,0.3582716,
1,40,117.351,0.3300708,1.156852,-0.4590366,0.266656,0.7284808,0.5194592,0.3582911,
1,40,117.353,0.3300708,1.156852,-0.4590366,0.266656,0.7284808,0.5194592,0.3582911,
1,40,117.355,0.3300708,1.156852,-0.4590366,0.266656,0.7284808,0.5194592,0.3582911,
1,40,117.357,0.3300708,1.156852,-0.4590366,0.266656,0.7284808,0.5194592,0.3582911,
1,40,117.359,0.3300965,1.156758,-0.4590724,0.2668464,0.7284656,0.5194138,0.358246,
1,40,117.361,0.3300965,1.156758,-0.4590724,0.2668464,0.7284656,0.5194138,0.358246,
1,40,117.363,0.3300965,1.156758,-0.4590724,0.2668464,0.7284656,0.5194138,0.358246,
1,40,117.365,0.3300965,1.156758,-0.4590724,0.2668464,0.7284656,0.5194138,0.358246,
1,40,117.367,0.3300965,1.156758,-0.4590724,0.2668464,0.7284656,0.5194138,0.358246,
1,40,117.369,0.3302128,1.156717,-0.4591339,0.2669669,0.7283823,0.5194595,0.3582594,
1,40,117.371,0.3302128,1.156717,-0.4591339,0.2669669,0.7283823,0.5194595,0.3582594,
1,40,117.373,0.3302128,1.156717,-0.4591339,0.2669669,0.7283823,0.5194595,0.3582594,
1,40,117.375,0.3302128,1.156717,-0.4591339,0.2669669,0.7283823,0.5194595,0.3582594,
1,40,117.377,0.3303068,1.156761,-0.4592333,0.2672069,0.7282498,0.5195646,0.3581976,
1,40,117.379,0.3303068,1.156761,-0.4592333,0.2672069,0.7282498,0.5195646,0.3581976,
1,40,117.381,0.3303068,1.156761,-0.4592333,0.2672069,0.7282498,0.5195646,0.3581976,
1,40,117.383,0.3303068,1.156761,-0.4592333,0.2672069,0.7282498,0.5195646,0.3581976,
1,40,117.385,0.3303595,1.156807,-0.4593354,0.2676313,0.7281297,0.5196494,0.3580018,
1,40,117.387,0.3303595,1.156807,-0.4593354,0.2676313,0.7281297,0.5196494,0.3580018,
1,40,117.389,0.3303595,1.156807,-0.4593354,0.2676313,0.7281297,0.5196494,0.3580018,
1,40,117.391,0.3303595,1.156807,-0.4593354,0.2676313,0.7281297,0.5196494,0.3580018,
1,40,117.393,0.3303677,1.156831,-0.4593873,0.268054,0.7279934,0.5196396,0.3579768,
1,40,117.395,0.3303677,1.156831,-0.4593873,0.268054,0.7279934,0.5196396,0.3579768,
1,40,117.397,0.3303677,1.156831,-0.4593873,0.268054,0.7279934,0.5196396,0.3579768,
1,40,117.399,0.3303677,1.156831,-0.4593873,0.268054,0.7279934,0.5196396,0.3579768,
1,40,117.401,0.3303917,1.156816,-0.4594516,0.2684596,0.72789,0.5195315,0.3580399,
1,40,117.403,0.3303917,1.156816,-0.4594516,0.2684596,0.72789,0.5195315,0.3580399,
1,40,117.405,0.3303917,1.156816,-0.4594516,0.2684596,0.72789,0.5195315,0.3580399,
1,40,117.407,0.3303917,1.156816,-0.4594516,0.2684596,0.72789,0.5195315,0.3580399,
1,40,117.409,0.330474,1.156843,-0.4595113,0.2688223,0.727758,0.5194747,0.3581188,
1,40,117.411,0.330474,1.156843,-0.4595113,0.2688223,0.727758,0.5194747,0.3581188,
1,40,117.413,0.330474,1.156843,-0.4595113,0.2688223,0.727758,0.5194747,0.3581188,
1,40,117.415,0.330474,1.156843,-0.4595113,0.2688223,0.727758,0.5194747,0.3581188,
1,40,117.417,0.330474,1.156843,-0.4595113,0.2688223,0.727758,0.5194747,0.3581188,
1,40,117.419,0.3304788,1.156857,-0.4595628,0.2692141,0.7276855,0.5193338,0.3581759,
1,40,117.421,0.3304788,1.156857,-0.4595628,0.2692141,0.7276855,0.5193338,0.3581759,
1,40,117.423,0.3304788,1.156857,-0.4595628,0.2692141,0.7276855,0.5193338,0.3581759,
1,40,117.425,0.3304788,1.156857,-0.4595628,0.2692141,0.7276855,0.5193338,0.3581759,
1,40,117.427,0.3305194,1.156852,-0.459578,0.2695212,0.7276691,0.5192138,0.3581524,
1,40,117.429,0.3305194,1.156852,-0.459578,0.2695212,0.7276691,0.5192138,0.3581524,
1,40,117.431,0.3305194,1.156852,-0.459578,0.2695212,0.7276691,0.5192138,0.3581524,
1,40,117.433,0.3305194,1.156852,-0.459578,0.2695212,0.7276691,0.5192138,0.3581524,
1,40,117.435,0.3305047,1.15688,-0.4596452,0.2698517,0.7276496,0.5191139,0.358088,
1,40,117.437,0.3305047,1.15688,-0.4596452,0.2698517,0.7276496,0.5191139,0.358088,
1,40,117.439,0.3305047,1.15688,-0.4596452,0.2698517,0.7276496,0.5191139,0.358088,
1,40,117.441,0.3305047,1.15688,-0.4596452,0.2698517,0.7276496,0.5191139,0.358088,
1,40,117.443,0.3304934,1.156922,-0.4596761,0.2701241,0.7276662,0.5189936,0.3580232,
1,40,117.445,0.3304934,1.156922,-0.4596761,0.2701241,0.7276662,0.5189936,0.3580232,
1,40,117.447,0.3304934,1.156922,-0.4596761,0.2701241,0.7276662,0.5189936,0.3580232,
1,40,117.449,0.3304934,1.156922,-0.4596761,0.2701241,0.7276662,0.5189936,0.3580232,
1,40,117.451,0.3305419,1.156984,-0.4597552,0.2702793,0.7276912,0.5188725,0.3580307,
1,40,117.453,0.3305419,1.156984,-0.4597552,0.2702793,0.7276912,0.5188725,0.3580307,
1,40,117.455,0.3305419,1.156984,-0.4597552,0.2702793,0.7276912,0.5188725,0.3580307,
1,40,117.457,0.3305419,1.156984,-0.4597552,0.2702793,0.7276912,0.5188725,0.3580307,
1,40,117.459,0.3305798,1.156989,-0.4597865,0.2705014,0.7277477,0.5186651,0.3580488,
1,40,117.461,0.3305798,1.156989,-0.4597865,0.2705014,0.7277477,0.5186651,0.3580488,
1,40,117.463,0.3305798,1.156989,-0.4597865,0.2705014,0.7277477,0.5186651,0.3580488,
1,40,117.465,0.3305798,1.156989,-0.4597865,0.2705014,0.7277477,0.5186651,0.3580488,
1,40,117.467,0.3305798,1.156989,-0.4597865,0.2705014,0.7277477,0.5186651,0.3580488,
1,40,117.469,0.3305657,1.157043,-0.4598081,0.2706156,0.7277668,0.5185325,0.3581156,
1,40,117.471,0.3305657,1.157043,-0.4598081,0.2706156,0.7277668,0.5185325,0.3581156,
1,40,117.473,0.3305657,1.157043,-0.4598081,0.2706156,0.7277668,0.5185325,0.3581156,
1,40,117.475,0.3305657,1.157043,-0.4598081,0.2706156,0.7277668,0.5185325,0.3581156,
1,40,117.477,0.3305084,1.157043,-0.4598741,0.2705818,0.7279453,0.5183954,0.357977,
1,40,117.479,0.3305084,1.157043,-0.4598741,0.2705818,0.7279453,0.5183954,0.357977,
1,40,117.481,0.3305084,1.157043,-0.4598741,0.2705818,0.7279453,0.5183954,0.357977,
1,40,117.483,0.3305084,1.157043,-0.4598741,0.2705818,0.7279453,0.5183954,0.357977,
1,40,117.485,0.3305238,1.157055,-0.4599271,0.2704941,0.7280566,0.5182836,0.3579788,
1,40,117.487,0.3305238,1.157055,-0.4599271,0.2704941,0.7280566,0.5182836,0.3579788,
1,40,117.489,0.3305238,1.157055,-0.4599271,0.2704941,0.7280566,0.5182836,0.3579788,
1,40,117.491,0.3305238,1.157055,-0.4599271,0.2704941,0.7280566,0.5182836,0.3579788,
1,40,117.493,0.3305467,1.157128,-0.4599341,0.2704787,0.7281082,0.5181542,0.3580726,
1,40,117.495,0.3305467,1.157128,-0.4599341,0.2704787,0.7281082,0.5181542,0.3580726,
1,40,117.497,0.3305467,1.157128,-0.4599341,0.2704787,0.7281082,0.5181542,0.3580726,
1,40,117.499,0.3305467,1.157128,-0.4599341,0.2704787,0.7281082,0.5181542,0.3580726,
1,40,117.501,0.3304963,1.157151,-0.459968,0.2703966,0.728223,0.5180157,0.3581015,
1,40,117.503,0.3304963,1.157151,-0.459968,0.2703966,0.728223,0.5180157,0.3581015,
1,40,117.505,0.3304963,1.157151,-0.459968,0.2703966,0.728223,0.5180157,0.3581015,
1,40,117.507,0.3304963,1.157151,-0.459968,0.2703966,0.728223,0.5180157,0.3581015,
1,40,117.509,0.3304735,1.157196,-0.4600342,0.2702548,0.7283151,0.517952,0.3581136,
1,40,117.511,0.3304735,1.157196,-0.4600342,0.2702548,0.7283151,0.517952,0.3581136,
1,40,117.513,0.3304735,1.157196,-0.4600342,0.2702548,0.7283151,0.517952,0.3581136,
1,40,117.515,0.3304735,1.157196,-0.4600342,0.2702548,0.7283151,0.517952,0.3581136,
1,40,117.517,0.3304735,1.157196,-0.4600342,0.2702548,0.7283151,0.517952,0.3581136,
1,40,117.519,0.3304963,1.157236,-0.4601362,0.2700508,0.728386,0.5179047,0.3581915,
1,40,117.521,0.3304963,1.157236,-0.4601362,0.2700508,0.728386,0.5179047,0.3581915,
1,40,117.523,0.3304963,1.157236,-0.4601362,0.2700508,0.728386,0.5179047,0.3581915,
1,40,117.525,0.3304963,1.157236,-0.4601362,0.2700508,0.728386,0.5179047,0.3581915,
1,40,117.527,0.3305469,1.157262,-0.4602477,0.2698063,0.7284499,0.5178822,0.3582782,
1,40,117.529,0.3305469,1.157262,-0.4602477,0.2698063,0.7284499,0.5178822,0.3582782,
1,40,117.531,0.3305469,1.157262,-0.4602477,0.2698063,0.7284499,0.5178822,0.3582782,
1,40,117.533,0.3305469,1.157262,-0.4602477,0.2698063,0.7284499,0.5178822,0.3582782,
1,40,117.535,0.3306177,1.157279,-0.4603944,0.2693909,0.7286239,0.517851,0.3582824,
1,40,117.537,0.3306177,1.157279,-0.4603944,0.2693909,0.7286239,0.517851,0.3582824,
1,40,117.539,0.3306177,1.157279,-0.4603944,0.2693909,0.7286239,0.517851,0.3582824,
1,40,117.541,0.3306177,1.157279,-0.4603944,0.2693909,0.7286239,0.517851,0.3582824,
1,40,117.543,0.3306922,1.157287,-0.4604882,0.2691224,0.7287044,0.5178761,0.358284,
1,40,117.545,0.3306922,1.157287,-0.4604882,0.2691224,0.7287044,0.5178761,0.358284,
1,40,117.547,0.3306922,1.157287,-0.4604882,0.2691224,0.7287044,0.5178761,0.358284,
1,40,117.549,0.3306922,1.157287,-0.4604882,0.2691224,0.7287044,0.5178761,0.358284,
1,40,117.551,0.3308259,1.157295,-0.4605996,0.2687198,0.7288682,0.5179188,0.3581911,
1,40,117.553,0.3308259,1.157295,-0.4605996,0.2687198,0.7288682,0.5179188,0.3581911,
1,40,117.555,0.3308259,1.157295,-0.4605996,0.2687198,0.7288682,0.5179188,0.3581911,
1,40,117.557,0.3308259,1.157295,-0.4605996,0.2687198,0.7288682,0.5179188,0.3581911,
1,40,117.559,0.3308528,1.157265,-0.4606912,0.2684132,0.7290859,0.5179152,0.3579833,
1,40,117.561,0.3308528,1.157265,-0.4606912,0.2684132,0.7290859,0.5179152,0.3579833,
1,40,117.563,0.3308528,1.157265,-0.4606912,0.2684132,0.7290859,0.5179152,0.3579833,
1,40,117.565,0.3308528,1.157265,-0.4606912,0.2684132,0.7290859,0.5179152,0.3579833,
1,40,117.567,0.3308528,1.157265,-0.4606912,0.2684132,0.7290859,0.5179152,0.3579833,
1,40,117.569,0.3309085,1.157291,-0.4608651,0.2681514,0.7292114,0.5179182,0.3579192,
1,40,117.571,0.3309085,1.157291,-0.4608651,0.2681514,0.7292114,0.5179182,0.3579192,
1,40,117.573,0.3309085,1.157291,-0.4608651,0.2681514,0.7292114,0.5179182,0.3579192,
1,40,117.575,0.3309085,1.157291,-0.4608651,0.2681514,0.7292114,0.5179182,0.3579192,
1,40,117.577,0.3309664,1.157245,-0.46095,0.2680616,0.7293094,0.5178498,0.3578859,
1,40,117.579,0.3309664,1.157245,-0.46095,0.2680616,0.7293094,0.5178498,0.3578859,
1,40,117.581,0.3309664,1.157245,-0.46095,0.2680616,0.7293094,0.5178498,0.3578859,
1,40,117.583,0.3309664,1.157245,-0.46095,0.2680616,0.7293094,0.5178498,0.3578859,
1,40,117.585,0.3310674,1.157254,-0.4610806,0.2679639,0.729401,0.517795,0.3578518,
1,40,117.587,0.3310674,1.157254,-0.4610806,0.2679639,0.729401,0.517795,0.3578518,
1,40,117.589,0.3310674,1.157254,-0.4610806,0.2679639,0.729401,0.517795,0.3578518,
1,40,117.591,0.3310674,1.157254,-0.4610806,0.2679639,0.729401,0.517795,0.3578518,
1,40,117.593,0.3311657,1.157245,-0.4612271,0.2679274,0.72945,0.5177175,0.3578912,
1,40,117.595,0.3311657,1.157245,-0.4612271,0.2679274,0.72945,0.5177175,0.3578912,
1,40,117.597,0.3311657,1.157245,-0.4612271,0.2679274,0.72945,0.5177175,0.3578912,
1,40,117.599,0.3311657,1.157245,-0.4612271,0.2679274,0.72945,0.5177175,0.3578912,
1,40,117.601,0.3311783,1.157212,-0.4613842,0.2679391,0.7296137,0.5175753,0.3577548,
1,40,117.603,0.3311783,1.157212,-0.4613842,0.2679391,0.7296137,0.5175753,0.3577548,
1,40,117.605,0.3311783,1.157212,-0.4613842,0.2679391,0.7296137,0.5175753,0.3577548,
1,40,117.607,0.3311783,1.157212,-0.4613842,0.2679391,0.7296137,0.5175753,0.3577548,
1,40,117.609,0.3313477,1.157202,-0.4616011,0.2679815,0.7298219,0.517386,0.3575718,
1,40,117.611,0.3313477,1.157202,-0.4616011,0.2679815,0.7298219,0.517386,0.3575718,
1,40,117.613,0.3313477,1.157202,-0.4616011,0.2679815,0.7298219,0.517386,0.3575718,
1,40,117.615,0.3313477,1.157202,-0.4616011,0.2679815,0.7298219,0.517386,0.3575718,
1,40,117.617,0.3313477,1.157202,-0.4616011,0.2679815,0.7298219,0.517386,0.3575718,
1,40,117.619,0.3314422,1.157187,-0.4617647,0.2680385,0.7299448,0.5172565,0.3574656,
1,40,117.621,0.3314422,1.157187,-0.4617647,0.2680385,0.7299448,0.5172565,0.3574656,
1,40,117.623,0.3314422,1.157187,-0.4617647,0.2680385,0.7299448,0.5172565,0.3574656,
1,40,117.625,0.3314422,1.157187,-0.4617647,0.2680385,0.7299448,0.5172565,0.3574656,
1,40,117.627,0.3315081,1.15721,-0.4619301,0.2681906,0.7301047,0.517109,0.3572385,
1,40,117.629,0.3315081,1.15721,-0.4619301,0.2681906,0.7301047,0.517109,0.3572385,
1,40,117.631,0.3315081,1.15721,-0.4619301,0.2681906,0.7301047,0.517109,0.3572385,
1,40,117.633,0.3315081,1.15721,-0.4619301,0.2681906,0.7301047,0.517109,0.3572385,
1,40,117.635,0.3315872,1.15721,-0.4621056,0.2683736,0.7302185,0.5169375,0.3571165,
1,40,117.637,0.3315872,1.15721,-0.4621056,0.2683736,0.7302185,0.5169375,0.3571165,
1,40,117.639,0.3315872,1.15721,-0.4621056,0.2683736,0.7302185,0.5169375,0.3571165,
1,40,117.641,0.3315872,1.15721,-0.4621056,0.2683736,0.7302185,0.5169375,0.3571165,
1,40,117.643,0.3316987,1.157157,-0.4622496,0.2685947,0.7303269,0.5167656,0.3569775,
1,40,117.645,0.3316987,1.157157,-0.4622496,0.2685947,0.7303269,0.5167656,0.3569775,
1,40,117.647,0.3316987,1.157157,-0.4622496,0.2685947,0.7303269,0.5167656,0.3569775,
1,40,117.649,0.3316987,1.157157,-0.4622496,0.2685947,0.7303269,0.5167656,0.3569775,
1,40,117.651,0.3318824,1.157204,-0.4624563,0.2688117,0.730351,0.5166878,0.3568774,
1,40,117.653,0.3318824,1.157204,-0.4624563,0.2688117,0.730351,0.5166878,0.3568774,
1,40,117.655,0.3318824,1.157204,-0.4624563,0.2688117,0.730351,0.5166878,0.3568774,
1,40,117.657,0.3318824,1.157204,-0.4624563,0.2688117,0.730351,0.5166878,0.3568774,
1,40,117.659,0.3319807,1.157231,-0.4626529,0.2690589,0.7305104,0.5165753,0.3565274,
1,40,117.661,0.3319807,1.157231,-0.4626529,0.2690589,0.7305104,0.5165753,0.3565274,
1,40,117.663,0.3319807,1.157231,-0.4626529,0.2690589,0.7305104,0.5165753,0.3565274,
1,40,117.665,0.3319807,1.157231,-0.4626529,0.2690589,0.7305104,0.5165753,0.3565274,
1,40,117.667,0.3319807,1.157231,-0.4626529,0.2690589,0.7305104,0.5165753,0.3565274,
1,40,117.669,0.3320698,1.157321,-0.4627962,0.2693269,0.7306826,0.5164553,0.356146,
1,40,117.671,0.3320698,1.157321,-0.4627962,0.2693269,0.7306826,0.5164553,0.356146,
1,40,117.673,0.3320698,1.157321,-0.4627962,0.2693269,0.7306826,0.5164553,0.356146,
1,40,117.675,0.3320698,1.157321,-0.4627962,0.2693269,0.7306826,0.5164553,0.356146,
1,40,117.677,0.3322371,1.157295,-0.4629549,0.2694876,0.7308888,0.5163407,0.3557672,
1,40,117.679,0.3322371,1.157295,-0.4629549,0.2694876,0.7308888,0.5163407,0.3557672,
1,40,117.681,0.3322371,1.157295,-0.4629549,0.2694876,0.7308888,0.5163407,0.3557672,
1,40,117.683,0.3322371,1.157295,-0.4629549,0.2694876,0.7308888,0.5163407,0.3557672,
1,40,117.685,0.3325387,1.157378,-0.4632512,0.2698753,0.7311422,0.5161215,0.3552703,
1,40,117.687,0.3325387,1.157378,-0.4632512,0.2698753,0.7311422,0.5161215,0.3552703,
1,40,117.689,0.3325387,1.157378,-0.4632512,0.2698753,0.7311422,0.5161215,0.3552703,
1,40,117.691,0.3325387,1.157378,-0.4632512,0.2698753,0.7311422,0.5161215,0.3552703,
1,40,117.693,0.3327979,1.157345,-0.4634399,0.2702419,0.7312911,0.5158793,0.3550371,
1,40,117.695,0.3327979,1.157345,-0.4634399,0.2702419,0.7312911,0.5158793,0.3550371,
1,40,117.697,0.3327979,1.157345,-0.4634399,0.2702419,0.7312911,0.5158793,0.3550371,
1,40,117.699,0.3327979,1.157345,-0.4634399,0.2702419,0.7312911,0.5158793,0.3550371,
1,40,117.701,0.3330415,1.157367,-0.4636288,0.2705698,0.7314407,0.5156381,0.3548294,
1,40,117.703,0.3330415,1.157367,-0.4636288,0.2705698,0.7314407,0.5156381,0.3548294,
1,40,117.705,0.3330415,1.157367,-0.4636288,0.2705698,0.7314407,0.5156381,0.3548294,
1,40,117.707,0.3330415,1.157367,-0.4636288,0.2705698,0.7314407,0.5156381,0.3548294,
1,40,117.709,0.3331524,1.157315,-0.4637474,0.2708617,0.7317664,0.5153617,0.3543365,
1,40,117.711,0.3331524,1.157315,-0.4637474,0.2708617,0.7317664,0.5153617,0.3543365,
1,40,117.713,0.3331524,1.157315,-0.4637474,0.2708617,0.7317664,0.5153617,0.3543365,
1,40,117.715,0.3331524,1.157315,-0.4637474,0.2708617,0.7317664,0.5153617,0.3543365,
1,40,117.717,0.3331524,1.157315,-0.4637474,0.2708617,0.7317664,0.5153617,0.3543365,
1,40,117.719,0.3333275,1.157295,-0.4638416,0.2710885,0.7321128,0.5151427,0.3537655,
1,40,117.721,0.3333275,1.157295,-0.4638416,0.2710885,0.7321128,0.5151427,0.3537655,
1,40,117.723,0.3333275,1.157295,-0.4638416,0.2710885,0.7321128,0.5151427,0.3537655,
1,40,117.725,0.3333275,1.157295,-0.4638416,0.2710885,0.7321128,0.5151427,0.3537655,
1,40,117.727,0.3333114,1.157263,-0.463993,0.2713841,0.7325856,0.5148566,0.3529756,
1,40,117.729,0.3333114,1.157263,-0.463993,0.2713841,0.7325856,0.5148566,0.3529756,
1,40,117.731,0.3333114,1.157263,-0.463993,0.2713841,0.7325856,0.5148566,0.3529756,
1,40,117.733,0.3333114,1.157263,-0.463993,0.2713841,0.7325856,0.5148566,0.3529756,
1,40,117.735,0.3335552,1.157331,-0.464185,0.2716861,0.732834,0.5146445,0.3525367,
1,40,117.737,0.3335552,1.157331,-0.464185,0.2716861,0.732834,0.5146445,0.3525367,
1,40,117.739,0.3335552,1.157331,-0.464185,0.2716861,0.732834,0.5146445,0.3525367,
1,40,117.741,0.3335552,1.157331,-0.464185,0.2716861,0.732834,0.5146445,0.3525367,
1,40,117.743,0.3336786,1.157412,-0.4643651,0.2722931,0.7330182,0.5142609,0.3522452,
1,40,117.745,0.3336786,1.157412,-0.4643651,0.2722931,0.7330182,0.5142609,0.3522452,
1,40,117.747,0.3336786,1.157412,-0.4643651,0.2722931,0.7330182,0.5142609,0.3522452,
1,40,117.749,0.3336786,1.157412,-0.4643651,0.2722931,0.7330182,0.5142609,0.3522452,
1,40,117.751,0.3339329,1.15754,-0.4645696,0.2727887,0.7331887,0.5138447,0.3521139,
1,40,117.753,0.3339329,1.15754,-0.4645696,0.2727887,0.7331887,0.5138447,0.3521139,
1,40,117.755,0.3339329,1.15754,-0.4645696,0.2727887,0.7331887,0.5138447,0.3521139,
1,40,117.757,0.3339329,1.15754,-0.4645696,0.2727887,0.7331887,0.5138447,0.3521139,
1,40,117.759,0.334274,1.157768,-0.4648219,0.2734963,0.7335566,0.5132723,0.3516336,
1,40,117.761,0.334274,1.157768,-0.4648219,0.2734963,0.7335566,0.5132723,0.3516336,
1,40,117.763,0.334274,1.157768,-0.4648219,0.2734963,0.7335566,0.5132723,0.3516336,
1,40,117.765,0.334274,1.157768,-0.4648219,0.2734963,0.7335566,0.5132723,0.3516336,
1,40,117.767,0.334274,1.157768,-0.4648219,0.2734963,0.7335566,0.5132723,0.3516336,
1,40,117.769,0.3342231,1.157905,-0.4649563,0.2740631,0.7340119,0.5127767,0.3509644,
1,40,117.771,0.3342231,1.157905,-0.4649563,0.2740631,0.7340119,0.5127767,0.3509644,
1,40,117.773,0.3342231,1.157905,-0.4649563,0.2740631,0.7340119,0.5127767,0.3509644,
1,40,117.775,0.3342231,1.157905,-0.4649563,0.2740631,0.7340119,0.5127767,0.3509644,
1,40,117.777,0.334163,1.157961,-0.4650252,0.274528,0.7345657,0.5122452,0.3502177,
1,40,117.779,0.334163,1.157961,-0.4650252,0.274528,0.7345657,0.5122452,0.3502177,
1,40,117.781,0.334163,1.157961,-0.4650252,0.274528,0.7345657,0.5122452,0.3502177,
1,40,117.783,0.334163,1.157961,-0.4650252,0.274528,0.7345657,0.5122452,0.3502177,
1,40,117.785,0.3344909,1.158043,-0.4652508,0.2746466,0.7349287,0.5118815,0.3498949,
1,40,117.787,0.3344909,1.158043,-0.4652508,0.2746466,0.7349287,0.5118815,0.3498949,
1,40,117.789,0.3344909,1.158043,-0.4652508,0.2746466,0.7349287,0.5118815,0.3498949,
1,40,117.791,0.3344909,1.158043,-0.4652508,0.2746466,0.7349287,0.5118815,0.3498949,
1,40,117.793,0.3349818,1.158291,-0.4654994,0.2747933,0.7353173,0.5116528,0.3492973,
1,40,117.795,0.3349818,1.158291,-0.4654994,0.2747933,0.7353173,0.5116528,0.3492973,
1,40,117.797,0.3349818,1.158291,-0.4654994,0.2747933,0.7353173,0.5116528,0.3492973,
1,40,117.799,0.3349818,1.158291,-0.4654994,0.2747933,0.7353173,0.5116528,0.3492973,
1,40,117.801,0.3353968,1.158454,-0.4656776,0.2749988,0.7356164,0.5113766,0.34891,
1,40,117.803,0.3353968,1.158454,-0.4656776,0.2749988,0.7356164,0.5113766,0.34891,
1,40,117.805,0.3353968,1.158454,-0.4656776,0.2749988,0.7356164,0.5113766,0.34891,
1,40,117.807,0.3353968,1.158454,-0.4656776,0.2749988,0.7356164,0.5113766,0.34891,
1,40,117.809,0.3354264,1.15844,-0.4657626,0.2753914,0.736008,0.5108464,0.3485511,
1,40,117.811,0.3354264,1.15844,-0.4657626,0.2753914,0.736008,0.5108464,0.3485511,
1,40,117.813,0.3354264,1.15844,-0.4657626,0.2753914,0.736008,0.5108464,0.3485511,
1,40,117.815,0.3354264,1.15844,-0.4657626,0.2753914,0.736008,0.5108464,0.3485511,
1,40,117.817,0.3354264,1.15844,-0.4657626,0.2753914,0.736008,0.5108464,0.3485511,
1,40,117.819,0.3352745,1.158321,-0.4657655,0.2758452,0.7365432,0.510164,0.3480607,
1,40,117.821,0.3352745,1.158321,-0.4657655,0.2758452,0.7365432,0.510164,0.3480607,
1,40,117.823,0.3352745,1.158321,-0.4657655,0.2758452,0.7365432,0.510164,0.3480607,
1,40,117.825,0.3352745,1.158321,-0.4657655,0.2758452,0.7365432,0.510164,0.3480607,
1,40,117.827,0.3352668,1.158184,-0.4658194,0.2760743,0.7371013,0.509645,0.3474575,
1,40,117.829,0.3352668,1.158184,-0.4658194,0.2760743,0.7371013,0.509645,0.3474575,
1,40,117.831,0.3352668,1.158184,-0.4658194,0.2760743,0.7371013,0.509645,0.3474575,
1,40,117.833,0.3352668,1.158184,-0.4658194,0.2760743,0.7371013,0.509645,0.3474575,
1,40,117.835,0.3352886,1.158096,-0.4657632,0.2763386,0.7379841,0.5089324,0.3464163,
1,40,117.837,0.3352886,1.158096,-0.4657632,0.2763386,0.7379841,0.5089324,0.3464163,
1,40,117.839,0.3352886,1.158096,-0.4657632,0.2763386,0.7379841,0.5089324,0.3464163,
1,40,117.841,0.3352886,1.158096,-0.4657632,0.2763386,0.7379841,0.5089324,0.3464163,
1,40,117.843,0.3354638,1.158198,-0.4658495,0.2764986,0.7383221,0.5086268,0.3460168,
1,40,117.845,0.3354638,1.158198,-0.4658495,0.2764986,0.7383221,0.5086268,0.3460168,
1,40,117.847,0.3354638,1.158198,-0.4658495,0.2764986,0.7383221,0.5086268,0.3460168,
1,40,117.849,0.3354638,1.158198,-0.4658495,0.2764986,0.7383221,0.5086268,0.3460168,
1,40,117.851,0.3356507,1.158289,-0.4659092,0.2767163,0.7385992,0.5083587,0.3456454,
1,40,117.853,0.3356507,1.158289,-0.4659092,0.2767163,0.7385992,0.5083587,0.3456454,
1,40,117.855,0.3356507,1.158289,-0.4659092,0.2767163,0.7385992,0.5083587,0.3456454,
1,40,117.857,0.3356507,1.158289,-0.4659092,0.2767163,0.7385992,0.5083587,0.3456454,
1,40,117.859,0.3358655,1.158348,-0.4659961,0.2769426,0.7387747,0.5080792,0.3455003,
1,40,117.861,0.3358655,1.158348,-0.4659961,0.2769426,0.7387747,0.5080792,0.3455003,
1,40,117.863,0.3358655,1.158348,-0.4659961,0.2769426,0.7387747,0.5080792,0.3455003,
1,40,117.865,0.3358655,1.158348,-0.4659961,0.2769426,0.7387747,0.5080792,0.3455003,
1,40,117.867,0.3358655,1.158348,-0.4659961,0.2769426,0.7387747,0.5080792,0.3455003,
1,40,117.869,0.3361084,1.158488,-0.4660381,0.2772544,0.7389275,0.5077833,0.345358,
1,40,117.871,0.3361084,1.158488,-0.4660381,0.2772544,0.7389275,0.5077833,0.345358,
1,40,117.873,0.3361084,1.158488,-0.4660381,0.2772544,0.7389275,0.5077833,0.345358,
1,40,117.875,0.3361084,1.158488,-0.4660381,0.2772544,0.7389275,0.5077833,0.345358,
1,40,117.877,0.3364076,1.158596,-0.4661135,0.2774988,0.7390352,0.5075244,0.3453118,
1,40,117.879,0.3364076,1.158596,-0.4661135,0.2774988,0.7390352,0.5075244,0.3453118,
1,40,117.881,0.3364076,1.158596,-0.4661135,0.2774988,0.7390352,0.5075244,0.3453118,
1,40,117.883,0.3364076,1.158596,-0.4661135,0.2774988,0.7390352,0.5075244,0.3453118,
1,40,117.885,0.3363822,1.158547,-0.4660864,0.2777753,0.739416,0.5071274,0.3448575,
1,40,117.887,0.3363822,1.158547,-0.4660864,0.2777753,0.739416,0.5071274,0.3448575,
1,40,117.889,0.3363822,1.158547,-0.4660864,0.2777753,0.739416,0.5071274,0.3448575,
1,40,117.891,0.3363822,1.158547,-0.4660864,0.2777753,0.739416,0.5071274,0.3448575,
1,40,117.893,0.336459,1.158499,-0.4661056,0.2779404,0.7396732,0.5068253,0.3446168,
1,40,117.895,0.336459,1.158499,-0.4661056,0.2779404,0.7396732,0.5068253,0.3446168,
1,40,117.897,0.336459,1.158499,-0.4661056,0.2779404,0.7396732,0.5068253,0.3446168,
1,40,117.899,0.336459,1.158499,-0.4661056,0.2779404,0.7396732,0.5068253,0.3446168,
1,40,117.901,0.3363712,1.158437,-0.4660925,0.2782608,0.7399805,0.5064461,0.3442559,
1,40,117.903,0.3363712,1.158437,-0.4660925,0.2782608,0.7399805,0.5064461,0.3442559,
1,40,117.905,0.3363712,1.158437,-0.4660925,0.2782608,0.7399805,0.5064461,0.3442559,
1,40,117.907,0.3363712,1.158437,-0.4660925,0.2782608,0.7399805,0.5064461,0.3442559,
1,40,117.909,0.3365877,1.158508,-0.4661561,0.2785431,0.7399787,0.5062639,0.3442999,
1,40,117.911,0.3365877,1.158508,-0.4661561,0.2785431,0.7399787,0.5062639,0.3442999,
1,40,117.913,0.3365877,1.158508,-0.4661561,0.2785431,0.7399787,0.5062639,0.3442999,
1,40,117.915,0.3365877,1.158508,-0.4661561,0.2785431,0.7399787,0.5062639,0.3442999,
1,40,117.917,0.3365877,1.158508,-0.4661561,0.2785431,0.7399787,0.5062639,0.3442999,
1,40,117.919,0.3364305,1.15851,-0.4661533,0.2789301,0.7400924,0.5059668,0.3441789,
1,40,117.921,0.3364305,1.15851,-0.4661533,0.2789301,0.7400924,0.5059668,0.3441789,
1,40,117.923,0.3364305,1.15851,-0.4661533,0.2789301,0.7400924,0.5059668,0.3441789,
1,40,117.925,0.3364305,1.15851,-0.4661533,0.2789301,0.7400924,0.5059668,0.3441789,
1,40,117.927,0.336403,1.158513,-0.4661467,0.279076,0.7401541,0.5058562,0.34409,
1,40,117.929,0.336403,1.158513,-0.4661467,0.279076,0.7401541,0.5058562,0.34409,
1,40,117.931,0.336403,1.158513,-0.4661467,0.279076,0.7401541,0.5058562,0.34409,
1,40,117.933,0.336403,1.158513,-0.4661467,0.279076,0.7401541,0.5058562,0.34409,
1,40,117.935,0.3364483,1.15851,-0.4661303,0.2792125,0.7401866,0.5057791,0.3440229,
1,40,117.937,0.3364483,1.15851,-0.4661303,0.2792125,0.7401866,0.5057791,0.3440229,
1,40,117.939,0.3364483,1.15851,-0.4661303,0.2792125,0.7401866,0.5057791,0.3440229,
1,40,117.941,0.3364483,1.15851,-0.4661303,0.2792125,0.7401866,0.5057791,0.3440229,
1,40,117.943,0.3364698,1.158527,-0.4661252,0.2792349,0.7402682,0.5057538,0.3438662,
1,40,117.945,0.3364698,1.158527,-0.4661252,0.2792349,0.7402682,0.5057538,0.3438662,
1,40,117.947,0.3364698,1.158527,-0.4661252,0.2792349,0.7402682,0.5057538,0.3438662,
1,40,117.949,0.3364698,1.158527,-0.4661252,0.2792349,0.7402682,0.5057538,0.3438662,
1,40,117.951,0.3364184,1.158522,-0.4660929,0.2792498,0.7403281,0.5057573,0.34372,
1,40,117.953,0.3364184,1.158522,-0.4660929,0.2792498,0.7403281,0.5057573,0.34372,
1,40,117.955,0.3364184,1.158522,-0.4660929,0.2792498,0.7403281,0.5057573,0.34372,
1,40,117.957,0.3364184,1.158522,-0.4660929,0.2792498,0.7403281,0.5057573,0.34372,
1,40,117.959,0.3362879,1.158499,-0.4660767,0.2792223,0.7404557,0.5057604,0.3434627,
1,40,117.961,0.3362879,1.158499,-0.4660767,0.2792223,0.7404557,0.5057604,0.3434627,
1,40,117.963,0.3362879,1.158499,-0.4660767,0.2792223,0.7404557,0.5057604,0.3434627,
1,40,117.965,0.3362879,1.158499,-0.4660767,0.2792223,0.7404557,0.5057604,0.3434627,
1,40,117.967,0.3362879,1.158499,-0.4660767,0.2792223,0.7404557,0.5057604,0.3434627,
1,40,117.969,0.336274,1.158541,-0.466102,0.2791341,0.7404552,0.5058751,0.3433666,
1,40,117.971,0.336274,1.158541,-0.466102,0.2791341,0.7404552,0.5058751,0.3433666,
1,40,117.973,0.336274,1.158541,-0.466102,0.2791341,0.7404552,0.5058751,0.3433666,
1,40,117.975,0.336274,1.158541,-0.466102,0.2791341,0.7404552,0.5058751,0.3433666,
1,40,117.977,0.3361677,1.158515,-0.4660724,0.2790021,0.7405534,0.5059149,0.3432037,
1,40,117.979,0.3361677,1.158515,-0.4660724,0.2790021,0.7405534,0.5059149,0.3432037,
1,40,117.981,0.3361677,1.158515,-0.4660724,0.2790021,0.7405534,0.5059149,0.3432037,
1,40,117.983,0.3361677,1.158515,-0.4660724,0.2790021,0.7405534,0.5059149,0.3432037,
1,40,117.985,0.336054,1.158492,-0.4660617,0.2789386,0.7405394,0.5059341,0.3432571,
1,40,117.987,0.336054,1.158492,-0.4660617,0.2789386,0.7405394,0.5059341,0.3432571,
1,40,117.989,0.336054,1.158492,-0.4660617,0.2789386,0.7405394,0.5059341,0.3432571,
1,40,117.991,0.336054,1.158492,-0.4660617,0.2789386,0.7405394,0.5059341,0.3432571,
1,40,117.993,0.3360993,1.158527,-0.4660888,0.2787971,0.7403653,0.5060847,0.3435256,
1,40,117.995,0.3360993,1.158527,-0.4660888,0.2787971,0.7403653,0.5060847,0.3435256,
1,40,117.997,0.3360993,1.158527,-0.4660888,0.2787971,0.7403653,0.5060847,0.3435256,
1,40,117.999,0.3360993,1.158527,-0.4660888,0.2787971,0.7403653,0.5060847,0.3435256,
1,40,118.001,0.3363924,1.158723,-0.4661966,0.2784914,0.7401847,0.5064132,0.3436785,
1,40,118.003,0.3363924,1.158723,-0.4661966,0.2784914,0.7401847,0.5064132,0.3436785,
1,40,118.005,0.3363924,1.158723,-0.4661966,0.2784914,0.7401847,0.5064132,0.3436785,
1,40,118.007,0.3363924,1.158723,-0.4661966,0.2784914,0.7401847,0.5064132,0.3436785,
1,40,118.009,0.3364989,1.158681,-0.4661444,0.2778593,0.7403086,0.5067116,0.3434832,
1,40,118.011,0.3364989,1.158681,-0.4661444,0.2778593,0.7403086,0.5067116,0.3434832,
1,40,118.013,0.3364989,1.158681,-0.4661444,0.2778593,0.7403086,0.5067116,0.3434832,
1,40,118.015,0.3364989,1.158681,-0.4661444,0.2778593,0.7403086,0.5067116,0.3434832,
1,40,118.017,0.3364989,1.158681,-0.4661444,0.2778593,0.7403086,0.5067116,0.3434832,
1,40,118.019,0.3362556,1.158633,-0.4660775,0.277663,0.7403877,0.5067636,0.3433948,
1,40,118.021,0.3362556,1.158633,-0.4660775,0.277663,0.7403877,0.5067636,0.3433948,
1,40,118.023,0.3362556,1.158633,-0.4660775,0.277663,0.7403877,0.5067636,0.3433948,
1,40,118.025,0.3362556,1.158633,-0.4660775,0.277663,0.7403877,0.5067636,0.3433948,
1,40,118.027,0.3362809,1.158655,-0.4660679,0.2772869,0.7403754,0.5069467,0.3434551,
1,40,118.029,0.3362809,1.158655,-0.4660679,0.2772869,0.7403754,0.5069467,0.3434551,
1,40,118.031,0.3362809,1.158655,-0.4660679,0.2772869,0.7403754,0.5069467,0.3434551,
1,40,118.033,0.3362809,1.158655,-0.4660679,0.2772869,0.7403754,0.5069467,0.3434551,
1,40,118.035,0.3362273,1.158616,-0.466025,0.2769352,0.7405201,0.5070748,0.3432378,
1,40,118.037,0.3362273,1.158616,-0.466025,0.2769352,0.7405201,0.5070748,0.3432378,
1,40,118.039,0.3362273,1.158616,-0.466025,0.2769352,0.7405201,0.5070748,0.3432378,
1,40,118.041,0.3362273,1.158616,-0.466025,0.2769352,0.7405201,0.5070748,0.3432378,
1,40,118.043,0.3361364,1.158661,-0.4660619,0.2766437,0.7405992,0.5072426,0.3430541,
1,40,118.045,0.3361364,1.158661,-0.4660619,0.2766437,0.7405992,0.5072426,0.3430541,
1,40,118.047,0.3361364,1.158661,-0.4660619,0.2766437,0.7405992,0.5072426,0.3430541,
1,40,118.049,0.3361364,1.158661,-0.4660619,0.2766437,0.7405992,0.5072426,0.3430541,
1,40,118.051,0.3361973,1.158685,-0.4660814,0.276225,0.7406763,0.5074371,0.3429375,
1,40,118.053,0.3361973,1.158685,-0.4660814,0.276225,0.7406763,0.5074371,0.3429375,
1,40,118.055,0.3361973,1.158685,-0.4660814,0.276225,0.7406763,0.5074371,0.3429375,
1,40,118.057,0.3361973,1.158685,-0.4660814,0.276225,0.7406763,0.5074371,0.3429375,
1,40,118.059,0.3361713,1.158631,-0.4660062,0.2759021,0.7409148,0.5075063,0.3425794,
1,40,118.061,0.3361713,1.158631,-0.4660062,0.2759021,0.7409148,0.5075063,0.3425794,
1,40,118.063,0.3361713,1.158631,-0.4660062,0.2759021,0.7409148,0.5075063,0.3425794,
1,40,118.065,0.3361713,1.158631,-0.4660062,0.2759021,0.7409148,0.5075063,0.3425794,
1,40,118.067,0.3361713,1.158631,-0.4660062,0.2759021,0.7409148,0.5075063,0.3425794,
1,40,118.069,0.3361007,1.158564,-0.4659737,0.275647,0.7410482,0.5075345,0.3424547,
1,40,118.071,0.3361007,1.158564,-0.4659737,0.275647,0.7410482,0.5075345,0.3424547,
1,40,118.073,0.3361007,1.158564,-0.4659737,0.275647,0.7410482,0.5075345,0.3424547,
1,40,118.075,0.3361007,1.158564,-0.4659737,0.275647,0.7410482,0.5075345,0.3424547,
1,40,118.077,0.3360972,1.158502,-0.4659344,0.2753182,0.741275,0.5076013,0.3421291,
1,40,118.079,0.3360972,1.158502,-0.4659344,0.2753182,0.741275,0.5076013,0.3421291,
1,40,118.081,0.3360972,1.158502,-0.4659344,0.2753182,0.741275,0.5076013,0.3421291,
1,40,118.083,0.3360972,1.158502,-0.4659344,0.2753182,0.741275,0.5076013,0.3421291,
1,40,118.085,0.3362471,1.158504,-0.465947,0.2750213,0.7412746,0.5077765,0.3421086,
1,40,118.087,0.3362471,1.158504,-0.465947,0.2750213,0.7412746,0.5077765,0.3421086,
1,40,118.089,0.3362471,1.158504,-0.465947,0.2750213,0.7412746,0.5077765,0.3421086,
1,40,118.091,0.3362471,1.158504,-0.465947,0.2750213,0.7412746,0.5077765,0.3421086,
1,40,118.093,0.3360965,1.158383,-0.4658172,0.2748551,0.7416469,0.5077601,0.3414589,
1,40,118.095,0.3360965,1.158383,-0.4658172,0.2748551,0.7416469,0.5077601,0.3414589,
1,40,118.097,0.3360965,1.158383,-0.4658172,0.2748551,0.7416469,0.5077601,0.3414589,
1,40,118.099,0.3360965,1.158383,-0.4658172,0.2748551,0.7416469,0.5077601,0.3414589,
1,40,118.101,0.3362137,1.158375,-0.4658056,0.2746973,0.7415903,0.5078737,0.3415399,
1,40,118.103,0.3362137,1.158375,-0.4658056,0.2746973,0.7415903,0.5078737,0.3415399,
1,40,118.105,0.3362137,1.158375,-0.4658056,0.2746973,0.7415903,0.5078737,0.3415399,
1,40,118.107,0.3362137,1.158375,-0.4658056,0.2746973,0.7415903,0.5078737,0.3415399,
1,40,118.109,0.3363177,1.158409,-0.4658131,0.274813,0.7413357,0.5079148,0.3419382,
1,40,118.111,0.3363177,1.158409,-0.4658131,0.274813,0.7413357,0.5079148,0.3419382,
1,40,118.113,0.3363177,1.158409,-0.4658131,0.274813,0.7413357,0.5079148,0.3419382,
1,40,118.115,0.3363177,1.158409,-0.4658131,0.274813,0.7413357,0.5079148,0.3419382,
1,40,118.117,0.3363177,1.158409,-0.4658131,0.274813,0.7413357,0.5079148,0.3419382,
1,40,118.119,0.3362865,1.158331,-0.4656907,0.2749075,0.7413517,0.5078575,0.3419127,
1,40,118.121,0.3362865,1.158331,-0.4656907,0.2749075,0.7413517,0.5078575,0.3419127,
1,40,118.123,0.3362865,1.158331,-0.4656907,0.2749075,0.7413517,0.5078575,0.3419127,
1,40,118.125,0.3362865,1.158331,-0.4656907,0.2749075,0.7413517,0.5078575,0.3419127,
1,40,118.127,0.3361899,1.158286,-0.465591,0.2749441,0.7413787,0.5079049,0.3417543,
1,40,118.129,0.3361899,1.158286,-0.465591,0.2749441,0.7413787,0.5079049,0.3417543,
1,40,118.131,0.3361899,1.158286,-0.465591,0.2749441,0.7413787,0.5079049,0.3417543,
1,40,118.133,0.3361899,1.158286,-0.465591,0.2749441,0.7413787,0.5079049,0.3417543,
1,40,118.135,0.3360923,1.158243,-0.465451,0.2749858,0.7413639,0.5080057,0.341603,
1,40,118.137,0.3360923,1.158243,-0.465451,0.2749858,0.7413639,0.5080057,0.341603,
1,40,118.139,0.3360923,1.158243,-0.465451,0.2749858,0.7413639,0.5080057,0.341603,
1,40,118.141,0.3360923,1.158243,-0.465451,0.2749858,0.7413639,0.5080057,0.341603,
1,40,118.143,0.3359954,1.158194,-0.4652942,0.2750368,0.7412671,0.508106,0.3416228,
1,40,118.145,0.3359954,1.158194,-0.4652942,0.2750368,0.7412671,0.508106,0.3416228,
1,40,118.147,0.3359954,1.158194,-0.4652942,0.2750368,0.7412671,0.508106,0.3416228,
1,40,118.149,0.3359954,1.158194,-0.4652942,0.2750368,0.7412671,0.508106,0.3416228,
1,40,118.151,0.3356179,1.158105,-0.4650047,0.2753142,0.7411872,0.5081702,0.3414773,
1,40,118.153,0.3356179,1.158105,-0.4650047,0.2753142,0.7411872,0.5081702,0.3414773,
1,40,118.155,0.3356179,1.158105,-0.4650047,0.2753142,0.7411872,0.5081702,0.3414773,
1,40,118.157,0.3356179,1.158105,-0.4650047,0.2753142,0.7411872,0.5081702,0.3414773,
1,40,118.159,0.3356277,1.158119,-0.46486,0.2753205,0.7409182,0.5083907,0.3417276,
1,40,118.161,0.3356277,1.158119,-0.46486,0.2753205,0.7409182,0.5083907,0.3417276,
1,40,118.163,0.3356277,1.158119,-0.46486,0.2753205,0.7409182,0.5083907,0.3417276,
1,40,118.165,0.3356277,1.158119,-0.46486,0.2753205,0.7409182,0.5083907,0.3417276,
1,40,118.167,0.3356277,1.158119,-0.46486,0.2753205,0.7409182,0.5083907,0.3417276,
1,40,118.169,0.3353811,1.158061,-0.4646698,0.275358,0.7408815,0.5085137,0.341594,
1,40,118.171,0.3353811,1.158061,-0.4646698,0.275358,0.7408815,0.5085137,0.341594,
1,40,118.173,0.3353811,1.158061,-0.4646698,0.275358,0.7408815,0.5085137,0.341594,
1,40,118.175,0.3353811,1.158061,-0.4646698,0.275358,0.7408815,0.5085137,0.341594,
1,40,118.177,0.3350933,1.158069,-0.4644942,0.2754509,0.7408338,0.5086582,0.3414073,
1,40,118.179,0.3350933,1.158069,-0.4644942,0.2754509,0.7408338,0.5086582,0.3414073,
1,40,118.181,0.3350933,1.158069,-0.4644942,0.2754509,0.7408338,0.5086582,0.3414073,CourtEnter
1,40,118.183,0.3350933,1.158069,-0.4644942,0.2754509,0.7408338,0.5086582,0.3414073,
1,40,118.185,0.3349508,1.158078,-0.4644004,0.2754049,0.7407207,0.5088384,0.3414213,
1,40,118.187,0.3349508,1.158078,-0.4644004,0.2754049,0.7407207,0.5088384,0.3414213,
1,40,118.189,0.3349508,1.158078,-0.4644004,0.2754049,0.7407207,0.5088384,0.3414213,CourtExit
1,40,118.191,0.3349508,1.158078,-0.4644004,0.2754049,0.7407207,0.5088384,0.3414213,
1,40,118.193,0.3350046,1.158127,-0.4642591,0.2751825,0.7406125,0.5090908,0.341459,
1,40,118.195,0.3350046,1.158127,-0.4642591,0.2751825,0.7406125,0.5090908,0.341459,
1,40,118.197,0.3350046,1.158127,-0.4642591,0.2751825,0.7406125,0.5090908,0.341459,
1,40,118.199,0.3350046,1.158127,-0.4642591,0.2751825,0.7406125,0.5090908,0.341459,
1,40,118.201,0.3350993,1.158243,-0.4641514,0.2751895,0.740343,0.5092933,0.3417359,
1,40,118.203,0.3350993,1.158243,-0.4641514,0.2751895,0.740343,0.5092933,0.3417359,
1,40,118.205,0.3350993,1.158243,-0.4641514,0.2751895,0.740343,0.5092933,0.3417359,
1,40,118.207,0.3350993,1.158243,-0.4641514,0.2751895,0.740343,0.5092933,0.3417359,
1,40,118.209,0.3349818,1.158305,-0.4640171,0.2751687,0.7402006,0.5093806,0.341931,
1,40,118.211,0.3349818,1.158305,-0.4640171,0.2751687,0.7402006,0.5093806,0.341931,
1,40,118.213,0.3349818,1.158305,-0.4640171,0.2751687,0.7402006,0.5093806,0.341931,
1,40,118.215,0.3349818,1.158305,-0.4640171,0.2751687,0.7402006,0.5093806,0.341931,
1,40,118.217,0.3349818,1.158305,-0.4640171,0.2751687,0.7402006,0.5093806,0.341931,
1,40,118.219,0.335033,1.158374,-0.4638627,0.2751048,0.7399099,0.5095266,0.3423937,
1,40,118.221,0.335033,1.158374,-0.4638627,0.2751048,0.7399099,0.5095266,0.3423937,
1,40,118.223,0.335033,1.158374,-0.4638627,0.2751048,0.7399099,0.5095266,0.3423937,
1,40,118.225,0.335033,1.158374,-0.4638627,0.2751048,0.7399099,0.5095266,0.3423937,
1,40,118.227,0.3349375,1.158482,-0.4635604,0.274875,0.7398415,0.5096897,0.3424833,
1,40,118.229,0.3349375,1.158482,-0.4635604,0.274875,0.7398415,0.5096897,0.3424833,
1,40,118.231,0.3349375,1.158482,-0.4635604,0.274875,0.7398415,0.5096897,0.3424833,
1,40,118.233,0.3349375,1.158482,-0.4635604,0.274875,0.7398415,0.5096897,0.3424833,
1,40,118.235,0.3343834,1.158291,-0.463193,0.2747928,0.7400448,0.5095205,0.3423617,
1,40,118.237,0.3343834,1.158291,-0.463193,0.2747928,0.7400448,0.5095205,0.3423617,
1,40,118.239,0.3343834,1.158291,-0.463193,0.2747928,0.7400448,0.5095205,0.3423617,
1,40,118.241,0.3343834,1.158291,-0.463193,0.2747928,0.7400448,0.5095205,0.3423617,
1,40,118.243,0.3341444,1.158301,-0.4629327,0.2747454,0.7401206,0.5094517,0.3423381,
1,40,118.245,0.3341444,1.158301,-0.4629327,0.2747454,0.7401206,0.5094517,0.3423381,
1,40,118.247,0.3341444,1.158301,-0.4629327,0.2747454,0.7401206,0.5094517,0.3423381,
1,40,118.249,0.3341444,1.158301,-0.4629327,0.2747454,0.7401206,0.5094517,0.3423381,
1,40,118.251,0.3340489,1.158333,-0.4627078,0.2745087,0.7400656,0.5095249,0.3425381,
1,40,118.253,0.3340489,1.158333,-0.4627078,0.2745087,0.7400656,0.5095249,0.3425381,
1,40,118.255,0.3340489,1.158333,-0.4627078,0.2745087,0.7400656,0.5095249,0.3425381,
1,40,118.257,0.3340489,1.158333,-0.4627078,0.2745087,0.7400656,0.5095249,0.3425381,
1,40,118.259,0.3341046,1.15844,-0.4625238,0.2743215,0.740005,0.5096033,0.3427023,
1,40,118.261,0.3341046,1.15844,-0.4625238,0.2743215,0.740005,0.5096033,0.3427023,
1,40,118.263,0.3341046,1.15844,-0.4625238,0.2743215,0.740005,0.5096033,0.3427023,
1,40,118.265,0.3341046,1.15844,-0.4625238,0.2743215,0.740005,0.5096033,0.3427023,
1,40,118.267,0.3341046,1.15844,-0.4625238,0.2743215,0.740005,0.5096033,0.3427023,
1,40,118.269,0.334092,1.158554,-0.4623286,0.2738847,0.7400477,0.5097859,0.342688,
1,40,118.271,0.334092,1.158554,-0.4623286,0.2738847,0.7400477,0.5097859,0.342688,
1,40,118.273,0.334092,1.158554,-0.4623286,0.2738847,0.7400477,0.5097859,0.342688,
1,40,118.275,0.334092,1.158554,-0.4623286,0.2738847,0.7400477,0.5097859,0.342688,
1,40,118.277,0.3336643,1.158481,-0.4620408,0.2736287,0.7403792,0.5096852,0.342326,
1,40,118.279,0.3336643,1.158481,-0.4620408,0.2736287,0.7403792,0.5096852,0.342326,
1,40,118.281,0.3336643,1.158481,-0.4620408,0.2736287,0.7403792,0.5096852,0.342326,
1,40,118.283,0.3336643,1.158481,-0.4620408,0.2736287,0.7403792,0.5096852,0.342326,
1,40,118.285,0.3334572,1.158461,-0.4618222,0.2733073,0.7404858,0.5096469,0.3424092,
1,40,118.287,0.3334572,1.158461,-0.4618222,0.2733073,0.7404858,0.5096469,0.3424092,
1,40,118.289,0.3334572,1.158461,-0.4618222,0.2733073,0.7404858,0.5096469,0.3424092,
1,40,118.291,0.3334572,1.158461,-0.4618222,0.2733073,0.7404858,0.5096469,0.3424092,
1,40,118.293,0.3334472,1.158449,-0.4615387,0.272962,0.7405953,0.5095804,0.3425467,
1,40,118.295,0.3334472,1.158449,-0.4615387,0.272962,0.7405953,0.5095804,0.3425467,
1,40,118.297,0.3334472,1.158449,-0.4615387,0.272962,0.7405953,0.5095804,0.3425467,
1,40,118.299,0.3334472,1.158449,-0.4615387,0.272962,0.7405953,0.5095804,0.3425467,
1,40,118.301,0.3331261,1.158484,-0.4611715,0.2724971,0.7409655,0.5095068,0.3422254,
1,40,118.303,0.3331261,1.158484,-0.4611715,0.2724971,0.7409655,0.5095068,0.3422254,
1,40,118.305,0.3331261,1.158484,-0.4611715,0.2724971,0.7409655,0.5095068,0.3422254,
1,40,118.307,0.3331261,1.158484,-0.4611715,0.2724971,0.7409655,0.5095068,0.3422254,
1,40,118.309,0.3330872,1.158584,-0.4609764,0.2721327,0.7410778,0.5095552,0.3422005,
1,40,118.311,0.3330872,1.158584,-0.4609764,0.2721327,0.7410778,0.5095552,0.3422005,
1,40,118.313,0.3330872,1.158584,-0.4609764,0.2721327,0.7410778,0.5095552,0.3422005,
1,40,118.315,0.3330872,1.158584,-0.4609764,0.2721327,0.7410778,0.5095552,0.3422005,
1,40,118.317,0.3330872,1.158584,-0.4609764,0.2721327,0.7410778,0.5095552,0.3422005,
1,40,118.319,0.3330033,1.15859,-0.4607746,0.2718281,0.7412218,0.5095188,0.3421848,
1,40,118.321,0.3330033,1.15859,-0.4607746,0.2718281,0.7412218,0.5095188,0.3421848,
1,40,118.323,0.3330033,1.15859,-0.4607746,0.2718281,0.7412218,0.5095188,0.3421848,
1,40,118.325,0.3330033,1.15859,-0.4607746,0.2718281,0.7412218,0.5095188,0.3421848,
1,40,118.327,0.3328645,1.158507,-0.4605395,0.2714949,0.7415875,0.5093795,0.3418642,
1,40,118.329,0.3328645,1.158507,-0.4605395,0.2714949,0.7415875,0.5093795,0.3418642,
1,40,118.331,0.3328645,1.158507,-0.4605395,0.2714949,0.7415875,0.5093795,0.3418642,
1,40,118.333,0.3328645,1.158507,-0.4605395,0.2714949,0.7415875,0.5093795,0.3418642,
1,40,118.335,0.3329543,1.158496,-0.4603419,0.2710479,0.741801,0.509442,0.3416625,
1,40,118.337,0.3329543,1.158496,-0.4603419,0.2710479,0.741801,0.509442,0.3416625,
1,40,118.339,0.3329543,1.158496,-0.4603419,0.2710479,0.741801,0.509442,0.3416625,
1,40,118.341,0.3329543,1.158496,-0.4603419,0.2710479,0.741801,0.509442,0.3416625,
1,40,118.343,0.333121,1.158475,-0.460131,0.2705433,0.74208,0.5095242,0.3413336,
1,40,118.345,0.333121,1.158475,-0.460131,0.2705433,0.74208,0.5095242,0.3413336,
1,40,118.347,0.333121,1.158475,-0.460131,0.2705433,0.74208,0.5095242,0.3413336,
1,40,118.349,0.333121,1.158475,-0.460131,0.2705433,0.74208,0.5095242,0.3413336,
1,40,118.351,0.3329055,1.158334,-0.4598634,0.2703532,0.7425332,0.5094145,0.3406619,
1,40,118.353,0.3329055,1.158334,-0.4598634,0.2703532,0.7425332,0.5094145,0.3406619,
1,40,118.355,0.3329055,1.158334,-0.4598634,0.2703532,0.7425332,0.5094145,0.3406619,
1,40,118.357,0.3329055,1.158334,-0.4598634,0.2703532,0.7425332,0.5094145,0.3406619,
1,40,118.359,0.3333178,1.158556,-0.4598301,0.2702288,0.7423452,0.5096453,0.3408251,
1,40,118.361,0.3333178,1.158556,-0.4598301,0.2702288,0.7423452,0.5096453,0.3408251,
1,40,118.363,0.3333178,1.158556,-0.4598301,0.2702288,0.7423452,0.5096453,0.3408251,
1,40,118.365,0.3333178,1.158556,-0.4598301,0.2702288,0.7423452,0.5096453,0.3408251,
1,40,118.367,0.3333178,1.158556,-0.4598301,0.2702288,0.7423452,0.5096453,0.3408251,
1,40,118.369,0.3334745,1.158549,-0.4596228,0.2701509,0.7424588,0.5096611,0.3406156,
1,40,118.371,0.3334745,1.158549,-0.4596228,0.2701509,0.7424588,0.5096611,0.3406156,
1,40,118.373,0.3334745,1.158549,-0.4596228,0.2701509,0.7424588,0.5096611,0.3406156,
1,40,118.375,0.3334745,1.158549,-0.4596228,0.2701509,0.7424588,0.5096611,0.3406156,
1,40,118.377,0.3337218,1.158515,-0.4593349,0.2702663,0.7425197,0.5096036,0.3404772,
1,40,118.379,0.3337218,1.158515,-0.4593349,0.2702663,0.7425197,0.5096036,0.3404772,
1,40,118.381,0.3337218,1.158515,-0.4593349,0.2702663,0.7425197,0.5096036,0.3404772,
1,40,118.383,0.3337218,1.158515,-0.4593349,0.2702663,0.7425197,0.5096036,0.3404772,
1,40,118.385,0.3337961,1.158496,-0.4591011,0.2705883,0.7425393,0.509488,0.340352,
1,40,118.387,0.3337961,1.158496,-0.4591011,0.2705883,0.7425393,0.509488,0.340352,
1,40,118.389,0.3337961,1.158496,-0.4591011,0.2705883,0.7425393,0.509488,0.340352,
1,40,118.391,0.3337961,1.158496,-0.4591011,0.2705883,0.7425393,0.509488,0.340352,
1,40,118.393,0.3338388,1.158429,-0.4588725,0.27095,0.7426018,0.509357,0.3401238,
1,40,118.395,0.3338388,1.158429,-0.4588725,0.27095,0.7426018,0.509357,0.3401238,
1,40,118.397,0.3338388,1.158429,-0.4588725,0.27095,0.7426018,0.509357,0.3401238,
1,40,118.399,0.3338388,1.158429,-0.4588725,0.27095,0.7426018,0.509357,0.3401238,
1,40,118.401,0.3339559,1.158415,-0.4586693,0.2713693,0.7425686,0.5092539,0.3400165,
1,40,118.403,0.3339559,1.158415,-0.4586693,0.2713693,0.7425686,0.5092539,0.3400165,
1,40,118.405,0.3339559,1.158415,-0.4586693,0.2713693,0.7425686,0.5092539,0.3400165,
1,40,118.407,0.3339559,1.158415,-0.4586693,0.2713693,0.7425686,0.5092539,0.3400165,
1,40,118.409,0.3339477,1.158436,-0.4584714,0.2720681,0.742436,0.5091218,0.3399453,
1,40,118.411,0.3339477,1.158436,-0.4584714,0.2720681,0.742436,0.5091218,0.3399453,
1,40,118.413,0.3339477,1.158436,-0.4584714,0.2720681,0.742436,0.5091218,0.3399453,
1,40,118.415,0.3339477,1.158436,-0.4584714,0.2720681,0.742436,0.5091218,0.3399453,
1,40,118.417,0.3339477,1.158436,-0.4584714,0.2720681,0.742436,0.5091218,0.3399453,
1,40,118.419,0.3338341,1.158447,-0.4581956,0.2729794,0.7422786,0.5088639,0.3399446,
1,40,118.421,0.3338341,1.158447,-0.4581956,0.2729794,0.7422786,0.5088639,0.3399446,
1,40,118.423,0.3338341,1.158447,-0.4581956,0.2729794,0.7422786,0.5088639,0.3399446,
1,40,118.425,0.3338341,1.158447,-0.4581956,0.2729794,0.7422786,0.5088639,0.3399446,
1,40,118.427,0.3336065,1.158408,-0.4579709,0.2738471,0.7422327,0.508595,0.3397495,
1,40,118.429,0.3336065,1.158408,-0.4579709,0.2738471,0.7422327,0.508595,0.3397495,
1,40,118.431,0.3336065,1.158408,-0.4579709,0.2738471,0.7422327,0.508595,0.3397495,
1,40,118.433,0.3336065,1.158408,-0.4579709,0.2738471,0.7422327,0.508595,0.3397495,
1,40,118.435,0.3337457,1.158487,-0.4578468,0.2744046,0.7420226,0.5086077,0.3397395,
1,40,118.437,0.3337457,1.158487,-0.4578468,0.2744046,0.7420226,0.5086077,0.3397395,
1,40,118.439,0.3337457,1.158487,-0.4578468,0.2744046,0.7420226,0.5086077,0.3397395,
1,40,118.441,0.3337457,1.158487,-0.4578468,0.2744046,0.7420226,0.5086077,0.3397395,
1,40,118.443,0.3338904,1.158532,-0.4577283,0.2749229,0.7418187,0.5086327,0.3397283,
1,40,118.445,0.3338904,1.158532,-0.4577283,0.2749229,0.7418187,0.5086327,0.3397283,
1,40,118.447,0.3338904,1.158532,-0.4577283,0.2749229,0.7418187,0.5086327,0.3397283,
1,40,118.449,0.3338904,1.158532,-0.4577283,0.2749229,0.7418187,0.5086327,0.3397283,
1,40,118.451,0.3337516,1.158497,-0.457494,0.2755838,0.7418347,0.5085055,0.3393482,
1,40,118.453,0.3337516,1.158497,-0.457494,0.2755838,0.7418347,0.5085055,0.3393482,
1,40,118.455,0.3337516,1.158497,-0.457494,0.2755838,0.7418347,0.5085055,0.3393482,
1,40,118.457,0.3337516,1.158497,-0.457494,0.2755838,0.7418347,0.5085055,0.3393482,
1,40,118.459,0.333653,1.158405,-0.4572743,0.276002,0.7417799,0.508446,0.3392171,
1,40,118.461,0.333653,1.158405,-0.4572743,0.276002,0.7417799,0.508446,0.3392171,
1,40,118.463,0.333653,1.158405,-0.4572743,0.276002,0.7417799,0.508446,0.3392171,
1,40,118.465,0.333653,1.158405,-0.4572743,0.276002,0.7417799,0.508446,0.3392171,
1,40,118.467,0.333653,1.158405,-0.4572743,0.276002,0.7417799,0.508446,0.3392171,
1,40,118.469,0.3336036,1.158274,-0.4570871,0.2763956,0.7416959,0.508397,0.3391536,
1,40,118.471,0.3336036,1.158274,-0.4570871,0.2763956,0.7416959,0.508397,0.3391536,
1,40,118.473,0.3336036,1.158274,-0.4570871,0.2763956,0.7416959,0.508397,0.3391536,
1,40,118.475,0.3336036,1.158274,-0.4570871,0.2763956,0.7416959,0.508397,0.3391536,
1,40,118.477,0.3335843,1.158212,-0.4569331,0.2767896,0.741519,0.5084574,0.3391285,
1,40,118.479,0.3335843,1.158212,-0.4569331,0.2767896,0.741519,0.5084574,0.3391285,
1,40,118.481,0.3335843,1.158212,-0.4569331,0.2767896,0.741519,0.5084574,0.3391285,
1,40,118.483,0.3335843,1.158212,-0.4569331,0.2767896,0.741519,0.5084574,0.3391285,
1,40,118.485,0.3336456,1.158253,-0.4568574,0.2769708,0.7413355,0.5086626,0.339074,
1,40,118.487,0.3336456,1.158253,-0.4568574,0.2769708,0.7413355,0.5086626,0.339074,
1,40,118.489,0.3336456,1.158253,-0.4568574,0.2769708,0.7413355,0.5086626,0.339074,
1,40,118.491,0.3336456,1.158253,-0.4568574,0.2769708,0.7413355,0.5086626,0.339074,
1,40,118.493,0.3335781,1.158179,-0.4566873,0.2771191,0.7411954,0.5088277,0.3390114,
1,40,118.495,0.3335781,1.158179,-0.4566873,0.2771191,0.7411954,0.5088277,0.3390114,
1,40,118.497,0.3335781,1.158179,-0.4566873,0.2771191,0.7411954,0.5088277,0.3390114,
1,40,118.499,0.3335781,1.158179,-0.4566873,0.2771191,0.7411954,0.5088277,0.3390114,
1,40,118.501,0.3334594,1.158135,-0.4565529,0.2771873,0.7411175,0.5090535,0.3387873,
1,40,118.503,0.3334594,1.158135,-0.4565529,0.2771873,0.7411175,0.5090535,0.3387873,
1,40,118.505,0.3334594,1.158135,-0.4565529,0.2771873,0.7411175,0.5090535,0.3387873,
1,40,118.507,0.3334594,1.158135,-0.4565529,0.2771873,0.7411175,0.5090535,0.3387873,
1,40,118.509,0.3334106,1.158131,-0.456406,0.2770741,0.7410218,0.5093409,0.3386569,
1,40,118.511,0.3334106,1.158131,-0.456406,0.2770741,0.7410218,0.5093409,0.3386569,
1,40,118.513,0.3334106,1.158131,-0.456406,0.2770741,0.7410218,0.5093409,0.3386569,
1,40,118.515,0.3334106,1.158131,-0.456406,0.2770741,0.7410218,0.5093409,0.3386569,
1,40,118.517,0.3334106,1.158131,-0.456406,0.2770741,0.7410218,0.5093409,0.3386569,
1,40,118.519,0.333458,1.15808,-0.456293,0.2768459,0.7408967,0.5097034,0.3385718,
1,40,118.521,0.333458,1.15808,-0.456293,0.2768459,0.7408967,0.5097034,0.3385718,
1,40,118.523,0.333458,1.15808,-0.456293,0.2768459,0.7408967,0.5097034,0.3385718,
1,40,118.525,0.333458,1.15808,-0.456293,0.2768459,0.7408967,0.5097034,0.3385718,
1,40,118.527,0.3333601,1.158029,-0.4561283,0.2766311,0.7408767,0.5099672,0.338394,
1,40,118.529,0.3333601,1.158029,-0.4561283,0.2766311,0.7408767,0.5099672,0.338394,
1,40,118.531,0.3333601,1.158029,-0.4561283,0.2766311,0.7408767,0.5099672,0.338394,
1,40,118.533,0.3333601,1.158029,-0.4561283,0.2766311,0.7408767,0.5099672,0.338394,
1,40,118.535,0.3334376,1.158086,-0.4560575,0.2764756,0.7406838,0.5102882,0.3384593,
1,40,118.537,0.3334376,1.158086,-0.4560575,0.2764756,0.7406838,0.5102882,0.3384593,
1,40,118.539,0.3334376,1.158086,-0.4560575,0.2764756,0.7406838,0.5102882,0.3384593,
1,40,118.541,0.3334376,1.158086,-0.4560575,0.2764756,0.7406838,0.5102882,0.3384593,
1,40,118.543,0.3336009,1.158213,-0.455943,0.2762341,0.7404336,0.5106596,0.3386436,
1,40,118.545,0.3336009,1.158213,-0.455943,0.2762341,0.7404336,0.5106596,0.3386436,
1,40,118.547,0.3336009,1.158213,-0.455943,0.2762341,0.7404336,0.5106596,0.3386436,
1,40,118.549,0.3336009,1.158213,-0.455943,0.2762341,0.7404336,0.5106596,0.3386436,
1,40,118.551,0.3335758,1.158159,-0.4557464,0.2759369,0.7404091,0.5108206,0.338697,
1,40,118.553,0.3335758,1.158159,-0.4557464,0.2759369,0.7404091,0.5108206,0.338697,
1,40,118.555,0.3335758,1.158159,-0.4557464,0.2759369,0.7404091,0.5108206,0.338697,
1,40,118.557,0.3335758,1.158159,-0.4557464,0.2759369,0.7404091,0.5108206,0.338697,
1,40,118.559,0.3336004,1.158215,-0.4555833,0.2755103,0.740381,0.5111387,0.3386256,
1,40,118.561,0.3336004,1.158215,-0.4555833,0.2755103,0.740381,0.5111387,0.3386256,
1,40,118.563,0.3336004,1.158215,-0.4555833,0.2755103,0.740381,0.5111387,0.3386256,
1,40,118.565,0.3336004,1.158215,-0.4555833,0.2755103,0.740381,0.5111387,0.3386256,
1,40,118.567,0.3336004,1.158215,-0.4555833,0.2755103,0.740381,0.5111387,0.3386256,
1,40,118.569,0.3337075,1.158273,-0.4554414,0.2748841,0.7404312,0.5115174,0.338453,
1,40,118.571,0.3337075,1.158273,-0.4554414,0.2748841,0.7404312,0.5115174,0.338453,
1,40,118.573,0.3337075,1.158273,-0.4554414,0.2748841,0.7404312,0.5115174,0.338453,
1,40,118.575,0.3337075,1.158273,-0.4554414,0.2748841,0.7404312,0.5115174,0.338453,
1,40,118.577,0.3337044,1.15835,-0.4553018,0.2743242,0.7406074,0.5118257,0.3380555,
1,40,118.579,0.3337044,1.15835,-0.4553018,0.2743242,0.7406074,0.5118257,0.3380555,
1,40,118.581,0.3337044,1.15835,-0.4553018,0.2743242,0.7406074,0.5118257,0.3380555,
1,40,118.583,0.3337044,1.15835,-0.4553018,0.2743242,0.7406074,0.5118257,0.3380555,
1,40,118.585,0.3337909,1.158425,-0.4552025,0.2737565,0.7407454,0.5121061,0.3377885,
1,40,118.587,0.3337909,1.158425,-0.4552025,0.2737565,0.7407454,0.5121061,0.3377885,
1,40,118.589,0.3337909,1.158425,-0.4552025,0.2737565,0.7407454,0.5121061,0.3377885,
1,40,118.591,0.3337909,1.158425,-0.4552025,0.2737565,0.7407454,0.5121061,0.3377885,
1,40,118.593,0.3337896,1.158452,-0.4551062,0.2734689,0.7407468,0.5121841,0.3379,
1,40,118.595,0.3337896,1.158452,-0.4551062,0.2734689,0.7407468,0.5121841,0.3379,
1,40,118.597,0.3337896,1.158452,-0.4551062,0.2734689,0.7407468,0.5121841,0.3379,
1,40,118.599,0.3337896,1.158452,-0.4551062,0.2734689,0.7407468,0.5121841,0.3379,
1,40,118.601,0.3337504,1.158465,-0.4550011,0.273416,0.7407364,0.512133,0.3380431,
1,40,118.603,0.3337504,1.158465,-0.4550011,0.273416,0.7407364,0.512133,0.3380431,
1,40,118.605,0.3337504,1.158465,-0.4550011,0.273416,0.7407364,0.512133,0.3380431,
1,40,118.607,0.3337504,1.158465,-0.4550011,0.273416,0.7407364,0.512133,0.3380431,
1,40,118.609,0.3336644,1.158389,-0.4548855,0.273203,0.7408897,0.5119923,0.3380924,
1,40,118.611,0.3336644,1.158389,-0.4548855,0.273203,0.7408897,0.5119923,0.3380924,
1,40,118.613,0.3336644,1.158389,-0.4548855,0.273203,0.7408897,0.5119923,0.3380924,
1,40,118.615,0.3336644,1.158389,-0.4548855,0.273203,0.7408897,0.5119923,0.3380924,
1,40,118.617,0.3336644,1.158389,-0.4548855,0.273203,0.7408897,0.5119923,0.3380924,
1,40,118.619,0.3337736,1.158366,-0.4547836,0.2729462,0.7408627,0.5120602,0.3382562,
1,40,118.621,0.3337736,1.158366,-0.4547836,0.2729462,0.7408627,0.5120602,0.3382562,
1,40,118.623,0.3337736,1.158366,-0.4547836,0.2729462,0.7408627,0.5120602,0.3382562,
1,40,118.625,0.3337736,1.158366,-0.4547836,0.2729462,0.7408627,0.5120602,0.3382562,
1,40,118.627,0.3338659,1.158306,-0.4546577,0.272645,0.7409384,0.512059,0.3383352,
1,40,118.629,0.3338659,1.158306,-0.4546577,0.272645,0.7409384,0.512059,0.3383352,
1,40,118.631,0.3338659,1.158306,-0.4546577,0.272645,0.7409384,0.512059,0.3383352,
1,40,118.633,0.3338659,1.158306,-0.4546577,0.272645,0.7409384,0.512059,0.3383352,
1,40,118.635,0.3337198,1.158167,-0.4544894,0.2724878,0.7411095,0.5120092,0.3381622,
1,40,118.637,0.3337198,1.158167,-0.4544894,0.2724878,0.7411095,0.5120092,0.3381622,
1,40,118.639,0.3337198,1.158167,-0.4544894,0.2724878,0.7411095,0.5120092,0.3381622,
1,40,118.641,0.3337198,1.158167,-0.4544894,0.2724878,0.7411095,0.5120092,0.3381622,
1,40,118.643,0.333658,1.15811,-0.4543556,0.2724136,0.741037,0.5120593,0.3383053,
1,40,118.645,0.333658,1.15811,-0.4543556,0.2724136,0.741037,0.5120593,0.3383053,
1,40,118.647,0.333658,1.15811,-0.4543556,0.2724136,0.741037,0.5120593,0.3383053,
1,40,118.649,0.333658,1.15811,-0.4543556,0.2724136,0.741037,0.5120593,0.3383053,
1,40,118.651,0.3337031,1.158148,-0.4542878,0.2723711,0.7407895,0.5122241,0.3386316,
1,40,118.653,0.3337031,1.158148,-0.4542878,0.2723711,0.7407895,0.5122241,0.3386316,
1,40,118.655,0.3337031,1.158148,-0.4542878,0.2723711,0.7407895,0.5122241,0.3386316,
1,40,118.657,0.3337031,1.158148,-0.4542878,0.2723711,0.7407895,0.5122241,0.3386316,
1,40,118.659,0.3335915,1.15804,-0.4541413,0.2723517,0.7406774,0.5123178,0.3387507,
1,40,118.661,0.3335915,1.15804,-0.4541413,0.2723517,0.7406774,0.5123178,0.3387507,
1,40,118.663,0.3335915,1.15804,-0.4541413,0.2723517,0.7406774,0.5123178,0.3387507,
1,40,118.665,0.3335915,1.15804,-0.4541413,0.2723517,0.7406774,0.5123178,0.3387507,
1,40,118.667,0.3335915,1.15804,-0.4541413,0.2723517,0.7406774,0.5123178,0.3387507,
1,40,118.669,0.3336153,1.158047,-0.4539948,0.2721106,0.7405318,0.5126048,0.3388284,
1,40,118.671,0.3336153,1.158047,-0.4539948,0.2721106,0.7405318,0.5126048,0.3388284,
1,40,118.673,0.3336153,1.158047,-0.4539948,0.2721106,0.7405318,0.5126048,0.3388284,
1,40,118.675,0.3336153,1.158047,-0.4539948,0.2721106,0.7405318,0.5126048,0.3388284,
1,40,118.677,0.3336263,1.158008,-0.4538473,0.2717533,0.7405242,0.5129513,0.3386078,
1,40,118.679,0.3336263,1.158008,-0.4538473,0.2717533,0.7405242,0.5129513,0.3386078,
1,40,118.681,0.3336263,1.158008,-0.4538473,0.2717533,0.7405242,0.5129513,0.3386078,
1,40,118.683,0.3336263,1.158008,-0.4538473,0.2717533,0.7405242,0.5129513,0.3386078,
1,40,118.685,0.3336229,1.15801,-0.4537329,0.2714521,0.7404755,0.5132601,0.3384875,
1,40,118.687,0.3336229,1.15801,-0.4537329,0.2714521,0.7404755,0.5132601,0.3384875,
1,40,118.689,0.3336229,1.15801,-0.4537329,0.2714521,0.7404755,0.5132601,0.3384875,
1,40,118.691,0.3336229,1.15801,-0.4537329,0.2714521,0.7404755,0.5132601,0.3384875,
1,40,118.693,0.3335809,1.158024,-0.4536273,0.2712849,0.7403836,0.5135013,0.338457,
1,40,118.695,0.3335809,1.158024,-0.4536273,0.2712849,0.7403836,0.5135013,0.338457,
1,40,118.697,0.3335809,1.158024,-0.4536273,0.2712849,0.7403836,0.5135013,0.338457,
1,40,118.699,0.3335809,1.158024,-0.4536273,0.2712849,0.7403836,0.5135013,0.338457,
1,40,118.701,0.3335545,1.158073,-0.4535255,0.2711877,0.7402126,0.5137979,0.3384588,
1,40,118.703,0.3335545,1.158073,-0.4535255,0.2711877,0.7402126,0.5137979,0.3384588,
1,40,118.705,0.3335545,1.158073,-0.4535255,0.2711877,0.7402126,0.5137979,0.3384588,
1,40,118.707,0.3335545,1.158073,-0.4535255,0.2711877,0.7402126,0.5137979,0.3384588,
1,40,118.709,0.3334203,1.158134,-0.4534148,0.2711186,0.7401367,0.5140599,0.3382821,
1,40,118.711,0.3334203,1.158134,-0.4534148,0.2711186,0.7401367,0.5140599,0.3382821,
1,40,118.713,0.3334203,1.158134,-0.4534148,0.2711186,0.7401367,0.5140599,0.3382821,
1,40,118.715,0.3334203,1.158134,-0.4534148,0.2711186,0.7401367,0.5140599,0.3382821,
1,40,118.717,0.3334203,1.158134,-0.4534148,0.2711186,0.7401367,0.5140599,0.3382821,
1,40,118.719,0.33327,1.158194,-0.4532811,0.2710282,0.7401112,0.5143687,0.3379409,
1,40,118.721,0.33327,1.158194,-0.4532811,0.2710282,0.7401112,0.5143687,0.3379409,
1,40,118.723,0.33327,1.158194,-0.4532811,0.2710282,0.7401112,0.5143687,0.3379409,
1,40,118.725,0.33327,1.158194,-0.4532811,0.2710282,0.7401112,0.5143687,0.3379409,
1,40,118.727,0.3332253,1.15835,-0.4531476,0.2708969,0.7400016,0.5148157,0.3376052,
1,40,118.729,0.3332253,1.15835,-0.4531476,0.2708969,0.7400016,0.5148157,0.3376052,
1,40,118.731,0.3332253,1.15835,-0.4531476,0.2708969,0.7400016,0.5148157,0.3376052,
1,40,118.733,0.3332253,1.15835,-0.4531476,0.2708969,0.7400016,0.5148157,0.3376052,
1,40,118.735,0.3331628,1.158523,-0.4530398,0.2707832,0.7399025,0.5152553,0.3372429,
1,40,118.737,0.3331628,1.158523,-0.4530398,0.2707832,0.7399025,0.5152553,0.3372429,
1,40,118.739,0.3331628,1.158523,-0.4530398,0.2707832,0.7399025,0.5152553,0.3372429,
1,40,118.741,0.3331628,1.158523,-0.4530398,0.2707832,0.7399025,0.5152553,0.3372429,
1,40,118.743,0.333141,1.158649,-0.4529864,0.2705536,0.7398969,0.5156945,0.3367677,
1,40,118.745,0.333141,1.158649,-0.4529864,0.2705536,0.7398969,0.5156945,0.3367677,
1,40,118.747,0.333141,1.158649,-0.4529864,0.2705536,0.7398969,0.5156945,0.3367677,
1,40,118.749,0.333141,1.158649,-0.4529864,0.2705536,0.7398969,0.5156945,0.3367677,
1,40,118.751,0.3332285,1.158824,-0.452968,0.2701556,0.7399759,0.5162549,0.3360544,
1,40,118.753,0.3332285,1.158824,-0.452968,0.2701556,0.7399759,0.5162549,0.3360544,
1,40,118.755,0.3332285,1.158824,-0.452968,0.2701556,0.7399759,0.5162549,0.3360544,
1,40,118.757,0.3332285,1.158824,-0.452968,0.2701556,0.7399759,0.5162549,0.3360544,
1,40,118.759,0.3332621,1.158932,-0.4530005,0.2696049,0.740259,0.5168023,0.3350301,
1,40,118.761,0.3332621,1.158932,-0.4530005,0.2696049,0.740259,0.5168023,0.3350301,
1,40,118.763,0.3332621,1.158932,-0.4530005,0.2696049,0.740259,0.5168023,0.3350301,
1,40,118.765,0.3332621,1.158932,-0.4530005,0.2696049,0.740259,0.5168023,0.3350301,
1,40,118.767,0.3332621,1.158932,-0.4530005,0.2696049,0.740259,0.5168023,0.3350301,
1,40,118.769,0.3333798,1.159061,-0.453096,0.2690142,0.7405764,0.517321,0.3340015,
1,40,118.771,0.3333798,1.159061,-0.453096,0.2690142,0.7405764,0.517321,0.3340015,
1,40,118.773,0.3333798,1.159061,-0.453096,0.2690142,0.7405764,0.517321,0.3340015,
1,40,118.775,0.3333798,1.159061,-0.453096,0.2690142,0.7405764,0.517321,0.3340015,
1,40,118.777,0.3336819,1.159158,-0.4532492,0.2683716,0.7409577,0.5177945,0.3329372,
1,40,118.779,0.3336819,1.159158,-0.4532492,0.2683716,0.7409577,0.5177945,0.3329372,
1,40,118.781,0.3336819,1.159158,-0.4532492,0.2683716,0.7409577,0.5177945,0.3329372,
1,40,118.783,0.3336819,1.159158,-0.4532492,0.2683716,0.7409577,0.5177945,0.3329372,
1,40,118.785,0.333994,1.159215,-0.4534594,0.2677748,0.7414275,0.5181445,0.3318257,
1,40,118.787,0.333994,1.159215,-0.4534594,0.2677748,0.7414275,0.5181445,0.3318257,
1,40,118.789,0.333994,1.159215,-0.4534594,0.2677748,0.7414275,0.5181445,0.3318257,
1,40,118.791,0.333994,1.159215,-0.4534594,0.2677748,0.7414275,0.5181445,0.3318257,
1,40,118.793,0.3343135,1.159262,-0.4537267,0.2672536,0.7420468,0.5183528,0.3305337,
1,40,118.795,0.3343135,1.159262,-0.4537267,0.2672536,0.7420468,0.5183528,0.3305337,
1,40,118.797,0.3343135,1.159262,-0.4537267,0.2672536,0.7420468,0.5183528,0.3305337,
1,40,118.799,0.3343135,1.159262,-0.4537267,0.2672536,0.7420468,0.5183528,0.3305337,
1,40,118.801,0.3345255,1.159182,-0.4540469,0.2667612,0.7430233,0.5183036,0.3288103,
1,40,118.803,0.3345255,1.159182,-0.4540469,0.2667612,0.7430233,0.5183036,0.3288103,
1,40,118.805,0.3345255,1.159182,-0.4540469,0.2667612,0.7430233,0.5183036,0.3288103,
1,40,118.807,0.3345255,1.159182,-0.4540469,0.2667612,0.7430233,0.5183036,0.3288103,
1,40,118.809,0.3347217,1.159089,-0.454452,0.2665827,0.7439902,0.5180967,0.3270907,
1,40,118.811,0.3347217,1.159089,-0.454452,0.2665827,0.7439902,0.5180967,0.3270907,
1,40,118.813,0.3347217,1.159089,-0.454452,0.2665827,0.7439902,0.5180967,0.3270907,
1,40,118.815,0.3347217,1.159089,-0.454452,0.2665827,0.7439902,0.5180967,0.3270907,
1,40,118.817,0.3347217,1.159089,-0.454452,0.2665827,0.7439902,0.5180967,0.3270907,
1,40,118.819,0.3352117,1.159126,-0.4548745,0.2665742,0.7447414,0.5178572,0.3257645,
1,40,118.821,0.3352117,1.159126,-0.4548745,0.2665742,0.7447414,0.5178572,0.3257645,
1,40,118.823,0.3352117,1.159126,-0.4548745,0.2665742,0.7447414,0.5178572,0.3257645,
1,40,118.825,0.3352117,1.159126,-0.4548745,0.2665742,0.7447414,0.5178572,0.3257645,
1,40,118.827,0.3355224,1.159103,-0.4552408,0.2666814,0.7458171,0.5174262,0.323895,
1,40,118.829,0.3355224,1.159103,-0.4552408,0.2666814,0.7458171,0.5174262,0.323895,
1,40,118.831,0.3355224,1.159103,-0.4552408,0.2666814,0.7458171,0.5174262,0.323895,
1,40,118.833,0.3355224,1.159103,-0.4552408,0.2666814,0.7458171,0.5174262,0.323895,
1,40,118.835,0.3358414,1.159039,-0.4555521,0.2672845,0.746755,0.5167423,0.322325,
1,40,118.837,0.3358414,1.159039,-0.4555521,0.2672845,0.746755,0.5167423,0.322325,
1,40,118.839,0.3358414,1.159039,-0.4555521,0.2672845,0.746755,0.5167423,0.322325,
1,40,118.841,0.3358414,1.159039,-0.4555521,0.2672845,0.746755,0.5167423,0.322325,
1,40,118.843,0.3360135,1.158913,-0.4558384,0.2679784,0.7479622,0.5158209,0.3204201,
1,40,118.845,0.3360135,1.158913,-0.4558384,0.2679784,0.7479622,0.5158209,0.3204201,
1,40,118.847,0.3360135,1.158913,-0.4558384,0.2679784,0.7479622,0.5158209,0.3204201,
1,40,118.849,0.3360135,1.158913,-0.4558384,0.2679784,0.7479622,0.5158209,0.3204201,
1,40,118.851,0.3363335,1.158876,-0.4561544,0.2692408,0.7488452,0.5148259,0.3188961,
1,40,118.853,0.3363335,1.158876,-0.4561544,0.2692408,0.7488452,0.5148259,0.3188961,
1,40,118.855,0.3363335,1.158876,-0.4561544,0.2692408,0.7488452,0.5148259,0.3188961,
1,40,118.857,0.3363335,1.158876,-0.4561544,0.2692408,0.7488452,0.5148259,0.3188961,
1,40,118.859,0.3369367,1.158898,-0.4565702,0.2703505,0.7496921,0.5139822,0.3173245,
1,40,118.861,0.3369367,1.158898,-0.4565702,0.2703505,0.7496921,0.5139822,0.3173245,
1,40,118.863,0.3369367,1.158898,-0.4565702,0.2703505,0.7496921,0.5139822,0.3173245,
1,40,118.865,0.3369367,1.158898,-0.4565702,0.2703505,0.7496921,0.5139822,0.3173245,
1,40,118.867,0.3369367,1.158898,-0.4565702,0.2703505,0.7496921,0.5139822,0.3173245,
1,40,118.869,0.337026,1.158915,-0.4568439,0.2719427,0.7506593,0.5128878,0.3154421,
1,40,118.871,0.337026,1.158915,-0.4568439,0.2719427,0.7506593,0.5128878,0.3154421,
1,40,118.873,0.337026,1.158915,-0.4568439,0.2719427,0.7506593,0.5128878,0.3154421,
1,40,118.875,0.337026,1.158915,-0.4568439,0.2719427,0.7506593,0.5128878,0.3154421,
1,40,118.877,0.3372467,1.158972,-0.4571439,0.2738018,0.7515287,0.5117016,0.3136857,
1,40,118.879,0.3372467,1.158972,-0.4571439,0.2738018,0.7515287,0.5117016,0.3136857,
1,40,118.881,0.3372467,1.158972,-0.4571439,0.2738018,0.7515287,0.5117016,0.3136857,
1,40,118.883,0.3372467,1.158972,-0.4571439,0.2738018,0.7515287,0.5117016,0.3136857,
1,40,118.885,0.337443,1.159088,-0.4574304,0.2760627,0.752089,0.5105164,0.3122895,
1,40,118.887,0.337443,1.159088,-0.4574304,0.2760627,0.752089,0.5105164,0.3122895,
1,40,118.889,0.337443,1.159088,-0.4574304,0.2760627,0.752089,0.5105164,0.3122895,
1,40,118.891,0.337443,1.159088,-0.4574304,0.2760627,0.752089,0.5105164,0.3122895,
1,40,118.893,0.3374411,1.159163,-0.4576707,0.2784741,0.7527039,0.5091677,0.3108656,
1,40,118.895,0.3374411,1.159163,-0.4576707,0.2784741,0.7527039,0.5091677,0.3108656,
1,40,118.897,0.3374411,1.159163,-0.4576707,0.2784741,0.7527039,0.5091677,0.3108656,
1,40,118.899,0.3374411,1.159163,-0.4576707,0.2784741,0.7527039,0.5091677,0.3108656,
1,40,118.901,0.3376261,1.159246,-0.4579534,0.2809036,0.7530015,0.5079805,0.3098996,
1,40,118.903,0.3376261,1.159246,-0.4579534,0.2809036,0.7530015,0.5079805,0.3098996,
1,40,118.905,0.3376261,1.159246,-0.4579534,0.2809036,0.7530015,0.5079805,0.3098996,
1,40,118.907,0.3376261,1.159246,-0.4579534,0.2809036,0.7530015,0.5079805,0.3098996,
1,40,118.909,0.3376564,1.159263,-0.45812,0.2829211,0.7537574,0.5068322,0.3081018,
1,40,118.911,0.3376564,1.159263,-0.45812,0.2829211,0.7537574,0.5068322,0.3081018,
1,40,118.913,0.3376564,1.159263,-0.45812,0.2829211,0.7537574,0.5068322,0.3081018,
1,40,118.915,0.3376564,1.159263,-0.45812,0.2829211,0.7537574,0.5068322,0.3081018,
1,40,118.917,0.3376564,1.159263,-0.45812,0.2829211,0.7537574,0.5068322,0.3081018,
1,40,118.919,0.3378779,1.159489,-0.4584294,0.2852742,0.7540795,0.5057946,0.3068461,
1,40,118.921,0.3378779,1.159489,-0.4584294,0.2852742,0.7540795,0.5057946,0.3068461,
1,40,118.923,0.3378779,1.159489,-0.4584294,0.2852742,0.7540795,0.5057946,0.3068461,
1,40,118.925,0.3378779,1.159489,-0.4584294,0.2852742,0.7540795,0.5057946,0.3068461,
1,40,118.927,0.3380768,1.159609,-0.4586245,0.2871861,0.7544898,0.5048956,0.3055318,
1,40,118.929,0.3380768,1.159609,-0.4586245,0.2871861,0.7544898,0.5048956,0.3055318,
1,40,118.931,0.3380768,1.159609,-0.4586245,0.2871861,0.7544898,0.5048956,0.3055318,
1,40,118.933,0.3380768,1.159609,-0.4586245,0.2871861,0.7544898,0.5048956,0.3055318,
1,40,118.935,0.3382926,1.159575,-0.4587359,0.2887451,0.7551076,0.5040364,0.303951,
1,40,118.937,0.3382926,1.159575,-0.4587359,0.2887451,0.7551076,0.5040364,0.303951,
1,40,118.939,0.3382926,1.159575,-0.4587359,0.2887451,0.7551076,0.5040364,0.303951,
1,40,118.941,0.3382926,1.159575,-0.4587359,0.2887451,0.7551076,0.5040364,0.303951,
1,40,118.943,0.3382777,1.159748,-0.4590691,0.2910958,0.7551905,0.503033,0.3031639,
1,40,118.945,0.3382777,1.159748,-0.4590691,0.2910958,0.7551905,0.503033,0.3031639,
1,40,118.947,0.3382777,1.159748,-0.4590691,0.2910958,0.7551905,0.503033,0.3031639,
1,40,118.949,0.3382777,1.159748,-0.4590691,0.2910958,0.7551905,0.503033,0.3031639,
1,40,118.951,0.3385404,1.159955,-0.4593228,0.2922937,0.7554471,0.5026637,0.3019823,
1,40,118.953,0.3385404,1.159955,-0.4593228,0.2922937,0.7554471,0.5026637,0.3019823,
1,40,118.955,0.3385404,1.159955,-0.4593228,0.2922937,0.7554471,0.5026637,0.3019823,
1,40,118.957,0.3385404,1.159955,-0.4593228,0.2922937,0.7554471,0.5026637,0.3019823,
1,40,118.959,0.3386507,1.159973,-0.4594674,0.293547,0.7559081,0.502056,0.3006209,
1,40,118.961,0.3386507,1.159973,-0.4594674,0.293547,0.7559081,0.502056,0.3006209,
1,40,118.963,0.3386507,1.159973,-0.4594674,0.293547,0.7559081,0.502056,0.3006209,
1,40,118.965,0.3386507,1.159973,-0.4594674,0.293547,0.7559081,0.502056,0.3006209,
1,40,118.967,0.3386507,1.159973,-0.4594674,0.293547,0.7559081,0.502056,0.3006209,
1,40,118.969,0.3388462,1.159971,-0.4596428,0.2943002,0.7565751,0.5016673,0.29885,
1,40,118.971,0.3388462,1.159971,-0.4596428,0.2943002,0.7565751,0.5016673,0.29885,
1,40,118.973,0.3388462,1.159971,-0.4596428,0.2943002,0.7565751,0.5016673,0.29885,
1,40,118.975,0.3388462,1.159971,-0.4596428,0.2943002,0.7565751,0.5016673,0.29885,
1,40,118.977,0.3392354,1.160055,-0.459906,0.2950534,0.7568852,0.5014044,0.2977617,
1,40,118.979,0.3392354,1.160055,-0.459906,0.2950534,0.7568852,0.5014044,0.2977617,
1,40,118.981,0.3392354,1.160055,-0.459906,0.2950534,0.7568852,0.5014044,0.2977617,
1,40,118.983,0.3392354,1.160055,-0.459906,0.2950534,0.7568852,0.5014044,0.2977617,
1,40,118.985,0.3397498,1.160204,-0.4602683,0.2953596,0.7574223,0.5013126,0.2962432,
1,40,118.987,0.3397498,1.160204,-0.4602683,0.2953596,0.7574223,0.5013126,0.2962432,
1,40,118.989,0.3397498,1.160204,-0.4602683,0.2953596,0.7574223,0.5013126,0.2962432,
1,40,118.991,0.3397498,1.160204,-0.4602683,0.2953596,0.7574223,0.5013126,0.2962432,
1,40,118.993,0.3399419,1.16023,-0.4605926,0.2958276,0.7579578,0.5009876,0.2949536,
1,40,118.995,0.3399419,1.16023,-0.4605926,0.2958276,0.7579578,0.5009876,0.2949536,
1,40,118.997,0.3399419,1.16023,-0.4605926,0.2958276,0.7579578,0.5009876,0.2949536,
1,40,118.999,0.3399419,1.16023,-0.4605926,0.2958276,0.7579578,0.5009876,0.2949536,
1,40,119.001,0.3404152,1.160091,-0.4608996,0.2960846,0.758353,0.5006475,0.2942562,
1,40,119.003,0.3404152,1.160091,-0.4608996,0.2960846,0.758353,0.5006475,0.2942562,
1,40,119.005,0.3404152,1.160091,-0.4608996,0.2960846,0.758353,0.5006475,0.2942562,
1,40,119.007,0.3404152,1.160091,-0.4608996,0.2960846,0.758353,0.5006475,0.2942562,
1,40,119.009,0.3407696,1.159864,-0.4610989,0.2959748,0.7591991,0.5004108,0.2925827,
1,40,119.011,0.3407696,1.159864,-0.4610989,0.2959748,0.7591991,0.5004108,0.2925827,
1,40,119.013,0.3407696,1.159864,-0.4610989,0.2959748,0.7591991,0.5004108,0.2925827,
1,40,119.015,0.3407696,1.159864,-0.4610989,0.2959748,0.7591991,0.5004108,0.2925827,
1,40,119.017,0.3407696,1.159864,-0.4610989,0.2959748,0.7591991,0.5004108,0.2925827,
1,40,119.019,0.3411796,1.159669,-0.4614263,0.2957964,0.7600728,0.5001765,0.2908905,
1,40,119.021,0.3411796,1.159669,-0.4614263,0.2957964,0.7600728,0.5001765,0.2908905,
1,40,119.023,0.3411796,1.159669,-0.4614263,0.2957964,0.7600728,0.5001765,0.2908905,
1,40,119.025,0.3411796,1.159669,-0.4614263,0.2957964,0.7600728,0.5001765,0.2908905,
1,40,119.027,0.341636,1.159542,-0.461686,0.2957283,0.7606483,0.5000136,0.2897332,
1,40,119.029,0.341636,1.159542,-0.461686,0.2957283,0.7606483,0.5000136,0.2897332,
1,40,119.031,0.341636,1.159542,-0.461686,0.2957283,0.7606483,0.5000136,0.2897332,
1,40,119.033,0.341636,1.159542,-0.461686,0.2957283,0.7606483,0.5000136,0.2897332,
1,40,119.035,0.3421195,1.159425,-0.461952,0.2955275,0.7612967,0.4998921,0.2884418,
1,40,119.037,0.3421195,1.159425,-0.461952,0.2955275,0.7612967,0.4998921,0.2884418,
1,40,119.039,0.3421195,1.159425,-0.461952,0.2955275,0.7612967,0.4998921,0.2884418,
1,40,119.041,0.3421195,1.159425,-0.461952,0.2955275,0.7612967,0.4998921,0.2884418,
1,40,119.043,0.3426754,1.159351,-0.4622047,0.2955043,0.7618115,0.4998001,0.2872632,
1,40,119.045,0.3426754,1.159351,-0.4622047,0.2955043,0.7618115,0.4998001,0.2872632,
1,40,119.047,0.3426754,1.159351,-0.4622047,0.2955043,0.7618115,0.4998001,0.2872632,
1,40,119.049,0.3426754,1.159351,-0.4622047,0.2955043,0.7618115,0.4998001,0.2872632,
1,40,119.051,0.3431868,1.159356,-0.4624598,0.2956168,0.762237,0.4997095,0.2861748,
1,40,119.053,0.3431868,1.159356,-0.4624598,0.2956168,0.762237,0.4997095,0.2861748,
1,40,119.055,0.3431868,1.159356,-0.4624598,0.2956168,0.762237,0.4997095,0.2861748,
1,40,119.057,0.3431868,1.159356,-0.4624598,0.2956168,0.762237,0.4997095,0.2861748,
1,40,119.059,0.343341,1.159049,-0.4624957,0.2960732,0.7625875,0.4992726,0.2855311,
1,40,119.061,0.343341,1.159049,-0.4624957,0.2960732,0.7625875,0.4992726,0.2855311,
1,40,119.063,0.343341,1.159049,-0.4624957,0.2960732,0.7625875,0.4992726,0.2855311,
1,40,119.065,0.343341,1.159049,-0.4624957,0.2960732,0.7625875,0.4992726,0.2855311,
1,40,119.067,0.343341,1.159049,-0.4624957,0.2960732,0.7625875,0.4992726,0.2855311,
1,40,119.069,0.3435114,1.158823,-0.462573,0.2964626,0.7629362,0.4989998,0.2846708,
1,40,119.071,0.3435114,1.158823,-0.462573,0.2964626,0.7629362,0.4989998,0.2846708,
1,40,119.073,0.3435114,1.158823,-0.462573,0.2964626,0.7629362,0.4989998,0.2846708,
1,40,119.075,0.3435114,1.158823,-0.462573,0.2964626,0.7629362,0.4989998,0.2846708,
1,40,119.077,0.3438466,1.158622,-0.462726,0.2968081,0.7631466,0.4988309,0.284042,
1,40,119.079,0.3438466,1.158622,-0.462726,0.2968081,0.7631466,0.4988309,0.284042,
1,40,119.081,0.3438466,1.158622,-0.462726,0.2968081,0.7631466,0.4988309,0.284042,
1,40,119.083,0.3438466,1.158622,-0.462726,0.2968081,0.7631466,0.4988309,0.284042,CourtEnter
1,40,119.085,0.3440234,1.158452,-0.4627928,0.2973098,0.763355,0.4986972,0.2831911,
1,40,119.087,0.3440234,1.158452,-0.4627928,0.2973098,0.763355,0.4986972,0.2831911,
1,40,119.089,0.3440234,1.158452,-0.4627928,0.2973098,0.763355,0.4986972,0.2831911,
1,40,119.091,0.3440234,1.158452,-0.4627928,0.2973098,0.763355,0.4986972,0.2831911,CourtExit
1,40,119.093,0.3444435,1.158476,-0.4629261,0.2975442,0.7634789,0.498838,0.2823617,
1,40,119.095,0.3444435,1.158476,-0.4629261,0.2975442,0.7634789,0.498838,0.2823617,
1,40,119.097,0.3444435,1.158476,-0.4629261,0.2975442,0.7634789,0.498838,0.2823617,
1,40,119.099,0.3444435,1.158476,-0.4629261,0.2975442,0.7634789,0.498838,0.2823617,
1,40,119.101,0.3448008,1.158405,-0.4630233,0.2979929,0.7635067,0.4989483,0.2816175,
1,40,119.103,0.3448008,1.158405,-0.4630233,0.2979929,0.7635067,0.4989483,0.2816175,
1,40,119.105,0.3448008,1.158405,-0.4630233,0.2979929,0.7635067,0.4989483,0.2816175,
1,40,119.107,0.3448008,1.158405,-0.4630233,0.2979929,0.7635067,0.4989483,0.2816175,
1,40,119.109,0.3452253,1.158407,-0.4630682,0.2985405,0.763338,0.4990553,0.2813053,
1,40,119.111,0.3452253,1.158407,-0.4630682,0.2985405,0.763338,0.4990553,0.2813053,
1,40,119.113,0.3452253,1.158407,-0.4630682,0.2985405,0.763338,0.4990553,0.2813053,
1,40,119.115,0.3452253,1.158407,-0.4630682,0.2985405,0.763338,0.4990553,0.2813053,
1,40,119.117,0.3452253,1.158407,-0.4630682,0.2985405,0.763338,0.4990553,0.2813053,
1,40,119.119,0.3453665,1.158391,-0.4630721,0.2991998,0.7632567,0.4990801,0.2807809,
1,40,119.121,0.3453665,1.158391,-0.4630721,0.2991998,0.7632567,0.4990801,0.2807809,
1,40,119.123,0.3453665,1.158391,-0.4630721,0.2991998,0.7632567,0.4990801,0.2807809,
1,40,119.125,0.3453665,1.158391,-0.4630721,0.2991998,0.7632567,0.4990801,0.2807809,
1,40,119.127,0.3453957,1.158402,-0.4630932,0.299672,0.7632878,0.4992389,0.2799089,
1,40,119.129,0.3453957,1.158402,-0.4630932,0.299672,0.7632878,0.4992389,0.2799089,
1,40,119.131,0.3453957,1.158402,-0.4630932,0.299672,0.7632878,0.4992389,0.2799089,
1,40,119.133,0.3453957,1.158402,-0.4630932,0.299672,0.7632878,0.4992389,0.2799089,
1,40,119.135,0.345492,1.158397,-0.4630109,0.3006351,0.7627965,0.4991935,0.2802963,
1,40,119.137,0.345492,1.158397,-0.4630109,0.3006351,0.7627965,0.4991935,0.2802963,
1,40,119.139,0.345492,1.158397,-0.4630109,0.3006351,0.7627965,0.4991935,0.2802963,
1,40,119.141,0.345492,1.158397,-0.4630109,0.3006351,0.7627965,0.4991935,0.2802963,
1,40,119.143,0.3455932,1.158334,-0.4629038,0.3013885,0.7623823,0.499204,0.2805954,
1,40,119.145,0.3455932,1.158334,-0.4629038,0.3013885,0.7623823,0.499204,0.2805954,
1,40,119.147,0.3455932,1.158334,-0.4629038,0.3013885,0.7623823,0.499204,0.2805954,
1,40,119.149,0.3455932,1.158334,-0.4629038,0.3013885,0.7623823,0.499204,0.2805954,
1,40,119.151,0.3459136,1.158257,-0.4628165,0.3017289,0.7620159,0.4994285,0.280825,
1,40,119.153,0.3459136,1.158257,-0.4628165,0.3017289,0.7620159,0.4994285,0.280825,
1,40,119.155,0.3459136,1.158257,-0.4628165,0.3017289,0.7620159,0.4994285,0.280825,
1,40,119.157,0.3459136,1.158257,-0.4628165,0.3017289,0.7620159,0.4994285,0.280825,
1,40,119.159,0.3458087,1.158182,-0.4626022,0.3021415,0.7617509,0.4995166,0.2809434,
1,40,119.161,0.3458087,1.158182,-0.4626022,0.3021415,0.7617509,0.4995166,0.2809434,
1,40,119.163,0.3458087,1.158182,-0.4626022,0.3021415,0.7617509,0.4995166,0.2809434,
1,40,119.165,0.3458087,1.158182,-0.4626022,0.3021415,0.7617509,0.4995166,0.2809434,
1,40,119.167,0.3458087,1.158182,-0.4626022,0.3021415,0.7617509,0.4995166,0.2809434,
1,40,119.169,0.3457993,1.15789,-0.4623192,0.3024045,0.76148,0.4995646,0.2813095,
1,40,119.171,0.3457993,1.15789,-0.4623192,0.3024045,0.76148,0.4995646,0.2813095,
1,40,119.173,0.3457993,1.15789,-0.4623192,0.3024045,0.76148,0.4995646,0.2813095,
1,40,119.175,0.3457993,1.15789,-0.4623192,0.3024045,0.76148,0.4995646,0.2813095,
1,40,119.177,0.3460507,1.158074,-0.4621915,0.3025294,0.7609758,0.4999956,0.2817734,
1,40,119.179,0.3460507,1.158074,-0.4621915,0.3025294,0.7609758,0.4999956,0.2817734,
1,40,119.181,0.3460507,1.158074,-0.4621915,0.3025294,0.7609758,0.4999956,0.2817734,
1,40,119.183,0.3460507,1.158074,-0.4621915,0.3025294,0.7609758,0.4999956,0.2817734,
1,40,119.185,0.3461887,1.158287,-0.462023,0.3022815,0.7606576,0.5006208,0.2817886,
1,40,119.187,0.3461887,1.158287,-0.462023,0.3022815,0.7606576,0.5006208,0.2817886,
1,40,119.189,0.3461887,1.158287,-0.462023,0.3022815,0.7606576,0.5006208,0.2817886,
1,40,119.191,0.3461887,1.158287,-0.462023,0.3022815,0.7606576,0.5006208,0.2817886,
1,40,119.193,0.3461353,1.158278,-0.4617257,0.3017578,0.760578,0.5012286,0.281484,
1,40,119.195,0.3461353,1.158278,-0.4617257,0.3017578,0.760578,0.5012286,0.281484,
1,40,119.197,0.3461353,1.158278,-0.4617257,0.3017578,0.760578,0.5012286,0.281484,
1,40,119.199,0.3461353,1.158278,-0.4617257,0.3017578,0.760578,0.5012286,0.281484,
1,40,119.201,0.3462258,1.158375,-0.4614635,0.3013677,0.7602376,0.5018511,0.2817123,
1,40,119.203,0.3462258,1.158375,-0.4614635,0.3013677,0.7602376,0.5018511,0.2817123,
1,40,119.205,0.3462258,1.158375,-0.4614635,0.3013677,0.7602376,0.5018511,0.2817123,
1,40,119.207,0.3462258,1.158375,-0.4614635,0.3013677,0.7602376,0.5018511,0.2817123,
1,40,119.209,0.3462616,1.158407,-0.4612426,0.3008136,0.7599868,0.502483,0.2818549,
1,40,119.211,0.3462616,1.158407,-0.4612426,0.3008136,0.7599868,0.502483,0.2818549,
1,40,119.213,0.3462616,1.158407,-0.4612426,0.3008136,0.7599868,0.502483,0.2818549,
1,40,119.215,0.3462616,1.158407,-0.4612426,0.3008136,0.7599868,0.502483,0.2818549,
1,40,119.217,0.3462616,1.158407,-0.4612426,0.3008136,0.7599868,0.502483,0.2818549,
1,40,119.219,0.3461153,1.158321,-0.4608448,0.3004506,0.7596995,0.502821,0.2824132,
1,40,119.221,0.3461153,1.158321,-0.4608448,0.3004506,0.7596995,0.502821,0.2824132,
1,40,119.223,0.3461153,1.158321,-0.4608448,0.3004506,0.7596995,0.502821,0.2824132,
1,40,119.225,0.3461153,1.158321,-0.4608448,0.3004506,0.7596995,0.502821,0.2824132,
1,40,119.227,0.3462684,1.15841,-0.4606187,0.299787,0.7594435,0.5033731,0.2828234,
1,40,119.229,0.3462684,1.15841,-0.4606187,0.299787,0.7594435,0.5033731,0.2828234,
1,40,119.231,0.3462684,1.15841,-0.4606187,0.299787,0.7594435,0.5033731,0.2828234,
1,40,119.233,0.3462684,1.15841,-0.4606187,0.299787,0.7594435,0.5033731,0.2828234,
1,40,119.235,0.346681,1.158535,-0.4604857,0.2989697,0.7592182,0.5039274,0.2833056,
1,40,119.237,0.346681,1.158535,-0.4604857,0.2989697,0.7592182,0.5039274,0.2833056,
1,40,119.239,0.346681,1.158535,-0.4604857,0.2989697,0.7592182,0.5039274,0.2833056,
1,40,119.241,0.346681,1.158535,-0.4604857,0.2989697,0.7592182,0.5039274,0.2833056,
1,40,119.243,0.3466855,1.15871,-0.4602796,0.2979947,0.7593541,0.5044483,0.2830417,
1,40,119.245,0.3466855,1.15871,-0.4602796,0.2979947,0.7593541,0.5044483,0.2830417,
1,40,119.247,0.3466855,1.15871,-0.4602796,0.2979947,0.7593541,0.5044483,0.2830417,
1,40,119.249,0.3466855,1.15871,-0.4602796,0.2979947,0.7593541,0.5044483,0.2830417,
1,40,119.251,0.3467095,1.158931,-0.4600852,0.2974114,0.7591984,0.5048164,0.2834162,
1,40,119.253,0.3467095,1.158931,-0.4600852,0.2974114,0.7591984,0.5048164,0.2834162,
1,40,119.255,0.3467095,1.158931,-0.4600852,0.2974114,0.7591984,0.5048164,0.2834162,
1,40,119.257,0.3467095,1.158931,-0.4600852,0.2974114,0.7591984,0.5048164,0.2834162,
1,40,119.259,0.3468085,1.158948,-0.4599072,0.2964598,0.7593359,0.5050334,0.2836581,
1,40,119.261,0.3468085,1.158948,-0.4599072,0.2964598,0.7593359,0.5050334,0.2836581,
1,40,119.263,0.3468085,1.158948,-0.4599072,0.2964598,0.7593359,0.5050334,0.2836581,
1,40,119.265,0.3468085,1.158948,-0.4599072,0.2964598,0.7593359,0.5050334,0.2836581,
1,40,119.267,0.3468085,1.158948,-0.4599072,0.2964598,0.7593359,0.5050334,0.2836581,
1,40,119.269,0.3470034,1.159023,-0.4597274,0.2955882,0.7594732,0.505138,0.2840138,
1,40,119.271,0.3470034,1.159023,-0.4597274,0.2955882,0.7594732,0.505138,0.2840138,
1,40,119.273,0.3470034,1.159023,-0.4597274,0.2955882,0.7594732,0.505138,0.2840138,
1,40,119.275,0.3470034,1.159023,-0.4597274,0.2955882,0.7594732,0.505138,0.2840138,
1,40,119.277,0.3470704,1.158975,-0.4594585,0.294825,0.7596612,0.5050719,0.2844217,
1,40,119.279,0.3470704,1.158975,-0.4594585,0.294825,0.7596612,0.5050719,0.2844217,
1,40,119.281,0.3470704,1.158975,-0.4594585,0.294825,0.7596612,0.5050719,0.2844217,
1,40,119.283,0.3470704,1.158975,-0.4594585,0.294825,0.7596612,0.5050719,0.2844217,
1,40,119.285,0.346906,1.158828,-0.4590479,0.2941065,0.7600114,0.5048943,0.2845449,
1,40,119.287,0.346906,1.158828,-0.4590479,0.2941065,0.7600114,0.5048943,0.2845449,
1,40,119.289,0.346906,1.158828,-0.4590479,0.2941065,0.7600114,0.5048943,0.2845449,
1,40,119.291,0.346906,1.158828,-0.4590479,0.2941065,0.7600114,0.5048943,0.2845449,
1,40,119.293,0.3467782,1.158702,-0.4586889,0.2933058,0.7603539,0.5048315,0.2845677,
1,40,119.295,0.3467782,1.158702,-0.4586889,0.2933058,0.7603539,0.5048315,0.2845677,
1,40,119.297,0.3467782,1.158702,-0.4586889,0.2933058,0.7603539,0.5048315,0.2845677,
1,40,119.299,0.3467782,1.158702,-0.4586889,0.2933058,0.7603539,0.5048315,0.2845677,
1,40,119.301,0.3466296,1.158649,-0.4583132,0.2927311,0.7605108,0.5047914,0.2848115,
1,40,119.303,0.3466296,1.158649,-0.4583132,0.2927311,0.7605108,0.5047914,0.2848115,
1,40,119.305,0.3466296,1.158649,-0.4583132,0.2927311,0.7605108,0.5047914,0.2848115,
1,40,119.307,0.3466296,1.158649,-0.4583132,0.2927311,0.7605108,0.5047914,0.2848115,
1,40,119.309,0.3464569,1.15865,-0.458003,0.2921785,0.7606101,0.5048178,0.2850668,
1,40,119.311,0.3464569,1.15865,-0.458003,0.2921785,0.7606101,0.5048178,0.2850668,
1,40,119.313,0.3464569,1.15865,-0.458003,0.2921785,0.7606101,0.5048178,0.2850668,
1,40,119.315,0.3464569,1.15865,-0.458003,0.2921785,0.7606101,0.5048178,0.2850668,
1,40,119.317,0.3464569,1.15865,-0.458003,0.2921785,0.7606101,0.5048178,0.2850668,
1,40,119.319,0.3465413,1.158732,-0.4577177,0.2919474,0.7602918,0.5048328,0.2861239,
1,40,119.321,0.3465413,1.158732,-0.4577177,0.2919474,0.7602918,0.5048328,0.2861239,
1,40,119.323,0.3465413,1.158732,-0.4577177,0.2919474,0.7602918,0.5048328,0.2861239,
1,40,119.325,0.3465413,1.158732,-0.4577177,0.2919474,0.7602918,0.5048328,0.2861239,
1,40,119.327,0.3464573,1.158713,-0.4574418,0.2915486,0.7603039,0.5048505,0.2864674,
1,40,119.329,0.3464573,1.158713,-0.4574418,0.2915486,0.7603039,0.5048505,0.2864674,
1,40,119.331,0.3464573,1.158713,-0.4574418,0.2915486,0.7603039,0.5048505,0.2864674,
1,40,119.333,0.3464573,1.158713,-0.4574418,0.2915486,0.7603039,0.5048505,0.2864674,
1,40,119.335,0.3462843,1.158687,-0.4571555,0.2913439,0.7602358,0.5048695,0.2868226,
1,40,119.337,0.3462843,1.158687,-0.4571555,0.2913439,0.7602358,0.5048695,0.2868226,
1,40,119.339,0.3462843,1.158687,-0.4571555,0.2913439,0.7602358,0.5048695,0.2868226,
1,40,119.341,0.3462843,1.158687,-0.4571555,0.2913439,0.7602358,0.5048695,0.2868226,
1,40,119.343,0.3460539,1.158728,-0.456949,0.2911278,0.7601259,0.5050015,0.2871007,
1,40,119.345,0.3460539,1.158728,-0.456949,0.2911278,0.7601259,0.5050015,0.2871007,
1,40,119.347,0.3460539,1.158728,-0.456949,0.2911278,0.7601259,0.5050015,0.2871007,
1,40,119.349,0.3460539,1.158728,-0.456949,0.2911278,0.7601259,0.5050015,0.2871007,
1,40,119.351,0.3458306,1.158715,-0.456713,0.2910193,0.760004,0.5050309,0.2874815,
1,40,119.353,0.3458306,1.158715,-0.456713,0.2910193,0.760004,0.5050309,0.2874815,
1,40,119.355,0.3458306,1.158715,-0.456713,0.2910193,0.760004,0.5050309,0.2874815,
1,40,119.357,0.3458306,1.158715,-0.456713,0.2910193,0.760004,0.5050309,0.2874815,
1,40,119.359,0.3455477,1.158629,-0.4564677,0.291085,0.7597996,0.5049944,0.2880188,
1,40,119.361,0.3455477,1.158629,-0.4564677,0.291085,0.7597996,0.5049944,0.2880188,
1,40,119.363,0.3455477,1.158629,-0.4564677,0.291085,0.7597996,0.5049944,0.2880188,
1,40,119.365,0.3455477,1.158629,-0.4564677,0.291085,0.7597996,0.5049944,0.2880188,
1,40,119.367,0.3455477,1.158629,-0.4564677,0.291085,0.7597996,0.5049944,0.2880188,
1,40,119.369,0.3453731,1.158642,-0.4562225,0.291276,0.7593993,0.5049907,0.2888863,
1,40,119.371,0.3453731,1.158642,-0.4562225,0.291276,0.7593993,0.5049907,0.2888863,
1,40,119.373,0.3453731,1.158642,-0.4562225,0.291276,0.7593993,0.5049907,0.2888863,
1,40,119.375,0.3453731,1.158642,-0.4562225,0.291276,0.7593993,0.5049907,0.2888863,
1,40,119.377,0.3455122,1.158698,-0.4560879,0.2910081,0.7591122,0.5052245,0.2895018,
1,40,119.379,0.3455122,1.158698,-0.4560879,0.2910081,0.7591122,0.5052245,0.2895018,
1,40,119.381,0.3455122,1.158698,-0.4560879,0.2910081,0.7591122,0.5052245,0.2895018,
1,40,119.383,0.3455122,1.158698,-0.4560879,0.2910081,0.7591122,0.5052245,0.2895018,
1,40,119.385,0.3454685,1.158786,-0.4559297,0.2907459,0.7588983,0.5055157,0.2898175,
1,40,119.387,0.3454685,1.158786,-0.4559297,0.2907459,0.7588983,0.5055157,0.2898175,
1,40,119.389,0.3454685,1.158786,-0.4559297,0.2907459,0.7588983,0.5055157,0.2898175,
1,40,119.391,0.3454685,1.158786,-0.4559297,0.2907459,0.7588983,0.5055157,0.2898175,
1,40,119.393,0.3453557,1.158854,-0.4557989,0.2906123,0.7587007,0.5056761,0.290189,
1,40,119.395,0.3453557,1.158854,-0.4557989,0.2906123,0.7587007,0.5056761,0.290189,
1,40,119.397,0.3453557,1.158854,-0.4557989,0.2906123,0.7587007,0.5056761,0.290189,
1,40,119.399,0.3453557,1.158854,-0.4557989,0.2906123,0.7587007,0.5056761,0.290189,
1,40,119.401,0.3452668,1.15896,-0.4557066,0.2905764,0.7583829,0.505798,0.2908421,
1,40,119.403,0.3452668,1.15896,-0.4557066,0.2905764,0.7583829,0.505798,0.2908421,
1,40,119.405,0.3452668,1.15896,-0.4557066,0.2905764,0.7583829,0.505798,0.2908421,
1,40,119.407,0.3452668,1.15896,-0.4557066,0.2905764,0.7583829,0.505798,0.2908421,
1,40,119.409,0.3449694,1.158963,-0.4555869,0.2905006,0.7582592,0.5058094,0.2912204,
1,40,119.411,0.3449694,1.158963,-0.4555869,0.2905006,0.7582592,0.5058094,0.2912204,
1,40,119.413,0.3449694,1.158963,-0.4555869,0.2905006,0.7582592,0.5058094,0.2912204,
1,40,119.415,0.3449694,1.158963,-0.4555869,0.2905006,0.7582592,0.5058094,0.2912204,
1,40,119.417,0.3449694,1.158963,-0.4555869,0.2905006,0.7582592,0.5058094,0.2912204,
1,40,119.419,0.3446491,1.158931,-0.4554414,0.2903889,0.7581546,0.5058095,0.2916036,
1,40,119.421,0.3446491,1.158931,-0.4554414,0.2903889,0.7581546,0.5058095,0.2916036,
1,40,119.423,0.3446491,1.158931,-0.4554414,0.2903889,0.7581546,0.5058095,0.2916036,
1,40,119.425,0.3446491,1.158931,-0.4554414,0.2903889,0.7581546,0.5058095,0.2916036,
1,40,119.427,0.3444221,1.15887,-0.4553387,0.2901599,0.7579716,0.5058347,0.2922626,
1,40,119.429,0.3444221,1.15887,-0.4553387,0.2901599,0.7579716,0.5058347,0.2922626,
1,40,119.431,0.3444221,1.15887,-0.4553387,0.2901599,0.7579716,0.5058347,0.2922626,
1,40,119.433,0.3444221,1.15887,-0.4553387,0.2901599,0.7579716,0.5058347,0.2922626,
1,40,119.435,0.3441418,1.158845,-0.4552606,0.2898158,0.7577941,0.5059471,0.292869,
1,40,119.437,0.3441418,1.158845,-0.4552606,0.2898158,0.7577941,0.5059471,0.292869,
1,40,119.439,0.3441418,1.158845,-0.4552606,0.2898158,0.7577941,0.5059471,0.292869,
1,40,119.441,0.3441418,1.158845,-0.4552606,0.2898158,0.7577941,0.5059471,0.292869,
1,40,119.443,0.3440267,1.158717,-0.455104,0.2894005,0.7575374,0.5060819,0.29371,
1,40,119.445,0.3440267,1.158717,-0.455104,0.2894005,0.7575374,0.5060819,0.29371,
1,40,119.447,0.3440267,1.158717,-0.455104,0.2894005,0.7575374,0.5060819,0.29371,
1,40,119.449,0.3440267,1.158717,-0.455104,0.2894005,0.7575374,0.5060819,0.29371,
1,40,119.451,0.3439161,1.158817,-0.4551099,0.2888466,0.7572666,0.5064365,0.294342,
1,40,119.453,0.3439161,1.158817,-0.4551099,0.2888466,0.7572666,0.5064365,0.294342,
1,40,119.455,0.3439161,1.158817,-0.4551099,0.2888466,0.7572666,0.5064365,0.294342,
1,40,119.457,0.3439161,1.158817,-0.4551099,0.2888466,0.7572666,0.5064365,0.294342,
1,40,119.459,0.3437706,1.158805,-0.4550687,0.2881474,0.7571028,0.5068006,0.2948216,
1,40,119.461,0.3437706,1.158805,-0.4550687,0.2881474,0.7571028,0.5068006,0.2948216,
1,40,119.463,0.3437706,1.158805,-0.4550687,0.2881474,0.7571028,0.5068006,0.2948216,
1,40,119.465,0.3437706,1.158805,-0.4550687,0.2881474,0.7571028,0.5068006,0.2948216,
1,40,119.467,0.3437706,1.158805,-0.4550687,0.2881474,0.7571028,0.5068006,0.2948216,
1,40,119.469,0.3435898,1.158776,-0.4550397,0.287197,0.7570075,0.5073422,0.2950619,
1,40,119.471,0.3435898,1.158776,-0.4550397,0.287197,0.7570075,0.5073422,0.2950619,
1,40,119.473,0.3435898,1.158776,-0.4550397,0.287197,0.7570075,0.5073422,0.2950619,
1,40,119.475,0.3435898,1.158776,-0.4550397,0.287197,0.7570075,0.5073422,0.2950619,
1,40,119.477,0.3435753,1.158726,-0.455053,0.2861871,0.756744,0.507942,0.2956863,
1,40,119.479,0.3435753,1.158726,-0.455053,0.2861871,0.756744,0.507942,0.2956863,
1,40,119.481,0.3435753,1.158726,-0.455053,0.2861871,0.756744,0.507942,0.2956863,
1,40,119.483,0.3435753,1.158726,-0.455053,0.2861871,0.756744,0.507942,0.2956863,
1,40,119.485,0.343587,1.158734,-0.4551007,0.285056,0.756633,0.508627,0.2958853,
1,40,119.487,0.343587,1.158734,-0.4551007,0.285056,0.756633,0.508627,0.2958853,
1,40,119.489,0.343587,1.158734,-0.4551007,0.285056,0.756633,0.508627,0.2958853,
1,40,119.491,0.343587,1.158734,-0.4551007,0.285056,0.756633,0.508627,0.2958853,
1,40,119.493,0.3434012,1.158635,-0.4550554,0.2840629,0.7565365,0.5092354,0.296041,
1,40,119.495,0.3434012,1.158635,-0.4550554,0.2840629,0.7565365,0.5092354,0.296041,
1,40,119.497,0.3434012,1.158635,-0.4550554,0.2840629,0.7565365,0.5092354,0.296041,
1,40,119.499,0.3434012,1.158635,-0.4550554,0.2840629,0.7565365,0.5092354,0.296041,
1,40,119.501,0.3433284,1.158659,-0.4550962,0.2830836,0.7564659,0.5098776,0.2960542,
1,40,119.503,0.3433284,1.158659,-0.4550962,0.2830836,0.7564659,0.5098776,0.2960542,
1,40,119.505,0.3433284,1.158659,-0.4550962,0.2830836,0.7564659,0.5098776,0.2960542,
1,40,119.507,0.3433284,1.158659,-0.4550962,0.2830836,0.7564659,0.5098776,0.2960542,
1,40,119.509,0.343268,1.15862,-0.4551455,0.2822069,0.7563546,0.5104231,0.2962351,
1,40,119.511,0.343268,1.15862,-0.4551455,0.2822069,0.7563546,0.5104231,0.2962351,
1,40,119.513,0.343268,1.15862,-0.4551455,0.2822069,0.7563546,0.5104231,0.2962351,
1,40,119.515,0.343268,1.15862,-0.4551455,0.2822069,0.7563546,0.5104231,0.2962351,
1,40,119.517,0.343268,1.15862,-0.4551455,0.2822069,0.7563546,0.5104231,0.2962351,
1,40,119.519,0.3432933,1.158611,-0.4552359,0.2812651,0.7563244,0.5109225,0.296347,
1,40,119.521,0.3432933,1.158611,-0.4552359,0.2812651,0.7563244,0.5109225,0.296347,
1,40,119.523,0.3432933,1.158611,-0.4552359,0.2812651,0.7563244,0.5109225,0.296347,
1,40,119.525,0.3432933,1.158611,-0.4552359,0.2812651,0.7563244,0.5109225,0.296347,
1,40,119.527,0.3432657,1.158643,-0.4553903,0.2803517,0.756363,0.5113711,0.2963402,
1,40,119.529,0.3432657,1.158643,-0.4553903,0.2803517,0.756363,0.5113711,0.2963402,
1,40,119.531,0.3432657,1.158643,-0.4553903,0.2803517,0.756363,0.5113711,0.2963402,
1,40,119.533,0.3432657,1.158643,-0.4553903,0.2803517,0.756363,0.5113711,0.2963402,
1,40,119.535,0.3431996,1.1585,-0.4554462,0.2796072,0.7564449,0.5116095,0.2964234,
1,40,119.537,0.3431996,1.1585,-0.4554462,0.2796072,0.7564449,0.5116095,0.2964234,
1,40,119.539,0.3431996,1.1585,-0.4554462,0.2796072,0.7564449,0.5116095,0.2964234,
1,40,119.541,0.3431996,1.1585,-0.4554462,0.2796072,0.7564449,0.5116095,0.2964234,
1,40,119.543,0.3431253,1.158489,-0.4555812,0.2792354,0.7563753,0.5116475,0.2968857,
1,40,119.545,0.3431253,1.158489,-0.4555812,0.2792354,0.7563753,0.5116475,0.2968857,
1,40,119.547,0.3431253,1.158489,-0.4555812,0.2792354,0.7563753,0.5116475,0.2968857,
1,40,119.549,0.3431253,1.158489,-0.4555812,0.2792354,0.7563753,0.5116475,0.2968857,
1,40,119.551,0.3428802,1.158451,-0.4556579,0.2788992,0.7564789,0.5116849,0.296873,
1,40,119.553,0.3428802,1.158451,-0.4556579,0.2788992,0.7564789,0.5116849,0.296873,
1,40,119.555,0.3428802,1.158451,-0.4556579,0.2788992,0.7564789,0.5116849,0.296873,
1,40,119.557,0.3428802,1.158451,-0.4556579,0.2788992,0.7564789,0.5116849,0.296873,
1,40,119.559,0.3428435,1.158383,-0.4556986,0.2785847,0.7565467,0.5116497,0.2970559,
1,40,119.561,0.3428435,1.158383,-0.4556986,0.2785847,0.7565467,0.5116497,0.2970559,
1,40,119.563,0.3428435,1.158383,-0.4556986,0.2785847,0.7565467,0.5116497,0.2970559,
1,40,119.565,0.3428435,1.158383,-0.4556986,0.2785847,0.7565467,0.5116497,0.2970559,
1,40,119.567,0.3428435,1.158383,-0.4556986,0.2785847,0.7565467,0.5116497,0.2970559,
1,40,119.569,0.3428147,1.15839,-0.4557616,0.2781125,0.7567066,0.5117653,0.2968919,
1,40,119.571,0.3428147,1.15839,-0.4557616,0.2781125,0.7567066,0.5117653,0.2968919,
1,40,119.573,0.3428147,1.15839,-0.4557616,0.2781125,0.7567066,0.5117653,0.2968919,
1,40,119.575,0.3428147,1.15839,-0.4557616,0.2781125,0.7567066,0.5117653,0.2968919,
1,40,119.577,0.3427643,1.158294,-0.455781,0.2774193,0.7570893,0.5118984,0.2963349,
1,40,119.579,0.3427643,1.158294,-0.455781,0.2774193,0.7570893,0.5118984,0.2963349,
1,40,119.581,0.3427643,1.158294,-0.455781,0.2774193,0.7570893,0.5118984,0.2963349,
1,40,119.583,0.3427643,1.158294,-0.455781,0.2774193,0.7570893,0.5118984,0.2963349,
1,40,119.585,0.3427546,1.158257,-0.4558096,0.2771789,0.7572563,0.5118961,0.2961371,
1,40,119.587,0.3427546,1.158257,-0.4558096,0.2771789,0.7572563,0.5118961,0.2961371,
1,40,119.589,0.3427546,1.158257,-0.4558096,0.2771789,0.7572563,0.5118961,0.2961371,
1,40,119.591,0.3427546,1.158257,-0.4558096,0.2771789,0.7572563,0.5118961,0.2961371,
1,40,119.593,0.3428047,1.15823,-0.4558368,0.2771272,0.757298,0.5118698,0.2961245,
1,40,119.595,0.3428047,1.15823,-0.4558368,0.2771272,0.757298,0.5118698,0.2961245,
1,40,119.597,0.3428047,1.15823,-0.4558368,0.2771272,0.757298,0.5118698,0.2961245,
1,40,119.599,0.3428047,1.15823,-0.4558368,0.2771272,0.757298,0.5118698,0.2961245,
1,40,119.601,0.3427644,1.158184,-0.4558599,0.2772954,0.7573188,0.5117068,0.2961954,
1,40,119.603,0.3427644,1.158184,-0.4558599,0.2772954,0.7573188,0.5117068,0.2961954,
1,40,119.605,0.3427644,1.158184,-0.4558599,0.2772954,0.7573188,0.5117068,0.2961954,
1,40,119.607,0.3427644,1.158184,-0.4558599,0.2772954,0.7573188,0.5117068,0.2961954,
1,40,119.609,0.3427918,1.158181,-0.4559092,0.2774236,0.7573467,0.5116197,0.2961543,
1,40,119.611,0.3427918,1.158181,-0.4559092,0.2774236,0.7573467,0.5116197,0.2961543,
1,40,119.613,0.3427918,1.158181,-0.4559092,0.2774236,0.7573467,0.5116197,0.2961543,
1,40,119.615,0.3427918,1.158181,-0.4559092,0.2774236,0.7573467,0.5116197,0.2961543,
1,40,119.617,0.3427918,1.158181,-0.4559092,0.2774236,0.7573467,0.5116197,0.2961543,
1,40,119.619,0.3428365,1.158197,-0.4559711,0.2777177,0.757234,0.5115126,0.2963518,
1,40,119.621,0.3428365,1.158197,-0.4559711,0.2777177,0.757234,0.5115126,0.2963518,
1,40,119.623,0.3428365,1.158197,-0.4559711,0.2777177,0.757234,0.5115126,0.2963518,
1,40,119.625,0.3428365,1.158197,-0.4559711,0.2777177,0.757234,0.5115126,0.2963518,
1,40,119.627,0.342945,1.158275,-0.4560273,0.2777818,0.7572772,0.5115238,0.2961622,
1,40,119.629,0.342945,1.158275,-0.4560273,0.2777818,0.7572772,0.5115238,0.2961622,
1,40,119.631,0.342945,1.158275,-0.4560273,0.2777818,0.7572772,0.5115238,0.2961622,
1,40,119.633,0.342945,1.158275,-0.4560273,0.2777818,0.7572772,0.5115238,0.2961622,
1,40,119.635,0.3429136,1.158344,-0.4561015,0.278283,0.7571243,0.5113438,0.2963934,
1,40,119.637,0.3429136,1.158344,-0.4561015,0.278283,0.7571243,0.5113438,0.2963934,
1,40,119.639,0.3429136,1.158344,-0.4561015,0.278283,0.7571243,0.5113438,0.2963934,
1,40,119.641,0.3429136,1.158344,-0.4561015,0.278283,0.7571243,0.5113438,0.2963934,
1,40,119.643,0.342934,1.158359,-0.4561278,0.2787609,0.7569612,0.5111354,0.2967198,
1,40,119.645,0.342934,1.158359,-0.4561278,0.2787609,0.7569612,0.5111354,0.2967198,
1,40,119.647,0.342934,1.158359,-0.4561278,0.2787609,0.7569612,0.5111354,0.2967198,
1,40,119.649,0.342934,1.158359,-0.4561278,0.2787609,0.7569612,0.5111354,0.2967198,
1,40,119.651,0.3428258,1.158442,-0.4562111,0.2793868,0.7568794,0.5108543,0.2968242,
1,40,119.653,0.3428258,1.158442,-0.4562111,0.2793868,0.7568794,0.5108543,0.2968242,
1,40,119.655,0.3428258,1.158442,-0.4562111,0.2793868,0.7568794,0.5108543,0.2968242,
1,40,119.657,0.3428258,1.158442,-0.4562111,0.2793868,0.7568794,0.5108543,0.2968242,
1,40,119.659,0.3429118,1.158459,-0.4562205,0.2795117,0.7569777,0.5107163,0.2966934,
1,40,119.661,0.3429118,1.158459,-0.4562205,0.2795117,0.7569777,0.5107163,0.2966934,
1,40,119.663,0.3429118,1.158459,-0.4562205,0.2795117,0.7569777,0.5107163,0.2966934,
1,40,119.665,0.3429118,1.158459,-0.4562205,0.2795117,0.7569777,0.5107163,0.2966934,
1,40,119.667,0.3429118,1.158459,-0.4562205,0.2795117,0.7569777,0.5107163,0.2966934,
1,40,119.669,0.3429181,1.158461,-0.4562397,0.2797759,0.7568569,0.5105909,0.2969683,
1,40,119.671,0.3429181,1.158461,-0.4562397,0.2797759,0.7568569,0.5105909,0.2969683,
1,40,119.673,0.3429181,1.158461,-0.4562397,0.2797759,0.7568569,0.5105909,0.2969683,
1,40,119.675,0.3429181,1.158461,-0.4562397,0.2797759,0.7568569,0.5105909,0.2969683,
1,40,119.677,0.342957,1.158608,-0.4562859,0.2801011,0.7567026,0.5104696,0.2972632,
1,40,119.679,0.342957,1.158608,-0.4562859,0.2801011,0.7567026,0.5104696,0.2972632,
1,40,119.681,0.342957,1.158608,-0.4562859,0.2801011,0.7567026,0.5104696,0.2972632,
1,40,119.683,0.342957,1.158608,-0.4562859,0.2801011,0.7567026,0.5104696,0.2972632,
1,40,119.685,0.3428972,1.15864,-0.4562275,0.2803452,0.7567328,0.5102471,0.297338,
1,40,119.687,0.3428972,1.15864,-0.4562275,0.2803452,0.7567328,0.5102471,0.297338,
1,40,119.689,0.3428972,1.15864,-0.4562275,0.2803452,0.7567328,0.5102471,0.297338,
1,40,119.691,0.3428972,1.15864,-0.4562275,0.2803452,0.7567328,0.5102471,0.297338,
1,40,119.693,0.3428762,1.158751,-0.4562552,0.2805332,0.7566472,0.5101193,0.2975976,
1,40,119.695,0.3428762,1.158751,-0.4562552,0.2805332,0.7566472,0.5101193,0.2975976,
1,40,119.697,0.3428762,1.158751,-0.4562552,0.2805332,0.7566472,0.5101193,0.2975976,
1,40,119.699,0.3428762,1.158751,-0.4562552,0.2805332,0.7566472,0.5101193,0.2975976,
1,40,119.701,0.3429346,1.158797,-0.4562514,0.2804764,0.7566623,0.5100398,0.2977491,
1,40,119.703,0.3429346,1.158797,-0.4562514,0.2804764,0.7566623,0.5100398,0.2977491,
1,40,119.705,0.3429346,1.158797,-0.4562514,0.2804764,0.7566623,0.5100398,0.2977491,
1,40,119.707,0.3429346,1.158797,-0.4562514,0.2804764,0.7566623,0.5100398,0.2977491,
1,40,119.709,0.3429438,1.158854,-0.4562298,0.2805068,0.7566486,0.5098752,0.2980371,
1,40,119.711,0.3429438,1.158854,-0.4562298,0.2805068,0.7566486,0.5098752,0.2980371,
1,40,119.713,0.3429438,1.158854,-0.4562298,0.2805068,0.7566486,0.5098752,0.2980371,
1,40,119.715,0.3429438,1.158854,-0.4562298,0.2805068,0.7566486,0.5098752,0.2980371,
1,40,119.717,0.3429438,1.158854,-0.4562298,0.2805068,0.7566486,0.5098752,0.2980371,
1,40,119.719,0.3429193,1.15889,-0.4561995,0.2802559,0.75682,0.5097272,0.2980911,
1,40,119.721,0.3429193,1.15889,-0.4561995,0.2802559,0.75682,0.5097272,0.2980911,
1,40,119.723,0.3429193,1.15889,-0.4561995,0.2802559,0.75682,0.5097272,0.2980911,
1,40,119.725,0.3429193,1.15889,-0.4561995,0.2802559,0.75682,0.5097272,0.2980911,
1,40,119.727,0.34281,1.158891,-0.4561442,0.2799002,0.7569515,0.5094513,0.2985629,
1,40,119.729,0.34281,1.158891,-0.4561442,0.2799002,0.7569515,0.5094513,0.2985629,
1,40,119.731,0.34281,1.158891,-0.4561442,0.2799002,0.7569515,0.5094513,0.2985629,
1,40,119.733,0.34281,1.158891,-0.4561442,0.2799002,0.7569515,0.5094513,0.2985629,
1,40,119.735,0.3426155,1.158923,-0.4561094,0.2796198,0.7571602,0.5092087,0.2987102,
1,40,119.737,0.3426155,1.158923,-0.4561094,0.2796198,0.7571602,0.5092087,0.2987102,
1,40,119.739,0.3426155,1.158923,-0.4561094,0.2796198,0.7571602,0.5092087,0.2987102,
1,40,119.741,0.3426155,1.158923,-0.4561094,0.2796198,0.7571602,0.5092087,0.2987102,
1,40,119.743,0.3426474,1.158852,-0.4560707,0.2788529,0.7574982,0.5090514,0.298838,
1,40,119.745,0.3426474,1.158852,-0.4560707,0.2788529,0.7574982,0.5090514,0.298838,
1,40,119.747,0.3426474,1.158852,-0.4560707,0.2788529,0.7574982,0.5090514,0.298838,
1,40,119.749,0.3426474,1.158852,-0.4560707,0.2788529,0.7574982,0.5090514,0.298838,
1,40,119.751,0.3426263,1.158866,-0.4560336,0.2780601,0.7576921,0.5089467,0.2992635,
1,40,119.753,0.3426263,1.158866,-0.4560336,0.2780601,0.7576921,0.5089467,0.2992635,
1,40,119.755,0.3426263,1.158866,-0.4560336,0.2780601,0.7576921,0.5089467,0.2992635,CourtEnter
1,40,119.757,0.3426263,1.158866,-0.4560336,0.2780601,0.7576921,0.5089467,0.2992635,
1,40,119.759,0.3425795,1.158884,-0.4559276,0.2770945,0.7580063,0.5088844,0.2994692,
1,40,119.761,0.3425795,1.158884,-0.4559276,0.2770945,0.7580063,0.5088844,0.2994692,
1,40,119.763,0.3425795,1.158884,-0.4559276,0.2770945,0.7580063,0.5088844,0.2994692,
1,40,119.765,0.3425795,1.158884,-0.4559276,0.2770945,0.7580063,0.5088844,0.2994692,
1,40,119.767,0.3425795,1.158884,-0.4559276,0.2770945,0.7580063,0.5088844,0.2994692,CourtExit
1,40,119.769,0.3425834,1.158917,-0.4557314,0.2759549,0.7584383,0.5088996,0.2994019,
1,40,119.771,0.3425834,1.158917,-0.4557314,0.2759549,0.7584383,0.5088996,0.2994019,
1,40,119.773,0.3425834,1.158917,-0.4557314,0.2759549,0.7584383,0.5088996,0.2994019,
1,40,119.775,0.3425834,1.158917,-0.4557314,0.2759549,0.7584383,0.5088996,0.2994019,
1,40,119.777,0.3426122,1.158942,-0.45562,0.2746544,0.7588742,0.5089642,0.2993832,
1,40,119.779,0.3426122,1.158942,-0.45562,0.2746544,0.7588742,0.5089642,0.2993832,
1,40,119.781,0.3426122,1.158942,-0.45562,0.2746544,0.7588742,0.5089642,0.2993832,
1,40,119.783,0.3426122,1.158942,-0.45562,0.2746544,0.7588742,0.5089642,0.2993832,
1,40,119.785,0.3426648,1.159023,-0.4555632,0.2733584,0.759242,0.5090485,0.2994936,
1,40,119.787,0.3426648,1.159023,-0.4555632,0.2733584,0.759242,0.5090485,0.2994936,
1,40,119.789,0.3426648,1.159023,-0.4555632,0.2733584,0.759242,0.5090485,0.2994936,
1,40,119.791,0.3426648,1.159023,-0.4555632,0.2733584,0.759242,0.5090485,0.2994936,
1,40,119.793,0.3427318,1.158971,-0.4554735,0.2718044,0.7597579,0.5090978,0.299516,
1,40,119.795,0.3427318,1.158971,-0.4554735,0.2718044,0.7597579,0.5090978,0.299516,
1,40,119.797,0.3427318,1.158971,-0.4554735,0.2718044,0.7597579,0.5090978,0.299516,
1,40,119.799,0.3427318,1.158971,-0.4554735,0.2718044,0.7597579,0.5090978,0.299516,
1,40,119.801,0.34295,1.158744,-0.4551854,0.269317,0.7606539,0.5090306,0.2996031,
1,40,119.803,0.34295,1.158744,-0.4551854,0.269317,0.7606539,0.5090306,0.2996031,
1,40,119.805,0.34295,1.158744,-0.4551854,0.269317,0.7606539,0.5090306,0.2996031,
1,40,119.807,0.34295,1.158744,-0.4551854,0.269317,0.7606539,0.5090306,0.2996031,
1,40,119.809,0.3429423,1.15868,-0.4549162,0.2676438,0.7613196,0.5089514,0.299546,
1,40,119.811,0.3429423,1.15868,-0.4549162,0.2676438,0.7613196,0.5089514,0.299546,
1,40,119.813,0.3429423,1.15868,-0.4549162,0.2676438,0.7613196,0.5089514,0.299546,
1,40,119.815,0.3429423,1.15868,-0.4549162,0.2676438,0.7613196,0.5089514,0.299546,
1,40,119.817,0.3429423,1.15868,-0.4549162,0.2676438,0.7613196,0.5089514,0.299546,
1,40,119.819,0.3431239,1.158648,-0.4547586,0.2659478,0.7618887,0.5088053,0.2998573,
1,40,119.821,0.3431239,1.158648,-0.4547586,0.2659478,0.7618887,0.5088053,0.2998573,
1,40,119.823,0.3431239,1.158648,-0.4547586,0.2659478,0.7618887,0.5088053,0.2998573,
1,40,119.825,0.3431239,1.158648,-0.4547586,0.2659478,0.7618887,0.5088053,0.2998573,
1,40,119.827,0.3432068,1.158637,-0.4546238,0.2642905,0.7624919,0.5085828,0.3001667,
1,40,119.829,0.3432068,1.158637,-0.4546238,0.2642905,0.7624919,0.5085828,0.3001667,
1,40,119.831,0.3432068,1.158637,-0.4546238,0.2642905,0.7624919,0.5085828,0.3001667,
1,40,119.833,0.3432068,1.158637,-0.4546238,0.2642905,0.7624919,0.5085828,0.3001667,
1,40,119.835,0.3432183,1.158655,-0.45445,0.2628074,0.7631697,0.5082253,0.3003522,
1,40,119.837,0.3432183,1.158655,-0.45445,0.2628074,0.7631697,0.5082253,0.3003522,
1,40,119.839,0.3432183,1.158655,-0.45445,0.2628074,0.7631697,0.5082253,0.3003522,
1,40,119.841,0.3432183,1.158655,-0.45445,0.2628074,0.7631697,0.5082253,0.3003522,
1,40,119.843,0.343251,1.15874,-0.454308,0.2613269,0.7637785,0.5078639,0.3007076,
1,40,119.845,0.343251,1.15874,-0.454308,0.2613269,0.7637785,0.5078639,0.3007076,
1,40,119.847,0.343251,1.15874,-0.454308,0.2613269,0.7637785,0.5078639,0.3007076,
1,40,119.849,0.343251,1.15874,-0.454308,0.2613269,0.7637785,0.5078639,0.3007076,
1,40,119.851,0.343353,1.158839,-0.4542377,0.259753,0.7644265,0.5075147,0.3010138,
1,40,119.853,0.343353,1.158839,-0.4542377,0.259753,0.7644265,0.5075147,0.3010138,
1,40,119.855,0.343353,1.158839,-0.4542377,0.259753,0.7644265,0.5075147,0.3010138,
1,40,119.857,0.343353,1.158839,-0.4542377,0.259753,0.7644265,0.5075147,0.3010138,
1,40,119.859,0.3435767,1.15892,-0.4541632,0.2581708,0.7650709,0.5071171,0.3014081,
1,40,119.861,0.3435767,1.15892,-0.4541632,0.2581708,0.7650709,0.5071171,0.3014081,
1,40,119.863,0.3435767,1.15892,-0.4541632,0.2581708,0.7650709,0.5071171,0.3014081,
1,40,119.865,0.3435767,1.15892,-0.4541632,0.2581708,0.7650709,0.5071171,0.3014081,
1,40,119.867,0.3435767,1.15892,-0.4541632,0.2581708,0.7650709,0.5071171,0.3014081,
1,40,119.869,0.3435739,1.159046,-0.4540963,0.2567394,0.7658207,0.5065967,0.3016015,
1,40,119.871,0.3435739,1.159046,-0.4540963,0.2567394,0.7658207,0.5065967,0.3016015,
1,40,119.873,0.3435739,1.159046,-0.4540963,0.2567394,0.7658207,0.5065967,0.3016015,
1,40,119.875,0.3435739,1.159046,-0.4540963,0.2567394,0.7658207,0.5065967,0.3016015,
1,40,119.877,0.3436357,1.159016,-0.4537871,0.2546143,0.7670162,0.5055939,0.3020472,
1,40,119.879,0.3436357,1.159016,-0.4537871,0.2546143,0.7670162,0.5055939,0.3020472,
1,40,119.881,0.3436357,1.159016,-0.4537871,0.2546143,0.7670162,0.5055939,0.3020472,
1,40,119.883,0.3436357,1.159016,-0.4537871,0.2546143,0.7670162,0.5055939,0.3020472,
1,40,119.885,0.3436712,1.158989,-0.4536058,0.2534623,0.7677159,0.504793,0.3025774,
1,40,119.887,0.3436712,1.158989,-0.4536058,0.2534623,0.7677159,0.504793,0.3025774,
1,40,119.889,0.3436712,1.158989,-0.4536058,0.2534623,0.7677159,0.504793,0.3025774,
1,40,119.891,0.3436712,1.158989,-0.4536058,0.2534623,0.7677159,0.504793,0.3025774,
1,40,119.893,0.3436327,1.159024,-0.4534168,0.2525525,0.7683119,0.50401,0.3031305,
1,40,119.895,0.3436327,1.159024,-0.4534168,0.2525525,0.7683119,0.50401,0.3031305,
1,40,119.897,0.3436327,1.159024,-0.4534168,0.2525525,0.7683119,0.50401,0.3031305,
1,40,119.899,0.3436327,1.159024,-0.4534168,0.2525525,0.7683119,0.50401,0.3031305,
1,40,119.901,0.343597,1.158962,-0.4531984,0.2514204,0.7690642,0.5032711,0.303391,
1,40,119.903,0.343597,1.158962,-0.4531984,0.2514204,0.7690642,0.5032711,0.303391,
1,40,119.905,0.343597,1.158962,-0.4531984,0.2514204,0.7690642,0.5032711,0.303391,
1,40,119.907,0.343597,1.158962,-0.4531984,0.2514204,0.7690642,0.5032711,0.303391,
1,40,119.909,0.3435101,1.158825,-0.4530152,0.2502759,0.7698288,0.5026085,0.3034968,
1,40,119.911,0.3435101,1.158825,-0.4530152,0.2502759,0.7698288,0.5026085,0.3034968,
1,40,119.913,0.3435101,1.158825,-0.4530152,0.2502759,0.7698288,0.5026085,0.3034968,
1,40,119.915,0.3435101,1.158825,-0.4530152,0.2502759,0.7698288,0.5026085,0.3034968,
1,40,119.917,0.3435101,1.158825,-0.4530152,0.2502759,0.7698288,0.5026085,0.3034968,
1,40,119.919,0.3435035,1.15863,-0.4528174,0.2491739,0.7705075,0.502032,0.3036354,
1,40,119.921,0.3435035,1.15863,-0.4528174,0.2491739,0.7705075,0.502032,0.3036354,
1,40,119.923,0.3435035,1.15863,-0.4528174,0.2491739,0.7705075,0.502032,0.3036354,
1,40,119.925,0.3435035,1.15863,-0.4528174,0.2491739,0.7705075,0.502032,0.3036354,
1,40,119.927,0.3435313,1.158539,-0.4527308,0.2481542,0.7709453,0.5016239,0.3040337,
1,40,119.929,0.3435313,1.158539,-0.4527308,0.2481542,0.7709453,0.5016239,0.3040337,
1,40,119.931,0.3435313,1.158539,-0.4527308,0.2481542,0.7709453,0.5016239,0.3040337,
1,40,119.933,0.3435313,1.158539,-0.4527308,0.2481542,0.7709453,0.5016239,0.3040337,
1,40,119.935,0.3435383,1.158595,-0.452698,0.2472689,0.771239,0.5014002,0.3043783,
1,40,119.937,0.3435383,1.158595,-0.452698,0.2472689,0.771239,0.5014002,0.3043783,
1,40,119.939,0.3435383,1.158595,-0.452698,0.2472689,0.771239,0.5014002,0.3043783,
1,40,119.941,0.3435383,1.158595,-0.452698,0.2472689,0.771239,0.5014002,0.3043783,
1,40,119.943,0.3435338,1.158597,-0.4526564,0.2462328,0.7716581,0.5012677,0.3043749,
1,40,119.945,0.3435338,1.158597,-0.4526564,0.2462328,0.7716581,0.5012677,0.3043749,
1,40,119.947,0.3435338,1.158597,-0.4526564,0.2462328,0.7716581,0.5012677,0.3043749,
1,40,119.949,0.3435338,1.158597,-0.4526564,0.2462328,0.7716581,0.5012677,0.3043749,
1,40,119.951,0.3436033,1.158563,-0.4526059,0.2445039,0.7722808,0.501245,0.3042266,
1,40,119.953,0.3436033,1.158563,-0.4526059,0.2445039,0.7722808,0.501245,0.3042266,
1,40,119.955,0.3436033,1.158563,-0.4526059,0.2445039,0.7722808,0.501245,0.3042266,
1,40,119.957,0.3436033,1.158563,-0.4526059,0.2445039,0.7722808,0.501245,0.3042266,
1,40,119.959,0.3436803,1.158513,-0.4525374,0.2434634,0.7725661,0.5012412,0.3043426,
1,40,119.961,0.3436803,1.158513,-0.4525374,0.2434634,0.7725661,0.5012412,0.3043426,
1,40,119.963,0.3436803,1.158513,-0.4525374,0.2434634,0.7725661,0.5012412,0.3043426,
1,40,119.965,0.3436803,1.158513,-0.4525374,0.2434634,0.7725661,0.5012412,0.3043426,
1,40,119.967,0.3436803,1.158513,-0.4525374,0.2434634,0.7725661,0.5012412,0.3043426,
1,40,119.969,0.3438066,1.158429,-0.4524224,0.2422155,0.772984,0.5013409,0.3041127,
1,40,119.971,0.3438066,1.158429,-0.4524224,0.2422155,0.772984,0.5013409,0.3041127,
1,40,119.973,0.3438066,1.158429,-0.4524224,0.2422155,0.772984,0.5013409,0.3041127,
1,40,119.975,0.3438066,1.158429,-0.4524224,0.2422155,0.772984,0.5013409,0.3041127,
1,40,119.977,0.3437714,1.158293,-0.4522867,0.2410316,0.7734783,0.5013882,0.3037187,
1,40,119.979,0.3437714,1.158293,-0.4522867,0.2410316,0.7734783,0.5013882,0.3037187,
1,40,119.981,0.3437714,1.158293,-0.4522867,0.2410316,0.7734783,0.5013882,0.3037187,
1,40,119.983,0.3437714,1.158293,-0.4522867,0.2410316,0.7734783,0.5013882,0.3037187,
1,40,119.985,0.3438445,1.158224,-0.4521932,0.2398523,0.7738856,0.5015446,0.3033561,
1,40,119.987,0.3438445,1.158224,-0.4521932,0.2398523,0.7738856,0.5015446,0.3033561,
1,40,119.989,0.3438445,1.158224,-0.4521932,0.2398523,0.7738856,0.5015446,0.3033561,
1,40,119.991,0.3438445,1.158224,-0.4521932,0.2398523,0.7738856,0.5015446,0.3033561,
1,40,119.993,0.3438818,1.158335,-0.4521581,0.2389303,0.7740899,0.5017266,0.3032614,
1,40,119.995,0.3438818,1.158335,-0.4521581,0.2389303,0.7740899,0.5017266,0.3032614,
1,40,119.997,0.3438818,1.158335,-0.4521581,0.2389303,0.7740899,0.5017266,0.3032614,
1,40,119.999,0.3438818,1.158335,-0.4521581,0.2389303,0.7740899,0.5017266,0.3032614,
1,41,120.001,0.3438129,1.158369,-0.4520867,0.2381251,0.7744076,0.5016794,0.3031616,CourtExit
1,41,120.003,0.3438129,1.158369,-0.4520867,0.2381251,0.7744076,0.5016794,0.3031616,
1,41,120.005,0.3438129,1.158369,-0.4520867,0.2381251,0.7744076,0.5016794,0.3031616,
1,41,120.007,0.3438129,1.158369,-0.4520867,0.2381251,0.7744076,0.5016794,0.3031616,
1,41,120.009,0.3438903,1.158376,-0.4520267,0.2372815,0.7746385,0.5015995,0.3033658,
1,41,120.011,0.3438903,1.158376,-0.4520267,0.2372815,0.7746385,0.5015995,0.3033658,
1,41,120.013,0.3438903,1.158376,-0.4520267,0.2372815,0.7746385,0.5015995,0.3033658,
1,41,120.015,0.3438903,1.158376,-0.4520267,0.2372815,0.7746385,0.5015995,0.3033658,
1,41,120.017,0.3438903,1.158376,-0.4520267,0.2372815,0.7746385,0.5015995,0.3033658,
1,41,120.019,0.3439616,1.158477,-0.4520421,0.2365816,0.774804,0.5014792,0.3036882,
1,41,120.021,0.3439616,1.158477,-0.4520421,0.2365816,0.774804,0.5014792,0.3036882,
1,41,120.023,0.3439616,1.158477,-0.4520421,0.2365816,0.774804,0.5014792,0.3036882,
1,41,120.025,0.3439616,1.158477,-0.4520421,0.2365816,0.774804,0.5014792,0.3036882,
1,41,120.027,0.3439499,1.158384,-0.4520213,0.2354244,0.7753409,0.5010341,0.3039514,
1,41,120.029,0.3439499,1.158384,-0.4520213,0.2354244,0.7753409,0.5010341,0.3039514,
1,41,120.031,0.3439499,1.158384,-0.4520213,0.2354244,0.7753409,0.5010341,0.3039514,
1,41,120.033,0.3439499,1.158384,-0.4520213,0.2354244,0.7753409,0.5010341,0.3039514,
1,41,120.035,0.3437912,1.158361,-0.4520266,0.2349091,0.7757059,0.5005585,0.3042026,
1,41,120.037,0.3437912,1.158361,-0.4520266,0.2349091,0.7757059,0.5005585,0.3042026,
1,41,120.039,0.3437912,1.158361,-0.4520266,0.2349091,0.7757059,0.5005585,0.3042026,
1,41,120.041,0.3437912,1.158361,-0.4520266,0.2349091,0.7757059,0.5005585,0.3042026,
1,41,120.043,0.3435034,1.158357,-0.4520013,0.2345039,0.7761168,0.4999392,0.3044857,
1,41,120.045,0.3435034,1.158357,-0.4520013,0.2345039,0.7761168,0.4999392,0.3044857,
1,41,120.047,0.3435034,1.158357,-0.4520013,0.2345039,0.7761168,0.4999392,0.3044857,
1,41,120.049,0.3435034,1.158357,-0.4520013,0.2345039,0.7761168,0.4999392,0.3044857,
1,41,120.051,0.3432997,1.158397,-0.4519749,0.2340155,0.7765951,0.4993062,0.3046804,
1,41,120.053,0.3432997,1.158397,-0.4519749,0.2340155,0.7765951,0.4993062,0.3046804,
1,41,120.055,0.3432997,1.158397,-0.4519749,0.2340155,0.7765951,0.4993062,0.3046804,
1,41,120.057,0.3432997,1.158397,-0.4519749,0.2340155,0.7765951,0.4993062,0.3046804,
1,41,120.059,0.3433516,1.158453,-0.4519958,0.2332268,0.776981,0.4987472,0.3052166,
1,41,120.061,0.3433516,1.158453,-0.4519958,0.2332268,0.776981,0.4987472,0.3052166,
1,41,120.063,0.3433516,1.158453,-0.4519958,0.2332268,0.776981,0.4987472,0.3052166,
1,41,120.065,0.3433516,1.158453,-0.4519958,0.2332268,0.776981,0.4987472,0.3052166,
1,41,120.067,0.3433516,1.158453,-0.4519958,0.2332268,0.776981,0.4987472,0.3052166,
1,41,120.069,0.3431048,1.158432,-0.4519227,0.2325232,0.7776175,0.4980052,0.3053439,
1,41,120.071,0.3431048,1.158432,-0.4519227,0.2325232,0.7776175,0.4980052,0.3053439,
1,41,120.073,0.3431048,1.158432,-0.4519227,0.2325232,0.7776175,0.4980052,0.3053439,
1,41,120.075,0.3431048,1.158432,-0.4519227,0.2325232,0.7776175,0.4980052,0.3053439,
1,41,120.077,0.3430122,1.158484,-0.4519188,0.2318413,0.7780454,0.4973209,0.305887,
1,41,120.079,0.3430122,1.158484,-0.4519188,0.2318413,0.7780454,0.4973209,0.305887,
1,41,120.081,0.3430122,1.158484,-0.4519188,0.2318413,0.7780454,0.4973209,0.305887,
1,41,120.083,0.3430122,1.158484,-0.4519188,0.2318413,0.7780454,0.4973209,0.305887,
1,41,120.085,0.3429295,1.158337,-0.4518452,0.2311337,0.7785228,0.4964908,0.3065556,
1,41,120.087,0.3429295,1.158337,-0.4518452,0.2311337,0.7785228,0.4964908,0.3065556,
1,41,120.089,0.3429295,1.158337,-0.4518452,0.2311337,0.7785228,0.4964908,0.3065556,
1,41,120.091,0.3429295,1.158337,-0.4518452,0.2311337,0.7785228,0.4964908,0.3065556,
1,41,120.093,0.3429422,1.158166,-0.4517184,0.2304238,0.7788929,0.4957093,0.3074133,
1,41,120.095,0.3429422,1.158166,-0.4517184,0.2304238,0.7788929,0.4957093,0.3074133,
1,41,120.097,0.3429422,1.158166,-0.4517184,0.2304238,0.7788929,0.4957093,0.3074133,
1,41,120.099,0.3429422,1.158166,-0.4517184,0.2304238,0.7788929,0.4957093,0.3074133,
1,41,120.101,0.3427164,1.158245,-0.4517633,0.2291737,0.7795769,0.4948298,0.3080306,
1,41,120.103,0.3427164,1.158245,-0.4517633,0.2291737,0.7795769,0.4948298,0.3080306,
1,41,120.105,0.3427164,1.158245,-0.4517633,0.2291737,0.7795769,0.4948298,0.3080306,
1,41,120.107,0.3427164,1.158245,-0.4517633,0.2291737,0.7795769,0.4948298,0.3080306,
1,41,120.109,0.3425851,1.158353,-0.4518035,0.2283074,0.7799,0.4944744,0.3084266,
1,41,120.111,0.3425851,1.158353,-0.4518035,0.2283074,0.7799,0.4944744,0.3084266,
1,41,120.113,0.3425851,1.158353,-0.4518035,0.2283074,0.7799,0.4944744,0.3084266,
1,41,120.115,0.3425851,1.158353,-0.4518035,0.2283074,0.7799,0.4944744,0.3084266,
1,41,120.117,0.3425851,1.158353,-0.4518035,0.2283074,0.7799,0.4944744,0.3084266,
1,41,120.119,0.3426263,1.158378,-0.4517744,0.2270055,0.7803719,0.4942209,0.3086,
1,41,120.121,0.3426263,1.158378,-0.4517744,0.2270055,0.7803719,0.4942209,0.3086,
1,41,120.123,0.3426263,1.158378,-0.4517744,0.2270055,0.7803719,0.4942209,0.3086,
1,41,120.125,0.3426263,1.158378,-0.4517744,0.2270055,0.7803719,0.4942209,0.3086,
1,41,120.127,0.3425676,1.158348,-0.451735,0.2259102,0.7806264,0.4939594,0.3091782,
1,41,120.129,0.3425676,1.158348,-0.451735,0.2259102,0.7806264,0.4939594,0.3091782,
1,41,120.131,0.3425676,1.158348,-0.451735,0.2259102,0.7806264,0.4939594,0.3091782,
1,41,120.133,0.3425676,1.158348,-0.451735,0.2259102,0.7806264,0.4939594,0.3091782,
1,41,120.135,0.3424487,1.158302,-0.4516298,0.2248442,0.7809455,0.4937167,0.3095369,
1,41,120.137,0.3424487,1.158302,-0.4516298,0.2248442,0.7809455,0.4937167,0.3095369,
1,41,120.139,0.3424487,1.158302,-0.4516298,0.2248442,0.7809455,0.4937167,0.3095369,
1,41,120.141,0.3424487,1.158302,-0.4516298,0.2248442,0.7809455,0.4937167,0.3095369,
1,41,120.143,0.342352,1.158248,-0.4515298,0.2238387,0.7811015,0.4936217,0.3100232,
1,41,120.145,0.342352,1.158248,-0.4515298,0.2238387,0.7811015,0.4936217,0.3100232,
1,41,120.147,0.342352,1.158248,-0.4515298,0.2238387,0.7811015,0.4936217,0.3100232,
1,41,120.149,0.342352,1.158248,-0.4515298,0.2238387,0.7811015,0.4936217,0.3100232,
1,41,120.151,0.342325,1.15828,-0.45152,0.2227125,0.7811989,0.4937317,0.3104135,
1,41,120.153,0.342325,1.15828,-0.45152,0.2227125,0.7811989,0.4937317,0.3104135,
1,41,120.155,0.342325,1.15828,-0.45152,0.2227125,0.7811989,0.4937317,0.3104135,
1,41,120.157,0.342325,1.15828,-0.45152,0.2227125,0.7811989,0.4937317,0.3104135,
1,41,120.159,0.3423603,1.158304,-0.4515104,0.2212964,0.7815427,0.4939882,0.3101526,
1,41,120.161,0.3423603,1.158304,-0.4515104,0.2212964,0.7815427,0.4939882,0.3101526,
1,41,120.163,0.3423603,1.158304,-0.4515104,0.2212964,0.7815427,0.4939882,0.3101526,
1,41,120.165,0.3423603,1.158304,-0.4515104,0.2212964,0.7815427,0.4939882,0.3101526,
1,41,120.167,0.3423603,1.158304,-0.4515104,0.2212964,0.7815427,0.4939882,0.3101526,
1,41,120.169,0.3423302,1.1583,-0.4514938,0.2201225,0.7817003,0.4942833,0.3101204,
1,41,120.171,0.3423302,1.1583,-0.4514938,0.2201225,0.7817003,0.4942833,0.3101204,
1,41,120.173,0.3423302,1.1583,-0.4514938,0.2201225,0.7817003,0.4942833,0.3101204,
1,41,120.175,0.3423302,1.1583,-0.4514938,0.2201225,0.7817003,0.4942833,0.3101204,
1,41,120.177,0.342301,1.158348,-0.4515606,0.2188324,0.7817017,0.4947353,0.3103095,
1,41,120.179,0.342301,1.158348,-0.4515606,0.2188324,0.7817017,0.4947353,0.3103095,
1,41,120.181,0.342301,1.158348,-0.4515606,0.2188324,0.7817017,0.4947353,0.3103095,
1,41,120.183,0.342301,1.158348,-0.4515606,0.2188324,0.7817017,0.4947353,0.3103095,
1,41,120.185,0.3423901,1.158367,-0.4515868,0.2180994,0.7815598,0.4950842,0.3106261,
1,41,120.187,0.3423901,1.158367,-0.4515868,0.2180994,0.7815598,0.4950842,0.3106261,
1,41,120.189,0.3423901,1.158367,-0.4515868,0.2180994,0.7815598,0.4950842,0.3106261,
1,41,120.191,0.3423901,1.158367,-0.4515868,0.2180994,0.7815598,0.4950842,0.3106261,
1,41,120.193,0.3422861,1.158318,-0.4515747,0.2177557,0.7814072,0.4952739,0.3109488,
1,41,120.195,0.3422861,1.158318,-0.4515747,0.2177557,0.7814072,0.4952739,0.3109488,
1,41,120.197,0.3422861,1.158318,-0.4515747,0.2177557,0.7814072,0.4952739,0.3109488,
1,41,120.199,0.3422861,1.158318,-0.4515747,0.2177557,0.7814072,0.4952739,0.3109488,
1,41,120.201,0.3422816,1.158268,-0.4515724,0.2174383,0.7813102,0.4954999,0.3110545,
1,41,120.203,0.3422816,1.158268,-0.4515724,0.2174383,0.7813102,0.4954999,0.3110545,
1,41,120.205,0.3422816,1.158268,-0.4515724,0.2174383,0.7813102,0.4954999,0.3110545,
1,41,120.207,0.3422816,1.158268,-0.4515724,0.2174383,0.7813102,0.4954999,0.3110545,
1,41,120.209,0.3422491,1.158276,-0.4516127,0.2173011,0.7810954,0.495732,0.3113199,
1,41,120.211,0.3422491,1.158276,-0.4516127,0.2173011,0.7810954,0.495732,0.3113199,
1,41,120.213,0.3422491,1.158276,-0.4516127,0.2173011,0.7810954,0.495732,0.3113199,
1,41,120.215,0.3422491,1.158276,-0.4516127,0.2173011,0.7810954,0.495732,0.3113199,
1,41,120.217,0.3422491,1.158276,-0.4516127,0.2173011,0.7810954,0.495732,0.3113199,
1,41,120.219,0.3422064,1.158276,-0.4515965,0.2172011,0.7809993,0.4959003,0.3113627,
1,41,120.221,0.3422064,1.158276,-0.4515965,0.2172011,0.7809993,0.4959003,0.3113627,
1,41,120.223,0.3422064,1.158276,-0.4515965,0.2172011,0.7809993,0.4959003,0.3113627,
1,41,120.225,0.3422064,1.158276,-0.4515965,0.2172011,0.7809993,0.4959003,0.3113627,
1,41,120.227,0.3421355,1.158354,-0.451638,0.217406,0.7807501,0.4960009,0.3116843,
1,41,120.229,0.3421355,1.158354,-0.451638,0.217406,0.7807501,0.4960009,0.3116843,
1,41,120.231,0.3421355,1.158354,-0.451638,0.217406,0.7807501,0.4960009,0.3116843,
1,41,120.233,0.3421355,1.158354,-0.451638,0.217406,0.7807501,0.4960009,0.3116843,
1,41,120.235,0.342122,1.158386,-0.4516498,0.217525,0.7806779,0.4960169,0.3117567,
1,41,120.237,0.342122,1.158386,-0.4516498,0.217525,0.7806779,0.4960169,0.3117567,
1,41,120.239,0.342122,1.158386,-0.4516498,0.217525,0.7806779,0.4960169,0.3117567,
1,41,120.241,0.342122,1.158386,-0.4516498,0.217525,0.7806779,0.4960169,0.3117567,
1,41,120.243,0.3421087,1.158461,-0.45171,0.2178056,0.7805084,0.495973,0.3120549,
1,41,120.245,0.3421087,1.158461,-0.45171,0.2178056,0.7805084,0.495973,0.3120549,
1,41,120.247,0.3421087,1.158461,-0.45171,0.2178056,0.7805084,0.495973,0.3120549,
1,41,120.249,0.3421087,1.158461,-0.45171,0.2178056,0.7805084,0.495973,0.3120549,
1,41,120.251,0.3421261,1.158542,-0.4517746,0.2185315,0.7803011,0.4954998,0.3128166,
1,41,120.253,0.3421261,1.158542,-0.4517746,0.2185315,0.7803011,0.4954998,0.3128166,
1,41,120.255,0.3421261,1.158542,-0.4517746,0.2185315,0.7803011,0.4954998,0.3128166,
1,41,120.257,0.3421261,1.158542,-0.4517746,0.2185315,0.7803011,0.4954998,0.3128166,
1,41,120.259,0.3420974,1.158615,-0.4518359,0.2190705,0.7800605,0.4951594,0.3135778,
1,41,120.261,0.3420974,1.158615,-0.4518359,0.2190705,0.7800605,0.4951594,0.3135778,
1,41,120.263,0.3420974,1.158615,-0.4518359,0.2190705,0.7800605,0.4951594,0.3135778,
1,41,120.265,0.3420974,1.158615,-0.4518359,0.2190705,0.7800605,0.4951594,0.3135778,
1,41,120.267,0.3420974,1.158615,-0.4518359,0.2190705,0.7800605,0.4951594,0.3135778,
1,41,120.269,0.3421268,1.158615,-0.4518639,0.2191702,0.7802078,0.4948494,0.313631,
1,41,120.271,0.3421268,1.158615,-0.4518639,0.2191702,0.7802078,0.4948494,0.313631,
1,41,120.273,0.3421268,1.158615,-0.4518639,0.2191702,0.7802078,0.4948494,0.313631,
1,41,120.275,0.3421268,1.158615,-0.4518639,0.2191702,0.7802078,0.4948494,0.313631,
1,41,120.277,0.3421054,1.158594,-0.4518978,0.2193013,0.7803001,0.4944916,0.3138739,
1,41,120.279,0.3421054,1.158594,-0.4518978,0.2193013,0.7803001,0.4944916,0.3138739,
1,41,120.281,0.3421054,1.158594,-0.4518978,0.2193013,0.7803001,0.4944916,0.3138739,
1,41,120.283,0.3421054,1.158594,-0.4518978,0.2193013,0.7803001,0.4944916,0.3138739,
1,41,120.285,0.3420261,1.158557,-0.4518908,0.2194135,0.7804313,0.4940908,0.3141004,
1,41,120.287,0.3420261,1.158557,-0.4518908,0.2194135,0.7804313,0.4940908,0.3141004,
1,41,120.289,0.3420261,1.158557,-0.4518908,0.2194135,0.7804313,0.4940908,0.3141004,
1,41,120.291,0.3420261,1.158557,-0.4518908,0.2194135,0.7804313,0.4940908,0.3141004,
1,41,120.293,0.3418798,1.158566,-0.4519186,0.2196065,0.7804276,0.493692,0.3146014,
1,41,120.295,0.3418798,1.158566,-0.4519186,0.2196065,0.7804276,0.493692,0.3146014,
1,41,120.297,0.3418798,1.158566,-0.4519186,0.2196065,0.7804276,0.493692,0.3146014,
1,41,120.299,0.3418798,1.158566,-0.4519186,0.2196065,0.7804276,0.493692,0.3146014,
1,41,120.301,0.3417229,1.158483,-0.4519182,0.2197974,0.7803755,0.4932635,0.3152685,
1,41,120.303,0.3417229,1.158483,-0.4519182,0.2197974,0.7803755,0.4932635,0.3152685,
1,41,120.305,0.3417229,1.158483,-0.4519182,0.2197974,0.7803755,0.4932635,0.3152685,
1,41,120.307,0.3417229,1.158483,-0.4519182,0.2197974,0.7803755,0.4932635,0.3152685,
1,41,120.309,0.3416846,1.158411,-0.4519155,0.2196935,0.780444,0.4929944,0.3155926,
1,41,120.311,0.3416846,1.158411,-0.4519155,0.2196935,0.780444,0.4929944,0.3155926,
1,41,120.313,0.3416846,1.158411,-0.4519155,0.2196935,0.780444,0.4929944,0.3155926,
1,41,120.315,0.3416846,1.158411,-0.4519155,0.2196935,0.780444,0.4929944,0.3155926,
1,41,120.317,0.3416846,1.158411,-0.4519155,0.2196935,0.780444,0.4929944,0.3155926,
1,41,120.319,0.3414363,1.158232,-0.4519557,0.2194676,0.7803878,0.4927655,0.3162453,
1,41,120.321,0.3414363,1.158232,-0.4519557,0.2194676,0.7803878,0.4927655,0.3162453,
1,41,120.323,0.3414363,1.158232,-0.4519557,0.2194676,0.7803878,0.4927655,0.3162453,
1,41,120.325,0.3414363,1.158232,-0.4519557,0.2194676,0.7803878,0.4927655,0.3162453,
1,41,120.327,0.3413008,1.15816,-0.4519828,0.2191911,0.7803302,0.4927859,0.3165472,
1,41,120.329,0.3413008,1.15816,-0.4519828,0.2191911,0.7803302,0.4927859,0.3165472,
1,41,120.331,0.3413008,1.15816,-0.4519828,0.2191911,0.7803302,0.4927859,0.3165472,
1,41,120.333,0.3413008,1.15816,-0.4519828,0.2191911,0.7803302,0.4927859,0.3165472,
1,41,120.335,0.3411063,1.158044,-0.4520108,0.2187977,0.780265,0.4928818,0.3168308,
1,41,120.337,0.3411063,1.158044,-0.4520108,0.2187977,0.780265,0.4928818,0.3168308,
1,41,120.339,0.3411063,1.158044,-0.4520108,0.2187977,0.780265,0.4928818,0.3168308,
1,41,120.341,0.3411063,1.158044,-0.4520108,0.2187977,0.780265,0.4928818,0.3168308,
1,41,120.343,0.3410855,1.158162,-0.4521126,0.2182308,0.7800928,0.4932984,0.3169971,
1,41,120.345,0.3410855,1.158162,-0.4521126,0.2182308,0.7800928,0.4932984,0.3169971,
1,41,120.347,0.3410855,1.158162,-0.4521126,0.2182308,0.7800928,0.4932984,0.3169971,
1,41,120.349,0.3410855,1.158162,-0.4521126,0.2182308,0.7800928,0.4932984,0.3169971,
1,41,120.351,0.341104,1.158202,-0.4521149,0.2173758,0.7801615,0.4936675,0.316841,
1,41,120.353,0.341104,1.158202,-0.4521149,0.2173758,0.7801615,0.4936675,0.316841,
1,41,120.355,0.341104,1.158202,-0.4521149,0.2173758,0.7801615,0.4936675,0.316841,
1,41,120.357,0.341104,1.158202,-0.4521149,0.2173758,0.7801615,0.4936675,0.316841,
1,41,120.359,0.3411879,1.158201,-0.4521174,0.2166378,0.7800393,0.4939731,0.3171707,
1,41,120.361,0.3411879,1.158201,-0.4521174,0.2166378,0.7800393,0.4939731,0.3171707,
1,41,120.363,0.3411879,1.158201,-0.4521174,0.2166378,0.7800393,0.4939731,0.3171707,
1,41,120.365,0.3411879,1.158201,-0.4521174,0.2166378,0.7800393,0.4939731,0.3171707,
1,41,120.367,0.3411879,1.158201,-0.4521174,0.2166378,0.7800393,0.4939731,0.3171707,
1,41,120.369,0.3412941,1.158196,-0.4521282,0.2160843,0.7798216,0.4941921,0.3177423,
1,41,120.371,0.3412941,1.158196,-0.4521282,0.2160843,0.7798216,0.4941921,0.3177423,
1,41,120.373,0.3412941,1.158196,-0.4521282,0.2160843,0.7798216,0.4941921,0.3177423,
1,41,120.375,0.3412941,1.158196,-0.4521282,0.2160843,0.7798216,0.4941921,0.3177423,
1,41,120.377,0.3413659,1.158275,-0.4521437,0.2155746,0.7796296,0.4943818,0.3182641,
1,41,120.379,0.3413659,1.158275,-0.4521437,0.2155746,0.7796296,0.4943818,0.3182641,
1,41,120.381,0.3413659,1.158275,-0.4521437,0.2155746,0.7796296,0.4943818,0.3182641,
1,41,120.383,0.3413659,1.158275,-0.4521437,0.2155746,0.7796296,0.4943818,0.3182641,
1,41,120.385,0.3414529,1.158305,-0.4521442,0.2149973,0.7795908,0.4945014,0.3185634,
1,41,120.387,0.3414529,1.158305,-0.4521442,0.2149973,0.7795908,0.4945014,0.3185634,
1,41,120.389,0.3414529,1.158305,-0.4521442,0.2149973,0.7795908,0.4945014,0.3185634,
1,41,120.391,0.3414529,1.158305,-0.4521442,0.2149973,0.7795908,0.4945014,0.3185634,
1,41,120.393,0.3415461,1.158446,-0.452234,0.2144577,0.7794478,0.494601,0.319122,
1,41,120.395,0.3415461,1.158446,-0.452234,0.2144577,0.7794478,0.494601,0.319122,
1,41,120.397,0.3415461,1.158446,-0.452234,0.2144577,0.7794478,0.494601,0.319122,
1,41,120.399,0.3415461,1.158446,-0.452234,0.2144577,0.7794478,0.494601,0.319122,
1,41,120.401,0.3416357,1.158558,-0.4522868,0.2140388,0.7795413,0.4946277,0.3191338,
1,41,120.403,0.3416357,1.158558,-0.4522868,0.2140388,0.7795413,0.4946277,0.3191338,
1,41,120.405,0.3416357,1.158558,-0.4522868,0.2140388,0.7795413,0.4946277,0.3191338,
1,41,120.407,0.3416357,1.158558,-0.4522868,0.2140388,0.7795413,0.4946277,0.3191338,
1,41,120.409,0.3417397,1.158605,-0.4522649,0.2136195,0.7797606,0.4945427,0.3190105,
1,41,120.411,0.3417397,1.158605,-0.4522649,0.2136195,0.7797606,0.4945427,0.3190105,
1,41,120.413,0.3417397,1.158605,-0.4522649,0.2136195,0.7797606,0.4945427,0.3190105,
1,41,120.415,0.3417397,1.158605,-0.4522649,0.2136195,0.7797606,0.4945427,0.3190105,
1,41,120.417,0.3417397,1.158605,-0.4522649,0.2136195,0.7797606,0.4945427,0.3190105,
1,41,120.419,0.3418647,1.158676,-0.4522934,0.2135166,0.7797753,0.4944054,0.3192564,
1,41,120.421,0.3418647,1.158676,-0.4522934,0.2135166,0.7797753,0.4944054,0.3192564,
1,41,120.423,0.3418647,1.158676,-0.4522934,0.2135166,0.7797753,0.4944054,0.3192564,
1,41,120.425,0.3418647,1.158676,-0.4522934,0.2135166,0.7797753,0.4944054,0.3192564,
1,41,120.427,0.3420007,1.158755,-0.4523079,0.2136279,0.779724,0.4942042,0.3196186,
1,41,120.429,0.3420007,1.158755,-0.4523079,0.2136279,0.779724,0.4942042,0.3196186,
1,41,120.431,0.3420007,1.158755,-0.4523079,0.2136279,0.779724,0.4942042,0.3196186,
1,41,120.433,0.3420007,1.158755,-0.4523079,0.2136279,0.779724,0.4942042,0.3196186,
1,41,120.435,0.3421245,1.158836,-0.4523208,0.2138222,0.7797246,0.4939761,0.3198394,
1,41,120.437,0.3421245,1.158836,-0.4523208,0.2138222,0.7797246,0.4939761,0.3198394,
1,41,120.439,0.3421245,1.158836,-0.4523208,0.2138222,0.7797246,0.4939761,0.3198394,
1,41,120.441,0.3421245,1.158836,-0.4523208,0.2138222,0.7797246,0.4939761,0.3198394,
1,41,120.443,0.3421424,1.158886,-0.4523189,0.2142828,0.779667,0.4936408,0.3201889,
1,41,120.445,0.3421424,1.158886,-0.4523189,0.2142828,0.779667,0.4936408,0.3201889,
1,41,120.447,0.3421424,1.158886,-0.4523189,0.2142828,0.779667,0.4936408,0.3201889,
1,41,120.449,0.3421424,1.158886,-0.4523189,0.2142828,0.779667,0.4936408,0.3201889,
1,41,120.451,0.3421952,1.158854,-0.4522769,0.214642,0.77976,0.4932851,0.3202701,
1,41,120.453,0.3421952,1.158854,-0.4522769,0.214642,0.77976,0.4932851,0.3202701,
1,41,120.455,0.3421952,1.158854,-0.4522769,0.214642,0.77976,0.4932851,0.3202701,
1,41,120.457,0.3421952,1.158854,-0.4522769,0.214642,0.77976,0.4932851,0.3202701,
1,41,120.459,0.3422385,1.158774,-0.4522567,0.2150483,0.7798716,0.4929031,0.3203142,
1,41,120.461,0.3422385,1.158774,-0.4522567,0.2150483,0.7798716,0.4929031,0.3203142,
1,41,120.463,0.3422385,1.158774,-0.4522567,0.2150483,0.7798716,0.4929031,0.3203142,
1,41,120.465,0.3422385,1.158774,-0.4522567,0.2150483,0.7798716,0.4929031,0.3203142,
1,41,120.467,0.3422385,1.158774,-0.4522567,0.2150483,0.7798716,0.4929031,0.3203142,
1,41,120.469,0.3422182,1.158624,-0.4522806,0.2159978,0.7799131,0.4922452,0.3205857,
1,41,120.471,0.3422182,1.158624,-0.4522806,0.2159978,0.7799131,0.4922452,0.3205857,
1,41,120.473,0.3422182,1.158624,-0.4522806,0.2159978,0.7799131,0.4922452,0.3205857,
1,41,120.475,0.3422182,1.158624,-0.4522806,0.2159978,0.7799131,0.4922452,0.3205857,
1,41,120.477,0.3423483,1.158559,-0.4522812,0.2164723,0.7800325,0.4919214,0.3204722,
1,41,120.479,0.3423483,1.158559,-0.4522812,0.2164723,0.7800325,0.4919214,0.3204722,
1,41,120.481,0.3423483,1.158559,-0.4522812,0.2164723,0.7800325,0.4919214,0.3204722,
1,41,120.483,0.3423483,1.158559,-0.4522812,0.2164723,0.7800325,0.4919214,0.3204722,
1,41,120.485,0.3423957,1.158667,-0.4524605,0.217317,0.7798474,0.4917756,0.3205748,
1,41,120.487,0.3423957,1.158667,-0.4524605,0.217317,0.7798474,0.4917756,0.3205748,
1,41,120.489,0.3423957,1.158667,-0.4524605,0.217317,0.7798474,0.4917756,0.3205748,
1,41,120.491,0.3423957,1.158667,-0.4524605,0.217317,0.7798474,0.4917756,0.3205748,
1,41,120.493,0.342461,1.158738,-0.4526093,0.2180634,0.7797714,0.4916215,0.3204891,
1,41,120.495,0.342461,1.158738,-0.4526093,0.2180634,0.7797714,0.4916215,0.3204891,
1,41,120.497,0.342461,1.158738,-0.4526093,0.2180634,0.7797714,0.4916215,0.3204891,
1,41,120.499,0.342461,1.158738,-0.4526093,0.2180634,0.7797714,0.4916215,0.3204891,
1,41,120.501,0.3424495,1.158786,-0.4527935,0.2190282,0.7795222,0.491379,0.3208094,
1,41,120.503,0.3424495,1.158786,-0.4527935,0.2190282,0.7795222,0.491379,0.3208094,
1,41,120.505,0.3424495,1.158786,-0.4527935,0.2190282,0.7795222,0.491379,0.3208094,
1,41,120.507,0.3424495,1.158786,-0.4527935,0.2190282,0.7795222,0.491379,0.3208094,
1,41,120.509,0.3424406,1.158862,-0.4530054,0.2200413,0.779292,0.4911362,0.3210471,
1,41,120.511,0.3424406,1.158862,-0.4530054,0.2200413,0.779292,0.4911362,0.3210471,
1,41,120.513,0.3424406,1.158862,-0.4530054,0.2200413,0.779292,0.4911362,0.3210471,
1,41,120.515,0.3424406,1.158862,-0.4530054,0.2200413,0.779292,0.4911362,0.3210471,
1,41,120.517,0.3424406,1.158862,-0.4530054,0.2200413,0.779292,0.4911362,0.3210471,
1,41,120.519,0.3424839,1.158797,-0.4531262,0.2208489,0.7791998,0.4908204,0.321199,
1,41,120.521,0.3424839,1.158797,-0.4531262,0.2208489,0.7791998,0.4908204,0.321199,
1,41,120.523,0.3424839,1.158797,-0.4531262,0.2208489,0.7791998,0.4908204,0.321199,
1,41,120.525,0.3424839,1.158797,-0.4531262,0.2208489,0.7791998,0.4908204,0.321199,
1,41,120.527,0.3423899,1.158779,-0.4533088,0.2218852,0.7789125,0.4904733,0.3217115,
1,41,120.529,0.3423899,1.158779,-0.4533088,0.2218852,0.7789125,0.4904733,0.3217115,
1,41,120.531,0.3423899,1.158779,-0.4533088,0.2218852,0.7789125,0.4904733,0.3217115,
1,41,120.533,0.3423899,1.158779,-0.4533088,0.2218852,0.7789125,0.4904733,0.3217115,
1,41,120.535,0.3422928,1.158717,-0.4534658,0.2225643,0.7789481,0.4901816,0.3216007,
1,41,120.537,0.3422928,1.158717,-0.4534658,0.2225643,0.7789481,0.4901816,0.3216007,
1,41,120.539,0.3422928,1.158717,-0.4534658,0.2225643,0.7789481,0.4901816,0.3216007,
1,41,120.541,0.3422928,1.158717,-0.4534658,0.2225643,0.7789481,0.4901816,0.3216007,
1,41,120.543,0.3422258,1.158685,-0.4537384,0.2233051,0.7790274,0.4899131,0.321304,
1,41,120.545,0.3422258,1.158685,-0.4537384,0.2233051,0.7790274,0.4899131,0.321304,
1,41,120.547,0.3422258,1.158685,-0.4537384,0.2233051,0.7790274,0.4899131,0.321304,
1,41,120.549,0.3422258,1.158685,-0.4537384,0.2233051,0.7790274,0.4899131,0.321304,
1,41,120.551,0.342243,1.158653,-0.4538996,0.2236004,0.7791157,0.4897697,0.3211035,
1,41,120.553,0.342243,1.158653,-0.4538996,0.2236004,0.7791157,0.4897697,0.3211035,
1,41,120.555,0.342243,1.158653,-0.4538996,0.2236004,0.7791157,0.4897697,0.3211035,
1,41,120.557,0.342243,1.158653,-0.4538996,0.2236004,0.7791157,0.4897697,0.3211035,
1,41,120.559,0.3422767,1.158668,-0.4541024,0.2240871,0.778919,0.4896179,0.3214723,
1,41,120.561,0.3422767,1.158668,-0.4541024,0.2240871,0.778919,0.4896179,0.3214723,
1,41,120.563,0.3422767,1.158668,-0.4541024,0.2240871,0.778919,0.4896179,0.3214723,
1,41,120.565,0.3422767,1.158668,-0.4541024,0.2240871,0.778919,0.4896179,0.3214723,
1,41,120.567,0.3422767,1.158668,-0.4541024,0.2240871,0.778919,0.4896179,0.3214723,
1,41,120.569,0.3422157,1.15866,-0.4543315,0.2244965,0.7788016,0.4894437,0.3217365,
1,41,120.571,0.3422157,1.15866,-0.4543315,0.2244965,0.7788016,0.4894437,0.3217365,
1,41,120.573,0.3422157,1.15866,-0.4543315,0.2244965,0.7788016,0.4894437,0.3217365,
1,41,120.575,0.3422157,1.15866,-0.4543315,0.2244965,0.7788016,0.4894437,0.3217365,
1,41,120.577,0.3422449,1.158683,-0.4545841,0.2246245,0.7787232,0.4893634,0.3219588,
1,41,120.579,0.3422449,1.158683,-0.4545841,0.2246245,0.7787232,0.4893634,0.3219588,
1,41,120.581,0.3422449,1.158683,-0.4545841,0.2246245,0.7787232,0.4893634,0.3219588,
1,41,120.583,0.3422449,1.158683,-0.4545841,0.2246245,0.7787232,0.4893634,0.3219588,
1,41,120.585,0.3422384,1.158644,-0.4547941,0.2246467,0.778697,0.489279,0.3221349,
1,41,120.587,0.3422384,1.158644,-0.4547941,0.2246467,0.778697,0.489279,0.3221349,
1,41,120.589,0.3422384,1.158644,-0.4547941,0.2246467,0.778697,0.489279,0.3221349,
1,41,120.591,0.3422384,1.158644,-0.4547941,0.2246467,0.778697,0.489279,0.3221349,
1,41,120.593,0.3421345,1.158572,-0.4550082,0.2246862,0.7785843,0.4891211,0.3226191,
1,41,120.595,0.3421345,1.158572,-0.4550082,0.2246862,0.7785843,0.4891211,0.3226191,
1,41,120.597,0.3421345,1.158572,-0.4550082,0.2246862,0.7785843,0.4891211,0.3226191,
1,41,120.599,0.3421345,1.158572,-0.4550082,0.2246862,0.7785843,0.4891211,0.3226191,
1,41,120.601,0.3420352,1.15852,-0.4552226,0.2246289,0.7784761,0.4890695,0.3229983,
1,41,120.603,0.3420352,1.15852,-0.4552226,0.2246289,0.7784761,0.4890695,0.3229983,
1,41,120.605,0.3420352,1.15852,-0.4552226,0.2246289,0.7784761,0.4890695,0.3229983,
1,41,120.607,0.3420352,1.15852,-0.4552226,0.2246289,0.7784761,0.4890695,0.3229983,
1,41,120.609,0.3419321,1.1585,-0.4554223,0.2243479,0.7784362,0.4891625,0.3231488,
1,41,120.611,0.3419321,1.1585,-0.4554223,0.2243479,0.7784362,0.4891625,0.3231488,
1,41,120.613,0.3419321,1.1585,-0.4554223,0.2243479,0.7784362,0.4891625,0.3231488,
1,41,120.615,0.3419321,1.1585,-0.4554223,0.2243479,0.7784362,0.4891625,0.3231488,
1,41,120.617,0.3419321,1.1585,-0.4554223,0.2243479,0.7784362,0.4891625,0.3231488,
1,41,120.619,0.3420281,1.158537,-0.4556615,0.2234814,0.7784692,0.4895042,0.3231521,
1,41,120.621,0.3420281,1.158537,-0.4556615,0.2234814,0.7784692,0.4895042,0.3231521,
1,41,120.623,0.3420281,1.158537,-0.4556615,0.2234814,0.7784692,0.4895042,0.3231521,
1,41,120.625,0.3420281,1.158537,-0.4556615,0.2234814,0.7784692,0.4895042,0.3231521,
1,41,120.627,0.3420843,1.158533,-0.4557936,0.2230408,0.7783592,0.4897064,0.3234153,
1,41,120.629,0.3420843,1.158533,-0.4557936,0.2230408,0.7783592,0.4897064,0.3234153,
1,41,120.631,0.3420843,1.158533,-0.4557936,0.2230408,0.7783592,0.4897064,0.3234153,
1,41,120.633,0.3420843,1.158533,-0.4557936,0.2230408,0.7783592,0.4897064,0.3234153,
1,41,120.635,0.3423347,1.158594,-0.4559558,0.222445,0.7781612,0.4900533,0.3237764,
1,41,120.637,0.3423347,1.158594,-0.4559558,0.222445,0.7781612,0.4900533,0.3237764,
1,41,120.639,0.3423347,1.158594,-0.4559558,0.222445,0.7781612,0.4900533,0.3237764,
1,41,120.641,0.3423347,1.158594,-0.4559558,0.222445,0.7781612,0.4900533,0.3237764,
1,41,120.643,0.342424,1.158555,-0.4560643,0.2219547,0.7780461,0.4903076,0.3240045,
1,41,120.645,0.342424,1.158555,-0.4560643,0.2219547,0.7780461,0.4903076,0.3240045,
1,41,120.647,0.342424,1.158555,-0.4560643,0.2219547,0.7780461,0.4903076,0.3240045,
1,41,120.649,0.342424,1.158555,-0.4560643,0.2219547,0.7780461,0.4903076,0.3240045,
1,41,120.651,0.3425252,1.158601,-0.4562091,0.2214711,0.7779539,0.4906573,0.3240272,
1,41,120.653,0.3425252,1.158601,-0.4562091,0.2214711,0.7779539,0.4906573,0.3240272,
1,41,120.655,0.3425252,1.158601,-0.4562091,0.2214711,0.7779539,0.4906573,0.3240272,
1,41,120.657,0.3425252,1.158601,-0.4562091,0.2214711,0.7779539,0.4906573,0.3240272,
1,41,120.659,0.3425921,1.158667,-0.4563272,0.2211227,0.7778426,0.4909931,0.3240238,
1,41,120.661,0.3425921,1.158667,-0.4563272,0.2211227,0.7778426,0.4909931,0.3240238,
1,41,120.663,0.3425921,1.158667,-0.4563272,0.2211227,0.7778426,0.4909931,0.3240238,
1,41,120.665,0.3425921,1.158667,-0.4563272,0.2211227,0.7778426,0.4909931,0.3240238,
1,41,120.667,0.3425921,1.158667,-0.4563272,0.2211227,0.7778426,0.4909931,0.3240238,
1,41,120.669,0.342607,1.15866,-0.4564122,0.2207806,0.7779113,0.4912468,0.3237073,
1,41,120.671,0.342607,1.15866,-0.4564122,0.2207806,0.7779113,0.4912468,0.3237073,
1,41,120.673,0.342607,1.15866,-0.4564122,0.2207806,0.7779113,0.4912468,0.3237073,
1,41,120.675,0.342607,1.15866,-0.4564122,0.2207806,0.7779113,0.4912468,0.3237073,
1,41,120.677,0.3427082,1.158733,-0.4565429,0.2207564,0.7777129,0.4915036,0.3238112,
1,41,120.679,0.3427082,1.158733,-0.4565429,0.2207564,0.7777129,0.4915036,0.3238112,
1,41,120.681,0.3427082,1.158733,-0.4565429,0.2207564,0.7777129,0.4915036,0.3238112,
1,41,120.683,0.3427082,1.158733,-0.4565429,0.2207564,0.7777129,0.4915036,0.3238112,
1,41,120.685,0.3428386,1.15879,-0.4566687,0.2209471,0.7774509,0.4917189,0.3239831,
1,41,120.687,0.3428386,1.15879,-0.4566687,0.2209471,0.7774509,0.4917189,0.3239831,
1,41,120.689,0.3428386,1.15879,-0.4566687,0.2209471,0.7774509,0.4917189,0.3239831,
1,41,120.691,0.3428386,1.15879,-0.4566687,0.2209471,0.7774509,0.4917189,0.3239831,
1,41,120.693,0.3430107,1.158676,-0.4567265,0.2214437,0.7772292,0.4919539,0.3238193,
1,41,120.695,0.3430107,1.158676,-0.4567265,0.2214437,0.7772292,0.4919539,0.3238193,
1,41,120.697,0.3430107,1.158676,-0.4567265,0.2214437,0.7772292,0.4919539,0.3238193,
1,41,120.699,0.3430107,1.158676,-0.4567265,0.2214437,0.7772292,0.4919539,0.3238193,
1,41,120.701,0.3431494,1.158723,-0.4568837,0.2219291,0.7769709,0.4922791,0.3236124,
1,41,120.703,0.3431494,1.158723,-0.4568837,0.2219291,0.7769709,0.4922791,0.3236124,
1,41,120.705,0.3431494,1.158723,-0.4568837,0.2219291,0.7769709,0.4922791,0.3236124,
1,41,120.707,0.3431494,1.158723,-0.4568837,0.2219291,0.7769709,0.4922791,0.3236124,
1,41,120.709,0.343313,1.158767,-0.4570644,0.2223961,0.7768026,0.4926457,0.3231378,
1,41,120.711,0.343313,1.158767,-0.4570644,0.2223961,0.7768026,0.4926457,0.3231378,
1,41,120.713,0.343313,1.158767,-0.4570644,0.2223961,0.7768026,0.4926457,0.3231378,
1,41,120.715,0.343313,1.158767,-0.4570644,0.2223961,0.7768026,0.4926457,0.3231378,
1,41,120.717,0.343313,1.158767,-0.4570644,0.2223961,0.7768026,0.4926457,0.3231378,
1,41,120.719,0.3433889,1.158621,-0.4572294,0.2231566,0.7766025,0.4927479,0.3229384,
1,41,120.721,0.3433889,1.158621,-0.4572294,0.2231566,0.7766025,0.4927479,0.3229384,
1,41,120.723,0.3433889,1.158621,-0.4572294,0.2231566,0.7766025,0.4927479,0.3229384,
1,41,120.725,0.3433889,1.158621,-0.4572294,0.2231566,0.7766025,0.4927479,0.3229384,
1,41,120.727,0.3434241,1.158507,-0.4574264,0.2244833,0.7761353,0.4927725,0.3231044,
1,41,120.729,0.3434241,1.158507,-0.4574264,0.2244833,0.7761353,0.4927725,0.3231044,
1,41,120.731,0.3434241,1.158507,-0.4574264,0.2244833,0.7761353,0.4927725,0.3231044,
1,41,120.733,0.3434241,1.158507,-0.4574264,0.2244833,0.7761353,0.4927725,0.3231044,
1,41,120.735,0.3435128,1.158592,-0.4578069,0.2262043,0.7752748,0.4929399,0.3237144,
1,41,120.737,0.3435128,1.158592,-0.4578069,0.2262043,0.7752748,0.4929399,0.3237144,
1,41,120.739,0.3435128,1.158592,-0.4578069,0.2262043,0.7752748,0.4929399,0.3237144,
1,41,120.741,0.3435128,1.158592,-0.4578069,0.2262043,0.7752748,0.4929399,0.3237144,
1,41,120.743,0.3435521,1.158642,-0.4582619,0.2279225,0.7744973,0.4931705,0.3240188,
1,41,120.745,0.3435521,1.158642,-0.4582619,0.2279225,0.7744973,0.4931705,0.3240188,
1,41,120.747,0.3435521,1.158642,-0.4582619,0.2279225,0.7744973,0.4931705,0.3240188,
1,41,120.749,0.3435521,1.158642,-0.4582619,0.2279225,0.7744973,0.4931705,0.3240188,
1,41,120.751,0.3436607,1.158695,-0.4586388,0.2293636,0.7738816,0.4934986,0.3239734,
1,41,120.753,0.3436607,1.158695,-0.4586388,0.2293636,0.7738816,0.4934986,0.3239734,
1,41,120.755,0.3436607,1.158695,-0.4586388,0.2293636,0.7738816,0.4934986,0.3239734,
1,41,120.757,0.3436607,1.158695,-0.4586388,0.2293636,0.7738816,0.4934986,0.3239734,
1,41,120.759,0.3437414,1.158702,-0.4589221,0.2306828,0.7734077,0.4938744,0.3235956,
1,41,120.761,0.3437414,1.158702,-0.4589221,0.2306828,0.7734077,0.4938744,0.3235956,
1,41,120.763,0.3437414,1.158702,-0.4589221,0.2306828,0.7734077,0.4938744,0.3235956,
1,41,120.765,0.3437414,1.158702,-0.4589221,0.2306828,0.7734077,0.4938744,0.3235956,
1,41,120.767,0.3437414,1.158702,-0.4589221,0.2306828,0.7734077,0.4938744,0.3235956,
1,41,120.769,0.3437287,1.158809,-0.4593614,0.233281,0.7722141,0.4943258,0.3238944,
1,41,120.771,0.3437287,1.158809,-0.4593614,0.233281,0.7722141,0.4943258,0.3238944,
1,41,120.773,0.3437287,1.158809,-0.4593614,0.233281,0.7722141,0.4943258,0.3238944,
1,41,120.775,0.3437287,1.158809,-0.4593614,0.233281,0.7722141,0.4943258,0.3238944,
1,41,120.777,0.3437245,1.158803,-0.4596169,0.2352115,0.7713515,0.4945246,0.3242497,
1,41,120.779,0.3437245,1.158803,-0.4596169,0.2352115,0.7713515,0.4945246,0.3242497,
1,41,120.781,0.3437245,1.158803,-0.4596169,0.2352115,0.7713515,0.4945246,0.3242497,
1,41,120.783,0.3437245,1.158803,-0.4596169,0.2352115,0.7713515,0.4945246,0.3242497,
1,41,120.785,0.3438167,1.158958,-0.4599549,0.2372757,0.7701461,0.4949289,0.3249934,
1,41,120.787,0.3438167,1.158958,-0.4599549,0.2372757,0.7701461,0.4949289,0.3249934,
1,41,120.789,0.3438167,1.158958,-0.4599549,0.2372757,0.7701461,0.4949289,0.3249934,
1,41,120.791,0.3438167,1.158958,-0.4599549,0.2372757,0.7701461,0.4949289,0.3249934,
1,41,120.793,0.343864,1.159101,-0.4601489,0.2393002,0.7691215,0.4954171,0.3251916,
1,41,120.795,0.343864,1.159101,-0.4601489,0.2393002,0.7691215,0.4954171,0.3251916,
1,41,120.797,0.343864,1.159101,-0.4601489,0.2393002,0.7691215,0.4954171,0.3251916,
1,41,120.799,0.343864,1.159101,-0.4601489,0.2393002,0.7691215,0.4954171,0.3251916,
1,41,120.801,0.3438703,1.159313,-0.4604723,0.2409472,0.7684003,0.4960128,0.324772,
1,41,120.803,0.3438703,1.159313,-0.4604723,0.2409472,0.7684003,0.4960128,0.324772,
1,41,120.805,0.3438703,1.159313,-0.4604723,0.2409472,0.7684003,0.4960128,0.324772,
1,41,120.807,0.3438703,1.159313,-0.4604723,0.2409472,0.7684003,0.4960128,0.324772,
1,41,120.809,0.343816,1.159482,-0.4608021,0.2426862,0.7676625,0.4965327,0.3244269,
1,41,120.811,0.343816,1.159482,-0.4608021,0.2426862,0.7676625,0.4965327,0.3244269,
1,41,120.813,0.343816,1.159482,-0.4608021,0.2426862,0.7676625,0.4965327,0.3244269,
1,41,120.815,0.343816,1.159482,-0.4608021,0.2426862,0.7676625,0.4965327,0.3244269,
1,41,120.817,0.343816,1.159482,-0.4608021,0.2426862,0.7676625,0.4965327,0.3244269,
1,41,120.819,0.3438262,1.159784,-0.4612362,0.2447308,0.7665997,0.4969661,0.3247409,
1,41,120.821,0.3438262,1.159784,-0.4612362,0.2447308,0.7665997,0.4969661,0.3247409,
1,41,120.823,0.3438262,1.159784,-0.4612362,0.2447308,0.7665997,0.4969661,0.3247409,
1,41,120.825,0.3438262,1.159784,-0.4612362,0.2447308,0.7665997,0.4969661,0.3247409,
1,41,120.827,0.3435522,1.159904,-0.4615043,0.2468371,0.7659252,0.4970282,0.3246431,
1,41,120.829,0.3435522,1.159904,-0.4615043,0.2468371,0.7659252,0.4970282,0.3246431,
1,41,120.831,0.3435522,1.159904,-0.4615043,0.2468371,0.7659252,0.4970282,0.3246431,
1,41,120.833,0.3435522,1.159904,-0.4615043,0.2468371,0.7659252,0.4970282,0.3246431,
1,41,120.835,0.3431909,1.159906,-0.4617482,0.2486085,0.7655149,0.4968981,0.3244584,
1,41,120.837,0.3431909,1.159906,-0.4617482,0.2486085,0.7655149,0.4968981,0.3244584,
1,41,120.839,0.3431909,1.159906,-0.4617482,0.2486085,0.7655149,0.4968981,0.3244584,
1,41,120.841,0.3431909,1.159906,-0.4617482,0.2486085,0.7655149,0.4968981,0.3244584,
1,41,120.843,0.343051,1.160004,-0.4619817,0.2499996,0.7652643,0.4967089,0.3242701,
1,41,120.845,0.343051,1.160004,-0.4619817,0.2499996,0.7652643,0.4967089,0.3242701,
1,41,120.847,0.343051,1.160004,-0.4619817,0.2499996,0.7652643,0.4967089,0.3242701,
1,41,120.849,0.343051,1.160004,-0.4619817,0.2499996,0.7652643,0.4967089,0.3242701,
1,41,120.851,0.3429835,1.160151,-0.4621757,0.2512106,0.7650287,0.4964501,0.3242865,
1,41,120.853,0.3429835,1.160151,-0.4621757,0.2512106,0.7650287,0.4964501,0.3242865,
1,41,120.855,0.3429835,1.160151,-0.4621757,0.2512106,0.7650287,0.4964501,0.3242865,
1,41,120.857,0.3429835,1.160151,-0.4621757,0.2512106,0.7650287,0.4964501,0.3242865,
1,41,120.859,0.3430814,1.160403,-0.4623648,0.2523231,0.7648848,0.496077,0.3243331,
1,41,120.861,0.3430814,1.160403,-0.4623648,0.2523231,0.7648848,0.496077,0.3243331,
1,41,120.863,0.3430814,1.160403,-0.4623648,0.2523231,0.7648848,0.496077,0.3243331,
1,41,120.865,0.3430814,1.160403,-0.4623648,0.2523231,0.7648848,0.496077,0.3243331,
1,41,120.867,0.3430814,1.160403,-0.4623648,0.2523231,0.7648848,0.496077,0.3243331,
1,41,120.869,0.3431171,1.160511,-0.4625986,0.2531288,0.7648892,0.4955713,0.324468,
1,41,120.871,0.3431171,1.160511,-0.4625986,0.2531288,0.7648892,0.4955713,0.324468,
1,41,120.873,0.3431171,1.160511,-0.4625986,0.2531288,0.7648892,0.4955713,0.324468,
1,41,120.875,0.3431171,1.160511,-0.4625986,0.2531288,0.7648892,0.4955713,0.324468,
1,41,120.877,0.3430357,1.16054,-0.4628423,0.2537325,0.7651062,0.4949145,0.3244874,
1,41,120.879,0.3430357,1.16054,-0.4628423,0.2537325,0.7651062,0.4949145,0.3244874,
1,41,120.881,0.3430357,1.16054,-0.4628423,0.2537325,0.7651062,0.4949145,0.3244874,
1,41,120.883,0.3430357,1.16054,-0.4628423,0.2537325,0.7651062,0.4949145,0.3244874,
1,41,120.885,0.3429412,1.160614,-0.4631146,0.2541077,0.7655193,0.4942065,0.3242986,
1,41,120.887,0.3429412,1.160614,-0.4631146,0.2541077,0.7655193,0.4942065,0.3242986,
1,41,120.889,0.3429412,1.160614,-0.4631146,0.2541077,0.7655193,0.4942065,0.3242986,
1,41,120.891,0.3429412,1.160614,-0.4631146,0.2541077,0.7655193,0.4942065,0.3242986,
1,41,120.893,0.3429155,1.160714,-0.463453,0.2541791,0.7658799,0.493522,0.3244333,
1,41,120.895,0.3429155,1.160714,-0.463453,0.2541791,0.7658799,0.493522,0.3244333,
1,41,120.897,0.3429155,1.160714,-0.463453,0.2541791,0.7658799,0.493522,0.3244333,
1,41,120.899,0.3429155,1.160714,-0.463453,0.2541791,0.7658799,0.493522,0.3244333,
1,41,120.901,0.3429414,1.1608,-0.46372,0.2539658,0.7662657,0.4929264,0.3245948,
1,41,120.903,0.3429414,1.1608,-0.46372,0.2539658,0.7662657,0.4929264,0.3245948,
1,41,120.905,0.3429414,1.1608,-0.46372,0.2539658,0.7662657,0.4929264,0.3245948,
1,41,120.907,0.3429414,1.1608,-0.46372,0.2539658,0.7662657,0.4929264,0.3245948,
1,41,120.909,0.3429369,1.160752,-0.4638859,0.2534453,0.7668533,0.4923007,0.3245637,
1,41,120.911,0.3429369,1.160752,-0.4638859,0.2534453,0.7668533,0.4923007,0.3245637,
1,41,120.913,0.3429369,1.160752,-0.4638859,0.2534453,0.7668533,0.4923007,0.3245637,
1,41,120.915,0.3429369,1.160752,-0.4638859,0.2534453,0.7668533,0.4923007,0.3245637,
1,41,120.917,0.3429369,1.160752,-0.4638859,0.2534453,0.7668533,0.4923007,0.3245637,
1,41,120.919,0.3430558,1.160581,-0.4640413,0.2525395,0.7675157,0.4917282,0.3245716,
1,41,120.921,0.3430558,1.160581,-0.4640413,0.2525395,0.7675157,0.4917282,0.3245716,
1,41,120.923,0.3430558,1.160581,-0.4640413,0.2525395,0.7675157,0.4917282,0.3245716,
1,41,120.925,0.3430558,1.160581,-0.4640413,0.2525395,0.7675157,0.4917282,0.3245716,
1,41,120.927,0.3432502,1.160437,-0.4641634,0.251451,0.7681589,0.4913164,0.3245189,
1,41,120.929,0.3432502,1.160437,-0.4641634,0.251451,0.7681589,0.4913164,0.3245189,
1,41,120.931,0.3432502,1.160437,-0.4641634,0.251451,0.7681589,0.4913164,0.3245189,
1,41,120.933,0.3432502,1.160437,-0.4641634,0.251451,0.7681589,0.4913164,0.3245189,
1,41,120.935,0.343353,1.160335,-0.4643025,0.2501435,0.7688835,0.4911115,0.3241236,
1,41,120.937,0.343353,1.160335,-0.4643025,0.2501435,0.7688835,0.4911115,0.3241236,
1,41,120.939,0.343353,1.160335,-0.4643025,0.2501435,0.7688835,0.4911115,0.3241236,
1,41,120.941,0.343353,1.160335,-0.4643025,0.2501435,0.7688835,0.4911115,0.3241236,
1,41,120.943,0.3435813,1.160506,-0.4645389,0.2486766,0.7694768,0.4912399,0.3236491,
1,41,120.945,0.3435813,1.160506,-0.4645389,0.2486766,0.7694768,0.4912399,0.3236491,
1,41,120.947,0.3435813,1.160506,-0.4645389,0.2486766,0.7694768,0.4912399,0.3236491,
1,41,120.949,0.3435813,1.160506,-0.4645389,0.2486766,0.7694768,0.4912399,0.3236491,
1,41,120.951,0.3436376,1.160571,-0.4646305,0.2473099,0.7701494,0.4912746,0.3230435,
1,41,120.953,0.3436376,1.160571,-0.4646305,0.2473099,0.7701494,0.4912746,0.3230435,
1,41,120.955,0.3436376,1.160571,-0.4646305,0.2473099,0.7701494,0.4912746,0.3230435,
1,41,120.957,0.3436376,1.160571,-0.4646305,0.2473099,0.7701494,0.4912746,0.3230435,
1,41,120.959,0.3438126,1.160614,-0.4647704,0.2459225,0.77069,0.4912912,0.3227879,
1,41,120.961,0.3438126,1.160614,-0.4647704,0.2459225,0.77069,0.4912912,0.3227879,
1,41,120.963,0.3438126,1.160614,-0.4647704,0.2459225,0.77069,0.4912912,0.3227879,
1,41,120.965,0.3438126,1.160614,-0.4647704,0.2459225,0.77069,0.4912912,0.3227879,
1,41,120.967,0.3438126,1.160614,-0.4647704,0.2459225,0.77069,0.4912912,0.3227879,
1,41,120.969,0.3439879,1.160654,-0.4649537,0.2448139,0.7710026,0.4913274,0.3228293,
1,41,120.971,0.3439879,1.160654,-0.4649537,0.2448139,0.7710026,0.4913274,0.3228293,
1,41,120.973,0.3439879,1.160654,-0.4649537,0.2448139,0.7710026,0.4913274,0.3228293,
1,41,120.975,0.3439879,1.160654,-0.4649537,0.2448139,0.7710026,0.4913274,0.3228293,
1,41,120.977,0.3442409,1.160642,-0.4651641,0.2436786,0.7713022,0.4913211,0.3229818,
1,41,120.979,0.3442409,1.160642,-0.4651641,0.2436786,0.7713022,0.4913211,0.3229818,
1,41,120.981,0.3442409,1.160642,-0.4651641,0.2436786,0.7713022,0.4913211,0.3229818,
1,41,120.983,0.3442409,1.160642,-0.4651641,0.2436786,0.7713022,0.4913211,0.3229818,
1,41,120.985,0.3443561,1.160532,-0.4652902,0.2427044,0.7716531,0.4912813,0.3229381,
1,41,120.987,0.3443561,1.160532,-0.4652902,0.2427044,0.7716531,0.4912813,0.3229381,
1,41,120.989,0.3443561,1.160532,-0.4652902,0.2427044,0.7716531,0.4912813,0.3229381,
1,41,120.991,0.3443561,1.160532,-0.4652902,0.2427044,0.7716531,0.4912813,0.3229381,
1,41,120.993,0.3444561,1.16046,-0.4654812,0.2418501,0.7718869,0.4913208,0.3229601,
1,41,120.995,0.3444561,1.16046,-0.4654812,0.2418501,0.7718869,0.4913208,0.3229601,
1,41,120.997,0.3444561,1.16046,-0.4654812,0.2418501,0.7718869,0.4913208,0.3229601,
1,41,120.999,0.3444561,1.16046,-0.4654812,0.2418501,0.7718869,0.4913208,0.3229601,
1,41,121.001,0.344439,1.160466,-0.4657197,0.2412337,0.7720847,0.4913871,0.322847,
1,41,121.003,0.344439,1.160466,-0.4657197,0.2412337,0.7720847,0.4913871,0.322847,
1,41,121.005,0.344439,1.160466,-0.4657197,0.2412337,0.7720847,0.4913871,0.322847,
1,41,121.007,0.344439,1.160466,-0.4657197,0.2412337,0.7720847,0.4913871,0.322847,
1,41,121.009,0.3445076,1.160419,-0.4659465,0.240554,0.7722628,0.491468,0.3228051,
1,41,121.011,0.3445076,1.160419,-0.4659465,0.240554,0.7722628,0.491468,0.3228051,
1,41,121.013,0.3445076,1.160419,-0.4659465,0.240554,0.7722628,0.491468,0.3228051,
1,41,121.015,0.3445076,1.160419,-0.4659465,0.240554,0.7722628,0.491468,0.3228051,
1,41,121.017,0.3445076,1.160419,-0.4659465,0.240554,0.7722628,0.491468,0.3228051,
1,41,121.019,0.3444891,1.160452,-0.466143,0.2405142,0.7721362,0.4915139,0.3230676,
1,41,121.021,0.3444891,1.160452,-0.466143,0.2405142,0.7721362,0.4915139,0.3230676,
1,41,121.023,0.3444891,1.160452,-0.466143,0.2405142,0.7721362,0.4915139,0.3230676,
1,41,121.025,0.3444891,1.160452,-0.466143,0.2405142,0.7721362,0.4915139,0.3230676,
1,41,121.027,0.3446063,1.160457,-0.4662597,0.2405016,0.772025,0.4915864,0.3232323,
1,41,121.029,0.3446063,1.160457,-0.4662597,0.2405016,0.772025,0.4915864,0.3232323,
1,41,121.031,0.3446063,1.160457,-0.4662597,0.2405016,0.772025,0.4915864,0.3232323,
1,41,121.033,0.3446063,1.160457,-0.4662597,0.2405016,0.772025,0.4915864,0.3232323,
1,41,121.035,0.344672,1.160403,-0.4663826,0.2404251,0.7720777,0.4916894,0.3230067,
1,41,121.037,0.344672,1.160403,-0.4663826,0.2404251,0.7720777,0.4916894,0.3230067,
1,41,121.039,0.344672,1.160403,-0.4663826,0.2404251,0.7720777,0.4916894,0.3230067,
1,41,121.041,0.344672,1.160403,-0.4663826,0.2404251,0.7720777,0.4916894,0.3230067,
1,41,121.043,0.3446739,1.160368,-0.4665811,0.2405929,0.7719806,0.4917971,0.32295,
1,41,121.045,0.3446739,1.160368,-0.4665811,0.2405929,0.7719806,0.4917971,0.32295,
1,41,121.047,0.3446739,1.160368,-0.4665811,0.2405929,0.7719806,0.4917971,0.32295,
1,41,121.049,0.3446739,1.160368,-0.4665811,0.2405929,0.7719806,0.4917971,0.32295,
1,41,121.051,0.3447396,1.160346,-0.4668099,0.2408379,0.771876,0.4919021,0.3228573,
1,41,121.053,0.3447396,1.160346,-0.4668099,0.2408379,0.771876,0.4919021,0.3228573,
1,41,121.055,0.3447396,1.160346,-0.4668099,0.2408379,0.771876,0.4919021,0.3228573,
1,41,121.057,0.3447396,1.160346,-0.4668099,0.2408379,0.771876,0.4919021,0.3228573,
1,41,121.059,0.3448068,1.160316,-0.467052,0.2413969,0.7715694,0.4919434,0.3231095,
1,41,121.061,0.3448068,1.160316,-0.467052,0.2413969,0.7715694,0.4919434,0.3231095,
1,41,121.063,0.3448068,1.160316,-0.467052,0.2413969,0.7715694,0.4919434,0.3231095,
1,41,121.065,0.3448068,1.160316,-0.467052,0.2413969,0.7715694,0.4919434,0.3231095,
1,41,121.067,0.3448068,1.160316,-0.467052,0.2413969,0.7715694,0.4919434,0.3231095,
1,41,121.069,0.3448439,1.160293,-0.4672869,0.2420442,0.7712285,0.4919676,0.3234025,
1,41,121.071,0.3448439,1.160293,-0.4672869,0.2420442,0.7712285,0.4919676,0.3234025,
1,41,121.073,0.3448439,1.160293,-0.4672869,0.2420442,0.7712285,0.4919676,0.3234025,
1,41,121.075,0.3448439,1.160293,-0.4672869,0.2420442,0.7712285,0.4919676,0.3234025,
1,41,121.077,0.3447527,1.160254,-0.4675154,0.2427854,0.7709964,0.4919535,0.3234219,
1,41,121.079,0.3447527,1.160254,-0.4675154,0.2427854,0.7709964,0.4919535,0.3234219,
1,41,121.081,0.3447527,1.160254,-0.4675154,0.2427854,0.7709964,0.4919535,0.3234219,
1,41,121.083,0.3447527,1.160254,-0.4675154,0.2427854,0.7709964,0.4919535,0.3234219,
1,41,121.085,0.3446798,1.160231,-0.4678513,0.243945,0.7705334,0.4919768,0.3236169,
1,41,121.087,0.3446798,1.160231,-0.4678513,0.243945,0.7705334,0.4919768,0.3236169,
1,41,121.089,0.3446798,1.160231,-0.4678513,0.243945,0.7705334,0.4919768,0.3236169,
1,41,121.091,0.3446798,1.160231,-0.4678513,0.243945,0.7705334,0.4919768,0.3236169,
1,41,121.093,0.3446361,1.160089,-0.468024,0.2446624,0.770288,0.4919066,0.3237665,
1,41,121.095,0.3446361,1.160089,-0.468024,0.2446624,0.770288,0.4919066,0.3237665,
1,41,121.097,0.3446361,1.160089,-0.468024,0.2446624,0.770288,0.4919066,0.3237665,
1,41,121.099,0.3446361,1.160089,-0.468024,0.2446624,0.770288,0.4919066,0.3237665,
1,41,121.101,0.3445792,1.16,-0.4682082,0.2453856,0.7700877,0.4918447,0.3237893,
1,41,121.103,0.3445792,1.16,-0.4682082,0.2453856,0.7700877,0.4918447,0.3237893,
1,41,121.105,0.3445792,1.16,-0.4682082,0.2453856,0.7700877,0.4918447,0.3237893,
1,41,121.107,0.3445792,1.16,-0.4682082,0.2453856,0.7700877,0.4918447,0.3237893,
1,41,121.109,0.344512,1.159986,-0.46849,0.2462443,0.7696782,0.4918281,0.3241364,
1,41,121.111,0.344512,1.159986,-0.46849,0.2462443,0.7696782,0.4918281,0.3241364,
1,41,121.113,0.344512,1.159986,-0.46849,0.2462443,0.7696782,0.4918281,0.3241364,
1,41,121.115,0.344512,1.159986,-0.46849,0.2462443,0.7696782,0.4918281,0.3241364,
1,41,121.117,0.344512,1.159986,-0.46849,0.2462443,0.7696782,0.4918281,0.3241364,
1,41,121.119,0.344422,1.160052,-0.4687316,0.247088,0.7693677,0.4918578,0.3241864,
1,41,121.121,0.344422,1.160052,-0.4687316,0.247088,0.7693677,0.4918578,0.3241864,
1,41,121.123,0.344422,1.160052,-0.4687316,0.247088,0.7693677,0.4918578,0.3241864,
1,41,121.125,0.344422,1.160052,-0.4687316,0.247088,0.7693677,0.4918578,0.3241864,
1,41,121.127,0.3442867,1.16014,-0.4689272,0.2478839,0.7690572,0.4918897,0.3242673,
1,41,121.129,0.3442867,1.16014,-0.4689272,0.2478839,0.7690572,0.4918897,0.3242673,
1,41,121.131,0.3442867,1.16014,-0.4689272,0.2478839,0.7690572,0.4918897,0.3242673,
1,41,121.133,0.3442867,1.16014,-0.4689272,0.2478839,0.7690572,0.4918897,0.3242673,
1,41,121.135,0.3441757,1.160222,-0.4691118,0.2486628,0.7687452,0.4918948,0.3244029,
1,41,121.137,0.3441757,1.160222,-0.4691118,0.2486628,0.7687452,0.4918948,0.3244029,
1,41,121.139,0.3441757,1.160222,-0.4691118,0.2486628,0.7687452,0.4918948,0.3244029,
1,41,121.141,0.3441757,1.160222,-0.4691118,0.2486628,0.7687452,0.4918948,0.3244029,
1,41,121.143,0.3440934,1.160253,-0.469299,0.249292,0.7685204,0.4918509,0.3245192,
1,41,121.145,0.3440934,1.160253,-0.469299,0.249292,0.7685204,0.4918509,0.3245192,
1,41,121.147,0.3440934,1.160253,-0.469299,0.249292,0.7685204,0.4918509,0.3245192,
1,41,121.149,0.3440934,1.160253,-0.469299,0.249292,0.7685204,0.4918509,0.3245192,
1,41,121.151,0.3438978,1.160265,-0.4694723,0.2499302,0.7683033,0.491751,0.3246936,
1,41,121.153,0.3438978,1.160265,-0.4694723,0.2499302,0.7683033,0.491751,0.3246936,
1,41,121.155,0.3438978,1.160265,-0.4694723,0.2499302,0.7683033,0.491751,0.3246936,
1,41,121.157,0.3438978,1.160265,-0.4694723,0.2499302,0.7683033,0.491751,0.3246936,
1,41,121.159,0.3437528,1.160248,-0.4696602,0.2505208,0.7681063,0.4916593,0.3248433,
1,41,121.161,0.3437528,1.160248,-0.4696602,0.2505208,0.7681063,0.4916593,0.3248433,
1,41,121.163,0.3437528,1.160248,-0.4696602,0.2505208,0.7681063,0.4916593,0.3248433,
1,41,121.165,0.3437528,1.160248,-0.4696602,0.2505208,0.7681063,0.4916593,0.3248433,
1,41,121.167,0.3437528,1.160248,-0.4696602,0.2505208,0.7681063,0.4916593,0.3248433,
1,41,121.169,0.343581,1.160282,-0.4698074,0.2508491,0.7679676,0.4916302,0.3249621,
1,41,121.171,0.343581,1.160282,-0.4698074,0.2508491,0.7679676,0.4916302,0.3249621,
1,41,121.173,0.343581,1.160282,-0.4698074,0.2508491,0.7679676,0.4916302,0.3249621,
1,41,121.175,0.343581,1.160282,-0.4698074,0.2508491,0.7679676,0.4916302,0.3249621,
1,41,121.177,0.3434597,1.160295,-0.4699305,0.2510703,0.767826,0.4916047,0.3251644,
1,41,121.179,0.3434597,1.160295,-0.4699305,0.2510703,0.767826,0.4916047,0.3251644,
1,41,121.181,0.3434597,1.160295,-0.4699305,0.2510703,0.767826,0.4916047,0.3251644,CourtEnter
1,41,121.183,0.3434597,1.160295,-0.4699305,0.2510703,0.767826,0.4916047,0.3251644,
1,41,121.185,0.3433381,1.160316,-0.4700402,0.2511638,0.7677166,0.4916069,0.325347,
1,41,121.187,0.3433381,1.160316,-0.4700402,0.2511638,0.7677166,0.4916069,0.325347,
1,41,121.189,0.3433381,1.160316,-0.4700402,0.2511638,0.7677166,0.4916069,0.325347,CourtExit
1,41,121.191,0.3433381,1.160316,-0.4700402,0.2511638,0.7677166,0.4916069,0.325347,
1,41,121.193,0.3431827,1.160325,-0.4701255,0.2511554,0.7676683,0.4916112,0.325461,
1,41,121.195,0.3431827,1.160325,-0.4701255,0.2511554,0.7676683,0.4916112,0.325461,
1,41,121.197,0.3431827,1.160325,-0.4701255,0.2511554,0.7676683,0.4916112,0.325461,
1,41,121.199,0.3431827,1.160325,-0.4701255,0.2511554,0.7676683,0.4916112,0.325461,
1,41,121.201,0.3429573,1.160337,-0.4702313,0.2510938,0.7676105,0.4916596,0.3255714,
1,41,121.203,0.3429573,1.160337,-0.4702313,0.2510938,0.7676105,0.4916596,0.3255714,
1,41,121.205,0.3429573,1.160337,-0.4702313,0.2510938,0.7676105,0.4916596,0.3255714,
1,41,121.207,0.3429573,1.160337,-0.4702313,0.2510938,0.7676105,0.4916596,0.3255714,
1,41,121.209,0.3429038,1.160365,-0.4703258,0.2508636,0.7675034,0.4917701,0.3258345,
1,41,121.211,0.3429038,1.160365,-0.4703258,0.2508636,0.7675034,0.4917701,0.3258345,
1,41,121.213,0.3429038,1.160365,-0.4703258,0.2508636,0.7675034,0.4917701,0.3258345,
1,41,121.215,0.3429038,1.160365,-0.4703258,0.2508636,0.7675034,0.4917701,0.3258345,
1,41,121.217,0.3429038,1.160365,-0.4703258,0.2508636,0.7675034,0.4917701,0.3258345,
1,41,121.219,0.3428469,1.160378,-0.4704261,0.2505578,0.7674501,0.4918621,0.3260565,
1,41,121.221,0.3428469,1.160378,-0.4704261,0.2505578,0.7674501,0.4918621,0.3260565,
1,41,121.223,0.3428469,1.160378,-0.4704261,0.2505578,0.7674501,0.4918621,0.3260565,
1,41,121.225,0.3428469,1.160378,-0.4704261,0.2505578,0.7674501,0.4918621,0.3260565,
1,41,121.227,0.3426995,1.160313,-0.4705028,0.2501806,0.7675179,0.4918864,0.3261498,
1,41,121.229,0.3426995,1.160313,-0.4705028,0.2501806,0.7675179,0.4918864,0.3261498,
1,41,121.231,0.3426995,1.160313,-0.4705028,0.2501806,0.7675179,0.4918864,0.3261498,
1,41,121.233,0.3426995,1.160313,-0.4705028,0.2501806,0.7675179,0.4918864,0.3261498,
1,41,121.235,0.3425682,1.160335,-0.4706391,0.2495637,0.7674994,0.4920939,0.3263528,
1,41,121.237,0.3425682,1.160335,-0.4706391,0.2495637,0.7674994,0.4920939,0.3263528,
1,41,121.239,0.3425682,1.160335,-0.4706391,0.2495637,0.7674994,0.4920939,0.3263528,
1,41,121.241,0.3425682,1.160335,-0.4706391,0.2495637,0.7674994,0.4920939,0.3263528,
1,41,121.243,0.3426878,1.160364,-0.470727,0.2489958,0.7674351,0.4923211,0.3265952,
1,41,121.245,0.3426878,1.160364,-0.470727,0.2489958,0.7674351,0.4923211,0.3265952,
1,41,121.247,0.3426878,1.160364,-0.470727,0.2489958,0.7674351,0.4923211,0.3265952,
1,41,121.249,0.3426878,1.160364,-0.470727,0.2489958,0.7674351,0.4923211,0.3265952,
1,41,121.251,0.3426855,1.160285,-0.4707039,0.2484164,0.7675474,0.4924721,0.3265449,
1,41,121.253,0.3426855,1.160285,-0.4707039,0.2484164,0.7675474,0.4924721,0.3265449,
1,41,121.255,0.3426855,1.160285,-0.4707039,0.2484164,0.7675474,0.4924721,0.3265449,
1,41,121.257,0.3426855,1.160285,-0.4707039,0.2484164,0.7675474,0.4924721,0.3265449,
1,41,121.259,0.3428148,1.160351,-0.4707819,0.2479526,0.7674192,0.4927465,0.3267848,
1,41,121.261,0.3428148,1.160351,-0.4707819,0.2479526,0.7674192,0.4927465,0.3267848,
1,41,121.263,0.3428148,1.160351,-0.4707819,0.2479526,0.7674192,0.4927465,0.3267848,
1,41,121.265,0.3428148,1.160351,-0.4707819,0.2479526,0.7674192,0.4927465,0.3267848,
1,41,121.267,0.3428148,1.160351,-0.4707819,0.2479526,0.7674192,0.4927465,0.3267848,
1,41,121.269,0.3428153,1.16038,-0.4708192,0.2474752,0.7674491,0.4929574,0.3267582,
1,41,121.271,0.3428153,1.16038,-0.4708192,0.2474752,0.7674491,0.4929574,0.3267582,
1,41,121.273,0.3428153,1.16038,-0.4708192,0.2474752,0.7674491,0.4929574,0.3267582,
1,41,121.275,0.3428153,1.16038,-0.4708192,0.2474752,0.7674491,0.4929574,0.3267582,
1,41,121.277,0.3427645,1.160336,-0.4708482,0.2470954,0.7674983,0.4931022,0.3267116,
1,41,121.279,0.3427645,1.160336,-0.4708482,0.2470954,0.7674983,0.4931022,0.3267116,
1,41,121.281,0.3427645,1.160336,-0.4708482,0.2470954,0.7674983,0.4931022,0.3267116,
1,41,121.283,0.3427645,1.160336,-0.4708482,0.2470954,0.7674983,0.4931022,0.3267116,
1,41,121.285,0.3426872,1.160255,-0.4708946,0.2467601,0.7675872,0.4932291,0.3265644,
1,41,121.287,0.3426872,1.160255,-0.4708946,0.2467601,0.7675872,0.4932291,0.3265644,
1,41,121.289,0.3426872,1.160255,-0.4708946,0.2467601,0.7675872,0.4932291,0.3265644,
1,41,121.291,0.3426872,1.160255,-0.4708946,0.2467601,0.7675872,0.4932291,0.3265644,
1,41,121.293,0.3426282,1.160247,-0.4709684,0.2464888,0.7676542,0.4934034,0.3263485,
1,41,121.295,0.3426282,1.160247,-0.4709684,0.2464888,0.7676542,0.4934034,0.3263485,
1,41,121.297,0.3426282,1.160247,-0.4709684,0.2464888,0.7676542,0.4934034,0.3263485,
1,41,121.299,0.3426282,1.160247,-0.4709684,0.2464888,0.7676542,0.4934034,0.3263485,
1,41,121.301,0.3427365,1.16027,-0.4710353,0.2461472,0.7676775,0.4936275,0.326213,
1,41,121.303,0.3427365,1.16027,-0.4710353,0.2461472,0.7676775,0.4936275,0.326213,
1,41,121.305,0.3427365,1.16027,-0.4710353,0.2461472,0.7676775,0.4936275,0.326213,
1,41,121.307,0.3427365,1.16027,-0.4710353,0.2461472,0.7676775,0.4936275,0.326213,
1,41,121.309,0.3427491,1.160264,-0.4710867,0.2460173,0.7676836,0.49374,0.3261262,
1,41,121.311,0.3427491,1.160264,-0.4710867,0.2460173,0.7676836,0.49374,0.3261262,
1,41,121.313,0.3427491,1.160264,-0.4710867,0.2460173,0.7676836,0.49374,0.3261262,
1,41,121.315,0.3427491,1.160264,-0.4710867,0.2460173,0.7676836,0.49374,0.3261262,
1,41,121.317,0.3427491,1.160264,-0.4710867,0.2460173,0.7676836,0.49374,0.3261262,
1,41,121.319,0.3427977,1.160277,-0.4711231,0.2460493,0.7675948,0.4937916,0.326233,
1,41,121.321,0.3427977,1.160277,-0.4711231,0.2460493,0.7675948,0.4937916,0.326233,
1,41,121.323,0.3427977,1.160277,-0.4711231,0.2460493,0.7675948,0.4937916,0.326233,
1,41,121.325,0.3427977,1.160277,-0.4711231,0.2460493,0.7675948,0.4937916,0.326233,
1,41,121.327,0.3429981,1.160334,-0.4711891,0.245961,0.7675136,0.4939378,0.3262692,
1,41,121.329,0.3429981,1.160334,-0.4711891,0.245961,0.7675136,0.4939378,0.3262692,
1,41,121.331,0.3429981,1.160334,-0.4711891,0.245961,0.7675136,0.4939378,0.3262692,
1,41,121.333,0.3429981,1.160334,-0.4711891,0.245961,0.7675136,0.4939378,0.3262692,
1,41,121.335,0.343075,1.160385,-0.4712473,0.2460082,0.7674842,0.4940115,0.3261912,
1,41,121.337,0.343075,1.160385,-0.4712473,0.2460082,0.7674842,0.4940115,0.3261912,
1,41,121.339,0.343075,1.160385,-0.4712473,0.2460082,0.7674842,0.4940115,0.3261912,
1,41,121.341,0.343075,1.160385,-0.4712473,0.2460082,0.7674842,0.4940115,0.3261912,
1,41,121.343,0.3431671,1.160357,-0.4712278,0.2460248,0.7675315,0.4940215,0.3260521,
1,41,121.345,0.3431671,1.160357,-0.4712278,0.2460248,0.7675315,0.4940215,0.3260521,
1,41,121.347,0.3431671,1.160357,-0.4712278,0.2460248,0.7675315,0.4940215,0.3260521,
1,41,121.349,0.3431671,1.160357,-0.4712278,0.2460248,0.7675315,0.4940215,0.3260521,
1,41,121.351,0.3432115,1.160296,-0.4711957,0.2461851,0.7675607,0.4939701,0.3259404,
1,41,121.353,0.3432115,1.160296,-0.4711957,0.2461851,0.7675607,0.4939701,0.3259404,
1,41,121.355,0.3432115,1.160296,-0.4711957,0.2461851,0.7675607,0.4939701,0.3259404,
1,41,121.357,0.3432115,1.160296,-0.4711957,0.2461851,0.7675607,0.4939701,0.3259404,
1,41,121.359,0.3432721,1.160248,-0.4711904,0.2463858,0.7675197,0.4939495,0.3259163,
1,41,121.361,0.3432721,1.160248,-0.4711904,0.2463858,0.7675197,0.4939495,0.3259163,
1,41,121.363,0.3432721,1.160248,-0.4711904,0.2463858,0.7675197,0.4939495,0.3259163,
1,41,121.365,0.3432721,1.160248,-0.4711904,0.2463858,0.7675197,0.4939495,0.3259163,
1,41,121.367,0.3432721,1.160248,-0.4711904,0.2463858,0.7675197,0.4939495,0.3259163,
1,41,121.369,0.3433474,1.16027,-0.471197,0.2467396,0.7673806,0.4939412,0.3259887,
1,41,121.371,0.3433474,1.16027,-0.471197,0.2467396,0.7673806,0.4939412,0.3259887,
1,41,121.373,0.3433474,1.16027,-0.471197,0.2467396,0.7673806,0.4939412,0.3259887,
1,41,121.375,0.3433474,1.16027,-0.471197,0.2467396,0.7673806,0.4939412,0.3259887,
1,41,121.377,0.343487,1.160298,-0.4711856,0.2470152,0.7672498,0.493993,0.3260093,
1,41,121.379,0.343487,1.160298,-0.4711856,0.2470152,0.7672498,0.493993,0.3260093,
1,41,121.381,0.343487,1.160298,-0.4711856,0.2470152,0.7672498,0.493993,0.3260093,
1,41,121.383,0.343487,1.160298,-0.4711856,0.2470152,0.7672498,0.493993,0.3260093,
1,41,121.385,0.3437324,1.160341,-0.4710796,0.2472958,0.7671493,0.4941312,0.3258238,
1,41,121.387,0.3437324,1.160341,-0.4710796,0.2472958,0.7671493,0.4941312,0.3258238,
1,41,121.389,0.3437324,1.160341,-0.4710796,0.2472958,0.7671493,0.4941312,0.3258238,
1,41,121.391,0.3437324,1.160341,-0.4710796,0.2472958,0.7671493,0.4941312,0.3258238,
1,41,121.393,0.3440169,1.16048,-0.471096,0.2473089,0.7671106,0.4943931,0.3255074,
1,41,121.395,0.3440169,1.16048,-0.471096,0.2473089,0.7671106,0.4943931,0.3255074,
1,41,121.397,0.3440169,1.16048,-0.471096,0.2473089,0.7671106,0.4943931,0.3255074,
1,41,121.399,0.3440169,1.16048,-0.471096,0.2473089,0.7671106,0.4943931,0.3255074,
1,41,121.401,0.3442284,1.160569,-0.4710856,0.2471817,0.7672889,0.4946178,0.324842,
1,41,121.403,0.3442284,1.160569,-0.4710856,0.2471817,0.7672889,0.4946178,0.324842,
1,41,121.405,0.3442284,1.160569,-0.4710856,0.2471817,0.7672889,0.4946178,0.324842,
1,41,121.407,0.3442284,1.160569,-0.4710856,0.2471817,0.7672889,0.4946178,0.324842,
1,41,121.409,0.3444807,1.160662,-0.4710791,0.2469501,0.7675771,0.4948528,0.323978,
1,41,121.411,0.3444807,1.160662,-0.4710791,0.2469501,0.7675771,0.4948528,0.323978,
1,41,121.413,0.3444807,1.160662,-0.4710791,0.2469501,0.7675771,0.4948528,0.323978,
1,41,121.415,0.3444807,1.160662,-0.4710791,0.2469501,0.7675771,0.4948528,0.323978,
1,41,121.417,0.3444807,1.160662,-0.4710791,0.2469501,0.7675771,0.4948528,0.323978,
1,41,121.419,0.3448598,1.160771,-0.4711334,0.2466393,0.7678695,0.4951246,0.3231058,
1,41,121.421,0.3448598,1.160771,-0.4711334,0.2466393,0.7678695,0.4951246,0.3231058,
1,41,121.423,0.3448598,1.160771,-0.4711334,0.2466393,0.7678695,0.4951246,0.3231058,
1,41,121.425,0.3448598,1.160771,-0.4711334,0.2466393,0.7678695,0.4951246,0.3231058,
1,41,121.427,0.3452236,1.16084,-0.4711634,0.2464145,0.7682391,0.4952882,0.3221461,
1,41,121.429,0.3452236,1.16084,-0.4711634,0.2464145,0.7682391,0.4952882,0.3221461,
1,41,121.431,0.3452236,1.16084,-0.4711634,0.2464145,0.7682391,0.4952882,0.3221461,
1,41,121.433,0.3452236,1.16084,-0.4711634,0.2464145,0.7682391,0.4952882,0.3221461,
1,41,121.435,0.3455573,1.160793,-0.471155,0.2461119,0.7688897,0.4953873,0.3206697,
1,41,121.437,0.3455573,1.160793,-0.471155,0.2461119,0.7688897,0.4953873,0.3206697,
1,41,121.439,0.3455573,1.160793,-0.471155,0.2461119,0.7688897,0.4953873,0.3206697,
1,41,121.441,0.3455573,1.160793,-0.471155,0.2461119,0.7688897,0.4953873,0.3206697,
1,41,121.443,0.3460875,1.160868,-0.4712417,0.2457761,0.7695171,0.4956274,0.3190474,
1,41,121.445,0.3460875,1.160868,-0.4712417,0.2457761,0.7695171,0.4956274,0.3190474,
1,41,121.447,0.3460875,1.160868,-0.4712417,0.2457761,0.7695171,0.4956274,0.3190474,
1,41,121.449,0.3460875,1.160868,-0.4712417,0.2457761,0.7695171,0.4956274,0.3190474,
1,41,121.451,0.3466721,1.160923,-0.4712944,0.2455353,0.7701875,0.4957412,0.3174341,
1,41,121.453,0.3466721,1.160923,-0.4712944,0.2455353,0.7701875,0.4957412,0.3174341,
1,41,121.455,0.3466721,1.160923,-0.4712944,0.2455353,0.7701875,0.4957412,0.3174341,
1,41,121.457,0.3466721,1.160923,-0.4712944,0.2455353,0.7701875,0.4957412,0.3174341,
1,41,121.459,0.3473027,1.160911,-0.471486,0.2454477,0.7714233,0.4957161,0.314527,
1,41,121.461,0.3473027,1.160911,-0.471486,0.2454477,0.7714233,0.4957161,0.314527,
1,41,121.463,0.3473027,1.160911,-0.471486,0.2454477,0.7714233,0.4957161,0.314527,
1,41,121.465,0.3473027,1.160911,-0.471486,0.2454477,0.7714233,0.4957161,0.314527,
1,41,121.467,0.3473027,1.160911,-0.471486,0.2454477,0.7714233,0.4957161,0.314527,
1,41,121.469,0.347617,1.160656,-0.4715368,0.2457281,0.7723535,0.4953593,0.3125809,
1,41,121.471,0.347617,1.160656,-0.4715368,0.2457281,0.7723535,0.4953593,0.3125809,
1,41,121.473,0.347617,1.160656,-0.4715368,0.2457281,0.7723535,0.4953593,0.3125809,
1,41,121.475,0.347617,1.160656,-0.4715368,0.2457281,0.7723535,0.4953593,0.3125809,
1,41,121.477,0.3481399,1.160532,-0.4717126,0.2460555,0.7733058,0.495064,0.3104295,
1,41,121.479,0.3481399,1.160532,-0.4717126,0.2460555,0.7733058,0.495064,0.3104295,
1,41,121.481,0.3481399,1.160532,-0.4717126,0.2460555,0.7733058,0.495064,0.3104295,
1,41,121.483,0.3481399,1.160532,-0.4717126,0.2460555,0.7733058,0.495064,0.3104295,
1,41,121.485,0.3489578,1.160454,-0.4719619,0.2465807,0.7740504,0.4947603,0.3086359,
1,41,121.487,0.3489578,1.160454,-0.4719619,0.2465807,0.7740504,0.4947603,0.3086359,
1,41,121.489,0.3489578,1.160454,-0.4719619,0.2465807,0.7740504,0.4947603,0.3086359,
1,41,121.491,0.3489578,1.160454,-0.4719619,0.2465807,0.7740504,0.4947603,0.3086359,
1,41,121.493,0.3496369,1.160276,-0.4721338,0.2471588,0.7750031,0.4944192,0.3063208,
1,41,121.495,0.3496369,1.160276,-0.4721338,0.2471588,0.7750031,0.4944192,0.3063208,
1,41,121.497,0.3496369,1.160276,-0.4721338,0.2471588,0.7750031,0.4944192,0.3063208,
1,41,121.499,0.3496369,1.160276,-0.4721338,0.2471588,0.7750031,0.4944192,0.3063208,
1,41,121.501,0.3501573,1.160198,-0.4723204,0.2480766,0.7759033,0.4940268,0.3039236,
1,41,121.503,0.3501573,1.160198,-0.4723204,0.2480766,0.7759033,0.4940268,0.3039236,
1,41,121.505,0.3501573,1.160198,-0.4723204,0.2480766,0.7759033,0.4940268,0.3039236,
1,41,121.507,0.3501573,1.160198,-0.4723204,0.2480766,0.7759033,0.4940268,0.3039236,
1,41,121.509,0.3505374,1.160098,-0.4724853,0.2493647,0.7766915,0.4934827,0.3017325,
1,41,121.511,0.3505374,1.160098,-0.4724853,0.2493647,0.7766915,0.4934827,0.3017325,
1,41,121.513,0.3505374,1.160098,-0.4724853,0.2493647,0.7766915,0.4934827,0.3017325,
1,41,121.515,0.3505374,1.160098,-0.4724853,0.2493647,0.7766915,0.4934827,0.3017325,
1,41,121.517,0.3505374,1.160098,-0.4724853,0.2493647,0.7766915,0.4934827,0.3017325,
1,41,121.519,0.3510079,1.160098,-0.4727525,0.2508714,0.7773323,0.4929891,0.2996329,
1,41,121.521,0.3510079,1.160098,-0.4727525,0.2508714,0.7773323,0.4929891,0.2996329,
1,41,121.523,0.3510079,1.160098,-0.4727525,0.2508714,0.7773323,0.4929891,0.2996329,
1,41,121.525,0.3510079,1.160098,-0.4727525,0.2508714,0.7773323,0.4929891,0.2996329,
1,41,121.527,0.351374,1.15997,-0.4729448,0.252241,0.778249,0.4924636,0.2969553,
1,41,121.529,0.351374,1.15997,-0.4729448,0.252241,0.778249,0.4924636,0.2969553,
1,41,121.531,0.351374,1.15997,-0.4729448,0.252241,0.778249,0.4924636,0.2969553,
1,41,121.533,0.351374,1.15997,-0.4729448,0.252241,0.778249,0.4924636,0.2969553,
1,41,121.535,0.351588,1.159768,-0.4731576,0.2559545,0.7795653,0.4912869,0.292237,
1,41,121.537,0.351588,1.159768,-0.4731576,0.2559545,0.7795653,0.4912869,0.292237,
1,41,121.539,0.351588,1.159768,-0.4731576,0.2559545,0.7795653,0.4912869,0.292237,
1,41,121.541,0.351588,1.159768,-0.4731576,0.2559545,0.7795653,0.4912869,0.292237,
1,41,121.543,0.3520501,1.159778,-0.4733314,0.2575374,0.7800366,0.4909167,0.290204,
1,41,121.545,0.3520501,1.159778,-0.4733314,0.2575374,0.7800366,0.4909167,0.290204,
1,41,121.547,0.3520501,1.159778,-0.4733314,0.2575374,0.7800366,0.4909167,0.290204,
1,41,121.549,0.3520501,1.159778,-0.4733314,0.2575374,0.7800366,0.4909167,0.290204,
1,41,121.551,0.3522958,1.159663,-0.473299,0.2590159,0.7808129,0.4905499,0.2874072,
1,41,121.553,0.3522958,1.159663,-0.473299,0.2590159,0.7808129,0.4905499,0.2874072,
1,41,121.555,0.3522958,1.159663,-0.473299,0.2590159,0.7808129,0.4905499,0.2874072,
1,41,121.557,0.3522958,1.159663,-0.473299,0.2590159,0.7808129,0.4905499,0.2874072,
1,41,121.559,0.3521517,1.159486,-0.4732215,0.2609346,0.7812867,0.4899351,0.2854259,
1,41,121.561,0.3521517,1.159486,-0.4732215,0.2609346,0.7812867,0.4899351,0.2854259,
1,41,121.563,0.3521517,1.159486,-0.4732215,0.2609346,0.7812867,0.4899351,0.2854259,
1,41,121.565,0.3521517,1.159486,-0.4732215,0.2609346,0.7812867,0.4899351,0.2854259,
1,41,121.567,0.3521517,1.159486,-0.4732215,0.2609346,0.7812867,0.4899351,0.2854259,
1,41,121.569,0.3530229,1.159772,-0.4734848,0.262017,0.7818341,0.4900364,0.2827488,
1,41,121.571,0.3530229,1.159772,-0.4734848,0.262017,0.7818341,0.4900364,0.2827488,
1,41,121.573,0.3530229,1.159772,-0.4734848,0.262017,0.7818341,0.4900364,0.2827488,
1,41,121.575,0.3530229,1.159772,-0.4734848,0.262017,0.7818341,0.4900364,0.2827488,
1,41,121.577,0.3532106,1.159858,-0.4735085,0.2636815,0.7820736,0.489749,0.2810315,
1,41,121.579,0.3532106,1.159858,-0.4735085,0.2636815,0.7820736,0.489749,0.2810315,
1,41,121.581,0.3532106,1.159858,-0.4735085,0.2636815,0.7820736,0.489749,0.2810315,
1,41,121.583,0.3532106,1.159858,-0.4735085,0.2636815,0.7820736,0.489749,0.2810315,
1,41,121.585,0.3535759,1.160091,-0.4736685,0.2647984,0.7827906,0.4896033,0.278225,
1,41,121.587,0.3535759,1.160091,-0.4736685,0.2647984,0.7827906,0.4896033,0.278225,
1,41,121.589,0.3535759,1.160091,-0.4736685,0.2647984,0.7827906,0.4896033,0.278225,
1,41,121.591,0.3535759,1.160091,-0.4736685,0.2647984,0.7827906,0.4896033,0.278225,
1,41,121.593,0.3536348,1.160013,-0.4737721,0.2661579,0.7834792,0.4889753,0.2760863,
1,41,121.595,0.3536348,1.160013,-0.4737721,0.2661579,0.7834792,0.4889753,0.2760863,
1,41,121.597,0.3536348,1.160013,-0.4737721,0.2661579,0.7834792,0.4889753,0.2760863,
1,41,121.599,0.3536348,1.160013,-0.4737721,0.2661579,0.7834792,0.4889753,0.2760863,
1,41,121.601,0.3539123,1.15967,-0.4737161,0.2676977,0.7841717,0.4878359,0.2746429,
1,41,121.603,0.3539123,1.15967,-0.4737161,0.2676977,0.7841717,0.4878359,0.2746429,
1,41,121.605,0.3539123,1.15967,-0.4737161,0.2676977,0.7841717,0.4878359,0.2746429,
1,41,121.607,0.3539123,1.15967,-0.4737161,0.2676977,0.7841717,0.4878359,0.2746429,
1,41,121.609,0.3544294,1.159992,-0.4741145,0.2696556,0.7852133,0.4865526,0.2720159,
1,41,121.611,0.3544294,1.159992,-0.4741145,0.2696556,0.7852133,0.4865526,0.2720159,
1,41,121.613,0.3544294,1.159992,-0.4741145,0.2696556,0.7852133,0.4865526,0.2720159,
1,41,121.615,0.3544294,1.159992,-0.4741145,0.2696556,0.7852133,0.4865526,0.2720159,
1,41,121.617,0.3544294,1.159992,-0.4741145,0.2696556,0.7852133,0.4865526,0.2720159,
1,41,121.619,0.3548082,1.160357,-0.4744356,0.2711197,0.7859604,0.485488,0.2702994,
1,41,121.621,0.3548082,1.160357,-0.4744356,0.2711197,0.7859604,0.485488,0.2702994,
1,41,121.623,0.3548082,1.160357,-0.4744356,0.2711197,0.7859604,0.485488,0.2702994,
1,41,121.625,0.3548082,1.160357,-0.4744356,0.2711197,0.7859604,0.485488,0.2702994,
1,41,121.627,0.3549764,1.160419,-0.4745746,0.27237,0.7870227,0.4840912,0.2684502,
1,41,121.629,0.3549764,1.160419,-0.4745746,0.27237,0.7870227,0.4840912,0.2684502,
1,41,121.631,0.3549764,1.160419,-0.4745746,0.27237,0.7870227,0.4840912,0.2684502,
1,41,121.633,0.3549764,1.160419,-0.4745746,0.27237,0.7870227,0.4840912,0.2684502,
1,41,121.635,0.3558801,1.161139,-0.4750054,0.2734234,0.7879032,0.483037,0.2666899,
1,41,121.637,0.3558801,1.161139,-0.4750054,0.2734234,0.7879032,0.483037,0.2666899,
1,41,121.639,0.3558801,1.161139,-0.4750054,0.2734234,0.7879032,0.483037,0.2666899,
1,41,121.641,0.3558801,1.161139,-0.4750054,0.2734234,0.7879032,0.483037,0.2666899,
1,41,121.643,0.3560752,1.161156,-0.4750584,0.2748069,0.7890747,0.4811836,0.2651502,
1,41,121.645,0.3560752,1.161156,-0.4750584,0.2748069,0.7890747,0.4811836,0.2651502,
1,41,121.647,0.3560752,1.161156,-0.4750584,0.2748069,0.7890747,0.4811836,0.2651502,
1,41,121.649,0.3560752,1.161156,-0.4750584,0.2748069,0.7890747,0.4811836,0.2651502,
1,41,121.651,0.3563879,1.161175,-0.4752393,0.276206,0.7902509,0.4792389,0.2637116,
1,41,121.653,0.3563879,1.161175,-0.4752393,0.276206,0.7902509,0.4792389,0.2637116,
1,41,121.655,0.3563879,1.161175,-0.4752393,0.276206,0.7902509,0.4792389,0.2637116,
1,41,121.657,0.3563879,1.161175,-0.4752393,0.276206,0.7902509,0.4792389,0.2637116,
1,41,121.659,0.3563902,1.161199,-0.4752761,0.2780298,0.7913957,0.4769023,0.2625959,
1,41,121.661,0.3563902,1.161199,-0.4752761,0.2780298,0.7913957,0.4769023,0.2625959,
1,41,121.663,0.3563902,1.161199,-0.4752761,0.2780298,0.7913957,0.4769023,0.2625959,
1,41,121.665,0.3563902,1.161199,-0.4752761,0.2780298,0.7913957,0.4769023,0.2625959,
1,41,121.667,0.3563902,1.161199,-0.4752761,0.2780298,0.7913957,0.4769023,0.2625959,
1,41,121.669,0.3564804,1.161211,-0.4753078,0.2798227,0.7924227,0.4746443,0.2616839,
1,41,121.671,0.3564804,1.161211,-0.4753078,0.2798227,0.7924227,0.4746443,0.2616839,
1,41,121.673,0.3564804,1.161211,-0.4753078,0.2798227,0.7924227,0.4746443,0.2616839,
1,41,121.675,0.3564804,1.161211,-0.4753078,0.2798227,0.7924227,0.4746443,0.2616839,
1,41,121.677,0.3565701,1.161103,-0.4752797,0.2815198,0.793338,0.4724793,0.2610074,
1,41,121.679,0.3565701,1.161103,-0.4752797,0.2815198,0.793338,0.4724793,0.2610074,
1,41,121.681,0.3565701,1.161103,-0.4752797,0.2815198,0.793338,0.4724793,0.2610074,
1,41,121.683,0.3565701,1.161103,-0.4752797,0.2815198,0.793338,0.4724793,0.2610074,
1,41,121.685,0.3566617,1.16112,-0.4753641,0.2843046,0.7943061,0.4694258,0.2605539,
1,41,121.687,0.3566617,1.16112,-0.4753641,0.2843046,0.7943061,0.4694258,0.2605539,
1,41,121.689,0.3566617,1.16112,-0.4753641,0.2843046,0.7943061,0.4694258,0.2605539,
1,41,121.691,0.3566617,1.16112,-0.4753641,0.2843046,0.7943061,0.4694258,0.2605539,
1,41,121.693,0.3565962,1.160977,-0.4753509,0.2859882,0.7948291,0.4676222,0.2603596,
1,41,121.695,0.3565962,1.160977,-0.4753509,0.2859882,0.7948291,0.4676222,0.2603596,
1,41,121.697,0.3565962,1.160977,-0.4753509,0.2859882,0.7948291,0.4676222,0.2603596,
1,41,121.699,0.3565962,1.160977,-0.4753509,0.2859882,0.7948291,0.4676222,0.2603596,
1,41,121.701,0.3562304,1.160752,-0.4750836,0.2875367,0.7953147,0.4660233,0.2600375,
1,41,121.703,0.3562304,1.160752,-0.4750836,0.2875367,0.7953147,0.4660233,0.2600375,
1,41,121.705,0.3562304,1.160752,-0.4750836,0.2875367,0.7953147,0.4660233,0.2600375,
1,41,121.707,0.3562304,1.160752,-0.4750836,0.2875367,0.7953147,0.4660233,0.2600375,
1,41,121.709,0.3561141,1.160748,-0.4749587,0.2888863,0.7955409,0.4649788,0.2597196,
1,41,121.711,0.3561141,1.160748,-0.4749587,0.2888863,0.7955409,0.4649788,0.2597196,
1,41,121.713,0.3561141,1.160748,-0.4749587,0.2888863,0.7955409,0.4649788,0.2597196,
1,41,121.715,0.3561141,1.160748,-0.4749587,0.2888863,0.7955409,0.4649788,0.2597196,
1,41,121.717,0.3561141,1.160748,-0.4749587,0.2888863,0.7955409,0.4649788,0.2597196,
1,41,121.719,0.3558798,1.160758,-0.4748426,0.2899746,0.7956694,0.4642935,0.2593388,
1,41,121.721,0.3558798,1.160758,-0.4748426,0.2899746,0.7956694,0.4642935,0.2593388,
1,41,121.723,0.3558798,1.160758,-0.4748426,0.2899746,0.7956694,0.4642935,0.2593388,
1,41,121.725,0.3558798,1.160758,-0.4748426,0.2899746,0.7956694,0.4642935,0.2593388,
1,41,121.727,0.3556175,1.160797,-0.4747275,0.2907466,0.7956629,0.464061,0.2589099,
1,41,121.729,0.3556175,1.160797,-0.4747275,0.2907466,0.7956629,0.464061,0.2589099,
1,41,121.731,0.3556175,1.160797,-0.4747275,0.2907466,0.7956629,0.464061,0.2589099,
1,41,121.733,0.3556175,1.160797,-0.4747275,0.2907466,0.7956629,0.464061,0.2589099,
1,41,121.735,0.3553489,1.160836,-0.4746279,0.2914359,0.7954739,0.4640112,0.2588052,
1,41,121.737,0.3553489,1.160836,-0.4746279,0.2914359,0.7954739,0.4640112,0.2588052,
1,41,121.739,0.3553489,1.160836,-0.4746279,0.2914359,0.7954739,0.4640112,0.2588052,
1,41,121.741,0.3553489,1.160836,-0.4746279,0.2914359,0.7954739,0.4640112,0.2588052,
1,41,121.743,0.3549152,1.160769,-0.4744595,0.2920178,0.7951487,0.4640882,0.2590103,
1,41,121.745,0.3549152,1.160769,-0.4744595,0.2920178,0.7951487,0.4640882,0.2590103,
1,41,121.747,0.3549152,1.160769,-0.4744595,0.2920178,0.7951487,0.4640882,0.2590103,
1,41,121.749,0.3549152,1.160769,-0.4744595,0.2920178,0.7951487,0.4640882,0.2590103,
1,41,121.751,0.354492,1.160662,-0.4742506,0.2922831,0.7947947,0.4643927,0.2592517,
1,41,121.753,0.354492,1.160662,-0.4742506,0.2922831,0.7947947,0.4643927,0.2592517,
1,41,121.755,0.354492,1.160662,-0.4742506,0.2922831,0.7947947,0.4643927,0.2592517,
1,41,121.757,0.354492,1.160662,-0.4742506,0.2922831,0.7947947,0.4643927,0.2592517,
1,41,121.759,0.3539943,1.160768,-0.4739956,0.2920339,0.7942139,0.4654938,0.2593378,
1,41,121.761,0.3539943,1.160768,-0.4739956,0.2920339,0.7942139,0.4654938,0.2593378,
1,41,121.763,0.3539943,1.160768,-0.4739956,0.2920339,0.7942139,0.4654938,0.2593378,
1,41,121.765,0.3539943,1.160768,-0.4739956,0.2920339,0.7942139,0.4654938,0.2593378,
1,41,121.767,0.3539943,1.160768,-0.4739956,0.2920339,0.7942139,0.4654938,0.2593378,
1,41,121.769,0.3537881,1.160965,-0.4739213,0.2912858,0.793854,0.4666083,0.2592781,
1,41,121.771,0.3537881,1.160965,-0.4739213,0.2912858,0.793854,0.4666083,0.2592781,
1,41,121.773,0.3537881,1.160965,-0.4739213,0.2912858,0.793854,0.4666083,0.2592781,
1,41,121.775,0.3537881,1.160965,-0.4739213,0.2912858,0.793854,0.4666083,0.2592781,
1,41,121.777,0.3536347,1.161174,-0.4737819,0.2902443,0.7936195,0.4677157,0.2591688,
1,41,121.779,0.3536347,1.161174,-0.4737819,0.2902443,0.7936195,0.4677157,0.2591688,
1,41,121.781,0.3536347,1.161174,-0.4737819,0.2902443,0.7936195,0.4677157,0.2591688,
1,41,121.783,0.3536347,1.161174,-0.4737819,0.2902443,0.7936195,0.4677157,0.2591688,
1,41,121.785,0.3533215,1.161215,-0.4735256,0.2891363,0.7935665,0.4684563,0.2592319,
1,41,121.787,0.3533215,1.161215,-0.4735256,0.2891363,0.7935665,0.4684563,0.2592319,
1,41,121.789,0.3533215,1.161215,-0.4735256,0.2891363,0.7935665,0.4684563,0.2592319,
1,41,121.791,0.3533215,1.161215,-0.4735256,0.2891363,0.7935665,0.4684563,0.2592319,
1,41,121.793,0.3530191,1.161247,-0.473231,0.2878766,0.7936403,0.4689377,0.2595374,
1,41,121.795,0.3530191,1.161247,-0.473231,0.2878766,0.7936403,0.4689377,0.2595374,
1,41,121.797,0.3530191,1.161247,-0.473231,0.2878766,0.7936403,0.4689377,0.2595374,
1,41,121.799,0.3530191,1.161247,-0.473231,0.2878766,0.7936403,0.4689377,0.2595374,
1,41,121.801,0.352886,1.161409,-0.4729517,0.2864677,0.7936915,0.4692901,0.2603016,
1,41,121.803,0.352886,1.161409,-0.4729517,0.2864677,0.7936915,0.4692901,0.2603016,
1,41,121.805,0.352886,1.161409,-0.4729517,0.2864677,0.7936915,0.4692901,0.2603016,
1,41,121.807,0.352886,1.161409,-0.4729517,0.2864677,0.7936915,0.4692901,0.2603016,
1,41,121.809,0.3526517,1.161611,-0.4726328,0.2850762,0.7939947,0.4693561,0.2607851,
1,41,121.811,0.3526517,1.161611,-0.4726328,0.2850762,0.7939947,0.4693561,0.2607851,
1,41,121.813,0.3526517,1.161611,-0.4726328,0.2850762,0.7939947,0.4693561,0.2607851,
1,41,121.815,0.3526517,1.161611,-0.4726328,0.2850762,0.7939947,0.4693561,0.2607851,
1,41,121.817,0.3526517,1.161611,-0.4726328,0.2850762,0.7939947,0.4693561,0.2607851,
1,41,121.819,0.3521883,1.161613,-0.4720209,0.2832797,0.7947826,0.469075,0.2608485,
1,41,121.821,0.3521883,1.161613,-0.4720209,0.2832797,0.7947826,0.469075,0.2608485,
1,41,121.823,0.3521883,1.161613,-0.4720209,0.2832797,0.7947826,0.469075,0.2608485,
1,41,121.825,0.3521883,1.161613,-0.4720209,0.2832797,0.7947826,0.469075,0.2608485,
1,41,121.827,0.3519186,1.161503,-0.4712629,0.2809312,0.7958795,0.4686337,0.2608367,
1,41,121.829,0.3519186,1.161503,-0.4712629,0.2809312,0.7958795,0.4686337,0.2608367,
1,41,121.831,0.3519186,1.161503,-0.4712629,0.2809312,0.7958795,0.4686337,0.2608367,
1,41,121.833,0.3519186,1.161503,-0.4712629,0.2809312,0.7958795,0.4686337,0.2608367,
1,41,121.835,0.3515208,1.16114,-0.469841,0.2771655,0.7979389,0.4675234,0.2605662,
1,41,121.837,0.3515208,1.16114,-0.469841,0.2771655,0.7979389,0.4675234,0.2605662,
1,41,121.839,0.3515208,1.16114,-0.469841,0.2771655,0.7979389,0.4675234,0.2605662,
1,41,121.841,0.3515208,1.16114,-0.469841,0.2771655,0.7979389,0.4675234,0.2605662,
1,41,121.843,0.3514107,1.160779,-0.4689324,0.2744105,0.799379,0.4665968,0.2607288,
1,41,121.845,0.3514107,1.160779,-0.4689324,0.2744105,0.799379,0.4665968,0.2607288,
1,41,121.847,0.3514107,1.160779,-0.4689324,0.2744105,0.799379,0.4665968,0.2607288,
1,41,121.849,0.3514107,1.160779,-0.4689324,0.2744105,0.799379,0.4665968,0.2607288,
1,41,121.851,0.3512338,1.160352,-0.467995,0.2713441,0.8010033,0.4656722,0.2606063,
1,41,121.853,0.3512338,1.160352,-0.467995,0.2713441,0.8010033,0.4656722,0.2606063,
1,41,121.855,0.3512338,1.160352,-0.467995,0.2713441,0.8010033,0.4656722,0.2606063,
1,41,121.857,0.3512338,1.160352,-0.467995,0.2713441,0.8010033,0.4656722,0.2606063,
1,41,121.859,0.3513481,1.159764,-0.4671174,0.268298,0.8025374,0.4646652,0.2608374,
1,41,121.861,0.3513481,1.159764,-0.4671174,0.268298,0.8025374,0.4646652,0.2608374,
1,41,121.863,0.3513481,1.159764,-0.4671174,0.268298,0.8025374,0.4646652,0.2608374,
1,41,121.865,0.3513481,1.159764,-0.4671174,0.268298,0.8025374,0.4646652,0.2608374,
1,41,121.867,0.3513481,1.159764,-0.4671174,0.268298,0.8025374,0.4646652,0.2608374,
1,41,121.869,0.3514304,1.159199,-0.4662072,0.2657016,0.8037329,0.4636636,0.2615957,
1,41,121.871,0.3514304,1.159199,-0.4662072,0.2657016,0.8037329,0.4636636,0.2615957,
1,41,121.873,0.3514304,1.159199,-0.4662072,0.2657016,0.8037329,0.4636636,0.2615957,
1,41,121.875,0.3514304,1.159199,-0.4662072,0.2657016,0.8037329,0.4636636,0.2615957,
1,41,121.877,0.3516991,1.158519,-0.4652482,0.263611,0.8045467,0.4626261,0.2630419,
1,41,121.879,0.3516991,1.158519,-0.4652482,0.263611,0.8045467,0.4626261,0.2630419,
1,41,121.881,0.3516991,1.158519,-0.4652482,0.263611,0.8045467,0.4626261,0.2630419,
1,41,121.883,0.3516991,1.158519,-0.4652482,0.263611,0.8045467,0.4626261,0.2630419,
1,41,121.885,0.3522169,1.157787,-0.4642548,0.2619783,0.8049052,0.4618932,0.2648577,
1,41,121.887,0.3522169,1.157787,-0.4642548,0.2619783,0.8049052,0.4618932,0.2648577,
1,41,121.889,0.3522169,1.157787,-0.4642548,0.2619783,0.8049052,0.4618932,0.2648577,
1,41,121.891,0.3522169,1.157787,-0.4642548,0.2619783,0.8049052,0.4618932,0.2648577,
1,41,121.893,0.3528284,1.157196,-0.4633553,0.2610093,0.8046958,0.4616838,0.266809,
1,41,121.895,0.3528284,1.157196,-0.4633553,0.2610093,0.8046958,0.4616838,0.266809,
1,41,121.897,0.3528284,1.157196,-0.4633553,0.2610093,0.8046958,0.4616838,0.266809,
1,41,121.899,0.3528284,1.157196,-0.4633553,0.2610093,0.8046958,0.4616838,0.266809,
1,41,121.901,0.3535827,1.156781,-0.4624847,0.2609175,0.8038395,0.4619142,0.2690718,
1,41,121.903,0.3535827,1.156781,-0.4624847,0.2609175,0.8038395,0.4619142,0.2690718,
1,41,121.905,0.3535827,1.156781,-0.4624847,0.2609175,0.8038395,0.4619142,0.2690718,
1,41,121.907,0.3535827,1.156781,-0.4624847,0.2609175,0.8038395,0.4619142,0.2690718,
1,41,121.909,0.3540406,1.156385,-0.4616081,0.2611726,0.8028351,0.4627296,0.2704182,
1,41,121.911,0.3540406,1.156385,-0.4616081,0.2611726,0.8028351,0.4627296,0.2704182,
1,41,121.913,0.3540406,1.156385,-0.4616081,0.2611726,0.8028351,0.4627296,0.2704182,
1,41,121.915,0.3540406,1.156385,-0.4616081,0.2611726,0.8028351,0.4627296,0.2704182,
1,41,121.917,0.3540406,1.156385,-0.4616081,0.2611726,0.8028351,0.4627296,0.2704182,
1,41,121.919,0.3545733,1.155941,-0.460788,0.2620696,0.8013568,0.4640857,0.2716088,
1,41,121.921,0.3545733,1.155941,-0.460788,0.2620696,0.8013568,0.4640857,0.2716088,
1,41,121.923,0.3545733,1.155941,-0.460788,0.2620696,0.8013568,0.4640857,0.2716088,
1,41,121.925,0.3545733,1.155941,-0.460788,0.2620696,0.8013568,0.4640857,0.2716088,
1,41,121.927,0.3554022,1.155337,-0.4599859,0.2632608,0.7994619,0.4659574,0.2728334,
1,41,121.929,0.3554022,1.155337,-0.4599859,0.2632608,0.7994619,0.4659574,0.2728334,
1,41,121.931,0.3554022,1.155337,-0.4599859,0.2632608,0.7994619,0.4659574,0.2728334,
1,41,121.933,0.3554022,1.155337,-0.4599859,0.2632608,0.7994619,0.4659574,0.2728334,
1,41,121.935,0.3559276,1.154487,-0.4592623,0.2656955,0.7967215,0.4678677,0.2752103,
1,41,121.937,0.3559276,1.154487,-0.4592623,0.2656955,0.7967215,0.4678677,0.2752103,
1,41,121.939,0.3559276,1.154487,-0.4592623,0.2656955,0.7967215,0.4678677,0.2752103,
1,41,121.941,0.3559276,1.154487,-0.4592623,0.2656955,0.7967215,0.4678677,0.2752103,
1,41,121.943,0.3562028,1.153443,-0.4585662,0.2701314,0.7926219,0.4695276,0.2798635,
1,41,121.945,0.3562028,1.153443,-0.4585662,0.2701314,0.7926219,0.4695276,0.2798635,
1,41,121.947,0.3562028,1.153443,-0.4585662,0.2701314,0.7926219,0.4695276,0.2798635,
1,41,121.949,0.3562028,1.153443,-0.4585662,0.2701314,0.7926219,0.4695276,0.2798635,
1,41,121.951,0.3559677,1.152381,-0.4580095,0.2757424,0.7876639,0.4714171,0.2851623,
1,41,121.953,0.3559677,1.152381,-0.4580095,0.2757424,0.7876639,0.4714171,0.2851623,
1,41,121.955,0.3559677,1.152381,-0.4580095,0.2757424,0.7876639,0.4714171,0.2851623,
1,41,121.957,0.3559677,1.152381,-0.4580095,0.2757424,0.7876639,0.4714171,0.2851623,
1,41,121.959,0.3555244,1.151398,-0.4576617,0.2816171,0.782244,0.4740612,0.2899178,
1,41,121.961,0.3555244,1.151398,-0.4576617,0.2816171,0.782244,0.4740612,0.2899178,
1,41,121.963,0.3555244,1.151398,-0.4576617,0.2816171,0.782244,0.4740612,0.2899178,
1,41,121.965,0.3555244,1.151398,-0.4576617,0.2816171,0.782244,0.4740612,0.2899178,
1,41,121.967,0.3555244,1.151398,-0.4576617,0.2816171,0.782244,0.4740612,0.2899178,
1,41,121.969,0.3551639,1.150615,-0.4576072,0.2863307,0.7771357,0.4783387,0.2920051,
1,41,121.971,0.3551639,1.150615,-0.4576072,0.2863307,0.7771357,0.4783387,0.2920051,
1,41,121.973,0.3551639,1.150615,-0.4576072,0.2863307,0.7771357,0.4783387,0.2920051,
1,41,121.975,0.3551639,1.150615,-0.4576072,0.2863307,0.7771357,0.4783387,0.2920051,
1,41,121.977,0.3553511,1.150249,-0.4578257,0.2892256,0.7723539,0.4847807,0.2912142,
1,41,121.979,0.3553511,1.150249,-0.4578257,0.2892256,0.7723539,0.4847807,0.2912142,
1,41,121.981,0.3553511,1.150249,-0.4578257,0.2892256,0.7723539,0.4847807,0.2912142,
1,41,121.983,0.3553511,1.150249,-0.4578257,0.2892256,0.7723539,0.4847807,0.2912142,
1,41,121.985,0.3555048,1.149654,-0.4579053,0.2916782,0.7677094,0.4915197,0.289749,
1,41,121.987,0.3555048,1.149654,-0.4579053,0.2916782,0.7677094,0.4915197,0.289749,
1,41,121.989,0.3555048,1.149654,-0.4579053,0.2916782,0.7677094,0.4915197,0.289749,
1,41,121.991,0.3555048,1.149654,-0.4579053,0.2916782,0.7677094,0.4915197,0.289749,
1,41,121.993,0.3564775,1.149163,-0.458135,0.293406,0.7625146,0.4995081,0.2880557,
1,41,121.995,0.3564775,1.149163,-0.458135,0.293406,0.7625146,0.4995081,0.2880557,
1,41,121.997,0.3564775,1.149163,-0.458135,0.293406,0.7625146,0.4995081,0.2880557,
1,41,121.999,0.3564775,1.149163,-0.458135,0.293406,0.7625146,0.4995081,0.2880557,
1,41,122.001,0.3573393,1.148224,-0.4581713,0.2951117,0.7573985,0.5072963,0.2861939,
1,41,122.003,0.3573393,1.148224,-0.4581713,0.2951117,0.7573985,0.5072963,0.2861939,
1,41,122.005,0.3573393,1.148224,-0.4581713,0.2951117,0.7573985,0.5072963,0.2861939,
1,41,122.007,0.3573393,1.148224,-0.4581713,0.2951117,0.7573985,0.5072963,0.2861939,
1,41,122.009,0.3587604,1.147282,-0.4584595,0.2967648,0.7516921,0.5155283,0.2848162,
1,41,122.011,0.3587604,1.147282,-0.4584595,0.2967648,0.7516921,0.5155283,0.2848162,
1,41,122.013,0.3587604,1.147282,-0.4584595,0.2967648,0.7516921,0.5155283,0.2848162,
1,41,122.015,0.3587604,1.147282,-0.4584595,0.2967648,0.7516921,0.5155283,0.2848162,
1,41,122.017,0.3587604,1.147282,-0.4584595,0.2967648,0.7516921,0.5155283,0.2848162,
1,41,122.019,0.3600745,1.1463,-0.4587471,0.2982571,0.7462213,0.5238024,0.2825378,
1,41,122.021,0.3600745,1.1463,-0.4587471,0.2982571,0.7462213,0.5238024,0.2825378,
1,41,122.023,0.3600745,1.1463,-0.4587471,0.2982571,0.7462213,0.5238024,0.2825378,
1,41,122.025,0.3600745,1.1463,-0.4587471,0.2982571,0.7462213,0.5238024,0.2825378,
1,41,122.027,0.361337,1.144924,-0.4592009,0.2988389,0.7412738,0.532146,0.2793368,
1,41,122.029,0.361337,1.144924,-0.4592009,0.2988389,0.7412738,0.532146,0.2793368,
1,41,122.031,0.361337,1.144924,-0.4592009,0.2988389,0.7412738,0.532146,0.2793368,
1,41,122.033,0.361337,1.144924,-0.4592009,0.2988389,0.7412738,0.532146,0.2793368,
1,41,122.035,0.3627889,1.143568,-0.4598212,0.2994145,0.7362564,0.5402539,0.2764114,
1,41,122.037,0.3627889,1.143568,-0.4598212,0.2994145,0.7362564,0.5402539,0.2764114,
1,41,122.039,0.3627889,1.143568,-0.4598212,0.2994145,0.7362564,0.5402539,0.2764114,
1,41,122.041,0.3627889,1.143568,-0.4598212,0.2994145,0.7362564,0.5402539,0.2764114,
1,41,122.043,0.3639383,1.142006,-0.4606737,0.3002723,0.731397,0.5476675,0.2737797,
1,41,122.045,0.3639383,1.142006,-0.4606737,0.3002723,0.731397,0.5476675,0.2737797,
1,41,122.047,0.3639383,1.142006,-0.4606737,0.3002723,0.731397,0.5476675,0.2737797,
1,41,122.049,0.3639383,1.142006,-0.4606737,0.3002723,0.731397,0.5476675,0.2737797,
1,41,122.051,0.3650382,1.140271,-0.4614913,0.3015685,0.7263907,0.5544878,0.2719492,
1,41,122.053,0.3650382,1.140271,-0.4614913,0.3015685,0.7263907,0.5544878,0.2719492,
1,41,122.055,0.3650382,1.140271,-0.4614913,0.3015685,0.7263907,0.5544878,0.2719492,
1,41,122.057,0.3650382,1.140271,-0.4614913,0.3015685,0.7263907,0.5544878,0.2719492,
1,41,122.059,0.3663177,1.138458,-0.4624403,0.3033057,0.7212149,0.560702,0.2710501,
1,41,122.061,0.3663177,1.138458,-0.4624403,0.3033057,0.7212149,0.560702,0.2710501,
1,41,122.063,0.3663177,1.138458,-0.4624403,0.3033057,0.7212149,0.560702,0.2710501,
1,41,122.065,0.3663177,1.138458,-0.4624403,0.3033057,0.7212149,0.560702,0.2710501,
1,41,122.067,0.3663177,1.138458,-0.4624403,0.3033057,0.7212149,0.560702,0.2710501,
1,41,122.069,0.3676532,1.136267,-0.4634047,0.3046605,0.7164551,0.5665613,0.2699674,
1,41,122.071,0.3676532,1.136267,-0.4634047,0.3046605,0.7164551,0.5665613,0.2699674,
1,41,122.073,0.3676532,1.136267,-0.4634047,0.3046605,0.7164551,0.5665613,0.2699674,
1,41,122.075,0.3676532,1.136267,-0.4634047,0.3046605,0.7164551,0.5665613,0.2699674,
1,41,122.077,0.3691061,1.134031,-0.4644437,0.3052477,0.7121571,0.572368,0.2684233,
1,41,122.079,0.3691061,1.134031,-0.4644437,0.3052477,0.7121571,0.572368,0.2684233,
1,41,122.081,0.3691061,1.134031,-0.4644437,0.3052477,0.7121571,0.572368,0.2684233,
1,41,122.083,0.3691061,1.134031,-0.4644437,0.3052477,0.7121571,0.572368,0.2684233,CourtEnter
1,41,122.085,0.3706616,1.131652,-0.4655361,0.3049559,0.7082098,0.5783811,0.2663008,
1,41,122.087,0.3706616,1.131652,-0.4655361,0.3049559,0.7082098,0.5783811,0.2663008,
1,41,122.089,0.3706616,1.131652,-0.4655361,0.3049559,0.7082098,0.5783811,0.2663008,
1,41,122.091,0.3706616,1.131652,-0.4655361,0.3049559,0.7082098,0.5783811,0.2663008,CourtExit
1,41,122.093,0.3720056,1.129121,-0.4665487,0.3039907,0.7047426,0.5843039,0.2636602,
1,41,122.095,0.3720056,1.129121,-0.4665487,0.3039907,0.7047426,0.5843039,0.2636602,
1,41,122.097,0.3720056,1.129121,-0.4665487,0.3039907,0.7047426,0.5843039,0.2636602,
1,41,122.099,0.3720056,1.129121,-0.4665487,0.3039907,0.7047426,0.5843039,0.2636602,
1,41,122.101,0.3736207,1.126573,-0.4674797,0.3023566,0.7012165,0.5905417,0.2610298,
1,41,122.103,0.3736207,1.126573,-0.4674797,0.3023566,0.7012165,0.5905417,0.2610298,
1,41,122.105,0.3736207,1.126573,-0.4674797,0.3023566,0.7012165,0.5905417,0.2610298,
1,41,122.107,0.3736207,1.126573,-0.4674797,0.3023566,0.7012165,0.5905417,0.2610298,
1,41,122.109,0.3750615,1.123921,-0.4681509,0.3005682,0.6977717,0.5965747,0.2585963,
1,41,122.111,0.3750615,1.123921,-0.4681509,0.3005682,0.6977717,0.5965747,0.2585963,
1,41,122.113,0.3750615,1.123921,-0.4681509,0.3005682,0.6977717,0.5965747,0.2585963,
1,41,122.115,0.3750615,1.123921,-0.4681509,0.3005682,0.6977717,0.5965747,0.2585963,
1,41,122.117,0.3750615,1.123921,-0.4681509,0.3005682,0.6977717,0.5965747,0.2585963,
1,41,122.119,0.376956,1.121652,-0.4687285,0.2978622,0.6941164,0.6033889,0.2557392,
1,41,122.121,0.376956,1.121652,-0.4687285,0.2978622,0.6941164,0.6033889,0.2557392,
1,41,122.123,0.376956,1.121652,-0.4687285,0.2978622,0.6941164,0.6033889,0.2557392,
1,41,122.125,0.376956,1.121652,-0.4687285,0.2978622,0.6941164,0.6033889,0.2557392,
1,41,122.127,0.3787589,1.119417,-0.4690427,0.2946948,0.6906775,0.6101431,0.2526758,
1,41,122.129,0.3787589,1.119417,-0.4690427,0.2946948,0.6906775,0.6101431,0.2526758,
1,41,122.131,0.3787589,1.119417,-0.4690427,0.2946948,0.6906775,0.6101431,0.2526758,
1,41,122.133,0.3787589,1.119417,-0.4690427,0.2946948,0.6906775,0.6101431,0.2526758,
1,41,122.135,0.380399,1.116971,-0.4691905,0.2908614,0.6873316,0.6171997,0.2490775,
1,41,122.137,0.380399,1.116971,-0.4691905,0.2908614,0.6873316,0.6171997,0.2490775,
1,41,122.139,0.380399,1.116971,-0.4691905,0.2908614,0.6873316,0.6171997,0.2490775,
1,41,122.141,0.380399,1.116971,-0.4691905,0.2908614,0.6873316,0.6171997,0.2490775,
1,41,122.143,0.3817863,1.114481,-0.4691524,0.2864923,0.6843184,0.6242853,0.2447415,
1,41,122.145,0.3817863,1.114481,-0.4691524,0.2864923,0.6843184,0.6242853,0.2447415,
1,41,122.147,0.3817863,1.114481,-0.4691524,0.2864923,0.6843184,0.6242853,0.2447415,
1,41,122.149,0.3817863,1.114481,-0.4691524,0.2864923,0.6843184,0.6242853,0.2447415,
1,41,122.151,0.3832388,1.112329,-0.4689297,0.2823853,0.6808955,0.6314493,0.2406482,
1,41,122.153,0.3832388,1.112329,-0.4689297,0.2823853,0.6808955,0.6314493,0.2406482,
1,41,122.155,0.3832388,1.112329,-0.4689297,0.2823853,0.6808955,0.6314493,0.2406482,
1,41,122.157,0.3832388,1.112329,-0.4689297,0.2823853,0.6808955,0.6314493,0.2406482,
1,41,122.159,0.3848543,1.110118,-0.4686948,0.2781968,0.6774278,0.6383623,0.2370482,
1,41,122.161,0.3848543,1.110118,-0.4686948,0.2781968,0.6774278,0.6383623,0.2370482,
1,41,122.163,0.3848543,1.110118,-0.4686948,0.2781968,0.6774278,0.6383623,0.2370482,
1,41,122.165,0.3848543,1.110118,-0.4686948,0.2781968,0.6774278,0.6383623,0.2370482,
1,41,122.167,0.3848543,1.110118,-0.4686948,0.2781968,0.6774278,0.6383623,0.2370482,
1,41,122.169,0.3863021,1.108117,-0.4682478,0.2746022,0.6736448,0.6450542,0.2338833,
1,41,122.171,0.3863021,1.108117,-0.4682478,0.2746022,0.6736448,0.6450542,0.2338833,
1,41,122.173,0.3863021,1.108117,-0.4682478,0.2746022,0.6736448,0.6450542,0.2338833,
1,41,122.175,0.3863021,1.108117,-0.4682478,0.2746022,0.6736448,0.6450542,0.2338833,
1,41,122.177,0.3875873,1.106059,-0.4676827,0.271446,0.6698594,0.6513014,0.2311102,
1,41,122.179,0.3875873,1.106059,-0.4676827,0.271446,0.6698594,0.6513014,0.2311102,
1,41,122.181,0.3875873,1.106059,-0.4676827,0.271446,0.6698594,0.6513014,0.2311102,
1,41,122.183,0.3875873,1.106059,-0.4676827,0.271446,0.6698594,0.6513014,0.2311102,
1,41,122.185,0.3893585,1.104917,-0.4671013,0.2686082,0.6653646,0.657827,0.2289176,
1,41,122.187,0.3893585,1.104917,-0.4671013,0.2686082,0.6653646,0.657827,0.2289176,
1,41,122.189,0.3893585,1.104917,-0.4671013,0.2686082,0.6653646,0.657827,0.2289176,
1,41,122.191,0.3893585,1.104917,-0.4671013,0.2686082,0.6653646,0.657827,0.2289176,
1,41,122.193,0.3906742,1.103305,-0.4664097,0.2658224,0.6612962,0.6637838,0.2267528,
1,41,122.195,0.3906742,1.103305,-0.4664097,0.2658224,0.6612962,0.6637838,0.2267528,
1,41,122.197,0.3906742,1.103305,-0.4664097,0.2658224,0.6612962,0.6637838,0.2267528,
1,41,122.199,0.3906742,1.103305,-0.4664097,0.2658224,0.6612962,0.6637838,0.2267528,
1,41,122.201,0.3915425,1.101503,-0.4655187,0.2631487,0.6574126,0.6694099,0.2246149,
1,41,122.203,0.3915425,1.101503,-0.4655187,0.2631487,0.6574126,0.6694099,0.2246149,
1,41,122.205,0.3915425,1.101503,-0.4655187,0.2631487,0.6574126,0.6694099,0.2246149,
1,41,122.207,0.3915425,1.101503,-0.4655187,0.2631487,0.6574126,0.6694099,0.2246149,
1,41,122.209,0.3920258,1.099534,-0.4645562,0.2606434,0.6539068,0.6744344,0.2227313,
1,41,122.211,0.3920258,1.099534,-0.4645562,0.2606434,0.6539068,0.6744344,0.2227313,
1,41,122.213,0.3920258,1.099534,-0.4645562,0.2606434,0.6539068,0.6744344,0.2227313,
1,41,122.215,0.3920258,1.099534,-0.4645562,0.2606434,0.6539068,0.6744344,0.2227313,
1,41,122.217,0.3920258,1.099534,-0.4645562,0.2606434,0.6539068,0.6744344,0.2227313,
1,41,122.219,0.3928509,1.0978,-0.4635453,0.2584626,0.6500727,0.6792653,0.2218137,
1,41,122.221,0.3928509,1.0978,-0.4635453,0.2584626,0.6500727,0.6792653,0.2218137,
1,41,122.223,0.3928509,1.0978,-0.4635453,0.2584626,0.6500727,0.6792653,0.2218137,
1,41,122.225,0.3928509,1.0978,-0.4635453,0.2584626,0.6500727,0.6792653,0.2218137,
1,41,122.227,0.3937807,1.096061,-0.4624846,0.2563868,0.6462884,0.683777,0.2214185,
1,41,122.229,0.3937807,1.096061,-0.4624846,0.2563868,0.6462884,0.683777,0.2214185,
1,41,122.231,0.3937807,1.096061,-0.4624846,0.2563868,0.6462884,0.683777,0.2214185,
1,41,122.233,0.3937807,1.096061,-0.4624846,0.2563868,0.6462884,0.683777,0.2214185,
1,41,122.235,0.3943774,1.094058,-0.461331,0.2542795,0.6428171,0.6878515,0.2213332,
1,41,122.237,0.3943774,1.094058,-0.461331,0.2542795,0.6428171,0.6878515,0.2213332,
1,41,122.239,0.3943774,1.094058,-0.461331,0.2542795,0.6428171,0.6878515,0.2213332,
1,41,122.241,0.3943774,1.094058,-0.461331,0.2542795,0.6428171,0.6878515,0.2213332,
1,41,122.243,0.3948538,1.092029,-0.4601256,0.2518275,0.6392948,0.692016,0.221357,
1,41,122.245,0.3948538,1.092029,-0.4601256,0.2518275,0.6392948,0.692016,0.221357,
1,41,122.247,0.3948538,1.092029,-0.4601256,0.2518275,0.6392948,0.692016,0.221357,
1,41,122.249,0.3948538,1.092029,-0.4601256,0.2518275,0.6392948,0.692016,0.221357,
1,41,122.251,0.3954338,1.090138,-0.4589377,0.2489508,0.6358071,0.6961157,0.2218009,
1,41,122.253,0.3954338,1.090138,-0.4589377,0.2489508,0.6358071,0.6961157,0.2218009,
1,41,122.255,0.3954338,1.090138,-0.4589377,0.2489508,0.6358071,0.6961157,0.2218009,
1,41,122.257,0.3954338,1.090138,-0.4589377,0.2489508,0.6358071,0.6961157,0.2218009,
1,41,122.259,0.3961142,1.088343,-0.457546,0.2460174,0.6320788,0.7001998,0.2228722,
1,41,122.261,0.3961142,1.088343,-0.457546,0.2460174,0.6320788,0.7001998,0.2228722,
1,41,122.263,0.3961142,1.088343,-0.457546,0.2460174,0.6320788,0.7001998,0.2228722,
1,41,122.265,0.3961142,1.088343,-0.457546,0.2460174,0.6320788,0.7001998,0.2228722,
1,41,122.267,0.3961142,1.088343,-0.457546,0.2460174,0.6320788,0.7001998,0.2228722,
1,41,122.269,0.3969384,1.08649,-0.4561744,0.2423182,0.6284243,0.7043647,0.2241322,
1,41,122.271,0.3969384,1.08649,-0.4561744,0.2423182,0.6284243,0.7043647,0.2241322,
1,41,122.273,0.3969384,1.08649,-0.4561744,0.2423182,0.6284243,0.7043647,0.2241322,
1,41,122.275,0.3969384,1.08649,-0.4561744,0.2423182,0.6284243,0.7043647,0.2241322,
1,41,122.277,0.397829,1.084639,-0.4547509,0.2379038,0.6248448,0.7085571,0.2256492,
1,41,122.279,0.397829,1.084639,-0.4547509,0.2379038,0.6248448,0.7085571,0.2256492,
1,41,122.281,0.397829,1.084639,-0.4547509,0.2379038,0.6248448,0.7085571,0.2256492,
1,41,122.283,0.397829,1.084639,-0.4547509,0.2379038,0.6248448,0.7085571,0.2256492,
1,41,122.285,0.3985549,1.082787,-0.4531696,0.233318,0.6212053,0.7127773,0.2271902,
1,41,122.287,0.3985549,1.082787,-0.4531696,0.233318,0.6212053,0.7127773,0.2271902,
1,41,122.289,0.3985549,1.082787,-0.4531696,0.233318,0.6212053,0.7127773,0.2271902,
1,41,122.291,0.3985549,1.082787,-0.4531696,0.233318,0.6212053,0.7127773,0.2271902,
1,41,122.293,0.3996778,1.080837,-0.4515908,0.2277102,0.6174216,0.7172623,0.2290711,
1,41,122.295,0.3996778,1.080837,-0.4515908,0.2277102,0.6174216,0.7172623,0.2290711,
1,41,122.297,0.3996778,1.080837,-0.4515908,0.2277102,0.6174216,0.7172623,0.2290711,
1,41,122.299,0.3996778,1.080837,-0.4515908,0.2277102,0.6174216,0.7172623,0.2290711,
1,41,122.301,0.4005912,1.078694,-0.4499025,0.221703,0.613827,0.7215975,0.2310005,
1,41,122.303,0.4005912,1.078694,-0.4499025,0.221703,0.613827,0.7215975,0.2310005,
1,41,122.305,0.4005912,1.078694,-0.4499025,0.221703,0.613827,0.7215975,0.2310005,
1,41,122.307,0.4005912,1.078694,-0.4499025,0.221703,0.613827,0.7215975,0.2310005,
1,41,122.309,0.4014506,1.076355,-0.4481867,0.2149477,0.6101391,0.7261043,0.2330244,
1,41,122.311,0.4014506,1.076355,-0.4481867,0.2149477,0.6101391,0.7261043,0.2330244,
1,41,122.313,0.4014506,1.076355,-0.4481867,0.2149477,0.6101391,0.7261043,0.2330244,
1,41,122.315,0.4014506,1.076355,-0.4481867,0.2149477,0.6101391,0.7261043,0.2330244,
1,41,122.317,0.4014506,1.076355,-0.4481867,0.2149477,0.6101391,0.7261043,0.2330244,
1,41,122.319,0.4023333,1.073577,-0.4462721,0.2084638,0.6061569,0.7303967,0.2358756,
1,41,122.321,0.4023333,1.073577,-0.4462721,0.2084638,0.6061569,0.7303967,0.2358756,
1,41,122.323,0.4023333,1.073577,-0.4462721,0.2084638,0.6061569,0.7303967,0.2358756,
1,41,122.325,0.4023333,1.073577,-0.4462721,0.2084638,0.6061569,0.7303967,0.2358756,
1,41,122.327,0.4030048,1.070427,-0.4440895,0.2018709,0.6016994,0.7348235,0.23925,
1,41,122.329,0.4030048,1.070427,-0.4440895,0.2018709,0.6016994,0.7348235,0.23925,
1,41,122.331,0.4030048,1.070427,-0.4440895,0.2018709,0.6016994,0.7348235,0.23925,
1,41,122.333,0.4030048,1.070427,-0.4440895,0.2018709,0.6016994,0.7348235,0.23925,
1,41,122.335,0.4039232,1.066908,-0.4415033,0.1940001,0.596613,0.7399132,0.242787,
1,41,122.337,0.4039232,1.066908,-0.4415033,0.1940001,0.596613,0.7399132,0.242787,
1,41,122.339,0.4039232,1.066908,-0.4415033,0.1940001,0.596613,0.7399132,0.242787,
1,41,122.341,0.4039232,1.066908,-0.4415033,0.1940001,0.596613,0.7399132,0.242787,
1,41,122.343,0.4050483,1.063686,-0.4390302,0.1857479,0.5920218,0.7448534,0.2453598,
1,41,122.345,0.4050483,1.063686,-0.4390302,0.1857479,0.5920218,0.7448534,0.2453598,
1,41,122.347,0.4050483,1.063686,-0.4390302,0.1857479,0.5920218,0.7448534,0.2453598,
1,41,122.349,0.4050483,1.063686,-0.4390302,0.1857479,0.5920218,0.7448534,0.2453598,
1,41,122.351,0.4059875,1.060175,-0.4362642,0.175595,0.5869507,0.7507136,0.2471528,
1,41,122.353,0.4059875,1.060175,-0.4362642,0.175595,0.5869507,0.7507136,0.2471528,
1,41,122.355,0.4059875,1.060175,-0.4362642,0.175595,0.5869507,0.7507136,0.2471528,
1,41,122.357,0.4059875,1.060175,-0.4362642,0.175595,0.5869507,0.7507136,0.2471528,
1,41,122.359,0.4069414,1.056315,-0.4335514,0.1650478,0.5817172,0.7565436,0.2490104,
1,41,122.361,0.4069414,1.056315,-0.4335514,0.1650478,0.5817172,0.7565436,0.2490104,
1,41,122.363,0.4069414,1.056315,-0.4335514,0.1650478,0.5817172,0.7565436,0.2490104,
1,41,122.365,0.4069414,1.056315,-0.4335514,0.1650478,0.5817172,0.7565436,0.2490104,
1,41,122.367,0.4069414,1.056315,-0.4335514,0.1650478,0.5817172,0.7565436,0.2490104,
1,41,122.369,0.4074745,1.051777,-0.4308059,0.1542413,0.5761725,0.7624558,0.250791,
1,41,122.371,0.4074745,1.051777,-0.4308059,0.1542413,0.5761725,0.7624558,0.250791,
1,41,122.373,0.4074745,1.051777,-0.4308059,0.1542413,0.5761725,0.7624558,0.250791,
1,41,122.375,0.4074745,1.051777,-0.4308059,0.1542413,0.5761725,0.7624558,0.250791,
1,41,122.377,0.4083686,1.042093,-0.4253436,0.1345846,0.5645881,0.7735336,0.2545053,
1,41,122.379,0.4083686,1.042093,-0.4253436,0.1345846,0.5645881,0.7735336,0.2545053,
1,41,122.381,0.4083686,1.042093,-0.4253436,0.1345846,0.5645881,0.7735336,0.2545053,
1,41,122.383,0.4083686,1.042093,-0.4253436,0.1345846,0.5645881,0.7735336,0.2545053,
1,41,122.385,0.4084884,1.035476,-0.4219154,0.1220234,0.5573301,0.7803117,0.2561391,
1,41,122.387,0.4084884,1.035476,-0.4219154,0.1220234,0.5573301,0.7803117,0.2561391,
1,41,122.389,0.4084884,1.035476,-0.4219154,0.1220234,0.5573301,0.7803117,0.2561391,
1,41,122.391,0.4084884,1.035476,-0.4219154,0.1220234,0.5573301,0.7803117,0.2561391,
1,41,122.393,0.4084571,1.028885,-0.4190403,0.109544,0.5515081,0.7862403,0.256252,
1,41,122.395,0.4084571,1.028885,-0.4190403,0.109544,0.5515081,0.7862403,0.256252,
1,41,122.397,0.4084571,1.028885,-0.4190403,0.109544,0.5515081,0.7862403,0.256252,
1,41,122.399,0.4084571,1.028885,-0.4190403,0.109544,0.5515081,0.7862403,0.256252,
1,41,122.401,0.4081239,1.02169,-0.4160662,0.09670326,0.545278,0.7922009,0.2563945,
1,41,122.403,0.4081239,1.02169,-0.4160662,0.09670326,0.545278,0.7922009,0.2563945,
1,41,122.405,0.4081239,1.02169,-0.4160662,0.09670326,0.545278,0.7922009,0.2563945,
1,41,122.407,0.4081239,1.02169,-0.4160662,0.09670326,0.545278,0.7922009,0.2563945,
1,41,122.409,0.4077621,1.014141,-0.4129623,0.08307374,0.539115,0.7981019,0.2559048,
1,41,122.411,0.4077621,1.014141,-0.4129623,0.08307374,0.539115,0.7981019,0.2559048,
1,41,122.413,0.4077621,1.014141,-0.4129623,0.08307374,0.539115,0.7981019,0.2559048,
1,41,122.415,0.4077621,1.014141,-0.4129623,0.08307374,0.539115,0.7981019,0.2559048,
1,41,122.417,0.4077621,1.014141,-0.4129623,0.08307374,0.539115,0.7981019,0.2559048,
1,41,122.419,0.4072208,1.005598,-0.4097749,0.0695498,0.5323919,0.8038476,0.2560291,
1,41,122.421,0.4072208,1.005598,-0.4097749,0.0695498,0.5323919,0.8038476,0.2560291,
1,41,122.423,0.4072208,1.005598,-0.4097749,0.0695498,0.5323919,0.8038476,0.2560291,
1,41,122.425,0.4072208,1.005598,-0.4097749,0.0695498,0.5323919,0.8038476,0.2560291,
1,41,122.427,0.4062668,0.9965135,-0.4063033,0.05717292,0.524848,0.8094592,0.2569859,
1,41,122.429,0.4062668,0.9965135,-0.4063033,0.05717292,0.524848,0.8094592,0.2569859,
1,41,122.431,0.4062668,0.9965135,-0.4063033,0.05717292,0.524848,0.8094592,0.2569859,
1,41,122.433,0.4062668,0.9965135,-0.4063033,0.05717292,0.524848,0.8094592,0.2569859,
1,41,122.435,0.4051871,0.9855717,-0.4021585,0.04279348,0.5157691,0.81587,0.2578895,
1,41,122.437,0.4051871,0.9855717,-0.4021585,0.04279348,0.5157691,0.81587,0.2578895,
1,41,122.439,0.4051871,0.9855717,-0.4021585,0.04279348,0.5157691,0.81587,0.2578895,
1,41,122.441,0.4051871,0.9855717,-0.4021585,0.04279348,0.5157691,0.81587,0.2578895,
1,41,122.443,0.4040473,0.9763986,-0.3994617,0.03224555,0.5088195,0.8205153,0.2584909,
1,41,122.445,0.4040473,0.9763986,-0.3994617,0.03224555,0.5088195,0.8205153,0.2584909,
1,41,122.447,0.4040473,0.9763986,-0.3994617,0.03224555,0.5088195,0.8205153,0.2584909,
1,41,122.449,0.4040473,0.9763986,-0.3994617,0.03224555,0.5088195,0.8205153,0.2584909,
1,41,122.451,0.4032957,0.9679828,-0.3966333,0.0219813,0.5013068,0.8253467,0.2588652,
1,41,122.453,0.4032957,0.9679828,-0.3966333,0.0219813,0.5013068,0.8253467,0.2588652,
1,41,122.455,0.4032957,0.9679828,-0.3966333,0.0219813,0.5013068,0.8253467,0.2588652,
1,41,122.457,0.4032957,0.9679828,-0.3966333,0.0219813,0.5013068,0.8253467,0.2588652,
1,41,122.459,0.4025074,0.9596105,-0.3943817,0.01266041,0.4949304,0.8293461,0.2589765,
1,41,122.461,0.4025074,0.9596105,-0.3943817,0.01266041,0.4949304,0.8293461,0.2589765,
1,41,122.463,0.4025074,0.9596105,-0.3943817,0.01266041,0.4949304,0.8293461,0.2589765,
1,41,122.465,0.4025074,0.9596105,-0.3943817,0.01266041,0.4949304,0.8293461,0.2589765,
1,41,122.467,0.4025074,0.9596105,-0.3943817,0.01266041,0.4949304,0.8293461,0.2589765,
1,41,122.469,0.4007843,0.9507325,-0.3922855,0.003277123,0.4892693,0.8328671,0.2587225,
1,41,122.471,0.4007843,0.9507325,-0.3922855,0.003277123,0.4892693,0.8328671,0.2587225,
1,41,122.473,0.4007843,0.9507325,-0.3922855,0.003277123,0.4892693,0.8328671,0.2587225,
1,41,122.475,0.4007843,0.9507325,-0.3922855,0.003277123,0.4892693,0.8328671,0.2587225,
1,41,122.477,0.3990866,0.9423541,-0.3910915,-0.005891651,0.4847498,0.8359208,0.2573309,
1,41,122.479,0.3990866,0.9423541,-0.3910915,-0.005891651,0.4847498,0.8359208,0.2573309,
1,41,122.481,0.3990866,0.9423541,-0.3910915,-0.005891651,0.4847498,0.8359208,0.2573309,
1,41,122.483,0.3990866,0.9423541,-0.3910915,-0.005891651,0.4847498,0.8359208,0.2573309,
1,41,122.485,0.3973958,0.934285,-0.3894328,-0.0147081,0.4799899,0.8388178,0.2564726,
1,41,122.487,0.3973958,0.934285,-0.3894328,-0.0147081,0.4799899,0.8388178,0.2564726,
1,41,122.489,0.3973958,0.934285,-0.3894328,-0.0147081,0.4799899,0.8388178,0.2564726,
1,41,122.491,0.3973958,0.934285,-0.3894328,-0.0147081,0.4799899,0.8388178,0.2564726,
1,41,122.493,0.3953544,0.9250586,-0.3874085,-0.0251399,0.4745677,0.8419912,0.2553514,
1,41,122.495,0.3953544,0.9250586,-0.3874085,-0.0251399,0.4745677,0.8419912,0.2553514,
1,41,122.497,0.3953544,0.9250586,-0.3874085,-0.0251399,0.4745677,0.8419912,0.2553514,
1,41,122.499,0.3953544,0.9250586,-0.3874085,-0.0251399,0.4745677,0.8419912,0.2553514,
1,41,122.501,0.3939061,0.9167877,-0.386316,-0.03531426,0.4704895,0.8444676,0.2535093,
1,41,122.503,0.3939061,0.9167877,-0.386316,-0.03531426,0.4704895,0.8444676,0.2535093,
1,41,122.505,0.3939061,0.9167877,-0.386316,-0.03531426,0.4704895,0.8444676,0.2535093,
1,41,122.507,0.3939061,0.9167877,-0.386316,-0.03531426,0.4704895,0.8444676,0.2535093,
1,41,122.509,0.3921992,0.9086666,-0.384567,-0.04488763,0.4657801,0.8469614,0.2523699,
1,41,122.511,0.3921992,0.9086666,-0.384567,-0.04488763,0.4657801,0.8469614,0.2523699,
1,41,122.513,0.3921992,0.9086666,-0.384567,-0.04488763,0.4657801,0.8469614,0.2523699,
1,41,122.515,0.3921992,0.9086666,-0.384567,-0.04488763,0.4657801,0.8469614,0.2523699,
1,41,122.517,0.3921992,0.9086666,-0.384567,-0.04488763,0.4657801,0.8469614,0.2523699,
1,41,122.519,0.3901998,0.8985796,-0.3831193,-0.05661455,0.4608681,0.849426,0.2507405,
1,41,122.521,0.3901998,0.8985796,-0.3831193,-0.05661455,0.4608681,0.849426,0.2507405,
1,41,122.523,0.3901998,0.8985796,-0.3831193,-0.05661455,0.4608681,0.849426,0.2507405,
1,41,122.525,0.3901998,0.8985796,-0.3831193,-0.05661455,0.4608681,0.849426,0.2507405,
1,41,122.527,0.3879669,0.8893183,-0.3812163,-0.06690034,0.4558276,0.8516902,0.2497386,
1,41,122.529,0.3879669,0.8893183,-0.3812163,-0.06690034,0.4558276,0.8516902,0.2497386,
1,41,122.531,0.3879669,0.8893183,-0.3812163,-0.06690034,0.4558276,0.8516902,0.2497386,
1,41,122.533,0.3879669,0.8893183,-0.3812163,-0.06690034,0.4558276,0.8516902,0.2497386,
1,41,122.535,0.3862396,0.8804829,-0.3801517,-0.07640833,0.4518532,0.8532969,0.2487468,
1,41,122.537,0.3862396,0.8804829,-0.3801517,-0.07640833,0.4518532,0.8532969,0.2487468,
1,41,122.539,0.3862396,0.8804829,-0.3801517,-0.07640833,0.4518532,0.8532969,0.2487468,
1,41,122.541,0.3862396,0.8804829,-0.3801517,-0.07640833,0.4518532,0.8532969,0.2487468,
1,41,122.543,0.3837118,0.8689397,-0.3786069,-0.08792329,0.4469175,0.8549584,0.2481544,
1,41,122.545,0.3837118,0.8689397,-0.3786069,-0.08792329,0.4469175,0.8549584,0.2481544,
1,41,122.547,0.3837118,0.8689397,-0.3786069,-0.08792329,0.4469175,0.8549584,0.2481544,
1,41,122.549,0.3837118,0.8689397,-0.3786069,-0.08792329,0.4469175,0.8549584,0.2481544,
1,41,122.551,0.3810841,0.8591571,-0.3768132,-0.09820542,0.4422725,0.8564378,0.2475177,
1,41,122.553,0.3810841,0.8591571,-0.3768132,-0.09820542,0.4422725,0.8564378,0.2475177,
1,41,122.555,0.3810841,0.8591571,-0.3768132,-0.09820542,0.4422725,0.8564378,0.2475177,
1,41,122.557,0.3810841,0.8591571,-0.3768132,-0.09820542,0.4422725,0.8564378,0.2475177,
1,41,122.559,0.3791082,0.8493273,-0.3766114,-0.1063245,0.4403377,0.8564689,0.2475056,
1,41,122.561,0.3791082,0.8493273,-0.3766114,-0.1063245,0.4403377,0.8564689,0.2475056,
1,41,122.563,0.3791082,0.8493273,-0.3766114,-0.1063245,0.4403377,0.8564689,0.2475056,
1,41,122.565,0.3791082,0.8493273,-0.3766114,-0.1063245,0.4403377,0.8564689,0.2475056,
1,41,122.567,0.3791082,0.8493273,-0.3766114,-0.1063245,0.4403377,0.8564689,0.2475056,
1,41,122.569,0.376786,0.8404625,-0.3754201,-0.1145502,0.4372216,0.8570358,0.2473969,
1,41,122.571,0.376786,0.8404625,-0.3754201,-0.1145502,0.4372216,0.8570358,0.2473969,
1,41,122.573,0.376786,0.8404625,-0.3754201,-0.1145502,0.4372216,0.8570358,0.2473969,
1,41,122.575,0.376786,0.8404625,-0.3754201,-0.1145502,0.4372216,0.8570358,0.2473969,
1,41,122.577,0.3742115,0.8312238,-0.3742032,-0.1226745,0.4342961,0.857383,0.2474515,
1,41,122.579,0.3742115,0.8312238,-0.3742032,-0.1226745,0.4342961,0.857383,0.2474515,
1,41,122.581,0.3742115,0.8312238,-0.3742032,-0.1226745,0.4342961,0.857383,0.2474515,
1,41,122.583,0.3742115,0.8312238,-0.3742032,-0.1226745,0.4342961,0.857383,0.2474515,
1,41,122.585,0.3726929,0.8208526,-0.3744851,-0.1273202,0.4335667,0.85646,0.2495711,
1,41,122.587,0.3726929,0.8208526,-0.3744851,-0.1273202,0.4335667,0.85646,0.2495711,
1,41,122.589,0.3726929,0.8208526,-0.3744851,-0.1273202,0.4335667,0.85646,0.2495711,
1,41,122.591,0.3726929,0.8208526,-0.3744851,-0.1273202,0.4335667,0.85646,0.2495711,
1,41,122.593,0.3706432,0.8120353,-0.3733485,-0.132754,0.4311911,0.8564011,0.2510534,
1,41,122.595,0.3706432,0.8120353,-0.3733485,-0.132754,0.4311911,0.8564011,0.2510534,
1,41,122.597,0.3706432,0.8120353,-0.3733485,-0.132754,0.4311911,0.8564011,0.2510534,
1,41,122.599,0.3706432,0.8120353,-0.3733485,-0.132754,0.4311911,0.8564011,0.2510534,
1,41,122.601,0.3687132,0.8031691,-0.3722053,-0.1370272,0.4290096,0.8561984,0.253177,
1,41,122.603,0.3687132,0.8031691,-0.3722053,-0.1370272,0.4290096,0.8561984,0.253177,
1,41,122.605,0.3687132,0.8031691,-0.3722053,-0.1370272,0.4290096,0.8561984,0.253177,
1,41,122.607,0.3687132,0.8031691,-0.3722053,-0.1370272,0.4290096,0.8561984,0.253177,
1,41,122.609,0.3673496,0.7922946,-0.3725912,-0.1370116,0.42857,0.8550491,0.2577722,
1,41,122.611,0.3673496,0.7922946,-0.3725912,-0.1370116,0.42857,0.8550491,0.2577722,
1,41,122.613,0.3673496,0.7922946,-0.3725912,-0.1370116,0.42857,0.8550491,0.2577722,
1,41,122.615,0.3673496,0.7922946,-0.3725912,-0.1370116,0.42857,0.8550491,0.2577722,
1,41,122.617,0.3673496,0.7922946,-0.3725912,-0.1370116,0.42857,0.8550491,0.2577722,
1,41,122.619,0.3653095,0.7829634,-0.3716542,-0.1401157,0.4271693,0.8544073,0.2605419,
1,41,122.621,0.3653095,0.7829634,-0.3716542,-0.1401157,0.4271693,0.8544073,0.2605419,
1,41,122.623,0.3653095,0.7829634,-0.3716542,-0.1401157,0.4271693,0.8544073,0.2605419,
1,41,122.625,0.3653095,0.7829634,-0.3716542,-0.1401157,0.4271693,0.8544073,0.2605419,
1,41,122.627,0.3633219,0.7710357,-0.3720195,-0.140818,0.4282149,0.8523617,0.2651073,
1,41,122.629,0.3633219,0.7710357,-0.3720195,-0.140818,0.4282149,0.8523617,0.2651073,
1,41,122.631,0.3633219,0.7710357,-0.3720195,-0.140818,0.4282149,0.8523617,0.2651073,
1,41,122.633,0.3633219,0.7710357,-0.3720195,-0.140818,0.4282149,0.8523617,0.2651073,
1,41,122.635,0.3611712,0.7617227,-0.3710241,-0.1438786,0.4281155,0.8509792,0.2680495,
1,41,122.637,0.3611712,0.7617227,-0.3710241,-0.1438786,0.4281155,0.8509792,0.2680495,
1,41,122.639,0.3611712,0.7617227,-0.3710241,-0.1438786,0.4281155,0.8509792,0.2680495,
1,41,122.641,0.3611712,0.7617227,-0.3710241,-0.1438786,0.4281155,0.8509792,0.2680495,
1,41,122.643,0.3595497,0.7495871,-0.3717314,-0.1446557,0.4312881,0.8475727,0.2732872,
1,41,122.645,0.3595497,0.7495871,-0.3717314,-0.1446557,0.4312881,0.8475727,0.2732872,
1,41,122.647,0.3595497,0.7495871,-0.3717314,-0.1446557,0.4312881,0.8475727,0.2732872,
1,41,122.649,0.3595497,0.7495871,-0.3717314,-0.1446557,0.4312881,0.8475727,0.2732872,
1,41,122.651,0.3576804,0.7400898,-0.3708288,-0.1473563,0.4326317,0.8452262,0.2769634,
1,41,122.653,0.3576804,0.7400898,-0.3708288,-0.1473563,0.4326317,0.8452262,0.2769634,
1,41,122.655,0.3576804,0.7400898,-0.3708288,-0.1473563,0.4326317,0.8452262,0.2769634,
1,41,122.657,0.3576804,0.7400898,-0.3708288,-0.1473563,0.4326317,0.8452262,0.2769634,
1,41,122.659,0.3557133,0.7306061,-0.3700193,-0.1495611,0.4343684,0.8426328,0.280937,
1,41,122.661,0.3557133,0.7306061,-0.3700193,-0.1495611,0.4343684,0.8426328,0.280937,
1,41,122.663,0.3557133,0.7306061,-0.3700193,-0.1495611,0.4343684,0.8426328,0.280937,
1,41,122.665,0.3557133,0.7306061,-0.3700193,-0.1495611,0.4343684,0.8426328,0.280937,
1,41,122.667,0.3557133,0.7306061,-0.3700193,-0.1495611,0.4343684,0.8426328,0.280937,
1,41,122.669,0.3541417,0.7174495,-0.3710364,-0.1485832,0.4392613,0.8378572,0.2880415,
1,41,122.671,0.3541417,0.7174495,-0.3710364,-0.1485832,0.4392613,0.8378572,0.2880415,
1,41,122.673,0.3541417,0.7174495,-0.3710364,-0.1485832,0.4392613,0.8378572,0.2880415,
1,41,122.675,0.3541417,0.7174495,-0.3710364,-0.1485832,0.4392613,0.8378572,0.2880415,
1,41,122.677,0.3520558,0.7075163,-0.3705303,-0.1493691,0.4417385,0.8346441,0.2931302,
1,41,122.679,0.3520558,0.7075163,-0.3705303,-0.1493691,0.4417385,0.8346441,0.2931302,
1,41,122.681,0.3520558,0.7075163,-0.3705303,-0.1493691,0.4417385,0.8346441,0.2931302,
1,41,122.683,0.3520558,0.7075163,-0.3705303,-0.1493691,0.4417385,0.8346441,0.2931302,
1,41,122.685,0.3500601,0.6974688,-0.3700998,-0.1496923,0.444499,0.8312095,0.2985024,
1,41,122.687,0.3500601,0.6974688,-0.3700998,-0.1496923,0.444499,0.8312095,0.2985024,
1,41,122.689,0.3500601,0.6974688,-0.3700998,-0.1496923,0.444499,0.8312095,0.2985024,
1,41,122.691,0.3500601,0.6974688,-0.3700998,-0.1496923,0.444499,0.8312095,0.2985024,
1,41,122.693,0.348368,0.6839156,-0.3709283,-0.1478809,0.4497042,0.8258592,0.3063559,
1,41,122.695,0.348368,0.6839156,-0.3709283,-0.1478809,0.4497042,0.8258592,0.3063559,
1,41,122.697,0.348368,0.6839156,-0.3709283,-0.1478809,0.4497042,0.8258592,0.3063559,
1,41,122.699,0.348368,0.6839156,-0.3709283,-0.1478809,0.4497042,0.8258592,0.3063559,
1,41,122.701,0.3460983,0.6731558,-0.3703154,-0.1481192,0.4528349,0.821921,0.3121651,
1,41,122.703,0.3460983,0.6731558,-0.3703154,-0.1481192,0.4528349,0.821921,0.3121651,
1,41,122.705,0.3460983,0.6731558,-0.3703154,-0.1481192,0.4528349,0.821921,0.3121651,
1,41,122.707,0.3460983,0.6731558,-0.3703154,-0.1481192,0.4528349,0.821921,0.3121651,
1,41,122.709,0.3435872,0.6621708,-0.3698894,-0.1482609,0.4561733,0.8178021,0.3180006,
1,41,122.711,0.3435872,0.6621708,-0.3698894,-0.1482609,0.4561733,0.8178021,0.3180006,
1,41,122.713,0.3435872,0.6621708,-0.3698894,-0.1482609,0.4561733,0.8178021,0.3180006,
1,41,122.715,0.3435872,0.6621708,-0.3698894,-0.1482609,0.4561733,0.8178021,0.3180006,
1,41,122.717,0.3435872,0.6621708,-0.3698894,-0.1482609,0.4561733,0.8178021,0.3180006,
1,41,122.719,0.341387,0.6485626,-0.3704411,-0.1471595,0.4614484,0.812222,0.3251231,
1,41,122.721,0.341387,0.6485626,-0.3704411,-0.1471595,0.4614484,0.812222,0.3251231,
1,41,122.723,0.341387,0.6485626,-0.3704411,-0.1471595,0.4614484,0.812222,0.3251231,
1,41,122.725,0.341387,0.6485626,-0.3704411,-0.1471595,0.4614484,0.812222,0.3251231,
1,41,122.727,0.3386598,0.637131,-0.3700897,-0.1475035,0.4651537,0.8077966,0.3306652,
1,41,122.729,0.3386598,0.637131,-0.3700897,-0.1475035,0.4651537,0.8077966,0.3306652,
1,41,122.731,0.3386598,0.637131,-0.3700897,-0.1475035,0.4651537,0.8077966,0.3306652,
1,41,122.733,0.3386598,0.637131,-0.3700897,-0.1475035,0.4651537,0.8077966,0.3306652,
1,41,122.735,0.3355682,0.6248959,-0.3695214,-0.1480332,0.4691011,0.8030187,0.336439,
1,41,122.737,0.3355682,0.6248959,-0.3695214,-0.1480332,0.4691011,0.8030187,0.336439,
1,41,122.739,0.3355682,0.6248959,-0.3695214,-0.1480332,0.4691011,0.8030187,0.336439,
1,41,122.741,0.3355682,0.6248959,-0.3695214,-0.1480332,0.4691011,0.8030187,0.336439,
1,41,122.743,0.3326608,0.6107953,-0.3701183,-0.148388,0.4746238,0.7971084,0.3425369,
1,41,122.745,0.3326608,0.6107953,-0.3701183,-0.148388,0.4746238,0.7971084,0.3425369,
1,41,122.747,0.3326608,0.6107953,-0.3701183,-0.148388,0.4746238,0.7971084,0.3425369,
1,41,122.749,0.3326608,0.6107953,-0.3701183,-0.148388,0.4746238,0.7971084,0.3425369,
1,41,122.751,0.3298474,0.5987533,-0.3695251,-0.1493368,0.4783138,0.7923565,0.3479736,
1,41,122.753,0.3298474,0.5987533,-0.3695251,-0.1493368,0.4783138,0.7923565,0.3479736,
1,41,122.755,0.3298474,0.5987533,-0.3695251,-0.1493368,0.4783138,0.7923565,0.3479736,CourtEnter
1,41,122.757,0.3298474,0.5987533,-0.3695251,-0.1493368,0.4783138,0.7923565,0.3479736,
1,41,122.759,0.3270715,0.5851942,-0.3697559,-0.1503212,0.4830546,0.7867884,0.35359,
1,41,122.761,0.3270715,0.5851942,-0.3697559,-0.1503212,0.4830546,0.7867884,0.35359,
1,41,122.763,0.3270715,0.5851942,-0.3697559,-0.1503212,0.4830546,0.7867884,0.35359,
1,41,122.765,0.3270715,0.5851942,-0.3697559,-0.1503212,0.4830546,0.7867884,0.35359,
1,41,122.767,0.3270715,0.5851942,-0.3697559,-0.1503212,0.4830546,0.7867884,0.35359,CourtExit
1,41,122.769,0.3239016,0.5719638,-0.3691953,-0.1516717,0.4870434,0.7815827,0.3590444,
1,41,122.771,0.3239016,0.5719638,-0.3691953,-0.1516717,0.4870434,0.7815827,0.3590444,
1,41,122.773,0.3239016,0.5719638,-0.3691953,-0.1516717,0.4870434,0.7815827,0.3590444,
1,41,122.775,0.3239016,0.5719638,-0.3691953,-0.1516717,0.4870434,0.7815827,0.3590444,
1,41,122.777,0.32075,0.5595067,-0.3687491,-0.1528924,0.4907193,0.7767143,0.3640513,
1,41,122.779,0.32075,0.5595067,-0.3687491,-0.1528924,0.4907193,0.7767143,0.3640513,
1,41,122.781,0.32075,0.5595067,-0.3687491,-0.1528924,0.4907193,0.7767143,0.3640513,
1,41,122.783,0.32075,0.5595067,-0.3687491,-0.1528924,0.4907193,0.7767143,0.3640513,
1,41,122.785,0.3171859,0.5452285,-0.368776,-0.154212,0.4951035,0.7711456,0.3693584,
1,41,122.787,0.3171859,0.5452285,-0.368776,-0.154212,0.4951035,0.7711456,0.3693584,
1,41,122.789,0.3171859,0.5452285,-0.368776,-0.154212,0.4951035,0.7711456,0.3693584,
1,41,122.791,0.3171859,0.5452285,-0.368776,-0.154212,0.4951035,0.7711456,0.3693584,
1,41,122.793,0.3136911,0.5325789,-0.3685426,-0.1555257,0.4986951,0.7663571,0.3739142,
1,41,122.795,0.3136911,0.5325789,-0.3685426,-0.1555257,0.4986951,0.7663571,0.3739142,
1,41,122.797,0.3136911,0.5325789,-0.3685426,-0.1555257,0.4986951,0.7663571,0.3739142,
1,41,122.799,0.3136911,0.5325789,-0.3685426,-0.1555257,0.4986951,0.7663571,0.3739142,
1,41,122.801,0.310377,0.5198239,-0.3683867,-0.1586958,0.502995,0.7612269,0.3772871,
1,41,122.803,0.310377,0.5198239,-0.3683867,-0.1586958,0.502995,0.7612269,0.3772871,
1,41,122.805,0.310377,0.5198239,-0.3683867,-0.1586958,0.502995,0.7612269,0.3772871,
1,41,122.807,0.310377,0.5198239,-0.3683867,-0.1586958,0.502995,0.7612269,0.3772871,
1,41,122.809,0.3064929,0.5062049,-0.3682644,-0.160808,0.5071104,0.7559624,0.3814455,
1,41,122.811,0.3064929,0.5062049,-0.3682644,-0.160808,0.5071104,0.7559624,0.3814455,
1,41,122.813,0.3064929,0.5062049,-0.3682644,-0.160808,0.5071104,0.7559624,0.3814455,
1,41,122.815,0.3064929,0.5062049,-0.3682644,-0.160808,0.5071104,0.7559624,0.3814455,
1,41,122.817,0.3064929,0.5062049,-0.3682644,-0.160808,0.5071104,0.7559624,0.3814455,
1,41,122.819,0.30291,0.4941212,-0.3683171,-0.1637491,0.5111492,0.7511451,0.3843094,
1,41,122.821,0.30291,0.4941212,-0.3683171,-0.1637491,0.5111492,0.7511451,0.3843094,
1,41,122.823,0.30291,0.4941212,-0.3683171,-0.1637491,0.5111492,0.7511451,0.3843094,
1,41,122.825,0.30291,0.4941212,-0.3683171,-0.1637491,0.5111492,0.7511451,0.3843094,
1,41,122.827,0.2991745,0.4810746,-0.3682487,-0.165736,0.5150878,0.7460531,0.3880991,
1,41,122.829,0.2991745,0.4810746,-0.3682487,-0.165736,0.5150878,0.7460531,0.3880991,
1,41,122.831,0.2991745,0.4810746,-0.3682487,-0.165736,0.5150878,0.7460531,0.3880991,
1,41,122.833,0.2991745,0.4810746,-0.3682487,-0.165736,0.5150878,0.7460531,0.3880991,
1,41,122.835,0.2957095,0.4692535,-0.3682308,-0.16747,0.5185843,0.7414376,0.3915284,
1,41,122.837,0.2957095,0.4692535,-0.3682308,-0.16747,0.5185843,0.7414376,0.3915284,
1,41,122.839,0.2957095,0.4692535,-0.3682308,-0.16747,0.5185843,0.7414376,0.3915284,
1,41,122.841,0.2957095,0.4692535,-0.3682308,-0.16747,0.5185843,0.7414376,0.3915284,
1,41,122.843,0.2923253,0.4580847,-0.3685547,-0.1692652,0.5218725,0.737202,0.3943751,
1,41,122.845,0.2923253,0.4580847,-0.3685547,-0.1692652,0.5218725,0.737202,0.3943751,
1,41,122.847,0.2923253,0.4580847,-0.3685547,-0.1692652,0.5218725,0.737202,0.3943751,
1,41,122.849,0.2923253,0.4580847,-0.3685547,-0.1692652,0.5218725,0.737202,0.3943751,
1,41,122.851,0.2892754,0.4468147,-0.3682534,-0.1710712,0.5249118,0.7327495,0.3978446,
1,41,122.853,0.2892754,0.4468147,-0.3682534,-0.1710712,0.5249118,0.7327495,0.3978446,
1,41,122.855,0.2892754,0.4468147,-0.3682534,-0.1710712,0.5249118,0.7327495,0.3978446,
1,41,122.857,0.2892754,0.4468147,-0.3682534,-0.1710712,0.5249118,0.7327495,0.3978446,
1,41,122.859,0.2855927,0.4357946,-0.3692471,-0.1722468,0.5287824,0.7282892,0.4003937,
1,41,122.861,0.2855927,0.4357946,-0.3692471,-0.1722468,0.5287824,0.7282892,0.4003937,
1,41,122.863,0.2855927,0.4357946,-0.3692471,-0.1722468,0.5287824,0.7282892,0.4003937,
1,41,122.865,0.2855927,0.4357946,-0.3692471,-0.1722468,0.5287824,0.7282892,0.4003937,
1,41,122.867,0.2855927,0.4357946,-0.3692471,-0.1722468,0.5287824,0.7282892,0.4003937,
1,41,122.869,0.2825077,0.4243194,-0.3692112,-0.173925,0.5323572,0.7233877,0.4038024,
1,41,122.871,0.2825077,0.4243194,-0.3692112,-0.173925,0.5323572,0.7233877,0.4038024,
1,41,122.873,0.2825077,0.4243194,-0.3692112,-0.173925,0.5323572,0.7233877,0.4038024,
1,41,122.875,0.2825077,0.4243194,-0.3692112,-0.173925,0.5323572,0.7233877,0.4038024,
1,41,122.877,0.278954,0.4119509,-0.3701215,-0.1748526,0.5366284,0.7179639,0.4074119,
1,41,122.879,0.278954,0.4119509,-0.3701215,-0.1748526,0.5366284,0.7179639,0.4074119,
1,41,122.881,0.278954,0.4119509,-0.3701215,-0.1748526,0.5366284,0.7179639,0.4074119,
1,41,122.883,0.278954,0.4119509,-0.3701215,-0.1748526,0.5366284,0.7179639,0.4074119,
1,41,122.885,0.2755901,0.3997906,-0.371235,-0.1748763,0.5407301,0.7125138,0.4115257,
1,41,122.887,0.2755901,0.3997906,-0.371235,-0.1748763,0.5407301,0.7125138,0.4115257,
1,41,122.889,0.2755901,0.3997906,-0.371235,-0.1748763,0.5407301,0.7125138,0.4115257,
1,41,122.891,0.2755901,0.3997906,-0.371235,-0.1748763,0.5407301,0.7125138,0.4115257,
1,41,122.893,0.2730455,0.389726,-0.3720255,-0.1748523,0.5440986,0.7078409,0.415144,
1,41,122.895,0.2730455,0.389726,-0.3720255,-0.1748523,0.5440986,0.7078409,0.415144,
1,41,122.897,0.2730455,0.389726,-0.3720255,-0.1748523,0.5440986,0.7078409,0.415144,
1,41,122.899,0.2730455,0.389726,-0.3720255,-0.1748523,0.5440986,0.7078409,0.415144,
1,41,122.901,0.2709602,0.3803148,-0.3726453,-0.1746993,0.5471487,0.7033186,0.4188691,
1,41,122.903,0.2709602,0.3803148,-0.3726453,-0.1746993,0.5471487,0.7033186,0.4188691,
1,41,122.905,0.2709602,0.3803148,-0.3726453,-0.1746993,0.5471487,0.7033186,0.4188691,
1,41,122.907,0.2709602,0.3803148,-0.3726453,-0.1746993,0.5471487,0.7033186,0.4188691,
1,41,122.909,0.2688354,0.3708071,-0.3743892,-0.172238,0.5498433,0.69898,0.4235957,
1,41,122.911,0.2688354,0.3708071,-0.3743892,-0.172238,0.5498433,0.69898,0.4235957,
1,41,122.913,0.2688354,0.3708071,-0.3743892,-0.172238,0.5498433,0.69898,0.4235957,
1,41,122.915,0.2688354,0.3708071,-0.3743892,-0.172238,0.5498433,0.69898,0.4235957,
1,41,122.917,0.2688354,0.3708071,-0.3743892,-0.172238,0.5498433,0.69898,0.4235957,
1,41,122.919,0.2667689,0.3602343,-0.375647,-0.1709357,0.5530875,0.6938714,0.428273,
1,41,122.921,0.2667689,0.3602343,-0.375647,-0.1709357,0.5530875,0.6938714,0.428273,
1,41,122.923,0.2667689,0.3602343,-0.375647,-0.1709357,0.5530875,0.6938714,0.428273,
1,41,122.925,0.2667689,0.3602343,-0.375647,-0.1709357,0.5530875,0.6938714,0.428273,
1,41,122.927,0.2647818,0.3506507,-0.3773227,-0.1690864,0.5560807,0.6892891,0.4325097,
1,41,122.929,0.2647818,0.3506507,-0.3773227,-0.1690864,0.5560807,0.6892891,0.4325097,
1,41,122.931,0.2647818,0.3506507,-0.3773227,-0.1690864,0.5560807,0.6892891,0.4325097,
1,41,122.933,0.2647818,0.3506507,-0.3773227,-0.1690864,0.5560807,0.6892891,0.4325097,
1,41,122.935,0.263262,0.3413229,-0.3795547,-0.1654032,0.5581226,0.6851953,0.4377767,
1,41,122.937,0.263262,0.3413229,-0.3795547,-0.1654032,0.5581226,0.6851953,0.4377767,
1,41,122.939,0.263262,0.3413229,-0.3795547,-0.1654032,0.5581226,0.6851953,0.4377767,
1,41,122.941,0.263262,0.3413229,-0.3795547,-0.1654032,0.5581226,0.6851953,0.4377767,
1,41,122.943,0.2617465,0.3323023,-0.3811413,-0.1634152,0.5603499,0.6810036,0.4421964,
1,41,122.945,0.2617465,0.3323023,-0.3811413,-0.1634152,0.5603499,0.6810036,0.4421964,
1,41,122.947,0.2617465,0.3323023,-0.3811413,-0.1634152,0.5603499,0.6810036,0.4421964,
1,41,122.949,0.2617465,0.3323023,-0.3811413,-0.1634152,0.5603499,0.6810036,0.4421964,
1,41,122.951,0.2607186,0.3243583,-0.382773,-0.1600289,0.5606347,0.678099,0.4475053,
1,41,122.953,0.2607186,0.3243583,-0.382773,-0.1600289,0.5606347,0.678099,0.4475053,
1,41,122.955,0.2607186,0.3243583,-0.382773,-0.1600289,0.5606347,0.678099,0.4475053,
1,41,122.957,0.2607186,0.3243583,-0.382773,-0.1600289,0.5606347,0.678099,0.4475053,
1,41,122.959,0.2594298,0.3156016,-0.3845292,-0.1579038,0.5622374,0.6744227,0.4517849,
1,41,122.961,0.2594298,0.3156016,-0.3845292,-0.1579038,0.5622374,0.6744227,0.4517849,
1,41,122.963,0.2594298,0.3156016,-0.3845292,-0.1579038,0.5622374,0.6744227,0.4517849,
1,41,122.965,0.2594298,0.3156016,-0.3845292,-0.1579038,0.5622374,0.6744227,0.4517849,
1,41,122.967,0.2594298,0.3156016,-0.3845292,-0.1579038,0.5622374,0.6744227,0.4517849,
1,41,122.969,0.2585109,0.3072373,-0.3860714,-0.1558673,0.5632241,0.6711649,0.4560939,
1,41,122.971,0.2585109,0.3072373,-0.3860714,-0.1558673,0.5632241,0.6711649,0.4560939,
1,41,122.973,0.2585109,0.3072373,-0.3860714,-0.1558673,0.5632241,0.6711649,0.4560939,
1,41,122.975,0.2585109,0.3072373,-0.3860714,-0.1558673,0.5632241,0.6711649,0.4560939,
1,41,122.977,0.2579638,0.3010629,-0.3877973,-0.1530175,0.5619801,0.6700174,0.4602617,
1,41,122.979,0.2579638,0.3010629,-0.3877973,-0.1530175,0.5619801,0.6700174,0.4602617,
1,41,122.981,0.2579638,0.3010629,-0.3877973,-0.1530175,0.5619801,0.6700174,0.4602617,
1,41,122.983,0.2579638,0.3010629,-0.3877973,-0.1530175,0.5619801,0.6700174,0.4602617,
1,41,122.985,0.2572662,0.2936589,-0.389471,-0.1511821,0.5622039,0.6677051,0.4639404,
1,41,122.987,0.2572662,0.2936589,-0.389471,-0.1511821,0.5622039,0.6677051,0.4639404,
1,41,122.989,0.2572662,0.2936589,-0.389471,-0.1511821,0.5622039,0.6677051,0.4639404,
1,41,122.991,0.2572662,0.2936589,-0.389471,-0.1511821,0.5622039,0.6677051,0.4639404,
1,41,122.993,0.2569923,0.2883532,-0.3912853,-0.1499203,0.5609055,0.6672519,0.4665661,
1,41,122.995,0.2569923,0.2883532,-0.3912853,-0.1499203,0.5609055,0.6672519,0.4665661,
1,41,122.997,0.2569923,0.2883532,-0.3912853,-0.1499203,0.5609055,0.6672519,0.4665661,
1,41,122.999,0.2569923,0.2883532,-0.3912853,-0.1499203,0.5609055,0.6672519,0.4665661,
1,42,123.001,0.2566043,0.2816143,-0.3930367,-0.1488342,0.5608017,0.6656467,0.4693231,CourtExit
1,42,123.003,0.2566043,0.2816143,-0.3930367,-0.1488342,0.5608017,0.6656467,0.4693231,
1,42,123.005,0.2566043,0.2816143,-0.3930367,-0.1488342,0.5608017,0.6656467,0.4693231,
1,42,123.007,0.2566043,0.2816143,-0.3930367,-0.1488342,0.5608017,0.6656467,0.4693231,
1,42,123.009,0.2563644,0.2747121,-0.3947905,-0.1479398,0.5603771,0.6641648,0.4722039,
1,42,123.011,0.2563644,0.2747121,-0.3947905,-0.1479398,0.5603771,0.6641648,0.4722039,
1,42,123.013,0.2563644,0.2747121,-0.3947905,-0.1479398,0.5603771,0.6641648,0.4722039,
1,42,123.015,0.2563644,0.2747121,-0.3947905,-0.1479398,0.5603771,0.6641648,0.4722039,
1,42,123.017,0.2563644,0.2747121,-0.3947905,-0.1479398,0.5603771,0.6641648,0.4722039,
1,42,123.019,0.2567444,0.2692926,-0.3968582,-0.1475687,0.5586454,0.664303,0.4741734,
1,42,123.021,0.2567444,0.2692926,-0.3968582,-0.1475687,0.5586454,0.664303,0.4741734,
1,42,123.023,0.2567444,0.2692926,-0.3968582,-0.1475687,0.5586454,0.664303,0.4741734,
1,42,123.025,0.2567444,0.2692926,-0.3968582,-0.1475687,0.5586454,0.664303,0.4741734,
1,42,123.027,0.2574897,0.2642035,-0.398882,-0.1471864,0.5566916,0.6645889,0.4761851,
1,42,123.029,0.2574897,0.2642035,-0.398882,-0.1471864,0.5566916,0.6645889,0.4761851,
1,42,123.031,0.2574897,0.2642035,-0.398882,-0.1471864,0.5566916,0.6645889,0.4761851,
1,42,123.033,0.2574897,0.2642035,-0.398882,-0.1471864,0.5566916,0.6645889,0.4761851,
1,42,123.035,0.258055,0.2590919,-0.4004683,-0.1466374,0.5557942,0.6640279,0.4781812,
1,42,123.037,0.258055,0.2590919,-0.4004683,-0.1466374,0.5557942,0.6640279,0.4781812,
1,42,123.039,0.258055,0.2590919,-0.4004683,-0.1466374,0.5557942,0.6640279,0.4781812,
1,42,123.041,0.258055,0.2590919,-0.4004683,-0.1466374,0.5557942,0.6640279,0.4781812,
1,42,123.043,0.2591835,0.2553411,-0.4023028,-0.1471588,0.5547933,0.6642937,0.4788135,
1,42,123.045,0.2591835,0.2553411,-0.4023028,-0.1471588,0.5547933,0.6642937,0.4788135,
1,42,123.047,0.2591835,0.2553411,-0.4023028,-0.1471588,0.5547933,0.6642937,0.4788135,
1,42,123.049,0.2591835,0.2553411,-0.4023028,-0.1471588,0.5547933,0.6642937,0.4788135,
1,42,123.051,0.2601361,0.2502506,-0.4040895,-0.1472557,0.5547491,0.6634353,0.4800237,
1,42,123.053,0.2601361,0.2502506,-0.4040895,-0.1472557,0.5547491,0.6634353,0.4800237,
1,42,123.055,0.2601361,0.2502506,-0.4040895,-0.1472557,0.5547491,0.6634353,0.4800237,
1,42,123.057,0.2601361,0.2502506,-0.4040895,-0.1472557,0.5547491,0.6634353,0.4800237,
1,42,123.059,0.2613581,0.2454161,-0.4057971,-0.1472862,0.5544958,0.6627162,0.4812989,
1,42,123.061,0.2613581,0.2454161,-0.4057971,-0.1472862,0.5544958,0.6627162,0.4812989,
1,42,123.063,0.2613581,0.2454161,-0.4057971,-0.1472862,0.5544958,0.6627162,0.4812989,
1,42,123.065,0.2613581,0.2454161,-0.4057971,-0.1472862,0.5544958,0.6627162,0.4812989,
1,42,123.067,0.2613581,0.2454161,-0.4057971,-0.1472862,0.5544958,0.6627162,0.4812989,
1,42,123.069,0.2627269,0.2404397,-0.4076133,-0.1473093,0.5544456,0.6618901,0.4824849,
1,42,123.071,0.2627269,0.2404397,-0.4076133,-0.1473093,0.5544456,0.6618901,0.4824849,
1,42,123.073,0.2627269,0.2404397,-0.4076133,-0.1473093,0.5544456,0.6618901,0.4824849,
1,42,123.075,0.2627269,0.2404397,-0.4076133,-0.1473093,0.5544456,0.6618901,0.4824849,
1,42,123.077,0.2645754,0.2363677,-0.4096956,-0.1475475,0.5542375,0.6616077,0.4830381,
1,42,123.079,0.2645754,0.2363677,-0.4096956,-0.1475475,0.5542375,0.6616077,0.4830381,
1,42,123.081,0.2645754,0.2363677,-0.4096956,-0.1475475,0.5542375,0.6616077,0.4830381,
1,42,123.083,0.2645754,0.2363677,-0.4096956,-0.1475475,0.5542375,0.6616077,0.4830381,
1,42,123.085,0.2664811,0.2323793,-0.4115993,-0.147027,0.5535854,0.66142,0.4842003,
1,42,123.087,0.2664811,0.2323793,-0.4115993,-0.147027,0.5535854,0.66142,0.4842003,
1,42,123.089,0.2664811,0.2323793,-0.4115993,-0.147027,0.5535854,0.66142,0.4842003,
1,42,123.091,0.2664811,0.2323793,-0.4115993,-0.147027,0.5535854,0.66142,0.4842003,
1,42,123.093,0.2686606,0.2264796,-0.4137964,-0.1460295,0.5529571,0.6604896,0.4864847,
1,42,123.095,0.2686606,0.2264796,-0.4137964,-0.1460295,0.5529571,0.6604896,0.4864847,
1,42,123.097,0.2686606,0.2264796,-0.4137964,-0.1460295,0.5529571,0.6604896,0.4864847,
1,42,123.099,0.2686606,0.2264796,-0.4137964,-0.1460295,0.5529571,0.6604896,0.4864847,
1,42,123.101,0.2711245,0.22209,-0.4156264,-0.1448241,0.5514838,0.6603843,0.4886554,
1,42,123.103,0.2711245,0.22209,-0.4156264,-0.1448241,0.5514838,0.6603843,0.4886554,
1,42,123.105,0.2711245,0.22209,-0.4156264,-0.1448241,0.5514838,0.6603843,0.4886554,
1,42,123.107,0.2711245,0.22209,-0.4156264,-0.1448241,0.5514838,0.6603843,0.4886554,
1,42,123.109,0.2730234,0.2185733,-0.4170183,-0.144043,0.5505111,0.6601892,0.4902443,
1,42,123.111,0.2730234,0.2185733,-0.4170183,-0.144043,0.5505111,0.6601892,0.4902443,
1,42,123.113,0.2730234,0.2185733,-0.4170183,-0.144043,0.5505111,0.6601892,0.4902443,
1,42,123.115,0.2730234,0.2185733,-0.4170183,-0.144043,0.5505111,0.6601892,0.4902443,
1,42,123.117,0.2730234,0.2185733,-0.4170183,-0.144043,0.5505111,0.6601892,0.4902443,
1,42,123.119,0.275044,0.2160058,-0.4182248,-0.1430032,0.5488445,0.6606994,0.4917278,
1,42,123.121,0.275044,0.2160058,-0.4182248,-0.1430032,0.5488445,0.6606994,0.4917278,
1,42,123.123,0.275044,0.2160058,-0.4182248,-0.1430032,0.5488445,0.6606994,0.4917278,
1,42,123.125,0.275044,0.2160058,-0.4182248,-0.1430032,0.5488445,0.6606994,0.4917278,
1,42,123.127,0.2770807,0.2128737,-0.4194248,-0.1421739,0.5476037,0.6607429,0.4932906,
1,42,123.129,0.2770807,0.2128737,-0.4194248,-0.1421739,0.5476037,0.6607429,0.4932906,
1,42,123.131,0.2770807,0.2128737,-0.4194248,-0.1421739,0.5476037,0.6607429,0.4932906,
1,42,123.133,0.2770807,0.2128737,-0.4194248,-0.1421739,0.5476037,0.6607429,0.4932906,
1,42,123.135,0.2791893,0.2106324,-0.4207462,-0.1415151,0.5459921,0.6614883,0.4942665,
1,42,123.137,0.2791893,0.2106324,-0.4207462,-0.1415151,0.5459921,0.6614883,0.4942665,
1,42,123.139,0.2791893,0.2106324,-0.4207462,-0.1415151,0.5459921,0.6614883,0.4942665,
1,42,123.141,0.2791893,0.2106324,-0.4207462,-0.1415151,0.5459921,0.6614883,0.4942665,
1,42,123.143,0.2814466,0.2071259,-0.4220777,-0.1409968,0.5449075,0.6615142,0.4955754,
1,42,123.145,0.2814466,0.2071259,-0.4220777,-0.1409968,0.5449075,0.6615142,0.4955754,
1,42,123.147,0.2814466,0.2071259,-0.4220777,-0.1409968,0.5449075,0.6615142,0.4955754,
1,42,123.149,0.2814466,0.2071259,-0.4220777,-0.1409968,0.5449075,0.6615142,0.4955754,
1,42,123.151,0.2834918,0.2044359,-0.4232406,-0.1407616,0.5439976,0.6617126,0.4963759,
1,42,123.153,0.2834918,0.2044359,-0.4232406,-0.1407616,0.5439976,0.6617126,0.4963759,
1,42,123.155,0.2834918,0.2044359,-0.4232406,-0.1407616,0.5439976,0.6617126,0.4963759,
1,42,123.157,0.2834918,0.2044359,-0.4232406,-0.1407616,0.5439976,0.6617126,0.4963759,
1,42,123.159,0.2857311,0.2023517,-0.4247305,-0.1422147,0.5441632,0.6620768,0.4952936,
1,42,123.161,0.2857311,0.2023517,-0.4247305,-0.1422147,0.5441632,0.6620768,0.4952936,
1,42,123.163,0.2857311,0.2023517,-0.4247305,-0.1422147,0.5441632,0.6620768,0.4952936,
1,42,123.165,0.2857311,0.2023517,-0.4247305,-0.1422147,0.5441632,0.6620768,0.4952936,
1,42,123.167,0.2857311,0.2023517,-0.4247305,-0.1422147,0.5441632,0.6620768,0.4952936,
1,42,123.169,0.2878909,0.1997224,-0.426009,-0.1435477,0.5443283,0.6621163,0.4946746,
1,42,123.171,0.2878909,0.1997224,-0.426009,-0.1435477,0.5443283,0.6621163,0.4946746,
1,42,123.173,0.2878909,0.1997224,-0.426009,-0.1435477,0.5443283,0.6621163,0.4946746,
1,42,123.175,0.2878909,0.1997224,-0.426009,-0.1435477,0.5443283,0.6621163,0.4946746,
1,42,123.177,0.2896684,0.1985222,-0.4271491,-0.1468213,0.5458704,0.6622303,0.4918537,
1,42,123.179,0.2896684,0.1985222,-0.4271491,-0.1468213,0.5458704,0.6622303,0.4918537,
1,42,123.181,0.2896684,0.1985222,-0.4271491,-0.1468213,0.5458704,0.6622303,0.4918537,
1,42,123.183,0.2896684,0.1985222,-0.4271491,-0.1468213,0.5458704,0.6622303,0.4918537,
1,42,123.185,0.2917204,0.1964,-0.428178,-0.1487564,0.5465987,0.6620893,0.4906519,
1,42,123.187,0.2917204,0.1964,-0.428178,-0.1487564,0.5465987,0.6620893,0.4906519,
1,42,123.189,0.2917204,0.1964,-0.428178,-0.1487564,0.5465987,0.6620893,0.4906519,
1,42,123.191,0.2917204,0.1964,-0.428178,-0.1487564,0.5465987,0.6620893,0.4906519,
1,42,123.193,0.2934559,0.1953521,-0.4291827,-0.150932,0.5476294,0.6621821,0.4887089,
1,42,123.195,0.2934559,0.1953521,-0.4291827,-0.150932,0.5476294,0.6621821,0.4887089,
1,42,123.197,0.2934559,0.1953521,-0.4291827,-0.150932,0.5476294,0.6621821,0.4887089,
1,42,123.199,0.2934559,0.1953521,-0.4291827,-0.150932,0.5476294,0.6621821,0.4887089,
1,42,123.201,0.2954195,0.1935171,-0.4302586,-0.1513909,0.5476766,0.6621872,0.4885073,
1,42,123.203,0.2954195,0.1935171,-0.4302586,-0.1513909,0.5476766,0.6621872,0.4885073,
1,42,123.205,0.2954195,0.1935171,-0.4302586,-0.1513909,0.5476766,0.6621872,0.4885073,
1,42,123.207,0.2954195,0.1935171,-0.4302586,-0.1513909,0.5476766,0.6621872,0.4885073,
1,42,123.209,0.2966556,0.1924804,-0.4313331,-0.1487578,0.5463271,0.662518,0.490375,
1,42,123.211,0.2966556,0.1924804,-0.4313331,-0.1487578,0.5463271,0.662518,0.490375,
1,42,123.213,0.2966556,0.1924804,-0.4313331,-0.1487578,0.5463271,0.662518,0.490375,
1,42,123.215,0.2966556,0.1924804,-0.4313331,-0.1487578,0.5463271,0.662518,0.490375,
1,42,123.217,0.2966556,0.1924804,-0.4313331,-0.1487578,0.5463271,0.662518,0.490375,
1,42,123.219,0.297428,0.1911963,-0.4321022,-0.1433393,0.5431185,0.6632401,0.4945591,
1,42,123.221,0.297428,0.1911963,-0.4321022,-0.1433393,0.5431185,0.6632401,0.4945591,
1,42,123.223,0.297428,0.1911963,-0.4321022,-0.1433393,0.5431185,0.6632401,0.4945591,
1,42,123.225,0.297428,0.1911963,-0.4321022,-0.1433393,0.5431185,0.6632401,0.4945591,
1,42,123.227,0.2982926,0.1899722,-0.4325829,-0.1399014,0.5409412,0.6636662,0.4973503,
1,42,123.229,0.2982926,0.1899722,-0.4325829,-0.1399014,0.5409412,0.6636662,0.4973503,
1,42,123.231,0.2982926,0.1899722,-0.4325829,-0.1399014,0.5409412,0.6636662,0.4973503,
1,42,123.233,0.2982926,0.1899722,-0.4325829,-0.1399014,0.5409412,0.6636662,0.4973503,
1,42,123.235,0.2991034,0.1881374,-0.4332504,-0.1336447,0.5370896,0.6645533,0.5020387,
1,42,123.237,0.2991034,0.1881374,-0.4332504,-0.1336447,0.5370896,0.6645533,0.5020387,
1,42,123.239,0.2991034,0.1881374,-0.4332504,-0.1336447,0.5370896,0.6645533,0.5020387,
1,42,123.241,0.2991034,0.1881374,-0.4332504,-0.1336447,0.5370896,0.6645533,0.5020387,
1,42,123.243,0.3001303,0.186313,-0.4336545,-0.1297207,0.5343149,0.6652334,0.5051187,
1,42,123.245,0.3001303,0.186313,-0.4336545,-0.1297207,0.5343149,0.6652334,0.5051187,
1,42,123.247,0.3001303,0.186313,-0.4336545,-0.1297207,0.5343149,0.6652334,0.5051187,
1,42,123.249,0.3001303,0.186313,-0.4336545,-0.1297207,0.5343149,0.6652334,0.5051187,
1,42,123.251,0.3010863,0.1843599,-0.4339182,-0.1259584,0.5313711,0.6660805,0.5080511,
1,42,123.253,0.3010863,0.1843599,-0.4339182,-0.1259584,0.5313711,0.6660805,0.5080511,
1,42,123.255,0.3010863,0.1843599,-0.4339182,-0.1259584,0.5313711,0.6660805,0.5080511,
1,42,123.257,0.3010863,0.1843599,-0.4339182,-0.1259584,0.5313711,0.6660805,0.5080511,
1,42,123.259,0.3020117,0.1820608,-0.4341417,-0.1213401,0.5272908,0.6678467,0.5110986,
1,42,123.261,0.3020117,0.1820608,-0.4341417,-0.1213401,0.5272908,0.6678467,0.5110986,
1,42,123.263,0.3020117,0.1820608,-0.4341417,-0.1213401,0.5272908,0.6678467,0.5110986,
1,42,123.265,0.3020117,0.1820608,-0.4341417,-0.1213401,0.5272908,0.6678467,0.5110986,
1,42,123.267,0.3020117,0.1820608,-0.4341417,-0.1213401,0.5272908,0.6678467,0.5110986,
1,42,123.269,0.3029569,0.1795993,-0.4342478,-0.1186494,0.5245079,0.6690835,0.512973,
1,42,123.271,0.3029569,0.1795993,-0.4342478,-0.1186494,0.5245079,0.6690835,0.512973,
1,42,123.273,0.3029569,0.1795993,-0.4342478,-0.1186494,0.5245079,0.6690835,0.512973,
1,42,123.275,0.3029569,0.1795993,-0.4342478,-0.1186494,0.5245079,0.6690835,0.512973,
1,42,123.277,0.3038592,0.177826,-0.4343242,-0.1178379,0.5223349,0.6711649,0.5126579,
1,42,123.279,0.3038592,0.177826,-0.4343242,-0.1178379,0.5223349,0.6711649,0.5126579,
1,42,123.281,0.3038592,0.177826,-0.4343242,-0.1178379,0.5223349,0.6711649,0.5126579,
1,42,123.283,0.3038592,0.177826,-0.4343242,-0.1178379,0.5223349,0.6711649,0.5126579,
1,42,123.285,0.3046172,0.1756829,-0.4343877,-0.1176545,0.5210264,0.6725494,0.512217,
1,42,123.287,0.3046172,0.1756829,-0.4343877,-0.1176545,0.5210264,0.6725494,0.512217,
1,42,123.289,0.3046172,0.1756829,-0.4343877,-0.1176545,0.5210264,0.6725494,0.512217,
1,42,123.291,0.3046172,0.1756829,-0.4343877,-0.1176545,0.5210264,0.6725494,0.512217,
1,42,123.293,0.3054549,0.1744121,-0.4344904,-0.1207373,0.5207742,0.6749223,0.5086223,
1,42,123.295,0.3054549,0.1744121,-0.4344904,-0.1207373,0.5207742,0.6749223,0.5086223,
1,42,123.297,0.3054549,0.1744121,-0.4344904,-0.1207373,0.5207742,0.6749223,0.5086223,
1,42,123.299,0.3054549,0.1744121,-0.4344904,-0.1207373,0.5207742,0.6749223,0.5086223,
1,42,123.301,0.3063077,0.1710768,-0.434715,-0.1218749,0.519492,0.6769912,0.5069096,
1,42,123.303,0.3063077,0.1710768,-0.434715,-0.1218749,0.519492,0.6769912,0.5069096,
1,42,123.305,0.3063077,0.1710768,-0.434715,-0.1218749,0.519492,0.6769912,0.5069096,
1,42,123.307,0.3063077,0.1710768,-0.434715,-0.1218749,0.519492,0.6769912,0.5069096,
1,42,123.309,0.3073102,0.1694126,-0.4345979,-0.1259302,0.5180372,0.6803133,0.5029444,
1,42,123.311,0.3073102,0.1694126,-0.4345979,-0.1259302,0.5180372,0.6803133,0.5029444,
1,42,123.313,0.3073102,0.1694126,-0.4345979,-0.1259302,0.5180372,0.6803133,0.5029444,
1,42,123.315,0.3073102,0.1694126,-0.4345979,-0.1259302,0.5180372,0.6803133,0.5029444,
1,42,123.317,0.3073102,0.1694126,-0.4345979,-0.1259302,0.5180372,0.6803133,0.5029444,
1,42,123.319,0.3084811,0.1684749,-0.4343123,-0.1284267,0.5148996,0.6840075,0.5005186,
1,42,123.321,0.3084811,0.1684749,-0.4343123,-0.1284267,0.5148996,0.6840075,0.5005186,
1,42,123.323,0.3084811,0.1684749,-0.4343123,-0.1284267,0.5148996,0.6840075,0.5005186,
1,42,123.325,0.3084811,0.1684749,-0.4343123,-0.1284267,0.5148996,0.6840075,0.5005186,
1,42,123.327,0.3093945,0.1655308,-0.4344341,-0.1291436,0.5114348,0.68721,0.4994986,
1,42,123.329,0.3093945,0.1655308,-0.4344341,-0.1291436,0.5114348,0.68721,0.4994986,
1,42,123.331,0.3093945,0.1655308,-0.4344341,-0.1291436,0.5114348,0.68721,0.4994986,
1,42,123.333,0.3093945,0.1655308,-0.4344341,-0.1291436,0.5114348,0.68721,0.4994986,
1,42,123.335,0.3103011,0.1629253,-0.4345393,-0.1293373,0.5073779,0.6905884,0.4989262,
1,42,123.337,0.3103011,0.1629253,-0.4345393,-0.1293373,0.5073779,0.6905884,0.4989262,
1,42,123.339,0.3103011,0.1629253,-0.4345393,-0.1293373,0.5073779,0.6905884,0.4989262,
1,42,123.341,0.3103011,0.1629253,-0.4345393,-0.1293373,0.5073779,0.6905884,0.4989262,
1,42,123.343,0.3122944,0.1611315,-0.4339982,-0.1284898,0.4997164,0.6960416,0.4992996,
1,42,123.345,0.3122944,0.1611315,-0.4339982,-0.1284898,0.4997164,0.6960416,0.4992996,
1,42,123.347,0.3122944,0.1611315,-0.4339982,-0.1284898,0.4997164,0.6960416,0.4992996,
1,42,123.349,0.3122944,0.1611315,-0.4339982,-0.1284898,0.4997164,0.6960416,0.4992996,
1,42,123.351,0.3146572,0.1593346,-0.4331618,-0.1286604,0.4923437,0.7013223,0.4991906,
1,42,123.353,0.3146572,0.1593346,-0.4331618,-0.1286604,0.4923437,0.7013223,0.4991906,
1,42,123.355,0.3146572,0.1593346,-0.4331618,-0.1286604,0.4923437,0.7013223,0.4991906,
1,42,123.357,0.3146572,0.1593346,-0.4331618,-0.1286604,0.4923437,0.7013223,0.4991906,
1,42,123.359,0.3163722,0.1559813,-0.4329754,-0.1294987,0.487491,0.7051274,0.4983754,
1,42,123.361,0.3163722,0.1559813,-0.4329754,-0.1294987,0.487491,0.7051274,0.4983754,
1,42,123.363,0.3163722,0.1559813,-0.4329754,-0.1294987,0.487491,0.7051274,0.4983754,
1,42,123.365,0.3163722,0.1559813,-0.4329754,-0.1294987,0.487491,0.7051274,0.4983754,
1,42,123.367,0.3163722,0.1559813,-0.4329754,-0.1294987,0.487491,0.7051274,0.4983754,
1,42,123.369,0.3190827,0.1548271,-0.4316137,-0.133461,0.4821048,0.7100735,0.4955387,
1,42,123.371,0.3190827,0.1548271,-0.4316137,-0.133461,0.4821048,0.7100735,0.4955387,
1,42,123.373,0.3190827,0.1548271,-0.4316137,-0.133461,0.4821048,0.7100735,0.4955387,
1,42,123.375,0.3190827,0.1548271,-0.4316137,-0.133461,0.4821048,0.7100735,0.4955387,
1,42,123.377,0.3213565,0.1517709,-0.430852,-0.1368481,0.478004,0.7139297,0.4930409,
1,42,123.379,0.3213565,0.1517709,-0.430852,-0.1368481,0.478004,0.7139297,0.4930409,
1,42,123.381,0.3213565,0.1517709,-0.430852,-0.1368481,0.478004,0.7139297,0.4930409,
1,42,123.383,0.3213565,0.1517709,-0.430852,-0.1368481,0.478004,0.7139297,0.4930409,
1,42,123.385,0.3235336,0.1490342,-0.4301367,-0.1411284,0.4746663,0.7175735,0.4897582,
1,42,123.387,0.3235336,0.1490342,-0.4301367,-0.1411284,0.4746663,0.7175735,0.4897582,
1,42,123.389,0.3235336,0.1490342,-0.4301367,-0.1411284,0.4746663,0.7175735,0.4897582,
1,42,123.391,0.3235336,0.1490342,-0.4301367,-0.1411284,0.4746663,0.7175735,0.4897582,
1,42,123.393,0.3259328,0.1479346,-0.4288289,-0.1493891,0.4723299,0.721874,0.4832031,
1,42,123.395,0.3259328,0.1479346,-0.4288289,-0.1493891,0.4723299,0.721874,0.4832031,
1,42,123.397,0.3259328,0.1479346,-0.4288289,-0.1493891,0.4723299,0.721874,0.4832031,
1,42,123.399,0.3259328,0.1479346,-0.4288289,-0.1493891,0.4723299,0.721874,0.4832031,
1,42,123.401,0.3278159,0.1456248,-0.4280652,-0.1572503,0.4717588,0.7246646,0.4770506,
1,42,123.403,0.3278159,0.1456248,-0.4280652,-0.1572503,0.4717588,0.7246646,0.4770506,
1,42,123.405,0.3278159,0.1456248,-0.4280652,-0.1572503,0.4717588,0.7246646,0.4770506,
1,42,123.407,0.3278159,0.1456248,-0.4280652,-0.1572503,0.4717588,0.7246646,0.4770506,
1,42,123.409,0.3290114,0.1444663,-0.4275973,-0.1691819,0.4750741,0.7254047,0.4684764,
1,42,123.411,0.3290114,0.1444663,-0.4275973,-0.1691819,0.4750741,0.7254047,0.4684764,
1,42,123.413,0.3290114,0.1444663,-0.4275973,-0.1691819,0.4750741,0.7254047,0.4684764,
1,42,123.415,0.3290114,0.1444663,-0.4275973,-0.1691819,0.4750741,0.7254047,0.4684764,
1,42,123.417,0.3290114,0.1444663,-0.4275973,-0.1691819,0.4750741,0.7254047,0.4684764,
1,42,123.419,0.3295594,0.1444535,-0.4281258,-0.1954173,0.4868755,0.7199395,0.4543693,
1,42,123.421,0.3295594,0.1444535,-0.4281258,-0.1954173,0.4868755,0.7199395,0.4543693,
1,42,123.423,0.3295594,0.1444535,-0.4281258,-0.1954173,0.4868755,0.7199395,0.4543693,
1,42,123.425,0.3295594,0.1444535,-0.4281258,-0.1954173,0.4868755,0.7199395,0.4543693,
1,42,123.427,0.3298411,0.144198,-0.429009,-0.2101157,0.4911517,0.7170746,0.447689,
1,42,123.429,0.3298411,0.144198,-0.429009,-0.2101157,0.4911517,0.7170746,0.447689,
1,42,123.431,0.3298411,0.144198,-0.429009,-0.2101157,0.4911517,0.7170746,0.447689,
1,42,123.433,0.3298411,0.144198,-0.429009,-0.2101157,0.4911517,0.7170746,0.447689,
1,42,123.435,0.3319887,0.1419569,-0.4274878,-0.2305321,0.4977163,0.7092139,0.4428873,
1,42,123.437,0.3319887,0.1419569,-0.4274878,-0.2305321,0.4977163,0.7092139,0.4428873,
1,42,123.439,0.3319887,0.1419569,-0.4274878,-0.2305321,0.4977163,0.7092139,0.4428873,
1,42,123.441,0.3319887,0.1419569,-0.4274878,-0.2305321,0.4977163,0.7092139,0.4428873,
1,42,123.443,0.3326139,0.1418486,-0.4275452,-0.2398175,0.4979291,0.706989,0.4412717,
1,42,123.445,0.3326139,0.1418486,-0.4275452,-0.2398175,0.4979291,0.706989,0.4412717,
1,42,123.447,0.3326139,0.1418486,-0.4275452,-0.2398175,0.4979291,0.706989,0.4412717,
1,42,123.449,0.3326139,0.1418486,-0.4275452,-0.2398175,0.4979291,0.706989,0.4412717,
1,42,123.451,0.3355989,0.1388703,-0.4240367,-0.2501098,0.4991762,0.7014469,0.4429904,
1,42,123.453,0.3355989,0.1388703,-0.4240367,-0.2501098,0.4991762,0.7014469,0.4429904,
1,42,123.455,0.3355989,0.1388703,-0.4240367,-0.2501098,0.4991762,0.7014469,0.4429904,
1,42,123.457,0.3355989,0.1388703,-0.4240367,-0.2501098,0.4991762,0.7014469,0.4429904,
1,42,123.459,0.3367822,0.1387601,-0.42277,-0.256654,0.4990442,0.6994574,0.4425415,
1,42,123.461,0.3367822,0.1387601,-0.42277,-0.256654,0.4990442,0.6994574,0.4425415,
1,42,123.463,0.3367822,0.1387601,-0.42277,-0.256654,0.4990442,0.6994574,0.4425415,
1,42,123.465,0.3367822,0.1387601,-0.42277,-0.256654,0.4990442,0.6994574,0.4425415,
1,42,123.467,0.3367822,0.1387601,-0.42277,-0.256654,0.4990442,0.6994574,0.4425415,
1,42,123.469,0.33903,0.1357769,-0.4199481,-0.2614742,0.5002577,0.6959431,0.4438882,
1,42,123.471,0.33903,0.1357769,-0.4199481,-0.2614742,0.5002577,0.6959431,0.4438882,
1,42,123.473,0.33903,0.1357769,-0.4199481,-0.2614742,0.5002577,0.6959431,0.4438882,
1,42,123.475,0.33903,0.1357769,-0.4199481,-0.2614742,0.5002577,0.6959431,0.4438882,
1,42,123.477,0.3400446,0.1353075,-0.4186904,-0.2638093,0.4991551,0.6953086,0.4447412,
1,42,123.479,0.3400446,0.1353075,-0.4186904,-0.2638093,0.4991551,0.6953086,0.4447412,
1,42,123.481,0.3400446,0.1353075,-0.4186904,-0.2638093,0.4991551,0.6953086,0.4447412,
1,42,123.483,0.3400446,0.1353075,-0.4186904,-0.2638093,0.4991551,0.6953086,0.4447412,
1,42,123.485,0.3410837,0.1351703,-0.4172258,-0.2662721,0.4983239,0.6946406,0.4452493,
1,42,123.487,0.3410837,0.1351703,-0.4172258,-0.2662721,0.4983239,0.6946406,0.4452493,
1,42,123.489,0.3410837,0.1351703,-0.4172258,-0.2662721,0.4983239,0.6946406,0.4452493,
1,42,123.491,0.3410837,0.1351703,-0.4172258,-0.2662721,0.4983239,0.6946406,0.4452493,
1,42,123.493,0.3424572,0.133554,-0.4153005,-0.2680415,0.4989083,0.6929343,0.4461908,
1,42,123.495,0.3424572,0.133554,-0.4153005,-0.2680415,0.4989083,0.6929343,0.4461908,
1,42,123.497,0.3424572,0.133554,-0.4153005,-0.2680415,0.4989083,0.6929343,0.4461908,
1,42,123.499,0.3424572,0.133554,-0.4153005,-0.2680415,0.4989083,0.6929343,0.4461908,
1,42,123.501,0.3434726,0.1323614,-0.4137136,-0.2686775,0.4986019,0.6922026,0.4472854,
1,42,123.503,0.3434726,0.1323614,-0.4137136,-0.2686775,0.4986019,0.6922026,0.4472854,
1,42,123.505,0.3434726,0.1323614,-0.4137136,-0.2686775,0.4986019,0.6922026,0.4472854,
1,42,123.507,0.3434726,0.1323614,-0.4137136,-0.2686775,0.4986019,0.6922026,0.4472854,
1,42,123.509,0.3445061,0.1325322,-0.411738,-0.2714411,0.4981752,0.6916206,0.4469925,
1,42,123.511,0.3445061,0.1325322,-0.411738,-0.2714411,0.4981752,0.6916206,0.4469925,
1,42,123.513,0.3445061,0.1325322,-0.411738,-0.2714411,0.4981752,0.6916206,0.4469925,
1,42,123.515,0.3445061,0.1325322,-0.411738,-0.2714411,0.4981752,0.6916206,0.4469925,
1,42,123.517,0.3445061,0.1325322,-0.411738,-0.2714411,0.4981752,0.6916206,0.4469925,
1,42,123.519,0.3456604,0.1328122,-0.4095338,-0.2744234,0.4975675,0.6910467,0.4467358,
1,42,123.521,0.3456604,0.1328122,-0.4095338,-0.2744234,0.4975675,0.6910467,0.4467358,
1,42,123.523,0.3456604,0.1328122,-0.4095338,-0.2744234,0.4975675,0.6910467,0.4467358,
1,42,123.525,0.3456604,0.1328122,-0.4095338,-0.2744234,0.4975675,0.6910467,0.4467358,
1,42,123.527,0.3469447,0.1327827,-0.4075356,-0.2769547,0.4968143,0.6903067,0.4471558,
1,42,123.529,0.3469447,0.1327827,-0.4075356,-0.2769547,0.4968143,0.6903067,0.4471558,
1,42,123.531,0.3469447,0.1327827,-0.4075356,-0.2769547,0.4968143,0.6903067,0.4471558,
1,42,123.533,0.3469447,0.1327827,-0.4075356,-0.2769547,0.4968143,0.6903067,0.4471558,
1,42,123.535,0.3482246,0.1330388,-0.4056269,-0.2804849,0.4963267,0.6893879,0.4469144,
1,42,123.537,0.3482246,0.1330388,-0.4056269,-0.2804849,0.4963267,0.6893879,0.4469144,
1,42,123.539,0.3482246,0.1330388,-0.4056269,-0.2804849,0.4963267,0.6893879,0.4469144,
1,42,123.541,0.3482246,0.1330388,-0.4056269,-0.2804849,0.4963267,0.6893879,0.4469144,
1,42,123.543,0.3497724,0.1327141,-0.403829,-0.284475,0.4961876,0.6879061,0.4468301,
1,42,123.545,0.3497724,0.1327141,-0.403829,-0.284475,0.4961876,0.6879061,0.4468301,
1,42,123.547,0.3497724,0.1327141,-0.403829,-0.284475,0.4961876,0.6879061,0.4468301,
1,42,123.549,0.3497724,0.1327141,-0.403829,-0.284475,0.4961876,0.6879061,0.4468301,
1,42,123.551,0.3513125,0.1320929,-0.4021802,-0.2889226,0.4965283,0.6862295,0.4461753,
1,42,123.553,0.3513125,0.1320929,-0.4021802,-0.2889226,0.4965283,0.6862295,0.4461753,
1,42,123.555,0.3513125,0.1320929,-0.4021802,-0.2889226,0.4965283,0.6862295,0.4461753,
1,42,123.557,0.3513125,0.1320929,-0.4021802,-0.2889226,0.4965283,0.6862295,0.4461753,
1,42,123.559,0.352889,0.1317884,-0.4004301,-0.2938161,0.4966972,0.6846489,0.4452191,
1,42,123.561,0.352889,0.1317884,-0.4004301,-0.2938161,0.4966972,0.6846489,0.4452191,
1,42,123.563,0.352889,0.1317884,-0.4004301,-0.2938161,0.4966972,0.6846489,0.4452191,
1,42,123.565,0.352889,0.1317884,-0.4004301,-0.2938161,0.4966972,0.6846489,0.4452191,
1,42,123.567,0.352889,0.1317884,-0.4004301,-0.2938161,0.4966972,0.6846489,0.4452191,
1,42,123.569,0.3545706,0.130987,-0.3987421,-0.3004406,0.4978595,0.6821613,0.4433142,
1,42,123.571,0.3545706,0.130987,-0.3987421,-0.3004406,0.4978595,0.6821613,0.4433142,
1,42,123.573,0.3545706,0.130987,-0.3987421,-0.3004406,0.4978595,0.6821613,0.4433142,
1,42,123.575,0.3545706,0.130987,-0.3987421,-0.3004406,0.4978595,0.6821613,0.4433142,
1,42,123.577,0.3560849,0.1303319,-0.3972207,-0.3065081,0.4987628,0.6799723,0.4415046,
1,42,123.579,0.3560849,0.1303319,-0.3972207,-0.3065081,0.4987628,0.6799723,0.4415046,
1,42,123.581,0.3560849,0.1303319,-0.3972207,-0.3065081,0.4987628,0.6799723,0.4415046,
1,42,123.583,0.3560849,0.1303319,-0.3972207,-0.3065081,0.4987628,0.6799723,0.4415046,
1,42,123.585,0.3580571,0.1293004,-0.3951124,-0.3158033,0.500925,0.6762869,0.4381536,
1,42,123.587,0.3580571,0.1293004,-0.3951124,-0.3158033,0.500925,0.6762869,0.4381536,
1,42,123.589,0.3580571,0.1293004,-0.3951124,-0.3158033,0.500925,0.6762869,0.4381536,
1,42,123.591,0.3580571,0.1293004,-0.3951124,-0.3158033,0.500925,0.6762869,0.4381536,
1,42,123.593,0.3598113,0.1283051,-0.3931971,-0.3238381,0.5023935,0.6731847,0.4353758,
1,42,123.595,0.3598113,0.1283051,-0.3931971,-0.3238381,0.5023935,0.6731847,0.4353758,
1,42,123.597,0.3598113,0.1283051,-0.3931971,-0.3238381,0.5023935,0.6731847,0.4353758,
1,42,123.599,0.3598113,0.1283051,-0.3931971,-0.3238381,0.5023935,0.6731847,0.4353758,
1,42,123.601,0.3614053,0.1274806,-0.3913478,-0.3317893,0.503903,0.6700987,0.432395,
1,42,123.603,0.3614053,0.1274806,-0.3913478,-0.3317893,0.503903,0.6700987,0.432395,
1,42,123.605,0.3614053,0.1274806,-0.3913478,-0.3317893,0.503903,0.6700987,0.432395,
1,42,123.607,0.3614053,0.1274806,-0.3913478,-0.3317893,0.503903,0.6700987,0.432395,
1,42,123.609,0.3635665,0.1259011,-0.3887407,-0.3445478,0.5081082,0.6642105,0.4265411,
1,42,123.611,0.3635665,0.1259011,-0.3887407,-0.3445478,0.5081082,0.6642105,0.4265411,
1,42,123.613,0.3635665,0.1259011,-0.3887407,-0.3445478,0.5081082,0.6642105,0.4265411,
1,42,123.615,0.3635665,0.1259011,-0.3887407,-0.3445478,0.5081082,0.6642105,0.4265411,
1,42,123.617,0.3635665,0.1259011,-0.3887407,-0.3445478,0.5081082,0.6642105,0.4265411,
1,42,123.619,0.3654035,0.1243473,-0.3864782,-0.3554748,0.5118652,0.6589311,0.4212381,
1,42,123.621,0.3654035,0.1243473,-0.3864782,-0.3554748,0.5118652,0.6589311,0.4212381,
1,42,123.623,0.3654035,0.1243473,-0.3864782,-0.3554748,0.5118652,0.6589311,0.4212381,
1,42,123.625,0.3654035,0.1243473,-0.3864782,-0.3554748,0.5118652,0.6589311,0.4212381,
1,42,123.627,0.3676932,0.1228216,-0.3835047,-0.3732006,0.5198547,0.6492802,0.410984,
1,42,123.629,0.3676932,0.1228216,-0.3835047,-0.3732006,0.5198547,0.6492802,0.410984,
1,42,123.631,0.3676932,0.1228216,-0.3835047,-0.3732006,0.5198547,0.6492802,0.410984,
1,42,123.633,0.3676932,0.1228216,-0.3835047,-0.3732006,0.5198547,0.6492802,0.410984,
1,42,123.635,0.3696736,0.1214223,-0.3810791,-0.3862911,0.5254573,0.6417339,0.4035487,
1,42,123.637,0.3696736,0.1214223,-0.3810791,-0.3862911,0.5254573,0.6417339,0.4035487,
1,42,123.639,0.3696736,0.1214223,-0.3810791,-0.3862911,0.5254573,0.6417339,0.4035487,
1,42,123.641,0.3696736,0.1214223,-0.3810791,-0.3862911,0.5254573,0.6417339,0.4035487,
1,42,123.643,0.3722442,0.1194821,-0.3777834,-0.4073128,0.5362473,0.6280254,0.3900249,
1,42,123.645,0.3722442,0.1194821,-0.3777834,-0.4073128,0.5362473,0.6280254,0.3900249,
1,42,123.647,0.3722442,0.1194821,-0.3777834,-0.4073128,0.5362473,0.6280254,0.3900249,
1,42,123.649,0.3722442,0.1194821,-0.3777834,-0.4073128,0.5362473,0.6280254,0.3900249,
1,42,123.651,0.3745688,0.1184433,-0.37478,-0.4220114,0.5425574,0.6183826,0.3809738,
1,42,123.653,0.3745688,0.1184433,-0.37478,-0.4220114,0.5425574,0.6183826,0.3809738,
1,42,123.655,0.3745688,0.1184433,-0.37478,-0.4220114,0.5425574,0.6183826,0.3809738,
1,42,123.657,0.3745688,0.1184433,-0.37478,-0.4220114,0.5425574,0.6183826,0.3809738,
1,42,123.659,0.3769419,0.1176765,-0.3716836,-0.4363797,0.5486152,0.6085012,0.3719147,
1,42,123.661,0.3769419,0.1176765,-0.3716836,-0.4363797,0.5486152,0.6085012,0.3719147,
1,42,123.663,0.3769419,0.1176765,-0.3716836,-0.4363797,0.5486152,0.6085012,0.3719147,
1,42,123.665,0.3769419,0.1176765,-0.3716836,-0.4363797,0.5486152,0.6085012,0.3719147,
1,42,123.667,0.3769419,0.1176765,-0.3716836,-0.4363797,0.5486152,0.6085012,0.3719147,
1,42,123.669,0.3796548,0.1151039,-0.3682366,-0.4538163,0.5586057,0.5937541,0.3598144,
1,42,123.671,0.3796548,0.1151039,-0.3682366,-0.4538163,0.5586057,0.5937541,0.3598144,
1,42,123.673,0.3796548,0.1151039,-0.3682366,-0.4538163,0.5586057,0.5937541,0.3598144,
1,42,123.675,0.3796548,0.1151039,-0.3682366,-0.4538163,0.5586057,0.5937541,0.3598144,
1,42,123.677,0.3819872,0.1142341,-0.3652469,-0.4654466,0.5637814,0.5843337,0.3522275,
1,42,123.679,0.3819872,0.1142341,-0.3652469,-0.4654466,0.5637814,0.5843337,0.3522275,
1,42,123.681,0.3819872,0.1142341,-0.3652469,-0.4654466,0.5637814,0.5843337,0.3522275,
1,42,123.683,0.3819872,0.1142341,-0.3652469,-0.4654466,0.5637814,0.5843337,0.3522275,
1,42,123.685,0.3842629,0.1118459,-0.3621126,-0.4681032,0.5672107,0.5784025,0.3529903,
1,42,123.687,0.3842629,0.1118459,-0.3621126,-0.4681032,0.5672107,0.5784025,0.3529903,
1,42,123.689,0.3842629,0.1118459,-0.3621126,-0.4681032,0.5672107,0.5784025,0.3529903,
1,42,123.691,0.3842629,0.1118459,-0.3621126,-0.4681032,0.5672107,0.5784025,0.3529903,
1,42,123.693,0.3863081,0.1113695,-0.3591024,-0.4713476,0.5690336,0.5739498,0.3530068,
1,42,123.695,0.3863081,0.1113695,-0.3591024,-0.4713476,0.5690336,0.5739498,0.3530068,
1,42,123.697,0.3863081,0.1113695,-0.3591024,-0.4713476,0.5690336,0.5739498,0.3530068,
1,42,123.699,0.3863081,0.1113695,-0.3591024,-0.4713476,0.5690336,0.5739498,0.3530068,
1,42,123.701,0.3880617,0.1080361,-0.3568571,-0.4681758,0.5699915,0.5724162,0.3581352,
1,42,123.703,0.3880617,0.1080361,-0.3568571,-0.4681758,0.5699915,0.5724162,0.3581352,
1,42,123.705,0.3880617,0.1080361,-0.3568571,-0.4681758,0.5699915,0.5724162,0.3581352,
1,42,123.707,0.3880617,0.1080361,-0.3568571,-0.4681758,0.5699915,0.5724162,0.3581352,
1,42,123.709,0.3896329,0.1069498,-0.354387,-0.4708363,0.5719215,0.5685483,0.3577313,
1,42,123.711,0.3896329,0.1069498,-0.354387,-0.4708363,0.5719215,0.5685483,0.3577313,
1,42,123.713,0.3896329,0.1069498,-0.354387,-0.4708363,0.5719215,0.5685483,0.3577313,
1,42,123.715,0.3896329,0.1069498,-0.354387,-0.4708363,0.5719215,0.5685483,0.3577313,
1,42,123.717,0.3896329,0.1069498,-0.354387,-0.4708363,0.5719215,0.5685483,0.3577313,
1,42,123.719,0.3908012,0.1036425,-0.352942,-0.4699477,0.5733052,0.5668448,0.3593847,
1,42,123.721,0.3908012,0.1036425,-0.352942,-0.4699477,0.5733052,0.5668448,0.3593847,
1,42,123.723,0.3908012,0.1036425,-0.352942,-0.4699477,0.5733052,0.5668448,0.3593847,
1,42,123.725,0.3908012,0.1036425,-0.352942,-0.4699477,0.5733052,0.5668448,0.3593847,
1,42,123.727,0.3924443,0.1019859,-0.3499738,-0.4745547,0.5755495,0.5621407,0.3571253,
1,42,123.729,0.3924443,0.1019859,-0.3499738,-0.4745547,0.5755495,0.5621407,0.3571253,
1,42,123.731,0.3924443,0.1019859,-0.3499738,-0.4745547,0.5755495,0.5621407,0.3571253,
1,42,123.733,0.3924443,0.1019859,-0.3499738,-0.4745547,0.5755495,0.5621407,0.3571253,
1,42,123.735,0.3931671,0.09930266,-0.3485383,-0.4749761,0.5754253,0.5617634,0.3573589,
1,42,123.737,0.3931671,0.09930266,-0.3485383,-0.4749761,0.5754253,0.5617634,0.3573589,
1,42,123.739,0.3931671,0.09930266,-0.3485383,-0.4749761,0.5754253,0.5617634,0.3573589,
1,42,123.741,0.3931671,0.09930266,-0.3485383,-0.4749761,0.5754253,0.5617634,0.3573589,
1,42,123.743,0.3934651,0.09737268,-0.3471445,-0.4691895,0.5707605,0.566987,0.3641695,
1,42,123.745,0.3934651,0.09737268,-0.3471445,-0.4691895,0.5707605,0.566987,0.3641695,
1,42,123.747,0.3934651,0.09737268,-0.3471445,-0.4691895,0.5707605,0.566987,0.3641695,
1,42,123.749,0.3934651,0.09737268,-0.3471445,-0.4691895,0.5707605,0.566987,0.3641695,
1,42,123.751,0.3940702,0.0950233,-0.3452034,-0.4669764,0.568183,0.5689549,0.3679558,
1,42,123.753,0.3940702,0.0950233,-0.3452034,-0.4669764,0.568183,0.5689549,0.3679558,
1,42,123.755,0.3940702,0.0950233,-0.3452034,-0.4669764,0.568183,0.5689549,0.3679558,
1,42,123.757,0.3940702,0.0950233,-0.3452034,-0.4669764,0.568183,0.5689549,0.3679558,
1,42,123.759,0.3941069,0.09298497,-0.3444662,-0.4572939,0.5601246,0.5783514,0.3776935,
1,42,123.761,0.3941069,0.09298497,-0.3444662,-0.4572939,0.5601246,0.5783514,0.3776935,
1,42,123.763,0.3941069,0.09298497,-0.3444662,-0.4572939,0.5601246,0.5783514,0.3776935,
1,42,123.765,0.3941069,0.09298497,-0.3444662,-0.4572939,0.5601246,0.5783514,0.3776935,
1,42,123.767,0.3941069,0.09298497,-0.3444662,-0.4572939,0.5601246,0.5783514,0.3776935,
1,42,123.769,0.3946756,0.09090908,-0.3428752,-0.4531099,0.5571341,0.5810619,0.3829624,
1,42,123.771,0.3946756,0.09090908,-0.3428752,-0.4531099,0.5571341,0.5810619,0.3829624,
1,42,123.773,0.3946756,0.09090908,-0.3428752,-0.4531099,0.5571341,0.5810619,0.3829624,
1,42,123.775,0.3946756,0.09090908,-0.3428752,-0.4531099,0.5571341,0.5810619,0.3829624,
1,42,123.777,0.3951915,0.08875989,-0.3423591,-0.4411332,0.5517353,0.5878622,0.3942179,
1,42,123.779,0.3951915,0.08875989,-0.3423591,-0.4411332,0.5517353,0.5878622,0.3942179,
1,42,123.781,0.3951915,0.08875989,-0.3423591,-0.4411332,0.5517353,0.5878622,0.3942179,
1,42,123.783,0.3951915,0.08875989,-0.3423591,-0.4411332,0.5517353,0.5878622,0.3942179,
1,42,123.785,0.3957373,0.08625964,-0.3410845,-0.4370551,0.5497448,0.5897067,0.3987599,
1,42,123.787,0.3957373,0.08625964,-0.3410845,-0.4370551,0.5497448,0.5897067,0.3987599,
1,42,123.789,0.3957373,0.08625964,-0.3410845,-0.4370551,0.5497448,0.5897067,0.3987599,
1,42,123.791,0.3957373,0.08625964,-0.3410845,-0.4370551,0.5497448,0.5897067,0.3987599,
1,42,123.793,0.3962424,0.08353397,-0.3398436,-0.4331054,0.5479779,0.5912085,0.4032525,
1,42,123.795,0.3962424,0.08353397,-0.3398436,-0.4331054,0.5479779,0.5912085,0.4032525,
1,42,123.797,0.3962424,0.08353397,-0.3398436,-0.4331054,0.5479779,0.5912085,0.4032525,
1,42,123.799,0.3962424,0.08353397,-0.3398436,-0.4331054,0.5479779,0.5912085,0.4032525,
1,42,123.801,0.3968695,0.07953733,-0.3396612,-0.4253266,0.5454541,0.5939586,0.4108411,
1,42,123.803,0.3968695,0.07953733,-0.3396612,-0.4253266,0.5454541,0.5939586,0.4108411,
1,42,123.805,0.3968695,0.07953733,-0.3396612,-0.4253266,0.5454541,0.5939586,0.4108411,
1,42,123.807,0.3968695,0.07953733,-0.3396612,-0.4253266,0.5454541,0.5939586,0.4108411,
1,42,123.809,0.3977051,0.07633089,-0.3386092,-0.4226087,0.5448046,0.5940446,0.4143681,
1,42,123.811,0.3977051,0.07633089,-0.3386092,-0.4226087,0.5448046,0.5940446,0.4143681,
1,42,123.813,0.3977051,0.07633089,-0.3386092,-0.4226087,0.5448046,0.5940446,0.4143681,
1,42,123.815,0.3977051,0.07633089,-0.3386092,-0.4226087,0.5448046,0.5940446,0.4143681,
1,42,123.817,0.3977051,0.07633089,-0.3386092,-0.4226087,0.5448046,0.5940446,0.4143681,
1,42,123.819,0.398787,0.07311137,-0.3379102,-0.4192916,0.544084,0.5943686,0.4182021,
1,42,123.821,0.398787,0.07311137,-0.3379102,-0.4192916,0.544084,0.5943686,0.4182021,
1,42,123.823,0.398787,0.07311137,-0.3379102,-0.4192916,0.544084,0.5943686,0.4182021,
1,42,123.825,0.398787,0.07311137,-0.3379102,-0.4192916,0.544084,0.5943686,0.4182021,
1,42,123.827,0.3993302,0.0702306,-0.3372523,-0.4190065,0.5451527,0.5927536,0.419387,
1,42,123.829,0.3993302,0.0702306,-0.3372523,-0.4190065,0.5451527,0.5927536,0.419387,
1,42,123.831,0.3993302,0.0702306,-0.3372523,-0.4190065,0.5451527,0.5927536,0.419387,
1,42,123.833,0.3993302,0.0702306,-0.3372523,-0.4190065,0.5451527,0.5927536,0.419387,
1,42,123.835,0.399738,0.06819205,-0.3365737,-0.4199377,0.5465162,0.5908518,0.4193643,
1,42,123.837,0.399738,0.06819205,-0.3365737,-0.4199377,0.5465162,0.5908518,0.4193643,
1,42,123.839,0.399738,0.06819205,-0.3365737,-0.4199377,0.5465162,0.5908518,0.4193643,
1,42,123.841,0.399738,0.06819205,-0.3365737,-0.4199377,0.5465162,0.5908518,0.4193643,
1,42,123.843,0.3999817,0.06625428,-0.3359882,-0.4219443,0.5487447,0.5881444,0.4182445,
1,42,123.845,0.3999817,0.06625428,-0.3359882,-0.4219443,0.5487447,0.5881444,0.4182445,
1,42,123.847,0.3999817,0.06625428,-0.3359882,-0.4219443,0.5487447,0.5881444,0.4182445,
1,42,123.849,0.3999817,0.06625428,-0.3359882,-0.4219443,0.5487447,0.5881444,0.4182445,
1,42,123.851,0.3999988,0.06499089,-0.3358746,-0.4277517,0.5534387,0.5830252,0.4132985,
1,42,123.853,0.3999988,0.06499089,-0.3358746,-0.4277517,0.5534387,0.5830252,0.4132985,
1,42,123.855,0.3999988,0.06499089,-0.3358746,-0.4277517,0.5534387,0.5830252,0.4132985,
1,42,123.857,0.3999988,0.06499089,-0.3358746,-0.4277517,0.5534387,0.5830252,0.4132985,
1,42,123.859,0.40014,0.0638599,-0.3353824,-0.4315295,0.5562977,0.5794613,0.4105359,
1,42,123.861,0.40014,0.0638599,-0.3353824,-0.4315295,0.5562977,0.5794613,0.4105359,
1,42,123.863,0.40014,0.0638599,-0.3353824,-0.4315295,0.5562977,0.5794613,0.4105359,
1,42,123.865,0.40014,0.0638599,-0.3353824,-0.4315295,0.5562977,0.5794613,0.4105359,
1,42,123.867,0.40014,0.0638599,-0.3353824,-0.4315295,0.5562977,0.5794613,0.4105359,
1,42,123.869,0.4001819,0.06303107,-0.3348299,-0.4338255,0.5583072,0.5767649,0.4091831,
1,42,123.871,0.4001819,0.06303107,-0.3348299,-0.4338255,0.5583072,0.5767649,0.4091831,
1,42,123.873,0.4001819,0.06303107,-0.3348299,-0.4338255,0.5583072,0.5767649,0.4091831,
1,42,123.875,0.4001819,0.06303107,-0.3348299,-0.4338255,0.5583072,0.5767649,0.4091831,
1,42,123.877,0.3998875,0.06255632,-0.334628,-0.4335207,0.5584998,0.576498,0.4096192,
1,42,123.879,0.3998875,0.06255632,-0.334628,-0.4335207,0.5584998,0.576498,0.4096192,
1,42,123.881,0.3998875,0.06255632,-0.334628,-0.4335207,0.5584998,0.576498,0.4096192,
1,42,123.883,0.3998875,0.06255632,-0.334628,-0.4335207,0.5584998,0.576498,0.4096192,
1,42,123.885,0.3998136,0.06193083,-0.3342295,-0.4332981,0.5580332,0.5766869,0.4102243,
1,42,123.887,0.3998136,0.06193083,-0.3342295,-0.4332981,0.5580332,0.5766869,0.4102243,
1,42,123.889,0.3998136,0.06193083,-0.3342295,-0.4332981,0.5580332,0.5766869,0.4102243,
1,42,123.891,0.3998136,0.06193083,-0.3342295,-0.4332981,0.5580332,0.5766869,0.4102243,
1,42,123.893,0.3996304,0.06151762,-0.334658,-0.4297608,0.5563101,0.579096,0.4128832,
1,42,123.895,0.3996304,0.06151762,-0.334658,-0.4297608,0.5563101,0.579096,0.4128832,
1,42,123.897,0.3996304,0.06151762,-0.334658,-0.4297608,0.5563101,0.579096,0.4128832,
1,42,123.899,0.3996304,0.06151762,-0.334658,-0.4297608,0.5563101,0.579096,0.4128832,
1,42,123.901,0.3996501,0.05954648,-0.3346648,-0.4275606,0.5561029,0.5794747,0.4149104,
1,42,123.903,0.3996501,0.05954648,-0.3346648,-0.4275606,0.5561029,0.5794747,0.4149104,
1,42,123.905,0.3996501,0.05954648,-0.3346648,-0.4275606,0.5561029,0.5794747,0.4149104,
1,42,123.907,0.3996501,0.05954648,-0.3346648,-0.4275606,0.5561029,0.5794747,0.4149104,
1,42,123.909,0.399805,0.05692523,-0.3348575,-0.4251216,0.5559573,0.5798371,0.4170996,
1,42,123.911,0.399805,0.05692523,-0.3348575,-0.4251216,0.5559573,0.5798371,0.4170996,
1,42,123.913,0.399805,0.05692523,-0.3348575,-0.4251216,0.5559573,0.5798371,0.4170996,
1,42,123.915,0.399805,0.05692523,-0.3348575,-0.4251216,0.5559573,0.5798371,0.4170996,
1,42,123.917,0.399805,0.05692523,-0.3348575,-0.4251216,0.5559573,0.5798371,0.4170996,
1,42,123.919,0.4000756,0.0517937,-0.3356649,-0.4227307,0.558199,0.5781239,0.4189096,
1,42,123.921,0.4000756,0.0517937,-0.3356649,-0.4227307,0.558199,0.5781239,0.4189096,
1,42,123.923,0.4000756,0.0517937,-0.3356649,-0.4227307,0.558199,0.5781239,0.4189096,
1,42,123.925,0.4000756,0.0517937,-0.3356649,-0.4227307,0.558199,0.5781239,0.4189096,
1,42,123.927,0.400097,0.04995589,-0.335901,-0.4228482,0.5596785,0.5767077,0.4187692,
1,42,123.929,0.400097,0.04995589,-0.335901,-0.4228482,0.5596785,0.5767077,0.4187692,
1,42,123.931,0.400097,0.04995589,-0.335901,-0.4228482,0.5596785,0.5767077,0.4187692,
1,42,123.933,0.400097,0.04995589,-0.335901,-0.4228482,0.5596785,0.5767077,0.4187692,
1,42,123.935,0.3998105,0.05249737,-0.335722,-0.4223395,0.5577767,0.5786076,0.419199,
1,42,123.937,0.3998105,0.05249737,-0.335722,-0.4223395,0.5577767,0.5786076,0.419199,
1,42,123.939,0.3998105,0.05249737,-0.335722,-0.4223395,0.5577767,0.5786076,0.419199,
1,42,123.941,0.3998105,0.05249737,-0.335722,-0.4223395,0.5577767,0.5786076,0.419199,
1,42,123.943,0.3998532,0.05303764,-0.3354268,-0.4222923,0.5573706,0.5789487,0.4193158,
1,42,123.945,0.3998532,0.05303764,-0.3354268,-0.4222923,0.5573706,0.5789487,0.4193158,
1,42,123.947,0.3998532,0.05303764,-0.3354268,-0.4222923,0.5573706,0.5789487,0.4193158,
1,42,123.949,0.3998532,0.05303764,-0.3354268,-0.4222923,0.5573706,0.5789487,0.4193158,
1,42,123.951,0.3999954,0.05239169,-0.3353149,-0.4228828,0.5578627,0.5783046,0.418955,
1,42,123.953,0.3999954,0.05239169,-0.3353149,-0.4228828,0.5578627,0.5783046,0.418955,
1,42,123.955,0.3999954,0.05239169,-0.3353149,-0.4228828,0.5578627,0.5783046,0.418955,
1,42,123.957,0.3999954,0.05239169,-0.3353149,-0.4228828,0.5578627,0.5783046,0.418955,
1,42,123.959,0.4002154,0.05079885,-0.3351568,-0.4229525,0.5588074,0.5771284,0.4192473,
1,42,123.961,0.4002154,0.05079885,-0.3351568,-0.4229525,0.5588074,0.5771284,0.4192473,
1,42,123.963,0.4002154,0.05079885,-0.3351568,-0.4229525,0.5588074,0.5771284,0.4192473,
1,42,123.965,0.4002154,0.05079885,-0.3351568,-0.4229525,0.5588074,0.5771284,0.4192473,
1,42,123.967,0.4002154,0.05079885,-0.3351568,-0.4229525,0.5588074,0.5771284,0.4192473,
1,42,123.969,0.4002007,0.05058104,-0.3351169,-0.4230309,0.5589824,0.5768913,0.4192612,
1,42,123.971,0.4002007,0.05058104,-0.3351169,-0.4230309,0.5589824,0.5768913,0.4192612,
1,42,123.973,0.4002007,0.05058104,-0.3351169,-0.4230309,0.5589824,0.5768913,0.4192612,
1,42,123.975,0.4002007,0.05058104,-0.3351169,-0.4230309,0.5589824,0.5768913,0.4192612,
1,42,123.977,0.400059,0.05184814,-0.3350566,-0.4230145,0.5582013,0.5777825,0.4190913,
1,42,123.979,0.400059,0.05184814,-0.3350566,-0.4230145,0.5582013,0.5777825,0.4190913,
1,42,123.981,0.400059,0.05184814,-0.3350566,-0.4230145,0.5582013,0.5777825,0.4190913,
1,42,123.983,0.400059,0.05184814,-0.3350566,-0.4230145,0.5582013,0.5777825,0.4190913,
1,42,123.985,0.4001016,0.05155056,-0.3350672,-0.4229806,0.5583594,0.5776104,0.4191523,
1,42,123.987,0.4001016,0.05155056,-0.3350672,-0.4229806,0.5583594,0.5776104,0.4191523,
1,42,123.989,0.4001016,0.05155056,-0.3350672,-0.4229806,0.5583594,0.5776104,0.4191523,
1,42,123.991,0.4001016,0.05155056,-0.3350672,-0.4229806,0.5583594,0.5776104,0.4191523,
1,42,123.993,0.4000623,0.05115951,-0.3352513,-0.4231182,0.5587945,0.5772406,0.4189428,
1,42,123.995,0.4000623,0.05115951,-0.3352513,-0.4231182,0.5587945,0.5772406,0.4189428,
1,42,123.997,0.4000623,0.05115951,-0.3352513,-0.4231182,0.5587945,0.5772406,0.4189428,
1,42,123.999,0.4000623,0.05115951,-0.3352513,-0.4231182,0.5587945,0.5772406,0.4189428,
1,42,124.001,0.4000616,0.05121596,-0.3351565,-0.4230308,0.5587237,0.5772775,0.4190746,
1,42,124.003,0.4000616,0.05121596,-0.3351565,-0.4230308,0.5587237,0.5772775,0.4190746,
1,42,124.005,0.4000616,0.05121596,-0.3351565,-0.4230308,0.5587237,0.5772775,0.4190746,
1,42,124.007,0.4000616,0.05121596,-0.3351565,-0.4230308,0.5587237,0.5772775,0.4190746,
1,42,124.009,0.4000618,0.0512455,-0.3352309,-0.423072,0.5587737,0.577318,0.4189107,
1,42,124.011,0.4000618,0.0512455,-0.3352309,-0.423072,0.5587737,0.577318,0.4189107,
1,42,124.013,0.4000618,0.0512455,-0.3352309,-0.423072,0.5587737,0.577318,0.4189107,
1,42,124.015,0.4000618,0.0512455,-0.3352309,-0.423072,0.5587737,0.577318,0.4189107,
1,42,124.017,0.4000618,0.0512455,-0.3352309,-0.423072,0.5587737,0.577318,0.4189107,
1,42,124.019,0.4000464,0.05105846,-0.3352661,-0.4230766,0.5589199,0.5771599,0.4189286,
1,42,124.021,0.4000464,0.05105846,-0.3352661,-0.4230766,0.5589199,0.5771599,0.4189286,
1,42,124.023,0.4000464,0.05105846,-0.3352661,-0.4230766,0.5589199,0.5771599,0.4189286,
1,42,124.025,0.4000464,0.05105846,-0.3352661,-0.4230766,0.5589199,0.5771599,0.4189286,
1,42,124.027,0.400034,0.05137795,-0.3353108,-0.4231018,0.5587355,0.5774068,0.4188092,
1,42,124.029,0.400034,0.05137795,-0.3353108,-0.4231018,0.5587355,0.5774068,0.4188092,
1,42,124.031,0.400034,0.05137795,-0.3353108,-0.4231018,0.5587355,0.5774068,0.4188092,
1,42,124.033,0.400034,0.05137795,-0.3353108,-0.4231018,0.5587355,0.5774068,0.4188092,
1,42,124.035,0.4000149,0.05129197,-0.3353009,-0.4230669,0.5587808,0.5773731,0.4188301,
1,42,124.037,0.4000149,0.05129197,-0.3353009,-0.4230669,0.5587808,0.5773731,0.4188301,
1,42,124.039,0.4000149,0.05129197,-0.3353009,-0.4230669,0.5587808,0.5773731,0.4188301,
1,42,124.041,0.4000149,0.05129197,-0.3353009,-0.4230669,0.5587808,0.5773731,0.4188301,
1,42,124.043,0.4000511,0.0514544,-0.3353049,-0.4231649,0.5586199,0.5774622,0.4188232,
1,42,124.045,0.4000511,0.0514544,-0.3353049,-0.4231649,0.5586199,0.5774622,0.4188232,
1,42,124.047,0.4000511,0.0514544,-0.3353049,-0.4231649,0.5586199,0.5774622,0.4188232,
1,42,124.049,0.4000511,0.0514544,-0.3353049,-0.4231649,0.5586199,0.5774622,0.4188232,
1,42,124.051,0.400048,0.05149735,-0.3352783,-0.4231703,0.5586209,0.5774739,0.4188002,
1,42,124.053,0.400048,0.05149735,-0.3352783,-0.4231703,0.5586209,0.5774739,0.4188002,
1,42,124.055,0.400048,0.05149735,-0.3352783,-0.4231703,0.5586209,0.5774739,0.4188002,
1,42,124.057,0.400048,0.05149735,-0.3352783,-0.4231703,0.5586209,0.5774739,0.4188002,
1,42,124.059,0.4000324,0.0514942,-0.3352987,-0.4231433,0.5586042,0.5774902,0.4188272,
1,42,124.061,0.4000324,0.0514942,-0.3352987,-0.4231433,0.5586042,0.5774902,0.4188272,
1,42,124.063,0.4000324,0.0514942,-0.3352987,-0.4231433,0.5586042,0.5774902,0.4188272,
1,42,124.065,0.4000324,0.0514942,-0.3352987,-0.4231433,0.5586042,0.5774902,0.4188272,
1,42,124.067,0.4000324,0.0514942,-0.3352987,-0.4231433,0.5586042,0.5774902,0.4188272,
1,42,124.069,0.3999906,0.05154878,-0.3353356,-0.4231275,0.5586149,0.5775398,0.4187605,
1,42,124.071,0.3999906,0.05154878,-0.3353356,-0.4231275,0.5586149,0.5775398,0.4187605,
1,42,124.073,0.3999906,0.05154878,-0.3353356,-0.4231275,0.5586149,0.5775398,0.4187605,
1,42,124.075,0.3999906,0.05154878,-0.3353356,-0.4231275,0.5586149,0.5775398,0.4187605,
1,42,124.077,0.3999962,0.05146084,-0.3353334,-0.4231106,0.5586786,0.5774774,0.4187786,
1,42,124.079,0.3999962,0.05146084,-0.3353334,-0.4231106,0.5586786,0.5774774,0.4187786,
1,42,124.081,0.3999962,0.05146084,-0.3353334,-0.4231106,0.5586786,0.5774774,0.4187786,
1,42,124.083,0.3999962,0.05146084,-0.3353334,-0.4231106,0.5586786,0.5774774,0.4187786,
1,42,124.085,0.4000093,0.05145118,-0.3353562,-0.4231326,0.5586876,0.5774574,0.4187719,
1,42,124.087,0.4000093,0.05145118,-0.3353562,-0.4231326,0.5586876,0.5774574,0.4187719,
1,42,124.089,0.4000093,0.05145118,-0.3353562,-0.4231326,0.5586876,0.5774574,0.4187719,
1,42,124.091,0.4000093,0.05145118,-0.3353562,-0.4231326,0.5586876,0.5774574,0.4187719,
1,42,124.093,0.3999512,0.05147481,-0.3353601,-0.4231692,0.5587289,0.577432,0.4187151,
1,42,124.095,0.3999512,0.05147481,-0.3353601,-0.4231692,0.5587289,0.577432,0.4187151,
1,42,124.097,0.3999512,0.05147481,-0.3353601,-0.4231692,0.5587289,0.577432,0.4187151,
1,42,124.099,0.3999512,0.05147481,-0.3353601,-0.4231692,0.5587289,0.577432,0.4187151,
1,42,124.101,0.3999552,0.05155456,-0.3353105,-0.4232004,0.5586229,0.5775039,0.4187258,
1,42,124.103,0.3999552,0.05155456,-0.3353105,-0.4232004,0.5586229,0.5775039,0.4187258,
1,42,124.105,0.3999552,0.05155456,-0.3353105,-0.4232004,0.5586229,0.5775039,0.4187258,
1,42,124.107,0.3999552,0.05155456,-0.3353105,-0.4232004,0.5586229,0.5775039,0.4187258,
1,42,124.109,0.4000034,0.05158683,-0.3352986,-0.4232426,0.5586527,0.5774698,0.4186902,
1,42,124.111,0.4000034,0.05158683,-0.3352986,-0.4232426,0.5586527,0.5774698,0.4186902,
1,42,124.113,0.4000034,0.05158683,-0.3352986,-0.4232426,0.5586527,0.5774698,0.4186902,
1,42,124.115,0.4000034,0.05158683,-0.3352986,-0.4232426,0.5586527,0.5774698,0.4186902,
1,42,124.117,0.4000034,0.05158683,-0.3352986,-0.4232426,0.5586527,0.5774698,0.4186902,
1,42,124.119,0.4000049,0.05164088,-0.3352416,-0.4232683,0.558579,0.5775141,0.4187016,
1,42,124.121,0.4000049,0.05164088,-0.3352416,-0.4232683,0.558579,0.5775141,0.4187016,
1,42,124.123,0.4000049,0.05164088,-0.3352416,-0.4232683,0.558579,0.5775141,0.4187016,
1,42,124.125,0.4000049,0.05164088,-0.3352416,-0.4232683,0.558579,0.5775141,0.4187016,
1,42,124.127,0.4000297,0.0516557,-0.3352784,-0.423276,0.5585877,0.577504,0.418696,
1,42,124.129,0.4000297,0.0516557,-0.3352784,-0.423276,0.5585877,0.577504,0.418696,
1,42,124.131,0.4000297,0.0516557,-0.3352784,-0.423276,0.5585877,0.577504,0.418696,
1,42,124.133,0.4000297,0.0516557,-0.3352784,-0.423276,0.5585877,0.577504,0.418696,
1,42,124.135,0.4000273,0.05165153,-0.3352633,-0.4232818,0.558572,0.5775025,0.4187132,
1,42,124.137,0.4000273,0.05165153,-0.3352633,-0.4232818,0.558572,0.5775025,0.4187132,
1,42,124.139,0.4000273,0.05165153,-0.3352633,-0.4232818,0.558572,0.5775025,0.4187132,
1,42,124.141,0.4000273,0.05165153,-0.3352633,-0.4232818,0.558572,0.5775025,0.4187132,
1,42,124.143,0.4000125,0.05157442,-0.3352544,-0.4232344,0.5586095,0.5774826,0.4187388,
1,42,124.145,0.4000125,0.05157442,-0.3352544,-0.4232344,0.5586095,0.5774826,0.4187388,
1,42,124.147,0.4000125,0.05157442,-0.3352544,-0.4232344,0.5586095,0.5774826,0.4187388,
1,42,124.149,0.4000125,0.05157442,-0.3352544,-0.4232344,0.5586095,0.5774826,0.4187388,
1,42,124.151,0.4000034,0.05160027,-0.3352735,-0.4232503,0.5586287,0.5774806,0.4186995,
1,42,124.153,0.4000034,0.05160027,-0.3352735,-0.4232503,0.5586287,0.5774806,0.4186995,
1,42,124.155,0.4000034,0.05160027,-0.3352735,-0.4232503,0.5586287,0.5774806,0.4186995,
1,42,124.157,0.4000034,0.05160027,-0.3352735,-0.4232503,0.5586287,0.5774806,0.4186995,
1,42,124.159,0.4000303,0.05165074,-0.3352475,-0.4232511,0.5585292,0.5775539,0.4187303,
1,42,124.161,0.4000303,0.05165074,-0.3352475,-0.4232511,0.5585292,0.5775539,0.4187303,
1,42,124.163,0.4000303,0.05165074,-0.3352475,-0.4232511,0.5585292,0.5775539,0.4187303,
1,42,124.165,0.4000303,0.05165074,-0.3352475,-0.4232511,0.5585292,0.5775539,0.4187303,
1,42,124.167,0.4000303,0.05165074,-0.3352475,-0.4232511,0.5585292,0.5775539,0.4187303,
1,42,124.169,0.4000773,0.05177462,-0.3352137,-0.423347,0.5584169,0.577604,0.4187143,
1,42,124.171,0.4000773,0.05177462,-0.3352137,-0.423347,0.5584169,0.577604,0.4187143,
1,42,124.173,0.4000773,0.05177462,-0.3352137,-0.423347,0.5584169,0.577604,0.4187143,
1,42,124.175,0.4000773,0.05177462,-0.3352137,-0.423347,0.5584169,0.577604,0.4187143,
1,42,124.177,0.4000704,0.05176194,-0.33522,-0.4233521,0.558463,0.5775685,0.4186965,
1,42,124.179,0.4000704,0.05176194,-0.33522,-0.4233521,0.558463,0.5775685,0.4186965,
1,42,124.181,0.4000704,0.05176194,-0.33522,-0.4233521,0.558463,0.5775685,0.4186965,CourtEnter
1,42,124.183,0.4000704,0.05176194,-0.33522,-0.4233521,0.558463,0.5775685,0.4186965,
1,42,124.185,0.4000255,0.05166344,-0.3352546,-0.4232834,0.5585902,0.5774928,0.4187008,
1,42,124.187,0.4000255,0.05166344,-0.3352546,-0.4232834,0.5585902,0.5774928,0.4187008,
1,42,124.189,0.4000255,0.05166344,-0.3352546,-0.4232834,0.5585902,0.5774928,0.4187008,CourtExit
1,42,124.191,0.4000255,0.05166344,-0.3352546,-0.4232834,0.5585902,0.5774928,0.4187008,
1,42,124.193,0.4000421,0.05166357,-0.3352606,-0.4232959,0.5585741,0.5774997,0.4187001,
1,42,124.195,0.4000421,0.05166357,-0.3352606,-0.4232959,0.5585741,0.5774997,0.4187001,
1,42,124.197,0.4000421,0.05166357,-0.3352606,-0.4232959,0.5585741,0.5774997,0.4187001,
1,42,124.199,0.4000421,0.05166357,-0.3352606,-0.4232959,0.5585741,0.5774997,0.4187001,
1,42,124.201,0.4000352,0.05165044,-0.3352535,-0.4232847,0.5585855,0.5775002,0.4186953,
1,42,124.203,0.4000352,0.05165044,-0.3352535,-0.4232847,0.5585855,0.5775002,0.4186953,
1,42,124.205,0.4000352,0.05165044,-0.3352535,-0.4232847,0.5585855,0.5775002,0.4186953,
1,42,124.207,0.4000352,0.05165044,-0.3352535,-0.4232847,0.5585855,0.5775002,0.4186953,
1,42,124.209,0.4000535,0.05164741,-0.3352468,-0.4232823,0.5585794,0.5774983,0.4187088,
1,42,124.211,0.4000535,0.05164741,-0.3352468,-0.4232823,0.5585794,0.5774983,0.4187088,
1,42,124.213,0.4000535,0.05164741,-0.3352468,-0.4232823,0.5585794,0.5774983,0.4187088,
1,42,124.215,0.4000535,0.05164741,-0.3352468,-0.4232823,0.5585794,0.5774983,0.4187088,
1,42,124.217,0.4000535,0.05164741,-0.3352468,-0.4232823,0.5585794,0.5774983,0.4187088,
1,42,124.219,0.4000148,0.05156936,-0.3352656,-0.4232498,0.5586627,0.577448,0.4186997,
1,42,124.221,0.4000148,0.05156936,-0.3352656,-0.4232498,0.5586627,0.577448,0.4186997,
1,42,124.223,0.4000148,0.05156936,-0.3352656,-0.4232498,0.5586627,0.577448,0.4186997,
1,42,124.225,0.4000148,0.05156936,-0.3352656,-0.4232498,0.5586627,0.577448,0.4186997,
1,42,124.227,0.4000341,0.05168546,-0.3352948,-0.4232769,0.5585508,0.5775545,0.4186749,
1,42,124.229,0.4000341,0.05168546,-0.3352948,-0.4232769,0.5585508,0.5775545,0.4186749,
1,42,124.231,0.4000341,0.05168546,-0.3352948,-0.4232769,0.5585508,0.5775545,0.4186749,
1,42,124.233,0.4000341,0.05168546,-0.3352948,-0.4232769,0.5585508,0.5775545,0.4186749,
1,42,124.235,0.4000832,0.05169465,-0.3351974,-0.4233278,0.5585106,0.57753,0.4187107,
1,42,124.237,0.4000832,0.05169465,-0.3351974,-0.4233278,0.5585106,0.57753,0.4187107,
1,42,124.239,0.4000832,0.05169465,-0.3351974,-0.4233278,0.5585106,0.57753,0.4187107,
1,42,124.241,0.4000832,0.05169465,-0.3351974,-0.4233278,0.5585106,0.57753,0.4187107,
1,42,124.243,0.4001009,0.05176774,-0.3351407,-0.423375,0.5584283,0.577559,0.4187327,
1,42,124.245,0.4001009,0.05176774,-0.3351407,-0.423375,0.5584283,0.577559,0.4187327,
1,42,124.247,0.4001009,0.05176774,-0.3351407,-0.423375,0.5584283,0.577559,0.4187327,
1,42,124.249,0.4001009,0.05176774,-0.3351407,-0.423375,0.5584283,0.577559,0.4187327,
1,42,124.251,0.4000749,0.05165664,-0.3351518,-0.4233206,0.5585558,0.5774695,0.4187411,
1,42,124.253,0.4000749,0.05165664,-0.3351518,-0.4233206,0.5585558,0.5774695,0.4187411,
1,42,124.255,0.4000749,0.05165664,-0.3351518,-0.4233206,0.5585558,0.5774695,0.4187411,
1,42,124.257,0.4000749,0.05165664,-0.3351518,-0.4233206,0.5585558,0.5774695,0.4187411,
1,42,124.259,0.4000676,0.05159172,-0.3351861,-0.4232952,0.5586286,0.5774163,0.4187429,
1,42,124.261,0.4000676,0.05159172,-0.3351861,-0.4232952,0.5586286,0.5774163,0.4187429,
1,42,124.263,0.4000676,0.05159172,-0.3351861,-0.4232952,0.5586286,0.5774163,0.4187429,
1,42,124.265,0.4000676,0.05159172,-0.3351861,-0.4232952,0.5586286,0.5774163,0.4187429,
1,42,124.267,0.4000676,0.05159172,-0.3351861,-0.4232952,0.5586286,0.5774163,0.4187429,
1,42,124.269,0.4000857,0.05153982,-0.3351969,-0.4232779,0.5586663,0.5773841,0.4187544,
1,42,124.271,0.4000857,0.05153982,-0.3351969,-0.4232779,0.5586663,0.5773841,0.4187544,
1,42,124.273,0.4000857,0.05153982,-0.3351969,-0.4232779,0.5586663,0.5773841,0.4187544,
1,42,124.275,0.4000857,0.05153982,-0.3351969,-0.4232779,0.5586663,0.5773841,0.4187544,
1,42,124.277,0.4001035,0.05161244,-0.335178,-0.4233145,0.5585626,0.5774545,0.4187589,
1,42,124.279,0.4001035,0.05161244,-0.335178,-0.4233145,0.5585626,0.5774545,0.4187589,
1,42,124.281,0.4001035,0.05161244,-0.335178,-0.4233145,0.5585626,0.5774545,0.4187589,
1,42,124.283,0.4001035,0.05161244,-0.335178,-0.4233145,0.5585626,0.5774545,0.4187589,
1,42,124.285,0.4000994,0.05167395,-0.3351404,-0.4233011,0.5584603,0.5775353,0.4187974,
1,42,124.287,0.4000994,0.05167395,-0.3351404,-0.4233011,0.5584603,0.5775353,0.4187974,
1,42,124.289,0.4000994,0.05167395,-0.3351404,-0.4233011,0.5584603,0.5775353,0.4187974,
1,42,124.291,0.4000994,0.05167395,-0.3351404,-0.4233011,0.5584603,0.5775353,0.4187974,
1,42,124.293,0.4000903,0.05161907,-0.3351291,-0.4233074,0.5585099,0.5774858,0.4187932,
1,42,124.295,0.4000903,0.05161907,-0.3351291,-0.4233074,0.5585099,0.5774858,0.4187932,
1,42,124.297,0.4000903,0.05161907,-0.3351291,-0.4233074,0.5585099,0.5774858,0.4187932,
1,42,124.299,0.4000903,0.05161907,-0.3351291,-0.4233074,0.5585099,0.5774858,0.4187932,
1,42,124.301,0.4001159,0.05163129,-0.3351338,-0.4233286,0.5585388,0.5774646,0.4187624,
1,42,124.303,0.4001159,0.05163129,-0.3351338,-0.4233286,0.5585388,0.5774646,0.4187624,
1,42,124.305,0.4001159,0.05163129,-0.3351338,-0.4233286,0.5585388,0.5774646,0.4187624,
1,42,124.307,0.4001159,0.05163129,-0.3351338,-0.4233286,0.5585388,0.5774646,0.4187624,
1,42,124.309,0.4001106,0.0516372,-0.3351261,-0.4233486,0.558552,0.5774462,0.4187499,
1,42,124.311,0.4001106,0.0516372,-0.3351261,-0.4233486,0.558552,0.5774462,0.4187499,
1,42,124.313,0.4001106,0.0516372,-0.3351261,-0.4233486,0.558552,0.5774462,0.4187499,
1,42,124.315,0.4001106,0.0516372,-0.3351261,-0.4233486,0.558552,0.5774462,0.4187499,
1,42,124.317,0.4001106,0.0516372,-0.3351261,-0.4233486,0.558552,0.5774462,0.4187499,
1,42,124.319,0.4000709,0.05161091,-0.3351802,-0.4233212,0.5586044,0.5774366,0.418721,
1,42,124.321,0.4000709,0.05161091,-0.3351802,-0.4233212,0.5586044,0.5774366,0.418721,
1,42,124.323,0.4000709,0.05161091,-0.3351802,-0.4233212,0.5586044,0.5774366,0.418721,
1,42,124.325,0.4000709,0.05161091,-0.3351802,-0.4233212,0.5586044,0.5774366,0.418721,
1,42,124.327,0.4000399,0.05155425,-0.3352129,-0.4232903,0.5586679,0.5774059,0.4187099,
1,42,124.329,0.4000399,0.05155425,-0.3352129,-0.4232903,0.5586679,0.5774059,0.4187099,
1,42,124.331,0.4000399,0.05155425,-0.3352129,-0.4232903,0.5586679,0.5774059,0.4187099,
1,42,124.333,0.4000399,0.05155425,-0.3352129,-0.4232903,0.5586679,0.5774059,0.4187099,
1,42,124.335,0.4001011,0.05169714,-0.3351186,-0.423385,0.5584957,0.5774801,0.4187416,
1,42,124.337,0.4001011,0.05169714,-0.3351186,-0.423385,0.5584957,0.5774801,0.4187416,
1,42,124.339,0.4001011,0.05169714,-0.3351186,-0.423385,0.5584957,0.5774801,0.4187416,
1,42,124.341,0.4001011,0.05169714,-0.3351186,-0.423385,0.5584957,0.5774801,0.4187416,
1,42,124.343,0.4001114,0.05171991,-0.3351496,-0.4233773,0.5584986,0.5774921,0.418729,
1,42,124.345,0.4001114,0.05171991,-0.3351496,-0.4233773,0.5584986,0.5774921,0.418729,
1,42,124.347,0.4001114,0.05171991,-0.3351496,-0.4233773,0.5584986,0.5774921,0.418729,
1,42,124.349,0.4001114,0.05171991,-0.3351496,-0.4233773,0.5584986,0.5774921,0.418729,
1,42,124.351,0.4000921,0.05166029,-0.3351582,-0.4233457,0.5585612,0.5774536,0.4187305,
1,42,124.353,0.4000921,0.05166029,-0.3351582,-0.4233457,0.5585612,0.5774536,0.4187305,
1,42,124.355,0.4000921,0.05166029,-0.3351582,-0.4233457,0.5585612,0.5774536,0.4187305,
1,42,124.357,0.4000921,0.05166029,-0.3351582,-0.4233457,0.5585612,0.5774536,0.4187305,
1,42,124.359,0.4000852,0.05169447,-0.3351502,-0.4233514,0.5585227,0.5774847,0.4187332,
1,42,124.361,0.4000852,0.05169447,-0.3351502,-0.4233514,0.5585227,0.5774847,0.4187332,
1,42,124.363,0.4000852,0.05169447,-0.3351502,-0.4233514,0.5585227,0.5774847,0.4187332,
1,42,124.365,0.4000852,0.05169447,-0.3351502,-0.4233514,0.5585227,0.5774847,0.4187332,
1,42,124.367,0.4000852,0.05169447,-0.3351502,-0.4233514,0.5585227,0.5774847,0.4187332,
1,42,124.369,0.4001335,0.05172324,-0.3351229,-0.4233934,0.558451,0.5775146,0.418745,
1,42,124.371,0.4001335,0.05172324,-0.3351229,-0.4233934,0.558451,0.5775146,0.418745,
1,42,124.373,0.4001335,0.05172324,-0.3351229,-0.4233934,0.558451,0.5775146,0.418745,
1,42,124.375,0.4001335,0.05172324,-0.3351229,-0.4233934,0.558451,0.5775146,0.418745,
1,42,124.377,0.4000896,0.0516911,-0.3351262,-0.4233739,0.5585089,0.5774838,0.4187301,
1,42,124.379,0.4000896,0.0516911,-0.3351262,-0.4233739,0.5585089,0.5774838,0.4187301,
1,42,124.381,0.4000896,0.0516911,-0.3351262,-0.4233739,0.5585089,0.5774838,0.4187301,
1,42,124.383,0.4000896,0.0516911,-0.3351262,-0.4233739,0.5585089,0.5774838,0.4187301,
1,42,124.385,0.4000645,0.05163901,-0.3351974,-0.4233339,0.5585894,0.5774507,0.4187088,
1,42,124.387,0.4000645,0.05163901,-0.3351974,-0.4233339,0.5585894,0.5774507,0.4187088,
1,42,124.389,0.4000645,0.05163901,-0.3351974,-0.4233339,0.5585894,0.5774507,0.4187088,
1,42,124.391,0.4000645,0.05163901,-0.3351974,-0.4233339,0.5585894,0.5774507,0.4187088,
1,42,124.393,0.4000726,0.05162036,-0.335179,-0.4233471,0.5586123,0.5774233,0.4187025,
1,42,124.395,0.4000726,0.05162036,-0.335179,-0.4233471,0.5586123,0.5774233,0.4187025,
1,42,124.397,0.4000726,0.05162036,-0.335179,-0.4233471,0.5586123,0.5774233,0.4187025,
1,42,124.399,0.4000726,0.05162036,-0.335179,-0.4233471,0.5586123,0.5774233,0.4187025,
1,42,124.401,0.4000253,0.05166377,-0.335255,-0.423316,0.5585975,0.5774775,0.4186789,
1,42,124.403,0.4000253,0.05166377,-0.335255,-0.423316,0.5585975,0.5774775,0.4186789,
1,42,124.405,0.4000253,0.05166377,-0.335255,-0.423316,0.5585975,0.5774775,0.4186789,
1,42,124.407,0.4000253,0.05166377,-0.335255,-0.423316,0.5585975,0.5774775,0.4186789,
1,42,124.409,0.4000178,0.05178594,-0.3353029,-0.4233212,0.5584895,0.5776065,0.4186398,
1,42,124.411,0.4000178,0.05178594,-0.3353029,-0.4233212,0.5584895,0.5776065,0.4186398,
1,42,124.413,0.4000178,0.05178594,-0.3353029,-0.4233212,0.5584895,0.5776065,0.4186398,
1,42,124.415,0.4000178,0.05178594,-0.3353029,-0.4233212,0.5584895,0.5776065,0.4186398,
1,42,124.417,0.4000178,0.05178594,-0.3353029,-0.4233212,0.5584895,0.5776065,0.4186398,
1,42,124.419,0.4000346,0.05182102,-0.3353015,-0.4233266,0.5584431,0.577647,0.4186405,
1,42,124.421,0.4000346,0.05182102,-0.3353015,-0.4233266,0.5584431,0.577647,0.4186405,
1,42,124.423,0.4000346,0.05182102,-0.3353015,-0.4233266,0.5584431,0.577647,0.4186405,
1,42,124.425,0.4000346,0.05182102,-0.3353015,-0.4233266,0.5584431,0.577647,0.4186405,
1,42,124.427,0.4000238,0.05167007,-0.3352605,-0.4232968,0.5585806,0.5775101,0.418676,
1,42,124.429,0.4000238,0.05167007,-0.3352605,-0.4232968,0.5585806,0.5775101,0.418676,
1,42,124.431,0.4000238,0.05167007,-0.3352605,-0.4232968,0.5585806,0.5775101,0.418676,
1,42,124.433,0.4000238,0.05167007,-0.3352605,-0.4232968,0.5585806,0.5775101,0.418676,
1,42,124.435,0.4000398,0.05163617,-0.3352638,-0.4232861,0.5585757,0.5775059,0.4186992,
1,42,124.437,0.4000398,0.05163617,-0.3352638,-0.4232861,0.5585757,0.5775059,0.4186992,
1,42,124.439,0.4000398,0.05163617,-0.3352638,-0.4232861,0.5585757,0.5775059,0.4186992,
1,42,124.441,0.4000398,0.05163617,-0.3352638,-0.4232861,0.5585757,0.5775059,0.4186992,
1,42,124.443,0.4000443,0.05161689,-0.3352497,-0.4233077,0.5586112,0.5774702,0.4186792,
1,42,124.445,0.4000443,0.05161689,-0.3352497,-0.4233077,0.5586112,0.5774702,0.4186792,
1,42,124.447,0.4000443,0.05161689,-0.3352497,-0.4233077,0.5586112,0.5774702,0.4186792,
1,42,124.449,0.4000443,0.05161689,-0.3352497,-0.4233077,0.5586112,0.5774702,0.4186792,
1,42,124.451,0.4000466,0.05164981,-0.335259,-0.4233081,0.5585436,0.577519,0.4187016,
1,42,124.453,0.4000466,0.05164981,-0.335259,-0.4233081,0.5585436,0.577519,0.4187016,
1,42,124.455,0.4000466,0.05164981,-0.335259,-0.4233081,0.5585436,0.577519,0.4187016,
1,42,124.457,0.4000466,0.05164981,-0.335259,-0.4233081,0.5585436,0.577519,0.4187016,
1,42,124.459,0.4000526,0.05175821,-0.3352396,-0.4233317,0.558446,0.5775978,0.4186994,
1,42,124.461,0.4000526,0.05175821,-0.3352396,-0.4233317,0.558446,0.5775978,0.4186994,
1,42,124.463,0.4000526,0.05175821,-0.3352396,-0.4233317,0.558446,0.5775978,0.4186994,
1,42,124.465,0.4000526,0.05175821,-0.3352396,-0.4233317,0.558446,0.5775978,0.4186994,
1,42,124.467,0.4000526,0.05175821,-0.3352396,-0.4233317,0.558446,0.5775978,0.4186994,
1,42,124.469,0.4000565,0.05174025,-0.3352368,-0.42332,0.5584851,0.5775681,0.4187001,
1,42,124.471,0.4000565,0.05174025,-0.3352368,-0.42332,0.5584851,0.5775681,0.4187001,
1,42,124.473,0.4000565,0.05174025,-0.3352368,-0.42332,0.5584851,0.5775681,0.4187001,
1,42,124.475,0.4000565,0.05174025,-0.3352368,-0.42332,0.5584851,0.5775681,0.4187001,
1,42,124.477,0.4000237,0.05170181,-0.3352664,-0.4233152,0.5585616,0.5775234,0.4186645,
1,42,124.479,0.4000237,0.05170181,-0.3352664,-0.4233152,0.5585616,0.5775234,0.4186645,
1,42,124.481,0.4000237,0.05170181,-0.3352664,-0.4233152,0.5585616,0.5775234,0.4186645,
1,42,124.483,0.4000237,0.05170181,-0.3352664,-0.4233152,0.5585616,0.5775234,0.4186645,
1,42,124.485,0.4000223,0.05166388,-0.3352968,-0.4233025,0.5586115,0.5774918,0.4186545,
1,42,124.487,0.4000223,0.05166388,-0.3352968,-0.4233025,0.5586115,0.5774918,0.4186545,
1,42,124.489,0.4000223,0.05166388,-0.3352968,-0.4233025,0.5586115,0.5774918,0.4186545,
1,42,124.491,0.4000223,0.05166388,-0.3352968,-0.4233025,0.5586115,0.5774918,0.4186545,
1,42,124.493,0.3999983,0.05162343,-0.335316,-0.4232746,0.5586391,0.5774851,0.418655,
1,42,124.495,0.3999983,0.05162343,-0.335316,-0.4232746,0.5586391,0.5774851,0.418655,
1,42,124.497,0.3999983,0.05162343,-0.335316,-0.4232746,0.5586391,0.5774851,0.418655,
1,42,124.499,0.3999983,0.05162343,-0.335316,-0.4232746,0.5586391,0.5774851,0.418655,
1,42,124.501,0.4000102,0.05170852,-0.3353379,-0.4232997,0.5585656,0.5775499,0.4186383,
1,42,124.503,0.4000102,0.05170852,-0.3353379,-0.4232997,0.5585656,0.5775499,0.4186383,
1,42,124.505,0.4000102,0.05170852,-0.3353379,-0.4232997,0.5585656,0.5775499,0.4186383,
1,42,124.507,0.4000102,0.05170852,-0.3353379,-0.4232997,0.5585656,0.5775499,0.4186383,
1,42,124.509,0.3999752,0.05169851,-0.3353746,-0.423261,0.5585827,0.5775757,0.4186189,
1,42,124.511,0.3999752,0.05169851,-0.3353746,-0.423261,0.5585827,0.5775757,0.4186189,
1,42,124.513,0.3999752,0.05169851,-0.3353746,-0.423261,0.5585827,0.5775757,0.4186189,
1,42,124.515,0.3999752,0.05169851,-0.3353746,-0.423261,0.5585827,0.5775757,0.4186189,
1,42,124.517,0.3999752,0.05169851,-0.3353746,-0.423261,0.5585827,0.5775757,0.4186189,
1,42,124.519,0.3999634,0.05166169,-0.3353817,-0.4232408,0.5586224,0.5775495,0.4186228,
1,42,124.521,0.3999634,0.05166169,-0.3353817,-0.4232408,0.5586224,0.5775495,0.4186228,
1,42,124.523,0.3999634,0.05166169,-0.3353817,-0.4232408,0.5586224,0.5775495,0.4186228,
1,42,124.525,0.3999634,0.05166169,-0.3353817,-0.4232408,0.5586224,0.5775495,0.4186228,
1,42,124.527,0.3999635,0.05161273,-0.3353544,-0.4232332,0.5586696,0.5774927,0.4186458,
1,42,124.529,0.3999635,0.05161273,-0.3353544,-0.4232332,0.5586696,0.5774927,0.4186458,
1,42,124.531,0.3999635,0.05161273,-0.3353544,-0.4232332,0.5586696,0.5774927,0.4186458,
1,42,124.533,0.3999635,0.05161273,-0.3353544,-0.4232332,0.5586696,0.5774927,0.4186458,
1,42,124.535,0.4000165,0.05170396,-0.3353093,-0.4232896,0.5585453,0.577567,0.4186519,
1,42,124.537,0.4000165,0.05170396,-0.3353093,-0.4232896,0.5585453,0.577567,0.4186519,
1,42,124.539,0.4000165,0.05170396,-0.3353093,-0.4232896,0.5585453,0.577567,0.4186519,
1,42,124.541,0.4000165,0.05170396,-0.3353093,-0.4232896,0.5585453,0.577567,0.4186519,
1,42,124.543,0.4000563,0.05178246,-0.3352544,-0.4233431,0.5584521,0.5776081,0.4186656,
1,42,124.545,0.4000563,0.05178246,-0.3352544,-0.4233431,0.5584521,0.5776081,0.4186656,
1,42,124.547,0.4000563,0.05178246,-0.3352544,-0.4233431,0.5584521,0.5776081,0.4186656,
1,42,124.549,0.4000563,0.05178246,-0.3352544,-0.4233431,0.5584521,0.5776081,0.4186656,
1,42,124.551,0.400062,0.05184824,-0.3352505,-0.4233705,0.5584207,0.577633,0.4186454,
1,42,124.553,0.400062,0.05184824,-0.3352505,-0.4233705,0.5584207,0.577633,0.4186454,
1,42,124.555,0.400062,0.05184824,-0.3352505,-0.4233705,0.5584207,0.577633,0.4186454,
1,42,124.557,0.400062,0.05184824,-0.3352505,-0.4233705,0.5584207,0.577633,0.4186454,
1,42,124.559,0.400042,0.05186127,-0.3352796,-0.42336,0.5584087,0.577662,0.4186319,
1,42,124.561,0.400042,0.05186127,-0.3352796,-0.42336,0.5584087,0.577662,0.4186319,
1,42,124.563,0.400042,0.05186127,-0.3352796,-0.42336,0.5584087,0.577662,0.4186319,
1,42,124.565,0.400042,0.05186127,-0.3352796,-0.42336,0.5584087,0.577662,0.4186319,
1,42,124.567,0.400042,0.05186127,-0.3352796,-0.42336,0.5584087,0.577662,0.4186319,
1,42,124.569,0.3999804,0.05183968,-0.3353353,-0.4233237,0.5584716,0.5776533,0.4185966,
1,42,124.571,0.3999804,0.05183968,-0.3353353,-0.4233237,0.5584716,0.5776533,0.4185966,
1,42,124.573,0.3999804,0.05183968,-0.3353353,-0.4233237,0.5584716,0.5776533,0.4185966,
1,42,124.575,0.3999804,0.05183968,-0.3353353,-0.4233237,0.5584716,0.5776533,0.4185966,
1,42,124.577,0.3999594,0.05184989,-0.3354202,-0.4232826,0.5584919,0.5776857,0.4185668,
1,42,124.579,0.3999594,0.05184989,-0.3354202,-0.4232826,0.5584919,0.5776857,0.4185668,
1,42,124.581,0.3999594,0.05184989,-0.3354202,-0.4232826,0.5584919,0.5776857,0.4185668,
1,42,124.583,0.3999594,0.05184989,-0.3354202,-0.4232826,0.5584919,0.5776857,0.4185668,
1,42,124.585,0.3999707,0.05167173,-0.3353273,-0.4232579,0.558642,0.5775279,0.418609,
1,42,124.587,0.3999707,0.05167173,-0.3353273,-0.4232579,0.558642,0.5775279,0.418609,
1,42,124.589,0.3999707,0.05167173,-0.3353273,-0.4232579,0.558642,0.5775279,0.418609,
1,42,124.591,0.3999707,0.05167173,-0.3353273,-0.4232579,0.558642,0.5775279,0.418609,
1,42,124.593,0.4000627,0.05159543,-0.3352239,-0.4233237,0.5586298,0.5774415,0.4186777,
1,42,124.595,0.4000627,0.05159543,-0.3352239,-0.4233237,0.5586298,0.5774415,0.4186777,
1,42,124.597,0.4000627,0.05159543,-0.3352239,-0.4233237,0.5586298,0.5774415,0.4186777,
1,42,124.599,0.4000627,0.05159543,-0.3352239,-0.4233237,0.5586298,0.5774415,0.4186777,
1,42,124.601,0.400107,0.05165664,-0.3351476,-0.4233807,0.558525,0.5774816,0.4187046,
1,42,124.603,0.400107,0.05165664,-0.3351476,-0.4233807,0.558525,0.5774816,0.4187046,
1,42,124.605,0.400107,0.05165664,-0.3351476,-0.4233807,0.558525,0.5774816,0.4187046,
1,42,124.607,0.400107,0.05165664,-0.3351476,-0.4233807,0.558525,0.5774816,0.4187046,
1,42,124.609,0.4000782,0.05163595,-0.3351516,-0.4233526,0.5585567,0.577457,0.418725,
1,42,124.611,0.4000782,0.05163595,-0.3351516,-0.4233526,0.5585567,0.577457,0.418725,
1,42,124.613,0.4000782,0.05163595,-0.3351516,-0.4233526,0.5585567,0.577457,0.418725,
1,42,124.615,0.4000782,0.05163595,-0.3351516,-0.4233526,0.5585567,0.577457,0.418725,
1,42,124.617,0.4000782,0.05163595,-0.3351516,-0.4233526,0.5585567,0.577457,0.418725,
1,42,124.619,0.4000526,0.05154106,-0.3351641,-0.4233258,0.5586785,0.577359,0.4187243,
1,42,124.621,0.4000526,0.05154106,-0.3351641,-0.4233258,0.5586785,0.577359,0.4187243,
1,42,124.623,0.4000526,0.05154106,-0.3351641,-0.4233258,0.5586785,0.577359,0.4187243,
1,42,124.625,0.4000526,0.05154106,-0.3351641,-0.4233258,0.5586785,0.577359,0.4187243,
1,42,124.627,0.4000563,0.05151922,-0.3351631,-0.4233437,0.5587309,0.5773194,0.4186913,
1,42,124.629,0.4000563,0.05151922,-0.3351631,-0.4233437,0.5587309,0.5773194,0.4186913,
1,42,124.631,0.4000563,0.05151922,-0.3351631,-0.4233437,0.5587309,0.5773194,0.4186913,
1,42,124.633,0.4000563,0.05151922,-0.3351631,-0.4233437,0.5587309,0.5773194,0.4186913,
1,42,124.635,0.4000527,0.05142855,-0.3352318,-0.4232861,0.5587562,0.5773202,0.4187144,
1,42,124.637,0.4000527,0.05142855,-0.3352318,-0.4232861,0.5587562,0.5773202,0.4187144,
1,42,124.639,0.4000527,0.05142855,-0.3352318,-0.4232861,0.5587562,0.5773202,0.4187144,
1,42,124.641,0.4000527,0.05142855,-0.3352318,-0.4232861,0.5587562,0.5773202,0.4187144,
1,42,124.643,0.4001212,0.05161215,-0.3351653,-0.4233712,0.5585943,0.5774149,0.4187139,
1,42,124.645,0.4001212,0.05161215,-0.3351653,-0.4233712,0.5585943,0.5774149,0.4187139,
1,42,124.647,0.4001212,0.05161215,-0.3351653,-0.4233712,0.5585943,0.5774149,0.4187139,
1,42,124.649,0.4001212,0.05161215,-0.3351653,-0.4233712,0.5585943,0.5774149,0.4187139,
1,42,124.651,0.4001527,0.0518501,-0.3350562,-0.4234422,0.5584319,0.5775221,0.4187109,
1,42,124.653,0.4001527,0.0518501,-0.3350562,-0.4234422,0.5584319,0.5775221,0.4187109,
1,42,124.655,0.4001527,0.0518501,-0.3350562,-0.4234422,0.5584319,0.5775221,0.4187109,
1,42,124.657,0.4001527,0.0518501,-0.3350562,-0.4234422,0.5584319,0.5775221,0.4187109,
1,42,124.659,0.4001175,0.05185956,-0.3350658,-0.4234507,0.5584545,0.5775145,0.4186827,
1,42,124.661,0.4001175,0.05185956,-0.3350658,-0.4234507,0.5584545,0.5775145,0.4186827,
1,42,124.663,0.4001175,0.05185956,-0.3350658,-0.4234507,0.5584545,0.5775145,0.4186827,
1,42,124.665,0.4001175,0.05185956,-0.3350658,-0.4234507,0.5584545,0.5775145,0.4186827,
1,42,124.667,0.4001175,0.05185956,-0.3350658,-0.4234507,0.5584545,0.5775145,0.4186827,
1,42,124.669,0.4000517,0.05168575,-0.3351723,-0.4233752,0.5585935,0.5774515,0.4186604,
1,42,124.671,0.4000517,0.05168575,-0.3351723,-0.4233752,0.5585935,0.5774515,0.4186604,
1,42,124.673,0.4000517,0.05168575,-0.3351723,-0.4233752,0.5585935,0.5774515,0.4186604,
1,42,124.675,0.4000517,0.05168575,-0.3351723,-0.4233752,0.5585935,0.5774515,0.4186604,
1,42,124.677,0.4000648,0.05163151,-0.3351717,-0.4233885,0.5586419,0.5774026,0.4186499,
1,42,124.679,0.4000648,0.05163151,-0.3351717,-0.4233885,0.5586419,0.5774026,0.4186499,
1,42,124.681,0.4000648,0.05163151,-0.3351717,-0.4233885,0.5586419,0.5774026,0.4186499,
1,42,124.683,0.4000648,0.05163151,-0.3351717,-0.4233885,0.5586419,0.5774026,0.4186499,
1,42,124.685,0.3999721,0.05151962,-0.3352655,-0.4232924,0.5587846,0.5773703,0.4186011,
1,42,124.687,0.3999721,0.05151962,-0.3352655,-0.4232924,0.5587846,0.5773703,0.4186011,
1,42,124.689,0.3999721,0.05151962,-0.3352655,-0.4232924,0.5587846,0.5773703,0.4186011,
1,42,124.691,0.3999721,0.05151962,-0.3352655,-0.4232924,0.5587846,0.5773703,0.4186011,
1,42,124.693,0.3999766,0.05159879,-0.3352656,-0.4233107,0.5586925,0.5774449,0.4186027,
1,42,124.695,0.3999766,0.05159879,-0.3352656,-0.4233107,0.5586925,0.5774449,0.4186027,
1,42,124.697,0.3999766,0.05159879,-0.3352656,-0.4233107,0.5586925,0.5774449,0.4186027,
1,42,124.699,0.3999766,0.05159879,-0.3352656,-0.4233107,0.5586925,0.5774449,0.4186027,
1,42,124.701,0.399982,0.05154872,-0.3352731,-0.4232982,0.5587276,0.5774286,0.418591,
1,42,124.703,0.399982,0.05154872,-0.3352731,-0.4232982,0.5587276,0.5774286,0.418591,
1,42,124.705,0.399982,0.05154872,-0.3352731,-0.4232982,0.5587276,0.5774286,0.418591,
1,42,124.707,0.399982,0.05154872,-0.3352731,-0.4232982,0.5587276,0.5774286,0.418591,
1,42,124.709,0.4000109,0.05162692,-0.3352442,-0.423346,0.5586506,0.5774769,0.418579,
1,42,124.711,0.4000109,0.05162692,-0.3352442,-0.423346,0.5586506,0.5774769,0.418579,
1,42,124.713,0.4000109,0.05162692,-0.3352442,-0.423346,0.5586506,0.5774769,0.418579,
1,42,124.715,0.4000109,0.05162692,-0.3352442,-0.423346,0.5586506,0.5774769,0.418579,
1,42,124.717,0.4000109,0.05162692,-0.3352442,-0.423346,0.5586506,0.5774769,0.418579,
1,42,124.719,0.399984,0.05158591,-0.3352534,-0.4233258,0.5587293,0.5774344,0.4185529,
1,42,124.721,0.399984,0.05158591,-0.3352534,-0.4233258,0.5587293,0.5774344,0.4185529,
1,42,124.723,0.399984,0.05158591,-0.3352534,-0.4233258,0.5587293,0.5774344,0.4185529,
1,42,124.725,0.399984,0.05158591,-0.3352534,-0.4233258,0.5587293,0.5774344,0.4185529,
1,42,124.727,0.3999843,0.05165169,-0.3352966,-0.4233199,0.5586746,0.577486,0.4185607,
1,42,124.729,0.3999843,0.05165169,-0.3352966,-0.4233199,0.5586746,0.577486,0.4185607,
1,42,124.731,0.3999843,0.05165169,-0.3352966,-0.4233199,0.5586746,0.577486,0.4185607,
1,42,124.733,0.3999843,0.05165169,-0.3352966,-0.4233199,0.5586746,0.577486,0.4185607,
1,42,124.735,0.3999943,0.05171427,-0.3353058,-0.423335,0.5586263,0.5775305,0.4185483,
1,42,124.737,0.3999943,0.05171427,-0.3353058,-0.423335,0.5586263,0.5775305,0.4185483,
1,42,124.739,0.3999943,0.05171427,-0.3353058,-0.423335,0.5586263,0.5775305,0.4185483,
1,42,124.741,0.3999943,0.05171427,-0.3353058,-0.423335,0.5586263,0.5775305,0.4185483,
1,42,124.743,0.3999925,0.0516385,-0.3353003,-0.423297,0.5587033,0.5774701,0.4185672,
1,42,124.745,0.3999925,0.0516385,-0.3353003,-0.423297,0.5587033,0.5774701,0.4185672,
1,42,124.747,0.3999925,0.0516385,-0.3353003,-0.423297,0.5587033,0.5774701,0.4185672,
1,42,124.749,0.3999925,0.0516385,-0.3353003,-0.423297,0.5587033,0.5774701,0.4185672,
1,42,124.751,0.4000058,0.05168141,-0.3352787,-0.4233322,0.5586329,0.577508,0.4185733,
1,42,124.753,0.4000058,0.05168141,-0.3352787,-0.4233322,0.5586329,0.577508,0.4185733,
1,42,124.755,0.4000058,0.05168141,-0.3352787,-0.4233322,0.5586329,0.577508,0.4185733,
1,42,124.757,0.4000058,0.05168141,-0.3352787,-0.4233322,0.5586329,0.577508,0.4185733,
1,42,124.759,0.4000199,0.05168182,-0.335275,-0.4233124,0.5586213,0.5775152,0.4185989,
1,42,124.761,0.4000199,0.05168182,-0.335275,-0.4233124,0.5586213,0.5775152,0.4185989,
1,42,124.763,0.4000199,0.05168182,-0.335275,-0.4233124,0.5586213,0.5775152,0.4185989,
1,42,124.765,0.4000199,0.05168182,-0.335275,-0.4233124,0.5586213,0.5775152,0.4185989,
1,42,124.767,0.4000199,0.05168182,-0.335275,-0.4233124,0.5586213,0.5775152,0.4185989,
1,42,124.769,0.4000251,0.05154668,-0.3352602,-0.4233599,0.5587978,0.5773807,0.4185009,
1,42,124.771,0.4000251,0.05154668,-0.3352602,-0.4233599,0.5587978,0.5773807,0.4185009,
1,42,124.773,0.4000251,0.05154668,-0.3352602,-0.4233599,0.5587978,0.5773807,0.4185009,
1,42,124.775,0.4000251,0.05154668,-0.3352602,-0.4233599,0.5587978,0.5773807,0.4185009,
1,42,124.777,0.4000822,0.05149711,-0.3352004,-0.4234955,0.5588248,0.5772962,0.418444,
1,42,124.779,0.4000822,0.05149711,-0.3352004,-0.4234955,0.5588248,0.5772962,0.418444,
1,42,124.781,0.4000822,0.05149711,-0.3352004,-0.4234955,0.5588248,0.5772962,0.418444,
1,42,124.783,0.4000822,0.05149711,-0.3352004,-0.4234955,0.5588248,0.5772962,0.418444,
1,42,124.785,0.4000717,0.05174054,-0.3352671,-0.4234189,0.5585824,0.5775287,0.4185247,
1,42,124.787,0.4000717,0.05174054,-0.3352671,-0.4234189,0.5585824,0.5775287,0.4185247,
1,42,124.789,0.4000717,0.05174054,-0.3352671,-0.4234189,0.5585824,0.5775287,0.4185247,
1,42,124.791,0.4000717,0.05174054,-0.3352671,-0.4234189,0.5585824,0.5775287,0.4185247,
1,42,124.793,0.4000763,0.05178158,-0.3352784,-0.4234177,0.5585584,0.577555,0.4185215,
1,42,124.795,0.4000763,0.05178158,-0.3352784,-0.4234177,0.5585584,0.577555,0.4185215,
1,42,124.797,0.4000763,0.05178158,-0.3352784,-0.4234177,0.5585584,0.577555,0.4185215,
1,42,124.799,0.4000763,0.05178158,-0.3352784,-0.4234177,0.5585584,0.577555,0.4185215,
1,42,124.801,0.4000359,0.05171764,-0.3352848,-0.4233787,0.5586131,0.57752,0.4185362,
1,42,124.803,0.4000359,0.05171764,-0.3352848,-0.4233787,0.5586131,0.57752,0.4185362,
1,42,124.805,0.4000359,0.05171764,-0.3352848,-0.4233787,0.5586131,0.57752,0.4185362,
1,42,124.807,0.4000359,0.05171764,-0.3352848,-0.4233787,0.5586131,0.57752,0.4185362,
1,42,124.809,0.4000558,0.05173991,-0.3352768,-0.4234091,0.5585803,0.5775315,0.4185334,
1,42,124.811,0.4000558,0.05173991,-0.3352768,-0.4234091,0.5585803,0.5775315,0.4185334,
1,42,124.813,0.4000558,0.05173991,-0.3352768,-0.4234091,0.5585803,0.5775315,0.4185334,
1,42,124.815,0.4000558,0.05173991,-0.3352768,-0.4234091,0.5585803,0.5775315,0.4185334,
1,42,124.817,0.4000558,0.05173991,-0.3352768,-0.4234091,0.5585803,0.5775315,0.4185334,
1,42,124.819,0.4000412,0.05168211,-0.3352977,-0.4233376,0.5586208,0.5775289,0.4185553,
1,42,124.821,0.4000412,0.05168211,-0.3352977,-0.4233376,0.5586208,0.5775289,0.4185553,
1,42,124.823,0.4000412,0.05168211,-0.3352977,-0.4233376,0.5586208,0.5775289,0.4185553,
1,42,124.825,0.4000412,0.05168211,-0.3352977,-0.4233376,0.5586208,0.5775289,0.4185553,
1,42,124.827,0.400032,0.05164438,-0.3352732,-0.4233517,0.5586557,0.5774844,0.4185557,
1,42,124.829,0.400032,0.05164438,-0.3352732,-0.4233517,0.5586557,0.5774844,0.4185557,
1,42,124.831,0.400032,0.05164438,-0.3352732,-0.4233517,0.5586557,0.5774844,0.4185557,
1,42,124.833,0.400032,0.05164438,-0.3352732,-0.4233517,0.5586557,0.5774844,0.4185557,
1,42,124.835,0.4000592,0.05174955,-0.3352503,-0.4234123,0.5585415,0.5775465,0.4185613,
1,42,124.837,0.4000592,0.05174955,-0.3352503,-0.4234123,0.5585415,0.5775465,0.4185613,
1,42,124.839,0.4000592,0.05174955,-0.3352503,-0.4234123,0.5585415,0.5775465,0.4185613,
1,42,124.841,0.4000592,0.05174955,-0.3352503,-0.4234123,0.5585415,0.5775465,0.4185613,
1,42,124.843,0.4000744,0.05178908,-0.33525,-0.4234265,0.5585071,0.5775714,0.4185586,
1,42,124.845,0.4000744,0.05178908,-0.33525,-0.4234265,0.5585071,0.5775714,0.4185586,
1,42,124.847,0.4000744,0.05178908,-0.33525,-0.4234265,0.5585071,0.5775714,0.4185586,
1,42,124.849,0.4000744,0.05178908,-0.33525,-0.4234265,0.5585071,0.5775714,0.4185586,
1,42,124.851,0.4000888,0.0518303,-0.3352431,-0.423448,0.5584678,0.5776035,0.4185449,
1,42,124.853,0.4000888,0.0518303,-0.3352431,-0.423448,0.5584678,0.5776035,0.4185449,
1,42,124.855,0.4000888,0.0518303,-0.3352431,-0.423448,0.5584678,0.5776035,0.4185449,
1,42,124.857,0.4000888,0.0518303,-0.3352431,-0.423448,0.5584678,0.5776035,0.4185449,
1,42,124.859,0.4000213,0.05171375,-0.3352658,-0.4233614,0.5586058,0.5774998,0.4185916,
1,42,124.861,0.4000213,0.05171375,-0.3352658,-0.4233614,0.5586058,0.5774998,0.4185916,
1,42,124.863,0.4000213,0.05171375,-0.3352658,-0.4233614,0.5586058,0.5774998,0.4185916,
1,42,124.865,0.4000213,0.05171375,-0.3352658,-0.4233614,0.5586058,0.5774998,0.4185916,
1,42,124.867,0.4000213,0.05171375,-0.3352658,-0.4233614,0.5586058,0.5774998,0.4185916,
1,42,124.869,0.399994,0.05169326,-0.3352592,-0.4233192,0.5585924,0.5775081,0.4186406,
1,42,124.871,0.399994,0.05169326,-0.3352592,-0.4233192,0.5585924,0.5775081,0.4186406,
1,42,124.873,0.399994,0.05169326,-0.3352592,-0.4233192,0.5585924,0.5775081,0.4186406,
1,42,124.875,0.399994,0.05169326,-0.3352592,-0.4233192,0.5585924,0.5775081,0.4186406,
1,42,124.877,0.4000491,0.05171748,-0.3352602,-0.4233223,0.5585185,0.5775473,0.418682,
1,42,124.879,0.4000491,0.05171748,-0.3352602,-0.4233223,0.5585185,0.5775473,0.418682,
1,42,124.881,0.4000491,0.05171748,-0.3352602,-0.4233223,0.5585185,0.5775473,0.418682,
1,42,124.883,0.4000491,0.05171748,-0.3352602,-0.4233223,0.5585185,0.5775473,0.418682,
1,42,124.885,0.400059,0.05172259,-0.3352528,-0.423322,0.5585078,0.5775561,0.4186842,
1,42,124.887,0.400059,0.05172259,-0.3352528,-0.423322,0.5585078,0.5775561,0.4186842,
1,42,124.889,0.400059,0.05172259,-0.3352528,-0.423322,0.5585078,0.5775561,0.4186842,
1,42,124.891,0.400059,0.05172259,-0.3352528,-0.423322,0.5585078,0.5775561,0.4186842,
1,42,124.893,0.4000154,0.05163962,-0.3353507,-0.4232058,0.5585523,0.5775755,0.4187156,
1,42,124.895,0.4000154,0.05163962,-0.3353507,-0.4232058,0.5585523,0.5775755,0.4187156,
1,42,124.897,0.4000154,0.05163962,-0.3353507,-0.4232058,0.5585523,0.5775755,0.4187156,
1,42,124.899,0.4000154,0.05163962,-0.3353507,-0.4232058,0.5585523,0.5775755,0.4187156,
1,42,124.901,0.3999787,0.05153496,-0.335379,-0.4231606,0.558677,0.5775023,0.4186962,
1,42,124.903,0.3999787,0.05153496,-0.335379,-0.4231606,0.558677,0.5775023,0.4186962,
1,42,124.905,0.3999787,0.05153496,-0.335379,-0.4231606,0.558677,0.5775023,0.4186962,
1,42,124.907,0.3999787,0.05153496,-0.335379,-0.4231606,0.558677,0.5775023,0.4186962,
1,42,124.909,0.3999756,0.05150928,-0.3353462,-0.4231656,0.5586827,0.5774813,0.4187124,
1,42,124.911,0.3999756,0.05150928,-0.3353462,-0.4231656,0.5586827,0.5774813,0.4187124,
1,42,124.913,0.3999756,0.05150928,-0.3353462,-0.4231656,0.5586827,0.5774813,0.4187124,
1,42,124.915,0.3999756,0.05150928,-0.3353462,-0.4231656,0.5586827,0.5774813,0.4187124,
1,42,124.917,0.3999756,0.05150928,-0.3353462,-0.4231656,0.5586827,0.5774813,0.4187124,
1,42,124.919,0.4000387,0.05163495,-0.3353306,-0.423216,0.5585363,0.5775822,0.4187174,
1,42,124.921,0.4000387,0.05163495,-0.3353306,-0.423216,0.5585363,0.5775822,0.4187174,
1,42,124.923,0.4000387,0.05163495,-0.3353306,-0.423216,0.5585363,0.5775822,0.4187174,
1,42,124.925,0.4000387,0.05163495,-0.3353306,-0.423216,0.5585363,0.5775822,0.4187174,
1,42,124.927,0.4000596,0.05165949,-0.3352976,-0.4232409,0.558489,0.5775987,0.4187327,
1,42,124.929,0.4000596,0.05165949,-0.3352976,-0.4232409,0.558489,0.5775987,0.4187327,
1,42,124.931,0.4000596,0.05165949,-0.3352976,-0.4232409,0.558489,0.5775987,0.4187327,
1,42,124.933,0.4000596,0.05165949,-0.3352976,-0.4232409,0.558489,0.5775987,0.4187327,
1,42,124.935,0.4000503,0.051614,-0.3353103,-0.4232248,0.5585508,0.5775522,0.4187307,
1,42,124.937,0.4000503,0.051614,-0.3353103,-0.4232248,0.5585508,0.5775522,0.4187307,
1,42,124.939,0.4000503,0.051614,-0.3353103,-0.4232248,0.5585508,0.5775522,0.4187307,
1,42,124.941,0.4000503,0.051614,-0.3353103,-0.4232248,0.5585508,0.5775522,0.4187307,
1,42,124.943,0.4000517,0.05165673,-0.3353168,-0.4232325,0.5585153,0.5775918,0.4187157,
1,42,124.945,0.4000517,0.05165673,-0.3353168,-0.4232325,0.5585153,0.5775918,0.4187157,
1,42,124.947,0.4000517,0.05165673,-0.3353168,-0.4232325,0.5585153,0.5775918,0.4187157,
1,42,124.949,0.4000517,0.05165673,-0.3353168,-0.4232325,0.5585153,0.5775918,0.4187157,
1,42,124.951,0.4000634,0.05171113,-0.3352832,-0.4232904,0.5584776,0.5775999,0.4186962,
1,42,124.953,0.4000634,0.05171113,-0.3352832,-0.4232904,0.5584776,0.5775999,0.4186962,
1,42,124.955,0.4000634,0.05171113,-0.3352832,-0.4232904,0.5584776,0.5775999,0.4186962,
1,42,124.957,0.4000634,0.05171113,-0.3352832,-0.4232904,0.5584776,0.5775999,0.4186962,
1,42,124.959,0.4000223,0.05175535,-0.3353195,-0.4231638,0.5584383,0.5777124,0.4187214,
1,42,124.961,0.4000223,0.05175535,-0.3353195,-0.4231638,0.5584383,0.5777124,0.4187214,
1,42,124.963,0.4000223,0.05175535,-0.3353195,-0.4231638,0.5584383,0.5777124,0.4187214,
1,42,124.965,0.4000223,0.05175535,-0.3353195,-0.4231638,0.5584383,0.5777124,0.4187214,
1,42,124.967,0.4000223,0.05175535,-0.3353195,-0.4231638,0.5584383,0.5777124,0.4187214,
1,42,124.969,0.4000484,0.05166924,-0.3353295,-0.4232224,0.5585259,0.5776106,0.4186856,
1,42,124.971,0.4000484,0.05166924,-0.3353295,-0.4232224,0.5585259,0.5776106,0.4186856,
1,42,124.973,0.4000484,0.05166924,-0.3353295,-0.4232224,0.5585259,0.5776106,0.4186856,
1,42,124.975,0.4000484,0.05166924,-0.3353295,-0.4232224,0.5585259,0.5776106,0.4186856,
1,42,124.977,0.4000835,0.05168384,-0.335306,-0.423301,0.5585111,0.5775746,0.4186755,
1,42,124.979,0.4000835,0.05168384,-0.335306,-0.423301,0.5585111,0.5775746,0.4186755,
1,42,124.981,0.4000835,0.05168384,-0.335306,-0.423301,0.5585111,0.5775746,0.4186755,
1,42,124.983,0.4000835,0.05168384,-0.335306,-0.423301,0.5585111,0.5775746,0.4186755,
1,42,124.985,0.4000595,0.05166398,-0.3352921,-0.4233025,0.5585472,0.5775439,0.4186684,
1,42,124.987,0.4000595,0.05166398,-0.3352921,-0.4233025,0.5585472,0.5775439,0.4186684,
1,42,124.989,0.4000595,0.05166398,-0.3352921,-0.4233025,0.5585472,0.5775439,0.4186684,
1,42,124.991,0.4000595,0.05166398,-0.3352921,-0.4233025,0.5585472,0.5775439,0.4186684,
1,42,124.993,0.4000561,0.05161874,-0.3353012,-0.4232835,0.5586106,0.5775017,0.4186611,
1,42,124.995,0.4000561,0.05161874,-0.3353012,-0.4232835,0.5586106,0.5775017,0.4186611,
1,42,124.997,0.4000561,0.05161874,-0.3353012,-0.4232835,0.5586106,0.5775017,0.4186611,
1,42,124.999,0.4000561,0.05161874,-0.3353012,-0.4232835,0.5586106,0.5775017,0.4186611,
1,42,125.001,0.4000102,0.05166346,-0.3353506,-0.4232045,0.5585705,0.5775727,0.4186963,
1,42,125.003,0.4000102,0.05166346,-0.3353506,-0.4232045,0.5585705,0.5775727,0.4186963,
1,42,125.005,0.4000102,0.05166346,-0.3353506,-0.4232045,0.5585705,0.5775727,0.4186963,
1,42,125.007,0.4000102,0.05166346,-0.3353506,-0.4232045,0.5585705,0.5775727,0.4186963,
1,42,125.009,0.4000307,0.05161549,-0.3353273,-0.4231822,0.5585662,0.5775752,0.4187214,
1,42,125.011,0.4000307,0.05161549,-0.3353273,-0.4231822,0.5585662,0.5775752,0.4187214,
1,42,125.013,0.4000307,0.05161549,-0.3353273,-0.4231822,0.5585662,0.5775752,0.4187214,
1,42,125.015,0.4000307,0.05161549,-0.3353273,-0.4231822,0.5585662,0.5775752,0.4187214,
1,42,125.017,0.4000307,0.05161549,-0.3353273,-0.4231822,0.5585662,0.5775752,0.4187214,
1,42,125.019,0.4000479,0.05162881,-0.3353192,-0.4232216,0.558557,0.577575,0.4186941,
1,42,125.021,0.4000479,0.05162881,-0.3353192,-0.4232216,0.558557,0.577575,0.4186941,
1,42,125.023,0.4000479,0.05162881,-0.3353192,-0.4232216,0.558557,0.577575,0.4186941,
1,42,125.025,0.4000479,0.05162881,-0.3353192,-0.4232216,0.558557,0.577575,0.4186941,
1,42,125.027,0.4000687,0.05177657,-0.335288,-0.4233035,0.5584018,0.5776737,0.418682,
1,42,125.029,0.4000687,0.05177657,-0.335288,-0.4233035,0.5584018,0.5776737,0.418682,
1,42,125.031,0.4000687,0.05177657,-0.335288,-0.4233035,0.5584018,0.5776737,0.418682,
1,42,125.033,0.4000687,0.05177657,-0.335288,-0.4233035,0.5584018,0.5776737,0.418682,
1,42,125.035,0.4000741,0.05176614,-0.3352801,-0.423304,0.5584083,0.5776615,0.4186898,
1,42,125.037,0.4000741,0.05176614,-0.3352801,-0.423304,0.5584083,0.5776615,0.4186898,
1,42,125.039,0.4000741,0.05176614,-0.3352801,-0.423304,0.5584083,0.5776615,0.4186898,
1,42,125.041,0.4000741,0.05176614,-0.3352801,-0.423304,0.5584083,0.5776615,0.4186898,
1,42,125.043,0.4000696,0.05176636,-0.3353047,-0.4232831,0.5584254,0.5776594,0.4186909,
1,42,125.045,0.4000696,0.05176636,-0.3353047,-0.4232831,0.5584254,0.5776594,0.4186909,
1,42,125.047,0.4000696,0.05176636,-0.3353047,-0.4232831,0.5584254,0.5776594,0.4186909,
1,42,125.049,0.4000696,0.05176636,-0.3353047,-0.4232831,0.5584254,0.5776594,0.4186909,
1,42,125.051,0.400081,0.0517389,-0.335306,-0.4232745,0.558456,0.5776371,0.4186895,
1,42,125.053,0.400081,0.0517389,-0.335306,-0.4232745,0.558456,0.5776371,0.4186895,
1,42,125.055,0.400081,0.0517389,-0.335306,-0.4232745,0.558456,0.5776371,0.4186895,
1,42,125.057,0.400081,0.0517389,-0.335306,-0.4232745,0.558456,0.5776371,0.4186895,
1,42,125.059,0.4000747,0.05169474,-0.3352753,-0.4232851,0.558514,0.5775823,0.4186771,
1,42,125.061,0.4000747,0.05169474,-0.3352753,-0.4232851,0.558514,0.5775823,0.4186771,
1,42,125.063,0.4000747,0.05169474,-0.3352753,-0.4232851,0.558514,0.5775823,0.4186771,
1,42,125.065,0.4000747,0.05169474,-0.3352753,-0.4232851,0.558514,0.5775823,0.4186771,
1,42,125.067,0.4000747,0.05169474,-0.3352753,-0.4232851,0.558514,0.5775823,0.4186771,
1,42,125.069,0.4000733,0.05173896,-0.3352951,-0.4232962,0.5584817,0.5776151,0.4186635,
1,42,125.071,0.4000733,0.05173896,-0.3352951,-0.4232962,0.5584817,0.5776151,0.4186635,
1,42,125.073,0.4000733,0.05173896,-0.3352951,-0.4232962,0.5584817,0.5776151,0.4186635,
1,42,125.075,0.4000733,0.05173896,-0.3352951,-0.4232962,0.5584817,0.5776151,0.4186635,
1,42,125.077,0.4000893,0.05172689,-0.3352847,-0.4233047,0.5584763,0.5776089,0.4186712,
1,42,125.079,0.4000893,0.05172689,-0.3352847,-0.4233047,0.5584763,0.5776089,0.4186712,
1,42,125.081,0.4000893,0.05172689,-0.3352847,-0.4233047,0.5584763,0.5776089,0.4186712,
1,42,125.083,0.4000893,0.05172689,-0.3352847,-0.4233047,0.5584763,0.5776089,0.4186712,CourtEnter
1,42,125.085,0.4000617,0.05165257,-0.3352903,-0.4232715,0.5585496,0.5775536,0.4186832,
1,42,125.087,0.4000617,0.05165257,-0.3352903,-0.4232715,0.5585496,0.5775536,0.4186832,
1,42,125.089,0.4000617,0.05165257,-0.3352903,-0.4232715,0.5585496,0.5775536,0.4186832,
1,42,125.091,0.4000617,0.05165257,-0.3352903,-0.4232715,0.5585496,0.5775536,0.4186832,CourtExit
1,42,125.093,0.4000418,0.05154173,-0.3353043,-0.423249,0.5586734,0.5774531,0.4186793,
1,42,125.095,0.4000418,0.05154173,-0.3353043,-0.423249,0.5586734,0.5774531,0.4186793,
1,42,125.097,0.4000418,0.05154173,-0.3353043,-0.423249,0.5586734,0.5774531,0.4186793,
1,42,125.099,0.4000418,0.05154173,-0.3353043,-0.423249,0.5586734,0.5774531,0.4186793,
1,42,125.101,0.4000249,0.05145401,-0.3353108,-0.4232473,0.5587844,0.5773606,0.4186604,
1,42,125.103,0.4000249,0.05145401,-0.3353108,-0.4232473,0.5587844,0.5773606,0.4186604,
1,42,125.105,0.4000249,0.05145401,-0.3353108,-0.4232473,0.5587844,0.5773606,0.4186604,
1,42,125.107,0.4000249,0.05145401,-0.3353108,-0.4232473,0.5587844,0.5773606,0.4186604,
1,42,125.109,0.4000993,0.0517259,-0.33534,-0.4233288,0.5584993,0.5776231,0.4185964,
1,42,125.111,0.4000993,0.0517259,-0.33534,-0.4233288,0.5584993,0.5776231,0.4185964,
1,42,125.113,0.4000993,0.0517259,-0.33534,-0.4233288,0.5584993,0.5776231,0.4185964,
1,42,125.115,0.4000993,0.0517259,-0.33534,-0.4233288,0.5584993,0.5776231,0.4185964,
1,42,125.117,0.4000993,0.0517259,-0.33534,-0.4233288,0.5584993,0.5776231,0.4185964,
1,42,125.119,0.4001269,0.05168882,-0.3353118,-0.4233617,0.5585151,0.577592,0.4185847,
1,42,125.121,0.4001269,0.05168882,-0.3353118,-0.4233617,0.5585151,0.577592,0.4185847,
1,42,125.123,0.4001269,0.05168882,-0.3353118,-0.4233617,0.5585151,0.577592,0.4185847,
1,42,125.125,0.4001269,0.05168882,-0.3353118,-0.4233617,0.5585151,0.577592,0.4185847,
1,42,125.127,0.4001649,0.05176976,-0.3352722,-0.4234026,0.5584268,0.5776389,0.4185965,
1,42,125.129,0.4001649,0.05176976,-0.3352722,-0.4234026,0.5584268,0.5776389,0.4185965,
1,42,125.131,0.4001649,0.05176976,-0.3352722,-0.4234026,0.5584268,0.5776389,0.4185965,
1,42,125.133,0.4001649,0.05176976,-0.3352722,-0.4234026,0.5584268,0.5776389,0.4185965,
1,42,125.135,0.4001869,0.05191491,-0.3351263,-0.4235377,0.5583642,0.5776076,0.4185868,
1,42,125.137,0.4001869,0.05191491,-0.3351263,-0.4235377,0.5583642,0.5776076,0.4185868,
1,42,125.139,0.4001869,0.05191491,-0.3351263,-0.4235377,0.5583642,0.5776076,0.4185868,
1,42,125.141,0.4001869,0.05191491,-0.3351263,-0.4235377,0.5583642,0.5776076,0.4185868,
1,42,125.143,0.4001678,0.05186685,-0.3350698,-0.4235533,0.5584477,0.5775151,0.4185872,
1,42,125.145,0.4001678,0.05186685,-0.3350698,-0.4235533,0.5584477,0.5775151,0.4185872,
1,42,125.147,0.4001678,0.05186685,-0.3350698,-0.4235533,0.5584477,0.5775151,0.4185872,
1,42,125.149,0.4001678,0.05186685,-0.3350698,-0.4235533,0.5584477,0.5775151,0.4185872,
1,42,125.151,0.4001527,0.05184055,-0.3351095,-0.423536,0.5584859,0.5775239,0.4185413,
1,42,125.153,0.4001527,0.05184055,-0.3351095,-0.423536,0.5584859,0.5775239,0.4185413,
1,42,125.155,0.4001527,0.05184055,-0.3351095,-0.423536,0.5584859,0.5775239,0.4185413,
1,42,125.157,0.4001527,0.05184055,-0.3351095,-0.423536,0.5584859,0.5775239,0.4185413,
1,42,125.159,0.400112,0.05184793,-0.3351384,-0.4235013,0.558464,0.5775737,0.4185371,
1,42,125.161,0.400112,0.05184793,-0.3351384,-0.4235013,0.558464,0.5775737,0.4185371,
1,42,125.163,0.400112,0.05184793,-0.3351384,-0.4235013,0.558464,0.5775737,0.4185371,
1,42,125.165,0.400112,0.05184793,-0.3351384,-0.4235013,0.558464,0.5775737,0.4185371,
1,42,125.167,0.400112,0.05184793,-0.3351384,-0.4235013,0.558464,0.5775737,0.4185371,
1,42,125.169,0.4000825,0.05165691,-0.3352547,-0.4233872,0.5586208,0.5775077,0.4185345,
1,42,125.171,0.4000825,0.05165691,-0.3352547,-0.4233872,0.5586208,0.5775077,0.4185345,
1,42,125.173,0.4000825,0.05165691,-0.3352547,-0.4233872,0.5586208,0.5775077,0.4185345,
1,42,125.175,0.4000825,0.05165691,-0.3352547,-0.4233872,0.5586208,0.5775077,0.4185345,
1,42,125.177,0.4000607,0.05164737,-0.3353001,-0.4233522,0.5586259,0.5775259,0.418538,
1,42,125.179,0.4000607,0.05164737,-0.3353001,-0.4233522,0.5586259,0.5775259,0.418538,
1,42,125.181,0.4000607,0.05164737,-0.3353001,-0.4233522,0.5586259,0.5775259,0.418538,
1,42,125.183,0.4000607,0.05164737,-0.3353001,-0.4233522,0.5586259,0.5775259,0.418538,
1,42,125.185,0.4000639,0.05169788,-0.3353299,-0.423347,0.5585862,0.5775794,0.4185222,
1,42,125.187,0.4000639,0.05169788,-0.3353299,-0.423347,0.5585862,0.5775794,0.4185222,
1,42,125.189,0.4000639,0.05169788,-0.3353299,-0.423347,0.5585862,0.5775794,0.4185222,
1,42,125.191,0.4000639,0.05169788,-0.3353299,-0.423347,0.5585862,0.5775794,0.4185222,
1,42,125.193,0.4000237,0.05156598,-0.3353327,-0.4233107,0.5587518,0.577454,0.4185109,
1,42,125.195,0.4000237,0.05156598,-0.3353327,-0.4233107,0.5587518,0.577454,0.4185109,
1,42,125.197,0.4000237,0.05156598,-0.3353327,-0.4233107,0.5587518,0.577454,0.4185109,
1,42,125.199,0.4000237,0.05156598,-0.3353327,-0.4233107,0.5587518,0.577454,0.4185109,
1,42,125.201,0.4000365,0.05154834,-0.3353357,-0.4232924,0.5587427,0.5774567,0.4185379,
1,42,125.203,0.4000365,0.05154834,-0.3353357,-0.4232924,0.5587427,0.5774567,0.4185379,
1,42,125.205,0.4000365,0.05154834,-0.3353357,-0.4232924,0.5587427,0.5774567,0.4185379,
1,42,125.207,0.4000365,0.05154834,-0.3353357,-0.4232924,0.5587427,0.5774567,0.4185379,
1,42,125.209,0.4000452,0.0516248,-0.3353494,-0.423317,0.5586753,0.5775238,0.4185104,
1,42,125.211,0.4000452,0.0516248,-0.3353494,-0.423317,0.5586753,0.5775238,0.4185104,
1,42,125.213,0.4000452,0.0516248,-0.3353494,-0.423317,0.5586753,0.5775238,0.4185104,
1,42,125.215,0.4000452,0.0516248,-0.3353494,-0.423317,0.5586753,0.5775238,0.4185104,
1,42,125.217,0.4000452,0.0516248,-0.3353494,-0.423317,0.5586753,0.5775238,0.4185104,
1,42,125.219,0.400083,0.05168137,-0.3353576,-0.4233388,0.558611,0.5775642,0.4185183,
1,42,125.221,0.400083,0.05168137,-0.3353576,-0.4233388,0.558611,0.5775642,0.4185183,
1,42,125.223,0.400083,0.05168137,-0.3353576,-0.4233388,0.558611,0.5775642,0.4185183,
1,42,125.225,0.400083,0.05168137,-0.3353576,-0.4233388,0.558611,0.5775642,0.4185183,
1,42,125.227,0.4000891,0.05177498,-0.3353381,-0.4233662,0.5585218,0.5776385,0.4185072,
1,42,125.229,0.4000891,0.05177498,-0.3353381,-0.4233662,0.5585218,0.5776385,0.4185072,
1,42,125.231,0.4000891,0.05177498,-0.3353381,-0.4233662,0.5585218,0.5776385,0.4185072,
1,42,125.233,0.4000891,0.05177498,-0.3353381,-0.4233662,0.5585218,0.5776385,0.4185072,
1,42,125.235,0.4001104,0.05182821,-0.3353385,-0.423405,0.5584638,0.5776687,0.4185037,
1,42,125.237,0.4001104,0.05182821,-0.3353385,-0.423405,0.5584638,0.5776687,0.4185037,
1,42,125.239,0.4001104,0.05182821,-0.3353385,-0.423405,0.5584638,0.5776687,0.4185037,
1,42,125.241,0.4001104,0.05182821,-0.3353385,-0.423405,0.5584638,0.5776687,0.4185037,
1,42,125.243,0.4000581,0.05170373,-0.3353189,-0.4233585,0.5586079,0.5775638,0.4185032,
1,42,125.245,0.4000581,0.05170373,-0.3353189,-0.4233585,0.5586079,0.5775638,0.4185032,
1,42,125.247,0.4000581,0.05170373,-0.3353189,-0.4233585,0.5586079,0.5775638,0.4185032,
1,42,125.249,0.4000581,0.05170373,-0.3353189,-0.4233585,0.5586079,0.5775638,0.4185032,
1,42,125.251,0.4000559,0.05166006,-0.3353443,-0.4233323,0.5586655,0.5775321,0.4184967,
1,42,125.253,0.4000559,0.05166006,-0.3353443,-0.4233323,0.5586655,0.5775321,0.4184967,
1,42,125.255,0.4000559,0.05166006,-0.3353443,-0.4233323,0.5586655,0.5775321,0.4184967,
1,42,125.257,0.4000559,0.05166006,-0.3353443,-0.4233323,0.5586655,0.5775321,0.4184967,
1,42,125.259,0.4000612,0.0516528,-0.3353373,-0.4233348,0.5586442,0.57754,0.4185116,
1,42,125.261,0.4000612,0.0516528,-0.3353373,-0.4233348,0.5586442,0.57754,0.4185116,
1,42,125.263,0.4000612,0.0516528,-0.3353373,-0.4233348,0.5586442,0.57754,0.4185116,
1,42,125.265,0.4000612,0.0516528,-0.3353373,-0.4233348,0.5586442,0.57754,0.4185116,
1,42,125.267,0.4000612,0.0516528,-0.3353373,-0.4233348,0.5586442,0.57754,0.4185116,
1,42,125.269,0.4000368,0.05173481,-0.3354059,-0.4233363,0.5586193,0.5775816,0.4184859,
1,42,125.271,0.4000368,0.05173481,-0.3354059,-0.4233363,0.5586193,0.5775816,0.4184859,
1,42,125.273,0.4000368,0.05173481,-0.3354059,-0.4233363,0.5586193,0.5775816,0.4184859,
1,42,125.275,0.4000368,0.05173481,-0.3354059,-0.4233363,0.5586193,0.5775816,0.4184859,
1,42,125.277,0.4000453,0.0517154,-0.3353555,-0.4233432,0.5585953,0.5775703,0.4185264,
1,42,125.279,0.4000453,0.0517154,-0.3353555,-0.4233432,0.5585953,0.5775703,0.4185264,
1,42,125.281,0.4000453,0.0517154,-0.3353555,-0.4233432,0.5585953,0.5775703,0.4185264,
1,42,125.283,0.4000453,0.0517154,-0.3353555,-0.4233432,0.5585953,0.5775703,0.4185264,
1,42,125.285,0.400073,0.05166153,-0.3353003,-0.4233457,0.5586266,0.5775343,0.4185318,
1,42,125.287,0.400073,0.05166153,-0.3353003,-0.4233457,0.5586266,0.5775343,0.4185318,
1,42,125.289,0.400073,0.05166153,-0.3353003,-0.4233457,0.5586266,0.5775343,0.4185318,
1,42,125.291,0.400073,0.05166153,-0.3353003,-0.4233457,0.5586266,0.5775343,0.4185318,
1,42,125.293,0.4000202,0.0515526,-0.3353691,-0.4232741,0.5587406,0.5774827,0.4185233,
1,42,125.295,0.4000202,0.0515526,-0.3353691,-0.4232741,0.5587406,0.5774827,0.4185233,
1,42,125.297,0.4000202,0.0515526,-0.3353691,-0.4232741,0.5587406,0.5774827,0.4185233,
1,42,125.299,0.4000202,0.0515526,-0.3353691,-0.4232741,0.5587406,0.5774827,0.4185233,
1,42,125.301,0.4000368,0.05155654,-0.3353742,-0.423272,0.5587052,0.5775037,0.4185436,
1,42,125.303,0.4000368,0.05155654,-0.3353742,-0.423272,0.5587052,0.5775037,0.4185436,
1,42,125.305,0.4000368,0.05155654,-0.3353742,-0.423272,0.5587052,0.5775037,0.4185436,
1,42,125.307,0.4000368,0.05155654,-0.3353742,-0.423272,0.5587052,0.5775037,0.4185436,
1,42,125.309,0.4000584,0.05160956,-0.3353931,-0.4233019,0.5586714,0.5775365,0.4185134,
1,42,125.311,0.4000584,0.05160956,-0.3353931,-0.4233019,0.5586714,0.5775365,0.4185134,
1,42,125.313,0.4000584,0.05160956,-0.3353931,-0.4233019,0.5586714,0.5775365,0.4185134,
1,42,125.315,0.4000584,0.05160956,-0.3353931,-0.4233019,0.5586714,0.5775365,0.4185134,
1,42,125.317,0.4000584,0.05160956,-0.3353931,-0.4233019,0.5586714,0.5775365,0.4185134,
1,42,125.319,0.400073,0.05171803,-0.3353439,-0.4233556,0.5585928,0.5775828,0.4185,
1,42,125.321,0.400073,0.05171803,-0.3353439,-0.4233556,0.5585928,0.5775828,0.4185,
1,42,125.323,0.400073,0.05171803,-0.3353439,-0.4233556,0.5585928,0.5775828,0.4185,
1,42,125.325,0.400073,0.05171803,-0.3353439,-0.4233556,0.5585928,0.5775828,0.4185,
1,42,125.327,0.4000082,0.05169552,-0.3353771,-0.4233046,0.5586483,0.5775721,0.4184923,
1,42,125.329,0.4000082,0.05169552,-0.3353771,-0.4233046,0.5586483,0.5775721,0.4184923,
1,42,125.331,0.4000082,0.05169552,-0.3353771,-0.4233046,0.5586483,0.5775721,0.4184923,
1,42,125.333,0.4000082,0.05169552,-0.3353771,-0.4233046,0.5586483,0.5775721,0.4184923,
1,42,125.335,0.4000048,0.0516894,-0.3354083,-0.4232804,0.5586859,0.5775703,0.4184692,
1,42,125.337,0.4000048,0.0516894,-0.3354083,-0.4232804,0.5586859,0.5775703,0.4184692,
1,42,125.339,0.4000048,0.0516894,-0.3354083,-0.4232804,0.5586859,0.5775703,0.4184692,
1,42,125.341,0.4000048,0.0516894,-0.3354083,-0.4232804,0.5586859,0.5775703,0.4184692,
1,42,125.343,0.4000086,0.05171203,-0.3354606,-0.4232486,0.5586832,0.57761,0.4184501,
1,42,125.345,0.4000086,0.05171203,-0.3354606,-0.4232486,0.5586832,0.57761,0.4184501,
1,42,125.347,0.4000086,0.05171203,-0.3354606,-0.4232486,0.5586832,0.57761,0.4184501,
1,42,125.349,0.4000086,0.05171203,-0.3354606,-0.4232486,0.5586832,0.57761,0.4184501,
1,42,125.351,0.3999999,0.05171795,-0.3354666,-0.4232618,0.5586728,0.577611,0.418449,
1,42,125.353,0.3999999,0.05171795,-0.3354666,-0.4232618,0.5586728,0.577611,0.418449,
1,42,125.355,0.3999999,0.05171795,-0.3354666,-0.4232618,0.5586728,0.577611,0.418449,
1,42,125.357,0.3999999,0.05171795,-0.3354666,-0.4232618,0.5586728,0.577611,0.418449,
1,42,125.359,0.4000304,0.05180757,-0.3354585,-0.4232894,0.558571,0.5776829,0.418458,
1,42,125.361,0.4000304,0.05180757,-0.3354585,-0.4232894,0.558571,0.5776829,0.418458,
1,42,125.363,0.4000304,0.05180757,-0.3354585,-0.4232894,0.558571,0.5776829,0.418458,
1,42,125.365,0.4000304,0.05180757,-0.3354585,-0.4232894,0.558571,0.5776829,0.418458,
1,42,125.367,0.4000304,0.05180757,-0.3354585,-0.4232894,0.558571,0.5776829,0.418458,
1,42,125.369,0.4000496,0.051878,-0.3354479,-0.4233322,0.5585164,0.577718,0.4184391,
1,42,125.371,0.4000496,0.051878,-0.3354479,-0.4233322,0.5585164,0.577718,0.4184391,
1,42,125.373,0.4000496,0.051878,-0.3354479,-0.4233322,0.5585164,0.577718,0.4184391,
1,42,125.375,0.4000496,0.051878,-0.3354479,-0.4233322,0.5585164,0.577718,0.4184391,
1,42,125.377,0.4000313,0.0517761,-0.3354399,-0.423297,0.5586111,0.5776377,0.4184591,
1,42,125.379,0.4000313,0.0517761,-0.3354399,-0.423297,0.5586111,0.5776377,0.4184591,
1,42,125.381,0.4000313,0.0517761,-0.3354399,-0.423297,0.5586111,0.5776377,0.4184591,
1,42,125.383,0.4000313,0.0517761,-0.3354399,-0.423297,0.5586111,0.5776377,0.4184591,
1,42,125.385,0.4000497,0.05182109,-0.3354186,-0.4233184,0.5585456,0.5776795,0.4184672,
1,42,125.387,0.4000497,0.05182109,-0.3354186,-0.4233184,0.5585456,0.5776795,0.4184672,
1,42,125.389,0.4000497,0.05182109,-0.3354186,-0.4233184,0.5585456,0.5776795,0.4184672,
1,42,125.391,0.4000497,0.05182109,-0.3354186,-0.4233184,0.5585456,0.5776795,0.4184672,
1,42,125.393,0.4000412,0.05189385,-0.3354486,-0.4232784,0.5584676,0.577762,0.4184978,
1,42,125.395,0.4000412,0.05189385,-0.3354486,-0.4232784,0.5584676,0.577762,0.4184978,
1,42,125.397,0.4000412,0.05189385,-0.3354486,-0.4232784,0.5584676,0.577762,0.4184978,
1,42,125.399,0.4000412,0.05189385,-0.3354486,-0.4232784,0.5584676,0.577762,0.4184978,
1,42,125.401,0.4000291,0.05183353,-0.3354566,-0.4232318,0.5585357,0.5777199,0.4185123,
1,42,125.403,0.4000291,0.05183353,-0.3354566,-0.4232318,0.5585357,0.5777199,0.4185123,
1,42,125.405,0.4000291,0.05183353,-0.3354566,-0.4232318,0.5585357,0.5777199,0.4185123,
1,42,125.407,0.4000291,0.05183353,-0.3354566,-0.4232318,0.5585357,0.5777199,0.4185123,
1,42,125.409,0.4000491,0.05187225,-0.3353937,-0.4232633,0.5584551,0.5777413,0.4185584,
1,42,125.411,0.4000491,0.05187225,-0.3353937,-0.4232633,0.5584551,0.5777413,0.4185584,
1,42,125.413,0.4000491,0.05187225,-0.3353937,-0.4232633,0.5584551,0.5777413,0.4185584,
1,42,125.415,0.4000491,0.05187225,-0.3353937,-0.4232633,0.5584551,0.5777413,0.4185584,
1,42,125.417,0.4000491,0.05187225,-0.3353937,-0.4232633,0.5584551,0.5777413,0.4185584,
1,42,125.419,0.4000773,0.05191427,-0.3353856,-0.4232965,0.558404,0.5777647,0.4185607,
1,42,125.421,0.4000773,0.05191427,-0.3353856,-0.4232965,0.558404,0.5777647,0.4185607,
1,42,125.423,0.4000773,0.05191427,-0.3353856,-0.4232965,0.558404,0.5777647,0.4185607,
1,42,125.425,0.4000773,0.05191427,-0.3353856,-0.4232965,0.558404,0.5777647,0.4185607,
1,42,125.427,0.4001187,0.05207068,-0.3354159,-0.4233619,0.5582961,0.5778809,0.418478,
1,42,125.429,0.4001187,0.05207068,-0.3354159,-0.4233619,0.5582961,0.5778809,0.418478,
1,42,125.431,0.4001187,0.05207068,-0.3354159,-0.4233619,0.5582961,0.5778809,0.418478,
1,42,125.433,0.4001187,0.05207068,-0.3354159,-0.4233619,0.5582961,0.5778809,0.418478,
1,42,125.435,0.4001203,0.05215858,-0.3354054,-0.4233814,0.5582024,0.5779565,0.4184789,
1,42,125.437,0.4001203,0.05215858,-0.3354054,-0.4233814,0.5582024,0.5779565,0.4184789,
1,42,125.439,0.4001203,0.05215858,-0.3354054,-0.4233814,0.5582024,0.5779565,0.4184789,
1,42,125.441,0.4001203,0.05215858,-0.3354054,-0.4233814,0.5582024,0.5779565,0.4184789,
1,42,125.443,0.4001172,0.05214484,-0.3354104,-0.423381,0.5582291,0.5779381,0.4184691,
1,42,125.445,0.4001172,0.05214484,-0.3354104,-0.423381,0.5582291,0.5779381,0.4184691,
1,42,125.447,0.4001172,0.05214484,-0.3354104,-0.423381,0.5582291,0.5779381,0.4184691,
1,42,125.449,0.4001172,0.05214484,-0.3354104,-0.423381,0.5582291,0.5779381,0.4184691,
1,42,125.451,0.4000699,0.05196166,-0.3354223,-0.4233174,0.5584274,0.5777946,0.418467,
1,42,125.453,0.4000699,0.05196166,-0.3354223,-0.4233174,0.5584274,0.5777946,0.418467,
1,42,125.455,0.4000699,0.05196166,-0.3354223,-0.4233174,0.5584274,0.5777946,0.418467,
1,42,125.457,0.4000699,0.05196166,-0.3354223,-0.4233174,0.5584274,0.5777946,0.418467,
1,42,125.459,0.4000981,0.05199068,-0.3354429,-0.4233378,0.5583969,0.5778176,0.4184552,
1,42,125.461,0.4000981,0.05199068,-0.3354429,-0.4233378,0.5583969,0.5778176,0.4184552,
1,42,125.463,0.4000981,0.05199068,-0.3354429,-0.4233378,0.5583969,0.5778176,0.4184552,
1,42,125.465,0.4000981,0.05199068,-0.3354429,-0.4233378,0.5583969,0.5778176,0.4184552,
1,42,125.467,0.4000981,0.05199068,-0.3354429,-0.4233378,0.5583969,0.5778176,0.4184552,
1,42,125.469,0.4000832,0.05198688,-0.3354222,-0.42334,0.558391,0.5778091,0.4184727,
1,42,125.471,0.4000832,0.05198688,-0.3354222,-0.42334,0.558391,0.5778091,0.4184727,
1,42,125.473,0.4000832,0.05198688,-0.3354222,-0.42334,0.558391,0.5778091,0.4184727,
1,42,125.475,0.4000832,0.05198688,-0.3354222,-0.42334,0.558391,0.5778091,0.4184727,
1,42,125.477,0.4000932,0.05205201,-0.3354048,-0.4233641,0.5583057,0.5778723,0.4184748,
1,42,125.479,0.4000932,0.05205201,-0.3354048,-0.4233641,0.5583057,0.5778723,0.4184748,
1,42,125.481,0.4000932,0.05205201,-0.3354048,-0.4233641,0.5583057,0.5778723,0.4184748,
1,42,125.483,0.4000932,0.05205201,-0.3354048,-0.4233641,0.5583057,0.5778723,0.4184748,
1,42,125.485,0.4001018,0.05201922,-0.3354074,-0.423344,0.5583522,0.5778458,0.4184698,
1,42,125.487,0.4001018,0.05201922,-0.3354074,-0.423344,0.5583522,0.5778458,0.4184698,
1,42,125.489,0.4001018,0.05201922,-0.3354074,-0.423344,0.5583522,0.5778458,0.4184698,
1,42,125.491,0.4001018,0.05201922,-0.3354074,-0.423344,0.5583522,0.5778458,0.4184698,
1,42,125.493,0.4001118,0.05203984,-0.3353804,-0.4233859,0.5583342,0.5778279,0.4184762,
1,42,125.495,0.4001118,0.05203984,-0.3353804,-0.4233859,0.5583342,0.5778279,0.4184762,
1,42,125.497,0.4001118,0.05203984,-0.3353804,-0.4233859,0.5583342,0.5778279,0.4184762,
1,42,125.499,0.4001118,0.05203984,-0.3353804,-0.4233859,0.5583342,0.5778279,0.4184762,
1,42,125.501,0.4001267,0.05212459,-0.33538,-0.4234099,0.5582435,0.5778996,0.4184738,
1,42,125.503,0.4001267,0.05212459,-0.33538,-0.4234099,0.5582435,0.5778996,0.4184738,
1,42,125.505,0.4001267,0.05212459,-0.33538,-0.4234099,0.5582435,0.5778996,0.4184738,
1,42,125.507,0.4001267,0.05212459,-0.33538,-0.4234099,0.5582435,0.5778996,0.4184738,
1,42,125.509,0.4000934,0.05204387,-0.3353966,-0.4233627,0.5583431,0.5778471,0.4184613,
1,42,125.511,0.4000934,0.05204387,-0.3353966,-0.4233627,0.5583431,0.5778471,0.4184613,
1,42,125.513,0.4000934,0.05204387,-0.3353966,-0.4233627,0.5583431,0.5778471,0.4184613,
1,42,125.515,0.4000934,0.05204387,-0.3353966,-0.4233627,0.5583431,0.5778471,0.4184613,
1,42,125.517,0.4000934,0.05204387,-0.3353966,-0.4233627,0.5583431,0.5778471,0.4184613,
1,42,125.519,0.4001113,0.05208803,-0.3354291,-0.4233636,0.5582919,0.5778984,0.4184579,
1,42,125.521,0.4001113,0.05208803,-0.3354291,-0.4233636,0.5582919,0.5778984,0.4184579,
1,42,125.523,0.4001113,0.05208803,-0.3354291,-0.4233636,0.5582919,0.5778984,0.4184579,
1,42,125.525,0.4001113,0.05208803,-0.3354291,-0.4233636,0.5582919,0.5778984,0.4184579,
1,42,125.527,0.4001016,0.05200908,-0.3354114,-0.4233358,0.5583655,0.5778366,0.418473,
1,42,125.529,0.4001016,0.05200908,-0.3354114,-0.4233358,0.5583655,0.5778366,0.418473,
1,42,125.531,0.4001016,0.05200908,-0.3354114,-0.4233358,0.5583655,0.5778366,0.418473,
1,42,125.533,0.4001016,0.05200908,-0.3354114,-0.4233358,0.5583655,0.5778366,0.418473,
1,42,125.535,0.400105,0.0520095,-0.335403,-0.423337,0.5583838,0.5778117,0.4184819,
1,42,125.537,0.400105,0.0520095,-0.335403,-0.423337,0.5583838,0.5778117,0.4184819,
1,42,125.539,0.400105,0.0520095,-0.335403,-0.423337,0.5583838,0.5778117,0.4184819,
1,42,125.541,0.400105,0.0520095,-0.335403,-0.423337,0.5583838,0.5778117,0.4184819,
1,42,125.543,0.4001057,0.052053,-0.3354003,-0.4233742,0.5583197,0.5778559,0.4184685,
1,42,125.545,0.4001057,0.052053,-0.3354003,-0.4233742,0.5583197,0.5778559,0.4184685,
1,42,125.547,0.4001057,0.052053,-0.3354003,-0.4233742,0.5583197,0.5778559,0.4184685,
1,42,125.549,0.4001057,0.052053,-0.3354003,-0.4233742,0.5583197,0.5778559,0.4184685,
1,42,125.551,0.4000968,0.05204176,-0.3354163,-0.4233448,0.5583276,0.5778694,0.4184692,
1,42,125.553,0.4000968,0.05204176,-0.3354163,-0.4233448,0.5583276,0.5778694,0.4184692,
1,42,125.555,0.4000968,0.05204176,-0.3354163,-0.4233448,0.5583276,0.5778694,0.4184692,
1,42,125.557,0.4000968,0.05204176,-0.3354163,-0.4233448,0.5583276,0.5778694,0.4184692,
1,42,125.559,0.4001189,0.05209886,-0.3353993,-0.4233768,0.5582716,0.5779037,0.4184642,
1,42,125.561,0.4001189,0.05209886,-0.3353993,-0.4233768,0.5582716,0.5779037,0.4184642,
1,42,125.563,0.4001189,0.05209886,-0.3353993,-0.4233768,0.5582716,0.5779037,0.4184642,
1,42,125.565,0.4001189,0.05209886,-0.3353993,-0.4233768,0.5582716,0.5779037,0.4184642,
1,42,125.567,0.4001189,0.05209886,-0.3353993,-0.4233768,0.5582716,0.5779037,0.4184642,
1,42,125.569,0.4001187,0.05207623,-0.3354144,-0.4233813,0.558322,0.5778652,0.4184456,
1,42,125.571,0.4001187,0.05207623,-0.3354144,-0.4233813,0.558322,0.5778652,0.4184456,
1,42,125.573,0.4001187,0.05207623,-0.3354144,-0.4233813,0.558322,0.5778652,0.4184456,
1,42,125.575,0.4001187,0.05207623,-0.3354144,-0.4233813,0.558322,0.5778652,0.4184456,
1,42,125.577,0.4001037,0.05209587,-0.3354021,-0.4233826,0.5582886,0.5778841,0.4184627,
1,42,125.579,0.4001037,0.05209587,-0.3354021,-0.4233826,0.5582886,0.5778841,0.4184627,
1,42,125.581,0.4001037,0.05209587,-0.3354021,-0.4233826,0.5582886,0.5778841,0.4184627,
1,42,125.583,0.4001037,0.05209587,-0.3354021,-0.4233826,0.5582886,0.5778841,0.4184627,
1,42,125.585,0.400094,0.05204625,-0.3353797,-0.4233805,0.5583522,0.5778321,0.4184517,
1,42,125.587,0.400094,0.05204625,-0.3353797,-0.4233805,0.5583522,0.5778321,0.4184517,
1,42,125.589,0.400094,0.05204625,-0.3353797,-0.4233805,0.5583522,0.5778321,0.4184517,
1,42,125.591,0.400094,0.05204625,-0.3353797,-0.4233805,0.5583522,0.5778321,0.4184517,
1,42,125.593,0.4000968,0.05195612,-0.33528,-0.4233916,0.5584059,0.5777373,0.4184999,
1,42,125.595,0.4000968,0.05195612,-0.33528,-0.4233916,0.5584059,0.5777373,0.4184999,
1,42,125.597,0.4000968,0.05195612,-0.33528,-0.4233916,0.5584059,0.5777373,0.4184999,
1,42,125.599,0.4000968,0.05195612,-0.33528,-0.4233916,0.5584059,0.5777373,0.4184999,
1,42,125.601,0.400127,0.05225974,-0.3350909,-0.4236189,0.5581491,0.5778303,0.4184838,
1,42,125.603,0.400127,0.05225974,-0.3350909,-0.4236189,0.5581491,0.5778303,0.4184838,
1,42,125.605,0.400127,0.05225974,-0.3350909,-0.4236189,0.5581491,0.5778303,0.4184838,
1,42,125.607,0.400127,0.05225974,-0.3350909,-0.4236189,0.5581491,0.5778303,0.4184838,
1,42,125.609,0.4000744,0.05195611,-0.3349217,-0.4238063,0.5585936,0.5773336,0.4183866,
1,42,125.611,0.4000744,0.05195611,-0.3349217,-0.4238063,0.5585936,0.5773336,0.4183866,
1,42,125.613,0.4000744,0.05195611,-0.3349217,-0.4238063,0.5585936,0.5773336,0.4183866,
1,42,125.615,0.4000744,0.05195611,-0.3349217,-0.4238063,0.5585936,0.5773336,0.4183866,
1,42,125.617,0.4000744,0.05195611,-0.3349217,-0.4238063,0.5585936,0.5773336,0.4183866,
1,42,125.619,0.4000598,0.05189748,-0.334913,-0.4238289,0.5586935,0.5772383,0.4183617,
1,42,125.621,0.4000598,0.05189748,-0.334913,-0.4238289,0.5586935,0.5772383,0.4183617,
1,42,125.623,0.4000598,0.05189748,-0.334913,-0.4238289,0.5586935,0.5772383,0.4183617,
1,42,125.625,0.4000598,0.05189748,-0.334913,-0.4238289,0.5586935,0.5772383,0.4183617,
1,42,125.627,0.4000885,0.05190784,-0.3349696,-0.4238618,0.5586632,0.5772634,0.4183345,
1,42,125.629,0.4000885,0.05190784,-0.3349696,-0.4238618,0.5586632,0.5772634,0.4183345,
1,42,125.631,0.4000885,0.05190784,-0.3349696,-0.4238618,0.5586632,0.5772634,0.4183345,
1,42,125.633,0.4000885,0.05190784,-0.3349696,-0.4238618,0.5586632,0.5772634,0.4183345,
1,42,125.635,0.4000943,0.05192605,-0.3349892,-0.4238744,0.558664,0.5772687,0.4183131,
1,42,125.637,0.4000943,0.05192605,-0.3349892,-0.4238744,0.558664,0.5772687,0.4183131,
1,42,125.639,0.4000943,0.05192605,-0.3349892,-0.4238744,0.558664,0.5772687,0.4183131,
1,42,125.641,0.4000943,0.05192605,-0.3349892,-0.4238744,0.558664,0.5772687,0.4183131,
1,42,125.643,0.4001126,0.05202969,-0.3349831,-0.4238601,0.5585282,0.5773919,0.418339,
1,42,125.645,0.4001126,0.05202969,-0.3349831,-0.4238601,0.5585282,0.5773919,0.418339,
1,42,125.647,0.4001126,0.05202969,-0.3349831,-0.4238601,0.5585282,0.5773919,0.418339,
1,42,125.649,0.4001126,0.05202969,-0.3349831,-0.4238601,0.5585282,0.5773919,0.418339,
1,42,125.651,0.4000927,0.05197637,-0.3350003,-0.4238479,0.5586036,0.5773471,0.4183123,
1,42,125.653,0.4000927,0.05197637,-0.3350003,-0.4238479,0.5586036,0.5773471,0.4183123,
1,42,125.655,0.4000927,0.05197637,-0.3350003,-0.4238479,0.5586036,0.5773471,0.4183123,
1,42,125.657,0.4000927,0.05197637,-0.3350003,-0.4238479,0.5586036,0.5773471,0.4183123,
1,42,125.659,0.4001305,0.05211314,-0.3349929,-0.4238816,0.5584443,0.5774584,0.4183373,
1,42,125.661,0.4001305,0.05211314,-0.3349929,-0.4238816,0.5584443,0.5774584,0.4183373,
1,42,125.663,0.4001305,0.05211314,-0.3349929,-0.4238816,0.5584443,0.5774584,0.4183373,
1,42,125.665,0.4001305,0.05211314,-0.3349929,-0.4238816,0.5584443,0.5774584,0.4183373,
1,42,125.667,0.4001305,0.05211314,-0.3349929,-0.4238816,0.5584443,0.5774584,0.4183373,
1,42,125.669,0.400102,0.05207335,-0.3349886,-0.4238625,0.5584988,0.5774227,0.4183333,
1,42,125.671,0.400102,0.05207335,-0.3349886,-0.4238625,0.5584988,0.5774227,0.4183333,
1,42,125.673,0.400102,0.05207335,-0.3349886,-0.4238625,0.5584988,0.5774227,0.4183333,
1,42,125.675,0.400102,0.05207335,-0.3349886,-0.4238625,0.5584988,0.5774227,0.4183333,
1,42,125.677,0.4001088,0.05200255,-0.3350256,-0.4238466,0.5585651,0.5773801,0.4183197,
1,42,125.679,0.4001088,0.05200255,-0.3350256,-0.4238466,0.5585651,0.5773801,0.4183197,
1,42,125.681,0.4001088,0.05200255,-0.3350256,-0.4238466,0.5585651,0.5773801,0.4183197,
1,42,125.683,0.4001088,0.05200255,-0.3350256,-0.4238466,0.5585651,0.5773801,0.4183197,
1,42,125.685,0.4001131,0.05199528,-0.3350427,-0.4238368,0.5585709,0.5773808,0.4183208,
1,42,125.687,0.4001131,0.05199528,-0.3350427,-0.4238368,0.5585709,0.5773808,0.4183208,
1,42,125.689,0.4001131,0.05199528,-0.3350427,-0.4238368,0.5585709,0.5773808,0.4183208,
1,42,125.691,0.4001131,0.05199528,-0.3350427,-0.4238368,0.5585709,0.5773808,0.4183208,
1,42,125.693,0.4001245,0.0520878,-0.3350399,-0.4238485,0.5584635,0.5774724,0.4183261,
1,42,125.695,0.4001245,0.0520878,-0.3350399,-0.4238485,0.5584635,0.5774724,0.4183261,
1,42,125.697,0.4001245,0.0520878,-0.3350399,-0.4238485,0.5584635,0.5774724,0.4183261,
1,42,125.699,0.4001245,0.0520878,-0.3350399,-0.4238485,0.5584635,0.5774724,0.4183261,
1,42,125.701,0.4001261,0.05214303,-0.335052,-0.4238701,0.55843,0.5775034,0.4183061,
1,42,125.703,0.4001261,0.05214303,-0.335052,-0.4238701,0.55843,0.5775034,0.4183061,
1,42,125.705,0.4001261,0.05214303,-0.335052,-0.4238701,0.55843,0.5775034,0.4183061,
1,42,125.707,0.4001261,0.05214303,-0.335052,-0.4238701,0.55843,0.5775034,0.4183061,
1,42,125.709,0.4001148,0.05220041,-0.3350601,-0.4238737,0.5583776,0.5775508,0.4183071,
1,42,125.711,0.4001148,0.05220041,-0.3350601,-0.4238737,0.5583776,0.5775508,0.4183071,
1,42,125.713,0.4001148,0.05220041,-0.3350601,-0.4238737,0.5583776,0.5775508,0.4183071,
1,42,125.715,0.4001148,0.05220041,-0.3350601,-0.4238737,0.5583776,0.5775508,0.4183071,
1,42,125.717,0.4001148,0.05220041,-0.3350601,-0.4238737,0.5583776,0.5775508,0.4183071,
1,42,125.719,0.4001254,0.05223955,-0.3350239,-0.4238904,0.5583464,0.5775676,0.4183086,
1,42,125.721,0.4001254,0.05223955,-0.3350239,-0.4238904,0.5583464,0.5775676,0.4183086,
1,42,125.723,0.4001254,0.05223955,-0.3350239,-0.4238904,0.5583464,0.5775676,0.4183086,
1,42,125.725,0.4001254,0.05223955,-0.3350239,-0.4238904,0.5583464,0.5775676,0.4183086,
1,42,125.727,0.4001264,0.05222014,-0.3350244,-0.4238873,0.5583549,0.5775558,0.4183164,
1,42,125.729,0.4001264,0.05222014,-0.3350244,-0.4238873,0.5583549,0.5775558,0.4183164,
1,42,125.731,0.4001264,0.05222014,-0.3350244,-0.4238873,0.5583549,0.5775558,0.4183164,
1,42,125.733,0.4001264,0.05222014,-0.3350244,-0.4238873,0.5583549,0.5775558,0.4183164,
1,42,125.735,0.400117,0.05220977,-0.3350197,-0.4239057,0.5583853,0.5775235,0.4183018,
1,42,125.737,0.400117,0.05220977,-0.3350197,-0.4239057,0.5583853,0.5775235,0.4183018,
1,42,125.739,0.400117,0.05220977,-0.3350197,-0.4239057,0.5583853,0.5775235,0.4183018,
1,42,125.741,0.400117,0.05220977,-0.3350197,-0.4239057,0.5583853,0.5775235,0.4183018,
1,42,125.743,0.4001162,0.05212316,-0.3350278,-0.4238853,0.5584781,0.5774534,0.4182954,
1,42,125.745,0.4001162,0.05212316,-0.3350278,-0.4238853,0.5584781,0.5774534,0.4182954,
1,42,125.747,0.4001162,0.05212316,-0.3350278,-0.4238853,0.5584781,0.5774534,0.4182954,
1,42,125.749,0.4001162,0.05212316,-0.3350278,-0.4238853,0.5584781,0.5774534,0.4182954,
1,42,125.751,0.4001126,0.05209096,-0.3350111,-0.4238946,0.5584987,0.5774195,0.4183054,
1,42,125.753,0.4001126,0.05209096,-0.3350111,-0.4238946,0.5584987,0.5774195,0.4183054,
1,42,125.755,0.4001126,0.05209096,-0.3350111,-0.4238946,0.5584987,0.5774195,0.4183054,CourtEnter
1,42,125.757,0.4001126,0.05209096,-0.3350111,-0.4238946,0.5584987,0.5774195,0.4183054,
1,42,125.759,0.4001204,0.05208649,-0.3350041,-0.4239036,0.5584959,0.5774177,0.4183024,
1,42,125.761,0.4001204,0.05208649,-0.3350041,-0.4239036,0.5584959,0.5774177,0.4183024,
1,42,125.763,0.4001204,0.05208649,-0.3350041,-0.4239036,0.5584959,0.5774177,0.4183024,
1,42,125.765,0.4001204,0.05208649,-0.3350041,-0.4239036,0.5584959,0.5774177,0.4183024,
1,42,125.767,0.4001204,0.05208649,-0.3350041,-0.4239036,0.5584959,0.5774177,0.4183024,CourtExit
1,42,125.769,0.400132,0.05207571,-0.335033,-0.4238992,0.5585224,0.5774028,0.4182922,
1,42,125.771,0.400132,0.05207571,-0.335033,-0.4238992,0.5585224,0.5774028,0.4182922,
1,42,125.773,0.400132,0.05207571,-0.335033,-0.4238992,0.5585224,0.5774028,0.4182922,
1,42,125.775,0.400132,0.05207571,-0.335033,-0.4238992,0.5585224,0.5774028,0.4182922,
1,42,125.777,0.4000866,0.05193713,-0.3349985,-0.4238507,0.5586552,0.5773008,0.4183045,
1,42,125.779,0.4000866,0.05193713,-0.3349985,-0.4238507,0.5586552,0.5773008,0.4183045,
1,42,125.781,0.4000866,0.05193713,-0.3349985,-0.4238507,0.5586552,0.5773008,0.4183045,
1,42,125.783,0.4000866,0.05193713,-0.3349985,-0.4238507,0.5586552,0.5773008,0.4183045,
1,42,125.785,0.4000918,0.05195937,-0.3350933,-0.4237869,0.5586066,0.5773843,0.418319,
1,42,125.787,0.4000918,0.05195937,-0.3350933,-0.4237869,0.5586066,0.5773843,0.418319,
1,42,125.789,0.4000918,0.05195937,-0.3350933,-0.4237869,0.5586066,0.5773843,0.418319,
1,42,125.791,0.4000918,0.05195937,-0.3350933,-0.4237869,0.5586066,0.5773843,0.418319,
1,42,125.793,0.400079,0.05196203,-0.335151,-0.4237446,0.5585898,0.5774255,0.4183275,
1,42,125.795,0.400079,0.05196203,-0.335151,-0.4237446,0.5585898,0.5774255,0.4183275,
1,42,125.797,0.400079,0.05196203,-0.335151,-0.4237446,0.5585898,0.5774255,0.4183275,
1,42,125.799,0.400079,0.05196203,-0.335151,-0.4237446,0.5585898,0.5774255,0.4183275,
1,42,125.801,0.4000738,0.05197226,-0.3352305,-0.4236685,0.558561,0.5774971,0.4183441,
1,42,125.803,0.4000738,0.05197226,-0.3352305,-0.4236685,0.558561,0.5774971,0.4183441,
1,42,125.805,0.4000738,0.05197226,-0.3352305,-0.4236685,0.558561,0.5774971,0.4183441,
1,42,125.807,0.4000738,0.05197226,-0.3352305,-0.4236685,0.558561,0.5774971,0.4183441,
1,42,125.809,0.4001063,0.05214038,-0.3352481,-0.4235713,0.558302,0.5777476,0.4184424,
1,42,125.811,0.4001063,0.05214038,-0.3352481,-0.4235713,0.558302,0.5777476,0.4184424,
1,42,125.813,0.4001063,0.05214038,-0.3352481,-0.4235713,0.558302,0.5777476,0.4184424,
1,42,125.815,0.4001063,0.05214038,-0.3352481,-0.4235713,0.558302,0.5777476,0.4184424,
1,42,125.817,0.4001063,0.05214038,-0.3352481,-0.4235713,0.558302,0.5777476,0.4184424,
1,42,125.819,0.4001009,0.05212517,-0.3352345,-0.4235368,0.5582924,0.5777699,0.4184593,
1,42,125.821,0.4001009,0.05212517,-0.3352345,-0.4235368,0.5582924,0.5777699,0.4184593,
1,42,125.823,0.4001009,0.05212517,-0.3352345,-0.4235368,0.5582924,0.5777699,0.4184593,
1,42,125.825,0.4001009,0.05212517,-0.3352345,-0.4235368,0.5582924,0.5777699,0.4184593,
1,42,125.827,0.4000751,0.05199166,-0.3351638,-0.4235338,0.5584289,0.5776325,0.4184697,
1,42,125.829,0.4000751,0.05199166,-0.3351638,-0.4235338,0.5584289,0.5776325,0.4184697,
1,42,125.831,0.4000751,0.05199166,-0.3351638,-0.4235338,0.5584289,0.5776325,0.4184697,
1,42,125.833,0.4000751,0.05199166,-0.3351638,-0.4235338,0.5584289,0.5776325,0.4184697,
1,42,125.835,0.4000611,0.05194268,-0.3351476,-0.423525,0.5584768,0.5775846,0.4184811,
1,42,125.837,0.4000611,0.05194268,-0.3351476,-0.423525,0.5584768,0.5775846,0.4184811,
1,42,125.839,0.4000611,0.05194268,-0.3351476,-0.423525,0.5584768,0.5775846,0.4184811,
1,42,125.841,0.4000611,0.05194268,-0.3351476,-0.423525,0.5584768,0.5775846,0.4184811,
1,42,125.843,0.4000462,0.05193482,-0.3352002,-0.4235159,0.5585204,0.5775754,0.4184445,
1,42,125.845,0.4000462,0.05193482,-0.3352002,-0.4235159,0.5585204,0.5775754,0.4184445,
1,42,125.847,0.4000462,0.05193482,-0.3352002,-0.4235159,0.5585204,0.5775754,0.4184445,
1,42,125.849,0.4000462,0.05193482,-0.3352002,-0.4235159,0.5585204,0.5775754,0.4184445,
1,42,125.851,0.400021,0.05191422,-0.3352018,-0.4234999,0.5585377,0.5775721,0.4184425,
1,42,125.853,0.400021,0.05191422,-0.3352018,-0.4234999,0.5585377,0.5775721,0.4184425,
1,42,125.855,0.400021,0.05191422,-0.3352018,-0.4234999,0.5585377,0.5775721,0.4184425,
1,42,125.857,0.400021,0.05191422,-0.3352018,-0.4234999,0.5585377,0.5775721,0.4184425,
1,42,125.859,0.4000235,0.05192543,-0.3351958,-0.4234886,0.5584784,0.5776114,0.4184786,
1,42,125.861,0.4000235,0.05192543,-0.3351958,-0.4234886,0.5584784,0.5776114,0.4184786,
1,42,125.863,0.4000235,0.05192543,-0.3351958,-0.4234886,0.5584784,0.5776114,0.4184786,
1,42,125.865,0.4000235,0.05192543,-0.3351958,-0.4234886,0.5584784,0.5776114,0.4184786,
1,42,125.867,0.4000235,0.05192543,-0.3351958,-0.4234886,0.5584784,0.5776114,0.4184786,
1,42,125.869,0.4000734,0.05183599,-0.3350834,-0.4235179,0.558512,0.5775134,0.4185393,
1,42,125.871,0.4000734,0.05183599,-0.3350834,-0.4235179,0.558512,0.5775134,0.4185393,
1,42,125.873,0.4000734,0.05183599,-0.3350834,-0.4235179,0.558512,0.5775134,0.4185393,
1,42,125.875,0.4000734,0.05183599,-0.3350834,-0.4235179,0.558512,0.5775134,0.4185393,
1,42,125.877,0.4000771,0.05188783,-0.3352347,-0.423467,0.5584871,0.5776067,0.4184954,
1,42,125.879,0.4000771,0.05188783,-0.3352347,-0.423467,0.5584871,0.5776067,0.4184954,
1,42,125.881,0.4000771,0.05188783,-0.3352347,-0.423467,0.5584871,0.5776067,0.4184954,
1,42,125.883,0.4000771,0.05188783,-0.3352347,-0.423467,0.5584871,0.5776067,0.4184954,
1,42,125.885,0.4000696,0.05187552,-0.3354147,-0.4233806,0.5584964,0.5776919,0.4184529,
1,42,125.887,0.4000696,0.05187552,-0.3354147,-0.4233806,0.5584964,0.5776919,0.4184529,
1,42,125.889,0.4000696,0.05187552,-0.3354147,-0.4233806,0.5584964,0.5776919,0.4184529,
1,42,125.891,0.4000696,0.05187552,-0.3354147,-0.4233806,0.5584964,0.5776919,0.4184529,
1,42,125.893,0.4000222,0.05182607,-0.3354477,-0.4232742,0.5585456,0.5776956,0.4184896,
1,42,125.895,0.4000222,0.05182607,-0.3354477,-0.4232742,0.5585456,0.5776956,0.4184896,
1,42,125.897,0.4000222,0.05182607,-0.3354477,-0.4232742,0.5585456,0.5776956,0.4184896,
1,42,125.899,0.4000222,0.05182607,-0.3354477,-0.4232742,0.5585456,0.5776956,0.4184896,
1,42,125.901,0.4000064,0.05179589,-0.3354493,-0.4232431,0.5585705,0.577679,0.4185107,
1,42,125.903,0.4000064,0.05179589,-0.3354493,-0.4232431,0.5585705,0.577679,0.4185107,
1,42,125.905,0.4000064,0.05179589,-0.3354493,-0.4232431,0.5585705,0.577679,0.4185107,
1,42,125.907,0.4000064,0.05179589,-0.3354493,-0.4232431,0.5585705,0.577679,0.4185107,
1,42,125.909,0.3999987,0.05173036,-0.335474,-0.4231813,0.5586069,0.5776733,0.4185325,
1,42,125.911,0.3999987,0.05173036,-0.335474,-0.4231813,0.5586069,0.5776733,0.4185325,
1,42,125.913,0.3999987,0.05173036,-0.335474,-0.4231813,0.5586069,0.5776733,0.4185325,
1,42,125.915,0.3999987,0.05173036,-0.335474,-0.4231813,0.5586069,0.5776733,0.4185325,
1,42,125.917,0.3999987,0.05173036,-0.335474,-0.4231813,0.5586069,0.5776733,0.4185325,
1,42,125.919,0.3999934,0.05174024,-0.3354271,-0.4232101,0.5585868,0.5776681,0.4185375,
1,42,125.921,0.3999934,0.05174024,-0.3354271,-0.4232101,0.5585868,0.5776681,0.4185375,
1,42,125.923,0.3999934,0.05174024,-0.3354271,-0.4232101,0.5585868,0.5776681,0.4185375,
1,42,125.925,0.3999934,0.05174024,-0.3354271,-0.4232101,0.5585868,0.5776681,0.4185375,
1,42,125.927,0.399994,0.05171511,-0.3354409,-0.4231941,0.5586206,0.5776449,0.4185405,
1,42,125.929,0.399994,0.05171511,-0.3354409,-0.4231941,0.5586206,0.5776449,0.4185405,
1,42,125.931,0.399994,0.05171511,-0.3354409,-0.4231941,0.5586206,0.5776449,0.4185405,
1,42,125.933,0.399994,0.05171511,-0.3354409,-0.4231941,0.5586206,0.5776449,0.4185405,
1,42,125.935,0.4000101,0.05168257,-0.3354153,-0.4232272,0.5586531,0.5775884,0.4185417,
1,42,125.937,0.4000101,0.05168257,-0.3354153,-0.4232272,0.5586531,0.5775884,0.4185417,
1,42,125.939,0.4000101,0.05168257,-0.3354153,-0.4232272,0.5586531,0.5775884,0.4185417,
1,42,125.941,0.4000101,0.05168257,-0.3354153,-0.4232272,0.5586531,0.5775884,0.4185417,
1,42,125.943,0.4000217,0.05172727,-0.3354236,-0.4232343,0.5586036,0.5776297,0.4185436,
1,42,125.945,0.4000217,0.05172727,-0.3354236,-0.4232343,0.5586036,0.5776297,0.4185436,
1,42,125.947,0.4000217,0.05172727,-0.3354236,-0.4232343,0.5586036,0.5776297,0.4185436,
1,42,125.949,0.4000217,0.05172727,-0.3354236,-0.4232343,0.5586036,0.5776297,0.4185436,
1,42,125.951,0.4000337,0.05171965,-0.3354367,-0.4232278,0.5586053,0.5776275,0.4185507,
1,42,125.953,0.4000337,0.05171965,-0.3354367,-0.4232278,0.5586053,0.5776275,0.4185507,
1,42,125.955,0.4000337,0.05171965,-0.3354367,-0.4232278,0.5586053,0.5776275,0.4185507,
1,42,125.957,0.4000337,0.05171965,-0.3354367,-0.4232278,0.5586053,0.5776275,0.4185507,
1,42,125.959,0.4000631,0.05174261,-0.3353055,-0.4233243,0.5585122,0.5776215,0.418586,
1,42,125.961,0.4000631,0.05174261,-0.3353055,-0.4233243,0.5585122,0.5776215,0.418586,
1,42,125.963,0.4000631,0.05174261,-0.3353055,-0.4233243,0.5585122,0.5776215,0.418586,
1,42,125.965,0.4000631,0.05174261,-0.3353055,-0.4233243,0.5585122,0.5776215,0.418586,
1,42,125.967,0.4000631,0.05174261,-0.3353055,-0.4233243,0.5585122,0.5776215,0.418586,
1,42,125.969,0.4001152,0.05177798,-0.3353022,-0.4233541,0.5584643,0.577629,0.4186092,
1,42,125.971,0.4001152,0.05177798,-0.3353022,-0.4233541,0.5584643,0.577629,0.4186092,
1,42,125.973,0.4001152,0.05177798,-0.3353022,-0.4233541,0.5584643,0.577629,0.4186092,
1,42,125.975,0.4001152,0.05177798,-0.3353022,-0.4233541,0.5584643,0.577629,0.4186092,
1,42,125.977,0.4001268,0.05173739,-0.3352806,-0.4233502,0.5584971,0.5775775,0.4186403,
1,42,125.979,0.4001268,0.05173739,-0.3352806,-0.4233502,0.5584971,0.5775775,0.4186403,
1,42,125.981,0.4001268,0.05173739,-0.3352806,-0.4233502,0.5584971,0.5775775,0.4186403,
1,42,125.983,0.4001268,0.05173739,-0.3352806,-0.4233502,0.5584971,0.5775775,0.4186403,
1,42,125.985,0.4001091,0.0516811,-0.3352774,-0.4233208,0.558544,0.5775348,0.4186666,
1,42,125.987,0.4001091,0.0516811,-0.3352774,-0.4233208,0.558544,0.5775348,0.4186666,
1,42,125.989,0.4001091,0.0516811,-0.3352774,-0.4233208,0.558544,0.5775348,0.4186666,
1,42,125.991,0.4001091,0.0516811,-0.3352774,-0.4233208,0.558544,0.5775348,0.4186666,
1,42,125.993,0.4001134,0.05166339,-0.3352737,-0.4233226,0.558546,0.5775254,0.4186751,
1,42,125.995,0.4001134,0.05166339,-0.3352737,-0.4233226,0.558546,0.5775254,0.4186751,
1,42,125.997,0.4001134,0.05166339,-0.3352737,-0.4233226,0.558546,0.5775254,0.4186751,
1,42,125.999,0.4001134,0.05166339,-0.3352737,-0.4233226,0.558546,0.5775254,0.4186751,
1,43,126.001,0.4001169,0.05171037,-0.3352842,-0.4233273,0.5585205,0.577553,0.4186661,CourtExit
1,43,126.003,0.4001169,0.05171037,-0.3352842,-0.4233273,0.5585205,0.577553,0.4186661,
1,43,126.005,0.4001169,0.05171037,-0.3352842,-0.4233273,0.5585205,0.577553,0.4186661,
1,43,126.007,0.4001169,0.05171037,-0.3352842,-0.4233273,0.5585205,0.577553,0.4186661,
1,43,126.009,0.4001176,0.05170295,-0.3352982,-0.4233219,0.5585406,0.5775476,0.4186523,
1,43,126.011,0.4001176,0.05170295,-0.3352982,-0.4233219,0.5585406,0.5775476,0.4186523,
1,43,126.013,0.4001176,0.05170295,-0.3352982,-0.4233219,0.5585406,0.5775476,0.4186523,
1,43,126.015,0.4001176,0.05170295,-0.3352982,-0.4233219,0.5585406,0.5775476,0.4186523,
1,43,126.017,0.4001176,0.05170295,-0.3352982,-0.4233219,0.5585406,0.5775476,0.4186523,
1,43,126.019,0.4001147,0.05167258,-0.3352787,-0.423321,0.5585668,0.5775237,0.4186513,
1,43,126.021,0.4001147,0.05167258,-0.3352787,-0.423321,0.5585668,0.5775237,0.4186513,
1,43,126.023,0.4001147,0.05167258,-0.3352787,-0.423321,0.5585668,0.5775237,0.4186513,
1,43,126.025,0.4001147,0.05167258,-0.3352787,-0.423321,0.5585668,0.5775237,0.4186513,
1,43,126.027,0.4001023,0.0516407,-0.3352894,-0.4232948,0.5585785,0.5775137,0.418676,
1,43,126.029,0.4001023,0.0516407,-0.3352894,-0.4232948,0.5585785,0.5775137,0.418676,
1,43,126.031,0.4001023,0.0516407,-0.3352894,-0.4232948,0.5585785,0.5775137,0.418676,
1,43,126.033,0.4001023,0.0516407,-0.3352894,-0.4232948,0.5585785,0.5775137,0.418676,
1,43,126.035,0.4001144,0.0516054,-0.3352638,-0.4232988,0.5586004,0.5774815,0.4186872,
1,43,126.037,0.4001144,0.0516054,-0.3352638,-0.4232988,0.5586004,0.5774815,0.4186872,
1,43,126.039,0.4001144,0.0516054,-0.3352638,-0.4232988,0.5586004,0.5774815,0.4186872,
1,43,126.041,0.4001144,0.0516054,-0.3352638,-0.4232988,0.5586004,0.5774815,0.4186872,
1,43,126.043,0.4001084,0.05162964,-0.3352775,-0.4232907,0.5585718,0.5775155,0.4186866,
1,43,126.045,0.4001084,0.05162964,-0.3352775,-0.4232907,0.5585718,0.5775155,0.4186866,
1,43,126.047,0.4001084,0.05162964,-0.3352775,-0.4232907,0.5585718,0.5775155,0.4186866,
1,43,126.049,0.4001084,0.05162964,-0.3352775,-0.4232907,0.5585718,0.5775155,0.4186866,
1,43,126.051,0.4001104,0.05173245,-0.3352646,-0.4233185,0.558453,0.5776056,0.4186926,
1,43,126.053,0.4001104,0.05173245,-0.3352646,-0.4233185,0.558453,0.5776056,0.4186926,
1,43,126.055,0.4001104,0.05173245,-0.3352646,-0.4233185,0.558453,0.5776056,0.4186926,
1,43,126.057,0.4001104,0.05173245,-0.3352646,-0.4233185,0.558453,0.5776056,0.4186926,
1,43,126.059,0.400101,0.05170853,-0.3352576,-0.4232988,0.5584997,0.5775754,0.4186919,
1,43,126.061,0.400101,0.05170853,-0.3352576,-0.4232988,0.5584997,0.5775754,0.4186919,
1,43,126.063,0.400101,0.05170853,-0.3352576,-0.4232988,0.5584997,0.5775754,0.4186919,
1,43,126.065,0.400101,0.05170853,-0.3352576,-0.4232988,0.5584997,0.5775754,0.4186919,
1,43,126.067,0.400101,0.05170853,-0.3352576,-0.4232988,0.5584997,0.5775754,0.4186919,
1,43,126.069,0.4001148,0.05165314,-0.3352655,-0.4233051,0.5585373,0.5775425,0.4186808,
1,43,126.071,0.4001148,0.05165314,-0.3352655,-0.4233051,0.5585373,0.5775425,0.4186808,
1,43,126.073,0.4001148,0.05165314,-0.3352655,-0.4233051,0.5585373,0.5775425,0.4186808,
1,43,126.075,0.4001148,0.05165314,-0.3352655,-0.4233051,0.5585373,0.5775425,0.4186808,
1,43,126.077,0.4000603,0.05161718,-0.3352442,-0.4232719,0.5585789,0.5775221,0.418687,
1,43,126.079,0.4000603,0.05161718,-0.3352442,-0.4232719,0.5585789,0.5775221,0.418687,
1,43,126.081,0.4000603,0.05161718,-0.3352442,-0.4232719,0.5585789,0.5775221,0.418687,
1,43,126.083,0.4000603,0.05161718,-0.3352442,-0.4232719,0.5585789,0.5775221,0.418687,
1,43,126.085,0.400107,0.05165002,-0.3352731,-0.4232877,0.5585423,0.5775467,0.4186859,
1,43,126.087,0.400107,0.05165002,-0.3352731,-0.4232877,0.5585423,0.5775467,0.4186859,
1,43,126.089,0.400107,0.05165002,-0.3352731,-0.4232877,0.5585423,0.5775467,0.4186859,
1,43,126.091,0.400107,0.05165002,-0.3352731,-0.4232877,0.5585423,0.5775467,0.4186859,
1,43,126.093,0.4001317,0.0517048,-0.3352821,-0.4233077,0.558475,0.5775968,0.4186864,
1,43,126.095,0.4001317,0.0517048,-0.3352821,-0.4233077,0.558475,0.5775968,0.4186864,
1,43,126.097,0.4001317,0.0517048,-0.3352821,-0.4233077,0.558475,0.5775968,0.4186864,
1,43,126.099,0.4001317,0.0517048,-0.3352821,-0.4233077,0.558475,0.5775968,0.4186864,
1,43,126.101,0.4001132,0.05160277,-0.3352478,-0.4232932,0.5585719,0.5774995,0.4187058,
1,43,126.103,0.4001132,0.05160277,-0.3352478,-0.4232932,0.5585719,0.5774995,0.4187058,
1,43,126.105,0.4001132,0.05160277,-0.3352478,-0.4232932,0.5585719,0.5774995,0.4187058,
1,43,126.107,0.4001132,0.05160277,-0.3352478,-0.4232932,0.5585719,0.5774995,0.4187058,
1,43,126.109,0.4001256,0.05160859,-0.3352627,-0.4232908,0.558569,0.5775098,0.4186981,
1,43,126.111,0.4001256,0.05160859,-0.3352627,-0.4232908,0.558569,0.5775098,0.4186981,
1,43,126.113,0.4001256,0.05160859,-0.3352627,-0.4232908,0.558569,0.5775098,0.4186981,
1,43,126.115,0.4001256,0.05160859,-0.3352627,-0.4232908,0.558569,0.5775098,0.4186981,
1,43,126.117,0.4001256,0.05160859,-0.3352627,-0.4232908,0.558569,0.5775098,0.4186981,
1,43,126.119,0.4001305,0.05163508,-0.3352734,-0.4232904,0.5585638,0.5775177,0.4186945,
1,43,126.121,0.4001305,0.05163508,-0.3352734,-0.4232904,0.5585638,0.5775177,0.4186945,
1,43,126.123,0.4001305,0.05163508,-0.3352734,-0.4232904,0.5585638,0.5775177,0.4186945,
1,43,126.125,0.4001305,0.05163508,-0.3352734,-0.4232904,0.5585638,0.5775177,0.4186945,
1,43,126.127,0.4001051,0.05161504,-0.3353145,-0.4232662,0.5585765,0.5775296,0.4186857,
1,43,126.129,0.4001051,0.05161504,-0.3353145,-0.4232662,0.5585765,0.5775296,0.4186857,
1,43,126.131,0.4001051,0.05161504,-0.3353145,-0.4232662,0.5585765,0.5775296,0.4186857,
1,43,126.133,0.4001051,0.05161504,-0.3353145,-0.4232662,0.5585765,0.5775296,0.4186857,
1,43,126.135,0.4001052,0.05159554,-0.3352905,-0.4232598,0.5585983,0.5775075,0.4186936,
1,43,126.137,0.4001052,0.05159554,-0.3352905,-0.4232598,0.5585983,0.5775075,0.4186936,
1,43,126.139,0.4001052,0.05159554,-0.3352905,-0.4232598,0.5585983,0.5775075,0.4186936,
1,43,126.141,0.4001052,0.05159554,-0.3352905,-0.4232598,0.5585983,0.5775075,0.4186936,
1,43,126.143,0.4000977,0.05151851,-0.3352864,-0.4232666,0.5586772,0.5774299,0.4186883,
1,43,126.145,0.4000977,0.05151851,-0.3352864,-0.4232666,0.5586772,0.5774299,0.4186883,
1,43,126.147,0.4000977,0.05151851,-0.3352864,-0.4232666,0.5586772,0.5774299,0.4186883,
1,43,126.149,0.4000977,0.05151851,-0.3352864,-0.4232666,0.5586772,0.5774299,0.4186883,
1,43,126.151,0.4001167,0.05158739,-0.3352828,-0.4232742,0.5585835,0.5774987,0.4187109,
1,43,126.153,0.4001167,0.05158739,-0.3352828,-0.4232742,0.5585835,0.5774987,0.4187109,
1,43,126.155,0.4001167,0.05158739,-0.3352828,-0.4232742,0.5585835,0.5774987,0.4187109,
1,43,126.157,0.4001167,0.05158739,-0.3352828,-0.4232742,0.5585835,0.5774987,0.4187109,
1,43,126.159,0.4001201,0.05160506,-0.3352714,-0.4232738,0.5585628,0.5775162,0.4187148,
1,43,126.161,0.4001201,0.05160506,-0.3352714,-0.4232738,0.5585628,0.5775162,0.4187148,
1,43,126.163,0.4001201,0.05160506,-0.3352714,-0.4232738,0.5585628,0.5775162,0.4187148,
1,43,126.165,0.4001201,0.05160506,-0.3352714,-0.4232738,0.5585628,0.5775162,0.4187148,
1,43,126.167,0.4001201,0.05160506,-0.3352714,-0.4232738,0.5585628,0.5775162,0.4187148,
1,43,126.169,0.4001077,0.05160446,-0.3352834,-0.4232637,0.5585699,0.5775261,0.4187017,
1,43,126.171,0.4001077,0.05160446,-0.3352834,-0.4232637,0.5585699,0.5775261,0.4187017,
1,43,126.173,0.4001077,0.05160446,-0.3352834,-0.4232637,0.5585699,0.5775261,0.4187017,
1,43,126.175,0.4001077,0.05160446,-0.3352834,-0.4232637,0.5585699,0.5775261,0.4187017,
1,43,126.177,0.4001157,0.05163762,-0.3352868,-0.4232703,0.5585348,0.5775536,0.418704,
1,43,126.179,0.4001157,0.05163762,-0.3352868,-0.4232703,0.5585348,0.5775536,0.418704,
1,43,126.181,0.4001157,0.05163762,-0.3352868,-0.4232703,0.5585348,0.5775536,0.418704,
1,43,126.183,0.4001157,0.05163762,-0.3352868,-0.4232703,0.5585348,0.5775536,0.418704,
1,43,126.185,0.4001285,0.05171437,-0.3352807,-0.4232947,0.5584483,0.5776235,0.4186983,
1,43,126.187,0.4001285,0.05171437,-0.3352807,-0.4232947,0.5584483,0.5776235,0.4186983,
1,43,126.189,0.4001285,0.05171437,-0.3352807,-0.4232947,0.5584483,0.5776235,0.4186983,
1,43,126.191,0.4001285,0.05171437,-0.3352807,-0.4232947,0.5584483,0.5776235,0.4186983,
1,43,126.193,0.40015,0.05177113,-0.335266,-0.4233153,0.5583928,0.5776632,0.4186966,
1,43,126.195,0.40015,0.05177113,-0.335266,-0.4233153,0.5583928,0.5776632,0.4186966,
1,43,126.197,0.40015,0.05177113,-0.335266,-0.4233153,0.5583928,0.5776632,0.4186966,
1,43,126.199,0.40015,0.05177113,-0.335266,-0.4233153,0.5583928,0.5776632,0.4186966,
1,43,126.201,0.4001077,0.05167771,-0.3352527,-0.4232928,0.5585031,0.5775747,0.4186945,
1,43,126.203,0.4001077,0.05167771,-0.3352527,-0.4232928,0.5585031,0.5775747,0.4186945,
1,43,126.205,0.4001077,0.05167771,-0.3352527,-0.4232928,0.5585031,0.5775747,0.4186945,
1,43,126.207,0.4001077,0.05167771,-0.3352527,-0.4232928,0.5585031,0.5775747,0.4186945,
1,43,126.209,0.4001263,0.05170603,-0.3352364,-0.4233035,0.5584409,0.5776101,0.4187177,
1,43,126.211,0.4001263,0.05170603,-0.3352364,-0.4233035,0.5584409,0.5776101,0.4187177,
1,43,126.213,0.4001263,0.05170603,-0.3352364,-0.4233035,0.5584409,0.5776101,0.4187177,
1,43,126.215,0.4001263,0.05170603,-0.3352364,-0.4233035,0.5584409,0.5776101,0.4187177,
1,43,126.217,0.4001263,0.05170603,-0.3352364,-0.4233035,0.5584409,0.5776101,0.4187177,
1,43,126.219,0.4001515,0.0517372,-0.3352244,-0.4233297,0.5584263,0.577603,0.4187205,
1,43,126.221,0.4001515,0.0517372,-0.3352244,-0.4233297,0.5584263,0.577603,0.4187205,
1,43,126.223,0.4001515,0.0517372,-0.3352244,-0.4233297,0.5584263,0.577603,0.4187205,
1,43,126.225,0.4001515,0.0517372,-0.3352244,-0.4233297,0.5584263,0.577603,0.4187205,
1,43,126.227,0.4001479,0.05179904,-0.3352067,-0.4233756,0.558372,0.5776275,0.4187127,
1,43,126.229,0.4001479,0.05179904,-0.3352067,-0.4233756,0.558372,0.5776275,0.4187127,
1,43,126.231,0.4001479,0.05179904,-0.3352067,-0.4233756,0.558372,0.5776275,0.4187127,
1,43,126.233,0.4001479,0.05179904,-0.3352067,-0.4233756,0.558372,0.5776275,0.4187127,
1,43,126.235,0.4001485,0.05177699,-0.3352347,-0.4233589,0.5584218,0.5776029,0.418697,
1,43,126.237,0.4001485,0.05177699,-0.3352347,-0.4233589,0.5584218,0.5776029,0.418697,
1,43,126.239,0.4001485,0.05177699,-0.3352347,-0.4233589,0.5584218,0.5776029,0.418697,
1,43,126.241,0.4001485,0.05177699,-0.3352347,-0.4233589,0.5584218,0.5776029,0.418697,
1,43,126.243,0.4001152,0.0516642,-0.3352496,-0.4233105,0.5585206,0.5775381,0.4187037,
1,43,126.245,0.4001152,0.0516642,-0.3352496,-0.4233105,0.5585206,0.5775381,0.4187037,
1,43,126.247,0.4001152,0.0516642,-0.3352496,-0.4233105,0.5585206,0.5775381,0.4187037,
1,43,126.249,0.4001152,0.0516642,-0.3352496,-0.4233105,0.5585206,0.5775381,0.4187037,
1,43,126.251,0.4001147,0.05165922,-0.3352422,-0.4233196,0.5585083,0.5775476,0.4186977,
1,43,126.253,0.4001147,0.05165922,-0.3352422,-0.4233196,0.5585083,0.5775476,0.4186977,
1,43,126.255,0.4001147,0.05165922,-0.3352422,-0.4233196,0.5585083,0.5775476,0.4186977,
1,43,126.257,0.4001147,0.05165922,-0.3352422,-0.4233196,0.5585083,0.5775476,0.4186977,
1,43,126.259,0.4001269,0.05168755,-0.33525,-0.4233073,0.5584819,0.5775713,0.4187126,
1,43,126.261,0.4001269,0.05168755,-0.33525,-0.4233073,0.5584819,0.5775713,0.4187126,
1,43,126.263,0.4001269,0.05168755,-0.33525,-0.4233073,0.5584819,0.5775713,0.4187126,
1,43,126.265,0.4001269,0.05168755,-0.33525,-0.4233073,0.5584819,0.5775713,0.4187126,
1,43,126.267,0.4001269,0.05168755,-0.33525,-0.4233073,0.5584819,0.5775713,0.4187126,
1,43,126.269,0.4001257,0.05172596,-0.3352008,-0.4233473,0.5584393,0.5775793,0.4187182,
1,43,126.271,0.4001257,0.05172596,-0.3352008,-0.4233473,0.5584393,0.5775793,0.4187182,
1,43,126.273,0.4001257,0.05172596,-0.3352008,-0.4233473,0.5584393,0.5775793,0.4187182,
1,43,126.275,0.4001257,0.05172596,-0.3352008,-0.4233473,0.5584393,0.5775793,0.4187182,
1,43,126.277,0.4001384,0.05172432,-0.3352165,-0.4233441,0.5584577,0.5775747,0.418703,
1,43,126.279,0.4001384,0.05172432,-0.3352165,-0.4233441,0.5584577,0.5775747,0.418703,
1,43,126.281,0.4001384,0.05172432,-0.3352165,-0.4233441,0.5584577,0.5775747,0.418703,
1,43,126.283,0.4001384,0.05172432,-0.3352165,-0.4233441,0.5584577,0.5775747,0.418703,
1,43,126.285,0.4001322,0.05172886,-0.3352459,-0.4233338,0.5584615,0.5775861,0.4186928,
1,43,126.287,0.4001322,0.05172886,-0.3352459,-0.4233338,0.5584615,0.5775861,0.4186928,
1,43,126.289,0.4001322,0.05172886,-0.3352459,-0.4233338,0.5584615,0.5775861,0.4186928,
1,43,126.291,0.4001322,0.05172886,-0.3352459,-0.4233338,0.5584615,0.5775861,0.4186928,
1,43,126.293,0.4001379,0.051734,-0.3352473,-0.4233269,0.5584782,0.5775817,0.4186834,
1,43,126.295,0.4001379,0.051734,-0.3352473,-0.4233269,0.5584782,0.5775817,0.4186834,
1,43,126.297,0.4001379,0.051734,-0.3352473,-0.4233269,0.5584782,0.5775817,0.4186834,
1,43,126.299,0.4001379,0.051734,-0.3352473,-0.4233269,0.5584782,0.5775817,0.4186834,
1,43,126.301,0.4001388,0.05169391,-0.3352497,-0.4233279,0.5585223,0.5775389,0.4186828,
1,43,126.303,0.4001388,0.05169391,-0.3352497,-0.4233279,0.5585223,0.5775389,0.4186828,
1,43,126.305,0.4001388,0.05169391,-0.3352497,-0.4233279,0.5585223,0.5775389,0.4186828,
1,43,126.307,0.4001388,0.05169391,-0.3352497,-0.4233279,0.5585223,0.5775389,0.4186828,
1,43,126.309,0.4001096,0.05153931,-0.3352514,-0.4232947,0.5586728,0.5774229,0.4186755,
1,43,126.311,0.4001096,0.05153931,-0.3352514,-0.4232947,0.5586728,0.5774229,0.4186755,
1,43,126.313,0.4001096,0.05153931,-0.3352514,-0.4232947,0.5586728,0.5774229,0.4186755,
1,43,126.315,0.4001096,0.05153931,-0.3352514,-0.4232947,0.5586728,0.5774229,0.4186755,
1,43,126.317,0.4001096,0.05153931,-0.3352514,-0.4232947,0.5586728,0.5774229,0.4186755,
1,43,126.319,0.4001045,0.05155746,-0.3352534,-0.4233119,0.5586545,0.577434,0.4186672,
1,43,126.321,0.4001045,0.05155746,-0.3352534,-0.4233119,0.5586545,0.577434,0.4186672,
1,43,126.323,0.4001045,0.05155746,-0.3352534,-0.4233119,0.5586545,0.577434,0.4186672,
1,43,126.325,0.4001045,0.05155746,-0.3352534,-0.4233119,0.5586545,0.577434,0.4186672,
1,43,126.327,0.4001418,0.05166053,-0.335243,-0.423313,0.5585156,0.5775397,0.4187057,
1,43,126.329,0.4001418,0.05166053,-0.335243,-0.423313,0.5585156,0.5775397,0.4187057,
1,43,126.331,0.4001418,0.05166053,-0.335243,-0.423313,0.5585156,0.5775397,0.4187057,
1,43,126.333,0.4001418,0.05166053,-0.335243,-0.423313,0.5585156,0.5775397,0.4187057,
1,43,126.335,0.400134,0.05163954,-0.3352602,-0.4232984,0.5585511,0.5775188,0.4187019,
1,43,126.337,0.400134,0.05163954,-0.3352602,-0.4232984,0.5585511,0.5775188,0.4187019,
1,43,126.339,0.400134,0.05163954,-0.3352602,-0.4232984,0.5585511,0.5775188,0.4187019,
1,43,126.341,0.400134,0.05163954,-0.3352602,-0.4232984,0.5585511,0.5775188,0.4187019,
1,43,126.343,0.4001358,0.05168735,-0.3352247,-0.423315,0.5584825,0.57756,0.4187196,
1,43,126.345,0.4001358,0.05168735,-0.3352247,-0.423315,0.5584825,0.57756,0.4187196,
1,43,126.347,0.4001358,0.05168735,-0.3352247,-0.423315,0.5584825,0.57756,0.4187196,
1,43,126.349,0.4001358,0.05168735,-0.3352247,-0.423315,0.5584825,0.57756,0.4187196,
1,43,126.351,0.400142,0.05173212,-0.3352208,-0.4233284,0.5584362,0.5776018,0.4187103,
1,43,126.353,0.400142,0.05173212,-0.3352208,-0.4233284,0.5584362,0.5776018,0.4187103,
1,43,126.355,0.400142,0.05173212,-0.3352208,-0.4233284,0.5584362,0.5776018,0.4187103,
1,43,126.357,0.400142,0.05173212,-0.3352208,-0.4233284,0.5584362,0.5776018,0.4187103,
1,43,126.359,0.4001298,0.05161792,-0.3352337,-0.4232882,0.5585641,0.5775105,0.4187063,
1,43,126.361,0.4001298,0.05161792,-0.3352337,-0.4232882,0.5585641,0.5775105,0.4187063,
1,43,126.363,0.4001298,0.05161792,-0.3352337,-0.4232882,0.5585641,0.5775105,0.4187063,
1,43,126.365,0.4001298,0.05161792,-0.3352337,-0.4232882,0.5585641,0.5775105,0.4187063,
1,43,126.367,0.4001298,0.05161792,-0.3352337,-0.4232882,0.5585641,0.5775105,0.4187063,
1,43,126.369,0.4000946,0.05152979,-0.335254,-0.4232719,0.5586839,0.5774211,0.4186863,
1,43,126.371,0.4000946,0.05152979,-0.335254,-0.4232719,0.5586839,0.5774211,0.4186863,
1,43,126.373,0.4000946,0.05152979,-0.335254,-0.4232719,0.5586839,0.5774211,0.4186863,
1,43,126.375,0.4000946,0.05152979,-0.335254,-0.4232719,0.5586839,0.5774211,0.4186863,
1,43,126.377,0.4000978,0.05154804,-0.3352563,-0.4232545,0.5586363,0.5774634,0.4187091,
1,43,126.379,0.4000978,0.05154804,-0.3352563,-0.4232545,0.5586363,0.5774634,0.4187091,
1,43,126.381,0.4000978,0.05154804,-0.3352563,-0.4232545,0.5586363,0.5774634,0.4187091,
1,43,126.383,0.4000978,0.05154804,-0.3352563,-0.4232545,0.5586363,0.5774634,0.4187091,
1,43,126.385,0.4001281,0.05164199,-0.3352649,-0.4232821,0.5585333,0.5775481,0.4187017,
1,43,126.387,0.4001281,0.05164199,-0.3352649,-0.4232821,0.5585333,0.5775481,0.4187017,
1,43,126.389,0.4001281,0.05164199,-0.3352649,-0.4232821,0.5585333,0.5775481,0.4187017,
1,43,126.391,0.4001281,0.05164199,-0.3352649,-0.4232821,0.5585333,0.5775481,0.4187017,
1,43,126.393,0.4001283,0.05166067,-0.3352465,-0.4232971,0.5585195,0.5775465,0.4187072,
1,43,126.395,0.4001283,0.05166067,-0.3352465,-0.4232971,0.5585195,0.5775465,0.4187072,
1,43,126.397,0.4001283,0.05166067,-0.3352465,-0.4232971,0.5585195,0.5775465,0.4187072,
1,43,126.399,0.4001283,0.05166067,-0.3352465,-0.4232971,0.5585195,0.5775465,0.4187072,
1,43,126.401,0.4001114,0.0516579,-0.3352623,-0.4232907,0.5585286,0.5775442,0.4187048,
1,43,126.403,0.4001114,0.0516579,-0.3352623,-0.4232907,0.5585286,0.5775442,0.4187048,
1,43,126.405,0.4001114,0.0516579,-0.3352623,-0.4232907,0.5585286,0.5775442,0.4187048,
1,43,126.407,0.4001114,0.0516579,-0.3352623,-0.4232907,0.5585286,0.5775442,0.4187048,
1,43,126.409,0.4001012,0.05161346,-0.3352627,-0.4232659,0.5585718,0.5775181,0.418708,
1,43,126.411,0.4001012,0.05161346,-0.3352627,-0.4232659,0.5585718,0.5775181,0.418708,
1,43,126.413,0.4001012,0.05161346,-0.3352627,-0.4232659,0.5585718,0.5775181,0.418708,
1,43,126.415,0.4001012,0.05161346,-0.3352627,-0.4232659,0.5585718,0.5775181,0.418708,
1,43,126.417,0.4001012,0.05161346,-0.3352627,-0.4232659,0.5585718,0.5775181,0.418708,
1,43,126.419,0.4001192,0.05162334,-0.3352502,-0.4232618,0.5585262,0.5775444,0.4187367,
1,43,126.421,0.4001192,0.05162334,-0.3352502,-0.4232618,0.5585262,0.5775444,0.4187367,
1,43,126.423,0.4001192,0.05162334,-0.3352502,-0.4232618,0.5585262,0.5775444,0.4187367,
1,43,126.425,0.4001192,0.05162334,-0.3352502,-0.4232618,0.5585262,0.5775444,0.4187367,
1,43,126.427,0.4001346,0.05160977,-0.3352622,-0.423263,0.5585277,0.5775428,0.4187359,
1,43,126.429,0.4001346,0.05160977,-0.3352622,-0.423263,0.5585277,0.5775428,0.4187359,
1,43,126.431,0.4001346,0.05160977,-0.3352622,-0.423263,0.5585277,0.5775428,0.4187359,
1,43,126.433,0.4001346,0.05160977,-0.3352622,-0.423263,0.5585277,0.5775428,0.4187359,
1,43,126.435,0.400141,0.05165206,-0.3352692,-0.4232747,0.5584928,0.5775735,0.4187279,
1,43,126.437,0.400141,0.05165206,-0.3352692,-0.4232747,0.5584928,0.5775735,0.4187279,
1,43,126.439,0.400141,0.05165206,-0.3352692,-0.4232747,0.5584928,0.5775735,0.4187279,
1,43,126.441,0.400141,0.05165206,-0.3352692,-0.4232747,0.5584928,0.5775735,0.4187279,
1,43,126.443,0.4001124,0.05160307,-0.3352817,-0.4232586,0.5585949,0.5775144,0.4186898,
1,43,126.445,0.4001124,0.05160307,-0.3352817,-0.4232586,0.5585949,0.5775144,0.4186898,
1,43,126.447,0.4001124,0.05160307,-0.3352817,-0.4232586,0.5585949,0.5775144,0.4186898,
1,43,126.449,0.4001124,0.05160307,-0.3352817,-0.4232586,0.5585949,0.5775144,0.4186898,
1,43,126.451,0.4001098,0.05163619,-0.3352715,-0.4232823,0.5585448,0.5775399,0.4186976,
1,43,126.453,0.4001098,0.05163619,-0.3352715,-0.4232823,0.5585448,0.5775399,0.4186976,
1,43,126.455,0.4001098,0.05163619,-0.3352715,-0.4232823,0.5585448,0.5775399,0.4186976,
1,43,126.457,0.4001098,0.05163619,-0.3352715,-0.4232823,0.5585448,0.5775399,0.4186976,
1,43,126.459,0.4001052,0.05163689,-0.3352876,-0.4232565,0.5585407,0.5775595,0.4187018,
1,43,126.461,0.4001052,0.05163689,-0.3352876,-0.4232565,0.5585407,0.5775595,0.4187018,
1,43,126.463,0.4001052,0.05163689,-0.3352876,-0.4232565,0.5585407,0.5775595,0.4187018,
1,43,126.465,0.4001052,0.05163689,-0.3352876,-0.4232565,0.5585407,0.5775595,0.4187018,
1,43,126.467,0.4001052,0.05163689,-0.3352876,-0.4232565,0.5585407,0.5775595,0.4187018,
1,43,126.469,0.400094,0.05156779,-0.3352892,-0.4232247,0.5586231,0.577495,0.4187131,
1,43,126.471,0.400094,0.05156779,-0.3352892,-0.4232247,0.5586231,0.577495,0.4187131,
1,43,126.473,0.400094,0.05156779,-0.3352892,-0.4232247,0.5586231,0.577495,0.4187131,
1,43,126.475,0.400094,0.05156779,-0.3352892,-0.4232247,0.5586231,0.577495,0.4187131,
1,43,126.477,0.4000872,0.051514,-0.3352936,-0.4232176,0.5586885,0.5774391,0.4187101,
1,43,126.479,0.4000872,0.051514,-0.3352936,-0.4232176,0.5586885,0.5774391,0.4187101,
1,43,126.481,0.4000872,0.051514,-0.3352936,-0.4232176,0.5586885,0.5774391,0.4187101,
1,43,126.483,0.4000872,0.051514,-0.3352936,-0.4232176,0.5586885,0.5774391,0.4187101,
1,43,126.485,0.4001207,0.05162678,-0.3352891,-0.4232807,0.5585434,0.577543,0.4186967,
1,43,126.487,0.4001207,0.05162678,-0.3352891,-0.4232807,0.5585434,0.577543,0.4186967,
1,43,126.489,0.4001207,0.05162678,-0.3352891,-0.4232807,0.5585434,0.577543,0.4186967,
1,43,126.491,0.4001207,0.05162678,-0.3352891,-0.4232807,0.5585434,0.577543,0.4186967,
1,43,126.493,0.4001305,0.0517343,-0.3352752,-0.4233084,0.5584164,0.5776438,0.418699,
1,43,126.495,0.4001305,0.0517343,-0.3352752,-0.4233084,0.5584164,0.5776438,0.418699,
1,43,126.497,0.4001305,0.0517343,-0.3352752,-0.4233084,0.5584164,0.5776438,0.418699,
1,43,126.499,0.4001305,0.0517343,-0.3352752,-0.4233084,0.5584164,0.5776438,0.418699,
1,43,126.501,0.4001211,0.05165673,-0.3352583,-0.4232795,0.5585193,0.5775616,0.4187041,
1,43,126.503,0.4001211,0.05165673,-0.3352583,-0.4232795,0.5585193,0.5775616,0.4187041,
1,43,126.505,0.4001211,0.05165673,-0.3352583,-0.4232795,0.5585193,0.5775616,0.4187041,
1,43,126.507,0.4001211,0.05165673,-0.3352583,-0.4232795,0.5585193,0.5775616,0.4187041,
1,43,126.509,0.4001271,0.05169578,-0.3352648,-0.4233185,0.5584969,0.5775777,0.4186726,
1,43,126.511,0.4001271,0.05169578,-0.3352648,-0.4233185,0.5584969,0.5775777,0.4186726,
1,43,126.513,0.4001271,0.05169578,-0.3352648,-0.4233185,0.5584969,0.5775777,0.4186726,
1,43,126.515,0.4001271,0.05169578,-0.3352648,-0.4233185,0.5584969,0.5775777,0.4186726,
1,43,126.517,0.4001271,0.05169578,-0.3352648,-0.4233185,0.5584969,0.5775777,0.4186726,
1,43,126.519,0.4001018,0.05166551,-0.3353007,-0.4232776,0.5585356,0.5775684,0.418675,
1,43,126.521,0.4001018,0.05166551,-0.3353007,-0.4232776,0.5585356,0.5775684,0.418675,
1,43,126.523,0.4001018,0.05166551,-0.3353007,-0.4232776,0.5585356,0.5775684,0.418675,
1,43,126.525,0.4001018,0.05166551,-0.3353007,-0.4232776,0.5585356,0.5775684,0.418675,
1,43,126.527,0.4001082,0.05162274,-0.3352942,-0.4232872,0.5585737,0.5775273,0.4186713,
1,43,126.529,0.4001082,0.05162274,-0.3352942,-0.4232872,0.5585737,0.5775273,0.4186713,
1,43,126.531,0.4001082,0.05162274,-0.3352942,-0.4232872,0.5585737,0.5775273,0.4186713,
1,43,126.533,0.4001082,0.05162274,-0.3352942,-0.4232872,0.5585737,0.5775273,0.4186713,
1,43,126.535,0.4000961,0.05158728,-0.3352797,-0.4232795,0.5585926,0.5775052,0.4186844,
1,43,126.537,0.4000961,0.05158728,-0.3352797,-0.4232795,0.5585926,0.5775052,0.4186844,
1,43,126.539,0.4000961,0.05158728,-0.3352797,-0.4232795,0.5585926,0.5775052,0.4186844,
1,43,126.541,0.4000961,0.05158728,-0.3352797,-0.4232795,0.5585926,0.5775052,0.4186844,
1,43,126.543,0.4001143,0.05170475,-0.3352306,-0.4233374,0.5584795,0.5775667,0.4186919,
1,43,126.545,0.4001143,0.05170475,-0.3352306,-0.4233374,0.5584795,0.5775667,0.4186919,
1,43,126.547,0.4001143,0.05170475,-0.3352306,-0.4233374,0.5584795,0.5775667,0.4186919,
1,43,126.549,0.4001143,0.05170475,-0.3352306,-0.4233374,0.5584795,0.5775667,0.4186919,
1,43,126.551,0.4001352,0.0517126,-0.3352072,-0.4233437,0.5584692,0.5775593,0.4187094,
1,43,126.553,0.4001352,0.0517126,-0.3352072,-0.4233437,0.5584692,0.5775593,0.4187094,
1,43,126.555,0.4001352,0.0517126,-0.3352072,-0.4233437,0.5584692,0.5775593,0.4187094,
1,43,126.557,0.4001352,0.0517126,-0.3352072,-0.4233437,0.5584692,0.5775593,0.4187094,
1,43,126.559,0.4001378,0.05173572,-0.335238,-0.423337,0.5584468,0.577592,0.4187011,
1,43,126.561,0.4001378,0.05173572,-0.335238,-0.423337,0.5584468,0.577592,0.4187011,
1,43,126.563,0.4001378,0.05173572,-0.335238,-0.423337,0.5584468,0.577592,0.4187011,
1,43,126.565,0.4001378,0.05173572,-0.335238,-0.423337,0.5584468,0.577592,0.4187011,
1,43,126.567,0.4001378,0.05173572,-0.335238,-0.423337,0.5584468,0.577592,0.4187011,
1,43,126.569,0.4001225,0.05167815,-0.3352572,-0.4233033,0.5585026,0.5775615,0.4187027,
1,43,126.571,0.4001225,0.05167815,-0.3352572,-0.4233033,0.5585026,0.5775615,0.4187027,
1,43,126.573,0.4001225,0.05167815,-0.3352572,-0.4233033,0.5585026,0.5775615,0.4187027,
1,43,126.575,0.4001225,0.05167815,-0.3352572,-0.4233033,0.5585026,0.5775615,0.4187027,
1,43,126.577,0.4001131,0.05168786,-0.3352552,-0.4233035,0.558474,0.5775838,0.4187097,
1,43,126.579,0.4001131,0.05168786,-0.3352552,-0.4233035,0.558474,0.5775838,0.4187097,
1,43,126.581,0.4001131,0.05168786,-0.3352552,-0.4233035,0.558474,0.5775838,0.4187097,
1,43,126.583,0.4001131,0.05168786,-0.3352552,-0.4233035,0.558474,0.5775838,0.4187097,
1,43,126.585,0.4001336,0.05184108,-0.3352423,-0.423346,0.5583392,0.5776941,0.4186945,
1,43,126.587,0.4001336,0.05184108,-0.3352423,-0.423346,0.5583392,0.5776941,0.4186945,
1,43,126.589,0.4001336,0.05184108,-0.3352423,-0.423346,0.5583392,0.5776941,0.4186945,
1,43,126.591,0.4001336,0.05184108,-0.3352423,-0.423346,0.5583392,0.5776941,0.4186945,
1,43,126.593,0.4001352,0.05179675,-0.3352529,-0.4233241,0.5583795,0.5776677,0.4186994,
1,43,126.595,0.4001352,0.05179675,-0.3352529,-0.4233241,0.5583795,0.5776677,0.4186994,
1,43,126.597,0.4001352,0.05179675,-0.3352529,-0.4233241,0.5583795,0.5776677,0.4186994,
1,43,126.599,0.4001352,0.05179675,-0.3352529,-0.4233241,0.5583795,0.5776677,0.4186994,
1,43,126.601,0.4001294,0.05173304,-0.3352612,-0.4233068,0.5584469,0.5776142,0.4187008,
1,43,126.603,0.4001294,0.05173304,-0.3352612,-0.4233068,0.5584469,0.5776142,0.4187008,
1,43,126.605,0.4001294,0.05173304,-0.3352612,-0.4233068,0.5584469,0.5776142,0.4187008,
1,43,126.607,0.4001294,0.05173304,-0.3352612,-0.4233068,0.5584469,0.5776142,0.4187008,
1,43,126.609,0.4001405,0.05169268,-0.3352432,-0.4232948,0.5584612,0.5775933,0.4187224,
1,43,126.611,0.4001405,0.05169268,-0.3352432,-0.4232948,0.5584612,0.5775933,0.4187224,
1,43,126.613,0.4001405,0.05169268,-0.3352432,-0.4232948,0.5584612,0.5775933,0.4187224,
1,43,126.615,0.4001405,0.05169268,-0.3352432,-0.4232948,0.5584612,0.5775933,0.4187224,
1,43,126.617,0.4001405,0.05169268,-0.3352432,-0.4232948,0.5584612,0.5775933,0.4187224,
1,43,126.619,0.4001239,0.05164339,-0.3352645,-0.4232528,0.5585098,0.5775759,0.4187241,
1,43,126.621,0.4001239,0.05164339,-0.3352645,-0.4232528,0.5585098,0.5775759,0.4187241,
1,43,126.623,0.4001239,0.05164339,-0.3352645,-0.4232528,0.5585098,0.5775759,0.4187241,
1,43,126.625,0.4001239,0.05164339,-0.3352645,-0.4232528,0.5585098,0.5775759,0.4187241,
1,43,126.627,0.4001015,0.0516135,-0.3352781,-0.4232471,0.5585439,0.5775523,0.4187171,
1,43,126.629,0.4001015,0.0516135,-0.3352781,-0.4232471,0.5585439,0.5775523,0.4187171,
1,43,126.631,0.4001015,0.0516135,-0.3352781,-0.4232471,0.5585439,0.5775523,0.4187171,
1,43,126.633,0.4001015,0.0516135,-0.3352781,-0.4232471,0.5585439,0.5775523,0.4187171,
1,43,126.635,0.4000629,0.0515708,-0.3352817,-0.4232184,0.5586156,0.5775213,0.4186932,
1,43,126.637,0.4000629,0.0515708,-0.3352817,-0.4232184,0.5586156,0.5775213,0.4186932,
1,43,126.639,0.4000629,0.0515708,-0.3352817,-0.4232184,0.5586156,0.5775213,0.4186932,
1,43,126.641,0.4000629,0.0515708,-0.3352817,-0.4232184,0.5586156,0.5775213,0.4186932,
1,43,126.643,0.4001241,0.05165691,-0.3353011,-0.4232895,0.5585362,0.5775596,0.4186743,
1,43,126.645,0.4001241,0.05165691,-0.3353011,-0.4232895,0.5585362,0.5775596,0.4186743,
1,43,126.647,0.4001241,0.05165691,-0.3353011,-0.4232895,0.5585362,0.5775596,0.4186743,
1,43,126.649,0.4001241,0.05165691,-0.3353011,-0.4232895,0.5585362,0.5775596,0.4186743,
1,43,126.651,0.4001341,0.05164175,-0.3352816,-0.4232753,0.5585493,0.5775462,0.4186897,
1,43,126.653,0.4001341,0.05164175,-0.3352816,-0.4232753,0.5585493,0.5775462,0.4186897,
1,43,126.655,0.4001341,0.05164175,-0.3352816,-0.4232753,0.5585493,0.5775462,0.4186897,
1,43,126.657,0.4001341,0.05164175,-0.3352816,-0.4232753,0.5585493,0.5775462,0.4186897,
1,43,126.659,0.4001371,0.05170935,-0.3352767,-0.4233111,0.5584764,0.5775972,0.4186804,
1,43,126.661,0.4001371,0.05170935,-0.3352767,-0.4233111,0.5584764,0.5775972,0.4186804,
1,43,126.663,0.4001371,0.05170935,-0.3352767,-0.4233111,0.5584764,0.5775972,0.4186804,
1,43,126.665,0.4001371,0.05170935,-0.3352767,-0.4233111,0.5584764,0.5775972,0.4186804,
1,43,126.667,0.4001371,0.05170935,-0.3352767,-0.4233111,0.5584764,0.5775972,0.4186804,
1,43,126.669,0.4001393,0.05170258,-0.3353015,-0.4233019,0.5584933,0.5775946,0.4186708,
1,43,126.671,0.4001393,0.05170258,-0.3353015,-0.4233019,0.5584933,0.5775946,0.4186708,
1,43,126.673,0.4001393,0.05170258,-0.3353015,-0.4233019,0.5584933,0.5775946,0.4186708,
1,43,126.675,0.4001393,0.05170258,-0.3353015,-0.4233019,0.5584933,0.5775946,0.4186708,
1,43,126.677,0.400141,0.05173256,-0.335289,-0.423312,0.558477,0.5776014,0.4186731,
1,43,126.679,0.400141,0.05173256,-0.335289,-0.423312,0.558477,0.5776014,0.4186731,
1,43,126.681,0.400141,0.05173256,-0.335289,-0.423312,0.558477,0.5776014,0.4186731,
1,43,126.683,0.400141,0.05173256,-0.335289,-0.423312,0.558477,0.5776014,0.4186731,
1,43,126.685,0.4001451,0.05174557,-0.3352592,-0.4233201,0.5584401,0.5776174,0.418692,
1,43,126.687,0.4001451,0.05174557,-0.3352592,-0.4233201,0.5584401,0.5776174,0.418692,
1,43,126.689,0.4001451,0.05174557,-0.3352592,-0.4233201,0.5584401,0.5776174,0.418692,
1,43,126.691,0.4001451,0.05174557,-0.3352592,-0.4233201,0.5584401,0.5776174,0.418692,
1,43,126.693,0.400136,0.05171277,-0.3352332,-0.4233353,0.5584599,0.5775884,0.4186902,
1,43,126.695,0.400136,0.05171277,-0.3352332,-0.4233353,0.5584599,0.5775884,0.4186902,
1,43,126.697,0.400136,0.05171277,-0.3352332,-0.4233353,0.5584599,0.5775884,0.4186902,
1,43,126.699,0.400136,0.05171277,-0.3352332,-0.4233353,0.5584599,0.5775884,0.4186902,
1,43,126.701,0.4001483,0.05173557,-0.3352336,-0.4233365,0.5584234,0.5776163,0.4186991,
1,43,126.703,0.4001483,0.05173557,-0.3352336,-0.4233365,0.5584234,0.5776163,0.4186991,
1,43,126.705,0.4001483,0.05173557,-0.3352336,-0.4233365,0.5584234,0.5776163,0.4186991,
1,43,126.707,0.4001483,0.05173557,-0.3352336,-0.4233365,0.5584234,0.5776163,0.4186991,
1,43,126.709,0.4001502,0.05172742,-0.3352394,-0.4233215,0.558439,0.5776098,0.4187024,
1,43,126.711,0.4001502,0.05172742,-0.3352394,-0.4233215,0.558439,0.5776098,0.4187024,
1,43,126.713,0.4001502,0.05172742,-0.3352394,-0.4233215,0.558439,0.5776098,0.4187024,
1,43,126.715,0.4001502,0.05172742,-0.3352394,-0.4233215,0.558439,0.5776098,0.4187024,
1,43,126.717,0.4001502,0.05172742,-0.3352394,-0.4233215,0.558439,0.5776098,0.4187024,
1,43,126.719,0.4001155,0.05178368,-0.3352524,-0.4233025,0.5583972,0.5776728,0.4186906,
1,43,126.721,0.4001155,0.05178368,-0.3352524,-0.4233025,0.5583972,0.5776728,0.4186906,
1,43,126.723,0.4001155,0.05178368,-0.3352524,-0.4233025,0.5583972,0.5776728,0.4186906,
1,43,126.725,0.4001155,0.05178368,-0.3352524,-0.4233025,0.5583972,0.5776728,0.4186906,
1,43,126.727,0.4001337,0.05177622,-0.3352395,-0.4233089,0.5583978,0.5776544,0.4187086,
1,43,126.729,0.4001337,0.05177622,-0.3352395,-0.4233089,0.5583978,0.5776544,0.4187086,
1,43,126.731,0.4001337,0.05177622,-0.3352395,-0.4233089,0.5583978,0.5776544,0.4187086,
1,43,126.733,0.4001337,0.05177622,-0.3352395,-0.4233089,0.5583978,0.5776544,0.4187086,
1,43,126.735,0.400136,0.05174246,-0.3352346,-0.4233127,0.5584516,0.577597,0.4187123,
1,43,126.737,0.400136,0.05174246,-0.3352346,-0.4233127,0.5584516,0.577597,0.4187123,
1,43,126.739,0.400136,0.05174246,-0.3352346,-0.4233127,0.5584516,0.577597,0.4187123,
1,43,126.741,0.400136,0.05174246,-0.3352346,-0.4233127,0.5584516,0.577597,0.4187123,
1,43,126.743,0.4001352,0.05172695,-0.3352445,-0.4233191,0.5584573,0.5776011,0.4186925,
1,43,126.745,0.4001352,0.05172695,-0.3352445,-0.4233191,0.5584573,0.5776011,0.4186925,
1,43,126.747,0.4001352,0.05172695,-0.3352445,-0.4233191,0.5584573,0.5776011,0.4186925,
1,43,126.749,0.4001352,0.05172695,-0.3352445,-0.4233191,0.5584573,0.5776011,0.4186925,
1,43,126.751,0.400113,0.05157495,-0.3352712,-0.4232594,0.5586171,0.5774862,0.4186983,
1,43,126.753,0.400113,0.05157495,-0.3352712,-0.4232594,0.5586171,0.5774862,0.4186983,
1,43,126.755,0.400113,0.05157495,-0.3352712,-0.4232594,0.5586171,0.5774862,0.4186983,
1,43,126.757,0.400113,0.05157495,-0.3352712,-0.4232594,0.5586171,0.5774862,0.4186983,
1,43,126.759,0.4001068,0.05154283,-0.3352772,-0.423251,0.5586595,0.5774526,0.4186964,
1,43,126.761,0.4001068,0.05154283,-0.3352772,-0.423251,0.5586595,0.5774526,0.4186964,
1,43,126.763,0.4001068,0.05154283,-0.3352772,-0.423251,0.5586595,0.5774526,0.4186964,
1,43,126.765,0.4001068,0.05154283,-0.3352772,-0.423251,0.5586595,0.5774526,0.4186964,
1,43,126.767,0.4001068,0.05154283,-0.3352772,-0.423251,0.5586595,0.5774526,0.4186964,
1,43,126.769,0.400117,0.05155364,-0.3352491,-0.4232756,0.5586107,0.5774678,0.4187157,
1,43,126.771,0.400117,0.05155364,-0.3352491,-0.4232756,0.5586107,0.5774678,0.4187157,
1,43,126.773,0.400117,0.05155364,-0.3352491,-0.4232756,0.5586107,0.5774678,0.4187157,
1,43,126.775,0.400117,0.05155364,-0.3352491,-0.4232756,0.5586107,0.5774678,0.4187157,
1,43,126.777,0.4001386,0.05165171,-0.3352299,-0.4233097,0.5585035,0.5775441,0.4187191,
1,43,126.779,0.4001386,0.05165171,-0.3352299,-0.4233097,0.5585035,0.5775441,0.4187191,
1,43,126.781,0.4001386,0.05165171,-0.3352299,-0.4233097,0.5585035,0.5775441,0.4187191,
1,43,126.783,0.4001386,0.05165171,-0.3352299,-0.4233097,0.5585035,0.5775441,0.4187191,
1,43,126.785,0.4001437,0.05165378,-0.335238,-0.4233077,0.5585295,0.5775352,0.4186986,
1,43,126.787,0.4001437,0.05165378,-0.335238,-0.4233077,0.5585295,0.5775352,0.4186986,
1,43,126.789,0.4001437,0.05165378,-0.335238,-0.4233077,0.5585295,0.5775352,0.4186986,
1,43,126.791,0.4001437,0.05165378,-0.335238,-0.4233077,0.5585295,0.5775352,0.4186986,
1,43,126.793,0.4001245,0.0516059,-0.3352488,-0.4232956,0.558612,0.5774788,0.4186786,
1,43,126.795,0.4001245,0.0516059,-0.3352488,-0.4232956,0.558612,0.5774788,0.4186786,
1,43,126.797,0.4001245,0.0516059,-0.3352488,-0.4232956,0.558612,0.5774788,0.4186786,
1,43,126.799,0.4001245,0.0516059,-0.3352488,-0.4232956,0.558612,0.5774788,0.4186786,
1,43,126.801,0.4001189,0.05157679,-0.3352552,-0.4232764,0.5586198,0.5774741,0.4186942,
1,43,126.803,0.4001189,0.05157679,-0.3352552,-0.4232764,0.5586198,0.5774741,0.4186942,
1,43,126.805,0.4001189,0.05157679,-0.3352552,-0.4232764,0.5586198,0.5774741,0.4186942,
1,43,126.807,0.4001189,0.05157679,-0.3352552,-0.4232764,0.5586198,0.5774741,0.4186942,
1,43,126.809,0.4001296,0.05161237,-0.3352703,-0.4232643,0.5585772,0.5775157,0.4187059,
1,43,126.811,0.4001296,0.05161237,-0.3352703,-0.4232643,0.5585772,0.5775157,0.4187059,
1,43,126.813,0.4001296,0.05161237,-0.3352703,-0.4232643,0.5585772,0.5775157,0.4187059,
1,43,126.815,0.4001296,0.05161237,-0.3352703,-0.4232643,0.5585772,0.5775157,0.4187059,
1,43,126.817,0.4001296,0.05161237,-0.3352703,-0.4232643,0.5585772,0.5775157,0.4187059,
1,43,126.819,0.4001687,0.05177091,-0.3352426,-0.4233436,0.5584255,0.5776165,0.4186889,
1,43,126.821,0.4001687,0.05177091,-0.3352426,-0.4233436,0.5584255,0.5776165,0.4186889,
1,43,126.823,0.4001687,0.05177091,-0.3352426,-0.4233436,0.5584255,0.5776165,0.4186889,
1,43,126.825,0.4001687,0.05177091,-0.3352426,-0.4233436,0.5584255,0.5776165,0.4186889,
1,43,126.827,0.400178,0.05179507,-0.33525,-0.4233385,0.5583841,0.5776495,0.4187036,
1,43,126.829,0.400178,0.05179507,-0.33525,-0.4233385,0.5583841,0.5776495,0.4187036,
1,43,126.831,0.400178,0.05179507,-0.33525,-0.4233385,0.5583841,0.5776495,0.4187036,
1,43,126.833,0.400178,0.05179507,-0.33525,-0.4233385,0.5583841,0.5776495,0.4187036,
1,43,126.835,0.40017,0.05177185,-0.3352664,-0.4233274,0.5584054,0.5776428,0.4186957,
1,43,126.837,0.40017,0.05177185,-0.3352664,-0.4233274,0.5584054,0.5776428,0.4186957,
1,43,126.839,0.40017,0.05177185,-0.3352664,-0.4233274,0.5584054,0.5776428,0.4186957,
1,43,126.841,0.40017,0.05177185,-0.3352664,-0.4233274,0.5584054,0.5776428,0.4186957,
1,43,126.843,0.4001469,0.05177673,-0.3352343,-0.4233409,0.5584149,0.5776194,0.4187017,
1,43,126.845,0.4001469,0.05177673,-0.3352343,-0.4233409,0.5584149,0.5776194,0.4187017,
1,43,126.847,0.4001469,0.05177673,-0.3352343,-0.4233409,0.5584149,0.5776194,0.4187017,
1,43,126.849,0.4001469,0.05177673,-0.3352343,-0.4233409,0.5584149,0.5776194,0.4187017,
1,43,126.851,0.4001382,0.05173598,-0.3352773,-0.4233035,0.5584762,0.5775961,0.41869,
1,43,126.853,0.4001382,0.05173598,-0.3352773,-0.4233035,0.5584762,0.5775961,0.41869,
1,43,126.855,0.4001382,0.05173598,-0.3352773,-0.4233035,0.5584762,0.5775961,0.41869,
1,43,126.857,0.4001382,0.05173598,-0.3352773,-0.4233035,0.5584762,0.5775961,0.41869,
1,43,126.859,0.4001035,0.05160987,-0.3352631,-0.4232889,0.5586022,0.5774863,0.418688,
1,43,126.861,0.4001035,0.05160987,-0.3352631,-0.4232889,0.5586022,0.5774863,0.418688,
1,43,126.863,0.4001035,0.05160987,-0.3352631,-0.4232889,0.5586022,0.5774863,0.418688,
1,43,126.865,0.4001035,0.05160987,-0.3352631,-0.4232889,0.5586022,0.5774863,0.418688,
1,43,126.867,0.4001035,0.05160987,-0.3352631,-0.4232889,0.5586022,0.5774863,0.418688,
1,43,126.869,0.4001129,0.0516295,-0.3352608,-0.4232922,0.5585691,0.5775104,0.4186958,
1,43,126.871,0.4001129,0.0516295,-0.3352608,-0.4232922,0.5585691,0.5775104,0.4186958,
1,43,126.873,0.4001129,0.0516295,-0.3352608,-0.4232922,0.5585691,0.5775104,0.4186958,
1,43,126.875,0.4001129,0.0516295,-0.3352608,-0.4232922,0.5585691,0.5775104,0.4186958,
1,43,126.877,0.4001436,0.05168395,-0.3352751,-0.4233072,0.5584989,0.5775649,0.4186989,
1,43,126.879,0.4001436,0.05168395,-0.3352751,-0.4233072,0.5584989,0.5775649,0.4186989,
1,43,126.881,0.4001436,0.05168395,-0.3352751,-0.4233072,0.5584989,0.5775649,0.4186989,
1,43,126.883,0.4001436,0.05168395,-0.3352751,-0.4233072,0.5584989,0.5775649,0.4186989,
1,43,126.885,0.4001201,0.0516408,-0.3352555,-0.4232954,0.5585625,0.577512,0.418699,
1,43,126.887,0.4001201,0.0516408,-0.3352555,-0.4232954,0.5585625,0.577512,0.418699,
1,43,126.889,0.4001201,0.0516408,-0.3352555,-0.4232954,0.5585625,0.577512,0.418699,
1,43,126.891,0.4001201,0.0516408,-0.3352555,-0.4232954,0.5585625,0.577512,0.418699,
1,43,126.893,0.4000841,0.05155893,-0.3352681,-0.4232591,0.5586652,0.577442,0.4186952,
1,43,126.895,0.4000841,0.05155893,-0.3352681,-0.4232591,0.5586652,0.577442,0.4186952,
1,43,126.897,0.4000841,0.05155893,-0.3352681,-0.4232591,0.5586652,0.577442,0.4186952,
1,43,126.899,0.4000841,0.05155893,-0.3352681,-0.4232591,0.5586652,0.577442,0.4186952,
1,43,126.901,0.4000765,0.05151898,-0.3352893,-0.4232368,0.5587119,0.5774117,0.4186971,
1,43,126.903,0.4000765,0.05151898,-0.3352893,-0.4232368,0.5587119,0.5774117,0.4186971,
1,43,126.905,0.4000765,0.05151898,-0.3352893,-0.4232368,0.5587119,0.5774117,0.4186971,
1,43,126.907,0.4000765,0.05151898,-0.3352893,-0.4232368,0.5587119,0.5774117,0.4186971,
1,43,126.909,0.4001124,0.05160042,-0.335286,-0.423284,0.5585889,0.5774981,0.4186945,
1,43,126.911,0.4001124,0.05160042,-0.335286,-0.423284,0.5585889,0.5774981,0.4186945,
1,43,126.913,0.4001124,0.05160042,-0.335286,-0.423284,0.5585889,0.5774981,0.4186945,
1,43,126.915,0.4001124,0.05160042,-0.335286,-0.423284,0.5585889,0.5774981,0.4186945,
1,43,126.917,0.4001124,0.05160042,-0.335286,-0.423284,0.5585889,0.5774981,0.4186945,
1,43,126.919,0.4001116,0.05159948,-0.33527,-0.4232884,0.5585882,0.5774975,0.4186918,
1,43,126.921,0.4001116,0.05159948,-0.33527,-0.4232884,0.5585882,0.5774975,0.4186918,
1,43,126.923,0.4001116,0.05159948,-0.33527,-0.4232884,0.5585882,0.5774975,0.4186918,
1,43,126.925,0.4001116,0.05159948,-0.33527,-0.4232884,0.5585882,0.5774975,0.4186918,
1,43,126.927,0.4001283,0.05166822,-0.3352641,-0.4233236,0.5585303,0.5775331,0.4186845,
1,43,126.929,0.4001283,0.05166822,-0.3352641,-0.4233236,0.5585303,0.5775331,0.4186845,
1,43,126.931,0.4001283,0.05166822,-0.3352641,-0.4233236,0.5585303,0.5775331,0.4186845,
1,43,126.933,0.4001283,0.05166822,-0.3352641,-0.4233236,0.5585303,0.5775331,0.4186845,
1,43,126.935,0.4001277,0.0516628,-0.3352888,-0.4233081,0.5585356,0.5775409,0.4186824,
1,43,126.937,0.4001277,0.0516628,-0.3352888,-0.4233081,0.5585356,0.5775409,0.4186824,
1,43,126.939,0.4001277,0.0516628,-0.3352888,-0.4233081,0.5585356,0.5775409,0.4186824,
1,43,126.941,0.4001277,0.0516628,-0.3352888,-0.4233081,0.5585356,0.5775409,0.4186824,
1,43,126.943,0.4001113,0.05155541,-0.335279,-0.4232945,0.558638,0.5774515,0.4186823,
1,43,126.945,0.4001113,0.05155541,-0.335279,-0.4232945,0.558638,0.5774515,0.4186823,
1,43,126.947,0.4001113,0.05155541,-0.335279,-0.4232945,0.558638,0.5774515,0.4186823,
1,43,126.949,0.4001113,0.05155541,-0.335279,-0.4232945,0.558638,0.5774515,0.4186823,
1,43,126.951,0.4001108,0.05157142,-0.3352615,-0.4233094,0.5586182,0.5774571,0.4186864,
1,43,126.953,0.4001108,0.05157142,-0.3352615,-0.4233094,0.5586182,0.5774571,0.4186864,
1,43,126.955,0.4001108,0.05157142,-0.3352615,-0.4233094,0.5586182,0.5774571,0.4186864,
1,43,126.957,0.4001108,0.05157142,-0.3352615,-0.4233094,0.5586182,0.5774571,0.4186864,
1,43,126.959,0.400139,0.05167633,-0.3352598,-0.4233303,0.5585228,0.5775335,0.418687,
1,43,126.961,0.400139,0.05167633,-0.3352598,-0.4233303,0.5585228,0.5775335,0.418687,
1,43,126.963,0.400139,0.05167633,-0.3352598,-0.4233303,0.5585228,0.5775335,0.418687,
1,43,126.965,0.400139,0.05167633,-0.3352598,-0.4233303,0.5585228,0.5775335,0.418687,
1,43,126.967,0.400139,0.05167633,-0.3352598,-0.4233303,0.5585228,0.5775335,0.418687,
1,43,126.969,0.4001142,0.05154867,-0.3352789,-0.423289,0.5586454,0.5774519,0.4186777,
1,43,126.971,0.4001142,0.05154867,-0.3352789,-0.423289,0.5586454,0.5774519,0.4186777,
1,43,126.973,0.4001142,0.05154867,-0.3352789,-0.423289,0.5586454,0.5774519,0.4186777,
1,43,126.975,0.4001142,0.05154867,-0.3352789,-0.423289,0.5586454,0.5774519,0.4186777,
1,43,126.977,0.4001013,0.05160667,-0.3353201,-0.4232711,0.5585976,0.5775161,0.4186712,
1,43,126.979,0.4001013,0.05160667,-0.3353201,-0.4232711,0.5585976,0.5775161,0.4186712,
1,43,126.981,0.4001013,0.05160667,-0.3353201,-0.4232711,0.5585976,0.5775161,0.4186712,
1,43,126.983,0.4001013,0.05160667,-0.3353201,-0.4232711,0.5585976,0.5775161,0.4186712,
1,43,126.985,0.4001203,0.05167443,-0.3353181,-0.4232962,0.5585258,0.5775706,0.4186664,
1,43,126.987,0.4001203,0.05167443,-0.3353181,-0.4232962,0.5585258,0.5775706,0.4186664,
1,43,126.989,0.4001203,0.05167443,-0.3353181,-0.4232962,0.5585258,0.5775706,0.4186664,
1,43,126.991,0.4001203,0.05167443,-0.3353181,-0.4232962,0.5585258,0.5775706,0.4186664,
1,43,126.993,0.4001388,0.05169964,-0.3352982,-0.4233108,0.5584809,0.5775946,0.4186784,
1,43,126.995,0.4001388,0.05169964,-0.3352982,-0.4233108,0.5584809,0.5775946,0.4186784,
1,43,126.997,0.4001388,0.05169964,-0.3352982,-0.4233108,0.5584809,0.5775946,0.4186784,
1,43,126.999,0.4001388,0.05169964,-0.3352982,-0.4233108,0.5584809,0.5775946,0.4186784,
1,43,127.001,0.4001015,0.05160182,-0.3352956,-0.423281,0.5586266,0.577486,0.418664,
1,43,127.003,0.4001015,0.05160182,-0.3352956,-0.423281,0.5586266,0.577486,0.418664,
1,43,127.005,0.4001015,0.05160182,-0.3352956,-0.423281,0.5586266,0.577486,0.418664,
1,43,127.007,0.4001015,0.05160182,-0.3352956,-0.423281,0.5586266,0.577486,0.418664,
1,43,127.009,0.4001092,0.05157919,-0.3352654,-0.4232762,0.5585852,0.5774959,0.4187103,
1,43,127.011,0.4001092,0.05157919,-0.3352654,-0.4232762,0.5585852,0.5774959,0.4187103,
1,43,127.013,0.4001092,0.05157919,-0.3352654,-0.4232762,0.5585852,0.5774959,0.4187103,
1,43,127.015,0.4001092,0.05157919,-0.3352654,-0.4232762,0.5585852,0.5774959,0.4187103,
1,43,127.017,0.4001092,0.05157919,-0.3352654,-0.4232762,0.5585852,0.5774959,0.4187103,
1,43,127.019,0.400124,0.05161488,-0.3352861,-0.4232816,0.5585615,0.5775261,0.4186949,
1,43,127.021,0.400124,0.05161488,-0.3352861,-0.4232816,0.5585615,0.5775261,0.4186949,
1,43,127.023,0.400124,0.05161488,-0.3352861,-0.4232816,0.5585615,0.5775261,0.4186949,
1,43,127.025,0.400124,0.05161488,-0.3352861,-0.4232816,0.5585615,0.5775261,0.4186949,
1,43,127.027,0.4001452,0.0516847,-0.3352681,-0.4233293,0.5585008,0.5775643,0.418675,
1,43,127.029,0.4001452,0.0516847,-0.3352681,-0.4233293,0.5585008,0.5775643,0.418675,
1,43,127.031,0.4001452,0.0516847,-0.3352681,-0.4233293,0.5585008,0.5775643,0.418675,
1,43,127.033,0.4001452,0.0516847,-0.3352681,-0.4233293,0.5585008,0.5775643,0.418675,
1,43,127.035,0.4001543,0.05172646,-0.3352706,-0.423312,0.558457,0.5776083,0.4186902,
1,43,127.037,0.4001543,0.05172646,-0.3352706,-0.423312,0.558457,0.5776083,0.4186902,
1,43,127.039,0.4001543,0.05172646,-0.3352706,-0.423312,0.558457,0.5776083,0.4186902,
1,43,127.041,0.4001543,0.05172646,-0.3352706,-0.423312,0.558457,0.5776083,0.4186902,
1,43,127.043,0.4001139,0.05159052,-0.3352895,-0.4232728,0.5586137,0.5774895,0.4186848,
1,43,127.045,0.4001139,0.05159052,-0.3352895,-0.4232728,0.5586137,0.5774895,0.4186848,
1,43,127.047,0.4001139,0.05159052,-0.3352895,-0.4232728,0.5586137,0.5774895,0.4186848,
1,43,127.049,0.4001139,0.05159052,-0.3352895,-0.4232728,0.5586137,0.5774895,0.4186848,
1,43,127.051,0.4001087,0.05161107,-0.3352776,-0.4232828,0.5586036,0.5774914,0.4186854,
1,43,127.053,0.4001087,0.05161107,-0.3352776,-0.4232828,0.5586036,0.5774914,0.4186854,
1,43,127.055,0.4001087,0.05161107,-0.3352776,-0.4232828,0.5586036,0.5774914,0.4186854,
1,43,127.057,0.4001087,0.05161107,-0.3352776,-0.4232828,0.5586036,0.5774914,0.4186854,
1,43,127.059,0.400139,0.05166131,-0.3352416,-0.4233137,0.5585327,0.5775278,0.4186985,
1,43,127.061,0.400139,0.05166131,-0.3352416,-0.4233137,0.5585327,0.5775278,0.4186985,
1,43,127.063,0.400139,0.05166131,-0.3352416,-0.4233137,0.5585327,0.5775278,0.4186985,
1,43,127.065,0.400139,0.05166131,-0.3352416,-0.4233137,0.5585327,0.5775278,0.4186985,
1,43,127.067,0.400139,0.05166131,-0.3352416,-0.4233137,0.5585327,0.5775278,0.4186985,
1,43,127.069,0.4001287,0.05165962,-0.3352006,-0.4233337,0.5585208,0.5775079,0.4187216,
1,43,127.071,0.4001287,0.05165962,-0.3352006,-0.4233337,0.5585208,0.5775079,0.4187216,
1,43,127.073,0.4001287,0.05165962,-0.3352006,-0.4233337,0.5585208,0.5775079,0.4187216,
1,43,127.075,0.4001287,0.05165962,-0.3352006,-0.4233337,0.5585208,0.5775079,0.4187216,
1,43,127.077,0.4001327,0.0516839,-0.3352361,-0.4233264,0.5585114,0.5775365,0.4187021,
1,43,127.079,0.4001327,0.0516839,-0.3352361,-0.4233264,0.5585114,0.5775365,0.4187021,
1,43,127.081,0.4001327,0.0516839,-0.3352361,-0.4233264,0.5585114,0.5775365,0.4187021,
1,43,127.083,0.4001327,0.0516839,-0.3352361,-0.4233264,0.5585114,0.5775365,0.4187021,
1,43,127.085,0.4001433,0.05173808,-0.3352713,-0.4233504,0.5584468,0.5776033,0.4186717,
1,43,127.087,0.4001433,0.05173808,-0.3352713,-0.4233504,0.5584468,0.5776033,0.4186717,
1,43,127.089,0.4001433,0.05173808,-0.3352713,-0.4233504,0.5584468,0.5776033,0.4186717,
1,43,127.091,0.4001433,0.05173808,-0.3352713,-0.4233504,0.5584468,0.5776033,0.4186717,
1,43,127.093,0.4001406,0.05174728,-0.33524,-0.4233652,0.5584602,0.5775806,0.4186703,
1,43,127.095,0.4001406,0.05174728,-0.33524,-0.4233652,0.5584602,0.5775806,0.4186703,
1,43,127.097,0.4001406,0.05174728,-0.33524,-0.4233652,0.5584602,0.5775806,0.4186703,
1,43,127.099,0.4001406,0.05174728,-0.33524,-0.4233652,0.5584602,0.5775806,0.4186703,
1,43,127.101,0.4001383,0.05174657,-0.3352372,-0.4233698,0.5584587,0.5775797,0.418669,
1,43,127.103,0.4001383,0.05174657,-0.3352372,-0.4233698,0.5584587,0.5775797,0.418669,
1,43,127.105,0.4001383,0.05174657,-0.3352372,-0.4233698,0.5584587,0.5775797,0.418669,
1,43,127.107,0.4001383,0.05174657,-0.3352372,-0.4233698,0.5584587,0.5775797,0.418669,
1,43,127.109,0.4000688,0.05161737,-0.3352802,-0.4232685,0.5586209,0.5774931,0.4186742,
1,43,127.111,0.4000688,0.05161737,-0.3352802,-0.4232685,0.5586209,0.5774931,0.4186742,
1,43,127.113,0.4000688,0.05161737,-0.3352802,-0.4232685,0.5586209,0.5774931,0.4186742,
1,43,127.115,0.4000688,0.05161737,-0.3352802,-0.4232685,0.5586209,0.5774931,0.4186742,
1,43,127.117,0.4000688,0.05161737,-0.3352802,-0.4232685,0.5586209,0.5774931,0.4186742,
1,43,127.119,0.4001145,0.05165735,-0.3352659,-0.4233137,0.5585332,0.5775439,0.4186756,
1,43,127.121,0.4001145,0.05165735,-0.3352659,-0.4233137,0.5585332,0.5775439,0.4186756,
1,43,127.123,0.4001145,0.05165735,-0.3352659,-0.4233137,0.5585332,0.5775439,0.4186756,
1,43,127.125,0.4001145,0.05165735,-0.3352659,-0.4233137,0.5585332,0.5775439,0.4186756,
1,43,127.127,0.4001033,0.05163413,-0.3352891,-0.4232798,0.5585533,0.5775458,0.4186805,
1,43,127.129,0.4001033,0.05163413,-0.3352891,-0.4232798,0.5585533,0.5775458,0.4186805,
1,43,127.131,0.4001033,0.05163413,-0.3352891,-0.4232798,0.5585533,0.5775458,0.4186805,
1,43,127.133,0.4001033,0.05163413,-0.3352891,-0.4232798,0.5585533,0.5775458,0.4186805,
1,43,127.135,0.4000825,0.05160046,-0.3352526,-0.4232877,0.5586066,0.5774869,0.4186827,
1,43,127.137,0.4000825,0.05160046,-0.3352526,-0.4232877,0.5586066,0.5774869,0.4186827,
1,43,127.139,0.4000825,0.05160046,-0.3352526,-0.4232877,0.5586066,0.5774869,0.4186827,
1,43,127.141,0.4000825,0.05160046,-0.3352526,-0.4232877,0.5586066,0.5774869,0.4186827,
1,43,127.143,0.4001086,0.0516134,-0.3352917,-0.4232846,0.5585697,0.5775248,0.4186825,
1,43,127.145,0.4001086,0.0516134,-0.3352917,-0.4232846,0.5585697,0.5775248,0.4186825,
1,43,127.147,0.4001086,0.0516134,-0.3352917,-0.4232846,0.5585697,0.5775248,0.4186825,
1,43,127.149,0.4001086,0.0516134,-0.3352917,-0.4232846,0.5585697,0.5775248,0.4186825,
1,43,127.151,0.4000985,0.05160194,-0.335299,-0.4232754,0.5586029,0.5775066,0.4186729,
1,43,127.153,0.4000985,0.05160194,-0.335299,-0.4232754,0.5586029,0.5775066,0.4186729,
1,43,127.155,0.4000985,0.05160194,-0.335299,-0.4232754,0.5586029,0.5775066,0.4186729,
1,43,127.157,0.4000985,0.05160194,-0.335299,-0.4232754,0.5586029,0.5775066,0.4186729,
1,43,127.159,0.4000886,0.05151763,-0.3353061,-0.4232458,0.5586761,0.5774446,0.4186905,
1,43,127.161,0.4000886,0.05151763,-0.3353061,-0.4232458,0.5586761,0.5774446,0.4186905,
1,43,127.163,0.4000886,0.05151763,-0.3353061,-0.4232458,0.5586761,0.5774446,0.4186905,
1,43,127.165,0.4000886,0.05151763,-0.3353061,-0.4232458,0.5586761,0.5774446,0.4186905,
1,43,127.167,0.4000886,0.05151763,-0.3353061,-0.4232458,0.5586761,0.5774446,0.4186905,
1,43,127.169,0.4000851,0.05149667,-0.3352556,-0.4232608,0.5586711,0.5774269,0.4187065,
1,43,127.171,0.4000851,0.05149667,-0.3352556,-0.4232608,0.5586711,0.5774269,0.4187065,
1,43,127.173,0.4000851,0.05149667,-0.3352556,-0.4232608,0.5586711,0.5774269,0.4187065,
1,43,127.175,0.4000851,0.05149667,-0.3352556,-0.4232608,0.5586711,0.5774269,0.4187065,
1,43,127.177,0.4001338,0.05162543,-0.3352491,-0.4233274,0.5585455,0.5775124,0.4186888,
1,43,127.179,0.4001338,0.05162543,-0.3352491,-0.4233274,0.5585455,0.5775124,0.4186888,
1,43,127.181,0.4001338,0.05162543,-0.3352491,-0.4233274,0.5585455,0.5775124,0.4186888,CourtEnter
1,43,127.183,0.4001338,0.05162543,-0.3352491,-0.4233274,0.5585455,0.5775124,0.4186888,
1,43,127.185,0.4001478,0.05171424,-0.3352657,-0.4233456,0.5584564,0.5775877,0.4186853,
1,43,127.187,0.4001478,0.05171424,-0.3352657,-0.4233456,0.5584564,0.5775877,0.4186853,
1,43,127.189,0.4001478,0.05171424,-0.3352657,-0.4233456,0.5584564,0.5775877,0.4186853,CourtExit
1,43,127.191,0.4001478,0.05171424,-0.3352657,-0.4233456,0.5584564,0.5775877,0.4186853,
1,43,127.193,0.4000926,0.05157447,-0.335306,-0.4232676,0.5586336,0.5774854,0.4186689,
1,43,127.195,0.4000926,0.05157447,-0.335306,-0.4232676,0.5586336,0.5774854,0.4186689,
1,43,127.197,0.4000926,0.05157447,-0.335306,-0.4232676,0.5586336,0.5774854,0.4186689,
1,43,127.199,0.4000926,0.05157447,-0.335306,-0.4232676,0.5586336,0.5774854,0.4186689,
1,43,127.201,0.4000877,0.0516661,-0.3352754,-0.4233003,0.5585377,0.5775539,0.4186693,
1,43,127.203,0.4000877,0.0516661,-0.3352754,-0.4233003,0.5585377,0.5775539,0.4186693,
1,43,127.205,0.4000877,0.0516661,-0.3352754,-0.4233003,0.5585377,0.5775539,0.4186693,
1,43,127.207,0.4000877,0.0516661,-0.3352754,-0.4233003,0.5585377,0.5775539,0.4186693,
1,43,127.209,0.4001122,0.05168121,-0.3352811,-0.4233047,0.558517,0.5775683,0.4186727,
1,43,127.211,0.4001122,0.05168121,-0.3352811,-0.4233047,0.558517,0.5775683,0.4186727,
1,43,127.213,0.4001122,0.05168121,-0.3352811,-0.4233047,0.558517,0.5775683,0.4186727,
1,43,127.215,0.4001122,0.05168121,-0.3352811,-0.4233047,0.558517,0.5775683,0.4186727,
1,43,127.217,0.4001122,0.05168121,-0.3352811,-0.4233047,0.558517,0.5775683,0.4186727,
1,43,127.219,0.400149,0.05172345,-0.3352818,-0.4233214,0.5584476,0.5776126,0.4186874,
1,43,127.221,0.400149,0.05172345,-0.3352818,-0.4233214,0.5584476,0.5776126,0.4186874,
1,43,127.223,0.400149,0.05172345,-0.3352818,-0.4233214,0.5584476,0.5776126,0.4186874,
1,43,127.225,0.400149,0.05172345,-0.3352818,-0.4233214,0.5584476,0.5776126,0.4186874,
1,43,127.227,0.4001207,0.05164148,-0.3352798,-0.4232755,0.5585461,0.5775408,0.4187013,
1,43,127.229,0.4001207,0.05164148,-0.3352798,-0.4232755,0.5585461,0.5775408,0.4187013,
1,43,127.231,0.4001207,0.05164148,-0.3352798,-0.4232755,0.5585461,0.5775408,0.4187013,
1,43,127.233,0.4001207,0.05164148,-0.3352798,-0.4232755,0.5585461,0.5775408,0.4187013,
1,43,127.235,0.400111,0.05154901,-0.3352708,-0.4232668,0.5586126,0.5774673,0.4187227,
1,43,127.237,0.400111,0.05154901,-0.3352708,-0.4232668,0.5586126,0.5774673,0.4187227,
1,43,127.239,0.400111,0.05154901,-0.3352708,-0.4232668,0.5586126,0.5774673,0.4187227,
1,43,127.241,0.400111,0.05154901,-0.3352708,-0.4232668,0.5586126,0.5774673,0.4187227,
1,43,127.243,0.4001248,0.0516539,-0.3352909,-0.4232797,0.5585161,0.5775627,0.4187068,
1,43,127.245,0.4001248,0.0516539,-0.3352909,-0.4232797,0.5585161,0.5775627,0.4187068,
1,43,127.247,0.4001248,0.0516539,-0.3352909,-0.4232797,0.5585161,0.5775627,0.4187068,
1,43,127.249,0.4001248,0.0516539,-0.3352909,-0.4232797,0.5585161,0.5775627,0.4187068,
1,43,127.251,0.4001018,0.05156492,-0.335293,-0.4232731,0.5586374,0.5774755,0.4186721,
1,43,127.253,0.4001018,0.05156492,-0.335293,-0.4232731,0.5586374,0.5774755,0.4186721,
1,43,127.255,0.4001018,0.05156492,-0.335293,-0.4232731,0.5586374,0.5774755,0.4186721,
1,43,127.257,0.4001018,0.05156492,-0.335293,-0.4232731,0.5586374,0.5774755,0.4186721,
1,43,127.259,0.4000869,0.05155351,-0.3352928,-0.4232536,0.5586472,0.5774673,0.4186901,
1,43,127.261,0.4000869,0.05155351,-0.3352928,-0.4232536,0.5586472,0.5774673,0.4186901,
1,43,127.263,0.4000869,0.05155351,-0.3352928,-0.4232536,0.5586472,0.5774673,0.4186901,
1,43,127.265,0.4000869,0.05155351,-0.3352928,-0.4232536,0.5586472,0.5774673,0.4186901,
1,43,127.267,0.4000869,0.05155351,-0.3352928,-0.4232536,0.5586472,0.5774673,0.4186901,
1,43,127.269,0.4000956,0.05157875,-0.3353025,-0.423266,0.5586199,0.5774915,0.4186806,
1,43,127.271,0.4000956,0.05157875,-0.3353025,-0.423266,0.5586199,0.5774915,0.4186806,
1,43,127.273,0.4000956,0.05157875,-0.3353025,-0.423266,0.5586199,0.5774915,0.4186806,
1,43,127.275,0.4000956,0.05157875,-0.3353025,-0.423266,0.5586199,0.5774915,0.4186806,
1,43,127.277,0.4001327,0.0516936,-0.3352956,-0.4233062,0.5585032,0.5775814,0.4186715,
1,43,127.279,0.4001327,0.0516936,-0.3352956,-0.4233062,0.5585032,0.5775814,0.4186715,
1,43,127.281,0.4001327,0.0516936,-0.3352956,-0.4233062,0.5585032,0.5775814,0.4186715,
1,43,127.283,0.4001327,0.0516936,-0.3352956,-0.4233062,0.5585032,0.5775814,0.4186715,
1,43,127.285,0.4001326,0.05164049,-0.3352646,-0.4233019,0.5585473,0.5775321,0.4186852,
1,43,127.287,0.4001326,0.05164049,-0.3352646,-0.4233019,0.5585473,0.5775321,0.4186852,
1,43,127.289,0.4001326,0.05164049,-0.3352646,-0.4233019,0.5585473,0.5775321,0.4186852,
1,43,127.291,0.4001326,0.05164049,-0.3352646,-0.4233019,0.5585473,0.5775321,0.4186852,
1,43,127.293,0.4001124,0.05155416,-0.3352352,-0.42331,0.558614,0.5774512,0.4186994,
1,43,127.295,0.4001124,0.05155416,-0.3352352,-0.42331,0.558614,0.5774512,0.4186994,
1,43,127.297,0.4001124,0.05155416,-0.3352352,-0.42331,0.558614,0.5774512,0.4186994,
1,43,127.299,0.4001124,0.05155416,-0.3352352,-0.42331,0.558614,0.5774512,0.4186994,
1,43,127.301,0.4001155,0.05157413,-0.3352431,-0.4233059,0.5585795,0.5774798,0.41871,
1,43,127.303,0.4001155,0.05157413,-0.3352431,-0.4233059,0.5585795,0.5774798,0.41871,
1,43,127.305,0.4001155,0.05157413,-0.3352431,-0.4233059,0.5585795,0.5774798,0.41871,
1,43,127.307,0.4001155,0.05157413,-0.3352431,-0.4233059,0.5585795,0.5774798,0.41871,
1,43,127.309,0.400117,0.05156963,-0.3352715,-0.4232686,0.5586186,0.5774796,0.4186961,
1,43,127.311,0.400117,0.05156963,-0.3352715,-0.4232686,0.5586186,0.5774796,0.4186961,
1,43,127.313,0.400117,0.05156963,-0.3352715,-0.4232686,0.5586186,0.5774796,0.4186961,
1,43,127.315,0.400117,0.05156963,-0.3352715,-0.4232686,0.5586186,0.5774796,0.4186961,
1,43,127.317,0.400117,0.05156963,-0.3352715,-0.4232686,0.5586186,0.5774796,0.4186961,
1,43,127.319,0.4000997,0.05156547,-0.3352609,-0.4232594,0.5585884,0.5775008,0.4187162,
1,43,127.321,0.4000997,0.05156547,-0.3352609,-0.4232594,0.5585884,0.5775008,0.4187162,
1,43,127.323,0.4000997,0.05156547,-0.3352609,-0.4232594,0.5585884,0.5775008,0.4187162,
1,43,127.325,0.4000997,0.05156547,-0.3352609,-0.4232594,0.5585884,0.5775008,0.4187162,
1,43,127.327,0.4000961,0.0515486,-0.3352797,-0.423245,0.5586177,0.5774862,0.4187121,
1,43,127.329,0.4000961,0.0515486,-0.3352797,-0.423245,0.5586177,0.5774862,0.4187121,
1,43,127.331,0.4000961,0.0515486,-0.3352797,-0.423245,0.5586177,0.5774862,0.4187121,
1,43,127.333,0.4000961,0.0515486,-0.3352797,-0.423245,0.5586177,0.5774862,0.4187121,
1,43,127.335,0.4001055,0.05161197,-0.3352752,-0.4232684,0.5585643,0.5775263,0.4187043,
1,43,127.337,0.4001055,0.05161197,-0.3352752,-0.4232684,0.5585643,0.5775263,0.4187043,
1,43,127.339,0.4001055,0.05161197,-0.3352752,-0.4232684,0.5585643,0.5775263,0.4187043,
1,43,127.341,0.4001055,0.05161197,-0.3352752,-0.4232684,0.5585643,0.5775263,0.4187043,
1,43,127.343,0.4001416,0.05170368,-0.3352615,-0.4233124,0.5584626,0.5775909,0.4187062,
1,43,127.345,0.4001416,0.05170368,-0.3352615,-0.4233124,0.5584626,0.5775909,0.4187062,
1,43,127.347,0.4001416,0.05170368,-0.3352615,-0.4233124,0.5584626,0.5775909,0.4187062,
1,43,127.349,0.4001416,0.05170368,-0.3352615,-0.4233124,0.5584626,0.5775909,0.4187062,
1,43,127.351,0.4001452,0.05170976,-0.3352753,-0.4232928,0.558466,0.5775998,0.4187093,
1,43,127.353,0.4001452,0.05170976,-0.3352753,-0.4232928,0.558466,0.5775998,0.4187093,
1,43,127.355,0.4001452,0.05170976,-0.3352753,-0.4232928,0.558466,0.5775998,0.4187093,
1,43,127.357,0.4001452,0.05170976,-0.3352753,-0.4232928,0.558466,0.5775998,0.4187093,
1,43,127.359,0.4001321,0.05173453,-0.3352512,-0.4233163,0.558444,0.5776137,0.4186958,
1,43,127.361,0.4001321,0.05173453,-0.3352512,-0.4233163,0.558444,0.5776137,0.4186958,
1,43,127.363,0.4001321,0.05173453,-0.3352512,-0.4233163,0.558444,0.5776137,0.4186958,
1,43,127.365,0.4001321,0.05173453,-0.3352512,-0.4233163,0.558444,0.5776137,0.4186958,
1,43,127.367,0.4001321,0.05173453,-0.3352512,-0.4233163,0.558444,0.5776137,0.4186958,
1,43,127.369,0.400124,0.05171107,-0.3352582,-0.4233134,0.5584681,0.5775982,0.4186878,
1,43,127.371,0.400124,0.05171107,-0.3352582,-0.4233134,0.5584681,0.5775982,0.4186878,
1,43,127.373,0.400124,0.05171107,-0.3352582,-0.4233134,0.5584681,0.5775982,0.4186878,
1,43,127.375,0.400124,0.05171107,-0.3352582,-0.4233134,0.5584681,0.5775982,0.4186878,
1,43,127.377,0.4000781,0.05155201,-0.3352653,-0.4232613,0.5586367,0.5774648,0.4186996,
1,43,127.379,0.4000781,0.05155201,-0.3352653,-0.4232613,0.5586367,0.5774648,0.4186996,
1,43,127.381,0.4000781,0.05155201,-0.3352653,-0.4232613,0.5586367,0.5774648,0.4186996,
1,43,127.383,0.4000781,0.05155201,-0.3352653,-0.4232613,0.5586367,0.5774648,0.4186996,
1,43,127.385,0.4000959,0.05158603,-0.335296,-0.4232797,0.5585976,0.5774989,0.4186862,
1,43,127.387,0.4000959,0.05158603,-0.335296,-0.4232797,0.5585976,0.5774989,0.4186862,
1,43,127.389,0.4000959,0.05158603,-0.335296,-0.4232797,0.5585976,0.5774989,0.4186862,
1,43,127.391,0.4000959,0.05158603,-0.335296,-0.4232797,0.5585976,0.5774989,0.4186862,
1,43,127.393,0.4001215,0.05166063,-0.3352638,-0.4232998,0.5585119,0.5775545,0.4187037,
1,43,127.395,0.4001215,0.05166063,-0.3352638,-0.4232998,0.5585119,0.5775545,0.4187037,
1,43,127.397,0.4001215,0.05166063,-0.3352638,-0.4232998,0.5585119,0.5775545,0.4187037,
1,43,127.399,0.4001215,0.05166063,-0.3352638,-0.4232998,0.5585119,0.5775545,0.4187037,
1,43,127.401,0.4001254,0.05166865,-0.3352618,-0.4233033,0.5585132,0.5775481,0.4187071,
1,43,127.403,0.4001254,0.05166865,-0.3352618,-0.4233033,0.5585132,0.5775481,0.4187071,
1,43,127.405,0.4001254,0.05166865,-0.3352618,-0.4233033,0.5585132,0.5775481,0.4187071,
1,43,127.407,0.4001254,0.05166865,-0.3352618,-0.4233033,0.5585132,0.5775481,0.4187071,
1,43,127.409,0.4001217,0.05165512,-0.3352425,-0.4233213,0.5585263,0.5775219,0.4187074,
1,43,127.411,0.4001217,0.05165512,-0.3352425,-0.4233213,0.5585263,0.5775219,0.4187074,
1,43,127.413,0.4001217,0.05165512,-0.3352425,-0.4233213,0.5585263,0.5775219,0.4187074,
1,43,127.415,0.4001217,0.05165512,-0.3352425,-0.4233213,0.5585263,0.5775219,0.4187074,
1,43,127.417,0.4001217,0.05165512,-0.3352425,-0.4233213,0.5585263,0.5775219,0.4187074,
1,43,127.419,0.4001255,0.05163276,-0.3352666,-0.4233068,0.5585387,0.577521,0.4187069,
1,43,127.421,0.4001255,0.05163276,-0.3352666,-0.4233068,0.5585387,0.577521,0.4187069,
1,43,127.423,0.4001255,0.05163276,-0.3352666,-0.4233068,0.5585387,0.577521,0.4187069,
1,43,127.425,0.4001255,0.05163276,-0.3352666,-0.4233068,0.5585387,0.577521,0.4187069,
1,43,127.427,0.4001003,0.05155703,-0.3352904,-0.4232611,0.5586283,0.5774723,0.4187008,
1,43,127.429,0.4001003,0.05155703,-0.3352904,-0.4232611,0.5586283,0.5774723,0.4187008,
1,43,127.431,0.4001003,0.05155703,-0.3352904,-0.4232611,0.5586283,0.5774723,0.4187008,
1,43,127.433,0.4001003,0.05155703,-0.3352904,-0.4232611,0.5586283,0.5774723,0.4187008,
1,43,127.435,0.4000766,0.05155992,-0.3352944,-0.4232518,0.558632,0.5774759,0.4187002,
1,43,127.437,0.4000766,0.05155992,-0.3352944,-0.4232518,0.558632,0.5774759,0.4187002,
1,43,127.439,0.4000766,0.05155992,-0.3352944,-0.4232518,0.558632,0.5774759,0.4187002,
1,43,127.441,0.4000766,0.05155992,-0.3352944,-0.4232518,0.558632,0.5774759,0.4187002,
1,43,127.443,0.4000903,0.05160098,-0.335309,-0.4232567,0.5585738,0.5775234,0.4187073,
1,43,127.445,0.4000903,0.05160098,-0.335309,-0.4232567,0.5585738,0.5775234,0.4187073,
1,43,127.447,0.4000903,0.05160098,-0.335309,-0.4232567,0.5585738,0.5775234,0.4187073,
1,43,127.449,0.4000903,0.05160098,-0.335309,-0.4232567,0.5585738,0.5775234,0.4187073,
1,43,127.451,0.4000909,0.05161978,-0.3352994,-0.4232697,0.5585806,0.5775193,0.4186908,
1,43,127.453,0.4000909,0.05161978,-0.3352994,-0.4232697,0.5585806,0.5775193,0.4186908,
1,43,127.455,0.4000909,0.05161978,-0.3352994,-0.4232697,0.5585806,0.5775193,0.4186908,
1,43,127.457,0.4000909,0.05161978,-0.3352994,-0.4232697,0.5585806,0.5775193,0.4186908,
1,43,127.459,0.40007,0.05156127,-0.3353242,-0.4232334,0.5586512,0.5774789,0.418689,
1,43,127.461,0.40007,0.05156127,-0.3353242,-0.4232334,0.5586512,0.5774789,0.418689,
1,43,127.463,0.40007,0.05156127,-0.3353242,-0.4232334,0.5586512,0.5774789,0.418689,
1,43,127.465,0.40007,0.05156127,-0.3353242,-0.4232334,0.5586512,0.5774789,0.418689,
1,43,127.467,0.40007,0.05156127,-0.3353242,-0.4232334,0.5586512,0.5774789,0.418689,
1,43,127.469,0.4001077,0.05160576,-0.335301,-0.4232792,0.558575,0.5775151,0.4186944,
1,43,127.471,0.4001077,0.05160576,-0.335301,-0.4232792,0.558575,0.5775151,0.4186944,
1,43,127.473,0.4001077,0.05160576,-0.335301,-0.4232792,0.558575,0.5775151,0.4186944,
1,43,127.475,0.4001077,0.05160576,-0.335301,-0.4232792,0.558575,0.5775151,0.4186944,
1,43,127.477,0.4000874,0.05155042,-0.3352958,-0.4232549,0.5586457,0.5774713,0.418685,
1,43,127.479,0.4000874,0.05155042,-0.3352958,-0.4232549,0.5586457,0.5774713,0.418685,
1,43,127.481,0.4000874,0.05155042,-0.3352958,-0.4232549,0.5586457,0.5774713,0.418685,
1,43,127.483,0.4000874,0.05155042,-0.3352958,-0.4232549,0.5586457,0.5774713,0.418685,
1,43,127.485,0.4000971,0.05153919,-0.3352924,-0.4232613,0.558653,0.5774592,0.4186855,
1,43,127.487,0.4000971,0.05153919,-0.3352924,-0.4232613,0.558653,0.5774592,0.4186855,
1,43,127.489,0.4000971,0.05153919,-0.3352924,-0.4232613,0.558653,0.5774592,0.4186855,
1,43,127.491,0.4000971,0.05153919,-0.3352924,-0.4232613,0.558653,0.5774592,0.4186855,
1,43,127.493,0.4001097,0.05156409,-0.3353063,-0.4232686,0.5586181,0.5774879,0.4186853,
1,43,127.495,0.4001097,0.05156409,-0.3353063,-0.4232686,0.5586181,0.5774879,0.4186853,
1,43,127.497,0.4001097,0.05156409,-0.3353063,-0.4232686,0.5586181,0.5774879,0.4186853,
1,43,127.499,0.4001097,0.05156409,-0.3353063,-0.4232686,0.5586181,0.5774879,0.4186853,
1,43,127.501,0.4001167,0.05159799,-0.335304,-0.4233034,0.5585874,0.5775048,0.4186677,
1,43,127.503,0.4001167,0.05159799,-0.335304,-0.4233034,0.5585874,0.5775048,0.4186677,
1,43,127.505,0.4001167,0.05159799,-0.335304,-0.4233034,0.5585874,0.5775048,0.4186677,
1,43,127.507,0.4001167,0.05159799,-0.335304,-0.4233034,0.5585874,0.5775048,0.4186677,
1,43,127.509,0.4001139,0.05162345,-0.335318,-0.4232917,0.5585756,0.5775287,0.4186624,
1,43,127.511,0.4001139,0.05162345,-0.335318,-0.4232917,0.5585756,0.5775287,0.4186624,
1,43,127.513,0.4001139,0.05162345,-0.335318,-0.4232917,0.5585756,0.5775287,0.4186624,
1,43,127.515,0.4001139,0.05162345,-0.335318,-0.4232917,0.5585756,0.5775287,0.4186624,
1,43,127.517,0.4001139,0.05162345,-0.335318,-0.4232917,0.5585756,0.5775287,0.4186624,
1,43,127.519,0.4001006,0.0516347,-0.3352704,-0.4232853,0.5585322,0.5775501,0.418697,
1,43,127.521,0.4001006,0.0516347,-0.3352704,-0.4232853,0.5585322,0.5775501,0.418697,
1,43,127.523,0.4001006,0.0516347,-0.3352704,-0.4232853,0.5585322,0.5775501,0.418697,
1,43,127.525,0.4001006,0.0516347,-0.3352704,-0.4232853,0.5585322,0.5775501,0.418697,
1,43,127.527,0.4001217,0.0516776,-0.3352912,-0.4233006,0.5585306,0.5775598,0.4186705,
1,43,127.529,0.4001217,0.0516776,-0.3352912,-0.4233006,0.5585306,0.5775598,0.4186705,
1,43,127.531,0.4001217,0.0516776,-0.3352912,-0.4233006,0.5585306,0.5775598,0.4186705,
1,43,127.533,0.4001217,0.0516776,-0.3352912,-0.4233006,0.5585306,0.5775598,0.4186705,
1,43,127.535,0.4001182,0.0516862,-0.3353013,-0.4232933,0.55852,0.5775679,0.4186806,
1,43,127.537,0.4001182,0.0516862,-0.3353013,-0.4232933,0.55852,0.5775679,0.4186806,
1,43,127.539,0.4001182,0.0516862,-0.3353013,-0.4232933,0.55852,0.5775679,0.4186806,
1,43,127.541,0.4001182,0.0516862,-0.3353013,-0.4232933,0.55852,0.5775679,0.4186806,
1,43,127.543,0.4001243,0.05173332,-0.3352722,-0.4232991,0.5584452,0.5776249,0.4186963,
1,43,127.545,0.4001243,0.05173332,-0.3352722,-0.4232991,0.5584452,0.5776249,0.4186963,
1,43,127.547,0.4001243,0.05173332,-0.3352722,-0.4232991,0.5584452,0.5776249,0.4186963,
1,43,127.549,0.4001243,0.05173332,-0.3352722,-0.4232991,0.5584452,0.5776249,0.4186963,
1,43,127.551,0.4001362,0.05175166,-0.3352504,-0.4233223,0.558403,0.5776446,0.4187017,
1,43,127.553,0.4001362,0.05175166,-0.3352504,-0.4233223,0.558403,0.5776446,0.4187017,
1,43,127.555,0.4001362,0.05175166,-0.3352504,-0.4233223,0.558403,0.5776446,0.4187017,
1,43,127.557,0.4001362,0.05175166,-0.3352504,-0.4233223,0.558403,0.5776446,0.4187017,
1,43,127.559,0.4001491,0.05173557,-0.3352425,-0.4233195,0.5584277,0.577621,0.4187039,
1,43,127.561,0.4001491,0.05173557,-0.3352425,-0.4233195,0.5584277,0.577621,0.4187039,
1,43,127.563,0.4001491,0.05173557,-0.3352425,-0.4233195,0.5584277,0.577621,0.4187039,
1,43,127.565,0.4001491,0.05173557,-0.3352425,-0.4233195,0.5584277,0.577621,0.4187039,
1,43,127.567,0.4001491,0.05173557,-0.3352425,-0.4233195,0.5584277,0.577621,0.4187039,
1,43,127.569,0.4001105,0.05160507,-0.3352355,-0.4232814,0.5585787,0.5775018,0.4187057,
1,43,127.571,0.4001105,0.05160507,-0.3352355,-0.4232814,0.5585787,0.5775018,0.4187057,
1,43,127.573,0.4001105,0.05160507,-0.3352355,-0.4232814,0.5585787,0.5775018,0.4187057,
1,43,127.575,0.4001105,0.05160507,-0.3352355,-0.4232814,0.5585787,0.5775018,0.4187057,
1,43,127.577,0.4001262,0.05162237,-0.3352458,-0.4232992,0.558543,0.5775253,0.4187029,
1,43,127.579,0.4001262,0.05162237,-0.3352458,-0.4232992,0.558543,0.5775253,0.4187029,
1,43,127.581,0.4001262,0.05162237,-0.3352458,-0.4232992,0.558543,0.5775253,0.4187029,
1,43,127.583,0.4001262,0.05162237,-0.3352458,-0.4232992,0.558543,0.5775253,0.4187029,
1,43,127.585,0.4001137,0.05162148,-0.3352666,-0.4232878,0.5585655,0.5775247,0.4186851,
1,43,127.587,0.4001137,0.05162148,-0.3352666,-0.4232878,0.5585655,0.5775247,0.4186851,
1,43,127.589,0.4001137,0.05162148,-0.3352666,-0.4232878,0.5585655,0.5775247,0.4186851,
1,43,127.591,0.4001137,0.05162148,-0.3352666,-0.4232878,0.5585655,0.5775247,0.4186851,
1,43,127.593,0.4001237,0.0516479,-0.3352616,-0.4233044,0.5585375,0.5775418,0.4186821,
1,43,127.595,0.4001237,0.0516479,-0.3352616,-0.4233044,0.5585375,0.5775418,0.4186821,
1,43,127.597,0.4001237,0.0516479,-0.3352616,-0.4233044,0.5585375,0.5775418,0.4186821,
1,43,127.599,0.4001237,0.0516479,-0.3352616,-0.4233044,0.5585375,0.5775418,0.4186821,
1,43,127.601,0.4001468,0.05169728,-0.3352846,-0.4233249,0.5584869,0.5775881,0.4186652,
1,43,127.603,0.4001468,0.05169728,-0.3352846,-0.4233249,0.5584869,0.5775881,0.4186652,
1,43,127.605,0.4001468,0.05169728,-0.3352846,-0.4233249,0.5584869,0.5775881,0.4186652,
1,43,127.607,0.4001468,0.05169728,-0.3352846,-0.4233249,0.5584869,0.5775881,0.4186652,
1,43,127.609,0.400152,0.05170804,-0.3352535,-0.4233361,0.5584725,0.577585,0.4186772,
1,43,127.611,0.400152,0.05170804,-0.3352535,-0.4233361,0.5584725,0.577585,0.4186772,
1,43,127.613,0.400152,0.05170804,-0.3352535,-0.4233361,0.5584725,0.577585,0.4186772,
1,43,127.615,0.400152,0.05170804,-0.3352535,-0.4233361,0.5584725,0.577585,0.4186772,
1,43,127.617,0.400152,0.05170804,-0.3352535,-0.4233361,0.5584725,0.577585,0.4186772,
1,43,127.619,0.4001252,0.05167783,-0.3352618,-0.4233085,0.5585291,0.577558,0.4186668,
1,43,127.621,0.4001252,0.05167783,-0.3352618,-0.4233085,0.5585291,0.577558,0.4186668,
1,43,127.623,0.4001252,0.05167783,-0.3352618,-0.4233085,0.5585291,0.577558,0.4186668,
1,43,127.625,0.4001252,0.05167783,-0.3352618,-0.4233085,0.5585291,0.577558,0.4186668,
1,43,127.627,0.4001178,0.05173042,-0.3352698,-0.423303,0.5584669,0.5776167,0.4186746,
1,43,127.629,0.4001178,0.05173042,-0.3352698,-0.423303,0.5584669,0.5776167,0.4186746,
1,43,127.631,0.4001178,0.05173042,-0.3352698,-0.423303,0.5584669,0.5776167,0.4186746,
1,43,127.633,0.4001178,0.05173042,-0.3352698,-0.423303,0.5584669,0.5776167,0.4186746,
1,43,127.635,0.400132,0.05177207,-0.335256,-0.4233182,0.5584177,0.5776418,0.4186901,
1,43,127.637,0.400132,0.05177207,-0.335256,-0.4233182,0.5584177,0.5776418,0.4186901,
1,43,127.639,0.400132,0.05177207,-0.335256,-0.4233182,0.5584177,0.5776418,0.4186901,
1,43,127.641,0.400132,0.05177207,-0.335256,-0.4233182,0.5584177,0.5776418,0.4186901,
1,43,127.643,0.4001203,0.05170387,-0.3352539,-0.4233125,0.5585019,0.5775707,0.4186815,
1,43,127.645,0.4001203,0.05170387,-0.3352539,-0.4233125,0.5585019,0.5775707,0.4186815,
1,43,127.647,0.4001203,0.05170387,-0.3352539,-0.4233125,0.5585019,0.5775707,0.4186815,
1,43,127.649,0.4001203,0.05170387,-0.3352539,-0.4233125,0.5585019,0.5775707,0.4186815,
1,43,127.651,0.4001094,0.05170284,-0.3352848,-0.4232945,0.5584949,0.5775922,0.4186797,
1,43,127.653,0.4001094,0.05170284,-0.3352848,-0.4232945,0.5584949,0.5775922,0.4186797,
1,43,127.655,0.4001094,0.05170284,-0.3352848,-0.4232945,0.5584949,0.5775922,0.4186797,
1,43,127.657,0.4001094,0.05170284,-0.3352848,-0.4232945,0.5584949,0.5775922,0.4186797,
1,43,127.659,0.4001226,0.05162988,-0.3352616,-0.4232893,0.5585464,0.5775313,0.4187,
1,43,127.661,0.4001226,0.05162988,-0.3352616,-0.4232893,0.5585464,0.5775313,0.4187,
1,43,127.663,0.4001226,0.05162988,-0.3352616,-0.4232893,0.5585464,0.5775313,0.4187,
1,43,127.665,0.4001226,0.05162988,-0.3352616,-0.4232893,0.5585464,0.5775313,0.4187,
1,43,127.667,0.4001226,0.05162988,-0.3352616,-0.4232893,0.5585464,0.5775313,0.4187,
1,43,127.669,0.4001281,0.05164061,-0.3352602,-0.4232917,0.5585191,0.5775458,0.4187142,
1,43,127.671,0.4001281,0.05164061,-0.3352602,-0.4232917,0.5585191,0.5775458,0.4187142,
1,43,127.673,0.4001281,0.05164061,-0.3352602,-0.4232917,0.5585191,0.5775458,0.4187142,
1,43,127.675,0.4001281,0.05164061,-0.3352602,-0.4232917,0.5585191,0.5775458,0.4187142,
1,43,127.677,0.4001337,0.05164367,-0.3352583,-0.423304,0.558525,0.5775348,0.4187088,
1,43,127.679,0.4001337,0.05164367,-0.3352583,-0.423304,0.558525,0.5775348,0.4187088,
1,43,127.681,0.4001337,0.05164367,-0.3352583,-0.423304,0.558525,0.5775348,0.4187088,
1,43,127.683,0.4001337,0.05164367,-0.3352583,-0.423304,0.558525,0.5775348,0.4187088,
1,43,127.685,0.4001273,0.05168166,-0.3352318,-0.4233054,0.558473,0.5775762,0.4187198,
1,43,127.687,0.4001273,0.05168166,-0.3352318,-0.4233054,0.558473,0.5775762,0.4187198,
1,43,127.689,0.4001273,0.05168166,-0.3352318,-0.4233054,0.558473,0.5775762,0.4187198,
1,43,127.691,0.4001273,0.05168166,-0.3352318,-0.4233054,0.558473,0.5775762,0.4187198,
1,43,127.693,0.4001377,0.05170382,-0.3352157,-0.4233226,0.5584489,0.5775829,0.4187253,
1,43,127.695,0.4001377,0.05170382,-0.3352157,-0.4233226,0.5584489,0.5775829,0.4187253,
1,43,127.697,0.4001377,0.05170382,-0.3352157,-0.4233226,0.5584489,0.5775829,0.4187253,
1,43,127.699,0.4001377,0.05170382,-0.3352157,-0.4233226,0.5584489,0.5775829,0.4187253,
1,43,127.701,0.4001082,0.05165716,-0.3352458,-0.4232685,0.5585161,0.5775545,0.4187296,
1,43,127.703,0.4001082,0.05165716,-0.3352458,-0.4232685,0.5585161,0.5775545,0.4187296,
1,43,127.705,0.4001082,0.05165716,-0.3352458,-0.4232685,0.5585161,0.5775545,0.4187296,
1,43,127.707,0.4001082,0.05165716,-0.3352458,-0.4232685,0.5585161,0.5775545,0.4187296,
1,43,127.709,0.4001156,0.05166702,-0.3352337,-0.4232895,0.558501,0.5775587,0.4187226,
1,43,127.711,0.4001156,0.05166702,-0.3352337,-0.4232895,0.558501,0.5775587,0.4187226,
1,43,127.713,0.4001156,0.05166702,-0.3352337,-0.4232895,0.558501,0.5775587,0.4187226,
1,43,127.715,0.4001156,0.05166702,-0.3352337,-0.4232895,0.558501,0.5775587,0.4187226,
1,43,127.717,0.4001156,0.05166702,-0.3352337,-0.4232895,0.558501,0.5775587,0.4187226,
1,43,127.719,0.4001216,0.05171286,-0.3352681,-0.4233014,0.558466,0.5776012,0.4186987,
1,43,127.721,0.4001216,0.05171286,-0.3352681,-0.4233014,0.558466,0.5776012,0.4186987,
1,43,127.723,0.4001216,0.05171286,-0.3352681,-0.4233014,0.558466,0.5776012,0.4186987,
1,43,127.725,0.4001216,0.05171286,-0.3352681,-0.4233014,0.558466,0.5776012,0.4186987,
1,43,127.727,0.4001109,0.05161053,-0.3352612,-0.4232645,0.5585668,0.5775247,0.4187071,
1,43,127.729,0.4001109,0.05161053,-0.3352612,-0.4232645,0.5585668,0.5775247,0.4187071,
1,43,127.731,0.4001109,0.05161053,-0.3352612,-0.4232645,0.5585668,0.5775247,0.4187071,
1,43,127.733,0.4001109,0.05161053,-0.3352612,-0.4232645,0.5585668,0.5775247,0.4187071,
1,43,127.735,0.400126,0.05163493,-0.3352417,-0.4232811,0.5585134,0.577553,0.4187225,
1,43,127.737,0.400126,0.05163493,-0.3352417,-0.4232811,0.5585134,0.577553,0.4187225,
1,43,127.739,0.400126,0.05163493,-0.3352417,-0.4232811,0.5585134,0.577553,0.4187225,
1,43,127.741,0.400126,0.05163493,-0.3352417,-0.4232811,0.5585134,0.577553,0.4187225,
1,43,127.743,0.4001409,0.05166356,-0.3352502,-0.4232953,0.5584953,0.5775666,0.4187135,
1,43,127.745,0.4001409,0.05166356,-0.3352502,-0.4232953,0.5584953,0.5775666,0.4187135,
1,43,127.747,0.4001409,0.05166356,-0.3352502,-0.4232953,0.5584953,0.5775666,0.4187135,
1,43,127.749,0.4001409,0.05166356,-0.3352502,-0.4232953,0.5584953,0.5775666,0.4187135,
1,43,127.751,0.4001293,0.05166219,-0.3352719,-0.4232832,0.5585142,0.5775698,0.418696,
1,43,127.753,0.4001293,0.05166219,-0.3352719,-0.4232832,0.5585142,0.5775698,0.418696,
1,43,127.755,0.4001293,0.05166219,-0.3352719,-0.4232832,0.5585142,0.5775698,0.418696,
1,43,127.757,0.4001293,0.05166219,-0.3352719,-0.4232832,0.5585142,0.5775698,0.418696,
1,43,127.759,0.4001347,0.0516493,-0.3352755,-0.4232938,0.5585314,0.5775431,0.4186991,
1,43,127.761,0.4001347,0.0516493,-0.3352755,-0.4232938,0.5585314,0.5775431,0.4186991,
1,43,127.763,0.4001347,0.0516493,-0.3352755,-0.4232938,0.5585314,0.5775431,0.4186991,
1,43,127.765,0.4001347,0.0516493,-0.3352755,-0.4232938,0.5585314,0.5775431,0.4186991,
1,43,127.767,0.4001347,0.0516493,-0.3352755,-0.4232938,0.5585314,0.5775431,0.4186991,
1,43,127.769,0.4001194,0.05157648,-0.3352778,-0.4232857,0.5586023,0.5774884,0.4186882,
1,43,127.771,0.4001194,0.05157648,-0.3352778,-0.4232857,0.5586023,0.5774884,0.4186882,
1,43,127.773,0.4001194,0.05157648,-0.3352778,-0.4232857,0.5586023,0.5774884,0.4186882,
1,43,127.775,0.4001194,0.05157648,-0.3352778,-0.4232857,0.5586023,0.5774884,0.4186882,
1,43,127.777,0.4001294,0.0516109,-0.3352738,-0.4232967,0.5585635,0.5775167,0.4186898,
1,43,127.779,0.4001294,0.0516109,-0.3352738,-0.4232967,0.5585635,0.5775167,0.4186898,
1,43,127.781,0.4001294,0.0516109,-0.3352738,-0.4232967,0.5585635,0.5775167,0.4186898,
1,43,127.783,0.4001294,0.0516109,-0.3352738,-0.4232967,0.5585635,0.5775167,0.4186898,
1,43,127.785,0.4001244,0.05167606,-0.335285,-0.4233034,0.5585016,0.5775785,0.4186806,
1,43,127.787,0.4001244,0.05167606,-0.335285,-0.4233034,0.5585016,0.5775785,0.4186806,
1,43,127.789,0.4001244,0.05167606,-0.335285,-0.4233034,0.5585016,0.5775785,0.4186806,
1,43,127.791,0.4001244,0.05167606,-0.335285,-0.4233034,0.5585016,0.5775785,0.4186806,
1,43,127.793,0.4001572,0.05174185,-0.3352447,-0.423324,0.5584243,0.5776145,0.4187132,
1,43,127.795,0.4001572,0.05174185,-0.3352447,-0.423324,0.5584243,0.5776145,0.4187132,
1,43,127.797,0.4001572,0.05174185,-0.3352447,-0.423324,0.5584243,0.5776145,0.4187132,
1,43,127.799,0.4001572,0.05174185,-0.3352447,-0.423324,0.5584243,0.5776145,0.4187132,
1,43,127.801,0.4001226,0.05166333,-0.3352564,-0.423286,0.5585169,0.5775546,0.4187107,
1,43,127.803,0.4001226,0.05166333,-0.3352564,-0.423286,0.5585169,0.5775546,0.4187107,
1,43,127.805,0.4001226,0.05166333,-0.3352564,-0.423286,0.5585169,0.5775546,0.4187107,
1,43,127.807,0.4001226,0.05166333,-0.3352564,-0.423286,0.5585169,0.5775546,0.4187107,
1,43,127.809,0.4000978,0.05154229,-0.3352793,-0.4232393,0.5586382,0.5774696,0.4187133,
1,43,127.811,0.4000978,0.05154229,-0.3352793,-0.4232393,0.5586382,0.5774696,0.4187133,
1,43,127.813,0.4000978,0.05154229,-0.3352793,-0.4232393,0.5586382,0.5774696,0.4187133,
1,43,127.815,0.4000978,0.05154229,-0.3352793,-0.4232393,0.5586382,0.5774696,0.4187133,
1,43,127.817,0.4000978,0.05154229,-0.3352793,-0.4232393,0.5586382,0.5774696,0.4187133,
1,43,127.819,0.4001276,0.0516421,-0.3352504,-0.4232875,0.55852,0.5775436,0.41872,
1,43,127.821,0.4001276,0.0516421,-0.3352504,-0.4232875,0.55852,0.5775436,0.41872,
1,43,127.823,0.4001276,0.0516421,-0.3352504,-0.4232875,0.55852,0.5775436,0.41872,
1,43,127.825,0.4001276,0.0516421,-0.3352504,-0.4232875,0.55852,0.5775436,0.41872,
1,43,127.827,0.400146,0.05168284,-0.3352371,-0.4233101,0.5584686,0.5775812,0.418714,
1,43,127.829,0.400146,0.05168284,-0.3352371,-0.4233101,0.5584686,0.5775812,0.418714,
1,43,127.831,0.400146,0.05168284,-0.3352371,-0.4233101,0.5584686,0.5775812,0.418714,
1,43,127.833,0.400146,0.05168284,-0.3352371,-0.4233101,0.5584686,0.5775812,0.418714,
1,43,127.835,0.4001406,0.05169483,-0.3352359,-0.4233229,0.5584744,0.5775779,0.4186979,
1,43,127.837,0.4001406,0.05169483,-0.3352359,-0.4233229,0.5584744,0.5775779,0.4186979,
1,43,127.839,0.4001406,0.05169483,-0.3352359,-0.4233229,0.5584744,0.5775779,0.4186979,
1,43,127.841,0.4001406,0.05169483,-0.3352359,-0.4233229,0.5584744,0.5775779,0.4186979,
1,43,127.843,0.4001398,0.05166932,-0.3352339,-0.4233219,0.5585124,0.5775413,0.4186987,
1,43,127.845,0.4001398,0.05166932,-0.3352339,-0.4233219,0.5585124,0.5775413,0.4186987,
1,43,127.847,0.4001398,0.05166932,-0.3352339,-0.4233219,0.5585124,0.5775413,0.4186987,
1,43,127.849,0.4001398,0.05166932,-0.3352339,-0.4233219,0.5585124,0.5775413,0.4186987,
1,43,127.851,0.4001202,0.051677,-0.3352241,-0.4233016,0.55849,0.5775682,0.4187119,
1,43,127.853,0.4001202,0.051677,-0.3352241,-0.4233016,0.55849,0.5775682,0.4187119,
1,43,127.855,0.4001202,0.051677,-0.3352241,-0.4233016,0.55849,0.5775682,0.4187119,
1,43,127.857,0.4001202,0.051677,-0.3352241,-0.4233016,0.55849,0.5775682,0.4187119,
1,43,127.859,0.4001165,0.0516311,-0.3352292,-0.4232998,0.5585498,0.5775172,0.4187043,
1,43,127.861,0.4001165,0.0516311,-0.3352292,-0.4232998,0.5585498,0.5775172,0.4187043,
1,43,127.863,0.4001165,0.0516311,-0.3352292,-0.4232998,0.5585498,0.5775172,0.4187043,
1,43,127.865,0.4001165,0.0516311,-0.3352292,-0.4232998,0.5585498,0.5775172,0.4187043,
1,43,127.867,0.4001165,0.0516311,-0.3352292,-0.4232998,0.5585498,0.5775172,0.4187043,
1,43,127.869,0.4000943,0.05156419,-0.3352818,-0.4232493,0.5586101,0.5774955,0.418705,
1,43,127.871,0.4000943,0.05156419,-0.3352818,-0.4232493,0.5586101,0.5774955,0.418705,
1,43,127.873,0.4000943,0.05156419,-0.3352818,-0.4232493,0.5586101,0.5774955,0.418705,
1,43,127.875,0.4000943,0.05156419,-0.3352818,-0.4232493,0.5586101,0.5774955,0.418705,
1,43,127.877,0.4000913,0.0515828,-0.3352786,-0.4232491,0.5586032,0.577512,0.4186914,
1,43,127.879,0.4000913,0.0515828,-0.3352786,-0.4232491,0.5586032,0.577512,0.4186914,
1,43,127.881,0.4000913,0.0515828,-0.3352786,-0.4232491,0.5586032,0.577512,0.4186914,
1,43,127.883,0.4000913,0.0515828,-0.3352786,-0.4232491,0.5586032,0.577512,0.4186914,
1,43,127.885,0.4001208,0.05164475,-0.3352913,-0.4232908,0.5585286,0.5775507,0.4186954,
1,43,127.887,0.4001208,0.05164475,-0.3352913,-0.4232908,0.5585286,0.5775507,0.4186954,
1,43,127.889,0.4001208,0.05164475,-0.3352913,-0.4232908,0.5585286,0.5775507,0.4186954,
1,43,127.891,0.4001208,0.05164475,-0.3352913,-0.4232908,0.5585286,0.5775507,0.4186954,
1,43,127.893,0.4001202,0.05161024,-0.3352752,-0.4232956,0.5585722,0.5775101,0.4186885,
1,43,127.895,0.4001202,0.05161024,-0.3352752,-0.4232956,0.5585722,0.5775101,0.4186885,
1,43,127.897,0.4001202,0.05161024,-0.3352752,-0.4232956,0.5585722,0.5775101,0.4186885,
1,43,127.899,0.4001202,0.05161024,-0.3352752,-0.4232956,0.5585722,0.5775101,0.4186885,
1,43,127.901,0.4001093,0.05156953,-0.3352858,-0.4232776,0.5586135,0.5774837,0.4186881,
1,43,127.903,0.4001093,0.05156953,-0.3352858,-0.4232776,0.5586135,0.5774837,0.4186881,
1,43,127.905,0.4001093,0.05156953,-0.3352858,-0.4232776,0.5586135,0.5774837,0.4186881,
1,43,127.907,0.4001093,0.05156953,-0.3352858,-0.4232776,0.5586135,0.5774837,0.4186881,
1,43,127.909,0.4000794,0.05149002,-0.3353121,-0.4232398,0.5587099,0.5774273,0.4186755,
1,43,127.911,0.4000794,0.05149002,-0.3353121,-0.4232398,0.5587099,0.5774273,0.4186755,
1,43,127.913,0.4000794,0.05149002,-0.3353121,-0.4232398,0.5587099,0.5774273,0.4186755,
1,43,127.915,0.4000794,0.05149002,-0.3353121,-0.4232398,0.5587099,0.5774273,0.4186755,
1,43,127.917,0.4000794,0.05149002,-0.3353121,-0.4232398,0.5587099,0.5774273,0.4186755,
1,43,127.919,0.4000933,0.05151407,-0.3353075,-0.42325,0.5586805,0.5774409,0.4186856,
1,43,127.921,0.4000933,0.05151407,-0.3353075,-0.42325,0.5586805,0.5774409,0.4186856,
1,43,127.923,0.4000933,0.05151407,-0.3353075,-0.42325,0.5586805,0.5774409,0.4186856,
1,43,127.925,0.4000933,0.05151407,-0.3353075,-0.42325,0.5586805,0.5774409,0.4186856,
1,43,127.927,0.4001304,0.05160571,-0.3352981,-0.4232724,0.5585592,0.5775312,0.4187005,
1,43,127.929,0.4001304,0.05160571,-0.3352981,-0.4232724,0.5585592,0.5775312,0.4187005,
1,43,127.931,0.4001304,0.05160571,-0.3352981,-0.4232724,0.5585592,0.5775312,0.4187005,
1,43,127.933,0.4001304,0.05160571,-0.3352981,-0.4232724,0.5585592,0.5775312,0.4187005,
1,43,127.935,0.4000652,0.05163255,-0.3353165,-0.423251,0.5586041,0.5775409,0.4186485,
1,43,127.937,0.4000652,0.05163255,-0.3353165,-0.423251,0.5586041,0.5775409,0.4186485,
1,43,127.939,0.4000652,0.05163255,-0.3353165,-0.423251,0.5586041,0.5775409,0.4186485,
1,43,127.941,0.4000652,0.05163255,-0.3353165,-0.423251,0.5586041,0.5775409,0.4186485,
1,43,127.943,0.4001167,0.05165468,-0.3352901,-0.4232794,0.5585193,0.5775718,0.4186904,
1,43,127.945,0.4001167,0.05165468,-0.3352901,-0.4232794,0.5585193,0.5775718,0.4186904,
1,43,127.947,0.4001167,0.05165468,-0.3352901,-0.4232794,0.5585193,0.5775718,0.4186904,
1,43,127.949,0.4001167,0.05165468,-0.3352901,-0.4232794,0.5585193,0.5775718,0.4186904,
1,43,127.951,0.4001165,0.0515998,-0.3352758,-0.4233027,0.5585856,0.5774984,0.4186795,
1,43,127.953,0.4001165,0.0515998,-0.3352758,-0.4233027,0.5585856,0.5774984,0.4186795,
1,43,127.955,0.4001165,0.0515998,-0.3352758,-0.4233027,0.5585856,0.5774984,0.4186795,
1,43,127.957,0.4001165,0.0515998,-0.3352758,-0.4233027,0.5585856,0.5774984,0.4186795,
1,43,127.959,0.4001298,0.05164848,-0.3352745,-0.4233139,0.5585223,0.5775457,0.4186875,
1,43,127.961,0.4001298,0.05164848,-0.3352745,-0.4233139,0.5585223,0.5775457,0.4186875,
1,43,127.963,0.4001298,0.05164848,-0.3352745,-0.4233139,0.5585223,0.5775457,0.4186875,
1,43,127.965,0.4001298,0.05164848,-0.3352745,-0.4233139,0.5585223,0.5775457,0.4186875,
1,43,127.967,0.4001298,0.05164848,-0.3352745,-0.4233139,0.5585223,0.5775457,0.4186875,
1,43,127.969,0.4001305,0.05166847,-0.3352581,-0.423318,0.5585088,0.5775503,0.4186951,
1,43,127.971,0.4001305,0.05166847,-0.3352581,-0.423318,0.5585088,0.5775503,0.4186951,
1,43,127.973,0.4001305,0.05166847,-0.3352581,-0.423318,0.5585088,0.5775503,0.4186951,
1,43,127.975,0.4001305,0.05166847,-0.3352581,-0.423318,0.5585088,0.5775503,0.4186951,
1,43,127.977,0.4001496,0.05172373,-0.3352372,-0.4233502,0.558444,0.5775851,0.4187008,
1,43,127.979,0.4001496,0.05172373,-0.3352372,-0.4233502,0.558444,0.5775851,0.4187008,
1,43,127.981,0.4001496,0.05172373,-0.3352372,-0.4233502,0.558444,0.5775851,0.4187008,
1,43,127.983,0.4001496,0.05172373,-0.3352372,-0.4233502,0.558444,0.5775851,0.4187008,
1,43,127.985,0.4001444,0.05170629,-0.3352756,-0.4233365,0.558482,0.5775706,0.4186841,
1,43,127.987,0.4001444,0.05170629,-0.3352756,-0.4233365,0.558482,0.5775706,0.4186841,
1,43,127.989,0.4001444,0.05170629,-0.3352756,-0.4233365,0.558482,0.5775706,0.4186841,
1,43,127.991,0.4001444,0.05170629,-0.3352756,-0.4233365,0.558482,0.5775706,0.4186841,
